time,channel1,channel2,channel3,channel4,channel5,channel6,channel7,channel8,class
1,-2e-05,-5e-05,-4e-05,1e-05,-1e-05,-2e-05,1e-05,0.0,0
5,-2e-05,-5e-05,-4e-05,1e-05,-1e-05,-2e-05,1e-05,0.0,0
6,-2e-05,-5e-05,-4e-05,1e-05,-1e-05,-2e-05,1e-05,0.0,0
7,-2e-05,-5e-05,-4e-05,1e-05,-1e-05,-2e-05,1e-05,0.0,0
8,-2e-05,-5e-05,-4e-05,1e-05,-1e-05,-2e-05,1e-05,0.0,0
9,-1e-05,-2e-05,-1e-05,4e-05,2e-05,0.0,0.0,1e-05,0
10,-1e-05,-2e-05,-1e-05,4e-05,2e-05,0.0,0.0,1e-05,0
11,-1e-05,-2e-05,-1e-05,4e-05,2e-05,0.0,0.0,1e-05,0
12,-1e-05,-2e-05,-1e-05,4e-05,2e-05,0.0,0.0,1e-05,0
13,-1e-05,-2e-05,-1e-05,4e-05,2e-05,0.0,0.0,1e-05,0
14,-1e-05,-2e-05,-1e-05,4e-05,2e-05,0.0,0.0,1e-05,0
15,-1e-05,-2e-05,-1e-05,4e-05,2e-05,0.0,0.0,1e-05,0
16,-1e-05,-2e-05,-1e-05,4e-05,2e-05,0.0,0.0,1e-05,0
17,-1e-05,0.0,0.0,-2e-05,0.0,0.0,-2e-05,-1e-05,0
18,-1e-05,-1e-05,-1e-05,6e-05,-2e-05,-1e-05,-3e-05,0.0,0
19,-1e-05,-1e-05,-1e-05,6e-05,-2e-05,-1e-05,-3e-05,0.0,0
20,-1e-05,-1e-05,-1e-05,6e-05,-2e-05,-1e-05,-3e-05,0.0,0
21,-1e-05,-1e-05,-1e-05,6e-05,-2e-05,-1e-05,-3e-05,0.0,0
22,-1e-05,-1e-05,-1e-05,6e-05,-2e-05,-1e-05,-3e-05,0.0,0
23,-1e-05,-1e-05,-1e-05,6e-05,-2e-05,-1e-05,-3e-05,0.0,0
24,-1e-05,-1e-05,-1e-05,6e-05,-2e-05,-1e-05,-3e-05,0.0,0
25,-1e-05,-1e-05,-1e-05,6e-05,-2e-05,-1e-05,-3e-05,0.0,0
27,-1e-05,-1e-05,-1e-05,6e-05,-2e-05,-1e-05,-3e-05,0.0,0
28,-1e-05,-1e-05,-1e-05,6e-05,-2e-05,-1e-05,-3e-05,0.0,0
29,-1e-05,-1e-05,-1e-05,6e-05,-2e-05,-1e-05,-3e-05,0.0,0
30,-1e-05,-1e-05,-1e-05,6e-05,-2e-05,-1e-05,-3e-05,0.0,0
31,-1e-05,-1e-05,-1e-05,6e-05,-2e-05,-1e-05,-3e-05,0.0,0
32,-1e-05,-1e-05,0.0,-3e-05,-3e-05,0.0,-1e-05,-2e-05,0
33,-1e-05,-1e-05,0.0,-3e-05,-3e-05,0.0,-1e-05,-2e-05,0
34,0.0,-1e-05,-1e-05,-9e-05,-3e-05,0.0,-2e-05,-1e-05,0
35,0.0,-1e-05,-1e-05,-9e-05,-3e-05,0.0,-2e-05,-1e-05,0
45,0.0,-1e-05,-1e-05,-9e-05,-3e-05,0.0,-2e-05,-1e-05,0
46,-2e-05,-2e-05,-1e-05,-3e-05,-2e-05,0.0,0.0,-2e-05,0
47,-2e-05,-2e-05,-1e-05,-3e-05,-2e-05,0.0,0.0,-2e-05,0
48,-2e-05,-2e-05,-1e-05,-3e-05,-2e-05,0.0,0.0,-2e-05,0
49,-2e-05,-2e-05,-1e-05,-3e-05,-2e-05,0.0,0.0,-2e-05,0
50,-2e-05,-2e-05,-1e-05,-3e-05,-2e-05,0.0,0.0,-2e-05,0
51,-2e-05,-2e-05,-1e-05,-3e-05,-2e-05,0.0,0.0,-2e-05,0
52,-2e-05,-2e-05,-1e-05,-3e-05,-2e-05,0.0,0.0,-2e-05,0
53,-2e-05,-2e-05,-1e-05,-3e-05,-2e-05,0.0,0.0,-2e-05,0
54,-2e-05,-2e-05,-1e-05,-3e-05,-2e-05,0.0,0.0,-2e-05,0
55,-2e-05,-2e-05,-1e-05,-3e-05,-2e-05,0.0,0.0,-2e-05,0
56,-1e-05,-1e-05,0.0,-3e-05,0.0,1e-05,-1e-05,-1e-05,0
57,-1e-05,-1e-05,0.0,-3e-05,0.0,1e-05,-1e-05,-1e-05,0
58,-1e-05,-1e-05,0.0,-3e-05,0.0,1e-05,-1e-05,-1e-05,0
59,-1e-05,-1e-05,0.0,-3e-05,0.0,1e-05,-1e-05,-1e-05,0
60,-1e-05,-1e-05,0.0,-3e-05,0.0,1e-05,-1e-05,-1e-05,0
61,-1e-05,-1e-05,0.0,-3e-05,0.0,1e-05,-1e-05,-1e-05,0
62,-1e-05,-1e-05,0.0,-3e-05,0.0,1e-05,-1e-05,-1e-05,0
63,-1e-05,-1e-05,0.0,-3e-05,0.0,1e-05,-1e-05,-1e-05,0
64,-1e-05,-1e-05,0.0,-3e-05,0.0,1e-05,-1e-05,-1e-05,0
65,-1e-05,-1e-05,0.0,-3e-05,0.0,1e-05,-1e-05,-1e-05,0
66,-1e-05,-1e-05,0.0,-3e-05,0.0,1e-05,-1e-05,-1e-05,0
67,-1e-05,-1e-05,0.0,-3e-05,0.0,1e-05,-1e-05,-1e-05,0
68,-1e-05,-1e-05,0.0,-3e-05,0.0,1e-05,-1e-05,-1e-05,0
69,-1e-05,-1e-05,0.0,-3e-05,0.0,1e-05,-1e-05,-1e-05,0
70,-2e-05,0.0,1e-05,4e-05,1e-05,0.0,-2e-05,0.0,0
71,-2e-05,0.0,1e-05,4e-05,1e-05,0.0,-2e-05,0.0,0
72,-1e-05,-2e-05,0.0,1e-05,-1e-05,0.0,-2e-05,0.0,0
73,-1e-05,-2e-05,0.0,1e-05,-1e-05,0.0,-2e-05,0.0,0
74,-1e-05,-2e-05,0.0,1e-05,-1e-05,0.0,-2e-05,0.0,0
75,-1e-05,-2e-05,0.0,1e-05,-1e-05,0.0,-2e-05,0.0,0
76,-1e-05,-2e-05,0.0,1e-05,-1e-05,0.0,-2e-05,0.0,0
77,-1e-05,-2e-05,0.0,1e-05,-1e-05,0.0,-2e-05,0.0,0
78,-1e-05,-2e-05,0.0,1e-05,-1e-05,0.0,-2e-05,0.0,0
79,-1e-05,-2e-05,0.0,1e-05,-1e-05,0.0,-2e-05,0.0,0
80,-1e-05,-2e-05,0.0,1e-05,-1e-05,0.0,-2e-05,0.0,0
81,-1e-05,-2e-05,0.0,1e-05,-1e-05,0.0,-2e-05,0.0,0
82,-1e-05,-2e-05,0.0,1e-05,-1e-05,0.0,-2e-05,0.0,0
83,-1e-05,-2e-05,0.0,1e-05,-1e-05,0.0,-2e-05,0.0,0
84,-1e-05,-2e-05,0.0,1e-05,-1e-05,0.0,-2e-05,0.0,0
85,-1e-05,-2e-05,0.0,1e-05,-1e-05,0.0,-2e-05,0.0,0
87,-1e-05,-2e-05,0.0,1e-05,-1e-05,0.0,-2e-05,0.0,0
90,-1e-05,-2e-05,0.0,1e-05,-1e-05,0.0,-2e-05,0.0,0
91,-1e-05,-2e-05,0.0,1e-05,-1e-05,0.0,-2e-05,0.0,0
92,-3e-05,-2e-05,-1e-05,0.0,0.0,-1e-05,-1e-05,-1e-05,0
93,-3e-05,-2e-05,-1e-05,0.0,0.0,-1e-05,-1e-05,-1e-05,0
94,0.0,1e-05,-1e-05,2e-05,0.0,-1e-05,3e-05,0.0,0
95,0.0,1e-05,-1e-05,2e-05,0.0,-1e-05,3e-05,0.0,0
96,0.0,1e-05,-1e-05,2e-05,0.0,-1e-05,3e-05,0.0,0
97,0.0,1e-05,-1e-05,2e-05,0.0,-1e-05,3e-05,0.0,0
98,0.0,1e-05,-1e-05,2e-05,0.0,-1e-05,3e-05,0.0,0
99,0.0,1e-05,-1e-05,2e-05,0.0,-1e-05,3e-05,0.0,0
100,0.0,1e-05,-1e-05,2e-05,0.0,-1e-05,3e-05,0.0,0
101,0.0,1e-05,-1e-05,2e-05,0.0,-1e-05,3e-05,0.0,0
102,0.0,1e-05,-1e-05,2e-05,0.0,-1e-05,3e-05,0.0,0
103,0.0,1e-05,-1e-05,2e-05,0.0,-1e-05,3e-05,0.0,0
104,0.0,1e-05,-1e-05,2e-05,0.0,-1e-05,3e-05,0.0,0
105,0.0,1e-05,-1e-05,2e-05,0.0,-1e-05,3e-05,0.0,0
106,0.0,1e-05,-1e-05,2e-05,0.0,-1e-05,3e-05,0.0,0
107,0.0,1e-05,-1e-05,2e-05,0.0,-1e-05,3e-05,0.0,0
108,0.0,1e-05,-1e-05,2e-05,0.0,-1e-05,3e-05,0.0,0
109,0.0,1e-05,-1e-05,2e-05,0.0,-1e-05,3e-05,0.0,0
110,0.0,1e-05,-1e-05,2e-05,0.0,-1e-05,3e-05,0.0,0
111,0.0,1e-05,-1e-05,2e-05,0.0,-1e-05,3e-05,0.0,0
112,0.0,1e-05,-1e-05,2e-05,0.0,-1e-05,3e-05,0.0,0
113,0.0,1e-05,-1e-05,2e-05,0.0,-1e-05,3e-05,0.0,0
114,0.0,1e-05,-1e-05,2e-05,0.0,-1e-05,3e-05,0.0,0
115,-7e-05,-9e-05,-0.00012,-0.00016,-4e-05,-2e-05,-2e-05,-2e-05,0
116,0.0,3e-05,4e-05,8e-05,0.0,1e-05,-1e-05,-1e-05,0
117,1e-05,3e-05,4e-05,-2e-05,2e-05,0.0,0.0,-2e-05,0
118,1e-05,3e-05,4e-05,-2e-05,2e-05,0.0,0.0,-2e-05,0
119,1e-05,3e-05,4e-05,-2e-05,2e-05,0.0,0.0,-2e-05,0
120,1e-05,3e-05,4e-05,-2e-05,2e-05,0.0,0.0,-2e-05,0
121,1e-05,3e-05,4e-05,-2e-05,2e-05,0.0,0.0,-2e-05,0
122,1e-05,3e-05,4e-05,-2e-05,2e-05,0.0,0.0,-2e-05,0
123,1e-05,3e-05,4e-05,-2e-05,2e-05,0.0,0.0,-2e-05,0
124,1e-05,3e-05,4e-05,-2e-05,2e-05,0.0,0.0,-2e-05,0
125,1e-05,3e-05,4e-05,-2e-05,2e-05,0.0,0.0,-2e-05,0
126,1e-05,3e-05,4e-05,-2e-05,2e-05,0.0,0.0,-2e-05,0
127,1e-05,3e-05,4e-05,-2e-05,2e-05,0.0,0.0,-2e-05,0
128,1e-05,3e-05,4e-05,-2e-05,2e-05,0.0,0.0,-2e-05,0
129,1e-05,3e-05,4e-05,-2e-05,2e-05,0.0,0.0,-2e-05,0
130,0.0,2e-05,1e-05,-1e-05,-2e-05,-1e-05,-1e-05,0.0,0
131,0.0,-3e-05,-2e-05,-6e-05,-2e-05,-3e-05,-1e-05,-3e-05,0
132,0.0,-3e-05,-2e-05,-6e-05,-2e-05,-3e-05,-1e-05,-3e-05,0
133,0.0,-3e-05,-2e-05,-6e-05,-2e-05,-3e-05,-1e-05,-3e-05,0
134,0.0,-3e-05,-2e-05,-6e-05,-2e-05,-3e-05,-1e-05,-3e-05,0
135,0.0,-3e-05,-2e-05,-6e-05,-2e-05,-3e-05,-1e-05,-3e-05,0
136,0.0,-3e-05,-2e-05,-6e-05,-2e-05,-3e-05,-1e-05,-3e-05,0
139,0.0,-3e-05,-2e-05,-6e-05,-2e-05,-3e-05,-1e-05,-3e-05,0
140,0.0,-3e-05,-2e-05,-6e-05,-2e-05,-3e-05,-1e-05,-3e-05,0
141,0.0,-3e-05,-2e-05,-6e-05,-2e-05,-3e-05,-1e-05,-3e-05,0
142,0.0,-3e-05,-2e-05,-6e-05,-2e-05,-3e-05,-1e-05,-3e-05,0
143,0.0,-3e-05,-2e-05,-6e-05,-2e-05,-3e-05,-1e-05,-3e-05,0
144,0.0,-3e-05,-2e-05,-6e-05,-2e-05,-3e-05,-1e-05,-3e-05,0
145,0.0,-3e-05,-2e-05,-6e-05,-2e-05,-3e-05,-1e-05,-3e-05,0
146,0.0,-3e-05,-2e-05,-6e-05,-2e-05,-3e-05,-1e-05,-3e-05,0
147,0.0,-3e-05,-2e-05,-6e-05,-2e-05,-3e-05,-1e-05,-3e-05,0
148,0.0,-3e-05,-2e-05,-6e-05,-2e-05,-3e-05,-1e-05,-3e-05,0
149,0.0,-3e-05,-2e-05,-6e-05,-2e-05,-3e-05,-1e-05,-3e-05,0
150,0.0,-3e-05,-2e-05,-6e-05,-2e-05,-3e-05,-1e-05,-3e-05,0
151,0.0,-3e-05,-2e-05,-6e-05,-2e-05,-3e-05,-1e-05,-3e-05,0
152,-5e-05,-7e-05,-7e-05,-5e-05,-3e-05,-3e-05,3e-05,0.0,0
153,0.0,-1e-05,-1e-05,-6e-05,-1e-05,-1e-05,-3e-05,-1e-05,0
154,0.0,2e-05,4e-05,-1e-05,1e-05,-1e-05,0.0,-1e-05,0
155,0.0,2e-05,4e-05,-1e-05,1e-05,-1e-05,0.0,-1e-05,0
156,0.0,2e-05,4e-05,-1e-05,1e-05,-1e-05,0.0,-1e-05,0
157,0.0,2e-05,4e-05,-1e-05,1e-05,-1e-05,0.0,-1e-05,0
158,0.0,2e-05,4e-05,-1e-05,1e-05,-1e-05,0.0,-1e-05,0
159,0.0,2e-05,4e-05,-1e-05,1e-05,-1e-05,0.0,-1e-05,0
160,0.0,2e-05,4e-05,-1e-05,1e-05,-1e-05,0.0,-1e-05,0
161,0.0,2e-05,4e-05,-1e-05,1e-05,-1e-05,0.0,-1e-05,0
162,0.0,2e-05,4e-05,-1e-05,1e-05,-1e-05,0.0,-1e-05,0
163,0.0,2e-05,4e-05,-1e-05,1e-05,-1e-05,0.0,-1e-05,0
164,0.0,2e-05,4e-05,-1e-05,1e-05,-1e-05,0.0,-1e-05,0
165,0.0,2e-05,4e-05,-1e-05,1e-05,-1e-05,0.0,-1e-05,0
166,0.0,0.0,0.0,-2e-05,0.0,1e-05,-1e-05,0.0,0
167,0.0,0.0,0.0,-2e-05,0.0,1e-05,-1e-05,0.0,0
168,0.0,0.0,0.0,-2e-05,0.0,1e-05,-1e-05,0.0,0
169,0.0,0.0,0.0,-2e-05,0.0,1e-05,-1e-05,0.0,0
170,0.0,0.0,0.0,-2e-05,0.0,1e-05,-1e-05,0.0,0
171,0.0,0.0,0.0,-2e-05,0.0,1e-05,-1e-05,0.0,0
172,0.0,0.0,0.0,-2e-05,0.0,1e-05,-1e-05,0.0,0
173,0.0,0.0,0.0,-2e-05,0.0,1e-05,-1e-05,0.0,0
174,0.0,0.0,0.0,-2e-05,0.0,1e-05,-1e-05,0.0,0
175,-1e-05,-1e-05,-3e-05,2e-05,-1e-05,0.0,-1e-05,-1e-05,0
176,-1e-05,-1e-05,-3e-05,2e-05,-1e-05,0.0,-1e-05,-1e-05,0
177,-1e-05,-1e-05,-3e-05,2e-05,-1e-05,0.0,-1e-05,-1e-05,0
178,-1e-05,-1e-05,-3e-05,2e-05,-1e-05,0.0,-1e-05,-1e-05,0
179,-1e-05,-1e-05,-3e-05,2e-05,-1e-05,0.0,-1e-05,-1e-05,0
180,-1e-05,-1e-05,-3e-05,2e-05,-1e-05,0.0,-1e-05,-1e-05,0
181,-1e-05,-1e-05,-3e-05,2e-05,-1e-05,0.0,-1e-05,-1e-05,0
182,-1e-05,-1e-05,-3e-05,2e-05,-1e-05,0.0,-1e-05,-1e-05,0
183,-1e-05,-1e-05,-3e-05,2e-05,-1e-05,0.0,-1e-05,-1e-05,0
184,-1e-05,-1e-05,-3e-05,2e-05,-1e-05,0.0,-1e-05,-1e-05,0
185,-1e-05,-1e-05,-3e-05,2e-05,-1e-05,0.0,-1e-05,-1e-05,0
186,-1e-05,-1e-05,-3e-05,2e-05,-1e-05,0.0,-1e-05,-1e-05,0
189,-1e-05,-1e-05,-3e-05,2e-05,-1e-05,0.0,-1e-05,-1e-05,0
190,-1e-05,2e-05,1e-05,6e-05,2e-05,0.0,0.0,-1e-05,0
191,-1e-05,0.0,0.0,3e-05,-1e-05,-1e-05,-2e-05,1e-05,0
192,-1e-05,0.0,0.0,3e-05,-1e-05,-1e-05,-2e-05,1e-05,0
193,-1e-05,0.0,0.0,3e-05,-1e-05,-1e-05,-2e-05,1e-05,0
194,-1e-05,0.0,0.0,3e-05,-1e-05,-1e-05,-2e-05,1e-05,0
195,-1e-05,0.0,0.0,3e-05,-1e-05,-1e-05,-2e-05,1e-05,0
196,-1e-05,0.0,0.0,3e-05,-1e-05,-1e-05,-2e-05,1e-05,0
197,-1e-05,0.0,0.0,3e-05,-1e-05,-1e-05,-2e-05,1e-05,0
198,-1e-05,0.0,0.0,3e-05,-1e-05,-1e-05,-2e-05,1e-05,0
199,-1e-05,0.0,0.0,3e-05,-1e-05,-1e-05,-2e-05,1e-05,0
200,-1e-05,0.0,0.0,3e-05,-1e-05,-1e-05,-2e-05,1e-05,0
201,-1e-05,0.0,0.0,3e-05,-1e-05,-1e-05,-2e-05,1e-05,0
202,-1e-05,0.0,0.0,3e-05,-1e-05,-1e-05,-2e-05,1e-05,0
203,-1e-05,0.0,0.0,3e-05,-1e-05,-1e-05,-2e-05,1e-05,0
204,-1e-05,0.0,0.0,3e-05,-1e-05,-1e-05,-2e-05,1e-05,0
205,-1e-05,0.0,0.0,3e-05,-1e-05,-1e-05,-2e-05,1e-05,0
206,-1e-05,0.0,0.0,3e-05,-1e-05,-1e-05,-2e-05,1e-05,0
207,-1e-05,0.0,0.0,3e-05,-1e-05,-1e-05,-2e-05,1e-05,0
208,-1e-05,0.0,0.0,3e-05,-1e-05,-1e-05,-2e-05,1e-05,0
209,-1e-05,0.0,0.0,3e-05,-1e-05,-1e-05,-2e-05,1e-05,0
210,-1e-05,0.0,0.0,3e-05,-1e-05,-1e-05,-2e-05,1e-05,0
211,-1e-05,0.0,0.0,3e-05,-1e-05,-1e-05,-2e-05,1e-05,0
212,2e-05,1e-05,0.0,-3e-05,-1e-05,-1e-05,-2e-05,0.0,0
213,0.0,0.0,1e-05,3e-05,0.0,1e-05,-1e-05,-1e-05,0
214,-2e-05,-4e-05,-5e-05,-3e-05,-3e-05,-3e-05,-1e-05,-1e-05,0
215,-2e-05,-4e-05,-5e-05,-3e-05,-3e-05,-3e-05,-1e-05,-1e-05,0
216,-2e-05,-4e-05,-5e-05,-3e-05,-3e-05,-3e-05,-1e-05,-1e-05,0
217,-2e-05,-4e-05,-5e-05,-3e-05,-3e-05,-3e-05,-1e-05,-1e-05,0
218,-2e-05,-4e-05,-5e-05,-3e-05,-3e-05,-3e-05,-1e-05,-1e-05,0
219,-2e-05,-4e-05,-5e-05,-3e-05,-3e-05,-3e-05,-1e-05,-1e-05,0
220,-2e-05,-4e-05,-5e-05,-3e-05,-3e-05,-3e-05,-1e-05,-1e-05,0
221,-2e-05,-4e-05,-5e-05,-3e-05,-3e-05,-3e-05,-1e-05,-1e-05,0
222,-2e-05,-4e-05,-5e-05,-3e-05,-3e-05,-3e-05,-1e-05,-1e-05,0
223,-2e-05,-4e-05,-5e-05,-3e-05,-3e-05,-3e-05,-1e-05,-1e-05,0
224,-2e-05,-4e-05,-5e-05,-3e-05,-3e-05,-3e-05,-1e-05,-1e-05,0
225,-2e-05,-4e-05,-5e-05,-3e-05,-3e-05,-3e-05,-1e-05,-1e-05,0
226,2e-05,6e-05,5e-05,8e-05,1e-05,-1e-05,-1e-05,-2e-05,0
227,2e-05,6e-05,5e-05,8e-05,1e-05,-1e-05,-1e-05,-2e-05,0
228,2e-05,6e-05,5e-05,8e-05,1e-05,-1e-05,-1e-05,-2e-05,0
229,2e-05,6e-05,5e-05,8e-05,1e-05,-1e-05,-1e-05,-2e-05,0
230,2e-05,6e-05,5e-05,8e-05,1e-05,-1e-05,-1e-05,-2e-05,0
231,2e-05,6e-05,5e-05,8e-05,1e-05,-1e-05,-1e-05,-2e-05,0
232,2e-05,6e-05,5e-05,8e-05,1e-05,-1e-05,-1e-05,-2e-05,0
233,2e-05,6e-05,5e-05,8e-05,1e-05,-1e-05,-1e-05,-2e-05,0
234,2e-05,6e-05,5e-05,8e-05,1e-05,-1e-05,-1e-05,-2e-05,0
235,-4e-05,-8e-05,-0.0001,-4e-05,-3e-05,0.0,-1e-05,2e-05,0
237,-4e-05,-8e-05,-0.0001,-4e-05,-3e-05,0.0,-1e-05,2e-05,0
240,-4e-05,-8e-05,-0.0001,-4e-05,-3e-05,0.0,-1e-05,2e-05,0
241,-4e-05,-8e-05,-0.0001,-4e-05,-3e-05,0.0,-1e-05,2e-05,0
242,-4e-05,-8e-05,-0.0001,-4e-05,-3e-05,0.0,-1e-05,2e-05,0
243,-4e-05,-8e-05,-0.0001,-4e-05,-3e-05,0.0,-1e-05,2e-05,0
244,-4e-05,-8e-05,-0.0001,-4e-05,-3e-05,0.0,-1e-05,2e-05,0
245,-4e-05,-8e-05,-0.0001,-4e-05,-3e-05,0.0,-1e-05,2e-05,0
247,-4e-05,-8e-05,-0.0001,-4e-05,-3e-05,0.0,-1e-05,2e-05,0
248,-4e-05,-8e-05,-0.0001,-4e-05,-3e-05,0.0,-1e-05,2e-05,0
249,-4e-05,-8e-05,-0.0001,-4e-05,-3e-05,0.0,-1e-05,2e-05,0
250,-2e-05,-3e-05,-4e-05,-5e-05,-2e-05,0.0,0.0,-1e-05,0
251,2e-05,4e-05,4e-05,-3e-05,-2e-05,0.0,-1e-05,-1e-05,0
252,2e-05,4e-05,4e-05,-3e-05,-2e-05,0.0,-1e-05,-1e-05,0
253,2e-05,4e-05,4e-05,-3e-05,-2e-05,0.0,-1e-05,-1e-05,0
256,2e-05,4e-05,4e-05,-3e-05,-2e-05,0.0,-1e-05,-1e-05,0
257,2e-05,4e-05,4e-05,-3e-05,-2e-05,0.0,-1e-05,-1e-05,0
258,2e-05,4e-05,4e-05,-3e-05,-2e-05,0.0,-1e-05,-1e-05,0
259,2e-05,4e-05,4e-05,-3e-05,-2e-05,0.0,-1e-05,-1e-05,0
260,2e-05,4e-05,4e-05,-3e-05,-2e-05,0.0,-1e-05,-1e-05,0
261,2e-05,4e-05,4e-05,-3e-05,-2e-05,0.0,-1e-05,-1e-05,0
263,2e-05,4e-05,4e-05,-3e-05,-2e-05,0.0,-1e-05,-1e-05,0
264,2e-05,4e-05,4e-05,-3e-05,-2e-05,0.0,-1e-05,-1e-05,0
265,2e-05,4e-05,4e-05,-3e-05,-2e-05,0.0,-1e-05,-1e-05,0
266,2e-05,4e-05,4e-05,-3e-05,-2e-05,0.0,-1e-05,-1e-05,0
267,2e-05,4e-05,4e-05,-3e-05,-2e-05,0.0,-1e-05,-1e-05,0
268,2e-05,4e-05,4e-05,-3e-05,-2e-05,0.0,-1e-05,-1e-05,0
269,2e-05,4e-05,4e-05,-3e-05,-2e-05,0.0,-1e-05,-1e-05,0
270,2e-05,4e-05,4e-05,-3e-05,-2e-05,0.0,-1e-05,-1e-05,0
271,2e-05,4e-05,4e-05,-3e-05,-2e-05,0.0,-1e-05,-1e-05,0
272,-1e-05,-4e-05,-2e-05,-3e-05,0.0,1e-05,-2e-05,-1e-05,0
273,-1e-05,-4e-05,-2e-05,-3e-05,0.0,1e-05,-2e-05,-1e-05,0
274,0.0,-2e-05,0.0,-3e-05,-3e-05,0.0,0.0,-1e-05,0
275,0.0,-2e-05,0.0,-3e-05,-3e-05,0.0,0.0,-1e-05,0
276,0.0,-2e-05,0.0,-3e-05,-3e-05,0.0,0.0,-1e-05,0
277,0.0,-2e-05,0.0,-3e-05,-3e-05,0.0,0.0,-1e-05,0
279,0.0,-2e-05,0.0,-3e-05,-3e-05,0.0,0.0,-1e-05,0
280,0.0,-2e-05,0.0,-3e-05,-3e-05,0.0,0.0,-1e-05,0
281,0.0,-2e-05,0.0,-3e-05,-3e-05,0.0,0.0,-1e-05,0
282,0.0,-2e-05,0.0,-3e-05,-3e-05,0.0,0.0,-1e-05,0
283,0.0,-2e-05,0.0,-3e-05,-3e-05,0.0,0.0,-1e-05,0
284,0.0,-2e-05,0.0,-3e-05,-3e-05,0.0,0.0,-1e-05,0
285,0.0,-2e-05,0.0,-3e-05,-3e-05,0.0,0.0,-1e-05,0
286,-1e-05,-2e-05,-1e-05,0.0,-2e-05,-1e-05,-2e-05,-2e-05,0
289,-1e-05,-2e-05,-1e-05,0.0,-2e-05,-1e-05,-2e-05,-2e-05,0
290,-1e-05,-2e-05,-1e-05,0.0,-2e-05,-1e-05,-2e-05,-2e-05,0
291,-1e-05,-2e-05,-1e-05,0.0,-2e-05,-1e-05,-2e-05,-2e-05,0
292,-1e-05,-2e-05,-1e-05,0.0,-2e-05,-1e-05,-2e-05,-2e-05,0
293,-1e-05,-2e-05,-1e-05,0.0,-2e-05,-1e-05,-2e-05,-2e-05,0
294,-1e-05,-2e-05,-1e-05,0.0,-2e-05,-1e-05,-2e-05,-2e-05,0
295,1e-05,0.0,0.0,5e-05,1e-05,-3e-05,-2e-05,-2e-05,0
296,1e-05,0.0,0.0,5e-05,1e-05,-3e-05,-2e-05,-2e-05,0
297,1e-05,0.0,0.0,5e-05,1e-05,-3e-05,-2e-05,-2e-05,0
298,1e-05,0.0,0.0,5e-05,1e-05,-3e-05,-2e-05,-2e-05,0
299,1e-05,0.0,0.0,5e-05,1e-05,-3e-05,-2e-05,-2e-05,0
300,1e-05,0.0,0.0,5e-05,1e-05,-3e-05,-2e-05,-2e-05,0
301,1e-05,0.0,0.0,5e-05,1e-05,-3e-05,-2e-05,-2e-05,0
302,1e-05,0.0,0.0,5e-05,1e-05,-3e-05,-2e-05,-2e-05,0
303,1e-05,0.0,0.0,5e-05,1e-05,-3e-05,-2e-05,-2e-05,0
304,1e-05,0.0,0.0,5e-05,1e-05,-3e-05,-2e-05,-2e-05,0
305,1e-05,0.0,0.0,5e-05,1e-05,-3e-05,-2e-05,-2e-05,0
306,1e-05,0.0,0.0,5e-05,1e-05,-3e-05,-2e-05,-2e-05,0
307,1e-05,0.0,0.0,5e-05,1e-05,-3e-05,-2e-05,-2e-05,0
308,1e-05,0.0,0.0,5e-05,1e-05,-3e-05,-2e-05,-2e-05,0
309,1e-05,0.0,0.0,5e-05,1e-05,-3e-05,-2e-05,-2e-05,0
310,1e-05,-1e-05,-1e-05,3e-05,0.0,0.0,1e-05,0.0,0
311,0.0,3e-05,4e-05,-2e-05,0.0,-1e-05,-1e-05,-3e-05,0
312,0.0,3e-05,4e-05,-2e-05,0.0,-1e-05,-1e-05,-3e-05,0
313,0.0,3e-05,4e-05,-2e-05,0.0,-1e-05,-1e-05,-3e-05,0
314,0.0,3e-05,4e-05,-2e-05,0.0,-1e-05,-1e-05,-3e-05,0
315,0.0,3e-05,4e-05,-2e-05,0.0,-1e-05,-1e-05,-3e-05,0
316,0.0,3e-05,4e-05,-2e-05,0.0,-1e-05,-1e-05,-3e-05,0
317,0.0,3e-05,4e-05,-2e-05,0.0,-1e-05,-1e-05,-3e-05,0
318,0.0,3e-05,4e-05,-2e-05,0.0,-1e-05,-1e-05,-3e-05,0
319,0.0,3e-05,4e-05,-2e-05,0.0,-1e-05,-1e-05,-3e-05,0
320,0.0,3e-05,4e-05,-2e-05,0.0,-1e-05,-1e-05,-3e-05,0
321,0.0,3e-05,4e-05,-2e-05,0.0,-1e-05,-1e-05,-3e-05,0
322,0.0,3e-05,4e-05,-2e-05,0.0,-1e-05,-1e-05,-3e-05,0
323,0.0,3e-05,4e-05,-2e-05,0.0,-1e-05,-1e-05,-3e-05,0
324,0.0,3e-05,4e-05,-2e-05,0.0,-1e-05,-1e-05,-3e-05,0
325,0.0,3e-05,4e-05,-2e-05,0.0,-1e-05,-1e-05,-3e-05,0
326,0.0,3e-05,4e-05,-2e-05,0.0,-1e-05,-1e-05,-3e-05,0
327,0.0,3e-05,4e-05,-2e-05,0.0,-1e-05,-1e-05,-3e-05,0
328,0.0,3e-05,4e-05,-2e-05,0.0,-1e-05,-1e-05,-3e-05,0
329,0.0,3e-05,4e-05,-2e-05,0.0,-1e-05,-1e-05,-3e-05,0
330,0.0,3e-05,4e-05,-2e-05,0.0,-1e-05,-1e-05,-3e-05,0
331,0.0,3e-05,4e-05,-2e-05,0.0,-1e-05,-1e-05,-3e-05,0
332,-1e-05,-2e-05,-4e-05,-0.00011,-2e-05,0.0,0.0,0.0,0
333,-1e-05,-2e-05,-4e-05,-0.00011,-2e-05,0.0,0.0,0.0,0
334,-1e-05,0.0,2e-05,-1e-05,-1e-05,-2e-05,0.0,-1e-05,0
335,-1e-05,0.0,2e-05,-1e-05,-1e-05,-2e-05,0.0,-1e-05,0
336,-1e-05,0.0,2e-05,-1e-05,-1e-05,-2e-05,0.0,-1e-05,0
339,-1e-05,0.0,2e-05,-1e-05,-1e-05,-2e-05,0.0,-1e-05,0
340,-1e-05,0.0,2e-05,-1e-05,-1e-05,-2e-05,0.0,-1e-05,0
341,-1e-05,0.0,2e-05,-1e-05,-1e-05,-2e-05,0.0,-1e-05,0
342,-1e-05,0.0,2e-05,-1e-05,-1e-05,-2e-05,0.0,-1e-05,0
343,-1e-05,0.0,2e-05,-1e-05,-1e-05,-2e-05,0.0,-1e-05,0
344,-1e-05,0.0,2e-05,-1e-05,-1e-05,-2e-05,0.0,-1e-05,0
345,-1e-05,0.0,2e-05,-1e-05,-1e-05,-2e-05,0.0,-1e-05,0
346,-2e-05,-2e-05,-2e-05,-3e-05,0.0,-1e-05,0.0,0.0,0
347,-2e-05,-2e-05,-2e-05,-3e-05,0.0,-1e-05,0.0,0.0,0
348,-2e-05,-2e-05,-2e-05,-3e-05,0.0,-1e-05,0.0,0.0,0
349,-2e-05,-2e-05,-2e-05,-3e-05,0.0,-1e-05,0.0,0.0,0
351,-2e-05,-2e-05,-2e-05,-3e-05,0.0,-1e-05,0.0,0.0,0
352,-2e-05,-2e-05,-2e-05,-3e-05,0.0,-1e-05,0.0,0.0,0
353,-2e-05,-2e-05,-2e-05,-3e-05,0.0,-1e-05,0.0,0.0,0
354,-2e-05,-2e-05,-2e-05,-3e-05,0.0,-1e-05,0.0,0.0,0
355,0.0,1e-05,2e-05,5e-05,0.0,0.0,-1e-05,0.0,0
356,0.0,1e-05,2e-05,5e-05,0.0,0.0,-1e-05,0.0,0
357,0.0,1e-05,2e-05,5e-05,0.0,0.0,-1e-05,0.0,0
358,0.0,1e-05,2e-05,5e-05,0.0,0.0,-1e-05,0.0,0
359,0.0,1e-05,2e-05,5e-05,0.0,0.0,-1e-05,0.0,0
360,0.0,1e-05,2e-05,5e-05,0.0,0.0,-1e-05,0.0,0
361,0.0,1e-05,2e-05,5e-05,0.0,0.0,-1e-05,0.0,0
362,0.0,1e-05,2e-05,5e-05,0.0,0.0,-1e-05,0.0,0
363,0.0,1e-05,2e-05,5e-05,0.0,0.0,-1e-05,0.0,0
364,0.0,1e-05,2e-05,5e-05,0.0,0.0,-1e-05,0.0,0
365,0.0,1e-05,2e-05,5e-05,0.0,0.0,-1e-05,0.0,0
366,0.0,1e-05,2e-05,5e-05,0.0,0.0,-1e-05,0.0,0
367,0.0,1e-05,2e-05,5e-05,0.0,0.0,-1e-05,0.0,0
368,0.0,1e-05,2e-05,5e-05,0.0,0.0,-1e-05,0.0,0
369,0.0,1e-05,2e-05,5e-05,0.0,0.0,-1e-05,0.0,0
370,-2e-05,1e-05,2e-05,1e-05,0.0,1e-05,-1e-05,-3e-05,0
371,-1e-05,-2e-05,-4e-05,-2e-05,0.0,-1e-05,1e-05,1e-05,0
373,-1e-05,-2e-05,-4e-05,-2e-05,0.0,-1e-05,1e-05,1e-05,0
374,-1e-05,-2e-05,-4e-05,-2e-05,0.0,-1e-05,1e-05,1e-05,0
375,-1e-05,-2e-05,-4e-05,-2e-05,0.0,-1e-05,1e-05,1e-05,0
376,-1e-05,-2e-05,-4e-05,-2e-05,0.0,-1e-05,1e-05,1e-05,0
377,-1e-05,-2e-05,-4e-05,-2e-05,0.0,-1e-05,1e-05,1e-05,0
378,-1e-05,-2e-05,-4e-05,-2e-05,0.0,-1e-05,1e-05,1e-05,0
379,-1e-05,-2e-05,-4e-05,-2e-05,0.0,-1e-05,1e-05,1e-05,0
380,-1e-05,-2e-05,-4e-05,-2e-05,0.0,-1e-05,1e-05,1e-05,0
381,-1e-05,-2e-05,-4e-05,-2e-05,0.0,-1e-05,1e-05,1e-05,0
382,-1e-05,-2e-05,-4e-05,-2e-05,0.0,-1e-05,1e-05,1e-05,0
383,-1e-05,-2e-05,-4e-05,-2e-05,0.0,-1e-05,1e-05,1e-05,0
384,-1e-05,-2e-05,-4e-05,-2e-05,0.0,-1e-05,1e-05,1e-05,0
385,-1e-05,-2e-05,-4e-05,-2e-05,0.0,-1e-05,1e-05,1e-05,0
386,-1e-05,-2e-05,-4e-05,-2e-05,0.0,-1e-05,1e-05,1e-05,0
389,-1e-05,-2e-05,-4e-05,-2e-05,0.0,-1e-05,1e-05,1e-05,0
390,-1e-05,-2e-05,-4e-05,-2e-05,0.0,-1e-05,1e-05,1e-05,0
391,-1e-05,-2e-05,-4e-05,-2e-05,0.0,-1e-05,1e-05,1e-05,0
392,-1e-05,-3e-05,-2e-05,-2e-05,0.0,-1e-05,-1e-05,-1e-05,0
393,1e-05,-2e-05,0.0,0.0,-1e-05,1e-05,-2e-05,0.0,0
394,-2e-05,-1e-05,-2e-05,2e-05,-2e-05,-1e-05,-2e-05,-1e-05,0
395,-2e-05,-1e-05,-2e-05,2e-05,-2e-05,-1e-05,-2e-05,-1e-05,0
396,-2e-05,-1e-05,-2e-05,2e-05,-2e-05,-1e-05,-2e-05,-1e-05,0
397,-2e-05,-1e-05,-2e-05,2e-05,-2e-05,-1e-05,-2e-05,-1e-05,0
398,-2e-05,-1e-05,-2e-05,2e-05,-2e-05,-1e-05,-2e-05,-1e-05,0
399,-2e-05,-1e-05,-2e-05,2e-05,-2e-05,-1e-05,-2e-05,-1e-05,0
400,-2e-05,-1e-05,-2e-05,2e-05,-2e-05,-1e-05,-2e-05,-1e-05,0
401,-2e-05,-1e-05,-2e-05,2e-05,-2e-05,-1e-05,-2e-05,-1e-05,0
402,-2e-05,-1e-05,-2e-05,2e-05,-2e-05,-1e-05,-2e-05,-1e-05,0
403,-2e-05,-1e-05,-2e-05,2e-05,-2e-05,-1e-05,-2e-05,-1e-05,0
404,-2e-05,-1e-05,-2e-05,2e-05,-2e-05,-1e-05,-2e-05,-1e-05,0
405,-2e-05,-1e-05,-2e-05,2e-05,-2e-05,-1e-05,-2e-05,-1e-05,0
406,-2e-05,-1e-05,-2e-05,2e-05,-2e-05,-1e-05,-2e-05,-1e-05,0
407,1e-05,3e-05,6e-05,0.00011,2e-05,-2e-05,-1e-05,-1e-05,0
408,1e-05,3e-05,6e-05,0.00011,2e-05,-2e-05,-1e-05,-1e-05,0
409,1e-05,3e-05,6e-05,0.00011,2e-05,-2e-05,-1e-05,-1e-05,0
410,1e-05,3e-05,6e-05,0.00011,2e-05,-2e-05,-1e-05,-1e-05,0
411,1e-05,3e-05,6e-05,0.00011,2e-05,-2e-05,-1e-05,-1e-05,0
412,1e-05,3e-05,6e-05,0.00011,2e-05,-2e-05,-1e-05,-1e-05,0
413,1e-05,3e-05,6e-05,0.00011,2e-05,-2e-05,-1e-05,-1e-05,0
414,1e-05,3e-05,6e-05,0.00011,2e-05,-2e-05,-1e-05,-1e-05,0
415,-2e-05,-6e-05,-6e-05,-5e-05,-2e-05,-2e-05,0.0,-3e-05,0
416,-2e-05,-6e-05,-6e-05,-5e-05,-2e-05,-2e-05,0.0,-3e-05,0
417,-2e-05,-6e-05,-6e-05,-5e-05,-2e-05,-2e-05,0.0,-3e-05,0
418,-2e-05,-6e-05,-6e-05,-5e-05,-2e-05,-2e-05,0.0,-3e-05,0
419,-2e-05,-6e-05,-6e-05,-5e-05,-2e-05,-2e-05,0.0,-3e-05,0
420,-2e-05,-6e-05,-6e-05,-5e-05,-2e-05,-2e-05,0.0,-3e-05,0
421,-2e-05,-6e-05,-6e-05,-5e-05,-2e-05,-2e-05,0.0,-3e-05,0
422,-2e-05,-6e-05,-6e-05,-5e-05,-2e-05,-2e-05,0.0,-3e-05,0
423,-2e-05,-6e-05,-6e-05,-5e-05,-2e-05,-2e-05,0.0,-3e-05,0
424,-2e-05,-6e-05,-6e-05,-5e-05,-2e-05,-2e-05,0.0,-3e-05,0
425,-2e-05,-6e-05,-6e-05,-5e-05,-2e-05,-2e-05,0.0,-3e-05,0
426,-2e-05,-6e-05,-6e-05,-5e-05,-2e-05,-2e-05,0.0,-3e-05,0
427,-2e-05,-6e-05,-6e-05,-5e-05,-2e-05,-2e-05,0.0,-3e-05,0
428,-2e-05,-6e-05,-6e-05,-5e-05,-2e-05,-2e-05,0.0,-3e-05,0
429,-2e-05,-6e-05,-6e-05,-5e-05,-2e-05,-2e-05,0.0,-3e-05,0
430,1e-05,2e-05,2e-05,6e-05,1e-05,-1e-05,-1e-05,-1e-05,0
431,-1e-05,0.0,-1e-05,1e-05,-1e-05,1e-05,-1e-05,-1e-05,0
433,-1e-05,0.0,-1e-05,1e-05,-1e-05,1e-05,-1e-05,-1e-05,0
434,-1e-05,0.0,-1e-05,1e-05,-1e-05,1e-05,-1e-05,-1e-05,0
435,-1e-05,0.0,-1e-05,1e-05,-1e-05,1e-05,-1e-05,-1e-05,0
437,-1e-05,0.0,-1e-05,1e-05,-1e-05,1e-05,-1e-05,-1e-05,0
440,-1e-05,0.0,-1e-05,1e-05,-1e-05,1e-05,-1e-05,-1e-05,0
441,-1e-05,0.0,-1e-05,1e-05,-1e-05,1e-05,-1e-05,-1e-05,0
442,-1e-05,0.0,-1e-05,1e-05,-1e-05,1e-05,-1e-05,-1e-05,0
443,-1e-05,0.0,-1e-05,1e-05,-1e-05,1e-05,-1e-05,-1e-05,0
444,-1e-05,0.0,-1e-05,1e-05,-1e-05,1e-05,-1e-05,-1e-05,0
445,-1e-05,0.0,-1e-05,1e-05,-1e-05,1e-05,-1e-05,-1e-05,0
446,-1e-05,0.0,-1e-05,1e-05,-1e-05,1e-05,-1e-05,-1e-05,0
447,-1e-05,0.0,-1e-05,1e-05,-1e-05,1e-05,-1e-05,-1e-05,0
448,-1e-05,0.0,-1e-05,1e-05,-1e-05,1e-05,-1e-05,-1e-05,0
449,-1e-05,0.0,-1e-05,1e-05,-1e-05,1e-05,-1e-05,-1e-05,0
450,-1e-05,0.0,-1e-05,1e-05,-1e-05,1e-05,-1e-05,-1e-05,0
451,-1e-05,0.0,-1e-05,1e-05,-1e-05,1e-05,-1e-05,-1e-05,0
452,-2e-05,-2e-05,0.0,-6e-05,-3e-05,0.0,-1e-05,0.0,0
453,-2e-05,-2e-05,0.0,-6e-05,-3e-05,0.0,-1e-05,0.0,0
454,-1e-05,-2e-05,-3e-05,-1e-05,-1e-05,0.0,-1e-05,-1e-05,0
455,-1e-05,-2e-05,-3e-05,-1e-05,-1e-05,0.0,-1e-05,-1e-05,0
456,-1e-05,-2e-05,-3e-05,-1e-05,-1e-05,0.0,-1e-05,-1e-05,0
457,-1e-05,-2e-05,-3e-05,-1e-05,-1e-05,0.0,-1e-05,-1e-05,0
458,-1e-05,-2e-05,-3e-05,-1e-05,-1e-05,0.0,-1e-05,-1e-05,0
459,-1e-05,-2e-05,-3e-05,-1e-05,-1e-05,0.0,-1e-05,-1e-05,0
460,-1e-05,-2e-05,-3e-05,-1e-05,-1e-05,0.0,-1e-05,-1e-05,0
461,-1e-05,-2e-05,-3e-05,-1e-05,-1e-05,0.0,-1e-05,-1e-05,0
462,-1e-05,-2e-05,-3e-05,-1e-05,-1e-05,0.0,-1e-05,-1e-05,0
463,-1e-05,-2e-05,-3e-05,-1e-05,-1e-05,0.0,-1e-05,-1e-05,0
464,-1e-05,-2e-05,-3e-05,-1e-05,-1e-05,0.0,-1e-05,-1e-05,0
465,-1e-05,-2e-05,-3e-05,-1e-05,-1e-05,0.0,-1e-05,-1e-05,0
466,0.0,2e-05,-3e-05,3e-05,-1e-05,0.0,-2e-05,-1e-05,0
467,0.0,2e-05,-3e-05,3e-05,-1e-05,0.0,-2e-05,-1e-05,0
468,0.0,2e-05,-3e-05,3e-05,-1e-05,0.0,-2e-05,-1e-05,0
469,0.0,2e-05,-3e-05,3e-05,-1e-05,0.0,-2e-05,-1e-05,0
470,0.0,2e-05,-3e-05,3e-05,-1e-05,0.0,-2e-05,-1e-05,0
471,0.0,2e-05,-3e-05,3e-05,-1e-05,0.0,-2e-05,-1e-05,0
472,0.0,2e-05,-3e-05,3e-05,-1e-05,0.0,-2e-05,-1e-05,0
473,0.0,2e-05,-3e-05,3e-05,-1e-05,0.0,-2e-05,-1e-05,0
474,-3e-05,-5e-05,-5e-05,-6e-05,-3e-05,-1e-05,0.0,-2e-05,0
475,-1e-05,-2e-05,-2e-05,-2e-05,-1e-05,0.0,-3e-05,-1e-05,0
476,-1e-05,-2e-05,-2e-05,-2e-05,-1e-05,0.0,-3e-05,-1e-05,0
477,-1e-05,-2e-05,-2e-05,-2e-05,-1e-05,0.0,-3e-05,-1e-05,0
478,-1e-05,-2e-05,-2e-05,-2e-05,-1e-05,0.0,-3e-05,-1e-05,0
479,-1e-05,-2e-05,-2e-05,-2e-05,-1e-05,0.0,-3e-05,-1e-05,0
480,-1e-05,-2e-05,-2e-05,-2e-05,-1e-05,0.0,-3e-05,-1e-05,0
481,-1e-05,-2e-05,-2e-05,-2e-05,-1e-05,0.0,-3e-05,-1e-05,0
482,-1e-05,-2e-05,-2e-05,-2e-05,-1e-05,0.0,-3e-05,-1e-05,0
483,-1e-05,-2e-05,-2e-05,-2e-05,-1e-05,0.0,-3e-05,-1e-05,0
484,-1e-05,-2e-05,-2e-05,-2e-05,-1e-05,0.0,-3e-05,-1e-05,0
485,-1e-05,-2e-05,-2e-05,-2e-05,-1e-05,0.0,-3e-05,-1e-05,0
487,-1e-05,-2e-05,-2e-05,-2e-05,-1e-05,0.0,-3e-05,-1e-05,0
490,-4e-05,-4e-05,-4e-05,-5e-05,-3e-05,-1e-05,0.0,-3e-05,0
491,-4e-05,-4e-05,-4e-05,-5e-05,-3e-05,-1e-05,0.0,-3e-05,0
492,-4e-05,-4e-05,-4e-05,-5e-05,-3e-05,-1e-05,0.0,-3e-05,0
493,-4e-05,-4e-05,-4e-05,-5e-05,-3e-05,-1e-05,0.0,-3e-05,0
494,-4e-05,-4e-05,-4e-05,-5e-05,-3e-05,-1e-05,0.0,-3e-05,0
495,-4e-05,-4e-05,-4e-05,-5e-05,-3e-05,-1e-05,0.0,-3e-05,0
496,1e-05,3e-05,3e-05,5e-05,-2e-05,-3e-05,-2e-05,-2e-05,0
497,1e-05,3e-05,3e-05,5e-05,-2e-05,-3e-05,-2e-05,-2e-05,0
498,1e-05,3e-05,3e-05,5e-05,-2e-05,-3e-05,-2e-05,-2e-05,0
499,1e-05,3e-05,3e-05,5e-05,-2e-05,-3e-05,-2e-05,-2e-05,0
500,1e-05,3e-05,3e-05,5e-05,-2e-05,-3e-05,-2e-05,-2e-05,0
501,1e-05,3e-05,3e-05,5e-05,-2e-05,-3e-05,-2e-05,-2e-05,0
502,1e-05,3e-05,3e-05,5e-05,-2e-05,-3e-05,-2e-05,-2e-05,0
503,1e-05,3e-05,3e-05,5e-05,-2e-05,-3e-05,-2e-05,-2e-05,0
504,1e-05,3e-05,3e-05,5e-05,-2e-05,-3e-05,-2e-05,-2e-05,0
505,1e-05,3e-05,3e-05,5e-05,-2e-05,-3e-05,-2e-05,-2e-05,0
506,1e-05,3e-05,3e-05,5e-05,-2e-05,-3e-05,-2e-05,-2e-05,0
507,1e-05,3e-05,3e-05,5e-05,-2e-05,-3e-05,-2e-05,-2e-05,0
508,1e-05,3e-05,3e-05,5e-05,-2e-05,-3e-05,-2e-05,-2e-05,0
509,1e-05,3e-05,3e-05,5e-05,-2e-05,-3e-05,-2e-05,-2e-05,0
510,1e-05,3e-05,3e-05,5e-05,-2e-05,-3e-05,-2e-05,-2e-05,0
511,1e-05,3e-05,3e-05,5e-05,-2e-05,-3e-05,-2e-05,-2e-05,0
512,-2e-05,-3e-05,-5e-05,-7e-05,-1e-05,1e-05,-1e-05,-1e-05,0
513,-2e-05,-3e-05,-5e-05,-7e-05,-1e-05,1e-05,-1e-05,-1e-05,0
514,0.0,2e-05,4e-05,2e-05,0.0,-2e-05,-1e-05,-1e-05,0
515,0.0,2e-05,4e-05,2e-05,0.0,-2e-05,-1e-05,-1e-05,0
516,0.0,2e-05,4e-05,2e-05,0.0,-2e-05,-1e-05,-1e-05,0
517,0.0,2e-05,4e-05,2e-05,0.0,-2e-05,-1e-05,-1e-05,0
518,0.0,2e-05,4e-05,2e-05,0.0,-2e-05,-1e-05,-1e-05,0
519,0.0,2e-05,4e-05,2e-05,0.0,-2e-05,-1e-05,-1e-05,0
520,0.0,2e-05,4e-05,2e-05,0.0,-2e-05,-1e-05,-1e-05,0
521,0.0,2e-05,4e-05,2e-05,0.0,-2e-05,-1e-05,-1e-05,0
522,0.0,2e-05,4e-05,2e-05,0.0,-2e-05,-1e-05,-1e-05,0
523,0.0,2e-05,4e-05,2e-05,0.0,-2e-05,-1e-05,-1e-05,0
524,0.0,2e-05,4e-05,2e-05,0.0,-2e-05,-1e-05,-1e-05,0
525,0.0,2e-05,4e-05,2e-05,0.0,-2e-05,-1e-05,-1e-05,0
526,0.0,2e-05,4e-05,2e-05,0.0,-2e-05,-1e-05,-1e-05,0
527,0.0,2e-05,4e-05,2e-05,0.0,-2e-05,-1e-05,-1e-05,0
528,0.0,2e-05,4e-05,2e-05,0.0,-2e-05,-1e-05,-1e-05,0
530,0.0,2e-05,4e-05,2e-05,0.0,-2e-05,-1e-05,-1e-05,0
531,0.0,2e-05,4e-05,2e-05,0.0,-2e-05,-1e-05,-1e-05,0
532,0.0,2e-05,4e-05,2e-05,0.0,-2e-05,-1e-05,-1e-05,0
533,0.0,2e-05,4e-05,2e-05,0.0,-2e-05,-1e-05,-1e-05,0
534,0.0,2e-05,4e-05,2e-05,0.0,-2e-05,-1e-05,-1e-05,0
535,-4e-05,-7e-05,-9e-05,-0.00013,-4e-05,-1e-05,-1e-05,-1e-05,0
536,0.0,0.0,2e-05,8e-05,4e-05,-1e-05,-2e-05,0.0,0
539,0.0,1e-05,3e-05,-2e-05,-1e-05,-1e-05,-1e-05,0.0,0
540,0.0,1e-05,3e-05,-2e-05,-1e-05,-1e-05,-1e-05,0.0,0
541,0.0,1e-05,3e-05,-2e-05,-1e-05,-1e-05,-1e-05,0.0,0
542,0.0,1e-05,3e-05,-2e-05,-1e-05,-1e-05,-1e-05,0.0,0
543,0.0,1e-05,3e-05,-2e-05,-1e-05,-1e-05,-1e-05,0.0,0
544,0.0,1e-05,3e-05,-2e-05,-1e-05,-1e-05,-1e-05,0.0,0
545,0.0,1e-05,3e-05,-2e-05,-1e-05,-1e-05,-1e-05,0.0,0
546,0.0,1e-05,3e-05,-2e-05,-1e-05,-1e-05,-1e-05,0.0,0
547,0.0,1e-05,3e-05,-2e-05,-1e-05,-1e-05,-1e-05,0.0,0
548,0.0,1e-05,3e-05,-2e-05,-1e-05,-1e-05,-1e-05,0.0,0
549,0.0,1e-05,3e-05,-2e-05,-1e-05,-1e-05,-1e-05,0.0,0
550,0.0,1e-05,2e-05,-3e-05,1e-05,0.0,-1e-05,-2e-05,0
551,-2e-05,-5e-05,-8e-05,-2e-05,0.0,1e-05,-2e-05,-1e-05,0
552,-2e-05,-5e-05,-8e-05,-2e-05,0.0,1e-05,-2e-05,-1e-05,0
553,-2e-05,-5e-05,-8e-05,-2e-05,0.0,1e-05,-2e-05,-1e-05,0
554,-2e-05,-5e-05,-8e-05,-2e-05,0.0,1e-05,-2e-05,-1e-05,0
555,-2e-05,-5e-05,-8e-05,-2e-05,0.0,1e-05,-2e-05,-1e-05,0
556,-2e-05,-5e-05,-8e-05,-2e-05,0.0,1e-05,-2e-05,-1e-05,0
557,-2e-05,-5e-05,-8e-05,-2e-05,0.0,1e-05,-2e-05,-1e-05,0
558,-2e-05,-5e-05,-8e-05,-2e-05,0.0,1e-05,-2e-05,-1e-05,0
559,-2e-05,-5e-05,-8e-05,-2e-05,0.0,1e-05,-2e-05,-1e-05,0
560,-2e-05,-5e-05,-8e-05,-2e-05,0.0,1e-05,-2e-05,-1e-05,0
561,-2e-05,-5e-05,-8e-05,-2e-05,0.0,1e-05,-2e-05,-1e-05,0
562,-2e-05,-5e-05,-8e-05,-2e-05,0.0,1e-05,-2e-05,-1e-05,0
563,-2e-05,-5e-05,-8e-05,-2e-05,0.0,1e-05,-2e-05,-1e-05,0
564,-2e-05,-5e-05,-8e-05,-2e-05,0.0,1e-05,-2e-05,-1e-05,0
565,-2e-05,-5e-05,-8e-05,-2e-05,0.0,1e-05,-2e-05,-1e-05,0
566,-2e-05,-5e-05,-8e-05,-2e-05,0.0,1e-05,-2e-05,-1e-05,0
567,-2e-05,-5e-05,-8e-05,-2e-05,0.0,1e-05,-2e-05,-1e-05,0
568,-2e-05,-5e-05,-8e-05,-2e-05,0.0,1e-05,-2e-05,-1e-05,0
569,-2e-05,-5e-05,-8e-05,-2e-05,0.0,1e-05,-2e-05,-1e-05,0
570,-2e-05,-5e-05,-8e-05,-2e-05,0.0,1e-05,-2e-05,-1e-05,0
571,-2e-05,-5e-05,-8e-05,-2e-05,0.0,1e-05,-2e-05,-1e-05,0
572,-2e-05,-5e-05,-8e-05,-2e-05,0.0,1e-05,-2e-05,-1e-05,0
573,-2e-05,-5e-05,-8e-05,-2e-05,0.0,1e-05,-2e-05,-1e-05,0
574,-2e-05,-5e-05,-8e-05,-2e-05,0.0,1e-05,-2e-05,-1e-05,0
575,-2e-05,-5e-05,-8e-05,-2e-05,0.0,1e-05,-2e-05,-1e-05,0
576,-2e-05,-5e-05,-8e-05,-2e-05,0.0,1e-05,-2e-05,-1e-05,0
577,-2e-05,-5e-05,-8e-05,-2e-05,0.0,1e-05,-2e-05,-1e-05,0
578,-2e-05,-5e-05,-8e-05,-2e-05,0.0,1e-05,-2e-05,-1e-05,0
579,0.0,-1e-05,-2e-05,-2e-05,1e-05,0.0,-2e-05,-2e-05,0
580,1e-05,3e-05,6e-05,5e-05,2e-05,0.0,0.0,0.0,0
581,1e-05,3e-05,6e-05,5e-05,2e-05,0.0,0.0,0.0,0
582,1e-05,3e-05,6e-05,5e-05,2e-05,0.0,0.0,0.0,0
583,1e-05,3e-05,6e-05,5e-05,2e-05,0.0,0.0,0.0,0
584,1e-05,3e-05,6e-05,5e-05,2e-05,0.0,0.0,0.0,0
585,1e-05,3e-05,6e-05,5e-05,2e-05,0.0,0.0,0.0,0
587,1e-05,3e-05,6e-05,5e-05,2e-05,0.0,0.0,0.0,0
590,-2e-05,-2e-05,-4e-05,-2e-05,-3e-05,-3e-05,1e-05,-1e-05,0
591,-2e-05,-2e-05,-4e-05,-2e-05,-3e-05,-3e-05,1e-05,-1e-05,0
592,-2e-05,-2e-05,-4e-05,-2e-05,-3e-05,-3e-05,1e-05,-1e-05,0
593,-2e-05,-2e-05,-4e-05,-2e-05,-3e-05,-3e-05,1e-05,-1e-05,0
594,-2e-05,-2e-05,-4e-05,-2e-05,-3e-05,-3e-05,1e-05,-1e-05,0
595,0.0,-1e-05,-3e-05,-2e-05,-3e-05,1e-05,-1e-05,0.0,0
596,-2e-05,-2e-05,0.0,0.0,-1e-05,-1e-05,-1e-05,-1e-05,0
597,-3e-05,-4e-05,-4e-05,-8e-05,-3e-05,0.0,0.0,0.0,0
598,-3e-05,-4e-05,-4e-05,-8e-05,-3e-05,0.0,0.0,0.0,0
599,-3e-05,-4e-05,-4e-05,-8e-05,-3e-05,0.0,0.0,0.0,0
600,-3e-05,-4e-05,-4e-05,-8e-05,-3e-05,0.0,0.0,0.0,0
601,-3e-05,-4e-05,-4e-05,-8e-05,-3e-05,0.0,0.0,0.0,0
602,-3e-05,-4e-05,-4e-05,-8e-05,-3e-05,0.0,0.0,0.0,0
603,-3e-05,-4e-05,-4e-05,-8e-05,-3e-05,0.0,0.0,0.0,0
604,-3e-05,-4e-05,-4e-05,-8e-05,-3e-05,0.0,0.0,0.0,0
605,-3e-05,-4e-05,-4e-05,-8e-05,-3e-05,0.0,0.0,0.0,0
606,-3e-05,-4e-05,-4e-05,-8e-05,-3e-05,0.0,0.0,0.0,0
607,-3e-05,-4e-05,-4e-05,-8e-05,-3e-05,0.0,0.0,0.0,0
608,-3e-05,-4e-05,-4e-05,-8e-05,-3e-05,0.0,0.0,0.0,0
609,-3e-05,-4e-05,-4e-05,-8e-05,-3e-05,0.0,0.0,0.0,0
610,-3e-05,-4e-05,-4e-05,-8e-05,-3e-05,0.0,0.0,0.0,0
611,-3e-05,-4e-05,-4e-05,-8e-05,-3e-05,0.0,0.0,0.0,0
612,-3e-05,-4e-05,-4e-05,-8e-05,-3e-05,0.0,0.0,0.0,0
613,-3e-05,-4e-05,-4e-05,-8e-05,-3e-05,0.0,0.0,0.0,0
614,-3e-05,-4e-05,-4e-05,-8e-05,-3e-05,0.0,0.0,0.0,0
615,-3e-05,-4e-05,-4e-05,-8e-05,-3e-05,0.0,0.0,0.0,0
616,-3e-05,-4e-05,-4e-05,-8e-05,-3e-05,0.0,0.0,0.0,0
617,-1e-05,0.0,4e-05,4e-05,3e-05,1e-05,0.0,1e-05,0
618,-1e-05,0.0,4e-05,4e-05,3e-05,1e-05,0.0,1e-05,0
619,0.0,-2e-05,-3e-05,-1e-05,-1e-05,-1e-05,-1e-05,-2e-05,0
620,0.0,-2e-05,-3e-05,-1e-05,-1e-05,-1e-05,-1e-05,-2e-05,0
621,0.0,-2e-05,-3e-05,-1e-05,-1e-05,-1e-05,-1e-05,-2e-05,0
623,0.0,-2e-05,-3e-05,-1e-05,-1e-05,-1e-05,-1e-05,-2e-05,0
624,0.0,-2e-05,-3e-05,-1e-05,-1e-05,-1e-05,-1e-05,-2e-05,0
625,0.0,-2e-05,-3e-05,-1e-05,-1e-05,-1e-05,-1e-05,-2e-05,0
626,0.0,-2e-05,-3e-05,-1e-05,-1e-05,-1e-05,-1e-05,-2e-05,0
627,0.0,-2e-05,-3e-05,-1e-05,-1e-05,-1e-05,-1e-05,-2e-05,0
628,0.0,-2e-05,-3e-05,-1e-05,-1e-05,-1e-05,-1e-05,-2e-05,0
629,0.0,-2e-05,-3e-05,-1e-05,-1e-05,-1e-05,-1e-05,-2e-05,0
630,0.0,-2e-05,-3e-05,-1e-05,-1e-05,-1e-05,-1e-05,-2e-05,0
631,0.0,-2e-05,-3e-05,-1e-05,-1e-05,-1e-05,-1e-05,-2e-05,0
632,-2e-05,2e-05,2e-05,0.00023,3e-05,0.0,-2e-05,-3e-05,0
633,-2e-05,2e-05,2e-05,0.00023,3e-05,0.0,-2e-05,-3e-05,0
634,-2e-05,-5e-05,-2e-05,2e-05,2e-05,-1e-05,1e-05,0.0,0
635,-2e-05,-5e-05,-2e-05,2e-05,2e-05,-1e-05,1e-05,0.0,0
637,-2e-05,-5e-05,-2e-05,2e-05,2e-05,-1e-05,1e-05,0.0,0
640,-2e-05,-5e-05,-2e-05,2e-05,2e-05,-1e-05,1e-05,0.0,0
641,-2e-05,-5e-05,-2e-05,2e-05,2e-05,-1e-05,1e-05,0.0,0
642,-2e-05,-5e-05,-2e-05,2e-05,2e-05,-1e-05,1e-05,0.0,0
643,-2e-05,-5e-05,-2e-05,2e-05,2e-05,-1e-05,1e-05,0.0,0
644,-2e-05,-5e-05,-2e-05,2e-05,2e-05,-1e-05,1e-05,0.0,0
645,-2e-05,-5e-05,-2e-05,2e-05,2e-05,-1e-05,1e-05,0.0,0
647,-2e-05,-5e-05,-2e-05,2e-05,2e-05,-1e-05,1e-05,0.0,0
648,-2e-05,-5e-05,-2e-05,2e-05,2e-05,-1e-05,1e-05,0.0,0
649,-2e-05,-5e-05,-2e-05,2e-05,2e-05,-1e-05,1e-05,0.0,0
650,-2e-05,-5e-05,-2e-05,2e-05,2e-05,-1e-05,1e-05,0.0,0
651,-2e-05,-5e-05,-2e-05,2e-05,2e-05,-1e-05,1e-05,0.0,0
652,-2e-05,-5e-05,-2e-05,2e-05,2e-05,-1e-05,1e-05,0.0,0
653,-2e-05,-5e-05,-2e-05,2e-05,2e-05,-1e-05,1e-05,0.0,0
654,-2e-05,-5e-05,-2e-05,2e-05,2e-05,-1e-05,1e-05,0.0,0
655,0.0,-3e-05,-5e-05,-9e-05,-3e-05,-1e-05,-2e-05,1e-05,0
656,0.0,-3e-05,-5e-05,-9e-05,-3e-05,-1e-05,-2e-05,1e-05,0
657,-1e-05,0.0,3e-05,3e-05,1e-05,-2e-05,-2e-05,-3e-05,0
658,-1e-05,0.0,3e-05,3e-05,1e-05,-2e-05,-2e-05,-3e-05,0
659,-1e-05,0.0,3e-05,3e-05,1e-05,-2e-05,-2e-05,-3e-05,0
660,-1e-05,0.0,3e-05,3e-05,1e-05,-2e-05,-2e-05,-3e-05,0
661,-1e-05,0.0,3e-05,3e-05,1e-05,-2e-05,-2e-05,-3e-05,0
662,-1e-05,0.0,3e-05,3e-05,1e-05,-2e-05,-2e-05,-3e-05,0
663,-1e-05,0.0,3e-05,3e-05,1e-05,-2e-05,-2e-05,-3e-05,0
664,-1e-05,0.0,3e-05,3e-05,1e-05,-2e-05,-2e-05,-3e-05,0
665,-1e-05,0.0,3e-05,3e-05,1e-05,-2e-05,-2e-05,-3e-05,0
666,-1e-05,0.0,3e-05,3e-05,1e-05,-2e-05,-2e-05,-3e-05,0
667,-1e-05,0.0,3e-05,3e-05,1e-05,-2e-05,-2e-05,-3e-05,0
668,-1e-05,0.0,3e-05,3e-05,1e-05,-2e-05,-2e-05,-3e-05,0
669,-3e-05,-4e-05,-7e-05,-0.00011,-5e-05,-1e-05,0.0,0.0,0
670,-3e-05,-4e-05,-7e-05,-0.00011,-5e-05,-1e-05,0.0,0.0,0
671,-3e-05,-4e-05,-7e-05,-0.00011,-5e-05,-1e-05,0.0,0.0,0
672,-3e-05,-4e-05,-7e-05,-0.00011,-5e-05,-1e-05,0.0,0.0,0
673,-3e-05,-4e-05,-7e-05,-0.00011,-5e-05,-1e-05,0.0,0.0,0
674,-3e-05,-4e-05,-7e-05,-0.00011,-5e-05,-1e-05,0.0,0.0,0
675,-3e-05,-4e-05,-7e-05,-0.00011,-5e-05,-1e-05,0.0,0.0,0
676,-1e-05,2e-05,2e-05,1e-05,0.0,1e-05,0.0,2e-05,0
677,-1e-05,2e-05,2e-05,1e-05,0.0,1e-05,0.0,2e-05,0
678,-1e-05,2e-05,2e-05,1e-05,0.0,1e-05,0.0,2e-05,0
679,-1e-05,2e-05,2e-05,1e-05,0.0,1e-05,0.0,2e-05,0
680,-1e-05,2e-05,2e-05,1e-05,0.0,1e-05,0.0,2e-05,0
681,-1e-05,2e-05,2e-05,1e-05,0.0,1e-05,0.0,2e-05,0
682,-1e-05,2e-05,2e-05,1e-05,0.0,1e-05,0.0,2e-05,0
683,-1e-05,2e-05,2e-05,1e-05,0.0,1e-05,0.0,2e-05,0
684,-1e-05,2e-05,2e-05,1e-05,0.0,1e-05,0.0,2e-05,0
685,-1e-05,2e-05,2e-05,1e-05,0.0,1e-05,0.0,2e-05,0
686,-1e-05,2e-05,2e-05,1e-05,0.0,1e-05,0.0,2e-05,0
689,-1e-05,2e-05,2e-05,1e-05,0.0,1e-05,0.0,2e-05,0
690,-1e-05,2e-05,2e-05,1e-05,0.0,1e-05,0.0,2e-05,0
691,-1e-05,2e-05,2e-05,1e-05,0.0,1e-05,0.0,2e-05,0
692,-1e-05,-1e-05,-5e-05,-3e-05,-3e-05,-1e-05,-1e-05,-2e-05,0
693,1e-05,3e-05,2e-05,2e-05,0.0,0.0,-1e-05,0.0,0
694,0.0,1e-05,0.0,0.0,-3e-05,-3e-05,-2e-05,0.0,0
695,0.0,1e-05,0.0,0.0,-3e-05,-3e-05,-2e-05,0.0,0
696,0.0,1e-05,0.0,0.0,-3e-05,-3e-05,-2e-05,0.0,0
697,0.0,1e-05,0.0,0.0,-3e-05,-3e-05,-2e-05,0.0,0
698,0.0,1e-05,0.0,0.0,-3e-05,-3e-05,-2e-05,0.0,0
699,0.0,1e-05,0.0,0.0,-3e-05,-3e-05,-2e-05,0.0,0
700,0.0,1e-05,0.0,0.0,-3e-05,-3e-05,-2e-05,0.0,0
701,0.0,1e-05,0.0,0.0,-3e-05,-3e-05,-2e-05,0.0,0
702,0.0,1e-05,0.0,0.0,-3e-05,-3e-05,-2e-05,0.0,0
703,0.0,1e-05,0.0,0.0,-3e-05,-3e-05,-2e-05,0.0,0
704,0.0,1e-05,0.0,0.0,-3e-05,-3e-05,-2e-05,0.0,0
705,0.0,1e-05,0.0,0.0,-3e-05,-3e-05,-2e-05,0.0,0
706,0.0,1e-05,0.0,0.0,-3e-05,-3e-05,-2e-05,0.0,0
707,0.0,1e-05,0.0,0.0,-3e-05,-3e-05,-2e-05,0.0,0
708,0.0,1e-05,0.0,0.0,-3e-05,-3e-05,-2e-05,0.0,0
709,0.0,1e-05,0.0,0.0,-3e-05,-3e-05,-2e-05,0.0,0
710,0.0,1e-05,0.0,0.0,-3e-05,-3e-05,-2e-05,0.0,0
711,0.0,1e-05,0.0,0.0,-3e-05,-3e-05,-2e-05,0.0,0
712,0.0,1e-05,0.0,0.0,-3e-05,-3e-05,-2e-05,0.0,0
713,0.0,1e-05,0.0,0.0,-3e-05,-3e-05,-2e-05,0.0,0
714,0.0,1e-05,0.0,0.0,-3e-05,-3e-05,-2e-05,0.0,0
715,-2e-05,-3e-05,-3e-05,-7e-05,-1e-05,-1e-05,-1e-05,-1e-05,0
716,-1e-05,-3e-05,-5e-05,0.0001,0.0,-1e-05,-1e-05,0.0,0
717,-1e-05,-3e-05,-5e-05,0.0001,0.0,-1e-05,-1e-05,0.0,0
718,-1e-05,-3e-05,-5e-05,0.0001,0.0,-1e-05,-1e-05,0.0,0
719,-1e-05,-3e-05,-5e-05,0.0001,0.0,-1e-05,-1e-05,0.0,0
720,-1e-05,-3e-05,-5e-05,0.0001,0.0,-1e-05,-1e-05,0.0,0
721,-1e-05,-3e-05,-5e-05,0.0001,0.0,-1e-05,-1e-05,0.0,0
722,-1e-05,-3e-05,-5e-05,0.0001,0.0,-1e-05,-1e-05,0.0,0
723,-1e-05,-3e-05,-5e-05,0.0001,0.0,-1e-05,-1e-05,0.0,0
724,-1e-05,-3e-05,-5e-05,0.0001,0.0,-1e-05,-1e-05,0.0,0
725,-1e-05,-3e-05,-5e-05,0.0001,0.0,-1e-05,-1e-05,0.0,0
726,-1e-05,-3e-05,-5e-05,0.0001,0.0,-1e-05,-1e-05,0.0,0
727,-1e-05,-3e-05,-5e-05,0.0001,0.0,-1e-05,-1e-05,0.0,0
728,-1e-05,-3e-05,-5e-05,0.0001,0.0,-1e-05,-1e-05,0.0,0
729,-3e-05,-1e-05,-1e-05,-3e-05,-3e-05,0.0,0.0,0.0,0
730,-3e-05,-1e-05,-1e-05,-3e-05,-3e-05,0.0,0.0,0.0,0
731,-3e-05,-1e-05,-1e-05,-3e-05,-3e-05,0.0,0.0,0.0,0
732,-3e-05,-1e-05,-1e-05,-3e-05,-3e-05,0.0,0.0,0.0,0
733,-3e-05,-1e-05,-1e-05,-3e-05,-3e-05,0.0,0.0,0.0,0
734,-3e-05,-1e-05,-1e-05,-3e-05,-3e-05,0.0,0.0,0.0,0
735,-3e-05,-1e-05,-1e-05,-3e-05,-3e-05,0.0,0.0,0.0,0
736,-2e-05,0.0,0.0,-4e-05,-2e-05,-1e-05,-2e-05,-3e-05,0
739,-2e-05,0.0,0.0,-4e-05,-2e-05,-1e-05,-2e-05,-3e-05,0
740,-2e-05,0.0,0.0,-4e-05,-2e-05,-1e-05,-2e-05,-3e-05,0
741,-2e-05,0.0,0.0,-4e-05,-2e-05,-1e-05,-2e-05,-3e-05,0
742,-2e-05,0.0,0.0,-4e-05,-2e-05,-1e-05,-2e-05,-3e-05,0
743,-2e-05,0.0,0.0,-4e-05,-2e-05,-1e-05,-2e-05,-3e-05,0
744,-2e-05,0.0,0.0,-4e-05,-2e-05,-1e-05,-2e-05,-3e-05,0
745,-2e-05,0.0,0.0,-4e-05,-2e-05,-1e-05,-2e-05,-3e-05,0
746,-2e-05,0.0,0.0,-4e-05,-2e-05,-1e-05,-2e-05,-3e-05,0
747,-2e-05,0.0,0.0,-4e-05,-2e-05,-1e-05,-2e-05,-3e-05,0
748,-2e-05,0.0,0.0,-4e-05,-2e-05,-1e-05,-2e-05,-3e-05,0
749,-2e-05,0.0,0.0,-4e-05,-2e-05,-1e-05,-2e-05,-3e-05,0
750,-2e-05,0.0,0.0,-4e-05,-2e-05,-1e-05,-2e-05,-3e-05,0
751,-2e-05,0.0,0.0,-4e-05,-2e-05,-1e-05,-2e-05,-3e-05,0
752,0.0,-2e-05,-2e-05,1e-05,-1e-05,0.0,1e-05,0.0,0
753,0.0,-2e-05,-2e-05,1e-05,-1e-05,0.0,1e-05,0.0,0
754,-1e-05,-2e-05,-4e-05,-6e-05,-2e-05,-3e-05,0.0,2e-05,0
755,-1e-05,-2e-05,-4e-05,-6e-05,-2e-05,-3e-05,0.0,2e-05,0
756,-1e-05,-2e-05,-4e-05,-6e-05,-2e-05,-3e-05,0.0,2e-05,0
757,-1e-05,-2e-05,-4e-05,-6e-05,-2e-05,-3e-05,0.0,2e-05,0
758,-1e-05,-2e-05,-4e-05,-6e-05,-2e-05,-3e-05,0.0,2e-05,0
759,-1e-05,-2e-05,-4e-05,-6e-05,-2e-05,-3e-05,0.0,2e-05,0
760,-1e-05,-2e-05,-4e-05,-6e-05,-2e-05,-3e-05,0.0,2e-05,0
761,-1e-05,-2e-05,-4e-05,-6e-05,-2e-05,-3e-05,0.0,2e-05,0
762,-1e-05,-2e-05,-4e-05,-6e-05,-2e-05,-3e-05,0.0,2e-05,0
763,-1e-05,-2e-05,-4e-05,-6e-05,-2e-05,-3e-05,0.0,2e-05,0
764,-1e-05,-2e-05,-4e-05,-6e-05,-2e-05,-3e-05,0.0,2e-05,0
765,-1e-05,-2e-05,-4e-05,-6e-05,-2e-05,-3e-05,0.0,2e-05,0
766,-1e-05,-2e-05,-4e-05,-6e-05,-2e-05,-3e-05,0.0,2e-05,0
767,-1e-05,-2e-05,-4e-05,-6e-05,-2e-05,-3e-05,0.0,2e-05,0
768,-1e-05,-2e-05,-4e-05,-6e-05,-2e-05,-3e-05,0.0,2e-05,0
769,-1e-05,-2e-05,-4e-05,-6e-05,-2e-05,-3e-05,0.0,2e-05,0
770,-1e-05,-2e-05,-4e-05,-6e-05,-2e-05,-3e-05,0.0,2e-05,0
771,-1e-05,-2e-05,-4e-05,-6e-05,-2e-05,-3e-05,0.0,2e-05,0
772,-1e-05,-2e-05,-4e-05,-6e-05,-2e-05,-3e-05,0.0,2e-05,0
773,-1e-05,-2e-05,-4e-05,-6e-05,-2e-05,-3e-05,0.0,2e-05,0
774,-1e-05,-2e-05,-4e-05,-6e-05,-2e-05,-3e-05,0.0,2e-05,0
775,1e-05,-1e-05,-2e-05,2e-05,1e-05,-1e-05,-1e-05,-1e-05,0
776,1e-05,2e-05,4e-05,1e-05,-1e-05,0.0,-4e-05,-2e-05,0
777,1e-05,2e-05,4e-05,1e-05,-1e-05,0.0,-4e-05,-2e-05,0
778,1e-05,2e-05,4e-05,1e-05,-1e-05,0.0,-4e-05,-2e-05,0
779,1e-05,2e-05,4e-05,1e-05,-1e-05,0.0,-4e-05,-2e-05,0
780,1e-05,2e-05,4e-05,1e-05,-1e-05,0.0,-4e-05,-2e-05,0
781,-1e-05,-5e-05,-7e-05,-5e-05,-4e-05,0.0,0.0,-1e-05,0
782,-1e-05,-5e-05,-7e-05,-5e-05,-4e-05,0.0,0.0,-1e-05,0
783,-1e-05,-5e-05,-7e-05,-5e-05,-4e-05,0.0,0.0,-1e-05,0
784,-1e-05,-5e-05,-7e-05,-5e-05,-4e-05,0.0,0.0,-1e-05,0
785,-1e-05,-5e-05,-7e-05,-5e-05,-4e-05,0.0,0.0,-1e-05,0
786,-1e-05,-5e-05,-7e-05,-5e-05,-4e-05,0.0,0.0,-1e-05,0
789,-1e-05,-1e-05,3e-05,-2e-05,-3e-05,0.0,-1e-05,-1e-05,0
791,-1e-05,-1e-05,3e-05,-2e-05,-3e-05,0.0,-1e-05,-1e-05,0
792,-1e-05,-1e-05,3e-05,-2e-05,-3e-05,0.0,-1e-05,-1e-05,0
793,-1e-05,-1e-05,3e-05,-2e-05,-3e-05,0.0,-1e-05,-1e-05,0
794,-1e-05,-1e-05,3e-05,-2e-05,-3e-05,0.0,-1e-05,-1e-05,0
795,-1e-05,-1e-05,3e-05,-2e-05,-3e-05,0.0,-1e-05,-1e-05,0
796,0.0,2e-05,1e-05,-7e-05,-1e-05,-2e-05,-1e-05,-2e-05,0
797,0.0,2e-05,1e-05,-7e-05,-1e-05,-2e-05,-1e-05,-2e-05,0
798,0.0,2e-05,1e-05,-7e-05,-1e-05,-2e-05,-1e-05,-2e-05,0
799,0.0,2e-05,1e-05,-7e-05,-1e-05,-2e-05,-1e-05,-2e-05,0
800,0.0,2e-05,1e-05,-7e-05,-1e-05,-2e-05,-1e-05,-2e-05,0
801,0.0,2e-05,1e-05,-7e-05,-1e-05,-2e-05,-1e-05,-2e-05,0
802,0.0,2e-05,1e-05,-7e-05,-1e-05,-2e-05,-1e-05,-2e-05,0
803,0.0,2e-05,1e-05,-7e-05,-1e-05,-2e-05,-1e-05,-2e-05,0
804,0.0,2e-05,1e-05,-7e-05,-1e-05,-2e-05,-1e-05,-2e-05,0
805,0.0,2e-05,1e-05,-7e-05,-1e-05,-2e-05,-1e-05,-2e-05,0
806,0.0,2e-05,1e-05,-7e-05,-1e-05,-2e-05,-1e-05,-2e-05,0
807,0.0,2e-05,1e-05,-7e-05,-1e-05,-2e-05,-1e-05,-2e-05,0
808,0.0,2e-05,1e-05,-7e-05,-1e-05,-2e-05,-1e-05,-2e-05,0
809,0.0,2e-05,1e-05,-7e-05,-1e-05,-2e-05,-1e-05,-2e-05,0
810,0.0,2e-05,1e-05,-7e-05,-1e-05,-2e-05,-1e-05,-2e-05,0
811,0.0,2e-05,1e-05,-7e-05,-1e-05,-2e-05,-1e-05,-2e-05,0
812,-2e-05,-2e-05,0.0,-4e-05,-3e-05,-1e-05,0.0,-1e-05,0
813,-1e-05,-2e-05,-4e-05,0.00015,3e-05,-1e-05,-1e-05,0.0,0
814,-1e-05,-2e-05,-4e-05,0.00015,3e-05,-1e-05,-1e-05,0.0,0
815,-1e-05,-2e-05,-4e-05,0.00015,3e-05,-1e-05,-1e-05,0.0,0
816,-1e-05,-2e-05,-4e-05,0.00015,3e-05,-1e-05,-1e-05,0.0,0
817,-1e-05,-2e-05,-4e-05,0.00015,3e-05,-1e-05,-1e-05,0.0,0
818,-1e-05,-2e-05,-4e-05,0.00015,3e-05,-1e-05,-1e-05,0.0,0
819,-1e-05,-2e-05,-4e-05,0.00015,3e-05,-1e-05,-1e-05,0.0,0
820,-1e-05,-2e-05,-4e-05,0.00015,3e-05,-1e-05,-1e-05,0.0,0
821,-1e-05,-2e-05,-4e-05,0.00015,3e-05,-1e-05,-1e-05,0.0,0
822,-1e-05,-2e-05,-4e-05,0.00015,3e-05,-1e-05,-1e-05,0.0,0
823,-1e-05,-2e-05,-4e-05,0.00015,3e-05,-1e-05,-1e-05,0.0,0
824,-1e-05,-2e-05,-4e-05,0.00015,3e-05,-1e-05,-1e-05,0.0,0
825,-1e-05,-2e-05,-4e-05,0.00015,3e-05,-1e-05,-1e-05,0.0,0
826,-3e-05,-1e-05,0.0,0.0,-1e-05,0.0,2e-05,-1e-05,0
827,-3e-05,-1e-05,0.0,0.0,-1e-05,0.0,2e-05,-1e-05,0
828,-3e-05,-1e-05,0.0,0.0,-1e-05,0.0,2e-05,-1e-05,0
829,-3e-05,-1e-05,0.0,0.0,-1e-05,0.0,2e-05,-1e-05,0
830,-3e-05,-1e-05,0.0,0.0,-1e-05,0.0,2e-05,-1e-05,0
831,-3e-05,-1e-05,0.0,0.0,-1e-05,0.0,2e-05,-1e-05,0
832,-3e-05,-1e-05,0.0,0.0,-1e-05,0.0,2e-05,-1e-05,0
833,-3e-05,-1e-05,0.0,0.0,-1e-05,0.0,2e-05,-1e-05,0
834,-3e-05,-1e-05,0.0,0.0,-1e-05,0.0,2e-05,-1e-05,0
835,-2e-05,-2e-05,-2e-05,-6e-05,0.0,-1e-05,-3e-05,-3e-05,0
837,1e-05,-2e-05,-2e-05,-2e-05,-2e-05,-1e-05,-1e-05,-3e-05,0
840,1e-05,-2e-05,-2e-05,-2e-05,-2e-05,-1e-05,-1e-05,-3e-05,0
841,1e-05,-2e-05,-2e-05,-2e-05,-2e-05,-1e-05,-1e-05,-3e-05,0
842,1e-05,-2e-05,-2e-05,-2e-05,-2e-05,-1e-05,-1e-05,-3e-05,0
843,1e-05,-2e-05,-2e-05,-2e-05,-2e-05,-1e-05,-1e-05,-3e-05,0
844,1e-05,-2e-05,-2e-05,-2e-05,-2e-05,-1e-05,-1e-05,-3e-05,0
845,1e-05,-2e-05,-2e-05,-2e-05,-2e-05,-1e-05,-1e-05,-3e-05,0
846,1e-05,-2e-05,-2e-05,-2e-05,-2e-05,-1e-05,-1e-05,-3e-05,0
847,1e-05,-2e-05,-2e-05,-2e-05,-2e-05,-1e-05,-1e-05,-3e-05,0
848,2e-05,0.0,0.0,2e-05,2e-05,-1e-05,-1e-05,0.0,0
849,-1e-05,1e-05,1e-05,-1e-05,-1e-05,1e-05,0.0,-2e-05,0
850,-1e-05,1e-05,1e-05,-1e-05,-1e-05,1e-05,0.0,-2e-05,0
851,-1e-05,1e-05,1e-05,-1e-05,-1e-05,1e-05,0.0,-2e-05,0
852,-1e-05,1e-05,1e-05,-1e-05,-1e-05,1e-05,0.0,-2e-05,0
853,-1e-05,1e-05,1e-05,-1e-05,-1e-05,1e-05,0.0,-2e-05,0
854,-1e-05,1e-05,1e-05,-1e-05,-1e-05,1e-05,0.0,-2e-05,0
855,-1e-05,1e-05,1e-05,-1e-05,-1e-05,1e-05,0.0,-2e-05,0
856,-1e-05,1e-05,1e-05,-1e-05,-1e-05,1e-05,0.0,-2e-05,0
857,-1e-05,1e-05,1e-05,-1e-05,-1e-05,1e-05,0.0,-2e-05,0
858,-1e-05,1e-05,1e-05,-1e-05,-1e-05,1e-05,0.0,-2e-05,0
859,-1e-05,1e-05,1e-05,-1e-05,-1e-05,1e-05,0.0,-2e-05,0
860,-1e-05,1e-05,1e-05,-1e-05,-1e-05,1e-05,0.0,-2e-05,0
861,-1e-05,1e-05,1e-05,-1e-05,-1e-05,1e-05,0.0,-2e-05,0
862,-1e-05,1e-05,1e-05,-1e-05,-1e-05,1e-05,0.0,-2e-05,0
863,-1e-05,1e-05,1e-05,-1e-05,-1e-05,1e-05,0.0,-2e-05,0
864,-1e-05,1e-05,1e-05,-1e-05,-1e-05,1e-05,0.0,-2e-05,0
865,0.0,-2e-05,0.0,-3e-05,-3e-05,1e-05,0.0,-1e-05,0
866,0.0,-2e-05,0.0,-3e-05,-3e-05,1e-05,0.0,-1e-05,0
867,0.0,-2e-05,0.0,-3e-05,-3e-05,1e-05,0.0,-1e-05,0
868,0.0,-2e-05,0.0,-3e-05,-3e-05,1e-05,0.0,-1e-05,0
869,0.0,-2e-05,0.0,-3e-05,-3e-05,1e-05,0.0,-1e-05,0
870,0.0,-2e-05,0.0,-3e-05,-3e-05,1e-05,0.0,-1e-05,0
871,0.0,-2e-05,0.0,-3e-05,-3e-05,1e-05,0.0,-1e-05,0
872,0.0,2e-05,5e-05,0.0,0.0,0.0,-1e-05,-1e-05,0
873,0.0,2e-05,5e-05,0.0,0.0,0.0,-1e-05,-1e-05,0
874,-2e-05,-5e-05,-4e-05,-5e-05,-2e-05,0.0,-2e-05,-1e-05,0
875,-2e-05,-5e-05,-4e-05,-5e-05,-2e-05,0.0,-2e-05,-1e-05,0
876,-2e-05,-5e-05,-4e-05,-5e-05,-2e-05,0.0,-2e-05,-1e-05,0
877,-2e-05,-5e-05,-4e-05,-5e-05,-2e-05,0.0,-2e-05,-1e-05,0
878,-2e-05,-5e-05,-4e-05,-5e-05,-2e-05,0.0,-2e-05,-1e-05,0
879,-2e-05,-5e-05,-4e-05,-5e-05,-2e-05,0.0,-2e-05,-1e-05,0
880,-2e-05,-5e-05,-4e-05,-5e-05,-2e-05,0.0,-2e-05,-1e-05,0
881,-2e-05,-5e-05,-4e-05,-5e-05,-2e-05,0.0,-2e-05,-1e-05,0
882,-2e-05,-5e-05,-4e-05,-5e-05,-2e-05,0.0,-2e-05,-1e-05,0
883,-2e-05,-5e-05,-4e-05,-5e-05,-2e-05,0.0,-2e-05,-1e-05,0
884,-2e-05,-5e-05,-4e-05,-5e-05,-2e-05,0.0,-2e-05,-1e-05,0
885,-2e-05,-5e-05,-4e-05,-5e-05,-2e-05,0.0,-2e-05,-1e-05,0
886,-2e-05,-5e-05,-4e-05,-5e-05,-2e-05,0.0,-2e-05,-1e-05,0
890,-2e-05,-5e-05,-4e-05,-5e-05,-2e-05,0.0,-2e-05,-1e-05,0
891,-2e-05,-5e-05,-4e-05,-5e-05,-2e-05,0.0,-2e-05,-1e-05,0
892,-2e-05,-5e-05,-4e-05,-5e-05,-2e-05,0.0,-2e-05,-1e-05,0
893,-2e-05,-5e-05,-4e-05,-5e-05,-2e-05,0.0,-2e-05,-1e-05,0
894,-2e-05,1e-05,-1e-05,4e-05,1e-05,-2e-05,-1e-05,-1e-05,0
895,0.0,-1e-05,1e-05,4e-05,1e-05,0.0,-1e-05,-1e-05,0
896,0.0,-1e-05,1e-05,4e-05,1e-05,0.0,-1e-05,-1e-05,0
897,0.0,-1e-05,1e-05,4e-05,1e-05,0.0,-1e-05,-1e-05,0
898,0.0,-1e-05,1e-05,4e-05,1e-05,0.0,-1e-05,-1e-05,0
899,0.0,-1e-05,1e-05,4e-05,1e-05,0.0,-1e-05,-1e-05,0
900,0.0,-1e-05,1e-05,4e-05,1e-05,0.0,-1e-05,-1e-05,0
901,0.0,-1e-05,1e-05,8e-05,1e-05,-2e-05,-1e-05,0.0,0
902,0.0,-1e-05,1e-05,8e-05,1e-05,-2e-05,-1e-05,0.0,0
903,0.0,-1e-05,1e-05,8e-05,1e-05,-2e-05,-1e-05,0.0,0
904,0.0,-1e-05,1e-05,8e-05,1e-05,-2e-05,-1e-05,0.0,0
905,0.0,-1e-05,1e-05,8e-05,1e-05,-2e-05,-1e-05,0.0,0
906,0.0,-1e-05,1e-05,8e-05,1e-05,-2e-05,-1e-05,0.0,0
907,0.0,-1e-05,1e-05,8e-05,1e-05,-2e-05,-1e-05,0.0,0
908,0.0,-1e-05,1e-05,8e-05,1e-05,-2e-05,-1e-05,0.0,0
909,0.0,-4e-05,-6e-05,-0.00011,-2e-05,0.0,0.0,0.0,0
910,0.0,-4e-05,-6e-05,-0.00011,-2e-05,0.0,0.0,0.0,0
911,0.0,-4e-05,-6e-05,-0.00011,-2e-05,0.0,0.0,0.0,0
912,0.0,-4e-05,-6e-05,-0.00011,-2e-05,0.0,0.0,0.0,0
913,0.0,-4e-05,-6e-05,-0.00011,-2e-05,0.0,0.0,0.0,0
914,0.0,-4e-05,-6e-05,-0.00011,-2e-05,0.0,0.0,0.0,0
915,0.0,-4e-05,-6e-05,-0.00011,-2e-05,0.0,0.0,0.0,0
916,1e-05,1e-05,1e-05,-5e-05,1e-05,0.0,-1e-05,-2e-05,0
917,1e-05,1e-05,1e-05,-5e-05,1e-05,0.0,-1e-05,-2e-05,0
918,1e-05,1e-05,1e-05,-5e-05,1e-05,0.0,-1e-05,-2e-05,0
919,1e-05,1e-05,1e-05,-5e-05,1e-05,0.0,-1e-05,-2e-05,0
920,1e-05,1e-05,1e-05,-5e-05,1e-05,0.0,-1e-05,-2e-05,0
921,1e-05,1e-05,1e-05,-5e-05,1e-05,0.0,-1e-05,-2e-05,0
922,1e-05,1e-05,1e-05,-5e-05,1e-05,0.0,-1e-05,-2e-05,0
923,1e-05,1e-05,1e-05,-5e-05,1e-05,0.0,-1e-05,-2e-05,0
924,1e-05,1e-05,1e-05,-5e-05,1e-05,0.0,-1e-05,-2e-05,0
925,1e-05,1e-05,1e-05,-5e-05,1e-05,0.0,-1e-05,-2e-05,0
926,1e-05,1e-05,1e-05,-5e-05,1e-05,0.0,-1e-05,-2e-05,0
927,1e-05,1e-05,1e-05,-5e-05,1e-05,0.0,-1e-05,-2e-05,0
928,1e-05,1e-05,1e-05,-5e-05,1e-05,0.0,-1e-05,-2e-05,0
929,1e-05,1e-05,1e-05,-5e-05,1e-05,0.0,-1e-05,-2e-05,0
930,1e-05,1e-05,1e-05,-5e-05,1e-05,0.0,-1e-05,-2e-05,0
931,1e-05,1e-05,1e-05,-5e-05,1e-05,0.0,-1e-05,-2e-05,0
932,-1e-05,2e-05,4e-05,0.0,-1e-05,0.0,0.0,0.0,0
933,-1e-05,2e-05,4e-05,0.0,-1e-05,0.0,0.0,0.0,0
934,-4e-05,-5e-05,-7e-05,-5e-05,-2e-05,-1e-05,0.0,1e-05,0
935,-4e-05,-5e-05,-7e-05,-5e-05,-2e-05,-1e-05,0.0,1e-05,0
936,-4e-05,-5e-05,-7e-05,-5e-05,-2e-05,-1e-05,0.0,1e-05,0
939,-4e-05,-5e-05,-7e-05,-5e-05,-2e-05,-1e-05,0.0,1e-05,0
940,-4e-05,-5e-05,-7e-05,-5e-05,-2e-05,-1e-05,0.0,1e-05,0
941,-4e-05,-5e-05,-7e-05,-5e-05,-2e-05,-1e-05,0.0,1e-05,0
942,-4e-05,-5e-05,-7e-05,-5e-05,-2e-05,-1e-05,0.0,1e-05,0
943,-4e-05,-5e-05,-7e-05,-5e-05,-2e-05,-1e-05,0.0,1e-05,0
944,-4e-05,-5e-05,-7e-05,-5e-05,-2e-05,-1e-05,0.0,1e-05,0
945,-4e-05,-5e-05,-7e-05,-5e-05,-2e-05,-1e-05,0.0,1e-05,0
946,-4e-05,-5e-05,-7e-05,-5e-05,-2e-05,-1e-05,0.0,1e-05,0
947,-4e-05,-5e-05,-7e-05,-5e-05,-2e-05,-1e-05,0.0,1e-05,0
948,-4e-05,-5e-05,-7e-05,-5e-05,-2e-05,-1e-05,0.0,1e-05,0
949,-4e-05,-5e-05,-7e-05,-5e-05,-2e-05,-1e-05,0.0,1e-05,0
950,-4e-05,-5e-05,-7e-05,-5e-05,-2e-05,-1e-05,0.0,1e-05,0
951,-4e-05,-5e-05,-7e-05,-5e-05,-2e-05,-1e-05,0.0,1e-05,0
952,-4e-05,-5e-05,-7e-05,-5e-05,-2e-05,-1e-05,0.0,1e-05,0
953,-4e-05,-5e-05,-7e-05,-5e-05,-2e-05,-1e-05,0.0,1e-05,0
954,-4e-05,-5e-05,-7e-05,-5e-05,-2e-05,-1e-05,0.0,1e-05,0
955,-2e-05,-3e-05,-4e-05,-5e-05,-1e-05,1e-05,-2e-05,-2e-05,0
956,1e-05,2e-05,2e-05,3e-05,0.0,0.0,0.0,1e-05,0
957,1e-05,2e-05,2e-05,3e-05,0.0,0.0,0.0,1e-05,0
958,1e-05,2e-05,2e-05,3e-05,0.0,0.0,0.0,1e-05,0
959,1e-05,2e-05,2e-05,3e-05,0.0,0.0,0.0,1e-05,0
960,1e-05,2e-05,2e-05,3e-05,0.0,0.0,0.0,1e-05,0
961,1e-05,2e-05,2e-05,3e-05,0.0,0.0,0.0,1e-05,0
962,1e-05,2e-05,2e-05,3e-05,0.0,0.0,0.0,1e-05,0
963,1e-05,2e-05,2e-05,3e-05,0.0,0.0,0.0,1e-05,0
964,1e-05,2e-05,2e-05,3e-05,0.0,0.0,0.0,1e-05,0
965,1e-05,2e-05,2e-05,3e-05,0.0,0.0,0.0,1e-05,0
966,1e-05,2e-05,2e-05,3e-05,0.0,0.0,0.0,1e-05,0
967,1e-05,2e-05,2e-05,3e-05,0.0,0.0,0.0,1e-05,0
968,1e-05,2e-05,2e-05,3e-05,0.0,0.0,0.0,1e-05,0
969,-2e-05,-1e-05,-5e-05,-5e-05,-3e-05,-1e-05,-1e-05,-1e-05,0
970,-2e-05,-1e-05,-5e-05,-5e-05,-3e-05,-1e-05,-1e-05,-1e-05,0
971,-2e-05,-1e-05,-5e-05,-5e-05,-3e-05,-1e-05,-1e-05,-1e-05,0
972,-2e-05,-1e-05,-5e-05,-5e-05,-3e-05,-1e-05,-1e-05,-1e-05,0
973,-2e-05,-1e-05,-5e-05,-5e-05,-3e-05,-1e-05,-1e-05,-1e-05,0
974,-2e-05,-1e-05,-5e-05,-5e-05,-3e-05,-1e-05,-1e-05,-1e-05,0
975,-2e-05,-1e-05,-5e-05,-5e-05,-3e-05,-1e-05,-1e-05,-1e-05,0
976,-2e-05,-1e-05,-5e-05,-5e-05,-3e-05,-1e-05,-1e-05,-1e-05,0
977,-2e-05,-1e-05,-5e-05,-5e-05,-3e-05,-1e-05,-1e-05,-1e-05,0
978,-2e-05,-1e-05,-5e-05,-5e-05,-3e-05,-1e-05,-1e-05,-1e-05,0
979,-2e-05,-1e-05,-5e-05,-5e-05,-3e-05,-1e-05,-1e-05,-1e-05,0
980,-2e-05,-1e-05,-5e-05,-5e-05,-3e-05,-1e-05,-1e-05,-1e-05,0
981,-2e-05,-1e-05,-5e-05,-5e-05,-3e-05,-1e-05,-1e-05,-1e-05,0
982,-2e-05,-1e-05,-5e-05,-5e-05,-3e-05,-1e-05,-1e-05,-1e-05,0
983,1e-05,4e-05,5e-05,2e-05,0.0,-2e-05,-1e-05,-2e-05,0
984,1e-05,4e-05,5e-05,2e-05,0.0,-2e-05,-1e-05,-2e-05,0
985,1e-05,4e-05,5e-05,2e-05,0.0,-2e-05,-1e-05,-2e-05,0
986,1e-05,4e-05,5e-05,2e-05,0.0,-2e-05,-1e-05,-2e-05,0
989,1e-05,4e-05,5e-05,2e-05,0.0,-2e-05,-1e-05,-2e-05,0
990,1e-05,4e-05,5e-05,2e-05,0.0,-2e-05,-1e-05,-2e-05,0
991,1e-05,4e-05,5e-05,2e-05,0.0,-2e-05,-1e-05,-2e-05,0
992,-2e-05,-4e-05,-4e-05,2e-05,-1e-05,0.0,-1e-05,-2e-05,0
993,-2e-05,-4e-05,-4e-05,2e-05,-1e-05,0.0,-1e-05,-2e-05,0
994,-2e-05,-1e-05,0.0,-4e-05,-3e-05,-1e-05,0.0,-1e-05,0
995,-2e-05,-1e-05,0.0,-4e-05,-3e-05,-1e-05,0.0,-1e-05,0
996,-2e-05,-1e-05,0.0,-4e-05,-3e-05,-1e-05,0.0,-1e-05,0
997,-2e-05,-1e-05,0.0,-4e-05,-3e-05,-1e-05,0.0,-1e-05,0
998,-2e-05,-1e-05,0.0,-4e-05,-3e-05,-1e-05,0.0,-1e-05,0
999,-2e-05,-1e-05,0.0,-4e-05,-3e-05,-1e-05,0.0,-1e-05,0
1000,-2e-05,-1e-05,0.0,-4e-05,-3e-05,-1e-05,0.0,-1e-05,0
1001,-2e-05,-1e-05,0.0,-4e-05,-3e-05,-1e-05,0.0,-1e-05,0
1002,-2e-05,-1e-05,0.0,-4e-05,-3e-05,-1e-05,0.0,-1e-05,0
1003,-2e-05,-1e-05,0.0,-4e-05,-3e-05,-1e-05,0.0,-1e-05,0
1004,-2e-05,-1e-05,0.0,-4e-05,-3e-05,-1e-05,0.0,-1e-05,0
1005,-2e-05,-1e-05,0.0,-4e-05,-3e-05,-1e-05,0.0,-1e-05,0
1006,-2e-05,-1e-05,0.0,-4e-05,-3e-05,-1e-05,0.0,-1e-05,0
1007,-2e-05,-1e-05,0.0,-4e-05,-3e-05,-1e-05,0.0,-1e-05,0
1009,-2e-05,-1e-05,0.0,-4e-05,-3e-05,-1e-05,0.0,-1e-05,0
1010,-2e-05,-1e-05,0.0,-4e-05,-3e-05,-1e-05,0.0,-1e-05,0
1012,-2e-05,-1e-05,0.0,-4e-05,-3e-05,-1e-05,0.0,-1e-05,0
1014,-2e-05,-1e-05,0.0,-4e-05,-3e-05,-1e-05,0.0,-1e-05,0
1017,-2e-05,-1e-05,0.0,-4e-05,-3e-05,-1e-05,0.0,-1e-05,0
1018,-2e-05,-1e-05,0.0,-4e-05,-3e-05,-1e-05,0.0,-1e-05,0
1019,-2e-05,-1e-05,0.0,-4e-05,-3e-05,-1e-05,0.0,-1e-05,0
1020,-2e-05,-1e-05,0.0,-4e-05,-3e-05,-1e-05,0.0,-1e-05,0
1021,-2e-05,-1e-05,0.0,-4e-05,-3e-05,-1e-05,0.0,-1e-05,0
1022,-2e-05,-1e-05,0.0,-4e-05,-3e-05,-1e-05,0.0,-1e-05,0
1023,-2e-05,-1e-05,0.0,-4e-05,-3e-05,-1e-05,0.0,-1e-05,0
1024,-2e-05,-1e-05,0.0,-4e-05,-3e-05,-1e-05,0.0,-1e-05,0
1025,-2e-05,-1e-05,0.0,-4e-05,-3e-05,-1e-05,0.0,-1e-05,0
1026,-2e-05,-1e-05,0.0,-4e-05,-3e-05,-1e-05,0.0,-1e-05,0
1027,-2e-05,-1e-05,0.0,-4e-05,-3e-05,-1e-05,0.0,-1e-05,0
1028,-2e-05,-1e-05,0.0,-4e-05,-3e-05,-1e-05,0.0,-1e-05,0
1029,-2e-05,0.0,-2e-05,-2e-05,0.0,0.0,-2e-05,-1e-05,0
1030,-2e-05,0.0,-2e-05,-2e-05,0.0,0.0,-2e-05,-1e-05,0
1031,-2e-05,0.0,-2e-05,-2e-05,0.0,0.0,-2e-05,-1e-05,0
1032,-2e-05,0.0,-2e-05,-2e-05,0.0,0.0,-2e-05,-1e-05,0
1033,-2e-05,0.0,-2e-05,-2e-05,0.0,0.0,-2e-05,-1e-05,0
1034,-2e-05,0.0,-2e-05,-2e-05,0.0,0.0,-2e-05,-1e-05,0
1035,-2e-05,0.0,-2e-05,-2e-05,0.0,0.0,-2e-05,-1e-05,0
1038,-2e-05,0.0,-2e-05,-2e-05,0.0,0.0,-2e-05,-1e-05,0
1041,2e-05,2e-05,2e-05,0.0,2e-05,-1e-05,-3e-05,1e-05,0
1042,2e-05,2e-05,2e-05,0.0,2e-05,-1e-05,-3e-05,1e-05,0
1043,2e-05,2e-05,2e-05,0.0,2e-05,-1e-05,-3e-05,1e-05,0
1044,2e-05,2e-05,2e-05,0.0,2e-05,-1e-05,-3e-05,1e-05,0
1045,2e-05,2e-05,2e-05,0.0,2e-05,-1e-05,-3e-05,1e-05,0
1046,2e-05,2e-05,2e-05,0.0,2e-05,-1e-05,-3e-05,1e-05,0
1047,2e-05,2e-05,2e-05,0.0,2e-05,-1e-05,-3e-05,1e-05,0
1048,2e-05,2e-05,2e-05,0.0,2e-05,-1e-05,-3e-05,1e-05,0
1049,2e-05,2e-05,2e-05,0.0,2e-05,-1e-05,-3e-05,1e-05,0
1050,2e-05,2e-05,2e-05,0.0,2e-05,-1e-05,-3e-05,1e-05,0
1051,2e-05,2e-05,2e-05,0.0,2e-05,-1e-05,-3e-05,1e-05,0
1052,-2e-05,-4e-05,-3e-05,-1e-05,-2e-05,-1e-05,-1e-05,0.0,0
1053,-1e-05,-4e-05,-5e-05,-3e-05,-1e-05,-3e-05,-2e-05,-2e-05,0
1054,-1e-05,1e-05,-2e-05,-3e-05,-2e-05,-2e-05,-1e-05,-1e-05,0
1055,-1e-05,1e-05,-2e-05,-3e-05,-2e-05,-2e-05,-1e-05,-1e-05,0
1056,-1e-05,1e-05,-2e-05,-3e-05,-2e-05,-2e-05,-1e-05,-1e-05,0
1057,-1e-05,1e-05,-2e-05,-3e-05,-2e-05,-2e-05,-1e-05,-1e-05,0
1058,-1e-05,1e-05,-2e-05,-3e-05,-2e-05,-2e-05,-1e-05,-1e-05,0
1059,-1e-05,1e-05,-2e-05,-3e-05,-2e-05,-2e-05,-1e-05,-1e-05,0
1060,-1e-05,1e-05,-2e-05,-3e-05,-2e-05,-2e-05,-1e-05,-1e-05,0
1061,-1e-05,1e-05,-2e-05,-3e-05,-2e-05,-2e-05,-1e-05,-1e-05,0
1062,-1e-05,1e-05,-2e-05,-3e-05,-2e-05,-2e-05,-1e-05,-1e-05,0
1063,-1e-05,1e-05,-2e-05,-3e-05,-2e-05,-2e-05,-1e-05,-1e-05,0
1064,-1e-05,1e-05,-2e-05,-3e-05,-2e-05,-2e-05,-1e-05,-1e-05,0
1065,-1e-05,1e-05,-2e-05,-3e-05,-2e-05,-2e-05,-1e-05,-1e-05,0
1066,-1e-05,1e-05,-2e-05,-3e-05,-2e-05,-2e-05,-1e-05,-1e-05,0
1067,-1e-05,1e-05,-2e-05,-3e-05,-2e-05,-2e-05,-1e-05,-1e-05,0
1068,-1e-05,1e-05,-2e-05,-3e-05,-2e-05,-2e-05,-1e-05,-1e-05,0
1069,-1e-05,1e-05,-2e-05,-3e-05,-2e-05,-2e-05,-1e-05,-1e-05,0
1070,-1e-05,1e-05,-2e-05,-3e-05,-2e-05,-2e-05,-1e-05,-1e-05,0
1071,-1e-05,1e-05,-2e-05,-3e-05,-2e-05,-2e-05,-1e-05,-1e-05,0
1072,-1e-05,1e-05,-2e-05,-3e-05,-2e-05,-2e-05,-1e-05,-1e-05,0
1073,-1e-05,1e-05,-2e-05,-3e-05,-2e-05,-2e-05,-1e-05,-1e-05,0
1074,-2e-05,0.0,0.0,4e-05,3e-05,0.0,-3e-05,-1e-05,0
1075,1e-05,3e-05,6e-05,1e-05,1e-05,0.0,-1e-05,-2e-05,0
1076,-4e-05,-5e-05,-7e-05,-3e-05,1e-05,-2e-05,-2e-05,-2e-05,0
1077,-4e-05,-5e-05,-7e-05,-3e-05,1e-05,-2e-05,-2e-05,-2e-05,0
1078,-4e-05,-5e-05,-7e-05,-3e-05,1e-05,-2e-05,-2e-05,-2e-05,0
1079,-4e-05,-5e-05,-7e-05,-3e-05,1e-05,-2e-05,-2e-05,-2e-05,0
1080,-4e-05,-5e-05,-7e-05,-3e-05,1e-05,-2e-05,-2e-05,-2e-05,0
1081,-4e-05,-5e-05,-7e-05,-3e-05,1e-05,-2e-05,-2e-05,-2e-05,0
1082,-4e-05,-5e-05,-7e-05,-3e-05,1e-05,-2e-05,-2e-05,-2e-05,0
1083,-4e-05,-5e-05,-7e-05,-3e-05,1e-05,-2e-05,-2e-05,-2e-05,0
1084,-4e-05,-5e-05,-7e-05,-3e-05,1e-05,-2e-05,-2e-05,-2e-05,0
1085,-4e-05,-5e-05,-7e-05,-3e-05,1e-05,-2e-05,-2e-05,-2e-05,0
1086,-4e-05,-5e-05,-7e-05,-3e-05,1e-05,-2e-05,-2e-05,-2e-05,0
1088,-4e-05,-5e-05,-7e-05,-3e-05,1e-05,-2e-05,-2e-05,-2e-05,0
1089,-1e-05,-1e-05,0.0,-1e-05,-1e-05,1e-05,-2e-05,0.0,0
1090,-1e-05,-1e-05,0.0,-1e-05,-1e-05,1e-05,-2e-05,0.0,0
1091,-1e-05,-1e-05,0.0,-1e-05,-1e-05,1e-05,-2e-05,0.0,0
1092,-1e-05,-1e-05,0.0,-1e-05,-1e-05,1e-05,-2e-05,0.0,0
1093,-1e-05,-1e-05,0.0,-1e-05,-1e-05,1e-05,-2e-05,0.0,0
1094,-1e-05,-1e-05,0.0,-1e-05,-1e-05,1e-05,-2e-05,0.0,0
1095,-1e-05,-1e-05,0.0,-1e-05,-1e-05,1e-05,-2e-05,0.0,0
1096,-1e-05,-1e-05,0.0,-1e-05,-1e-05,1e-05,-2e-05,0.0,0
1097,-1e-05,-1e-05,0.0,-1e-05,-1e-05,1e-05,-2e-05,0.0,0
1098,-1e-05,-1e-05,0.0,-1e-05,-1e-05,1e-05,-2e-05,0.0,0
1099,-1e-05,-1e-05,0.0,-1e-05,-1e-05,1e-05,-2e-05,0.0,0
1100,-1e-05,-1e-05,0.0,-1e-05,-1e-05,1e-05,-2e-05,0.0,0
1101,-1e-05,-1e-05,0.0,-1e-05,-1e-05,1e-05,-2e-05,0.0,0
1102,-1e-05,-1e-05,0.0,-1e-05,-1e-05,1e-05,-2e-05,0.0,0
1103,-1e-05,-1e-05,0.0,-1e-05,-1e-05,1e-05,-2e-05,0.0,0
1104,-1e-05,-1e-05,0.0,-1e-05,-1e-05,1e-05,-2e-05,0.0,0
1105,-1e-05,1e-05,1e-05,0.0,-4e-05,-2e-05,0.0,0.0,0
1106,-1e-05,1e-05,1e-05,0.0,-4e-05,-2e-05,0.0,0.0,0
1107,-1e-05,1e-05,1e-05,0.0,-4e-05,-2e-05,0.0,0.0,0
1108,-1e-05,1e-05,1e-05,0.0,-4e-05,-2e-05,0.0,0.0,0
1109,-1e-05,1e-05,1e-05,0.0,-4e-05,-2e-05,0.0,0.0,0
1110,-1e-05,1e-05,1e-05,0.0,-4e-05,-2e-05,0.0,0.0,0
1111,-1e-05,1e-05,1e-05,0.0,-4e-05,-2e-05,0.0,0.0,0
1112,0.0,1e-05,1e-05,-2e-05,-1e-05,-1e-05,0.0,-3e-05,0
1113,0.0,1e-05,1e-05,-2e-05,-1e-05,-1e-05,0.0,-3e-05,0
1114,0.0,-2e-05,0.0,0.00023,3e-05,0.0,-1e-05,0.0,0
1115,0.0,-2e-05,0.0,0.00023,3e-05,0.0,-1e-05,0.0,0
1116,0.0,-2e-05,0.0,0.00023,3e-05,0.0,-1e-05,0.0,0
1117,0.0,-2e-05,0.0,0.00023,3e-05,0.0,-1e-05,0.0,0
1118,0.0,-2e-05,0.0,0.00023,3e-05,0.0,-1e-05,0.0,0
1119,0.0,-2e-05,0.0,0.00023,3e-05,0.0,-1e-05,0.0,0
1120,0.0,-2e-05,0.0,0.00023,3e-05,0.0,-1e-05,0.0,0
1121,0.0,-2e-05,0.0,0.00023,3e-05,0.0,-1e-05,0.0,0
1122,0.0,-2e-05,0.0,0.00023,3e-05,0.0,-1e-05,0.0,0
1123,0.0,-2e-05,0.0,0.00023,3e-05,0.0,-1e-05,0.0,0
1124,0.0,-2e-05,0.0,0.00023,3e-05,0.0,-1e-05,0.0,0
1125,0.0,-2e-05,0.0,0.00023,3e-05,0.0,-1e-05,0.0,0
1126,0.0,-2e-05,0.0,0.00023,3e-05,0.0,-1e-05,0.0,0
1127,0.0,-2e-05,0.0,0.00023,3e-05,0.0,-1e-05,0.0,0
1128,0.0,-2e-05,0.0,0.00023,3e-05,0.0,-1e-05,0.0,0
1129,0.0,-2e-05,0.0,0.00023,3e-05,0.0,-1e-05,0.0,0
1130,0.0,-2e-05,0.0,0.00023,3e-05,0.0,-1e-05,0.0,0
1131,0.0,-2e-05,0.0,0.00023,3e-05,0.0,-1e-05,0.0,0
1132,0.0,-2e-05,0.0,0.00023,3e-05,0.0,-1e-05,0.0,0
1133,0.0,-2e-05,0.0,0.00023,3e-05,0.0,-1e-05,0.0,0
1134,0.0,-2e-05,0.0,0.00023,3e-05,0.0,-1e-05,0.0,0
1135,0.0,-2e-05,0.0,0.00023,3e-05,0.0,-1e-05,0.0,0
1136,0.0,-2e-05,0.0,0.00023,3e-05,0.0,-1e-05,0.0,0
1138,0.0,-2e-05,0.0,0.00023,3e-05,0.0,-1e-05,0.0,0
1139,0.0,-2e-05,0.0,0.00023,3e-05,0.0,-1e-05,0.0,0
1140,0.0,-2e-05,0.0,0.00023,3e-05,0.0,-1e-05,0.0,0
1141,0.0,-2e-05,0.0,0.00023,3e-05,0.0,-1e-05,0.0,0
1145,0.0,-2e-05,0.0,0.00023,3e-05,0.0,-1e-05,0.0,0
1146,-4e-05,2e-05,-1e-05,-8e-05,-4e-05,-1e-05,0.0,-2e-05,0
1147,-4e-05,2e-05,-1e-05,-8e-05,-4e-05,-1e-05,0.0,-2e-05,0
1148,-4e-05,2e-05,-1e-05,-8e-05,-4e-05,-1e-05,0.0,-2e-05,0
1149,-1e-05,1e-05,-1e-05,-2e-05,1e-05,0.0,-2e-05,0.0,0
1150,-2e-05,-4e-05,-3e-05,1e-05,-1e-05,-1e-05,1e-05,-1e-05,0
1151,-2e-05,-4e-05,-3e-05,1e-05,-1e-05,-1e-05,1e-05,-1e-05,0
1153,-2e-05,-4e-05,-3e-05,1e-05,-1e-05,-1e-05,1e-05,-1e-05,0
1154,-2e-05,-4e-05,-3e-05,1e-05,-1e-05,-1e-05,1e-05,-1e-05,0
1155,-2e-05,-4e-05,-3e-05,1e-05,-1e-05,-1e-05,1e-05,-1e-05,0
1156,-2e-05,-4e-05,-3e-05,1e-05,-1e-05,-1e-05,1e-05,-1e-05,0
1157,-2e-05,-4e-05,-3e-05,1e-05,-1e-05,-1e-05,1e-05,-1e-05,0
1158,-2e-05,-4e-05,-3e-05,1e-05,-1e-05,-1e-05,1e-05,-1e-05,0
1159,-2e-05,-4e-05,-3e-05,1e-05,-1e-05,-1e-05,1e-05,-1e-05,0
1160,-2e-05,-4e-05,-3e-05,1e-05,-1e-05,-1e-05,1e-05,-1e-05,0
1161,-2e-05,-4e-05,-3e-05,1e-05,-1e-05,-1e-05,1e-05,-1e-05,0
1162,-2e-05,-4e-05,-3e-05,1e-05,-1e-05,-1e-05,1e-05,-1e-05,0
1163,-3e-05,-2e-05,-3e-05,-4e-05,-1e-05,0.0,0.0,-2e-05,0
1164,-3e-05,-2e-05,-3e-05,-4e-05,-1e-05,0.0,0.0,-2e-05,0
1165,-3e-05,-2e-05,-3e-05,-4e-05,-1e-05,0.0,0.0,-2e-05,0
1166,-3e-05,-2e-05,-3e-05,-4e-05,-1e-05,0.0,0.0,-2e-05,0
1167,-3e-05,-2e-05,-3e-05,-4e-05,-1e-05,0.0,0.0,-2e-05,0
1168,-3e-05,-2e-05,-3e-05,-4e-05,-1e-05,0.0,0.0,-2e-05,0
1169,-3e-05,-2e-05,-3e-05,-4e-05,-1e-05,0.0,0.0,-2e-05,0
1170,-3e-05,-2e-05,-3e-05,-4e-05,-1e-05,0.0,0.0,-2e-05,0
1171,-3e-05,-2e-05,-3e-05,-4e-05,-1e-05,0.0,0.0,-2e-05,0
1172,-3e-05,0.0,-3e-05,-7e-05,-3e-05,-1e-05,-2e-05,-1e-05,0
1173,-3e-05,0.0,-3e-05,-7e-05,-3e-05,-1e-05,-2e-05,-1e-05,0
1174,-3e-05,0.0,-3e-05,-7e-05,-3e-05,-1e-05,-2e-05,-1e-05,0
1175,-3e-05,0.0,-3e-05,-7e-05,-3e-05,-1e-05,-2e-05,-1e-05,0
1176,-3e-05,0.0,-3e-05,-7e-05,-3e-05,-1e-05,-2e-05,-1e-05,0
1177,-3e-05,0.0,-3e-05,-7e-05,-3e-05,-1e-05,-2e-05,-1e-05,0
1178,-1e-05,-1e-05,1e-05,-1e-05,0.0,-1e-05,0.0,0.0,0
1179,-1e-05,-1e-05,1e-05,-1e-05,0.0,-1e-05,0.0,0.0,0
1180,-1e-05,-1e-05,1e-05,-1e-05,0.0,-1e-05,0.0,0.0,0
1181,-1e-05,-1e-05,1e-05,-1e-05,0.0,-1e-05,0.0,0.0,0
1182,-1e-05,-1e-05,1e-05,-1e-05,0.0,-1e-05,0.0,0.0,0
1183,-1e-05,-1e-05,1e-05,-1e-05,0.0,-1e-05,0.0,0.0,0
1184,-1e-05,-1e-05,1e-05,-1e-05,0.0,-1e-05,0.0,0.0,0
1185,-1e-05,-1e-05,1e-05,-1e-05,0.0,-1e-05,0.0,0.0,0
1186,-1e-05,-1e-05,1e-05,-1e-05,0.0,-1e-05,0.0,0.0,0
1188,-1e-05,-1e-05,1e-05,-1e-05,0.0,-1e-05,0.0,0.0,0
1189,-1e-05,-1e-05,1e-05,-1e-05,0.0,-1e-05,0.0,0.0,0
1190,-1e-05,-1e-05,1e-05,-1e-05,0.0,-1e-05,0.0,0.0,0
1191,-1e-05,-1e-05,1e-05,-1e-05,0.0,-1e-05,0.0,0.0,0
1192,-1e-05,-1e-05,1e-05,-1e-05,0.0,-1e-05,0.0,0.0,0
1193,-1e-05,-1e-05,1e-05,-1e-05,0.0,-1e-05,0.0,0.0,0
1194,-4e-05,-3e-05,-2e-05,-4e-05,-4e-05,-1e-05,-1e-05,-1e-05,0
1195,-3e-05,-2e-05,0.0,-4e-05,-2e-05,0.0,-2e-05,-1e-05,0
1196,-1e-05,0.0,-2e-05,-4e-05,-2e-05,-1e-05,-2e-05,-1e-05,0
1197,-1e-05,0.0,-2e-05,-4e-05,-2e-05,-1e-05,-2e-05,-1e-05,0
1198,-1e-05,0.0,-2e-05,-4e-05,-2e-05,-1e-05,-2e-05,-1e-05,0
1199,-1e-05,0.0,-2e-05,-4e-05,-2e-05,-1e-05,-2e-05,-1e-05,0
1200,-1e-05,0.0,-2e-05,-4e-05,-2e-05,-1e-05,-2e-05,-1e-05,0
1201,-1e-05,0.0,-2e-05,-4e-05,-2e-05,-1e-05,-2e-05,-1e-05,0
1202,-1e-05,0.0,-2e-05,-4e-05,-2e-05,-1e-05,-2e-05,-1e-05,0
1203,-1e-05,0.0,-2e-05,-4e-05,-2e-05,-1e-05,-2e-05,-1e-05,0
1204,-1e-05,0.0,-2e-05,-4e-05,-2e-05,-1e-05,-2e-05,-1e-05,0
1205,-1e-05,0.0,-2e-05,-4e-05,-2e-05,-1e-05,-2e-05,-1e-05,0
1206,-1e-05,0.0,-2e-05,-4e-05,-2e-05,-1e-05,-2e-05,-1e-05,0
1207,-1e-05,0.0,-2e-05,-4e-05,-2e-05,-1e-05,-2e-05,-1e-05,0
1208,-1e-05,0.0,-2e-05,-4e-05,-2e-05,-1e-05,-2e-05,-1e-05,0
1209,2e-05,1e-05,2e-05,0.00016,2e-05,0.0,-2e-05,0.0,0
1210,2e-05,1e-05,2e-05,0.00016,2e-05,0.0,-2e-05,0.0,0
1211,2e-05,1e-05,2e-05,0.00016,2e-05,0.0,-2e-05,0.0,0
1212,2e-05,1e-05,2e-05,0.00016,2e-05,0.0,-2e-05,0.0,0
1213,2e-05,1e-05,2e-05,0.00016,2e-05,0.0,-2e-05,0.0,0
1214,2e-05,1e-05,2e-05,0.00016,2e-05,0.0,-2e-05,0.0,0
1215,2e-05,1e-05,2e-05,0.00016,2e-05,0.0,-2e-05,0.0,0
1216,2e-05,1e-05,2e-05,0.00016,2e-05,0.0,-2e-05,0.0,0
1217,2e-05,1e-05,2e-05,0.00016,2e-05,0.0,-2e-05,0.0,0
1218,2e-05,1e-05,2e-05,0.00016,2e-05,0.0,-2e-05,0.0,0
1219,2e-05,1e-05,2e-05,0.00016,2e-05,0.0,-2e-05,0.0,0
1220,2e-05,1e-05,2e-05,0.00016,2e-05,0.0,-2e-05,0.0,0
1221,2e-05,1e-05,2e-05,0.00016,2e-05,0.0,-2e-05,0.0,0
1222,2e-05,1e-05,2e-05,0.00016,2e-05,0.0,-2e-05,0.0,0
1223,2e-05,1e-05,2e-05,0.00016,2e-05,0.0,-2e-05,0.0,0
1224,2e-05,1e-05,2e-05,0.00016,2e-05,0.0,-2e-05,0.0,0
1225,-2e-05,-2e-05,-3e-05,-5e-05,-3e-05,-2e-05,0.0,-1e-05,0
1226,1e-05,-1e-05,-1e-05,-4e-05,-1e-05,-1e-05,2e-05,0.0,0
1227,1e-05,-1e-05,-1e-05,-4e-05,-1e-05,-1e-05,2e-05,0.0,0
1228,1e-05,-1e-05,-1e-05,-4e-05,-1e-05,-1e-05,2e-05,0.0,0
1229,1e-05,-1e-05,-1e-05,-4e-05,-1e-05,-1e-05,2e-05,0.0,0
1230,1e-05,-1e-05,-1e-05,-4e-05,-1e-05,-1e-05,2e-05,0.0,0
1231,1e-05,-1e-05,-1e-05,-4e-05,-1e-05,-1e-05,2e-05,0.0,0
1232,-3e-05,-6e-05,-6e-05,-8e-05,-3e-05,-1e-05,-2e-05,-1e-05,0
1233,-3e-05,-6e-05,-6e-05,-8e-05,-3e-05,-1e-05,-2e-05,-1e-05,0
1234,-4e-05,-4e-05,-4e-05,1e-05,-1e-05,-1e-05,-2e-05,-1e-05,0
1235,-4e-05,-4e-05,-4e-05,1e-05,-1e-05,-1e-05,-2e-05,-1e-05,0
1236,-4e-05,-4e-05,-4e-05,1e-05,-1e-05,-1e-05,-2e-05,-1e-05,0
1239,-4e-05,-4e-05,-4e-05,1e-05,-1e-05,-1e-05,-2e-05,-1e-05,0
1240,-4e-05,-4e-05,-4e-05,1e-05,-1e-05,-1e-05,-2e-05,-1e-05,0
1241,-4e-05,-4e-05,-4e-05,1e-05,-1e-05,-1e-05,-2e-05,-1e-05,0
1242,-4e-05,-4e-05,-4e-05,1e-05,-1e-05,-1e-05,-2e-05,-1e-05,0
1243,-4e-05,-4e-05,-4e-05,1e-05,-1e-05,-1e-05,-2e-05,-1e-05,0
1244,-4e-05,-4e-05,-4e-05,1e-05,-1e-05,-1e-05,-2e-05,-1e-05,0
1245,-4e-05,-4e-05,-4e-05,1e-05,-1e-05,-1e-05,-2e-05,-1e-05,0
1246,-4e-05,-4e-05,-4e-05,1e-05,-1e-05,-1e-05,-2e-05,-1e-05,0
1247,-4e-05,-4e-05,-4e-05,1e-05,-1e-05,-1e-05,-2e-05,-1e-05,0
1248,-4e-05,-4e-05,-4e-05,1e-05,-1e-05,-1e-05,-2e-05,-1e-05,0
1249,-4e-05,-4e-05,-4e-05,1e-05,-1e-05,-1e-05,-2e-05,-1e-05,0
1250,-4e-05,-4e-05,-4e-05,1e-05,-1e-05,-1e-05,-2e-05,-1e-05,0
1251,-4e-05,-4e-05,-4e-05,1e-05,-1e-05,-1e-05,-2e-05,-1e-05,0
1252,-4e-05,-4e-05,-4e-05,1e-05,-1e-05,-1e-05,-2e-05,-1e-05,0
1253,-4e-05,-4e-05,-4e-05,1e-05,-1e-05,-1e-05,-2e-05,-1e-05,0
1254,-4e-05,-4e-05,-4e-05,1e-05,-1e-05,-1e-05,-2e-05,-1e-05,0
1255,-4e-05,-4e-05,-4e-05,1e-05,-1e-05,-1e-05,-2e-05,-1e-05,0
1256,-4e-05,-4e-05,-4e-05,1e-05,-1e-05,-1e-05,-2e-05,-1e-05,0
1257,-4e-05,-4e-05,-4e-05,1e-05,-1e-05,-1e-05,-2e-05,-1e-05,0
1258,-4e-05,-4e-05,-4e-05,1e-05,-1e-05,-1e-05,-2e-05,-1e-05,0
1259,-4e-05,-4e-05,-4e-05,1e-05,-1e-05,-1e-05,-2e-05,-1e-05,0
1260,-4e-05,-4e-05,-4e-05,1e-05,-1e-05,-1e-05,-2e-05,-1e-05,0
1261,-4e-05,-4e-05,-4e-05,1e-05,-1e-05,-1e-05,-2e-05,-1e-05,0
1262,-2e-05,-1e-05,-4e-05,-7e-05,-2e-05,0.0,-1e-05,-2e-05,0
1263,-2e-05,-1e-05,-4e-05,-7e-05,-2e-05,0.0,-1e-05,-2e-05,0
1264,1e-05,-1e-05,0.0,-1e-05,-1e-05,-1e-05,0.0,-1e-05,0
1265,1e-05,-1e-05,0.0,-1e-05,-1e-05,-1e-05,0.0,-1e-05,0
1266,1e-05,-1e-05,0.0,-1e-05,-1e-05,-1e-05,0.0,-1e-05,0
1267,1e-05,-1e-05,0.0,-1e-05,-1e-05,-1e-05,0.0,-1e-05,0
1268,0.0,-1e-05,-1e-05,-2e-05,-1e-05,-1e-05,0.0,-2e-05,0
1269,0.0,-1e-05,-1e-05,-2e-05,-1e-05,-1e-05,0.0,-2e-05,0
1270,0.0,-1e-05,-1e-05,-2e-05,-1e-05,-1e-05,0.0,-2e-05,0
1271,0.0,-1e-05,-1e-05,-2e-05,-1e-05,-1e-05,0.0,-2e-05,0
1272,0.0,-1e-05,-1e-05,-2e-05,-1e-05,-1e-05,0.0,-2e-05,0
1273,0.0,-1e-05,-1e-05,-2e-05,-1e-05,-1e-05,0.0,-2e-05,0
1274,0.0,-1e-05,-1e-05,-2e-05,-1e-05,-1e-05,0.0,-2e-05,0
1275,0.0,-1e-05,-1e-05,-2e-05,-1e-05,-1e-05,0.0,-2e-05,0
1276,0.0,-1e-05,-1e-05,-2e-05,-1e-05,-1e-05,0.0,-2e-05,0
1277,1e-05,1e-05,1e-05,-3e-05,-4e-05,-2e-05,-2e-05,0.0,0
1278,1e-05,1e-05,1e-05,-3e-05,-4e-05,-2e-05,-2e-05,0.0,0
1279,1e-05,1e-05,1e-05,-3e-05,-4e-05,-2e-05,-2e-05,0.0,0
1280,1e-05,1e-05,1e-05,-3e-05,-4e-05,-2e-05,-2e-05,0.0,0
1281,1e-05,1e-05,1e-05,-3e-05,-4e-05,-2e-05,-2e-05,0.0,0
1282,1e-05,1e-05,1e-05,-3e-05,-4e-05,-2e-05,-2e-05,0.0,0
1283,1e-05,1e-05,1e-05,-3e-05,-4e-05,-2e-05,-2e-05,0.0,0
1284,1e-05,1e-05,1e-05,-3e-05,-4e-05,-2e-05,-2e-05,0.0,0
1285,1e-05,1e-05,1e-05,-3e-05,-4e-05,-2e-05,-2e-05,0.0,0
1286,1e-05,1e-05,1e-05,-3e-05,-4e-05,-2e-05,-2e-05,0.0,0
1288,1e-05,1e-05,1e-05,-3e-05,-4e-05,-2e-05,-2e-05,0.0,0
1289,1e-05,1e-05,1e-05,-3e-05,-4e-05,-2e-05,-2e-05,0.0,0
1290,1e-05,1e-05,1e-05,-3e-05,-4e-05,-2e-05,-2e-05,0.0,0
1291,1e-05,1e-05,1e-05,-3e-05,-4e-05,-2e-05,-2e-05,0.0,0
1292,1e-05,1e-05,1e-05,-3e-05,-4e-05,-2e-05,-2e-05,0.0,0
1293,1e-05,1e-05,1e-05,-3e-05,-4e-05,-2e-05,-2e-05,0.0,0
1294,1e-05,1e-05,1e-05,-3e-05,-4e-05,-2e-05,-2e-05,0.0,0
1295,1e-05,1e-05,1e-05,-3e-05,-4e-05,-2e-05,-2e-05,0.0,0
1296,1e-05,1e-05,1e-05,-3e-05,-4e-05,-2e-05,-2e-05,0.0,0
1297,1e-05,1e-05,1e-05,-3e-05,-4e-05,-2e-05,-2e-05,0.0,0
1298,1e-05,1e-05,1e-05,-3e-05,-4e-05,-2e-05,-2e-05,0.0,0
1299,1e-05,1e-05,1e-05,-3e-05,-4e-05,-2e-05,-2e-05,0.0,0
1300,-3e-05,-6e-05,-6e-05,-1e-05,-1e-05,1e-05,0.0,-2e-05,0
1301,1e-05,-1e-05,1e-05,4e-05,-1e-05,-1e-05,0.0,-1e-05,0
1302,1e-05,-1e-05,1e-05,4e-05,-1e-05,-1e-05,0.0,-1e-05,0
1303,1e-05,-1e-05,1e-05,4e-05,-1e-05,-1e-05,0.0,-1e-05,0
1304,1e-05,-1e-05,1e-05,4e-05,-1e-05,-1e-05,0.0,-1e-05,0
1305,1e-05,-1e-05,1e-05,4e-05,-1e-05,-1e-05,0.0,-1e-05,0
1306,1e-05,-1e-05,1e-05,4e-05,-1e-05,-1e-05,0.0,-1e-05,0
1307,1e-05,-1e-05,1e-05,4e-05,-1e-05,-1e-05,0.0,-1e-05,0
1308,1e-05,-1e-05,1e-05,4e-05,-1e-05,-1e-05,0.0,-1e-05,0
1309,1e-05,-1e-05,1e-05,4e-05,-1e-05,-1e-05,0.0,-1e-05,0
1310,1e-05,-1e-05,1e-05,4e-05,-1e-05,-1e-05,0.0,-1e-05,0
1311,1e-05,-1e-05,1e-05,4e-05,-1e-05,-1e-05,0.0,-1e-05,0
1312,1e-05,-1e-05,1e-05,4e-05,-1e-05,-1e-05,0.0,-1e-05,0
1313,1e-05,-1e-05,1e-05,4e-05,-1e-05,-1e-05,0.0,-1e-05,0
1314,0.0,1e-05,0.0,-9e-05,-2e-05,-2e-05,0.0,-1e-05,0
1315,-2e-05,1e-05,1e-05,0.0001,3e-05,0.0,-1e-05,-1e-05,0
1316,-1e-05,3e-05,1e-05,4e-05,0.0,-1e-05,-1e-05,0.0,0
1317,-1e-05,3e-05,1e-05,4e-05,0.0,-1e-05,-1e-05,0.0,0
1318,-1e-05,3e-05,1e-05,4e-05,0.0,-1e-05,-1e-05,0.0,0
1319,-1e-05,3e-05,1e-05,4e-05,0.0,-1e-05,-1e-05,0.0,0
1320,-1e-05,3e-05,1e-05,4e-05,0.0,-1e-05,-1e-05,0.0,0
1321,-1e-05,3e-05,1e-05,4e-05,0.0,-1e-05,-1e-05,0.0,0
1322,-1e-05,3e-05,1e-05,4e-05,0.0,-1e-05,-1e-05,0.0,0
1323,-1e-05,3e-05,1e-05,4e-05,0.0,-1e-05,-1e-05,0.0,0
1324,-1e-05,3e-05,1e-05,4e-05,0.0,-1e-05,-1e-05,0.0,0
1325,-1e-05,3e-05,1e-05,4e-05,0.0,-1e-05,-1e-05,0.0,0
1326,-1e-05,3e-05,1e-05,4e-05,0.0,-1e-05,-1e-05,0.0,0
1327,-1e-05,3e-05,1e-05,4e-05,0.0,-1e-05,-1e-05,0.0,0
1328,0.0,-5e-05,-5e-05,-8e-05,-3e-05,-1e-05,0.0,0.0,0
1329,0.0,-5e-05,-5e-05,-8e-05,-3e-05,-1e-05,0.0,0.0,0
1330,0.0,-5e-05,-5e-05,-8e-05,-3e-05,-1e-05,0.0,0.0,0
1331,0.0,-5e-05,-5e-05,-8e-05,-3e-05,-1e-05,0.0,0.0,0
1332,0.0,-5e-05,-5e-05,-8e-05,-3e-05,-1e-05,0.0,0.0,0
1333,0.0,-5e-05,-5e-05,-8e-05,-3e-05,-1e-05,0.0,0.0,0
1334,0.0,-5e-05,-5e-05,-8e-05,-3e-05,-1e-05,0.0,0.0,0
1335,0.0,-5e-05,-5e-05,-8e-05,-3e-05,-1e-05,0.0,0.0,0
1336,0.0,-5e-05,-5e-05,-8e-05,-3e-05,-1e-05,0.0,0.0,0
1338,-2e-05,-1e-05,-2e-05,-1e-05,-2e-05,-1e-05,-2e-05,-1e-05,0
1339,-2e-05,-1e-05,-2e-05,-1e-05,-2e-05,-1e-05,-2e-05,-1e-05,0
1340,-2e-05,-1e-05,-2e-05,-1e-05,-2e-05,-1e-05,-2e-05,-1e-05,0
1341,-2e-05,-1e-05,-2e-05,-1e-05,-2e-05,-1e-05,-2e-05,-1e-05,0
1342,-2e-05,-1e-05,-2e-05,-1e-05,-2e-05,-1e-05,-2e-05,-1e-05,0
1343,-2e-05,-1e-05,-2e-05,-1e-05,-2e-05,-1e-05,-2e-05,-1e-05,0
1344,-2e-05,-1e-05,-2e-05,-1e-05,-2e-05,-1e-05,-2e-05,-1e-05,0
1345,-2e-05,-1e-05,-2e-05,-1e-05,-2e-05,-1e-05,-2e-05,-1e-05,0
1346,-2e-05,-1e-05,-2e-05,-1e-05,-2e-05,-1e-05,-2e-05,-1e-05,0
1347,-2e-05,-1e-05,-2e-05,-1e-05,-2e-05,-1e-05,-2e-05,-1e-05,0
1348,-2e-05,-1e-05,-2e-05,-1e-05,-2e-05,-1e-05,-2e-05,-1e-05,0
1349,-2e-05,-1e-05,-2e-05,-1e-05,-2e-05,-1e-05,-2e-05,-1e-05,0
1350,-2e-05,-1e-05,-2e-05,-1e-05,-2e-05,-1e-05,-2e-05,-1e-05,0
1351,-2e-05,-1e-05,-2e-05,-1e-05,-2e-05,-1e-05,-2e-05,-1e-05,0
1352,1e-05,1e-05,1e-05,-4e-05,-2e-05,0.0,-1e-05,0.0,0
1353,1e-05,1e-05,1e-05,-4e-05,-2e-05,0.0,-1e-05,0.0,0
1354,-1e-05,0.0,-1e-05,-4e-05,-1e-05,0.0,-2e-05,-3e-05,0
1355,-1e-05,0.0,-1e-05,-4e-05,-1e-05,0.0,-2e-05,-3e-05,0
1356,-1e-05,0.0,-1e-05,-4e-05,-1e-05,0.0,-2e-05,-3e-05,0
1357,-1e-05,0.0,-1e-05,-4e-05,-1e-05,0.0,-2e-05,-3e-05,0
1358,-1e-05,0.0,-1e-05,-4e-05,-1e-05,0.0,-2e-05,-3e-05,0
1359,-1e-05,0.0,-1e-05,-4e-05,-1e-05,0.0,-2e-05,-3e-05,0
1360,-1e-05,0.0,-1e-05,-4e-05,-1e-05,0.0,-2e-05,-3e-05,0
1361,-1e-05,0.0,-1e-05,-4e-05,-1e-05,0.0,-2e-05,-3e-05,0
1362,-1e-05,0.0,-1e-05,-4e-05,-1e-05,0.0,-2e-05,-3e-05,0
1363,-1e-05,0.0,-1e-05,-4e-05,-1e-05,0.0,-2e-05,-3e-05,0
1364,-1e-05,0.0,-1e-05,-4e-05,-1e-05,0.0,-2e-05,-3e-05,0
1365,-1e-05,0.0,-1e-05,-4e-05,-1e-05,0.0,-2e-05,-3e-05,0
1366,-1e-05,0.0,-1e-05,-4e-05,-1e-05,0.0,-2e-05,-3e-05,0
1367,-1e-05,0.0,-1e-05,-4e-05,-1e-05,0.0,-2e-05,-3e-05,0
1368,-1e-05,0.0,-1e-05,-4e-05,-1e-05,0.0,-2e-05,-3e-05,0
1369,-1e-05,0.0,-1e-05,-4e-05,-1e-05,0.0,-2e-05,-3e-05,0
1370,-1e-05,0.0,-1e-05,-4e-05,-1e-05,0.0,-2e-05,-3e-05,0
1371,-1e-05,0.0,-1e-05,-4e-05,-1e-05,0.0,-2e-05,-3e-05,0
1372,-1e-05,0.0,-1e-05,-4e-05,-1e-05,0.0,-2e-05,-3e-05,0
1373,-1e-05,0.0,-1e-05,-4e-05,-1e-05,0.0,-2e-05,-3e-05,0
1374,-2e-05,-3e-05,-3e-05,-2e-05,1e-05,-1e-05,-1e-05,-3e-05,0
1375,-1e-05,1e-05,2e-05,2e-05,0.0,-1e-05,-2e-05,-1e-05,0
1376,-1e-05,1e-05,2e-05,2e-05,0.0,-1e-05,-2e-05,-1e-05,0
1377,-1e-05,1e-05,2e-05,2e-05,0.0,-1e-05,-2e-05,-1e-05,0
1378,-1e-05,1e-05,2e-05,2e-05,0.0,-1e-05,-2e-05,-1e-05,0
1379,-1e-05,1e-05,2e-05,2e-05,0.0,-1e-05,-2e-05,-1e-05,0
1380,-1e-05,1e-05,2e-05,2e-05,0.0,-1e-05,-2e-05,-1e-05,0
1381,-1e-05,1e-05,2e-05,2e-05,0.0,-1e-05,-2e-05,-1e-05,0
1382,-2e-05,-6e-05,-6e-05,0.0,-2e-05,-1e-05,-1e-05,1e-05,0
1383,-2e-05,-6e-05,-6e-05,0.0,-2e-05,-1e-05,-1e-05,1e-05,0
1384,-2e-05,-6e-05,-6e-05,0.0,-2e-05,-1e-05,-1e-05,1e-05,0
1385,-2e-05,-6e-05,-6e-05,0.0,-2e-05,-1e-05,-1e-05,1e-05,0
1386,-2e-05,-6e-05,-6e-05,0.0,-2e-05,-1e-05,-1e-05,1e-05,0
1389,-1e-05,0.0,-1e-05,4e-05,-2e-05,-1e-05,-1e-05,-1e-05,0
1390,-1e-05,0.0,-1e-05,4e-05,-2e-05,-1e-05,-1e-05,-1e-05,0
1391,-1e-05,0.0,-1e-05,4e-05,-2e-05,-1e-05,-1e-05,-1e-05,0
1392,-1e-05,0.0,-1e-05,4e-05,-2e-05,-1e-05,-1e-05,-1e-05,0
1393,-1e-05,0.0,-1e-05,4e-05,-2e-05,-1e-05,-1e-05,-1e-05,0
1394,-1e-05,0.0,-1e-05,4e-05,-2e-05,-1e-05,-1e-05,-1e-05,0
1395,-1e-05,0.0,-1e-05,4e-05,-2e-05,-1e-05,-1e-05,-1e-05,0
1396,-1e-05,0.0,-1e-05,4e-05,-2e-05,-1e-05,-1e-05,-1e-05,0
1397,-1e-05,1e-05,1e-05,-5e-05,-1e-05,0.0,-1e-05,1e-05,0
1398,-1e-05,1e-05,1e-05,-5e-05,-1e-05,0.0,-1e-05,1e-05,0
1399,-1e-05,1e-05,1e-05,-5e-05,-1e-05,0.0,-1e-05,1e-05,0
1400,-1e-05,1e-05,1e-05,-5e-05,-1e-05,0.0,-1e-05,1e-05,0
1401,-1e-05,1e-05,1e-05,-5e-05,-1e-05,0.0,-1e-05,1e-05,0
1402,-1e-05,1e-05,1e-05,-5e-05,-1e-05,0.0,-1e-05,1e-05,0
1403,-1e-05,1e-05,1e-05,-5e-05,-1e-05,0.0,-1e-05,1e-05,0
1404,-1e-05,1e-05,1e-05,-5e-05,-1e-05,0.0,-1e-05,1e-05,0
1405,-1e-05,1e-05,1e-05,-5e-05,-1e-05,0.0,-1e-05,1e-05,0
1406,-1e-05,1e-05,1e-05,-5e-05,-1e-05,0.0,-1e-05,1e-05,0
1407,-1e-05,1e-05,1e-05,-5e-05,-1e-05,0.0,-1e-05,1e-05,0
1408,-1e-05,1e-05,1e-05,-5e-05,-1e-05,0.0,-1e-05,1e-05,0
1409,-1e-05,1e-05,1e-05,-5e-05,-1e-05,0.0,-1e-05,1e-05,0
1410,-1e-05,1e-05,1e-05,-5e-05,-1e-05,0.0,-1e-05,1e-05,0
1411,-1e-05,1e-05,1e-05,-5e-05,-1e-05,0.0,-1e-05,1e-05,0
1412,-1e-05,1e-05,1e-05,-5e-05,-1e-05,0.0,-1e-05,1e-05,0
1413,-3e-05,-2e-05,-4e-05,9e-05,-2e-05,0.0,-1e-05,-2e-05,0
1414,-1e-05,-1e-05,0.0,-9e-05,-2e-05,-1e-05,0.0,0.0,0
1415,-1e-05,-1e-05,1e-05,3e-05,0.0,-1e-05,-2e-05,-2e-05,0
1416,-1e-05,-1e-05,1e-05,3e-05,0.0,-1e-05,-2e-05,-2e-05,0
1417,-1e-05,-1e-05,1e-05,3e-05,0.0,-1e-05,-2e-05,-2e-05,0
1418,-1e-05,-1e-05,1e-05,3e-05,0.0,-1e-05,-2e-05,-2e-05,0
1419,-1e-05,-1e-05,1e-05,3e-05,0.0,-1e-05,-2e-05,-2e-05,0
1420,-1e-05,-1e-05,1e-05,3e-05,0.0,-1e-05,-2e-05,-2e-05,0
1421,-1e-05,-1e-05,1e-05,3e-05,0.0,-1e-05,-2e-05,-2e-05,0
1422,-1e-05,-1e-05,1e-05,3e-05,0.0,-1e-05,-2e-05,-2e-05,0
1423,-1e-05,-1e-05,1e-05,3e-05,0.0,-1e-05,-2e-05,-2e-05,0
1424,-1e-05,-1e-05,1e-05,3e-05,0.0,-1e-05,-2e-05,-2e-05,0
1425,-1e-05,-1e-05,1e-05,3e-05,0.0,-1e-05,-2e-05,-2e-05,0
1426,-1e-05,-1e-05,1e-05,3e-05,0.0,-1e-05,-2e-05,-2e-05,0
1427,-1e-05,-1e-05,1e-05,3e-05,0.0,-1e-05,-2e-05,-2e-05,0
1428,-1e-05,-1e-05,1e-05,3e-05,0.0,-1e-05,-2e-05,-2e-05,0
1429,-1e-05,-1e-05,1e-05,3e-05,0.0,-1e-05,-2e-05,-2e-05,0
1430,-1e-05,-1e-05,1e-05,3e-05,0.0,-1e-05,-2e-05,-2e-05,0
1431,-1e-05,-1e-05,1e-05,3e-05,0.0,-1e-05,-2e-05,-2e-05,0
1432,-1e-05,-1e-05,1e-05,3e-05,0.0,-1e-05,-2e-05,-2e-05,0
1433,-1e-05,-1e-05,1e-05,3e-05,0.0,-1e-05,-2e-05,-2e-05,0
1434,1e-05,-1e-05,1e-05,-2e-05,0.0,-2e-05,0.0,1e-05,0
1435,0.0,1e-05,4e-05,1e-05,-1e-05,-1e-05,-4e-05,-1e-05,0
1436,-3e-05,-1e-05,-3e-05,-6e-05,-2e-05,-2e-05,1e-05,-2e-05,0
1438,-3e-05,-1e-05,-3e-05,-6e-05,-2e-05,-2e-05,1e-05,-2e-05,0
1439,-3e-05,-1e-05,-3e-05,-6e-05,-2e-05,-2e-05,1e-05,-2e-05,0
1440,-3e-05,-1e-05,-3e-05,-6e-05,-2e-05,-2e-05,1e-05,-2e-05,0
1441,-3e-05,-1e-05,-3e-05,-6e-05,-2e-05,-2e-05,1e-05,-2e-05,0
1442,-3e-05,-1e-05,-3e-05,-6e-05,-2e-05,-2e-05,1e-05,-2e-05,0
1443,-3e-05,-1e-05,-3e-05,-6e-05,-2e-05,-2e-05,1e-05,-2e-05,0
1444,-3e-05,-1e-05,-3e-05,-6e-05,-2e-05,-2e-05,1e-05,-2e-05,0
1445,-3e-05,-1e-05,-3e-05,-6e-05,-2e-05,-2e-05,1e-05,-2e-05,0
1446,-3e-05,-1e-05,-3e-05,-6e-05,-2e-05,-2e-05,1e-05,-2e-05,0
1447,-3e-05,-1e-05,-3e-05,-6e-05,-2e-05,-2e-05,1e-05,-2e-05,0
1448,-3e-05,-1e-05,-3e-05,-6e-05,-2e-05,-2e-05,1e-05,-2e-05,0
1449,-3e-05,-1e-05,-3e-05,-6e-05,-2e-05,-2e-05,1e-05,-2e-05,0
1450,-3e-05,-1e-05,-3e-05,-6e-05,-2e-05,-2e-05,1e-05,-2e-05,0
1451,-3e-05,-1e-05,-3e-05,-6e-05,-2e-05,-2e-05,1e-05,-2e-05,0
1452,-3e-05,-1e-05,-3e-05,-6e-05,-2e-05,-2e-05,1e-05,-2e-05,0
1453,-3e-05,-1e-05,-3e-05,-6e-05,-2e-05,-2e-05,1e-05,-2e-05,0
1454,-3e-05,-1e-05,-3e-05,-6e-05,-2e-05,-2e-05,1e-05,-2e-05,0
1455,-3e-05,-1e-05,-3e-05,-6e-05,-2e-05,-2e-05,1e-05,-2e-05,0
1456,-3e-05,-1e-05,-3e-05,-6e-05,-2e-05,-2e-05,1e-05,-2e-05,0
1457,-1e-05,1e-05,-1e-05,-2e-05,0.0,0.0,1e-05,-1e-05,0
1458,-1e-05,1e-05,-1e-05,-2e-05,0.0,0.0,1e-05,-1e-05,0
1459,-1e-05,-5e-05,-2e-05,-3e-05,-1e-05,-1e-05,0.0,-1e-05,0
1460,-1e-05,-5e-05,-2e-05,-3e-05,-1e-05,-1e-05,0.0,-1e-05,0
1461,-1e-05,-5e-05,-2e-05,-3e-05,-1e-05,-1e-05,0.0,-1e-05,0
1462,-1e-05,-5e-05,-2e-05,-3e-05,-1e-05,-1e-05,0.0,-1e-05,0
1463,-1e-05,-5e-05,-2e-05,-3e-05,-1e-05,-1e-05,0.0,-1e-05,0
1464,-1e-05,-5e-05,-2e-05,-3e-05,-1e-05,-1e-05,0.0,-1e-05,0
1465,-1e-05,-5e-05,-2e-05,-3e-05,-1e-05,-1e-05,0.0,-1e-05,0
1466,-1e-05,-5e-05,-2e-05,-3e-05,-1e-05,-1e-05,0.0,-1e-05,0
1467,-1e-05,-5e-05,-2e-05,-3e-05,-1e-05,-1e-05,0.0,-1e-05,0
1468,-1e-05,-5e-05,-2e-05,-3e-05,-1e-05,-1e-05,0.0,-1e-05,0
1469,-1e-05,-5e-05,-2e-05,-3e-05,-1e-05,-1e-05,0.0,-1e-05,0
1470,-1e-05,-5e-05,-2e-05,-3e-05,-1e-05,-1e-05,0.0,-1e-05,0
1471,-1e-05,-5e-05,-2e-05,-3e-05,-1e-05,-1e-05,0.0,-1e-05,0
1472,-1e-05,-4e-05,-2e-05,-4e-05,-2e-05,-2e-05,0.0,-1e-05,0
1473,-1e-05,-4e-05,-2e-05,-4e-05,-2e-05,-2e-05,0.0,-1e-05,0
1474,-1e-05,1e-05,0.0,-3e-05,-1e-05,-1e-05,-1e-05,-1e-05,0
1475,-1e-05,1e-05,0.0,-3e-05,-1e-05,-1e-05,-1e-05,-1e-05,0
1476,-1e-05,1e-05,0.0,-3e-05,-1e-05,-1e-05,-1e-05,-1e-05,0
1477,-1e-05,1e-05,0.0,-3e-05,-1e-05,-1e-05,-1e-05,-1e-05,0
1478,-1e-05,1e-05,0.0,-3e-05,-1e-05,-1e-05,-1e-05,-1e-05,0
1479,-1e-05,1e-05,0.0,-3e-05,-1e-05,-1e-05,-1e-05,-1e-05,0
1480,-1e-05,1e-05,0.0,-3e-05,-1e-05,-1e-05,-1e-05,-1e-05,0
1481,-1e-05,1e-05,0.0,-3e-05,-1e-05,-1e-05,-1e-05,-1e-05,0
1482,-1e-05,1e-05,0.0,-3e-05,-1e-05,-1e-05,-1e-05,-1e-05,0
1483,-1e-05,1e-05,0.0,-3e-05,-1e-05,-1e-05,-1e-05,-1e-05,0
1484,-1e-05,1e-05,0.0,-3e-05,-1e-05,-1e-05,-1e-05,-1e-05,0
1485,-1e-05,1e-05,0.0,-3e-05,-1e-05,-1e-05,-1e-05,-1e-05,0
1486,-1e-05,1e-05,0.0,-3e-05,-1e-05,-1e-05,-1e-05,-1e-05,0
1488,-1e-05,1e-05,0.0,-3e-05,-1e-05,-1e-05,-1e-05,-1e-05,0
1489,-1e-05,1e-05,0.0,-3e-05,-1e-05,-1e-05,-1e-05,-1e-05,0
1490,-1e-05,1e-05,0.0,-3e-05,-1e-05,-1e-05,-1e-05,-1e-05,0
1491,-1e-05,1e-05,0.0,-3e-05,-1e-05,-1e-05,-1e-05,-1e-05,0
1492,-1e-05,1e-05,0.0,-3e-05,-1e-05,-1e-05,-1e-05,-1e-05,0
1493,-1e-05,1e-05,0.0,-3e-05,-1e-05,-1e-05,-1e-05,-1e-05,0
1494,0.0,-2e-05,-1e-05,0.0,-1e-05,0.0,2e-05,1e-05,0
1495,0.0,-2e-05,-1e-05,0.0,-1e-05,0.0,2e-05,1e-05,0
1496,0.0,-2e-05,-1e-05,0.0,-1e-05,0.0,2e-05,1e-05,0
1497,0.0,-2e-05,-1e-05,0.0,-1e-05,0.0,2e-05,1e-05,0
1498,0.0,-2e-05,-1e-05,0.0,-1e-05,0.0,2e-05,1e-05,0
1499,0.0,-2e-05,-1e-05,0.0,-1e-05,0.0,2e-05,1e-05,0
1500,0.0,-2e-05,-1e-05,0.0,-1e-05,0.0,2e-05,1e-05,0
1501,0.0,-2e-05,-1e-05,0.0,-1e-05,0.0,2e-05,1e-05,0
1502,-3e-05,-5e-05,-6e-05,-5e-05,-2e-05,-3e-05,-2e-05,-2e-05,0
1503,-3e-05,-5e-05,-6e-05,-5e-05,-2e-05,-3e-05,-2e-05,-2e-05,0
1504,-3e-05,-5e-05,-6e-05,-5e-05,-2e-05,-3e-05,-2e-05,-2e-05,0
1505,-3e-05,-5e-05,-6e-05,-5e-05,-2e-05,-3e-05,-2e-05,-2e-05,0
1506,-3e-05,-5e-05,-6e-05,-5e-05,-2e-05,-3e-05,-2e-05,-2e-05,0
1507,-3e-05,-5e-05,-6e-05,-5e-05,-2e-05,-3e-05,-2e-05,-2e-05,0
1508,-3e-05,-5e-05,-6e-05,-5e-05,-2e-05,-3e-05,-2e-05,-2e-05,0
1509,-3e-05,-5e-05,-6e-05,-5e-05,-2e-05,-3e-05,-2e-05,-2e-05,0
1510,-3e-05,-5e-05,-6e-05,-5e-05,-2e-05,-3e-05,-2e-05,-2e-05,0
1511,-3e-05,-5e-05,-6e-05,-5e-05,-2e-05,-3e-05,-2e-05,-2e-05,0
1512,-3e-05,-5e-05,-6e-05,-5e-05,-2e-05,-3e-05,-2e-05,-2e-05,0
1513,-3e-05,-5e-05,-6e-05,-5e-05,-2e-05,-3e-05,-2e-05,-2e-05,0
1514,-3e-05,-5e-05,-6e-05,-5e-05,-2e-05,-3e-05,-2e-05,-2e-05,0
1515,-3e-05,-5e-05,-6e-05,-5e-05,-2e-05,-3e-05,-2e-05,-2e-05,0
1516,-3e-05,-5e-05,-6e-05,-5e-05,-2e-05,-3e-05,-2e-05,-2e-05,0
1517,-1e-05,2e-05,0.0,-3e-05,-1e-05,-2e-05,-1e-05,0.0,0
1518,-1e-05,2e-05,0.0,-3e-05,-1e-05,-2e-05,-1e-05,0.0,0
1519,-2e-05,1e-05,1e-05,6e-05,4e-05,-1e-05,-1e-05,-2e-05,0
1520,-2e-05,1e-05,1e-05,6e-05,4e-05,-1e-05,-1e-05,-2e-05,0
1521,-2e-05,1e-05,1e-05,6e-05,4e-05,-1e-05,-1e-05,-2e-05,0
1522,-2e-05,1e-05,1e-05,6e-05,4e-05,-1e-05,-1e-05,-2e-05,0
1523,-2e-05,1e-05,1e-05,6e-05,4e-05,-1e-05,-1e-05,-2e-05,0
1524,-2e-05,1e-05,1e-05,6e-05,4e-05,-1e-05,-1e-05,-2e-05,0
1525,-2e-05,1e-05,1e-05,6e-05,4e-05,-1e-05,-1e-05,-2e-05,0
1526,-2e-05,1e-05,1e-05,6e-05,4e-05,-1e-05,-1e-05,-2e-05,0
1527,-2e-05,1e-05,1e-05,6e-05,4e-05,-1e-05,-1e-05,-2e-05,0
1528,-2e-05,1e-05,1e-05,6e-05,4e-05,-1e-05,-1e-05,-2e-05,0
1529,-2e-05,1e-05,1e-05,6e-05,4e-05,-1e-05,-1e-05,-2e-05,0
1530,-2e-05,1e-05,1e-05,6e-05,4e-05,-1e-05,-1e-05,-2e-05,0
1531,-2e-05,1e-05,1e-05,6e-05,4e-05,-1e-05,-1e-05,-2e-05,0
1532,-2e-05,1e-05,1e-05,6e-05,4e-05,-1e-05,-1e-05,-2e-05,0
1533,-2e-05,1e-05,1e-05,6e-05,4e-05,-1e-05,-1e-05,-2e-05,0
1534,-2e-05,1e-05,1e-05,6e-05,4e-05,-1e-05,-1e-05,-2e-05,0
1535,-2e-05,1e-05,1e-05,6e-05,4e-05,-1e-05,-1e-05,-2e-05,0
1536,-2e-05,1e-05,1e-05,6e-05,4e-05,-1e-05,-1e-05,-2e-05,0
1538,-2e-05,1e-05,1e-05,6e-05,4e-05,-1e-05,-1e-05,-2e-05,0
1539,-2e-05,1e-05,1e-05,6e-05,4e-05,-1e-05,-1e-05,-2e-05,0
1540,0.0,0.0,-1e-05,3e-05,-1e-05,-1e-05,-1e-05,0.0,0
1541,-2e-05,-2e-05,-3e-05,-5e-05,-3e-05,-2e-05,2e-05,3e-05,0
1542,-2e-05,-2e-05,-3e-05,-5e-05,-3e-05,-2e-05,2e-05,3e-05,0
1543,-2e-05,-2e-05,-3e-05,-5e-05,-3e-05,-2e-05,2e-05,3e-05,0
1544,-2e-05,-2e-05,-3e-05,-5e-05,-3e-05,-2e-05,2e-05,3e-05,0
1545,-2e-05,-2e-05,-3e-05,-5e-05,-3e-05,-2e-05,2e-05,3e-05,0
1546,-2e-05,-2e-05,-3e-05,-5e-05,-3e-05,-2e-05,2e-05,3e-05,0
1547,-2e-05,-2e-05,-3e-05,-5e-05,-3e-05,-2e-05,2e-05,3e-05,0
1548,-2e-05,-2e-05,-3e-05,-5e-05,-3e-05,-2e-05,2e-05,3e-05,0
1549,-2e-05,-2e-05,-3e-05,-5e-05,-3e-05,-2e-05,2e-05,3e-05,0
1550,-2e-05,-2e-05,-3e-05,-5e-05,-3e-05,-2e-05,2e-05,3e-05,0
1551,-2e-05,-2e-05,-3e-05,-5e-05,-3e-05,-2e-05,2e-05,3e-05,0
1552,-2e-05,-2e-05,-3e-05,-5e-05,-3e-05,-2e-05,2e-05,3e-05,0
1553,-2e-05,-2e-05,-3e-05,-5e-05,-3e-05,-2e-05,2e-05,3e-05,0
1554,-1e-05,-1e-05,3e-05,-2e-05,1e-05,-2e-05,1e-05,-2e-05,0
1555,-1e-05,-2e-05,-3e-05,-1e-05,-1e-05,0.0,-2e-05,-3e-05,0
1556,-1e-05,-1e-05,-1e-05,-1e-05,-1e-05,-1e-05,-1e-05,-2e-05,0
1558,-1e-05,-1e-05,-1e-05,-1e-05,-1e-05,-1e-05,-1e-05,-2e-05,0
1559,-1e-05,-1e-05,-1e-05,-1e-05,-1e-05,-1e-05,-1e-05,-2e-05,0
1560,-1e-05,-1e-05,-1e-05,-1e-05,-1e-05,-1e-05,-1e-05,-2e-05,0
1561,-1e-05,-1e-05,-1e-05,-1e-05,-1e-05,-1e-05,-1e-05,-2e-05,0
1562,-1e-05,-1e-05,-1e-05,-1e-05,-1e-05,-1e-05,-1e-05,-2e-05,0
1563,-1e-05,-1e-05,-1e-05,-1e-05,-1e-05,-1e-05,-1e-05,-2e-05,0
1564,-1e-05,-1e-05,-1e-05,-1e-05,-1e-05,-1e-05,-1e-05,-2e-05,0
1565,-1e-05,-1e-05,-1e-05,-1e-05,-1e-05,-1e-05,-1e-05,-2e-05,0
1566,-1e-05,-1e-05,-1e-05,-1e-05,-1e-05,-1e-05,-1e-05,-2e-05,0
1567,-1e-05,-1e-05,-1e-05,-1e-05,-1e-05,-1e-05,-1e-05,-2e-05,0
1568,-1e-05,-1e-05,-1e-05,-1e-05,-1e-05,-1e-05,-1e-05,-2e-05,0
1569,-1e-05,-1e-05,-1e-05,-1e-05,-1e-05,-1e-05,-1e-05,-2e-05,0
1570,-1e-05,-1e-05,-1e-05,-1e-05,-1e-05,-1e-05,-1e-05,-2e-05,0
1571,-1e-05,-1e-05,-1e-05,-1e-05,-1e-05,-1e-05,-1e-05,-2e-05,0
1572,-1e-05,-1e-05,-1e-05,-1e-05,-1e-05,-1e-05,-1e-05,-2e-05,0
1573,-1e-05,-1e-05,-1e-05,-1e-05,-1e-05,-1e-05,-1e-05,-2e-05,0
1574,-1e-05,-1e-05,-1e-05,-1e-05,-1e-05,-1e-05,-1e-05,-2e-05,0
1575,-1e-05,-1e-05,-1e-05,-1e-05,-1e-05,-1e-05,-1e-05,-2e-05,0
1576,-1e-05,-1e-05,-1e-05,-1e-05,-1e-05,-1e-05,-1e-05,-2e-05,0
1577,0.0,-1e-05,0.0,0.0,0.0,-1e-05,0.0,-1e-05,0
1578,-2e-05,-2e-05,-2e-05,-7e-05,-2e-05,0.0,-2e-05,-1e-05,0
1579,0.0,-2e-05,0.0,0.00012,2e-05,1e-05,0.0,1e-05,0
1580,0.0,-2e-05,0.0,0.00012,2e-05,1e-05,0.0,1e-05,0
1583,0.0,-2e-05,0.0,0.00012,2e-05,1e-05,0.0,1e-05,1
1584,0.0,-2e-05,0.0,0.00012,2e-05,1e-05,0.0,1e-05,1
1585,0.0,-2e-05,0.0,0.00012,2e-05,1e-05,0.0,1e-05,1
1586,0.0,-2e-05,0.0,0.00012,2e-05,1e-05,0.0,1e-05,1
1588,0.0,-2e-05,0.0,0.00012,2e-05,1e-05,0.0,1e-05,1
1589,0.0,-2e-05,0.0,0.00012,2e-05,1e-05,0.0,1e-05,1
1590,0.0,-2e-05,0.0,0.00012,2e-05,1e-05,0.0,1e-05,1
1591,-4e-05,-7e-05,-8e-05,-0.00011,-1e-05,-1e-05,0.0,-3e-05,1
1592,2e-05,1e-05,2e-05,3e-05,-1e-05,1e-05,-3e-05,0.0,1
1593,2e-05,1e-05,2e-05,3e-05,-1e-05,1e-05,-3e-05,0.0,1
1594,2e-05,1e-05,2e-05,3e-05,-1e-05,1e-05,-3e-05,0.0,1
1595,2e-05,1e-05,2e-05,3e-05,-1e-05,1e-05,-3e-05,0.0,1
1596,2e-05,1e-05,2e-05,3e-05,-1e-05,1e-05,-3e-05,0.0,1
1597,2e-05,1e-05,2e-05,3e-05,-1e-05,1e-05,-3e-05,0.0,1
1598,0.0,2e-05,3e-05,-2e-05,1e-05,-2e-05,-1e-05,-2e-05,1
1599,0.0,2e-05,3e-05,-2e-05,1e-05,-2e-05,-1e-05,-2e-05,1
1600,0.0,2e-05,3e-05,-2e-05,1e-05,-2e-05,-1e-05,-2e-05,1
1601,0.0,2e-05,3e-05,-2e-05,1e-05,-2e-05,-1e-05,-2e-05,1
1602,0.0,2e-05,3e-05,-2e-05,1e-05,-2e-05,-1e-05,-2e-05,1
1603,0.0,2e-05,3e-05,-2e-05,1e-05,-2e-05,-1e-05,-2e-05,1
1604,0.0,2e-05,3e-05,-2e-05,1e-05,-2e-05,-1e-05,-2e-05,1
1605,0.0,2e-05,3e-05,-2e-05,1e-05,-2e-05,-1e-05,-2e-05,1
1606,0.0,2e-05,3e-05,-2e-05,1e-05,-2e-05,-1e-05,-2e-05,1
1607,0.0,2e-05,3e-05,-2e-05,1e-05,-2e-05,-1e-05,-2e-05,1
1608,0.0,2e-05,3e-05,-2e-05,1e-05,-2e-05,-1e-05,-2e-05,1
1609,0.0,2e-05,3e-05,-2e-05,1e-05,-2e-05,-1e-05,-2e-05,1
1610,0.0,2e-05,3e-05,-2e-05,1e-05,-2e-05,-1e-05,-2e-05,1
1611,0.0,2e-05,3e-05,-2e-05,1e-05,-2e-05,-1e-05,-2e-05,1
1612,0.0,2e-05,3e-05,-2e-05,1e-05,-2e-05,-1e-05,-2e-05,1
1613,0.0,2e-05,3e-05,-2e-05,1e-05,-2e-05,-1e-05,-2e-05,1
1614,0.0,2e-05,3e-05,-2e-05,1e-05,-2e-05,-1e-05,-2e-05,1
1615,-3e-05,-4e-05,-5e-05,-3e-05,0.0,-1e-05,-1e-05,-4e-05,1
1616,1e-05,1e-05,1e-05,-7e-05,-2e-05,-1e-05,0.0,1e-05,1
1617,1e-05,1e-05,1e-05,-7e-05,-2e-05,-1e-05,0.0,1e-05,1
1618,1e-05,1e-05,1e-05,-7e-05,-2e-05,-1e-05,0.0,1e-05,1
1619,1e-05,1e-05,1e-05,-7e-05,-2e-05,-1e-05,0.0,1e-05,1
1620,1e-05,1e-05,1e-05,-7e-05,-2e-05,-1e-05,0.0,1e-05,1
1621,1e-05,1e-05,1e-05,-7e-05,-2e-05,-1e-05,0.0,1e-05,1
1622,1e-05,1e-05,1e-05,-7e-05,-2e-05,-1e-05,0.0,1e-05,1
1623,1e-05,1e-05,1e-05,-7e-05,-2e-05,-1e-05,0.0,1e-05,1
1624,1e-05,1e-05,1e-05,-7e-05,-2e-05,-1e-05,0.0,1e-05,1
1625,1e-05,1e-05,1e-05,-7e-05,-2e-05,-1e-05,0.0,1e-05,1
1626,1e-05,1e-05,1e-05,-7e-05,-2e-05,-1e-05,0.0,1e-05,1
1627,1e-05,1e-05,1e-05,-7e-05,-2e-05,-1e-05,0.0,1e-05,1
1628,1e-05,1e-05,1e-05,-7e-05,-2e-05,-1e-05,0.0,1e-05,1
1629,1e-05,1e-05,1e-05,-7e-05,-2e-05,-1e-05,0.0,1e-05,1
1630,1e-05,1e-05,1e-05,-7e-05,-2e-05,-1e-05,0.0,1e-05,1
1631,1e-05,1e-05,1e-05,-7e-05,-2e-05,-1e-05,0.0,1e-05,1
1632,1e-05,1e-05,1e-05,-7e-05,-2e-05,-1e-05,0.0,1e-05,1
1633,1e-05,1e-05,1e-05,-7e-05,-2e-05,-1e-05,0.0,1e-05,1
1634,1e-05,1e-05,1e-05,-7e-05,-2e-05,-1e-05,0.0,1e-05,1
1635,1e-05,1e-05,1e-05,-7e-05,-2e-05,-1e-05,0.0,1e-05,1
1636,1e-05,1e-05,1e-05,-7e-05,-2e-05,-1e-05,0.0,1e-05,1
1639,-1e-05,0.0,-1e-05,-7e-05,-4e-05,-2e-05,-3e-05,-2e-05,1
1640,-1e-05,0.0,-1e-05,-7e-05,-4e-05,-2e-05,-3e-05,-2e-05,1
1641,-1e-05,0.0,-1e-05,-7e-05,-4e-05,-2e-05,-3e-05,-2e-05,1
1642,-1e-05,0.0,-1e-05,-7e-05,-4e-05,-2e-05,-3e-05,-2e-05,1
1643,-1e-05,0.0,-1e-05,-7e-05,-4e-05,-2e-05,-3e-05,-2e-05,1
1644,-1e-05,0.0,-1e-05,-7e-05,-4e-05,-2e-05,-3e-05,-2e-05,1
1645,-1e-05,0.0,-1e-05,-7e-05,-4e-05,-2e-05,-3e-05,-2e-05,1
1646,-1e-05,0.0,-1e-05,-7e-05,-4e-05,-2e-05,-3e-05,-2e-05,1
1647,-1e-05,0.0,-1e-05,-7e-05,-4e-05,-2e-05,-3e-05,-2e-05,1
1648,-1e-05,0.0,-1e-05,-7e-05,-4e-05,-2e-05,-3e-05,-2e-05,1
1649,-1e-05,0.0,-1e-05,-7e-05,-4e-05,-2e-05,-3e-05,-2e-05,1
1650,-1e-05,0.0,-1e-05,-7e-05,-4e-05,-2e-05,-3e-05,-2e-05,1
1651,-3e-05,-3e-05,-1e-05,2e-05,1e-05,1e-05,-1e-05,-2e-05,1
1652,-4e-05,-3e-05,-6e-05,-2e-05,-2e-05,-1e-05,1e-05,0.0,1
1653,-4e-05,-3e-05,-6e-05,-2e-05,-2e-05,-1e-05,1e-05,0.0,1
1654,-4e-05,-3e-05,-6e-05,-2e-05,-2e-05,-1e-05,1e-05,0.0,1
1655,-4e-05,-3e-05,-6e-05,-2e-05,-2e-05,-1e-05,1e-05,0.0,1
1656,-4e-05,-3e-05,-6e-05,-2e-05,-2e-05,-1e-05,1e-05,0.0,1
1657,-4e-05,-3e-05,-6e-05,-2e-05,-2e-05,-1e-05,1e-05,0.0,1
1658,-2e-05,-1e-05,-1e-05,-2e-05,-2e-05,-3e-05,-1e-05,-1e-05,1
1659,-2e-05,-1e-05,-1e-05,-2e-05,-2e-05,-3e-05,-1e-05,-1e-05,1
1660,-2e-05,-1e-05,-1e-05,-2e-05,-2e-05,-3e-05,-1e-05,-1e-05,1
1661,-2e-05,-1e-05,-1e-05,-2e-05,-2e-05,-3e-05,-1e-05,-1e-05,1
1662,-2e-05,-1e-05,-1e-05,-2e-05,-2e-05,-3e-05,-1e-05,-1e-05,1
1663,-2e-05,-1e-05,-1e-05,-2e-05,-2e-05,-3e-05,-1e-05,-1e-05,1
1664,-2e-05,-1e-05,-1e-05,-2e-05,-2e-05,-3e-05,-1e-05,-1e-05,1
1665,-2e-05,-1e-05,-1e-05,-2e-05,-2e-05,-3e-05,-1e-05,-1e-05,1
1666,-2e-05,-1e-05,-1e-05,-2e-05,-2e-05,-3e-05,-1e-05,-1e-05,1
1667,-2e-05,-1e-05,-1e-05,-2e-05,-2e-05,-3e-05,-1e-05,-1e-05,1
1668,-2e-05,-1e-05,-1e-05,-2e-05,-2e-05,-3e-05,-1e-05,-1e-05,1
1669,-2e-05,-1e-05,-1e-05,-2e-05,-2e-05,-3e-05,-1e-05,-1e-05,1
1670,-2e-05,-1e-05,-1e-05,-2e-05,-2e-05,-3e-05,-1e-05,-1e-05,1
1671,-2e-05,-1e-05,-1e-05,-2e-05,-2e-05,-3e-05,-1e-05,-1e-05,1
1672,-2e-05,-1e-05,-1e-05,-2e-05,-2e-05,-3e-05,-1e-05,-1e-05,1
1673,-2e-05,-1e-05,-1e-05,-2e-05,-2e-05,-3e-05,-1e-05,-1e-05,1
1674,-1e-05,0.0,-2e-05,-1e-05,-2e-05,-2e-05,-1e-05,-2e-05,1
1675,-2e-05,2e-05,1e-05,-1e-05,-1e-05,-2e-05,-2e-05,-1e-05,1
1676,-2e-05,-4e-05,-8e-05,-3e-05,-5e-05,-3e-05,-1e-05,-2e-05,1
1677,-2e-05,-4e-05,-8e-05,-3e-05,-5e-05,-3e-05,-1e-05,-2e-05,1
1678,-2e-05,-4e-05,-8e-05,-3e-05,-5e-05,-3e-05,-1e-05,-2e-05,1
1679,-2e-05,-4e-05,-8e-05,-3e-05,-5e-05,-3e-05,-1e-05,-2e-05,1
1680,-2e-05,-4e-05,-8e-05,-3e-05,-5e-05,-3e-05,-1e-05,-2e-05,1
1681,-2e-05,-4e-05,-8e-05,-3e-05,-5e-05,-3e-05,-1e-05,-2e-05,1
1682,-2e-05,-4e-05,-8e-05,-3e-05,-5e-05,-3e-05,-1e-05,-2e-05,1
1683,-2e-05,-4e-05,-8e-05,-3e-05,-5e-05,-3e-05,-1e-05,-2e-05,1
1684,-2e-05,-4e-05,-8e-05,-3e-05,-5e-05,-3e-05,-1e-05,-2e-05,1
1685,-2e-05,-4e-05,-8e-05,-3e-05,-5e-05,-3e-05,-1e-05,-2e-05,1
1686,-2e-05,-4e-05,-8e-05,-3e-05,-5e-05,-3e-05,-1e-05,-2e-05,1
1688,-2e-05,-4e-05,-8e-05,-3e-05,-5e-05,-3e-05,-1e-05,-2e-05,1
1689,-2e-05,-4e-05,-8e-05,-3e-05,-5e-05,-3e-05,-1e-05,-2e-05,1
1690,-2e-05,-4e-05,-8e-05,-3e-05,-5e-05,-3e-05,-1e-05,-2e-05,1
1691,-2e-05,-4e-05,-8e-05,-3e-05,-5e-05,-3e-05,-1e-05,-2e-05,1
1692,-2e-05,-4e-05,-8e-05,-3e-05,-5e-05,-3e-05,-1e-05,-2e-05,1
1693,-2e-05,-4e-05,-8e-05,-3e-05,-5e-05,-3e-05,-1e-05,-2e-05,1
1694,-2e-05,-4e-05,-8e-05,-3e-05,-5e-05,-3e-05,-1e-05,-2e-05,1
1695,-2e-05,-4e-05,-8e-05,-3e-05,-5e-05,-3e-05,-1e-05,-2e-05,1
1696,-2e-05,-4e-05,-8e-05,-3e-05,-5e-05,-3e-05,-1e-05,-2e-05,1
1697,1e-05,2e-05,4e-05,1e-05,0.0,1e-05,0.0,1e-05,1
1698,1e-05,2e-05,4e-05,1e-05,0.0,1e-05,0.0,1e-05,1
1699,-2e-05,-3e-05,-5e-05,-5e-05,-3e-05,-1e-05,-2e-05,-1e-05,1
1700,-2e-05,-3e-05,-5e-05,-5e-05,-3e-05,-1e-05,-2e-05,-1e-05,1
1701,-2e-05,-3e-05,-5e-05,-5e-05,-3e-05,-1e-05,-2e-05,-1e-05,1
1702,-2e-05,-3e-05,-5e-05,-5e-05,-3e-05,-1e-05,-2e-05,-1e-05,1
1703,-2e-05,-3e-05,-5e-05,-5e-05,-3e-05,-1e-05,-2e-05,-1e-05,1
1704,-2e-05,-3e-05,-5e-05,-5e-05,-3e-05,-1e-05,-2e-05,-1e-05,1
1705,-2e-05,-3e-05,-5e-05,-5e-05,-3e-05,-1e-05,-2e-05,-1e-05,1
1706,-2e-05,-3e-05,-5e-05,-5e-05,-3e-05,-1e-05,-2e-05,-1e-05,1
1707,-2e-05,-3e-05,-5e-05,-5e-05,-3e-05,-1e-05,-2e-05,-1e-05,1
1708,-2e-05,-3e-05,-5e-05,-5e-05,-3e-05,-1e-05,-2e-05,-1e-05,1
1709,-2e-05,-3e-05,-5e-05,-5e-05,-3e-05,-1e-05,-2e-05,-1e-05,1
1710,-2e-05,-3e-05,-5e-05,-5e-05,-3e-05,-1e-05,-2e-05,-1e-05,1
1711,-3e-05,-4e-05,-5e-05,-5e-05,-1e-05,-1e-05,-1e-05,-1e-05,1
1712,0.0,-1e-05,0.0,-1e-05,1e-05,-1e-05,-2e-05,1e-05,1
1713,0.0,-1e-05,0.0,-1e-05,1e-05,-1e-05,-2e-05,1e-05,1
1714,0.0,-1e-05,0.0,-1e-05,1e-05,-1e-05,-2e-05,1e-05,1
1715,0.0,-1e-05,0.0,-1e-05,1e-05,-1e-05,-2e-05,1e-05,1
1716,0.0,-1e-05,0.0,-1e-05,1e-05,-1e-05,-2e-05,1e-05,1
1717,0.0,-1e-05,0.0,-1e-05,1e-05,-1e-05,-2e-05,1e-05,1
1718,0.0,1e-05,3e-05,-1e-05,2e-05,-1e-05,1e-05,0.0,1
1719,0.0,1e-05,3e-05,-1e-05,2e-05,-1e-05,1e-05,0.0,1
1720,0.0,1e-05,3e-05,-1e-05,2e-05,-1e-05,1e-05,0.0,1
1721,0.0,1e-05,3e-05,-1e-05,2e-05,-1e-05,1e-05,0.0,1
1722,0.0,1e-05,3e-05,-1e-05,2e-05,-1e-05,1e-05,0.0,1
1723,0.0,1e-05,3e-05,-1e-05,2e-05,-1e-05,1e-05,0.0,1
1724,0.0,1e-05,3e-05,-1e-05,2e-05,-1e-05,1e-05,0.0,1
1725,0.0,1e-05,3e-05,-1e-05,2e-05,-1e-05,1e-05,0.0,1
1726,0.0,1e-05,3e-05,-1e-05,2e-05,-1e-05,1e-05,0.0,1
1727,0.0,1e-05,3e-05,-1e-05,2e-05,-1e-05,1e-05,0.0,1
1728,0.0,1e-05,3e-05,-1e-05,2e-05,-1e-05,1e-05,0.0,1
1729,0.0,1e-05,3e-05,-1e-05,2e-05,-1e-05,1e-05,0.0,1
1730,0.0,1e-05,3e-05,-1e-05,2e-05,-1e-05,1e-05,0.0,1
1731,0.0,1e-05,3e-05,-1e-05,2e-05,-1e-05,1e-05,0.0,1
1732,0.0,1e-05,3e-05,-1e-05,2e-05,-1e-05,1e-05,0.0,1
1733,0.0,1e-05,3e-05,-1e-05,2e-05,-1e-05,1e-05,0.0,1
1734,-3e-05,-3e-05,-3e-05,0.00012,1e-05,-1e-05,-1e-05,-1e-05,1
1735,0.0,0.0,-1e-05,-1e-05,0.0,-2e-05,-2e-05,1e-05,1
1736,0.0,1e-05,3e-05,-1e-05,0.0,-1e-05,-2e-05,-1e-05,1
1738,0.0,1e-05,3e-05,-1e-05,0.0,-1e-05,-2e-05,-1e-05,1
1739,0.0,1e-05,3e-05,-1e-05,0.0,-1e-05,-2e-05,-1e-05,1
1740,0.0,1e-05,3e-05,-1e-05,0.0,-1e-05,-2e-05,-1e-05,1
1741,0.0,1e-05,3e-05,-1e-05,0.0,-1e-05,-2e-05,-1e-05,1
1742,0.0,1e-05,3e-05,-1e-05,0.0,-1e-05,-2e-05,-1e-05,1
1743,0.0,1e-05,3e-05,-1e-05,0.0,-1e-05,-2e-05,-1e-05,1
1744,0.0,1e-05,3e-05,-1e-05,0.0,-1e-05,-2e-05,-1e-05,1
1745,0.0,1e-05,3e-05,-1e-05,0.0,-1e-05,-2e-05,-1e-05,1
1746,0.0,1e-05,3e-05,-1e-05,0.0,-1e-05,-2e-05,-1e-05,1
1747,0.0,1e-05,3e-05,-1e-05,0.0,-1e-05,-2e-05,-1e-05,1
1748,0.0,1e-05,3e-05,-1e-05,0.0,-1e-05,-2e-05,-1e-05,1
1749,0.0,1e-05,3e-05,-1e-05,0.0,-1e-05,-2e-05,-1e-05,1
1750,0.0,1e-05,3e-05,-1e-05,0.0,-1e-05,-2e-05,-1e-05,1
1751,0.0,1e-05,3e-05,-1e-05,0.0,-1e-05,-2e-05,-1e-05,1
1752,0.0,1e-05,3e-05,-1e-05,0.0,-1e-05,-2e-05,-1e-05,1
1753,0.0,1e-05,3e-05,-1e-05,0.0,-1e-05,-2e-05,-1e-05,1
1754,0.0,1e-05,3e-05,-1e-05,0.0,-1e-05,-2e-05,-1e-05,1
1755,0.0,1e-05,3e-05,-1e-05,0.0,-1e-05,-2e-05,-1e-05,1
1756,0.0,1e-05,3e-05,-1e-05,0.0,-1e-05,-2e-05,-1e-05,1
1757,-3e-05,-7e-05,-7e-05,-1e-05,-2e-05,2e-05,0.0,-2e-05,1
1758,-3e-05,-7e-05,-7e-05,-1e-05,-2e-05,2e-05,0.0,-2e-05,1
1759,0.0,1e-05,1e-05,9e-05,1e-05,-1e-05,0.0,-3e-05,1
1760,0.0,1e-05,1e-05,9e-05,1e-05,-1e-05,0.0,-3e-05,1
1761,0.0,1e-05,1e-05,9e-05,1e-05,-1e-05,0.0,-3e-05,1
1762,0.0,1e-05,1e-05,9e-05,1e-05,-1e-05,0.0,-3e-05,1
1763,0.0,1e-05,1e-05,9e-05,1e-05,-1e-05,0.0,-3e-05,1
1764,0.0,1e-05,1e-05,9e-05,1e-05,-1e-05,0.0,-3e-05,1
1765,0.0,1e-05,1e-05,9e-05,1e-05,-1e-05,0.0,-3e-05,1
1766,0.0,1e-05,1e-05,9e-05,1e-05,-1e-05,0.0,-3e-05,1
1767,0.0,1e-05,1e-05,9e-05,1e-05,-1e-05,0.0,-3e-05,1
1768,0.0,1e-05,1e-05,9e-05,1e-05,-1e-05,0.0,-3e-05,1
1769,0.0,1e-05,1e-05,9e-05,1e-05,-1e-05,0.0,-3e-05,1
1770,0.0,1e-05,1e-05,9e-05,1e-05,-1e-05,0.0,-3e-05,1
1771,3e-05,2e-05,2e-05,-9e-05,-3e-05,0.0,-1e-05,1e-05,1
1772,0.0,1e-05,0.0,9e-05,0.0,-1e-05,-3e-05,-1e-05,1
1773,0.0,1e-05,0.0,9e-05,0.0,-1e-05,-3e-05,-1e-05,1
1774,0.0,1e-05,0.0,9e-05,0.0,-1e-05,-3e-05,-1e-05,1
1775,0.0,1e-05,0.0,9e-05,0.0,-1e-05,-3e-05,-1e-05,1
1776,0.0,1e-05,0.0,9e-05,0.0,-1e-05,-3e-05,-1e-05,1
1777,0.0,1e-05,0.0,9e-05,0.0,-1e-05,-3e-05,-1e-05,1
1778,-4e-05,-4e-05,-5e-05,-4e-05,-2e-05,0.0,-1e-05,-1e-05,1
1779,-4e-05,-4e-05,-5e-05,-4e-05,-2e-05,0.0,-1e-05,-1e-05,1
1780,-4e-05,-4e-05,-5e-05,-4e-05,-2e-05,0.0,-1e-05,-1e-05,1
1781,-4e-05,-4e-05,-5e-05,-4e-05,-2e-05,0.0,-1e-05,-1e-05,1
1782,-4e-05,-4e-05,-5e-05,-4e-05,-2e-05,0.0,-1e-05,-1e-05,1
1783,-4e-05,-4e-05,-5e-05,-4e-05,-2e-05,0.0,-1e-05,-1e-05,1
1784,-4e-05,-4e-05,-5e-05,-4e-05,-2e-05,0.0,-1e-05,-1e-05,1
1785,-4e-05,-4e-05,-5e-05,-4e-05,-2e-05,0.0,-1e-05,-1e-05,1
1786,-4e-05,-4e-05,-5e-05,-4e-05,-2e-05,0.0,-1e-05,-1e-05,1
1788,-4e-05,-4e-05,-5e-05,-4e-05,-2e-05,0.0,-1e-05,-1e-05,1
1789,-4e-05,-4e-05,-5e-05,-4e-05,-2e-05,0.0,-1e-05,-1e-05,1
1790,-4e-05,-4e-05,-5e-05,-4e-05,-2e-05,0.0,-1e-05,-1e-05,1
1791,-4e-05,-4e-05,-5e-05,-4e-05,-2e-05,0.0,-1e-05,-1e-05,1
1792,-4e-05,-4e-05,-5e-05,-4e-05,-2e-05,0.0,-1e-05,-1e-05,1
1793,-4e-05,-4e-05,-5e-05,-4e-05,-2e-05,0.0,-1e-05,-1e-05,1
1794,-4e-05,-4e-05,-5e-05,-4e-05,-2e-05,0.0,-1e-05,-1e-05,1
1795,0.0,0.0,1e-05,-3e-05,-1e-05,-1e-05,-1e-05,1e-05,1
1796,2e-05,3e-05,5e-05,8e-05,3e-05,-2e-05,0.0,-1e-05,1
1797,2e-05,3e-05,5e-05,8e-05,3e-05,-2e-05,0.0,-1e-05,1
1798,2e-05,3e-05,5e-05,8e-05,3e-05,-2e-05,0.0,-1e-05,1
1799,2e-05,3e-05,5e-05,8e-05,3e-05,-2e-05,0.0,-1e-05,1
1800,2e-05,3e-05,5e-05,8e-05,3e-05,-2e-05,0.0,-1e-05,1
1801,2e-05,3e-05,5e-05,8e-05,3e-05,-2e-05,0.0,-1e-05,1
1802,2e-05,3e-05,5e-05,8e-05,3e-05,-2e-05,0.0,-1e-05,1
1803,2e-05,3e-05,5e-05,8e-05,3e-05,-2e-05,0.0,-1e-05,1
1804,2e-05,3e-05,5e-05,8e-05,3e-05,-2e-05,0.0,-1e-05,1
1805,2e-05,3e-05,5e-05,8e-05,3e-05,-2e-05,0.0,-1e-05,1
1806,2e-05,3e-05,5e-05,8e-05,3e-05,-2e-05,0.0,-1e-05,1
1807,2e-05,3e-05,5e-05,8e-05,3e-05,-2e-05,0.0,-1e-05,1
1808,2e-05,3e-05,5e-05,8e-05,3e-05,-2e-05,0.0,-1e-05,1
1809,2e-05,3e-05,5e-05,8e-05,3e-05,-2e-05,0.0,-1e-05,1
1810,2e-05,3e-05,5e-05,8e-05,3e-05,-2e-05,0.0,-1e-05,1
1811,2e-05,3e-05,5e-05,8e-05,3e-05,-2e-05,0.0,-1e-05,1
1812,2e-05,3e-05,5e-05,8e-05,3e-05,-2e-05,0.0,-1e-05,1
1813,2e-05,3e-05,5e-05,8e-05,3e-05,-2e-05,0.0,-1e-05,1
1814,2e-05,3e-05,5e-05,8e-05,3e-05,-2e-05,0.0,-1e-05,1
1815,2e-05,3e-05,5e-05,8e-05,3e-05,-2e-05,0.0,-1e-05,1
1816,2e-05,3e-05,5e-05,8e-05,3e-05,-2e-05,0.0,-1e-05,1
1817,-5e-05,-2e-05,-7e-05,-0.00011,-3e-05,-1e-05,-2e-05,-2e-05,1
1818,-5e-05,-2e-05,-7e-05,-0.00011,-3e-05,-1e-05,-2e-05,-2e-05,1
1819,0.0,-1e-05,-2e-05,0.0,-1e-05,-1e-05,0.0,1e-05,1
1820,0.0,-1e-05,-2e-05,0.0,-1e-05,-1e-05,0.0,1e-05,1
1821,0.0,-1e-05,-2e-05,0.0,-1e-05,-1e-05,0.0,1e-05,1
1822,0.0,-1e-05,-2e-05,0.0,-1e-05,-1e-05,0.0,1e-05,1
1823,0.0,-1e-05,-2e-05,0.0,-1e-05,-1e-05,0.0,1e-05,1
1824,0.0,-1e-05,-2e-05,0.0,-1e-05,-1e-05,0.0,1e-05,1
1825,0.0,-1e-05,-2e-05,0.0,-1e-05,-1e-05,0.0,1e-05,1
1826,0.0,-1e-05,-2e-05,0.0,-1e-05,-1e-05,0.0,1e-05,1
1827,0.0,-1e-05,-2e-05,0.0,-1e-05,-1e-05,0.0,1e-05,1
1828,0.0,-1e-05,-2e-05,0.0,-1e-05,-1e-05,0.0,1e-05,1
1829,0.0,-1e-05,-2e-05,0.0,-1e-05,-1e-05,0.0,1e-05,1
1830,0.0,-1e-05,-2e-05,0.0,-1e-05,-1e-05,0.0,1e-05,1
1831,2e-05,3e-05,4e-05,3e-05,0.0,-2e-05,0.0,1e-05,1
1832,2e-05,3e-05,4e-05,3e-05,0.0,-2e-05,0.0,1e-05,1
1833,2e-05,3e-05,4e-05,3e-05,0.0,-2e-05,0.0,1e-05,1
1834,2e-05,3e-05,4e-05,3e-05,0.0,-2e-05,0.0,1e-05,1
1835,2e-05,3e-05,4e-05,3e-05,0.0,-2e-05,0.0,1e-05,1
1836,2e-05,3e-05,4e-05,3e-05,0.0,-2e-05,0.0,1e-05,1
1839,-2e-05,-4e-05,-8e-05,-7e-05,-2e-05,-3e-05,-1e-05,-3e-05,1
1840,-2e-05,-4e-05,-8e-05,-7e-05,-2e-05,-3e-05,-1e-05,-3e-05,1
1841,-2e-05,-4e-05,-8e-05,-7e-05,-2e-05,-3e-05,-1e-05,-3e-05,1
1842,-2e-05,-4e-05,-8e-05,-7e-05,-2e-05,-3e-05,-1e-05,-3e-05,1
1843,-2e-05,-4e-05,-8e-05,-7e-05,-2e-05,-3e-05,-1e-05,-3e-05,1
1844,-2e-05,-4e-05,-8e-05,-7e-05,-2e-05,-3e-05,-1e-05,-3e-05,1
1845,-2e-05,-4e-05,-8e-05,-7e-05,-2e-05,-3e-05,-1e-05,-3e-05,1
1846,-2e-05,-4e-05,-8e-05,-7e-05,-2e-05,-3e-05,-1e-05,-3e-05,1
1847,-2e-05,-4e-05,-8e-05,-7e-05,-2e-05,-3e-05,-1e-05,-3e-05,1
1848,-2e-05,-4e-05,-8e-05,-7e-05,-2e-05,-3e-05,-1e-05,-3e-05,1
1849,-2e-05,-4e-05,-8e-05,-7e-05,-2e-05,-3e-05,-1e-05,-3e-05,1
1850,-2e-05,-4e-05,-8e-05,-7e-05,-2e-05,-3e-05,-1e-05,-3e-05,1
1851,-2e-05,-4e-05,-8e-05,-7e-05,-2e-05,-3e-05,-1e-05,-3e-05,1
1852,-2e-05,-4e-05,-8e-05,-7e-05,-2e-05,-3e-05,-1e-05,-3e-05,1
1853,-2e-05,-4e-05,-8e-05,-7e-05,-2e-05,-3e-05,-1e-05,-3e-05,1
1854,-2e-05,-4e-05,-8e-05,-7e-05,-2e-05,-3e-05,-1e-05,-3e-05,1
1855,-1e-05,1e-05,-2e-05,-4e-05,-3e-05,0.0,0.0,0.0,1
1856,1e-05,0.0,2e-05,0.0,0.0,-1e-05,0.0,0.0,1
1857,1e-05,0.0,2e-05,0.0,0.0,-1e-05,0.0,0.0,1
1858,1e-05,0.0,2e-05,0.0,0.0,-1e-05,0.0,0.0,1
1859,1e-05,0.0,2e-05,0.0,0.0,-1e-05,0.0,0.0,1
1860,1e-05,0.0,2e-05,0.0,0.0,-1e-05,0.0,0.0,1
1861,1e-05,0.0,2e-05,0.0,0.0,-1e-05,0.0,0.0,1
1862,1e-05,0.0,2e-05,0.0,0.0,-1e-05,0.0,0.0,1
1863,1e-05,0.0,2e-05,0.0,0.0,-1e-05,0.0,0.0,1
1864,1e-05,0.0,2e-05,0.0,0.0,-1e-05,0.0,0.0,1
1865,1e-05,0.0,2e-05,0.0,0.0,-1e-05,0.0,0.0,1
1866,1e-05,0.0,2e-05,0.0,0.0,-1e-05,0.0,0.0,1
1867,1e-05,0.0,2e-05,0.0,0.0,-1e-05,0.0,0.0,1
1868,1e-05,0.0,2e-05,0.0,0.0,-1e-05,0.0,0.0,1
1869,1e-05,0.0,2e-05,0.0,0.0,-1e-05,0.0,0.0,1
1870,1e-05,0.0,2e-05,0.0,0.0,-1e-05,0.0,0.0,1
1871,1e-05,0.0,2e-05,0.0,0.0,-1e-05,0.0,0.0,1
1872,1e-05,0.0,2e-05,0.0,0.0,-1e-05,0.0,0.0,1
1873,1e-05,0.0,2e-05,0.0,0.0,-1e-05,0.0,0.0,1
1874,1e-05,0.0,2e-05,0.0,0.0,-1e-05,0.0,0.0,1
1875,1e-05,0.0,2e-05,0.0,0.0,-1e-05,0.0,0.0,1
1876,1e-05,0.0,2e-05,0.0,0.0,-1e-05,0.0,0.0,1
1877,-1e-05,-2e-05,1e-05,0.0,1e-05,-1e-05,-1e-05,-2e-05,1
1879,-3e-05,-7e-05,-8e-05,-8e-05,-4e-05,0.0,-1e-05,-2e-05,1
1880,-3e-05,-7e-05,-8e-05,-8e-05,-4e-05,0.0,-1e-05,-2e-05,1
1881,-3e-05,-7e-05,-8e-05,-8e-05,-4e-05,0.0,-1e-05,-2e-05,1
1882,-3e-05,-7e-05,-8e-05,-8e-05,-4e-05,0.0,-1e-05,-2e-05,1
1883,-3e-05,-7e-05,-8e-05,-8e-05,-4e-05,0.0,-1e-05,-2e-05,1
1884,-3e-05,-7e-05,-8e-05,-8e-05,-4e-05,0.0,-1e-05,-2e-05,1
1885,-3e-05,-7e-05,-8e-05,-8e-05,-4e-05,0.0,-1e-05,-2e-05,1
1886,-3e-05,-7e-05,-8e-05,-8e-05,-4e-05,0.0,-1e-05,-2e-05,1
1888,-3e-05,-7e-05,-8e-05,-8e-05,-4e-05,0.0,-1e-05,-2e-05,1
1889,-3e-05,-7e-05,-8e-05,-8e-05,-4e-05,0.0,-1e-05,-2e-05,1
1890,-3e-05,-7e-05,-8e-05,-8e-05,-4e-05,0.0,-1e-05,-2e-05,1
1891,0.0,1e-05,2e-05,6e-05,0.0,-2e-05,-1e-05,0.0,1
1892,0.0,2e-05,3e-05,4e-05,0.0,-1e-05,0.0,0.0,1
1893,0.0,2e-05,3e-05,4e-05,0.0,-1e-05,0.0,0.0,1
1894,0.0,2e-05,3e-05,4e-05,0.0,-1e-05,0.0,0.0,1
1895,0.0,2e-05,3e-05,4e-05,0.0,-1e-05,0.0,0.0,1
1896,0.0,2e-05,3e-05,4e-05,0.0,-1e-05,0.0,0.0,1
1897,0.0,2e-05,3e-05,4e-05,0.0,-1e-05,0.0,0.0,1
1898,-1e-05,-1e-05,0.0,-1e-05,-2e-05,-2e-05,-1e-05,-2e-05,1
1899,-1e-05,-1e-05,0.0,-1e-05,-2e-05,-2e-05,-1e-05,-2e-05,1
1900,-1e-05,-1e-05,0.0,-1e-05,-2e-05,-2e-05,-1e-05,-2e-05,1
1901,-1e-05,-1e-05,0.0,-1e-05,-2e-05,-2e-05,-1e-05,-2e-05,1
1902,-1e-05,-1e-05,0.0,-1e-05,-2e-05,-2e-05,-1e-05,-2e-05,1
1903,-1e-05,-1e-05,0.0,-1e-05,-2e-05,-2e-05,-1e-05,-2e-05,1
1904,-1e-05,-1e-05,0.0,-1e-05,-2e-05,-2e-05,-1e-05,-2e-05,1
1905,-1e-05,-1e-05,0.0,-1e-05,-2e-05,-2e-05,-1e-05,-2e-05,1
1906,-1e-05,-1e-05,0.0,-1e-05,-2e-05,-2e-05,-1e-05,-2e-05,1
1907,-1e-05,-1e-05,0.0,-1e-05,-2e-05,-2e-05,-1e-05,-2e-05,1
1908,-1e-05,-1e-05,0.0,-1e-05,-2e-05,-2e-05,-1e-05,-2e-05,1
1909,-1e-05,-1e-05,0.0,-1e-05,-2e-05,-2e-05,-1e-05,-2e-05,1
1910,-1e-05,-1e-05,0.0,-1e-05,-2e-05,-2e-05,-1e-05,-2e-05,1
1911,-1e-05,-1e-05,0.0,-1e-05,-2e-05,-2e-05,-1e-05,-2e-05,1
1912,-1e-05,-1e-05,0.0,-1e-05,-2e-05,-2e-05,-1e-05,-2e-05,1
1913,-1e-05,-1e-05,0.0,-1e-05,-2e-05,-2e-05,-1e-05,-2e-05,1
1914,0.0,0.0,-1e-05,-3e-05,0.0,0.0,0.0,0.0,1
1915,1e-05,0.0,0.0,0.0,0.0,0.0,-1e-05,-1e-05,1
1916,-2e-05,-4e-05,-3e-05,-5e-05,-4e-05,-2e-05,-1e-05,0.0,1
1917,-2e-05,-4e-05,-3e-05,-5e-05,-4e-05,-2e-05,-1e-05,0.0,1
1918,-2e-05,-4e-05,-3e-05,-5e-05,-4e-05,-2e-05,-1e-05,0.0,1
1919,-2e-05,-4e-05,-3e-05,-5e-05,-4e-05,-2e-05,-1e-05,0.0,1
1920,-2e-05,-4e-05,-3e-05,-5e-05,-4e-05,-2e-05,-1e-05,0.0,1
1921,-2e-05,-4e-05,-3e-05,-5e-05,-4e-05,-2e-05,-1e-05,0.0,1
1922,-2e-05,-4e-05,-3e-05,-5e-05,-4e-05,-2e-05,-1e-05,0.0,1
1923,-2e-05,-4e-05,-3e-05,-5e-05,-4e-05,-2e-05,-1e-05,0.0,1
1924,-2e-05,-4e-05,-3e-05,-5e-05,-4e-05,-2e-05,-1e-05,0.0,1
1925,-2e-05,-4e-05,-3e-05,-5e-05,-4e-05,-2e-05,-1e-05,0.0,1
1926,-2e-05,-4e-05,-3e-05,-5e-05,-4e-05,-2e-05,-1e-05,0.0,1
1927,-2e-05,-4e-05,-3e-05,-5e-05,-4e-05,-2e-05,-1e-05,0.0,1
1928,-2e-05,-4e-05,-3e-05,-5e-05,-4e-05,-2e-05,-1e-05,0.0,1
1929,-2e-05,-4e-05,-3e-05,-5e-05,-4e-05,-2e-05,-1e-05,0.0,1
1930,-2e-05,-4e-05,-3e-05,-5e-05,-4e-05,-2e-05,-1e-05,0.0,1
1931,-2e-05,-4e-05,-3e-05,-5e-05,-4e-05,-2e-05,-1e-05,0.0,1
1932,-2e-05,-4e-05,-3e-05,-5e-05,-4e-05,-2e-05,-1e-05,0.0,1
1933,-2e-05,-4e-05,-3e-05,-5e-05,-4e-05,-2e-05,-1e-05,0.0,1
1934,-2e-05,-4e-05,-3e-05,-5e-05,-4e-05,-2e-05,-1e-05,0.0,1
1935,-2e-05,-4e-05,-3e-05,-5e-05,-4e-05,-2e-05,-1e-05,0.0,1
1936,-2e-05,-4e-05,-3e-05,-5e-05,-4e-05,-2e-05,-1e-05,0.0,1
1939,2e-05,0.0,1e-05,-1e-05,-2e-05,-1e-05,1e-05,0.0,1
1940,2e-05,0.0,1e-05,-1e-05,-2e-05,-1e-05,1e-05,0.0,1
1941,2e-05,0.0,1e-05,-1e-05,-2e-05,-1e-05,1e-05,0.0,1
1942,2e-05,0.0,1e-05,-1e-05,-2e-05,-1e-05,1e-05,0.0,1
1943,2e-05,0.0,1e-05,-1e-05,-2e-05,-1e-05,1e-05,0.0,1
1944,2e-05,0.0,1e-05,-1e-05,-2e-05,-1e-05,1e-05,0.0,1
1945,2e-05,0.0,1e-05,-1e-05,-2e-05,-1e-05,1e-05,0.0,1
1946,2e-05,0.0,1e-05,-1e-05,-2e-05,-1e-05,1e-05,0.0,1
1947,2e-05,0.0,1e-05,-1e-05,-2e-05,-1e-05,1e-05,0.0,1
1948,2e-05,0.0,1e-05,-1e-05,-2e-05,-1e-05,1e-05,0.0,1
1949,2e-05,0.0,1e-05,-1e-05,-2e-05,-1e-05,1e-05,0.0,1
1950,2e-05,0.0,1e-05,-1e-05,-2e-05,-1e-05,1e-05,0.0,1
1951,-5e-05,-8e-05,-0.0001,-3e-05,-2e-05,0.0,0.0,0.0,1
1952,-5e-05,-8e-05,-0.0001,-3e-05,-2e-05,0.0,0.0,0.0,1
1953,-5e-05,-8e-05,-0.0001,-3e-05,-2e-05,0.0,0.0,0.0,1
1954,-5e-05,-8e-05,-0.0001,-3e-05,-2e-05,0.0,0.0,0.0,1
1955,-5e-05,-8e-05,-0.0001,-3e-05,-2e-05,0.0,0.0,0.0,1
1956,-5e-05,-8e-05,-0.0001,-3e-05,-2e-05,0.0,0.0,0.0,1
1957,-5e-05,-8e-05,-0.0001,-3e-05,-2e-05,0.0,0.0,0.0,1
1958,-5e-05,-8e-05,-0.0001,-3e-05,-2e-05,0.0,0.0,0.0,1
1959,-5e-05,-8e-05,-0.0001,-3e-05,-2e-05,0.0,0.0,0.0,1
1960,0.0,0.0,0.0,0.0,-3e-05,-1e-05,0.0,-1e-05,1
1961,0.0,0.0,0.0,0.0,-3e-05,-1e-05,0.0,-1e-05,1
1962,0.0,0.0,0.0,0.0,-3e-05,-1e-05,0.0,-1e-05,1
1963,0.0,0.0,0.0,0.0,-3e-05,-1e-05,0.0,-1e-05,1
1964,0.0,0.0,0.0,0.0,-3e-05,-1e-05,0.0,-1e-05,1
1965,0.0,0.0,0.0,0.0,-3e-05,-1e-05,0.0,-1e-05,1
1966,0.0,0.0,0.0,0.0,-3e-05,-1e-05,0.0,-1e-05,1
1967,0.0,0.0,0.0,0.0,-3e-05,-1e-05,0.0,-1e-05,1
1968,0.0,0.0,0.0,0.0,-3e-05,-1e-05,0.0,-1e-05,1
1969,0.0,0.0,0.0,0.0,-3e-05,-1e-05,0.0,-1e-05,1
1970,0.0,0.0,0.0,0.0,-3e-05,-1e-05,0.0,-1e-05,1
1971,0.0,0.0,0.0,0.0,-3e-05,-1e-05,0.0,-1e-05,1
1972,0.0,0.0,0.0,0.0,-3e-05,-1e-05,0.0,-1e-05,1
1973,0.0,0.0,0.0,0.0,-3e-05,-1e-05,0.0,-1e-05,1
1974,1e-05,1e-05,1e-05,-5e-05,0.0,-1e-05,-1e-05,-2e-05,1
1975,2e-05,5e-05,8e-05,0.0001,2e-05,-2e-05,-1e-05,-1e-05,1
1976,-3e-05,-6e-05,-7e-05,0.0,-2e-05,0.0,-2e-05,-2e-05,1
1977,-3e-05,-6e-05,-7e-05,0.0,-2e-05,0.0,-2e-05,-2e-05,1
1978,-3e-05,-6e-05,-7e-05,0.0,-2e-05,0.0,-2e-05,-2e-05,1
1979,-3e-05,-6e-05,-7e-05,0.0,-2e-05,0.0,-2e-05,-2e-05,1
1980,-3e-05,-6e-05,-7e-05,0.0,-2e-05,0.0,-2e-05,-2e-05,1
1981,-3e-05,-6e-05,-7e-05,0.0,-2e-05,0.0,-2e-05,-2e-05,1
1982,-3e-05,-6e-05,-7e-05,0.0,-2e-05,0.0,-2e-05,-2e-05,1
1983,-3e-05,-6e-05,-7e-05,0.0,-2e-05,0.0,-2e-05,-2e-05,1
1984,-3e-05,-6e-05,-7e-05,0.0,-2e-05,0.0,-2e-05,-2e-05,1
1985,-3e-05,-6e-05,-7e-05,0.0,-2e-05,0.0,-2e-05,-2e-05,1
1986,-3e-05,-6e-05,-7e-05,0.0,-2e-05,0.0,-2e-05,-2e-05,1
1988,-3e-05,-6e-05,-7e-05,0.0,-2e-05,0.0,-2e-05,-2e-05,1
1989,-3e-05,-6e-05,-7e-05,0.0,-2e-05,0.0,-2e-05,-2e-05,1
1990,-3e-05,-6e-05,-7e-05,0.0,-2e-05,0.0,-2e-05,-2e-05,1
1991,-3e-05,-6e-05,-7e-05,0.0,-2e-05,0.0,-2e-05,-2e-05,1
1992,-3e-05,-6e-05,-7e-05,0.0,-2e-05,0.0,-2e-05,-2e-05,1
1993,-3e-05,-6e-05,-7e-05,0.0,-2e-05,0.0,-2e-05,-2e-05,1
1994,-3e-05,-6e-05,-7e-05,0.0,-2e-05,0.0,-2e-05,-2e-05,1
1995,-3e-05,-6e-05,-7e-05,0.0,-2e-05,0.0,-2e-05,-2e-05,1
1996,-3e-05,-6e-05,-7e-05,0.0,-2e-05,0.0,-2e-05,-2e-05,1
1997,-1e-05,-1e-05,0.0,-6e-05,-2e-05,-2e-05,0.0,-1e-05,1
1998,-1e-05,-1e-05,0.0,-6e-05,-2e-05,-2e-05,0.0,-1e-05,1
1999,-1e-05,4e-05,0.0,-1e-05,-1e-05,-1e-05,-1e-05,-2e-05,1
2000,-1e-05,4e-05,0.0,-1e-05,-1e-05,-1e-05,-1e-05,-2e-05,1
2001,-1e-05,4e-05,0.0,-1e-05,-1e-05,-1e-05,-1e-05,-2e-05,1
2002,-1e-05,4e-05,0.0,-1e-05,-1e-05,-1e-05,-1e-05,-2e-05,1
2003,-1e-05,4e-05,0.0,-1e-05,-1e-05,-1e-05,-1e-05,-2e-05,1
2004,-1e-05,4e-05,0.0,-1e-05,-1e-05,-1e-05,-1e-05,-2e-05,1
2005,-1e-05,4e-05,0.0,-1e-05,-1e-05,-1e-05,-1e-05,-2e-05,1
2006,-1e-05,4e-05,0.0,-1e-05,-1e-05,-1e-05,-1e-05,-2e-05,1
2007,-1e-05,4e-05,0.0,-1e-05,-1e-05,-1e-05,-1e-05,-2e-05,1
2008,-1e-05,4e-05,0.0,-1e-05,-1e-05,-1e-05,-1e-05,-2e-05,1
2009,-1e-05,4e-05,0.0,-1e-05,-1e-05,-1e-05,-1e-05,-2e-05,1
2010,-1e-05,4e-05,0.0,-1e-05,-1e-05,-1e-05,-1e-05,-2e-05,1
2011,-4e-05,-4e-05,-1e-05,-6e-05,-1e-05,-2e-05,1e-05,-1e-05,1
2012,-4e-05,-4e-05,-1e-05,-6e-05,-1e-05,-2e-05,1e-05,-1e-05,1
2013,-4e-05,-4e-05,-1e-05,-6e-05,-1e-05,-2e-05,1e-05,-1e-05,1
2014,-4e-05,-4e-05,-1e-05,-6e-05,-1e-05,-2e-05,1e-05,-1e-05,1
2015,-4e-05,-4e-05,-1e-05,-6e-05,-1e-05,-2e-05,1e-05,-1e-05,1
2016,-4e-05,-4e-05,-1e-05,-6e-05,-1e-05,-2e-05,1e-05,-1e-05,1
2017,-4e-05,-4e-05,-1e-05,-6e-05,-1e-05,-2e-05,1e-05,-1e-05,1
2018,-4e-05,-4e-05,-1e-05,-6e-05,-1e-05,-2e-05,1e-05,-1e-05,1
2019,-4e-05,-4e-05,-1e-05,-6e-05,-1e-05,-2e-05,1e-05,-1e-05,1
2020,0.0,3e-05,6e-05,3e-05,0.0,-2e-05,-2e-05,0.0,1
2021,0.0,3e-05,6e-05,3e-05,0.0,-2e-05,-2e-05,0.0,1
2022,0.0,3e-05,6e-05,3e-05,0.0,-2e-05,-2e-05,0.0,1
2023,0.0,3e-05,6e-05,3e-05,0.0,-2e-05,-2e-05,0.0,1
2024,0.0,3e-05,6e-05,3e-05,0.0,-2e-05,-2e-05,0.0,1
2025,0.0,3e-05,6e-05,3e-05,0.0,-2e-05,-2e-05,0.0,1
2026,0.0,3e-05,6e-05,3e-05,0.0,-2e-05,-2e-05,0.0,1
2027,0.0,3e-05,6e-05,3e-05,0.0,-2e-05,-2e-05,0.0,1
2028,0.0,3e-05,6e-05,3e-05,0.0,-2e-05,-2e-05,0.0,1
2029,0.0,3e-05,6e-05,3e-05,0.0,-2e-05,-2e-05,0.0,1
2030,0.0,3e-05,6e-05,3e-05,0.0,-2e-05,-2e-05,0.0,1
2031,0.0,3e-05,6e-05,3e-05,0.0,-2e-05,-2e-05,0.0,1
2032,0.0,3e-05,6e-05,3e-05,0.0,-2e-05,-2e-05,0.0,1
2033,0.0,3e-05,6e-05,3e-05,0.0,-2e-05,-2e-05,0.0,1
2034,-2e-05,-5e-05,-6e-05,-4e-05,0.0,-1e-05,-1e-05,1e-05,1
2035,-3e-05,-9e-05,-0.00011,-9e-05,-6e-05,0.0,-2e-05,-2e-05,1
2036,-1e-05,-1e-05,-3e-05,0.0,0.0,-2e-05,-2e-05,-1e-05,1
2038,-1e-05,-1e-05,-3e-05,0.0,0.0,-2e-05,-2e-05,-1e-05,1
2039,-1e-05,-1e-05,-3e-05,0.0,0.0,-2e-05,-2e-05,-1e-05,1
2040,-1e-05,-1e-05,-3e-05,0.0,0.0,-2e-05,-2e-05,-1e-05,1
2041,-1e-05,-1e-05,-3e-05,0.0,0.0,-2e-05,-2e-05,-1e-05,1
2042,-1e-05,-1e-05,-3e-05,0.0,0.0,-2e-05,-2e-05,-1e-05,1
2043,-1e-05,-1e-05,-3e-05,0.0,0.0,-2e-05,-2e-05,-1e-05,1
2044,-1e-05,-1e-05,-3e-05,0.0,0.0,-2e-05,-2e-05,-1e-05,1
2045,-1e-05,-1e-05,-3e-05,0.0,0.0,-2e-05,-2e-05,-1e-05,1
2046,-1e-05,-1e-05,-3e-05,0.0,0.0,-2e-05,-2e-05,-1e-05,1
2047,-1e-05,-1e-05,-3e-05,0.0,0.0,-2e-05,-2e-05,-1e-05,1
2048,-1e-05,-1e-05,-3e-05,0.0,0.0,-2e-05,-2e-05,-1e-05,1
2049,-1e-05,-1e-05,-3e-05,0.0,0.0,-2e-05,-2e-05,-1e-05,1
2050,-1e-05,-1e-05,-3e-05,0.0,0.0,-2e-05,-2e-05,-1e-05,1
2051,-1e-05,-1e-05,-3e-05,0.0,0.0,-2e-05,-2e-05,-1e-05,1
2052,-1e-05,-1e-05,-3e-05,0.0,0.0,-2e-05,-2e-05,-1e-05,1
2053,-1e-05,-1e-05,-3e-05,0.0,0.0,-2e-05,-2e-05,-1e-05,1
2054,-1e-05,-1e-05,-3e-05,0.0,0.0,-2e-05,-2e-05,-1e-05,1
2055,-1e-05,-1e-05,-3e-05,0.0,0.0,-2e-05,-2e-05,-1e-05,1
2056,1e-05,2e-05,3e-05,0.0,-2e-05,-2e-05,-1e-05,-2e-05,1
2057,1e-05,2e-05,3e-05,3e-05,0.0,-1e-05,-2e-05,1e-05,1
2058,1e-05,2e-05,3e-05,3e-05,0.0,-1e-05,-2e-05,1e-05,1
2059,1e-05,2e-05,3e-05,3e-05,0.0,-1e-05,-2e-05,1e-05,1
2060,1e-05,2e-05,3e-05,3e-05,0.0,-1e-05,-2e-05,1e-05,1
2061,1e-05,2e-05,3e-05,3e-05,0.0,-1e-05,-2e-05,1e-05,1
2062,1e-05,2e-05,3e-05,3e-05,0.0,-1e-05,-2e-05,1e-05,1
2063,1e-05,2e-05,3e-05,3e-05,0.0,-1e-05,-2e-05,1e-05,1
2064,1e-05,2e-05,3e-05,3e-05,0.0,-1e-05,-2e-05,1e-05,1
2065,1e-05,2e-05,3e-05,3e-05,0.0,-1e-05,-2e-05,1e-05,1
2066,1e-05,2e-05,3e-05,3e-05,0.0,-1e-05,-2e-05,1e-05,1
2067,1e-05,2e-05,3e-05,3e-05,0.0,-1e-05,-2e-05,1e-05,1
2068,1e-05,2e-05,3e-05,3e-05,0.0,-1e-05,-2e-05,1e-05,1
2069,1e-05,2e-05,3e-05,3e-05,0.0,-1e-05,-2e-05,1e-05,1
2070,1e-05,2e-05,3e-05,3e-05,0.0,-1e-05,-2e-05,1e-05,1
2071,1e-05,2e-05,3e-05,3e-05,0.0,-1e-05,-2e-05,1e-05,1
2072,1e-05,2e-05,3e-05,3e-05,0.0,-1e-05,-2e-05,1e-05,1
2073,1e-05,2e-05,3e-05,3e-05,0.0,-1e-05,-2e-05,1e-05,1
2074,1e-05,2e-05,3e-05,3e-05,0.0,-1e-05,-2e-05,1e-05,1
2075,1e-05,2e-05,3e-05,3e-05,0.0,-1e-05,-2e-05,1e-05,1
2076,1e-05,2e-05,3e-05,3e-05,0.0,-1e-05,-2e-05,1e-05,1
2077,1e-05,2e-05,3e-05,3e-05,0.0,-1e-05,-2e-05,1e-05,1
2078,1e-05,2e-05,3e-05,3e-05,0.0,-1e-05,-2e-05,1e-05,1
2079,0.0,-5e-05,-6e-05,-1e-05,-1e-05,-2e-05,-1e-05,-1e-05,1
2080,-1e-05,1e-05,4e-05,2e-05,-2e-05,-2e-05,1e-05,-1e-05,1
2081,-1e-05,1e-05,4e-05,2e-05,-2e-05,-2e-05,1e-05,-1e-05,1
2082,-1e-05,1e-05,4e-05,2e-05,-2e-05,-2e-05,1e-05,-1e-05,1
2083,-1e-05,1e-05,4e-05,2e-05,-2e-05,-2e-05,1e-05,-1e-05,1
2084,-1e-05,1e-05,4e-05,2e-05,-2e-05,-2e-05,1e-05,-1e-05,1
2085,-1e-05,1e-05,4e-05,2e-05,-2e-05,-2e-05,1e-05,-1e-05,1
2086,-1e-05,1e-05,4e-05,2e-05,-2e-05,-2e-05,1e-05,-1e-05,1
2088,-1e-05,1e-05,4e-05,2e-05,-2e-05,-2e-05,1e-05,-1e-05,1
2089,-1e-05,1e-05,4e-05,2e-05,-2e-05,-2e-05,1e-05,-1e-05,1
2090,-1e-05,1e-05,4e-05,2e-05,-2e-05,-2e-05,1e-05,-1e-05,1
2091,-1e-05,1e-05,4e-05,2e-05,-2e-05,-2e-05,1e-05,-1e-05,1
2092,-1e-05,1e-05,4e-05,2e-05,-2e-05,-2e-05,1e-05,-1e-05,1
2093,-1e-05,1e-05,4e-05,2e-05,-2e-05,-2e-05,1e-05,-1e-05,1
2094,-1e-05,1e-05,4e-05,2e-05,-2e-05,-2e-05,1e-05,-1e-05,1
2095,-1e-05,-3e-05,-4e-05,3e-05,0.0,0.0,-1e-05,0.0,1
2096,-2e-05,-4e-05,-2e-05,0.00014,3e-05,0.0,-1e-05,0.0,1
2097,-2e-05,-4e-05,-2e-05,0.00014,3e-05,0.0,-1e-05,0.0,1
2098,-2e-05,-4e-05,-2e-05,0.00014,3e-05,0.0,-1e-05,0.0,1
2099,-2e-05,-4e-05,-2e-05,0.00014,3e-05,0.0,-1e-05,0.0,1
2100,-2e-05,-4e-05,-2e-05,0.00014,3e-05,0.0,-1e-05,0.0,1
2101,-2e-05,-4e-05,-2e-05,0.00014,3e-05,0.0,-1e-05,0.0,1
2102,-2e-05,-4e-05,-2e-05,0.00014,3e-05,0.0,-1e-05,0.0,1
2103,-2e-05,-4e-05,-2e-05,0.00014,3e-05,0.0,-1e-05,0.0,1
2104,-2e-05,-4e-05,-2e-05,0.00014,3e-05,0.0,-1e-05,0.0,1
2105,-2e-05,-4e-05,-2e-05,0.00014,3e-05,0.0,-1e-05,0.0,1
2106,-2e-05,-4e-05,-2e-05,0.00014,3e-05,0.0,-1e-05,0.0,1
2107,-2e-05,-4e-05,-2e-05,0.00014,3e-05,0.0,-1e-05,0.0,1
2108,-2e-05,-4e-05,-2e-05,0.00014,3e-05,0.0,-1e-05,0.0,1
2109,-2e-05,-4e-05,-2e-05,0.00014,3e-05,0.0,-1e-05,0.0,1
2110,-2e-05,-4e-05,-2e-05,0.00014,3e-05,0.0,-1e-05,0.0,1
2111,-2e-05,-4e-05,-2e-05,0.00014,3e-05,0.0,-1e-05,0.0,1
2112,-2e-05,-4e-05,-2e-05,0.00014,3e-05,0.0,-1e-05,0.0,1
2113,-2e-05,-4e-05,-2e-05,0.00014,3e-05,0.0,-1e-05,0.0,1
2114,-2e-05,-4e-05,-2e-05,0.00014,3e-05,0.0,-1e-05,0.0,1
2115,-2e-05,-4e-05,-2e-05,0.00014,3e-05,0.0,-1e-05,0.0,1
2116,0.0,1e-05,1e-05,0.0,1e-05,0.0,-1e-05,-1e-05,1
2117,2e-05,3e-05,2e-05,-9e-05,-4e-05,-4e-05,-1e-05,-3e-05,1
2118,2e-05,3e-05,2e-05,-9e-05,-4e-05,-4e-05,-1e-05,-3e-05,1
2119,2e-05,3e-05,2e-05,-9e-05,-4e-05,-4e-05,-1e-05,-3e-05,1
2120,2e-05,3e-05,2e-05,-9e-05,-4e-05,-4e-05,-1e-05,-3e-05,1
2121,2e-05,3e-05,2e-05,-9e-05,-4e-05,-4e-05,-1e-05,-3e-05,1
2122,2e-05,3e-05,2e-05,-9e-05,-4e-05,-4e-05,-1e-05,-3e-05,1
2123,2e-05,3e-05,2e-05,-9e-05,-4e-05,-4e-05,-1e-05,-3e-05,1
2124,2e-05,3e-05,2e-05,-9e-05,-4e-05,-4e-05,-1e-05,-3e-05,1
2125,2e-05,3e-05,2e-05,-9e-05,-4e-05,-4e-05,-1e-05,-3e-05,1
2126,2e-05,3e-05,2e-05,-9e-05,-4e-05,-4e-05,-1e-05,-3e-05,1
2127,2e-05,3e-05,2e-05,-9e-05,-4e-05,-4e-05,-1e-05,-3e-05,1
2128,2e-05,3e-05,2e-05,-9e-05,-4e-05,-4e-05,-1e-05,-3e-05,1
2129,2e-05,3e-05,2e-05,-9e-05,-4e-05,-4e-05,-1e-05,-3e-05,1
2130,2e-05,3e-05,2e-05,-9e-05,-4e-05,-4e-05,-1e-05,-3e-05,1
2131,2e-05,3e-05,2e-05,-9e-05,-4e-05,-4e-05,-1e-05,-3e-05,1
2132,2e-05,3e-05,2e-05,-9e-05,-4e-05,-4e-05,-1e-05,-3e-05,1
2133,2e-05,3e-05,2e-05,-9e-05,-4e-05,-4e-05,-1e-05,-3e-05,1
2134,2e-05,3e-05,2e-05,-9e-05,-4e-05,-4e-05,-1e-05,-3e-05,1
2135,2e-05,3e-05,2e-05,-9e-05,-4e-05,-4e-05,-1e-05,-3e-05,1
2136,2e-05,3e-05,2e-05,-9e-05,-4e-05,-4e-05,-1e-05,-3e-05,1
2138,2e-05,3e-05,2e-05,-9e-05,-4e-05,-4e-05,-1e-05,-3e-05,1
2139,2e-05,3e-05,2e-05,-9e-05,-4e-05,-4e-05,-1e-05,-3e-05,1
2140,-3e-05,-5e-05,-6e-05,-4e-05,-2e-05,-2e-05,-1e-05,0.0,1
2141,-3e-05,-5e-05,-6e-05,-4e-05,-2e-05,-2e-05,-1e-05,0.0,1
2142,-3e-05,-5e-05,-6e-05,-4e-05,-2e-05,-2e-05,-1e-05,0.0,1
2143,-3e-05,-5e-05,-6e-05,-4e-05,-2e-05,-2e-05,-1e-05,0.0,1
2144,-3e-05,-5e-05,-6e-05,-4e-05,-2e-05,-2e-05,-1e-05,0.0,1
2145,-3e-05,-5e-05,-6e-05,-4e-05,-2e-05,-2e-05,-1e-05,0.0,1
2146,-3e-05,-5e-05,-6e-05,-4e-05,-2e-05,-2e-05,-1e-05,0.0,1
2147,-3e-05,-5e-05,-6e-05,-4e-05,-2e-05,-2e-05,-1e-05,0.0,1
2148,-3e-05,-5e-05,-6e-05,-4e-05,-2e-05,-2e-05,-1e-05,0.0,1
2149,-3e-05,-5e-05,-6e-05,-4e-05,-2e-05,-2e-05,-1e-05,0.0,1
2150,-3e-05,-5e-05,-6e-05,-4e-05,-2e-05,-2e-05,-1e-05,0.0,1
2151,-3e-05,-5e-05,-6e-05,-4e-05,-2e-05,-2e-05,-1e-05,0.0,1
2152,-3e-05,-5e-05,-6e-05,-4e-05,-2e-05,-2e-05,-1e-05,0.0,1
2153,-3e-05,-5e-05,-6e-05,-4e-05,-2e-05,-2e-05,-1e-05,0.0,1
2154,1e-05,3e-05,2e-05,0.0,0.0,-2e-05,1e-05,-1e-05,1
2155,-1e-05,-1e-05,-2e-05,-4e-05,-1e-05,-2e-05,-2e-05,-1e-05,1
2156,-1e-05,-1e-05,-2e-05,-4e-05,-1e-05,-2e-05,-2e-05,-1e-05,1
2157,-1e-05,-1e-05,-2e-05,-4e-05,-1e-05,-2e-05,-2e-05,-1e-05,1
2158,-1e-05,-1e-05,-2e-05,-4e-05,-1e-05,-2e-05,-2e-05,-1e-05,1
2159,-1e-05,-1e-05,-2e-05,-4e-05,-1e-05,-2e-05,-2e-05,-1e-05,1
2160,-1e-05,-1e-05,-2e-05,-4e-05,-1e-05,-2e-05,-2e-05,-1e-05,1
2161,-1e-05,-1e-05,-2e-05,-4e-05,-1e-05,-2e-05,-2e-05,-1e-05,1
2162,-1e-05,-1e-05,-2e-05,-4e-05,-1e-05,-2e-05,-2e-05,-1e-05,1
2163,-1e-05,-1e-05,-2e-05,-4e-05,-1e-05,-2e-05,-2e-05,-1e-05,1
2164,-1e-05,-1e-05,-2e-05,-4e-05,-1e-05,-2e-05,-2e-05,-1e-05,1
2165,-1e-05,-1e-05,-2e-05,-4e-05,-1e-05,-2e-05,-2e-05,-1e-05,1
2166,-1e-05,-1e-05,-2e-05,-4e-05,-1e-05,-2e-05,-2e-05,-1e-05,1
2167,-1e-05,-1e-05,-2e-05,-4e-05,-1e-05,-2e-05,-2e-05,-1e-05,1
2168,-1e-05,-1e-05,-2e-05,-4e-05,-1e-05,-2e-05,-2e-05,-1e-05,1
2169,-1e-05,-1e-05,-2e-05,-4e-05,-1e-05,-2e-05,-2e-05,-1e-05,1
2170,-1e-05,-1e-05,-2e-05,-4e-05,-1e-05,-2e-05,-2e-05,-1e-05,1
2171,-1e-05,-1e-05,-2e-05,-4e-05,-1e-05,-2e-05,-2e-05,-1e-05,1
2172,-1e-05,-1e-05,-2e-05,-4e-05,-1e-05,-2e-05,-2e-05,-1e-05,1
2173,-1e-05,-1e-05,-2e-05,-4e-05,-1e-05,-2e-05,-2e-05,-1e-05,1
2174,-1e-05,-1e-05,-2e-05,-4e-05,-1e-05,-2e-05,-2e-05,-1e-05,1
2175,-1e-05,-1e-05,-2e-05,-4e-05,-1e-05,-2e-05,-2e-05,-1e-05,1
2176,0.0,-2e-05,-4e-05,-1e-05,-3e-05,0.0,0.0,-1e-05,1
2177,-1e-05,-1e-05,-2e-05,-1e-05,-3e-05,-1e-05,-1e-05,-1e-05,1
2178,-1e-05,-1e-05,-2e-05,-1e-05,-3e-05,-1e-05,-1e-05,-1e-05,1
2179,-1e-05,-1e-05,-2e-05,-1e-05,-3e-05,-1e-05,-1e-05,-1e-05,1
2180,-1e-05,-1e-05,-2e-05,-1e-05,-3e-05,-1e-05,-1e-05,-1e-05,1
2181,-1e-05,-1e-05,-2e-05,-1e-05,-3e-05,-1e-05,-1e-05,-1e-05,1
2182,-1e-05,-1e-05,-2e-05,-1e-05,-3e-05,-1e-05,-1e-05,-1e-05,1
2183,-1e-05,-1e-05,-2e-05,-1e-05,-3e-05,-1e-05,-1e-05,-1e-05,1
2185,-1e-05,-1e-05,-2e-05,-1e-05,-3e-05,-1e-05,-1e-05,-1e-05,1
2186,-1e-05,-1e-05,-2e-05,-1e-05,-3e-05,-1e-05,-1e-05,-1e-05,1
2188,-1e-05,-1e-05,-2e-05,-1e-05,-3e-05,-1e-05,-1e-05,-1e-05,1
2189,-1e-05,-1e-05,-2e-05,-1e-05,-3e-05,-1e-05,-1e-05,-1e-05,1
2190,-1e-05,-1e-05,-2e-05,-1e-05,-3e-05,-1e-05,-1e-05,-1e-05,1
2191,-1e-05,-1e-05,-2e-05,-1e-05,-3e-05,-1e-05,-1e-05,-1e-05,1
2192,-1e-05,-1e-05,-2e-05,-1e-05,-3e-05,-1e-05,-1e-05,-1e-05,1
2193,-1e-05,-1e-05,-2e-05,-1e-05,-3e-05,-1e-05,-1e-05,-1e-05,1
2194,-1e-05,-1e-05,-2e-05,-1e-05,-3e-05,-1e-05,-1e-05,-1e-05,1
2195,-1e-05,-1e-05,-2e-05,-1e-05,-3e-05,-1e-05,-1e-05,-1e-05,1
2196,-1e-05,-1e-05,-2e-05,-1e-05,-3e-05,-1e-05,-1e-05,-1e-05,1
2197,-1e-05,-1e-05,-2e-05,-1e-05,-3e-05,-1e-05,-1e-05,-1e-05,1
2198,-1e-05,-1e-05,-2e-05,-1e-05,-3e-05,-1e-05,-1e-05,-1e-05,1
2199,-1e-05,1e-05,1e-05,-2e-05,-1e-05,-2e-05,-2e-05,-2e-05,1
2200,-2e-05,-6e-05,-6e-05,-9e-05,-2e-05,-1e-05,-3e-05,-2e-05,1
2201,-2e-05,-6e-05,-6e-05,-9e-05,-2e-05,-1e-05,-3e-05,-2e-05,1
2202,-2e-05,-6e-05,-6e-05,-9e-05,-2e-05,-1e-05,-3e-05,-2e-05,1
2203,-2e-05,-6e-05,-6e-05,-9e-05,-2e-05,-1e-05,-3e-05,-2e-05,1
2204,-2e-05,-6e-05,-6e-05,-9e-05,-2e-05,-1e-05,-3e-05,-2e-05,1
2205,-2e-05,-6e-05,-6e-05,-9e-05,-2e-05,-1e-05,-3e-05,-2e-05,1
2206,-2e-05,-6e-05,-6e-05,-9e-05,-2e-05,-1e-05,-3e-05,-2e-05,1
2207,-2e-05,-6e-05,-6e-05,-9e-05,-2e-05,-1e-05,-3e-05,-2e-05,1
2208,-2e-05,-6e-05,-6e-05,-9e-05,-2e-05,-1e-05,-3e-05,-2e-05,1
2209,-2e-05,-6e-05,-6e-05,-9e-05,-2e-05,-1e-05,-3e-05,-2e-05,1
2210,-2e-05,-6e-05,-6e-05,-9e-05,-2e-05,-1e-05,-3e-05,-2e-05,1
2211,-2e-05,-6e-05,-6e-05,-9e-05,-2e-05,-1e-05,-3e-05,-2e-05,1
2212,-2e-05,-6e-05,-6e-05,-9e-05,-2e-05,-1e-05,-3e-05,-2e-05,1
2213,-2e-05,-6e-05,-6e-05,-9e-05,-2e-05,-1e-05,-3e-05,-2e-05,1
2214,-2e-05,2e-05,7e-05,0.0003,6e-05,0.0,0.0,-2e-05,1
2215,-3e-05,-4e-05,-9e-05,-4e-05,-4e-05,-2e-05,0.0,1e-05,1
2216,-3e-05,-4e-05,-9e-05,-4e-05,-4e-05,-2e-05,0.0,1e-05,1
2217,-3e-05,-4e-05,-9e-05,-4e-05,-4e-05,-2e-05,0.0,1e-05,1
2218,-3e-05,-4e-05,-9e-05,-4e-05,-4e-05,-2e-05,0.0,1e-05,1
2219,-3e-05,-4e-05,-9e-05,-4e-05,-4e-05,-2e-05,0.0,1e-05,1
2220,-3e-05,-4e-05,-9e-05,-4e-05,-4e-05,-2e-05,0.0,1e-05,1
2221,-3e-05,-4e-05,-9e-05,-4e-05,-4e-05,-2e-05,0.0,1e-05,1
2222,-3e-05,-4e-05,-9e-05,-4e-05,-4e-05,-2e-05,0.0,1e-05,1
2223,-3e-05,-4e-05,-9e-05,-4e-05,-4e-05,-2e-05,0.0,1e-05,1
2224,-3e-05,-4e-05,-9e-05,-4e-05,-4e-05,-2e-05,0.0,1e-05,1
2225,-3e-05,-4e-05,-9e-05,-4e-05,-4e-05,-2e-05,0.0,1e-05,1
2226,-3e-05,-4e-05,-9e-05,-4e-05,-4e-05,-2e-05,0.0,1e-05,1
2227,-3e-05,-4e-05,-9e-05,-4e-05,-4e-05,-2e-05,0.0,1e-05,1
2228,-3e-05,-4e-05,-9e-05,-4e-05,-4e-05,-2e-05,0.0,1e-05,1
2229,-3e-05,-4e-05,-9e-05,-4e-05,-4e-05,-2e-05,0.0,1e-05,1
2230,-3e-05,-4e-05,-9e-05,-4e-05,-4e-05,-2e-05,0.0,1e-05,1
2231,-3e-05,-4e-05,-9e-05,-4e-05,-4e-05,-2e-05,0.0,1e-05,1
2232,-3e-05,-4e-05,-9e-05,-4e-05,-4e-05,-2e-05,0.0,1e-05,1
2233,-3e-05,-4e-05,-9e-05,-4e-05,-4e-05,-2e-05,0.0,1e-05,1
2234,-3e-05,-4e-05,-9e-05,-4e-05,-4e-05,-2e-05,0.0,1e-05,1
2235,-3e-05,-4e-05,-9e-05,-4e-05,-4e-05,-2e-05,0.0,1e-05,1
2236,-3e-05,-4e-05,-5e-05,-8e-05,-3e-05,-2e-05,-2e-05,-2e-05,1
2239,1e-05,3e-05,4e-05,1e-05,0.0,-1e-05,-2e-05,0.0,1
2240,1e-05,3e-05,4e-05,1e-05,0.0,-1e-05,-2e-05,0.0,1
2241,1e-05,3e-05,4e-05,1e-05,0.0,-1e-05,-2e-05,0.0,1
2242,1e-05,3e-05,4e-05,1e-05,0.0,-1e-05,-2e-05,0.0,1
2243,1e-05,3e-05,4e-05,1e-05,0.0,-1e-05,-2e-05,0.0,1
2244,1e-05,3e-05,4e-05,1e-05,0.0,-1e-05,-2e-05,0.0,1
2245,1e-05,3e-05,4e-05,1e-05,0.0,-1e-05,-2e-05,0.0,1
2246,1e-05,3e-05,4e-05,1e-05,0.0,-1e-05,-2e-05,0.0,1
2247,1e-05,3e-05,4e-05,1e-05,0.0,-1e-05,-2e-05,0.0,1
2248,1e-05,3e-05,4e-05,1e-05,0.0,-1e-05,-2e-05,0.0,1
2249,1e-05,3e-05,4e-05,1e-05,0.0,-1e-05,-2e-05,0.0,1
2250,1e-05,3e-05,4e-05,1e-05,0.0,-1e-05,-2e-05,0.0,1
2251,1e-05,3e-05,4e-05,1e-05,0.0,-1e-05,-2e-05,0.0,1
2252,1e-05,3e-05,4e-05,1e-05,0.0,-1e-05,-2e-05,0.0,1
2253,1e-05,3e-05,4e-05,1e-05,0.0,-1e-05,-2e-05,0.0,1
2254,1e-05,3e-05,4e-05,1e-05,0.0,-1e-05,-2e-05,0.0,1
2255,1e-05,3e-05,4e-05,1e-05,0.0,-1e-05,-2e-05,0.0,1
2256,1e-05,3e-05,4e-05,1e-05,0.0,-1e-05,-2e-05,0.0,1
2257,1e-05,3e-05,4e-05,1e-05,0.0,-1e-05,-2e-05,0.0,1
2258,1e-05,3e-05,4e-05,1e-05,0.0,-1e-05,-2e-05,0.0,1
2259,-4e-05,-5e-05,-7e-05,-5e-05,-3e-05,0.0,-1e-05,0.0,1
2260,0.0,1e-05,-1e-05,2e-05,0.0,-3e-05,-1e-05,0.0,1
2261,0.0,1e-05,-1e-05,2e-05,0.0,-3e-05,-1e-05,0.0,1
2262,0.0,1e-05,-1e-05,2e-05,0.0,-3e-05,-1e-05,0.0,1
2263,0.0,1e-05,-1e-05,2e-05,0.0,-3e-05,-1e-05,0.0,1
2264,0.0,1e-05,-1e-05,2e-05,0.0,-3e-05,-1e-05,0.0,1
2265,0.0,1e-05,-1e-05,2e-05,0.0,-3e-05,-1e-05,0.0,1
2266,0.0,1e-05,-1e-05,2e-05,0.0,-3e-05,-1e-05,0.0,1
2267,0.0,1e-05,-1e-05,2e-05,0.0,-3e-05,-1e-05,0.0,1
2268,0.0,1e-05,-1e-05,2e-05,0.0,-3e-05,-1e-05,0.0,1
2269,0.0,1e-05,-1e-05,2e-05,0.0,-3e-05,-1e-05,0.0,1
2270,0.0,1e-05,-1e-05,2e-05,0.0,-3e-05,-1e-05,0.0,1
2271,0.0,1e-05,-1e-05,2e-05,0.0,-3e-05,-1e-05,0.0,1
2272,0.0,1e-05,-1e-05,2e-05,0.0,-3e-05,-1e-05,0.0,1
2273,0.0,1e-05,-1e-05,2e-05,0.0,-3e-05,-1e-05,0.0,1
2274,2e-05,2e-05,-1e-05,-6e-05,-2e-05,-2e-05,0.0,0.0,1
2275,-2e-05,-2e-05,-1e-05,0.0,-2e-05,-1e-05,-1e-05,-2e-05,1
2276,-2e-05,-2e-05,-1e-05,0.0,-2e-05,-1e-05,-1e-05,-2e-05,1
2277,-2e-05,-2e-05,-1e-05,0.0,-2e-05,-1e-05,-1e-05,-2e-05,1
2278,-2e-05,-2e-05,-1e-05,0.0,-2e-05,-1e-05,-1e-05,-2e-05,1
2279,-2e-05,-2e-05,-1e-05,0.0,-2e-05,-1e-05,-1e-05,-2e-05,1
2280,-2e-05,-2e-05,-1e-05,0.0,-2e-05,-1e-05,-1e-05,-2e-05,1
2281,-2e-05,-2e-05,-1e-05,0.0,-2e-05,-1e-05,-1e-05,-2e-05,1
2282,-2e-05,-2e-05,-1e-05,0.0,-2e-05,-1e-05,-1e-05,-2e-05,1
2283,-2e-05,-2e-05,-1e-05,0.0,-2e-05,-1e-05,-1e-05,-2e-05,1
2284,-2e-05,-2e-05,-1e-05,0.0,-2e-05,-1e-05,-1e-05,-2e-05,1
2285,-2e-05,-2e-05,-1e-05,0.0,-2e-05,-1e-05,-1e-05,-2e-05,1
2286,-2e-05,-2e-05,-1e-05,0.0,-2e-05,-1e-05,-1e-05,-2e-05,1
2288,-2e-05,-2e-05,-1e-05,0.0,-2e-05,-1e-05,-1e-05,-2e-05,1
2289,-2e-05,-2e-05,-1e-05,0.0,-2e-05,-1e-05,-1e-05,-2e-05,1
2290,-2e-05,-2e-05,-1e-05,0.0,-2e-05,-1e-05,-1e-05,-2e-05,1
2291,-2e-05,-2e-05,-1e-05,0.0,-2e-05,-1e-05,-1e-05,-2e-05,1
2292,-2e-05,-2e-05,-1e-05,0.0,-2e-05,-1e-05,-1e-05,-2e-05,1
2293,-2e-05,-2e-05,-1e-05,0.0,-2e-05,-1e-05,-1e-05,-2e-05,1
2294,-2e-05,-2e-05,-1e-05,0.0,-2e-05,-1e-05,-1e-05,-2e-05,1
2295,-2e-05,-2e-05,-1e-05,0.0,-2e-05,-1e-05,-1e-05,-2e-05,1
2296,-2e-05,-2e-05,-1e-05,0.0,-2e-05,-1e-05,-1e-05,-2e-05,1
2297,-1e-05,-1e-05,-1e-05,-5e-05,1e-05,-1e-05,0.0,-1e-05,1
2298,-1e-05,-1e-05,-1e-05,-5e-05,1e-05,-1e-05,0.0,-1e-05,1
2299,-1e-05,-1e-05,-1e-05,-5e-05,1e-05,-1e-05,0.0,-1e-05,1
2300,-1e-05,-1e-05,-1e-05,-5e-05,1e-05,-1e-05,0.0,-1e-05,1
2301,-1e-05,-1e-05,-1e-05,-5e-05,1e-05,-1e-05,0.0,-1e-05,1
2302,-1e-05,-1e-05,-1e-05,-5e-05,1e-05,-1e-05,0.0,-1e-05,1
2303,-1e-05,-1e-05,-1e-05,-5e-05,1e-05,-1e-05,0.0,-1e-05,1
2304,-1e-05,-1e-05,-1e-05,-5e-05,1e-05,-1e-05,0.0,-1e-05,1
2305,-1e-05,-1e-05,-1e-05,-5e-05,1e-05,-1e-05,0.0,-1e-05,1
2306,-1e-05,-1e-05,-1e-05,-5e-05,1e-05,-1e-05,0.0,-1e-05,1
2307,-1e-05,-1e-05,-1e-05,-5e-05,1e-05,-1e-05,0.0,-1e-05,1
2308,-1e-05,-1e-05,-1e-05,-5e-05,1e-05,-1e-05,0.0,-1e-05,1
2309,-1e-05,-1e-05,-1e-05,-5e-05,1e-05,-1e-05,0.0,-1e-05,1
2310,-1e-05,-1e-05,-1e-05,-5e-05,1e-05,-1e-05,0.0,-1e-05,1
2311,-1e-05,-1e-05,-1e-05,-5e-05,1e-05,-1e-05,0.0,-1e-05,1
2312,-1e-05,-1e-05,-1e-05,-5e-05,1e-05,-1e-05,0.0,-1e-05,1
2313,-1e-05,-1e-05,-1e-05,-5e-05,1e-05,-1e-05,0.0,-1e-05,1
2314,-1e-05,-1e-05,-1e-05,-5e-05,1e-05,-1e-05,0.0,-1e-05,1
2315,-1e-05,-1e-05,-1e-05,-5e-05,1e-05,-1e-05,0.0,-1e-05,1
2316,-1e-05,-1e-05,-1e-05,-5e-05,1e-05,-1e-05,0.0,-1e-05,1
2317,-1e-05,-1e-05,-1e-05,-5e-05,1e-05,-1e-05,0.0,-1e-05,1
2318,-1e-05,-1e-05,-1e-05,-5e-05,1e-05,-1e-05,0.0,-1e-05,1
2319,-1e-05,-1e-05,-1e-05,-5e-05,1e-05,-1e-05,0.0,-1e-05,1
2320,-2e-05,-1e-05,2e-05,4e-05,0.0,-1e-05,-3e-05,-1e-05,1
2321,-2e-05,-1e-05,2e-05,4e-05,0.0,-1e-05,-3e-05,-1e-05,1
2322,-2e-05,-1e-05,2e-05,4e-05,0.0,-1e-05,-3e-05,-1e-05,1
2323,-2e-05,-1e-05,2e-05,4e-05,0.0,-1e-05,-3e-05,-1e-05,1
2324,-2e-05,-1e-05,2e-05,4e-05,0.0,-1e-05,-3e-05,-1e-05,1
2325,-2e-05,-1e-05,2e-05,4e-05,0.0,-1e-05,-3e-05,-1e-05,1
2326,-2e-05,-1e-05,2e-05,4e-05,0.0,-1e-05,-3e-05,-1e-05,1
2327,-2e-05,-1e-05,2e-05,4e-05,0.0,-1e-05,-3e-05,-1e-05,1
2328,-2e-05,-1e-05,2e-05,4e-05,0.0,-1e-05,-3e-05,-1e-05,1
2329,-2e-05,-1e-05,2e-05,4e-05,0.0,-1e-05,-3e-05,-1e-05,1
2330,-2e-05,-1e-05,2e-05,4e-05,0.0,-1e-05,-3e-05,-1e-05,1
2331,-2e-05,-1e-05,2e-05,4e-05,0.0,-1e-05,-3e-05,-1e-05,1
2332,-2e-05,-1e-05,2e-05,4e-05,0.0,-1e-05,-3e-05,-1e-05,1
2333,-2e-05,-1e-05,2e-05,4e-05,0.0,-1e-05,-3e-05,-1e-05,1
2334,0.0,0.0,-3e-05,0.0,-1e-05,-2e-05,-1e-05,-3e-05,1
2335,0.0,-1e-05,1e-05,0.0,-1e-05,0.0,-1e-05,-1e-05,1
2336,0.0,-1e-05,1e-05,0.0,-1e-05,0.0,-1e-05,-1e-05,1
2338,0.0,-1e-05,1e-05,0.0,-1e-05,0.0,-1e-05,-1e-05,1
2339,0.0,-1e-05,1e-05,0.0,-1e-05,0.0,-1e-05,-1e-05,1
2340,0.0,-1e-05,1e-05,0.0,-1e-05,0.0,-1e-05,-1e-05,1
2341,0.0,-1e-05,1e-05,0.0,-1e-05,0.0,-1e-05,-1e-05,1
2342,0.0,-1e-05,1e-05,0.0,-1e-05,0.0,-1e-05,-1e-05,1
2343,0.0,-1e-05,1e-05,0.0,-1e-05,0.0,-1e-05,-1e-05,1
2344,0.0,-1e-05,1e-05,0.0,-1e-05,0.0,-1e-05,-1e-05,1
2345,0.0,-1e-05,1e-05,0.0,-1e-05,0.0,-1e-05,-1e-05,1
2346,0.0,-1e-05,1e-05,0.0,-1e-05,0.0,-1e-05,-1e-05,1
2347,0.0,-1e-05,1e-05,0.0,-1e-05,0.0,-1e-05,-1e-05,1
2348,0.0,-1e-05,1e-05,0.0,-1e-05,0.0,-1e-05,-1e-05,1
2349,0.0,-1e-05,1e-05,0.0,-1e-05,0.0,-1e-05,-1e-05,1
2350,0.0,-1e-05,1e-05,0.0,-1e-05,0.0,-1e-05,-1e-05,1
2351,0.0,-1e-05,1e-05,0.0,-1e-05,0.0,-1e-05,-1e-05,1
2352,0.0,-1e-05,1e-05,0.0,-1e-05,0.0,-1e-05,-1e-05,1
2353,0.0,-1e-05,1e-05,0.0,-1e-05,0.0,-1e-05,-1e-05,1
2354,0.0,-1e-05,1e-05,0.0,-1e-05,0.0,-1e-05,-1e-05,1
2355,0.0,-1e-05,1e-05,0.0,-1e-05,0.0,-1e-05,-1e-05,1
2356,0.0,-1e-05,1e-05,0.0,-1e-05,0.0,-1e-05,-1e-05,1
2357,-2e-05,-3e-05,-2e-05,0.0,-1e-05,-1e-05,0.0,-1e-05,1
2358,-2e-05,-1e-05,-2e-05,9e-05,1e-05,-1e-05,-1e-05,-1e-05,1
2359,-2e-05,-1e-05,-2e-05,9e-05,1e-05,-1e-05,-1e-05,-1e-05,1
2360,-2e-05,-1e-05,-2e-05,9e-05,1e-05,-1e-05,-1e-05,-1e-05,1
2361,-2e-05,-1e-05,-2e-05,9e-05,1e-05,-1e-05,-1e-05,-1e-05,1
2362,-2e-05,-1e-05,-2e-05,9e-05,1e-05,-1e-05,-1e-05,-1e-05,1
2363,-2e-05,-1e-05,-2e-05,9e-05,1e-05,-1e-05,-1e-05,-1e-05,1
2364,-2e-05,-1e-05,-2e-05,9e-05,1e-05,-1e-05,-1e-05,-1e-05,1
2365,-2e-05,-1e-05,-2e-05,9e-05,1e-05,-1e-05,-1e-05,-1e-05,1
2366,-2e-05,-1e-05,-2e-05,9e-05,1e-05,-1e-05,-1e-05,-1e-05,1
2367,-2e-05,-1e-05,-2e-05,9e-05,1e-05,-1e-05,-1e-05,-1e-05,1
2368,-2e-05,-1e-05,-2e-05,9e-05,1e-05,-1e-05,-1e-05,-1e-05,1
2369,-2e-05,-1e-05,-2e-05,9e-05,1e-05,-1e-05,-1e-05,-1e-05,1
2370,-2e-05,-1e-05,-2e-05,9e-05,1e-05,-1e-05,-1e-05,-1e-05,1
2371,-2e-05,-1e-05,-2e-05,9e-05,1e-05,-1e-05,-1e-05,-1e-05,1
2372,-2e-05,-1e-05,-2e-05,9e-05,1e-05,-1e-05,-1e-05,-1e-05,1
2373,-2e-05,-1e-05,-2e-05,9e-05,1e-05,-1e-05,-1e-05,-1e-05,1
2374,-2e-05,-1e-05,-2e-05,9e-05,1e-05,-1e-05,-1e-05,-1e-05,1
2375,-2e-05,-1e-05,-2e-05,9e-05,1e-05,-1e-05,-1e-05,-1e-05,1
2376,-2e-05,-1e-05,-2e-05,9e-05,1e-05,-1e-05,-1e-05,-1e-05,1
2377,-2e-05,-1e-05,-2e-05,9e-05,1e-05,-1e-05,-1e-05,-1e-05,1
2378,-2e-05,-1e-05,-2e-05,9e-05,1e-05,-1e-05,-1e-05,-1e-05,1
2379,-2e-05,2e-05,-3e-05,-2e-05,-1e-05,0.0,-2e-05,-3e-05,1
2380,1e-05,-2e-05,-3e-05,-7e-05,-2e-05,0.0,0.0,0.0,1
2381,1e-05,-2e-05,-3e-05,-7e-05,-2e-05,0.0,0.0,0.0,1
2382,1e-05,-2e-05,-3e-05,-7e-05,-2e-05,0.0,0.0,0.0,1
2383,1e-05,-2e-05,-3e-05,-7e-05,-2e-05,0.0,0.0,0.0,1
2384,1e-05,-2e-05,-3e-05,-7e-05,-2e-05,0.0,0.0,0.0,1
2385,1e-05,-2e-05,-3e-05,-7e-05,-2e-05,0.0,0.0,0.0,1
2386,1e-05,-2e-05,-3e-05,-7e-05,-2e-05,0.0,0.0,0.0,1
2388,1e-05,-2e-05,-3e-05,-7e-05,-2e-05,0.0,0.0,0.0,1
2389,1e-05,-2e-05,-3e-05,-7e-05,-2e-05,0.0,0.0,0.0,1
2390,1e-05,-2e-05,-3e-05,-7e-05,-2e-05,0.0,0.0,0.0,1
2391,1e-05,-2e-05,-3e-05,-7e-05,-2e-05,0.0,0.0,0.0,1
2392,1e-05,-2e-05,-3e-05,-7e-05,-2e-05,0.0,0.0,0.0,1
2393,1e-05,-2e-05,-3e-05,-7e-05,-2e-05,0.0,0.0,0.0,1
2394,-1e-05,2e-05,2e-05,5e-05,2e-05,0.0,-2e-05,0.0,1
2395,-2e-05,-5e-05,-8e-05,-8e-05,-6e-05,-4e-05,-2e-05,0.0,1
2396,-2e-05,-5e-05,-8e-05,-8e-05,-6e-05,-4e-05,-2e-05,0.0,1
2397,-2e-05,-5e-05,-8e-05,-8e-05,-6e-05,-4e-05,-2e-05,0.0,1
2398,-2e-05,-5e-05,-8e-05,-8e-05,-6e-05,-4e-05,-2e-05,0.0,1
2399,-2e-05,-5e-05,-8e-05,-8e-05,-6e-05,-4e-05,-2e-05,0.0,1
2400,-2e-05,-5e-05,-8e-05,-8e-05,-6e-05,-4e-05,-2e-05,0.0,1
2401,-2e-05,-5e-05,-8e-05,-8e-05,-6e-05,-4e-05,-2e-05,0.0,1
2402,-2e-05,-5e-05,-8e-05,-8e-05,-6e-05,-4e-05,-2e-05,0.0,1
2403,-2e-05,-5e-05,-8e-05,-8e-05,-6e-05,-4e-05,-2e-05,0.0,1
2404,-2e-05,-5e-05,-8e-05,-8e-05,-6e-05,-4e-05,-2e-05,0.0,1
2405,-2e-05,-5e-05,-8e-05,-8e-05,-6e-05,-4e-05,-2e-05,0.0,1
2406,-2e-05,-5e-05,-8e-05,-8e-05,-6e-05,-4e-05,-2e-05,0.0,1
2407,-2e-05,-5e-05,-8e-05,-8e-05,-6e-05,-4e-05,-2e-05,0.0,1
2408,-2e-05,-5e-05,-8e-05,-8e-05,-6e-05,-4e-05,-2e-05,0.0,1
2409,-2e-05,-5e-05,-8e-05,-8e-05,-6e-05,-4e-05,-2e-05,0.0,1
2410,-2e-05,-5e-05,-8e-05,-8e-05,-6e-05,-4e-05,-2e-05,0.0,1
2411,-2e-05,-5e-05,-8e-05,-8e-05,-6e-05,-4e-05,-2e-05,0.0,1
2412,-2e-05,-5e-05,-8e-05,-8e-05,-6e-05,-4e-05,-2e-05,0.0,1
2413,-2e-05,-5e-05,-8e-05,-8e-05,-6e-05,-4e-05,-2e-05,0.0,1
2414,-2e-05,-5e-05,-8e-05,-8e-05,-6e-05,-4e-05,-2e-05,0.0,1
2415,-2e-05,-5e-05,-8e-05,-8e-05,-6e-05,-4e-05,-2e-05,0.0,1
2416,0.0,-1e-05,0.0,-6e-05,-2e-05,-3e-05,0.0,0.0,1
2417,-2e-05,-1e-05,0.0,-1e-05,0.0,-2e-05,-2e-05,-3e-05,1
2418,-2e-05,-1e-05,0.0,-1e-05,0.0,-2e-05,-2e-05,-3e-05,1
2419,-2e-05,-1e-05,0.0,-1e-05,0.0,-2e-05,-2e-05,-3e-05,1
2420,-2e-05,-1e-05,0.0,-1e-05,0.0,-2e-05,-2e-05,-3e-05,1
2421,-2e-05,-1e-05,0.0,-1e-05,0.0,-2e-05,-2e-05,-3e-05,1
2422,-2e-05,-1e-05,0.0,-1e-05,0.0,-2e-05,-2e-05,-3e-05,1
2423,-2e-05,-1e-05,0.0,-1e-05,0.0,-2e-05,-2e-05,-3e-05,1
2424,-2e-05,-1e-05,0.0,-1e-05,0.0,-2e-05,-2e-05,-3e-05,1
2425,-2e-05,-1e-05,0.0,-1e-05,0.0,-2e-05,-2e-05,-3e-05,1
2426,-2e-05,-1e-05,0.0,-1e-05,0.0,-2e-05,-2e-05,-3e-05,1
2427,-2e-05,-1e-05,0.0,-1e-05,0.0,-2e-05,-2e-05,-3e-05,1
2428,-2e-05,-1e-05,0.0,-1e-05,0.0,-2e-05,-2e-05,-3e-05,1
2429,-2e-05,-1e-05,0.0,-1e-05,0.0,-2e-05,-2e-05,-3e-05,1
2430,-2e-05,-1e-05,0.0,-1e-05,0.0,-2e-05,-2e-05,-3e-05,1
2431,-2e-05,-1e-05,0.0,-1e-05,0.0,-2e-05,-2e-05,-3e-05,1
2432,-2e-05,-1e-05,0.0,-1e-05,0.0,-2e-05,-2e-05,-3e-05,1
2433,-2e-05,-1e-05,0.0,-1e-05,0.0,-2e-05,-2e-05,-3e-05,1
2434,-2e-05,-1e-05,0.0,-1e-05,0.0,-2e-05,-2e-05,-3e-05,1
2435,-2e-05,-1e-05,0.0,-1e-05,0.0,-2e-05,-2e-05,-3e-05,1
2436,-2e-05,-1e-05,0.0,-1e-05,0.0,-2e-05,-2e-05,-3e-05,1
2438,-2e-05,-1e-05,0.0,-1e-05,0.0,-2e-05,-2e-05,-3e-05,1
2439,-2e-05,-1e-05,0.0,-1e-05,0.0,-2e-05,-2e-05,-3e-05,1
2440,-2e-05,-3e-05,-1e-05,-3e-05,-4e-05,-2e-05,1e-05,-2e-05,1
2441,-2e-05,-3e-05,-1e-05,-3e-05,-4e-05,-2e-05,1e-05,-2e-05,1
2442,-2e-05,-3e-05,-1e-05,-3e-05,-4e-05,-2e-05,1e-05,-2e-05,1
2443,-2e-05,-3e-05,-1e-05,-3e-05,-4e-05,-2e-05,1e-05,-2e-05,1
2444,-2e-05,-3e-05,-1e-05,-3e-05,-4e-05,-2e-05,1e-05,-2e-05,1
2445,-2e-05,-3e-05,-1e-05,-3e-05,-4e-05,-2e-05,1e-05,-2e-05,1
2446,-2e-05,-3e-05,-1e-05,-3e-05,-4e-05,-2e-05,1e-05,-2e-05,1
2447,-2e-05,-3e-05,-1e-05,-3e-05,-4e-05,-2e-05,1e-05,-2e-05,1
2448,-2e-05,-3e-05,-1e-05,-3e-05,-4e-05,-2e-05,1e-05,-2e-05,1
2449,-2e-05,-3e-05,-1e-05,-3e-05,-4e-05,-2e-05,1e-05,-2e-05,1
2450,-2e-05,-3e-05,-1e-05,-3e-05,-4e-05,-2e-05,1e-05,-2e-05,1
2451,-2e-05,-3e-05,-1e-05,-3e-05,-4e-05,-2e-05,1e-05,-2e-05,1
2452,-2e-05,-3e-05,-1e-05,-3e-05,-4e-05,-2e-05,1e-05,-2e-05,1
2453,-2e-05,-3e-05,-1e-05,-3e-05,-4e-05,-2e-05,1e-05,-2e-05,1
2454,1e-05,-1e-05,-2e-05,-3e-05,0.0,2e-05,-1e-05,0.0,1
2455,0.0,0.0,-3e-05,-8e-05,-3e-05,-2e-05,-1e-05,0.0,1
2456,0.0,0.0,-3e-05,-8e-05,-3e-05,-2e-05,-1e-05,0.0,1
2457,0.0,0.0,-3e-05,-8e-05,-3e-05,-2e-05,-1e-05,0.0,1
2458,0.0,0.0,-3e-05,-8e-05,-3e-05,-2e-05,-1e-05,0.0,1
2459,0.0,0.0,-3e-05,-8e-05,-3e-05,-2e-05,-1e-05,0.0,1
2460,0.0,0.0,-3e-05,-8e-05,-3e-05,-2e-05,-1e-05,0.0,1
2461,0.0,0.0,-3e-05,-8e-05,-3e-05,-2e-05,-1e-05,0.0,1
2463,0.0,0.0,-3e-05,-8e-05,-3e-05,-2e-05,-1e-05,0.0,1
2464,0.0,0.0,-3e-05,-8e-05,-3e-05,-2e-05,-1e-05,0.0,1
2465,0.0,0.0,-3e-05,-8e-05,-3e-05,-2e-05,-1e-05,0.0,1
2466,0.0,0.0,-3e-05,-8e-05,-3e-05,-2e-05,-1e-05,0.0,1
2467,0.0,0.0,-3e-05,-8e-05,-3e-05,-2e-05,-1e-05,0.0,1
2468,0.0,0.0,-3e-05,-8e-05,-3e-05,-2e-05,-1e-05,0.0,1
2469,0.0,0.0,-3e-05,-8e-05,-3e-05,-2e-05,-1e-05,0.0,1
2470,0.0,0.0,-3e-05,-8e-05,-3e-05,-2e-05,-1e-05,0.0,1
2471,0.0,0.0,-3e-05,-8e-05,-3e-05,-2e-05,-1e-05,0.0,1
2472,0.0,0.0,-3e-05,-8e-05,-3e-05,-2e-05,-1e-05,0.0,1
2473,0.0,0.0,-3e-05,-8e-05,-3e-05,-2e-05,-1e-05,0.0,1
2474,0.0,0.0,-3e-05,-8e-05,-3e-05,-2e-05,-1e-05,0.0,1
2475,0.0,0.0,-3e-05,-8e-05,-3e-05,-2e-05,-1e-05,0.0,1
2476,-2e-05,-1e-05,-3e-05,-4e-05,0.0,0.0,-2e-05,-2e-05,1
2477,0.0,1e-05,0.0,2e-05,1e-05,0.0,-1e-05,-1e-05,1
2478,0.0,1e-05,0.0,2e-05,1e-05,0.0,-1e-05,-1e-05,1
2479,0.0,1e-05,0.0,2e-05,1e-05,0.0,-1e-05,-1e-05,1
2480,0.0,1e-05,0.0,2e-05,1e-05,0.0,-1e-05,-1e-05,1
2481,0.0,1e-05,0.0,2e-05,1e-05,0.0,-1e-05,-1e-05,1
2482,0.0,1e-05,0.0,2e-05,1e-05,0.0,-1e-05,-1e-05,1
2483,0.0,1e-05,0.0,2e-05,1e-05,0.0,-1e-05,-1e-05,1
2484,0.0,1e-05,0.0,2e-05,1e-05,0.0,-1e-05,-1e-05,1
2485,0.0,1e-05,0.0,2e-05,1e-05,0.0,-1e-05,-1e-05,1
2486,0.0,1e-05,0.0,2e-05,1e-05,0.0,-1e-05,-1e-05,1
2488,0.0,1e-05,0.0,2e-05,1e-05,0.0,-1e-05,-1e-05,1
2489,0.0,1e-05,0.0,2e-05,1e-05,0.0,-1e-05,-1e-05,1
2490,0.0,1e-05,0.0,2e-05,1e-05,0.0,-1e-05,-1e-05,1
2491,0.0,1e-05,0.0,2e-05,1e-05,0.0,-1e-05,-1e-05,1
2492,0.0,1e-05,0.0,2e-05,1e-05,0.0,-1e-05,-1e-05,1
2493,0.0,1e-05,0.0,2e-05,1e-05,0.0,-1e-05,-1e-05,1
2494,0.0,1e-05,0.0,2e-05,1e-05,0.0,-1e-05,-1e-05,1
2495,0.0,1e-05,0.0,2e-05,1e-05,0.0,-1e-05,-1e-05,1
2496,0.0,1e-05,0.0,2e-05,1e-05,0.0,-1e-05,-1e-05,1
2497,0.0,1e-05,0.0,2e-05,1e-05,0.0,-1e-05,-1e-05,1
2498,0.0,1e-05,0.0,2e-05,1e-05,0.0,-1e-05,-1e-05,1
2499,-2e-05,-3e-05,-2e-05,-7e-05,-1e-05,-1e-05,-1e-05,-2e-05,1
2500,-1e-05,-4e-05,-4e-05,-1e-05,1e-05,0.0,-1e-05,-1e-05,1
2501,-1e-05,-4e-05,-4e-05,-1e-05,1e-05,0.0,-1e-05,-1e-05,1
2502,-1e-05,-4e-05,-4e-05,-1e-05,1e-05,0.0,-1e-05,-1e-05,1
2503,-1e-05,-4e-05,-4e-05,-1e-05,1e-05,0.0,-1e-05,-1e-05,1
2504,-1e-05,-4e-05,-4e-05,-1e-05,1e-05,0.0,-1e-05,-1e-05,1
2505,-1e-05,-4e-05,-4e-05,-1e-05,1e-05,0.0,-1e-05,-1e-05,1
2506,-1e-05,-4e-05,-4e-05,-1e-05,1e-05,0.0,-1e-05,-1e-05,1
2507,-1e-05,-4e-05,-4e-05,-1e-05,1e-05,0.0,-1e-05,-1e-05,1
2508,-1e-05,-4e-05,-4e-05,-1e-05,1e-05,0.0,-1e-05,-1e-05,1
2509,-1e-05,-4e-05,-4e-05,-1e-05,1e-05,0.0,-1e-05,-1e-05,1
2510,-1e-05,-4e-05,-4e-05,-1e-05,1e-05,0.0,-1e-05,-1e-05,1
2511,-1e-05,-4e-05,-4e-05,-1e-05,1e-05,0.0,-1e-05,-1e-05,1
2512,-1e-05,-4e-05,-4e-05,-1e-05,1e-05,0.0,-1e-05,-1e-05,1
2513,-1e-05,-4e-05,-4e-05,-1e-05,1e-05,0.0,-1e-05,-1e-05,1
2514,-2e-05,-2e-05,0.0,-4e-05,-2e-05,-2e-05,-1e-05,-4e-05,1
2515,-1e-05,-2e-05,0.0,2e-05,-1e-05,-2e-05,-1e-05,1e-05,1
2516,-1e-05,-2e-05,0.0,2e-05,-1e-05,-2e-05,-1e-05,1e-05,1
2517,-1e-05,-2e-05,0.0,2e-05,-1e-05,-2e-05,-1e-05,1e-05,1
2518,-1e-05,-2e-05,0.0,2e-05,-1e-05,-2e-05,-1e-05,1e-05,1
2519,-1e-05,-2e-05,0.0,2e-05,-1e-05,-2e-05,-1e-05,1e-05,1
2520,-1e-05,-2e-05,0.0,2e-05,-1e-05,-2e-05,-1e-05,1e-05,1
2521,-1e-05,-2e-05,0.0,2e-05,-1e-05,-2e-05,-1e-05,1e-05,1
2522,-1e-05,-2e-05,0.0,2e-05,-1e-05,-2e-05,-1e-05,1e-05,1
2523,-1e-05,-2e-05,0.0,2e-05,-1e-05,-2e-05,-1e-05,1e-05,1
2524,-1e-05,-2e-05,0.0,2e-05,-1e-05,-2e-05,-1e-05,1e-05,1
2525,-1e-05,-2e-05,0.0,2e-05,-1e-05,-2e-05,-1e-05,1e-05,1
2526,-1e-05,-2e-05,0.0,2e-05,-1e-05,-2e-05,-1e-05,1e-05,1
2527,-1e-05,-2e-05,0.0,2e-05,-1e-05,-2e-05,-1e-05,1e-05,1
2528,-1e-05,-2e-05,0.0,2e-05,-1e-05,-2e-05,-1e-05,1e-05,1
2529,-1e-05,-2e-05,0.0,2e-05,-1e-05,-2e-05,-1e-05,1e-05,1
2530,-1e-05,-2e-05,0.0,2e-05,-1e-05,-2e-05,-1e-05,1e-05,1
2531,-1e-05,-2e-05,0.0,2e-05,-1e-05,-2e-05,-1e-05,1e-05,1
2532,-1e-05,-2e-05,0.0,2e-05,-1e-05,-2e-05,-1e-05,1e-05,1
2533,-1e-05,-2e-05,0.0,2e-05,-1e-05,-2e-05,-1e-05,1e-05,1
2534,-1e-05,-2e-05,0.0,2e-05,-1e-05,-2e-05,-1e-05,1e-05,1
2535,-1e-05,-2e-05,0.0,2e-05,-1e-05,-2e-05,-1e-05,1e-05,1
2536,0.0,0.0,0.0,0.0,0.0,2e-05,0.0,-1e-05,1
2538,-3e-05,-6e-05,-6e-05,-1e-05,-2e-05,0.0,-2e-05,-2e-05,1
2539,-3e-05,-6e-05,-6e-05,-1e-05,-2e-05,0.0,-2e-05,-2e-05,1
2540,-3e-05,-6e-05,-6e-05,-1e-05,-2e-05,0.0,-2e-05,-2e-05,1
2541,-3e-05,-6e-05,-6e-05,-1e-05,-2e-05,0.0,-2e-05,-2e-05,1
2542,-3e-05,-6e-05,-6e-05,-1e-05,-2e-05,0.0,-2e-05,-2e-05,1
2543,-3e-05,-6e-05,-6e-05,-1e-05,-2e-05,0.0,-2e-05,-2e-05,1
2544,-3e-05,-6e-05,-6e-05,-1e-05,-2e-05,0.0,-2e-05,-2e-05,1
2545,-3e-05,-6e-05,-6e-05,-1e-05,-2e-05,0.0,-2e-05,-2e-05,1
2546,-3e-05,-6e-05,-6e-05,-1e-05,-2e-05,0.0,-2e-05,-2e-05,1
2547,-3e-05,-6e-05,-6e-05,-1e-05,-2e-05,0.0,-2e-05,-2e-05,1
2548,-3e-05,-6e-05,-6e-05,-1e-05,-2e-05,0.0,-2e-05,-2e-05,1
2549,-3e-05,-6e-05,-6e-05,-1e-05,-2e-05,0.0,-2e-05,-2e-05,1
2550,-3e-05,-6e-05,-6e-05,-1e-05,-2e-05,0.0,-2e-05,-2e-05,1
2551,-3e-05,-6e-05,-6e-05,-1e-05,-2e-05,0.0,-2e-05,-2e-05,1
2552,-3e-05,-6e-05,-6e-05,-1e-05,-2e-05,0.0,-2e-05,-2e-05,1
2553,-3e-05,-6e-05,-6e-05,-1e-05,-2e-05,0.0,-2e-05,-2e-05,1
2554,-3e-05,-6e-05,-6e-05,-1e-05,-2e-05,0.0,-2e-05,-2e-05,1
2555,-3e-05,-6e-05,-6e-05,-1e-05,-2e-05,0.0,-2e-05,-2e-05,1
2556,-3e-05,-6e-05,-6e-05,-1e-05,-2e-05,0.0,-2e-05,-2e-05,1
2557,-3e-05,-6e-05,-6e-05,-1e-05,-2e-05,0.0,-2e-05,-2e-05,1
2558,-3e-05,-6e-05,-6e-05,-1e-05,-2e-05,0.0,-2e-05,-2e-05,1
2559,-3e-05,-6e-05,-6e-05,-1e-05,-2e-05,0.0,-2e-05,-2e-05,1
2560,0.0,3e-05,6e-05,3e-05,1e-05,-2e-05,-1e-05,0.0,1
2561,0.0,3e-05,6e-05,3e-05,1e-05,-2e-05,-1e-05,0.0,1
2562,0.0,3e-05,6e-05,3e-05,1e-05,-2e-05,-1e-05,0.0,1
2563,0.0,3e-05,6e-05,3e-05,1e-05,-2e-05,-1e-05,0.0,1
2564,0.0,3e-05,6e-05,3e-05,1e-05,-2e-05,-1e-05,0.0,1
2565,0.0,3e-05,6e-05,3e-05,1e-05,-2e-05,-1e-05,0.0,1
2566,0.0,3e-05,6e-05,3e-05,1e-05,-2e-05,-1e-05,0.0,1
2567,0.0,3e-05,6e-05,3e-05,1e-05,-2e-05,-1e-05,0.0,1
2568,0.0,3e-05,6e-05,3e-05,1e-05,-2e-05,-1e-05,0.0,1
2569,0.0,3e-05,6e-05,3e-05,1e-05,-2e-05,-1e-05,0.0,1
2570,0.0,3e-05,6e-05,3e-05,1e-05,-2e-05,-1e-05,0.0,1
2571,0.0,3e-05,6e-05,3e-05,1e-05,-2e-05,-1e-05,0.0,1
2572,0.0,3e-05,6e-05,3e-05,1e-05,-2e-05,-1e-05,0.0,1
2573,0.0,3e-05,6e-05,3e-05,1e-05,-2e-05,-1e-05,0.0,1
2574,-1e-05,1e-05,-1e-05,0.0,-2e-05,-1e-05,-1e-05,-1e-05,1
2575,-1e-05,-2e-05,0.0,3e-05,-2e-05,-1e-05,0.0,-3e-05,1
2576,-1e-05,-2e-05,0.0,3e-05,-2e-05,-1e-05,0.0,-3e-05,1
2577,-1e-05,-2e-05,0.0,3e-05,-2e-05,-1e-05,0.0,-3e-05,1
2578,-1e-05,-2e-05,0.0,3e-05,-2e-05,-1e-05,0.0,-3e-05,1
2579,-1e-05,-2e-05,0.0,3e-05,-2e-05,-1e-05,0.0,-3e-05,1
2580,-1e-05,-2e-05,0.0,3e-05,-2e-05,-1e-05,0.0,-3e-05,1
2581,-1e-05,-2e-05,0.0,3e-05,-2e-05,-1e-05,0.0,-3e-05,1
2582,-1e-05,-2e-05,0.0,3e-05,-2e-05,-1e-05,0.0,-3e-05,1
2583,-1e-05,-2e-05,0.0,3e-05,-2e-05,-1e-05,0.0,-3e-05,1
2584,-1e-05,-2e-05,0.0,3e-05,-2e-05,-1e-05,0.0,-3e-05,1
2585,-1e-05,-2e-05,0.0,3e-05,-2e-05,-1e-05,0.0,-3e-05,1
2586,-1e-05,-2e-05,0.0,3e-05,-2e-05,-1e-05,0.0,-3e-05,1
2588,-1e-05,-2e-05,0.0,3e-05,-2e-05,-1e-05,0.0,-3e-05,1
2589,-1e-05,-2e-05,0.0,3e-05,-2e-05,-1e-05,0.0,-3e-05,1
2590,-1e-05,-2e-05,0.0,3e-05,-2e-05,-1e-05,0.0,-3e-05,1
2591,-1e-05,-2e-05,0.0,3e-05,-2e-05,-1e-05,0.0,-3e-05,1
2592,-1e-05,-2e-05,0.0,3e-05,-2e-05,-1e-05,0.0,-3e-05,1
2593,-1e-05,-2e-05,0.0,3e-05,-2e-05,-1e-05,0.0,-3e-05,1
2594,-1e-05,-2e-05,0.0,3e-05,-2e-05,-1e-05,0.0,-3e-05,1
2595,-1e-05,-2e-05,0.0,3e-05,-2e-05,-1e-05,0.0,-3e-05,1
2596,-1e-05,-2e-05,0.0,3e-05,-2e-05,-1e-05,0.0,-3e-05,1
2597,0.0,2e-05,2e-05,-3e-05,-2e-05,-2e-05,0.0,-1e-05,1
2598,0.0,2e-05,2e-05,-3e-05,-2e-05,-2e-05,0.0,-1e-05,1
2599,0.0,2e-05,2e-05,-3e-05,-2e-05,-2e-05,0.0,-1e-05,1
2600,0.0,2e-05,2e-05,-3e-05,-2e-05,-2e-05,0.0,-1e-05,1
2601,0.0,2e-05,2e-05,-3e-05,-2e-05,-2e-05,0.0,-1e-05,1
2602,0.0,2e-05,2e-05,-3e-05,-2e-05,-2e-05,0.0,-1e-05,1
2603,0.0,2e-05,2e-05,-3e-05,-2e-05,-2e-05,0.0,-1e-05,1
2604,0.0,2e-05,2e-05,-3e-05,-2e-05,-2e-05,0.0,-1e-05,1
2605,0.0,2e-05,2e-05,-3e-05,-2e-05,-2e-05,0.0,-1e-05,1
2606,0.0,2e-05,2e-05,-3e-05,-2e-05,-2e-05,0.0,-1e-05,1
2607,0.0,2e-05,2e-05,-3e-05,-2e-05,-2e-05,0.0,-1e-05,1
2608,0.0,2e-05,2e-05,-3e-05,-2e-05,-2e-05,0.0,-1e-05,1
2609,0.0,2e-05,2e-05,-3e-05,-2e-05,-2e-05,0.0,-1e-05,1
2610,0.0,2e-05,2e-05,-3e-05,-2e-05,-2e-05,0.0,-1e-05,1
2611,0.0,2e-05,2e-05,-3e-05,-2e-05,-2e-05,0.0,-1e-05,1
2612,0.0,2e-05,2e-05,-3e-05,-2e-05,-2e-05,0.0,-1e-05,1
2613,0.0,2e-05,2e-05,-3e-05,-2e-05,-2e-05,0.0,-1e-05,1
2614,0.0,2e-05,2e-05,-3e-05,-2e-05,-2e-05,0.0,-1e-05,1
2615,0.0,2e-05,2e-05,-3e-05,-2e-05,-2e-05,0.0,-1e-05,1
2616,0.0,2e-05,2e-05,-3e-05,-2e-05,-2e-05,0.0,-1e-05,1
2617,0.0,2e-05,2e-05,-3e-05,-2e-05,-2e-05,0.0,-1e-05,1
2618,0.0,2e-05,2e-05,-3e-05,-2e-05,-2e-05,0.0,-1e-05,1
2619,2e-05,-2e-05,0.0,-3e-05,-2e-05,0.0,-1e-05,0.0,1
2620,-1e-05,-1e-05,0.0,7e-05,3e-05,1e-05,-1e-05,-1e-05,1
2621,-1e-05,-1e-05,0.0,7e-05,3e-05,1e-05,-1e-05,-1e-05,1
2622,-1e-05,-1e-05,0.0,7e-05,3e-05,1e-05,-1e-05,-1e-05,1
2623,-1e-05,-1e-05,0.0,7e-05,3e-05,1e-05,-1e-05,-1e-05,1
2624,-1e-05,-1e-05,0.0,7e-05,3e-05,1e-05,-1e-05,-1e-05,1
2625,-1e-05,-1e-05,0.0,7e-05,3e-05,1e-05,-1e-05,-1e-05,1
2626,-1e-05,-1e-05,0.0,7e-05,3e-05,1e-05,-1e-05,-1e-05,1
2627,-1e-05,-1e-05,0.0,7e-05,3e-05,1e-05,-1e-05,-1e-05,1
2628,-1e-05,-1e-05,0.0,7e-05,3e-05,1e-05,-1e-05,-1e-05,1
2629,-1e-05,-1e-05,0.0,7e-05,3e-05,1e-05,-1e-05,-1e-05,1
2630,-1e-05,-1e-05,0.0,7e-05,3e-05,1e-05,-1e-05,-1e-05,1
2631,-1e-05,-1e-05,0.0,7e-05,3e-05,1e-05,-1e-05,-1e-05,1
2632,-1e-05,-1e-05,0.0,7e-05,3e-05,1e-05,-1e-05,-1e-05,1
2633,-1e-05,-1e-05,0.0,7e-05,3e-05,1e-05,-1e-05,-1e-05,1
2634,0.0,-1e-05,-1e-05,3e-05,1e-05,0.0,-1e-05,0.0,1
2635,0.0,1e-05,-2e-05,-7e-05,-2e-05,0.0,-1e-05,-1e-05,1
2636,0.0,1e-05,-2e-05,-7e-05,-2e-05,0.0,-1e-05,-1e-05,1
2638,0.0,1e-05,-2e-05,-7e-05,-2e-05,0.0,-1e-05,-1e-05,1
2639,0.0,1e-05,-2e-05,-7e-05,-2e-05,0.0,-1e-05,-1e-05,1
2640,0.0,1e-05,-2e-05,-7e-05,-2e-05,0.0,-1e-05,-1e-05,1
2641,0.0,1e-05,-2e-05,-7e-05,-2e-05,0.0,-1e-05,-1e-05,1
2642,0.0,1e-05,-2e-05,-7e-05,-2e-05,0.0,-1e-05,-1e-05,1
2643,0.0,1e-05,-2e-05,-7e-05,-2e-05,0.0,-1e-05,-1e-05,1
2644,0.0,1e-05,-2e-05,-7e-05,-2e-05,0.0,-1e-05,-1e-05,1
2645,0.0,1e-05,-2e-05,-7e-05,-2e-05,0.0,-1e-05,-1e-05,1
2646,0.0,1e-05,-2e-05,-7e-05,-2e-05,0.0,-1e-05,-1e-05,1
2647,0.0,1e-05,-2e-05,-7e-05,-2e-05,0.0,-1e-05,-1e-05,1
2648,0.0,1e-05,-2e-05,-7e-05,-2e-05,0.0,-1e-05,-1e-05,1
2649,0.0,1e-05,-2e-05,-7e-05,-2e-05,0.0,-1e-05,-1e-05,1
2650,0.0,1e-05,-2e-05,-7e-05,-2e-05,0.0,-1e-05,-1e-05,1
2651,0.0,1e-05,-2e-05,-7e-05,-2e-05,0.0,-1e-05,-1e-05,1
2652,0.0,1e-05,-2e-05,-7e-05,-2e-05,0.0,-1e-05,-1e-05,1
2653,0.0,1e-05,-2e-05,-7e-05,-2e-05,0.0,-1e-05,-1e-05,1
2654,0.0,1e-05,-2e-05,-7e-05,-2e-05,0.0,-1e-05,-1e-05,1
2655,0.0,1e-05,-2e-05,-7e-05,-2e-05,0.0,-1e-05,-1e-05,1
2656,0.0,1e-05,1e-05,-1e-05,-1e-05,0.0,-3e-05,-1e-05,1
2657,1e-05,2e-05,3e-05,-1e-05,0.0,-1e-05,-2e-05,-1e-05,1
2658,1e-05,2e-05,3e-05,-1e-05,0.0,-1e-05,-2e-05,-1e-05,1
2659,1e-05,2e-05,3e-05,-1e-05,0.0,-1e-05,-2e-05,-1e-05,1
2660,1e-05,2e-05,3e-05,-1e-05,0.0,-1e-05,-2e-05,-1e-05,1
2661,1e-05,2e-05,3e-05,-1e-05,0.0,-1e-05,-2e-05,-1e-05,1
2662,1e-05,2e-05,3e-05,-1e-05,0.0,-1e-05,-2e-05,-1e-05,1
2663,1e-05,2e-05,3e-05,-1e-05,0.0,-1e-05,-2e-05,-1e-05,1
2664,1e-05,2e-05,3e-05,-1e-05,0.0,-1e-05,-2e-05,-1e-05,1
2665,1e-05,2e-05,3e-05,-1e-05,0.0,-1e-05,-2e-05,-1e-05,1
2666,1e-05,2e-05,3e-05,-1e-05,0.0,-1e-05,-2e-05,-1e-05,1
2667,1e-05,2e-05,3e-05,-1e-05,0.0,-1e-05,-2e-05,-1e-05,1
2668,1e-05,2e-05,3e-05,-1e-05,0.0,-1e-05,-2e-05,-1e-05,1
2669,1e-05,2e-05,3e-05,-1e-05,0.0,-1e-05,-2e-05,-1e-05,1
2670,1e-05,2e-05,3e-05,-1e-05,0.0,-1e-05,-2e-05,-1e-05,1
2671,1e-05,2e-05,3e-05,-1e-05,0.0,-1e-05,-2e-05,-1e-05,1
2672,1e-05,2e-05,3e-05,-1e-05,0.0,-1e-05,-2e-05,-1e-05,1
2673,1e-05,2e-05,3e-05,-1e-05,0.0,-1e-05,-2e-05,-1e-05,1
2674,1e-05,2e-05,3e-05,-1e-05,0.0,-1e-05,-2e-05,-1e-05,1
2675,1e-05,2e-05,3e-05,-1e-05,0.0,-1e-05,-2e-05,-1e-05,1
2676,1e-05,2e-05,3e-05,-1e-05,0.0,-1e-05,-2e-05,-1e-05,1
2677,1e-05,2e-05,3e-05,-1e-05,0.0,-1e-05,-2e-05,-1e-05,1
2678,1e-05,2e-05,3e-05,-1e-05,0.0,-1e-05,-2e-05,-1e-05,1
2679,1e-05,2e-05,3e-05,-1e-05,0.0,-1e-05,-2e-05,-1e-05,1
2680,-3e-05,-4e-05,-6e-05,-9e-05,-2e-05,-1e-05,0.0,0.0,1
2681,1e-05,1e-05,-3e-05,-6e-05,-1e-05,-1e-05,1e-05,-1e-05,1
2682,1e-05,1e-05,-3e-05,-6e-05,-1e-05,-1e-05,1e-05,-1e-05,1
2683,1e-05,1e-05,-3e-05,-6e-05,-1e-05,-1e-05,1e-05,-1e-05,1
2684,1e-05,1e-05,-3e-05,-6e-05,-1e-05,-1e-05,1e-05,-1e-05,1
2685,1e-05,1e-05,-3e-05,-6e-05,-1e-05,-1e-05,1e-05,-1e-05,1
2686,1e-05,1e-05,-3e-05,-6e-05,-1e-05,-1e-05,1e-05,-1e-05,1
2688,1e-05,1e-05,-3e-05,-6e-05,-1e-05,-1e-05,1e-05,-1e-05,1
2689,1e-05,1e-05,-3e-05,-6e-05,-1e-05,-1e-05,1e-05,-1e-05,1
2690,1e-05,1e-05,-3e-05,-6e-05,-1e-05,-1e-05,1e-05,-1e-05,1
2691,1e-05,1e-05,-3e-05,-6e-05,-1e-05,-1e-05,1e-05,-1e-05,1
2692,1e-05,1e-05,-3e-05,-6e-05,-1e-05,-1e-05,1e-05,-1e-05,1
2693,1e-05,1e-05,-3e-05,-6e-05,-1e-05,-1e-05,1e-05,-1e-05,1
2694,-1e-05,-4e-05,-5e-05,-5e-05,-3e-05,-1e-05,-1e-05,0.0,1
2695,-1e-05,-2e-05,-1e-05,-4e-05,-3e-05,-2e-05,-2e-05,-2e-05,1
2696,-1e-05,-2e-05,-1e-05,-4e-05,-3e-05,-2e-05,-2e-05,-2e-05,1
2697,-1e-05,-2e-05,-1e-05,-4e-05,-3e-05,-2e-05,-2e-05,-2e-05,1
2698,-1e-05,-2e-05,-1e-05,-4e-05,-3e-05,-2e-05,-2e-05,-2e-05,1
2699,-1e-05,-2e-05,-1e-05,-4e-05,-3e-05,-2e-05,-2e-05,-2e-05,1
2700,-1e-05,-2e-05,-1e-05,-4e-05,-3e-05,-2e-05,-2e-05,-2e-05,1
2701,-1e-05,-2e-05,-1e-05,-4e-05,-3e-05,-2e-05,-2e-05,-2e-05,1
2702,-1e-05,-2e-05,-1e-05,-4e-05,-3e-05,-2e-05,-2e-05,-2e-05,1
2703,-1e-05,-2e-05,-1e-05,-4e-05,-3e-05,-2e-05,-2e-05,-2e-05,1
2704,-1e-05,-2e-05,-1e-05,-4e-05,-3e-05,-2e-05,-2e-05,-2e-05,1
2705,-1e-05,-2e-05,-1e-05,-4e-05,-3e-05,-2e-05,-2e-05,-2e-05,1
2706,-1e-05,-2e-05,-1e-05,-4e-05,-3e-05,-2e-05,-2e-05,-2e-05,1
2707,-1e-05,-2e-05,-1e-05,-4e-05,-3e-05,-2e-05,-2e-05,-2e-05,1
2708,-1e-05,-2e-05,-1e-05,-4e-05,-3e-05,-2e-05,-2e-05,-2e-05,1
2709,-1e-05,-2e-05,-1e-05,-4e-05,-3e-05,-2e-05,-2e-05,-2e-05,1
2710,-1e-05,-2e-05,-1e-05,-4e-05,-3e-05,-2e-05,-2e-05,-2e-05,1
2711,-1e-05,-2e-05,-1e-05,-4e-05,-3e-05,-2e-05,-2e-05,-2e-05,1
2712,-1e-05,-2e-05,-1e-05,-4e-05,-3e-05,-2e-05,-2e-05,-2e-05,1
2713,-1e-05,-2e-05,-1e-05,-4e-05,-3e-05,-2e-05,-2e-05,-2e-05,1
2714,-1e-05,-2e-05,-1e-05,-4e-05,-3e-05,-2e-05,-2e-05,-2e-05,1
2715,-1e-05,-2e-05,-1e-05,-4e-05,-3e-05,-2e-05,-2e-05,-2e-05,1
2716,-3e-05,-2e-05,-4e-05,1e-05,-1e-05,0.0,0.0,-1e-05,1
2717,-3e-05,-3e-05,-2e-05,2e-05,-1e-05,-2e-05,-2e-05,-1e-05,1
2718,-3e-05,-3e-05,-2e-05,2e-05,-1e-05,-2e-05,-2e-05,-1e-05,1
2719,-3e-05,-3e-05,-2e-05,2e-05,-1e-05,-2e-05,-2e-05,-1e-05,1
2720,-3e-05,-3e-05,-2e-05,2e-05,-1e-05,-2e-05,-2e-05,-1e-05,1
2721,-3e-05,-3e-05,-2e-05,2e-05,-1e-05,-2e-05,-2e-05,-1e-05,1
2722,-3e-05,-3e-05,-2e-05,2e-05,-1e-05,-2e-05,-2e-05,-1e-05,1
2723,-3e-05,-3e-05,-2e-05,2e-05,-1e-05,-2e-05,-2e-05,-1e-05,1
2724,-3e-05,-3e-05,-2e-05,2e-05,-1e-05,-2e-05,-2e-05,-1e-05,1
2725,-3e-05,-3e-05,-2e-05,2e-05,-1e-05,-2e-05,-2e-05,-1e-05,1
2726,-3e-05,-3e-05,-2e-05,2e-05,-1e-05,-2e-05,-2e-05,-1e-05,1
2727,-3e-05,-3e-05,-2e-05,2e-05,-1e-05,-2e-05,-2e-05,-1e-05,1
2728,-3e-05,-3e-05,-2e-05,2e-05,-1e-05,-2e-05,-2e-05,-1e-05,1
2729,-3e-05,-3e-05,-2e-05,2e-05,-1e-05,-2e-05,-2e-05,-1e-05,1
2730,-3e-05,-3e-05,-2e-05,2e-05,-1e-05,-2e-05,-2e-05,-1e-05,1
2731,-3e-05,-3e-05,-2e-05,2e-05,-1e-05,-2e-05,-2e-05,-1e-05,1
2732,-3e-05,-3e-05,-2e-05,2e-05,-1e-05,-2e-05,-2e-05,-1e-05,1
2733,-3e-05,-3e-05,-2e-05,2e-05,-1e-05,-2e-05,-2e-05,-1e-05,1
2734,-3e-05,-3e-05,-2e-05,2e-05,-1e-05,-2e-05,-2e-05,-1e-05,1
2735,-3e-05,-3e-05,-2e-05,2e-05,-1e-05,-2e-05,-2e-05,-1e-05,1
2736,-3e-05,-3e-05,-2e-05,2e-05,-1e-05,-2e-05,-2e-05,-1e-05,1
2738,-3e-05,-3e-05,-2e-05,2e-05,-1e-05,-2e-05,-2e-05,-1e-05,1
2739,-1e-05,-2e-05,-4e-05,-2e-05,-2e-05,-1e-05,-1e-05,-1e-05,1
2740,0.0,-1e-05,3e-05,-1e-05,0.0,-1e-05,-2e-05,-1e-05,1
2741,0.0,-1e-05,3e-05,-1e-05,0.0,-1e-05,-2e-05,-1e-05,1
2742,0.0,-1e-05,3e-05,-1e-05,0.0,-1e-05,-2e-05,-1e-05,1
2743,0.0,-1e-05,3e-05,-1e-05,0.0,-1e-05,-2e-05,-1e-05,1
2744,0.0,-1e-05,3e-05,-1e-05,0.0,-1e-05,-2e-05,-1e-05,1
2745,0.0,-1e-05,3e-05,-1e-05,0.0,-1e-05,-2e-05,-1e-05,1
2746,0.0,-1e-05,3e-05,-1e-05,0.0,-1e-05,-2e-05,-1e-05,1
2747,0.0,-1e-05,3e-05,-1e-05,0.0,-1e-05,-2e-05,-1e-05,1
2748,0.0,-1e-05,3e-05,-1e-05,0.0,-1e-05,-2e-05,-1e-05,1
2749,0.0,-1e-05,3e-05,-1e-05,0.0,-1e-05,-2e-05,-1e-05,1
2750,0.0,-1e-05,3e-05,-1e-05,0.0,-1e-05,-2e-05,-1e-05,1
2751,0.0,-1e-05,3e-05,-1e-05,0.0,-1e-05,-2e-05,-1e-05,1
2752,0.0,-1e-05,3e-05,-1e-05,0.0,-1e-05,-2e-05,-1e-05,1
2753,0.0,-1e-05,3e-05,-1e-05,0.0,-1e-05,-2e-05,-1e-05,1
2754,-1e-05,-1e-05,-3e-05,-4e-05,-1e-05,-2e-05,0.0,2e-05,1
2755,-1e-05,-2e-05,-2e-05,-2e-05,-1e-05,-1e-05,-2e-05,-1e-05,1
2756,-1e-05,-2e-05,-2e-05,-2e-05,-1e-05,-1e-05,-2e-05,-1e-05,1
2757,-1e-05,-2e-05,-2e-05,-2e-05,-1e-05,-1e-05,-2e-05,-1e-05,1
2758,-1e-05,-2e-05,-2e-05,-2e-05,-1e-05,-1e-05,-2e-05,-1e-05,1
2759,-1e-05,-2e-05,-2e-05,-2e-05,-1e-05,-1e-05,-2e-05,-1e-05,1
2760,-1e-05,-2e-05,-2e-05,-2e-05,-1e-05,-1e-05,-2e-05,-1e-05,1
2761,-1e-05,-2e-05,-2e-05,-2e-05,-1e-05,-1e-05,-2e-05,-1e-05,1
2762,-1e-05,-2e-05,-2e-05,-2e-05,-1e-05,-1e-05,-2e-05,-1e-05,1
2763,-1e-05,-2e-05,-2e-05,-2e-05,-1e-05,-1e-05,-2e-05,-1e-05,1
2764,-1e-05,-2e-05,-2e-05,-2e-05,-1e-05,-1e-05,-2e-05,-1e-05,1
2765,-1e-05,-2e-05,-2e-05,-2e-05,-1e-05,-1e-05,-2e-05,-1e-05,1
2766,-1e-05,-2e-05,-2e-05,-2e-05,-1e-05,-1e-05,-2e-05,-1e-05,1
2767,-1e-05,-2e-05,-2e-05,-2e-05,-1e-05,-1e-05,-2e-05,-1e-05,1
2768,-1e-05,-2e-05,-2e-05,-2e-05,-1e-05,-1e-05,-2e-05,-1e-05,1
2769,-1e-05,-2e-05,-2e-05,-2e-05,-1e-05,-1e-05,-2e-05,-1e-05,1
2770,-1e-05,-2e-05,-2e-05,-2e-05,-1e-05,-1e-05,-2e-05,-1e-05,1
2771,-1e-05,-2e-05,-2e-05,-2e-05,-1e-05,-1e-05,-2e-05,-1e-05,1
2772,-1e-05,-2e-05,-2e-05,-2e-05,-1e-05,-1e-05,-2e-05,-1e-05,1
2773,-1e-05,-2e-05,-2e-05,-2e-05,-1e-05,-1e-05,-2e-05,-1e-05,1
2774,-1e-05,-2e-05,-2e-05,-2e-05,-1e-05,-1e-05,-2e-05,-1e-05,1
2775,-1e-05,-2e-05,-2e-05,-2e-05,-1e-05,-1e-05,-2e-05,-1e-05,1
2776,1e-05,1e-05,1e-05,0.0,0.0,0.0,-1e-05,-1e-05,1
2777,-3e-05,-5e-05,-6e-05,-6e-05,-4e-05,0.0,1e-05,-1e-05,1
2778,-3e-05,-5e-05,-6e-05,-6e-05,-4e-05,0.0,1e-05,-1e-05,1
2779,-3e-05,-5e-05,-6e-05,-6e-05,-4e-05,0.0,1e-05,-1e-05,1
2780,-3e-05,-5e-05,-6e-05,-6e-05,-4e-05,0.0,1e-05,-1e-05,1
2781,-3e-05,-5e-05,-6e-05,-6e-05,-4e-05,0.0,1e-05,-1e-05,1
2782,-3e-05,-5e-05,-6e-05,-6e-05,-4e-05,0.0,1e-05,-1e-05,1
2783,-3e-05,-5e-05,-6e-05,-6e-05,-4e-05,0.0,1e-05,-1e-05,1
2784,-3e-05,-5e-05,-6e-05,-6e-05,-4e-05,0.0,1e-05,-1e-05,1
2785,-3e-05,-5e-05,-6e-05,-6e-05,-4e-05,0.0,1e-05,-1e-05,1
2786,-3e-05,-5e-05,-6e-05,-6e-05,-4e-05,0.0,1e-05,-1e-05,1
2788,-3e-05,-5e-05,-6e-05,-6e-05,-4e-05,0.0,1e-05,-1e-05,1
2789,-3e-05,-5e-05,-6e-05,-6e-05,-4e-05,0.0,1e-05,-1e-05,1
2790,-3e-05,-5e-05,-6e-05,-6e-05,-4e-05,0.0,1e-05,-1e-05,1
2791,-3e-05,-5e-05,-6e-05,-6e-05,-4e-05,0.0,1e-05,-1e-05,1
2792,-3e-05,-5e-05,-6e-05,-6e-05,-4e-05,0.0,1e-05,-1e-05,1
2793,-3e-05,-5e-05,-6e-05,-6e-05,-4e-05,0.0,1e-05,-1e-05,1
2794,-3e-05,-5e-05,-6e-05,-6e-05,-4e-05,0.0,1e-05,-1e-05,1
2795,-3e-05,-5e-05,-6e-05,-6e-05,-4e-05,0.0,1e-05,-1e-05,1
2796,-3e-05,-5e-05,-6e-05,-6e-05,-4e-05,0.0,1e-05,-1e-05,1
2797,-3e-05,-5e-05,-6e-05,-6e-05,-4e-05,0.0,1e-05,-1e-05,1
2798,-3e-05,-5e-05,-6e-05,-6e-05,-4e-05,0.0,1e-05,-1e-05,1
2799,0.0,1e-05,0.0,0.0,0.0,2e-05,-1e-05,1e-05,1
2800,1e-05,2e-05,2e-05,3e-05,0.0,-1e-05,-2e-05,0.0,1
2801,1e-05,2e-05,2e-05,3e-05,0.0,-1e-05,-2e-05,0.0,1
2802,1e-05,2e-05,2e-05,3e-05,0.0,-1e-05,-2e-05,0.0,1
2803,1e-05,2e-05,2e-05,3e-05,0.0,-1e-05,-2e-05,0.0,1
2804,1e-05,2e-05,2e-05,3e-05,0.0,-1e-05,-2e-05,0.0,1
2805,1e-05,2e-05,2e-05,3e-05,0.0,-1e-05,-2e-05,0.0,1
2806,1e-05,2e-05,2e-05,3e-05,0.0,-1e-05,-2e-05,0.0,1
2807,1e-05,2e-05,2e-05,3e-05,0.0,-1e-05,-2e-05,0.0,1
2808,1e-05,2e-05,2e-05,3e-05,0.0,-1e-05,-2e-05,0.0,1
2809,1e-05,2e-05,2e-05,3e-05,0.0,-1e-05,-2e-05,0.0,1
2810,1e-05,2e-05,2e-05,3e-05,0.0,-1e-05,-2e-05,0.0,1
2811,1e-05,2e-05,2e-05,3e-05,0.0,-1e-05,-2e-05,0.0,1
2812,1e-05,2e-05,2e-05,3e-05,0.0,-1e-05,-2e-05,0.0,1
2813,1e-05,2e-05,2e-05,3e-05,0.0,-1e-05,-2e-05,0.0,1
2814,1e-05,2e-05,2e-05,3e-05,0.0,-1e-05,-2e-05,0.0,1
2815,1e-05,3e-05,3e-05,2e-05,3e-05,-3e-05,-1e-05,-1e-05,1
2816,1e-05,3e-05,3e-05,2e-05,3e-05,-3e-05,-1e-05,-1e-05,1
2817,1e-05,3e-05,3e-05,2e-05,3e-05,-3e-05,-1e-05,-1e-05,1
2818,1e-05,3e-05,3e-05,2e-05,3e-05,-3e-05,-1e-05,-1e-05,1
2819,1e-05,3e-05,3e-05,2e-05,3e-05,-3e-05,-1e-05,-1e-05,1
2820,1e-05,3e-05,3e-05,2e-05,3e-05,-3e-05,-1e-05,-1e-05,1
2821,1e-05,3e-05,3e-05,2e-05,3e-05,-3e-05,-1e-05,-1e-05,1
2822,1e-05,3e-05,3e-05,2e-05,3e-05,-3e-05,-1e-05,-1e-05,1
2823,1e-05,3e-05,3e-05,2e-05,3e-05,-3e-05,-1e-05,-1e-05,1
2824,1e-05,3e-05,3e-05,2e-05,3e-05,-3e-05,-1e-05,-1e-05,1
2825,1e-05,3e-05,3e-05,2e-05,3e-05,-3e-05,-1e-05,-1e-05,1
2826,1e-05,3e-05,3e-05,2e-05,3e-05,-3e-05,-1e-05,-1e-05,1
2827,1e-05,3e-05,3e-05,2e-05,3e-05,-3e-05,-1e-05,-1e-05,1
2828,1e-05,3e-05,3e-05,2e-05,3e-05,-3e-05,-1e-05,-1e-05,1
2829,1e-05,3e-05,3e-05,2e-05,3e-05,-3e-05,-1e-05,-1e-05,1
2830,1e-05,3e-05,3e-05,2e-05,3e-05,-3e-05,-1e-05,-1e-05,1
2831,1e-05,3e-05,3e-05,2e-05,3e-05,-3e-05,-1e-05,-1e-05,1
2832,1e-05,3e-05,3e-05,2e-05,3e-05,-3e-05,-1e-05,-1e-05,1
2833,1e-05,3e-05,3e-05,2e-05,3e-05,-3e-05,-1e-05,-1e-05,1
2834,1e-05,3e-05,3e-05,2e-05,3e-05,-3e-05,-1e-05,-1e-05,1
2835,1e-05,3e-05,3e-05,2e-05,3e-05,-3e-05,-1e-05,-1e-05,1
2837,0.0,-3e-05,-3e-05,1e-05,-2e-05,-2e-05,0.0,0.0,1
2839,0.0,-3e-05,-3e-05,1e-05,-2e-05,-2e-05,0.0,0.0,1
2840,0.0,-3e-05,-3e-05,1e-05,-2e-05,-2e-05,0.0,0.0,1
2841,0.0,-3e-05,-3e-05,1e-05,-2e-05,-2e-05,0.0,0.0,1
2842,0.0,-3e-05,-3e-05,1e-05,-2e-05,-2e-05,0.0,0.0,1
2843,0.0,-3e-05,-3e-05,1e-05,-2e-05,-2e-05,0.0,0.0,1
2844,0.0,-3e-05,-3e-05,1e-05,-2e-05,-2e-05,0.0,0.0,1
2845,0.0,-3e-05,-3e-05,1e-05,-2e-05,-2e-05,0.0,0.0,1
2846,0.0,-3e-05,-3e-05,1e-05,-2e-05,-2e-05,0.0,0.0,1
2847,0.0,-3e-05,-3e-05,1e-05,-2e-05,-2e-05,0.0,0.0,1
2848,0.0,-3e-05,-3e-05,1e-05,-2e-05,-2e-05,0.0,0.0,1
2849,0.0,-3e-05,-3e-05,1e-05,-2e-05,-2e-05,0.0,0.0,1
2850,0.0,-3e-05,-3e-05,1e-05,-2e-05,-2e-05,0.0,0.0,1
2851,0.0,-3e-05,-3e-05,1e-05,-2e-05,-2e-05,0.0,0.0,1
2852,0.0,-3e-05,-3e-05,1e-05,-2e-05,-2e-05,0.0,0.0,1
2853,0.0,-3e-05,-3e-05,1e-05,-2e-05,-2e-05,0.0,0.0,1
2854,0.0,-3e-05,-3e-05,1e-05,-2e-05,-2e-05,0.0,0.0,1
2855,0.0,-3e-05,-3e-05,1e-05,-2e-05,-2e-05,0.0,0.0,1
2856,0.0,-3e-05,-3e-05,1e-05,-2e-05,-2e-05,0.0,0.0,1
2857,0.0,-3e-05,-3e-05,1e-05,-2e-05,-2e-05,0.0,0.0,1
2858,0.0,-3e-05,-3e-05,1e-05,-2e-05,-2e-05,0.0,0.0,1
2859,0.0,-3e-05,-3e-05,1e-05,-2e-05,-2e-05,0.0,0.0,1
2860,2e-05,1e-05,1e-05,1e-05,-1e-05,0.0,-1e-05,-2e-05,1
2861,2e-05,1e-05,1e-05,1e-05,-1e-05,0.0,-1e-05,-2e-05,1
2862,2e-05,1e-05,1e-05,1e-05,-1e-05,0.0,-1e-05,-2e-05,1
2863,2e-05,1e-05,1e-05,1e-05,-1e-05,0.0,-1e-05,-2e-05,1
2864,2e-05,1e-05,1e-05,1e-05,-1e-05,0.0,-1e-05,-2e-05,1
2865,2e-05,1e-05,1e-05,1e-05,-1e-05,0.0,-1e-05,-2e-05,1
2866,2e-05,1e-05,1e-05,1e-05,-1e-05,0.0,-1e-05,-2e-05,1
2867,2e-05,1e-05,1e-05,1e-05,-1e-05,0.0,-1e-05,-2e-05,1
2868,2e-05,1e-05,1e-05,1e-05,-1e-05,0.0,-1e-05,-2e-05,1
2869,2e-05,1e-05,1e-05,1e-05,-1e-05,0.0,-1e-05,-2e-05,1
2870,2e-05,1e-05,1e-05,1e-05,-1e-05,0.0,-1e-05,-2e-05,1
2871,2e-05,1e-05,1e-05,1e-05,-1e-05,0.0,-1e-05,-2e-05,1
2872,2e-05,1e-05,1e-05,1e-05,-1e-05,0.0,-1e-05,-2e-05,1
2873,2e-05,1e-05,1e-05,1e-05,-1e-05,0.0,-1e-05,-2e-05,1
2874,-2e-05,-2e-05,-3e-05,-1e-05,-1e-05,-1e-05,-1e-05,-2e-05,1
2875,-1e-05,2e-05,3e-05,4e-05,3e-05,-2e-05,-3e-05,1e-05,1
2876,-1e-05,2e-05,3e-05,4e-05,3e-05,-2e-05,-3e-05,1e-05,1
2877,-1e-05,2e-05,3e-05,4e-05,3e-05,-2e-05,-3e-05,1e-05,1
2878,-1e-05,2e-05,3e-05,4e-05,3e-05,-2e-05,-3e-05,1e-05,1
2879,-1e-05,2e-05,3e-05,4e-05,3e-05,-2e-05,-3e-05,1e-05,1
2880,-1e-05,2e-05,3e-05,4e-05,3e-05,-2e-05,-3e-05,1e-05,1
2881,-1e-05,2e-05,3e-05,4e-05,3e-05,-2e-05,-3e-05,1e-05,1
2882,-1e-05,2e-05,3e-05,4e-05,3e-05,-2e-05,-3e-05,1e-05,1
2883,-1e-05,2e-05,3e-05,4e-05,3e-05,-2e-05,-3e-05,1e-05,1
2884,-1e-05,2e-05,3e-05,4e-05,3e-05,-2e-05,-3e-05,1e-05,1
2885,-1e-05,2e-05,3e-05,4e-05,3e-05,-2e-05,-3e-05,1e-05,1
2886,-1e-05,2e-05,3e-05,4e-05,3e-05,-2e-05,-3e-05,1e-05,1
2888,-1e-05,2e-05,3e-05,4e-05,3e-05,-2e-05,-3e-05,1e-05,1
2889,-1e-05,2e-05,3e-05,4e-05,3e-05,-2e-05,-3e-05,1e-05,1
2890,-1e-05,2e-05,3e-05,4e-05,3e-05,-2e-05,-3e-05,1e-05,1
2891,-1e-05,2e-05,3e-05,4e-05,3e-05,-2e-05,-3e-05,1e-05,1
2892,-1e-05,2e-05,3e-05,4e-05,3e-05,-2e-05,-3e-05,1e-05,1
2893,-1e-05,2e-05,3e-05,4e-05,3e-05,-2e-05,-3e-05,1e-05,1
2894,-1e-05,2e-05,3e-05,4e-05,3e-05,-2e-05,-3e-05,1e-05,1
2895,-1e-05,2e-05,3e-05,4e-05,3e-05,-2e-05,-3e-05,1e-05,1
2896,0.0,0.0,4e-05,-2e-05,-2e-05,-1e-05,-1e-05,-2e-05,1
2897,-2e-05,-2e-05,-3e-05,-4e-05,-2e-05,-1e-05,2e-05,-2e-05,1
2898,-2e-05,-2e-05,-3e-05,-4e-05,-2e-05,-1e-05,2e-05,-2e-05,1
2899,-2e-05,-2e-05,-3e-05,-4e-05,-2e-05,-1e-05,2e-05,-2e-05,1
2900,-2e-05,-2e-05,-3e-05,-4e-05,-2e-05,-1e-05,2e-05,-2e-05,1
2901,-2e-05,-2e-05,-3e-05,-4e-05,-2e-05,-1e-05,2e-05,-2e-05,1
2902,-2e-05,-2e-05,-3e-05,-4e-05,-2e-05,-1e-05,2e-05,-2e-05,1
2903,-2e-05,-2e-05,-3e-05,-4e-05,-2e-05,-1e-05,2e-05,-2e-05,1
2904,-2e-05,-2e-05,-3e-05,-4e-05,-2e-05,-1e-05,2e-05,-2e-05,1
2905,-2e-05,-2e-05,-3e-05,-4e-05,-2e-05,-1e-05,2e-05,-2e-05,1
2906,-2e-05,-2e-05,-3e-05,-4e-05,-2e-05,-1e-05,2e-05,-2e-05,1
2907,-2e-05,-2e-05,-3e-05,-4e-05,-2e-05,-1e-05,2e-05,-2e-05,1
2908,-2e-05,-2e-05,-3e-05,-4e-05,-2e-05,-1e-05,2e-05,-2e-05,1
2909,-2e-05,-2e-05,-3e-05,-4e-05,-2e-05,-1e-05,2e-05,-2e-05,1
2910,-2e-05,-2e-05,-3e-05,-4e-05,-2e-05,-1e-05,2e-05,-2e-05,1
2911,-2e-05,-2e-05,-3e-05,-4e-05,-2e-05,-1e-05,2e-05,-2e-05,1
2912,-2e-05,-2e-05,-3e-05,-4e-05,-2e-05,-1e-05,2e-05,-2e-05,1
2913,-2e-05,-2e-05,-3e-05,-4e-05,-2e-05,-1e-05,2e-05,-2e-05,1
2914,-2e-05,-2e-05,-3e-05,-4e-05,-2e-05,-1e-05,2e-05,-2e-05,1
2915,-2e-05,-2e-05,-3e-05,-4e-05,-2e-05,-1e-05,2e-05,-2e-05,1
2916,-2e-05,-2e-05,-3e-05,-4e-05,-2e-05,-1e-05,2e-05,-2e-05,1
2917,-2e-05,-2e-05,-3e-05,-4e-05,-2e-05,-1e-05,2e-05,-2e-05,1
2918,-2e-05,-2e-05,-3e-05,-4e-05,-2e-05,-1e-05,2e-05,-2e-05,1
2919,-2e-05,-2e-05,-3e-05,-4e-05,-2e-05,-1e-05,2e-05,-2e-05,1
2920,-2e-05,-2e-05,-3e-05,-4e-05,-2e-05,-1e-05,2e-05,-2e-05,1
2921,-2e-05,-2e-05,-3e-05,-4e-05,-2e-05,-1e-05,2e-05,-2e-05,1
2922,-2e-05,-2e-05,-3e-05,-4e-05,-2e-05,-1e-05,2e-05,-2e-05,1
2923,-2e-05,-2e-05,-3e-05,-4e-05,-2e-05,-1e-05,2e-05,-2e-05,1
2924,-2e-05,-2e-05,-3e-05,-4e-05,-2e-05,-1e-05,2e-05,-2e-05,1
2925,-2e-05,-2e-05,-3e-05,-4e-05,-2e-05,-1e-05,2e-05,-2e-05,1
2926,-2e-05,-2e-05,-3e-05,-4e-05,-2e-05,-1e-05,2e-05,-2e-05,1
2927,1e-05,-1e-05,1e-05,0.00018,4e-05,-1e-05,-1e-05,-1e-05,1
2928,0.0,-2e-05,-3e-05,-3e-05,-3e-05,-1e-05,0.0,-2e-05,1
2929,0.0,-2e-05,-3e-05,-3e-05,-3e-05,-1e-05,0.0,-2e-05,1
2930,0.0,-2e-05,-3e-05,-3e-05,-3e-05,-1e-05,0.0,-2e-05,1
2931,0.0,-2e-05,-3e-05,-3e-05,-3e-05,-1e-05,0.0,-2e-05,1
2932,0.0,-2e-05,-3e-05,-3e-05,-3e-05,-1e-05,0.0,-2e-05,1
2933,0.0,-2e-05,-3e-05,-3e-05,-3e-05,-1e-05,0.0,-2e-05,1
2934,1e-05,2e-05,1e-05,-6e-05,-2e-05,-4e-05,0.0,-1e-05,1
2935,-3e-05,-9e-05,-6e-05,-4e-05,-3e-05,-1e-05,1e-05,2e-05,1
2936,-3e-05,-9e-05,-6e-05,-4e-05,-3e-05,-1e-05,1e-05,2e-05,1
2938,-3e-05,-9e-05,-6e-05,-4e-05,-3e-05,-1e-05,1e-05,2e-05,1
2939,-3e-05,-9e-05,-6e-05,-4e-05,-3e-05,-1e-05,1e-05,2e-05,1
2940,-3e-05,-9e-05,-6e-05,-4e-05,-3e-05,-1e-05,1e-05,2e-05,1
2941,-3e-05,-9e-05,-6e-05,-4e-05,-3e-05,-1e-05,1e-05,2e-05,1
2942,-3e-05,-9e-05,-6e-05,-4e-05,-3e-05,-1e-05,1e-05,2e-05,1
2943,-3e-05,-9e-05,-6e-05,-4e-05,-3e-05,-1e-05,1e-05,2e-05,1
2944,-3e-05,-9e-05,-6e-05,-4e-05,-3e-05,-1e-05,1e-05,2e-05,1
2945,-3e-05,-9e-05,-6e-05,-4e-05,-3e-05,-1e-05,1e-05,2e-05,1
2946,-3e-05,-9e-05,-6e-05,-4e-05,-3e-05,-1e-05,1e-05,2e-05,1
2947,-3e-05,-9e-05,-6e-05,-4e-05,-3e-05,-1e-05,1e-05,2e-05,1
2948,-3e-05,-9e-05,-6e-05,-4e-05,-3e-05,-1e-05,1e-05,2e-05,1
2949,-3e-05,-9e-05,-6e-05,-4e-05,-3e-05,-1e-05,1e-05,2e-05,1
2950,-3e-05,-9e-05,-6e-05,-4e-05,-3e-05,-1e-05,1e-05,2e-05,1
2951,-3e-05,-9e-05,-6e-05,-4e-05,-3e-05,-1e-05,1e-05,2e-05,1
2952,-3e-05,-9e-05,-6e-05,-4e-05,-3e-05,-1e-05,1e-05,2e-05,1
2953,-3e-05,-9e-05,-6e-05,-4e-05,-3e-05,-1e-05,1e-05,2e-05,1
2954,-3e-05,-9e-05,-6e-05,-4e-05,-3e-05,-1e-05,1e-05,2e-05,1
2955,-3e-05,-9e-05,-6e-05,-4e-05,-3e-05,-1e-05,1e-05,2e-05,1
2956,0.0,1e-05,0.0,-3e-05,-1e-05,-1e-05,0.0,0.0,1
2957,1e-05,0.0,0.0,-4e-05,-1e-05,-3e-05,-1e-05,-1e-05,1
2958,1e-05,0.0,0.0,-4e-05,-1e-05,-3e-05,-1e-05,-1e-05,1
2959,1e-05,0.0,0.0,-4e-05,-1e-05,-3e-05,-1e-05,-1e-05,1
2960,1e-05,0.0,0.0,-4e-05,-1e-05,-3e-05,-1e-05,-1e-05,1
2961,1e-05,0.0,0.0,-4e-05,-1e-05,-3e-05,-1e-05,-1e-05,1
2962,1e-05,0.0,0.0,-4e-05,-1e-05,-3e-05,-1e-05,-1e-05,1
2963,1e-05,0.0,0.0,-4e-05,-1e-05,-3e-05,-1e-05,-1e-05,1
2964,1e-05,0.0,0.0,-4e-05,-1e-05,-3e-05,-1e-05,-1e-05,1
2965,1e-05,0.0,0.0,-4e-05,-1e-05,-3e-05,-1e-05,-1e-05,1
2966,1e-05,0.0,0.0,-4e-05,-1e-05,-3e-05,-1e-05,-1e-05,1
2967,1e-05,0.0,0.0,-4e-05,-1e-05,-3e-05,-1e-05,-1e-05,1
2968,1e-05,0.0,0.0,-4e-05,-1e-05,-3e-05,-1e-05,-1e-05,1
2969,1e-05,0.0,0.0,-4e-05,-1e-05,-3e-05,-1e-05,-1e-05,1
2970,1e-05,0.0,0.0,-4e-05,-1e-05,-3e-05,-1e-05,-1e-05,1
2971,1e-05,0.0,0.0,-4e-05,-1e-05,-3e-05,-1e-05,-1e-05,1
2972,1e-05,0.0,0.0,-4e-05,-1e-05,-3e-05,-1e-05,-1e-05,1
2973,1e-05,0.0,0.0,-4e-05,-1e-05,-3e-05,-1e-05,-1e-05,1
2974,1e-05,0.0,0.0,-4e-05,-1e-05,-3e-05,-1e-05,-1e-05,1
2975,1e-05,0.0,0.0,-4e-05,-1e-05,-3e-05,-1e-05,-1e-05,1
2976,1e-05,0.0,0.0,-4e-05,-1e-05,-3e-05,-1e-05,-1e-05,1
2977,1e-05,0.0,0.0,-4e-05,-1e-05,-3e-05,-1e-05,-1e-05,1
2978,1e-05,0.0,0.0,-4e-05,-1e-05,-3e-05,-1e-05,-1e-05,1
2979,1e-05,0.0,0.0,-4e-05,-1e-05,-3e-05,-1e-05,-1e-05,1
2980,-1e-05,3e-05,4e-05,-2e-05,-2e-05,-1e-05,-1e-05,-3e-05,1
2981,-1e-05,3e-05,4e-05,-2e-05,-2e-05,-1e-05,-1e-05,-3e-05,1
2982,-1e-05,3e-05,4e-05,-2e-05,-2e-05,-1e-05,-1e-05,-3e-05,1
2983,-1e-05,3e-05,4e-05,-2e-05,-2e-05,-1e-05,-1e-05,-3e-05,1
2984,-1e-05,3e-05,4e-05,-2e-05,-2e-05,-1e-05,-1e-05,-3e-05,1
2985,-1e-05,3e-05,4e-05,-2e-05,-2e-05,-1e-05,-1e-05,-3e-05,1
2986,-1e-05,3e-05,4e-05,-2e-05,-2e-05,-1e-05,-1e-05,-3e-05,1
2988,-1e-05,3e-05,4e-05,-2e-05,-2e-05,-1e-05,-1e-05,-3e-05,1
2989,-1e-05,3e-05,4e-05,-2e-05,-2e-05,-1e-05,-1e-05,-3e-05,1
2990,-1e-05,3e-05,4e-05,-2e-05,-2e-05,-1e-05,-1e-05,-3e-05,1
2991,-1e-05,3e-05,4e-05,-2e-05,-2e-05,-1e-05,-1e-05,-3e-05,1
2992,-1e-05,3e-05,4e-05,-2e-05,-2e-05,-1e-05,-1e-05,-3e-05,1
2993,-2e-05,-2e-05,-5e-05,-2e-05,-2e-05,1e-05,-1e-05,1e-05,1
2994,-2e-05,-2e-05,-5e-05,-2e-05,-2e-05,1e-05,-1e-05,1e-05,1
2995,-2e-05,-2e-05,-5e-05,-2e-05,-2e-05,1e-05,-1e-05,1e-05,1
2996,-2e-05,-2e-05,-5e-05,-2e-05,-2e-05,1e-05,-1e-05,1e-05,1
2997,-2e-05,-2e-05,-5e-05,-2e-05,-2e-05,1e-05,-1e-05,1e-05,1
2998,-2e-05,-2e-05,-5e-05,-2e-05,-2e-05,1e-05,-1e-05,1e-05,1
2999,-2e-05,-2e-05,-5e-05,-2e-05,-2e-05,1e-05,-1e-05,1e-05,1
3000,-2e-05,-2e-05,-5e-05,-2e-05,-2e-05,1e-05,-1e-05,1e-05,1
3001,-1e-05,-1e-05,0.0,-3e-05,0.0,-1e-05,-2e-05,0.0,1
3002,-1e-05,-1e-05,0.0,-3e-05,0.0,-1e-05,-2e-05,0.0,1
3003,-1e-05,-1e-05,0.0,-3e-05,0.0,-1e-05,-2e-05,0.0,1
3004,-1e-05,-1e-05,0.0,-3e-05,0.0,-1e-05,-2e-05,0.0,1
3005,-1e-05,-1e-05,0.0,-3e-05,0.0,-1e-05,-2e-05,0.0,1
3006,-1e-05,-1e-05,0.0,-3e-05,0.0,-1e-05,-2e-05,0.0,1
3007,-1e-05,-1e-05,0.0,-3e-05,0.0,-1e-05,-2e-05,0.0,1
3008,-1e-05,-1e-05,0.0,-3e-05,0.0,-1e-05,-2e-05,0.0,1
3009,-1e-05,-1e-05,0.0,-3e-05,0.0,-1e-05,-2e-05,0.0,1
3010,-1e-05,-1e-05,0.0,-3e-05,0.0,-1e-05,-2e-05,0.0,1
3011,-1e-05,-1e-05,0.0,-3e-05,0.0,-1e-05,-2e-05,0.0,1
3012,-1e-05,-1e-05,0.0,-3e-05,0.0,-1e-05,-2e-05,0.0,1
3013,-1e-05,-1e-05,0.0,-3e-05,0.0,-1e-05,-2e-05,0.0,1
3014,-1e-05,-1e-05,0.0,-3e-05,0.0,-1e-05,-2e-05,0.0,1
3015,-1e-05,-1e-05,0.0,-3e-05,0.0,-1e-05,-2e-05,0.0,1
3016,-3e-05,-2e-05,-3e-05,8e-05,0.0,1e-05,-1e-05,-2e-05,1
3017,-1e-05,-1e-05,0.0,-3e-05,-2e-05,-1e-05,1e-05,-2e-05,1
3018,-1e-05,-1e-05,0.0,-3e-05,-2e-05,-1e-05,1e-05,-2e-05,1
3019,-1e-05,-1e-05,0.0,-3e-05,-2e-05,-1e-05,1e-05,-2e-05,1
3020,-1e-05,-1e-05,0.0,-3e-05,-2e-05,-1e-05,1e-05,-2e-05,1
3021,-1e-05,-1e-05,0.0,-3e-05,-2e-05,-1e-05,1e-05,-2e-05,1
3022,-1e-05,-1e-05,0.0,-3e-05,-2e-05,-1e-05,1e-05,-2e-05,1
3023,-1e-05,-1e-05,0.0,-3e-05,-2e-05,-1e-05,1e-05,-2e-05,1
3024,-1e-05,-1e-05,0.0,-3e-05,-2e-05,-1e-05,1e-05,-2e-05,1
3025,-1e-05,-1e-05,0.0,-3e-05,-2e-05,-1e-05,1e-05,-2e-05,1
3026,-1e-05,-1e-05,0.0,-3e-05,-2e-05,-1e-05,1e-05,-2e-05,1
3027,-1e-05,-1e-05,0.0,-3e-05,-2e-05,-1e-05,1e-05,-2e-05,1
3028,-1e-05,-1e-05,0.0,-3e-05,-2e-05,-1e-05,1e-05,-2e-05,1
3029,-1e-05,-1e-05,0.0,-3e-05,-2e-05,-1e-05,1e-05,-2e-05,1
3030,-1e-05,-1e-05,0.0,-3e-05,-2e-05,-1e-05,1e-05,-2e-05,1
3031,-1e-05,-1e-05,0.0,-3e-05,-2e-05,-1e-05,1e-05,-2e-05,1
3032,-1e-05,-1e-05,0.0,-3e-05,-2e-05,-1e-05,1e-05,-2e-05,1
3033,-1e-05,-1e-05,0.0,-3e-05,-2e-05,-1e-05,1e-05,-2e-05,1
3034,-1e-05,-1e-05,0.0,-3e-05,-2e-05,-1e-05,1e-05,-2e-05,1
3035,-1e-05,-1e-05,0.0,-3e-05,-2e-05,-1e-05,1e-05,-2e-05,1
3036,-1e-05,-1e-05,0.0,-3e-05,-2e-05,-1e-05,1e-05,-2e-05,1
3038,-1e-05,-1e-05,0.0,-3e-05,-2e-05,-1e-05,1e-05,-2e-05,1
3039,-1e-05,-1e-05,0.0,-3e-05,-2e-05,-1e-05,1e-05,-2e-05,1
3040,-1e-05,-1e-05,0.0,-3e-05,-2e-05,-1e-05,1e-05,-2e-05,1
3041,-1e-05,-1e-05,0.0,-3e-05,-2e-05,-1e-05,1e-05,-2e-05,1
3042,-1e-05,-1e-05,0.0,-3e-05,-2e-05,-1e-05,1e-05,-2e-05,1
3043,-1e-05,-1e-05,0.0,-3e-05,-2e-05,-1e-05,1e-05,-2e-05,1
3044,-1e-05,-1e-05,0.0,-3e-05,-2e-05,-1e-05,1e-05,-2e-05,1
3045,-1e-05,-1e-05,0.0,-3e-05,-2e-05,-1e-05,1e-05,-2e-05,1
3046,-1e-05,-1e-05,0.0,-3e-05,-2e-05,-1e-05,1e-05,-2e-05,1
3047,-1e-05,0.0,-1e-05,-7e-05,-2e-05,-1e-05,-1e-05,-2e-05,1
3048,-3e-05,-1e-05,-2e-05,1e-05,0.0,-1e-05,-1e-05,-1e-05,1
3049,-3e-05,-1e-05,-2e-05,1e-05,0.0,-1e-05,-1e-05,-1e-05,1
3050,-3e-05,-1e-05,-2e-05,1e-05,0.0,-1e-05,-1e-05,-1e-05,1
3051,-3e-05,-1e-05,-2e-05,1e-05,0.0,-1e-05,-1e-05,-1e-05,1
3052,-3e-05,-1e-05,-2e-05,1e-05,0.0,-1e-05,-1e-05,-1e-05,1
3053,0.0,-2e-05,-4e-05,-3e-05,-2e-05,-2e-05,1e-05,0.0,1
3054,0.0,-2e-05,-4e-05,-3e-05,-2e-05,-2e-05,1e-05,0.0,1
3055,0.0,-2e-05,-4e-05,-3e-05,-2e-05,-2e-05,1e-05,0.0,1
3056,0.0,-2e-05,-4e-05,-3e-05,-2e-05,-2e-05,1e-05,0.0,1
3057,0.0,-2e-05,-4e-05,-3e-05,-2e-05,-2e-05,1e-05,0.0,1
3058,0.0,-2e-05,-4e-05,-3e-05,-2e-05,-2e-05,1e-05,0.0,1
3059,0.0,-2e-05,-4e-05,-3e-05,-2e-05,-2e-05,1e-05,0.0,1
3060,0.0,-2e-05,-4e-05,-3e-05,-2e-05,-2e-05,1e-05,0.0,1
3061,0.0,-2e-05,-4e-05,-3e-05,-2e-05,-2e-05,1e-05,0.0,1
3062,-1e-05,1e-05,1e-05,1e-05,-1e-05,-1e-05,0.0,-1e-05,1
3063,-1e-05,1e-05,1e-05,1e-05,-1e-05,-1e-05,0.0,-1e-05,1
3064,-1e-05,1e-05,1e-05,1e-05,-1e-05,-1e-05,0.0,-1e-05,1
3065,-1e-05,1e-05,1e-05,1e-05,-1e-05,-1e-05,0.0,-1e-05,1
3066,-1e-05,1e-05,1e-05,1e-05,-1e-05,-1e-05,0.0,-1e-05,1
3067,-1e-05,1e-05,1e-05,1e-05,-1e-05,-1e-05,0.0,-1e-05,1
3068,-1e-05,1e-05,1e-05,1e-05,-1e-05,-1e-05,0.0,-1e-05,1
3069,-1e-05,1e-05,1e-05,1e-05,-1e-05,-1e-05,0.0,-1e-05,1
3070,-1e-05,1e-05,1e-05,1e-05,-1e-05,-1e-05,0.0,-1e-05,1
3071,-1e-05,1e-05,1e-05,1e-05,-1e-05,-1e-05,0.0,-1e-05,1
3072,-1e-05,1e-05,1e-05,1e-05,-1e-05,-1e-05,0.0,-1e-05,1
3073,-1e-05,1e-05,1e-05,1e-05,-1e-05,-1e-05,0.0,-1e-05,1
3074,-1e-05,1e-05,1e-05,1e-05,-1e-05,-1e-05,0.0,-1e-05,1
3075,-1e-05,1e-05,1e-05,1e-05,-1e-05,-1e-05,0.0,-1e-05,1
3076,0.0,0.0,3e-05,2e-05,0.0,0.0,-1e-05,-2e-05,1
3077,-2e-05,-2e-05,-3e-05,-1e-05,1e-05,-1e-05,-2e-05,-2e-05,1
3078,-2e-05,-2e-05,-3e-05,-1e-05,1e-05,-1e-05,-2e-05,-2e-05,1
3079,-2e-05,-2e-05,-3e-05,-1e-05,1e-05,-1e-05,-2e-05,-2e-05,1
3080,-2e-05,-2e-05,-3e-05,-1e-05,1e-05,-1e-05,-2e-05,-2e-05,1
3081,-2e-05,-2e-05,-3e-05,-1e-05,1e-05,-1e-05,-2e-05,-2e-05,1
3082,-2e-05,-2e-05,-3e-05,-1e-05,1e-05,-1e-05,-2e-05,-2e-05,1
3083,-2e-05,-2e-05,-3e-05,-1e-05,1e-05,-1e-05,-2e-05,-2e-05,1
3084,-2e-05,-2e-05,-3e-05,-1e-05,1e-05,-1e-05,-2e-05,-2e-05,1
3085,-2e-05,-2e-05,-3e-05,-1e-05,1e-05,-1e-05,-2e-05,-2e-05,1
3086,-2e-05,-2e-05,-3e-05,-1e-05,1e-05,-1e-05,-2e-05,-2e-05,1
3088,-2e-05,-2e-05,-3e-05,-1e-05,1e-05,-1e-05,-2e-05,-2e-05,1
3089,-2e-05,-2e-05,-3e-05,-1e-05,1e-05,-1e-05,-2e-05,-2e-05,1
3090,-2e-05,-2e-05,-3e-05,-1e-05,1e-05,-1e-05,-2e-05,-2e-05,1
3091,-2e-05,-2e-05,-3e-05,-1e-05,1e-05,-1e-05,-2e-05,-2e-05,1
3092,-2e-05,-2e-05,-3e-05,-1e-05,1e-05,-1e-05,-2e-05,-2e-05,1
3093,-2e-05,-2e-05,-3e-05,-1e-05,1e-05,-1e-05,-2e-05,-2e-05,1
3094,-2e-05,-2e-05,-3e-05,-1e-05,1e-05,-1e-05,-2e-05,-2e-05,1
3095,-2e-05,-2e-05,-3e-05,-1e-05,1e-05,-1e-05,-2e-05,-2e-05,1
3096,-2e-05,-2e-05,-3e-05,-1e-05,1e-05,-1e-05,-2e-05,-2e-05,1
3097,-2e-05,-2e-05,-3e-05,-1e-05,1e-05,-1e-05,-2e-05,-2e-05,1
3098,-2e-05,-2e-05,-3e-05,-1e-05,1e-05,-1e-05,-2e-05,-2e-05,1
3099,-2e-05,-2e-05,-3e-05,-1e-05,1e-05,-1e-05,-2e-05,-2e-05,1
3100,-2e-05,-2e-05,-3e-05,-1e-05,1e-05,-1e-05,-2e-05,-2e-05,1
3101,-2e-05,-2e-05,-3e-05,-1e-05,1e-05,-1e-05,-2e-05,-2e-05,1
3102,-2e-05,-2e-05,-3e-05,-1e-05,1e-05,-1e-05,-2e-05,-2e-05,1
3103,-2e-05,-2e-05,-3e-05,-1e-05,1e-05,-1e-05,-2e-05,-2e-05,1
3104,-2e-05,-2e-05,-3e-05,-1e-05,1e-05,-1e-05,-2e-05,-2e-05,1
3105,-2e-05,-2e-05,-3e-05,-1e-05,1e-05,-1e-05,-2e-05,-2e-05,1
3106,-2e-05,-2e-05,-3e-05,-1e-05,1e-05,-1e-05,-2e-05,-2e-05,1
3107,-2e-05,-2e-05,-3e-05,-1e-05,1e-05,-1e-05,-2e-05,-2e-05,1
3108,-2e-05,-2e-05,-3e-05,-1e-05,1e-05,-1e-05,-2e-05,-2e-05,1
3109,-2e-05,-2e-05,-3e-05,-1e-05,1e-05,-1e-05,-2e-05,-2e-05,1
3110,-2e-05,-2e-05,-3e-05,-1e-05,1e-05,-1e-05,-2e-05,-2e-05,1
3111,-2e-05,-2e-05,-3e-05,-1e-05,1e-05,-1e-05,-2e-05,-2e-05,1
3112,-2e-05,-2e-05,-3e-05,-1e-05,1e-05,-1e-05,-2e-05,-2e-05,1
3113,-2e-05,-2e-05,-3e-05,-1e-05,1e-05,-1e-05,-2e-05,-2e-05,1
3114,-2e-05,-2e-05,-3e-05,-1e-05,1e-05,-1e-05,-2e-05,-2e-05,1
3115,-2e-05,-2e-05,-3e-05,-1e-05,1e-05,-1e-05,-2e-05,-2e-05,1
3116,0.0,0.0,-3e-05,-3e-05,-1e-05,0.0,0.0,0.0,1
3117,0.0,0.0,-3e-05,-3e-05,-1e-05,0.0,0.0,0.0,1
3118,-1e-05,-1e-05,0.0,-8e-05,-2e-05,-2e-05,0.0,-2e-05,1
3119,-1e-05,-1e-05,0.0,-8e-05,-2e-05,-2e-05,0.0,-2e-05,1
3120,-1e-05,-1e-05,0.0,-8e-05,-2e-05,-2e-05,0.0,-2e-05,1
3121,-1e-05,-2e-05,-4e-05,-2e-05,-1e-05,-2e-05,0.0,0.0,1
3122,-1e-05,-2e-05,-4e-05,-2e-05,-1e-05,-2e-05,0.0,0.0,1
3123,-1e-05,-2e-05,-4e-05,-2e-05,-1e-05,-2e-05,0.0,0.0,1
3124,-1e-05,-2e-05,-4e-05,-2e-05,-1e-05,-2e-05,0.0,0.0,1
3125,-1e-05,-2e-05,-4e-05,-2e-05,-1e-05,-2e-05,0.0,0.0,1
3126,-1e-05,-2e-05,-4e-05,-2e-05,-1e-05,-2e-05,0.0,0.0,1
3127,-1e-05,-2e-05,-4e-05,-2e-05,-1e-05,-2e-05,0.0,0.0,1
3128,-1e-05,-2e-05,-4e-05,-2e-05,-1e-05,-2e-05,0.0,0.0,1
3129,-1e-05,-2e-05,-4e-05,-2e-05,-1e-05,-2e-05,0.0,0.0,1
3130,-1e-05,-2e-05,-4e-05,-2e-05,-1e-05,-2e-05,0.0,0.0,1
3131,-1e-05,-2e-05,-4e-05,-2e-05,-1e-05,-2e-05,0.0,0.0,1
3132,-1e-05,-2e-05,-4e-05,-2e-05,-1e-05,-2e-05,0.0,0.0,1
3133,-1e-05,-2e-05,-4e-05,-2e-05,-1e-05,-2e-05,0.0,0.0,1
3134,-1e-05,-2e-05,-4e-05,-2e-05,-1e-05,-2e-05,0.0,0.0,1
3135,-1e-05,-2e-05,-4e-05,-2e-05,-1e-05,-2e-05,0.0,0.0,1
3136,-1e-05,-2e-05,-4e-05,-2e-05,-1e-05,-2e-05,0.0,0.0,1
3138,-2e-05,-2e-05,-2e-05,-4e-05,-3e-05,-2e-05,-2e-05,-1e-05,1
3139,-2e-05,-2e-05,-2e-05,-4e-05,-3e-05,-2e-05,-2e-05,-1e-05,1
3140,-2e-05,-2e-05,-2e-05,-4e-05,-3e-05,-2e-05,-2e-05,-1e-05,1
3141,-2e-05,-2e-05,-2e-05,-4e-05,-3e-05,-2e-05,-2e-05,-1e-05,1
3142,-2e-05,-2e-05,-2e-05,-4e-05,-3e-05,-2e-05,-2e-05,-1e-05,1
3143,-2e-05,-2e-05,-2e-05,-4e-05,-3e-05,-2e-05,-2e-05,-1e-05,1
3144,-2e-05,-2e-05,-2e-05,-4e-05,-3e-05,-2e-05,-2e-05,-1e-05,1
3145,-2e-05,-2e-05,-2e-05,-4e-05,-3e-05,-2e-05,-2e-05,-1e-05,1
3146,-2e-05,-2e-05,-2e-05,-4e-05,-3e-05,-2e-05,-2e-05,-1e-05,1
3147,-2e-05,-2e-05,-2e-05,-4e-05,-3e-05,-2e-05,-2e-05,-1e-05,1
3148,-2e-05,-2e-05,-2e-05,-4e-05,-3e-05,-2e-05,-2e-05,-1e-05,1
3149,-2e-05,-2e-05,-2e-05,-4e-05,-3e-05,-2e-05,-2e-05,-1e-05,1
3150,-2e-05,-2e-05,-2e-05,-4e-05,-3e-05,-2e-05,-2e-05,-1e-05,1
3151,-2e-05,-2e-05,-2e-05,-4e-05,-3e-05,-2e-05,-2e-05,-1e-05,1
3152,-2e-05,-2e-05,-2e-05,-4e-05,-3e-05,-2e-05,-2e-05,-1e-05,1
3153,-2e-05,-2e-05,-2e-05,-4e-05,-3e-05,-2e-05,-2e-05,-1e-05,1
3154,-2e-05,-2e-05,-2e-05,-4e-05,-3e-05,-2e-05,-2e-05,-1e-05,1
3155,-2e-05,-2e-05,-2e-05,-4e-05,-3e-05,-2e-05,-2e-05,-1e-05,1
3156,-2e-05,-2e-05,-2e-05,-4e-05,-3e-05,-2e-05,-2e-05,-1e-05,1
3157,-2e-05,-2e-05,-2e-05,-4e-05,-3e-05,-2e-05,-2e-05,-1e-05,1
3158,-2e-05,-2e-05,-2e-05,-4e-05,-3e-05,-2e-05,-2e-05,-1e-05,1
3159,-2e-05,-2e-05,-2e-05,-4e-05,-3e-05,-2e-05,-2e-05,-1e-05,1
3160,-2e-05,-2e-05,-2e-05,-4e-05,-3e-05,-2e-05,-2e-05,-1e-05,1
3161,-2e-05,-2e-05,-2e-05,-4e-05,-3e-05,-2e-05,-2e-05,-1e-05,1
3162,-2e-05,-2e-05,-2e-05,-4e-05,-3e-05,-2e-05,-2e-05,-1e-05,1
3163,-2e-05,-2e-05,-2e-05,-4e-05,-3e-05,-2e-05,-2e-05,-1e-05,1
3164,-2e-05,-2e-05,-2e-05,-4e-05,-3e-05,-2e-05,-2e-05,-1e-05,1
3166,-2e-05,-2e-05,-2e-05,-4e-05,-3e-05,-2e-05,-2e-05,-1e-05,1
3167,0.0,-3e-05,-3e-05,-3e-05,-1e-05,0.0,0.0,0.0,1
3168,-1e-05,-1e-05,-1e-05,3e-05,0.0,0.0,-2e-05,-1e-05,1
3169,-1e-05,-1e-05,-1e-05,3e-05,0.0,0.0,-2e-05,-1e-05,1
3170,-1e-05,-1e-05,-1e-05,3e-05,0.0,0.0,-2e-05,-1e-05,1
3171,-1e-05,-1e-05,-1e-05,3e-05,0.0,0.0,-2e-05,-1e-05,1
3172,-1e-05,-1e-05,-1e-05,3e-05,0.0,0.0,-2e-05,-1e-05,1
3173,-1e-05,0.0,-1e-05,-3e-05,-4e-05,-1e-05,-3e-05,0.0,1
3174,-1e-05,0.0,-1e-05,-3e-05,-4e-05,-1e-05,-3e-05,0.0,1
3175,-1e-05,0.0,-1e-05,-3e-05,-4e-05,-1e-05,-3e-05,0.0,1
3176,-1e-05,0.0,-1e-05,-3e-05,-4e-05,-1e-05,-3e-05,0.0,1
3177,-1e-05,0.0,-1e-05,-3e-05,-4e-05,-1e-05,-3e-05,0.0,1
3178,-1e-05,0.0,-1e-05,-3e-05,-4e-05,-1e-05,-3e-05,0.0,1
3179,-1e-05,0.0,-1e-05,-3e-05,-4e-05,-1e-05,-3e-05,0.0,1
3180,-1e-05,0.0,-1e-05,-3e-05,-4e-05,-1e-05,-3e-05,0.0,1
3181,-1e-05,0.0,-1e-05,-3e-05,-4e-05,-1e-05,-3e-05,0.0,1
3182,-1e-05,0.0,-1e-05,-3e-05,-4e-05,-1e-05,-3e-05,0.0,1
3183,-1e-05,0.0,-1e-05,-3e-05,-4e-05,-1e-05,-3e-05,0.0,1
3184,-1e-05,0.0,-1e-05,-3e-05,-4e-05,-1e-05,-3e-05,0.0,1
3185,-1e-05,0.0,-1e-05,-3e-05,-4e-05,-1e-05,-3e-05,0.0,1
3186,-1e-05,0.0,-1e-05,-3e-05,-4e-05,-1e-05,-3e-05,0.0,1
3188,-1e-05,0.0,-1e-05,-3e-05,-4e-05,-1e-05,-3e-05,0.0,1
3189,0.0,0.0,2e-05,2e-05,-1e-05,0.0,0.0,0.0,1
3190,0.0,0.0,2e-05,2e-05,-1e-05,0.0,0.0,0.0,1
3191,0.0,0.0,2e-05,2e-05,-1e-05,0.0,0.0,0.0,1
3192,0.0,0.0,2e-05,2e-05,-1e-05,0.0,0.0,0.0,1
3193,0.0,0.0,2e-05,2e-05,-1e-05,0.0,0.0,0.0,1
3194,0.0,0.0,2e-05,2e-05,-1e-05,0.0,0.0,0.0,1
3195,0.0,0.0,2e-05,2e-05,-1e-05,0.0,0.0,0.0,1
3196,0.0,0.0,2e-05,2e-05,-1e-05,0.0,0.0,0.0,1
3197,0.0,0.0,2e-05,2e-05,-1e-05,0.0,0.0,0.0,1
3198,0.0,0.0,2e-05,2e-05,-1e-05,0.0,0.0,0.0,1
3199,0.0,0.0,2e-05,2e-05,-1e-05,0.0,0.0,0.0,1
3200,0.0,0.0,2e-05,2e-05,-1e-05,0.0,0.0,0.0,1
3201,0.0,0.0,2e-05,2e-05,-1e-05,0.0,0.0,0.0,1
3202,0.0,0.0,2e-05,2e-05,-1e-05,0.0,0.0,0.0,1
3203,0.0,0.0,2e-05,2e-05,-1e-05,0.0,0.0,0.0,1
3204,0.0,0.0,2e-05,2e-05,-1e-05,0.0,0.0,0.0,1
3205,-1e-05,-1e-05,-4e-05,-1e-05,-1e-05,-1e-05,-1e-05,0.0,1
3206,-1e-05,-1e-05,-4e-05,-1e-05,-1e-05,-1e-05,-1e-05,0.0,1
3207,-1e-05,-1e-05,-4e-05,-1e-05,-1e-05,-1e-05,-1e-05,0.0,1
3208,-1e-05,-1e-05,-4e-05,-1e-05,-1e-05,-1e-05,-1e-05,0.0,1
3209,-1e-05,-1e-05,-4e-05,-1e-05,-1e-05,-1e-05,-1e-05,0.0,1
3210,-1e-05,-1e-05,-4e-05,-1e-05,-1e-05,-1e-05,-1e-05,0.0,1
3211,-1e-05,-1e-05,-4e-05,-1e-05,-1e-05,-1e-05,-1e-05,0.0,1
3212,-1e-05,-1e-05,-4e-05,-1e-05,-1e-05,-1e-05,-1e-05,0.0,1
3213,-1e-05,-1e-05,-4e-05,-1e-05,-1e-05,-1e-05,-1e-05,0.0,1
3214,-1e-05,-1e-05,-4e-05,-1e-05,-1e-05,-1e-05,-1e-05,0.0,1
3215,-1e-05,-1e-05,-4e-05,-1e-05,-1e-05,-1e-05,-1e-05,0.0,1
3216,-1e-05,-1e-05,-4e-05,-1e-05,-1e-05,-1e-05,-1e-05,0.0,1
3217,-1e-05,-1e-05,-4e-05,-1e-05,-1e-05,-1e-05,-1e-05,0.0,1
3218,-1e-05,-1e-05,-4e-05,-1e-05,-1e-05,-1e-05,-1e-05,0.0,1
3219,-1e-05,-1e-05,-4e-05,-1e-05,-1e-05,-1e-05,-1e-05,0.0,1
3220,-1e-05,-3e-05,-1e-05,0.0,0.0,-1e-05,0.0,0.0,1
3221,-1e-05,-2e-05,1e-05,-1e-05,-2e-05,-1e-05,0.0,-1e-05,1
3222,-1e-05,-2e-05,1e-05,-1e-05,-2e-05,-1e-05,0.0,-1e-05,1
3223,-1e-05,-2e-05,1e-05,-1e-05,-2e-05,-1e-05,0.0,-1e-05,1
3224,-1e-05,-2e-05,1e-05,-1e-05,-2e-05,-1e-05,0.0,-1e-05,1
3225,-1e-05,-2e-05,1e-05,-1e-05,-2e-05,-1e-05,0.0,-1e-05,1
3226,-1e-05,-2e-05,1e-05,-1e-05,-2e-05,-1e-05,0.0,-1e-05,1
3227,-1e-05,-2e-05,1e-05,-1e-05,-2e-05,-1e-05,0.0,-1e-05,1
3228,-1e-05,-2e-05,1e-05,-1e-05,-2e-05,-1e-05,0.0,-1e-05,1
3229,-1e-05,-2e-05,1e-05,-1e-05,-2e-05,-1e-05,0.0,-1e-05,1
3230,-1e-05,-2e-05,1e-05,-1e-05,-2e-05,-1e-05,0.0,-1e-05,1
3231,-1e-05,-2e-05,1e-05,-1e-05,-2e-05,-1e-05,0.0,-1e-05,1
3232,-1e-05,-2e-05,1e-05,-1e-05,-2e-05,-1e-05,0.0,-1e-05,1
3233,-1e-05,-2e-05,1e-05,-1e-05,-2e-05,-1e-05,0.0,-1e-05,1
3234,-1e-05,-2e-05,1e-05,-1e-05,-2e-05,-1e-05,0.0,-1e-05,1
3235,-1e-05,-2e-05,1e-05,-1e-05,-2e-05,-1e-05,0.0,-1e-05,1
3236,-1e-05,-2e-05,1e-05,-1e-05,-2e-05,-1e-05,0.0,-1e-05,1
3238,-1e-05,-2e-05,1e-05,-1e-05,-2e-05,-1e-05,0.0,-1e-05,1
3239,-1e-05,-2e-05,1e-05,-1e-05,-2e-05,-1e-05,0.0,-1e-05,1
3240,-1e-05,-2e-05,1e-05,-1e-05,-2e-05,-1e-05,0.0,-1e-05,1
3241,-1e-05,-2e-05,1e-05,-1e-05,-2e-05,-1e-05,0.0,-1e-05,1
3242,0.0,0.0,-1e-05,-4e-05,-2e-05,-1e-05,0.0,-2e-05,1
3243,-1e-05,0.0,0.0,-4e-05,-1e-05,0.0,-2e-05,-1e-05,1
3244,-1e-05,0.0,0.0,-4e-05,-1e-05,0.0,-2e-05,-1e-05,1
3245,-1e-05,0.0,0.0,-4e-05,-1e-05,0.0,-2e-05,-1e-05,1
3246,-1e-05,0.0,0.0,-4e-05,-1e-05,0.0,-2e-05,-1e-05,1
3247,-1e-05,0.0,0.0,-4e-05,-1e-05,0.0,-2e-05,-1e-05,1
3248,-1e-05,0.0,0.0,-4e-05,-1e-05,0.0,-2e-05,-1e-05,1
3249,-1e-05,0.0,0.0,-4e-05,-1e-05,0.0,-2e-05,-1e-05,1
3250,-1e-05,0.0,0.0,-4e-05,-1e-05,0.0,-2e-05,-1e-05,1
3251,-1e-05,0.0,0.0,-4e-05,-1e-05,0.0,-2e-05,-1e-05,1
3252,-1e-05,0.0,0.0,-4e-05,-1e-05,0.0,-2e-05,-1e-05,1
3253,-1e-05,0.0,0.0,-4e-05,-1e-05,0.0,-2e-05,-1e-05,1
3254,-1e-05,0.0,0.0,-4e-05,-1e-05,0.0,-2e-05,-1e-05,1
3255,-1e-05,0.0,0.0,-4e-05,-1e-05,0.0,-2e-05,-1e-05,1
3256,-2e-05,-4e-05,-4e-05,-6e-05,-3e-05,-2e-05,-2e-05,0.0,1
3257,1e-05,-1e-05,2e-05,0.00012,3e-05,0.0,-2e-05,0.0,1
3258,1e-05,-1e-05,2e-05,0.00012,3e-05,0.0,-2e-05,0.0,1
3259,1e-05,-1e-05,2e-05,0.00012,3e-05,0.0,-2e-05,0.0,1
3260,1e-05,-1e-05,2e-05,0.00012,3e-05,0.0,-2e-05,0.0,1
3261,1e-05,-1e-05,2e-05,0.00012,3e-05,0.0,-2e-05,0.0,1
3262,1e-05,-1e-05,2e-05,0.00012,3e-05,0.0,-2e-05,0.0,1
3263,1e-05,-1e-05,2e-05,0.00012,3e-05,0.0,-2e-05,0.0,1
3264,1e-05,-1e-05,2e-05,0.00012,3e-05,0.0,-2e-05,0.0,1
3265,1e-05,-1e-05,2e-05,0.00012,3e-05,0.0,-2e-05,0.0,1
3266,1e-05,-1e-05,2e-05,0.00012,3e-05,0.0,-2e-05,0.0,1
3267,1e-05,-1e-05,2e-05,0.00012,3e-05,0.0,-2e-05,0.0,1
3268,1e-05,-1e-05,2e-05,0.00012,3e-05,0.0,-2e-05,0.0,1
3269,1e-05,-1e-05,2e-05,0.00012,3e-05,0.0,-2e-05,0.0,1
3270,1e-05,-1e-05,2e-05,0.00012,3e-05,0.0,-2e-05,0.0,1
3271,1e-05,-1e-05,2e-05,0.00012,3e-05,0.0,-2e-05,0.0,1
3272,1e-05,-1e-05,2e-05,0.00012,3e-05,0.0,-2e-05,0.0,1
3273,1e-05,-1e-05,2e-05,0.00012,3e-05,0.0,-2e-05,0.0,1
3274,1e-05,-1e-05,2e-05,0.00012,3e-05,0.0,-2e-05,0.0,1
3275,1e-05,-1e-05,2e-05,0.00012,3e-05,0.0,-2e-05,0.0,1
3276,1e-05,-1e-05,2e-05,0.00012,3e-05,0.0,-2e-05,0.0,1
3277,1e-05,-1e-05,2e-05,0.00012,3e-05,0.0,-2e-05,0.0,1
3278,1e-05,-1e-05,2e-05,0.00012,3e-05,0.0,-2e-05,0.0,1
3279,1e-05,-1e-05,2e-05,0.00012,3e-05,0.0,-2e-05,0.0,1
3280,-2e-05,-1e-05,-2e-05,-2e-05,-3e-05,1e-05,-2e-05,-1e-05,1
3281,-2e-05,-1e-05,-2e-05,-2e-05,-3e-05,1e-05,-2e-05,-1e-05,1
3282,-2e-05,-1e-05,-2e-05,-2e-05,-3e-05,1e-05,-2e-05,-1e-05,1
3283,-2e-05,-1e-05,-2e-05,-2e-05,-3e-05,1e-05,-2e-05,-1e-05,1
3284,-2e-05,-1e-05,-2e-05,-2e-05,-3e-05,1e-05,-2e-05,-1e-05,1
3285,-2e-05,-1e-05,-2e-05,-2e-05,-3e-05,1e-05,-2e-05,-1e-05,1
3286,-2e-05,-1e-05,-2e-05,-2e-05,-3e-05,1e-05,-2e-05,-1e-05,1
3288,-2e-05,-1e-05,-2e-05,-2e-05,-3e-05,1e-05,-2e-05,-1e-05,1
3289,-2e-05,-1e-05,-2e-05,-2e-05,-3e-05,1e-05,-2e-05,-1e-05,1
3290,-2e-05,-1e-05,-2e-05,-2e-05,-3e-05,1e-05,-2e-05,-1e-05,1
3291,-2e-05,-1e-05,-2e-05,-2e-05,-3e-05,1e-05,-2e-05,-1e-05,1
3292,-2e-05,-1e-05,-2e-05,-2e-05,-3e-05,1e-05,-2e-05,-1e-05,1
3293,-2e-05,-1e-05,-2e-05,-2e-05,-3e-05,1e-05,-2e-05,-1e-05,1
3294,-2e-05,-1e-05,-2e-05,-2e-05,-3e-05,1e-05,-2e-05,-1e-05,1
3295,-2e-05,-1e-05,-2e-05,-2e-05,-3e-05,1e-05,-2e-05,-1e-05,1
3296,-2e-05,-1e-05,-2e-05,-2e-05,-3e-05,1e-05,-2e-05,-1e-05,1
3297,-2e-05,-1e-05,-2e-05,-2e-05,-3e-05,1e-05,-2e-05,-1e-05,1
3298,-2e-05,-1e-05,-2e-05,-2e-05,-3e-05,1e-05,-2e-05,-1e-05,1
3299,-2e-05,-1e-05,-2e-05,-2e-05,-3e-05,1e-05,-2e-05,-1e-05,1
3300,-2e-05,-1e-05,-2e-05,-2e-05,-3e-05,1e-05,-2e-05,-1e-05,1
3301,-2e-05,-1e-05,-2e-05,-2e-05,-3e-05,1e-05,-2e-05,-1e-05,1
3302,-2e-05,-1e-05,-2e-05,-2e-05,-3e-05,1e-05,-2e-05,-1e-05,1
3303,-2e-05,-1e-05,-2e-05,-2e-05,-3e-05,1e-05,-2e-05,-1e-05,1
3304,-2e-05,-1e-05,-2e-05,-2e-05,-3e-05,1e-05,-2e-05,-1e-05,1
3305,-2e-05,-1e-05,-2e-05,-2e-05,-3e-05,1e-05,-2e-05,-1e-05,1
3306,-2e-05,-1e-05,-2e-05,-2e-05,-3e-05,1e-05,-2e-05,-1e-05,1
3307,-2e-05,-1e-05,-2e-05,-2e-05,-3e-05,1e-05,-2e-05,-1e-05,1
3308,-2e-05,-1e-05,-2e-05,-2e-05,-3e-05,1e-05,-2e-05,-1e-05,1
3310,-3e-05,-2e-05,-3e-05,-5e-05,0.0,-1e-05,-2e-05,-2e-05,0
3311,-3e-05,-2e-05,-3e-05,-5e-05,0.0,-1e-05,-2e-05,-2e-05,0
3312,-3e-05,-2e-05,-3e-05,-5e-05,0.0,-1e-05,-2e-05,-2e-05,0
3313,-3e-05,-2e-05,-3e-05,-5e-05,0.0,-1e-05,-2e-05,-2e-05,0
3314,-3e-05,-2e-05,-3e-05,-5e-05,0.0,-1e-05,-2e-05,-2e-05,0
3315,-3e-05,-2e-05,-3e-05,-5e-05,0.0,-1e-05,-2e-05,-2e-05,0
3316,-3e-05,-2e-05,-3e-05,-5e-05,0.0,-1e-05,-2e-05,-2e-05,0
3317,-3e-05,-2e-05,-3e-05,-5e-05,0.0,-1e-05,-2e-05,-2e-05,0
3318,-3e-05,-2e-05,-3e-05,-5e-05,0.0,-1e-05,-2e-05,-2e-05,0
3319,-3e-05,-2e-05,-3e-05,-5e-05,0.0,-1e-05,-2e-05,-2e-05,0
3320,-3e-05,-2e-05,-3e-05,-5e-05,0.0,-1e-05,-2e-05,-2e-05,0
3321,-3e-05,-2e-05,-3e-05,-5e-05,0.0,-1e-05,-2e-05,-2e-05,0
3322,-3e-05,-2e-05,-3e-05,-5e-05,0.0,-1e-05,-2e-05,-2e-05,0
3323,-3e-05,-2e-05,-3e-05,-5e-05,0.0,-1e-05,-2e-05,-2e-05,0
3324,-2e-05,-3e-05,-4e-05,-3e-05,0.0,0.0,-1e-05,-1e-05,0
3325,1e-05,0.0,3e-05,7e-05,0.0,-1e-05,0.0,-1e-05,0
3326,1e-05,0.0,3e-05,7e-05,0.0,-1e-05,0.0,-1e-05,0
3327,1e-05,0.0,3e-05,7e-05,0.0,-1e-05,0.0,-1e-05,0
3328,1e-05,0.0,3e-05,7e-05,0.0,-1e-05,0.0,-1e-05,0
3329,1e-05,0.0,3e-05,7e-05,0.0,-1e-05,0.0,-1e-05,0
3330,1e-05,0.0,3e-05,7e-05,0.0,-1e-05,0.0,-1e-05,0
3331,1e-05,0.0,3e-05,7e-05,0.0,-1e-05,0.0,-1e-05,0
3332,1e-05,0.0,3e-05,7e-05,0.0,-1e-05,0.0,-1e-05,0
3333,1e-05,0.0,3e-05,7e-05,0.0,-1e-05,0.0,-1e-05,0
3334,1e-05,0.0,3e-05,7e-05,0.0,-1e-05,0.0,-1e-05,0
3335,1e-05,0.0,3e-05,7e-05,0.0,-1e-05,0.0,-1e-05,0
3336,1e-05,0.0,3e-05,7e-05,0.0,-1e-05,0.0,-1e-05,0
3338,1e-05,0.0,3e-05,7e-05,0.0,-1e-05,0.0,-1e-05,0
3339,-3e-05,-2e-05,0.0,-1e-05,-1e-05,0.0,-2e-05,0.0,0
3340,-3e-05,-2e-05,0.0,-1e-05,-1e-05,0.0,-2e-05,0.0,0
3341,-3e-05,-2e-05,0.0,-1e-05,-1e-05,0.0,-2e-05,0.0,0
3342,-3e-05,-2e-05,0.0,-1e-05,-1e-05,0.0,-2e-05,0.0,0
3343,-3e-05,-2e-05,0.0,-1e-05,-1e-05,0.0,-2e-05,0.0,0
3344,-3e-05,-2e-05,0.0,-1e-05,-1e-05,0.0,-2e-05,0.0,0
3345,-3e-05,-2e-05,0.0,-1e-05,-1e-05,0.0,-2e-05,0.0,0
3346,-2e-05,1e-05,-2e-05,-5e-05,0.0,-2e-05,-2e-05,-2e-05,0
3347,-2e-05,1e-05,-2e-05,-5e-05,0.0,-2e-05,-2e-05,-2e-05,0
3348,-2e-05,1e-05,-2e-05,-5e-05,0.0,-2e-05,-2e-05,-2e-05,0
3349,-2e-05,1e-05,-2e-05,-5e-05,0.0,-2e-05,-2e-05,-2e-05,0
3350,-2e-05,1e-05,-2e-05,-5e-05,0.0,-2e-05,-2e-05,-2e-05,0
3351,-2e-05,1e-05,-2e-05,-5e-05,0.0,-2e-05,-2e-05,-2e-05,0
3352,-2e-05,1e-05,-2e-05,-5e-05,0.0,-2e-05,-2e-05,-2e-05,0
3353,-2e-05,1e-05,-2e-05,-5e-05,0.0,-2e-05,-2e-05,-2e-05,0
3354,-2e-05,1e-05,-2e-05,-5e-05,0.0,-2e-05,-2e-05,-2e-05,0
3355,-2e-05,1e-05,-2e-05,-5e-05,0.0,-2e-05,-2e-05,-2e-05,0
3356,-2e-05,1e-05,-2e-05,-5e-05,0.0,-2e-05,-2e-05,-2e-05,0
3357,-2e-05,1e-05,-2e-05,-5e-05,0.0,-2e-05,-2e-05,-2e-05,0
3358,-2e-05,1e-05,-2e-05,-5e-05,0.0,-2e-05,-2e-05,-2e-05,0
3359,-2e-05,1e-05,-2e-05,-5e-05,0.0,-2e-05,-2e-05,-2e-05,0
3360,-2e-05,1e-05,-2e-05,-5e-05,0.0,-2e-05,-2e-05,-2e-05,0
3361,-2e-05,1e-05,-2e-05,-5e-05,0.0,-2e-05,-2e-05,-2e-05,0
3362,0.0,-1e-05,2e-05,2e-05,0.0,-1e-05,-1e-05,-3e-05,0
3363,0.0,-3e-05,-3e-05,-4e-05,-2e-05,-1e-05,0.0,1e-05,0
3364,0.0,-3e-05,-3e-05,-4e-05,-2e-05,-1e-05,0.0,1e-05,0
3365,0.0,-3e-05,-3e-05,-4e-05,-2e-05,-1e-05,0.0,1e-05,0
3366,0.0,-3e-05,-3e-05,-4e-05,-2e-05,-1e-05,0.0,1e-05,0
3367,0.0,-3e-05,-3e-05,-4e-05,-2e-05,-1e-05,0.0,1e-05,0
3368,0.0,-3e-05,-3e-05,-4e-05,-2e-05,-1e-05,0.0,1e-05,0
3369,0.0,-3e-05,-3e-05,-4e-05,-2e-05,-1e-05,0.0,1e-05,0
3370,0.0,-3e-05,-3e-05,-4e-05,-2e-05,-1e-05,0.0,1e-05,0
3371,0.0,-3e-05,-3e-05,-4e-05,-2e-05,-1e-05,0.0,1e-05,0
3372,0.0,-3e-05,-3e-05,-4e-05,-2e-05,-1e-05,0.0,1e-05,0
3373,0.0,-3e-05,-3e-05,-4e-05,-2e-05,-1e-05,0.0,1e-05,0
3374,0.0,-3e-05,-3e-05,-4e-05,-2e-05,-1e-05,0.0,1e-05,0
3375,0.0,-3e-05,-3e-05,-4e-05,-2e-05,-1e-05,0.0,1e-05,0
3376,-2e-05,-4e-05,-2e-05,-4e-05,-1e-05,-1e-05,-2e-05,-1e-05,0
3377,1e-05,1e-05,4e-05,0.00011,3e-05,0.0,0.0,-1e-05,0
3378,1e-05,1e-05,4e-05,0.00011,3e-05,0.0,0.0,-1e-05,0
3379,1e-05,1e-05,4e-05,0.00011,3e-05,0.0,0.0,-1e-05,0
3380,1e-05,1e-05,4e-05,0.00011,3e-05,0.0,0.0,-1e-05,0
3381,1e-05,1e-05,4e-05,0.00011,3e-05,0.0,0.0,-1e-05,0
3382,1e-05,1e-05,4e-05,0.00011,3e-05,0.0,0.0,-1e-05,0
3383,1e-05,1e-05,4e-05,0.00011,3e-05,0.0,0.0,-1e-05,0
3384,1e-05,1e-05,4e-05,0.00011,3e-05,0.0,0.0,-1e-05,0
3385,1e-05,1e-05,4e-05,0.00011,3e-05,0.0,0.0,-1e-05,0
3386,1e-05,1e-05,4e-05,0.00011,3e-05,0.0,0.0,-1e-05,0
3388,1e-05,1e-05,4e-05,0.00011,3e-05,0.0,0.0,-1e-05,0
3389,1e-05,1e-05,4e-05,0.00011,3e-05,0.0,0.0,-1e-05,0
3390,1e-05,1e-05,4e-05,0.00011,3e-05,0.0,0.0,-1e-05,0
3391,1e-05,1e-05,4e-05,0.00011,3e-05,0.0,0.0,-1e-05,0
3392,1e-05,1e-05,4e-05,0.00011,3e-05,0.0,0.0,-1e-05,0
3393,1e-05,1e-05,4e-05,0.00011,3e-05,0.0,0.0,-1e-05,0
3394,1e-05,1e-05,4e-05,0.00011,3e-05,0.0,0.0,-1e-05,0
3395,1e-05,1e-05,4e-05,0.00011,3e-05,0.0,0.0,-1e-05,0
3396,1e-05,1e-05,4e-05,0.00011,3e-05,0.0,0.0,-1e-05,0
3397,1e-05,1e-05,4e-05,0.00011,3e-05,0.0,0.0,-1e-05,0
3398,1e-05,1e-05,4e-05,0.00011,3e-05,0.0,0.0,-1e-05,0
3399,1e-05,1e-05,4e-05,0.00011,3e-05,0.0,0.0,-1e-05,0
3400,2e-05,1e-05,0.0,-5e-05,-1e-05,0.0,0.0,-1e-05,0
3401,2e-05,1e-05,0.0,-5e-05,-1e-05,0.0,0.0,-1e-05,0
3402,2e-05,1e-05,0.0,-5e-05,-1e-05,0.0,0.0,-1e-05,0
3403,2e-05,1e-05,0.0,-5e-05,-1e-05,0.0,0.0,-1e-05,0
3404,2e-05,1e-05,0.0,-5e-05,-1e-05,0.0,0.0,-1e-05,0
3405,2e-05,1e-05,0.0,-5e-05,-1e-05,0.0,0.0,-1e-05,0
3406,2e-05,1e-05,0.0,-5e-05,-1e-05,0.0,0.0,-1e-05,0
3407,2e-05,1e-05,0.0,-5e-05,-1e-05,0.0,0.0,-1e-05,0
3408,2e-05,1e-05,0.0,-5e-05,-1e-05,0.0,0.0,-1e-05,0
3409,2e-05,1e-05,0.0,-5e-05,-1e-05,0.0,0.0,-1e-05,0
3410,2e-05,1e-05,0.0,-5e-05,-1e-05,0.0,0.0,-1e-05,0
3411,2e-05,1e-05,0.0,-5e-05,-1e-05,0.0,0.0,-1e-05,0
3412,2e-05,1e-05,0.0,-5e-05,-1e-05,0.0,0.0,-1e-05,0
3413,2e-05,1e-05,0.0,-5e-05,-1e-05,0.0,0.0,-1e-05,0
3414,2e-05,1e-05,0.0,-5e-05,-1e-05,0.0,0.0,-1e-05,0
3415,2e-05,1e-05,0.0,-5e-05,-1e-05,0.0,0.0,-1e-05,0
3416,2e-05,1e-05,0.0,-5e-05,-1e-05,0.0,0.0,-1e-05,0
3417,2e-05,1e-05,0.0,-5e-05,-1e-05,0.0,0.0,-1e-05,0
3418,2e-05,1e-05,0.0,-5e-05,-1e-05,0.0,0.0,-1e-05,0
3419,2e-05,1e-05,0.0,-5e-05,-1e-05,0.0,0.0,-1e-05,0
3420,2e-05,1e-05,0.0,-5e-05,-1e-05,0.0,0.0,-1e-05,0
3421,2e-05,1e-05,0.0,-5e-05,-1e-05,0.0,0.0,-1e-05,0
3422,-1e-05,3e-05,4e-05,1e-05,0.0,-1e-05,-1e-05,-3e-05,0
3423,-3e-05,-1e-05,-3e-05,-5e-05,-2e-05,0.0,-2e-05,-2e-05,0
3424,-3e-05,-1e-05,-3e-05,-5e-05,-2e-05,0.0,-2e-05,-2e-05,0
3425,-3e-05,-1e-05,-3e-05,-5e-05,-2e-05,0.0,-2e-05,-2e-05,0
3426,-3e-05,-1e-05,-3e-05,-5e-05,-2e-05,0.0,-2e-05,-2e-05,0
3427,-3e-05,-1e-05,-3e-05,-5e-05,-2e-05,0.0,-2e-05,-2e-05,0
3428,-3e-05,-1e-05,-3e-05,-5e-05,-2e-05,0.0,-2e-05,-2e-05,0
3429,-3e-05,-1e-05,-3e-05,-5e-05,-2e-05,0.0,-2e-05,-2e-05,0
3430,-3e-05,-1e-05,-3e-05,-5e-05,-2e-05,0.0,-2e-05,-2e-05,0
3431,-3e-05,-1e-05,-3e-05,-5e-05,-2e-05,0.0,-2e-05,-2e-05,0
3432,-3e-05,-1e-05,-3e-05,-5e-05,-2e-05,0.0,-2e-05,-2e-05,0
3433,-3e-05,-1e-05,-3e-05,-5e-05,-2e-05,0.0,-2e-05,-2e-05,0
3434,-3e-05,-1e-05,-3e-05,-5e-05,-2e-05,0.0,-2e-05,-2e-05,0
3435,-3e-05,-1e-05,-3e-05,-5e-05,-2e-05,0.0,-2e-05,-2e-05,0
3436,0.0,1e-05,0.0,1e-05,1e-05,1e-05,-1e-05,1e-05,0
3438,0.0,0.0,1e-05,-5e-05,-2e-05,-2e-05,1e-05,-1e-05,0
3439,0.0,0.0,1e-05,-5e-05,-2e-05,-2e-05,1e-05,-1e-05,0
3440,0.0,0.0,1e-05,-5e-05,-2e-05,-2e-05,1e-05,-1e-05,0
3441,0.0,0.0,1e-05,-5e-05,-2e-05,-2e-05,1e-05,-1e-05,0
3442,0.0,0.0,1e-05,-5e-05,-2e-05,-2e-05,1e-05,-1e-05,0
3443,0.0,0.0,1e-05,-5e-05,-2e-05,-2e-05,1e-05,-1e-05,0
3444,0.0,0.0,1e-05,-5e-05,-2e-05,-2e-05,1e-05,-1e-05,0
3445,0.0,0.0,1e-05,-5e-05,-2e-05,-2e-05,1e-05,-1e-05,0
3446,0.0,0.0,1e-05,-5e-05,-2e-05,-2e-05,1e-05,-1e-05,0
3447,0.0,0.0,1e-05,-5e-05,-2e-05,-2e-05,1e-05,-1e-05,0
3448,0.0,0.0,1e-05,-5e-05,-2e-05,-2e-05,1e-05,-1e-05,0
3449,0.0,0.0,1e-05,-5e-05,-2e-05,-2e-05,1e-05,-1e-05,0
3450,0.0,0.0,1e-05,-5e-05,-2e-05,-2e-05,1e-05,-1e-05,0
3451,0.0,0.0,1e-05,-5e-05,-2e-05,-2e-05,1e-05,-1e-05,0
3452,0.0,0.0,1e-05,-5e-05,-2e-05,-2e-05,1e-05,-1e-05,0
3453,0.0,0.0,1e-05,-5e-05,-2e-05,-2e-05,1e-05,-1e-05,0
3454,0.0,0.0,1e-05,-5e-05,-2e-05,-2e-05,1e-05,-1e-05,0
3455,0.0,0.0,1e-05,-5e-05,-2e-05,-2e-05,1e-05,-1e-05,0
3456,0.0,0.0,1e-05,-5e-05,-2e-05,-2e-05,1e-05,-1e-05,0
3457,0.0,0.0,1e-05,-5e-05,-2e-05,-2e-05,1e-05,-1e-05,0
3458,0.0,0.0,1e-05,-5e-05,-2e-05,-2e-05,1e-05,-1e-05,0
3459,2e-05,4e-05,4e-05,-9e-05,0.0,-3e-05,-3e-05,-1e-05,0
3460,-1e-05,1e-05,0.0,-2e-05,-1e-05,0.0,-3e-05,-1e-05,0
3461,-1e-05,1e-05,0.0,-2e-05,-1e-05,0.0,-3e-05,-1e-05,0
3462,-1e-05,1e-05,0.0,-2e-05,-1e-05,0.0,-3e-05,-1e-05,0
3463,-1e-05,1e-05,0.0,-2e-05,-1e-05,0.0,-3e-05,-1e-05,0
3464,-1e-05,1e-05,0.0,-2e-05,-1e-05,0.0,-3e-05,-1e-05,0
3465,-1e-05,1e-05,0.0,-2e-05,-1e-05,0.0,-3e-05,-1e-05,0
3466,-1e-05,1e-05,0.0,-2e-05,-1e-05,0.0,-3e-05,-1e-05,0
3467,-1e-05,1e-05,0.0,-2e-05,-1e-05,0.0,-3e-05,-1e-05,0
3468,-1e-05,1e-05,0.0,-2e-05,-1e-05,0.0,-3e-05,-1e-05,0
3469,-1e-05,1e-05,0.0,-2e-05,-1e-05,0.0,-3e-05,-1e-05,0
3470,-1e-05,1e-05,0.0,-2e-05,-1e-05,0.0,-3e-05,-1e-05,0
3471,-1e-05,1e-05,0.0,-2e-05,-1e-05,0.0,-3e-05,-1e-05,0
3472,-1e-05,1e-05,0.0,-2e-05,-1e-05,0.0,-3e-05,-1e-05,0
3473,-1e-05,1e-05,0.0,-2e-05,-1e-05,0.0,-3e-05,-1e-05,0
3474,-1e-05,1e-05,0.0,-2e-05,-1e-05,0.0,-3e-05,-1e-05,0
3475,-1e-05,1e-05,0.0,-2e-05,-1e-05,0.0,-3e-05,-1e-05,0
3476,-1e-05,1e-05,0.0,-2e-05,-1e-05,0.0,-3e-05,-1e-05,0
3477,-1e-05,1e-05,0.0,-2e-05,-1e-05,0.0,-3e-05,-1e-05,0
3478,-1e-05,1e-05,0.0,-2e-05,-1e-05,0.0,-3e-05,-1e-05,0
3479,-1e-05,1e-05,0.0,-2e-05,-1e-05,0.0,-3e-05,-1e-05,0
3480,-1e-05,1e-05,0.0,-2e-05,-1e-05,0.0,-3e-05,-1e-05,0
3481,-1e-05,1e-05,0.0,-2e-05,-1e-05,0.0,-3e-05,-1e-05,0
3482,-1e-05,1e-05,0.0,-2e-05,-1e-05,0.0,-3e-05,-1e-05,0
3483,-3e-05,-4e-05,-3e-05,-1e-05,0.0,-1e-05,-1e-05,-1e-05,0
3484,-3e-05,-4e-05,-3e-05,-1e-05,0.0,-1e-05,-1e-05,-1e-05,0
3485,-3e-05,-4e-05,-3e-05,-1e-05,0.0,-1e-05,-1e-05,-1e-05,0
3486,-3e-05,-4e-05,-3e-05,-1e-05,0.0,-1e-05,-1e-05,-1e-05,0
3488,-3e-05,-4e-05,-3e-05,-1e-05,0.0,-1e-05,-1e-05,-1e-05,0
3489,-3e-05,-4e-05,-3e-05,-1e-05,0.0,-1e-05,-1e-05,-1e-05,0
3490,-3e-05,-4e-05,-3e-05,-1e-05,0.0,-1e-05,-1e-05,-1e-05,0
3491,-3e-05,-4e-05,-3e-05,-1e-05,0.0,-1e-05,-1e-05,-1e-05,0
3492,-3e-05,-4e-05,-3e-05,-1e-05,0.0,-1e-05,-1e-05,-1e-05,0
3493,-3e-05,-4e-05,-3e-05,-1e-05,0.0,-1e-05,-1e-05,-1e-05,0
3494,-3e-05,-4e-05,-3e-05,-1e-05,0.0,-1e-05,-1e-05,-1e-05,0
3495,-3e-05,-4e-05,-3e-05,-1e-05,0.0,-1e-05,-1e-05,-1e-05,0
3496,-3e-05,-4e-05,-3e-05,-1e-05,0.0,-1e-05,-1e-05,-1e-05,0
3497,-1e-05,0.0,-2e-05,-2e-05,0.0,1e-05,0.0,-1e-05,0
3498,-1e-05,0.0,-2e-05,-2e-05,0.0,1e-05,0.0,-1e-05,0
3499,-1e-05,0.0,-2e-05,-2e-05,0.0,1e-05,0.0,-1e-05,0
3500,-1e-05,0.0,-2e-05,-2e-05,0.0,1e-05,0.0,-1e-05,0
3501,-1e-05,0.0,-2e-05,-2e-05,0.0,1e-05,0.0,-1e-05,0
3502,-1e-05,0.0,-2e-05,-2e-05,0.0,1e-05,0.0,-1e-05,0
3503,-1e-05,0.0,-2e-05,-2e-05,0.0,1e-05,0.0,-1e-05,0
3504,1e-05,-3e-05,-1e-05,-1e-05,-2e-05,-1e-05,0.0,0.0,0
3505,1e-05,-3e-05,-1e-05,-1e-05,-2e-05,-1e-05,0.0,0.0,0
3506,1e-05,-3e-05,-1e-05,-1e-05,-2e-05,-1e-05,0.0,0.0,0
3507,1e-05,-3e-05,-1e-05,-1e-05,-2e-05,-1e-05,0.0,0.0,0
3508,1e-05,-3e-05,-1e-05,-1e-05,-2e-05,-1e-05,0.0,0.0,0
3509,1e-05,-3e-05,-1e-05,-1e-05,-2e-05,-1e-05,0.0,0.0,0
3510,1e-05,-3e-05,-1e-05,-1e-05,-2e-05,-1e-05,0.0,0.0,0
3511,1e-05,-3e-05,-1e-05,-1e-05,-2e-05,-1e-05,0.0,0.0,0
3512,1e-05,-3e-05,-1e-05,-1e-05,-2e-05,-1e-05,0.0,0.0,0
3513,1e-05,-3e-05,-1e-05,-1e-05,-2e-05,-1e-05,0.0,0.0,0
3514,1e-05,-3e-05,-1e-05,-1e-05,-2e-05,-1e-05,0.0,0.0,0
3515,1e-05,-3e-05,-1e-05,-1e-05,-2e-05,-1e-05,0.0,0.0,0
3516,1e-05,-3e-05,-1e-05,-1e-05,-2e-05,-1e-05,0.0,0.0,0
3517,1e-05,-3e-05,-1e-05,-1e-05,-2e-05,-1e-05,0.0,0.0,0
3518,1e-05,-3e-05,-1e-05,-1e-05,-2e-05,-1e-05,0.0,0.0,0
3519,-1e-05,-2e-05,0.0,-2e-05,-1e-05,1e-05,-1e-05,0.0,0
3520,0.0,-2e-05,0.0,3e-05,1e-05,0.0,-1e-05,0.0,0
3521,0.0,-2e-05,0.0,3e-05,1e-05,0.0,-1e-05,0.0,0
3522,0.0,-2e-05,0.0,3e-05,1e-05,0.0,-1e-05,0.0,0
3523,0.0,-2e-05,0.0,3e-05,1e-05,0.0,-1e-05,0.0,0
3524,0.0,-2e-05,0.0,3e-05,1e-05,0.0,-1e-05,0.0,0
3525,0.0,-2e-05,0.0,3e-05,1e-05,0.0,-1e-05,0.0,0
3526,0.0,-2e-05,0.0,3e-05,1e-05,0.0,-1e-05,0.0,0
3527,0.0,-2e-05,0.0,3e-05,1e-05,0.0,-1e-05,0.0,0
3528,0.0,-2e-05,0.0,3e-05,1e-05,0.0,-1e-05,0.0,0
3529,0.0,-2e-05,0.0,3e-05,1e-05,0.0,-1e-05,0.0,0
3530,0.0,-2e-05,0.0,3e-05,1e-05,0.0,-1e-05,0.0,0
3531,0.0,-2e-05,0.0,3e-05,1e-05,0.0,-1e-05,0.0,0
3532,0.0,-2e-05,0.0,3e-05,1e-05,0.0,-1e-05,0.0,0
3533,0.0,-2e-05,0.0,3e-05,1e-05,0.0,-1e-05,0.0,0
3534,0.0,-2e-05,0.0,3e-05,1e-05,0.0,-1e-05,0.0,0
3535,0.0,-2e-05,0.0,3e-05,1e-05,0.0,-1e-05,0.0,0
3536,0.0,-2e-05,0.0,3e-05,1e-05,0.0,-1e-05,0.0,0
3538,0.0,-2e-05,0.0,3e-05,1e-05,0.0,-1e-05,0.0,0
3539,0.0,-2e-05,0.0,3e-05,1e-05,0.0,-1e-05,0.0,0
3540,0.0,-2e-05,0.0,3e-05,1e-05,0.0,-1e-05,0.0,0
3541,0.0,-2e-05,0.0,3e-05,1e-05,0.0,-1e-05,0.0,0
3542,0.0,-2e-05,0.0,3e-05,1e-05,0.0,-1e-05,0.0,0
3543,-2e-05,-6e-05,-5e-05,-8e-05,-2e-05,-1e-05,-1e-05,-1e-05,0
3544,-1e-05,1e-05,-1e-05,-3e-05,-3e-05,-2e-05,0.0,-1e-05,0
3545,-1e-05,1e-05,-1e-05,-3e-05,-3e-05,-2e-05,0.0,-1e-05,0
3546,-1e-05,1e-05,-1e-05,-3e-05,-3e-05,-2e-05,0.0,-1e-05,0
3547,-1e-05,1e-05,-1e-05,-3e-05,-3e-05,-2e-05,0.0,-1e-05,0
3548,-1e-05,1e-05,-1e-05,-3e-05,-3e-05,-2e-05,0.0,-1e-05,0
3549,-1e-05,1e-05,-1e-05,-3e-05,-3e-05,-2e-05,0.0,-1e-05,0
3550,-1e-05,1e-05,-1e-05,-3e-05,-3e-05,-2e-05,0.0,-1e-05,0
3551,-1e-05,1e-05,-1e-05,-3e-05,-3e-05,-2e-05,0.0,-1e-05,0
3552,-1e-05,1e-05,-1e-05,-3e-05,-3e-05,-2e-05,0.0,-1e-05,0
3553,-1e-05,1e-05,-1e-05,-3e-05,-3e-05,-2e-05,0.0,-1e-05,0
3554,-1e-05,1e-05,-1e-05,-3e-05,-3e-05,-2e-05,0.0,-1e-05,0
3555,-1e-05,1e-05,-1e-05,-3e-05,-3e-05,-2e-05,0.0,-1e-05,0
3556,-1e-05,1e-05,-1e-05,-3e-05,-3e-05,-2e-05,0.0,-1e-05,0
3557,-1e-05,1e-05,-1e-05,-3e-05,-3e-05,-2e-05,0.0,-1e-05,0
3558,-1e-05,1e-05,-1e-05,-3e-05,-3e-05,-2e-05,0.0,-1e-05,0
3559,-1e-05,1e-05,-1e-05,-3e-05,-3e-05,-2e-05,0.0,-1e-05,0
3560,-1e-05,1e-05,-1e-05,-3e-05,-3e-05,-2e-05,0.0,-1e-05,0
3561,-1e-05,1e-05,-1e-05,-3e-05,-3e-05,-2e-05,0.0,-1e-05,0
3562,-1e-05,1e-05,-1e-05,-3e-05,-3e-05,-2e-05,0.0,-1e-05,0
3563,-1e-05,1e-05,-1e-05,-3e-05,-3e-05,-2e-05,0.0,-1e-05,0
3564,-3e-05,-3e-05,-1e-05,-2e-05,-1e-05,0.0,-1e-05,0.0,0
3565,-1e-05,0.0,-1e-05,-4e-05,-3e-05,0.0,-3e-05,-1e-05,0
3566,-1e-05,0.0,-1e-05,-4e-05,-3e-05,0.0,-3e-05,-1e-05,0
3567,-1e-05,0.0,-1e-05,-4e-05,-3e-05,0.0,-3e-05,-1e-05,0
3568,-1e-05,0.0,-1e-05,-4e-05,-3e-05,0.0,-3e-05,-1e-05,0
3569,-1e-05,0.0,-1e-05,-4e-05,-3e-05,0.0,-3e-05,-1e-05,0
3570,-1e-05,0.0,-1e-05,-4e-05,-3e-05,0.0,-3e-05,-1e-05,0
3571,-1e-05,0.0,-1e-05,-4e-05,-3e-05,0.0,-3e-05,-1e-05,0
3572,-1e-05,0.0,-1e-05,-4e-05,-3e-05,0.0,-3e-05,-1e-05,0
3573,-1e-05,0.0,-1e-05,-4e-05,-3e-05,0.0,-3e-05,-1e-05,0
3574,-1e-05,0.0,-1e-05,-4e-05,-3e-05,0.0,-3e-05,-1e-05,0
3575,-1e-05,0.0,-1e-05,-4e-05,-3e-05,0.0,-3e-05,-1e-05,0
3576,-1e-05,0.0,-1e-05,-4e-05,-3e-05,0.0,-3e-05,-1e-05,0
3577,-1e-05,0.0,-1e-05,-4e-05,-3e-05,0.0,-3e-05,-1e-05,0
3578,-1e-05,0.0,-1e-05,-4e-05,-3e-05,0.0,-3e-05,-1e-05,0
3579,-1e-05,0.0,-1e-05,-4e-05,-3e-05,0.0,-3e-05,-1e-05,0
3580,-3e-05,-2e-05,-3e-05,-5e-05,-2e-05,-2e-05,-2e-05,-1e-05,0
3581,-3e-05,-2e-05,-3e-05,-5e-05,-2e-05,-2e-05,-2e-05,-1e-05,0
3582,-3e-05,-2e-05,-3e-05,-5e-05,-2e-05,-2e-05,-2e-05,-1e-05,0
3583,-3e-05,-2e-05,-3e-05,-5e-05,-2e-05,-2e-05,-2e-05,-1e-05,0
3584,-3e-05,-2e-05,-3e-05,-5e-05,-2e-05,-2e-05,-2e-05,-1e-05,0
3585,-3e-05,-2e-05,-3e-05,-5e-05,-2e-05,-2e-05,-2e-05,-1e-05,0
3586,-3e-05,-2e-05,-3e-05,-5e-05,-2e-05,-2e-05,-2e-05,-1e-05,0
3589,-1e-05,-2e-05,-2e-05,2e-05,1e-05,-2e-05,-1e-05,-1e-05,0
3590,-1e-05,-2e-05,-2e-05,2e-05,1e-05,-2e-05,-1e-05,-1e-05,0
3591,-1e-05,-2e-05,-2e-05,2e-05,1e-05,-2e-05,-1e-05,-1e-05,0
3592,-1e-05,-2e-05,-2e-05,2e-05,1e-05,-2e-05,-1e-05,-1e-05,0
3593,-1e-05,-2e-05,-2e-05,2e-05,1e-05,-2e-05,-1e-05,-1e-05,0
3594,-1e-05,-2e-05,-2e-05,2e-05,1e-05,-2e-05,-1e-05,-1e-05,0
3595,-1e-05,-2e-05,-2e-05,2e-05,1e-05,-2e-05,-1e-05,-1e-05,0
3596,-1e-05,-2e-05,-2e-05,2e-05,1e-05,-2e-05,-1e-05,-1e-05,0
3597,-1e-05,-2e-05,-2e-05,2e-05,1e-05,-2e-05,-1e-05,-1e-05,0
3598,-1e-05,-2e-05,-2e-05,2e-05,1e-05,-2e-05,-1e-05,-1e-05,0
3599,-1e-05,-2e-05,-2e-05,2e-05,1e-05,-2e-05,-1e-05,-1e-05,0
3600,-1e-05,-2e-05,-2e-05,2e-05,1e-05,-2e-05,-1e-05,-1e-05,0
3601,-1e-05,-2e-05,-2e-05,2e-05,1e-05,-2e-05,-1e-05,-1e-05,0
3602,-1e-05,-2e-05,-4e-05,-3e-05,-1e-05,-1e-05,-1e-05,0.0,0
3603,-3e-05,-4e-05,-3e-05,1e-05,0.0,1e-05,0.0,-1e-05,0
3604,-3e-05,-4e-05,-3e-05,1e-05,0.0,1e-05,0.0,-1e-05,0
3605,-3e-05,-4e-05,-3e-05,1e-05,0.0,1e-05,0.0,-1e-05,0
3606,-3e-05,-4e-05,-3e-05,1e-05,0.0,1e-05,0.0,-1e-05,0
3607,-3e-05,-4e-05,-3e-05,1e-05,0.0,1e-05,0.0,-1e-05,0
3608,-3e-05,-4e-05,-3e-05,1e-05,0.0,1e-05,0.0,-1e-05,0
3609,-3e-05,-4e-05,-3e-05,1e-05,0.0,1e-05,0.0,-1e-05,0
3610,-3e-05,-4e-05,-3e-05,1e-05,0.0,1e-05,0.0,-1e-05,0
3611,-3e-05,-4e-05,-3e-05,1e-05,0.0,1e-05,0.0,-1e-05,0
3612,-3e-05,-4e-05,-3e-05,1e-05,0.0,1e-05,0.0,-1e-05,0
3613,-3e-05,-4e-05,-3e-05,1e-05,0.0,1e-05,0.0,-1e-05,0
3614,-3e-05,-4e-05,-3e-05,1e-05,0.0,1e-05,0.0,-1e-05,0
3615,-3e-05,-4e-05,-3e-05,1e-05,0.0,1e-05,0.0,-1e-05,0
3616,-3e-05,-4e-05,-3e-05,1e-05,0.0,1e-05,0.0,-1e-05,0
3617,-3e-05,-4e-05,-3e-05,1e-05,0.0,1e-05,0.0,-1e-05,0
3618,-3e-05,-4e-05,-3e-05,1e-05,0.0,1e-05,0.0,-1e-05,0
3619,-3e-05,-4e-05,-3e-05,1e-05,0.0,1e-05,0.0,-1e-05,0
3620,-3e-05,-4e-05,-3e-05,1e-05,0.0,1e-05,0.0,-1e-05,0
3621,-3e-05,-4e-05,-3e-05,1e-05,0.0,1e-05,0.0,-1e-05,0
3622,-3e-05,-4e-05,-3e-05,1e-05,0.0,1e-05,0.0,-1e-05,0
3623,-3e-05,-4e-05,-3e-05,1e-05,0.0,1e-05,0.0,-1e-05,0
3624,0.0,-2e-05,-2e-05,0.0,-3e-05,0.0,1e-05,-2e-05,0
3625,1e-05,1e-05,3e-05,3e-05,0.0,-1e-05,0.0,-1e-05,0
3626,1e-05,1e-05,3e-05,3e-05,0.0,-1e-05,0.0,-1e-05,0
3627,1e-05,1e-05,3e-05,3e-05,0.0,-1e-05,0.0,-1e-05,0
3628,1e-05,1e-05,3e-05,3e-05,0.0,-1e-05,0.0,-1e-05,0
3629,1e-05,1e-05,3e-05,3e-05,0.0,-1e-05,0.0,-1e-05,0
3630,1e-05,1e-05,3e-05,3e-05,0.0,-1e-05,0.0,-1e-05,0
3631,1e-05,1e-05,3e-05,3e-05,0.0,-1e-05,0.0,-1e-05,0
3632,1e-05,1e-05,3e-05,3e-05,0.0,-1e-05,0.0,-1e-05,0
3633,1e-05,1e-05,3e-05,3e-05,0.0,-1e-05,0.0,-1e-05,0
3634,1e-05,1e-05,3e-05,3e-05,0.0,-1e-05,0.0,-1e-05,0
3635,1e-05,1e-05,3e-05,3e-05,0.0,-1e-05,0.0,-1e-05,0
3636,1e-05,1e-05,3e-05,3e-05,0.0,-1e-05,0.0,-1e-05,0
3638,1e-05,1e-05,3e-05,3e-05,0.0,-1e-05,0.0,-1e-05,0
3639,1e-05,1e-05,3e-05,3e-05,0.0,-1e-05,0.0,-1e-05,0
3640,-2e-05,-1e-05,-1e-05,-2e-05,-2e-05,-1e-05,-2e-05,-2e-05,0
3641,-2e-05,-1e-05,-1e-05,-2e-05,-2e-05,-1e-05,-2e-05,-2e-05,0
3642,-2e-05,-1e-05,-1e-05,-2e-05,-2e-05,-1e-05,-2e-05,-2e-05,0
3643,-2e-05,-1e-05,-1e-05,-2e-05,-2e-05,-1e-05,-2e-05,-2e-05,0
3644,-2e-05,-1e-05,-1e-05,-2e-05,-2e-05,-1e-05,-2e-05,-2e-05,0
3645,-2e-05,-1e-05,-1e-05,-2e-05,-2e-05,-1e-05,-2e-05,-2e-05,0
3646,-2e-05,-1e-05,-1e-05,-2e-05,-2e-05,-1e-05,-2e-05,-2e-05,0
3647,-2e-05,-1e-05,-1e-05,-2e-05,-2e-05,-1e-05,-2e-05,-2e-05,0
3648,-2e-05,-1e-05,-1e-05,-2e-05,-2e-05,-1e-05,-2e-05,-2e-05,0
3649,-2e-05,-1e-05,-1e-05,-2e-05,-2e-05,-1e-05,-2e-05,-2e-05,0
3650,-2e-05,-1e-05,-1e-05,-2e-05,-2e-05,-1e-05,-2e-05,-2e-05,0
3651,-2e-05,-1e-05,-1e-05,-2e-05,-2e-05,-1e-05,-2e-05,-2e-05,0
3652,-2e-05,-1e-05,-1e-05,-2e-05,-2e-05,-1e-05,-2e-05,-2e-05,0
3653,-2e-05,-1e-05,-1e-05,-2e-05,-2e-05,-1e-05,-2e-05,-2e-05,0
3654,-2e-05,-1e-05,-1e-05,-2e-05,-2e-05,-1e-05,-2e-05,-2e-05,0
3655,-2e-05,-1e-05,-1e-05,-2e-05,-2e-05,-1e-05,-2e-05,-2e-05,0
3656,-2e-05,-1e-05,-1e-05,-2e-05,-2e-05,-1e-05,-2e-05,-2e-05,0
3657,-2e-05,-1e-05,-1e-05,-2e-05,-2e-05,-1e-05,-2e-05,-2e-05,0
3658,-2e-05,-1e-05,-1e-05,-2e-05,-2e-05,-1e-05,-2e-05,-2e-05,0
3659,-2e-05,-1e-05,-1e-05,-2e-05,-2e-05,-1e-05,-2e-05,-2e-05,0
3660,-2e-05,-1e-05,-1e-05,-2e-05,-2e-05,-1e-05,-2e-05,-2e-05,0
3661,-2e-05,-1e-05,-1e-05,-2e-05,-2e-05,-1e-05,-2e-05,-2e-05,0
3662,-1e-05,-2e-05,-1e-05,0.0,-2e-05,0.0,-1e-05,-1e-05,0
3663,0.0,2e-05,1e-05,-3e-05,-1e-05,-2e-05,-3e-05,1e-05,0
3664,0.0,2e-05,1e-05,-3e-05,-1e-05,-2e-05,-3e-05,1e-05,0
3665,0.0,2e-05,1e-05,-3e-05,-1e-05,-2e-05,-3e-05,1e-05,0
3666,0.0,2e-05,1e-05,-3e-05,-1e-05,-2e-05,-3e-05,1e-05,0
3667,0.0,2e-05,1e-05,-3e-05,-1e-05,-2e-05,-3e-05,1e-05,0
3668,0.0,2e-05,1e-05,-3e-05,-1e-05,-2e-05,-3e-05,1e-05,0
3669,0.0,2e-05,1e-05,-3e-05,-1e-05,-2e-05,-3e-05,1e-05,0
3670,0.0,2e-05,1e-05,-3e-05,-1e-05,-2e-05,-3e-05,1e-05,0
3671,0.0,2e-05,1e-05,-3e-05,-1e-05,-2e-05,-3e-05,1e-05,0
3672,0.0,2e-05,1e-05,-3e-05,-1e-05,-2e-05,-3e-05,1e-05,0
3673,0.0,2e-05,1e-05,-3e-05,-1e-05,-2e-05,-3e-05,1e-05,0
3674,0.0,2e-05,1e-05,-3e-05,-1e-05,-2e-05,-3e-05,1e-05,0
3675,0.0,2e-05,1e-05,-3e-05,-1e-05,-2e-05,-3e-05,1e-05,0
3676,-2e-05,-1e-05,0.0,-2e-05,-4e-05,-1e-05,0.0,-1e-05,0
3677,1e-05,-1e-05,0.0,-1e-05,-2e-05,-1e-05,-1e-05,0.0,0
3678,1e-05,-1e-05,0.0,-1e-05,-2e-05,-1e-05,-1e-05,0.0,0
3679,1e-05,-1e-05,0.0,-1e-05,-2e-05,-1e-05,-1e-05,0.0,0
3680,1e-05,-1e-05,0.0,-1e-05,-2e-05,-1e-05,-1e-05,0.0,0
3681,1e-05,-1e-05,0.0,-1e-05,-2e-05,-1e-05,-1e-05,0.0,0
3682,1e-05,-1e-05,0.0,-1e-05,-2e-05,-1e-05,-1e-05,0.0,0
3683,1e-05,-1e-05,0.0,-1e-05,-2e-05,-1e-05,-1e-05,0.0,0
3684,1e-05,-1e-05,0.0,-1e-05,-2e-05,-1e-05,-1e-05,0.0,0
3685,1e-05,-1e-05,0.0,-1e-05,-2e-05,-1e-05,-1e-05,0.0,0
3686,1e-05,-1e-05,0.0,-1e-05,-2e-05,-1e-05,-1e-05,0.0,0
3688,1e-05,-1e-05,0.0,-1e-05,-2e-05,-1e-05,-1e-05,0.0,0
3689,1e-05,-1e-05,0.0,-1e-05,-2e-05,-1e-05,-1e-05,0.0,0
3690,1e-05,-1e-05,0.0,-1e-05,-2e-05,-1e-05,-1e-05,0.0,0
3691,1e-05,-1e-05,0.0,-1e-05,-2e-05,-1e-05,-1e-05,0.0,0
3692,1e-05,-1e-05,0.0,-1e-05,-2e-05,-1e-05,-1e-05,0.0,0
3693,1e-05,-1e-05,0.0,-1e-05,-2e-05,-1e-05,-1e-05,0.0,0
3694,1e-05,-1e-05,0.0,-1e-05,-2e-05,-1e-05,-1e-05,0.0,0
3695,1e-05,-1e-05,0.0,-1e-05,-2e-05,-1e-05,-1e-05,0.0,0
3696,1e-05,-1e-05,0.0,-1e-05,-2e-05,-1e-05,-1e-05,0.0,0
3697,1e-05,-1e-05,0.0,-1e-05,-2e-05,-1e-05,-1e-05,0.0,0
3698,1e-05,-1e-05,0.0,-1e-05,-2e-05,-1e-05,-1e-05,0.0,0
3699,-2e-05,3e-05,5e-05,0.0,-2e-05,1e-05,-1e-05,-3e-05,0
3700,-4e-05,-3e-05,-3e-05,-6e-05,-2e-05,-1e-05,0.0,0.0,0
3701,-4e-05,-3e-05,-3e-05,-6e-05,-2e-05,-1e-05,0.0,0.0,0
3702,-4e-05,-3e-05,-3e-05,-6e-05,-2e-05,-1e-05,0.0,0.0,0
3703,-4e-05,-3e-05,-3e-05,-6e-05,-2e-05,-1e-05,0.0,0.0,0
3704,-4e-05,-3e-05,-3e-05,-6e-05,-2e-05,-1e-05,0.0,0.0,0
3705,-4e-05,-3e-05,-3e-05,-6e-05,-2e-05,-1e-05,0.0,0.0,0
3706,0.0,-1e-05,0.0,-2e-05,-3e-05,0.0,-3e-05,0.0,0
3707,0.0,-1e-05,0.0,-2e-05,-3e-05,0.0,-3e-05,0.0,0
3708,0.0,-1e-05,0.0,-2e-05,-3e-05,0.0,-3e-05,0.0,0
3709,0.0,-1e-05,0.0,-2e-05,-3e-05,0.0,-3e-05,0.0,0
3710,0.0,-1e-05,0.0,-2e-05,-3e-05,0.0,-3e-05,0.0,0
3711,0.0,-1e-05,0.0,-2e-05,-3e-05,0.0,-3e-05,0.0,0
3712,0.0,-1e-05,0.0,-2e-05,-3e-05,0.0,-3e-05,0.0,0
3713,0.0,-1e-05,0.0,-2e-05,-3e-05,0.0,-3e-05,0.0,0
3714,0.0,-1e-05,0.0,-2e-05,-3e-05,0.0,-3e-05,0.0,0
3715,0.0,-1e-05,0.0,-2e-05,-3e-05,0.0,-3e-05,0.0,0
3716,0.0,-1e-05,0.0,-2e-05,-3e-05,0.0,-3e-05,0.0,0
3717,0.0,-1e-05,0.0,-2e-05,-3e-05,0.0,-3e-05,0.0,0
3718,0.0,-1e-05,0.0,-2e-05,-3e-05,0.0,-3e-05,0.0,0
3719,0.0,-1e-05,0.0,-2e-05,-3e-05,0.0,-3e-05,0.0,0
3720,0.0,-1e-05,0.0,-2e-05,-3e-05,0.0,-3e-05,0.0,0
3721,0.0,-1e-05,0.0,-2e-05,-3e-05,0.0,-3e-05,0.0,0
3722,1e-05,3e-05,3e-05,-1e-05,-2e-05,0.0,-1e-05,0.0,0
3723,-3e-05,-2e-05,-4e-05,-4e-05,-2e-05,-1e-05,-2e-05,-2e-05,0
3724,-3e-05,-2e-05,-4e-05,-4e-05,-2e-05,-1e-05,-2e-05,-2e-05,0
3725,-3e-05,-2e-05,-4e-05,-4e-05,-2e-05,-1e-05,-2e-05,-2e-05,0
3726,-3e-05,-2e-05,-4e-05,-4e-05,-2e-05,-1e-05,-2e-05,-2e-05,0
3727,-3e-05,-2e-05,-4e-05,-4e-05,-2e-05,-1e-05,-2e-05,-2e-05,0
3728,-3e-05,-2e-05,-4e-05,-4e-05,-2e-05,-1e-05,-2e-05,-2e-05,0
3729,-3e-05,-2e-05,-4e-05,-4e-05,-2e-05,-1e-05,-2e-05,-2e-05,0
3730,-3e-05,-2e-05,-4e-05,-4e-05,-2e-05,-1e-05,-2e-05,-2e-05,0
3731,-3e-05,-2e-05,-4e-05,-4e-05,-2e-05,-1e-05,-2e-05,-2e-05,0
3732,-3e-05,-2e-05,-4e-05,-4e-05,-2e-05,-1e-05,-2e-05,-2e-05,0
3733,-3e-05,-2e-05,-4e-05,-4e-05,-2e-05,-1e-05,-2e-05,-2e-05,0
3734,-3e-05,-2e-05,-4e-05,-4e-05,-2e-05,-1e-05,-2e-05,-2e-05,0
3735,-3e-05,-2e-05,-4e-05,-4e-05,-2e-05,-1e-05,-2e-05,-2e-05,0
3736,0.0,-1e-05,-2e-05,0.0,0.0,0.0,-2e-05,-1e-05,0
3738,-1e-05,-1e-05,-1e-05,-4e-05,-2e-05,-2e-05,-2e-05,0.0,0
3739,-1e-05,-1e-05,-1e-05,-4e-05,-2e-05,-2e-05,-2e-05,0.0,0
3740,-1e-05,-1e-05,-1e-05,-4e-05,-2e-05,-2e-05,-2e-05,0.0,0
3741,-1e-05,-1e-05,-1e-05,-4e-05,-2e-05,-2e-05,-2e-05,0.0,0
3742,-1e-05,-1e-05,-1e-05,-4e-05,-2e-05,-2e-05,-2e-05,0.0,0
3743,-1e-05,-1e-05,-1e-05,-4e-05,-2e-05,-2e-05,-2e-05,0.0,0
3744,-1e-05,-1e-05,-1e-05,-4e-05,-2e-05,-2e-05,-2e-05,0.0,0
3745,-1e-05,-1e-05,-1e-05,-4e-05,-2e-05,-2e-05,-2e-05,0.0,0
3746,-1e-05,-1e-05,-1e-05,-4e-05,-2e-05,-2e-05,-2e-05,0.0,0
3747,-1e-05,-1e-05,-1e-05,-4e-05,-2e-05,-2e-05,-2e-05,0.0,0
3748,-1e-05,-1e-05,-1e-05,-4e-05,-2e-05,-2e-05,-2e-05,0.0,0
3749,-1e-05,-1e-05,-1e-05,-4e-05,-2e-05,-2e-05,-2e-05,0.0,0
3750,-1e-05,-1e-05,-1e-05,-4e-05,-2e-05,-2e-05,-2e-05,0.0,0
3751,-1e-05,-1e-05,-1e-05,-4e-05,-2e-05,-2e-05,-2e-05,0.0,0
3752,-1e-05,-1e-05,-1e-05,-4e-05,-2e-05,-2e-05,-2e-05,0.0,0
3753,-1e-05,-1e-05,-1e-05,-4e-05,-2e-05,-2e-05,-2e-05,0.0,0
3754,-1e-05,-1e-05,-1e-05,-4e-05,-2e-05,-2e-05,-2e-05,0.0,0
3755,-1e-05,-1e-05,-1e-05,-4e-05,-2e-05,-2e-05,-2e-05,0.0,0
3756,-1e-05,-1e-05,-1e-05,-4e-05,-2e-05,-2e-05,-2e-05,0.0,0
3757,-1e-05,-1e-05,-1e-05,-4e-05,-2e-05,-2e-05,-2e-05,0.0,0
3758,-1e-05,-1e-05,-1e-05,-4e-05,-2e-05,-2e-05,-2e-05,0.0,0
3759,-1e-05,-1e-05,-1e-05,-4e-05,-2e-05,-2e-05,-2e-05,0.0,0
3760,-4e-05,-3e-05,-5e-05,-4e-05,-3e-05,-1e-05,-1e-05,-1e-05,0
3761,0.0,0.0,0.0,-2e-05,-2e-05,-2e-05,-2e-05,1e-05,0
3762,-1e-05,0.0,0.0,0.0,1e-05,-1e-05,-1e-05,-1e-05,0
3763,-1e-05,0.0,0.0,0.0,1e-05,-1e-05,-1e-05,-1e-05,0
3764,-1e-05,0.0,0.0,0.0,1e-05,-1e-05,-1e-05,-1e-05,0
3765,-1e-05,0.0,0.0,0.0,1e-05,-1e-05,-1e-05,-1e-05,0
3766,-1e-05,0.0,0.0,0.0,1e-05,-1e-05,-1e-05,-1e-05,0
3767,-1e-05,0.0,0.0,0.0,1e-05,-1e-05,-1e-05,-1e-05,0
3768,-1e-05,0.0,0.0,0.0,1e-05,-1e-05,-1e-05,-1e-05,0
3769,-1e-05,0.0,0.0,0.0,1e-05,-1e-05,-1e-05,-1e-05,0
3770,-1e-05,0.0,0.0,0.0,1e-05,-1e-05,-1e-05,-1e-05,0
3771,-1e-05,0.0,0.0,0.0,1e-05,-1e-05,-1e-05,-1e-05,0
3772,-1e-05,0.0,0.0,0.0,1e-05,-1e-05,-1e-05,-1e-05,0
3774,-1e-05,0.0,0.0,0.0,1e-05,-1e-05,-1e-05,-1e-05,0
3775,-1e-05,0.0,0.0,0.0,1e-05,-1e-05,-1e-05,-1e-05,0
3776,-1e-05,0.0,0.0,0.0,1e-05,-1e-05,-1e-05,-1e-05,0
3777,-1e-05,0.0,0.0,0.0,1e-05,-1e-05,-1e-05,-1e-05,0
3778,-1e-05,0.0,0.0,0.0,1e-05,-1e-05,-1e-05,-1e-05,0
3779,-1e-05,0.0,0.0,0.0,1e-05,-1e-05,-1e-05,-1e-05,0
3780,-1e-05,0.0,0.0,0.0,1e-05,-1e-05,-1e-05,-1e-05,0
3781,-1e-05,0.0,0.0,0.0,1e-05,-1e-05,-1e-05,-1e-05,0
3782,0.0,-2e-05,-3e-05,-2e-05,-2e-05,-2e-05,0.0,-2e-05,0
3783,0.0,-2e-05,-3e-05,-2e-05,-2e-05,-2e-05,0.0,-2e-05,0
3784,-3e-05,-1e-05,-2e-05,-5e-05,-2e-05,0.0,-1e-05,-2e-05,0
3785,-3e-05,-1e-05,-2e-05,-5e-05,-2e-05,0.0,-1e-05,-2e-05,0
3786,-3e-05,-1e-05,-2e-05,-5e-05,-2e-05,0.0,-1e-05,-2e-05,0
3789,-3e-05,-1e-05,-2e-05,-5e-05,-2e-05,0.0,-1e-05,-2e-05,0
3790,-3e-05,-1e-05,-2e-05,-5e-05,-2e-05,0.0,-1e-05,-2e-05,0
3791,-3e-05,-1e-05,-2e-05,-5e-05,-2e-05,0.0,-1e-05,-2e-05,0
3792,-3e-05,-1e-05,-2e-05,-5e-05,-2e-05,0.0,-1e-05,-2e-05,0
3793,-3e-05,-1e-05,-2e-05,-5e-05,-2e-05,0.0,-1e-05,-2e-05,0
3794,-3e-05,-1e-05,-2e-05,-5e-05,-2e-05,0.0,-1e-05,-2e-05,0
3795,-3e-05,-1e-05,-2e-05,-5e-05,-2e-05,0.0,-1e-05,-2e-05,0
3796,-1e-05,-3e-05,-5e-05,-2e-05,-2e-05,0.0,0.0,1e-05,0
3797,-1e-05,-3e-05,-5e-05,-2e-05,-2e-05,0.0,0.0,1e-05,0
3798,-1e-05,-3e-05,-5e-05,-2e-05,-2e-05,0.0,0.0,1e-05,0
3799,-1e-05,-3e-05,-5e-05,-2e-05,-2e-05,0.0,0.0,1e-05,0
3800,-1e-05,-3e-05,-5e-05,-2e-05,-2e-05,0.0,0.0,1e-05,0
3801,-1e-05,-3e-05,-5e-05,-2e-05,-2e-05,0.0,0.0,1e-05,0
3802,-1e-05,-3e-05,-5e-05,-2e-05,-2e-05,0.0,0.0,1e-05,0
3803,-1e-05,-3e-05,-5e-05,-2e-05,-2e-05,0.0,0.0,1e-05,0
3804,-1e-05,-3e-05,-5e-05,-2e-05,-2e-05,0.0,0.0,1e-05,0
3805,0.0,-1e-05,0.0,-1e-05,-2e-05,0.0,-1e-05,0.0,0
3806,0.0,-1e-05,0.0,-1e-05,-2e-05,0.0,-1e-05,0.0,0
3807,0.0,-1e-05,0.0,-1e-05,-2e-05,0.0,-1e-05,0.0,0
3808,0.0,-1e-05,0.0,-1e-05,-2e-05,0.0,-1e-05,0.0,0
3809,0.0,-1e-05,0.0,-1e-05,-2e-05,0.0,-1e-05,0.0,0
3810,0.0,-1e-05,0.0,-1e-05,-2e-05,0.0,-1e-05,0.0,0
3811,0.0,-1e-05,0.0,-1e-05,-2e-05,0.0,-1e-05,0.0,0
3812,0.0,-1e-05,0.0,-1e-05,-2e-05,0.0,-1e-05,0.0,0
3813,0.0,-1e-05,0.0,-1e-05,-2e-05,0.0,-1e-05,0.0,0
3814,0.0,-1e-05,0.0,-1e-05,-2e-05,0.0,-1e-05,0.0,0
3815,0.0,-1e-05,0.0,-1e-05,-2e-05,0.0,-1e-05,0.0,0
3816,0.0,-1e-05,0.0,-1e-05,-2e-05,0.0,-1e-05,0.0,0
3817,0.0,-1e-05,0.0,-1e-05,-2e-05,0.0,-1e-05,0.0,0
3818,0.0,-1e-05,0.0,-1e-05,-2e-05,0.0,-1e-05,0.0,0
3819,0.0,-1e-05,0.0,-1e-05,-2e-05,0.0,-1e-05,0.0,0
3820,0.0,-1e-05,0.0,-1e-05,-2e-05,0.0,-1e-05,0.0,0
3821,1e-05,1e-05,2e-05,-1e-05,-2e-05,-4e-05,-2e-05,-1e-05,0
3822,-1e-05,-1e-05,-4e-05,0.0,-1e-05,0.0,0.0,0.0,0
3823,-1e-05,-1e-05,-4e-05,0.0,-1e-05,0.0,0.0,0.0,0
3824,-1e-05,-1e-05,-4e-05,0.0,-1e-05,0.0,0.0,0.0,0
3825,-1e-05,-1e-05,-4e-05,0.0,-1e-05,0.0,0.0,0.0,0
3826,-1e-05,-1e-05,-4e-05,0.0,-1e-05,0.0,0.0,0.0,0
3827,-1e-05,-1e-05,-4e-05,0.0,-1e-05,0.0,0.0,0.0,0
3828,-1e-05,-1e-05,-4e-05,0.0,-1e-05,0.0,0.0,0.0,0
3829,-1e-05,-1e-05,-4e-05,0.0,-1e-05,0.0,0.0,0.0,0
3830,-1e-05,-1e-05,-4e-05,0.0,-1e-05,0.0,0.0,0.0,0
3831,-1e-05,-1e-05,-4e-05,0.0,-1e-05,0.0,0.0,0.0,0
3832,-1e-05,-1e-05,-4e-05,0.0,-1e-05,0.0,0.0,0.0,0
3833,-1e-05,-1e-05,-4e-05,0.0,-1e-05,0.0,0.0,0.0,0
3834,-1e-05,-1e-05,-4e-05,0.0,-1e-05,0.0,0.0,0.0,0
3835,-1e-05,-1e-05,-4e-05,0.0,-1e-05,0.0,0.0,0.0,0
3837,-1e-05,-1e-05,-4e-05,0.0,-1e-05,0.0,0.0,0.0,0
3840,-1e-05,-1e-05,-4e-05,0.0,-1e-05,0.0,0.0,0.0,0
3841,-1e-05,-1e-05,-4e-05,0.0,-1e-05,0.0,0.0,0.0,0
3842,-3e-05,1e-05,1e-05,2e-05,-1e-05,-1e-05,-1e-05,-1e-05,0
3843,-3e-05,1e-05,1e-05,2e-05,-1e-05,-1e-05,-1e-05,-1e-05,0
3844,-1e-05,-3e-05,-3e-05,4e-05,1e-05,-1e-05,-1e-05,-1e-05,0
3845,-1e-05,-3e-05,-3e-05,4e-05,1e-05,-1e-05,-1e-05,-1e-05,0
3846,-1e-05,-3e-05,-3e-05,4e-05,1e-05,-1e-05,-1e-05,-1e-05,0
3847,-1e-05,-3e-05,-3e-05,4e-05,1e-05,-1e-05,-1e-05,-1e-05,0
3848,-1e-05,-3e-05,-3e-05,4e-05,1e-05,-1e-05,-1e-05,-1e-05,0
3849,-1e-05,-3e-05,-3e-05,4e-05,1e-05,-1e-05,-1e-05,-1e-05,0
3850,-1e-05,-3e-05,-3e-05,4e-05,1e-05,-1e-05,-1e-05,-1e-05,0
3851,-1e-05,-3e-05,-3e-05,4e-05,1e-05,-1e-05,-1e-05,-1e-05,0
3852,-1e-05,-3e-05,-3e-05,4e-05,1e-05,-1e-05,-1e-05,-1e-05,0
3853,-1e-05,-3e-05,-3e-05,4e-05,1e-05,-1e-05,-1e-05,-1e-05,0
3854,-1e-05,-3e-05,-3e-05,4e-05,1e-05,-1e-05,-1e-05,-1e-05,0
3855,-1e-05,-3e-05,-3e-05,4e-05,1e-05,-1e-05,-1e-05,-1e-05,0
3856,-1e-05,-3e-05,-3e-05,4e-05,1e-05,-1e-05,-1e-05,-1e-05,0
3857,-1e-05,-3e-05,-3e-05,4e-05,1e-05,-1e-05,-1e-05,-1e-05,0
3858,-1e-05,-3e-05,-3e-05,4e-05,1e-05,-1e-05,-1e-05,-1e-05,0
3859,-1e-05,-3e-05,-3e-05,4e-05,1e-05,-1e-05,-1e-05,-1e-05,0
3860,-1e-05,-3e-05,-3e-05,4e-05,1e-05,-1e-05,-1e-05,-1e-05,0
3861,-1e-05,-3e-05,-3e-05,4e-05,1e-05,-1e-05,-1e-05,-1e-05,0
3862,-1e-05,-3e-05,-3e-05,4e-05,1e-05,-1e-05,-1e-05,-1e-05,0
3863,-1e-05,-3e-05,-3e-05,4e-05,1e-05,-1e-05,-1e-05,-1e-05,0
3864,-1e-05,-3e-05,-3e-05,4e-05,1e-05,-1e-05,-1e-05,-1e-05,0
3865,-1e-05,-4e-05,-2e-05,-3e-05,-2e-05,-2e-05,-3e-05,-3e-05,0
3866,0.0,-1e-05,2e-05,-3e-05,0.0,-2e-05,0.0,-1e-05,0
3867,0.0,-1e-05,2e-05,-3e-05,0.0,-2e-05,0.0,-1e-05,0
3868,0.0,-1e-05,2e-05,-3e-05,0.0,-2e-05,0.0,-1e-05,0
3869,0.0,-1e-05,2e-05,-3e-05,0.0,-2e-05,0.0,-1e-05,0
3870,0.0,-1e-05,2e-05,-3e-05,0.0,-2e-05,0.0,-1e-05,0
3871,0.0,-1e-05,2e-05,-3e-05,0.0,-2e-05,0.0,-1e-05,0
3872,0.0,-1e-05,2e-05,-3e-05,0.0,-2e-05,0.0,-1e-05,0
3873,0.0,-1e-05,2e-05,-3e-05,0.0,-2e-05,0.0,-1e-05,0
3874,0.0,-1e-05,2e-05,-3e-05,0.0,-2e-05,0.0,-1e-05,0
3875,0.0,-1e-05,2e-05,-3e-05,0.0,-2e-05,0.0,-1e-05,0
3876,0.0,-1e-05,2e-05,-3e-05,0.0,-2e-05,0.0,-1e-05,0
3877,0.0,-1e-05,2e-05,-3e-05,0.0,-2e-05,0.0,-1e-05,0
3878,0.0,-1e-05,2e-05,-3e-05,0.0,-2e-05,0.0,-1e-05,0
3879,0.0,0.0,1e-05,0.0,-3e-05,-3e-05,-1e-05,-2e-05,0
3880,1e-05,1e-05,1e-05,1e-05,-1e-05,-1e-05,-2e-05,-1e-05,0
3881,-1e-05,0.0,1e-05,-1e-05,-1e-05,-2e-05,-2e-05,-2e-05,0
3882,-1e-05,0.0,1e-05,-1e-05,-1e-05,-2e-05,-2e-05,-2e-05,0
3883,-1e-05,0.0,1e-05,-1e-05,-1e-05,-2e-05,-2e-05,-2e-05,0
3884,-1e-05,0.0,1e-05,-1e-05,-1e-05,-2e-05,-2e-05,-2e-05,0
3885,-1e-05,0.0,1e-05,-1e-05,-1e-05,-2e-05,-2e-05,-2e-05,0
3886,-1e-05,0.0,1e-05,-1e-05,-1e-05,-2e-05,-2e-05,-2e-05,0
3888,-1e-05,0.0,1e-05,-1e-05,-1e-05,-2e-05,-2e-05,-2e-05,0
3889,-1e-05,0.0,1e-05,-1e-05,-1e-05,-2e-05,-2e-05,-2e-05,0
3890,-1e-05,0.0,1e-05,-1e-05,-1e-05,-2e-05,-2e-05,-2e-05,0
3891,-1e-05,0.0,1e-05,-1e-05,-1e-05,-2e-05,-2e-05,-2e-05,0
3892,-1e-05,0.0,1e-05,-1e-05,-1e-05,-2e-05,-2e-05,-2e-05,0
3893,-1e-05,0.0,1e-05,-1e-05,-1e-05,-2e-05,-2e-05,-2e-05,0
3894,-1e-05,0.0,1e-05,-1e-05,-1e-05,-2e-05,-2e-05,-2e-05,0
3895,-1e-05,0.0,1e-05,-1e-05,-1e-05,-2e-05,-2e-05,-2e-05,0
3896,-1e-05,0.0,1e-05,-1e-05,-1e-05,-2e-05,-2e-05,-2e-05,0
3897,-1e-05,0.0,1e-05,-1e-05,-1e-05,-2e-05,-2e-05,-2e-05,0
3898,-1e-05,0.0,1e-05,-1e-05,-1e-05,-2e-05,-2e-05,-2e-05,0
3899,-1e-05,0.0,1e-05,-1e-05,-1e-05,-2e-05,-2e-05,-2e-05,0
3900,-1e-05,0.0,1e-05,-1e-05,-1e-05,-2e-05,-2e-05,-2e-05,0
3901,-1e-05,0.0,1e-05,-1e-05,-1e-05,-2e-05,-2e-05,-2e-05,0
3902,-1e-05,0.0,1e-05,-1e-05,-1e-05,-2e-05,-2e-05,-2e-05,0
3903,-1e-05,0.0,1e-05,-1e-05,-1e-05,-2e-05,-2e-05,-2e-05,0
3904,-1e-05,0.0,1e-05,-1e-05,-1e-05,-2e-05,-2e-05,-2e-05,0
3905,-1e-05,0.0,1e-05,-1e-05,-1e-05,-2e-05,-2e-05,-2e-05,0
3906,-1e-05,0.0,1e-05,-1e-05,-1e-05,-2e-05,-2e-05,-2e-05,0
3907,-1e-05,0.0,1e-05,-1e-05,-1e-05,-2e-05,-2e-05,-2e-05,0
3908,-1e-05,0.0,1e-05,-1e-05,-1e-05,-2e-05,-2e-05,-2e-05,0
3909,-1e-05,0.0,1e-05,-1e-05,-1e-05,-2e-05,-2e-05,-2e-05,0
3910,-2e-05,-2e-05,-5e-05,-8e-05,-3e-05,0.0,-1e-05,-2e-05,0
3911,-2e-05,-2e-05,-5e-05,-8e-05,-3e-05,0.0,-1e-05,-2e-05,0
3912,-2e-05,-2e-05,-5e-05,-8e-05,-3e-05,0.0,-1e-05,-2e-05,0
3913,-2e-05,-2e-05,-5e-05,-8e-05,-3e-05,0.0,-1e-05,-2e-05,0
3914,-2e-05,-2e-05,-5e-05,-8e-05,-3e-05,0.0,-1e-05,-2e-05,0
3915,-2e-05,-2e-05,-5e-05,-8e-05,-3e-05,0.0,-1e-05,-2e-05,0
3916,1e-05,-2e-05,0.0,1e-05,-1e-05,-1e-05,-3e-05,0.0,0
3917,-3e-05,-1e-05,1e-05,-3e-05,-3e-05,-1e-05,0.0,-1e-05,0
3918,0.0,1e-05,1e-05,0.0,-3e-05,-2e-05,1e-05,-1e-05,0
3919,0.0,1e-05,1e-05,0.0,-3e-05,-2e-05,1e-05,-1e-05,0
3920,0.0,1e-05,1e-05,0.0,-3e-05,-2e-05,1e-05,-1e-05,0
3921,0.0,1e-05,1e-05,0.0,-3e-05,-2e-05,1e-05,-1e-05,0
3922,0.0,1e-05,1e-05,0.0,-3e-05,-2e-05,1e-05,-1e-05,0
3923,0.0,1e-05,1e-05,0.0,-3e-05,-2e-05,1e-05,-1e-05,0
3924,0.0,1e-05,1e-05,0.0,-3e-05,-2e-05,1e-05,-1e-05,0
3925,-5e-05,-5e-05,-9e-05,-8e-05,-1e-05,-1e-05,-1e-05,0.0,0
3926,-5e-05,-5e-05,-9e-05,-8e-05,-1e-05,-1e-05,-1e-05,0.0,0
3927,-5e-05,-5e-05,-9e-05,-8e-05,-1e-05,-1e-05,-1e-05,0.0,0
3928,-5e-05,-5e-05,-9e-05,-8e-05,-1e-05,-1e-05,-1e-05,0.0,0
3929,-5e-05,-5e-05,-9e-05,-8e-05,-1e-05,-1e-05,-1e-05,0.0,0
3930,-5e-05,-5e-05,-9e-05,-8e-05,-1e-05,-1e-05,-1e-05,0.0,0
3931,-5e-05,-5e-05,-9e-05,-8e-05,-1e-05,-1e-05,-1e-05,0.0,0
3932,-5e-05,-5e-05,-9e-05,-8e-05,-1e-05,-1e-05,-1e-05,0.0,0
3933,-5e-05,-5e-05,-9e-05,-8e-05,-1e-05,-1e-05,-1e-05,0.0,0
3934,-5e-05,-5e-05,-9e-05,-8e-05,-1e-05,-1e-05,-1e-05,0.0,0
3935,-5e-05,-5e-05,-9e-05,-8e-05,-1e-05,-1e-05,-1e-05,0.0,0
3936,-5e-05,-5e-05,-9e-05,-8e-05,-1e-05,-1e-05,-1e-05,0.0,0
3938,-5e-05,-5e-05,-9e-05,-8e-05,-1e-05,-1e-05,-1e-05,0.0,0
3939,-5e-05,-5e-05,-9e-05,-8e-05,-1e-05,-1e-05,-1e-05,0.0,0
3940,1e-05,1e-05,3e-05,0.0,1e-05,0.0,-2e-05,0.0,0
3941,2e-05,1e-05,2e-05,1e-05,2e-05,0.0,-1e-05,0.0,0
3942,2e-05,1e-05,2e-05,1e-05,2e-05,0.0,-1e-05,0.0,0
3943,2e-05,1e-05,2e-05,1e-05,2e-05,0.0,-1e-05,0.0,0
3944,2e-05,1e-05,2e-05,1e-05,2e-05,0.0,-1e-05,0.0,0
3945,2e-05,1e-05,2e-05,1e-05,2e-05,0.0,-1e-05,0.0,0
3946,2e-05,1e-05,2e-05,1e-05,2e-05,0.0,-1e-05,0.0,0
3947,2e-05,1e-05,2e-05,1e-05,2e-05,0.0,-1e-05,0.0,0
3948,2e-05,1e-05,2e-05,1e-05,2e-05,0.0,-1e-05,0.0,0
3949,2e-05,1e-05,2e-05,1e-05,2e-05,0.0,-1e-05,0.0,0
3950,2e-05,1e-05,2e-05,1e-05,2e-05,0.0,-1e-05,0.0,0
3951,2e-05,1e-05,2e-05,1e-05,2e-05,0.0,-1e-05,0.0,0
3952,2e-05,1e-05,2e-05,1e-05,2e-05,0.0,-1e-05,0.0,0
3953,2e-05,1e-05,2e-05,1e-05,2e-05,0.0,-1e-05,0.0,0
3954,2e-05,1e-05,2e-05,1e-05,2e-05,0.0,-1e-05,0.0,0
3955,2e-05,1e-05,2e-05,1e-05,2e-05,0.0,-1e-05,0.0,0
3956,2e-05,1e-05,2e-05,1e-05,2e-05,0.0,-1e-05,0.0,0
3957,2e-05,1e-05,2e-05,1e-05,2e-05,0.0,-1e-05,0.0,0
3958,2e-05,1e-05,2e-05,1e-05,2e-05,0.0,-1e-05,0.0,0
3959,2e-05,1e-05,2e-05,1e-05,2e-05,0.0,-1e-05,0.0,0
3960,2e-05,1e-05,2e-05,1e-05,2e-05,0.0,-1e-05,0.0,0
3961,2e-05,1e-05,2e-05,1e-05,2e-05,0.0,-1e-05,0.0,0
3962,0.0,3e-05,2e-05,1e-05,-1e-05,-1e-05,-1e-05,-1e-05,0
3963,0.0,3e-05,2e-05,1e-05,-1e-05,-1e-05,-1e-05,-1e-05,0
3964,-4e-05,-3e-05,-7e-05,-2e-05,-3e-05,1e-05,-1e-05,-3e-05,0
3965,-4e-05,-3e-05,-7e-05,-2e-05,-3e-05,1e-05,-1e-05,-3e-05,0
3966,-4e-05,-3e-05,-7e-05,-2e-05,-3e-05,1e-05,-1e-05,-3e-05,0
3967,-4e-05,-3e-05,-7e-05,-2e-05,-3e-05,1e-05,-1e-05,-3e-05,0
3968,-4e-05,-3e-05,-7e-05,-2e-05,-3e-05,1e-05,-1e-05,-3e-05,0
3969,-4e-05,-3e-05,-7e-05,-2e-05,-3e-05,1e-05,-1e-05,-3e-05,0
3970,-4e-05,-3e-05,-7e-05,-2e-05,-3e-05,1e-05,-1e-05,-3e-05,0
3971,-4e-05,-3e-05,-7e-05,-2e-05,-3e-05,1e-05,-1e-05,-3e-05,0
3972,-4e-05,-3e-05,-7e-05,-2e-05,-3e-05,1e-05,-1e-05,-3e-05,0
3973,-4e-05,-3e-05,-7e-05,-2e-05,-3e-05,1e-05,-1e-05,-3e-05,0
3974,-4e-05,-3e-05,-7e-05,-2e-05,-3e-05,1e-05,-1e-05,-3e-05,0
3975,-4e-05,-3e-05,-7e-05,-2e-05,-3e-05,1e-05,-1e-05,-3e-05,0
3976,2e-05,1e-05,1e-05,5e-05,-1e-05,0.0,0.0,0.0,0
3977,2e-05,1e-05,1e-05,5e-05,-1e-05,0.0,0.0,0.0,0
3978,2e-05,1e-05,1e-05,5e-05,-1e-05,0.0,0.0,0.0,0
3979,2e-05,1e-05,1e-05,5e-05,-1e-05,0.0,0.0,0.0,0
3980,2e-05,1e-05,1e-05,5e-05,-1e-05,0.0,0.0,0.0,0
3981,2e-05,1e-05,1e-05,5e-05,-1e-05,0.0,0.0,0.0,0
3982,2e-05,1e-05,1e-05,5e-05,-1e-05,0.0,0.0,0.0,0
3983,2e-05,1e-05,1e-05,5e-05,-1e-05,0.0,0.0,0.0,0
3984,2e-05,1e-05,1e-05,5e-05,-1e-05,0.0,0.0,0.0,0
3985,-1e-05,-3e-05,0.0,-2e-05,-1e-05,1e-05,0.0,0.0,0
3986,-1e-05,-3e-05,0.0,-2e-05,-1e-05,1e-05,0.0,0.0,0
3988,-1e-05,-3e-05,0.0,-2e-05,-1e-05,1e-05,0.0,0.0,0
3989,-1e-05,-3e-05,0.0,-2e-05,-1e-05,1e-05,0.0,0.0,0
3990,-1e-05,-3e-05,0.0,-2e-05,-1e-05,1e-05,0.0,0.0,0
3991,-1e-05,-3e-05,0.0,-2e-05,-1e-05,1e-05,0.0,0.0,0
3992,-1e-05,-3e-05,0.0,-2e-05,-1e-05,1e-05,0.0,0.0,0
3993,-1e-05,-3e-05,0.0,-2e-05,-1e-05,1e-05,0.0,0.0,0
3994,-1e-05,-3e-05,0.0,-2e-05,-1e-05,1e-05,0.0,0.0,0
3995,-1e-05,-3e-05,0.0,-2e-05,-1e-05,1e-05,0.0,0.0,0
3996,-1e-05,-3e-05,0.0,-2e-05,-1e-05,1e-05,0.0,0.0,0
3997,-1e-05,-3e-05,0.0,-2e-05,-1e-05,1e-05,0.0,0.0,0
3998,-1e-05,-3e-05,0.0,-2e-05,-1e-05,1e-05,0.0,0.0,0
3999,-1e-05,0.0,2e-05,-1e-05,0.0,-1e-05,-2e-05,-1e-05,0
4000,-3e-05,-6e-05,-5e-05,-6e-05,-2e-05,-1e-05,0.0,1e-05,0
4001,1e-05,1e-05,3e-05,4e-05,1e-05,0.0,0.0,-2e-05,0
4002,1e-05,1e-05,3e-05,4e-05,1e-05,0.0,0.0,-2e-05,0
4003,1e-05,1e-05,3e-05,4e-05,1e-05,0.0,0.0,-2e-05,0
4004,1e-05,1e-05,3e-05,4e-05,1e-05,0.0,0.0,-2e-05,0
4005,1e-05,1e-05,3e-05,4e-05,1e-05,0.0,0.0,-2e-05,0
4006,1e-05,1e-05,3e-05,4e-05,1e-05,0.0,0.0,-2e-05,0
4007,1e-05,1e-05,3e-05,4e-05,1e-05,0.0,0.0,-2e-05,0
4008,1e-05,1e-05,3e-05,4e-05,1e-05,0.0,0.0,-2e-05,0
4009,1e-05,1e-05,3e-05,4e-05,1e-05,0.0,0.0,-2e-05,0
4010,1e-05,1e-05,3e-05,4e-05,1e-05,0.0,0.0,-2e-05,0
4011,1e-05,1e-05,3e-05,4e-05,1e-05,0.0,0.0,-2e-05,0
4012,1e-05,1e-05,3e-05,4e-05,1e-05,0.0,0.0,-2e-05,0
4013,1e-05,1e-05,3e-05,4e-05,1e-05,0.0,0.0,-2e-05,0
4014,1e-05,1e-05,3e-05,4e-05,1e-05,0.0,0.0,-2e-05,0
4015,1e-05,1e-05,3e-05,4e-05,1e-05,0.0,0.0,-2e-05,0
4016,1e-05,1e-05,3e-05,4e-05,1e-05,0.0,0.0,-2e-05,0
4017,1e-05,1e-05,3e-05,4e-05,1e-05,0.0,0.0,-2e-05,0
4018,1e-05,1e-05,3e-05,4e-05,1e-05,0.0,0.0,-2e-05,0
4019,1e-05,1e-05,3e-05,4e-05,1e-05,0.0,0.0,-2e-05,0
4020,1e-05,1e-05,3e-05,4e-05,1e-05,0.0,0.0,-2e-05,0
4021,1e-05,1e-05,3e-05,4e-05,1e-05,0.0,0.0,-2e-05,0
4022,0.0,1e-05,0.0,0.00017,4e-05,0.0,-2e-05,-1e-05,0
4023,0.0,1e-05,0.0,0.00017,4e-05,0.0,-2e-05,-1e-05,0
4024,-2e-05,2e-05,1e-05,-2e-05,-2e-05,0.0,-2e-05,-2e-05,0
4025,-2e-05,2e-05,1e-05,-2e-05,-2e-05,0.0,-2e-05,-2e-05,0
4026,-2e-05,2e-05,1e-05,-2e-05,-2e-05,0.0,-2e-05,-2e-05,0
4027,-2e-05,2e-05,1e-05,-2e-05,-2e-05,0.0,-2e-05,-2e-05,0
4028,-2e-05,2e-05,1e-05,-2e-05,-2e-05,0.0,-2e-05,-2e-05,0
4029,-2e-05,2e-05,1e-05,-2e-05,-2e-05,0.0,-2e-05,-2e-05,0
4030,-2e-05,2e-05,1e-05,-2e-05,-2e-05,0.0,-2e-05,-2e-05,0
4031,-2e-05,2e-05,1e-05,-2e-05,-2e-05,0.0,-2e-05,-2e-05,0
4032,-2e-05,2e-05,1e-05,-2e-05,-2e-05,0.0,-2e-05,-2e-05,0
4033,-2e-05,2e-05,1e-05,-2e-05,-2e-05,0.0,-2e-05,-2e-05,0
4034,-2e-05,2e-05,1e-05,-2e-05,-2e-05,0.0,-2e-05,-2e-05,0
4035,-2e-05,2e-05,1e-05,-2e-05,-2e-05,0.0,-2e-05,-2e-05,0
4036,-2e-05,-3e-05,-2e-05,2e-05,-4e-05,0.0,0.0,1e-05,0
4038,-3e-05,-6e-05,-7e-05,-0.00011,-3e-05,-1e-05,-1e-05,0.0,0
4039,-3e-05,-6e-05,-7e-05,-0.00011,-3e-05,-1e-05,-1e-05,0.0,0
4040,-3e-05,-6e-05,-7e-05,-0.00011,-3e-05,-1e-05,-1e-05,0.0,0
4041,-3e-05,-6e-05,-7e-05,-0.00011,-3e-05,-1e-05,-1e-05,0.0,0
4042,-3e-05,-6e-05,-7e-05,-0.00011,-3e-05,-1e-05,-1e-05,0.0,0
4043,-3e-05,-6e-05,-7e-05,-0.00011,-3e-05,-1e-05,-1e-05,0.0,0
4044,-3e-05,-6e-05,-7e-05,-0.00011,-3e-05,-1e-05,-1e-05,0.0,0
4045,0.0,1e-05,1e-05,1e-05,1e-05,-1e-05,0.0,-1e-05,0
4046,0.0,1e-05,1e-05,1e-05,1e-05,-1e-05,0.0,-1e-05,0
4047,0.0,1e-05,1e-05,1e-05,1e-05,-1e-05,0.0,-1e-05,0
4048,0.0,1e-05,1e-05,1e-05,1e-05,-1e-05,0.0,-1e-05,0
4049,0.0,1e-05,1e-05,1e-05,1e-05,-1e-05,0.0,-1e-05,0
4050,0.0,1e-05,1e-05,1e-05,1e-05,-1e-05,0.0,-1e-05,0
4051,0.0,1e-05,1e-05,1e-05,1e-05,-1e-05,0.0,-1e-05,0
4052,0.0,1e-05,1e-05,1e-05,1e-05,-1e-05,0.0,-1e-05,0
4053,0.0,1e-05,1e-05,1e-05,1e-05,-1e-05,0.0,-1e-05,0
4054,0.0,1e-05,1e-05,1e-05,1e-05,-1e-05,0.0,-1e-05,0
4055,0.0,1e-05,1e-05,1e-05,1e-05,-1e-05,0.0,-1e-05,0
4056,0.0,1e-05,1e-05,1e-05,1e-05,-1e-05,0.0,-1e-05,0
4057,0.0,1e-05,1e-05,1e-05,1e-05,-1e-05,0.0,-1e-05,0
4058,0.0,1e-05,1e-05,1e-05,1e-05,-1e-05,0.0,-1e-05,0
4059,2e-05,3e-05,1e-05,4e-05,-4e-05,-1e-05,-2e-05,-1e-05,0
4060,-1e-05,-1e-05,0.0,-6e-05,-2e-05,-1e-05,-1e-05,-1e-05,0
4061,-1e-05,0.0,1e-05,-4e-05,-1e-05,-2e-05,0.0,-2e-05,0
4062,-1e-05,0.0,1e-05,-4e-05,-1e-05,-2e-05,0.0,-2e-05,0
4063,-1e-05,0.0,1e-05,-4e-05,-1e-05,-2e-05,0.0,-2e-05,0
4064,-1e-05,0.0,1e-05,-4e-05,-1e-05,-2e-05,0.0,-2e-05,0
4065,-1e-05,0.0,1e-05,-4e-05,-1e-05,-2e-05,0.0,-2e-05,0
4066,-1e-05,0.0,1e-05,-4e-05,-1e-05,-2e-05,0.0,-2e-05,0
4067,-1e-05,0.0,1e-05,-4e-05,-1e-05,-2e-05,0.0,-2e-05,0
4068,-1e-05,0.0,1e-05,-4e-05,-1e-05,-2e-05,0.0,-2e-05,0
4070,-1e-05,0.0,1e-05,-4e-05,-1e-05,-2e-05,0.0,-2e-05,0
4071,-1e-05,0.0,1e-05,-4e-05,-1e-05,-2e-05,0.0,-2e-05,0
4072,-1e-05,0.0,1e-05,-4e-05,-1e-05,-2e-05,0.0,-2e-05,0
4073,-1e-05,0.0,1e-05,-4e-05,-1e-05,-2e-05,0.0,-2e-05,0
4074,-1e-05,0.0,1e-05,-4e-05,-1e-05,-2e-05,0.0,-2e-05,0
4075,-1e-05,0.0,1e-05,-4e-05,-1e-05,-2e-05,0.0,-2e-05,0
4076,-1e-05,0.0,1e-05,-4e-05,-1e-05,-2e-05,0.0,-2e-05,0
4077,-1e-05,0.0,1e-05,-4e-05,-1e-05,-2e-05,0.0,-2e-05,0
4078,-1e-05,0.0,1e-05,-4e-05,-1e-05,-2e-05,0.0,-2e-05,0
4079,-1e-05,0.0,1e-05,-4e-05,-1e-05,-2e-05,0.0,-2e-05,0
4080,-1e-05,0.0,1e-05,-4e-05,-1e-05,-2e-05,0.0,-2e-05,0
4081,-1e-05,0.0,1e-05,-4e-05,-1e-05,-2e-05,0.0,-2e-05,0
4082,-2e-05,-1e-05,-1e-05,-1e-05,-1e-05,-1e-05,-2e-05,-2e-05,0
4083,-2e-05,-1e-05,-1e-05,-1e-05,-1e-05,-1e-05,-2e-05,-2e-05,0
4084,-2e-05,-2e-05,-3e-05,-3e-05,-4e-05,-1e-05,-2e-05,0.0,0
4085,-2e-05,-2e-05,-3e-05,-3e-05,-4e-05,-1e-05,-2e-05,0.0,0
4086,-2e-05,-2e-05,-3e-05,-3e-05,-4e-05,-1e-05,-2e-05,0.0,0
4088,-2e-05,-2e-05,-3e-05,-3e-05,-4e-05,-1e-05,-2e-05,0.0,0
4089,-2e-05,-2e-05,-3e-05,-3e-05,-4e-05,-1e-05,-2e-05,0.0,0
4090,-2e-05,-2e-05,-3e-05,-3e-05,-4e-05,-1e-05,-2e-05,0.0,0
4091,-2e-05,-2e-05,-3e-05,-3e-05,-4e-05,-1e-05,-2e-05,0.0,0
4092,-2e-05,-2e-05,-3e-05,-3e-05,-4e-05,-1e-05,-2e-05,0.0,0
4093,-2e-05,-2e-05,-3e-05,-3e-05,-4e-05,-1e-05,-2e-05,0.0,0
4094,-2e-05,-2e-05,-3e-05,-3e-05,-4e-05,-1e-05,-2e-05,0.0,0
4095,-2e-05,-2e-05,-3e-05,-3e-05,-4e-05,-1e-05,-2e-05,0.0,0
4096,-1e-05,-2e-05,-1e-05,1e-05,-1e-05,-1e-05,-1e-05,-2e-05,0
4097,-1e-05,-2e-05,-1e-05,1e-05,-1e-05,-1e-05,-1e-05,-2e-05,0
4098,-1e-05,-2e-05,-1e-05,1e-05,-1e-05,-1e-05,-1e-05,-2e-05,0
4099,-1e-05,-2e-05,-1e-05,1e-05,-1e-05,-1e-05,-1e-05,-2e-05,0
4100,-1e-05,-2e-05,-1e-05,1e-05,-1e-05,-1e-05,-1e-05,-2e-05,0
4101,-1e-05,-2e-05,-1e-05,1e-05,-1e-05,-1e-05,-1e-05,-2e-05,0
4102,-1e-05,-2e-05,-1e-05,1e-05,-1e-05,-1e-05,-1e-05,-2e-05,0
4103,-1e-05,-2e-05,-1e-05,1e-05,-1e-05,-1e-05,-1e-05,-2e-05,0
4104,-1e-05,-2e-05,-1e-05,1e-05,-1e-05,-1e-05,-1e-05,-2e-05,0
4105,-2e-05,-2e-05,-1e-05,0.0,0.0,-1e-05,-1e-05,0.0,0
4106,-2e-05,-2e-05,-1e-05,0.0,0.0,-1e-05,-1e-05,0.0,0
4107,-2e-05,-2e-05,-1e-05,0.0,0.0,-1e-05,-1e-05,0.0,0
4108,-2e-05,-2e-05,-1e-05,0.0,0.0,-1e-05,-1e-05,0.0,0
4109,-2e-05,-2e-05,-1e-05,0.0,0.0,-1e-05,-1e-05,0.0,0
4110,-2e-05,-2e-05,-1e-05,0.0,0.0,-1e-05,-1e-05,0.0,0
4111,-2e-05,-2e-05,-1e-05,0.0,0.0,-1e-05,-1e-05,0.0,0
4112,-2e-05,-2e-05,-1e-05,0.0,0.0,-1e-05,-1e-05,0.0,0
4113,-2e-05,-2e-05,-1e-05,0.0,0.0,-1e-05,-1e-05,0.0,0
4114,-2e-05,-2e-05,-1e-05,0.0,0.0,-1e-05,-1e-05,0.0,0
4115,-2e-05,-2e-05,-1e-05,0.0,0.0,-1e-05,-1e-05,0.0,0
4116,-2e-05,-2e-05,-1e-05,0.0,0.0,-1e-05,-1e-05,0.0,0
4117,-2e-05,-2e-05,-1e-05,0.0,0.0,-1e-05,-1e-05,0.0,0
4118,-2e-05,-2e-05,-1e-05,0.0,0.0,-1e-05,-1e-05,0.0,0
4119,-2e-05,-1e-05,-6e-05,-2e-05,-3e-05,-1e-05,0.0,-3e-05,0
4120,0.0,-1e-05,0.0,-1e-05,-1e-05,-1e-05,-1e-05,-1e-05,0
4121,0.0,0.0,1e-05,-5e-05,-1e-05,0.0,-2e-05,0.0,0
4122,0.0,0.0,1e-05,-5e-05,-1e-05,0.0,-2e-05,0.0,0
4123,0.0,0.0,1e-05,-5e-05,-1e-05,0.0,-2e-05,0.0,0
4124,0.0,0.0,1e-05,-5e-05,-1e-05,0.0,-2e-05,0.0,0
4125,0.0,0.0,1e-05,-5e-05,-1e-05,0.0,-2e-05,0.0,0
4126,0.0,0.0,1e-05,-5e-05,-1e-05,0.0,-2e-05,0.0,0
4127,0.0,0.0,1e-05,-5e-05,-1e-05,0.0,-2e-05,0.0,0
4128,0.0,0.0,1e-05,-5e-05,-1e-05,0.0,-2e-05,0.0,0
4129,0.0,0.0,1e-05,-5e-05,-1e-05,0.0,-2e-05,0.0,0
4130,0.0,0.0,1e-05,-5e-05,-1e-05,0.0,-2e-05,0.0,0
4131,0.0,0.0,1e-05,-5e-05,-1e-05,0.0,-2e-05,0.0,0
4132,0.0,0.0,1e-05,-5e-05,-1e-05,0.0,-2e-05,0.0,0
4133,0.0,0.0,1e-05,-5e-05,-1e-05,0.0,-2e-05,0.0,0
4134,0.0,0.0,1e-05,-5e-05,-1e-05,0.0,-2e-05,0.0,0
4135,0.0,0.0,1e-05,-5e-05,-1e-05,0.0,-2e-05,0.0,0
4136,0.0,0.0,1e-05,-5e-05,-1e-05,0.0,-2e-05,0.0,0
4138,0.0,0.0,1e-05,-5e-05,-1e-05,0.0,-2e-05,0.0,0
4139,0.0,0.0,1e-05,-5e-05,-1e-05,0.0,-2e-05,0.0,0
4140,0.0,0.0,1e-05,-5e-05,-1e-05,0.0,-2e-05,0.0,0
4141,0.0,0.0,1e-05,-5e-05,-1e-05,0.0,-2e-05,0.0,0
4142,-1e-05,0.0,-5e-05,-9e-05,-3e-05,-1e-05,-1e-05,-1e-05,0
4143,-1e-05,0.0,-5e-05,-9e-05,-3e-05,-1e-05,-1e-05,-1e-05,0
4144,-1e-05,-3e-05,-2e-05,-2e-05,0.0,0.0,-1e-05,-1e-05,0
4145,-1e-05,-3e-05,-2e-05,-2e-05,0.0,0.0,-1e-05,-1e-05,0
4146,-1e-05,-3e-05,-2e-05,-2e-05,0.0,0.0,-1e-05,-1e-05,0
4147,-1e-05,-3e-05,-2e-05,-2e-05,0.0,0.0,-1e-05,-1e-05,0
4148,-1e-05,-3e-05,-2e-05,-2e-05,0.0,0.0,-1e-05,-1e-05,0
4149,-1e-05,-3e-05,-2e-05,-2e-05,0.0,0.0,-1e-05,-1e-05,0
4150,-1e-05,-3e-05,-2e-05,-2e-05,0.0,0.0,-1e-05,-1e-05,0
4151,-1e-05,-3e-05,-2e-05,-2e-05,0.0,0.0,-1e-05,-1e-05,0
4152,-1e-05,-3e-05,-2e-05,-2e-05,0.0,0.0,-1e-05,-1e-05,0
4153,-1e-05,-3e-05,-2e-05,-2e-05,0.0,0.0,-1e-05,-1e-05,0
4154,-1e-05,-3e-05,-2e-05,-2e-05,0.0,0.0,-1e-05,-1e-05,0
4155,-1e-05,-3e-05,-2e-05,-2e-05,0.0,0.0,-1e-05,-1e-05,0
4156,1e-05,-2e-05,0.0,1e-05,0.0,-1e-05,0.0,-1e-05,0
4157,1e-05,-2e-05,0.0,1e-05,0.0,-1e-05,0.0,-1e-05,0
4158,1e-05,-2e-05,0.0,1e-05,0.0,-1e-05,0.0,-1e-05,0
4159,1e-05,-2e-05,0.0,1e-05,0.0,-1e-05,0.0,-1e-05,0
4160,1e-05,-2e-05,0.0,1e-05,0.0,-1e-05,0.0,-1e-05,0
4161,1e-05,-2e-05,0.0,1e-05,0.0,-1e-05,0.0,-1e-05,0
4162,1e-05,-2e-05,0.0,1e-05,0.0,-1e-05,0.0,-1e-05,0
4163,1e-05,-2e-05,0.0,1e-05,0.0,-1e-05,0.0,-1e-05,0
4164,1e-05,-2e-05,0.0,1e-05,0.0,-1e-05,0.0,-1e-05,0
4165,-2e-05,-4e-05,-5e-05,-2e-05,-1e-05,-1e-05,0.0,0.0,0
4166,-2e-05,-4e-05,-5e-05,-2e-05,-1e-05,-1e-05,0.0,0.0,0
4167,-2e-05,-4e-05,-5e-05,-2e-05,-1e-05,-1e-05,0.0,0.0,0
4168,-2e-05,-4e-05,-5e-05,-2e-05,-1e-05,-1e-05,0.0,0.0,0
4169,-2e-05,-4e-05,-5e-05,-2e-05,-1e-05,-1e-05,0.0,0.0,0
4170,-2e-05,-4e-05,-5e-05,-2e-05,-1e-05,-1e-05,0.0,0.0,0
4171,-2e-05,-4e-05,-5e-05,-2e-05,-1e-05,-1e-05,0.0,0.0,0
4172,-2e-05,-4e-05,-5e-05,-2e-05,-1e-05,-1e-05,0.0,0.0,0
4173,-2e-05,-4e-05,-5e-05,-2e-05,-1e-05,-1e-05,0.0,0.0,0
4174,-2e-05,-4e-05,-5e-05,-2e-05,-1e-05,-1e-05,0.0,0.0,0
4175,-2e-05,-4e-05,-5e-05,-2e-05,-1e-05,-1e-05,0.0,0.0,0
4176,-2e-05,-4e-05,-5e-05,-2e-05,-1e-05,-1e-05,0.0,0.0,0
4177,-2e-05,-4e-05,-5e-05,-2e-05,-1e-05,-1e-05,0.0,0.0,0
4178,-2e-05,-4e-05,-5e-05,-2e-05,-1e-05,-1e-05,0.0,0.0,0
4179,-2e-05,-2e-05,-2e-05,9e-05,0.0,-2e-05,-1e-05,1e-05,0
4180,-1e-05,3e-05,5e-05,2e-05,0.0,1e-05,-2e-05,-1e-05,0
4181,-2e-05,-3e-05,-3e-05,1e-05,-1e-05,-1e-05,0.0,-2e-05,0
4182,-2e-05,-3e-05,-3e-05,1e-05,-1e-05,-1e-05,0.0,-2e-05,0
4183,-2e-05,-3e-05,-3e-05,1e-05,-1e-05,-1e-05,0.0,-2e-05,0
4184,-2e-05,-3e-05,-3e-05,1e-05,-1e-05,-1e-05,0.0,-2e-05,0
4185,-2e-05,-3e-05,-3e-05,1e-05,-1e-05,-1e-05,0.0,-2e-05,0
4186,-2e-05,-3e-05,-3e-05,1e-05,-1e-05,-1e-05,0.0,-2e-05,0
4189,-2e-05,-3e-05,-3e-05,1e-05,-1e-05,-1e-05,0.0,-2e-05,0
4190,-2e-05,-3e-05,-3e-05,1e-05,-1e-05,-1e-05,0.0,-2e-05,0
4191,-2e-05,-3e-05,-3e-05,1e-05,-1e-05,-1e-05,0.0,-2e-05,0
4192,-2e-05,-3e-05,-3e-05,1e-05,-1e-05,-1e-05,0.0,-2e-05,0
4193,-2e-05,-3e-05,-3e-05,1e-05,-1e-05,-1e-05,0.0,-2e-05,0
4194,-2e-05,-3e-05,-3e-05,1e-05,-1e-05,-1e-05,0.0,-2e-05,0
4195,-2e-05,-3e-05,-3e-05,1e-05,-1e-05,-1e-05,0.0,-2e-05,0
4196,-2e-05,-3e-05,-3e-05,1e-05,-1e-05,-1e-05,0.0,-2e-05,0
4197,-2e-05,-3e-05,-3e-05,1e-05,-1e-05,-1e-05,0.0,-2e-05,0
4198,-2e-05,-3e-05,-3e-05,1e-05,-1e-05,-1e-05,0.0,-2e-05,0
4199,-2e-05,-3e-05,-3e-05,1e-05,-1e-05,-1e-05,0.0,-2e-05,0
4200,-2e-05,-3e-05,-3e-05,1e-05,-1e-05,-1e-05,0.0,-2e-05,0
4201,-2e-05,-3e-05,-3e-05,1e-05,-1e-05,-1e-05,0.0,-2e-05,0
4202,2e-05,1e-05,0.0,-1e-05,-1e-05,0.0,-1e-05,-1e-05,0
4203,2e-05,1e-05,0.0,-1e-05,-1e-05,0.0,-1e-05,-1e-05,0
4204,-2e-05,-3e-05,-3e-05,-3e-05,-3e-05,-1e-05,-3e-05,1e-05,0
4205,-2e-05,-3e-05,-3e-05,-3e-05,-3e-05,-1e-05,-3e-05,1e-05,0
4206,-2e-05,-3e-05,-3e-05,-3e-05,-3e-05,-1e-05,-3e-05,1e-05,0
4207,-2e-05,-3e-05,-3e-05,-3e-05,-3e-05,-1e-05,-3e-05,1e-05,0
4208,-2e-05,-3e-05,-3e-05,-3e-05,-3e-05,-1e-05,-3e-05,1e-05,0
4209,-2e-05,-3e-05,-3e-05,-3e-05,-3e-05,-1e-05,-3e-05,1e-05,0
4210,-2e-05,-3e-05,-3e-05,-3e-05,-3e-05,-1e-05,-3e-05,1e-05,0
4211,-2e-05,-3e-05,-3e-05,-3e-05,-3e-05,-1e-05,-3e-05,1e-05,0
4212,-2e-05,-3e-05,-3e-05,-3e-05,-3e-05,-1e-05,-3e-05,1e-05,0
4213,-2e-05,-3e-05,-3e-05,-3e-05,-3e-05,-1e-05,-3e-05,1e-05,0
4214,-2e-05,-3e-05,-3e-05,-3e-05,-3e-05,-1e-05,-3e-05,1e-05,0
4215,-2e-05,-3e-05,-3e-05,-3e-05,-3e-05,-1e-05,-3e-05,1e-05,0
4216,-2e-05,1e-05,-1e-05,-9e-05,-2e-05,1e-05,-1e-05,-2e-05,0
4217,-2e-05,1e-05,-1e-05,-9e-05,-2e-05,1e-05,-1e-05,-2e-05,0
4218,-2e-05,1e-05,-1e-05,-9e-05,-2e-05,1e-05,-1e-05,-2e-05,0
4219,-2e-05,1e-05,-1e-05,-9e-05,-2e-05,1e-05,-1e-05,-2e-05,0
4220,-2e-05,1e-05,-1e-05,-9e-05,-2e-05,1e-05,-1e-05,-2e-05,0
4221,-2e-05,1e-05,-1e-05,-9e-05,-2e-05,1e-05,-1e-05,-2e-05,0
4222,-2e-05,1e-05,-1e-05,-9e-05,-2e-05,1e-05,-1e-05,-2e-05,0
4223,-2e-05,1e-05,-1e-05,-9e-05,-2e-05,1e-05,-1e-05,-2e-05,0
4224,-2e-05,1e-05,-1e-05,-9e-05,-2e-05,1e-05,-1e-05,-2e-05,0
4225,1e-05,-2e-05,-2e-05,-2e-05,-3e-05,-2e-05,-1e-05,0.0,0
4226,1e-05,-2e-05,-2e-05,-2e-05,-3e-05,-2e-05,-1e-05,0.0,0
4227,1e-05,-2e-05,-2e-05,-2e-05,-3e-05,-2e-05,-1e-05,0.0,0
4228,1e-05,-2e-05,-2e-05,-2e-05,-3e-05,-2e-05,-1e-05,0.0,0
4229,1e-05,-2e-05,-2e-05,-2e-05,-3e-05,-2e-05,-1e-05,0.0,0
4230,1e-05,-2e-05,-2e-05,-2e-05,-3e-05,-2e-05,-1e-05,0.0,0
4231,1e-05,-2e-05,-2e-05,-2e-05,-3e-05,-2e-05,-1e-05,0.0,0
4232,1e-05,-2e-05,-2e-05,-2e-05,-3e-05,-2e-05,-1e-05,0.0,0
4233,1e-05,-2e-05,-2e-05,-2e-05,-3e-05,-2e-05,-1e-05,0.0,0
4234,1e-05,-2e-05,-2e-05,-2e-05,-3e-05,-2e-05,-1e-05,0.0,0
4235,1e-05,-2e-05,-2e-05,-2e-05,-3e-05,-2e-05,-1e-05,0.0,0
4236,1e-05,-2e-05,-2e-05,-2e-05,-3e-05,-2e-05,-1e-05,0.0,0
4238,1e-05,-2e-05,-2e-05,-2e-05,-3e-05,-2e-05,-1e-05,0.0,0
4239,0.0,-2e-05,0.0,0.0,-1e-05,0.0,0.0,-1e-05,0
4240,-1e-05,-2e-05,-1e-05,-7e-05,-1e-05,1e-05,1e-05,-1e-05,0
4241,1e-05,6e-05,5e-05,0.0,-2e-05,-3e-05,-1e-05,-1e-05,0
4242,-1e-05,-2e-05,0.0,2e-05,2e-05,-1e-05,1e-05,2e-05,0
4243,-1e-05,-2e-05,0.0,2e-05,2e-05,-1e-05,1e-05,2e-05,0
4244,-1e-05,-2e-05,0.0,2e-05,2e-05,-1e-05,1e-05,2e-05,0
4245,-1e-05,-2e-05,0.0,2e-05,2e-05,-1e-05,1e-05,2e-05,0
4246,-1e-05,-2e-05,0.0,2e-05,2e-05,-1e-05,1e-05,2e-05,0
4247,-1e-05,-2e-05,0.0,2e-05,2e-05,-1e-05,1e-05,2e-05,0
4248,-1e-05,-2e-05,0.0,2e-05,2e-05,-1e-05,1e-05,2e-05,0
4249,-1e-05,-2e-05,0.0,2e-05,2e-05,-1e-05,1e-05,2e-05,0
4250,-1e-05,-2e-05,0.0,2e-05,2e-05,-1e-05,1e-05,2e-05,0
4251,-1e-05,-2e-05,0.0,2e-05,2e-05,-1e-05,1e-05,2e-05,0
4252,-1e-05,-2e-05,0.0,2e-05,2e-05,-1e-05,1e-05,2e-05,0
4253,-1e-05,-2e-05,0.0,2e-05,2e-05,-1e-05,1e-05,2e-05,0
4254,-1e-05,-2e-05,0.0,2e-05,2e-05,-1e-05,1e-05,2e-05,0
4255,-1e-05,-2e-05,0.0,2e-05,2e-05,-1e-05,1e-05,2e-05,0
4256,-1e-05,-2e-05,0.0,2e-05,2e-05,-1e-05,1e-05,2e-05,0
4257,-1e-05,-2e-05,0.0,2e-05,2e-05,-1e-05,1e-05,2e-05,0
4258,-1e-05,-2e-05,0.0,2e-05,2e-05,-1e-05,1e-05,2e-05,0
4259,-1e-05,-2e-05,0.0,2e-05,2e-05,-1e-05,1e-05,2e-05,0
4260,-1e-05,-2e-05,0.0,2e-05,2e-05,-1e-05,1e-05,2e-05,0
4261,-1e-05,-2e-05,0.0,2e-05,2e-05,-1e-05,1e-05,2e-05,0
4262,-2e-05,-3e-05,-2e-05,0.0,-3e-05,-2e-05,-2e-05,0.0,0
4263,-2e-05,-3e-05,-2e-05,0.0,-3e-05,-2e-05,-2e-05,0.0,0
4264,1e-05,3e-05,6e-05,8e-05,1e-05,-3e-05,-2e-05,0.0,0
4265,1e-05,3e-05,6e-05,8e-05,1e-05,-3e-05,-2e-05,0.0,0
4266,1e-05,3e-05,6e-05,8e-05,1e-05,-3e-05,-2e-05,0.0,0
4267,1e-05,3e-05,6e-05,8e-05,1e-05,-3e-05,-2e-05,0.0,0
4268,1e-05,3e-05,6e-05,8e-05,1e-05,-3e-05,-2e-05,0.0,0
4269,1e-05,3e-05,6e-05,8e-05,1e-05,-3e-05,-2e-05,0.0,0
4270,1e-05,3e-05,6e-05,8e-05,1e-05,-3e-05,-2e-05,0.0,0
4271,1e-05,3e-05,6e-05,8e-05,1e-05,-3e-05,-2e-05,0.0,0
4272,1e-05,3e-05,6e-05,8e-05,1e-05,-3e-05,-2e-05,0.0,0
4273,1e-05,3e-05,6e-05,8e-05,1e-05,-3e-05,-2e-05,0.0,0
4274,1e-05,3e-05,6e-05,8e-05,1e-05,-3e-05,-2e-05,0.0,0
4275,1e-05,3e-05,6e-05,8e-05,1e-05,-3e-05,-2e-05,0.0,0
4276,1e-05,3e-05,6e-05,8e-05,1e-05,-3e-05,-2e-05,0.0,0
4277,1e-05,3e-05,6e-05,8e-05,1e-05,-3e-05,-2e-05,0.0,0
4278,1e-05,3e-05,6e-05,8e-05,1e-05,-3e-05,-2e-05,0.0,0
4279,1e-05,3e-05,6e-05,8e-05,1e-05,-3e-05,-2e-05,0.0,0
4280,1e-05,3e-05,6e-05,8e-05,1e-05,-3e-05,-2e-05,0.0,0
4281,1e-05,3e-05,6e-05,8e-05,1e-05,-3e-05,-2e-05,0.0,0
4282,1e-05,3e-05,6e-05,8e-05,1e-05,-3e-05,-2e-05,0.0,0
4283,1e-05,3e-05,6e-05,8e-05,1e-05,-3e-05,-2e-05,0.0,0
4284,-1e-05,6e-05,6e-05,1e-05,2e-05,0.0,-3e-05,-2e-05,0
4285,-2e-05,-4e-05,-6e-05,-3e-05,-1e-05,-2e-05,1e-05,1e-05,0
4286,-2e-05,-3e-05,-4e-05,6e-05,-1e-05,1e-05,0.0,-2e-05,0
4288,-2e-05,-3e-05,-4e-05,6e-05,-1e-05,1e-05,0.0,-2e-05,0
4290,-2e-05,-3e-05,-4e-05,6e-05,-1e-05,1e-05,0.0,-2e-05,0
4291,-2e-05,-3e-05,-4e-05,6e-05,-1e-05,1e-05,0.0,-2e-05,0
4292,-2e-05,-3e-05,-4e-05,6e-05,-1e-05,1e-05,0.0,-2e-05,0
4293,-2e-05,-3e-05,-4e-05,6e-05,-1e-05,1e-05,0.0,-2e-05,0
4294,-2e-05,-3e-05,-4e-05,6e-05,-1e-05,1e-05,0.0,-2e-05,0
4295,-2e-05,-3e-05,-4e-05,6e-05,-1e-05,1e-05,0.0,-2e-05,0
4296,-2e-05,-3e-05,-4e-05,6e-05,-1e-05,1e-05,0.0,-2e-05,0
4297,-2e-05,-3e-05,-4e-05,6e-05,-1e-05,1e-05,0.0,-2e-05,0
4298,-2e-05,-3e-05,-4e-05,6e-05,-1e-05,1e-05,0.0,-2e-05,0
4299,1e-05,-2e-05,-1e-05,-2e-05,0.0,0.0,-1e-05,-1e-05,0
4300,0.0,-1e-05,2e-05,2e-05,-1e-05,1e-05,-2e-05,-1e-05,0
4301,-1e-05,-2e-05,3e-05,0.00013,2e-05,-2e-05,0.0,-1e-05,0
4302,-1e-05,-2e-05,3e-05,0.00013,2e-05,-2e-05,0.0,-1e-05,0
4303,-1e-05,-2e-05,3e-05,0.00013,2e-05,-2e-05,0.0,-1e-05,0
4304,-1e-05,-2e-05,3e-05,0.00013,2e-05,-2e-05,0.0,-1e-05,0
4305,-1e-05,-2e-05,3e-05,0.00013,2e-05,-2e-05,0.0,-1e-05,0
4306,-1e-05,-2e-05,3e-05,0.00013,2e-05,-2e-05,0.0,-1e-05,0
4307,-1e-05,-2e-05,3e-05,0.00013,2e-05,-2e-05,0.0,-1e-05,0
4308,-1e-05,-2e-05,3e-05,0.00013,2e-05,-2e-05,0.0,-1e-05,0
4309,-1e-05,-2e-05,3e-05,0.00013,2e-05,-2e-05,0.0,-1e-05,0
4310,-1e-05,-2e-05,3e-05,0.00013,2e-05,-2e-05,0.0,-1e-05,0
4311,-1e-05,-2e-05,3e-05,0.00013,2e-05,-2e-05,0.0,-1e-05,0
4312,-1e-05,-2e-05,3e-05,0.00013,2e-05,-2e-05,0.0,-1e-05,0
4313,-1e-05,-2e-05,3e-05,0.00013,2e-05,-2e-05,0.0,-1e-05,0
4314,-1e-05,-2e-05,3e-05,0.00013,2e-05,-2e-05,0.0,-1e-05,0
4315,-1e-05,-2e-05,3e-05,0.00013,2e-05,-2e-05,0.0,-1e-05,0
4316,-1e-05,-2e-05,3e-05,0.00013,2e-05,-2e-05,0.0,-1e-05,0
4317,-1e-05,-2e-05,3e-05,0.00013,2e-05,-2e-05,0.0,-1e-05,0
4318,-1e-05,-2e-05,3e-05,0.00013,2e-05,-2e-05,0.0,-1e-05,0
4319,-1e-05,-2e-05,3e-05,0.00013,2e-05,-2e-05,0.0,-1e-05,0
4320,-1e-05,-2e-05,3e-05,0.00013,2e-05,-2e-05,0.0,-1e-05,0
4321,-1e-05,-2e-05,3e-05,0.00013,2e-05,-2e-05,0.0,-1e-05,0
4322,0.0,2e-05,-1e-05,2e-05,0.0,0.0,-1e-05,-2e-05,0
4323,0.0,2e-05,-1e-05,2e-05,0.0,0.0,-1e-05,-2e-05,0
4324,0.0,2e-05,1e-05,-5e-05,0.0,-1e-05,-1e-05,-1e-05,0
4325,0.0,2e-05,1e-05,-5e-05,0.0,-1e-05,-1e-05,-1e-05,0
4326,0.0,2e-05,1e-05,-5e-05,0.0,-1e-05,-1e-05,-1e-05,0
4327,0.0,2e-05,1e-05,-5e-05,0.0,-1e-05,-1e-05,-1e-05,0
4328,0.0,2e-05,1e-05,-5e-05,0.0,-1e-05,-1e-05,-1e-05,0
4329,0.0,2e-05,1e-05,-5e-05,0.0,-1e-05,-1e-05,-1e-05,0
4330,0.0,2e-05,1e-05,-5e-05,0.0,-1e-05,-1e-05,-1e-05,0
4331,0.0,2e-05,1e-05,-5e-05,0.0,-1e-05,-1e-05,-1e-05,0
4332,0.0,2e-05,1e-05,-5e-05,0.0,-1e-05,-1e-05,-1e-05,0
4333,0.0,2e-05,1e-05,-5e-05,0.0,-1e-05,-1e-05,-1e-05,0
4334,0.0,2e-05,1e-05,-5e-05,0.0,-1e-05,-1e-05,-1e-05,0
4335,0.0,2e-05,1e-05,-5e-05,0.0,-1e-05,-1e-05,-1e-05,0
4336,0.0,2e-05,1e-05,-5e-05,0.0,-1e-05,-1e-05,-1e-05,0
4338,0.0,2e-05,1e-05,-5e-05,0.0,-1e-05,-1e-05,-1e-05,0
4339,0.0,2e-05,1e-05,-5e-05,0.0,-1e-05,-1e-05,-1e-05,0
4340,0.0,2e-05,1e-05,-5e-05,0.0,-1e-05,-1e-05,-1e-05,0
4341,0.0,2e-05,1e-05,-5e-05,0.0,-1e-05,-1e-05,-1e-05,0
4342,0.0,2e-05,1e-05,-5e-05,0.0,-1e-05,-1e-05,-1e-05,0
4343,0.0,2e-05,1e-05,-5e-05,0.0,-1e-05,-1e-05,-1e-05,0
4344,0.0,2e-05,1e-05,-5e-05,0.0,-1e-05,-1e-05,-1e-05,0
4345,-1e-05,-1e-05,1e-05,-2e-05,1e-05,-1e-05,-1e-05,1e-05,0
4346,-1e-05,-1e-05,1e-05,-2e-05,1e-05,-1e-05,-1e-05,1e-05,0
4347,-5e-05,-6e-05,-6e-05,-7e-05,-2e-05,-1e-05,-3e-05,-2e-05,0
4348,-5e-05,-6e-05,-6e-05,-7e-05,-2e-05,-1e-05,-3e-05,-2e-05,0
4349,-5e-05,-6e-05,-6e-05,-7e-05,-2e-05,-1e-05,-3e-05,-2e-05,0
4350,-5e-05,-6e-05,-6e-05,-7e-05,-2e-05,-1e-05,-3e-05,-2e-05,0
4351,-5e-05,-6e-05,-6e-05,-7e-05,-2e-05,-1e-05,-3e-05,-2e-05,0
4352,-5e-05,-6e-05,-6e-05,-7e-05,-2e-05,-1e-05,-3e-05,-2e-05,0
4353,-5e-05,-6e-05,-6e-05,-7e-05,-2e-05,-1e-05,-3e-05,-2e-05,0
4354,-5e-05,-6e-05,-6e-05,-7e-05,-2e-05,-1e-05,-3e-05,-2e-05,0
4355,-5e-05,-6e-05,-6e-05,-7e-05,-2e-05,-1e-05,-3e-05,-2e-05,0
4356,-5e-05,-6e-05,-6e-05,-7e-05,-2e-05,-1e-05,-3e-05,-2e-05,0
4357,-5e-05,-6e-05,-6e-05,-7e-05,-2e-05,-1e-05,-3e-05,-2e-05,0
4358,-5e-05,-6e-05,-6e-05,-7e-05,-2e-05,-1e-05,-3e-05,-2e-05,0
4359,-3e-05,0.0,-2e-05,-1e-05,0.0,1e-05,-3e-05,-1e-05,0
4360,1e-05,2e-05,0.0,-1e-05,0.0,1e-05,-1e-05,1e-05,0
4361,1e-05,0.0,1e-05,3e-05,2e-05,2e-05,-1e-05,-2e-05,0
4362,1e-05,0.0,1e-05,3e-05,2e-05,2e-05,-1e-05,-2e-05,0
4363,1e-05,0.0,1e-05,3e-05,2e-05,2e-05,-1e-05,-2e-05,0
4364,1e-05,0.0,1e-05,3e-05,2e-05,2e-05,-1e-05,-2e-05,0
4365,1e-05,0.0,1e-05,3e-05,2e-05,2e-05,-1e-05,-2e-05,0
4366,1e-05,0.0,1e-05,3e-05,2e-05,2e-05,-1e-05,-2e-05,0
4367,1e-05,0.0,1e-05,3e-05,2e-05,2e-05,-1e-05,-2e-05,0
4368,1e-05,0.0,1e-05,3e-05,2e-05,2e-05,-1e-05,-2e-05,0
4369,1e-05,0.0,1e-05,3e-05,2e-05,2e-05,-1e-05,-2e-05,0
4370,1e-05,0.0,1e-05,3e-05,2e-05,2e-05,-1e-05,-2e-05,0
4371,1e-05,0.0,1e-05,3e-05,2e-05,2e-05,-1e-05,-2e-05,0
4372,1e-05,0.0,1e-05,3e-05,2e-05,2e-05,-1e-05,-2e-05,0
4373,1e-05,0.0,1e-05,3e-05,2e-05,2e-05,-1e-05,-2e-05,0
4374,1e-05,0.0,1e-05,3e-05,2e-05,2e-05,-1e-05,-2e-05,0
4375,1e-05,0.0,1e-05,3e-05,2e-05,2e-05,-1e-05,-2e-05,0
4376,1e-05,0.0,1e-05,3e-05,2e-05,2e-05,-1e-05,-2e-05,0
4377,1e-05,0.0,1e-05,3e-05,2e-05,2e-05,-1e-05,-2e-05,0
4378,1e-05,0.0,1e-05,3e-05,2e-05,2e-05,-1e-05,-2e-05,0
4379,1e-05,0.0,1e-05,3e-05,2e-05,2e-05,-1e-05,-2e-05,0
4380,1e-05,0.0,1e-05,3e-05,2e-05,2e-05,-1e-05,-2e-05,0
4381,1e-05,0.0,1e-05,3e-05,2e-05,2e-05,-1e-05,-2e-05,0
4382,-3e-05,0.0,2e-05,-2e-05,0.0,-1e-05,-1e-05,-3e-05,0
4383,-3e-05,0.0,2e-05,-2e-05,0.0,-1e-05,-1e-05,-3e-05,0
4384,-3e-05,-7e-05,-6e-05,-8e-05,-3e-05,-2e-05,-2e-05,-3e-05,0
4385,-3e-05,-7e-05,-6e-05,-8e-05,-3e-05,-2e-05,-2e-05,-3e-05,0
4386,-3e-05,-7e-05,-6e-05,-8e-05,-3e-05,-2e-05,-2e-05,-3e-05,0
4388,-3e-05,-7e-05,-6e-05,-8e-05,-3e-05,-2e-05,-2e-05,-3e-05,0
4389,-3e-05,-7e-05,-6e-05,-8e-05,-3e-05,-2e-05,-2e-05,-3e-05,0
4390,-3e-05,-7e-05,-6e-05,-8e-05,-3e-05,-2e-05,-2e-05,-3e-05,0
4391,-3e-05,-7e-05,-6e-05,-8e-05,-3e-05,-2e-05,-2e-05,-3e-05,0
4392,-3e-05,-7e-05,-6e-05,-8e-05,-3e-05,-2e-05,-2e-05,-3e-05,0
4393,-3e-05,-7e-05,-6e-05,-8e-05,-3e-05,-2e-05,-2e-05,-3e-05,0
4394,-3e-05,-7e-05,-6e-05,-8e-05,-3e-05,-2e-05,-2e-05,-3e-05,0
4395,-3e-05,-7e-05,-6e-05,-8e-05,-3e-05,-2e-05,-2e-05,-3e-05,0
4396,-3e-05,-7e-05,-6e-05,-8e-05,-3e-05,-2e-05,-2e-05,-3e-05,0
4397,-3e-05,-7e-05,-6e-05,-8e-05,-3e-05,-2e-05,-2e-05,-3e-05,0
4398,-3e-05,-7e-05,-6e-05,-8e-05,-3e-05,-2e-05,-2e-05,-3e-05,0
4399,-3e-05,-7e-05,-6e-05,-8e-05,-3e-05,-2e-05,-2e-05,-3e-05,0
4400,-3e-05,-7e-05,-6e-05,-8e-05,-3e-05,-2e-05,-2e-05,-3e-05,0
4401,-3e-05,-7e-05,-6e-05,-8e-05,-3e-05,-2e-05,-2e-05,-3e-05,0
4402,-3e-05,-7e-05,-6e-05,-8e-05,-3e-05,-2e-05,-2e-05,-3e-05,0
4403,-3e-05,-7e-05,-6e-05,-8e-05,-3e-05,-2e-05,-2e-05,-3e-05,0
4404,1e-05,1e-05,0.0,-1e-05,1e-05,0.0,-1e-05,-1e-05,0
4405,-1e-05,-1e-05,-2e-05,-1e-05,-2e-05,-2e-05,0.0,0.0,0
4406,-3e-05,2e-05,0.0,-3e-05,-1e-05,0.0,0.0,-1e-05,0
4407,-3e-05,2e-05,0.0,-3e-05,-1e-05,0.0,0.0,-1e-05,0
4408,-3e-05,2e-05,0.0,-3e-05,-1e-05,0.0,0.0,-1e-05,0
4409,-3e-05,2e-05,0.0,-3e-05,-1e-05,0.0,0.0,-1e-05,0
4410,-3e-05,2e-05,0.0,-3e-05,-1e-05,0.0,0.0,-1e-05,0
4411,-3e-05,2e-05,0.0,-3e-05,-1e-05,0.0,0.0,-1e-05,0
4412,-3e-05,2e-05,0.0,-3e-05,-1e-05,0.0,0.0,-1e-05,0
4413,-3e-05,2e-05,0.0,-3e-05,-1e-05,0.0,0.0,-1e-05,0
4414,-3e-05,2e-05,0.0,-3e-05,-1e-05,0.0,0.0,-1e-05,0
4415,-3e-05,2e-05,0.0,-3e-05,-1e-05,0.0,0.0,-1e-05,0
4416,-3e-05,2e-05,0.0,-3e-05,-1e-05,0.0,0.0,-1e-05,0
4417,-3e-05,2e-05,0.0,-3e-05,-1e-05,0.0,0.0,-1e-05,0
4418,-3e-05,2e-05,0.0,-3e-05,-1e-05,0.0,0.0,-1e-05,0
4419,0.0,1e-05,5e-05,-1e-05,0.0,0.0,-1e-05,-1e-05,0
4420,-2e-05,-1e-05,-2e-05,1e-05,0.0,-1e-05,-1e-05,-1e-05,0
4421,-2e-05,-4e-05,-4e-05,-5e-05,-1e-05,-2e-05,-1e-05,-1e-05,0
4422,-2e-05,-4e-05,-4e-05,-5e-05,-1e-05,-2e-05,-1e-05,-1e-05,0
4423,-2e-05,-4e-05,-4e-05,-5e-05,-1e-05,-2e-05,-1e-05,-1e-05,0
4424,-2e-05,-4e-05,-4e-05,-5e-05,-1e-05,-2e-05,-1e-05,-1e-05,0
4425,-2e-05,-4e-05,-4e-05,-5e-05,-1e-05,-2e-05,-1e-05,-1e-05,0
4426,-2e-05,-4e-05,-4e-05,-5e-05,-1e-05,-2e-05,-1e-05,-1e-05,0
4427,-2e-05,-4e-05,-4e-05,-5e-05,-1e-05,-2e-05,-1e-05,-1e-05,0
4428,-2e-05,-4e-05,-4e-05,-5e-05,-1e-05,-2e-05,-1e-05,-1e-05,0
4429,-2e-05,-4e-05,-4e-05,-5e-05,-1e-05,-2e-05,-1e-05,-1e-05,0
4430,-2e-05,-4e-05,-4e-05,-5e-05,-1e-05,-2e-05,-1e-05,-1e-05,0
4431,-2e-05,-4e-05,-4e-05,-5e-05,-1e-05,-2e-05,-1e-05,-1e-05,0
4432,-2e-05,-4e-05,-4e-05,-5e-05,-1e-05,-2e-05,-1e-05,-1e-05,0
4433,-2e-05,-4e-05,-4e-05,-5e-05,-1e-05,-2e-05,-1e-05,-1e-05,0
4434,-2e-05,-4e-05,-4e-05,-5e-05,-1e-05,-2e-05,-1e-05,-1e-05,0
4435,-2e-05,-4e-05,-4e-05,-5e-05,-1e-05,-2e-05,-1e-05,-1e-05,0
4436,-2e-05,-4e-05,-4e-05,-5e-05,-1e-05,-2e-05,-1e-05,-1e-05,0
4438,-2e-05,-4e-05,-4e-05,-5e-05,-1e-05,-2e-05,-1e-05,-1e-05,0
4439,-2e-05,-4e-05,-4e-05,-5e-05,-1e-05,-2e-05,-1e-05,-1e-05,0
4440,-2e-05,-4e-05,-4e-05,-5e-05,-1e-05,-2e-05,-1e-05,-1e-05,0
4441,-2e-05,-4e-05,-4e-05,-5e-05,-1e-05,-2e-05,-1e-05,-1e-05,0
4442,1e-05,0.0,0.0,-1e-05,-1e-05,0.0,-3e-05,0.0,0
4443,1e-05,0.0,0.0,-1e-05,-1e-05,0.0,-3e-05,0.0,0
4444,0.0,3e-05,4e-05,5e-05,-1e-05,-2e-05,-3e-05,-2e-05,0
4445,0.0,3e-05,4e-05,5e-05,-1e-05,-2e-05,-3e-05,-2e-05,0
4446,0.0,3e-05,4e-05,5e-05,-1e-05,-2e-05,-3e-05,-2e-05,0
4447,0.0,3e-05,4e-05,5e-05,-1e-05,-2e-05,-3e-05,-2e-05,0
4448,0.0,3e-05,4e-05,5e-05,-1e-05,-2e-05,-3e-05,-2e-05,0
4449,0.0,3e-05,4e-05,5e-05,-1e-05,-2e-05,-3e-05,-2e-05,0
4450,0.0,3e-05,4e-05,5e-05,-1e-05,-2e-05,-3e-05,-2e-05,0
4451,0.0,3e-05,4e-05,5e-05,-1e-05,-2e-05,-3e-05,-2e-05,0
4452,0.0,3e-05,4e-05,5e-05,-1e-05,-2e-05,-3e-05,-2e-05,0
4453,0.0,3e-05,4e-05,5e-05,-1e-05,-2e-05,-3e-05,-2e-05,0
4454,0.0,3e-05,4e-05,5e-05,-1e-05,-2e-05,-3e-05,-2e-05,0
4455,0.0,3e-05,4e-05,5e-05,-1e-05,-2e-05,-3e-05,-2e-05,0
4456,0.0,3e-05,4e-05,5e-05,-1e-05,-2e-05,-3e-05,-2e-05,0
4457,0.0,3e-05,4e-05,5e-05,-1e-05,-2e-05,-3e-05,-2e-05,0
4458,0.0,3e-05,4e-05,5e-05,-1e-05,-2e-05,-3e-05,-2e-05,0
4459,0.0,3e-05,4e-05,5e-05,-1e-05,-2e-05,-3e-05,-2e-05,0
4460,0.0,3e-05,4e-05,5e-05,-1e-05,-2e-05,-3e-05,-2e-05,0
4461,0.0,3e-05,4e-05,5e-05,-1e-05,-2e-05,-3e-05,-2e-05,0
4462,0.0,3e-05,4e-05,5e-05,-1e-05,-2e-05,-3e-05,-2e-05,0
4463,0.0,3e-05,4e-05,5e-05,-1e-05,-2e-05,-3e-05,-2e-05,0
4464,-2e-05,-2e-05,-2e-05,-1e-05,-2e-05,-1e-05,-1e-05,-2e-05,0
4465,-2e-05,-4e-05,-2e-05,4e-05,0.0,-1e-05,0.0,-1e-05,0
4466,-3e-05,-1e-05,-4e-05,-9e-05,-4e-05,-1e-05,1e-05,0.0,0
4467,-3e-05,-1e-05,-4e-05,-9e-05,-4e-05,-1e-05,1e-05,0.0,0
4468,-3e-05,-1e-05,-4e-05,-9e-05,-4e-05,-1e-05,1e-05,0.0,0
4469,-3e-05,-1e-05,-4e-05,-9e-05,-4e-05,-1e-05,1e-05,0.0,0
4470,-3e-05,-1e-05,-4e-05,-9e-05,-4e-05,-1e-05,1e-05,0.0,0
4471,-3e-05,-1e-05,-4e-05,-9e-05,-4e-05,-1e-05,1e-05,0.0,0
4472,-3e-05,-1e-05,-4e-05,-9e-05,-4e-05,-1e-05,1e-05,0.0,0
4473,-3e-05,-1e-05,-4e-05,-9e-05,-4e-05,-1e-05,1e-05,0.0,0
4474,-3e-05,-1e-05,-4e-05,-9e-05,-4e-05,-1e-05,1e-05,0.0,0
4475,-3e-05,-1e-05,-4e-05,-9e-05,-4e-05,-1e-05,1e-05,0.0,0
4476,-3e-05,-1e-05,-4e-05,-9e-05,-4e-05,-1e-05,1e-05,0.0,0
4477,-3e-05,-1e-05,-4e-05,-9e-05,-4e-05,-1e-05,1e-05,0.0,0
4478,-3e-05,-1e-05,-4e-05,-9e-05,-4e-05,-1e-05,1e-05,0.0,0
4479,1e-05,-2e-05,-2e-05,1e-05,-3e-05,0.0,-1e-05,-1e-05,0
4480,1e-05,-2e-05,-2e-05,1e-05,-3e-05,0.0,-1e-05,-1e-05,0
4481,1e-05,-2e-05,-2e-05,1e-05,-3e-05,0.0,-1e-05,-1e-05,0
4482,1e-05,-2e-05,-2e-05,1e-05,-3e-05,0.0,-1e-05,-1e-05,0
4483,1e-05,-2e-05,-2e-05,1e-05,-3e-05,0.0,-1e-05,-1e-05,0
4484,1e-05,-2e-05,-2e-05,1e-05,-3e-05,0.0,-1e-05,-1e-05,0
4485,1e-05,-2e-05,-2e-05,1e-05,-3e-05,0.0,-1e-05,-1e-05,0
4486,1e-05,-2e-05,-2e-05,1e-05,-3e-05,0.0,-1e-05,-1e-05,0
4489,2e-05,4e-05,7e-05,1e-05,-1e-05,-1e-05,-1e-05,-1e-05,0
4490,2e-05,4e-05,7e-05,1e-05,-1e-05,-1e-05,-1e-05,-1e-05,0
4491,2e-05,4e-05,7e-05,1e-05,-1e-05,-1e-05,-1e-05,-1e-05,0
4492,2e-05,4e-05,7e-05,1e-05,-1e-05,-1e-05,-1e-05,-1e-05,0
4493,2e-05,4e-05,7e-05,1e-05,-1e-05,-1e-05,-1e-05,-1e-05,0
4494,2e-05,4e-05,7e-05,1e-05,-1e-05,-1e-05,-1e-05,-1e-05,0
4495,2e-05,4e-05,7e-05,1e-05,-1e-05,-1e-05,-1e-05,-1e-05,0
4496,2e-05,4e-05,7e-05,1e-05,-1e-05,-1e-05,-1e-05,-1e-05,0
4497,2e-05,4e-05,7e-05,1e-05,-1e-05,-1e-05,-1e-05,-1e-05,0
4498,2e-05,4e-05,7e-05,1e-05,-1e-05,-1e-05,-1e-05,-1e-05,0
4499,2e-05,4e-05,7e-05,1e-05,-1e-05,-1e-05,-1e-05,-1e-05,0
4500,2e-05,4e-05,7e-05,1e-05,-1e-05,-1e-05,-1e-05,-1e-05,0
4501,2e-05,4e-05,7e-05,1e-05,-1e-05,-1e-05,-1e-05,-1e-05,0
4502,-5e-05,-2e-05,-5e-05,-3e-05,-2e-05,-2e-05,-1e-05,0.0,0
4503,-5e-05,-2e-05,-5e-05,-3e-05,-2e-05,-2e-05,-1e-05,0.0,0
4504,1e-05,0.0,0.0,-7e-05,0.0,0.0,-1e-05,-1e-05,0
4505,1e-05,0.0,0.0,-7e-05,0.0,0.0,-1e-05,-1e-05,0
4506,1e-05,0.0,0.0,-7e-05,0.0,0.0,-1e-05,-1e-05,0
4507,1e-05,0.0,0.0,-7e-05,0.0,0.0,-1e-05,-1e-05,0
4508,1e-05,0.0,0.0,-7e-05,0.0,0.0,-1e-05,-1e-05,0
4509,1e-05,0.0,0.0,-7e-05,0.0,0.0,-1e-05,-1e-05,0
4510,1e-05,0.0,0.0,-7e-05,0.0,0.0,-1e-05,-1e-05,0
4511,1e-05,0.0,0.0,-7e-05,0.0,0.0,-1e-05,-1e-05,0
4512,1e-05,0.0,0.0,-7e-05,0.0,0.0,-1e-05,-1e-05,0
4513,1e-05,0.0,0.0,-7e-05,0.0,0.0,-1e-05,-1e-05,0
4514,1e-05,0.0,0.0,-7e-05,0.0,0.0,-1e-05,-1e-05,0
4515,1e-05,0.0,0.0,-7e-05,0.0,0.0,-1e-05,-1e-05,0
4516,1e-05,0.0,0.0,-7e-05,0.0,0.0,-1e-05,-1e-05,0
4517,1e-05,0.0,0.0,-7e-05,0.0,0.0,-1e-05,-1e-05,0
4518,1e-05,0.0,0.0,-7e-05,0.0,0.0,-1e-05,-1e-05,0
4519,1e-05,0.0,0.0,-7e-05,0.0,0.0,-1e-05,-1e-05,0
4520,1e-05,0.0,0.0,-7e-05,0.0,0.0,-1e-05,-1e-05,0
4521,1e-05,0.0,0.0,-7e-05,0.0,0.0,-1e-05,-1e-05,0
4522,1e-05,0.0,0.0,-7e-05,0.0,0.0,-1e-05,-1e-05,0
4523,1e-05,0.0,0.0,-7e-05,0.0,0.0,-1e-05,-1e-05,0
4524,-1e-05,0.0,-4e-05,0.00011,-1e-05,0.0,-1e-05,-1e-05,0
4525,2e-05,0.0,5e-05,-1e-05,-1e-05,-2e-05,-2e-05,-1e-05,0
4526,-2e-05,-5e-05,-6e-05,-6e-05,0.0,-1e-05,-1e-05,-1e-05,0
4527,-2e-05,-5e-05,-6e-05,-6e-05,0.0,-1e-05,-1e-05,-1e-05,0
4528,-2e-05,-5e-05,-6e-05,-6e-05,0.0,-1e-05,-1e-05,-1e-05,0
4529,-2e-05,-5e-05,-6e-05,-6e-05,0.0,-1e-05,-1e-05,-1e-05,0
4530,-2e-05,-5e-05,-6e-05,-6e-05,0.0,-1e-05,-1e-05,-1e-05,0
4531,-2e-05,-5e-05,-6e-05,-6e-05,0.0,-1e-05,-1e-05,-1e-05,0
4532,-2e-05,-5e-05,-6e-05,-6e-05,0.0,-1e-05,-1e-05,-1e-05,0
4533,-2e-05,-5e-05,-6e-05,-6e-05,0.0,-1e-05,-1e-05,-1e-05,0
4534,-2e-05,-5e-05,-6e-05,-6e-05,0.0,-1e-05,-1e-05,-1e-05,0
4535,-2e-05,-5e-05,-6e-05,-6e-05,0.0,-1e-05,-1e-05,-1e-05,0
4536,-2e-05,-5e-05,-6e-05,-6e-05,0.0,-1e-05,-1e-05,-1e-05,0
4539,-3e-05,-1e-05,-5e-05,-1e-05,1e-05,0.0,0.0,-1e-05,0
4540,-3e-05,-1e-05,-5e-05,-1e-05,1e-05,0.0,0.0,-1e-05,0
4541,-3e-05,-1e-05,-5e-05,-1e-05,1e-05,0.0,0.0,-1e-05,0
4542,-3e-05,-1e-05,-5e-05,-1e-05,1e-05,0.0,0.0,-1e-05,0
4543,-3e-05,-1e-05,-5e-05,-1e-05,1e-05,0.0,0.0,-1e-05,0
4544,-3e-05,-1e-05,-5e-05,-1e-05,1e-05,0.0,0.0,-1e-05,0
4545,-3e-05,-1e-05,-5e-05,-1e-05,1e-05,0.0,0.0,-1e-05,0
4546,-3e-05,-1e-05,-5e-05,-1e-05,1e-05,0.0,0.0,-1e-05,0
4547,-3e-05,-1e-05,-5e-05,-1e-05,1e-05,0.0,0.0,-1e-05,0
4548,-3e-05,-1e-05,-5e-05,-1e-05,1e-05,0.0,0.0,-1e-05,0
4549,-3e-05,-1e-05,-5e-05,-1e-05,1e-05,0.0,0.0,-1e-05,0
4550,-3e-05,-1e-05,-5e-05,-1e-05,1e-05,0.0,0.0,-1e-05,0
4551,-3e-05,-1e-05,-5e-05,-1e-05,1e-05,0.0,0.0,-1e-05,0
4552,-3e-05,-1e-05,-5e-05,-1e-05,1e-05,0.0,0.0,-1e-05,0
4553,1e-05,-2e-05,1e-05,-5e-05,-2e-05,0.0,-1e-05,0.0,0
4554,1e-05,-2e-05,1e-05,-5e-05,-2e-05,0.0,-1e-05,0.0,0
4555,1e-05,-2e-05,1e-05,-5e-05,-2e-05,0.0,-1e-05,0.0,0
4556,1e-05,-2e-05,1e-05,-5e-05,-2e-05,0.0,-1e-05,0.0,0
4557,1e-05,-2e-05,1e-05,-5e-05,-2e-05,0.0,-1e-05,0.0,0
4558,1e-05,-2e-05,1e-05,-5e-05,-2e-05,0.0,-1e-05,0.0,0
4559,1e-05,-2e-05,1e-05,-5e-05,-2e-05,0.0,-1e-05,0.0,0
4560,1e-05,-2e-05,1e-05,-5e-05,-2e-05,0.0,-1e-05,0.0,0
4561,1e-05,-2e-05,1e-05,-5e-05,-2e-05,0.0,-1e-05,0.0,0
4562,0.0,2e-05,2e-05,6e-05,0.0,1e-05,-1e-05,2e-05,0
4563,0.0,2e-05,2e-05,6e-05,0.0,1e-05,-1e-05,2e-05,0
4564,0.0,1e-05,-1e-05,1e-05,3e-05,0.0,-1e-05,1e-05,0
4565,0.0,1e-05,-1e-05,1e-05,3e-05,0.0,-1e-05,1e-05,0
4566,0.0,1e-05,-1e-05,1e-05,3e-05,0.0,-1e-05,1e-05,0
4567,0.0,1e-05,-1e-05,1e-05,3e-05,0.0,-1e-05,1e-05,0
4568,0.0,1e-05,-1e-05,1e-05,3e-05,0.0,-1e-05,1e-05,0
4569,0.0,1e-05,-1e-05,1e-05,3e-05,0.0,-1e-05,1e-05,0
4570,0.0,1e-05,-1e-05,1e-05,3e-05,0.0,-1e-05,1e-05,0
4571,0.0,1e-05,-1e-05,1e-05,3e-05,0.0,-1e-05,1e-05,0
4572,0.0,1e-05,-1e-05,1e-05,3e-05,0.0,-1e-05,1e-05,0
4573,0.0,1e-05,-1e-05,1e-05,3e-05,0.0,-1e-05,1e-05,0
4574,0.0,1e-05,-1e-05,1e-05,3e-05,0.0,-1e-05,1e-05,0
4575,0.0,1e-05,-1e-05,1e-05,3e-05,0.0,-1e-05,1e-05,0
4576,0.0,1e-05,-1e-05,1e-05,3e-05,0.0,-1e-05,1e-05,0
4577,0.0,1e-05,-1e-05,1e-05,3e-05,0.0,-1e-05,1e-05,0
4578,0.0,1e-05,-1e-05,1e-05,3e-05,0.0,-1e-05,1e-05,0
4579,0.0,1e-05,-1e-05,1e-05,3e-05,0.0,-1e-05,1e-05,0
4580,0.0,1e-05,-1e-05,1e-05,3e-05,0.0,-1e-05,1e-05,0
4581,0.0,1e-05,-1e-05,1e-05,3e-05,0.0,-1e-05,1e-05,0
4582,0.0,1e-05,-1e-05,1e-05,3e-05,0.0,-1e-05,1e-05,0
4583,0.0,1e-05,-1e-05,1e-05,3e-05,0.0,-1e-05,1e-05,0
4584,-2e-05,-4e-05,-3e-05,-3e-05,0.0,-2e-05,0.0,0.0,0
4585,-3e-05,-3e-05,-2e-05,0.0,-1e-05,0.0,-2e-05,-2e-05,0
4586,0.0,0.0,2e-05,0.00022,2e-05,2e-05,-2e-05,-2e-05,0
4589,0.0,0.0,2e-05,0.00022,2e-05,2e-05,-2e-05,-2e-05,0
4590,0.0,0.0,2e-05,0.00022,2e-05,2e-05,-2e-05,-2e-05,0
4591,0.0,0.0,2e-05,0.00022,2e-05,2e-05,-2e-05,-2e-05,0
4592,0.0,0.0,2e-05,0.00022,2e-05,2e-05,-2e-05,-2e-05,0
4593,0.0,0.0,2e-05,0.00022,2e-05,2e-05,-2e-05,-2e-05,0
4594,0.0,0.0,2e-05,0.00022,2e-05,2e-05,-2e-05,-2e-05,0
4595,0.0,0.0,2e-05,0.00022,2e-05,2e-05,-2e-05,-2e-05,0
4596,0.0,0.0,2e-05,0.00022,2e-05,2e-05,-2e-05,-2e-05,0
4597,0.0,0.0,2e-05,0.00022,2e-05,2e-05,-2e-05,-2e-05,0
4598,0.0,0.0,2e-05,0.00022,2e-05,2e-05,-2e-05,-2e-05,0
4599,-1e-05,-1e-05,-2e-05,-6e-05,-2e-05,-3e-05,-2e-05,-2e-05,0
4600,-1e-05,-1e-05,-2e-05,-6e-05,-2e-05,-3e-05,-2e-05,-2e-05,0
4601,-1e-05,-1e-05,-2e-05,-6e-05,-2e-05,-3e-05,-2e-05,-2e-05,0
4602,-1e-05,-1e-05,-2e-05,-6e-05,-2e-05,-3e-05,-2e-05,-2e-05,0
4603,-1e-05,-1e-05,-2e-05,-6e-05,-2e-05,-3e-05,-2e-05,-2e-05,0
4604,-1e-05,-1e-05,-2e-05,-6e-05,-2e-05,-3e-05,-2e-05,-2e-05,0
4605,-1e-05,-1e-05,-2e-05,-6e-05,-2e-05,-3e-05,-2e-05,-2e-05,0
4606,-2e-05,0.0,-2e-05,5e-05,0.0,0.0,-2e-05,-2e-05,0
4607,-2e-05,0.0,-2e-05,5e-05,0.0,0.0,-2e-05,-2e-05,0
4608,-2e-05,0.0,-2e-05,5e-05,0.0,0.0,-2e-05,-2e-05,0
4609,-2e-05,0.0,-2e-05,5e-05,0.0,0.0,-2e-05,-2e-05,0
4610,-2e-05,0.0,-2e-05,5e-05,0.0,0.0,-2e-05,-2e-05,0
4611,-2e-05,0.0,-2e-05,5e-05,0.0,0.0,-2e-05,-2e-05,0
4612,-2e-05,0.0,-2e-05,5e-05,0.0,0.0,-2e-05,-2e-05,0
4613,-2e-05,0.0,-2e-05,5e-05,0.0,0.0,-2e-05,-2e-05,0
4614,-2e-05,0.0,-2e-05,5e-05,0.0,0.0,-2e-05,-2e-05,0
4615,-2e-05,0.0,-2e-05,5e-05,0.0,0.0,-2e-05,-2e-05,0
4616,-2e-05,0.0,-2e-05,5e-05,0.0,0.0,-2e-05,-2e-05,0
4617,-2e-05,0.0,-2e-05,5e-05,0.0,0.0,-2e-05,-2e-05,0
4618,-2e-05,0.0,-2e-05,5e-05,0.0,0.0,-2e-05,-2e-05,0
4619,-2e-05,0.0,-2e-05,5e-05,0.0,0.0,-2e-05,-2e-05,0
4620,-2e-05,0.0,-2e-05,5e-05,0.0,0.0,-2e-05,-2e-05,0
4621,-2e-05,0.0,-2e-05,5e-05,0.0,0.0,-2e-05,-2e-05,0
4622,-3e-05,-2e-05,-1e-05,1e-05,-1e-05,-1e-05,1e-05,-3e-05,0
4623,-3e-05,-2e-05,-1e-05,1e-05,-1e-05,-1e-05,1e-05,-3e-05,0
4624,-1e-05,1e-05,-1e-05,1e-05,-2e-05,-1e-05,-2e-05,0.0,0
4625,-1e-05,1e-05,-1e-05,1e-05,-2e-05,-1e-05,-2e-05,0.0,0
4626,-1e-05,1e-05,-1e-05,1e-05,-2e-05,-1e-05,-2e-05,0.0,0
4627,-1e-05,1e-05,-1e-05,1e-05,-2e-05,-1e-05,-2e-05,0.0,0
4628,-1e-05,1e-05,-1e-05,1e-05,-2e-05,-1e-05,-2e-05,0.0,0
4629,-1e-05,1e-05,-1e-05,1e-05,-2e-05,-1e-05,-2e-05,0.0,0
4630,-1e-05,1e-05,-1e-05,1e-05,-2e-05,-1e-05,-2e-05,0.0,0
4631,-1e-05,1e-05,-1e-05,1e-05,-2e-05,-1e-05,-2e-05,0.0,0
4632,-1e-05,1e-05,-1e-05,1e-05,-2e-05,-1e-05,-2e-05,0.0,0
4633,-1e-05,1e-05,-1e-05,1e-05,-2e-05,-1e-05,-2e-05,0.0,0
4634,-1e-05,1e-05,-1e-05,1e-05,-2e-05,-1e-05,-2e-05,0.0,0
4635,-1e-05,1e-05,-1e-05,1e-05,-2e-05,-1e-05,-2e-05,0.0,0
4636,-1e-05,1e-05,-1e-05,1e-05,-2e-05,-1e-05,-2e-05,0.0,0
4639,-1e-05,1e-05,-1e-05,1e-05,-2e-05,-1e-05,-2e-05,0.0,0
4640,-1e-05,1e-05,-1e-05,1e-05,-2e-05,-1e-05,-2e-05,0.0,0
4641,-1e-05,1e-05,-1e-05,1e-05,-2e-05,-1e-05,-2e-05,0.0,0
4642,-1e-05,1e-05,-1e-05,1e-05,-2e-05,-1e-05,-2e-05,0.0,0
4643,-1e-05,1e-05,-1e-05,1e-05,-2e-05,-1e-05,-2e-05,0.0,0
4644,-1e-05,-3e-05,-2e-05,-1e-05,-3e-05,0.0,-1e-05,-1e-05,0
4645,-1e-05,-3e-05,-2e-05,-1e-05,-3e-05,0.0,-1e-05,-1e-05,0
4646,-1e-05,3e-05,2e-05,-8e-05,-1e-05,0.0,0.0,-2e-05,0
4647,-1e-05,3e-05,2e-05,-8e-05,-1e-05,0.0,0.0,-2e-05,0
4648,-1e-05,3e-05,2e-05,-8e-05,-1e-05,0.0,0.0,-2e-05,0
4649,-1e-05,3e-05,2e-05,-8e-05,-1e-05,0.0,0.0,-2e-05,0
4650,-1e-05,3e-05,2e-05,-8e-05,-1e-05,0.0,0.0,-2e-05,0
4651,-1e-05,3e-05,2e-05,-8e-05,-1e-05,0.0,0.0,-2e-05,0
4652,-1e-05,3e-05,2e-05,-8e-05,-1e-05,0.0,0.0,-2e-05,0
4653,-1e-05,3e-05,2e-05,-8e-05,-1e-05,0.0,0.0,-2e-05,0
4654,-1e-05,3e-05,2e-05,-8e-05,-1e-05,0.0,0.0,-2e-05,0
4655,-1e-05,3e-05,2e-05,-8e-05,-1e-05,0.0,0.0,-2e-05,0
4656,-1e-05,3e-05,2e-05,-8e-05,-1e-05,0.0,0.0,-2e-05,0
4657,-1e-05,3e-05,2e-05,-8e-05,-1e-05,0.0,0.0,-2e-05,0
4658,-1e-05,3e-05,2e-05,-8e-05,-1e-05,0.0,0.0,-2e-05,0
4659,0.0,0.0,1e-05,-3e-05,1e-05,-2e-05,-1e-05,-2e-05,0
4660,0.0,0.0,1e-05,-3e-05,1e-05,-2e-05,-1e-05,-2e-05,0
4661,0.0,0.0,1e-05,-3e-05,1e-05,-2e-05,-1e-05,-2e-05,0
4662,0.0,0.0,1e-05,-3e-05,1e-05,-2e-05,-1e-05,-2e-05,0
4663,0.0,0.0,1e-05,-3e-05,1e-05,-2e-05,-1e-05,-2e-05,0
4664,0.0,0.0,1e-05,-3e-05,1e-05,-2e-05,-1e-05,-2e-05,0
4665,0.0,0.0,1e-05,-3e-05,1e-05,-2e-05,-1e-05,-2e-05,0
4666,-2e-05,-3e-05,-5e-05,-8e-05,-4e-05,0.0,-2e-05,-1e-05,0
4667,-2e-05,-3e-05,-5e-05,-8e-05,-4e-05,0.0,-2e-05,-1e-05,0
4668,-2e-05,-3e-05,-5e-05,-8e-05,-4e-05,0.0,-2e-05,-1e-05,0
4669,-2e-05,-3e-05,-5e-05,-8e-05,-4e-05,0.0,-2e-05,-1e-05,0
4670,-2e-05,-3e-05,-5e-05,-8e-05,-4e-05,0.0,-2e-05,-1e-05,0
4671,-2e-05,-3e-05,-5e-05,-8e-05,-4e-05,0.0,-2e-05,-1e-05,0
4672,-2e-05,-3e-05,-5e-05,-8e-05,-4e-05,0.0,-2e-05,-1e-05,0
4673,-2e-05,-3e-05,-5e-05,-8e-05,-4e-05,0.0,-2e-05,-1e-05,0
4674,-2e-05,-3e-05,-5e-05,-8e-05,-4e-05,0.0,-2e-05,-1e-05,0
4675,-2e-05,-3e-05,-5e-05,-8e-05,-4e-05,0.0,-2e-05,-1e-05,0
4676,-2e-05,-3e-05,-5e-05,-8e-05,-4e-05,0.0,-2e-05,-1e-05,0
4677,-2e-05,-3e-05,-5e-05,-8e-05,-4e-05,0.0,-2e-05,-1e-05,0
4678,-2e-05,-3e-05,-5e-05,-8e-05,-4e-05,0.0,-2e-05,-1e-05,0
4679,-2e-05,-3e-05,-5e-05,-8e-05,-4e-05,0.0,-2e-05,-1e-05,0
4680,-2e-05,-3e-05,-5e-05,-8e-05,-4e-05,0.0,-2e-05,-1e-05,0
4681,-2e-05,-3e-05,-5e-05,-8e-05,-4e-05,0.0,-2e-05,-1e-05,0
4682,-1e-05,-2e-05,2e-05,-3e-05,-3e-05,0.0,-1e-05,0.0,0
4683,-1e-05,-2e-05,2e-05,-3e-05,-3e-05,0.0,-1e-05,0.0,0
4684,-1e-05,-1e-05,-2e-05,-5e-05,-2e-05,0.0,-2e-05,-1e-05,0
4685,-1e-05,-1e-05,-2e-05,-5e-05,-2e-05,0.0,-2e-05,-1e-05,0
4686,-1e-05,-1e-05,-2e-05,-5e-05,-2e-05,0.0,-2e-05,-1e-05,0
4689,-1e-05,-1e-05,-2e-05,-5e-05,-2e-05,0.0,-2e-05,-1e-05,0
4690,-1e-05,-1e-05,-2e-05,-5e-05,-2e-05,0.0,-2e-05,-1e-05,0
4691,-1e-05,-1e-05,-2e-05,-5e-05,-2e-05,0.0,-2e-05,-1e-05,0
4692,-1e-05,-1e-05,-2e-05,-5e-05,-2e-05,0.0,-2e-05,-1e-05,0
4693,-1e-05,-1e-05,-2e-05,-5e-05,-2e-05,0.0,-2e-05,-1e-05,0
4694,-1e-05,-1e-05,-2e-05,-5e-05,-2e-05,0.0,-2e-05,-1e-05,0
4695,-1e-05,-1e-05,-2e-05,-5e-05,-2e-05,0.0,-2e-05,-1e-05,0
4696,-1e-05,-1e-05,-2e-05,-5e-05,-2e-05,0.0,-2e-05,-1e-05,0
4697,-1e-05,-1e-05,-2e-05,-5e-05,-2e-05,0.0,-2e-05,-1e-05,0
4698,-1e-05,-1e-05,-2e-05,-5e-05,-2e-05,0.0,-2e-05,-1e-05,0
4699,-1e-05,-1e-05,-2e-05,-5e-05,-2e-05,0.0,-2e-05,-1e-05,0
4700,-1e-05,-1e-05,-2e-05,-5e-05,-2e-05,0.0,-2e-05,-1e-05,0
4701,-1e-05,-1e-05,-2e-05,-5e-05,-2e-05,0.0,-2e-05,-1e-05,0
4702,-1e-05,-1e-05,-2e-05,-5e-05,-2e-05,0.0,-2e-05,-1e-05,0
4703,-1e-05,-1e-05,-2e-05,-5e-05,-2e-05,0.0,-2e-05,-1e-05,0
4704,-1e-05,-1e-05,-2e-05,-5e-05,-2e-05,0.0,-2e-05,-1e-05,0
4705,-1e-05,-1e-05,-2e-05,-5e-05,-2e-05,0.0,-2e-05,-1e-05,0
4706,-1e-05,-1e-05,-2e-05,-5e-05,-2e-05,0.0,-2e-05,-1e-05,0
4707,-1e-05,-1e-05,-2e-05,-5e-05,-2e-05,0.0,-2e-05,-1e-05,0
4708,-1e-05,-1e-05,-2e-05,-5e-05,-2e-05,0.0,-2e-05,-1e-05,0
4709,-1e-05,-1e-05,-2e-05,-5e-05,-2e-05,0.0,-2e-05,-1e-05,0
4711,-1e-05,-1e-05,-2e-05,-5e-05,-2e-05,0.0,-2e-05,-1e-05,0
4712,2e-05,3e-05,6e-05,4e-05,0.0,-2e-05,-2e-05,-1e-05,0
4713,2e-05,3e-05,6e-05,4e-05,0.0,-2e-05,-2e-05,-1e-05,0
4714,-2e-05,-3e-05,-2e-05,-7e-05,-2e-05,0.0,0.0,-2e-05,0
4715,-2e-05,-3e-05,-2e-05,-7e-05,-2e-05,0.0,0.0,-2e-05,0
4716,-2e-05,-3e-05,-2e-05,-7e-05,-2e-05,0.0,0.0,-2e-05,0
4717,-2e-05,-3e-05,-2e-05,-7e-05,-2e-05,0.0,0.0,-2e-05,0
4718,-2e-05,-3e-05,-2e-05,-7e-05,-2e-05,0.0,0.0,-2e-05,0
4719,-2e-05,-1e-05,0.0,0.0001,3e-05,-1e-05,0.0,0.0,0
4720,-2e-05,-1e-05,0.0,0.0001,3e-05,-1e-05,0.0,0.0,0
4721,-2e-05,-1e-05,0.0,0.0001,3e-05,-1e-05,0.0,0.0,0
4722,-2e-05,-1e-05,0.0,0.0001,3e-05,-1e-05,0.0,0.0,0
4723,-2e-05,-1e-05,0.0,0.0001,3e-05,-1e-05,0.0,0.0,0
4724,-2e-05,-1e-05,0.0,0.0001,3e-05,-1e-05,0.0,0.0,0
4725,-2e-05,-1e-05,0.0,0.0001,3e-05,-1e-05,0.0,0.0,0
4726,0.0,-2e-05,-2e-05,3e-05,0.0,1e-05,-2e-05,-2e-05,0
4727,0.0,-2e-05,-2e-05,3e-05,0.0,1e-05,-2e-05,-2e-05,0
4728,0.0,-2e-05,-2e-05,3e-05,0.0,1e-05,-2e-05,-2e-05,0
4729,0.0,-2e-05,-2e-05,3e-05,0.0,1e-05,-2e-05,-2e-05,0
4730,0.0,-2e-05,-2e-05,3e-05,0.0,1e-05,-2e-05,-2e-05,0
4731,0.0,-2e-05,-2e-05,3e-05,0.0,1e-05,-2e-05,-2e-05,0
4732,0.0,-2e-05,-2e-05,3e-05,0.0,1e-05,-2e-05,-2e-05,0
4733,0.0,-2e-05,-2e-05,3e-05,0.0,1e-05,-2e-05,-2e-05,0
4734,0.0,-2e-05,-2e-05,3e-05,0.0,1e-05,-2e-05,-2e-05,0
4735,0.0,-2e-05,-2e-05,3e-05,0.0,1e-05,-2e-05,-2e-05,0
4736,0.0,-2e-05,-2e-05,3e-05,0.0,1e-05,-2e-05,-2e-05,0
4739,0.0,-2e-05,-2e-05,3e-05,0.0,1e-05,-2e-05,-2e-05,0
4740,0.0,-2e-05,-2e-05,3e-05,0.0,1e-05,-2e-05,-2e-05,0
4741,0.0,-2e-05,-2e-05,3e-05,0.0,1e-05,-2e-05,-2e-05,0
4742,-1e-05,-2e-05,-7e-05,-7e-05,-1e-05,-1e-05,0.0,-2e-05,0
4743,-1e-05,-2e-05,-7e-05,-7e-05,-1e-05,-1e-05,0.0,-2e-05,0
4744,-2e-05,-4e-05,-1e-05,1e-05,-1e-05,4e-05,0.0,0.0,0
4745,-2e-05,-4e-05,-1e-05,1e-05,-1e-05,4e-05,0.0,0.0,0
4746,-2e-05,-4e-05,-1e-05,1e-05,-1e-05,4e-05,0.0,0.0,0
4747,-2e-05,-4e-05,-1e-05,1e-05,-1e-05,4e-05,0.0,0.0,0
4748,-2e-05,-4e-05,-1e-05,1e-05,-1e-05,4e-05,0.0,0.0,0
4749,-2e-05,-4e-05,-1e-05,1e-05,-1e-05,4e-05,0.0,0.0,0
4750,-2e-05,-4e-05,-1e-05,1e-05,-1e-05,4e-05,0.0,0.0,0
4751,-2e-05,-4e-05,-1e-05,1e-05,-1e-05,4e-05,0.0,0.0,0
4752,-2e-05,-4e-05,-1e-05,1e-05,-1e-05,4e-05,0.0,0.0,0
4753,-2e-05,-4e-05,-1e-05,1e-05,-1e-05,4e-05,0.0,0.0,0
4754,-2e-05,-4e-05,-1e-05,1e-05,-1e-05,4e-05,0.0,0.0,0
4755,-2e-05,-4e-05,-1e-05,1e-05,-1e-05,4e-05,0.0,0.0,0
4756,-2e-05,-4e-05,-1e-05,1e-05,-1e-05,4e-05,0.0,0.0,0
4757,-2e-05,-4e-05,-1e-05,1e-05,-1e-05,4e-05,0.0,0.0,0
4758,-2e-05,-4e-05,-1e-05,1e-05,-1e-05,4e-05,0.0,0.0,0
4759,-2e-05,-4e-05,-1e-05,1e-05,-1e-05,4e-05,0.0,0.0,0
4760,-2e-05,-4e-05,-1e-05,1e-05,-1e-05,4e-05,0.0,0.0,0
4761,-2e-05,-4e-05,-1e-05,1e-05,-1e-05,4e-05,0.0,0.0,0
4762,-2e-05,-4e-05,-1e-05,1e-05,-1e-05,4e-05,0.0,0.0,0
4763,-2e-05,-4e-05,-1e-05,1e-05,-1e-05,4e-05,0.0,0.0,0
4764,0.0,2e-05,0.0,-7e-05,-5e-05,-4e-05,-2e-05,0.0,0
4765,1e-05,-1e-05,-1e-05,2e-05,-2e-05,-3e-05,-2e-05,1e-05,0
4766,-2e-05,-3e-05,0.0,-5e-05,-2e-05,2e-05,0.0,0.0,0
4767,-2e-05,-3e-05,0.0,-5e-05,-2e-05,2e-05,0.0,0.0,0
4768,-2e-05,-3e-05,0.0,-5e-05,-2e-05,2e-05,0.0,0.0,0
4769,-2e-05,-3e-05,0.0,-5e-05,-2e-05,2e-05,0.0,0.0,0
4770,-2e-05,-3e-05,0.0,-5e-05,-2e-05,2e-05,0.0,0.0,0
4771,-2e-05,-3e-05,0.0,-5e-05,-2e-05,2e-05,0.0,0.0,0
4772,-2e-05,-3e-05,0.0,-5e-05,-2e-05,2e-05,0.0,0.0,0
4773,-2e-05,-3e-05,0.0,-5e-05,-2e-05,2e-05,0.0,0.0,0
4774,-2e-05,-3e-05,0.0,-5e-05,-2e-05,2e-05,0.0,0.0,0
4775,-2e-05,-3e-05,0.0,-5e-05,-2e-05,2e-05,0.0,0.0,0
4776,-2e-05,-3e-05,0.0,-5e-05,-2e-05,2e-05,0.0,0.0,0
4777,-2e-05,-3e-05,0.0,-5e-05,-2e-05,2e-05,0.0,0.0,0
4778,0.0,-1e-05,-2e-05,-4e-05,-4e-05,-2e-05,-1e-05,0.0,0
4779,0.0,-1e-05,-2e-05,-4e-05,-4e-05,-2e-05,-1e-05,0.0,0
4780,0.0,-1e-05,-2e-05,-4e-05,-4e-05,-2e-05,-1e-05,0.0,0
4781,0.0,-1e-05,-2e-05,-4e-05,-4e-05,-2e-05,-1e-05,0.0,0
4782,0.0,-1e-05,-2e-05,-4e-05,-4e-05,-2e-05,-1e-05,0.0,0
4783,0.0,-1e-05,-2e-05,-4e-05,-4e-05,-2e-05,-1e-05,0.0,0
4784,0.0,-1e-05,-2e-05,-4e-05,-4e-05,-2e-05,-1e-05,0.0,0
4785,0.0,-1e-05,-2e-05,-4e-05,-4e-05,-2e-05,-1e-05,0.0,0
4786,0.0,-1e-05,-2e-05,-4e-05,-4e-05,-2e-05,-1e-05,0.0,0
4789,-4e-05,-1e-05,-2e-05,-9e-05,0.0,-2e-05,-1e-05,0.0,0
4790,-4e-05,-1e-05,-2e-05,-9e-05,0.0,-2e-05,-1e-05,0.0,0
4791,-4e-05,-1e-05,-2e-05,-9e-05,0.0,-2e-05,-1e-05,0.0,0
4792,-4e-05,-1e-05,-2e-05,-9e-05,0.0,-2e-05,-1e-05,0.0,0
4793,-4e-05,-1e-05,-2e-05,-9e-05,0.0,-2e-05,-1e-05,0.0,0
4794,-4e-05,-1e-05,-2e-05,-9e-05,0.0,-2e-05,-1e-05,0.0,0
4795,-4e-05,-1e-05,-2e-05,-9e-05,0.0,-2e-05,-1e-05,0.0,0
4796,-4e-05,-1e-05,-2e-05,-9e-05,0.0,-2e-05,-1e-05,0.0,0
4797,-4e-05,-1e-05,-2e-05,-9e-05,0.0,-2e-05,-1e-05,0.0,0
4798,-4e-05,-1e-05,-2e-05,-9e-05,0.0,-2e-05,-1e-05,0.0,0
4799,-4e-05,-1e-05,-2e-05,-9e-05,0.0,-2e-05,-1e-05,0.0,0
4800,-4e-05,-1e-05,-2e-05,-9e-05,0.0,-2e-05,-1e-05,0.0,0
4801,-4e-05,-1e-05,-2e-05,-9e-05,0.0,-2e-05,-1e-05,0.0,0
4802,0.0,-1e-05,-1e-05,0.00019,9e-05,2e-05,0.0,0.0,0
4803,0.0,-1e-05,-1e-05,0.00019,9e-05,2e-05,0.0,0.0,0
4804,-1e-05,1e-05,-1e-05,5e-05,2e-05,0.0,-1e-05,-1e-05,0
4805,-1e-05,1e-05,-1e-05,5e-05,2e-05,0.0,-1e-05,-1e-05,0
4806,-1e-05,1e-05,-1e-05,5e-05,2e-05,0.0,-1e-05,-1e-05,0
4807,-1e-05,1e-05,-1e-05,5e-05,2e-05,0.0,-1e-05,-1e-05,0
4808,-1e-05,1e-05,-1e-05,5e-05,2e-05,0.0,-1e-05,-1e-05,0
4809,-1e-05,1e-05,-1e-05,5e-05,2e-05,0.0,-1e-05,-1e-05,0
4810,-1e-05,1e-05,-1e-05,5e-05,2e-05,0.0,-1e-05,-1e-05,0
4811,-1e-05,1e-05,-1e-05,5e-05,2e-05,0.0,-1e-05,-1e-05,0
4812,-1e-05,1e-05,-1e-05,5e-05,2e-05,0.0,-1e-05,-1e-05,0
4813,-1e-05,1e-05,-1e-05,5e-05,2e-05,0.0,-1e-05,-1e-05,0
4814,-1e-05,1e-05,-1e-05,5e-05,2e-05,0.0,-1e-05,-1e-05,0
4815,-1e-05,1e-05,-1e-05,5e-05,2e-05,0.0,-1e-05,-1e-05,0
4816,-1e-05,1e-05,-1e-05,5e-05,2e-05,0.0,-1e-05,-1e-05,0
4817,-1e-05,1e-05,-1e-05,5e-05,2e-05,0.0,-1e-05,-1e-05,0
4818,-1e-05,1e-05,-1e-05,5e-05,2e-05,0.0,-1e-05,-1e-05,0
4819,-1e-05,1e-05,-1e-05,5e-05,2e-05,0.0,-1e-05,-1e-05,0
4820,-1e-05,1e-05,-1e-05,5e-05,2e-05,0.0,-1e-05,-1e-05,0
4821,-1e-05,1e-05,-1e-05,5e-05,2e-05,0.0,-1e-05,-1e-05,0
4822,-1e-05,1e-05,-1e-05,5e-05,2e-05,0.0,-1e-05,-1e-05,0
4823,-1e-05,1e-05,-1e-05,5e-05,2e-05,0.0,-1e-05,-1e-05,0
4824,-1e-05,1e-05,-1e-05,5e-05,2e-05,0.0,-1e-05,-1e-05,0
4825,-1e-05,1e-05,-1e-05,5e-05,2e-05,0.0,-1e-05,-1e-05,0
4826,-1e-05,1e-05,-1e-05,5e-05,2e-05,0.0,-1e-05,-1e-05,0
4827,-1e-05,1e-05,-1e-05,5e-05,2e-05,0.0,-1e-05,-1e-05,0
4828,-1e-05,1e-05,-1e-05,5e-05,2e-05,0.0,-1e-05,-1e-05,0
4829,-1e-05,1e-05,-1e-05,5e-05,2e-05,0.0,-1e-05,-1e-05,0
4830,-1e-05,1e-05,-1e-05,5e-05,2e-05,0.0,-1e-05,-1e-05,0
4831,-1e-05,1e-05,-1e-05,5e-05,2e-05,0.0,-1e-05,-1e-05,0
4832,-2e-05,-4e-05,-3e-05,2e-05,-1e-05,-5e-05,-2e-05,-4e-05,0
4833,-2e-05,-4e-05,-3e-05,2e-05,-1e-05,-5e-05,-2e-05,-4e-05,0
4834,1e-05,1e-05,1e-05,-4e-05,-7e-05,-1e-05,0.0,-2e-05,0
4835,1e-05,1e-05,1e-05,-4e-05,-7e-05,-1e-05,0.0,-2e-05,0
4836,1e-05,1e-05,1e-05,-4e-05,-7e-05,-1e-05,0.0,-2e-05,0
4838,-2e-05,0.0,-1e-05,0.0,4e-05,-1e-05,0.0,-1e-05,0
4839,-1e-05,0.0,0.0,-8e-05,-2e-05,-2e-05,-1e-05,0.0,0
4840,-1e-05,0.0,0.0,-8e-05,-2e-05,-2e-05,-1e-05,0.0,0
4841,-1e-05,0.0,0.0,-8e-05,-2e-05,-2e-05,-1e-05,0.0,0
4842,-1e-05,0.0,0.0,-8e-05,-2e-05,-2e-05,-1e-05,0.0,0
4843,-1e-05,0.0,0.0,-8e-05,-2e-05,-2e-05,-1e-05,0.0,0
4844,-1e-05,0.0,0.0,-8e-05,-2e-05,-2e-05,-1e-05,0.0,0
4845,-1e-05,0.0,0.0,-8e-05,-2e-05,-2e-05,-1e-05,0.0,0
4846,-1e-05,0.0,0.0,-8e-05,-2e-05,-2e-05,-1e-05,0.0,0
4847,0.0,2e-05,0.0,-1e-05,-5e-05,1e-05,-1e-05,-1e-05,0
4848,0.0,2e-05,0.0,-1e-05,-5e-05,1e-05,-1e-05,-1e-05,0
4849,0.0,2e-05,0.0,-1e-05,-5e-05,1e-05,-1e-05,-1e-05,0
4850,0.0,2e-05,0.0,-1e-05,-5e-05,1e-05,-1e-05,-1e-05,0
4851,0.0,2e-05,0.0,-1e-05,-5e-05,1e-05,-1e-05,-1e-05,0
4852,0.0,2e-05,0.0,-1e-05,-5e-05,1e-05,-1e-05,-1e-05,0
4853,0.0,2e-05,0.0,-1e-05,-5e-05,1e-05,-1e-05,-1e-05,0
4854,0.0,2e-05,0.0,-1e-05,-5e-05,1e-05,-1e-05,-1e-05,0
4855,0.0,2e-05,0.0,-1e-05,-5e-05,1e-05,-1e-05,-1e-05,0
4856,0.0,2e-05,0.0,-1e-05,-5e-05,1e-05,-1e-05,-1e-05,0
4857,0.0,2e-05,0.0,-1e-05,-5e-05,1e-05,-1e-05,-1e-05,0
4858,0.0,2e-05,0.0,-1e-05,-5e-05,1e-05,-1e-05,-1e-05,0
4859,0.0,2e-05,0.0,-1e-05,-5e-05,1e-05,-1e-05,-1e-05,0
4860,0.0,2e-05,0.0,-1e-05,-5e-05,1e-05,-1e-05,-1e-05,0
4861,0.0,2e-05,0.0,-1e-05,-5e-05,1e-05,-1e-05,-1e-05,0
4862,-2e-05,-3e-05,-1e-05,2e-05,-2e-05,-1e-05,-1e-05,-2e-05,0
4863,-2e-05,-3e-05,-1e-05,2e-05,-2e-05,-1e-05,-1e-05,-2e-05,0
4864,-2e-05,-1e-05,0.0,0.00024,-2e-05,-1e-05,0.0,-3e-05,0
4865,-2e-05,-1e-05,0.0,0.00024,-2e-05,-1e-05,0.0,-3e-05,0
4866,-2e-05,-1e-05,0.0,0.00024,-2e-05,-1e-05,0.0,-3e-05,0
4867,-2e-05,-1e-05,0.0,0.00024,-2e-05,-1e-05,0.0,-3e-05,0
4868,-2e-05,-1e-05,0.0,0.00024,-2e-05,-1e-05,0.0,-3e-05,0
4869,-2e-05,-1e-05,0.0,0.00024,-2e-05,-1e-05,0.0,-3e-05,0
4870,-2e-05,-1e-05,0.0,0.00024,-2e-05,-1e-05,0.0,-3e-05,0
4871,-2e-05,-1e-05,0.0,0.00024,-2e-05,-1e-05,0.0,-3e-05,0
4872,-2e-05,-1e-05,0.0,0.00024,-2e-05,-1e-05,0.0,-3e-05,0
4873,-2e-05,-1e-05,0.0,0.00024,-2e-05,-1e-05,0.0,-3e-05,0
4874,-2e-05,-1e-05,0.0,0.00024,-2e-05,-1e-05,0.0,-3e-05,0
4875,-2e-05,-1e-05,0.0,0.00024,-2e-05,-1e-05,0.0,-3e-05,0
4876,-2e-05,-1e-05,0.0,0.00024,-2e-05,-1e-05,0.0,-3e-05,0
4877,-2e-05,-1e-05,0.0,0.00024,-2e-05,-1e-05,0.0,-3e-05,0
4878,-2e-05,-1e-05,0.0,0.00024,-2e-05,-1e-05,0.0,-3e-05,0
4879,-2e-05,-1e-05,0.0,0.00024,-2e-05,-1e-05,0.0,-3e-05,0
4880,-2e-05,-1e-05,0.0,0.00024,-2e-05,-1e-05,0.0,-3e-05,0
4881,-2e-05,-1e-05,0.0,0.00024,-2e-05,-1e-05,0.0,-3e-05,0
4882,-2e-05,-1e-05,0.0,0.00024,-2e-05,-1e-05,0.0,-3e-05,0
4883,-2e-05,-1e-05,0.0,0.00024,-2e-05,-1e-05,0.0,-3e-05,0
4884,-2e-05,-1e-05,0.0,0.00024,-2e-05,-1e-05,0.0,-3e-05,0
4885,-1e-05,-2e-05,-7e-05,-0.00023,-6e-05,-3e-05,0.00019,1e-05,0
4886,-1e-05,-2e-05,-7e-05,-0.00023,-6e-05,-3e-05,0.00019,1e-05,0
4889,0.0,-1e-05,-2e-05,5e-05,-7e-05,0.0,4e-05,2e-05,0
4890,0.0,-1e-05,-2e-05,5e-05,-7e-05,0.0,4e-05,2e-05,0
4891,0.0,-1e-05,-2e-05,5e-05,-7e-05,0.0,4e-05,2e-05,0
4892,0.0,-1e-05,-2e-05,5e-05,-7e-05,0.0,4e-05,2e-05,0
4893,0.0,-1e-05,-2e-05,5e-05,-7e-05,0.0,4e-05,2e-05,0
4894,0.0,-1e-05,-2e-05,5e-05,-7e-05,0.0,4e-05,2e-05,0
4895,0.0,-1e-05,-2e-05,5e-05,-7e-05,0.0,4e-05,2e-05,0
4896,0.0,-1e-05,-2e-05,5e-05,-7e-05,0.0,4e-05,2e-05,0
4897,0.0,-1e-05,-2e-05,5e-05,-7e-05,0.0,4e-05,2e-05,0
4898,-1e-05,-1e-05,-2e-05,6e-05,-1e-05,1e-05,-3e-05,-1e-05,0
4899,-3e-05,1e-05,0.0,-5e-05,-8e-05,-2e-05,-4e-05,-3e-05,0
4900,-3e-05,1e-05,0.0,-5e-05,-8e-05,-2e-05,-4e-05,-3e-05,0
4901,-3e-05,1e-05,0.0,-5e-05,-8e-05,-2e-05,-4e-05,-3e-05,0
4902,-3e-05,1e-05,0.0,-5e-05,-8e-05,-2e-05,-4e-05,-3e-05,0
4903,-3e-05,1e-05,0.0,-5e-05,-8e-05,-2e-05,-4e-05,-3e-05,0
4904,-3e-05,1e-05,0.0,-5e-05,-8e-05,-2e-05,-4e-05,-3e-05,0
4905,-3e-05,1e-05,0.0,-5e-05,-8e-05,-2e-05,-4e-05,-3e-05,0
4906,-3e-05,1e-05,0.0,-5e-05,-8e-05,-2e-05,-4e-05,-3e-05,0
4907,3e-05,5e-05,7e-05,-0.00012,5e-05,-1e-05,3e-05,2e-05,0
4908,3e-05,5e-05,7e-05,-0.00012,5e-05,-1e-05,3e-05,2e-05,0
4909,3e-05,5e-05,7e-05,-0.00012,5e-05,-1e-05,3e-05,2e-05,0
4910,3e-05,5e-05,7e-05,-0.00012,5e-05,-1e-05,3e-05,2e-05,0
4911,3e-05,5e-05,7e-05,-0.00012,5e-05,-1e-05,3e-05,2e-05,0
4912,3e-05,5e-05,7e-05,-0.00012,5e-05,-1e-05,3e-05,2e-05,0
4913,3e-05,5e-05,7e-05,-0.00012,5e-05,-1e-05,3e-05,2e-05,0
4914,3e-05,5e-05,7e-05,-0.00012,5e-05,-1e-05,3e-05,2e-05,0
4915,3e-05,5e-05,7e-05,-0.00012,5e-05,-1e-05,3e-05,2e-05,0
4916,3e-05,5e-05,7e-05,-0.00012,5e-05,-1e-05,3e-05,2e-05,0
4917,3e-05,5e-05,7e-05,-0.00012,5e-05,-1e-05,3e-05,2e-05,0
4918,3e-05,5e-05,7e-05,-0.00012,5e-05,-1e-05,3e-05,2e-05,0
4919,3e-05,5e-05,7e-05,-0.00012,5e-05,-1e-05,3e-05,2e-05,0
4920,3e-05,5e-05,7e-05,-0.00012,5e-05,-1e-05,3e-05,2e-05,0
4921,3e-05,5e-05,7e-05,-0.00012,5e-05,-1e-05,3e-05,2e-05,0
4922,-3e-05,-0.0001,-0.00012,-8e-05,-4e-05,-4e-05,4e-05,1e-05,0
4923,-3e-05,-0.0001,-0.00012,-8e-05,-4e-05,-4e-05,4e-05,1e-05,0
4924,0.0,-1e-05,3e-05,4e-05,0.00012,0.0,0.00043,3e-05,0
4925,0.0,-1e-05,3e-05,4e-05,0.00012,0.0,0.00043,3e-05,0
4926,0.0,-1e-05,3e-05,4e-05,0.00012,0.0,0.00043,3e-05,0
4927,0.0,-1e-05,3e-05,4e-05,0.00012,0.0,0.00043,3e-05,0
4928,0.0,-1e-05,3e-05,4e-05,0.00012,0.0,0.00043,3e-05,0
4929,0.0,-1e-05,3e-05,4e-05,0.00012,0.0,0.00043,3e-05,0
4930,0.0,-1e-05,3e-05,4e-05,0.00012,0.0,0.00043,3e-05,0
4931,0.0,-1e-05,3e-05,4e-05,0.00012,0.0,0.00043,3e-05,0
4932,0.0,-1e-05,3e-05,4e-05,0.00012,0.0,0.00043,3e-05,0
4933,0.0,-1e-05,3e-05,4e-05,0.00012,0.0,0.00043,3e-05,0
4934,0.0,-1e-05,3e-05,4e-05,0.00012,0.0,0.00043,3e-05,0
4935,0.0,-1e-05,3e-05,4e-05,0.00012,0.0,0.00043,3e-05,0
4936,0.0,-1e-05,3e-05,4e-05,0.00012,0.0,0.00043,3e-05,0
4938,0.0,-1e-05,3e-05,4e-05,0.00012,0.0,0.00043,3e-05,0
4939,0.0,-1e-05,3e-05,4e-05,0.00012,0.0,0.00043,3e-05,0
4940,0.0,-1e-05,3e-05,4e-05,0.00012,0.0,0.00043,3e-05,0
4941,0.0,-1e-05,3e-05,4e-05,0.00012,0.0,0.00043,3e-05,0
4942,0.0,-1e-05,3e-05,4e-05,0.00012,0.0,0.00043,3e-05,0
4943,0.0,-1e-05,3e-05,4e-05,0.00012,0.0,0.00043,3e-05,0
4944,2e-05,1e-05,-2e-05,-7e-05,-0.00026,-2e-05,-8e-05,-3e-05,0
4945,2e-05,1e-05,-2e-05,-7e-05,-0.00026,-2e-05,-8e-05,-3e-05,0
4946,2e-05,1e-05,-2e-05,-7e-05,-0.00026,-2e-05,-8e-05,-3e-05,0
4947,2e-05,1e-05,-2e-05,-7e-05,-0.00026,-2e-05,-8e-05,-3e-05,0
4948,2e-05,1e-05,-2e-05,-7e-05,-0.00026,-2e-05,-8e-05,-3e-05,0
4949,2e-05,1e-05,-2e-05,-7e-05,-0.00026,-2e-05,-8e-05,-3e-05,0
4950,2e-05,1e-05,-2e-05,-7e-05,-0.00026,-2e-05,-8e-05,-3e-05,0
4951,2e-05,1e-05,-2e-05,-7e-05,-0.00026,-2e-05,-8e-05,-3e-05,0
4952,0.0,4e-05,4e-05,0.00012,6e-05,-1e-05,-0.00021,-1e-05,0
4953,0.0,4e-05,4e-05,0.00012,6e-05,-1e-05,-0.00021,-1e-05,0
4954,0.0,4e-05,4e-05,0.00012,6e-05,-1e-05,-0.00021,-1e-05,0
4955,0.0,4e-05,4e-05,0.00012,6e-05,-1e-05,-0.00021,-1e-05,0
4956,0.0,4e-05,4e-05,0.00012,6e-05,-1e-05,-0.00021,-1e-05,0
4957,0.0,4e-05,4e-05,0.00012,6e-05,-1e-05,-0.00021,-1e-05,0
4958,-1e-05,0.0,-2e-05,-4e-05,0.00028,2e-05,0.0,2e-05,0
4959,-1e-05,0.0,-2e-05,-4e-05,0.00028,2e-05,0.0,2e-05,0
4960,-1e-05,0.0,-2e-05,-4e-05,0.00028,2e-05,0.0,2e-05,0
4961,-1e-05,0.0,-2e-05,-4e-05,0.00028,2e-05,0.0,2e-05,0
4962,-1e-05,0.0,-2e-05,-4e-05,0.00028,2e-05,0.0,2e-05,0
4963,-1e-05,0.0,-2e-05,-4e-05,0.00028,2e-05,0.0,2e-05,0
4964,-1e-05,0.0,-2e-05,-4e-05,0.00028,2e-05,0.0,2e-05,0
4965,-1e-05,0.0,-2e-05,-4e-05,0.00028,2e-05,0.0,2e-05,0
4966,-1e-05,0.0,-2e-05,-4e-05,0.00028,2e-05,0.0,2e-05,0
4967,-1e-05,0.0,-2e-05,-4e-05,0.00028,2e-05,0.0,2e-05,0
4968,-1e-05,0.0,-2e-05,-4e-05,0.00028,2e-05,0.0,2e-05,0
4969,-1e-05,0.0,-2e-05,-4e-05,0.00028,2e-05,0.0,2e-05,0
4970,-1e-05,0.0,-2e-05,-4e-05,0.00028,2e-05,0.0,2e-05,0
4971,-1e-05,0.0,-2e-05,-4e-05,0.00028,2e-05,0.0,2e-05,0
4972,-1e-05,0.0,-2e-05,-4e-05,0.00028,2e-05,0.0,2e-05,0
4973,-3e-05,-4e-05,-9e-05,-0.00019,-0.00021,-2e-05,-0.00025,-6e-05,0
4974,-3e-05,-4e-05,-9e-05,-0.00019,-0.00021,-2e-05,-0.00025,-6e-05,0
4975,-3e-05,-4e-05,-9e-05,-0.00019,-0.00021,-2e-05,-0.00025,-6e-05,0
4976,-3e-05,-4e-05,-9e-05,-0.00019,-0.00021,-2e-05,-0.00025,-6e-05,0
4977,-3e-05,-4e-05,-9e-05,-0.00019,-0.00021,-2e-05,-0.00025,-6e-05,0
4978,-3e-05,-4e-05,-9e-05,-0.00019,-0.00021,-2e-05,-0.00025,-6e-05,0
4979,-3e-05,-4e-05,-9e-05,-0.00019,-0.00021,-2e-05,-0.00025,-6e-05,0
4980,-3e-05,-4e-05,-9e-05,-0.00019,-0.00021,-2e-05,-0.00025,-6e-05,0
4981,-3e-05,-4e-05,-9e-05,-0.00019,-0.00021,-2e-05,-0.00025,-6e-05,0
4982,-3e-05,-4e-05,-9e-05,-0.00019,-0.00021,-2e-05,-0.00025,-6e-05,0
4983,-3e-05,-4e-05,-9e-05,-0.00019,-0.00021,-2e-05,-0.00025,-6e-05,0
4984,-3e-05,-4e-05,-9e-05,-0.00019,-0.00021,-2e-05,-0.00025,-6e-05,0
4985,-3e-05,-4e-05,-9e-05,-0.00019,-0.00021,-2e-05,-0.00025,-6e-05,0
4986,-3e-05,-4e-05,-9e-05,-0.00019,-0.00021,-2e-05,-0.00025,-6e-05,0
4988,-3e-05,-4e-05,-9e-05,-0.00019,-0.00021,-2e-05,-0.00025,-6e-05,0
4989,0.0,2e-05,-3e-05,-0.00013,-0.00012,2e-05,-0.00015,-3e-05,0
4990,1e-05,1e-05,5e-05,0.00012,0.00039,-9e-05,-0.00014,-5e-05,0
4991,2e-05,2e-05,0.0,3e-05,4e-05,0.00014,-4e-05,-1e-05,0
4992,2e-05,2e-05,0.0,3e-05,4e-05,0.00014,-4e-05,-1e-05,0
4993,2e-05,2e-05,0.0,3e-05,4e-05,0.00014,-4e-05,-1e-05,0
4994,2e-05,2e-05,0.0,3e-05,4e-05,0.00014,-4e-05,-1e-05,0
4995,2e-05,2e-05,0.0,3e-05,4e-05,0.00014,-4e-05,-1e-05,0
4996,2e-05,2e-05,0.0,3e-05,4e-05,0.00014,-4e-05,-1e-05,0
4997,2e-05,2e-05,0.0,3e-05,4e-05,0.00014,-4e-05,-1e-05,0
4998,2e-05,2e-05,0.0,3e-05,4e-05,0.00014,-4e-05,-1e-05,0
4999,2e-05,2e-05,0.0,3e-05,4e-05,0.00014,-4e-05,-1e-05,0
5000,2e-05,2e-05,0.0,3e-05,4e-05,0.00014,-4e-05,-1e-05,0
5001,2e-05,2e-05,0.0,3e-05,4e-05,0.00014,-4e-05,-1e-05,0
5002,2e-05,2e-05,0.0,3e-05,4e-05,0.00014,-4e-05,-1e-05,0
5003,2e-05,2e-05,0.0,3e-05,4e-05,0.00014,-4e-05,-1e-05,0
5004,2e-05,2e-05,0.0,3e-05,4e-05,0.00014,-4e-05,-1e-05,0
5005,0.0,1e-05,-2e-05,-0.0002,-0.00016,-1e-05,5e-05,-3e-05,0
5006,0.0,1e-05,-2e-05,-0.0002,-0.00016,-1e-05,5e-05,-3e-05,0
5007,0.0,1e-05,-2e-05,-0.0002,-0.00016,-1e-05,5e-05,-3e-05,0
5008,0.0,1e-05,-2e-05,-0.0002,-0.00016,-1e-05,5e-05,-3e-05,0
5009,0.0,1e-05,-2e-05,-0.0002,-0.00016,-1e-05,5e-05,-3e-05,0
5010,0.0,1e-05,-2e-05,-0.0002,-0.00016,-1e-05,5e-05,-3e-05,0
5011,0.0,1e-05,-2e-05,-0.0002,-0.00016,-1e-05,5e-05,-3e-05,0
5012,-2e-05,-3e-05,-1e-05,-4e-05,0.00013,4e-05,-1e-05,-2e-05,0
5013,-2e-05,-3e-05,-1e-05,-4e-05,0.00013,4e-05,-1e-05,-2e-05,0
5014,-2e-05,-3e-05,-1e-05,-4e-05,0.00013,4e-05,-1e-05,-2e-05,0
5015,-2e-05,-3e-05,-1e-05,-4e-05,0.00013,4e-05,-1e-05,-2e-05,0
5016,-2e-05,-3e-05,-1e-05,-4e-05,0.00013,4e-05,-1e-05,-2e-05,0
5017,-2e-05,-3e-05,-1e-05,-4e-05,0.00013,4e-05,-1e-05,-2e-05,0
5018,0.0,-2e-05,-4e-05,3e-05,-0.00012,-4e-05,-3e-05,3e-05,0
5019,0.0,-2e-05,-4e-05,3e-05,-0.00012,-4e-05,-3e-05,3e-05,0
5020,0.0,-2e-05,-4e-05,3e-05,-0.00012,-4e-05,-3e-05,3e-05,0
5021,0.0,-2e-05,-4e-05,3e-05,-0.00012,-4e-05,-3e-05,3e-05,0
5022,0.0,-2e-05,-4e-05,3e-05,-0.00012,-4e-05,-3e-05,3e-05,0
5023,0.0,-2e-05,-4e-05,3e-05,-0.00012,-4e-05,-3e-05,3e-05,0
5024,0.0,-2e-05,-4e-05,3e-05,-0.00012,-4e-05,-3e-05,3e-05,0
5025,0.0,-2e-05,-4e-05,3e-05,-0.00012,-4e-05,-3e-05,3e-05,0
5026,0.0,-2e-05,-4e-05,3e-05,-0.00012,-4e-05,-3e-05,3e-05,0
5027,-3e-05,-1e-05,5e-05,0.00012,-3e-05,-8e-05,-0.00054,-0.00011,0
5028,-3e-05,-1e-05,5e-05,0.00012,-3e-05,-8e-05,-0.00054,-0.00011,0
5029,-3e-05,-1e-05,5e-05,0.00012,-3e-05,-8e-05,-0.00054,-0.00011,0
5030,-3e-05,-1e-05,5e-05,0.00012,-3e-05,-8e-05,-0.00054,-0.00011,0
5031,-3e-05,-1e-05,5e-05,0.00012,-3e-05,-8e-05,-0.00054,-0.00011,0
5033,-3e-05,-1e-05,5e-05,0.00012,-3e-05,-8e-05,-0.00054,-0.00011,0
5034,-3e-05,-1e-05,5e-05,0.00012,-3e-05,-8e-05,-0.00054,-0.00011,0
5035,-3e-05,-1e-05,5e-05,0.00012,-3e-05,-8e-05,-0.00054,-0.00011,0
5036,-3e-05,-1e-05,5e-05,0.00012,-3e-05,-8e-05,-0.00054,-0.00011,0
5039,-3e-05,-1e-05,5e-05,0.00012,-3e-05,-8e-05,-0.00054,-0.00011,0
5040,-3e-05,-1e-05,5e-05,0.00012,-3e-05,-8e-05,-0.00054,-0.00011,0
5041,-3e-05,-1e-05,5e-05,0.00012,-3e-05,-8e-05,-0.00054,-0.00011,0
5042,3e-05,-1e-05,-3e-05,0.00014,5e-05,9e-05,-0.00032,-4e-05,0
5043,3e-05,-1e-05,-3e-05,0.00014,5e-05,9e-05,-0.00032,-4e-05,0
5044,0.0,-3e-05,-3e-05,-0.00011,-7e-05,-5e-05,0.00048,0.00011,0
5045,0.0,-3e-05,-3e-05,-0.00011,-7e-05,-5e-05,0.00048,0.00011,0
5046,0.0,-3e-05,-3e-05,-0.00011,-7e-05,-5e-05,0.00048,0.00011,0
5047,0.0,-3e-05,-3e-05,-0.00011,-7e-05,-5e-05,0.00048,0.00011,0
5048,0.0,-3e-05,-3e-05,-0.00011,-7e-05,-5e-05,0.00048,0.00011,0
5049,0.0,-3e-05,-3e-05,-0.00011,-7e-05,-5e-05,0.00048,0.00011,0
5050,0.0,-3e-05,-3e-05,-0.00011,-7e-05,-5e-05,0.00048,0.00011,0
5051,0.0,-3e-05,-3e-05,-0.00011,-7e-05,-5e-05,0.00048,0.00011,0
5052,0.0,-3e-05,-3e-05,-0.00011,-7e-05,-5e-05,0.00048,0.00011,0
5054,0.0,-3e-05,-3e-05,-0.00011,-7e-05,-5e-05,0.00048,0.00011,0
5055,0.0,-3e-05,-3e-05,-0.00011,-7e-05,-5e-05,0.00048,0.00011,0
5056,0.0,-3e-05,-3e-05,-0.00011,-7e-05,-5e-05,0.00048,0.00011,0
5057,0.0,-3e-05,-3e-05,-0.00011,-7e-05,-5e-05,0.00048,0.00011,0
5058,0.0,-3e-05,-3e-05,-0.00011,-7e-05,-5e-05,0.00048,0.00011,0
5059,0.0,-3e-05,-3e-05,-0.00011,-7e-05,-5e-05,0.00048,0.00011,0
5060,0.0,-3e-05,-3e-05,-0.00011,-7e-05,-5e-05,0.00048,0.00011,0
5061,0.0,-3e-05,-3e-05,-0.00011,-7e-05,-5e-05,0.00048,0.00011,0
5062,0.0,-3e-05,-3e-05,-0.00011,-7e-05,-5e-05,0.00048,0.00011,0
5063,0.0,-3e-05,-3e-05,-0.00011,-7e-05,-5e-05,0.00048,0.00011,0
5064,1e-05,-1e-05,2e-05,4e-05,7e-05,0.00019,-0.00018,-2e-05,0
5065,-6e-05,0.0,3e-05,-8e-05,-7e-05,8e-05,-0.00025,-6e-05,0
5066,-2e-05,-1e-05,-3e-05,-1e-05,-0.0001,-0.00017,-0.00023,-4e-05,0
5067,-2e-05,-1e-05,-3e-05,-1e-05,-0.0001,-0.00017,-0.00023,-4e-05,0
5068,-2e-05,-1e-05,-3e-05,-1e-05,-0.0001,-0.00017,-0.00023,-4e-05,0
5069,-2e-05,-1e-05,-3e-05,-1e-05,-0.0001,-0.00017,-0.00023,-4e-05,0
5070,-2e-05,-1e-05,-3e-05,-1e-05,-0.0001,-0.00017,-0.00023,-4e-05,0
5071,-2e-05,-1e-05,-3e-05,-1e-05,-0.0001,-0.00017,-0.00023,-4e-05,0
5072,-2e-05,-1e-05,-3e-05,-1e-05,-0.0001,-0.00017,-0.00023,-4e-05,0
5073,-2e-05,-1e-05,-3e-05,-1e-05,-0.0001,-0.00017,-0.00023,-4e-05,0
5074,-2e-05,-1e-05,-3e-05,-1e-05,-0.0001,-0.00017,-0.00023,-4e-05,0
5075,-2e-05,-1e-05,-3e-05,-1e-05,-0.0001,-0.00017,-0.00023,-4e-05,0
5076,-2e-05,-1e-05,-3e-05,-1e-05,-0.0001,-0.00017,-0.00023,-4e-05,0
5077,-2e-05,-1e-05,-3e-05,-1e-05,-0.0001,-0.00017,-0.00023,-4e-05,0
5078,-1e-05,0.0,-2e-05,1e-05,7e-05,-5e-05,6e-05,1e-05,0
5079,-1e-05,0.0,-2e-05,1e-05,7e-05,-5e-05,6e-05,1e-05,0
5080,-1e-05,0.0,-2e-05,1e-05,7e-05,-5e-05,6e-05,1e-05,0
5081,-1e-05,0.0,-2e-05,1e-05,7e-05,-5e-05,6e-05,1e-05,0
5082,-1e-05,0.0,-2e-05,1e-05,7e-05,-5e-05,6e-05,1e-05,0
5083,-1e-05,0.0,-2e-05,1e-05,7e-05,-5e-05,6e-05,1e-05,0
5084,-1e-05,0.0,-2e-05,1e-05,7e-05,-5e-05,6e-05,1e-05,0
5085,-1e-05,0.0,-2e-05,1e-05,7e-05,-5e-05,6e-05,1e-05,0
5086,-1e-05,0.0,-2e-05,1e-05,7e-05,-5e-05,6e-05,1e-05,0
5088,-1e-05,0.0,-2e-05,1e-05,7e-05,-5e-05,6e-05,1e-05,0
5089,-1e-05,0.0,-2e-05,1e-05,7e-05,-5e-05,6e-05,1e-05,0
5090,-1e-05,0.0,-2e-05,1e-05,7e-05,-5e-05,6e-05,1e-05,0
5091,-1e-05,0.0,-2e-05,1e-05,7e-05,-5e-05,6e-05,1e-05,0
5092,-1e-05,0.0,-2e-05,1e-05,7e-05,-5e-05,6e-05,1e-05,0
5093,-1e-05,0.0,-2e-05,1e-05,7e-05,-5e-05,6e-05,1e-05,0
5094,-1e-05,0.0,-2e-05,1e-05,7e-05,-5e-05,6e-05,1e-05,0
5095,-1e-05,1e-05,3e-05,0.00016,-5e-05,7e-05,0.0002,4e-05,0
5096,-1e-05,1e-05,3e-05,0.00016,-5e-05,7e-05,0.0002,4e-05,0
5097,-1e-05,1e-05,3e-05,0.00016,-5e-05,7e-05,0.0002,4e-05,0
5098,-1e-05,1e-05,3e-05,0.00016,-5e-05,7e-05,0.0002,4e-05,0
5099,-1e-05,1e-05,3e-05,0.00016,-5e-05,7e-05,0.0002,4e-05,0
5100,-1e-05,1e-05,3e-05,0.00016,-5e-05,7e-05,0.0002,4e-05,0
5101,-1e-05,1e-05,3e-05,0.00016,-5e-05,7e-05,0.0002,4e-05,0
5102,-1e-05,1e-05,3e-05,0.00016,-5e-05,7e-05,0.0002,4e-05,0
5104,-1e-05,1e-05,3e-05,0.00016,-5e-05,7e-05,0.0002,4e-05,0
5105,-1e-05,1e-05,3e-05,0.00016,-5e-05,7e-05,0.0002,4e-05,0
5106,-1e-05,1e-05,3e-05,0.00016,-5e-05,7e-05,0.0002,4e-05,0
5107,-1e-05,1e-05,3e-05,0.00016,-5e-05,7e-05,0.0002,4e-05,0
5108,-1e-05,1e-05,3e-05,0.00016,-5e-05,7e-05,0.0002,4e-05,0
5109,0.0,-1e-05,-2e-05,-2e-05,-7e-05,2e-05,-3e-05,2e-05,0
5110,5e-05,2e-05,2e-05,-0.00018,-0.00011,5e-05,0.0004,5e-05,0
5111,-4e-05,-4e-05,-7e-05,-0.00021,-3e-05,3e-05,0.00027,-2e-05,0
5112,-4e-05,-4e-05,-7e-05,-0.00021,-3e-05,3e-05,0.00027,-2e-05,0
5113,-4e-05,-4e-05,-7e-05,-0.00021,-3e-05,3e-05,0.00027,-2e-05,0
5114,-4e-05,-4e-05,-7e-05,-0.00021,-3e-05,3e-05,0.00027,-2e-05,0
5115,-4e-05,-4e-05,-7e-05,-0.00021,-3e-05,3e-05,0.00027,-2e-05,0
5116,-4e-05,-4e-05,-7e-05,-0.00021,-3e-05,3e-05,0.00027,-2e-05,0
5117,-4e-05,-4e-05,-7e-05,-0.00021,-3e-05,3e-05,0.00027,-2e-05,0
5118,-4e-05,-4e-05,-7e-05,-0.00021,-3e-05,3e-05,0.00027,-2e-05,0
5119,-4e-05,-4e-05,-7e-05,-0.00021,-3e-05,3e-05,0.00027,-2e-05,0
5120,-4e-05,-4e-05,-7e-05,-0.00021,-3e-05,3e-05,0.00027,-2e-05,0
5121,-4e-05,-4e-05,-7e-05,-0.00021,-3e-05,3e-05,0.00027,-2e-05,0
5122,-4e-05,-4e-05,-7e-05,-0.00021,-3e-05,3e-05,0.00027,-2e-05,0
5123,-4e-05,-4e-05,-7e-05,-0.00021,-3e-05,3e-05,0.00027,-2e-05,0
5124,-4e-05,-4e-05,-7e-05,-0.00021,-3e-05,3e-05,0.00027,-2e-05,0
5125,-4e-05,-4e-05,-7e-05,-0.00021,-3e-05,3e-05,0.00027,-2e-05,0
5126,-4e-05,-4e-05,-7e-05,-0.00021,-3e-05,3e-05,0.00027,-2e-05,0
5127,-4e-05,-4e-05,-7e-05,-0.00021,-3e-05,3e-05,0.00027,-2e-05,0
5128,-4e-05,-4e-05,-7e-05,-0.00021,-3e-05,3e-05,0.00027,-2e-05,0
5129,-4e-05,-4e-05,-7e-05,-0.00021,-3e-05,3e-05,0.00027,-2e-05,0
5130,-4e-05,-4e-05,-7e-05,-0.00021,-3e-05,3e-05,0.00027,-2e-05,0
5131,-4e-05,-4e-05,-7e-05,-0.00021,-3e-05,3e-05,0.00027,-2e-05,0
5132,-4e-05,-8e-05,-9e-05,-4e-05,-9e-05,-0.00014,0.00017,-1e-05,0
5133,-4e-05,-8e-05,-9e-05,-4e-05,-9e-05,-0.00014,0.00017,-1e-05,0
5134,-1e-05,-1e-05,1e-05,2e-05,5e-05,3e-05,-0.00011,3e-05,0
5135,-1e-05,-1e-05,1e-05,2e-05,5e-05,3e-05,-0.00011,3e-05,0
5136,-1e-05,-1e-05,1e-05,2e-05,5e-05,3e-05,-0.00011,3e-05,0
5138,-1e-05,-1e-05,1e-05,2e-05,5e-05,3e-05,-0.00011,3e-05,0
5139,-1e-05,-1e-05,1e-05,2e-05,5e-05,3e-05,-0.00011,3e-05,0
5140,0.0,2e-05,7e-05,-0.00015,-2e-05,4e-05,8e-05,5e-05,0
5141,0.0,2e-05,7e-05,-0.00015,-2e-05,4e-05,8e-05,5e-05,0
5142,0.0,2e-05,7e-05,-0.00015,-2e-05,4e-05,8e-05,5e-05,0
5143,0.0,2e-05,7e-05,-0.00015,-2e-05,4e-05,8e-05,5e-05,0
5144,0.0,2e-05,7e-05,-0.00015,-2e-05,4e-05,8e-05,5e-05,0
5145,0.0,2e-05,7e-05,-0.00015,-2e-05,4e-05,8e-05,5e-05,0
5146,0.0,2e-05,7e-05,-0.00015,-2e-05,4e-05,8e-05,5e-05,0
5147,-1e-05,-5e-05,-1e-05,0.0001,0.00012,0.00017,0.00078,2e-05,0
5148,-1e-05,-5e-05,-1e-05,0.0001,0.00012,0.00017,0.00078,2e-05,0
5149,-1e-05,-5e-05,-1e-05,0.0001,0.00012,0.00017,0.00078,2e-05,0
5150,-1e-05,-5e-05,-1e-05,0.0001,0.00012,0.00017,0.00078,2e-05,0
5151,-1e-05,-5e-05,-1e-05,0.0001,0.00012,0.00017,0.00078,2e-05,0
5152,-1e-05,-5e-05,-1e-05,0.0001,0.00012,0.00017,0.00078,2e-05,0
5154,-1e-05,-5e-05,-1e-05,0.0001,0.00012,0.00017,0.00078,2e-05,0
5155,-1e-05,-5e-05,-1e-05,0.0001,0.00012,0.00017,0.00078,2e-05,0
5156,-1e-05,-5e-05,-1e-05,0.0001,0.00012,0.00017,0.00078,2e-05,0
5157,-1e-05,-5e-05,-1e-05,0.0001,0.00012,0.00017,0.00078,2e-05,0
5158,-1e-05,-5e-05,-1e-05,0.0001,0.00012,0.00017,0.00078,2e-05,0
5159,-1e-05,-5e-05,-1e-05,0.0001,0.00012,0.00017,0.00078,2e-05,0
5160,-1e-05,-5e-05,-1e-05,0.0001,0.00012,0.00017,0.00078,2e-05,0
5161,-1e-05,-5e-05,-1e-05,0.0001,0.00012,0.00017,0.00078,2e-05,0
5162,4e-05,2e-05,6e-05,0.00031,-8e-05,-9e-05,-0.00024,-4e-05,0
5163,-3e-05,0.0,6e-05,-0.00013,-6e-05,2e-05,-6e-05,2e-05,0
5164,-4e-05,-1e-05,-5e-05,-0.00025,-3e-05,-0.00012,-0.00031,-3e-05,0
5165,-4e-05,-1e-05,-5e-05,-0.00025,-3e-05,-0.00012,-0.00031,-3e-05,0
5166,-4e-05,-1e-05,-5e-05,-0.00025,-3e-05,-0.00012,-0.00031,-3e-05,0
5167,-4e-05,-1e-05,-5e-05,-0.00025,-3e-05,-0.00012,-0.00031,-3e-05,0
5168,-4e-05,-1e-05,-5e-05,-0.00025,-3e-05,-0.00012,-0.00031,-3e-05,0
5169,-4e-05,-1e-05,-5e-05,-0.00025,-3e-05,-0.00012,-0.00031,-3e-05,0
5170,-4e-05,-1e-05,-5e-05,-0.00025,-3e-05,-0.00012,-0.00031,-3e-05,0
5171,-4e-05,-1e-05,-5e-05,-0.00025,-3e-05,-0.00012,-0.00031,-3e-05,0
5172,-4e-05,-1e-05,-5e-05,-0.00025,-3e-05,-0.00012,-0.00031,-3e-05,0
5173,-4e-05,-1e-05,-5e-05,-0.00025,-3e-05,-0.00012,-0.00031,-3e-05,0
5174,-4e-05,-1e-05,-5e-05,-0.00025,-3e-05,-0.00012,-0.00031,-3e-05,0
5175,-4e-05,-1e-05,-5e-05,-0.00025,-3e-05,-0.00012,-0.00031,-3e-05,0
5176,-4e-05,-1e-05,-5e-05,-0.00025,-3e-05,-0.00012,-0.00031,-3e-05,0
5177,-4e-05,-1e-05,-5e-05,-0.00025,-3e-05,-0.00012,-0.00031,-3e-05,0
5178,-4e-05,-1e-05,-5e-05,-0.00025,-3e-05,-0.00012,-0.00031,-3e-05,0
5179,-4e-05,-1e-05,-5e-05,-0.00025,-3e-05,-0.00012,-0.00031,-3e-05,0
5180,-4e-05,-1e-05,-5e-05,-0.00025,-3e-05,-0.00012,-0.00031,-3e-05,0
5181,-4e-05,-1e-05,-5e-05,-0.00025,-3e-05,-0.00012,-0.00031,-3e-05,0
5182,-4e-05,-1e-05,-5e-05,-0.00025,-3e-05,-0.00012,-0.00031,-3e-05,0
5183,-4e-05,-1e-05,-5e-05,-0.00025,-3e-05,-0.00012,-0.00031,-3e-05,0
5184,-3e-05,-4e-05,2e-05,0.00027,-0.00027,-0.00021,0.00013,1e-05,0
5185,1e-05,-5e-05,-4e-05,-0.00028,-6e-05,-3e-05,9e-05,3e-05,0
5187,-4e-05,0.0,1e-05,0.00051,0.00016,-4e-05,-0.00037,-8e-05,0
5189,-4e-05,0.0,1e-05,0.00051,0.00016,-4e-05,-0.00037,-8e-05,0
5190,-4e-05,0.0,1e-05,0.00051,0.00016,-4e-05,-0.00037,-8e-05,0
5191,-4e-05,0.0,1e-05,0.00051,0.00016,-4e-05,-0.00037,-8e-05,0
5192,-4e-05,0.0,1e-05,0.00051,0.00016,-4e-05,-0.00037,-8e-05,0
5193,-4e-05,0.0,1e-05,0.00051,0.00016,-4e-05,-0.00037,-8e-05,0
5194,-4e-05,0.0,1e-05,0.00051,0.00016,-4e-05,-0.00037,-8e-05,0
5195,-4e-05,0.0,1e-05,0.00051,0.00016,-4e-05,-0.00037,-8e-05,0
5196,-4e-05,0.0,1e-05,0.00051,0.00016,-4e-05,-0.00037,-8e-05,0
5197,-4e-05,0.0,1e-05,0.00051,0.00016,-4e-05,-0.00037,-8e-05,0
5198,-5e-05,-2e-05,-1e-05,0.00016,-7e-05,-3e-05,-0.00016,-3e-05,0
5199,-5e-05,-2e-05,-1e-05,0.00016,-7e-05,-3e-05,-0.00016,-3e-05,0
5200,-5e-05,-2e-05,-1e-05,0.00016,-7e-05,-3e-05,-0.00016,-3e-05,0
5201,-5e-05,-2e-05,-1e-05,0.00016,-7e-05,-3e-05,-0.00016,-3e-05,0
5202,-5e-05,-2e-05,-1e-05,0.00016,-7e-05,-3e-05,-0.00016,-3e-05,0
5204,-5e-05,-2e-05,-1e-05,0.00016,-7e-05,-3e-05,-0.00016,-3e-05,0
5205,-5e-05,-2e-05,-1e-05,0.00016,-7e-05,-3e-05,-0.00016,-3e-05,0
5206,-5e-05,-2e-05,-1e-05,0.00016,-7e-05,-3e-05,-0.00016,-3e-05,0
5207,-1e-05,-1e-05,-2e-05,-0.00026,-7e-05,2e-05,-7e-05,0.0,0
5208,-1e-05,-1e-05,-2e-05,-0.00026,-7e-05,2e-05,-7e-05,0.0,0
5209,-1e-05,-1e-05,-2e-05,-0.00026,-7e-05,2e-05,-7e-05,0.0,0
5210,-1e-05,-1e-05,-2e-05,-0.00026,-7e-05,2e-05,-7e-05,0.0,0
5211,-1e-05,-1e-05,-2e-05,-0.00026,-7e-05,2e-05,-7e-05,0.0,0
5212,-1e-05,-1e-05,-2e-05,-0.00026,-7e-05,2e-05,-7e-05,0.0,0
5213,-1e-05,-1e-05,-2e-05,-0.00026,-7e-05,2e-05,-7e-05,0.0,0
5214,-1e-05,-1e-05,-2e-05,-0.00026,-7e-05,2e-05,-7e-05,0.0,0
5215,-1e-05,-1e-05,-2e-05,-0.00026,-7e-05,2e-05,-7e-05,0.0,0
5216,-1e-05,-1e-05,-2e-05,-0.00026,-7e-05,2e-05,-7e-05,0.0,0
5217,-1e-05,-1e-05,-2e-05,-0.00026,-7e-05,2e-05,-7e-05,0.0,0
5218,-1e-05,-1e-05,-2e-05,-0.00026,-7e-05,2e-05,-7e-05,0.0,0
5219,-1e-05,-1e-05,-2e-05,-0.00026,-7e-05,2e-05,-7e-05,0.0,0
5220,-1e-05,-1e-05,-2e-05,-0.00026,-7e-05,2e-05,-7e-05,0.0,0
5221,-1e-05,-1e-05,-2e-05,-0.00026,-7e-05,2e-05,-7e-05,0.0,0
5222,-1e-05,-1e-05,-2e-05,-0.00026,-7e-05,2e-05,-7e-05,0.0,0
5223,-1e-05,-1e-05,-2e-05,-0.00026,-7e-05,2e-05,-7e-05,0.0,0
5224,-1e-05,-1e-05,-2e-05,-0.00026,-7e-05,2e-05,-7e-05,0.0,0
5225,-1e-05,-1e-05,-2e-05,-0.00026,-7e-05,2e-05,-7e-05,0.0,0
5226,-1e-05,-1e-05,-2e-05,-0.00026,-7e-05,2e-05,-7e-05,0.0,0
5227,-1e-05,-1e-05,-2e-05,-0.00026,-7e-05,2e-05,-7e-05,0.0,0
5228,-1e-05,-1e-05,-2e-05,-0.00026,-7e-05,2e-05,-7e-05,0.0,0
5229,-6e-05,-4e-05,-8e-05,1e-05,0.00011,-9e-05,-0.00013,-5e-05,0
5230,3e-05,3e-05,9e-05,0.0,1e-05,0.0001,0.00044,9e-05,0
5231,5e-05,3e-05,-3e-05,-0.00041,-6e-05,2e-05,-0.00014,-2e-05,0
5232,5e-05,3e-05,-3e-05,-0.00041,-6e-05,2e-05,-0.00014,-2e-05,0
5233,5e-05,3e-05,-3e-05,-0.00041,-6e-05,2e-05,-0.00014,-2e-05,0
5234,5e-05,3e-05,-3e-05,-0.00041,-6e-05,2e-05,-0.00014,-2e-05,0
5235,5e-05,3e-05,-3e-05,-0.00041,-6e-05,2e-05,-0.00014,-2e-05,0
5236,5e-05,3e-05,-3e-05,-0.00041,-6e-05,2e-05,-0.00014,-2e-05,0
5239,5e-05,3e-05,-3e-05,-0.00041,-6e-05,2e-05,-0.00014,-2e-05,0
5240,5e-05,3e-05,-3e-05,-0.00041,-6e-05,2e-05,-0.00014,-2e-05,0
5241,5e-05,3e-05,-3e-05,-0.00041,-6e-05,2e-05,-0.00014,-2e-05,0
5242,5e-05,3e-05,-3e-05,-0.00041,-6e-05,2e-05,-0.00014,-2e-05,0
5243,5e-05,3e-05,-3e-05,-0.00041,-6e-05,2e-05,-0.00014,-2e-05,0
5244,-5e-05,-8e-05,-6e-05,0.00037,7e-05,0.00014,-6e-05,-7e-05,0
5245,-1e-05,-2e-05,0.0,-0.00031,-9e-05,-0.00014,0.00025,1e-05,0
5246,-1e-05,-2e-05,0.0,-0.00031,-9e-05,-0.00014,0.00025,1e-05,0
5247,-1e-05,-2e-05,0.0,-0.00031,-9e-05,-0.00014,0.00025,1e-05,0
5248,-1e-05,-2e-05,0.0,-0.00031,-9e-05,-0.00014,0.00025,1e-05,0
5249,-1e-05,-2e-05,0.0,-0.00031,-9e-05,-0.00014,0.00025,1e-05,0
5250,-1e-05,-2e-05,0.0,-0.00031,-9e-05,-0.00014,0.00025,1e-05,0
5251,-1e-05,-2e-05,0.0,-0.00031,-9e-05,-0.00014,0.00025,1e-05,0
5252,1e-05,0.0,7e-05,0.00015,-3e-05,-4e-05,6e-05,6e-05,0
5254,1e-05,0.0,7e-05,0.00015,-3e-05,-4e-05,6e-05,6e-05,0
5255,1e-05,0.0,7e-05,0.00015,-3e-05,-4e-05,6e-05,6e-05,0
5256,1e-05,0.0,7e-05,0.00015,-3e-05,-4e-05,6e-05,6e-05,0
5257,1e-05,0.0,7e-05,0.00015,-3e-05,-4e-05,6e-05,6e-05,0
5258,1e-05,0.0,7e-05,0.00015,-3e-05,-4e-05,6e-05,6e-05,0
5259,1e-05,0.0,7e-05,0.00015,-3e-05,-4e-05,6e-05,6e-05,0
5260,1e-05,0.0,7e-05,0.00015,-3e-05,-4e-05,6e-05,6e-05,0
5261,1e-05,0.0,7e-05,0.00015,-3e-05,-4e-05,6e-05,6e-05,0
5262,1e-05,0.0,7e-05,0.00015,-3e-05,-4e-05,6e-05,6e-05,0
5263,1e-05,0.0,7e-05,0.00015,-3e-05,-4e-05,6e-05,6e-05,0
5264,1e-05,0.0,7e-05,0.00015,-3e-05,-4e-05,6e-05,6e-05,0
5265,1e-05,0.0,7e-05,0.00015,-3e-05,-4e-05,6e-05,6e-05,0
5266,1e-05,0.0,7e-05,0.00015,-3e-05,-4e-05,6e-05,6e-05,0
5267,-4e-05,2e-05,0.00011,0.0004,4e-05,3e-05,-0.00033,-0.00013,0
5268,6e-05,1e-05,0.0,-0.00032,-5e-05,-7e-05,-5e-05,1e-05,0
5269,2e-05,2e-05,0.0,0.00021,3e-05,4e-05,3e-05,5e-05,0
5270,2e-05,2e-05,0.0,0.00021,3e-05,4e-05,3e-05,5e-05,0
5272,2e-05,2e-05,0.0,0.00021,3e-05,4e-05,3e-05,5e-05,0
5273,2e-05,2e-05,0.0,0.00021,3e-05,4e-05,3e-05,5e-05,0
5274,2e-05,2e-05,0.0,0.00021,3e-05,4e-05,3e-05,5e-05,0
5275,2e-05,2e-05,0.0,0.00021,3e-05,4e-05,3e-05,5e-05,0
5276,2e-05,2e-05,0.0,0.00021,3e-05,4e-05,3e-05,5e-05,0
5277,2e-05,2e-05,0.0,0.00021,3e-05,4e-05,3e-05,5e-05,0
5278,2e-05,2e-05,0.0,0.00021,3e-05,4e-05,3e-05,5e-05,0
5279,2e-05,2e-05,0.0,0.00021,3e-05,4e-05,3e-05,5e-05,0
5280,2e-05,2e-05,0.0,0.00021,3e-05,4e-05,3e-05,5e-05,0
5281,2e-05,2e-05,0.0,0.00021,3e-05,4e-05,3e-05,5e-05,0
5282,2e-05,2e-05,0.0,0.00021,3e-05,4e-05,3e-05,5e-05,0
5283,2e-05,-2e-05,-7e-05,0.0,-0.00011,-9e-05,-6e-05,7e-05,0
5284,2e-05,-2e-05,-7e-05,0.0,-0.00011,-9e-05,-6e-05,7e-05,0
5285,2e-05,-2e-05,-7e-05,0.0,-0.00011,-9e-05,-6e-05,7e-05,0
5286,2e-05,-2e-05,-7e-05,0.0,-0.00011,-9e-05,-6e-05,7e-05,0
5289,2e-05,-2e-05,-7e-05,0.0,-0.00011,-9e-05,-6e-05,7e-05,0
5290,3e-05,3e-05,1e-05,-0.00021,-3e-05,-6e-05,0.00014,1e-05,0
5291,3e-05,3e-05,1e-05,-0.00021,-3e-05,-6e-05,0.00014,1e-05,0
5292,3e-05,3e-05,1e-05,-0.00021,-3e-05,-6e-05,0.00014,1e-05,0
5293,3e-05,3e-05,1e-05,-0.00021,-3e-05,-6e-05,0.00014,1e-05,0
5294,3e-05,3e-05,1e-05,-0.00021,-3e-05,-6e-05,0.00014,1e-05,0
5295,3e-05,3e-05,1e-05,-0.00021,-3e-05,-6e-05,0.00014,1e-05,0
5296,3e-05,3e-05,1e-05,-0.00021,-3e-05,-6e-05,0.00014,1e-05,0
5297,3e-05,3e-05,1e-05,-0.00021,-3e-05,-6e-05,0.00014,1e-05,0
5298,3e-05,3e-05,1e-05,-0.00021,-3e-05,-6e-05,0.00014,1e-05,0
5299,3e-05,3e-05,1e-05,-0.00021,-3e-05,-6e-05,0.00014,1e-05,0
5300,3e-05,3e-05,1e-05,-0.00021,-3e-05,-6e-05,0.00014,1e-05,0
5301,3e-05,3e-05,1e-05,-0.00021,-3e-05,-6e-05,0.00014,1e-05,0
5302,3e-05,3e-05,1e-05,-0.00021,-3e-05,-6e-05,0.00014,1e-05,0
5304,-1e-05,0.0,4e-05,0.00019,1e-05,-7e-05,0.00014,2e-05,0
5305,-0.00014,-0.00011,-0.00013,2e-05,1e-05,-0.00011,-9e-05,-0.00016,0
5306,-0.00014,-0.00011,-0.00013,2e-05,1e-05,-0.00011,-9e-05,-0.00016,0
5307,-6e-05,-1e-05,-1e-05,-0.00027,-5e-05,-6e-05,-0.00014,-9e-05,0
5308,-6e-05,-1e-05,-1e-05,-0.00027,-5e-05,-6e-05,-0.00014,-9e-05,0
5309,-6e-05,-1e-05,-1e-05,-0.00027,-5e-05,-6e-05,-0.00014,-9e-05,0
5310,-6e-05,-1e-05,-1e-05,-0.00027,-5e-05,-6e-05,-0.00014,-9e-05,0
5311,-6e-05,-1e-05,-1e-05,-0.00027,-5e-05,-6e-05,-0.00014,-9e-05,0
5312,-6e-05,-1e-05,-1e-05,-0.00027,-5e-05,-6e-05,-0.00014,-9e-05,0
5313,-6e-05,-1e-05,-1e-05,-0.00027,-5e-05,-6e-05,-0.00014,-9e-05,0
5314,-6e-05,-1e-05,-1e-05,-0.00027,-5e-05,-6e-05,-0.00014,-9e-05,0
5315,-6e-05,-1e-05,-1e-05,-0.00027,-5e-05,-6e-05,-0.00014,-9e-05,0
5316,-6e-05,-1e-05,-1e-05,-0.00027,-5e-05,-6e-05,-0.00014,-9e-05,0
5317,-6e-05,-1e-05,-1e-05,-0.00027,-5e-05,-6e-05,-0.00014,-9e-05,0
5318,-6e-05,-1e-05,-1e-05,-0.00027,-5e-05,-6e-05,-0.00014,-9e-05,0
5319,-6e-05,-1e-05,-1e-05,-0.00027,-5e-05,-6e-05,-0.00014,-9e-05,0
5320,-6e-05,-1e-05,-1e-05,-0.00027,-5e-05,-6e-05,-0.00014,-9e-05,0
5321,-6e-05,-1e-05,-1e-05,-0.00027,-5e-05,-6e-05,-0.00014,-9e-05,0
5322,-6e-05,-1e-05,-1e-05,-0.00027,-5e-05,-6e-05,-0.00014,-9e-05,0
5323,-6e-05,-1e-05,-1e-05,-0.00027,-5e-05,-6e-05,-0.00014,-9e-05,0
5324,-6e-05,-1e-05,-1e-05,-0.00027,-5e-05,-6e-05,-0.00014,-9e-05,0
5325,-6e-05,-1e-05,-1e-05,-0.00027,-5e-05,-6e-05,-0.00014,-9e-05,0
5326,-6e-05,-1e-05,-1e-05,-0.00027,-5e-05,-6e-05,-0.00014,-9e-05,0
5327,1e-05,2e-05,2e-05,7e-05,1e-05,0.00017,0.00015,3e-05,0
5328,1e-05,2e-05,2e-05,7e-05,1e-05,0.00017,0.00015,3e-05,0
5329,6e-05,1e-05,-1e-05,-1e-05,2e-05,8e-05,-0.00051,-4e-05,0
5330,6e-05,1e-05,-1e-05,-1e-05,2e-05,8e-05,-0.00051,-4e-05,0
5331,6e-05,1e-05,-1e-05,-1e-05,2e-05,8e-05,-0.00051,-4e-05,0
5332,6e-05,1e-05,-1e-05,-1e-05,2e-05,8e-05,-0.00051,-4e-05,0
5333,6e-05,1e-05,-1e-05,-1e-05,2e-05,8e-05,-0.00051,-4e-05,0
5334,6e-05,1e-05,-1e-05,-1e-05,2e-05,8e-05,-0.00051,-4e-05,0
5335,6e-05,1e-05,-1e-05,-1e-05,2e-05,8e-05,-0.00051,-4e-05,0
5336,6e-05,1e-05,-1e-05,-1e-05,2e-05,8e-05,-0.00051,-4e-05,0
5338,6e-05,1e-05,-1e-05,-1e-05,2e-05,8e-05,-0.00051,-4e-05,0
5339,6e-05,1e-05,-1e-05,-1e-05,2e-05,8e-05,-0.00051,-4e-05,0
5340,6e-05,1e-05,-1e-05,-1e-05,2e-05,8e-05,-0.00051,-4e-05,0
5341,4e-05,0.0,-3e-05,-0.00014,-5e-05,-7e-05,-0.00043,8e-05,0
5342,4e-05,0.0,-3e-05,-0.00014,-5e-05,-7e-05,-0.00043,8e-05,0
5343,4e-05,0.0,-3e-05,-0.00014,-5e-05,-7e-05,-0.00043,8e-05,0
5344,4e-05,0.0,-3e-05,-0.00014,-5e-05,-7e-05,-0.00043,8e-05,0
5345,4e-05,0.0,-3e-05,-0.00014,-5e-05,-7e-05,-0.00043,8e-05,0
5346,4e-05,0.0,-3e-05,-0.00014,-5e-05,-7e-05,-0.00043,8e-05,0
5347,4e-05,0.0,-3e-05,-0.00014,-5e-05,-7e-05,-0.00043,8e-05,0
5348,-8e-05,-3e-05,2e-05,-0.00059,-9e-05,-5e-05,-0.00025,-0.00014,0
5349,-8e-05,-3e-05,2e-05,-0.00059,-9e-05,-5e-05,-0.00025,-0.00014,0
5350,-8e-05,-3e-05,2e-05,-0.00059,-9e-05,-5e-05,-0.00025,-0.00014,0
5351,-8e-05,-3e-05,2e-05,-0.00059,-9e-05,-5e-05,-0.00025,-0.00014,0
5352,-8e-05,-3e-05,2e-05,-0.00059,-9e-05,-5e-05,-0.00025,-0.00014,0
5354,-8e-05,-3e-05,2e-05,-0.00059,-9e-05,-5e-05,-0.00025,-0.00014,0
5355,-8e-05,-3e-05,2e-05,-0.00059,-9e-05,-5e-05,-0.00025,-0.00014,0
5356,-8e-05,-3e-05,2e-05,-0.00059,-9e-05,-5e-05,-0.00025,-0.00014,0
5357,-8e-05,-3e-05,2e-05,-0.00059,-9e-05,-5e-05,-0.00025,-0.00014,0
5358,-8e-05,-3e-05,2e-05,-0.00059,-9e-05,-5e-05,-0.00025,-0.00014,0
5359,-8e-05,-3e-05,2e-05,-0.00059,-9e-05,-5e-05,-0.00025,-0.00014,0
5360,-8e-05,-3e-05,2e-05,-0.00059,-9e-05,-5e-05,-0.00025,-0.00014,0
5361,-8e-05,-3e-05,2e-05,-0.00059,-9e-05,-5e-05,-0.00025,-0.00014,0
5362,-8e-05,-3e-05,2e-05,-0.00059,-9e-05,-5e-05,-0.00025,-0.00014,0
5363,-8e-05,-3e-05,2e-05,-0.00059,-9e-05,-5e-05,-0.00025,-0.00014,0
5364,-8e-05,-3e-05,2e-05,-0.00059,-9e-05,-5e-05,-0.00025,-0.00014,0
5365,-2e-05,-1e-05,-1e-05,-0.00013,-0.0001,-0.00015,-0.00018,4e-05,0
5366,-2e-05,-1e-05,-1e-05,-0.00013,-0.0001,-0.00015,-0.00018,4e-05,0
5367,-2e-05,-1e-05,-1e-05,-0.00013,-0.0001,-0.00015,-0.00018,4e-05,0
5368,-2e-05,-1e-05,-1e-05,-0.00013,-0.0001,-0.00015,-0.00018,4e-05,0
5369,-2e-05,-1e-05,-1e-05,-0.00013,-0.0001,-0.00015,-0.00018,4e-05,0
5370,-2e-05,-1e-05,-1e-05,-0.00013,-0.0001,-0.00015,-0.00018,4e-05,0
5371,-8e-05,-2e-05,-2e-05,0.0001,-2e-05,5e-05,-0.00031,-0.0001,0
5372,-8e-05,-2e-05,-2e-05,0.0001,-2e-05,5e-05,-0.00031,-0.0001,0
5373,-8e-05,-2e-05,-2e-05,0.0001,-2e-05,5e-05,-0.00031,-0.0001,0
5374,-8e-05,-2e-05,-2e-05,0.0001,-2e-05,5e-05,-0.00031,-0.0001,0
5375,-8e-05,-2e-05,-2e-05,0.0001,-2e-05,5e-05,-0.00031,-0.0001,0
5376,-8e-05,-2e-05,-2e-05,0.0001,-2e-05,5e-05,-0.00031,-0.0001,0
5377,-8e-05,-2e-05,-2e-05,0.0001,-2e-05,5e-05,-0.00031,-0.0001,0
5378,-8e-05,-2e-05,-2e-05,0.0001,-2e-05,5e-05,-0.00031,-0.0001,0
5379,-8e-05,-2e-05,-2e-05,0.0001,-2e-05,5e-05,-0.00031,-0.0001,0
5380,-8e-05,-2e-05,-2e-05,0.0001,-2e-05,5e-05,-0.00031,-0.0001,0
5381,-8e-05,-2e-05,-2e-05,0.0001,-2e-05,5e-05,-0.00031,-0.0001,0
5382,-8e-05,-2e-05,-2e-05,0.0001,-2e-05,5e-05,-0.00031,-0.0001,0
5383,-8e-05,-2e-05,-2e-05,0.0001,-2e-05,5e-05,-0.00031,-0.0001,0
5384,-8e-05,-2e-05,-2e-05,0.0001,-2e-05,5e-05,-0.00031,-0.0001,0
5385,-8e-05,-2e-05,-2e-05,0.0001,-2e-05,5e-05,-0.00031,-0.0001,0
5386,-8e-05,-2e-05,-2e-05,0.0001,-2e-05,5e-05,-0.00031,-0.0001,0
5389,5e-05,1e-05,1e-05,0.0003,5e-05,-1e-05,-0.00035,1e-05,0
5390,5e-05,1e-05,1e-05,0.0003,5e-05,-1e-05,-0.00035,1e-05,0
5391,5e-05,1e-05,1e-05,0.0003,5e-05,-1e-05,-0.00035,1e-05,0
5392,5e-05,1e-05,1e-05,0.0003,5e-05,-1e-05,-0.00035,1e-05,0
5393,5e-05,1e-05,1e-05,0.0003,5e-05,-1e-05,-0.00035,1e-05,0
5394,5e-05,1e-05,1e-05,0.0003,5e-05,-1e-05,-0.00035,1e-05,0
5395,5e-05,1e-05,1e-05,0.0003,5e-05,-1e-05,-0.00035,1e-05,0
5396,5e-05,1e-05,1e-05,0.0003,5e-05,-1e-05,-0.00035,1e-05,0
5397,5e-05,1e-05,1e-05,0.0003,5e-05,-1e-05,-0.00035,1e-05,0
5398,5e-05,1e-05,1e-05,0.0003,5e-05,-1e-05,-0.00035,1e-05,0
5399,5e-05,1e-05,1e-05,0.0003,5e-05,-1e-05,-0.00035,1e-05,0
5400,5e-05,1e-05,1e-05,0.0003,5e-05,-1e-05,-0.00035,1e-05,0
5401,0.00045,7e-05,2e-05,-6e-05,-1e-05,-2e-05,0.0003,0.00036,0
5402,0.00045,7e-05,2e-05,-6e-05,-1e-05,-2e-05,0.0003,0.00036,0
5404,0.00045,7e-05,2e-05,-6e-05,-1e-05,-2e-05,0.0003,0.00036,0
5405,0.00045,7e-05,2e-05,-6e-05,-1e-05,-2e-05,0.0003,0.00036,0
5406,0.00045,7e-05,2e-05,-6e-05,-1e-05,-2e-05,0.0003,0.00036,0
5407,0.00045,7e-05,2e-05,-6e-05,-1e-05,-2e-05,0.0003,0.00036,0
5408,2e-05,0.0,0.0,0.00028,0.00015,0.00047,0.00058,5e-05,0
5409,2e-05,0.0,0.0,0.00028,0.00015,0.00047,0.00058,5e-05,0
5410,2e-05,0.0,0.0,0.00028,0.00015,0.00047,0.00058,5e-05,0
5411,2e-05,0.0,0.0,0.00028,0.00015,0.00047,0.00058,5e-05,0
5412,2e-05,0.0,0.0,0.00028,0.00015,0.00047,0.00058,5e-05,0
5413,2e-05,0.0,0.0,0.00028,0.00015,0.00047,0.00058,5e-05,0
5414,2e-05,0.0,0.0,0.00028,0.00015,0.00047,0.00058,5e-05,0
5415,2e-05,0.0,0.0,0.00028,0.00015,0.00047,0.00058,5e-05,0
5416,2e-05,0.0,0.0,0.00028,0.00015,0.00047,0.00058,5e-05,0
5417,2e-05,0.0,0.0,0.00028,0.00015,0.00047,0.00058,5e-05,0
5418,2e-05,0.0,0.0,0.00028,0.00015,0.00047,0.00058,5e-05,0
5419,2e-05,0.0,0.0,0.00028,0.00015,0.00047,0.00058,5e-05,0
5420,2e-05,0.0,0.0,0.00028,0.00015,0.00047,0.00058,5e-05,0
5421,2e-05,0.0,0.0,0.00028,0.00015,0.00047,0.00058,5e-05,0
5422,2e-05,0.0,0.0,0.00028,0.00015,0.00047,0.00058,5e-05,0
5423,2e-05,0.0,0.0,0.00028,0.00015,0.00047,0.00058,5e-05,0
5424,8e-05,7e-05,1e-05,-0.00054,-9e-05,-0.00022,0.0002,0.00026,0
5425,-0.00022,-2e-05,-4e-05,0.00029,0.0,-3e-05,-0.0011,-0.0006,0
5426,-8e-05,-5e-05,-0.00011,-1e-05,-0.00012,0.00025,0.00031,2e-05,0
5427,-8e-05,-5e-05,-0.00011,-1e-05,-0.00012,0.00025,0.00031,2e-05,0
5428,-8e-05,-5e-05,-0.00011,-1e-05,-0.00012,0.00025,0.00031,2e-05,0
5429,-8e-05,-5e-05,-0.00011,-1e-05,-0.00012,0.00025,0.00031,2e-05,0
5430,-8e-05,-5e-05,-0.00011,-1e-05,-0.00012,0.00025,0.00031,2e-05,0
5431,-8e-05,-5e-05,-0.00011,-1e-05,-0.00012,0.00025,0.00031,2e-05,0
5432,-8e-05,-5e-05,-0.00011,-1e-05,-0.00012,0.00025,0.00031,2e-05,0
5433,-8e-05,-5e-05,-0.00011,-1e-05,-0.00012,0.00025,0.00031,2e-05,0
5434,-8e-05,-5e-05,-0.00011,-1e-05,-0.00012,0.00025,0.00031,2e-05,0
5435,-8e-05,-5e-05,-0.00011,-1e-05,-0.00012,0.00025,0.00031,2e-05,0
5436,-8e-05,-5e-05,-0.00011,-1e-05,-0.00012,0.00025,0.00031,2e-05,0
5438,-8e-05,-5e-05,-0.00011,-1e-05,-0.00012,0.00025,0.00031,2e-05,0
5439,-8e-05,-5e-05,-0.00011,-1e-05,-0.00012,0.00025,0.00031,2e-05,0
5440,-8e-05,-5e-05,-0.00011,-1e-05,-0.00012,0.00025,0.00031,2e-05,0
5441,-8e-05,-5e-05,-0.00011,-1e-05,-0.00012,0.00025,0.00031,2e-05,0
5442,-8e-05,-5e-05,-0.00011,-1e-05,-0.00012,0.00025,0.00031,2e-05,0
5443,-8e-05,-5e-05,-0.00011,-1e-05,-0.00012,0.00025,0.00031,2e-05,0
5444,-8e-05,-5e-05,-0.00011,-1e-05,-0.00012,0.00025,0.00031,2e-05,0
5445,-8e-05,-5e-05,-0.00011,-1e-05,-0.00012,0.00025,0.00031,2e-05,0
5446,-8e-05,-5e-05,-0.00011,-1e-05,-0.00012,0.00025,0.00031,2e-05,0
5447,-0.00022,-0.0001,-6e-05,-0.00037,-1e-05,9e-05,-0.00038,-0.00017,0
5448,3e-05,0.0,-2e-05,9e-05,-0.00013,-0.00012,0.0002,-1e-05,0
5449,-7e-05,-2e-05,2e-05,-1e-05,4e-05,-0.00015,-0.00024,-4e-05,0
5450,-7e-05,-2e-05,2e-05,-1e-05,4e-05,-0.00015,-0.00024,-4e-05,0
5451,-7e-05,-2e-05,2e-05,-1e-05,4e-05,-0.00015,-0.00024,-4e-05,0
5452,-7e-05,-2e-05,2e-05,-1e-05,4e-05,-0.00015,-0.00024,-4e-05,0
5454,-7e-05,-2e-05,2e-05,-1e-05,4e-05,-0.00015,-0.00024,-4e-05,0
5455,-7e-05,-2e-05,2e-05,-1e-05,4e-05,-0.00015,-0.00024,-4e-05,0
5456,-7e-05,-2e-05,2e-05,-1e-05,4e-05,-0.00015,-0.00024,-4e-05,0
5457,-7e-05,-2e-05,2e-05,-1e-05,4e-05,-0.00015,-0.00024,-4e-05,0
5458,-7e-05,-2e-05,2e-05,-1e-05,4e-05,-0.00015,-0.00024,-4e-05,0
5459,-7e-05,-2e-05,2e-05,-1e-05,4e-05,-0.00015,-0.00024,-4e-05,0
5460,-7e-05,-2e-05,2e-05,-1e-05,4e-05,-0.00015,-0.00024,-4e-05,0
5461,-7e-05,-2e-05,2e-05,-1e-05,4e-05,-0.00015,-0.00024,-4e-05,0
5462,-7e-05,-2e-05,2e-05,-1e-05,4e-05,-0.00015,-0.00024,-4e-05,0
5463,2e-05,5e-05,4e-05,-7e-05,0.00017,-8e-05,0.00045,0.00018,0
5464,2e-05,5e-05,4e-05,-7e-05,0.00017,-8e-05,0.00045,0.00018,0
5465,2e-05,5e-05,4e-05,-7e-05,0.00017,-8e-05,0.00045,0.00018,0
5466,2e-05,5e-05,4e-05,-7e-05,0.00017,-8e-05,0.00045,0.00018,0
5467,2e-05,5e-05,4e-05,-7e-05,0.00017,-8e-05,0.00045,0.00018,0
5468,8e-05,0.0,0.0,-0.00016,-0.00015,-1e-05,0.00052,0.00026,0
5469,8e-05,0.0,0.0,-0.00016,-0.00015,-1e-05,0.00052,0.00026,0
5470,8e-05,0.0,0.0,-0.00016,-0.00015,-1e-05,0.00052,0.00026,0
5471,8e-05,0.0,0.0,-0.00016,-0.00015,-1e-05,0.00052,0.00026,0
5472,8e-05,0.0,0.0,-0.00016,-0.00015,-1e-05,0.00052,0.00026,0
5473,8e-05,0.0,0.0,-0.00016,-0.00015,-1e-05,0.00052,0.00026,0
5474,8e-05,0.0,0.0,-0.00016,-0.00015,-1e-05,0.00052,0.00026,0
5475,8e-05,0.0,0.0,-0.00016,-0.00015,-1e-05,0.00052,0.00026,0
5476,8e-05,0.0,0.0,-0.00016,-0.00015,-1e-05,0.00052,0.00026,0
5477,8e-05,0.0,0.0,-0.00016,-0.00015,-1e-05,0.00052,0.00026,0
5478,8e-05,0.0,0.0,-0.00016,-0.00015,-1e-05,0.00052,0.00026,0
5479,8e-05,0.0,0.0,-0.00016,-0.00015,-1e-05,0.00052,0.00026,0
5480,8e-05,0.0,0.0,-0.00016,-0.00015,-1e-05,0.00052,0.00026,0
5481,8e-05,0.0,0.0,-0.00016,-0.00015,-1e-05,0.00052,0.00026,0
5482,8e-05,0.0,0.0,-0.00016,-0.00015,-1e-05,0.00052,0.00026,0
5483,8e-05,0.0,0.0,-0.00016,-0.00015,-1e-05,0.00052,0.00026,0
5484,-0.00016,1e-05,3e-05,-0.00011,7e-05,0.00015,-0.00074,-0.00024,0
5485,2e-05,3e-05,-3e-05,-4e-05,8e-05,-2e-05,-0.00025,8e-05,0
5487,2e-05,0.0,1e-05,-6e-05,-4e-05,2e-05,0.00022,0.00011,0
5489,2e-05,0.0,1e-05,-6e-05,-4e-05,2e-05,0.00022,0.00011,0
5490,2e-05,0.0,1e-05,-6e-05,-4e-05,2e-05,0.00022,0.00011,0
5491,2e-05,0.0,1e-05,-6e-05,-4e-05,2e-05,0.00022,0.00011,0
5492,2e-05,0.0,1e-05,-6e-05,-4e-05,2e-05,0.00022,0.00011,0
5493,2e-05,0.0,1e-05,-6e-05,-4e-05,2e-05,0.00022,0.00011,0
5494,2e-05,0.0,1e-05,-6e-05,-4e-05,2e-05,0.00022,0.00011,0
5495,2e-05,0.0,1e-05,-6e-05,-4e-05,2e-05,0.00022,0.00011,0
5496,2e-05,0.0,1e-05,-6e-05,-4e-05,2e-05,0.00022,0.00011,0
5497,2e-05,0.0,1e-05,-6e-05,-4e-05,2e-05,0.00022,0.00011,0
5498,2e-05,0.0,1e-05,-6e-05,-4e-05,2e-05,0.00022,0.00011,0
5499,2e-05,0.0,1e-05,-6e-05,-4e-05,2e-05,0.00022,0.00011,0
5500,2e-05,0.0,1e-05,-6e-05,-4e-05,2e-05,0.00022,0.00011,0
5501,2e-05,0.0,1e-05,-6e-05,-4e-05,2e-05,0.00022,0.00011,0
5502,2e-05,0.0,1e-05,-6e-05,-4e-05,2e-05,0.00022,0.00011,0
5504,2e-05,0.0,1e-05,-6e-05,-4e-05,2e-05,0.00022,0.00011,0
5505,2e-05,0.0,1e-05,-6e-05,-4e-05,2e-05,0.00022,0.00011,0
5506,2e-05,0.0,1e-05,-6e-05,-4e-05,2e-05,0.00022,0.00011,0
5507,-1e-05,1e-05,0.0,-0.0009,-6e-05,4e-05,4e-05,-1e-05,0
5508,-5e-05,-2e-05,-1e-05,-0.00089,-2e-05,0.00036,0.00023,5e-05,0
5509,-3e-05,-3e-05,-9e-05,0.00049,-0.0001,-5e-05,-2e-05,-0.00012,0
5510,-3e-05,-3e-05,-9e-05,0.00049,-0.0001,-5e-05,-2e-05,-0.00012,0
5511,-3e-05,-3e-05,-9e-05,0.00049,-0.0001,-5e-05,-2e-05,-0.00012,0
5512,-3e-05,-3e-05,-9e-05,0.00049,-0.0001,-5e-05,-2e-05,-0.00012,0
5513,-3e-05,-3e-05,-9e-05,0.00049,-0.0001,-5e-05,-2e-05,-0.00012,0
5514,-3e-05,-3e-05,-9e-05,0.00049,-0.0001,-5e-05,-2e-05,-0.00012,0
5515,-3e-05,-3e-05,-9e-05,0.00049,-0.0001,-5e-05,-2e-05,-0.00012,0
5516,-3e-05,-3e-05,-9e-05,0.00049,-0.0001,-5e-05,-2e-05,-0.00012,0
5517,-3e-05,-3e-05,-9e-05,0.00049,-0.0001,-5e-05,-2e-05,-0.00012,0
5518,-3e-05,-3e-05,-9e-05,0.00049,-0.0001,-5e-05,-2e-05,-0.00012,0
5519,-3e-05,-3e-05,-9e-05,0.00049,-0.0001,-5e-05,-2e-05,-0.00012,0
5520,-3e-05,-3e-05,-9e-05,0.00049,-0.0001,-5e-05,-2e-05,-0.00012,0
5521,-3e-05,1e-05,-4e-05,-0.00068,-0.00024,0.00017,0.00023,-0.0001,0
5522,-3e-05,1e-05,-4e-05,-0.00068,-0.00024,0.00017,0.00023,-0.0001,0
5523,-3e-05,1e-05,-4e-05,-0.00068,-0.00024,0.00017,0.00023,-0.0001,0
5524,-3e-05,1e-05,-4e-05,-0.00068,-0.00024,0.00017,0.00023,-0.0001,0
5525,-3e-05,1e-05,-4e-05,-0.00068,-0.00024,0.00017,0.00023,-0.0001,0
5526,-3e-05,1e-05,-4e-05,-0.00068,-0.00024,0.00017,0.00023,-0.0001,0
5527,-3e-05,1e-05,-4e-05,-0.00068,-0.00024,0.00017,0.00023,-0.0001,0
5528,2e-05,3e-05,5e-05,-0.00059,-0.0001,-0.00026,0.00056,0.00027,0
5529,2e-05,3e-05,5e-05,-0.00059,-0.0001,-0.00026,0.00056,0.00027,0
5530,2e-05,3e-05,5e-05,-0.00059,-0.0001,-0.00026,0.00056,0.00027,0
5531,2e-05,3e-05,5e-05,-0.00059,-0.0001,-0.00026,0.00056,0.00027,0
5532,2e-05,3e-05,5e-05,-0.00059,-0.0001,-0.00026,0.00056,0.00027,0
5533,2e-05,3e-05,5e-05,-0.00059,-0.0001,-0.00026,0.00056,0.00027,0
5534,2e-05,3e-05,5e-05,-0.00059,-0.0001,-0.00026,0.00056,0.00027,0
5535,2e-05,3e-05,5e-05,-0.00059,-0.0001,-0.00026,0.00056,0.00027,0
5536,2e-05,3e-05,5e-05,-0.00059,-0.0001,-0.00026,0.00056,0.00027,0
5538,2e-05,3e-05,5e-05,-0.00059,-0.0001,-0.00026,0.00056,0.00027,0
5539,2e-05,3e-05,5e-05,-0.00059,-0.0001,-0.00026,0.00056,0.00027,0
5540,2e-05,3e-05,5e-05,-0.00059,-0.0001,-0.00026,0.00056,0.00027,0
5541,2e-05,3e-05,5e-05,-0.00059,-0.0001,-0.00026,0.00056,0.00027,0
5542,2e-05,3e-05,5e-05,-0.00059,-0.0001,-0.00026,0.00056,0.00027,0
5543,2e-05,3e-05,5e-05,-0.00059,-0.0001,-0.00026,0.00056,0.00027,0
5544,2e-05,3e-05,5e-05,-0.00059,-0.0001,-0.00026,0.00056,0.00027,0
5545,3e-05,2e-05,4e-05,-0.00044,-0.00037,-8e-05,2e-05,4e-05,0
5546,7e-05,3e-05,6e-05,0.00068,0.00028,1e-05,-0.00086,-4e-05,0
5547,-0.00012,-8e-05,-6e-05,-0.0003,-0.00013,8e-05,0.00059,-2e-05,0
5548,-0.00012,-8e-05,-6e-05,-0.0003,-0.00013,8e-05,0.00059,-2e-05,0
5549,-0.00012,-8e-05,-6e-05,-0.0003,-0.00013,8e-05,0.00059,-2e-05,0
5550,-0.00012,-8e-05,-6e-05,-0.0003,-0.00013,8e-05,0.00059,-2e-05,0
5551,-0.00012,-8e-05,-6e-05,-0.0003,-0.00013,8e-05,0.00059,-2e-05,0
5552,-0.00012,-8e-05,-6e-05,-0.0003,-0.00013,8e-05,0.00059,-2e-05,0
5554,-0.00012,-8e-05,-6e-05,-0.0003,-0.00013,8e-05,0.00059,-2e-05,0
5555,-0.00012,-8e-05,-6e-05,-0.0003,-0.00013,8e-05,0.00059,-2e-05,0
5556,-0.00012,-8e-05,-6e-05,-0.0003,-0.00013,8e-05,0.00059,-2e-05,0
5557,-0.00012,-8e-05,-6e-05,-0.0003,-0.00013,8e-05,0.00059,-2e-05,0
5558,-0.00012,-8e-05,-6e-05,-0.0003,-0.00013,8e-05,0.00059,-2e-05,0
5559,-0.00012,-8e-05,-6e-05,-0.0003,-0.00013,8e-05,0.00059,-2e-05,0
5560,-0.00012,-8e-05,-6e-05,-0.0003,-0.00013,8e-05,0.00059,-2e-05,0
5561,-0.00012,-8e-05,-6e-05,-0.0003,-0.00013,8e-05,0.00059,-2e-05,0
5562,-0.00012,-8e-05,-6e-05,-0.0003,-0.00013,8e-05,0.00059,-2e-05,0
5563,-0.00012,-8e-05,-6e-05,-0.0003,-0.00013,8e-05,0.00059,-2e-05,0
5564,-0.00012,-8e-05,-6e-05,-0.0003,-0.00013,8e-05,0.00059,-2e-05,0
5565,-0.00012,-8e-05,-6e-05,-0.0003,-0.00013,8e-05,0.00059,-2e-05,0
5566,-0.00012,-8e-05,-6e-05,-0.0003,-0.00013,8e-05,0.00059,-2e-05,0
5567,-0.00022,-9e-05,-6e-05,-0.00026,-7e-05,-0.00013,-0.00031,-0.00013,0
5568,0.00018,3e-05,-3e-05,-0.00016,-9e-05,0.00019,0.00127,0.0002,0
5569,-7e-05,-6e-05,-6e-05,-5e-05,-8e-05,-0.0002,-0.0007,-0.00032,0
5570,-7e-05,-6e-05,-6e-05,-5e-05,-8e-05,-0.0002,-0.0007,-0.00032,0
5571,-7e-05,-6e-05,-6e-05,-5e-05,-8e-05,-0.0002,-0.0007,-0.00032,0
5572,-7e-05,-6e-05,-6e-05,-5e-05,-8e-05,-0.0002,-0.0007,-0.00032,0
5573,-7e-05,-6e-05,-6e-05,-5e-05,-8e-05,-0.0002,-0.0007,-0.00032,0
5574,-7e-05,-6e-05,-6e-05,-5e-05,-8e-05,-0.0002,-0.0007,-0.00032,0
5575,-7e-05,-6e-05,-6e-05,-5e-05,-8e-05,-0.0002,-0.0007,-0.00032,0
5576,-7e-05,-6e-05,-6e-05,-5e-05,-8e-05,-0.0002,-0.0007,-0.00032,0
5577,-7e-05,-6e-05,-6e-05,-5e-05,-8e-05,-0.0002,-0.0007,-0.00032,0
5578,-7e-05,-6e-05,-6e-05,-5e-05,-8e-05,-0.0002,-0.0007,-0.00032,0
5579,-7e-05,-6e-05,-6e-05,-5e-05,-8e-05,-0.0002,-0.0007,-0.00032,0
5580,-7e-05,-6e-05,-6e-05,-5e-05,-8e-05,-0.0002,-0.0007,-0.00032,0
5581,5e-05,7e-05,8e-05,0.00015,4e-05,2e-05,0.00015,0.00011,0
5582,5e-05,7e-05,8e-05,0.00015,4e-05,2e-05,0.00015,0.00011,0
5583,5e-05,7e-05,8e-05,0.00015,4e-05,2e-05,0.00015,0.00011,0
5584,5e-05,7e-05,8e-05,0.00015,4e-05,2e-05,0.00015,0.00011,0
5585,5e-05,7e-05,8e-05,0.00015,4e-05,2e-05,0.00015,0.00011,0
5586,5e-05,7e-05,8e-05,0.00015,4e-05,2e-05,0.00015,0.00011,0
5588,-2e-05,-1e-05,2e-05,0.00013,3e-05,-2e-05,0.0003,0.00011,0
5589,-2e-05,-1e-05,2e-05,0.00013,3e-05,-2e-05,0.0003,0.00011,0
5590,-2e-05,-1e-05,2e-05,0.00013,3e-05,-2e-05,0.0003,0.00011,0
5591,-2e-05,-1e-05,2e-05,0.00013,3e-05,-2e-05,0.0003,0.00011,0
5592,-2e-05,-1e-05,2e-05,0.00013,3e-05,-2e-05,0.0003,0.00011,0
5593,-2e-05,-1e-05,2e-05,0.00013,3e-05,-2e-05,0.0003,0.00011,0
5594,-2e-05,-1e-05,2e-05,0.00013,3e-05,-2e-05,0.0003,0.00011,0
5595,-2e-05,-1e-05,2e-05,0.00013,3e-05,-2e-05,0.0003,0.00011,0
5596,-2e-05,-1e-05,2e-05,0.00013,3e-05,-2e-05,0.0003,0.00011,0
5597,-2e-05,-1e-05,2e-05,0.00013,3e-05,-2e-05,0.0003,0.00011,0
5598,-2e-05,-1e-05,2e-05,0.00013,3e-05,-2e-05,0.0003,0.00011,0
5599,-2e-05,-1e-05,2e-05,0.00013,3e-05,-2e-05,0.0003,0.00011,0
5600,-2e-05,-1e-05,2e-05,0.00013,3e-05,-2e-05,0.0003,0.00011,0
5601,-2e-05,-1e-05,2e-05,0.00013,3e-05,-2e-05,0.0003,0.00011,0
5602,-2e-05,-1e-05,2e-05,0.00013,3e-05,-2e-05,0.0003,0.00011,0
5604,1e-05,-4e-05,-3e-05,-0.0003,-0.0002,-0.00024,0.00025,0.0001,0
5605,-0.00023,-0.00011,-0.00013,-0.00018,0.0002,-0.00015,-0.00024,-0.00035,0
5606,-9e-05,-6e-05,-3e-05,7e-05,0.00013,-0.0001,-0.00073,-0.0002,0
5607,-9e-05,-6e-05,-3e-05,7e-05,0.00013,-0.0001,-0.00073,-0.0002,0
5608,-9e-05,-6e-05,-3e-05,7e-05,0.00013,-0.0001,-0.00073,-0.0002,0
5609,-9e-05,-6e-05,-3e-05,7e-05,0.00013,-0.0001,-0.00073,-0.0002,0
5610,-9e-05,-6e-05,-3e-05,7e-05,0.00013,-0.0001,-0.00073,-0.0002,0
5611,-9e-05,-6e-05,-3e-05,7e-05,0.00013,-0.0001,-0.00073,-0.0002,0
5612,-9e-05,-6e-05,-3e-05,7e-05,0.00013,-0.0001,-0.00073,-0.0002,0
5613,-9e-05,-6e-05,-3e-05,7e-05,0.00013,-0.0001,-0.00073,-0.0002,0
5614,-9e-05,-6e-05,-3e-05,7e-05,0.00013,-0.0001,-0.00073,-0.0002,0
5615,-9e-05,-6e-05,-3e-05,7e-05,0.00013,-0.0001,-0.00073,-0.0002,0
5616,-9e-05,-6e-05,-3e-05,7e-05,0.00013,-0.0001,-0.00073,-0.0002,0
5617,-9e-05,-6e-05,-3e-05,7e-05,0.00013,-0.0001,-0.00073,-0.0002,0
5618,-9e-05,-6e-05,-3e-05,7e-05,0.00013,-0.0001,-0.00073,-0.0002,0
5619,-9e-05,-6e-05,-3e-05,7e-05,0.00013,-0.0001,-0.00073,-0.0002,0
5620,-9e-05,-6e-05,-3e-05,7e-05,0.00013,-0.0001,-0.00073,-0.0002,0
5621,-9e-05,-6e-05,-3e-05,7e-05,0.00013,-0.0001,-0.00073,-0.0002,0
5622,-9e-05,-6e-05,-3e-05,7e-05,0.00013,-0.0001,-0.00073,-0.0002,0
5623,-9e-05,-6e-05,-3e-05,7e-05,0.00013,-0.0001,-0.00073,-0.0002,0
5624,-9e-05,-6e-05,-3e-05,7e-05,0.00013,-0.0001,-0.00073,-0.0002,0
5625,-9e-05,-6e-05,-3e-05,7e-05,0.00013,-0.0001,-0.00073,-0.0002,0
5626,-9e-05,-6e-05,-3e-05,7e-05,0.00013,-0.0001,-0.00073,-0.0002,0
5627,-2e-05,0.00015,0.00017,-0.00069,-7e-05,-0.00023,-0.00094,-0.00026,0
5628,5e-05,-6e-05,-0.00021,2e-05,-0.00025,-0.00035,0.00096,-5e-05,0
5629,0.00011,-1e-05,-1e-05,8e-05,0.0001,0.0006,-0.00019,0.00028,0
5630,0.00011,-1e-05,-1e-05,8e-05,0.0001,0.0006,-0.00019,0.00028,0
5631,0.00011,-1e-05,-1e-05,8e-05,0.0001,0.0006,-0.00019,0.00028,0
5632,0.00011,-1e-05,-1e-05,8e-05,0.0001,0.0006,-0.00019,0.00028,0
5633,0.00011,-1e-05,-1e-05,8e-05,0.0001,0.0006,-0.00019,0.00028,0
5634,0.00011,-1e-05,-1e-05,8e-05,0.0001,0.0006,-0.00019,0.00028,0
5635,0.00011,-1e-05,-1e-05,8e-05,0.0001,0.0006,-0.00019,0.00028,0
5639,0.00011,-1e-05,-1e-05,8e-05,0.0001,0.0006,-0.00019,0.00028,2
5640,0.00011,-1e-05,-1e-05,8e-05,0.0001,0.0006,-0.00019,0.00028,2
5641,0.00011,-1e-05,-1e-05,8e-05,0.0001,0.0006,-0.00019,0.00028,2
5642,0.00011,-1e-05,-1e-05,8e-05,0.0001,0.0006,-0.00019,0.00028,2
5643,0.00011,-1e-05,-1e-05,8e-05,0.0001,0.0006,-0.00019,0.00028,2
5644,0.00011,-1e-05,-1e-05,8e-05,0.0001,0.0006,-0.00019,0.00028,2
5645,0.00011,-1e-05,-1e-05,8e-05,0.0001,0.0006,-0.00019,0.00028,2
5646,0.00011,-1e-05,-1e-05,8e-05,0.0001,0.0006,-0.00019,0.00028,2
5647,0.00011,-1e-05,-1e-05,8e-05,0.0001,0.0006,-0.00019,0.00028,2
5648,0.00011,-1e-05,-1e-05,8e-05,0.0001,0.0006,-0.00019,0.00028,2
5649,-4e-05,4e-05,0.0001,-0.00016,6e-05,4e-05,-0.00044,-3e-05,2
5650,-0.00014,-5e-05,-1e-05,-9e-05,-0.00013,0.00018,0.0009,4e-05,2
5651,3e-05,4e-05,2e-05,-0.00018,-0.00013,-8e-05,6e-05,-9e-05,2
5652,3e-05,4e-05,2e-05,-0.00018,-0.00013,-8e-05,6e-05,-9e-05,2
5654,3e-05,4e-05,2e-05,-0.00018,-0.00013,-8e-05,6e-05,-9e-05,2
5655,3e-05,4e-05,2e-05,-0.00018,-0.00013,-8e-05,6e-05,-9e-05,2
5656,3e-05,4e-05,2e-05,-0.00018,-0.00013,-8e-05,6e-05,-9e-05,2
5657,3e-05,4e-05,2e-05,-0.00018,-0.00013,-8e-05,6e-05,-9e-05,2
5658,3e-05,4e-05,2e-05,-0.00018,-0.00013,-8e-05,6e-05,-9e-05,2
5659,3e-05,4e-05,2e-05,-0.00018,-0.00013,-8e-05,6e-05,-9e-05,2
5660,3e-05,4e-05,2e-05,-0.00018,-0.00013,-8e-05,6e-05,-9e-05,2
5661,3e-05,4e-05,2e-05,-0.00018,-0.00013,-8e-05,6e-05,-9e-05,2
5662,3e-05,4e-05,2e-05,-0.00018,-0.00013,-8e-05,6e-05,-9e-05,2
5663,3e-05,4e-05,2e-05,-0.00018,-0.00013,-8e-05,6e-05,-9e-05,2
5664,3e-05,4e-05,2e-05,-0.00018,-0.00013,-8e-05,6e-05,-9e-05,2
5665,0.00013,0.0,0.0,0.00043,0.00018,0.00043,0.00085,0.0002,2
5666,-0.00026,-7e-05,3e-05,-0.00034,-0.00022,4e-05,-0.00021,-0.00016,2
5667,5e-05,-6e-05,-0.00016,-0.00015,0.0,-0.00023,-0.0005,1e-05,2
5668,5e-05,-6e-05,-0.00016,-0.00015,0.0,-0.00023,-0.0005,1e-05,2
5669,5e-05,-6e-05,-0.00016,-0.00015,0.0,-0.00023,-0.0005,1e-05,2
5670,5e-05,-6e-05,-0.00016,-0.00015,0.0,-0.00023,-0.0005,1e-05,2
5671,5e-05,-6e-05,-0.00016,-0.00015,0.0,-0.00023,-0.0005,1e-05,2
5672,5e-05,-6e-05,-0.00016,-0.00015,0.0,-0.00023,-0.0005,1e-05,2
5673,5e-05,-6e-05,-0.00016,-0.00015,0.0,-0.00023,-0.0005,1e-05,2
5674,5e-05,-6e-05,-0.00016,-0.00015,0.0,-0.00023,-0.0005,1e-05,2
5675,5e-05,-6e-05,-0.00016,-0.00015,0.0,-0.00023,-0.0005,1e-05,2
5676,5e-05,-6e-05,-0.00016,-0.00015,0.0,-0.00023,-0.0005,1e-05,2
5677,5e-05,-6e-05,-0.00016,-0.00015,0.0,-0.00023,-0.0005,1e-05,2
5678,5e-05,-6e-05,-0.00016,-0.00015,0.0,-0.00023,-0.0005,1e-05,2
5679,5e-05,-6e-05,-0.00016,-0.00015,0.0,-0.00023,-0.0005,1e-05,2
5680,5e-05,-6e-05,-0.00016,-0.00015,0.0,-0.00023,-0.0005,1e-05,2
5681,5e-05,-6e-05,-0.00016,-0.00015,0.0,-0.00023,-0.0005,1e-05,2
5682,5e-05,-6e-05,-0.00016,-0.00015,0.0,-0.00023,-0.0005,1e-05,2
5683,5e-05,-6e-05,-0.00016,-0.00015,0.0,-0.00023,-0.0005,1e-05,2
5684,5e-05,-6e-05,-0.00016,-0.00015,0.0,-0.00023,-0.0005,1e-05,2
5685,5e-05,-6e-05,-0.00016,-0.00015,0.0,-0.00023,-0.0005,1e-05,2
5686,5e-05,-6e-05,-0.00016,-0.00015,0.0,-0.00023,-0.0005,1e-05,2
5688,2e-05,5e-05,5e-05,-0.00037,-8e-05,0.00024,-0.00028,0.0,2
5689,5e-05,7e-05,0.00011,-0.00046,5e-05,-0.00023,-4e-05,3e-05,2
5690,5e-05,7e-05,0.00011,-0.00046,5e-05,-0.00023,-4e-05,3e-05,2
5691,5e-05,7e-05,0.00011,-0.00046,5e-05,-0.00023,-4e-05,3e-05,2
5692,5e-05,7e-05,0.00011,-0.00046,5e-05,-0.00023,-4e-05,3e-05,2
5693,5e-05,7e-05,0.00011,-0.00046,5e-05,-0.00023,-4e-05,3e-05,2
5694,5e-05,7e-05,0.00011,-0.00046,5e-05,-0.00023,-4e-05,3e-05,2
5695,5e-05,7e-05,0.00011,-0.00046,5e-05,-0.00023,-4e-05,3e-05,2
5696,5e-05,7e-05,0.00011,-0.00046,5e-05,-0.00023,-4e-05,3e-05,2
5697,5e-05,7e-05,0.00011,-0.00046,5e-05,-0.00023,-4e-05,3e-05,2
5698,5e-05,7e-05,0.00011,-0.00046,5e-05,-0.00023,-4e-05,3e-05,2
5699,5e-05,7e-05,0.00011,-0.00046,5e-05,-0.00023,-4e-05,3e-05,2
5700,5e-05,7e-05,0.00011,-0.00046,5e-05,-0.00023,-4e-05,3e-05,2
5701,0.00011,-4e-05,-5e-05,-0.00037,3e-05,3e-05,0.0001,0.0003,2
5702,0.00011,-4e-05,-5e-05,-0.00037,3e-05,3e-05,0.0001,0.0003,2
5703,0.00011,-4e-05,-5e-05,-0.00037,3e-05,3e-05,0.0001,0.0003,2
5704,0.00011,-4e-05,-5e-05,-0.00037,3e-05,3e-05,0.0001,0.0003,2
5705,0.00011,-4e-05,-5e-05,-0.00037,3e-05,3e-05,0.0001,0.0003,2
5706,0.00011,-4e-05,-5e-05,-0.00037,3e-05,3e-05,0.0001,0.0003,2
5707,0.00011,-4e-05,-5e-05,-0.00037,3e-05,3e-05,0.0001,0.0003,2
5708,0.00015,8e-05,-1e-05,-0.0006,5e-05,-4e-05,-0.00076,6e-05,2
5709,0.00015,8e-05,-1e-05,-0.0006,5e-05,-4e-05,-0.00076,6e-05,2
5710,0.00015,8e-05,-1e-05,-0.0006,5e-05,-4e-05,-0.00076,6e-05,2
5711,0.00015,8e-05,-1e-05,-0.0006,5e-05,-4e-05,-0.00076,6e-05,2
5712,0.00015,8e-05,-1e-05,-0.0006,5e-05,-4e-05,-0.00076,6e-05,2
5713,0.00015,8e-05,-1e-05,-0.0006,5e-05,-4e-05,-0.00076,6e-05,2
5714,0.00015,8e-05,-1e-05,-0.0006,5e-05,-4e-05,-0.00076,6e-05,2
5715,0.00015,8e-05,-1e-05,-0.0006,5e-05,-4e-05,-0.00076,6e-05,2
5716,0.00015,8e-05,-1e-05,-0.0006,5e-05,-4e-05,-0.00076,6e-05,2
5717,0.00015,8e-05,-1e-05,-0.0006,5e-05,-4e-05,-0.00076,6e-05,2
5718,0.00015,8e-05,-1e-05,-0.0006,5e-05,-4e-05,-0.00076,6e-05,2
5719,0.00015,8e-05,-1e-05,-0.0006,5e-05,-4e-05,-0.00076,6e-05,2
5720,0.00015,8e-05,-1e-05,-0.0006,5e-05,-4e-05,-0.00076,6e-05,2
5721,0.00015,8e-05,-1e-05,-0.0006,5e-05,-4e-05,-0.00076,6e-05,2
5722,0.00015,8e-05,-1e-05,-0.0006,5e-05,-4e-05,-0.00076,6e-05,2
5723,0.00015,8e-05,-1e-05,-0.0006,5e-05,-4e-05,-0.00076,6e-05,2
5724,0.00015,8e-05,-1e-05,-0.0006,5e-05,-4e-05,-0.00076,6e-05,2
5725,1e-05,2e-05,4e-05,3e-05,9e-05,8e-05,-0.00046,-0.00024,2
5726,-0.00021,-9e-05,-6e-05,0.00071,2e-05,0.0,0.00063,0.00014,2
5727,-0.00021,-9e-05,-6e-05,0.00071,2e-05,0.0,0.00063,0.00014,2
5728,-0.00021,-9e-05,-6e-05,0.00071,2e-05,0.0,0.00063,0.00014,2
5729,-0.00021,-9e-05,-6e-05,0.00071,2e-05,0.0,0.00063,0.00014,2
5730,-0.00021,-9e-05,-6e-05,0.00071,2e-05,0.0,0.00063,0.00014,2
5731,-0.00021,-9e-05,-6e-05,0.00071,2e-05,0.0,0.00063,0.00014,2
5732,-0.00021,-9e-05,-6e-05,0.00071,2e-05,0.0,0.00063,0.00014,2
5733,-0.00021,-9e-05,-6e-05,0.00071,2e-05,0.0,0.00063,0.00014,2
5734,-0.00021,-9e-05,-6e-05,0.00071,2e-05,0.0,0.00063,0.00014,2
5735,-0.00021,-9e-05,-6e-05,0.00071,2e-05,0.0,0.00063,0.00014,2
5736,-0.00021,-9e-05,-6e-05,0.00071,2e-05,0.0,0.00063,0.00014,2
5739,-0.00021,-9e-05,-6e-05,0.00071,2e-05,0.0,0.00063,0.00014,2
5740,-0.00021,-9e-05,-6e-05,0.00071,2e-05,0.0,0.00063,0.00014,2
5741,-0.00021,-9e-05,-6e-05,0.00071,2e-05,0.0,0.00063,0.00014,2
5742,-0.00021,-9e-05,-6e-05,0.00071,2e-05,0.0,0.00063,0.00014,2
5743,-0.00021,-9e-05,-6e-05,0.00071,2e-05,0.0,0.00063,0.00014,2
5744,-0.00021,-9e-05,-6e-05,0.00071,2e-05,0.0,0.00063,0.00014,2
5745,-0.00021,-9e-05,-6e-05,0.00071,2e-05,0.0,0.00063,0.00014,2
5746,-0.00021,-9e-05,-6e-05,0.00071,2e-05,0.0,0.00063,0.00014,2
5747,-7e-05,3e-05,-1e-05,0.00039,-3e-05,-0.00014,-0.00056,-0.00012,2
5748,0.0002,5e-05,0.0,-0.00032,1e-05,0.0001,0.00085,0.00033,2
5749,-0.0001,-4e-05,-3e-05,0.00042,4e-05,-0.00013,-0.00042,-0.00026,2
5750,-0.0001,-4e-05,-3e-05,0.00042,4e-05,-0.00013,-0.00042,-0.00026,2
5751,-0.0001,-4e-05,-3e-05,0.00042,4e-05,-0.00013,-0.00042,-0.00026,2
5752,-0.0001,-4e-05,-3e-05,0.00042,4e-05,-0.00013,-0.00042,-0.00026,2
5753,-0.0001,-4e-05,-3e-05,0.00042,4e-05,-0.00013,-0.00042,-0.00026,2
5754,-0.0001,-4e-05,-3e-05,0.00042,4e-05,-0.00013,-0.00042,-0.00026,2
5755,-0.0001,-4e-05,-3e-05,0.00042,4e-05,-0.00013,-0.00042,-0.00026,2
5756,-0.0001,-4e-05,-3e-05,0.00042,4e-05,-0.00013,-0.00042,-0.00026,2
5757,-0.0001,-4e-05,-3e-05,0.00042,4e-05,-0.00013,-0.00042,-0.00026,2
5758,-0.0001,-4e-05,-3e-05,0.00042,4e-05,-0.00013,-0.00042,-0.00026,2
5759,-0.0001,-4e-05,-3e-05,0.00042,4e-05,-0.00013,-0.00042,-0.00026,2
5760,-0.0001,-4e-05,-3e-05,0.00042,4e-05,-0.00013,-0.00042,-0.00026,2
5761,0.0001,3e-05,9e-05,0.00019,-7e-05,-0.0002,0.00098,0.00034,2
5762,0.0001,3e-05,9e-05,0.00019,-7e-05,-0.0002,0.00098,0.00034,2
5763,0.0001,3e-05,9e-05,0.00019,-7e-05,-0.0002,0.00098,0.00034,2
5764,0.0001,3e-05,9e-05,0.00019,-7e-05,-0.0002,0.00098,0.00034,2
5765,0.0001,3e-05,9e-05,0.00019,-7e-05,-0.0002,0.00098,0.00034,2
5766,0.0001,3e-05,9e-05,0.00019,-7e-05,-0.0002,0.00098,0.00034,2
5767,0.0001,3e-05,9e-05,0.00019,-7e-05,-0.0002,0.00098,0.00034,2
5768,0.0001,3e-05,9e-05,0.00019,-7e-05,-0.0002,0.00098,0.00034,2
5769,-0.00014,-3e-05,-0.00025,-0.00055,-3e-05,1e-05,-0.00046,-0.00025,2
5770,0.0,-4e-05,2e-05,0.0002,8e-05,0.00019,0.00034,-0.00011,2
5771,0.0,-4e-05,2e-05,0.0002,8e-05,0.00019,0.00034,-0.00011,2
5772,0.0,-4e-05,2e-05,0.0002,8e-05,0.00019,0.00034,-0.00011,2
5773,0.0,-4e-05,2e-05,0.0002,8e-05,0.00019,0.00034,-0.00011,2
5774,0.0,-4e-05,2e-05,0.0002,8e-05,0.00019,0.00034,-0.00011,2
5775,0.0,-4e-05,2e-05,0.0002,8e-05,0.00019,0.00034,-0.00011,2
5776,0.0,-4e-05,2e-05,0.0002,8e-05,0.00019,0.00034,-0.00011,2
5777,0.0,-4e-05,2e-05,0.0002,8e-05,0.00019,0.00034,-0.00011,2
5778,0.0,-4e-05,2e-05,0.0002,8e-05,0.00019,0.00034,-0.00011,2
5779,0.0,-4e-05,2e-05,0.0002,8e-05,0.00019,0.00034,-0.00011,2
5780,0.0,-4e-05,2e-05,0.0002,8e-05,0.00019,0.00034,-0.00011,2
5781,0.0,-4e-05,2e-05,0.0002,8e-05,0.00019,0.00034,-0.00011,2
5782,0.0,-4e-05,2e-05,0.0002,8e-05,0.00019,0.00034,-0.00011,2
5783,0.0,-4e-05,2e-05,0.0002,8e-05,0.00019,0.00034,-0.00011,2
5784,-3e-05,-5e-05,-0.0001,3e-05,-1e-05,0.0003,0.00055,0.00024,2
5785,5e-05,2e-05,-1e-05,-0.00028,-0.00018,-0.00013,-0.0009,-0.00012,2
5786,5e-05,2e-05,-1e-05,-0.00028,-0.00018,-0.00013,-0.0009,-0.00012,2
5788,1e-05,-8e-05,-1e-05,0.00023,3e-05,-7e-05,0.00022,-0.00016,2
5789,1e-05,-8e-05,-1e-05,0.00023,3e-05,-7e-05,0.00022,-0.00016,2
5790,1e-05,-8e-05,-1e-05,0.00023,3e-05,-7e-05,0.00022,-0.00016,2
5791,1e-05,-8e-05,-1e-05,0.00023,3e-05,-7e-05,0.00022,-0.00016,2
5792,1e-05,-8e-05,-1e-05,0.00023,3e-05,-7e-05,0.00022,-0.00016,2
5793,1e-05,-8e-05,-1e-05,0.00023,3e-05,-7e-05,0.00022,-0.00016,2
5794,1e-05,-8e-05,-1e-05,0.00023,3e-05,-7e-05,0.00022,-0.00016,2
5795,1e-05,-8e-05,-1e-05,0.00023,3e-05,-7e-05,0.00022,-0.00016,2
5796,1e-05,-8e-05,-1e-05,0.00023,3e-05,-7e-05,0.00022,-0.00016,2
5797,1e-05,-8e-05,-1e-05,0.00023,3e-05,-7e-05,0.00022,-0.00016,2
5798,1e-05,-8e-05,-1e-05,0.00023,3e-05,-7e-05,0.00022,-0.00016,2
5799,1e-05,-8e-05,-1e-05,0.00023,3e-05,-7e-05,0.00022,-0.00016,2
5800,1e-05,-8e-05,-1e-05,0.00023,3e-05,-7e-05,0.00022,-0.00016,2
5801,1e-05,-8e-05,-1e-05,0.00023,3e-05,-7e-05,0.00022,-0.00016,2
5802,1e-05,-8e-05,-1e-05,0.00023,3e-05,-7e-05,0.00022,-0.00016,2
5803,1e-05,-8e-05,-1e-05,0.00023,3e-05,-7e-05,0.00022,-0.00016,2
5804,1e-05,-8e-05,-1e-05,0.00023,3e-05,-7e-05,0.00022,-0.00016,2
5805,1e-05,-8e-05,-1e-05,0.00023,3e-05,-7e-05,0.00022,-0.00016,2
5806,1e-05,-8e-05,-1e-05,0.00023,3e-05,-7e-05,0.00022,-0.00016,2
5807,-3e-05,-8e-05,-7e-05,-5e-05,0.0,-0.00012,-0.0002,-1e-05,2
5808,-3e-05,-8e-05,-7e-05,-5e-05,0.0,-0.00012,-0.0002,-1e-05,2
5809,4e-05,0.0,1e-05,0.00023,0.0,4e-05,-0.00019,5e-05,2
5810,4e-05,0.0,1e-05,0.00023,0.0,4e-05,-0.00019,5e-05,2
5811,4e-05,0.0,1e-05,0.00023,0.0,4e-05,-0.00019,5e-05,2
5812,4e-05,0.0,1e-05,0.00023,0.0,4e-05,-0.00019,5e-05,2
5813,4e-05,0.0,1e-05,0.00023,0.0,4e-05,-0.00019,5e-05,2
5814,4e-05,0.0,1e-05,0.00023,0.0,4e-05,-0.00019,5e-05,2
5815,4e-05,0.0,1e-05,0.00023,0.0,4e-05,-0.00019,5e-05,2
5816,4e-05,0.0,1e-05,0.00023,0.0,4e-05,-0.00019,5e-05,2
5817,4e-05,0.0,1e-05,0.00023,0.0,4e-05,-0.00019,5e-05,2
5818,4e-05,0.0,1e-05,0.00023,0.0,4e-05,-0.00019,5e-05,2
5819,4e-05,0.0,1e-05,0.00023,0.0,4e-05,-0.00019,5e-05,2
5820,-0.0001,-1e-05,1e-05,-0.00024,-9e-05,0.00011,-6e-05,-0.0002,2
5821,3e-05,-2e-05,-1e-05,-0.00018,-7e-05,-2e-05,0.00061,8e-05,2
5822,3e-05,-2e-05,-1e-05,-0.00018,-7e-05,-2e-05,0.00061,8e-05,2
5823,3e-05,-2e-05,-1e-05,-0.00018,-7e-05,-2e-05,0.00061,8e-05,2
5824,3e-05,-2e-05,-1e-05,-0.00018,-7e-05,-2e-05,0.00061,8e-05,2
5825,3e-05,-2e-05,-1e-05,-0.00018,-7e-05,-2e-05,0.00061,8e-05,2
5826,3e-05,-2e-05,-1e-05,-0.00018,-7e-05,-2e-05,0.00061,8e-05,2
5827,3e-05,-2e-05,-1e-05,-0.00018,-7e-05,-2e-05,0.00061,8e-05,2
5828,3e-05,-2e-05,-1e-05,-0.00018,-7e-05,-2e-05,0.00061,8e-05,2
5829,-9e-05,-2e-05,-0.00014,-0.00013,-0.0001,-0.00016,-0.00068,-0.00023,2
5830,-9e-05,-2e-05,-0.00014,-0.00013,-0.0001,-0.00016,-0.00068,-0.00023,2
5831,-9e-05,-2e-05,-0.00014,-0.00013,-0.0001,-0.00016,-0.00068,-0.00023,2
5832,-9e-05,-2e-05,-0.00014,-0.00013,-0.0001,-0.00016,-0.00068,-0.00023,2
5833,-9e-05,-2e-05,-0.00014,-0.00013,-0.0001,-0.00016,-0.00068,-0.00023,2
5834,-9e-05,-2e-05,-0.00014,-0.00013,-0.0001,-0.00016,-0.00068,-0.00023,2
5835,-9e-05,-2e-05,-0.00014,-0.00013,-0.0001,-0.00016,-0.00068,-0.00023,2
5836,-9e-05,-2e-05,-0.00014,-0.00013,-0.0001,-0.00016,-0.00068,-0.00023,2
5838,-9e-05,-2e-05,-0.00014,-0.00013,-0.0001,-0.00016,-0.00068,-0.00023,2
5839,-9e-05,-2e-05,-0.00014,-0.00013,-0.0001,-0.00016,-0.00068,-0.00023,2
5840,-9e-05,-2e-05,-0.00014,-0.00013,-0.0001,-0.00016,-0.00068,-0.00023,2
5841,-9e-05,-2e-05,-0.00014,-0.00013,-0.0001,-0.00016,-0.00068,-0.00023,2
5842,-9e-05,-2e-05,-0.00014,-0.00013,-0.0001,-0.00016,-0.00068,-0.00023,2
5843,-9e-05,-2e-05,-0.00014,-0.00013,-0.0001,-0.00016,-0.00068,-0.00023,2
5844,7e-05,-6e-05,-6e-05,-6e-05,2e-05,2e-05,9e-05,0.00016,2
5845,9e-05,1e-05,0.0,-8e-05,1e-05,0.00039,-0.0002,9e-05,2
5846,9e-05,9e-05,0.0001,-0.00034,-0.00012,-0.00012,-1e-05,7e-05,2
5847,9e-05,9e-05,0.0001,-0.00034,-0.00012,-0.00012,-1e-05,7e-05,2
5848,9e-05,9e-05,0.0001,-0.00034,-0.00012,-0.00012,-1e-05,7e-05,2
5849,9e-05,9e-05,0.0001,-0.00034,-0.00012,-0.00012,-1e-05,7e-05,2
5850,9e-05,9e-05,0.0001,-0.00034,-0.00012,-0.00012,-1e-05,7e-05,2
5851,9e-05,9e-05,0.0001,-0.00034,-0.00012,-0.00012,-1e-05,7e-05,2
5852,9e-05,9e-05,0.0001,-0.00034,-0.00012,-0.00012,-1e-05,7e-05,2
5853,9e-05,9e-05,0.0001,-0.00034,-0.00012,-0.00012,-1e-05,7e-05,2
5854,9e-05,9e-05,0.0001,-0.00034,-0.00012,-0.00012,-1e-05,7e-05,2
5855,9e-05,9e-05,0.0001,-0.00034,-0.00012,-0.00012,-1e-05,7e-05,2
5856,9e-05,9e-05,0.0001,-0.00034,-0.00012,-0.00012,-1e-05,7e-05,2
5857,9e-05,9e-05,0.0001,-0.00034,-0.00012,-0.00012,-1e-05,7e-05,2
5858,9e-05,9e-05,0.0001,-0.00034,-0.00012,-0.00012,-1e-05,7e-05,2
5859,9e-05,9e-05,0.0001,-0.00034,-0.00012,-0.00012,-1e-05,7e-05,2
5860,9e-05,9e-05,0.0001,-0.00034,-0.00012,-0.00012,-1e-05,7e-05,2
5861,9e-05,9e-05,0.0001,-0.00034,-0.00012,-0.00012,-1e-05,7e-05,2
5862,9e-05,9e-05,0.0001,-0.00034,-0.00012,-0.00012,-1e-05,7e-05,2
5863,9e-05,9e-05,0.0001,-0.00034,-0.00012,-0.00012,-1e-05,7e-05,2
5864,9e-05,9e-05,0.0001,-0.00034,-0.00012,-0.00012,-1e-05,7e-05,2
5865,9e-05,9e-05,0.0001,-0.00034,-0.00012,-0.00012,-1e-05,7e-05,2
5866,9e-05,9e-05,0.0001,-0.00034,-0.00012,-0.00012,-1e-05,7e-05,2
5867,5e-05,2e-05,-6e-05,0.00023,5e-05,0.00017,0.00073,0.0001,2
5868,5e-05,2e-05,-6e-05,0.00023,5e-05,0.00017,0.00073,0.0001,2
5869,1e-05,-5e-05,0.0,-9e-05,-3e-05,0.0002,-0.00085,-3e-05,2
5870,1e-05,-5e-05,0.0,-9e-05,-3e-05,0.0002,-0.00085,-3e-05,2
5871,1e-05,-5e-05,0.0,-9e-05,-3e-05,0.0002,-0.00085,-3e-05,2
5872,1e-05,-5e-05,0.0,-9e-05,-3e-05,0.0002,-0.00085,-3e-05,2
5873,1e-05,-5e-05,0.0,-9e-05,-3e-05,0.0002,-0.00085,-3e-05,2
5874,1e-05,-5e-05,0.0,-9e-05,-3e-05,0.0002,-0.00085,-3e-05,2
5875,1e-05,-5e-05,0.0,-9e-05,-3e-05,0.0002,-0.00085,-3e-05,2
5876,1e-05,-5e-05,0.0,-9e-05,-3e-05,0.0002,-0.00085,-3e-05,2
5877,1e-05,-5e-05,0.0,-9e-05,-3e-05,0.0002,-0.00085,-3e-05,2
5878,1e-05,-5e-05,0.0,-9e-05,-3e-05,0.0002,-0.00085,-3e-05,2
5879,1e-05,-5e-05,0.0,-9e-05,-3e-05,0.0002,-0.00085,-3e-05,2
5880,1e-05,-5e-05,0.0,-9e-05,-3e-05,0.0002,-0.00085,-3e-05,2
5881,-1e-05,-2e-05,1e-05,-4e-05,-2e-05,-0.00017,-0.00011,5e-05,2
5882,-1e-05,-2e-05,1e-05,-4e-05,-2e-05,-0.00017,-0.00011,5e-05,2
5883,-1e-05,-2e-05,1e-05,-4e-05,-2e-05,-0.00017,-0.00011,5e-05,2
5884,-1e-05,-2e-05,1e-05,-4e-05,-2e-05,-0.00017,-0.00011,5e-05,2
5885,-1e-05,-2e-05,1e-05,-4e-05,-2e-05,-0.00017,-0.00011,5e-05,2
5886,-1e-05,-2e-05,1e-05,-4e-05,-2e-05,-0.00017,-0.00011,5e-05,2
5888,-1e-05,-2e-05,1e-05,-4e-05,-2e-05,-0.00017,-0.00011,5e-05,2
5889,-7e-05,-4e-05,-0.00011,-0.00038,-8e-05,3e-05,-0.0001,-5e-05,2
5890,-5e-05,2e-05,0.0001,0.00039,-3e-05,-0.00032,8e-05,-3e-05,2
5891,-5e-05,2e-05,0.0001,0.00039,-3e-05,-0.00032,8e-05,-3e-05,2
5892,-5e-05,2e-05,0.0001,0.00039,-3e-05,-0.00032,8e-05,-3e-05,2
5893,-5e-05,2e-05,0.0001,0.00039,-3e-05,-0.00032,8e-05,-3e-05,2
5894,-5e-05,2e-05,0.0001,0.00039,-3e-05,-0.00032,8e-05,-3e-05,2
5895,-5e-05,2e-05,0.0001,0.00039,-3e-05,-0.00032,8e-05,-3e-05,2
5896,-5e-05,2e-05,0.0001,0.00039,-3e-05,-0.00032,8e-05,-3e-05,2
5897,-5e-05,2e-05,0.0001,0.00039,-3e-05,-0.00032,8e-05,-3e-05,2
5898,-5e-05,2e-05,0.0001,0.00039,-3e-05,-0.00032,8e-05,-3e-05,2
5899,-5e-05,2e-05,0.0001,0.00039,-3e-05,-0.00032,8e-05,-3e-05,2
5900,-5e-05,2e-05,0.0001,0.00039,-3e-05,-0.00032,8e-05,-3e-05,2
5901,-5e-05,2e-05,0.0001,0.00039,-3e-05,-0.00032,8e-05,-3e-05,2
5902,-5e-05,2e-05,0.0001,0.00039,-3e-05,-0.00032,8e-05,-3e-05,2
5903,-5e-05,2e-05,0.0001,0.00039,-3e-05,-0.00032,8e-05,-3e-05,2
5904,5e-05,0.0,-7e-05,-0.00069,-9e-05,0.0003,0.00013,-1e-05,2
5905,-0.00013,-9e-05,-6e-05,0.00029,-0.0001,-7e-05,-0.00087,-0.00016,2
5906,-0.00021,-0.00016,-0.00017,-0.00023,-0.00012,-6e-05,0.0,-0.00011,2
5907,-0.00021,-0.00016,-0.00017,-0.00023,-0.00012,-6e-05,0.0,-0.00011,2
5908,-0.00021,-0.00016,-0.00017,-0.00023,-0.00012,-6e-05,0.0,-0.00011,2
5909,-0.00021,-0.00016,-0.00017,-0.00023,-0.00012,-6e-05,0.0,-0.00011,2
5910,-0.00021,-0.00016,-0.00017,-0.00023,-0.00012,-6e-05,0.0,-0.00011,2
5911,-0.00021,-0.00016,-0.00017,-0.00023,-0.00012,-6e-05,0.0,-0.00011,2
5912,-0.00021,-0.00016,-0.00017,-0.00023,-0.00012,-6e-05,0.0,-0.00011,2
5913,-0.00021,-0.00016,-0.00017,-0.00023,-0.00012,-6e-05,0.0,-0.00011,2
5914,-0.00021,-0.00016,-0.00017,-0.00023,-0.00012,-6e-05,0.0,-0.00011,2
5915,-0.00021,-0.00016,-0.00017,-0.00023,-0.00012,-6e-05,0.0,-0.00011,2
5916,-0.00021,-0.00016,-0.00017,-0.00023,-0.00012,-6e-05,0.0,-0.00011,2
5917,-0.00021,-0.00016,-0.00017,-0.00023,-0.00012,-6e-05,0.0,-0.00011,2
5918,-0.00021,-0.00016,-0.00017,-0.00023,-0.00012,-6e-05,0.0,-0.00011,2
5919,-0.00021,-0.00016,-0.00017,-0.00023,-0.00012,-6e-05,0.0,-0.00011,2
5920,-0.00021,-0.00016,-0.00017,-0.00023,-0.00012,-6e-05,0.0,-0.00011,2
5921,-0.00021,-0.00016,-0.00017,-0.00023,-0.00012,-6e-05,0.0,-0.00011,2
5922,-0.00021,-0.00016,-0.00017,-0.00023,-0.00012,-6e-05,0.0,-0.00011,2
5923,-0.00021,-0.00016,-0.00017,-0.00023,-0.00012,-6e-05,0.0,-0.00011,2
5924,-0.00021,-0.00016,-0.00017,-0.00023,-0.00012,-6e-05,0.0,-0.00011,2
5925,-0.00021,-0.00016,-0.00017,-0.00023,-0.00012,-6e-05,0.0,-0.00011,2
5926,-0.00021,-0.00016,-0.00017,-0.00023,-0.00012,-6e-05,0.0,-0.00011,2
5927,-5e-05,-6e-05,-4e-05,0.00022,9e-05,-0.00028,-0.00099,-0.0001,2
5928,-1e-05,-4e-05,-6e-05,4e-05,2e-05,3e-05,-1e-05,9e-05,2
5929,2e-05,4e-05,0.0,-8e-05,-6e-05,6e-05,0.00086,1e-05,2
5930,2e-05,4e-05,0.0,-8e-05,-6e-05,6e-05,0.00086,1e-05,2
5931,2e-05,4e-05,0.0,-8e-05,-6e-05,6e-05,0.00086,1e-05,2
5932,2e-05,4e-05,0.0,-8e-05,-6e-05,6e-05,0.00086,1e-05,2
5933,2e-05,4e-05,0.0,-8e-05,-6e-05,6e-05,0.00086,1e-05,2
5934,2e-05,4e-05,0.0,-8e-05,-6e-05,6e-05,0.00086,1e-05,2
5935,2e-05,4e-05,0.0,-8e-05,-6e-05,6e-05,0.00086,1e-05,2
5936,2e-05,4e-05,0.0,-8e-05,-6e-05,6e-05,0.00086,1e-05,2
5938,2e-05,4e-05,0.0,-8e-05,-6e-05,6e-05,0.00086,1e-05,2
5939,2e-05,4e-05,0.0,-8e-05,-6e-05,6e-05,0.00086,1e-05,2
5940,2e-05,4e-05,0.0,-8e-05,-6e-05,6e-05,0.00086,1e-05,2
5941,-0.0001,0.0,1e-05,-0.00046,-3e-05,5e-05,0.00016,-0.00012,2
5942,-0.0001,0.0,1e-05,-0.00046,-3e-05,5e-05,0.00016,-0.00012,2
5943,-0.0001,0.0,1e-05,-0.00046,-3e-05,5e-05,0.00016,-0.00012,2
5944,-0.0001,0.0,1e-05,-0.00046,-3e-05,5e-05,0.00016,-0.00012,2
5945,-0.0001,0.0,1e-05,-0.00046,-3e-05,5e-05,0.00016,-0.00012,2
5946,-0.0001,0.0,1e-05,-0.00046,-3e-05,5e-05,0.00016,-0.00012,2
5947,-0.0001,0.0,1e-05,-0.00046,-3e-05,5e-05,0.00016,-0.00012,2
5948,-0.0001,0.0,1e-05,-0.00046,-3e-05,5e-05,0.00016,-0.00012,2
5949,8e-05,-2e-05,4e-05,1e-05,-6e-05,-0.00035,-0.00047,8e-05,2
5950,0.00012,3e-05,-6e-05,1e-05,0.0001,0.00011,0.00083,0.00016,2
5951,0.00012,3e-05,-6e-05,1e-05,0.0001,0.00011,0.00083,0.00016,2
5952,0.00012,3e-05,-6e-05,1e-05,0.0001,0.00011,0.00083,0.00016,2
5953,0.00012,3e-05,-6e-05,1e-05,0.0001,0.00011,0.00083,0.00016,2
5954,0.00012,3e-05,-6e-05,1e-05,0.0001,0.00011,0.00083,0.00016,2
5955,0.00012,3e-05,-6e-05,1e-05,0.0001,0.00011,0.00083,0.00016,2
5956,0.00012,3e-05,-6e-05,1e-05,0.0001,0.00011,0.00083,0.00016,2
5957,0.00012,3e-05,-6e-05,1e-05,0.0001,0.00011,0.00083,0.00016,2
5958,0.00012,3e-05,-6e-05,1e-05,0.0001,0.00011,0.00083,0.00016,2
5959,0.00012,3e-05,-6e-05,1e-05,0.0001,0.00011,0.00083,0.00016,2
5960,0.00012,3e-05,-6e-05,1e-05,0.0001,0.00011,0.00083,0.00016,2
5961,0.00012,3e-05,-6e-05,1e-05,0.0001,0.00011,0.00083,0.00016,2
5962,0.00012,3e-05,-6e-05,1e-05,0.0001,0.00011,0.00083,0.00016,2
5963,0.00012,3e-05,-6e-05,1e-05,0.0001,0.00011,0.00083,0.00016,2
5964,-0.00027,-1e-05,0.00011,0.00037,0.0,5e-05,-0.0007,-0.00037,2
5965,0.00021,1e-05,-9e-05,-0.00043,-0.00014,-0.00025,-0.00021,9e-05,2
5966,-4e-05,-7e-05,-0.00022,0.00018,5e-05,-4e-05,0.00112,-4e-05,2
5967,-4e-05,-7e-05,-0.00022,0.00018,5e-05,-4e-05,0.00112,-4e-05,2
5968,-4e-05,-7e-05,-0.00022,0.00018,5e-05,-4e-05,0.00112,-4e-05,2
5969,-4e-05,-7e-05,-0.00022,0.00018,5e-05,-4e-05,0.00112,-4e-05,2
5970,-4e-05,-7e-05,-0.00022,0.00018,5e-05,-4e-05,0.00112,-4e-05,2
5971,-4e-05,-7e-05,-0.00022,0.00018,5e-05,-4e-05,0.00112,-4e-05,2
5972,-4e-05,-7e-05,-0.00022,0.00018,5e-05,-4e-05,0.00112,-4e-05,2
5973,-4e-05,-7e-05,-0.00022,0.00018,5e-05,-4e-05,0.00112,-4e-05,2
5974,-4e-05,-7e-05,-0.00022,0.00018,5e-05,-4e-05,0.00112,-4e-05,2
5975,-4e-05,-7e-05,-0.00022,0.00018,5e-05,-4e-05,0.00112,-4e-05,2
5976,-4e-05,-7e-05,-0.00022,0.00018,5e-05,-4e-05,0.00112,-4e-05,2
5977,-4e-05,-7e-05,-0.00022,0.00018,5e-05,-4e-05,0.00112,-4e-05,2
5978,-4e-05,-7e-05,-0.00022,0.00018,5e-05,-4e-05,0.00112,-4e-05,2
5979,-4e-05,-7e-05,-0.00022,0.00018,5e-05,-4e-05,0.00112,-4e-05,2
5980,-4e-05,-7e-05,-0.00022,0.00018,5e-05,-4e-05,0.00112,-4e-05,2
5981,-4e-05,-7e-05,-0.00022,0.00018,5e-05,-4e-05,0.00112,-4e-05,2
5982,-4e-05,-7e-05,-0.00022,0.00018,5e-05,-4e-05,0.00112,-4e-05,2
5983,-4e-05,-7e-05,-0.00022,0.00018,5e-05,-4e-05,0.00112,-4e-05,2
5984,-4e-05,-7e-05,-0.00022,0.00018,5e-05,-4e-05,0.00112,-4e-05,2
5985,-4e-05,-7e-05,-0.00022,0.00018,5e-05,-4e-05,0.00112,-4e-05,2
5986,-4e-05,-7e-05,-0.00022,0.00018,5e-05,-4e-05,0.00112,-4e-05,2
5988,-0.00013,-2e-05,2e-05,1e-05,0.00017,0.00014,0.00087,2e-05,2
5989,-0.0001,-3e-05,7e-05,9e-05,0.00011,-4e-05,-0.00057,-0.00031,2
5990,-0.0001,-3e-05,7e-05,9e-05,0.00011,-4e-05,-0.00057,-0.00031,2
5991,-0.0001,-3e-05,7e-05,9e-05,0.00011,-4e-05,-0.00057,-0.00031,2
5992,-0.0001,-3e-05,7e-05,9e-05,0.00011,-4e-05,-0.00057,-0.00031,2
5993,-0.0001,-3e-05,7e-05,9e-05,0.00011,-4e-05,-0.00057,-0.00031,2
5994,-0.0001,-3e-05,7e-05,9e-05,0.00011,-4e-05,-0.00057,-0.00031,2
5995,-0.0001,-3e-05,7e-05,9e-05,0.00011,-4e-05,-0.00057,-0.00031,2
5996,-0.0001,-3e-05,7e-05,9e-05,0.00011,-4e-05,-0.00057,-0.00031,2
5997,-0.0001,-3e-05,7e-05,9e-05,0.00011,-4e-05,-0.00057,-0.00031,2
5998,-0.0001,-3e-05,7e-05,9e-05,0.00011,-4e-05,-0.00057,-0.00031,2
5999,-0.0001,-3e-05,7e-05,9e-05,0.00011,-4e-05,-0.00057,-0.00031,2
6000,-0.0001,-3e-05,7e-05,9e-05,0.00011,-4e-05,-0.00057,-0.00031,2
6001,-6e-05,-5e-05,-6e-05,0.00058,7e-05,2e-05,0.0005,0.0,2
6002,-6e-05,-5e-05,-6e-05,0.00058,7e-05,2e-05,0.0005,0.0,2
6003,-6e-05,-5e-05,-6e-05,0.00058,7e-05,2e-05,0.0005,0.0,2
6004,-6e-05,-5e-05,-6e-05,0.00058,7e-05,2e-05,0.0005,0.0,2
6005,-6e-05,-5e-05,-6e-05,0.00058,7e-05,2e-05,0.0005,0.0,2
6006,-6e-05,-5e-05,-6e-05,0.00058,7e-05,2e-05,0.0005,0.0,2
6007,-6e-05,-5e-05,-6e-05,0.00058,7e-05,2e-05,0.0005,0.0,2
6008,-6e-05,-5e-05,-6e-05,0.00058,7e-05,2e-05,0.0005,0.0,2
6009,0.00011,7e-05,-1e-05,-0.00024,-0.00013,3e-05,0.00125,0.00037,2
6010,-8e-05,-5e-05,-0.0001,-0.0002,-7e-05,0.00033,-0.00061,-0.00012,2
6011,-8e-05,-5e-05,-0.0001,-0.0002,-7e-05,0.00033,-0.00061,-0.00012,2
6012,-8e-05,-5e-05,-0.0001,-0.0002,-7e-05,0.00033,-0.00061,-0.00012,2
6013,-8e-05,-5e-05,-0.0001,-0.0002,-7e-05,0.00033,-0.00061,-0.00012,2
6014,-8e-05,-5e-05,-0.0001,-0.0002,-7e-05,0.00033,-0.00061,-0.00012,2
6015,-8e-05,-5e-05,-0.0001,-0.0002,-7e-05,0.00033,-0.00061,-0.00012,2
6016,-8e-05,-5e-05,-0.0001,-0.0002,-7e-05,0.00033,-0.00061,-0.00012,2
6017,-8e-05,-5e-05,-0.0001,-0.0002,-7e-05,0.00033,-0.00061,-0.00012,2
6018,-8e-05,-5e-05,-0.0001,-0.0002,-7e-05,0.00033,-0.00061,-0.00012,2
6019,-8e-05,-5e-05,-0.0001,-0.0002,-7e-05,0.00033,-0.00061,-0.00012,2
6020,-8e-05,-5e-05,-0.0001,-0.0002,-7e-05,0.00033,-0.00061,-0.00012,2
6021,-8e-05,-5e-05,-0.0001,-0.0002,-7e-05,0.00033,-0.00061,-0.00012,2
6022,-8e-05,-5e-05,-0.0001,-0.0002,-7e-05,0.00033,-0.00061,-0.00012,2
6023,-8e-05,-5e-05,-0.0001,-0.0002,-7e-05,0.00033,-0.00061,-0.00012,2
6024,9e-05,3e-05,1e-05,-5e-05,-0.00021,0.00011,8e-05,0.00016,2
6025,-0.00015,0.0,4e-05,-0.00024,2e-05,-8e-05,-0.00019,-0.00021,2
6026,-2e-05,-2e-05,4e-05,-9e-05,-3e-05,-0.00011,-7e-05,6e-05,2
6027,-2e-05,-2e-05,4e-05,-9e-05,-3e-05,-0.00011,-7e-05,6e-05,2
6028,-2e-05,-2e-05,4e-05,-9e-05,-3e-05,-0.00011,-7e-05,6e-05,2
6029,-2e-05,-2e-05,4e-05,-9e-05,-3e-05,-0.00011,-7e-05,6e-05,2
6030,-2e-05,-2e-05,4e-05,-9e-05,-3e-05,-0.00011,-7e-05,6e-05,2
6031,-2e-05,-2e-05,4e-05,-9e-05,-3e-05,-0.00011,-7e-05,6e-05,2
6032,-2e-05,-2e-05,4e-05,-9e-05,-3e-05,-0.00011,-7e-05,6e-05,2
6033,-2e-05,-2e-05,4e-05,-9e-05,-3e-05,-0.00011,-7e-05,6e-05,2
6034,-2e-05,-2e-05,4e-05,-9e-05,-3e-05,-0.00011,-7e-05,6e-05,2
6035,-2e-05,-2e-05,4e-05,-9e-05,-3e-05,-0.00011,-7e-05,6e-05,2
6037,-2e-05,-2e-05,4e-05,-9e-05,-3e-05,-0.00011,-7e-05,6e-05,2
6039,-2e-05,-2e-05,4e-05,-9e-05,-3e-05,-0.00011,-7e-05,6e-05,2
6040,-2e-05,-2e-05,4e-05,-9e-05,-3e-05,-0.00011,-7e-05,6e-05,2
6041,-2e-05,-2e-05,4e-05,-9e-05,-3e-05,-0.00011,-7e-05,6e-05,2
6042,-2e-05,-2e-05,4e-05,-9e-05,-3e-05,-0.00011,-7e-05,6e-05,2
6043,-2e-05,-2e-05,4e-05,-9e-05,-3e-05,-0.00011,-7e-05,6e-05,2
6044,-2e-05,-2e-05,4e-05,-9e-05,-3e-05,-0.00011,-7e-05,6e-05,2
6045,-2e-05,-2e-05,4e-05,-9e-05,-3e-05,-0.00011,-7e-05,6e-05,2
6046,-2e-05,-2e-05,4e-05,-9e-05,-3e-05,-0.00011,-7e-05,6e-05,2
6047,5e-05,-1e-05,-2e-05,-0.00072,-3e-05,6e-05,-0.00018,-1e-05,2
6048,-0.0001,-9e-05,-4e-05,0.00057,-5e-05,-0.00026,0.00031,-3e-05,2
6049,0.00012,0.00011,2e-05,7e-05,-4e-05,0.00029,5e-05,0.0001,2
6050,0.00012,0.00011,2e-05,7e-05,-4e-05,0.00029,5e-05,0.0001,2
6051,0.00012,0.00011,2e-05,7e-05,-4e-05,0.00029,5e-05,0.0001,2
6052,0.00012,0.00011,2e-05,7e-05,-4e-05,0.00029,5e-05,0.0001,2
6053,0.00012,0.00011,2e-05,7e-05,-4e-05,0.00029,5e-05,0.0001,2
6054,0.00012,0.00011,2e-05,7e-05,-4e-05,0.00029,5e-05,0.0001,2
6055,0.00012,0.00011,2e-05,7e-05,-4e-05,0.00029,5e-05,0.0001,2
6056,0.00012,0.00011,2e-05,7e-05,-4e-05,0.00029,5e-05,0.0001,2
6057,0.00012,0.00011,2e-05,7e-05,-4e-05,0.00029,5e-05,0.0001,2
6058,0.00012,0.00011,2e-05,7e-05,-4e-05,0.00029,5e-05,0.0001,2
6059,0.00012,0.00011,2e-05,7e-05,-4e-05,0.00029,5e-05,0.0001,2
6060,0.0,-3e-05,3e-05,-0.0001,3e-05,-0.00018,-0.00019,-0.00012,2
6061,3e-05,2e-05,5e-05,0.0005,0.00016,-0.00012,-8e-05,0.00016,2
6062,3e-05,2e-05,5e-05,0.0005,0.00016,-0.00012,-8e-05,0.00016,2
6063,3e-05,2e-05,5e-05,0.0005,0.00016,-0.00012,-8e-05,0.00016,2
6064,3e-05,2e-05,5e-05,0.0005,0.00016,-0.00012,-8e-05,0.00016,2
6065,3e-05,2e-05,5e-05,0.0005,0.00016,-0.00012,-8e-05,0.00016,2
6066,3e-05,2e-05,5e-05,0.0005,0.00016,-0.00012,-8e-05,0.00016,2
6067,3e-05,2e-05,5e-05,0.0005,0.00016,-0.00012,-8e-05,0.00016,2
6068,3e-05,2e-05,5e-05,0.0005,0.00016,-0.00012,-8e-05,0.00016,2
6069,3e-05,2e-05,5e-05,0.0005,0.00016,-0.00012,-8e-05,0.00016,2
6070,0.00031,0.00013,0.00013,0.00089,0.00025,0.0,0.00076,0.0001,2
6071,0.00031,0.00013,0.00013,0.00089,0.00025,0.0,0.00076,0.0001,2
6072,0.00031,0.00013,0.00013,0.00089,0.00025,0.0,0.00076,0.0001,2
6073,0.00031,0.00013,0.00013,0.00089,0.00025,0.0,0.00076,0.0001,2
6074,0.00031,0.00013,0.00013,0.00089,0.00025,0.0,0.00076,0.0001,2
6075,0.00031,0.00013,0.00013,0.00089,0.00025,0.0,0.00076,0.0001,2
6076,0.00031,0.00013,0.00013,0.00089,0.00025,0.0,0.00076,0.0001,2
6077,0.00031,0.00013,0.00013,0.00089,0.00025,0.0,0.00076,0.0001,2
6078,0.00031,0.00013,0.00013,0.00089,0.00025,0.0,0.00076,0.0001,2
6079,0.00031,0.00013,0.00013,0.00089,0.00025,0.0,0.00076,0.0001,2
6080,0.00031,0.00013,0.00013,0.00089,0.00025,0.0,0.00076,0.0001,2
6081,0.00031,0.00013,0.00013,0.00089,0.00025,0.0,0.00076,0.0001,2
6082,0.00031,0.00013,0.00013,0.00089,0.00025,0.0,0.00076,0.0001,2
6083,0.00031,0.00013,0.00013,0.00089,0.00025,0.0,0.00076,0.0001,2
6084,0.00031,0.00013,0.00013,0.00089,0.00025,0.0,0.00076,0.0001,2
6085,-0.00019,-0.0001,-5e-05,0.00018,-8e-05,-8e-05,-0.00104,-0.00028,2
6086,-0.00013,-5e-05,3e-05,-0.00034,-0.00018,-0.00025,-0.00021,-0.0001,2
6088,-0.00013,-5e-05,3e-05,-0.00034,-0.00018,-0.00025,-0.00021,-0.0001,2
6089,-0.00013,-5e-05,3e-05,-0.00034,-0.00018,-0.00025,-0.00021,-0.0001,2
6090,-0.00013,-5e-05,3e-05,-0.00034,-0.00018,-0.00025,-0.00021,-0.0001,2
6091,-0.00013,-5e-05,3e-05,-0.00034,-0.00018,-0.00025,-0.00021,-0.0001,2
6092,-0.00013,-5e-05,3e-05,-0.00034,-0.00018,-0.00025,-0.00021,-0.0001,2
6093,-0.00013,-5e-05,3e-05,-0.00034,-0.00018,-0.00025,-0.00021,-0.0001,2
6094,-0.00013,-5e-05,3e-05,-0.00034,-0.00018,-0.00025,-0.00021,-0.0001,2
6095,-0.00013,-5e-05,3e-05,-0.00034,-0.00018,-0.00025,-0.00021,-0.0001,2
6096,-0.00013,-5e-05,3e-05,-0.00034,-0.00018,-0.00025,-0.00021,-0.0001,2
6097,-0.00013,-5e-05,3e-05,-0.00034,-0.00018,-0.00025,-0.00021,-0.0001,2
6098,-0.00013,-5e-05,3e-05,-0.00034,-0.00018,-0.00025,-0.00021,-0.0001,2
6099,-0.00013,-5e-05,3e-05,-0.00034,-0.00018,-0.00025,-0.00021,-0.0001,2
6100,-0.00013,-5e-05,3e-05,-0.00034,-0.00018,-0.00025,-0.00021,-0.0001,2
6101,-0.00013,-5e-05,3e-05,-0.00034,-0.00018,-0.00025,-0.00021,-0.0001,2
6102,-0.00013,-5e-05,3e-05,-0.00034,-0.00018,-0.00025,-0.00021,-0.0001,2
6103,-0.00013,-5e-05,3e-05,-0.00034,-0.00018,-0.00025,-0.00021,-0.0001,2
6104,-0.00013,-5e-05,3e-05,-0.00034,-0.00018,-0.00025,-0.00021,-0.0001,2
6105,-0.00013,-5e-05,3e-05,-0.00034,-0.00018,-0.00025,-0.00021,-0.0001,2
6106,-0.00013,-5e-05,3e-05,-0.00034,-0.00018,-0.00025,-0.00021,-0.0001,2
6107,0.00012,-1e-05,2e-05,0.0007,6e-05,-0.00011,-0.00064,0.00012,2
6108,0.00012,-1e-05,2e-05,0.0007,6e-05,-0.00011,-0.00064,0.00012,2
6109,1e-05,-7e-05,-0.00012,0.00029,3e-05,-0.00015,-0.00023,0.00015,2
6110,1e-05,-7e-05,-0.00012,0.00029,3e-05,-0.00015,-0.00023,0.00015,2
6111,1e-05,-7e-05,-0.00012,0.00029,3e-05,-0.00015,-0.00023,0.00015,2
6112,1e-05,-7e-05,-0.00012,0.00029,3e-05,-0.00015,-0.00023,0.00015,2
6113,1e-05,-7e-05,-0.00012,0.00029,3e-05,-0.00015,-0.00023,0.00015,2
6114,1e-05,-7e-05,-0.00012,0.00029,3e-05,-0.00015,-0.00023,0.00015,2
6115,1e-05,-7e-05,-0.00012,0.00029,3e-05,-0.00015,-0.00023,0.00015,2
6116,1e-05,-7e-05,-0.00012,0.00029,3e-05,-0.00015,-0.00023,0.00015,2
6117,1e-05,-7e-05,-0.00012,0.00029,3e-05,-0.00015,-0.00023,0.00015,2
6118,1e-05,-7e-05,-0.00012,0.00029,3e-05,-0.00015,-0.00023,0.00015,2
6119,1e-05,-7e-05,-0.00012,0.00029,3e-05,-0.00015,-0.00023,0.00015,2
6120,1e-05,-7e-05,-0.00012,0.00029,3e-05,-0.00015,-0.00023,0.00015,2
6121,0.00015,2e-05,-2e-05,-0.00055,-0.00026,-6e-05,0.00012,0.00013,2
6122,0.00015,2e-05,-2e-05,-0.00055,-0.00026,-6e-05,0.00012,0.00013,2
6123,0.00015,2e-05,-2e-05,-0.00055,-0.00026,-6e-05,0.00012,0.00013,2
6124,0.00015,2e-05,-2e-05,-0.00055,-0.00026,-6e-05,0.00012,0.00013,2
6125,0.00015,2e-05,-2e-05,-0.00055,-0.00026,-6e-05,0.00012,0.00013,2
6126,0.00015,2e-05,-2e-05,-0.00055,-0.00026,-6e-05,0.00012,0.00013,2
6127,0.00015,2e-05,-2e-05,-0.00055,-0.00026,-6e-05,0.00012,0.00013,2
6128,0.00015,2e-05,-2e-05,-0.00055,-0.00026,-6e-05,0.00012,0.00013,2
6129,4e-05,6e-05,5e-05,0.00036,0.00019,-5e-05,-0.00074,-2e-05,2
6130,-0.0001,-9e-05,-0.00015,-0.00048,-0.00023,-0.00033,-0.00113,-6e-05,2
6131,-0.0001,-9e-05,-0.00015,-0.00048,-0.00023,-0.00033,-0.00113,-6e-05,2
6132,-0.0001,-9e-05,-0.00015,-0.00048,-0.00023,-0.00033,-0.00113,-6e-05,2
6133,-0.0001,-9e-05,-0.00015,-0.00048,-0.00023,-0.00033,-0.00113,-6e-05,2
6134,-0.0001,-9e-05,-0.00015,-0.00048,-0.00023,-0.00033,-0.00113,-6e-05,2
6135,-0.0001,-9e-05,-0.00015,-0.00048,-0.00023,-0.00033,-0.00113,-6e-05,2
6136,-0.0001,-9e-05,-0.00015,-0.00048,-0.00023,-0.00033,-0.00113,-6e-05,2
6138,-0.0001,-9e-05,-0.00015,-0.00048,-0.00023,-0.00033,-0.00113,-6e-05,2
6139,-0.0001,-9e-05,-0.00015,-0.00048,-0.00023,-0.00033,-0.00113,-6e-05,2
6140,-0.0001,-9e-05,-0.00015,-0.00048,-0.00023,-0.00033,-0.00113,-6e-05,2
6142,-0.0001,-9e-05,-0.00015,-0.00048,-0.00023,-0.00033,-0.00113,-6e-05,2
6143,-0.0001,-9e-05,-0.00015,-0.00048,-0.00023,-0.00033,-0.00113,-6e-05,2
6144,-0.0001,-9e-05,-0.00015,-0.00048,-0.00023,-0.00033,-0.00113,-6e-05,2
6145,0.0001,5e-05,-6e-05,-0.00011,0.00016,-3e-05,0.00072,0.00017,2
6146,-8e-05,-2e-05,-9e-05,-0.00035,-0.00021,0.00016,-0.00016,-6e-05,2
6147,-0.00011,-3e-05,-0.00014,6e-05,-5e-05,0.00032,0.00072,-4e-05,2
6148,-0.00011,-3e-05,-0.00014,6e-05,-5e-05,0.00032,0.00072,-4e-05,2
6149,-0.00011,-3e-05,-0.00014,6e-05,-5e-05,0.00032,0.00072,-4e-05,2
6150,-0.00011,-3e-05,-0.00014,6e-05,-5e-05,0.00032,0.00072,-4e-05,2
6151,-0.00011,-3e-05,-0.00014,6e-05,-5e-05,0.00032,0.00072,-4e-05,2
6152,-0.00011,-3e-05,-0.00014,6e-05,-5e-05,0.00032,0.00072,-4e-05,2
6153,-0.00011,-3e-05,-0.00014,6e-05,-5e-05,0.00032,0.00072,-4e-05,2
6154,-0.00011,-3e-05,-0.00014,6e-05,-5e-05,0.00032,0.00072,-4e-05,2
6155,-0.00011,-3e-05,-0.00014,6e-05,-5e-05,0.00032,0.00072,-4e-05,2
6156,-0.00011,-3e-05,-0.00014,6e-05,-5e-05,0.00032,0.00072,-4e-05,2
6157,-0.00011,-3e-05,-0.00014,6e-05,-5e-05,0.00032,0.00072,-4e-05,2
6158,-0.00011,-3e-05,-0.00014,6e-05,-5e-05,0.00032,0.00072,-4e-05,2
6159,-0.00011,-3e-05,-0.00014,6e-05,-5e-05,0.00032,0.00072,-4e-05,2
6160,-0.00011,-3e-05,-0.00014,6e-05,-5e-05,0.00032,0.00072,-4e-05,2
6161,-0.00011,-3e-05,-0.00014,6e-05,-5e-05,0.00032,0.00072,-4e-05,2
6162,-0.00011,-3e-05,-0.00014,6e-05,-5e-05,0.00032,0.00072,-4e-05,2
6163,-0.00011,-3e-05,-0.00014,6e-05,-5e-05,0.00032,0.00072,-4e-05,2
6164,-0.00011,-3e-05,-0.00014,6e-05,-5e-05,0.00032,0.00072,-4e-05,2
6165,-0.00011,-3e-05,-0.00014,6e-05,-5e-05,0.00032,0.00072,-4e-05,2
6166,-0.00011,-3e-05,-0.00014,6e-05,-5e-05,0.00032,0.00072,-4e-05,2
6167,-0.00011,-3e-05,-0.00014,6e-05,-5e-05,0.00032,0.00072,-4e-05,2
6168,2e-05,-1e-05,2e-05,0.0003,2e-05,0.00071,0.0008,2e-05,2
6169,0.00012,3e-05,-4e-05,0.00033,0.00028,-0.00022,0.00086,0.00017,2
6170,-6e-05,4e-05,6e-05,-0.00043,6e-05,0.00053,0.00035,1e-05,2
6171,-6e-05,4e-05,6e-05,-0.00043,6e-05,0.00053,0.00035,1e-05,2
6172,-6e-05,4e-05,6e-05,-0.00043,6e-05,0.00053,0.00035,1e-05,2
6173,-6e-05,4e-05,6e-05,-0.00043,6e-05,0.00053,0.00035,1e-05,2
6174,-6e-05,4e-05,6e-05,-0.00043,6e-05,0.00053,0.00035,1e-05,2
6175,-6e-05,4e-05,6e-05,-0.00043,6e-05,0.00053,0.00035,1e-05,2
6176,-6e-05,4e-05,6e-05,-0.00043,6e-05,0.00053,0.00035,1e-05,2
6177,-6e-05,4e-05,6e-05,-0.00043,6e-05,0.00053,0.00035,1e-05,2
6178,-6e-05,4e-05,6e-05,-0.00043,6e-05,0.00053,0.00035,1e-05,2
6179,-6e-05,4e-05,6e-05,-0.00043,6e-05,0.00053,0.00035,1e-05,2
6180,-6e-05,4e-05,6e-05,-0.00043,6e-05,0.00053,0.00035,1e-05,2
6181,-6e-05,4e-05,6e-05,-0.00043,6e-05,0.00053,0.00035,1e-05,2
6182,-6e-05,4e-05,6e-05,-0.00043,6e-05,0.00053,0.00035,1e-05,2
6183,-6e-05,4e-05,6e-05,-0.00043,6e-05,0.00053,0.00035,1e-05,2
6184,-6e-05,4e-05,6e-05,-0.00043,6e-05,0.00053,0.00035,1e-05,2
6185,-6e-05,4e-05,6e-05,-0.00043,6e-05,0.00053,0.00035,1e-05,2
6186,-6e-05,4e-05,6e-05,-0.00043,6e-05,0.00053,0.00035,1e-05,2
6188,-6e-05,4e-05,6e-05,-0.00043,6e-05,0.00053,0.00035,1e-05,2
6189,-6e-05,4e-05,6e-05,-0.00043,6e-05,0.00053,0.00035,1e-05,2
6190,-7e-05,-4e-05,-5e-05,-1e-05,-0.00012,-0.0001,0.00017,-0.00018,2
6191,-0.00017,-4e-05,-8e-05,4e-05,-8e-05,-0.00026,0.00021,-0.00025,2
6192,4e-05,6e-05,0.00019,9e-05,0.00016,-0.00023,-0.00029,-0.00011,2
6193,4e-05,6e-05,0.00019,9e-05,0.00016,-0.00023,-0.00029,-0.00011,2
6194,4e-05,6e-05,0.00019,9e-05,0.00016,-0.00023,-0.00029,-0.00011,2
6195,4e-05,6e-05,0.00019,9e-05,0.00016,-0.00023,-0.00029,-0.00011,2
6196,4e-05,6e-05,0.00019,9e-05,0.00016,-0.00023,-0.00029,-0.00011,2
6197,4e-05,6e-05,0.00019,9e-05,0.00016,-0.00023,-0.00029,-0.00011,2
6198,4e-05,6e-05,0.00019,9e-05,0.00016,-0.00023,-0.00029,-0.00011,2
6199,4e-05,6e-05,0.00019,9e-05,0.00016,-0.00023,-0.00029,-0.00011,2
6200,4e-05,6e-05,0.00019,9e-05,0.00016,-0.00023,-0.00029,-0.00011,2
6201,4e-05,6e-05,0.00019,9e-05,0.00016,-0.00023,-0.00029,-0.00011,2
6202,4e-05,6e-05,0.00019,9e-05,0.00016,-0.00023,-0.00029,-0.00011,2
6203,4e-05,6e-05,0.00019,9e-05,0.00016,-0.00023,-0.00029,-0.00011,2
6204,4e-05,6e-05,0.00019,9e-05,0.00016,-0.00023,-0.00029,-0.00011,2
6205,-3e-05,-6e-05,-7e-05,0.0,-9e-05,0.0,4e-05,7e-05,2
6206,4e-05,4e-05,-3e-05,-0.00088,-9e-05,-0.00034,-0.0007,3e-05,2
6207,0.0,-5e-05,0.0,-7e-05,-6e-05,-0.00038,-0.00102,-0.0002,2
6208,0.0,-5e-05,0.0,-7e-05,-6e-05,-0.00038,-0.00102,-0.0002,2
6209,0.0,-5e-05,0.0,-7e-05,-6e-05,-0.00038,-0.00102,-0.0002,2
6210,0.0,-5e-05,0.0,-7e-05,-6e-05,-0.00038,-0.00102,-0.0002,2
6211,0.0,-5e-05,0.0,-7e-05,-6e-05,-0.00038,-0.00102,-0.0002,2
6212,0.0,-5e-05,0.0,-7e-05,-6e-05,-0.00038,-0.00102,-0.0002,2
6213,0.0,-5e-05,0.0,-7e-05,-6e-05,-0.00038,-0.00102,-0.0002,2
6214,0.0,-5e-05,0.0,-7e-05,-6e-05,-0.00038,-0.00102,-0.0002,2
6215,0.0,-5e-05,0.0,-7e-05,-6e-05,-0.00038,-0.00102,-0.0002,2
6216,0.0,-5e-05,0.0,-7e-05,-6e-05,-0.00038,-0.00102,-0.0002,2
6217,0.0,-5e-05,0.0,-7e-05,-6e-05,-0.00038,-0.00102,-0.0002,2
6218,0.0,-5e-05,0.0,-7e-05,-6e-05,-0.00038,-0.00102,-0.0002,2
6219,0.0,-5e-05,0.0,-7e-05,-6e-05,-0.00038,-0.00102,-0.0002,2
6220,0.0,-5e-05,0.0,-7e-05,-6e-05,-0.00038,-0.00102,-0.0002,2
6221,0.0,-5e-05,0.0,-7e-05,-6e-05,-0.00038,-0.00102,-0.0002,2
6222,0.0,-5e-05,0.0,-7e-05,-6e-05,-0.00038,-0.00102,-0.0002,2
6223,0.0,-5e-05,0.0,-7e-05,-6e-05,-0.00038,-0.00102,-0.0002,2
6224,0.0,-5e-05,0.0,-7e-05,-6e-05,-0.00038,-0.00102,-0.0002,2
6225,0.0,-5e-05,0.0,-7e-05,-6e-05,-0.00038,-0.00102,-0.0002,2
6226,0.0,-5e-05,0.0,-7e-05,-6e-05,-0.00038,-0.00102,-0.0002,2
6227,0.0,-5e-05,0.0,-7e-05,-6e-05,-0.00038,-0.00102,-0.0002,2
6228,0.00012,7e-05,0.0001,0.00022,-5e-05,0.00011,0.00053,-2e-05,2
6229,-0.00017,-0.00015,-0.00021,-0.0002,0.00014,-0.0002,-0.00099,-0.00043,2
6230,-6e-05,1e-05,-8e-05,-0.00027,-0.00023,0.00058,0.00039,0.00017,2
6231,-6e-05,1e-05,-8e-05,-0.00027,-0.00023,0.00058,0.00039,0.00017,2
6232,-6e-05,1e-05,-8e-05,-0.00027,-0.00023,0.00058,0.00039,0.00017,2
6233,-6e-05,1e-05,-8e-05,-0.00027,-0.00023,0.00058,0.00039,0.00017,2
6234,-6e-05,1e-05,-8e-05,-0.00027,-0.00023,0.00058,0.00039,0.00017,2
6235,-6e-05,1e-05,-8e-05,-0.00027,-0.00023,0.00058,0.00039,0.00017,2
6236,-6e-05,1e-05,-8e-05,-0.00027,-0.00023,0.00058,0.00039,0.00017,2
6238,-6e-05,1e-05,-8e-05,-0.00027,-0.00023,0.00058,0.00039,0.00017,2
6239,-6e-05,1e-05,-8e-05,-0.00027,-0.00023,0.00058,0.00039,0.00017,2
6240,-6e-05,1e-05,-8e-05,-0.00027,-0.00023,0.00058,0.00039,0.00017,2
6241,-6e-05,1e-05,-8e-05,-0.00027,-0.00023,0.00058,0.00039,0.00017,2
6242,-6e-05,1e-05,-8e-05,-0.00027,-0.00023,0.00058,0.00039,0.00017,2
6243,-6e-05,1e-05,-8e-05,-0.00027,-0.00023,0.00058,0.00039,0.00017,2
6244,-6e-05,1e-05,-8e-05,-0.00027,-0.00023,0.00058,0.00039,0.00017,2
6245,-6e-05,1e-05,-8e-05,-0.00027,-0.00023,0.00058,0.00039,0.00017,2
6246,-6e-05,1e-05,-8e-05,-0.00027,-0.00023,0.00058,0.00039,0.00017,2
6247,-6e-05,1e-05,-8e-05,-0.00027,-0.00023,0.00058,0.00039,0.00017,2
6248,-6e-05,1e-05,-8e-05,-0.00027,-0.00023,0.00058,0.00039,0.00017,2
6249,-6e-05,1e-05,-8e-05,-0.00027,-0.00023,0.00058,0.00039,0.00017,2
6250,-8e-05,6e-05,0.00025,0.00058,0.00015,-0.00021,-0.00096,-0.00028,2
6251,-5e-05,2e-05,1e-05,-0.0004,0.00029,0.00015,4e-05,-0.00015,2
6252,4e-05,-3e-05,0.0001,0.00048,0.00027,0.00037,0.00077,0.0002,2
6253,4e-05,-3e-05,0.0001,0.00048,0.00027,0.00037,0.00077,0.0002,2
6254,4e-05,-3e-05,0.0001,0.00048,0.00027,0.00037,0.00077,0.0002,2
6255,4e-05,-3e-05,0.0001,0.00048,0.00027,0.00037,0.00077,0.0002,2
6256,4e-05,-3e-05,0.0001,0.00048,0.00027,0.00037,0.00077,0.0002,2
6257,4e-05,-3e-05,0.0001,0.00048,0.00027,0.00037,0.00077,0.0002,2
6258,4e-05,-3e-05,0.0001,0.00048,0.00027,0.00037,0.00077,0.0002,2
6259,4e-05,-3e-05,0.0001,0.00048,0.00027,0.00037,0.00077,0.0002,2
6260,4e-05,-3e-05,0.0001,0.00048,0.00027,0.00037,0.00077,0.0002,2
6261,4e-05,-3e-05,0.0001,0.00048,0.00027,0.00037,0.00077,0.0002,2
6262,4e-05,-3e-05,0.0001,0.00048,0.00027,0.00037,0.00077,0.0002,2
6263,4e-05,-3e-05,0.0001,0.00048,0.00027,0.00037,0.00077,0.0002,2
6264,4e-05,-3e-05,0.0001,0.00048,0.00027,0.00037,0.00077,0.0002,2
6265,0.00019,2e-05,-0.00012,-0.00022,0.00013,0.00015,0.00101,0.00042,2
6266,-0.00076,-0.00024,-0.00013,-0.00016,-0.00018,-0.00042,-0.00091,-0.00078,2
6267,-7e-05,-1e-05,3e-05,0.00018,8e-05,-0.00054,-0.00033,-0.00013,2
6268,-7e-05,-1e-05,3e-05,0.00018,8e-05,-0.00054,-0.00033,-0.00013,2
6269,-7e-05,-1e-05,3e-05,0.00018,8e-05,-0.00054,-0.00033,-0.00013,2
6270,-7e-05,-1e-05,3e-05,0.00018,8e-05,-0.00054,-0.00033,-0.00013,2
6271,-7e-05,-1e-05,3e-05,0.00018,8e-05,-0.00054,-0.00033,-0.00013,2
6272,-7e-05,-1e-05,3e-05,0.00018,8e-05,-0.00054,-0.00033,-0.00013,2
6273,-7e-05,-1e-05,3e-05,0.00018,8e-05,-0.00054,-0.00033,-0.00013,2
6274,-7e-05,-1e-05,3e-05,0.00018,8e-05,-0.00054,-0.00033,-0.00013,2
6275,-7e-05,-1e-05,3e-05,0.00018,8e-05,-0.00054,-0.00033,-0.00013,2
6276,-7e-05,-1e-05,3e-05,0.00018,8e-05,-0.00054,-0.00033,-0.00013,2
6277,-7e-05,-1e-05,3e-05,0.00018,8e-05,-0.00054,-0.00033,-0.00013,2
6278,-7e-05,-1e-05,3e-05,0.00018,8e-05,-0.00054,-0.00033,-0.00013,2
6279,-7e-05,-1e-05,3e-05,0.00018,8e-05,-0.00054,-0.00033,-0.00013,2
6280,-7e-05,-1e-05,3e-05,0.00018,8e-05,-0.00054,-0.00033,-0.00013,2
6281,-7e-05,-1e-05,3e-05,0.00018,8e-05,-0.00054,-0.00033,-0.00013,2
6282,-7e-05,-1e-05,3e-05,0.00018,8e-05,-0.00054,-0.00033,-0.00013,2
6283,-7e-05,-1e-05,3e-05,0.00018,8e-05,-0.00054,-0.00033,-0.00013,2
6284,-7e-05,-1e-05,3e-05,0.00018,8e-05,-0.00054,-0.00033,-0.00013,2
6285,-7e-05,-1e-05,3e-05,0.00018,8e-05,-0.00054,-0.00033,-0.00013,2
6286,-7e-05,-1e-05,3e-05,0.00018,8e-05,-0.00054,-0.00033,-0.00013,2
6288,-0.00015,-0.00011,-7e-05,0.00039,2e-05,-9e-05,-0.00038,9e-05,2
6289,8e-05,7e-05,8e-05,-0.00027,-0.00018,-5e-05,0.0009,0.00012,2
6290,-6e-05,-4e-05,-1e-05,-0.00016,2e-05,-0.00033,0.00043,-4e-05,2
6291,-6e-05,-4e-05,-1e-05,-0.00016,2e-05,-0.00033,0.00043,-4e-05,2
6292,-6e-05,-4e-05,-1e-05,-0.00016,2e-05,-0.00033,0.00043,-4e-05,2
6293,-6e-05,-4e-05,-1e-05,-0.00016,2e-05,-0.00033,0.00043,-4e-05,2
6294,-6e-05,-4e-05,-1e-05,-0.00016,2e-05,-0.00033,0.00043,-4e-05,2
6295,-6e-05,-4e-05,-1e-05,-0.00016,2e-05,-0.00033,0.00043,-4e-05,2
6296,-6e-05,-4e-05,-1e-05,-0.00016,2e-05,-0.00033,0.00043,-4e-05,2
6297,-6e-05,-4e-05,-1e-05,-0.00016,2e-05,-0.00033,0.00043,-4e-05,2
6298,-6e-05,-4e-05,-1e-05,-0.00016,2e-05,-0.00033,0.00043,-4e-05,2
6299,-6e-05,-4e-05,-1e-05,-0.00016,2e-05,-0.00033,0.00043,-4e-05,2
6300,-6e-05,-4e-05,-1e-05,-0.00016,2e-05,-0.00033,0.00043,-4e-05,2
6301,-6e-05,-4e-05,-1e-05,-0.00016,2e-05,-0.00033,0.00043,-4e-05,2
6302,-6e-05,-4e-05,-1e-05,-0.00016,2e-05,-0.00033,0.00043,-4e-05,2
6303,-6e-05,-4e-05,-1e-05,-0.00016,2e-05,-0.00033,0.00043,-4e-05,2
6304,-6e-05,-4e-05,-1e-05,-0.00016,2e-05,-0.00033,0.00043,-4e-05,2
6305,-6e-05,-4e-05,-1e-05,-0.00016,2e-05,-0.00033,0.00043,-4e-05,2
6306,-6e-05,-4e-05,-1e-05,-0.00016,2e-05,-0.00033,0.00043,-4e-05,2
6307,-6e-05,-4e-05,-1e-05,-0.00016,2e-05,-0.00033,0.00043,-4e-05,2
6308,-6e-05,-4e-05,-1e-05,-0.00016,2e-05,-0.00033,0.00043,-4e-05,2
6309,-6e-05,-4e-05,-1e-05,-0.00016,2e-05,-0.00033,0.00043,-4e-05,2
6310,-6e-05,-4e-05,-1e-05,-0.00016,2e-05,-0.00033,0.00043,-4e-05,2
6311,0.00024,0.0,-0.00015,0.00011,-4e-05,0.00025,0.00115,0.00041,2
6312,7e-05,2e-05,4e-05,-0.00019,-8e-05,-0.0002,0.00041,-0.00014,2
6313,7e-05,2e-05,4e-05,-0.00019,-8e-05,-0.0002,0.00041,-0.00014,2
6314,7e-05,2e-05,4e-05,-0.00019,-8e-05,-0.0002,0.00041,-0.00014,2
6315,7e-05,2e-05,4e-05,-0.00019,-8e-05,-0.0002,0.00041,-0.00014,2
6316,7e-05,2e-05,4e-05,-0.00019,-8e-05,-0.0002,0.00041,-0.00014,2
6317,7e-05,2e-05,4e-05,-0.00019,-8e-05,-0.0002,0.00041,-0.00014,2
6318,7e-05,2e-05,4e-05,-0.00019,-8e-05,-0.0002,0.00041,-0.00014,2
6319,7e-05,2e-05,4e-05,-0.00019,-8e-05,-0.0002,0.00041,-0.00014,2
6320,7e-05,2e-05,4e-05,-0.00019,-8e-05,-0.0002,0.00041,-0.00014,2
6321,7e-05,2e-05,4e-05,-0.00019,-8e-05,-0.0002,0.00041,-0.00014,2
6322,7e-05,2e-05,4e-05,-0.00019,-8e-05,-0.0002,0.00041,-0.00014,2
6323,7e-05,2e-05,4e-05,-0.00019,-8e-05,-0.0002,0.00041,-0.00014,2
6324,7e-05,2e-05,4e-05,-0.00019,-8e-05,-0.0002,0.00041,-0.00014,2
6325,-7e-05,-5e-05,-0.00014,-1e-05,-1e-05,0.00042,0.00073,4e-05,2
6326,7e-05,6e-05,0.00013,-0.00039,-3e-05,0.00041,-0.00035,0.00042,2
6327,-4e-05,2e-05,-3e-05,0.00038,-0.00014,-0.00012,-0.00035,-6e-05,2
6328,0.00014,6e-05,7e-05,7e-05,0.0002,-0.0001,0.00019,0.00024,2
6329,0.00014,6e-05,7e-05,7e-05,0.0002,-0.0001,0.00019,0.00024,2
6330,0.00014,6e-05,7e-05,7e-05,0.0002,-0.0001,0.00019,0.00024,2
6331,0.00014,6e-05,7e-05,7e-05,0.0002,-0.0001,0.00019,0.00024,2
6332,0.00014,6e-05,7e-05,7e-05,0.0002,-0.0001,0.00019,0.00024,2
6333,0.00014,6e-05,7e-05,7e-05,0.0002,-0.0001,0.00019,0.00024,2
6334,0.00014,6e-05,7e-05,7e-05,0.0002,-0.0001,0.00019,0.00024,2
6335,0.00014,6e-05,7e-05,7e-05,0.0002,-0.0001,0.00019,0.00024,2
6336,0.00014,6e-05,7e-05,7e-05,0.0002,-0.0001,0.00019,0.00024,2
6338,0.00014,6e-05,7e-05,7e-05,0.0002,-0.0001,0.00019,0.00024,2
6339,0.00014,6e-05,7e-05,7e-05,0.0002,-0.0001,0.00019,0.00024,2
6340,0.00014,6e-05,7e-05,7e-05,0.0002,-0.0001,0.00019,0.00024,2
6341,0.00014,6e-05,7e-05,7e-05,0.0002,-0.0001,0.00019,0.00024,2
6342,0.00014,6e-05,7e-05,7e-05,0.0002,-0.0001,0.00019,0.00024,2
6343,0.00014,6e-05,7e-05,7e-05,0.0002,-0.0001,0.00019,0.00024,2
6344,0.00014,6e-05,7e-05,7e-05,0.0002,-0.0001,0.00019,0.00024,2
6345,0.00014,6e-05,7e-05,7e-05,0.0002,-0.0001,0.00019,0.00024,2
6346,0.00014,6e-05,7e-05,7e-05,0.0002,-0.0001,0.00019,0.00024,2
6347,0.00014,6e-05,7e-05,7e-05,0.0002,-0.0001,0.00019,0.00024,2
6348,0.00014,-4e-05,0.0,0.00012,5e-05,2e-05,-0.00019,-9e-05,2
6349,-0.00036,-4e-05,5e-05,0.00039,0.00034,0.00025,0.00051,-0.00012,2
6350,-6e-05,-2e-05,0.0,-0.00071,-0.00048,-0.00023,-0.00082,-0.00011,2
6351,-6e-05,-2e-05,0.0,-0.00071,-0.00048,-0.00023,-0.00082,-0.00011,2
6352,-6e-05,-2e-05,0.0,-0.00071,-0.00048,-0.00023,-0.00082,-0.00011,2
6353,-6e-05,-2e-05,0.0,-0.00071,-0.00048,-0.00023,-0.00082,-0.00011,2
6354,-6e-05,-2e-05,0.0,-0.00071,-0.00048,-0.00023,-0.00082,-0.00011,2
6355,-6e-05,-2e-05,0.0,-0.00071,-0.00048,-0.00023,-0.00082,-0.00011,2
6356,-6e-05,-2e-05,0.0,-0.00071,-0.00048,-0.00023,-0.00082,-0.00011,2
6357,-6e-05,-2e-05,0.0,-0.00071,-0.00048,-0.00023,-0.00082,-0.00011,2
6358,-6e-05,-2e-05,0.0,-0.00071,-0.00048,-0.00023,-0.00082,-0.00011,2
6359,-6e-05,-2e-05,0.0,-0.00071,-0.00048,-0.00023,-0.00082,-0.00011,2
6360,-6e-05,-2e-05,0.0,-0.00071,-0.00048,-0.00023,-0.00082,-0.00011,2
6361,-6e-05,-2e-05,0.0,-0.00071,-0.00048,-0.00023,-0.00082,-0.00011,2
6362,-6e-05,-2e-05,0.0,-0.00071,-0.00048,-0.00023,-0.00082,-0.00011,2
6363,-6e-05,-2e-05,0.0,-0.00071,-0.00048,-0.00023,-0.00082,-0.00011,2
6364,-6e-05,-2e-05,0.0,-0.00071,-0.00048,-0.00023,-0.00082,-0.00011,2
6365,-6e-05,-2e-05,0.0,-0.00071,-0.00048,-0.00023,-0.00082,-0.00011,2
6366,-6e-05,-2e-05,0.0,-0.00071,-0.00048,-0.00023,-0.00082,-0.00011,2
6367,-6e-05,-2e-05,0.0,-0.00071,-0.00048,-0.00023,-0.00082,-0.00011,2
6368,-6e-05,-2e-05,0.0,-0.00071,-0.00048,-0.00023,-0.00082,-0.00011,2
6369,-6e-05,-2e-05,0.0,-0.00071,-0.00048,-0.00023,-0.00082,-0.00011,2
6370,-6e-05,-2e-05,0.0,-0.00071,-0.00048,-0.00023,-0.00082,-0.00011,2
6371,7e-05,0.00012,0.00013,0.00058,0.00032,0.00038,0.00102,0.00027,2
6372,7e-05,0.00012,0.00013,0.00058,0.00032,0.00038,0.00102,0.00027,2
6373,7e-05,0.00012,0.00013,0.00058,0.00032,0.00038,0.00102,0.00027,2
6374,7e-05,0.00012,0.00013,0.00058,0.00032,0.00038,0.00102,0.00027,2
6375,7e-05,0.00012,0.00013,0.00058,0.00032,0.00038,0.00102,0.00027,2
6376,0.00027,2e-05,2e-05,-0.00073,-0.00027,-0.0003,0.00071,0.00034,2
6377,-1e-05,0.00012,0.00011,0.00047,0.00021,-4e-05,-0.00017,-0.00013,2
6378,-1e-05,0.00012,0.00011,0.00047,0.00021,-4e-05,-0.00017,-0.00013,2
6379,-1e-05,0.00012,0.00011,0.00047,0.00021,-4e-05,-0.00017,-0.00013,2
6380,-1e-05,0.00012,0.00011,0.00047,0.00021,-4e-05,-0.00017,-0.00013,2
6381,-1e-05,0.00012,0.00011,0.00047,0.00021,-4e-05,-0.00017,-0.00013,2
6382,-1e-05,0.00012,0.00011,0.00047,0.00021,-4e-05,-0.00017,-0.00013,2
6383,-1e-05,0.00012,0.00011,0.00047,0.00021,-4e-05,-0.00017,-0.00013,2
6384,-1e-05,0.00012,0.00011,0.00047,0.00021,-4e-05,-0.00017,-0.00013,2
6385,-6e-05,-7e-05,-0.0001,-0.0001,-0.00029,-0.00037,0.00031,-0.00017,2
6386,-6e-05,-7e-05,-0.0001,-0.0001,-0.00029,-0.00037,0.00031,-0.00017,2
6388,-6e-05,-7e-05,-0.0001,-0.0001,-0.00029,-0.00037,0.00031,-0.00017,2
6389,-6e-05,-7e-05,-0.0001,-0.0001,-0.00029,-0.00037,0.00031,-0.00017,2
6390,-6e-05,-7e-05,-0.0001,-0.0001,-0.00029,-0.00037,0.00031,-0.00017,2
6391,-0.00014,-0.0001,-0.00012,-6e-05,-0.00021,3e-05,0.00052,9e-05,2
6392,-0.00011,-1e-05,-2e-05,6e-05,0.00028,0.00068,-0.0006,-0.00019,2
6393,-0.00011,-1e-05,-2e-05,6e-05,0.00028,0.00068,-0.0006,-0.00019,2
6394,-0.00011,-1e-05,-2e-05,6e-05,0.00028,0.00068,-0.0006,-0.00019,2
6395,-0.00011,-1e-05,-2e-05,6e-05,0.00028,0.00068,-0.0006,-0.00019,2
6396,-0.00011,-1e-05,-2e-05,6e-05,0.00028,0.00068,-0.0006,-0.00019,2
6397,-0.00011,-1e-05,-2e-05,6e-05,0.00028,0.00068,-0.0006,-0.00019,2
6398,-0.00011,-1e-05,-2e-05,6e-05,0.00028,0.00068,-0.0006,-0.00019,2
6399,-0.00011,-1e-05,-2e-05,6e-05,0.00028,0.00068,-0.0006,-0.00019,2
6400,-0.00011,-1e-05,-2e-05,6e-05,0.00028,0.00068,-0.0006,-0.00019,2
6401,-0.00011,-1e-05,-2e-05,6e-05,0.00028,0.00068,-0.0006,-0.00019,2
6402,-0.00011,-1e-05,-2e-05,6e-05,0.00028,0.00068,-0.0006,-0.00019,2
6403,-0.00011,-1e-05,-2e-05,6e-05,0.00028,0.00068,-0.0006,-0.00019,2
6404,-0.00011,-1e-05,-2e-05,6e-05,0.00028,0.00068,-0.0006,-0.00019,2
6405,-0.00011,-1e-05,-2e-05,6e-05,0.00028,0.00068,-0.0006,-0.00019,2
6406,-0.00011,-1e-05,-2e-05,6e-05,0.00028,0.00068,-0.0006,-0.00019,2
6407,-0.00011,-1e-05,-2e-05,6e-05,0.00028,0.00068,-0.0006,-0.00019,2
6408,-0.00011,-1e-05,-2e-05,6e-05,0.00028,0.00068,-0.0006,-0.00019,2
6409,-0.00011,-1e-05,-2e-05,6e-05,0.00028,0.00068,-0.0006,-0.00019,2
6410,-0.00011,-1e-05,-2e-05,6e-05,0.00028,0.00068,-0.0006,-0.00019,2
6411,-0.00011,-1e-05,-2e-05,6e-05,0.00028,0.00068,-0.0006,-0.00019,2
6412,-0.00011,-1e-05,-2e-05,6e-05,0.00028,0.00068,-0.0006,-0.00019,2
6413,-0.00011,-1e-05,-2e-05,6e-05,0.00028,0.00068,-0.0006,-0.00019,2
6414,-0.00011,-1e-05,-2e-05,6e-05,0.00028,0.00068,-0.0006,-0.00019,2
6415,0.00017,7e-05,2e-05,-0.00014,-8e-05,-0.00035,-0.00036,0.00031,2
6416,3e-05,-7e-05,-8e-05,0.0,-6e-05,-0.00029,-0.00053,-0.00021,2
6417,6e-05,-2e-05,-0.00025,-0.00042,-0.00021,0.00013,6e-05,-1e-05,2
6418,6e-05,-2e-05,-0.00025,-0.00042,-0.00021,0.00013,6e-05,-1e-05,2
6419,6e-05,-2e-05,-0.00025,-0.00042,-0.00021,0.00013,6e-05,-1e-05,2
6420,6e-05,-2e-05,-0.00025,-0.00042,-0.00021,0.00013,6e-05,-1e-05,2
6421,6e-05,-2e-05,-0.00025,-0.00042,-0.00021,0.00013,6e-05,-1e-05,2
6422,6e-05,-2e-05,-0.00025,-0.00042,-0.00021,0.00013,6e-05,-1e-05,2
6423,6e-05,-2e-05,-0.00025,-0.00042,-0.00021,0.00013,6e-05,-1e-05,2
6424,6e-05,-2e-05,-0.00025,-0.00042,-0.00021,0.00013,6e-05,-1e-05,2
6425,6e-05,-2e-05,-0.00025,-0.00042,-0.00021,0.00013,6e-05,-1e-05,2
6426,6e-05,-2e-05,-0.00025,-0.00042,-0.00021,0.00013,6e-05,-1e-05,2
6427,6e-05,-2e-05,-0.00025,-0.00042,-0.00021,0.00013,6e-05,-1e-05,2
6428,6e-05,-2e-05,-0.00025,-0.00042,-0.00021,0.00013,6e-05,-1e-05,2
6429,6e-05,-2e-05,-0.00025,-0.00042,-0.00021,0.00013,6e-05,-1e-05,2
6430,0.0,0.0001,0.00027,0.00031,-7e-05,-0.00066,-0.00019,3e-05,2
6431,-1e-05,5e-05,-6e-05,-0.00022,-0.00011,0.00028,0.00061,-2e-05,2
6432,-3e-05,-9e-05,-2e-05,-9e-05,-0.00014,-0.00013,-0.00092,0.0,2
6433,-3e-05,-9e-05,-2e-05,-9e-05,-0.00014,-0.00013,-0.00092,0.0,2
6434,-3e-05,-9e-05,-2e-05,-9e-05,-0.00014,-0.00013,-0.00092,0.0,2
6435,-3e-05,-9e-05,-2e-05,-9e-05,-0.00014,-0.00013,-0.00092,0.0,2
6436,-3e-05,-9e-05,-2e-05,-9e-05,-0.00014,-0.00013,-0.00092,0.0,2
6438,-3e-05,-9e-05,-2e-05,-9e-05,-0.00014,-0.00013,-0.00092,0.0,2
6439,-3e-05,-9e-05,-2e-05,-9e-05,-0.00014,-0.00013,-0.00092,0.0,2
6440,-3e-05,-9e-05,-2e-05,-9e-05,-0.00014,-0.00013,-0.00092,0.0,2
6441,-3e-05,-9e-05,-2e-05,-9e-05,-0.00014,-0.00013,-0.00092,0.0,2
6442,-3e-05,-9e-05,-2e-05,-9e-05,-0.00014,-0.00013,-0.00092,0.0,2
6443,-3e-05,-9e-05,-2e-05,-9e-05,-0.00014,-0.00013,-0.00092,0.0,2
6444,-3e-05,-9e-05,-2e-05,-9e-05,-0.00014,-0.00013,-0.00092,0.0,2
6445,1e-05,3e-05,3e-05,-8e-05,-0.00017,-9e-05,-0.00013,-0.00014,2
6446,1e-05,3e-05,3e-05,-8e-05,-0.00017,-9e-05,-0.00013,-0.00014,2
6447,1e-05,3e-05,3e-05,-8e-05,-0.00017,-9e-05,-0.00013,-0.00014,2
6448,1e-05,3e-05,3e-05,-8e-05,-0.00017,-9e-05,-0.00013,-0.00014,2
6449,1e-05,3e-05,3e-05,-8e-05,-0.00017,-9e-05,-0.00013,-0.00014,2
6450,1e-05,3e-05,3e-05,-8e-05,-0.00017,-9e-05,-0.00013,-0.00014,2
6451,0.00031,2e-05,-1e-05,0.0,0.0001,0.00036,0.00081,0.00018,2
6452,-0.00051,-1e-05,4e-05,0.00035,-0.00018,-0.00055,0.00039,-0.00028,2
6453,-0.00051,-1e-05,4e-05,0.00035,-0.00018,-0.00055,0.00039,-0.00028,2
6454,-0.00051,-1e-05,4e-05,0.00035,-0.00018,-0.00055,0.00039,-0.00028,2
6455,-0.00051,-1e-05,4e-05,0.00035,-0.00018,-0.00055,0.00039,-0.00028,2
6456,-0.00051,-1e-05,4e-05,0.00035,-0.00018,-0.00055,0.00039,-0.00028,2
6457,-0.00051,-1e-05,4e-05,0.00035,-0.00018,-0.00055,0.00039,-0.00028,2
6458,-0.00051,-1e-05,4e-05,0.00035,-0.00018,-0.00055,0.00039,-0.00028,2
6459,-0.00051,-1e-05,4e-05,0.00035,-0.00018,-0.00055,0.00039,-0.00028,2
6460,-0.00051,-1e-05,4e-05,0.00035,-0.00018,-0.00055,0.00039,-0.00028,2
6461,-0.00051,-1e-05,4e-05,0.00035,-0.00018,-0.00055,0.00039,-0.00028,2
6462,-0.00051,-1e-05,4e-05,0.00035,-0.00018,-0.00055,0.00039,-0.00028,2
6463,-0.00051,-1e-05,4e-05,0.00035,-0.00018,-0.00055,0.00039,-0.00028,2
6464,-0.00051,-1e-05,4e-05,0.00035,-0.00018,-0.00055,0.00039,-0.00028,2
6465,-0.00051,-1e-05,4e-05,0.00035,-0.00018,-0.00055,0.00039,-0.00028,2
6466,-0.00051,-1e-05,4e-05,0.00035,-0.00018,-0.00055,0.00039,-0.00028,2
6467,-0.00051,-1e-05,4e-05,0.00035,-0.00018,-0.00055,0.00039,-0.00028,2
6468,0.00066,0.00015,8e-05,0.00033,5e-05,-0.00079,0.00053,0.00046,2
6469,1e-05,-5e-05,-4e-05,0.00017,0.0001,6e-05,-0.00069,-4e-05,2
6470,1e-05,-5e-05,-4e-05,0.00017,0.0001,6e-05,-0.00069,-4e-05,2
6471,1e-05,-5e-05,-4e-05,0.00017,0.0001,6e-05,-0.00069,-4e-05,2
6472,1e-05,-5e-05,-4e-05,0.00017,0.0001,6e-05,-0.00069,-4e-05,2
6473,1e-05,-5e-05,-4e-05,0.00017,0.0001,6e-05,-0.00069,-4e-05,2
6474,1e-05,-5e-05,-4e-05,0.00017,0.0001,6e-05,-0.00069,-4e-05,2
6475,1e-05,-5e-05,-4e-05,0.00017,0.0001,6e-05,-0.00069,-4e-05,2
6476,1e-05,-5e-05,-4e-05,0.00017,0.0001,6e-05,-0.00069,-4e-05,2
6477,1e-05,-5e-05,-4e-05,0.00017,0.0001,6e-05,-0.00069,-4e-05,2
6478,1e-05,-5e-05,-4e-05,0.00017,0.0001,6e-05,-0.00069,-4e-05,2
6479,1e-05,-5e-05,-4e-05,0.00017,0.0001,6e-05,-0.00069,-4e-05,2
6480,1e-05,-5e-05,-4e-05,0.00017,0.0001,6e-05,-0.00069,-4e-05,2
6481,1e-05,-5e-05,-4e-05,0.00017,0.0001,6e-05,-0.00069,-4e-05,2
6482,1e-05,-5e-05,-4e-05,0.00017,0.0001,6e-05,-0.00069,-4e-05,2
6483,1e-05,-5e-05,-4e-05,0.00017,0.0001,6e-05,-0.00069,-4e-05,2
6484,1e-05,-5e-05,-4e-05,0.00017,0.0001,6e-05,-0.00069,-4e-05,2
6485,1e-05,-5e-05,-4e-05,0.00017,0.0001,6e-05,-0.00069,-4e-05,2
6486,1e-05,-5e-05,-4e-05,0.00017,0.0001,6e-05,-0.00069,-4e-05,2
6488,1e-05,-5e-05,-4e-05,0.00017,0.0001,6e-05,-0.00069,-4e-05,2
6489,1e-05,-5e-05,-4e-05,0.00017,0.0001,6e-05,-0.00069,-4e-05,2
6490,1e-05,-5e-05,-4e-05,0.00017,0.0001,6e-05,-0.00069,-4e-05,2
6491,1e-05,-5e-05,-4e-05,0.00017,0.0001,6e-05,-0.00069,-4e-05,2
6492,1e-05,-5e-05,-4e-05,0.00017,0.0001,6e-05,-0.00069,-4e-05,2
6493,1e-05,-5e-05,-4e-05,0.00017,0.0001,6e-05,-0.00069,-4e-05,2
6494,1e-05,-5e-05,-4e-05,0.00017,0.0001,6e-05,-0.00069,-4e-05,2
6495,1e-05,-5e-05,-4e-05,0.00017,0.0001,6e-05,-0.00069,-4e-05,2
6496,1e-05,-5e-05,-4e-05,0.00017,0.0001,6e-05,-0.00069,-4e-05,2
6497,1e-05,-5e-05,-4e-05,0.00017,0.0001,6e-05,-0.00069,-4e-05,2
6498,-0.00037,-0.0001,-4e-05,4e-05,0.00015,-0.00016,-0.00079,-0.00013,2
6499,8e-05,4e-05,-3e-05,0.00095,-3e-05,0.00022,0.00026,-0.0001,2
6500,0.00015,2e-05,1e-05,-0.0011,-8e-05,-0.00105,8e-05,0.00026,2
6501,0.00015,2e-05,1e-05,-0.0011,-8e-05,-0.00105,8e-05,0.00026,2
6502,0.00015,2e-05,1e-05,-0.0011,-8e-05,-0.00105,8e-05,0.00026,2
6503,0.00015,2e-05,1e-05,-0.0011,-8e-05,-0.00105,8e-05,0.00026,2
6504,0.00015,2e-05,1e-05,-0.0011,-8e-05,-0.00105,8e-05,0.00026,2
6505,-3e-05,2e-05,7e-05,0.00083,0.00037,4e-05,-0.00021,0.00016,2
6506,-3e-05,2e-05,7e-05,0.00083,0.00037,4e-05,-0.00021,0.00016,2
6507,-3e-05,2e-05,7e-05,0.00083,0.00037,4e-05,-0.00021,0.00016,2
6508,-3e-05,2e-05,7e-05,0.00083,0.00037,4e-05,-0.00021,0.00016,2
6509,-3e-05,2e-05,7e-05,0.00083,0.00037,4e-05,-0.00021,0.00016,2
6510,-3e-05,2e-05,7e-05,0.00083,0.00037,4e-05,-0.00021,0.00016,2
6511,-3e-05,2e-05,7e-05,0.00083,0.00037,4e-05,-0.00021,0.00016,2
6512,-0.00024,2e-05,0.00012,0.00044,-0.00022,-0.00032,0.00049,8e-05,2
6513,-0.00024,2e-05,0.00012,0.00044,-0.00022,-0.00032,0.00049,8e-05,2
6514,-0.00024,2e-05,0.00012,0.00044,-0.00022,-0.00032,0.00049,8e-05,2
6515,-0.00024,2e-05,0.00012,0.00044,-0.00022,-0.00032,0.00049,8e-05,2
6516,-0.00024,2e-05,0.00012,0.00044,-0.00022,-0.00032,0.00049,8e-05,2
6517,-0.00024,2e-05,0.00012,0.00044,-0.00022,-0.00032,0.00049,8e-05,2
6518,-0.00024,2e-05,0.00012,0.00044,-0.00022,-0.00032,0.00049,8e-05,2
6519,-0.00024,2e-05,0.00012,0.00044,-0.00022,-0.00032,0.00049,8e-05,2
6520,-0.00024,2e-05,0.00012,0.00044,-0.00022,-0.00032,0.00049,8e-05,2
6521,-0.00024,2e-05,0.00012,0.00044,-0.00022,-0.00032,0.00049,8e-05,2
6522,-0.00024,2e-05,0.00012,0.00044,-0.00022,-0.00032,0.00049,8e-05,2
6523,-0.00024,2e-05,0.00012,0.00044,-0.00022,-0.00032,0.00049,8e-05,2
6524,-0.00024,2e-05,0.00012,0.00044,-0.00022,-0.00032,0.00049,8e-05,2
6525,-0.00024,2e-05,0.00012,0.00044,-0.00022,-0.00032,0.00049,8e-05,2
6526,-0.00024,2e-05,0.00012,0.00044,-0.00022,-0.00032,0.00049,8e-05,2
6527,-0.00024,2e-05,0.00012,0.00044,-0.00022,-0.00032,0.00049,8e-05,2
6528,0.00027,-6e-05,-7e-05,-7e-05,-2e-05,0.00029,7e-05,0.00011,2
6529,-0.00086,1e-05,6e-05,0.00025,6e-05,-0.00012,0.00018,-0.00015,2
6530,0.0001,-2e-05,-5e-05,0.00017,-6e-05,-0.0002,0.00031,0.00013,2
6531,0.0001,-2e-05,-5e-05,0.00017,-6e-05,-0.0002,0.00031,0.00013,2
6532,0.0001,-2e-05,-5e-05,0.00017,-6e-05,-0.0002,0.00031,0.00013,2
6533,0.0001,-2e-05,-5e-05,0.00017,-6e-05,-0.0002,0.00031,0.00013,2
6534,0.0001,-2e-05,-5e-05,0.00017,-6e-05,-0.0002,0.00031,0.00013,2
6535,0.0001,-2e-05,-5e-05,0.00017,-6e-05,-0.0002,0.00031,0.00013,2
6536,0.0001,-2e-05,-5e-05,0.00017,-6e-05,-0.0002,0.00031,0.00013,2
6538,0.0001,-2e-05,-5e-05,0.00017,-6e-05,-0.0002,0.00031,0.00013,2
6539,0.0001,-2e-05,-5e-05,0.00017,-6e-05,-0.0002,0.00031,0.00013,2
6540,0.0001,-2e-05,-5e-05,0.00017,-6e-05,-0.0002,0.00031,0.00013,2
6541,0.0001,-2e-05,-5e-05,0.00017,-6e-05,-0.0002,0.00031,0.00013,2
6542,0.0001,-2e-05,-5e-05,0.00017,-6e-05,-0.0002,0.00031,0.00013,2
6543,0.0001,-2e-05,-5e-05,0.00017,-6e-05,-0.0002,0.00031,0.00013,2
6544,0.0001,-2e-05,-5e-05,0.00017,-6e-05,-0.0002,0.00031,0.00013,2
6545,0.0001,-2e-05,-5e-05,0.00017,-6e-05,-0.0002,0.00031,0.00013,2
6546,0.0001,-2e-05,-5e-05,0.00017,-6e-05,-0.0002,0.00031,0.00013,2
6547,0.0001,-2e-05,-5e-05,0.00017,-6e-05,-0.0002,0.00031,0.00013,2
6548,0.0001,-2e-05,-5e-05,0.00017,-6e-05,-0.0002,0.00031,0.00013,2
6549,0.0001,-2e-05,-5e-05,0.00017,-6e-05,-0.0002,0.00031,0.00013,2
6550,0.00013,-7e-05,-6e-05,-3e-05,0.00026,0.00031,-0.00081,-0.00013,2
6551,-0.00015,-2e-05,-0.00012,-0.00075,-0.0004,-0.00061,0.00046,-6e-05,2
6552,0.00051,-2e-05,-6e-05,7e-05,-0.00025,-8e-05,-0.00015,0.00012,2
6553,0.00051,-2e-05,-6e-05,7e-05,-0.00025,-8e-05,-0.00015,0.00012,2
6554,0.00051,-2e-05,-6e-05,7e-05,-0.00025,-8e-05,-0.00015,0.00012,2
6555,0.00051,-2e-05,-6e-05,7e-05,-0.00025,-8e-05,-0.00015,0.00012,2
6556,0.00051,-2e-05,-6e-05,7e-05,-0.00025,-8e-05,-0.00015,0.00012,2
6557,0.00051,-2e-05,-6e-05,7e-05,-0.00025,-8e-05,-0.00015,0.00012,2
6558,0.00051,-2e-05,-6e-05,7e-05,-0.00025,-8e-05,-0.00015,0.00012,2
6559,0.00051,-2e-05,-6e-05,7e-05,-0.00025,-8e-05,-0.00015,0.00012,2
6560,0.00051,-2e-05,-6e-05,7e-05,-0.00025,-8e-05,-0.00015,0.00012,2
6561,0.00051,-2e-05,-6e-05,7e-05,-0.00025,-8e-05,-0.00015,0.00012,2
6562,0.00051,-2e-05,-6e-05,7e-05,-0.00025,-8e-05,-0.00015,0.00012,2
6563,0.00051,-2e-05,-6e-05,7e-05,-0.00025,-8e-05,-0.00015,0.00012,2
6564,0.00051,-2e-05,-6e-05,7e-05,-0.00025,-8e-05,-0.00015,0.00012,2
6565,-0.00022,-1e-05,0.00012,-0.0001,0.0001,2e-05,-0.00096,-0.00018,2
6566,-0.00022,-1e-05,0.00012,-0.0001,0.0001,2e-05,-0.00096,-0.00018,2
6567,-0.00022,-1e-05,0.00012,-0.0001,0.0001,2e-05,-0.00096,-0.00018,2
6568,-0.00022,-1e-05,0.00012,-0.0001,0.0001,2e-05,-0.00096,-0.00018,2
6569,-0.00022,-1e-05,0.00012,-0.0001,0.0001,2e-05,-0.00096,-0.00018,2
6570,-0.00022,-1e-05,0.00012,-0.0001,0.0001,2e-05,-0.00096,-0.00018,2
6571,-2e-05,-2e-05,-0.00015,-0.00097,-0.00022,-0.00076,8e-05,-7e-05,2
6572,-9e-05,-0.00018,-0.00012,0.00073,0.00032,-0.0007,0.00103,6e-05,2
6573,-9e-05,-0.00018,-0.00012,0.00073,0.00032,-0.0007,0.00103,6e-05,2
6574,-9e-05,-0.00018,-0.00012,0.00073,0.00032,-0.0007,0.00103,6e-05,2
6575,-9e-05,-0.00018,-0.00012,0.00073,0.00032,-0.0007,0.00103,6e-05,2
6576,-9e-05,-0.00018,-0.00012,0.00073,0.00032,-0.0007,0.00103,6e-05,2
6577,-9e-05,-0.00018,-0.00012,0.00073,0.00032,-0.0007,0.00103,6e-05,2
6578,-9e-05,-0.00018,-0.00012,0.00073,0.00032,-0.0007,0.00103,6e-05,2
6579,-9e-05,-0.00018,-0.00012,0.00073,0.00032,-0.0007,0.00103,6e-05,2
6580,-9e-05,-0.00018,-0.00012,0.00073,0.00032,-0.0007,0.00103,6e-05,2
6581,-9e-05,-0.00018,-0.00012,0.00073,0.00032,-0.0007,0.00103,6e-05,2
6582,-9e-05,-0.00018,-0.00012,0.00073,0.00032,-0.0007,0.00103,6e-05,2
6583,-9e-05,-0.00018,-0.00012,0.00073,0.00032,-0.0007,0.00103,6e-05,2
6584,-9e-05,-0.00018,-0.00012,0.00073,0.00032,-0.0007,0.00103,6e-05,2
6585,-9e-05,-0.00018,-0.00012,0.00073,0.00032,-0.0007,0.00103,6e-05,2
6586,-9e-05,-0.00018,-0.00012,0.00073,0.00032,-0.0007,0.00103,6e-05,2
6588,9e-05,-1e-05,1e-05,0.00042,-3e-05,-0.00012,-0.00114,-0.00026,2
6589,-0.00041,7e-05,0.00016,-0.00012,0.00029,6e-05,-0.00107,-0.00021,2
6590,0.00024,-3e-05,-0.00021,-0.00041,8e-05,-0.00064,-7e-05,0.00047,2
6591,0.00024,-3e-05,-0.00021,-0.00041,8e-05,-0.00064,-7e-05,0.00047,2
6592,0.00024,-3e-05,-0.00021,-0.00041,8e-05,-0.00064,-7e-05,0.00047,2
6593,0.00024,-3e-05,-0.00021,-0.00041,8e-05,-0.00064,-7e-05,0.00047,2
6594,0.00024,-3e-05,-0.00021,-0.00041,8e-05,-0.00064,-7e-05,0.00047,2
6595,0.00024,-3e-05,-0.00021,-0.00041,8e-05,-0.00064,-7e-05,0.00047,2
6596,0.00024,-3e-05,-0.00021,-0.00041,8e-05,-0.00064,-7e-05,0.00047,2
6597,0.00024,-3e-05,-0.00021,-0.00041,8e-05,-0.00064,-7e-05,0.00047,2
6598,0.00024,-3e-05,-0.00021,-0.00041,8e-05,-0.00064,-7e-05,0.00047,2
6599,0.00024,-3e-05,-0.00021,-0.00041,8e-05,-0.00064,-7e-05,0.00047,2
6600,0.00024,-3e-05,-0.00021,-0.00041,8e-05,-0.00064,-7e-05,0.00047,2
6601,0.00024,-3e-05,-0.00021,-0.00041,8e-05,-0.00064,-7e-05,0.00047,2
6602,0.00024,-3e-05,-0.00021,-0.00041,8e-05,-0.00064,-7e-05,0.00047,2
6603,0.00024,-3e-05,-0.00021,-0.00041,8e-05,-0.00064,-7e-05,0.00047,2
6604,0.00024,-3e-05,-0.00021,-0.00041,8e-05,-0.00064,-7e-05,0.00047,2
6605,0.00024,-3e-05,-0.00021,-0.00041,8e-05,-0.00064,-7e-05,0.00047,2
6606,0.00024,-3e-05,-0.00021,-0.00041,8e-05,-0.00064,-7e-05,0.00047,2
6607,0.00024,-3e-05,-0.00021,-0.00041,8e-05,-0.00064,-7e-05,0.00047,2
6608,0.00024,-3e-05,-0.00021,-0.00041,8e-05,-0.00064,-7e-05,0.00047,2
6609,-0.00012,-8e-05,-1e-05,-3e-05,0.00018,0.00032,0.00013,-0.00036,2
6610,-0.00031,-0.0001,-0.00019,-0.00075,-0.00021,-0.00026,0.00016,0.0002,2
6611,-0.00031,-0.0001,-0.00019,-0.00075,-0.00021,-0.00026,0.00016,0.0002,2
6612,-0.00031,-0.0001,-0.00019,-0.00075,-0.00021,-0.00026,0.00016,0.0002,2
6613,-0.00031,-0.0001,-0.00019,-0.00075,-0.00021,-0.00026,0.00016,0.0002,2
6614,-0.00031,-0.0001,-0.00019,-0.00075,-0.00021,-0.00026,0.00016,0.0002,2
6615,-0.00031,-0.0001,-0.00019,-0.00075,-0.00021,-0.00026,0.00016,0.0002,2
6616,-0.00031,-0.0001,-0.00019,-0.00075,-0.00021,-0.00026,0.00016,0.0002,2
6617,-0.00031,-0.0001,-0.00019,-0.00075,-0.00021,-0.00026,0.00016,0.0002,2
6618,-0.0001,3e-05,0.00012,-0.00054,-0.00019,0.00013,0.00064,-0.00019,2
6619,-0.0001,3e-05,0.00012,-0.00054,-0.00019,0.00013,0.00064,-0.00019,2
6620,-0.0001,3e-05,0.00012,-0.00054,-0.00019,0.00013,0.00064,-0.00019,2
6621,-0.0001,3e-05,0.00012,-0.00054,-0.00019,0.00013,0.00064,-0.00019,2
6622,-0.0001,3e-05,0.00012,-0.00054,-0.00019,0.00013,0.00064,-0.00019,2
6623,-0.0001,3e-05,0.00012,-0.00054,-0.00019,0.00013,0.00064,-0.00019,2
6624,-0.0001,3e-05,0.00012,-0.00054,-0.00019,0.00013,0.00064,-0.00019,2
6625,-0.00024,-0.00011,-7e-05,-0.00109,9e-05,-0.00034,-0.00077,-0.00026,2
6626,-0.00024,-0.00011,-7e-05,-0.00109,9e-05,-0.00034,-0.00077,-0.00026,2
6627,-0.00024,-0.00011,-7e-05,-0.00109,9e-05,-0.00034,-0.00077,-0.00026,2
6628,-0.00024,-0.00011,-7e-05,-0.00109,9e-05,-0.00034,-0.00077,-0.00026,2
6629,-0.00024,-0.00011,-7e-05,-0.00109,9e-05,-0.00034,-0.00077,-0.00026,2
6630,-0.00024,-0.00011,-7e-05,-0.00109,9e-05,-0.00034,-0.00077,-0.00026,2
6631,0.00033,8e-05,1e-05,0.00053,-0.00015,-0.00024,-0.00098,-0.00025,2
6632,5e-05,-5e-05,-2e-05,-0.00024,0.00026,0.00092,0.00018,8e-05,2
6633,5e-05,-5e-05,-2e-05,-0.00024,0.00026,0.00092,0.00018,8e-05,2
6634,5e-05,-5e-05,-2e-05,-0.00024,0.00026,0.00092,0.00018,8e-05,2
6635,5e-05,-5e-05,-2e-05,-0.00024,0.00026,0.00092,0.00018,8e-05,2
6636,5e-05,-5e-05,-2e-05,-0.00024,0.00026,0.00092,0.00018,8e-05,2
6638,5e-05,-5e-05,-2e-05,-0.00024,0.00026,0.00092,0.00018,8e-05,2
6639,5e-05,-5e-05,-2e-05,-0.00024,0.00026,0.00092,0.00018,8e-05,2
6640,5e-05,-5e-05,-2e-05,-0.00024,0.00026,0.00092,0.00018,8e-05,2
6641,5e-05,-5e-05,-2e-05,-0.00024,0.00026,0.00092,0.00018,8e-05,2
6642,5e-05,-5e-05,-2e-05,-0.00024,0.00026,0.00092,0.00018,8e-05,2
6643,5e-05,-5e-05,-2e-05,-0.00024,0.00026,0.00092,0.00018,8e-05,2
6644,5e-05,-5e-05,-2e-05,-0.00024,0.00026,0.00092,0.00018,8e-05,2
6645,5e-05,-5e-05,-2e-05,-0.00024,0.00026,0.00092,0.00018,8e-05,2
6646,5e-05,-5e-05,-2e-05,-0.00024,0.00026,0.00092,0.00018,8e-05,2
6647,5e-05,-5e-05,-2e-05,-0.00024,0.00026,0.00092,0.00018,8e-05,2
6648,5e-05,-5e-05,-2e-05,-0.00024,0.00026,0.00092,0.00018,8e-05,2
6649,5e-05,-5e-05,-2e-05,-0.00024,0.00026,0.00092,0.00018,8e-05,2
6650,5e-05,-5e-05,-2e-05,-0.00024,0.00026,0.00092,0.00018,8e-05,2
6651,5e-05,-5e-05,-2e-05,-0.00024,0.00026,0.00092,0.00018,8e-05,2
6652,5e-05,-5e-05,-2e-05,-0.00024,0.00026,0.00092,0.00018,8e-05,2
6653,5e-05,-5e-05,-2e-05,-0.00024,0.00026,0.00092,0.00018,8e-05,2
6654,5e-05,-5e-05,-2e-05,-0.00024,0.00026,0.00092,0.00018,8e-05,2
6655,-2e-05,-0.00012,-0.00013,0.00025,-0.00017,-0.00093,-3e-05,-2e-05,2
6656,2e-05,2e-05,7e-05,4e-05,-6e-05,0.0006,0.00017,4e-05,2
6657,-9e-05,8e-05,-0.00011,-0.00082,-0.00013,0.00113,0.00062,2e-05,2
6658,-9e-05,8e-05,-0.00011,-0.00082,-0.00013,0.00113,0.00062,2e-05,2
6659,-9e-05,8e-05,-0.00011,-0.00082,-0.00013,0.00113,0.00062,2e-05,2
6660,-9e-05,8e-05,-0.00011,-0.00082,-0.00013,0.00113,0.00062,2e-05,2
6661,-9e-05,8e-05,-0.00011,-0.00082,-0.00013,0.00113,0.00062,2e-05,2
6662,-9e-05,8e-05,-0.00011,-0.00082,-0.00013,0.00113,0.00062,2e-05,2
6663,-9e-05,8e-05,-0.00011,-0.00082,-0.00013,0.00113,0.00062,2e-05,2
6664,-9e-05,8e-05,-0.00011,-0.00082,-0.00013,0.00113,0.00062,2e-05,2
6665,-9e-05,8e-05,-0.00011,-0.00082,-0.00013,0.00113,0.00062,2e-05,2
6666,-9e-05,8e-05,-0.00011,-0.00082,-0.00013,0.00113,0.00062,2e-05,2
6667,-9e-05,8e-05,-0.00011,-0.00082,-0.00013,0.00113,0.00062,2e-05,2
6668,-9e-05,8e-05,-0.00011,-0.00082,-0.00013,0.00113,0.00062,2e-05,2
6669,-9e-05,8e-05,-0.00011,-0.00082,-0.00013,0.00113,0.00062,2e-05,2
6670,-0.00024,-0.00014,-3e-05,0.00077,0.00016,-0.00098,-0.00041,0.00013,2
6671,2e-05,4e-05,9e-05,-0.00092,-3e-05,-0.0004,0.00063,-0.00032,2
6672,0.00019,3e-05,-8e-05,0.00043,0.00021,0.00041,-0.00127,3e-05,2
6673,0.00019,3e-05,-8e-05,0.00043,0.00021,0.00041,-0.00127,3e-05,2
6674,0.00019,3e-05,-8e-05,0.00043,0.00021,0.00041,-0.00127,3e-05,2
6675,0.00019,3e-05,-8e-05,0.00043,0.00021,0.00041,-0.00127,3e-05,2
6676,0.00019,3e-05,-8e-05,0.00043,0.00021,0.00041,-0.00127,3e-05,2
6677,0.00019,3e-05,-8e-05,0.00043,0.00021,0.00041,-0.00127,3e-05,2
6678,0.00019,3e-05,-8e-05,0.00043,0.00021,0.00041,-0.00127,3e-05,2
6679,0.00019,3e-05,-8e-05,0.00043,0.00021,0.00041,-0.00127,3e-05,2
6680,0.00019,3e-05,-8e-05,0.00043,0.00021,0.00041,-0.00127,3e-05,2
6681,0.00019,3e-05,-8e-05,0.00043,0.00021,0.00041,-0.00127,3e-05,2
6682,0.00019,3e-05,-8e-05,0.00043,0.00021,0.00041,-0.00127,3e-05,2
6683,0.00019,3e-05,-8e-05,0.00043,0.00021,0.00041,-0.00127,3e-05,2
6684,0.00035,0.00015,2e-05,0.00077,0.00016,-0.00031,0.00061,0.00021,2
6685,0.00035,0.00015,2e-05,0.00077,0.00016,-0.00031,0.00061,0.00021,2
6686,0.00035,0.00015,2e-05,0.00077,0.00016,-0.00031,0.00061,0.00021,2
6688,0.00035,0.00015,2e-05,0.00077,0.00016,-0.00031,0.00061,0.00021,2
6689,0.00035,0.00015,2e-05,0.00077,0.00016,-0.00031,0.00061,0.00021,2
6690,0.00035,0.00015,2e-05,0.00077,0.00016,-0.00031,0.00061,0.00021,2
6691,0.00035,0.00015,2e-05,0.00077,0.00016,-0.00031,0.00061,0.00021,2
6692,0.00035,0.00015,2e-05,0.00077,0.00016,-0.00031,0.00061,0.00021,2
6693,0.00034,4e-05,-0.00017,0.00021,-0.00016,0.00034,0.00028,3e-05,2
6694,0.00034,4e-05,-0.00017,0.00021,-0.00016,0.00034,0.00028,3e-05,2
6695,0.00034,4e-05,-0.00017,0.00021,-0.00016,0.00034,0.00028,3e-05,2
6696,0.00034,4e-05,-0.00017,0.00021,-0.00016,0.00034,0.00028,3e-05,2
6697,0.00034,4e-05,-0.00017,0.00021,-0.00016,0.00034,0.00028,3e-05,2
6698,0.00034,4e-05,-0.00017,0.00021,-0.00016,0.00034,0.00028,3e-05,2
6699,0.00034,4e-05,-0.00017,0.00021,-0.00016,0.00034,0.00028,3e-05,2
6700,0.00034,4e-05,-0.00017,0.00021,-0.00016,0.00034,0.00028,3e-05,2
6701,0.00034,4e-05,-0.00017,0.00021,-0.00016,0.00034,0.00028,3e-05,2
6702,0.00034,4e-05,-0.00017,0.00021,-0.00016,0.00034,0.00028,3e-05,2
6703,0.00034,4e-05,-0.00017,0.00021,-0.00016,0.00034,0.00028,3e-05,2
6704,0.00034,4e-05,-0.00017,0.00021,-0.00016,0.00034,0.00028,3e-05,2
6705,0.00034,4e-05,-0.00017,0.00021,-0.00016,0.00034,0.00028,3e-05,2
6706,0.00034,4e-05,-0.00017,0.00021,-0.00016,0.00034,0.00028,3e-05,2
6707,0.00034,4e-05,-0.00017,0.00021,-0.00016,0.00034,0.00028,3e-05,2
6708,-0.00023,-0.00012,5e-05,0.00127,0.00054,0.0001,-0.00045,-3e-05,2
6709,0.00011,-5e-05,-0.00016,-0.00029,-9e-05,-0.00085,2e-05,9e-05,2
6710,-0.00025,1e-05,0.00016,-0.0003,-0.00028,0.0004,0.0003,-0.0003,2
6711,-0.00025,1e-05,0.00016,-0.0003,-0.00028,0.0004,0.0003,-0.0003,2
6712,-0.00025,1e-05,0.00016,-0.0003,-0.00028,0.0004,0.0003,-0.0003,2
6713,-0.00025,1e-05,0.00016,-0.0003,-0.00028,0.0004,0.0003,-0.0003,2
6714,-0.00025,1e-05,0.00016,-0.0003,-0.00028,0.0004,0.0003,-0.0003,2
6715,-0.00025,1e-05,0.00016,-0.0003,-0.00028,0.0004,0.0003,-0.0003,2
6716,-0.00025,1e-05,0.00016,-0.0003,-0.00028,0.0004,0.0003,-0.0003,2
6717,-0.00025,1e-05,0.00016,-0.0003,-0.00028,0.0004,0.0003,-0.0003,2
6718,-0.00025,1e-05,0.00016,-0.0003,-0.00028,0.0004,0.0003,-0.0003,2
6719,-0.00025,1e-05,0.00016,-0.0003,-0.00028,0.0004,0.0003,-0.0003,2
6720,-0.00025,1e-05,0.00016,-0.0003,-0.00028,0.0004,0.0003,-0.0003,2
6721,-0.00025,1e-05,0.00016,-0.0003,-0.00028,0.0004,0.0003,-0.0003,2
6722,-0.00025,1e-05,0.00016,-0.0003,-0.00028,0.0004,0.0003,-0.0003,2
6723,-0.00025,1e-05,0.00016,-0.0003,-0.00028,0.0004,0.0003,-0.0003,2
6724,-0.00025,1e-05,0.00016,-0.0003,-0.00028,0.0004,0.0003,-0.0003,2
6725,-0.00025,1e-05,0.00016,-0.0003,-0.00028,0.0004,0.0003,-0.0003,2
6726,-0.00025,1e-05,0.00016,-0.0003,-0.00028,0.0004,0.0003,-0.0003,2
6727,-0.00025,1e-05,0.00016,-0.0003,-0.00028,0.0004,0.0003,-0.0003,2
6728,-0.00025,1e-05,0.00016,-0.0003,-0.00028,0.0004,0.0003,-0.0003,2
6729,-0.00025,1e-05,0.00016,-0.0003,-0.00028,0.0004,0.0003,-0.0003,2
6730,-8e-05,-6e-05,-6e-05,0.00033,-0.00013,-0.00017,-0.00029,-0.00014,2
6731,-0.00015,-4e-05,-3e-05,-0.00015,-0.0001,-0.00017,0.00019,-0.00037,2
6732,-0.00033,-4e-05,7e-05,1e-05,0.00039,-0.00102,-0.00049,-0.00019,2
6733,-0.00033,-4e-05,7e-05,1e-05,0.00039,-0.00102,-0.00049,-0.00019,2
6734,-0.00033,-4e-05,7e-05,1e-05,0.00039,-0.00102,-0.00049,-0.00019,2
6735,-0.00033,-4e-05,7e-05,1e-05,0.00039,-0.00102,-0.00049,-0.00019,2
6736,-0.00033,-4e-05,7e-05,1e-05,0.00039,-0.00102,-0.00049,-0.00019,2
6738,-0.00033,-4e-05,7e-05,1e-05,0.00039,-0.00102,-0.00049,-0.00019,2
6739,-0.00033,-4e-05,7e-05,1e-05,0.00039,-0.00102,-0.00049,-0.00019,2
6740,-0.00033,-4e-05,7e-05,1e-05,0.00039,-0.00102,-0.00049,-0.00019,2
6741,-0.00033,-4e-05,7e-05,1e-05,0.00039,-0.00102,-0.00049,-0.00019,2
6742,-0.00033,-4e-05,7e-05,1e-05,0.00039,-0.00102,-0.00049,-0.00019,2
6743,-0.00033,-4e-05,7e-05,1e-05,0.00039,-0.00102,-0.00049,-0.00019,2
6744,-0.00011,-0.00011,-0.0001,-0.00024,-5e-05,-0.00026,-0.00019,0.00027,2
6745,-0.00011,-0.00011,-0.0001,-0.00024,-5e-05,-0.00026,-0.00019,0.00027,2
6746,-0.00011,-0.00011,-0.0001,-0.00024,-5e-05,-0.00026,-0.00019,0.00027,2
6747,-0.00011,-0.00011,-0.0001,-0.00024,-5e-05,-0.00026,-0.00019,0.00027,2
6748,-0.00011,-0.00011,-0.0001,-0.00024,-5e-05,-0.00026,-0.00019,0.00027,2
6749,-0.00011,-0.00011,-0.0001,-0.00024,-5e-05,-0.00026,-0.00019,0.00027,2
6750,-0.00011,-0.00011,-0.0001,-0.00024,-5e-05,-0.00026,-0.00019,0.00027,2
6751,-0.00011,-0.00011,-0.0001,-0.00024,-5e-05,-0.00026,-0.00019,0.00027,2
6752,-0.00011,-0.00011,-0.0001,-0.00024,-5e-05,-0.00026,-0.00019,0.00027,2
6753,0.00025,0.0002,0.00015,-0.00079,2e-05,0.00014,-0.00018,-1e-05,2
6754,0.00025,0.0002,0.00015,-0.00079,2e-05,0.00014,-0.00018,-1e-05,2
6755,0.00025,0.0002,0.00015,-0.00079,2e-05,0.00014,-0.00018,-1e-05,2
6756,0.00025,0.0002,0.00015,-0.00079,2e-05,0.00014,-0.00018,-1e-05,2
6757,0.00025,0.0002,0.00015,-0.00079,2e-05,0.00014,-0.00018,-1e-05,2
6758,0.00025,0.0002,0.00015,-0.00079,2e-05,0.00014,-0.00018,-1e-05,2
6759,0.00025,0.0002,0.00015,-0.00079,2e-05,0.00014,-0.00018,-1e-05,2
6760,0.00025,0.0002,0.00015,-0.00079,2e-05,0.00014,-0.00018,-1e-05,2
6761,0.00025,0.0002,0.00015,-0.00079,2e-05,0.00014,-0.00018,-1e-05,2
6762,0.00025,0.0002,0.00015,-0.00079,2e-05,0.00014,-0.00018,-1e-05,2
6763,0.00025,0.0002,0.00015,-0.00079,2e-05,0.00014,-0.00018,-1e-05,2
6764,0.00025,0.0002,0.00015,-0.00079,2e-05,0.00014,-0.00018,-1e-05,2
6765,0.00025,0.0002,0.00015,-0.00079,2e-05,0.00014,-0.00018,-1e-05,2
6766,0.00025,0.0002,0.00015,-0.00079,2e-05,0.00014,-0.00018,-1e-05,2
6767,0.00025,0.0002,0.00015,-0.00079,2e-05,0.00014,-0.00018,-1e-05,2
6768,0.00014,3e-05,3e-05,0.00017,0.00012,-1e-05,0.0008,0.00026,2
6769,0.00014,3e-05,3e-05,0.00017,0.00012,-1e-05,0.0008,0.00026,2
6770,0.00014,3e-05,3e-05,0.00017,0.00012,-1e-05,0.0008,0.00026,2
6771,0.00014,3e-05,3e-05,0.00017,0.00012,-1e-05,0.0008,0.00026,2
6772,0.00014,3e-05,3e-05,0.00017,0.00012,-1e-05,0.0008,0.00026,2
6773,0.00014,3e-05,3e-05,0.00017,0.00012,-1e-05,0.0008,0.00026,2
6774,-0.0002,-4e-05,0.0001,0.0008,0.0002,0.0006,-0.00012,8e-05,2
6775,-0.0002,-4e-05,0.0001,0.0008,0.0002,0.0006,-0.00012,8e-05,2
6776,-0.0002,-4e-05,0.0001,0.0008,0.0002,0.0006,-0.00012,8e-05,2
6777,-0.0002,-4e-05,0.0001,0.0008,0.0002,0.0006,-0.00012,8e-05,2
6778,-0.0002,-4e-05,0.0001,0.0008,0.0002,0.0006,-0.00012,8e-05,2
6779,-0.0002,-4e-05,0.0001,0.0008,0.0002,0.0006,-0.00012,8e-05,2
6780,-0.0002,-4e-05,0.0001,0.0008,0.0002,0.0006,-0.00012,8e-05,2
6781,-0.0002,-4e-05,0.0001,0.0008,0.0002,0.0006,-0.00012,8e-05,2
6782,-0.0002,-4e-05,0.0001,0.0008,0.0002,0.0006,-0.00012,8e-05,2
6783,-0.0002,-4e-05,0.0001,0.0008,0.0002,0.0006,-0.00012,8e-05,2
6784,-0.0002,-4e-05,0.0001,0.0008,0.0002,0.0006,-0.00012,8e-05,2
6785,-0.0002,-4e-05,0.0001,0.0008,0.0002,0.0006,-0.00012,8e-05,2
6786,-0.0002,-4e-05,0.0001,0.0008,0.0002,0.0006,-0.00012,8e-05,2
6788,-0.0002,-4e-05,0.0001,0.0008,0.0002,0.0006,-0.00012,8e-05,2
6789,-0.0002,-4e-05,0.0001,0.0008,0.0002,0.0006,-0.00012,8e-05,2
6790,-0.0002,-4e-05,0.0001,0.0008,0.0002,0.0006,-0.00012,8e-05,2
6791,-7e-05,5e-05,5e-05,0.00116,0.00024,3e-05,-0.00063,-0.00018,2
6792,-7e-05,5e-05,5e-05,0.00116,0.00024,3e-05,-0.00063,-0.00018,2
6793,0.00013,2e-05,-2e-05,-3e-05,0.00032,0.00014,-0.00068,6e-05,2
6794,0.00013,2e-05,-2e-05,-3e-05,0.00032,0.00014,-0.00068,6e-05,2
6795,0.00013,2e-05,-2e-05,-3e-05,0.00032,0.00014,-0.00068,6e-05,2
6796,0.00013,2e-05,-2e-05,-3e-05,0.00032,0.00014,-0.00068,6e-05,2
6797,0.00013,2e-05,-2e-05,-3e-05,0.00032,0.00014,-0.00068,6e-05,2
6798,0.00013,2e-05,-2e-05,-3e-05,0.00032,0.00014,-0.00068,6e-05,2
6799,0.00013,2e-05,-2e-05,-3e-05,0.00032,0.00014,-0.00068,6e-05,2
6800,0.00013,2e-05,-2e-05,-3e-05,0.00032,0.00014,-0.00068,6e-05,2
6801,0.00013,2e-05,-2e-05,-3e-05,0.00032,0.00014,-0.00068,6e-05,2
6802,0.00013,2e-05,-2e-05,-3e-05,0.00032,0.00014,-0.00068,6e-05,2
6803,0.00013,2e-05,-2e-05,-3e-05,0.00032,0.00014,-0.00068,6e-05,2
6804,-5e-05,-6e-05,0.0001,0.00088,8e-05,0.00042,0.00056,6e-05,2
6805,-5e-05,-6e-05,0.0001,0.00088,8e-05,0.00042,0.00056,6e-05,2
6806,-5e-05,-6e-05,0.0001,0.00088,8e-05,0.00042,0.00056,6e-05,2
6807,-5e-05,-6e-05,0.0001,0.00088,8e-05,0.00042,0.00056,6e-05,2
6808,-5e-05,-6e-05,0.0001,0.00088,8e-05,0.00042,0.00056,6e-05,2
6809,-5e-05,-6e-05,0.0001,0.00088,8e-05,0.00042,0.00056,6e-05,2
6810,-5e-05,-6e-05,0.0001,0.00088,8e-05,0.00042,0.00056,6e-05,2
6811,-5e-05,-6e-05,0.0001,0.00088,8e-05,0.00042,0.00056,6e-05,2
6812,-5e-05,-6e-05,0.0001,0.00088,8e-05,0.00042,0.00056,6e-05,2
6813,-0.00048,-0.00017,6e-05,-0.0001,-0.0001,-0.00068,-0.00117,-0.00035,2
6814,-0.00048,-0.00017,6e-05,-0.0001,-0.0001,-0.00068,-0.00117,-0.00035,2
6815,-0.00048,-0.00017,6e-05,-0.0001,-0.0001,-0.00068,-0.00117,-0.00035,2
6816,-0.00048,-0.00017,6e-05,-0.0001,-0.0001,-0.00068,-0.00117,-0.00035,2
6817,-0.00048,-0.00017,6e-05,-0.0001,-0.0001,-0.00068,-0.00117,-0.00035,2
6818,-0.00048,-0.00017,6e-05,-0.0001,-0.0001,-0.00068,-0.00117,-0.00035,2
6819,-0.00048,-0.00017,6e-05,-0.0001,-0.0001,-0.00068,-0.00117,-0.00035,2
6820,-0.00048,-0.00017,6e-05,-0.0001,-0.0001,-0.00068,-0.00117,-0.00035,2
6821,-0.00048,-0.00017,6e-05,-0.0001,-0.0001,-0.00068,-0.00117,-0.00035,2
6822,-0.00048,-0.00017,6e-05,-0.0001,-0.0001,-0.00068,-0.00117,-0.00035,2
6823,-0.00048,-0.00017,6e-05,-0.0001,-0.0001,-0.00068,-0.00117,-0.00035,2
6824,-0.00048,-0.00017,6e-05,-0.0001,-0.0001,-0.00068,-0.00117,-0.00035,2
6825,-0.00048,-0.00017,6e-05,-0.0001,-0.0001,-0.00068,-0.00117,-0.00035,2
6826,-0.00048,-0.00017,6e-05,-0.0001,-0.0001,-0.00068,-0.00117,-0.00035,2
6827,-0.00048,-0.00017,6e-05,-0.0001,-0.0001,-0.00068,-0.00117,-0.00035,2
6828,0.0005,0.00016,5e-05,-0.0004,-0.00033,0.00091,3e-05,0.00043,2
6829,0.0005,0.00016,5e-05,-0.0004,-0.00033,0.00091,3e-05,0.00043,2
6830,0.00063,6e-05,-0.00013,0.00017,-0.00022,-0.00113,0.00067,0.00031,2
6831,0.00063,6e-05,-0.00013,0.00017,-0.00022,-0.00113,0.00067,0.00031,2
6832,0.00063,6e-05,-0.00013,0.00017,-0.00022,-0.00113,0.00067,0.00031,2
6833,0.00063,6e-05,-0.00013,0.00017,-0.00022,-0.00113,0.00067,0.00031,2
6834,0.00063,6e-05,-0.00013,0.00017,-0.00022,-0.00113,0.00067,0.00031,2
6835,0.00063,6e-05,-0.00013,0.00017,-0.00022,-0.00113,0.00067,0.00031,2
6836,0.00063,6e-05,-0.00013,0.00017,-0.00022,-0.00113,0.00067,0.00031,2
6838,0.00063,6e-05,-0.00013,0.00017,-0.00022,-0.00113,0.00067,0.00031,2
6839,0.00063,6e-05,-0.00013,0.00017,-0.00022,-0.00113,0.00067,0.00031,2
6840,0.00063,6e-05,-0.00013,0.00017,-0.00022,-0.00113,0.00067,0.00031,2
6841,0.00063,6e-05,-0.00013,0.00017,-0.00022,-0.00113,0.00067,0.00031,2
6842,0.00063,6e-05,-0.00013,0.00017,-0.00022,-0.00113,0.00067,0.00031,2
6843,0.00063,6e-05,-0.00013,0.00017,-0.00022,-0.00113,0.00067,0.00031,2
6844,0.00063,6e-05,-0.00013,0.00017,-0.00022,-0.00113,0.00067,0.00031,2
6845,0.00063,6e-05,-0.00013,0.00017,-0.00022,-0.00113,0.00067,0.00031,2
6846,0.00063,6e-05,-0.00013,0.00017,-0.00022,-0.00113,0.00067,0.00031,2
6847,0.00063,6e-05,-0.00013,0.00017,-0.00022,-0.00113,0.00067,0.00031,2
6848,0.00063,6e-05,-0.00013,0.00017,-0.00022,-0.00113,0.00067,0.00031,2
6849,0.00063,6e-05,-0.00013,0.00017,-0.00022,-0.00113,0.00067,0.00031,2
6850,0.0001,0.00011,-8e-05,-0.00078,-0.00059,0.00035,-0.00015,0.00018,2
6851,0.0001,0.00011,-8e-05,-0.00078,-0.00059,0.00035,-0.00015,0.00018,2
6852,0.00022,3e-05,0.0,-0.00034,-0.00063,0.00062,-0.00014,0.00027,2
6853,0.00022,3e-05,0.0,-0.00034,-0.00063,0.00062,-0.00014,0.00027,2
6854,0.00022,3e-05,0.0,-0.00034,-0.00063,0.00062,-0.00014,0.00027,2
6855,0.00022,3e-05,0.0,-0.00034,-0.00063,0.00062,-0.00014,0.00027,2
6856,0.00022,3e-05,0.0,-0.00034,-0.00063,0.00062,-0.00014,0.00027,2
6857,0.00022,3e-05,0.0,-0.00034,-0.00063,0.00062,-0.00014,0.00027,2
6858,0.00022,3e-05,0.0,-0.00034,-0.00063,0.00062,-0.00014,0.00027,2
6859,0.00022,3e-05,0.0,-0.00034,-0.00063,0.00062,-0.00014,0.00027,2
6860,0.00022,3e-05,0.0,-0.00034,-0.00063,0.00062,-0.00014,0.00027,2
6861,0.00022,3e-05,0.0,-0.00034,-0.00063,0.00062,-0.00014,0.00027,2
6862,0.00022,3e-05,0.0,-0.00034,-0.00063,0.00062,-0.00014,0.00027,2
6863,0.00022,3e-05,0.0,-0.00034,-0.00063,0.00062,-0.00014,0.00027,2
6864,-0.00057,-0.0002,-0.00023,-0.00125,-9e-05,-0.0007,-0.0011,-0.0006,2
6865,-0.00057,-0.0002,-0.00023,-0.00125,-9e-05,-0.0007,-0.0011,-0.0006,2
6866,-0.00057,-0.0002,-0.00023,-0.00125,-9e-05,-0.0007,-0.0011,-0.0006,2
6867,-0.00057,-0.0002,-0.00023,-0.00125,-9e-05,-0.0007,-0.0011,-0.0006,2
6868,-0.00057,-0.0002,-0.00023,-0.00125,-9e-05,-0.0007,-0.0011,-0.0006,2
6869,-0.00057,-0.0002,-0.00023,-0.00125,-9e-05,-0.0007,-0.0011,-0.0006,2
6870,-0.00057,-0.0002,-0.00023,-0.00125,-9e-05,-0.0007,-0.0011,-0.0006,2
6871,-0.00057,-0.0002,-0.00023,-0.00125,-9e-05,-0.0007,-0.0011,-0.0006,2
6872,-0.00057,-0.0002,-0.00023,-0.00125,-9e-05,-0.0007,-0.0011,-0.0006,2
6873,-0.00057,-0.0002,-0.00023,-0.00125,-9e-05,-0.0007,-0.0011,-0.0006,2
6874,-0.00057,-0.0002,-0.00023,-0.00125,-9e-05,-0.0007,-0.0011,-0.0006,2
6875,-0.00057,-0.0002,-0.00023,-0.00125,-9e-05,-0.0007,-0.0011,-0.0006,2
6876,-0.00057,-0.0002,-0.00023,-0.00125,-9e-05,-0.0007,-0.0011,-0.0006,2
6877,-0.00057,-0.0002,-0.00023,-0.00125,-9e-05,-0.0007,-0.0011,-0.0006,2
6878,-0.00057,-0.0002,-0.00023,-0.00125,-9e-05,-0.0007,-0.0011,-0.0006,2
6879,-0.00057,-0.0002,-0.00023,-0.00125,-9e-05,-0.0007,-0.0011,-0.0006,2
6880,0.00097,4e-05,-4e-05,0.00079,-3e-05,0.00067,0.00058,0.00055,2
6881,-0.00041,-0.00013,-8e-05,7e-05,-1e-05,0.00041,-0.00073,-0.00023,2
6882,-0.00041,-0.00013,-8e-05,7e-05,-1e-05,0.00041,-0.00073,-0.00023,2
6883,-0.00041,-0.00013,-8e-05,7e-05,-1e-05,0.00041,-0.00073,-0.00023,2
6884,-0.00041,-0.00013,-8e-05,7e-05,-1e-05,0.00041,-0.00073,-0.00023,2
6885,-0.00041,-0.00013,-8e-05,7e-05,-1e-05,0.00041,-0.00073,-0.00023,2
6886,-0.00041,-0.00013,-8e-05,7e-05,-1e-05,0.00041,-0.00073,-0.00023,2
6888,-0.00023,-6e-05,1e-05,-0.00053,1e-05,-9e-05,0.00019,-0.00028,2
6889,-0.00023,-6e-05,1e-05,-0.00053,1e-05,-9e-05,0.00019,-0.00028,2
6890,-0.00023,-6e-05,1e-05,-0.00053,1e-05,-9e-05,0.00019,-0.00028,2
6891,-0.00023,-6e-05,1e-05,-0.00053,1e-05,-9e-05,0.00019,-0.00028,2
6892,-0.00023,-6e-05,1e-05,-0.00053,1e-05,-9e-05,0.00019,-0.00028,2
6893,-0.00023,-6e-05,1e-05,-0.00053,1e-05,-9e-05,0.00019,-0.00028,2
6894,-0.00023,-6e-05,1e-05,-0.00053,1e-05,-9e-05,0.00019,-0.00028,2
6895,-0.00023,-6e-05,1e-05,-0.00053,1e-05,-9e-05,0.00019,-0.00028,2
6896,-0.00023,2e-05,0.00016,0.0005,0.00068,0.0005,-0.00019,-0.00021,2
6897,-0.00023,2e-05,0.00016,0.0005,0.00068,0.0005,-0.00019,-0.00021,2
6898,-0.00023,2e-05,0.00016,0.0005,0.00068,0.0005,-0.00019,-0.00021,2
6899,-0.00023,2e-05,0.00016,0.0005,0.00068,0.0005,-0.00019,-0.00021,2
6900,-0.00023,2e-05,0.00016,0.0005,0.00068,0.0005,-0.00019,-0.00021,2
6901,-0.00023,2e-05,0.00016,0.0005,0.00068,0.0005,-0.00019,-0.00021,2
6902,-0.00023,2e-05,0.00016,0.0005,0.00068,0.0005,-0.00019,-0.00021,2
6903,-0.00023,2e-05,0.00016,0.0005,0.00068,0.0005,-0.00019,-0.00021,2
6904,-0.00023,2e-05,0.00016,0.0005,0.00068,0.0005,-0.00019,-0.00021,2
6905,-0.00023,2e-05,0.00016,0.0005,0.00068,0.0005,-0.00019,-0.00021,2
6906,-0.00023,2e-05,0.00016,0.0005,0.00068,0.0005,-0.00019,-0.00021,2
6907,-0.00023,2e-05,0.00016,0.0005,0.00068,0.0005,-0.00019,-0.00021,2
6908,-0.00023,2e-05,0.00016,0.0005,0.00068,0.0005,-0.00019,-0.00021,2
6909,-0.00023,2e-05,0.00016,0.0005,0.00068,0.0005,-0.00019,-0.00021,2
6910,9e-05,0.0,-3e-05,-0.00046,-0.00061,-0.00071,-0.00051,-0.00018,2
6911,0.00019,-1e-05,-0.00013,-0.00045,0.0001,-0.00031,-0.00019,-8e-05,2
6912,0.00019,-1e-05,-0.00013,-0.00045,0.0001,-0.00031,-0.00019,-8e-05,2
6913,0.00019,-1e-05,-0.00013,-0.00045,0.0001,-0.00031,-0.00019,-8e-05,2
6914,0.00019,-1e-05,-0.00013,-0.00045,0.0001,-0.00031,-0.00019,-8e-05,2
6915,0.00019,-1e-05,-0.00013,-0.00045,0.0001,-0.00031,-0.00019,-8e-05,2
6916,0.00019,-1e-05,-0.00013,-0.00045,0.0001,-0.00031,-0.00019,-8e-05,2
6917,0.00019,-1e-05,-0.00013,-0.00045,0.0001,-0.00031,-0.00019,-8e-05,2
6918,0.00038,9e-05,-6e-05,0.00068,0.0001,0.0006,0.00127,5e-05,2
6919,0.00038,9e-05,-6e-05,0.00068,0.0001,0.0006,0.00127,5e-05,2
6920,0.00038,9e-05,-6e-05,0.00068,0.0001,0.0006,0.00127,5e-05,2
6921,0.00038,9e-05,-6e-05,0.00068,0.0001,0.0006,0.00127,5e-05,2
6922,0.00038,9e-05,-6e-05,0.00068,0.0001,0.0006,0.00127,5e-05,2
6923,0.00038,9e-05,-6e-05,0.00068,0.0001,0.0006,0.00127,5e-05,2
6924,0.00022,0.0001,9e-05,0.00026,0.00035,-0.00084,-0.0004,0.00027,2
6925,0.00022,0.0001,9e-05,0.00026,0.00035,-0.00084,-0.0004,0.00027,2
6926,0.00022,0.0001,9e-05,0.00026,0.00035,-0.00084,-0.0004,0.00027,2
6927,0.00022,0.0001,9e-05,0.00026,0.00035,-0.00084,-0.0004,0.00027,2
6928,0.00022,0.0001,9e-05,0.00026,0.00035,-0.00084,-0.0004,0.00027,2
6929,0.00022,0.0001,9e-05,0.00026,0.00035,-0.00084,-0.0004,0.00027,2
6930,0.00022,0.0001,9e-05,0.00026,0.00035,-0.00084,-0.0004,0.00027,2
6931,0.00022,0.0001,9e-05,0.00026,0.00035,-0.00084,-0.0004,0.00027,2
6932,0.00022,0.0001,9e-05,0.00026,0.00035,-0.00084,-0.0004,0.00027,2
6933,-0.00022,-2e-05,1e-05,0.00066,-0.00016,-0.00115,7e-05,-0.0002,2
6934,-0.00022,-2e-05,1e-05,0.00066,-0.00016,-0.00115,7e-05,-0.0002,2
6935,-0.00022,-2e-05,1e-05,0.00066,-0.00016,-0.00115,7e-05,-0.0002,2
6936,-0.00022,-2e-05,1e-05,0.00066,-0.00016,-0.00115,7e-05,-0.0002,2
6938,-0.00022,-2e-05,1e-05,0.00066,-0.00016,-0.00115,7e-05,-0.0002,2
6939,-0.00022,-2e-05,1e-05,0.00066,-0.00016,-0.00115,7e-05,-0.0002,2
6940,-0.00022,-2e-05,1e-05,0.00066,-0.00016,-0.00115,7e-05,-0.0002,2
6941,-0.00022,-2e-05,1e-05,0.00066,-0.00016,-0.00115,7e-05,-0.0002,2
6942,-0.00022,-2e-05,1e-05,0.00066,-0.00016,-0.00115,7e-05,-0.0002,2
6943,-0.00022,-2e-05,1e-05,0.00066,-0.00016,-0.00115,7e-05,-0.0002,2
6944,-0.00022,-2e-05,1e-05,0.00066,-0.00016,-0.00115,7e-05,-0.0002,2
6945,-0.00022,-2e-05,1e-05,0.00066,-0.00016,-0.00115,7e-05,-0.0002,2
6946,-0.00022,-2e-05,1e-05,0.00066,-0.00016,-0.00115,7e-05,-0.0002,2
6947,-0.00022,-2e-05,1e-05,0.00066,-0.00016,-0.00115,7e-05,-0.0002,2
6948,-0.00012,-0.00014,-0.00011,-0.00082,-0.00047,-0.00047,-0.00091,-0.00038,2
6949,0.00021,0.00011,4e-05,-0.00047,-0.00011,-0.00027,-0.00063,-1e-05,2
6950,-0.00043,-0.00014,-9e-05,0.00034,0.0001,-0.00072,-0.00128,-0.00042,2
6951,-0.00043,-0.00014,-9e-05,0.00034,0.0001,-0.00072,-0.00128,-0.00042,2
6952,-0.00043,-0.00014,-9e-05,0.00034,0.0001,-0.00072,-0.00128,-0.00042,2
6953,-0.00043,-0.00014,-9e-05,0.00034,0.0001,-0.00072,-0.00128,-0.00042,2
6954,-0.00043,-0.00014,-9e-05,0.00034,0.0001,-0.00072,-0.00128,-0.00042,2
6955,-0.00043,-0.00014,-9e-05,0.00034,0.0001,-0.00072,-0.00128,-0.00042,2
6956,-0.00043,-0.00014,-9e-05,0.00034,0.0001,-0.00072,-0.00128,-0.00042,2
6957,-0.00043,-0.00014,-9e-05,0.00034,0.0001,-0.00072,-0.00128,-0.00042,2
6958,-0.00043,-0.00014,-9e-05,0.00034,0.0001,-0.00072,-0.00128,-0.00042,2
6959,-0.00043,-0.00014,-9e-05,0.00034,0.0001,-0.00072,-0.00128,-0.00042,2
6960,-0.00043,-0.00014,-9e-05,0.00034,0.0001,-0.00072,-0.00128,-0.00042,2
6961,-0.00043,-0.00014,-9e-05,0.00034,0.0001,-0.00072,-0.00128,-0.00042,2
6962,-0.00043,-0.00014,-9e-05,0.00034,0.0001,-0.00072,-0.00128,-0.00042,2
6963,-0.00043,-0.00014,-9e-05,0.00034,0.0001,-0.00072,-0.00128,-0.00042,2
6964,-0.00043,-0.00014,-9e-05,0.00034,0.0001,-0.00072,-0.00128,-0.00042,2
6965,-0.00043,-0.00014,-9e-05,0.00034,0.0001,-0.00072,-0.00128,-0.00042,2
6966,-0.00043,-0.00014,-9e-05,0.00034,0.0001,-0.00072,-0.00128,-0.00042,2
6967,-0.00043,-0.00014,-9e-05,0.00034,0.0001,-0.00072,-0.00128,-0.00042,2
6968,-0.00043,-0.00014,-9e-05,0.00034,0.0001,-0.00072,-0.00128,-0.00042,2
6969,-0.00043,-0.00014,-9e-05,0.00034,0.0001,-0.00072,-0.00128,-0.00042,2
6970,0.0006,0.00012,1e-05,-0.00028,0.00021,0.00059,0.00127,0.00093,2
6971,-0.00022,1e-05,7e-05,-0.0002,-7e-05,0.00064,-0.00014,-0.0003,2
6972,0.00028,6e-05,1e-05,-0.00066,-0.00017,-0.00017,-0.00083,0.0001,2
6973,0.00028,6e-05,1e-05,-0.00066,-0.00017,-0.00017,-0.00083,0.0001,2
6974,0.00028,6e-05,1e-05,-0.00066,-0.00017,-0.00017,-0.00083,0.0001,2
6975,0.00028,6e-05,1e-05,-0.00066,-0.00017,-0.00017,-0.00083,0.0001,2
6976,0.00028,6e-05,1e-05,-0.00066,-0.00017,-0.00017,-0.00083,0.0001,2
6977,0.00028,6e-05,1e-05,-0.00066,-0.00017,-0.00017,-0.00083,0.0001,2
6978,0.00028,6e-05,1e-05,-0.00066,-0.00017,-0.00017,-0.00083,0.0001,2
6979,0.00028,6e-05,1e-05,-0.00066,-0.00017,-0.00017,-0.00083,0.0001,2
6980,0.00028,6e-05,1e-05,-0.00066,-0.00017,-0.00017,-0.00083,0.0001,2
6981,0.00028,6e-05,1e-05,-0.00066,-0.00017,-0.00017,-0.00083,0.0001,2
6982,0.00028,6e-05,1e-05,-0.00066,-0.00017,-0.00017,-0.00083,0.0001,2
6983,0.00028,6e-05,1e-05,-0.00066,-0.00017,-0.00017,-0.00083,0.0001,2
6984,-0.00023,0.0,4e-05,0.00048,8e-05,-0.00043,-0.0009,-1e-05,2
6985,-0.00023,0.0,4e-05,0.00048,8e-05,-0.00043,-0.0009,-1e-05,2
6986,-0.00023,0.0,4e-05,0.00048,8e-05,-0.00043,-0.0009,-1e-05,2
6988,-0.00023,0.0,4e-05,0.00048,8e-05,-0.00043,-0.0009,-1e-05,2
6989,-0.00023,0.0,4e-05,0.00048,8e-05,-0.00043,-0.0009,-1e-05,2
6990,-0.00023,0.0,4e-05,0.00048,8e-05,-0.00043,-0.0009,-1e-05,2
6991,-0.00023,0.0,4e-05,0.00048,8e-05,-0.00043,-0.0009,-1e-05,2
6992,-0.00023,0.0,4e-05,0.00048,8e-05,-0.00043,-0.0009,-1e-05,2
6993,-0.00035,-0.00015,-6e-05,-0.00095,-0.00045,-0.00116,-0.00088,-0.00028,2
6994,-0.00035,-0.00015,-6e-05,-0.00095,-0.00045,-0.00116,-0.00088,-0.00028,2
6995,-0.00035,-0.00015,-6e-05,-0.00095,-0.00045,-0.00116,-0.00088,-0.00028,2
6996,-0.00035,-0.00015,-6e-05,-0.00095,-0.00045,-0.00116,-0.00088,-0.00028,2
6997,-0.00035,-0.00015,-6e-05,-0.00095,-0.00045,-0.00116,-0.00088,-0.00028,2
6998,-0.00035,-0.00015,-6e-05,-0.00095,-0.00045,-0.00116,-0.00088,-0.00028,2
6999,-0.00035,-0.00015,-6e-05,-0.00095,-0.00045,-0.00116,-0.00088,-0.00028,2
7000,-0.00035,-0.00015,-6e-05,-0.00095,-0.00045,-0.00116,-0.00088,-0.00028,2
7001,-0.00035,-0.00015,-6e-05,-0.00095,-0.00045,-0.00116,-0.00088,-0.00028,2
7002,-0.00035,-0.00015,-6e-05,-0.00095,-0.00045,-0.00116,-0.00088,-0.00028,2
7003,-0.00035,-0.00015,-6e-05,-0.00095,-0.00045,-0.00116,-0.00088,-0.00028,2
7005,-0.00035,-0.00015,-6e-05,-0.00095,-0.00045,-0.00116,-0.00088,-0.00028,2
7006,-0.00035,-0.00015,-6e-05,-0.00095,-0.00045,-0.00116,-0.00088,-0.00028,2
7007,-0.00035,-0.00015,-6e-05,-0.00095,-0.00045,-0.00116,-0.00088,-0.00028,2
7008,-1e-05,-1e-05,0.0,9e-05,6e-05,2e-05,0.0009,0.00018,2
7009,-0.00021,-3e-05,0.0,-0.00076,1e-05,-0.00018,-0.00078,-0.00042,2
7010,0.00013,1e-05,-5e-05,0.00039,2e-05,-0.00014,0.00127,0.00025,2
7011,0.00013,1e-05,-5e-05,0.00039,2e-05,-0.00014,0.00127,0.00025,2
7012,0.00013,1e-05,-5e-05,0.00039,2e-05,-0.00014,0.00127,0.00025,2
7013,0.00013,1e-05,-5e-05,0.00039,2e-05,-0.00014,0.00127,0.00025,2
7014,0.00013,1e-05,-5e-05,0.00039,2e-05,-0.00014,0.00127,0.00025,2
7015,0.00013,1e-05,-5e-05,0.00039,2e-05,-0.00014,0.00127,0.00025,2
7016,0.00013,1e-05,-5e-05,0.00039,2e-05,-0.00014,0.00127,0.00025,2
7017,0.00013,1e-05,-5e-05,0.00039,2e-05,-0.00014,0.00127,0.00025,2
7018,0.00013,1e-05,-5e-05,0.00039,2e-05,-0.00014,0.00127,0.00025,2
7019,0.00013,1e-05,-5e-05,0.00039,2e-05,-0.00014,0.00127,0.00025,2
7020,0.00013,1e-05,-5e-05,0.00039,2e-05,-0.00014,0.00127,0.00025,2
7021,0.00013,1e-05,-5e-05,0.00039,2e-05,-0.00014,0.00127,0.00025,2
7022,0.00013,1e-05,-5e-05,0.00039,2e-05,-0.00014,0.00127,0.00025,2
7023,0.00013,1e-05,-5e-05,0.00039,2e-05,-0.00014,0.00127,0.00025,2
7024,0.00013,1e-05,-5e-05,0.00039,2e-05,-0.00014,0.00127,0.00025,2
7025,0.00013,1e-05,-5e-05,0.00039,2e-05,-0.00014,0.00127,0.00025,2
7026,0.00013,1e-05,-5e-05,0.00039,2e-05,-0.00014,0.00127,0.00025,2
7027,0.00013,1e-05,-5e-05,0.00039,2e-05,-0.00014,0.00127,0.00025,2
7028,0.00013,1e-05,-5e-05,0.00039,2e-05,-0.00014,0.00127,0.00025,2
7029,0.00013,1e-05,-5e-05,0.00039,2e-05,-0.00014,0.00127,0.00025,2
7030,0.00013,1e-05,-5e-05,0.00039,2e-05,-0.00014,0.00127,0.00025,2
7031,-5e-05,-7e-05,-0.00014,-0.00029,-0.00037,-0.00016,0.00064,-2e-05,2
7032,-4e-05,-7e-05,7e-05,-0.00077,0.00012,0.00027,0.00053,2e-05,2
7033,-4e-05,-7e-05,7e-05,-0.00077,0.00012,0.00027,0.00053,2e-05,2
7034,-4e-05,-7e-05,7e-05,-0.00077,0.00012,0.00027,0.00053,2e-05,2
7035,-4e-05,-7e-05,7e-05,-0.00077,0.00012,0.00027,0.00053,2e-05,2
7036,-4e-05,-7e-05,7e-05,-0.00077,0.00012,0.00027,0.00053,2e-05,2
7038,-4e-05,-7e-05,7e-05,-0.00077,0.00012,0.00027,0.00053,2e-05,2
7039,-4e-05,-7e-05,7e-05,-0.00077,0.00012,0.00027,0.00053,2e-05,2
7040,-4e-05,-7e-05,7e-05,-0.00077,0.00012,0.00027,0.00053,2e-05,2
7041,-4e-05,-7e-05,7e-05,-0.00077,0.00012,0.00027,0.00053,2e-05,2
7042,-4e-05,-7e-05,7e-05,-0.00077,0.00012,0.00027,0.00053,2e-05,2
7043,-4e-05,-7e-05,7e-05,-0.00077,0.00012,0.00027,0.00053,2e-05,2
7044,-4e-05,-7e-05,7e-05,-0.00077,0.00012,0.00027,0.00053,2e-05,2
7045,-4e-05,-7e-05,7e-05,-0.00077,0.00012,0.00027,0.00053,2e-05,2
7046,-4e-05,-7e-05,7e-05,-0.00077,0.00012,0.00027,0.00053,2e-05,2
7047,-4e-05,-7e-05,7e-05,-0.00077,0.00012,0.00027,0.00053,2e-05,2
7048,-4e-05,-7e-05,7e-05,-0.00077,0.00012,0.00027,0.00053,2e-05,2
7049,-4e-05,-7e-05,7e-05,-0.00077,0.00012,0.00027,0.00053,2e-05,2
7050,-4e-05,-7e-05,7e-05,-0.00077,0.00012,0.00027,0.00053,2e-05,2
7051,-4e-05,-7e-05,7e-05,-0.00077,0.00012,0.00027,0.00053,2e-05,2
7052,-4e-05,-7e-05,7e-05,-0.00077,0.00012,0.00027,0.00053,2e-05,2
7053,0.00017,-3e-05,1e-05,0.00025,0.00016,0.00076,-0.00072,-0.00012,2
7054,-0.00018,1e-05,5e-05,-0.00023,-0.00015,0.00028,-9e-05,0.0001,2
7055,-7e-05,-1e-05,-2e-05,-0.00024,-0.00033,-0.00051,-0.00058,-0.00011,2
7056,-7e-05,-1e-05,-2e-05,-0.00024,-0.00033,-0.00051,-0.00058,-0.00011,2
7057,-7e-05,-1e-05,-2e-05,-0.00024,-0.00033,-0.00051,-0.00058,-0.00011,2
7058,-7e-05,-1e-05,-2e-05,-0.00024,-0.00033,-0.00051,-0.00058,-0.00011,2
7059,-7e-05,-1e-05,-2e-05,-0.00024,-0.00033,-0.00051,-0.00058,-0.00011,2
7060,-7e-05,-1e-05,-2e-05,-0.00024,-0.00033,-0.00051,-0.00058,-0.00011,2
7061,-7e-05,-1e-05,-2e-05,-0.00024,-0.00033,-0.00051,-0.00058,-0.00011,2
7062,-7e-05,-1e-05,-2e-05,-0.00024,-0.00033,-0.00051,-0.00058,-0.00011,2
7063,-7e-05,-1e-05,-2e-05,-0.00024,-0.00033,-0.00051,-0.00058,-0.00011,2
7064,-7e-05,-1e-05,-2e-05,-0.00024,-0.00033,-0.00051,-0.00058,-0.00011,2
7065,-7e-05,-1e-05,-2e-05,-0.00024,-0.00033,-0.00051,-0.00058,-0.00011,2
7066,-7e-05,-1e-05,-2e-05,-0.00024,-0.00033,-0.00051,-0.00058,-0.00011,2
7067,-7e-05,-1e-05,-2e-05,-0.00024,-0.00033,-0.00051,-0.00058,-0.00011,2
7068,0.00037,1e-05,-4e-05,-4e-05,0.00032,-0.00055,0.00066,0.00021,2
7069,-0.00053,-0.00014,-0.00018,0.00029,0.00011,-0.00092,-0.0007,-0.00018,2
7070,0.00063,0.00018,2e-05,-0.00075,-0.00033,0.00071,0.00048,0.0007,2
7071,0.00063,0.00018,2e-05,-0.00075,-0.00033,0.00071,0.00048,0.0007,2
7072,0.00063,0.00018,2e-05,-0.00075,-0.00033,0.00071,0.00048,0.0007,2
7073,0.00063,0.00018,2e-05,-0.00075,-0.00033,0.00071,0.00048,0.0007,2
7074,0.00063,0.00018,2e-05,-0.00075,-0.00033,0.00071,0.00048,0.0007,2
7075,0.00063,0.00018,2e-05,-0.00075,-0.00033,0.00071,0.00048,0.0007,2
7076,0.00063,0.00018,2e-05,-0.00075,-0.00033,0.00071,0.00048,0.0007,2
7077,0.00063,0.00018,2e-05,-0.00075,-0.00033,0.00071,0.00048,0.0007,2
7078,0.00063,0.00018,2e-05,-0.00075,-0.00033,0.00071,0.00048,0.0007,2
7079,0.00063,0.00018,2e-05,-0.00075,-0.00033,0.00071,0.00048,0.0007,2
7080,0.00063,0.00018,2e-05,-0.00075,-0.00033,0.00071,0.00048,0.0007,2
7081,0.00063,0.00018,2e-05,-0.00075,-0.00033,0.00071,0.00048,0.0007,2
7082,0.00063,0.00018,2e-05,-0.00075,-0.00033,0.00071,0.00048,0.0007,2
7083,0.00063,0.00018,2e-05,-0.00075,-0.00033,0.00071,0.00048,0.0007,2
7084,0.00063,0.00018,2e-05,-0.00075,-0.00033,0.00071,0.00048,0.0007,2
7085,0.00063,0.00018,2e-05,-0.00075,-0.00033,0.00071,0.00048,0.0007,2
7086,0.00063,0.00018,2e-05,-0.00075,-0.00033,0.00071,0.00048,0.0007,2
7088,0.00063,0.00018,2e-05,-0.00075,-0.00033,0.00071,0.00048,0.0007,2
7089,0.00063,0.00018,2e-05,-0.00075,-0.00033,0.00071,0.00048,0.0007,2
7090,-2e-05,-0.00014,0.00011,0.00086,0.00037,-0.00033,-0.00019,-0.00018,2
7091,-0.0002,1e-05,-5e-05,0.00084,0.0002,2e-05,0.00031,-0.00053,2
7092,6e-05,8e-05,2e-05,-0.0001,-0.00021,0.00019,0.00035,-4e-05,2
7093,6e-05,8e-05,2e-05,-0.0001,-0.00021,0.00019,0.00035,-4e-05,2
7094,6e-05,8e-05,2e-05,-0.0001,-0.00021,0.00019,0.00035,-4e-05,2
7095,6e-05,8e-05,2e-05,-0.0001,-0.00021,0.00019,0.00035,-4e-05,2
7096,6e-05,8e-05,2e-05,-0.0001,-0.00021,0.00019,0.00035,-4e-05,2
7097,6e-05,8e-05,2e-05,-0.0001,-0.00021,0.00019,0.00035,-4e-05,2
7098,6e-05,8e-05,2e-05,-0.0001,-0.00021,0.00019,0.00035,-4e-05,2
7099,6e-05,8e-05,2e-05,-0.0001,-0.00021,0.00019,0.00035,-4e-05,2
7100,6e-05,8e-05,2e-05,-0.0001,-0.00021,0.00019,0.00035,-4e-05,2
7101,6e-05,8e-05,2e-05,-0.0001,-0.00021,0.00019,0.00035,-4e-05,2
7102,6e-05,8e-05,2e-05,-0.0001,-0.00021,0.00019,0.00035,-4e-05,2
7103,6e-05,8e-05,2e-05,-0.0001,-0.00021,0.00019,0.00035,-4e-05,2
7104,0.0003,2e-05,1e-05,-0.00086,-0.00026,0.00024,0.00033,0.00037,2
7105,0.0003,2e-05,1e-05,-0.00086,-0.00026,0.00024,0.00033,0.00037,2
7106,0.0003,2e-05,1e-05,-0.00086,-0.00026,0.00024,0.00033,0.00037,2
7107,0.0003,2e-05,1e-05,-0.00086,-0.00026,0.00024,0.00033,0.00037,2
7108,0.0003,2e-05,1e-05,-0.00086,-0.00026,0.00024,0.00033,0.00037,2
7109,0.0003,2e-05,1e-05,-0.00086,-0.00026,0.00024,0.00033,0.00037,2
7110,0.0003,2e-05,1e-05,-0.00086,-0.00026,0.00024,0.00033,0.00037,2
7111,0.0003,2e-05,1e-05,-0.00086,-0.00026,0.00024,0.00033,0.00037,2
7112,0.0003,2e-05,1e-05,-0.00086,-0.00026,0.00024,0.00033,0.00037,2
7113,0.0003,2e-05,1e-05,-0.00086,-0.00026,0.00024,0.00033,0.00037,2
7114,-9e-05,-3e-05,-8e-05,-0.00027,-0.0003,-0.00082,0.00044,-0.00028,2
7115,-0.00047,-0.00015,7e-05,0.00096,0.00034,0.00022,-0.00031,-0.00021,2
7116,-0.00047,-0.00015,7e-05,0.00096,0.00034,0.00022,-0.00031,-0.00021,2
7117,-0.00047,-0.00015,7e-05,0.00096,0.00034,0.00022,-0.00031,-0.00021,2
7118,-0.00047,-0.00015,7e-05,0.00096,0.00034,0.00022,-0.00031,-0.00021,2
7119,-0.00047,-0.00015,7e-05,0.00096,0.00034,0.00022,-0.00031,-0.00021,2
7120,-0.00047,-0.00015,7e-05,0.00096,0.00034,0.00022,-0.00031,-0.00021,2
7121,-0.00047,-0.00015,7e-05,0.00096,0.00034,0.00022,-0.00031,-0.00021,2
7122,-0.00047,-0.00015,7e-05,0.00096,0.00034,0.00022,-0.00031,-0.00021,2
7123,-0.00047,-0.00015,7e-05,0.00096,0.00034,0.00022,-0.00031,-0.00021,2
7124,-0.00047,-0.00015,7e-05,0.00096,0.00034,0.00022,-0.00031,-0.00021,2
7125,-0.00047,-0.00015,7e-05,0.00096,0.00034,0.00022,-0.00031,-0.00021,2
7126,-0.00047,-0.00015,7e-05,0.00096,0.00034,0.00022,-0.00031,-0.00021,2
7127,-0.00047,-0.00015,7e-05,0.00096,0.00034,0.00022,-0.00031,-0.00021,2
7128,0.00039,0.00012,0.00013,0.00016,0.00011,-0.00023,-0.00049,0.00039,2
7129,0.00039,0.00012,0.00013,0.00016,0.00011,-0.00023,-0.00049,0.00039,2
7130,-0.00047,-0.00013,-8e-05,-6e-05,7e-05,-0.0001,-0.00128,-0.00032,2
7131,-0.00047,-0.00013,-8e-05,-6e-05,7e-05,-0.0001,-0.00128,-0.00032,2
7132,-0.00047,-0.00013,-8e-05,-6e-05,7e-05,-0.0001,-0.00128,-0.00032,2
7133,-0.00047,-0.00013,-8e-05,-6e-05,7e-05,-0.0001,-0.00128,-0.00032,2
7134,-0.00047,-0.00013,-8e-05,-6e-05,7e-05,-0.0001,-0.00128,-0.00032,2
7135,-0.00047,-0.00013,-8e-05,-6e-05,7e-05,-0.0001,-0.00128,-0.00032,2
7136,-0.00047,-0.00013,-8e-05,-6e-05,7e-05,-0.0001,-0.00128,-0.00032,2
7138,-0.00047,-0.00013,-8e-05,-6e-05,7e-05,-0.0001,-0.00128,-0.00032,2
7139,-0.00047,-0.00013,-8e-05,-6e-05,7e-05,-0.0001,-0.00128,-0.00032,2
7140,-0.00047,-0.00013,-8e-05,-6e-05,7e-05,-0.0001,-0.00128,-0.00032,2
7141,-0.00047,-0.00013,-8e-05,-6e-05,7e-05,-0.0001,-0.00128,-0.00032,2
7142,-0.00047,-0.00013,-8e-05,-6e-05,7e-05,-0.0001,-0.00128,-0.00032,2
7143,-0.00047,-0.00013,-8e-05,-6e-05,7e-05,-0.0001,-0.00128,-0.00032,2
7144,-0.00047,-0.00013,-8e-05,-6e-05,7e-05,-0.0001,-0.00128,-0.00032,2
7145,-0.00047,-0.00013,-8e-05,-6e-05,7e-05,-0.0001,-0.00128,-0.00032,2
7146,-0.00047,-0.00013,-8e-05,-6e-05,7e-05,-0.0001,-0.00128,-0.00032,2
7147,-0.00047,-0.00013,-8e-05,-6e-05,7e-05,-0.0001,-0.00128,-0.00032,2
7148,-0.00047,-0.00013,-8e-05,-6e-05,7e-05,-0.0001,-0.00128,-0.00032,2
7149,-0.00047,-0.00013,-8e-05,-6e-05,7e-05,-0.0001,-0.00128,-0.00032,2
7150,0.00013,2e-05,0.0,7e-05,-0.00017,0.00059,0.00057,0.00012,2
7151,0.00032,3e-05,4e-05,-0.00051,-0.00012,0.0,-0.00048,0.00019,2
7152,1e-05,-4e-05,0.00013,0.00101,0.00024,-0.00015,-0.00013,4e-05,2
7153,1e-05,-4e-05,0.00013,0.00101,0.00024,-0.00015,-0.00013,4e-05,2
7154,1e-05,-4e-05,0.00013,0.00101,0.00024,-0.00015,-0.00013,4e-05,2
7155,1e-05,-4e-05,0.00013,0.00101,0.00024,-0.00015,-0.00013,4e-05,2
7156,1e-05,-4e-05,0.00013,0.00101,0.00024,-0.00015,-0.00013,4e-05,2
7157,1e-05,-4e-05,0.00013,0.00101,0.00024,-0.00015,-0.00013,4e-05,2
7158,1e-05,-4e-05,0.00013,0.00101,0.00024,-0.00015,-0.00013,4e-05,2
7159,1e-05,-4e-05,0.00013,0.00101,0.00024,-0.00015,-0.00013,4e-05,2
7160,1e-05,-4e-05,0.00013,0.00101,0.00024,-0.00015,-0.00013,4e-05,2
7161,1e-05,-4e-05,0.00013,0.00101,0.00024,-0.00015,-0.00013,4e-05,2
7162,1e-05,-4e-05,0.00013,0.00101,0.00024,-0.00015,-0.00013,4e-05,2
7163,1e-05,-4e-05,0.00013,0.00101,0.00024,-0.00015,-0.00013,4e-05,2
7164,1e-05,-4e-05,0.00013,0.00101,0.00024,-0.00015,-0.00013,4e-05,2
7165,1e-05,-4e-05,0.00013,0.00101,0.00024,-0.00015,-0.00013,4e-05,2
7166,1e-05,-4e-05,0.00013,0.00101,0.00024,-0.00015,-0.00013,4e-05,2
7167,1e-05,-4e-05,0.00013,0.00101,0.00024,-0.00015,-0.00013,4e-05,2
7168,1e-05,-4e-05,0.00013,0.00101,0.00024,-0.00015,-0.00013,4e-05,2
7169,1e-05,-4e-05,0.00013,0.00101,0.00024,-0.00015,-0.00013,4e-05,2
7170,1e-05,-4e-05,0.00013,0.00101,0.00024,-0.00015,-0.00013,4e-05,2
7171,1e-05,-4e-05,0.00013,0.00101,0.00024,-0.00015,-0.00013,4e-05,2
7172,1e-05,-4e-05,0.00013,0.00101,0.00024,-0.00015,-0.00013,4e-05,2
7173,-8e-05,1e-05,0.00013,0.00019,-6e-05,-8e-05,0.00019,-0.00018,2
7174,-0.00018,-0.00018,-0.00035,-0.00076,-0.00039,-0.00014,0.00022,2e-05,2
7175,-2e-05,-8e-05,-1e-05,0.00058,0.00051,-0.00037,-0.00084,-7e-05,2
7176,-2e-05,-8e-05,-1e-05,0.00058,0.00051,-0.00037,-0.00084,-7e-05,2
7177,-2e-05,-8e-05,-1e-05,0.00058,0.00051,-0.00037,-0.00084,-7e-05,2
7178,-2e-05,-8e-05,-1e-05,0.00058,0.00051,-0.00037,-0.00084,-7e-05,2
7179,-2e-05,-8e-05,-1e-05,0.00058,0.00051,-0.00037,-0.00084,-7e-05,2
7180,-2e-05,-8e-05,-1e-05,0.00058,0.00051,-0.00037,-0.00084,-7e-05,2
7181,-2e-05,-8e-05,-1e-05,0.00058,0.00051,-0.00037,-0.00084,-7e-05,2
7182,-2e-05,-8e-05,-1e-05,0.00058,0.00051,-0.00037,-0.00084,-7e-05,2
7183,-2e-05,-8e-05,-1e-05,0.00058,0.00051,-0.00037,-0.00084,-7e-05,2
7184,-2e-05,-8e-05,-1e-05,0.00058,0.00051,-0.00037,-0.00084,-7e-05,2
7185,-2e-05,-8e-05,-1e-05,0.00058,0.00051,-0.00037,-0.00084,-7e-05,2
7186,-2e-05,-8e-05,-1e-05,0.00058,0.00051,-0.00037,-0.00084,-7e-05,2
7188,-2e-05,-8e-05,-1e-05,0.00058,0.00051,-0.00037,-0.00084,-7e-05,2
7189,9e-05,0.0,-1e-05,-0.00065,-0.00036,-0.00073,-0.00108,-5e-05,2
7190,9e-05,0.0,-1e-05,-0.00065,-0.00036,-0.00073,-0.00108,-5e-05,2
7191,9e-05,0.0,-1e-05,-0.00065,-0.00036,-0.00073,-0.00108,-5e-05,2
7192,9e-05,0.0,-1e-05,-0.00065,-0.00036,-0.00073,-0.00108,-5e-05,2
7193,9e-05,0.0,-1e-05,-0.00065,-0.00036,-0.00073,-0.00108,-5e-05,2
7194,6e-05,0.00013,7e-05,2e-05,0.00036,9e-05,0.00031,0.00011,2
7195,6e-05,0.00013,7e-05,2e-05,0.00036,9e-05,0.00031,0.00011,2
7196,6e-05,0.00013,7e-05,2e-05,0.00036,9e-05,0.00031,0.00011,2
7197,6e-05,0.00013,7e-05,2e-05,0.00036,9e-05,0.00031,0.00011,2
7198,6e-05,0.00013,7e-05,2e-05,0.00036,9e-05,0.00031,0.00011,2
7199,6e-05,0.00013,7e-05,2e-05,0.00036,9e-05,0.00031,0.00011,2
7200,6e-05,0.00013,7e-05,2e-05,0.00036,9e-05,0.00031,0.00011,2
7201,6e-05,0.00013,7e-05,2e-05,0.00036,9e-05,0.00031,0.00011,2
7202,6e-05,0.00013,7e-05,2e-05,0.00036,9e-05,0.00031,0.00011,2
7203,6e-05,0.00013,7e-05,2e-05,0.00036,9e-05,0.00031,0.00011,2
7204,6e-05,0.00013,7e-05,2e-05,0.00036,9e-05,0.00031,0.00011,2
7205,6e-05,0.00013,7e-05,2e-05,0.00036,9e-05,0.00031,0.00011,2
7206,6e-05,0.00013,7e-05,2e-05,0.00036,9e-05,0.00031,0.00011,2
7207,6e-05,0.00013,7e-05,2e-05,0.00036,9e-05,0.00031,0.00011,2
7208,6e-05,0.00013,7e-05,2e-05,0.00036,9e-05,0.00031,0.00011,2
7209,6e-05,0.00013,7e-05,2e-05,0.00036,9e-05,0.00031,0.00011,2
7210,-0.00016,-0.00015,-0.00012,6e-05,-0.0005,-0.00019,-0.00086,-0.00029,2
7211,0.0003,4e-05,-4e-05,8e-05,8e-05,-0.00038,-0.00018,0.00021,2
7212,7e-05,-1e-05,-8e-05,-0.001,-0.00017,0.00039,-8e-05,-0.00036,2
7213,7e-05,-1e-05,-8e-05,-0.001,-0.00017,0.00039,-8e-05,-0.00036,2
7214,7e-05,-1e-05,-8e-05,-0.001,-0.00017,0.00039,-8e-05,-0.00036,2
7215,7e-05,-1e-05,-8e-05,-0.001,-0.00017,0.00039,-8e-05,-0.00036,2
7216,7e-05,-1e-05,-8e-05,-0.001,-0.00017,0.00039,-8e-05,-0.00036,2
7217,7e-05,-1e-05,-8e-05,-0.001,-0.00017,0.00039,-8e-05,-0.00036,2
7218,7e-05,-1e-05,-8e-05,-0.001,-0.00017,0.00039,-8e-05,-0.00036,2
7219,7e-05,-1e-05,-8e-05,-0.001,-0.00017,0.00039,-8e-05,-0.00036,2
7220,7e-05,-1e-05,-8e-05,-0.001,-0.00017,0.00039,-8e-05,-0.00036,2
7221,7e-05,-1e-05,-8e-05,-0.001,-0.00017,0.00039,-8e-05,-0.00036,2
7222,7e-05,-1e-05,-8e-05,-0.001,-0.00017,0.00039,-8e-05,-0.00036,2
7223,7e-05,-1e-05,-8e-05,-0.001,-0.00017,0.00039,-8e-05,-0.00036,2
7224,7e-05,-1e-05,-8e-05,-0.001,-0.00017,0.00039,-8e-05,-0.00036,2
7225,7e-05,-1e-05,-8e-05,-0.001,-0.00017,0.00039,-8e-05,-0.00036,2
7226,7e-05,-1e-05,-8e-05,-0.001,-0.00017,0.00039,-8e-05,-0.00036,2
7227,7e-05,-1e-05,-8e-05,-0.001,-0.00017,0.00039,-8e-05,-0.00036,2
7228,7e-05,-1e-05,-8e-05,-0.001,-0.00017,0.00039,-8e-05,-0.00036,2
7229,7e-05,-1e-05,-8e-05,-0.001,-0.00017,0.00039,-8e-05,-0.00036,2
7230,7e-05,-1e-05,-8e-05,-0.001,-0.00017,0.00039,-8e-05,-0.00036,2
7231,7e-05,-1e-05,-8e-05,-0.001,-0.00017,0.00039,-8e-05,-0.00036,2
7232,7e-05,-1e-05,-8e-05,-0.001,-0.00017,0.00039,-8e-05,-0.00036,2
7233,0.00024,-0.00011,-0.00023,3e-05,-0.00014,-0.00027,0.0003,0.00012,2
7234,-0.00014,4e-05,0.0001,0.00051,5e-05,0.00017,-0.00089,-0.00035,2
7235,0.00048,0.00017,7e-05,-0.00077,1e-05,0.00067,0.00091,0.00089,2
7236,0.00048,0.00017,7e-05,-0.00077,1e-05,0.00067,0.00091,0.00089,2
7238,0.00048,0.00017,7e-05,-0.00077,1e-05,0.00067,0.00091,0.00089,2
7239,0.00048,0.00017,7e-05,-0.00077,1e-05,0.00067,0.00091,0.00089,2
7240,0.00048,0.00017,7e-05,-0.00077,1e-05,0.00067,0.00091,0.00089,2
7241,0.00048,0.00017,7e-05,-0.00077,1e-05,0.00067,0.00091,0.00089,2
7242,0.00048,0.00017,7e-05,-0.00077,1e-05,0.00067,0.00091,0.00089,2
7243,0.00048,0.00017,7e-05,-0.00077,1e-05,0.00067,0.00091,0.00089,2
7244,0.00048,0.00017,7e-05,-0.00077,1e-05,0.00067,0.00091,0.00089,2
7245,0.00048,0.00017,7e-05,-0.00077,1e-05,0.00067,0.00091,0.00089,2
7246,0.00048,0.00017,7e-05,-0.00077,1e-05,0.00067,0.00091,0.00089,2
7247,0.00048,0.00017,7e-05,-0.00077,1e-05,0.00067,0.00091,0.00089,2
7248,-4e-05,1e-05,-3e-05,7e-05,-0.00057,-9e-05,0.00067,-0.00015,2
7249,0.00032,0.0001,0.00013,0.00014,0.00044,-0.00025,0.00078,0.00031,2
7250,-0.00021,-0.00011,-0.00016,0.00016,9e-05,-0.00046,0.00071,0.00015,2
7251,-0.00021,-0.00011,-0.00016,0.00016,9e-05,-0.00046,0.00071,0.00015,2
7252,-0.00021,-0.00011,-0.00016,0.00016,9e-05,-0.00046,0.00071,0.00015,2
7253,-0.00021,-0.00011,-0.00016,0.00016,9e-05,-0.00046,0.00071,0.00015,2
7254,-0.00021,-0.00011,-0.00016,0.00016,9e-05,-0.00046,0.00071,0.00015,2
7255,-0.00021,-0.00011,-0.00016,0.00016,9e-05,-0.00046,0.00071,0.00015,2
7256,-0.00021,-0.00011,-0.00016,0.00016,9e-05,-0.00046,0.00071,0.00015,2
7257,-0.00021,-0.00011,-0.00016,0.00016,9e-05,-0.00046,0.00071,0.00015,2
7258,-0.00021,-0.00011,-0.00016,0.00016,9e-05,-0.00046,0.00071,0.00015,2
7259,-0.00021,-0.00011,-0.00016,0.00016,9e-05,-0.00046,0.00071,0.00015,2
7260,-0.00021,-0.00011,-0.00016,0.00016,9e-05,-0.00046,0.00071,0.00015,2
7261,-0.00021,-0.00011,-0.00016,0.00016,9e-05,-0.00046,0.00071,0.00015,0
7262,-0.00021,-0.00011,-0.00016,0.00016,9e-05,-0.00046,0.00071,0.00015,0
7263,-0.00021,-0.00011,-0.00016,0.00016,9e-05,-0.00046,0.00071,0.00015,0
7264,-0.00021,-0.00011,-0.00016,0.00016,9e-05,-0.00046,0.00071,0.00015,0
7265,-0.00021,-0.00011,-0.00016,0.00016,9e-05,-0.00046,0.00071,0.00015,0
7266,-0.00021,-0.00011,-0.00016,0.00016,9e-05,-0.00046,0.00071,0.00015,0
7267,-0.00021,-0.00011,-0.00016,0.00016,9e-05,-0.00046,0.00071,0.00015,0
7268,-0.00021,-0.00011,-0.00016,0.00016,9e-05,-0.00046,0.00071,0.00015,0
7269,-0.00021,-0.00011,-0.00016,0.00016,9e-05,-0.00046,0.00071,0.00015,0
7270,0.00016,0.0001,0.00013,-0.00061,-4e-05,-4e-05,-0.00019,-0.00034,0
7271,-0.00011,-7e-05,-4e-05,-2e-05,-0.00015,8e-05,0.00096,8e-05,0
7272,-0.00027,-7e-05,-2e-05,-0.00013,-0.00059,0.00018,-0.00017,6e-05,0
7273,-0.00027,-7e-05,-2e-05,-0.00013,-0.00059,0.00018,-0.00017,6e-05,0
7274,-0.00027,-7e-05,-2e-05,-0.00013,-0.00059,0.00018,-0.00017,6e-05,0
7275,-0.00027,-7e-05,-2e-05,-0.00013,-0.00059,0.00018,-0.00017,6e-05,0
7276,-0.00027,-7e-05,-2e-05,-0.00013,-0.00059,0.00018,-0.00017,6e-05,0
7277,-0.00027,-7e-05,-2e-05,-0.00013,-0.00059,0.00018,-0.00017,6e-05,0
7278,-0.00027,-7e-05,-2e-05,-0.00013,-0.00059,0.00018,-0.00017,6e-05,0
7279,-0.00027,-7e-05,-2e-05,-0.00013,-0.00059,0.00018,-0.00017,6e-05,0
7280,-0.00027,-7e-05,-2e-05,-0.00013,-0.00059,0.00018,-0.00017,6e-05,0
7281,-0.00027,-7e-05,-2e-05,-0.00013,-0.00059,0.00018,-0.00017,6e-05,0
7282,-0.00027,-7e-05,-2e-05,-0.00013,-0.00059,0.00018,-0.00017,6e-05,0
7283,-0.00027,-7e-05,-2e-05,-0.00013,-0.00059,0.00018,-0.00017,6e-05,0
7284,-0.00027,-7e-05,-2e-05,-0.00013,-0.00059,0.00018,-0.00017,6e-05,0
7285,-0.00027,-7e-05,-2e-05,-0.00013,-0.00059,0.00018,-0.00017,6e-05,0
7286,-0.00027,-7e-05,-2e-05,-0.00013,-0.00059,0.00018,-0.00017,6e-05,0
7288,-0.00027,-7e-05,-2e-05,-0.00013,-0.00059,0.00018,-0.00017,6e-05,0
7289,-0.00027,-7e-05,-2e-05,-0.00013,-0.00059,0.00018,-0.00017,6e-05,0
7290,-0.00027,-7e-05,-2e-05,-0.00013,-0.00059,0.00018,-0.00017,6e-05,0
7291,-0.00027,-7e-05,-2e-05,-0.00013,-0.00059,0.00018,-0.00017,6e-05,0
7292,-0.00027,-7e-05,-2e-05,-0.00013,-0.00059,0.00018,-0.00017,6e-05,0
7293,0.0003,8e-05,-1e-05,0.00083,0.00034,-9e-05,-0.00072,5e-05,0
7294,-5e-05,-1e-05,2e-05,0.00023,-0.00011,-5e-05,0.00096,0.00017,0
7295,0.00011,-7e-05,-5e-05,2e-05,7e-05,-0.00033,-0.00087,-0.00051,0
7296,0.00011,-7e-05,-5e-05,2e-05,7e-05,-0.00033,-0.00087,-0.00051,0
7297,0.00011,-7e-05,-5e-05,2e-05,7e-05,-0.00033,-0.00087,-0.00051,0
7298,0.00011,-7e-05,-5e-05,2e-05,7e-05,-0.00033,-0.00087,-0.00051,0
7299,0.00011,-7e-05,-5e-05,2e-05,7e-05,-0.00033,-0.00087,-0.00051,0
7300,0.00011,-7e-05,-5e-05,2e-05,7e-05,-0.00033,-0.00087,-0.00051,0
7301,0.00011,-7e-05,-5e-05,2e-05,7e-05,-0.00033,-0.00087,-0.00051,0
7302,0.00011,-7e-05,-5e-05,2e-05,7e-05,-0.00033,-0.00087,-0.00051,0
7303,0.00011,-7e-05,-5e-05,2e-05,7e-05,-0.00033,-0.00087,-0.00051,0
7304,0.00011,-7e-05,-5e-05,2e-05,7e-05,-0.00033,-0.00087,-0.00051,0
7305,0.00011,-7e-05,-5e-05,2e-05,7e-05,-0.00033,-0.00087,-0.00051,0
7306,0.00011,-7e-05,-5e-05,2e-05,7e-05,-0.00033,-0.00087,-0.00051,0
7307,-3e-05,9e-05,0.00022,0.0007,0.00017,-6e-05,-0.00042,0.0,0
7308,-3e-05,9e-05,0.00022,0.0007,0.00017,-6e-05,-0.00042,0.0,0
7309,-3e-05,9e-05,0.00022,0.0007,0.00017,-6e-05,-0.00042,0.0,0
7310,-3e-05,9e-05,0.00022,0.0007,0.00017,-6e-05,-0.00042,0.0,0
7311,-3e-05,9e-05,0.00022,0.0007,0.00017,-6e-05,-0.00042,0.0,0
7312,-3e-05,9e-05,0.00022,0.0007,0.00017,-6e-05,-0.00042,0.0,0
7313,-3e-05,9e-05,0.00022,0.0007,0.00017,-6e-05,-0.00042,0.0,0
7314,-3e-05,9e-05,0.00022,0.0007,0.00017,-6e-05,-0.00042,0.0,0
7315,-0.00036,-8e-05,-0.0002,0.00055,-0.00029,-0.00018,-0.00056,-8e-05,0
7316,-0.00036,-8e-05,-0.0002,0.00055,-0.00029,-0.00018,-0.00056,-8e-05,0
7317,-0.00036,-8e-05,-0.0002,0.00055,-0.00029,-0.00018,-0.00056,-8e-05,0
7318,-0.00036,-8e-05,-0.0002,0.00055,-0.00029,-0.00018,-0.00056,-8e-05,0
7319,-0.00036,-8e-05,-0.0002,0.00055,-0.00029,-0.00018,-0.00056,-8e-05,0
7320,-0.00036,-8e-05,-0.0002,0.00055,-0.00029,-0.00018,-0.00056,-8e-05,0
7321,-0.00036,-8e-05,-0.0002,0.00055,-0.00029,-0.00018,-0.00056,-8e-05,0
7322,-0.00036,-8e-05,-0.0002,0.00055,-0.00029,-0.00018,-0.00056,-8e-05,0
7323,-0.00036,-8e-05,-0.0002,0.00055,-0.00029,-0.00018,-0.00056,-8e-05,0
7324,-0.00036,-8e-05,-0.0002,0.00055,-0.00029,-0.00018,-0.00056,-8e-05,0
7325,-0.00036,-8e-05,-0.0002,0.00055,-0.00029,-0.00018,-0.00056,-8e-05,0
7326,-0.00036,-8e-05,-0.0002,0.00055,-0.00029,-0.00018,-0.00056,-8e-05,0
7327,-0.00036,-8e-05,-0.0002,0.00055,-0.00029,-0.00018,-0.00056,-8e-05,0
7328,-0.00036,-8e-05,-0.0002,0.00055,-0.00029,-0.00018,-0.00056,-8e-05,0
7329,-0.00036,-8e-05,-0.0002,0.00055,-0.00029,-0.00018,-0.00056,-8e-05,0
7330,-0.00013,1e-05,-2e-05,-4e-05,0.00071,-0.00045,-0.00108,-0.00013,0
7331,0.0005,0.00011,8e-05,0.0006,0.00041,0.00075,0.00118,0.00027,0
7332,0.0005,0.00011,8e-05,0.0006,0.00041,0.00075,0.00118,0.00027,0
7333,0.0005,0.00011,8e-05,0.0006,0.00041,0.00075,0.00118,0.00027,0
7334,0.0005,0.00011,8e-05,0.0006,0.00041,0.00075,0.00118,0.00027,0
7335,0.0005,0.00011,8e-05,0.0006,0.00041,0.00075,0.00118,0.00027,0
7336,0.0005,0.00011,8e-05,0.0006,0.00041,0.00075,0.00118,0.00027,0
7338,0.0005,0.00011,8e-05,0.0006,0.00041,0.00075,0.00118,0.00027,0
7339,0.0005,0.00011,8e-05,0.0006,0.00041,0.00075,0.00118,0.00027,0
7340,0.0005,0.00011,8e-05,0.0006,0.00041,0.00075,0.00118,0.00027,0
7341,0.0005,0.00011,8e-05,0.0006,0.00041,0.00075,0.00118,0.00027,0
7342,0.0005,0.00011,8e-05,0.0006,0.00041,0.00075,0.00118,0.00027,0
7343,0.0005,0.00011,8e-05,0.0006,0.00041,0.00075,0.00118,0.00027,0
7344,0.0005,0.00011,8e-05,0.0006,0.00041,0.00075,0.00118,0.00027,0
7345,0.0005,0.00011,8e-05,0.0006,0.00041,0.00075,0.00118,0.00027,0
7346,0.0005,0.00011,8e-05,0.0006,0.00041,0.00075,0.00118,0.00027,0
7347,0.0005,0.00011,8e-05,0.0006,0.00041,0.00075,0.00118,0.00027,0
7348,0.0005,0.00011,8e-05,0.0006,0.00041,0.00075,0.00118,0.00027,0
7349,0.0005,0.00011,8e-05,0.0006,0.00041,0.00075,0.00118,0.00027,0
7350,0.0005,0.00011,8e-05,0.0006,0.00041,0.00075,0.00118,0.00027,0
7351,0.0005,0.00011,8e-05,0.0006,0.00041,0.00075,0.00118,0.00027,0
7352,-0.00015,0.0,0.00016,1e-05,0.00025,0.00013,7e-05,-0.00015,0
7353,0.0001,-2e-05,-1e-05,-0.00072,-0.00049,-0.00053,0.00056,-0.00013,0
7354,0.0001,-2e-05,-1e-05,-0.00072,-0.00049,-0.00053,0.00056,-0.00013,0
7355,0.0001,-2e-05,-1e-05,-0.00072,-0.00049,-0.00053,0.00056,-0.00013,0
7356,0.0001,-2e-05,-1e-05,-0.00072,-0.00049,-0.00053,0.00056,-0.00013,0
7357,0.0001,-2e-05,-1e-05,-0.00072,-0.00049,-0.00053,0.00056,-0.00013,0
7358,0.0001,-2e-05,-1e-05,-0.00072,-0.00049,-0.00053,0.00056,-0.00013,0
7359,0.0001,-2e-05,-1e-05,-0.00072,-0.00049,-0.00053,0.00056,-0.00013,0
7360,0.0001,-2e-05,-1e-05,-0.00072,-0.00049,-0.00053,0.00056,-0.00013,0
7361,0.0001,-2e-05,-1e-05,-0.00072,-0.00049,-0.00053,0.00056,-0.00013,0
7362,0.0001,-2e-05,-1e-05,-0.00072,-0.00049,-0.00053,0.00056,-0.00013,0
7363,0.0001,-2e-05,-1e-05,-0.00072,-0.00049,-0.00053,0.00056,-0.00013,0
7364,0.0001,-2e-05,-1e-05,-0.00072,-0.00049,-0.00053,0.00056,-0.00013,0
7365,0.0001,-2e-05,-1e-05,-0.00072,-0.00049,-0.00053,0.00056,-0.00013,0
7366,0.0001,-2e-05,-1e-05,-0.00072,-0.00049,-0.00053,0.00056,-0.00013,0
7367,-0.00022,-4e-05,2e-05,-0.00013,0.00016,0.00019,-0.00074,-0.00017,0
7368,-0.00022,-4e-05,2e-05,-0.00013,0.00016,0.00019,-0.00074,-0.00017,0
7369,-0.00022,-4e-05,2e-05,-0.00013,0.00016,0.00019,-0.00074,-0.00017,0
7370,-0.00022,-4e-05,2e-05,-0.00013,0.00016,0.00019,-0.00074,-0.00017,0
7371,-0.00022,-4e-05,2e-05,-0.00013,0.00016,0.00019,-0.00074,-0.00017,0
7372,-0.00022,-4e-05,2e-05,-0.00013,0.00016,0.00019,-0.00074,-0.00017,0
7373,-0.00022,-4e-05,2e-05,-0.00013,0.00016,0.00019,-0.00074,-0.00017,0
7374,-0.00022,-4e-05,2e-05,-0.00013,0.00016,0.00019,-0.00074,-0.00017,0
7375,7e-05,-1e-05,6e-05,0.0005,0.00031,0.00021,0.0003,6e-05,0
7376,7e-05,-1e-05,6e-05,0.0005,0.00031,0.00021,0.0003,6e-05,0
7377,7e-05,-1e-05,6e-05,0.0005,0.00031,0.00021,0.0003,6e-05,0
7378,7e-05,-1e-05,6e-05,0.0005,0.00031,0.00021,0.0003,6e-05,0
7379,7e-05,-1e-05,6e-05,0.0005,0.00031,0.00021,0.0003,6e-05,0
7380,7e-05,-1e-05,6e-05,0.0005,0.00031,0.00021,0.0003,6e-05,0
7381,7e-05,-1e-05,6e-05,0.0005,0.00031,0.00021,0.0003,6e-05,0
7382,7e-05,-1e-05,6e-05,0.0005,0.00031,0.00021,0.0003,6e-05,0
7383,7e-05,-1e-05,6e-05,0.0005,0.00031,0.00021,0.0003,6e-05,0
7384,7e-05,-1e-05,6e-05,0.0005,0.00031,0.00021,0.0003,6e-05,0
7385,7e-05,-1e-05,6e-05,0.0005,0.00031,0.00021,0.0003,6e-05,0
7386,7e-05,-1e-05,6e-05,0.0005,0.00031,0.00021,0.0003,6e-05,0
7388,7e-05,-1e-05,6e-05,0.0005,0.00031,0.00021,0.0003,6e-05,0
7389,7e-05,-1e-05,6e-05,0.0005,0.00031,0.00021,0.0003,6e-05,0
7390,0.00042,0.00013,3e-05,-0.00067,-0.00022,-0.00026,-0.00037,0.00063,0
7391,0.00042,0.00013,3e-05,-0.00067,-0.00022,-0.00026,-0.00037,0.00063,0
7392,0.00042,0.00013,3e-05,-0.00067,-0.00022,-0.00026,-0.00037,0.00063,0
7393,0.00042,0.00013,3e-05,-0.00067,-0.00022,-0.00026,-0.00037,0.00063,0
7394,0.00042,0.00013,3e-05,-0.00067,-0.00022,-0.00026,-0.00037,0.00063,0
7395,0.00042,0.00013,3e-05,-0.00067,-0.00022,-0.00026,-0.00037,0.00063,0
7396,0.00042,0.00013,3e-05,-0.00067,-0.00022,-0.00026,-0.00037,0.00063,0
7397,0.00042,0.00013,3e-05,-0.00067,-0.00022,-0.00026,-0.00037,0.00063,0
7398,0.00042,0.00013,3e-05,-0.00067,-0.00022,-0.00026,-0.00037,0.00063,0
7399,0.00042,0.00013,3e-05,-0.00067,-0.00022,-0.00026,-0.00037,0.00063,0
7400,0.00042,0.00013,3e-05,-0.00067,-0.00022,-0.00026,-0.00037,0.00063,0
7401,0.00042,0.00013,3e-05,-0.00067,-0.00022,-0.00026,-0.00037,0.00063,0
7402,0.00042,0.00013,3e-05,-0.00067,-0.00022,-0.00026,-0.00037,0.00063,0
7403,0.00042,0.00013,3e-05,-0.00067,-0.00022,-0.00026,-0.00037,0.00063,0
7404,0.00042,0.00013,3e-05,-0.00067,-0.00022,-0.00026,-0.00037,0.00063,0
7405,0.00042,0.00013,3e-05,-0.00067,-0.00022,-0.00026,-0.00037,0.00063,0
7406,0.00042,0.00013,3e-05,-0.00067,-0.00022,-0.00026,-0.00037,0.00063,0
7407,0.00042,0.00013,3e-05,-0.00067,-0.00022,-0.00026,-0.00037,0.00063,0
7408,0.00042,0.00013,3e-05,-0.00067,-0.00022,-0.00026,-0.00037,0.00063,0
7409,0.00042,0.00013,3e-05,-0.00067,-0.00022,-0.00026,-0.00037,0.00063,0
7410,0.00042,0.00013,3e-05,-0.00067,-0.00022,-0.00026,-0.00037,0.00063,0
7411,0.00042,0.00013,3e-05,-0.00067,-0.00022,-0.00026,-0.00037,0.00063,0
7412,-4e-05,0.0,8e-05,-0.00025,-9e-05,0.00032,7e-05,3e-05,0
7413,-0.00041,-0.00011,-6e-05,-0.00019,-0.00019,-0.00026,0.00014,-0.00014,0
7414,-0.00041,-0.00011,-6e-05,-0.00019,-0.00019,-0.00026,0.00014,-0.00014,0
7415,-0.00041,-0.00011,-6e-05,-0.00019,-0.00019,-0.00026,0.00014,-0.00014,0
7416,-0.00041,-0.00011,-6e-05,-0.00019,-0.00019,-0.00026,0.00014,-0.00014,0
7417,-0.00041,-0.00011,-6e-05,-0.00019,-0.00019,-0.00026,0.00014,-0.00014,0
7418,-0.00041,-0.00011,-6e-05,-0.00019,-0.00019,-0.00026,0.00014,-0.00014,0
7419,-0.00041,-0.00011,-6e-05,-0.00019,-0.00019,-0.00026,0.00014,-0.00014,0
7420,-0.00041,-0.00011,-6e-05,-0.00019,-0.00019,-0.00026,0.00014,-0.00014,0
7421,-0.00041,-0.00011,-6e-05,-0.00019,-0.00019,-0.00026,0.00014,-0.00014,0
7422,-0.00041,-0.00011,-6e-05,-0.00019,-0.00019,-0.00026,0.00014,-0.00014,0
7423,-0.00041,-0.00011,-6e-05,-0.00019,-0.00019,-0.00026,0.00014,-0.00014,0
7424,-0.00041,-0.00011,-6e-05,-0.00019,-0.00019,-0.00026,0.00014,-0.00014,0
7425,-0.00041,-0.00011,-6e-05,-0.00019,-0.00019,-0.00026,0.00014,-0.00014,0
7426,-0.00041,-0.00011,-6e-05,-0.00019,-0.00019,-0.00026,0.00014,-0.00014,0
7427,0.00036,-0.00011,-4e-05,0.00069,-0.00066,-0.00056,0.00042,-2e-05,0
7428,-0.00046,-7e-05,9e-05,0.00014,-0.00038,-0.00024,0.00023,-0.00037,0
7429,-0.00046,-7e-05,9e-05,0.00014,-0.00038,-0.00024,0.00023,-0.00037,0
7430,-0.00046,-7e-05,9e-05,0.00014,-0.00038,-0.00024,0.00023,-0.00037,0
7431,-0.00046,-7e-05,9e-05,0.00014,-0.00038,-0.00024,0.00023,-0.00037,0
7432,-0.00046,-7e-05,9e-05,0.00014,-0.00038,-0.00024,0.00023,-0.00037,0
7433,-0.00046,-7e-05,9e-05,0.00014,-0.00038,-0.00024,0.00023,-0.00037,0
7434,-0.00046,-7e-05,9e-05,0.00014,-0.00038,-0.00024,0.00023,-0.00037,0
7435,-0.00046,-7e-05,9e-05,0.00014,-0.00038,-0.00024,0.00023,-0.00037,0
7436,-0.00046,-7e-05,9e-05,0.00014,-0.00038,-0.00024,0.00023,-0.00037,0
7438,-0.00046,-7e-05,9e-05,0.00014,-0.00038,-0.00024,0.00023,-0.00037,0
7439,-0.00046,-7e-05,9e-05,0.00014,-0.00038,-0.00024,0.00023,-0.00037,0
7440,-0.00046,-7e-05,9e-05,0.00014,-0.00038,-0.00024,0.00023,-0.00037,0
7441,-0.00046,-7e-05,9e-05,0.00014,-0.00038,-0.00024,0.00023,-0.00037,0
7442,-0.00046,-7e-05,9e-05,0.00014,-0.00038,-0.00024,0.00023,-0.00037,0
7443,-0.00046,-7e-05,9e-05,0.00014,-0.00038,-0.00024,0.00023,-0.00037,0
7444,-0.00046,-7e-05,9e-05,0.00014,-0.00038,-0.00024,0.00023,-0.00037,0
7445,-0.00046,-7e-05,9e-05,0.00014,-0.00038,-0.00024,0.00023,-0.00037,0
7446,-0.00046,-7e-05,9e-05,0.00014,-0.00038,-0.00024,0.00023,-0.00037,0
7447,-0.00046,-7e-05,9e-05,0.00014,-0.00038,-0.00024,0.00023,-0.00037,0
7448,-0.00046,-7e-05,9e-05,0.00014,-0.00038,-0.00024,0.00023,-0.00037,0
7449,-0.00046,-7e-05,9e-05,0.00014,-0.00038,-0.00024,0.00023,-0.00037,0
7450,-0.00064,-0.00016,2e-05,0.00038,4e-05,-0.00019,0.00105,1e-05,0
7451,0.00026,4e-05,-4e-05,0.00022,-1e-05,0.00057,-0.00068,-0.00012,0
7452,0.00026,4e-05,-4e-05,0.00022,-1e-05,0.00057,-0.00068,-0.00012,0
7453,0.00026,4e-05,-4e-05,0.00022,-1e-05,0.00057,-0.00068,-0.00012,0
7454,0.00026,4e-05,-4e-05,0.00022,-1e-05,0.00057,-0.00068,-0.00012,0
7455,0.00026,4e-05,-4e-05,0.00022,-1e-05,0.00057,-0.00068,-0.00012,0
7456,0.00026,4e-05,-4e-05,0.00022,-1e-05,0.00057,-0.00068,-0.00012,0
7457,0.00026,4e-05,-4e-05,0.00022,-1e-05,0.00057,-0.00068,-0.00012,0
7458,0.00026,4e-05,-4e-05,0.00022,-1e-05,0.00057,-0.00068,-0.00012,0
7459,0.00026,4e-05,-4e-05,0.00022,-1e-05,0.00057,-0.00068,-0.00012,0
7460,0.00026,4e-05,-4e-05,0.00022,-1e-05,0.00057,-0.00068,-0.00012,0
7461,0.00026,4e-05,-4e-05,0.00022,-1e-05,0.00057,-0.00068,-0.00012,0
7462,0.00026,4e-05,-4e-05,0.00022,-1e-05,0.00057,-0.00068,-0.00012,0
7463,0.00026,4e-05,-4e-05,0.00022,-1e-05,0.00057,-0.00068,-0.00012,0
7464,0.00026,4e-05,-4e-05,0.00022,-1e-05,0.00057,-0.00068,-0.00012,0
7465,0.00026,4e-05,-4e-05,0.00022,-1e-05,0.00057,-0.00068,-0.00012,0
7466,0.00026,4e-05,-4e-05,0.00022,-1e-05,0.00057,-0.00068,-0.00012,0
7467,0.00026,4e-05,-4e-05,0.00022,-1e-05,0.00057,-0.00068,-0.00012,0
7468,0.00026,4e-05,-4e-05,0.00022,-1e-05,0.00057,-0.00068,-0.00012,0
7469,0.00026,4e-05,-4e-05,0.00022,-1e-05,0.00057,-0.00068,-0.00012,0
7470,0.00026,4e-05,-4e-05,0.00022,-1e-05,0.00057,-0.00068,-0.00012,0
7471,0.00026,4e-05,-4e-05,0.00022,-1e-05,0.00057,-0.00068,-0.00012,0
7472,-1e-05,-7e-05,-7e-05,-0.0001,-0.00021,-0.00064,2e-05,-1e-05,0
7473,-0.0001,-9e-05,1e-05,0.0,0.00058,0.00025,-0.00015,-4e-05,0
7474,-0.0001,-9e-05,1e-05,0.0,0.00058,0.00025,-0.00015,-4e-05,0
7475,-0.0001,-9e-05,1e-05,0.0,0.00058,0.00025,-0.00015,-4e-05,0
7476,-0.0001,-9e-05,1e-05,0.0,0.00058,0.00025,-0.00015,-4e-05,0
7477,-0.0001,-9e-05,1e-05,0.0,0.00058,0.00025,-0.00015,-4e-05,0
7478,-0.0001,-9e-05,1e-05,0.0,0.00058,0.00025,-0.00015,-4e-05,0
7479,-0.0001,-9e-05,1e-05,0.0,0.00058,0.00025,-0.00015,-4e-05,0
7480,-0.0001,-9e-05,1e-05,0.0,0.00058,0.00025,-0.00015,-4e-05,0
7481,-0.0001,-9e-05,1e-05,0.0,0.00058,0.00025,-0.00015,-4e-05,0
7482,-0.0001,-9e-05,1e-05,0.0,0.00058,0.00025,-0.00015,-4e-05,0
7483,-0.0001,-9e-05,1e-05,0.0,0.00058,0.00025,-0.00015,-4e-05,0
7484,-0.0001,-9e-05,1e-05,0.0,0.00058,0.00025,-0.00015,-4e-05,0
7485,-0.0001,-9e-05,1e-05,0.0,0.00058,0.00025,-0.00015,-4e-05,0
7486,-0.0001,-9e-05,1e-05,0.0,0.00058,0.00025,-0.00015,-4e-05,0
7488,-0.0001,-9e-05,1e-05,0.0,0.00058,0.00025,-0.00015,-4e-05,0
7489,0.0001,4e-05,0.00016,0.00108,-2e-05,6e-05,0.00072,3e-05,0
7490,-0.00015,-4e-05,-0.00016,-0.0011,-4e-05,-0.00059,0.00034,-0.0002,0
7491,-0.00015,-4e-05,-0.00016,-0.0011,-4e-05,-0.00059,0.00034,-0.0002,0
7492,-0.00015,-4e-05,-0.00016,-0.0011,-4e-05,-0.00059,0.00034,-0.0002,0
7493,-0.00015,-4e-05,-0.00016,-0.0011,-4e-05,-0.00059,0.00034,-0.0002,0
7494,-0.00015,-4e-05,-0.00016,-0.0011,-4e-05,-0.00059,0.00034,-0.0002,0
7495,-0.00015,-4e-05,-0.00016,-0.0011,-4e-05,-0.00059,0.00034,-0.0002,0
7496,-0.00015,-4e-05,-0.00016,-0.0011,-4e-05,-0.00059,0.00034,-0.0002,0
7497,-0.00015,-4e-05,-0.00016,-0.0011,-4e-05,-0.00059,0.00034,-0.0002,0
7498,-0.00015,-4e-05,-0.00016,-0.0011,-4e-05,-0.00059,0.00034,-0.0002,0
7499,-0.00015,-4e-05,-0.00016,-0.0011,-4e-05,-0.00059,0.00034,-0.0002,0
7500,-0.00015,-4e-05,-0.00016,-0.0011,-4e-05,-0.00059,0.00034,-0.0002,0
7501,-0.00015,-4e-05,-0.00016,-0.0011,-4e-05,-0.00059,0.00034,-0.0002,0
7502,-0.00015,-4e-05,-0.00016,-0.0011,-4e-05,-0.00059,0.00034,-0.0002,0
7503,-0.00015,-4e-05,-0.00016,-0.0011,-4e-05,-0.00059,0.00034,-0.0002,0
7504,-0.00015,-4e-05,-0.00016,-0.0011,-4e-05,-0.00059,0.00034,-0.0002,0
7505,-0.00015,-4e-05,-0.00016,-0.0011,-4e-05,-0.00059,0.00034,-0.0002,0
7506,-0.00015,-4e-05,-0.00016,-0.0011,-4e-05,-0.00059,0.00034,-0.0002,0
7507,-0.00015,-4e-05,-0.00016,-0.0011,-4e-05,-0.00059,0.00034,-0.0002,0
7508,-0.00015,-4e-05,-0.00016,-0.0011,-4e-05,-0.00059,0.00034,-0.0002,0
7509,-0.00015,-4e-05,-0.00016,-0.0011,-4e-05,-0.00059,0.00034,-0.0002,0
7510,-0.00016,0.0,-9e-05,-0.00087,-1e-05,0.00013,0.00048,-0.00032,0
7511,-7e-05,-3e-05,4e-05,0.0001,0.0003,9e-05,-0.00102,-0.00032,0
7512,-7e-05,-3e-05,4e-05,0.0001,0.0003,9e-05,-0.00102,-0.00032,0
7513,-7e-05,-3e-05,4e-05,0.0001,0.0003,9e-05,-0.00102,-0.00032,0
7514,-7e-05,-3e-05,4e-05,0.0001,0.0003,9e-05,-0.00102,-0.00032,0
7515,-7e-05,-3e-05,4e-05,0.0001,0.0003,9e-05,-0.00102,-0.00032,0
7516,-7e-05,-3e-05,4e-05,0.0001,0.0003,9e-05,-0.00102,-0.00032,0
7517,-7e-05,-3e-05,4e-05,0.0001,0.0003,9e-05,-0.00102,-0.00032,0
7518,-7e-05,-3e-05,4e-05,0.0001,0.0003,9e-05,-0.00102,-0.00032,0
7519,-7e-05,-3e-05,4e-05,0.0001,0.0003,9e-05,-0.00102,-0.00032,0
7520,-7e-05,-3e-05,4e-05,0.0001,0.0003,9e-05,-0.00102,-0.00032,0
7521,-7e-05,-3e-05,4e-05,0.0001,0.0003,9e-05,-0.00102,-0.00032,0
7522,-7e-05,-3e-05,4e-05,0.0001,0.0003,9e-05,-0.00102,-0.00032,0
7523,-7e-05,-3e-05,4e-05,0.0001,0.0003,9e-05,-0.00102,-0.00032,0
7524,-7e-05,-3e-05,4e-05,0.0001,0.0003,9e-05,-0.00102,-0.00032,0
7525,-7e-05,-3e-05,4e-05,0.0001,0.0003,9e-05,-0.00102,-0.00032,0
7526,-7e-05,-3e-05,4e-05,0.0001,0.0003,9e-05,-0.00102,-0.00032,0
7527,-7e-05,-3e-05,4e-05,0.0001,0.0003,9e-05,-0.00102,-0.00032,0
7528,-7e-05,-3e-05,4e-05,0.0001,0.0003,9e-05,-0.00102,-0.00032,0
7529,-7e-05,-3e-05,4e-05,0.0001,0.0003,9e-05,-0.00102,-0.00032,0
7530,-7e-05,-3e-05,4e-05,0.0001,0.0003,9e-05,-0.00102,-0.00032,0
7531,-7e-05,-3e-05,4e-05,0.0001,0.0003,9e-05,-0.00102,-0.00032,0
7532,0.00041,-1e-05,6e-05,0.00045,0.00036,-0.00024,0.00083,7e-05,0
7533,6e-05,-8e-05,-0.00019,-0.00013,-0.00027,-8e-05,-0.00091,-0.00043,0
7534,6e-05,-8e-05,-0.00019,-0.00013,-0.00027,-8e-05,-0.00091,-0.00043,0
7535,6e-05,-8e-05,-0.00019,-0.00013,-0.00027,-8e-05,-0.00091,-0.00043,0
7536,6e-05,-8e-05,-0.00019,-0.00013,-0.00027,-8e-05,-0.00091,-0.00043,0
7538,6e-05,-8e-05,-0.00019,-0.00013,-0.00027,-8e-05,-0.00091,-0.00043,0
7539,6e-05,-8e-05,-0.00019,-0.00013,-0.00027,-8e-05,-0.00091,-0.00043,0
7540,6e-05,-8e-05,-0.00019,-0.00013,-0.00027,-8e-05,-0.00091,-0.00043,0
7541,6e-05,-8e-05,-0.00019,-0.00013,-0.00027,-8e-05,-0.00091,-0.00043,0
7542,6e-05,-8e-05,-0.00019,-0.00013,-0.00027,-8e-05,-0.00091,-0.00043,0
7543,6e-05,-8e-05,-0.00019,-0.00013,-0.00027,-8e-05,-0.00091,-0.00043,0
7544,6e-05,-8e-05,-0.00019,-0.00013,-0.00027,-8e-05,-0.00091,-0.00043,0
7545,6e-05,-8e-05,-0.00019,-0.00013,-0.00027,-8e-05,-0.00091,-0.00043,0
7546,6e-05,-8e-05,-0.00019,-0.00013,-0.00027,-8e-05,-0.00091,-0.00043,0
7547,-0.00044,-7e-05,-5e-05,-0.00081,-0.00057,-0.00028,-0.00073,-0.00012,0
7549,-0.00044,-7e-05,-5e-05,-0.00081,-0.00057,-0.00028,-0.00073,-0.00012,0
7550,-0.00044,-7e-05,-5e-05,-0.00081,-0.00057,-0.00028,-0.00073,-0.00012,0
7551,-0.00044,-7e-05,-5e-05,-0.00081,-0.00057,-0.00028,-0.00073,-0.00012,0
7552,-0.00044,-7e-05,-5e-05,-0.00081,-0.00057,-0.00028,-0.00073,-0.00012,0
7553,-0.00044,-7e-05,-5e-05,-0.00081,-0.00057,-0.00028,-0.00073,-0.00012,0
7554,-0.00044,-7e-05,-5e-05,-0.00081,-0.00057,-0.00028,-0.00073,-0.00012,0
7555,-0.00044,-7e-05,-5e-05,-0.00081,-0.00057,-0.00028,-0.00073,-0.00012,0
7556,-0.00044,-7e-05,-5e-05,-0.00081,-0.00057,-0.00028,-0.00073,-0.00012,0
7557,-0.00044,-7e-05,-5e-05,-0.00081,-0.00057,-0.00028,-0.00073,-0.00012,0
7558,-0.00044,-7e-05,-5e-05,-0.00081,-0.00057,-0.00028,-0.00073,-0.00012,0
7559,-0.00044,-7e-05,-5e-05,-0.00081,-0.00057,-0.00028,-0.00073,-0.00012,0
7560,-0.00044,-7e-05,-5e-05,-0.00081,-0.00057,-0.00028,-0.00073,-0.00012,0
7561,-0.00044,-7e-05,-5e-05,-0.00081,-0.00057,-0.00028,-0.00073,-0.00012,0
7562,-0.00044,-7e-05,-5e-05,-0.00081,-0.00057,-0.00028,-0.00073,-0.00012,0
7563,-0.00044,-7e-05,-5e-05,-0.00081,-0.00057,-0.00028,-0.00073,-0.00012,0
7564,-0.00044,-7e-05,-5e-05,-0.00081,-0.00057,-0.00028,-0.00073,-0.00012,0
7565,-0.00044,-7e-05,-5e-05,-0.00081,-0.00057,-0.00028,-0.00073,-0.00012,0
7566,-0.00044,-7e-05,-5e-05,-0.00081,-0.00057,-0.00028,-0.00073,-0.00012,0
7567,-0.00044,-7e-05,-5e-05,-0.00081,-0.00057,-0.00028,-0.00073,-0.00012,0
7568,-0.00044,-7e-05,-5e-05,-0.00081,-0.00057,-0.00028,-0.00073,-0.00012,0
7569,-0.00044,-7e-05,-5e-05,-0.00081,-0.00057,-0.00028,-0.00073,-0.00012,0
7570,-4e-05,7e-05,0.00039,0.00061,0.00041,-0.00021,-0.00128,-3e-05,0
7571,-0.00027,3e-05,-0.00011,-0.00047,-0.00066,-0.00053,0.00119,-1e-05,0
7572,-0.00027,3e-05,-0.00011,-0.00047,-0.00066,-0.00053,0.00119,-1e-05,0
7573,-0.00027,3e-05,-0.00011,-0.00047,-0.00066,-0.00053,0.00119,-1e-05,0
7574,-0.00027,3e-05,-0.00011,-0.00047,-0.00066,-0.00053,0.00119,-1e-05,0
7575,-0.00027,3e-05,-0.00011,-0.00047,-0.00066,-0.00053,0.00119,-1e-05,0
7576,-0.00027,3e-05,-0.00011,-0.00047,-0.00066,-0.00053,0.00119,-1e-05,0
7577,-0.00027,3e-05,-0.00011,-0.00047,-0.00066,-0.00053,0.00119,-1e-05,0
7578,-0.00027,3e-05,-0.00011,-0.00047,-0.00066,-0.00053,0.00119,-1e-05,0
7579,-0.00027,3e-05,-0.00011,-0.00047,-0.00066,-0.00053,0.00119,-1e-05,0
7580,-0.00027,3e-05,-0.00011,-0.00047,-0.00066,-0.00053,0.00119,-1e-05,0
7581,-0.00027,3e-05,-0.00011,-0.00047,-0.00066,-0.00053,0.00119,-1e-05,0
7582,-0.00027,3e-05,-0.00011,-0.00047,-0.00066,-0.00053,0.00119,-1e-05,0
7583,-0.00027,3e-05,-0.00011,-0.00047,-0.00066,-0.00053,0.00119,-1e-05,0
7584,-0.00027,3e-05,-0.00011,-0.00047,-0.00066,-0.00053,0.00119,-1e-05,0
7585,-0.00027,3e-05,-0.00011,-0.00047,-0.00066,-0.00053,0.00119,-1e-05,0
7586,-0.00027,3e-05,-0.00011,-0.00047,-0.00066,-0.00053,0.00119,-1e-05,0
7588,-0.00027,3e-05,-0.00011,-0.00047,-0.00066,-0.00053,0.00119,-1e-05,0
7589,-0.00027,3e-05,-0.00011,-0.00047,-0.00066,-0.00053,0.00119,-1e-05,0
7590,-0.00027,3e-05,-0.00011,-0.00047,-0.00066,-0.00053,0.00119,-1e-05,0
7591,-0.00027,3e-05,-0.00011,-0.00047,-0.00066,-0.00053,0.00119,-1e-05,0
7592,3e-05,-0.00011,-0.00012,-0.00014,-0.00015,0.00044,-0.00066,-0.00014,0
7593,0.00086,0.00028,0.00031,0.00127,0.00053,0.00019,0.00085,0.00045,0
7594,0.00086,0.00028,0.00031,0.00127,0.00053,0.00019,0.00085,0.00045,0
7595,0.00086,0.00028,0.00031,0.00127,0.00053,0.00019,0.00085,0.00045,0
7596,0.00086,0.00028,0.00031,0.00127,0.00053,0.00019,0.00085,0.00045,0
7597,0.00086,0.00028,0.00031,0.00127,0.00053,0.00019,0.00085,0.00045,0
7598,0.00086,0.00028,0.00031,0.00127,0.00053,0.00019,0.00085,0.00045,0
7599,0.00086,0.00028,0.00031,0.00127,0.00053,0.00019,0.00085,0.00045,0
7600,0.00086,0.00028,0.00031,0.00127,0.00053,0.00019,0.00085,0.00045,0
7601,0.00086,0.00028,0.00031,0.00127,0.00053,0.00019,0.00085,0.00045,0
7602,0.00086,0.00028,0.00031,0.00127,0.00053,0.00019,0.00085,0.00045,0
7603,0.00086,0.00028,0.00031,0.00127,0.00053,0.00019,0.00085,0.00045,0
7604,0.00086,0.00028,0.00031,0.00127,0.00053,0.00019,0.00085,0.00045,0
7605,0.00086,0.00028,0.00031,0.00127,0.00053,0.00019,0.00085,0.00045,0
7606,0.00086,0.00028,0.00031,0.00127,0.00053,0.00019,0.00085,0.00045,0
7607,-1e-05,-3e-05,-1e-05,-0.00069,7e-05,0.00057,-0.00092,0.00013,0
7608,-0.0001,-1e-05,6e-05,6e-05,-0.0005,-0.00128,-0.0005,0.00028,0
7609,-0.0001,-1e-05,6e-05,6e-05,-0.0005,-0.00128,-0.0005,0.00028,0
7610,-0.0001,-1e-05,6e-05,6e-05,-0.0005,-0.00128,-0.0005,0.00028,0
7611,-0.0001,-1e-05,6e-05,6e-05,-0.0005,-0.00128,-0.0005,0.00028,0
7612,-0.0001,-1e-05,6e-05,6e-05,-0.0005,-0.00128,-0.0005,0.00028,0
7613,-0.0001,-1e-05,6e-05,6e-05,-0.0005,-0.00128,-0.0005,0.00028,0
7614,-0.0001,-1e-05,6e-05,6e-05,-0.0005,-0.00128,-0.0005,0.00028,0
7615,-0.0001,-1e-05,6e-05,6e-05,-0.0005,-0.00128,-0.0005,0.00028,0
7616,-0.0001,-1e-05,6e-05,6e-05,-0.0005,-0.00128,-0.0005,0.00028,0
7617,-0.0001,-1e-05,6e-05,6e-05,-0.0005,-0.00128,-0.0005,0.00028,0
7618,-0.0001,-1e-05,6e-05,6e-05,-0.0005,-0.00128,-0.0005,0.00028,0
7619,-0.0001,-1e-05,6e-05,6e-05,-0.0005,-0.00128,-0.0005,0.00028,0
7620,-0.0001,-1e-05,6e-05,6e-05,-0.0005,-0.00128,-0.0005,0.00028,0
7621,-0.0001,-1e-05,6e-05,6e-05,-0.0005,-0.00128,-0.0005,0.00028,0
7622,-0.0001,-1e-05,6e-05,6e-05,-0.0005,-0.00128,-0.0005,0.00028,0
7623,-0.0001,-1e-05,6e-05,6e-05,-0.0005,-0.00128,-0.0005,0.00028,0
7624,-0.0001,-1e-05,6e-05,6e-05,-0.0005,-0.00128,-0.0005,0.00028,0
7625,-0.0001,-1e-05,6e-05,6e-05,-0.0005,-0.00128,-0.0005,0.00028,0
7626,-0.0001,-1e-05,6e-05,6e-05,-0.0005,-0.00128,-0.0005,0.00028,0
7627,-0.0001,-1e-05,6e-05,6e-05,-0.0005,-0.00128,-0.0005,0.00028,0
7628,-0.0001,-1e-05,6e-05,6e-05,-0.0005,-0.00128,-0.0005,0.00028,0
7629,-0.0001,-1e-05,6e-05,6e-05,-0.0005,-0.00128,-0.0005,0.00028,0
7630,-0.0005,-0.00042,-0.0001,-0.00041,-0.00096,-0.00078,-0.00114,-0.00062,0
7631,0.00057,0.0001,1e-05,0.0007,0.00084,7e-05,-0.00027,-2e-05,0
7632,0.00057,0.0001,1e-05,0.0007,0.00084,7e-05,-0.00027,-2e-05,0
7633,0.00057,0.0001,1e-05,0.0007,0.00084,7e-05,-0.00027,-2e-05,0
7634,0.00057,0.0001,1e-05,0.0007,0.00084,7e-05,-0.00027,-2e-05,0
7635,0.00057,0.0001,1e-05,0.0007,0.00084,7e-05,-0.00027,-2e-05,0
7636,0.00057,0.0001,1e-05,0.0007,0.00084,7e-05,-0.00027,-2e-05,0
7638,0.00057,0.0001,1e-05,0.0007,0.00084,7e-05,-0.00027,-2e-05,0
7639,0.00057,0.0001,1e-05,0.0007,0.00084,7e-05,-0.00027,-2e-05,0
7640,0.00057,0.0001,1e-05,0.0007,0.00084,7e-05,-0.00027,-2e-05,0
7641,0.00057,0.0001,1e-05,0.0007,0.00084,7e-05,-0.00027,-2e-05,0
7642,0.00057,0.0001,1e-05,0.0007,0.00084,7e-05,-0.00027,-2e-05,0
7643,0.00057,0.0001,1e-05,0.0007,0.00084,7e-05,-0.00027,-2e-05,0
7644,0.00057,0.0001,1e-05,0.0007,0.00084,7e-05,-0.00027,-2e-05,0
7645,0.00057,0.0001,1e-05,0.0007,0.00084,7e-05,-0.00027,-2e-05,0
7646,0.00057,0.0001,1e-05,0.0007,0.00084,7e-05,-0.00027,-2e-05,0
7647,0.00057,0.0001,1e-05,0.0007,0.00084,7e-05,-0.00027,-2e-05,0
7648,0.00057,0.0001,1e-05,0.0007,0.00084,7e-05,-0.00027,-2e-05,0
7649,0.00057,0.0001,1e-05,0.0007,0.00084,7e-05,-0.00027,-2e-05,0
7650,0.00057,0.0001,1e-05,0.0007,0.00084,7e-05,-0.00027,-2e-05,0
7651,0.00057,0.0001,1e-05,0.0007,0.00084,7e-05,-0.00027,-2e-05,0
7652,0.00025,2e-05,2e-05,-0.00051,-0.00025,-0.00083,-0.00069,-0.00028,0
7653,-0.00037,-0.00011,9e-05,0.00047,-9e-05,-0.00012,7e-05,-0.00021,0
7654,-0.00037,-0.00011,9e-05,0.00047,-9e-05,-0.00012,7e-05,-0.00021,0
7655,-0.00037,-0.00011,9e-05,0.00047,-9e-05,-0.00012,7e-05,-0.00021,0
7656,-0.00037,-0.00011,9e-05,0.00047,-9e-05,-0.00012,7e-05,-0.00021,0
7657,-0.00037,-0.00011,9e-05,0.00047,-9e-05,-0.00012,7e-05,-0.00021,0
7658,-0.00037,-0.00011,9e-05,0.00047,-9e-05,-0.00012,7e-05,-0.00021,0
7659,-0.00037,-0.00011,9e-05,0.00047,-9e-05,-0.00012,7e-05,-0.00021,0
7660,-0.00037,-0.00011,9e-05,0.00047,-9e-05,-0.00012,7e-05,-0.00021,0
7661,-0.00037,-0.00011,9e-05,0.00047,-9e-05,-0.00012,7e-05,-0.00021,0
7662,-0.00037,-0.00011,9e-05,0.00047,-9e-05,-0.00012,7e-05,-0.00021,0
7663,-0.00037,-0.00011,9e-05,0.00047,-9e-05,-0.00012,7e-05,-0.00021,0
7664,-0.00037,-0.00011,9e-05,0.00047,-9e-05,-0.00012,7e-05,-0.00021,0
7665,-0.00037,-0.00011,9e-05,0.00047,-9e-05,-0.00012,7e-05,-0.00021,0
7666,-0.00037,-0.00011,9e-05,0.00047,-9e-05,-0.00012,7e-05,-0.00021,0
7667,-0.00062,0.00024,0.00015,0.00039,0.00077,-0.0002,0.00052,6e-05,0
7668,-0.00057,-0.00022,-7e-05,-0.00019,-0.00021,0.00019,0.00126,0.00018,0
7669,-0.00057,-0.00022,-7e-05,-0.00019,-0.00021,0.00019,0.00126,0.00018,0
7670,-0.00057,-0.00022,-7e-05,-0.00019,-0.00021,0.00019,0.00126,0.00018,0
7671,-0.00057,-0.00022,-7e-05,-0.00019,-0.00021,0.00019,0.00126,0.00018,0
7672,-0.00057,-0.00022,-7e-05,-0.00019,-0.00021,0.00019,0.00126,0.00018,0
7673,-0.00057,-0.00022,-7e-05,-0.00019,-0.00021,0.00019,0.00126,0.00018,0
7674,-0.00057,-0.00022,-7e-05,-0.00019,-0.00021,0.00019,0.00126,0.00018,0
7675,-0.00057,-0.00022,-7e-05,-0.00019,-0.00021,0.00019,0.00126,0.00018,0
7676,-0.00057,-0.00022,-7e-05,-0.00019,-0.00021,0.00019,0.00126,0.00018,0
7677,-0.00057,-0.00022,-7e-05,-0.00019,-0.00021,0.00019,0.00126,0.00018,0
7678,-0.00057,-0.00022,-7e-05,-0.00019,-0.00021,0.00019,0.00126,0.00018,0
7679,-0.00057,-0.00022,-7e-05,-0.00019,-0.00021,0.00019,0.00126,0.00018,0
7680,-0.00057,-0.00022,-7e-05,-0.00019,-0.00021,0.00019,0.00126,0.00018,0
7681,-0.00057,-0.00022,-7e-05,-0.00019,-0.00021,0.00019,0.00126,0.00018,0
7682,-0.00057,-0.00022,-7e-05,-0.00019,-0.00021,0.00019,0.00126,0.00018,0
7683,-0.00057,-0.00022,-7e-05,-0.00019,-0.00021,0.00019,0.00126,0.00018,0
7684,-0.00057,-0.00022,-7e-05,-0.00019,-0.00021,0.00019,0.00126,0.00018,0
7685,-0.00057,-0.00022,-7e-05,-0.00019,-0.00021,0.00019,0.00126,0.00018,0
7686,-0.00057,-0.00022,-7e-05,-0.00019,-0.00021,0.00019,0.00126,0.00018,0
7688,-0.00057,-0.00022,-7e-05,-0.00019,-0.00021,0.00019,0.00126,0.00018,0
7689,-0.00057,-0.00022,-7e-05,-0.00019,-0.00021,0.00019,0.00126,0.00018,0
7690,0.0004,7e-05,0.00015,0.00064,0.00052,0.00062,-0.00024,7e-05,0
7691,-0.00013,2e-05,-9e-05,2e-05,-3e-05,0.00031,0.00042,0.00021,0
7692,-0.00013,2e-05,-9e-05,2e-05,-3e-05,0.00031,0.00042,0.00021,0
7693,-0.00013,2e-05,-9e-05,2e-05,-3e-05,0.00031,0.00042,0.00021,0
7694,-0.00013,2e-05,-9e-05,2e-05,-3e-05,0.00031,0.00042,0.00021,0
7695,-0.00013,2e-05,-9e-05,2e-05,-3e-05,0.00031,0.00042,0.00021,0
7696,-0.00013,2e-05,-9e-05,2e-05,-3e-05,0.00031,0.00042,0.00021,0
7697,-0.00013,2e-05,-9e-05,2e-05,-3e-05,0.00031,0.00042,0.00021,0
7698,-0.00013,2e-05,-9e-05,2e-05,-3e-05,0.00031,0.00042,0.00021,0
7699,-0.00013,2e-05,-9e-05,2e-05,-3e-05,0.00031,0.00042,0.00021,0
7700,-0.00013,2e-05,-9e-05,2e-05,-3e-05,0.00031,0.00042,0.00021,0
7701,-0.00013,2e-05,-9e-05,2e-05,-3e-05,0.00031,0.00042,0.00021,0
7702,-0.00013,2e-05,-9e-05,2e-05,-3e-05,0.00031,0.00042,0.00021,0
7703,-0.00013,2e-05,-9e-05,2e-05,-3e-05,0.00031,0.00042,0.00021,0
7704,-0.00013,2e-05,-9e-05,2e-05,-3e-05,0.00031,0.00042,0.00021,0
7705,-0.00013,2e-05,-9e-05,2e-05,-3e-05,0.00031,0.00042,0.00021,0
7706,-0.00013,2e-05,-9e-05,2e-05,-3e-05,0.00031,0.00042,0.00021,0
7707,-0.00013,2e-05,-9e-05,2e-05,-3e-05,0.00031,0.00042,0.00021,0
7708,-0.00013,2e-05,-9e-05,2e-05,-3e-05,0.00031,0.00042,0.00021,0
7709,-0.00013,2e-05,-9e-05,2e-05,-3e-05,0.00031,0.00042,0.00021,0
7710,-0.00013,2e-05,-9e-05,2e-05,-3e-05,0.00031,0.00042,0.00021,0
7711,-0.00013,2e-05,-9e-05,2e-05,-3e-05,0.00031,0.00042,0.00021,0
7712,0.0006,0.00011,2e-05,0.00026,0.00041,0.00041,-0.00011,4e-05,0
7713,0.00053,-0.00013,2e-05,-2e-05,0.00043,0.00096,-0.00018,-2e-05,0
7714,0.00053,-0.00013,2e-05,-2e-05,0.00043,0.00096,-0.00018,-2e-05,0
7715,0.00053,-0.00013,2e-05,-2e-05,0.00043,0.00096,-0.00018,-2e-05,0
7716,0.00053,-0.00013,2e-05,-2e-05,0.00043,0.00096,-0.00018,-2e-05,0
7717,0.00053,-0.00013,2e-05,-2e-05,0.00043,0.00096,-0.00018,-2e-05,0
7718,0.00053,-0.00013,2e-05,-2e-05,0.00043,0.00096,-0.00018,-2e-05,0
7719,0.00053,-0.00013,2e-05,-2e-05,0.00043,0.00096,-0.00018,-2e-05,0
7720,0.00053,-0.00013,2e-05,-2e-05,0.00043,0.00096,-0.00018,-2e-05,0
7721,0.00053,-0.00013,2e-05,-2e-05,0.00043,0.00096,-0.00018,-2e-05,0
7722,0.00053,-0.00013,2e-05,-2e-05,0.00043,0.00096,-0.00018,-2e-05,0
7723,0.00053,-0.00013,2e-05,-2e-05,0.00043,0.00096,-0.00018,-2e-05,0
7724,0.00053,-0.00013,2e-05,-2e-05,0.00043,0.00096,-0.00018,-2e-05,0
7725,0.00053,-0.00013,2e-05,-2e-05,0.00043,0.00096,-0.00018,-2e-05,0
7726,0.00053,-0.00013,2e-05,-2e-05,0.00043,0.00096,-0.00018,-2e-05,0
7727,0.0004,-5e-05,0.00013,0.00033,-0.00013,-0.00011,0.00043,6e-05,0
7728,0.0004,-5e-05,0.00013,0.00033,-0.00013,-0.00011,0.00043,6e-05,0
7729,0.0004,-5e-05,0.00013,0.00033,-0.00013,-0.00011,0.00043,6e-05,0
7730,0.0004,-5e-05,0.00013,0.00033,-0.00013,-0.00011,0.00043,6e-05,0
7731,0.0004,-5e-05,0.00013,0.00033,-0.00013,-0.00011,0.00043,6e-05,0
7732,0.0004,-5e-05,0.00013,0.00033,-0.00013,-0.00011,0.00043,6e-05,0
7733,0.0004,-5e-05,0.00013,0.00033,-0.00013,-0.00011,0.00043,6e-05,0
7734,0.0004,-5e-05,0.00013,0.00033,-0.00013,-0.00011,0.00043,6e-05,0
7735,0.00079,3e-05,-3e-05,-0.00045,-0.00021,-8e-05,-0.00044,0.00022,0
7736,0.00079,3e-05,-3e-05,-0.00045,-0.00021,-8e-05,-0.00044,0.00022,0
7738,0.00079,3e-05,-3e-05,-0.00045,-0.00021,-8e-05,-0.00044,0.00022,0
7739,0.00079,3e-05,-3e-05,-0.00045,-0.00021,-8e-05,-0.00044,0.00022,0
7740,0.00079,3e-05,-3e-05,-0.00045,-0.00021,-8e-05,-0.00044,0.00022,0
7741,0.00079,3e-05,-3e-05,-0.00045,-0.00021,-8e-05,-0.00044,0.00022,0
7742,0.00079,3e-05,-3e-05,-0.00045,-0.00021,-8e-05,-0.00044,0.00022,0
7743,0.00079,3e-05,-3e-05,-0.00045,-0.00021,-8e-05,-0.00044,0.00022,0
7744,0.00079,3e-05,-3e-05,-0.00045,-0.00021,-8e-05,-0.00044,0.00022,0
7745,0.00079,3e-05,-3e-05,-0.00045,-0.00021,-8e-05,-0.00044,0.00022,0
7746,0.00079,3e-05,-3e-05,-0.00045,-0.00021,-8e-05,-0.00044,0.00022,0
7747,0.00079,3e-05,-3e-05,-0.00045,-0.00021,-8e-05,-0.00044,0.00022,0
7748,0.00079,3e-05,-3e-05,-0.00045,-0.00021,-8e-05,-0.00044,0.00022,0
7749,0.00079,3e-05,-3e-05,-0.00045,-0.00021,-8e-05,-0.00044,0.00022,0
7750,0.00036,0.0,3e-05,-0.00025,0.0,0.00038,-0.00023,9e-05,0
7751,2e-05,2e-05,-3e-05,0.00028,4e-05,-0.00014,-0.00048,-0.00013,0
7752,2e-05,2e-05,-3e-05,0.00028,4e-05,-0.00014,-0.00048,-0.00013,0
7753,2e-05,2e-05,-3e-05,0.00028,4e-05,-0.00014,-0.00048,-0.00013,0
7754,2e-05,2e-05,-3e-05,0.00028,4e-05,-0.00014,-0.00048,-0.00013,0
7755,2e-05,2e-05,-3e-05,0.00028,4e-05,-0.00014,-0.00048,-0.00013,0
7756,2e-05,2e-05,-3e-05,0.00028,4e-05,-0.00014,-0.00048,-0.00013,0
7757,2e-05,2e-05,-3e-05,0.00028,4e-05,-0.00014,-0.00048,-0.00013,0
7758,2e-05,2e-05,-3e-05,0.00028,4e-05,-0.00014,-0.00048,-0.00013,0
7759,2e-05,2e-05,-3e-05,0.00028,4e-05,-0.00014,-0.00048,-0.00013,0
7760,2e-05,2e-05,-3e-05,0.00028,4e-05,-0.00014,-0.00048,-0.00013,0
7761,2e-05,2e-05,-3e-05,0.00028,4e-05,-0.00014,-0.00048,-0.00013,0
7762,2e-05,2e-05,-3e-05,0.00028,4e-05,-0.00014,-0.00048,-0.00013,0
7763,2e-05,2e-05,-3e-05,0.00028,4e-05,-0.00014,-0.00048,-0.00013,0
7764,2e-05,2e-05,-3e-05,0.00028,4e-05,-0.00014,-0.00048,-0.00013,0
7765,2e-05,2e-05,-3e-05,0.00028,4e-05,-0.00014,-0.00048,-0.00013,0
7766,2e-05,2e-05,-3e-05,0.00028,4e-05,-0.00014,-0.00048,-0.00013,0
7767,2e-05,2e-05,-3e-05,0.00028,4e-05,-0.00014,-0.00048,-0.00013,0
7768,2e-05,2e-05,-3e-05,0.00028,4e-05,-0.00014,-0.00048,-0.00013,0
7769,2e-05,2e-05,-3e-05,0.00028,4e-05,-0.00014,-0.00048,-0.00013,0
7770,2e-05,2e-05,-3e-05,0.00028,4e-05,-0.00014,-0.00048,-0.00013,0
7771,2e-05,2e-05,-3e-05,0.00028,4e-05,-0.00014,-0.00048,-0.00013,0
7772,-0.00033,-2e-05,8e-05,3e-05,-1e-05,0.00022,0.00011,-7e-05,0
7773,-0.00014,5e-05,1e-05,0.00016,0.00027,-7e-05,-0.00012,-2e-05,0
7774,-0.00014,5e-05,1e-05,0.00016,0.00027,-7e-05,-0.00012,-2e-05,0
7775,-0.00014,5e-05,1e-05,0.00016,0.00027,-7e-05,-0.00012,-2e-05,0
7776,-0.00014,5e-05,1e-05,0.00016,0.00027,-7e-05,-0.00012,-2e-05,0
7777,-0.00014,5e-05,1e-05,0.00016,0.00027,-7e-05,-0.00012,-2e-05,0
7778,-0.00014,5e-05,1e-05,0.00016,0.00027,-7e-05,-0.00012,-2e-05,0
7779,-0.00014,5e-05,1e-05,0.00016,0.00027,-7e-05,-0.00012,-2e-05,0
7780,-0.00014,5e-05,1e-05,0.00016,0.00027,-7e-05,-0.00012,-2e-05,0
7781,-0.00014,5e-05,1e-05,0.00016,0.00027,-7e-05,-0.00012,-2e-05,0
7782,-0.00014,5e-05,1e-05,0.00016,0.00027,-7e-05,-0.00012,-2e-05,0
7783,-0.00014,5e-05,1e-05,0.00016,0.00027,-7e-05,-0.00012,-2e-05,0
7784,-0.00014,5e-05,1e-05,0.00016,0.00027,-7e-05,-0.00012,-2e-05,0
7785,-0.00014,5e-05,1e-05,0.00016,0.00027,-7e-05,-0.00012,-2e-05,0
7786,3e-05,-3e-05,3e-05,0.00038,-1e-05,-3e-05,-0.00013,0.0,0
7788,-0.00036,-3e-05,3e-05,-0.00036,-0.00026,-2e-05,0.00019,-3e-05,0
7789,-0.00036,-3e-05,3e-05,-0.00036,-0.00026,-2e-05,0.00019,-3e-05,0
7790,-0.00036,-3e-05,3e-05,-0.00036,-0.00026,-2e-05,0.00019,-3e-05,0
7791,-0.00036,-3e-05,3e-05,-0.00036,-0.00026,-2e-05,0.00019,-3e-05,0
7792,-0.00036,-3e-05,3e-05,-0.00036,-0.00026,-2e-05,0.00019,-3e-05,0
7793,-0.00036,-3e-05,3e-05,-0.00036,-0.00026,-2e-05,0.00019,-3e-05,0
7794,-0.00036,-3e-05,3e-05,-0.00036,-0.00026,-2e-05,0.00019,-3e-05,0
7795,-5e-05,1e-05,3e-05,-6e-05,5e-05,0.00011,-0.00026,-3e-05,0
7796,-5e-05,1e-05,3e-05,-6e-05,5e-05,0.00011,-0.00026,-3e-05,0
7797,-5e-05,1e-05,3e-05,-6e-05,5e-05,0.00011,-0.00026,-3e-05,0
7798,-5e-05,1e-05,3e-05,-6e-05,5e-05,0.00011,-0.00026,-3e-05,0
7799,-5e-05,1e-05,3e-05,-6e-05,5e-05,0.00011,-0.00026,-3e-05,0
7800,-5e-05,1e-05,3e-05,-6e-05,5e-05,0.00011,-0.00026,-3e-05,0
7801,-5e-05,1e-05,3e-05,-6e-05,5e-05,0.00011,-0.00026,-3e-05,0
7802,-5e-05,1e-05,3e-05,-6e-05,5e-05,0.00011,-0.00026,-3e-05,0
7803,-5e-05,1e-05,3e-05,-6e-05,5e-05,0.00011,-0.00026,-3e-05,0
7804,-5e-05,1e-05,3e-05,-6e-05,5e-05,0.00011,-0.00026,-3e-05,0
7805,-5e-05,1e-05,3e-05,-6e-05,5e-05,0.00011,-0.00026,-3e-05,0
7806,-5e-05,1e-05,3e-05,-6e-05,5e-05,0.00011,-0.00026,-3e-05,0
7807,-5e-05,1e-05,3e-05,-6e-05,5e-05,0.00011,-0.00026,-3e-05,0
7808,-5e-05,1e-05,3e-05,-6e-05,5e-05,0.00011,-0.00026,-3e-05,0
7809,-5e-05,1e-05,3e-05,-6e-05,5e-05,0.00011,-0.00026,-3e-05,0
7810,-4e-05,1e-05,-2e-05,4e-05,0.00012,0.0,0.00035,-2e-05,0
7811,-4e-05,1e-05,-2e-05,4e-05,0.00012,0.0,0.00035,-2e-05,0
7812,-4e-05,1e-05,-2e-05,4e-05,0.00012,0.0,0.00035,-2e-05,0
7813,-4e-05,1e-05,-2e-05,4e-05,0.00012,0.0,0.00035,-2e-05,0
7814,-4e-05,1e-05,-2e-05,4e-05,0.00012,0.0,0.00035,-2e-05,0
7815,-4e-05,1e-05,-2e-05,4e-05,0.00012,0.0,0.00035,-2e-05,0
7816,-4e-05,1e-05,-2e-05,4e-05,0.00012,0.0,0.00035,-2e-05,0
7817,-4e-05,1e-05,-2e-05,4e-05,0.00012,0.0,0.00035,-2e-05,0
7818,-4e-05,1e-05,-2e-05,4e-05,0.00012,0.0,0.00035,-2e-05,0
7819,-4e-05,1e-05,-2e-05,4e-05,0.00012,0.0,0.00035,-2e-05,0
7820,-4e-05,1e-05,-2e-05,4e-05,0.00012,0.0,0.00035,-2e-05,0
7821,-4e-05,1e-05,-2e-05,4e-05,0.00012,0.0,0.00035,-2e-05,0
7822,-4e-05,1e-05,-2e-05,4e-05,0.00012,0.0,0.00035,-2e-05,0
7823,-4e-05,1e-05,-2e-05,4e-05,0.00012,0.0,0.00035,-2e-05,0
7824,-4e-05,1e-05,-2e-05,4e-05,0.00012,0.0,0.00035,-2e-05,0
7825,-4e-05,1e-05,-2e-05,4e-05,0.00012,0.0,0.00035,-2e-05,0
7826,-4e-05,1e-05,-2e-05,4e-05,0.00012,0.0,0.00035,-2e-05,0
7827,-4e-05,1e-05,-2e-05,4e-05,0.00012,0.0,0.00035,-2e-05,0
7828,-4e-05,1e-05,-2e-05,4e-05,0.00012,0.0,0.00035,-2e-05,0
7829,-4e-05,1e-05,-2e-05,4e-05,0.00012,0.0,0.00035,-2e-05,0
7830,-4e-05,1e-05,-2e-05,4e-05,0.00012,0.0,0.00035,-2e-05,0
7831,-4e-05,1e-05,-2e-05,4e-05,0.00012,0.0,0.00035,-2e-05,0
7832,-0.00019,-8e-05,-8e-05,0.00015,-6e-05,-8e-05,0.00043,7e-05,0
7833,-0.00014,2e-05,0.0,-0.00011,1e-05,0.0,-0.00018,-0.00011,0
7834,-0.00014,2e-05,0.0,-0.00011,1e-05,0.0,-0.00018,-0.00011,0
7835,-0.00014,2e-05,0.0,-0.00011,1e-05,0.0,-0.00018,-0.00011,0
7836,-0.00014,2e-05,0.0,-0.00011,1e-05,0.0,-0.00018,-0.00011,0
7838,-0.00014,2e-05,0.0,-0.00011,1e-05,0.0,-0.00018,-0.00011,0
7839,-0.00014,2e-05,0.0,-0.00011,1e-05,0.0,-0.00018,-0.00011,0
7840,-0.00014,2e-05,0.0,-0.00011,1e-05,0.0,-0.00018,-0.00011,0
7841,-0.00014,2e-05,0.0,-0.00011,1e-05,0.0,-0.00018,-0.00011,0
7842,-0.00014,2e-05,0.0,-0.00011,1e-05,0.0,-0.00018,-0.00011,0
7843,-0.00014,2e-05,0.0,-0.00011,1e-05,0.0,-0.00018,-0.00011,0
7844,-0.00014,2e-05,0.0,-0.00011,1e-05,0.0,-0.00018,-0.00011,0
7845,-0.00014,2e-05,0.0,-0.00011,1e-05,0.0,-0.00018,-0.00011,0
7846,0.0001,0.0,-4e-05,-0.00015,-3e-05,-0.00014,-8e-05,5e-05,0
7847,-0.0002,-2e-05,1e-05,0.00014,1e-05,-6e-05,1e-05,-6e-05,0
7848,-0.0002,-2e-05,1e-05,0.00014,1e-05,-6e-05,1e-05,-6e-05,0
7849,-0.0002,-2e-05,1e-05,0.00014,1e-05,-6e-05,1e-05,-6e-05,0
7850,-0.0002,-2e-05,1e-05,0.00014,1e-05,-6e-05,1e-05,-6e-05,0
7851,-0.0002,-2e-05,1e-05,0.00014,1e-05,-6e-05,1e-05,-6e-05,0
7852,-0.0002,-2e-05,1e-05,0.00014,1e-05,-6e-05,1e-05,-6e-05,0
7853,-0.0002,-2e-05,1e-05,0.00014,1e-05,-6e-05,1e-05,-6e-05,0
7854,-0.0002,-2e-05,1e-05,0.00014,1e-05,-6e-05,1e-05,-6e-05,0
7855,-1e-05,-2e-05,-0.0001,-0.00024,-0.00011,-0.00014,-0.0002,0.0,0
7856,-1e-05,-2e-05,-0.0001,-0.00024,-0.00011,-0.00014,-0.0002,0.0,0
7857,-1e-05,-2e-05,-0.0001,-0.00024,-0.00011,-0.00014,-0.0002,0.0,0
7858,-1e-05,-2e-05,-0.0001,-0.00024,-0.00011,-0.00014,-0.0002,0.0,0
7859,-1e-05,-2e-05,-0.0001,-0.00024,-0.00011,-0.00014,-0.0002,0.0,0
7860,-1e-05,-2e-05,-0.0001,-0.00024,-0.00011,-0.00014,-0.0002,0.0,0
7861,-1e-05,-2e-05,-0.0001,-0.00024,-0.00011,-0.00014,-0.0002,0.0,0
7862,-1e-05,-2e-05,-0.0001,-0.00024,-0.00011,-0.00014,-0.0002,0.0,0
7863,-1e-05,-2e-05,-0.0001,-0.00024,-0.00011,-0.00014,-0.0002,0.0,0
7864,-1e-05,-2e-05,-0.0001,-0.00024,-0.00011,-0.00014,-0.0002,0.0,0
7865,-1e-05,-2e-05,-0.0001,-0.00024,-0.00011,-0.00014,-0.0002,0.0,0
7866,-1e-05,-2e-05,-0.0001,-0.00024,-0.00011,-0.00014,-0.0002,0.0,0
7867,-1e-05,-2e-05,-0.0001,-0.00024,-0.00011,-0.00014,-0.0002,0.0,0
7868,-1e-05,-2e-05,-0.0001,-0.00024,-0.00011,-0.00014,-0.0002,0.0,0
7869,-1e-05,-2e-05,-0.0001,-0.00024,-0.00011,-0.00014,-0.0002,0.0,0
7870,-9e-05,1e-05,-4e-05,-7e-05,-2e-05,-4e-05,-0.00017,0.0,0
7871,-9e-05,1e-05,-4e-05,-7e-05,-2e-05,-4e-05,-0.00017,0.0,0
7872,-9e-05,1e-05,-4e-05,-7e-05,-2e-05,-4e-05,-0.00017,0.0,0
7873,-9e-05,1e-05,-4e-05,-7e-05,-2e-05,-4e-05,-0.00017,0.0,0
7874,-9e-05,1e-05,-4e-05,-7e-05,-2e-05,-4e-05,-0.00017,0.0,0
7875,-9e-05,1e-05,-4e-05,-7e-05,-2e-05,-4e-05,-0.00017,0.0,0
7876,-9e-05,1e-05,-4e-05,-7e-05,-2e-05,-4e-05,-0.00017,0.0,0
7877,-9e-05,1e-05,-4e-05,-7e-05,-2e-05,-4e-05,-0.00017,0.0,0
7878,-9e-05,1e-05,-4e-05,-7e-05,-2e-05,-4e-05,-0.00017,0.0,0
7879,-9e-05,1e-05,-4e-05,-7e-05,-2e-05,-4e-05,-0.00017,0.0,0
7880,-9e-05,1e-05,-4e-05,-7e-05,-2e-05,-4e-05,-0.00017,0.0,0
7881,-9e-05,1e-05,-4e-05,-7e-05,-2e-05,-4e-05,-0.00017,0.0,0
7882,-9e-05,1e-05,-4e-05,-7e-05,-2e-05,-4e-05,-0.00017,0.0,0
7883,-9e-05,1e-05,-4e-05,-7e-05,-2e-05,-4e-05,-0.00017,0.0,0
7884,-9e-05,1e-05,-4e-05,-7e-05,-2e-05,-4e-05,-0.00017,0.0,0
7885,-9e-05,1e-05,-4e-05,-7e-05,-2e-05,-4e-05,-0.00017,0.0,0
7886,-9e-05,1e-05,-4e-05,-7e-05,-2e-05,-4e-05,-0.00017,0.0,0
7888,-9e-05,1e-05,-4e-05,-7e-05,-2e-05,-4e-05,-0.00017,0.0,0
7889,-9e-05,1e-05,-4e-05,-7e-05,-2e-05,-4e-05,-0.00017,0.0,0
7890,-9e-05,1e-05,-4e-05,-7e-05,-2e-05,-4e-05,-0.00017,0.0,0
7891,-9e-05,1e-05,-4e-05,-7e-05,-2e-05,-4e-05,-0.00017,0.0,0
7892,7e-05,3e-05,2e-05,5e-05,0.0,0.0,0.0,0.0,0
7893,-5e-05,-1e-05,-2e-05,-0.0001,-0.00026,-6e-05,-0.00012,-7e-05,0
7894,-5e-05,-1e-05,-2e-05,-0.0001,-0.00026,-6e-05,-0.00012,-7e-05,0
7895,-5e-05,-1e-05,-2e-05,-0.0001,-0.00026,-6e-05,-0.00012,-7e-05,0
7896,-5e-05,-1e-05,-2e-05,-0.0001,-0.00026,-6e-05,-0.00012,-7e-05,0
7897,-5e-05,-1e-05,-2e-05,-0.0001,-0.00026,-6e-05,-0.00012,-7e-05,0
7898,-5e-05,-1e-05,-2e-05,-0.0001,-0.00026,-6e-05,-0.00012,-7e-05,0
7899,-5e-05,-1e-05,-2e-05,-0.0001,-0.00026,-6e-05,-0.00012,-7e-05,0
7900,-5e-05,-1e-05,-2e-05,-0.0001,-0.00026,-6e-05,-0.00012,-7e-05,0
7901,-5e-05,-1e-05,-2e-05,-0.0001,-0.00026,-6e-05,-0.00012,-7e-05,0
7902,-5e-05,-1e-05,-2e-05,-0.0001,-0.00026,-6e-05,-0.00012,-7e-05,0
7903,-5e-05,-1e-05,-2e-05,-0.0001,-0.00026,-6e-05,-0.00012,-7e-05,0
7904,-5e-05,-1e-05,-2e-05,-0.0001,-0.00026,-6e-05,-0.00012,-7e-05,0
7905,-5e-05,-1e-05,-2e-05,-0.0001,-0.00026,-6e-05,-0.00012,-7e-05,0
7906,-7e-05,-6e-05,0.0,8e-05,0.00045,-1e-05,8e-05,-1e-05,0
7907,0.0,1e-05,-4e-05,-3e-05,-9e-05,-5e-05,-3e-05,-4e-05,0
7908,0.0,1e-05,-4e-05,-3e-05,-9e-05,-5e-05,-3e-05,-4e-05,0
7909,0.0,1e-05,-4e-05,-3e-05,-9e-05,-5e-05,-3e-05,-4e-05,0
7910,0.0,1e-05,-4e-05,-3e-05,-9e-05,-5e-05,-3e-05,-4e-05,0
7911,0.0,1e-05,-4e-05,-3e-05,-9e-05,-5e-05,-3e-05,-4e-05,0
7912,0.0,1e-05,-4e-05,-3e-05,-9e-05,-5e-05,-3e-05,-4e-05,0
7913,0.0,1e-05,-4e-05,-3e-05,-9e-05,-5e-05,-3e-05,-4e-05,0
7914,0.0,1e-05,-4e-05,-3e-05,-9e-05,-5e-05,-3e-05,-4e-05,0
7915,-7e-05,-1e-05,-3e-05,-4e-05,-8e-05,1e-05,-0.00014,-3e-05,0
7916,-7e-05,-1e-05,-3e-05,-4e-05,-8e-05,1e-05,-0.00014,-3e-05,0
7918,-7e-05,-1e-05,-3e-05,-4e-05,-8e-05,1e-05,-0.00014,-3e-05,0
7919,-7e-05,-1e-05,-3e-05,-4e-05,-8e-05,1e-05,-0.00014,-3e-05,0
7920,-7e-05,-1e-05,-3e-05,-4e-05,-8e-05,1e-05,-0.00014,-3e-05,0
7921,-7e-05,-1e-05,-3e-05,-4e-05,-8e-05,1e-05,-0.00014,-3e-05,0
7922,-7e-05,-1e-05,-3e-05,-4e-05,-8e-05,1e-05,-0.00014,-3e-05,0
7923,-7e-05,-1e-05,-3e-05,-4e-05,-8e-05,1e-05,-0.00014,-3e-05,0
7924,-7e-05,-1e-05,-3e-05,-4e-05,-8e-05,1e-05,-0.00014,-3e-05,0
7925,-7e-05,-1e-05,-3e-05,-4e-05,-8e-05,1e-05,-0.00014,-3e-05,0
7926,-7e-05,-1e-05,-3e-05,-4e-05,-8e-05,1e-05,-0.00014,-3e-05,0
7927,-7e-05,-1e-05,-3e-05,-4e-05,-8e-05,1e-05,-0.00014,-3e-05,0
7928,-7e-05,-1e-05,-3e-05,-4e-05,-8e-05,1e-05,-0.00014,-3e-05,0
7929,-7e-05,-1e-05,-3e-05,-4e-05,-8e-05,1e-05,-0.00014,-3e-05,0
7930,5e-05,3e-05,3e-05,3e-05,0.00031,4e-05,-3e-05,1e-05,0
7931,5e-05,3e-05,3e-05,3e-05,0.00031,4e-05,-3e-05,1e-05,0
7932,5e-05,3e-05,3e-05,3e-05,0.00031,4e-05,-3e-05,1e-05,0
7933,5e-05,3e-05,3e-05,3e-05,0.00031,4e-05,-3e-05,1e-05,0
7934,5e-05,3e-05,3e-05,3e-05,0.00031,4e-05,-3e-05,1e-05,0
7935,5e-05,3e-05,3e-05,3e-05,0.00031,4e-05,-3e-05,1e-05,0
7936,5e-05,3e-05,3e-05,3e-05,0.00031,4e-05,-3e-05,1e-05,0
7938,5e-05,3e-05,3e-05,3e-05,0.00031,4e-05,-3e-05,1e-05,0
7939,5e-05,3e-05,3e-05,3e-05,0.00031,4e-05,-3e-05,1e-05,0
7940,5e-05,3e-05,3e-05,3e-05,0.00031,4e-05,-3e-05,1e-05,0
7941,5e-05,3e-05,3e-05,3e-05,0.00031,4e-05,-3e-05,1e-05,0
7942,5e-05,3e-05,3e-05,3e-05,0.00031,4e-05,-3e-05,1e-05,0
7943,5e-05,3e-05,3e-05,3e-05,0.00031,4e-05,-3e-05,1e-05,0
7944,5e-05,3e-05,3e-05,3e-05,0.00031,4e-05,-3e-05,1e-05,0
7945,5e-05,3e-05,3e-05,3e-05,0.00031,4e-05,-3e-05,1e-05,0
7946,5e-05,3e-05,3e-05,3e-05,0.00031,4e-05,-3e-05,1e-05,0
7947,5e-05,3e-05,3e-05,3e-05,0.00031,4e-05,-3e-05,1e-05,0
7948,5e-05,3e-05,3e-05,3e-05,0.00031,4e-05,-3e-05,1e-05,0
7949,5e-05,3e-05,3e-05,3e-05,0.00031,4e-05,-3e-05,1e-05,0
7950,5e-05,3e-05,3e-05,3e-05,0.00031,4e-05,-3e-05,1e-05,0
7951,5e-05,3e-05,3e-05,3e-05,0.00031,4e-05,-3e-05,1e-05,0
7952,5e-05,3e-05,3e-05,3e-05,0.00031,4e-05,-3e-05,1e-05,0
7953,-5e-05,-3e-05,-2e-05,-0.00011,-0.00038,-8e-05,-1e-05,-1e-05,0
7954,-4e-05,-4e-05,-3e-05,-9e-05,-4e-05,-8e-05,-6e-05,0.0,0
7955,-4e-05,-4e-05,-3e-05,-9e-05,-4e-05,-8e-05,-6e-05,0.0,0
7956,-4e-05,-4e-05,-3e-05,-9e-05,-4e-05,-8e-05,-6e-05,0.0,0
7957,-4e-05,-4e-05,-3e-05,-9e-05,-4e-05,-8e-05,-6e-05,0.0,0
7958,-4e-05,-4e-05,-3e-05,-9e-05,-4e-05,-8e-05,-6e-05,0.0,0
7959,-4e-05,-4e-05,-3e-05,-9e-05,-4e-05,-8e-05,-6e-05,0.0,0
7960,-4e-05,-4e-05,-3e-05,-9e-05,-4e-05,-8e-05,-6e-05,0.0,0
7961,-4e-05,-4e-05,-3e-05,-9e-05,-4e-05,-8e-05,-6e-05,0.0,0
7962,-4e-05,-4e-05,-3e-05,-9e-05,-4e-05,-8e-05,-6e-05,0.0,0
7963,-4e-05,-4e-05,-3e-05,-9e-05,-4e-05,-8e-05,-6e-05,0.0,0
7964,-4e-05,-4e-05,-3e-05,-9e-05,-4e-05,-8e-05,-6e-05,0.0,0
7965,-4e-05,-4e-05,-3e-05,-9e-05,-4e-05,-8e-05,-6e-05,0.0,0
7966,-4e-05,-4e-05,-3e-05,-9e-05,-4e-05,-8e-05,-6e-05,0.0,0
7967,-8e-05,-7e-05,-8e-05,-9e-05,-0.00015,-4e-05,-5e-05,-3e-05,0
7968,-8e-05,-7e-05,-8e-05,-9e-05,-0.00015,-4e-05,-5e-05,-3e-05,0
7969,-8e-05,-7e-05,-8e-05,-9e-05,-0.00015,-4e-05,-5e-05,-3e-05,0
7970,-8e-05,-7e-05,-8e-05,-9e-05,-0.00015,-4e-05,-5e-05,-3e-05,0
7971,-8e-05,-7e-05,-8e-05,-9e-05,-0.00015,-4e-05,-5e-05,-3e-05,0
7972,-8e-05,-7e-05,-8e-05,-9e-05,-0.00015,-4e-05,-5e-05,-3e-05,0
7973,-8e-05,-7e-05,-8e-05,-9e-05,-0.00015,-4e-05,-5e-05,-3e-05,0
7974,-8e-05,-7e-05,-8e-05,-9e-05,-0.00015,-4e-05,-5e-05,-3e-05,0
7975,1e-05,0.0,2e-05,-1e-05,-7e-05,-2e-05,-4e-05,0.0,0
7976,1e-05,0.0,2e-05,-1e-05,-7e-05,-2e-05,-4e-05,0.0,0
7977,1e-05,0.0,2e-05,-1e-05,-7e-05,-2e-05,-4e-05,0.0,0
7978,1e-05,0.0,2e-05,-1e-05,-7e-05,-2e-05,-4e-05,0.0,0
7979,1e-05,0.0,2e-05,-1e-05,-7e-05,-2e-05,-4e-05,0.0,0
7980,1e-05,0.0,2e-05,-1e-05,-7e-05,-2e-05,-4e-05,0.0,0
7981,1e-05,0.0,2e-05,-1e-05,-7e-05,-2e-05,-4e-05,0.0,0
7982,1e-05,0.0,2e-05,-1e-05,-7e-05,-2e-05,-4e-05,0.0,0
7983,1e-05,0.0,2e-05,-1e-05,-7e-05,-2e-05,-4e-05,0.0,0
7984,1e-05,0.0,2e-05,-1e-05,-7e-05,-2e-05,-4e-05,0.0,0
7985,1e-05,0.0,2e-05,-1e-05,-7e-05,-2e-05,-4e-05,0.0,0
7986,1e-05,0.0,2e-05,-1e-05,-7e-05,-2e-05,-4e-05,0.0,0
7988,1e-05,0.0,2e-05,-1e-05,-7e-05,-2e-05,-4e-05,0.0,0
7989,1e-05,0.0,2e-05,-1e-05,-7e-05,-2e-05,-4e-05,0.0,0
7990,6e-05,-4e-05,-6e-05,2e-05,0.0002,-5e-05,0.0,-5e-05,0
7991,6e-05,-4e-05,-6e-05,2e-05,0.0002,-5e-05,0.0,-5e-05,0
7992,6e-05,-4e-05,-6e-05,2e-05,0.0002,-5e-05,0.0,-5e-05,0
7993,6e-05,-4e-05,-6e-05,2e-05,0.0002,-5e-05,0.0,-5e-05,0
7994,6e-05,-4e-05,-6e-05,2e-05,0.0002,-5e-05,0.0,-5e-05,0
7995,6e-05,-4e-05,-6e-05,2e-05,0.0002,-5e-05,0.0,-5e-05,0
7996,6e-05,-4e-05,-6e-05,2e-05,0.0002,-5e-05,0.0,-5e-05,0
7997,6e-05,-4e-05,-6e-05,2e-05,0.0002,-5e-05,0.0,-5e-05,0
7998,6e-05,-4e-05,-6e-05,2e-05,0.0002,-5e-05,0.0,-5e-05,0
7999,6e-05,-4e-05,-6e-05,2e-05,0.0002,-5e-05,0.0,-5e-05,0
8000,6e-05,-4e-05,-6e-05,2e-05,0.0002,-5e-05,0.0,-5e-05,0
8001,6e-05,-4e-05,-6e-05,2e-05,0.0002,-5e-05,0.0,-5e-05,0
8002,6e-05,-4e-05,-6e-05,2e-05,0.0002,-5e-05,0.0,-5e-05,0
8003,6e-05,-4e-05,-6e-05,2e-05,0.0002,-5e-05,0.0,-5e-05,0
8004,6e-05,-4e-05,-6e-05,2e-05,0.0002,-5e-05,0.0,-5e-05,0
8005,6e-05,-4e-05,-6e-05,2e-05,0.0002,-5e-05,0.0,-5e-05,0
8006,6e-05,-4e-05,-6e-05,2e-05,0.0002,-5e-05,0.0,-5e-05,0
8007,6e-05,-4e-05,-6e-05,2e-05,0.0002,-5e-05,0.0,-5e-05,0
8008,6e-05,-4e-05,-6e-05,2e-05,0.0002,-5e-05,0.0,-5e-05,0
8009,6e-05,-4e-05,-6e-05,2e-05,0.0002,-5e-05,0.0,-5e-05,0
8010,6e-05,-4e-05,-6e-05,2e-05,0.0002,-5e-05,0.0,-5e-05,0
8011,6e-05,-4e-05,-6e-05,2e-05,0.0002,-5e-05,0.0,-5e-05,0
8012,2e-05,3e-05,3e-05,-0.00013,-0.00039,4e-05,-7e-05,-8e-05,0
8013,-4e-05,-1e-05,-3e-05,-0.0001,-0.00026,-8e-05,-6e-05,-4e-05,0
8014,-4e-05,-1e-05,-3e-05,-0.0001,-0.00026,-8e-05,-6e-05,-4e-05,0
8015,-4e-05,-1e-05,-3e-05,-0.0001,-0.00026,-8e-05,-6e-05,-4e-05,0
8016,-4e-05,-1e-05,-3e-05,-0.0001,-0.00026,-8e-05,-6e-05,-4e-05,0
8017,-4e-05,-1e-05,-3e-05,-0.0001,-0.00026,-8e-05,-6e-05,-4e-05,0
8018,-4e-05,-1e-05,-3e-05,-0.0001,-0.00026,-8e-05,-6e-05,-4e-05,0
8019,-4e-05,-1e-05,-3e-05,-0.0001,-0.00026,-8e-05,-6e-05,-4e-05,0
8020,-4e-05,-1e-05,-3e-05,-0.0001,-0.00026,-8e-05,-6e-05,-4e-05,0
8021,-4e-05,-1e-05,-3e-05,-0.0001,-0.00026,-8e-05,-6e-05,-4e-05,0
8022,-4e-05,-1e-05,-3e-05,-0.0001,-0.00026,-8e-05,-6e-05,-4e-05,0
8023,-4e-05,-1e-05,-3e-05,-0.0001,-0.00026,-8e-05,-6e-05,-4e-05,0
8024,-4e-05,-1e-05,-3e-05,-0.0001,-0.00026,-8e-05,-6e-05,-4e-05,0
8025,-4e-05,-1e-05,-3e-05,-0.0001,-0.00026,-8e-05,-6e-05,-4e-05,0
8026,-4e-05,-1e-05,-3e-05,-0.0001,-0.00026,-8e-05,-6e-05,-4e-05,0
8027,4e-05,0.0,2e-05,4e-05,0.00016,1e-05,3e-05,3e-05,0
8028,4e-05,0.0,2e-05,4e-05,0.00016,1e-05,3e-05,3e-05,0
8029,4e-05,0.0,2e-05,4e-05,0.00016,1e-05,3e-05,3e-05,0
8030,4e-05,0.0,2e-05,4e-05,0.00016,1e-05,3e-05,3e-05,0
8031,4e-05,0.0,2e-05,4e-05,0.00016,1e-05,3e-05,3e-05,0
8032,4e-05,0.0,2e-05,4e-05,0.00016,1e-05,3e-05,3e-05,0
8033,4e-05,0.0,2e-05,4e-05,0.00016,1e-05,3e-05,3e-05,0
8034,4e-05,0.0,2e-05,4e-05,0.00016,1e-05,3e-05,3e-05,0
8035,4e-05,0.0,2e-05,4e-05,0.00016,1e-05,3e-05,3e-05,0
8036,4e-05,0.0,2e-05,4e-05,0.00016,1e-05,3e-05,3e-05,0
8038,4e-05,0.0,2e-05,4e-05,0.00016,1e-05,3e-05,3e-05,0
8040,4e-05,0.0,2e-05,4e-05,0.00016,1e-05,3e-05,3e-05,0
8041,4e-05,0.0,2e-05,4e-05,0.00016,1e-05,3e-05,3e-05,0
8042,-3e-05,-3e-05,-1e-05,-5e-05,-6e-05,1e-05,-3e-05,1e-05,0
8043,-3e-05,-3e-05,-1e-05,-5e-05,-6e-05,1e-05,-3e-05,1e-05,0
8044,-3e-05,-3e-05,-1e-05,-5e-05,-6e-05,1e-05,-3e-05,1e-05,0
8045,-3e-05,-3e-05,-1e-05,-5e-05,-6e-05,1e-05,-3e-05,1e-05,0
8046,-3e-05,-3e-05,-1e-05,-5e-05,-6e-05,1e-05,-3e-05,1e-05,0
8047,-3e-05,-3e-05,-1e-05,-5e-05,-6e-05,1e-05,-3e-05,1e-05,0
8048,-3e-05,-3e-05,-1e-05,-5e-05,-6e-05,1e-05,-3e-05,1e-05,0
8049,-3e-05,-3e-05,-1e-05,-5e-05,-6e-05,1e-05,-3e-05,1e-05,0
8050,-3e-05,-1e-05,1e-05,6e-05,0.00016,1e-05,0.0,2e-05,0
8051,-1e-05,2e-05,3e-05,5e-05,3e-05,-3e-05,0.0,-4e-05,0
8052,-1e-05,2e-05,3e-05,5e-05,3e-05,-3e-05,0.0,-4e-05,0
8053,-1e-05,2e-05,3e-05,5e-05,3e-05,-3e-05,0.0,-4e-05,0
8054,-1e-05,2e-05,3e-05,5e-05,3e-05,-3e-05,0.0,-4e-05,0
8055,-1e-05,2e-05,3e-05,5e-05,3e-05,-3e-05,0.0,-4e-05,0
8056,-1e-05,2e-05,3e-05,5e-05,3e-05,-3e-05,0.0,-4e-05,0
8057,-1e-05,2e-05,3e-05,5e-05,3e-05,-3e-05,0.0,-4e-05,0
8058,-1e-05,2e-05,3e-05,5e-05,3e-05,-3e-05,0.0,-4e-05,0
8059,-1e-05,2e-05,3e-05,5e-05,3e-05,-3e-05,0.0,-4e-05,0
8060,-1e-05,2e-05,3e-05,5e-05,3e-05,-3e-05,0.0,-4e-05,0
8061,-1e-05,2e-05,3e-05,5e-05,3e-05,-3e-05,0.0,-4e-05,0
8062,-1e-05,2e-05,3e-05,5e-05,3e-05,-3e-05,0.0,-4e-05,0
8063,-1e-05,2e-05,3e-05,5e-05,3e-05,-3e-05,0.0,-4e-05,0
8064,-1e-05,2e-05,3e-05,5e-05,3e-05,-3e-05,0.0,-4e-05,0
8065,-1e-05,2e-05,3e-05,5e-05,3e-05,-3e-05,0.0,-4e-05,0
8066,-1e-05,2e-05,3e-05,5e-05,3e-05,-3e-05,0.0,-4e-05,0
8067,-1e-05,2e-05,3e-05,5e-05,3e-05,-3e-05,0.0,-4e-05,0
8068,-1e-05,2e-05,3e-05,5e-05,3e-05,-3e-05,0.0,-4e-05,0
8069,-1e-05,2e-05,3e-05,5e-05,3e-05,-3e-05,0.0,-4e-05,0
8070,-1e-05,2e-05,3e-05,5e-05,3e-05,-3e-05,0.0,-4e-05,0
8071,-1e-05,2e-05,3e-05,5e-05,3e-05,-3e-05,0.0,-4e-05,0
8072,6e-05,5e-05,6e-05,0.00026,0.00053,0.00022,0.00011,3e-05,0
8073,0.0,-1e-05,-4e-05,4e-05,0.00017,8e-05,-2e-05,-1e-05,0
8074,0.0,-1e-05,-4e-05,4e-05,0.00017,8e-05,-2e-05,-1e-05,0
8075,0.0,-1e-05,-4e-05,4e-05,0.00017,8e-05,-2e-05,-1e-05,0
8076,0.0,-1e-05,-4e-05,4e-05,0.00017,8e-05,-2e-05,-1e-05,0
8077,0.0,-1e-05,-4e-05,4e-05,0.00017,8e-05,-2e-05,-1e-05,0
8078,0.0,-1e-05,-4e-05,4e-05,0.00017,8e-05,-2e-05,-1e-05,0
8079,0.0,-1e-05,-4e-05,4e-05,0.00017,8e-05,-2e-05,-1e-05,0
8080,0.0,-1e-05,-4e-05,4e-05,0.00017,8e-05,-2e-05,-1e-05,0
8081,0.0,-1e-05,-4e-05,4e-05,0.00017,8e-05,-2e-05,-1e-05,0
8082,0.0,-1e-05,-4e-05,4e-05,0.00017,8e-05,-2e-05,-1e-05,0
8083,0.0,-1e-05,-4e-05,4e-05,0.00017,8e-05,-2e-05,-1e-05,0
8084,0.0,-1e-05,-4e-05,4e-05,0.00017,8e-05,-2e-05,-1e-05,0
8085,0.0,-1e-05,-4e-05,4e-05,0.00017,8e-05,-2e-05,-1e-05,0
8088,0.0,-1e-05,-4e-05,4e-05,0.00017,8e-05,-2e-05,-1e-05,0
8089,0.0,-1e-05,-4e-05,4e-05,0.00017,8e-05,-2e-05,-1e-05,0
8090,0.0,-1e-05,-4e-05,4e-05,0.00017,8e-05,-2e-05,-1e-05,0
8091,0.0,-1e-05,-4e-05,4e-05,0.00017,8e-05,-2e-05,-1e-05,0
8092,0.0,-1e-05,-4e-05,4e-05,0.00017,8e-05,-2e-05,-1e-05,0
8093,0.0,-1e-05,-4e-05,4e-05,0.00017,8e-05,-2e-05,-1e-05,0
8094,0.0,-1e-05,-4e-05,4e-05,0.00017,8e-05,-2e-05,-1e-05,0
8095,-6e-05,-5e-05,-7e-05,-0.00022,-0.00021,-0.00014,-0.00012,-0.00026,0
8096,0.0,0.0,-2e-05,-7e-05,8e-05,2e-05,-3e-05,0.0,0
8097,0.0,0.0,-2e-05,-7e-05,8e-05,2e-05,-3e-05,0.0,0
8098,0.0,0.0,-2e-05,-7e-05,8e-05,2e-05,-3e-05,0.0,0
8099,0.0,0.0,-2e-05,-7e-05,8e-05,2e-05,-3e-05,0.0,0
8100,0.0,0.0,-2e-05,-7e-05,8e-05,2e-05,-3e-05,0.0,0
8101,0.0,0.0,-2e-05,-7e-05,8e-05,2e-05,-3e-05,0.0,0
8102,0.0,0.0,-2e-05,-7e-05,8e-05,2e-05,-3e-05,0.0,0
8103,0.0,0.0,-2e-05,-7e-05,8e-05,2e-05,-3e-05,0.0,0
8104,0.0,0.0,-2e-05,-7e-05,8e-05,2e-05,-3e-05,0.0,0
8105,0.0,0.0,-2e-05,-7e-05,8e-05,2e-05,-3e-05,0.0,0
8106,0.0,0.0,-2e-05,-7e-05,8e-05,2e-05,-3e-05,0.0,0
8107,0.0,0.0,-2e-05,-7e-05,8e-05,2e-05,-3e-05,0.0,0
8108,0.0,0.0,-2e-05,-7e-05,8e-05,2e-05,-3e-05,0.0,0
8109,0.0,0.0,-2e-05,-7e-05,8e-05,2e-05,-3e-05,0.0,0
8110,-3e-05,-1e-05,-2e-05,-4e-05,-0.00013,-3e-05,-1e-05,3e-05,0
8111,-3e-05,-1e-05,0.0,0.0,-5e-05,-5e-05,-3e-05,-2e-05,0
8112,-3e-05,-1e-05,0.0,0.0,-5e-05,-5e-05,-3e-05,-2e-05,0
8113,-3e-05,-1e-05,0.0,0.0,-5e-05,-5e-05,-3e-05,-2e-05,0
8114,-3e-05,-1e-05,0.0,0.0,-5e-05,-5e-05,-3e-05,-2e-05,0
8115,-3e-05,-1e-05,0.0,0.0,-5e-05,-5e-05,-3e-05,-2e-05,0
8116,-3e-05,-1e-05,0.0,0.0,-5e-05,-5e-05,-3e-05,-2e-05,0
8117,-3e-05,-1e-05,0.0,0.0,-5e-05,-5e-05,-3e-05,-2e-05,0
8118,-3e-05,-1e-05,0.0,0.0,-5e-05,-5e-05,-3e-05,-2e-05,0
8119,-3e-05,-1e-05,0.0,0.0,-5e-05,-5e-05,-3e-05,-2e-05,0
8120,-3e-05,-1e-05,0.0,0.0,-5e-05,-5e-05,-3e-05,-2e-05,0
8121,-3e-05,-1e-05,0.0,0.0,-5e-05,-5e-05,-3e-05,-2e-05,0
8122,-3e-05,-1e-05,0.0,0.0,-5e-05,-5e-05,-3e-05,-2e-05,0
8123,-3e-05,-1e-05,0.0,0.0,-5e-05,-5e-05,-3e-05,-2e-05,0
8124,-3e-05,-1e-05,0.0,0.0,-5e-05,-5e-05,-3e-05,-2e-05,0
8125,-3e-05,-1e-05,0.0,0.0,-5e-05,-5e-05,-3e-05,-2e-05,0
8126,-3e-05,-1e-05,0.0,0.0,-5e-05,-5e-05,-3e-05,-2e-05,0
8127,-3e-05,-1e-05,0.0,0.0,-5e-05,-5e-05,-3e-05,-2e-05,0
8128,-3e-05,-1e-05,0.0,0.0,-5e-05,-5e-05,-3e-05,-2e-05,0
8129,-3e-05,-1e-05,0.0,0.0,-5e-05,-5e-05,-3e-05,-2e-05,0
8130,-3e-05,-1e-05,0.0,0.0,-5e-05,-5e-05,-3e-05,-2e-05,0
8131,-3e-05,-1e-05,0.0,0.0,-5e-05,-5e-05,-3e-05,-2e-05,0
8132,0.0,-4e-05,-2e-05,0.0,-6e-05,-1e-05,-1e-05,2e-05,0
8133,-1e-05,4e-05,5e-05,5e-05,-1e-05,0.0,1e-05,3e-05,0
8134,-1e-05,4e-05,5e-05,5e-05,-1e-05,0.0,1e-05,3e-05,0
8135,-1e-05,4e-05,5e-05,5e-05,-1e-05,0.0,1e-05,3e-05,0
8136,-1e-05,4e-05,5e-05,5e-05,-1e-05,0.0,1e-05,3e-05,0
8138,-1e-05,4e-05,5e-05,5e-05,-1e-05,0.0,1e-05,3e-05,0
8139,-1e-05,4e-05,5e-05,5e-05,-1e-05,0.0,1e-05,3e-05,0
8140,-1e-05,4e-05,5e-05,5e-05,-1e-05,0.0,1e-05,3e-05,0
8141,-1e-05,4e-05,5e-05,5e-05,-1e-05,0.0,1e-05,3e-05,0
8142,-1e-05,4e-05,5e-05,5e-05,-1e-05,0.0,1e-05,3e-05,0
8143,-1e-05,4e-05,5e-05,5e-05,-1e-05,0.0,1e-05,3e-05,0
8144,-1e-05,4e-05,5e-05,5e-05,-1e-05,0.0,1e-05,3e-05,0
8145,-1e-05,4e-05,5e-05,5e-05,-1e-05,0.0,1e-05,3e-05,0
8146,-1e-05,4e-05,5e-05,5e-05,-1e-05,0.0,1e-05,3e-05,0
8147,-1e-05,4e-05,5e-05,5e-05,-1e-05,0.0,1e-05,3e-05,0
8148,-1e-05,4e-05,5e-05,5e-05,-1e-05,0.0,1e-05,3e-05,0
8149,-1e-05,4e-05,5e-05,5e-05,-1e-05,0.0,1e-05,3e-05,0
8150,-1e-05,4e-05,5e-05,5e-05,-1e-05,0.0,1e-05,3e-05,0
8151,-1e-05,4e-05,5e-05,5e-05,-1e-05,0.0,1e-05,3e-05,0
8152,-1e-05,4e-05,5e-05,5e-05,-1e-05,0.0,1e-05,3e-05,0
8153,-1e-05,4e-05,5e-05,5e-05,-1e-05,0.0,1e-05,3e-05,0
8154,-1e-05,4e-05,5e-05,5e-05,-1e-05,0.0,1e-05,3e-05,0
8155,-1e-05,4e-05,5e-05,5e-05,-1e-05,0.0,1e-05,3e-05,0
8156,-1e-05,4e-05,5e-05,5e-05,-1e-05,0.0,1e-05,3e-05,0
8157,-1e-05,4e-05,5e-05,5e-05,-1e-05,0.0,1e-05,3e-05,0
8158,-1e-05,4e-05,5e-05,5e-05,-1e-05,0.0,1e-05,3e-05,0
8159,-1e-05,4e-05,5e-05,5e-05,-1e-05,0.0,1e-05,3e-05,0
8160,-1e-05,4e-05,5e-05,5e-05,-1e-05,0.0,1e-05,3e-05,0
8161,-1e-05,4e-05,5e-05,5e-05,-1e-05,0.0,1e-05,3e-05,0
8162,-1e-05,4e-05,5e-05,5e-05,-1e-05,0.0,1e-05,3e-05,0
8163,-4e-05,-1e-05,-2e-05,-6e-05,-0.00015,-2e-05,-1e-05,2e-05,0
8164,2e-05,1e-05,2e-05,9e-05,0.00029,3e-05,1e-05,1e-05,0
8165,2e-05,1e-05,2e-05,9e-05,0.00029,3e-05,1e-05,1e-05,0
8166,2e-05,1e-05,2e-05,9e-05,0.00029,3e-05,1e-05,1e-05,0
8167,2e-05,1e-05,2e-05,9e-05,0.00029,3e-05,1e-05,1e-05,0
8168,2e-05,1e-05,2e-05,9e-05,0.00029,3e-05,1e-05,1e-05,0
8169,2e-05,1e-05,2e-05,9e-05,0.00029,3e-05,1e-05,1e-05,0
8170,2e-05,5e-05,9e-05,0.00017,0.00055,1e-05,-1e-05,2e-05,0
8171,2e-05,5e-05,9e-05,0.00017,0.00055,1e-05,-1e-05,2e-05,0
8172,2e-05,5e-05,9e-05,0.00017,0.00055,1e-05,-1e-05,2e-05,0
8173,2e-05,5e-05,9e-05,0.00017,0.00055,1e-05,-1e-05,2e-05,0
8174,2e-05,5e-05,9e-05,0.00017,0.00055,1e-05,-1e-05,2e-05,0
8175,2e-05,5e-05,9e-05,0.00017,0.00055,1e-05,-1e-05,2e-05,0
8176,2e-05,5e-05,9e-05,0.00017,0.00055,1e-05,-1e-05,2e-05,0
8177,2e-05,5e-05,9e-05,0.00017,0.00055,1e-05,-1e-05,2e-05,0
8178,2e-05,5e-05,9e-05,0.00017,0.00055,1e-05,-1e-05,2e-05,0
8179,2e-05,5e-05,9e-05,0.00017,0.00055,1e-05,-1e-05,2e-05,0
8180,2e-05,5e-05,9e-05,0.00017,0.00055,1e-05,-1e-05,2e-05,0
8181,2e-05,5e-05,9e-05,0.00017,0.00055,1e-05,-1e-05,2e-05,0
8182,2e-05,5e-05,9e-05,0.00017,0.00055,1e-05,-1e-05,2e-05,0
8183,2e-05,5e-05,9e-05,0.00017,0.00055,1e-05,-1e-05,2e-05,0
8184,2e-05,5e-05,9e-05,0.00017,0.00055,1e-05,-1e-05,2e-05,0
8185,2e-05,5e-05,9e-05,0.00017,0.00055,1e-05,-1e-05,2e-05,0
8186,2e-05,5e-05,9e-05,0.00017,0.00055,1e-05,-1e-05,2e-05,0
8189,2e-05,5e-05,9e-05,0.00017,0.00055,1e-05,-1e-05,2e-05,0
8190,2e-05,5e-05,9e-05,0.00017,0.00055,1e-05,-1e-05,2e-05,0
8191,2e-05,5e-05,9e-05,0.00017,0.00055,1e-05,-1e-05,2e-05,0
8192,-3e-05,-7e-05,-8e-05,-0.00012,-0.00035,-4e-05,-1e-05,2e-05,0
8193,0.0,-2e-05,-1e-05,-7e-05,-0.00018,-2e-05,1e-05,-1e-05,0
8194,0.0,-2e-05,-1e-05,-7e-05,-0.00018,-2e-05,1e-05,-1e-05,0
8195,0.0,-2e-05,-1e-05,-7e-05,-0.00018,-2e-05,1e-05,-1e-05,0
8196,0.0,-2e-05,-1e-05,-7e-05,-0.00018,-2e-05,1e-05,-1e-05,0
8197,0.0,-2e-05,-1e-05,-7e-05,-0.00018,-2e-05,1e-05,-1e-05,0
8198,0.0,-2e-05,-1e-05,-7e-05,-0.00018,-2e-05,1e-05,-1e-05,0
8199,0.0,-2e-05,-1e-05,-7e-05,-0.00018,-2e-05,1e-05,-1e-05,0
8200,0.0,-2e-05,-1e-05,-7e-05,-0.00018,-2e-05,1e-05,-1e-05,0
8201,0.0,-2e-05,-1e-05,-7e-05,-0.00018,-2e-05,1e-05,-1e-05,0
8202,0.0,-2e-05,-1e-05,-7e-05,-0.00018,-2e-05,1e-05,-1e-05,0
8203,0.0,-2e-05,-1e-05,-7e-05,-0.00018,-2e-05,1e-05,-1e-05,0
8204,0.0,-2e-05,-1e-05,-7e-05,-0.00018,-2e-05,1e-05,-1e-05,0
8205,0.0,-2e-05,-1e-05,-7e-05,-0.00018,-2e-05,1e-05,-1e-05,0
8206,0.0,-2e-05,-1e-05,-7e-05,-0.00018,-2e-05,1e-05,-1e-05,0
8207,0.0,-2e-05,-1e-05,-7e-05,-0.00018,-2e-05,1e-05,-1e-05,0
8208,0.0,-2e-05,-1e-05,-7e-05,-0.00018,-2e-05,1e-05,-1e-05,0
8209,0.0,-2e-05,-1e-05,-7e-05,-0.00018,-2e-05,1e-05,-1e-05,0
8210,0.0,-2e-05,-1e-05,-7e-05,-0.00018,-2e-05,1e-05,-1e-05,0
8211,0.0,-2e-05,-1e-05,-7e-05,-0.00018,-2e-05,1e-05,-1e-05,0
8212,0.0,-2e-05,-1e-05,-7e-05,-0.00018,-2e-05,1e-05,-1e-05,0
8213,0.0,-2e-05,-1e-05,-7e-05,-0.00018,-2e-05,1e-05,-1e-05,0
8214,0.0,-2e-05,-1e-05,-7e-05,-0.00018,-2e-05,1e-05,-1e-05,0
8215,0.0,0.0,-1e-05,6e-05,5e-05,-1e-05,0.0,2e-05,0
8216,0.0,-2e-05,0.0,-2e-05,-0.00026,-4e-05,-1e-05,-1e-05,0
8217,0.0,-2e-05,0.0,-2e-05,-0.00026,-4e-05,-1e-05,-1e-05,0
8218,0.0,-2e-05,0.0,-2e-05,-0.00026,-4e-05,-1e-05,-1e-05,0
8219,0.0,-2e-05,0.0,-2e-05,-0.00026,-4e-05,-1e-05,-1e-05,0
8220,0.0,-2e-05,0.0,-2e-05,-0.00026,-4e-05,-1e-05,-1e-05,0
8221,0.0,-2e-05,0.0,-2e-05,-0.00026,-4e-05,-1e-05,-1e-05,0
8222,0.0,-2e-05,0.0,-2e-05,-0.00026,-4e-05,-1e-05,-1e-05,0
8223,0.0,-2e-05,0.0,-2e-05,-0.00026,-4e-05,-1e-05,-1e-05,0
8224,0.0,-2e-05,0.0,-2e-05,-0.00026,-4e-05,-1e-05,-1e-05,0
8225,0.0,-2e-05,0.0,-2e-05,-0.00026,-4e-05,-1e-05,-1e-05,0
8226,0.0,-2e-05,0.0,-2e-05,-0.00026,-4e-05,-1e-05,-1e-05,0
8227,0.0,-2e-05,0.0,-2e-05,-0.00026,-4e-05,-1e-05,-1e-05,0
8228,0.0,-2e-05,0.0,-2e-05,-0.00026,-4e-05,-1e-05,-1e-05,0
8229,0.0,-2e-05,0.0,-2e-05,-0.00026,-4e-05,-1e-05,-1e-05,0
8230,-1e-05,-1e-05,-4e-05,-5e-05,-8e-05,-1e-05,-2e-05,-1e-05,0
8231,-1e-05,-1e-05,-4e-05,-5e-05,-8e-05,-1e-05,-2e-05,-1e-05,0
8232,-1e-05,-1e-05,-4e-05,-5e-05,-8e-05,-1e-05,-2e-05,-1e-05,0
8233,-1e-05,-1e-05,-4e-05,-5e-05,-8e-05,-1e-05,-2e-05,-1e-05,0
8234,-1e-05,-1e-05,-4e-05,-5e-05,-8e-05,-1e-05,-2e-05,-1e-05,0
8235,-1e-05,-1e-05,-4e-05,-5e-05,-8e-05,-1e-05,-2e-05,-1e-05,0
8236,-1e-05,-1e-05,-4e-05,-5e-05,-8e-05,-1e-05,-2e-05,-1e-05,0
8239,-1e-05,-1e-05,-4e-05,-5e-05,-8e-05,-1e-05,-2e-05,-1e-05,0
8240,-1e-05,-1e-05,-4e-05,-5e-05,-8e-05,-1e-05,-2e-05,-1e-05,0
8241,-1e-05,-1e-05,-4e-05,-5e-05,-8e-05,-1e-05,-2e-05,-1e-05,0
8242,-1e-05,-1e-05,-4e-05,-5e-05,-8e-05,-1e-05,-2e-05,-1e-05,0
8243,-1e-05,-1e-05,-4e-05,-5e-05,-8e-05,-1e-05,-2e-05,-1e-05,0
8244,-1e-05,-1e-05,-4e-05,-5e-05,-8e-05,-1e-05,-2e-05,-1e-05,0
8245,-1e-05,-1e-05,-4e-05,-5e-05,-8e-05,-1e-05,-2e-05,-1e-05,0
8246,-1e-05,-1e-05,-4e-05,-5e-05,-8e-05,-1e-05,-2e-05,-1e-05,0
8247,-1e-05,-1e-05,-4e-05,-5e-05,-8e-05,-1e-05,-2e-05,-1e-05,0
8248,-1e-05,-1e-05,-4e-05,-5e-05,-8e-05,-1e-05,-2e-05,-1e-05,0
8249,-1e-05,-1e-05,-4e-05,-5e-05,-8e-05,-1e-05,-2e-05,-1e-05,0
8250,-1e-05,-1e-05,-4e-05,-5e-05,-8e-05,-1e-05,-2e-05,-1e-05,0
8251,-1e-05,-1e-05,-4e-05,-5e-05,-8e-05,-1e-05,-2e-05,-1e-05,0
8252,-1e-05,1e-05,4e-05,6e-05,0.00028,7e-05,-1e-05,0.0,0
8253,-4e-05,-3e-05,-5e-05,5e-05,0.00033,0.0,0.0,-3e-05,0
8254,-4e-05,-3e-05,-5e-05,5e-05,0.00033,0.0,0.0,-3e-05,0
8255,-4e-05,-3e-05,-5e-05,5e-05,0.00033,0.0,0.0,-3e-05,0
8256,-4e-05,-3e-05,-5e-05,5e-05,0.00033,0.0,0.0,-3e-05,0
8257,-4e-05,-3e-05,-5e-05,5e-05,0.00033,0.0,0.0,-3e-05,0
8258,-4e-05,-3e-05,-5e-05,5e-05,0.00033,0.0,0.0,-3e-05,0
8259,-4e-05,-3e-05,-5e-05,5e-05,0.00033,0.0,0.0,-3e-05,0
8260,-4e-05,-3e-05,-5e-05,5e-05,0.00033,0.0,0.0,-3e-05,0
8261,-4e-05,-3e-05,-5e-05,5e-05,0.00033,0.0,0.0,-3e-05,0
8262,-4e-05,-3e-05,-5e-05,5e-05,0.00033,0.0,0.0,-3e-05,0
8263,-4e-05,-3e-05,-5e-05,5e-05,0.00033,0.0,0.0,-3e-05,0
8264,-4e-05,-3e-05,-5e-05,5e-05,0.00033,0.0,0.0,-3e-05,0
8265,-4e-05,-3e-05,-5e-05,5e-05,0.00033,0.0,0.0,-3e-05,0
8266,-4e-05,-3e-05,-5e-05,5e-05,0.00033,0.0,0.0,-3e-05,0
8267,-4e-05,-3e-05,-5e-05,5e-05,0.00033,0.0,0.0,-3e-05,0
8268,-4e-05,-3e-05,-5e-05,5e-05,0.00033,0.0,0.0,-3e-05,0
8269,-4e-05,-3e-05,-5e-05,5e-05,0.00033,0.0,0.0,-3e-05,0
8270,-4e-05,-3e-05,-5e-05,5e-05,0.00033,0.0,0.0,-3e-05,0
8271,-4e-05,-3e-05,-5e-05,5e-05,0.00033,0.0,0.0,-3e-05,0
8272,-4e-05,-3e-05,-5e-05,5e-05,0.00033,0.0,0.0,-3e-05,0
8273,-4e-05,-3e-05,-5e-05,5e-05,0.00033,0.0,0.0,-3e-05,0
8274,-4e-05,-3e-05,-5e-05,5e-05,0.00033,0.0,0.0,-3e-05,0
8275,-4e-05,-3e-05,-5e-05,5e-05,0.00033,0.0,0.0,-3e-05,0
8276,0.0,-3e-05,-3e-05,-0.0001,-0.00011,-6e-05,-4e-05,-3e-05,0
8277,-3e-05,-5e-05,-4e-05,-0.00013,-0.00031,-5e-05,-2e-05,-1e-05,0
8278,-3e-05,-5e-05,-4e-05,-0.00013,-0.00031,-5e-05,-2e-05,-1e-05,0
8279,-3e-05,-5e-05,-4e-05,-0.00013,-0.00031,-5e-05,-2e-05,-1e-05,0
8280,-3e-05,-5e-05,-4e-05,-0.00013,-0.00031,-5e-05,-2e-05,-1e-05,0
8281,-3e-05,-5e-05,-4e-05,-0.00013,-0.00031,-5e-05,-2e-05,-1e-05,0
8282,-3e-05,-5e-05,-4e-05,-0.00013,-0.00031,-5e-05,-2e-05,-1e-05,0
8283,-3e-05,-5e-05,-4e-05,-0.00013,-0.00031,-5e-05,-2e-05,-1e-05,0
8284,-3e-05,-5e-05,-4e-05,-0.00013,-0.00031,-5e-05,-2e-05,-1e-05,0
8285,-3e-05,-5e-05,-4e-05,-0.00013,-0.00031,-5e-05,-2e-05,-1e-05,0
8286,-3e-05,-5e-05,-4e-05,-0.00013,-0.00031,-5e-05,-2e-05,-1e-05,0
8288,-3e-05,-5e-05,-4e-05,-0.00013,-0.00031,-5e-05,-2e-05,-1e-05,0
8289,-3e-05,-5e-05,-4e-05,-0.00013,-0.00031,-5e-05,-2e-05,-1e-05,0
8290,-1e-05,-3e-05,-3e-05,-4e-05,-7e-05,-2e-05,0.0,1e-05,0
8291,-1e-05,-3e-05,-3e-05,-4e-05,-7e-05,-2e-05,0.0,1e-05,0
8292,-1e-05,-3e-05,-3e-05,-4e-05,-7e-05,-2e-05,0.0,1e-05,0
8293,-1e-05,-3e-05,-3e-05,-4e-05,-7e-05,-2e-05,0.0,1e-05,0
8294,-1e-05,-3e-05,-3e-05,-4e-05,-7e-05,-2e-05,0.0,1e-05,0
8295,-1e-05,-3e-05,-3e-05,-4e-05,-7e-05,-2e-05,0.0,1e-05,0
8296,-1e-05,-3e-05,-3e-05,-4e-05,-7e-05,-2e-05,0.0,1e-05,0
8297,-1e-05,-3e-05,-3e-05,-4e-05,-7e-05,-2e-05,0.0,1e-05,0
8298,-1e-05,-3e-05,-3e-05,-4e-05,-7e-05,-2e-05,0.0,1e-05,0
8299,-1e-05,-3e-05,-3e-05,-4e-05,-7e-05,-2e-05,0.0,1e-05,0
8300,-1e-05,-3e-05,-3e-05,-4e-05,-7e-05,-2e-05,0.0,1e-05,0
8301,-1e-05,-3e-05,-3e-05,-4e-05,-7e-05,-2e-05,0.0,1e-05,0
8302,-1e-05,-3e-05,-3e-05,-4e-05,-7e-05,-2e-05,0.0,1e-05,0
8304,-1e-05,-3e-05,-3e-05,-4e-05,-7e-05,-2e-05,0.0,1e-05,0
8305,-1e-05,-3e-05,-3e-05,-4e-05,-7e-05,-2e-05,0.0,1e-05,0
8306,-1e-05,-3e-05,-3e-05,-4e-05,-7e-05,-2e-05,0.0,1e-05,0
8307,-1e-05,-3e-05,-3e-05,-4e-05,-7e-05,-2e-05,0.0,1e-05,0
8308,-1e-05,-3e-05,-3e-05,-4e-05,-7e-05,-2e-05,0.0,1e-05,0
8309,-1e-05,-3e-05,-3e-05,-4e-05,-7e-05,-2e-05,0.0,1e-05,0
8310,-1e-05,-3e-05,-3e-05,-4e-05,-7e-05,-2e-05,0.0,1e-05,0
8311,-1e-05,-3e-05,-3e-05,-4e-05,-7e-05,-2e-05,0.0,1e-05,0
8312,-1e-05,1e-05,3e-05,3e-05,-7e-05,2e-05,2e-05,2e-05,0
8313,-3e-05,-3e-05,-3e-05,-2e-05,-0.0001,0.0,0.0,-1e-05,0
8314,-3e-05,-3e-05,-3e-05,-2e-05,-0.0001,0.0,0.0,-1e-05,0
8315,-3e-05,-3e-05,-3e-05,-2e-05,-0.0001,0.0,0.0,-1e-05,0
8316,-3e-05,-3e-05,-3e-05,-2e-05,-0.0001,0.0,0.0,-1e-05,0
8317,-3e-05,-3e-05,-3e-05,-2e-05,-0.0001,0.0,0.0,-1e-05,0
8318,-3e-05,-3e-05,-3e-05,-2e-05,-0.0001,0.0,0.0,-1e-05,0
8319,-3e-05,-3e-05,-3e-05,-2e-05,-0.0001,0.0,0.0,-1e-05,0
8320,-3e-05,-3e-05,-3e-05,-2e-05,-0.0001,0.0,0.0,-1e-05,0
8321,-3e-05,-3e-05,-3e-05,-2e-05,-0.0001,0.0,0.0,-1e-05,0
8322,-3e-05,-3e-05,-3e-05,-2e-05,-0.0001,0.0,0.0,-1e-05,0
8323,-3e-05,-3e-05,-3e-05,-2e-05,-0.0001,0.0,0.0,-1e-05,0
8324,-3e-05,-3e-05,-3e-05,-2e-05,-0.0001,0.0,0.0,-1e-05,0
8325,-3e-05,-3e-05,-3e-05,-2e-05,-0.0001,0.0,0.0,-1e-05,0
8326,-3e-05,-3e-05,-3e-05,-2e-05,-0.0001,0.0,0.0,-1e-05,0
8327,-3e-05,-3e-05,-3e-05,-2e-05,-0.0001,0.0,0.0,-1e-05,0
8328,-3e-05,-3e-05,-3e-05,-2e-05,-0.0001,0.0,0.0,-1e-05,0
8330,-3e-05,-3e-05,-3e-05,-2e-05,-0.0001,0.0,0.0,-1e-05,0
8331,-3e-05,-3e-05,-3e-05,-2e-05,-0.0001,0.0,0.0,-1e-05,0
8332,-3e-05,-3e-05,-3e-05,-2e-05,-0.0001,0.0,0.0,-1e-05,0
8333,-3e-05,-3e-05,-3e-05,-2e-05,-0.0001,0.0,0.0,-1e-05,0
8334,-3e-05,-3e-05,-3e-05,-2e-05,-0.0001,0.0,0.0,-1e-05,0
8335,-4e-05,-2e-05,-1e-05,-1e-05,-2e-05,-5e-05,-2e-05,-2e-05,0
8336,2e-05,2e-05,0.0,-0.00012,-8e-05,-3e-05,-2e-05,1e-05,0
8338,2e-05,2e-05,0.0,-0.00012,-8e-05,-3e-05,-2e-05,1e-05,0
8339,2e-05,2e-05,0.0,-0.00012,-8e-05,-3e-05,-2e-05,1e-05,0
8340,2e-05,2e-05,0.0,-0.00012,-8e-05,-3e-05,-2e-05,1e-05,0
8341,2e-05,2e-05,0.0,-0.00012,-8e-05,-3e-05,-2e-05,1e-05,0
8342,2e-05,2e-05,0.0,-0.00012,-8e-05,-3e-05,-2e-05,1e-05,0
8343,2e-05,2e-05,0.0,-0.00012,-8e-05,-3e-05,-2e-05,1e-05,0
8344,2e-05,2e-05,0.0,-0.00012,-8e-05,-3e-05,-2e-05,1e-05,0
8345,2e-05,2e-05,0.0,-0.00012,-8e-05,-3e-05,-2e-05,1e-05,0
8346,2e-05,2e-05,0.0,-0.00012,-8e-05,-3e-05,-2e-05,1e-05,0
8347,2e-05,2e-05,0.0,-0.00012,-8e-05,-3e-05,-2e-05,1e-05,0
8348,2e-05,2e-05,0.0,-0.00012,-8e-05,-3e-05,-2e-05,1e-05,0
8349,2e-05,2e-05,0.0,-0.00012,-8e-05,-3e-05,-2e-05,1e-05,0
8350,-4e-05,-8e-05,-9e-05,-8e-05,0.0002,-4e-05,-3e-05,-3e-05,0
8351,-1e-05,0.0,3e-05,-0.00011,-0.00058,2e-05,1e-05,1e-05,0
8352,-1e-05,0.0,3e-05,-0.00011,-0.00058,2e-05,1e-05,1e-05,0
8354,-1e-05,0.0,3e-05,-0.00011,-0.00058,2e-05,1e-05,1e-05,0
8355,-1e-05,0.0,3e-05,-0.00011,-0.00058,2e-05,1e-05,1e-05,0
8356,-1e-05,0.0,3e-05,-0.00011,-0.00058,2e-05,1e-05,1e-05,0
8357,-1e-05,0.0,3e-05,-0.00011,-0.00058,2e-05,1e-05,1e-05,0
8358,-1e-05,0.0,3e-05,-0.00011,-0.00058,2e-05,1e-05,1e-05,0
8359,-1e-05,0.0,3e-05,-0.00011,-0.00058,2e-05,1e-05,1e-05,0
8360,-1e-05,0.0,3e-05,-0.00011,-0.00058,2e-05,1e-05,1e-05,0
8361,-1e-05,0.0,3e-05,-0.00011,-0.00058,2e-05,1e-05,1e-05,0
8362,-1e-05,0.0,3e-05,-0.00011,-0.00058,2e-05,1e-05,1e-05,0
8363,-1e-05,0.0,3e-05,-0.00011,-0.00058,2e-05,1e-05,1e-05,0
8364,-1e-05,0.0,3e-05,-0.00011,-0.00058,2e-05,1e-05,1e-05,0
8365,-1e-05,0.0,3e-05,-0.00011,-0.00058,2e-05,1e-05,1e-05,0
8366,-1e-05,0.0,3e-05,-0.00011,-0.00058,2e-05,1e-05,1e-05,0
8367,-1e-05,0.0,3e-05,-0.00011,-0.00058,2e-05,1e-05,1e-05,0
8368,-1e-05,0.0,3e-05,-0.00011,-0.00058,2e-05,1e-05,1e-05,0
8369,-1e-05,0.0,3e-05,-0.00011,-0.00058,2e-05,1e-05,1e-05,0
8370,-1e-05,0.0,3e-05,-0.00011,-0.00058,2e-05,1e-05,1e-05,0
8371,-1e-05,0.0,3e-05,-0.00011,-0.00058,2e-05,1e-05,1e-05,0
8372,1e-05,2e-05,2e-05,-3e-05,-0.00025,-3e-05,0.0,-1e-05,0
8373,-3e-05,-3e-05,-6e-05,-3e-05,0.0,-2e-05,0.0,-2e-05,0
8374,-3e-05,-3e-05,-6e-05,-3e-05,0.0,-2e-05,0.0,-2e-05,0
8375,-3e-05,-3e-05,-6e-05,-3e-05,0.0,-2e-05,0.0,-2e-05,0
8376,-3e-05,-3e-05,-6e-05,-3e-05,0.0,-2e-05,0.0,-2e-05,0
8377,-3e-05,-3e-05,-6e-05,-3e-05,0.0,-2e-05,0.0,-2e-05,0
8378,-3e-05,-3e-05,-6e-05,-3e-05,0.0,-2e-05,0.0,-2e-05,0
8379,-3e-05,-3e-05,-6e-05,-3e-05,0.0,-2e-05,0.0,-2e-05,0
8380,-3e-05,-3e-05,-6e-05,-3e-05,0.0,-2e-05,0.0,-2e-05,0
8381,-3e-05,-3e-05,-6e-05,-3e-05,0.0,-2e-05,0.0,-2e-05,0
8382,-3e-05,-3e-05,-6e-05,-3e-05,0.0,-2e-05,0.0,-2e-05,0
8383,-3e-05,-3e-05,-6e-05,-3e-05,0.0,-2e-05,0.0,-2e-05,0
8384,-3e-05,-3e-05,-6e-05,-3e-05,0.0,-2e-05,0.0,-2e-05,0
8385,-3e-05,-3e-05,-6e-05,-3e-05,0.0,-2e-05,0.0,-2e-05,0
8386,-3e-05,-3e-05,-6e-05,-3e-05,0.0,-2e-05,0.0,-2e-05,0
8388,-3e-05,-3e-05,-6e-05,-3e-05,0.0,-2e-05,0.0,-2e-05,0
8389,-3e-05,-3e-05,-6e-05,-3e-05,0.0,-2e-05,0.0,-2e-05,0
8390,-3e-05,-3e-05,-6e-05,-3e-05,0.0,-2e-05,0.0,-2e-05,0
8391,-3e-05,-3e-05,-6e-05,-3e-05,0.0,-2e-05,0.0,-2e-05,0
8392,-3e-05,-3e-05,-6e-05,-3e-05,0.0,-2e-05,0.0,-2e-05,0
8393,-3e-05,-3e-05,-6e-05,-3e-05,0.0,-2e-05,0.0,-2e-05,0
8394,-3e-05,-3e-05,-6e-05,-3e-05,0.0,-2e-05,0.0,-2e-05,0
8395,-1e-05,1e-05,2e-05,1e-05,-3e-05,-1e-05,-2e-05,-3e-05,0
8396,1e-05,5e-05,5e-05,8e-05,7e-05,0.0,-1e-05,0.0,0
8397,1e-05,5e-05,5e-05,8e-05,7e-05,0.0,-1e-05,0.0,0
8398,1e-05,5e-05,5e-05,8e-05,7e-05,0.0,-1e-05,0.0,0
8399,1e-05,5e-05,5e-05,8e-05,7e-05,0.0,-1e-05,0.0,0
8400,1e-05,5e-05,5e-05,8e-05,7e-05,0.0,-1e-05,0.0,0
8401,1e-05,5e-05,5e-05,8e-05,7e-05,0.0,-1e-05,0.0,0
8402,1e-05,5e-05,5e-05,8e-05,7e-05,0.0,-1e-05,0.0,0
8404,1e-05,5e-05,5e-05,8e-05,7e-05,0.0,-1e-05,0.0,0
8405,1e-05,5e-05,5e-05,8e-05,7e-05,0.0,-1e-05,0.0,0
8406,1e-05,5e-05,5e-05,8e-05,7e-05,0.0,-1e-05,0.0,0
8407,1e-05,5e-05,5e-05,8e-05,7e-05,0.0,-1e-05,0.0,0
8408,1e-05,5e-05,5e-05,8e-05,7e-05,0.0,-1e-05,0.0,0
8409,1e-05,5e-05,5e-05,8e-05,7e-05,0.0,-1e-05,0.0,0
8410,-1e-05,0.0,0.0,0.0,4e-05,2e-05,0.0,0.0,0
8411,-1e-05,0.0,0.0,0.0,4e-05,2e-05,0.0,0.0,0
8412,-1e-05,0.0,0.0,0.0,4e-05,2e-05,0.0,0.0,0
8413,-1e-05,0.0,0.0,0.0,4e-05,2e-05,0.0,0.0,0
8414,-1e-05,0.0,0.0,0.0,4e-05,2e-05,0.0,0.0,0
8415,-1e-05,0.0,0.0,0.0,4e-05,2e-05,0.0,0.0,0
8416,-1e-05,0.0,0.0,0.0,4e-05,2e-05,0.0,0.0,0
8417,-1e-05,0.0,0.0,0.0,4e-05,2e-05,0.0,0.0,0
8418,-1e-05,0.0,0.0,0.0,4e-05,2e-05,0.0,0.0,0
8419,-1e-05,0.0,0.0,0.0,4e-05,2e-05,0.0,0.0,0
8420,-1e-05,0.0,0.0,0.0,4e-05,2e-05,0.0,0.0,0
8421,-1e-05,0.0,0.0,0.0,4e-05,2e-05,0.0,0.0,0
8422,-1e-05,0.0,0.0,0.0,4e-05,2e-05,0.0,0.0,0
8423,-1e-05,0.0,0.0,0.0,4e-05,2e-05,0.0,0.0,0
8424,-1e-05,0.0,0.0,0.0,4e-05,2e-05,0.0,0.0,0
8425,-1e-05,0.0,0.0,0.0,4e-05,2e-05,0.0,0.0,0
8426,-1e-05,0.0,0.0,0.0,4e-05,2e-05,0.0,0.0,0
8427,-1e-05,0.0,0.0,0.0,4e-05,2e-05,0.0,0.0,0
8428,-1e-05,0.0,0.0,0.0,4e-05,2e-05,0.0,0.0,0
8429,-1e-05,0.0,0.0,0.0,4e-05,2e-05,0.0,0.0,0
8430,-1e-05,0.0,0.0,0.0,4e-05,2e-05,0.0,0.0,0
8431,-1e-05,0.0,0.0,0.0,4e-05,2e-05,0.0,0.0,0
8432,-1e-05,0.0,0.0,0.0,4e-05,2e-05,0.0,0.0,0
8433,-1e-05,0.0,0.0,0.0,4e-05,2e-05,0.0,0.0,0
8434,-1e-05,0.0,0.0,0.0,4e-05,2e-05,0.0,0.0,0
8435,-1e-05,0.0,0.0,0.0,4e-05,2e-05,0.0,0.0,0
8436,-1e-05,0.0,0.0,0.0,4e-05,2e-05,0.0,0.0,0
8438,-1e-05,0.0,0.0,0.0,4e-05,2e-05,0.0,0.0,0
8439,-1e-05,0.0,0.0,0.0,4e-05,2e-05,0.0,0.0,0
8440,0.0,3e-05,0.0,-4e-05,-9e-05,1e-05,-1e-05,-1e-05,0
8441,0.0,-1e-05,0.0,1e-05,-0.00011,-6e-05,-2e-05,-2e-05,0
8442,0.0,-1e-05,0.0,1e-05,-0.00011,-6e-05,-2e-05,-2e-05,0
8443,0.0,-1e-05,0.0,1e-05,-0.00011,-6e-05,-2e-05,-2e-05,0
8444,0.0,-1e-05,0.0,1e-05,-0.00011,-6e-05,-2e-05,-2e-05,0
8445,0.0,-1e-05,0.0,1e-05,-0.00011,-6e-05,-2e-05,-2e-05,0
8446,0.0,-1e-05,0.0,1e-05,-0.00011,-6e-05,-2e-05,-2e-05,0
8447,0.0,-1e-05,0.0,1e-05,-0.00011,-6e-05,-2e-05,-2e-05,0
8448,0.0,-1e-05,0.0,1e-05,-0.00011,-6e-05,-2e-05,-2e-05,0
8449,0.0,-1e-05,0.0,1e-05,-0.00011,-6e-05,-2e-05,-2e-05,0
8450,0.0,-1e-05,0.0,1e-05,-0.00011,-6e-05,-2e-05,-2e-05,0
8451,0.0,-1e-05,0.0,1e-05,-0.00011,-6e-05,-2e-05,-2e-05,0
8452,0.0,-1e-05,0.0,1e-05,-0.00011,-6e-05,-2e-05,-2e-05,0
8454,0.0,-1e-05,0.0,1e-05,-0.00011,-6e-05,-2e-05,-2e-05,0
8455,-3e-05,-3e-05,-2e-05,-1e-05,-0.00015,-1e-05,-3e-05,1e-05,0
8456,-1e-05,0.0,2e-05,2e-05,-0.00022,2e-05,-2e-05,0.0,0
8457,-1e-05,0.0,2e-05,2e-05,-0.00022,2e-05,-2e-05,0.0,0
8458,-1e-05,0.0,2e-05,2e-05,-0.00022,2e-05,-2e-05,0.0,0
8459,-1e-05,0.0,2e-05,2e-05,-0.00022,2e-05,-2e-05,0.0,0
8460,-1e-05,0.0,2e-05,2e-05,-0.00022,2e-05,-2e-05,0.0,0
8461,-1e-05,0.0,2e-05,2e-05,-0.00022,2e-05,-2e-05,0.0,0
8462,-1e-05,0.0,2e-05,2e-05,-0.00022,2e-05,-2e-05,0.0,0
8463,-1e-05,0.0,2e-05,2e-05,-0.00022,2e-05,-2e-05,0.0,0
8464,-1e-05,0.0,2e-05,2e-05,-0.00022,2e-05,-2e-05,0.0,0
8465,-1e-05,0.0,2e-05,2e-05,-0.00022,2e-05,-2e-05,0.0,0
8466,-1e-05,0.0,2e-05,2e-05,-0.00022,2e-05,-2e-05,0.0,0
8467,-1e-05,0.0,2e-05,2e-05,-0.00022,2e-05,-2e-05,0.0,0
8468,-1e-05,0.0,2e-05,2e-05,-0.00022,2e-05,-2e-05,0.0,0
8469,-1e-05,0.0,2e-05,2e-05,-0.00022,2e-05,-2e-05,0.0,0
8470,-1e-05,0.0,2e-05,2e-05,-0.00022,2e-05,-2e-05,0.0,0
8471,-1e-05,0.0,2e-05,2e-05,-0.00022,2e-05,-2e-05,0.0,0
8472,-1e-05,0.0,2e-05,2e-05,-0.00022,2e-05,-2e-05,0.0,0
8473,-1e-05,0.0,2e-05,2e-05,-0.00022,2e-05,-2e-05,0.0,0
8474,-1e-05,0.0,2e-05,2e-05,-0.00022,2e-05,-2e-05,0.0,0
8475,-1e-05,0.0,2e-05,2e-05,-0.00022,2e-05,-2e-05,0.0,0
8476,-1e-05,0.0,2e-05,2e-05,-0.00022,2e-05,-2e-05,0.0,0
8477,-1e-05,0.0,2e-05,2e-05,-0.00022,2e-05,-2e-05,0.0,0
8478,0.0,1e-05,1e-05,3e-05,-3e-05,0.0,-2e-05,-1e-05,0
8479,-2e-05,-1e-05,-4e-05,-6e-05,5e-05,-3e-05,-3e-05,-1e-05,0
8480,-2e-05,-1e-05,-4e-05,-6e-05,5e-05,-3e-05,-3e-05,-1e-05,0
8481,-2e-05,-1e-05,-4e-05,-6e-05,5e-05,-3e-05,-3e-05,-1e-05,0
8482,-2e-05,-1e-05,-4e-05,-6e-05,5e-05,-3e-05,-3e-05,-1e-05,0
8483,-2e-05,-1e-05,-4e-05,-6e-05,5e-05,-3e-05,-3e-05,-1e-05,0
8484,-2e-05,-1e-05,-4e-05,-6e-05,5e-05,-3e-05,-3e-05,-1e-05,0
8485,-2e-05,-1e-05,-4e-05,-6e-05,5e-05,-3e-05,-3e-05,-1e-05,0
8486,-2e-05,-1e-05,-4e-05,-6e-05,5e-05,-3e-05,-3e-05,-1e-05,0
8488,-2e-05,-1e-05,-4e-05,-6e-05,5e-05,-3e-05,-3e-05,-1e-05,0
8489,-2e-05,-1e-05,-4e-05,-6e-05,5e-05,-3e-05,-3e-05,-1e-05,0
8490,-2e-05,-1e-05,-4e-05,-6e-05,5e-05,-3e-05,-3e-05,-1e-05,0
8491,-2e-05,-1e-05,-4e-05,-6e-05,5e-05,-3e-05,-3e-05,-1e-05,0
8492,-2e-05,-1e-05,0.0,5e-05,5e-05,1e-05,1e-05,0.0,0
8493,-1e-05,0.0,0.0,3e-05,0.00013,0.0,0.0,-1e-05,0
8494,-1e-05,0.0,0.0,3e-05,0.00013,0.0,0.0,-1e-05,0
8495,-1e-05,0.0,0.0,3e-05,0.00013,0.0,0.0,-1e-05,0
8496,-1e-05,0.0,0.0,3e-05,0.00013,0.0,0.0,-1e-05,0
8497,-1e-05,0.0,0.0,3e-05,0.00013,0.0,0.0,-1e-05,0
8498,-1e-05,0.0,0.0,3e-05,0.00013,0.0,0.0,-1e-05,0
8499,-1e-05,0.0,0.0,3e-05,0.00013,0.0,0.0,-1e-05,0
8500,-1e-05,0.0,0.0,3e-05,0.00013,0.0,0.0,-1e-05,0
8501,-1e-05,0.0,0.0,3e-05,0.00013,0.0,0.0,-1e-05,0
8502,-1e-05,0.0,0.0,3e-05,0.00013,0.0,0.0,-1e-05,0
8504,-1e-05,0.0,0.0,3e-05,0.00013,0.0,0.0,-1e-05,0
8505,-1e-05,0.0,0.0,3e-05,0.00013,0.0,0.0,-1e-05,0
8506,-1e-05,0.0,0.0,3e-05,0.00013,0.0,0.0,-1e-05,0
8507,-1e-05,0.0,0.0,3e-05,0.00013,0.0,0.0,-1e-05,0
8508,-1e-05,0.0,0.0,3e-05,0.00013,0.0,0.0,-1e-05,0
8509,-1e-05,0.0,0.0,3e-05,0.00013,0.0,0.0,-1e-05,0
8510,-1e-05,0.0,0.0,3e-05,0.00013,0.0,0.0,-1e-05,0
8511,-1e-05,0.0,0.0,3e-05,0.00013,0.0,0.0,-1e-05,0
8512,-1e-05,0.0,0.0,3e-05,0.00013,0.0,0.0,-1e-05,0
8513,-1e-05,0.0,0.0,3e-05,0.00013,0.0,0.0,-1e-05,0
8514,-1e-05,0.0,0.0,3e-05,0.00013,0.0,0.0,-1e-05,0
8515,-1e-05,0.0,0.0,3e-05,0.00013,0.0,0.0,-1e-05,0
8516,0.0,1e-05,4e-05,0.0,4e-05,-1e-05,-1e-05,-2e-05,0
8517,-1e-05,-6e-05,-5e-05,-0.00011,0.0,0.0,0.0,1e-05,0
8518,-1e-05,-6e-05,-5e-05,-0.00011,0.0,0.0,0.0,1e-05,0
8519,-1e-05,-6e-05,-5e-05,-0.00011,0.0,0.0,0.0,1e-05,0
8520,-1e-05,-6e-05,-5e-05,-0.00011,0.0,0.0,0.0,1e-05,0
8521,-1e-05,-6e-05,-5e-05,-0.00011,0.0,0.0,0.0,1e-05,0
8522,-1e-05,-6e-05,-5e-05,-0.00011,0.0,0.0,0.0,1e-05,0
8523,-1e-05,-6e-05,-5e-05,-0.00011,0.0,0.0,0.0,1e-05,0
8524,-1e-05,-6e-05,-5e-05,-0.00011,0.0,0.0,0.0,1e-05,0
8525,-1e-05,-6e-05,-5e-05,-0.00011,0.0,0.0,0.0,1e-05,0
8526,-1e-05,-6e-05,-5e-05,-0.00011,0.0,0.0,0.0,1e-05,0
8527,-1e-05,-6e-05,-5e-05,-0.00011,0.0,0.0,0.0,1e-05,0
8528,-1e-05,-6e-05,-5e-05,-0.00011,0.0,0.0,0.0,1e-05,0
8529,-1e-05,-3e-05,-6e-05,0.00012,7e-05,-2e-05,-2e-05,0.0,0
8530,-2e-05,0.0,0.0,0.0,9e-05,-4e-05,-1e-05,-4e-05,0
8531,-2e-05,0.0,0.0,0.0,9e-05,-4e-05,-1e-05,-4e-05,0
8532,-2e-05,0.0,0.0,0.0,9e-05,-4e-05,-1e-05,-4e-05,0
8533,-2e-05,0.0,0.0,0.0,9e-05,-4e-05,-1e-05,-4e-05,0
8534,-2e-05,0.0,0.0,0.0,9e-05,-4e-05,-1e-05,-4e-05,0
8535,-2e-05,0.0,0.0,0.0,9e-05,-4e-05,-1e-05,-4e-05,0
8536,-2e-05,0.0,0.0,0.0,9e-05,-4e-05,-1e-05,-4e-05,0
8538,-2e-05,0.0,0.0,0.0,9e-05,-4e-05,-1e-05,-4e-05,0
8539,-2e-05,0.0,0.0,0.0,9e-05,-4e-05,-1e-05,-4e-05,0
8540,-2e-05,0.0,0.0,0.0,9e-05,-4e-05,-1e-05,-4e-05,0
8541,-2e-05,0.0,0.0,0.0,9e-05,-4e-05,-1e-05,-4e-05,0
8542,-2e-05,0.0,0.0,0.0,9e-05,-4e-05,-1e-05,-4e-05,0
8543,-2e-05,0.0,0.0,0.0,9e-05,-4e-05,-1e-05,-4e-05,0
8544,-2e-05,0.0,0.0,0.0,9e-05,-4e-05,-1e-05,-4e-05,0
8545,-2e-05,0.0,0.0,0.0,9e-05,-4e-05,-1e-05,-4e-05,0
8546,-2e-05,0.0,0.0,0.0,9e-05,-4e-05,-1e-05,-4e-05,0
8547,-2e-05,0.0,0.0,0.0,9e-05,-4e-05,-1e-05,-4e-05,0
8548,-2e-05,0.0,0.0,0.0,9e-05,-4e-05,-1e-05,-4e-05,0
8549,-2e-05,0.0,0.0,0.0,9e-05,-4e-05,-1e-05,-4e-05,0
8550,-2e-05,0.0,0.0,0.0,9e-05,-4e-05,-1e-05,-4e-05,0
8551,-2e-05,0.0,0.0,0.0,9e-05,-4e-05,-1e-05,-4e-05,0
8552,-2e-05,0.0,0.0,0.0,9e-05,-4e-05,-1e-05,-4e-05,0
8554,-1e-05,-1e-05,-2e-05,0.0,4e-05,-1e-05,0.0,-3e-05,0
8555,-1e-05,-1e-05,-2e-05,0.0,4e-05,-1e-05,0.0,-3e-05,0
8556,-1e-05,-1e-05,-2e-05,0.0,4e-05,-1e-05,0.0,-3e-05,0
8557,-1e-05,-1e-05,-2e-05,0.0,4e-05,-1e-05,0.0,-3e-05,0
8558,-1e-05,-1e-05,-2e-05,0.0,4e-05,-1e-05,0.0,-3e-05,0
8559,-1e-05,-1e-05,-2e-05,0.0,4e-05,-1e-05,0.0,-3e-05,0
8560,-1e-05,-1e-05,-2e-05,0.0,4e-05,-1e-05,0.0,-3e-05,0
8561,-1e-05,-1e-05,-2e-05,0.0,4e-05,-1e-05,0.0,-3e-05,0
8562,-1e-05,-1e-05,-2e-05,0.0,4e-05,-1e-05,0.0,-3e-05,0
8563,-1e-05,-1e-05,-2e-05,0.0,4e-05,-1e-05,0.0,-3e-05,0
8564,-1e-05,-1e-05,-2e-05,0.0,4e-05,-1e-05,0.0,-3e-05,0
8565,-1e-05,-1e-05,-2e-05,0.0,4e-05,-1e-05,0.0,-3e-05,0
8566,-1e-05,-1e-05,-2e-05,0.0,4e-05,-1e-05,0.0,-3e-05,0
8567,-1e-05,-1e-05,-2e-05,0.0,4e-05,-1e-05,0.0,-3e-05,0
8568,-1e-05,-1e-05,-2e-05,0.0,4e-05,-1e-05,0.0,-3e-05,0
8569,-1e-05,-1e-05,-2e-05,0.0,4e-05,-1e-05,0.0,-3e-05,0
8570,-1e-05,-1e-05,-2e-05,0.0,4e-05,-1e-05,0.0,-3e-05,0
8571,-1e-05,-1e-05,-2e-05,0.0,4e-05,-1e-05,0.0,-3e-05,0
8572,-1e-05,-1e-05,-2e-05,0.0,4e-05,-1e-05,0.0,-3e-05,0
8573,-1e-05,-1e-05,-2e-05,0.0,4e-05,-1e-05,0.0,-3e-05,0
8574,-1e-05,-1e-05,-2e-05,0.0,4e-05,-1e-05,0.0,-3e-05,0
8575,2e-05,4e-05,3e-05,3e-05,6e-05,0.0,0.0,0.0,0
8576,0.0,-2e-05,-2e-05,-6e-05,1e-05,-2e-05,-1e-05,-1e-05,0
8577,0.0,-2e-05,-2e-05,-6e-05,1e-05,-2e-05,-1e-05,-1e-05,0
8578,0.0,-2e-05,-2e-05,-6e-05,1e-05,-2e-05,-1e-05,-1e-05,0
8579,0.0,-2e-05,-2e-05,-6e-05,1e-05,-2e-05,-1e-05,-1e-05,0
8580,0.0,-2e-05,-2e-05,-6e-05,1e-05,-2e-05,-1e-05,-1e-05,0
8581,0.0,-2e-05,-2e-05,-6e-05,1e-05,-2e-05,-1e-05,-1e-05,0
8582,0.0,-2e-05,-2e-05,-6e-05,1e-05,-2e-05,-1e-05,-1e-05,0
8583,0.0,-2e-05,-2e-05,-6e-05,1e-05,-2e-05,-1e-05,-1e-05,0
8584,0.0,-2e-05,-2e-05,-6e-05,1e-05,-2e-05,-1e-05,-1e-05,0
8585,0.0,-2e-05,-2e-05,-6e-05,1e-05,-2e-05,-1e-05,-1e-05,0
8586,0.0,-2e-05,-2e-05,-6e-05,1e-05,-2e-05,-1e-05,-1e-05,0
8588,0.0,-2e-05,-2e-05,-6e-05,1e-05,-2e-05,-1e-05,-1e-05,0
8589,0.0,-2e-05,-2e-05,-6e-05,1e-05,-2e-05,-1e-05,-1e-05,0
8590,0.0,-2e-05,-2e-05,-6e-05,1e-05,-2e-05,-1e-05,-1e-05,0
8591,0.0,-2e-05,-2e-05,-6e-05,1e-05,-2e-05,-1e-05,-1e-05,0
8592,0.0,-2e-05,-2e-05,-6e-05,1e-05,-2e-05,-1e-05,-1e-05,0
8593,0.0,-2e-05,-2e-05,-6e-05,1e-05,-2e-05,-1e-05,-1e-05,0
8594,0.0,-2e-05,-2e-05,-6e-05,1e-05,-2e-05,-1e-05,-1e-05,0
8595,0.0,-2e-05,-2e-05,-6e-05,1e-05,-2e-05,-1e-05,-1e-05,0
8596,0.0,-2e-05,-2e-05,-6e-05,1e-05,-2e-05,-1e-05,-1e-05,0
8597,0.0,-2e-05,-2e-05,-6e-05,1e-05,-2e-05,-1e-05,-1e-05,0
8598,1e-05,-1e-05,0.0,1e-05,-4e-05,0.0,0.0,1e-05,0
8599,3e-05,2e-05,1e-05,-2e-05,-4e-05,0.0,0.0,0.0,0
8601,3e-05,2e-05,1e-05,-2e-05,-4e-05,0.0,0.0,0.0,0
8602,3e-05,2e-05,1e-05,-2e-05,-4e-05,0.0,0.0,0.0,0
8604,3e-05,2e-05,1e-05,-2e-05,-4e-05,0.0,0.0,0.0,0
8605,3e-05,2e-05,1e-05,-2e-05,-4e-05,0.0,0.0,0.0,0
8606,3e-05,2e-05,1e-05,-2e-05,-4e-05,0.0,0.0,0.0,0
8607,3e-05,2e-05,1e-05,-2e-05,-4e-05,0.0,0.0,0.0,0
8608,3e-05,2e-05,1e-05,-2e-05,-4e-05,0.0,0.0,0.0,0
8609,3e-05,2e-05,1e-05,-2e-05,-4e-05,0.0,0.0,0.0,0
8610,3e-05,2e-05,1e-05,-2e-05,-4e-05,0.0,0.0,0.0,0
8611,3e-05,2e-05,1e-05,-2e-05,-4e-05,0.0,0.0,0.0,0
8612,3e-05,2e-05,1e-05,-2e-05,-4e-05,0.0,0.0,0.0,0
8613,3e-05,2e-05,1e-05,-2e-05,-4e-05,0.0,0.0,0.0,0
8614,3e-05,2e-05,1e-05,-2e-05,-4e-05,0.0,0.0,0.0,0
8615,3e-05,2e-05,1e-05,-2e-05,-4e-05,0.0,0.0,0.0,0
8616,3e-05,2e-05,1e-05,-2e-05,-4e-05,0.0,0.0,0.0,0
8617,3e-05,2e-05,1e-05,-2e-05,-4e-05,0.0,0.0,0.0,0
8618,3e-05,2e-05,1e-05,-2e-05,-4e-05,0.0,0.0,0.0,0
8619,3e-05,2e-05,1e-05,-2e-05,-4e-05,0.0,0.0,0.0,0
8620,-1e-05,-1e-05,2e-05,9e-05,-2e-05,1e-05,-2e-05,-2e-05,0
8621,-1e-05,0.0,1e-05,0.00021,2e-05,-1e-05,1e-05,1e-05,0
8622,-1e-05,0.0,1e-05,0.00021,2e-05,-1e-05,1e-05,1e-05,0
8623,-1e-05,0.0,1e-05,0.00021,2e-05,-1e-05,1e-05,1e-05,0
8624,-1e-05,0.0,1e-05,0.00021,2e-05,-1e-05,1e-05,1e-05,0
8625,-1e-05,0.0,1e-05,0.00021,2e-05,-1e-05,1e-05,1e-05,0
8626,-1e-05,0.0,1e-05,0.00021,2e-05,-1e-05,1e-05,1e-05,0
8627,-1e-05,0.0,1e-05,0.00021,2e-05,-1e-05,1e-05,1e-05,0
8628,-1e-05,0.0,1e-05,0.00021,2e-05,-1e-05,1e-05,1e-05,0
8629,-1e-05,0.0,1e-05,0.00021,2e-05,-1e-05,1e-05,1e-05,0
8630,-1e-05,0.0,1e-05,0.00021,2e-05,-1e-05,1e-05,1e-05,0
8631,-1e-05,0.0,1e-05,0.00021,2e-05,-1e-05,1e-05,1e-05,0
8632,-1e-05,0.0,1e-05,0.00021,2e-05,-1e-05,1e-05,1e-05,0
8633,-1e-05,0.0,1e-05,0.00021,2e-05,-1e-05,1e-05,1e-05,0
8634,-1e-05,0.0,1e-05,0.00021,2e-05,-1e-05,1e-05,1e-05,0
8635,2e-05,2e-05,-1e-05,-1e-05,-4e-05,-3e-05,-1e-05,-1e-05,0
8636,-2e-05,-5e-05,-5e-05,2e-05,4e-05,0.0,-3e-05,-3e-05,0
8638,-2e-05,-5e-05,-5e-05,2e-05,4e-05,0.0,-3e-05,-3e-05,0
8639,-2e-05,-5e-05,-5e-05,2e-05,4e-05,0.0,-3e-05,-3e-05,0
8640,-2e-05,-5e-05,-5e-05,2e-05,4e-05,0.0,-3e-05,-3e-05,0
8641,-2e-05,-5e-05,-5e-05,2e-05,4e-05,0.0,-3e-05,-3e-05,0
8642,-2e-05,-5e-05,-5e-05,2e-05,4e-05,0.0,-3e-05,-3e-05,0
8643,-2e-05,-5e-05,-5e-05,2e-05,4e-05,0.0,-3e-05,-3e-05,0
8644,-2e-05,-5e-05,-5e-05,2e-05,4e-05,0.0,-3e-05,-3e-05,0
8645,-2e-05,-5e-05,-5e-05,2e-05,4e-05,0.0,-3e-05,-3e-05,0
8646,-2e-05,-5e-05,-5e-05,2e-05,4e-05,0.0,-3e-05,-3e-05,0
8647,-2e-05,-5e-05,-5e-05,2e-05,4e-05,0.0,-3e-05,-3e-05,0
8648,-2e-05,-5e-05,-5e-05,2e-05,4e-05,0.0,-3e-05,-3e-05,0
8649,-3e-05,-6e-05,-8e-05,1e-05,-5e-05,-2e-05,-1e-05,-1e-05,0
8650,-3e-05,-6e-05,-8e-05,1e-05,-5e-05,-2e-05,-1e-05,-1e-05,0
8651,-3e-05,-6e-05,-8e-05,1e-05,-5e-05,-2e-05,-1e-05,-1e-05,0
8652,-3e-05,-6e-05,-8e-05,1e-05,-5e-05,-2e-05,-1e-05,-1e-05,0
8654,-3e-05,-6e-05,-8e-05,1e-05,-5e-05,-2e-05,-1e-05,-1e-05,0
8655,-3e-05,-6e-05,-8e-05,1e-05,-5e-05,-2e-05,-1e-05,-1e-05,0
8656,-3e-05,-6e-05,-8e-05,1e-05,-5e-05,-2e-05,-1e-05,-1e-05,0
8657,-4e-05,-1e-05,-2e-05,-3e-05,-4e-05,-1e-05,1e-05,0.0,0
8658,-4e-05,-1e-05,-2e-05,-3e-05,-4e-05,-1e-05,1e-05,0.0,0
8659,-4e-05,-1e-05,-2e-05,-3e-05,-4e-05,-1e-05,1e-05,0.0,0
8660,-4e-05,-1e-05,-2e-05,-3e-05,-4e-05,-1e-05,1e-05,0.0,0
8661,-4e-05,-1e-05,-2e-05,-3e-05,-4e-05,-1e-05,1e-05,0.0,0
8662,-4e-05,-1e-05,-2e-05,-3e-05,-4e-05,-1e-05,1e-05,0.0,0
8663,-4e-05,-1e-05,-2e-05,-3e-05,-4e-05,-1e-05,1e-05,0.0,0
8664,-4e-05,-1e-05,-2e-05,-3e-05,-4e-05,-1e-05,1e-05,0.0,0
8665,-4e-05,-1e-05,-2e-05,-3e-05,-4e-05,-1e-05,1e-05,0.0,0
8666,-4e-05,-1e-05,-2e-05,-3e-05,-4e-05,-1e-05,1e-05,0.0,0
8667,-4e-05,-1e-05,-2e-05,-3e-05,-4e-05,-1e-05,1e-05,0.0,0
8668,-4e-05,-1e-05,-2e-05,-3e-05,-4e-05,-1e-05,1e-05,0.0,0
8669,-4e-05,-1e-05,-2e-05,-3e-05,-4e-05,-1e-05,1e-05,0.0,0
8670,-4e-05,-1e-05,-2e-05,-3e-05,-4e-05,-1e-05,1e-05,0.0,0
8671,-4e-05,-1e-05,-2e-05,-3e-05,-4e-05,-1e-05,1e-05,0.0,0
8672,-4e-05,-1e-05,-2e-05,-3e-05,-4e-05,-1e-05,1e-05,0.0,0
8673,-2e-05,-1e-05,-3e-05,-6e-05,-2e-05,0.0,-1e-05,-1e-05,0
8674,0.0,0.0,0.0,-1e-05,3e-05,0.0,0.0,-1e-05,0
8675,0.0,0.0,0.0,-1e-05,3e-05,0.0,0.0,-1e-05,0
8676,0.0,0.0,0.0,-1e-05,3e-05,0.0,0.0,-1e-05,0
8677,0.0,0.0,0.0,-1e-05,3e-05,0.0,0.0,-1e-05,0
8678,0.0,0.0,0.0,-1e-05,3e-05,0.0,0.0,-1e-05,0
8679,0.0,0.0,0.0,-1e-05,3e-05,0.0,0.0,-1e-05,0
8680,0.0,0.0,0.0,-1e-05,3e-05,0.0,0.0,-1e-05,0
8681,0.0,0.0,0.0,-1e-05,3e-05,0.0,0.0,-1e-05,0
8682,0.0,0.0,0.0,-1e-05,3e-05,0.0,0.0,-1e-05,0
8683,0.0,0.0,0.0,-1e-05,3e-05,0.0,0.0,-1e-05,0
8684,0.0,0.0,0.0,-1e-05,3e-05,0.0,0.0,-1e-05,0
8685,0.0,0.0,0.0,-1e-05,3e-05,0.0,0.0,-1e-05,0
8686,0.0,0.0,0.0,-1e-05,3e-05,0.0,0.0,-1e-05,0
8688,0.0,0.0,0.0,-1e-05,3e-05,0.0,0.0,-1e-05,0
8689,0.0,0.0,0.0,-1e-05,3e-05,0.0,0.0,-1e-05,0
8690,0.0,0.0,0.0,-1e-05,3e-05,0.0,0.0,-1e-05,0
8691,0.0,0.0,0.0,-1e-05,3e-05,0.0,0.0,-1e-05,0
8692,0.0,0.0,0.0,-1e-05,3e-05,0.0,0.0,-1e-05,0
8693,0.0,0.0,0.0,-1e-05,3e-05,0.0,0.0,-1e-05,0
8694,0.0,0.0,0.0,-1e-05,3e-05,0.0,0.0,-1e-05,0
8695,-3e-05,-2e-05,-2e-05,-3e-05,-1e-05,-1e-05,0.0,0.0,0
8696,-1e-05,0.0,0.0,-3e-05,0.0,0.0,-2e-05,-1e-05,0
8697,-1e-05,0.0,0.0,-3e-05,0.0,0.0,-2e-05,-1e-05,0
8698,-1e-05,0.0,0.0,-3e-05,0.0,0.0,-2e-05,-1e-05,0
8699,-1e-05,0.0,0.0,-3e-05,0.0,0.0,-2e-05,-1e-05,0
8700,-1e-05,0.0,0.0,-3e-05,0.0,0.0,-2e-05,-1e-05,0
8701,-1e-05,0.0,0.0,-3e-05,0.0,0.0,-2e-05,-1e-05,0
8702,-1e-05,0.0,0.0,-3e-05,0.0,0.0,-2e-05,-1e-05,0
8704,-1e-05,0.0,0.0,-3e-05,0.0,0.0,-2e-05,-1e-05,0
8705,-1e-05,0.0,0.0,-3e-05,0.0,0.0,-2e-05,-1e-05,0
8706,-1e-05,0.0,0.0,-3e-05,0.0,0.0,-2e-05,-1e-05,0
8707,-1e-05,0.0,0.0,-3e-05,0.0,0.0,-2e-05,-1e-05,0
8708,-1e-05,0.0,0.0,-3e-05,0.0,0.0,-2e-05,-1e-05,0
8709,-1e-05,0.0,0.0,-3e-05,0.0,0.0,-2e-05,-1e-05,0
8710,-1e-05,0.0,0.0,-3e-05,0.0,0.0,-2e-05,-1e-05,0
8711,-1e-05,0.0,0.0,-3e-05,0.0,0.0,-2e-05,-1e-05,0
8712,-1e-05,0.0,0.0,-3e-05,0.0,0.0,-2e-05,-1e-05,0
8713,-1e-05,0.0,0.0,-3e-05,0.0,0.0,-2e-05,-1e-05,0
8714,-1e-05,0.0,0.0,-3e-05,0.0,0.0,-2e-05,-1e-05,0
8715,-1e-05,0.0,0.0,-3e-05,0.0,0.0,-2e-05,-1e-05,0
8716,-1e-05,0.0,0.0,-3e-05,0.0,0.0,-2e-05,-1e-05,0
8717,-1e-05,0.0,0.0,-3e-05,0.0,0.0,-2e-05,-1e-05,0
8718,-1e-05,-1e-05,-3e-05,-4e-05,5e-05,-1e-05,-1e-05,-3e-05,0
8719,0.0,3e-05,7e-05,0.00038,0.0001,2e-05,1e-05,-1e-05,0
8720,0.0,3e-05,7e-05,0.00038,0.0001,2e-05,1e-05,-1e-05,0
8721,0.0,3e-05,7e-05,0.00038,0.0001,2e-05,1e-05,-1e-05,0
8722,0.0,3e-05,7e-05,0.00038,0.0001,2e-05,1e-05,-1e-05,0
8723,0.0,3e-05,7e-05,0.00038,0.0001,2e-05,1e-05,-1e-05,0
8724,0.0,3e-05,7e-05,0.00038,0.0001,2e-05,1e-05,-1e-05,0
8725,0.0,3e-05,7e-05,0.00038,0.0001,2e-05,1e-05,-1e-05,0
8726,0.0,3e-05,7e-05,0.00038,0.0001,2e-05,1e-05,-1e-05,0
8727,0.0,3e-05,7e-05,0.00038,0.0001,2e-05,1e-05,-1e-05,0
8728,0.0,3e-05,7e-05,0.00038,0.0001,2e-05,1e-05,-1e-05,0
8729,0.0,3e-05,7e-05,0.00038,0.0001,2e-05,1e-05,-1e-05,0
8730,0.0,3e-05,7e-05,0.00038,0.0001,2e-05,1e-05,-1e-05,0
8731,0.0,3e-05,7e-05,0.00038,0.0001,2e-05,1e-05,-1e-05,0
8732,0.0,3e-05,7e-05,0.00038,0.0001,2e-05,1e-05,-1e-05,0
8733,0.0,3e-05,7e-05,0.00038,0.0001,2e-05,1e-05,-1e-05,0
8734,0.0,3e-05,7e-05,0.00038,0.0001,2e-05,1e-05,-1e-05,0
8735,0.0,3e-05,7e-05,0.00038,0.0001,2e-05,1e-05,-1e-05,0
8736,0.0,3e-05,7e-05,0.00038,0.0001,2e-05,1e-05,-1e-05,0
8738,0.0,3e-05,7e-05,0.00038,0.0001,2e-05,1e-05,-1e-05,0
8739,0.0,3e-05,7e-05,0.00038,0.0001,2e-05,1e-05,-1e-05,0
8740,1e-05,3e-05,2e-05,-0.00013,-8e-05,-3e-05,-2e-05,1e-05,0
8741,-3e-05,-7e-05,-5e-05,7e-05,3e-05,-1e-05,-3e-05,0.0,0
8742,-3e-05,-7e-05,-5e-05,7e-05,3e-05,-1e-05,-3e-05,0.0,0
8743,-3e-05,-7e-05,-5e-05,7e-05,3e-05,-1e-05,-3e-05,0.0,0
8744,-3e-05,-7e-05,-5e-05,7e-05,3e-05,-1e-05,-3e-05,0.0,0
8745,-3e-05,-7e-05,-5e-05,7e-05,3e-05,-1e-05,-3e-05,0.0,0
8746,-3e-05,-7e-05,-5e-05,7e-05,3e-05,-1e-05,-3e-05,0.0,0
8747,-3e-05,-7e-05,-5e-05,7e-05,3e-05,-1e-05,-3e-05,0.0,0
8748,-3e-05,-7e-05,-5e-05,7e-05,3e-05,-1e-05,-3e-05,0.0,0
8749,-3e-05,-7e-05,-5e-05,7e-05,3e-05,-1e-05,-3e-05,0.0,0
8750,-3e-05,-7e-05,-5e-05,7e-05,3e-05,-1e-05,-3e-05,0.0,0
8751,-3e-05,-7e-05,-5e-05,7e-05,3e-05,-1e-05,-3e-05,0.0,0
8752,-3e-05,-7e-05,-5e-05,7e-05,3e-05,-1e-05,-3e-05,0.0,0
8754,-3e-05,-7e-05,-5e-05,7e-05,3e-05,-1e-05,-3e-05,0.0,0
8755,-3e-05,-7e-05,-5e-05,7e-05,3e-05,-1e-05,-3e-05,0.0,0
8756,0.0,2e-05,0.0,0.0,-2e-05,0.0,-2e-05,0.0,0
8757,-1e-05,-3e-05,-3e-05,-0.00013,-3e-05,-2e-05,-1e-05,0.0,0
8758,-1e-05,-3e-05,-3e-05,-0.00013,-3e-05,-2e-05,-1e-05,0.0,0
8759,-1e-05,-3e-05,-3e-05,-0.00013,-3e-05,-2e-05,-1e-05,0.0,0
8760,-1e-05,-3e-05,-3e-05,-0.00013,-3e-05,-2e-05,-1e-05,0.0,0
8761,-1e-05,-3e-05,-3e-05,-0.00013,-3e-05,-2e-05,-1e-05,0.0,0
8762,-1e-05,-3e-05,-3e-05,-0.00013,-3e-05,-2e-05,-1e-05,0.0,0
8763,-1e-05,-3e-05,-3e-05,-0.00013,-3e-05,-2e-05,-1e-05,0.0,0
8764,-1e-05,-3e-05,-3e-05,-0.00013,-3e-05,-2e-05,-1e-05,0.0,0
8765,-1e-05,-3e-05,-3e-05,-0.00013,-3e-05,-2e-05,-1e-05,0.0,0
8766,-1e-05,-3e-05,-3e-05,-0.00013,-3e-05,-2e-05,-1e-05,0.0,0
8767,-1e-05,-3e-05,-3e-05,-0.00013,-3e-05,-2e-05,-1e-05,0.0,0
8768,-1e-05,-3e-05,-3e-05,-0.00013,-3e-05,-2e-05,-1e-05,0.0,0
8769,-1e-05,-3e-05,-3e-05,-0.00013,-3e-05,-2e-05,-1e-05,0.0,0
8770,-1e-05,0.0,-1e-05,-0.0001,-2e-05,0.0,-1e-05,-2e-05,0
8771,-1e-05,0.0,-1e-05,-0.0001,-2e-05,0.0,-1e-05,-2e-05,0
8772,-1e-05,0.0,-1e-05,-0.0001,-2e-05,0.0,-1e-05,-2e-05,0
8773,-1e-05,0.0,-1e-05,-0.0001,-2e-05,0.0,-1e-05,-2e-05,0
8774,-1e-05,0.0,-1e-05,-0.0001,-2e-05,0.0,-1e-05,-2e-05,0
8775,-1e-05,0.0,-1e-05,-0.0001,-2e-05,0.0,-1e-05,-2e-05,0
8776,-1e-05,0.0,-1e-05,-0.0001,-2e-05,0.0,-1e-05,-2e-05,0
8777,0.0,-1e-05,2e-05,-1e-05,-2e-05,1e-05,-2e-05,0.0,0
8778,0.0,-1e-05,2e-05,-1e-05,-2e-05,1e-05,-2e-05,0.0,0
8779,0.0,-1e-05,2e-05,-1e-05,-2e-05,1e-05,-2e-05,0.0,0
8780,0.0,-1e-05,2e-05,-1e-05,-2e-05,1e-05,-2e-05,0.0,0
8781,0.0,-1e-05,2e-05,-1e-05,-2e-05,1e-05,-2e-05,0.0,0
8783,0.0,-1e-05,2e-05,-1e-05,-2e-05,1e-05,-2e-05,0.0,0
8784,0.0,-1e-05,2e-05,-1e-05,-2e-05,1e-05,-2e-05,0.0,0
8785,0.0,-1e-05,2e-05,-1e-05,-2e-05,1e-05,-2e-05,0.0,0
8786,0.0,-1e-05,2e-05,-1e-05,-2e-05,1e-05,-2e-05,0.0,0
8788,0.0,-1e-05,2e-05,-1e-05,-2e-05,1e-05,-2e-05,0.0,0
8789,0.0,-1e-05,2e-05,-1e-05,-2e-05,1e-05,-2e-05,0.0,0
8790,0.0,-1e-05,2e-05,-1e-05,-2e-05,1e-05,-2e-05,0.0,0
8791,0.0,-1e-05,2e-05,-1e-05,-2e-05,1e-05,-2e-05,0.0,0
8792,0.0,-1e-05,2e-05,-1e-05,-2e-05,1e-05,-2e-05,0.0,0
8793,-1e-05,-3e-05,-3e-05,0.0,8e-05,-1e-05,-1e-05,1e-05,0
8794,2e-05,4e-05,1e-05,-9e-05,-2e-05,-1e-05,-1e-05,-2e-05,0
8796,2e-05,4e-05,1e-05,-9e-05,-2e-05,-1e-05,-1e-05,-2e-05,0
8798,2e-05,4e-05,1e-05,-9e-05,-2e-05,-1e-05,-1e-05,-2e-05,0
8799,2e-05,4e-05,1e-05,-9e-05,-2e-05,-1e-05,-1e-05,-2e-05,0
8800,2e-05,4e-05,1e-05,-9e-05,-2e-05,-1e-05,-1e-05,-2e-05,0
8801,2e-05,4e-05,1e-05,-9e-05,-2e-05,-1e-05,-1e-05,-2e-05,0
8802,2e-05,4e-05,1e-05,-9e-05,-2e-05,-1e-05,-1e-05,-2e-05,0
8804,2e-05,4e-05,1e-05,-9e-05,-2e-05,-1e-05,-1e-05,-2e-05,0
8805,2e-05,4e-05,1e-05,-9e-05,-2e-05,-1e-05,-1e-05,-2e-05,0
8806,2e-05,4e-05,1e-05,-9e-05,-2e-05,-1e-05,-1e-05,-2e-05,0
8807,2e-05,4e-05,1e-05,-9e-05,-2e-05,-1e-05,-1e-05,-2e-05,0
8808,2e-05,4e-05,1e-05,-9e-05,-2e-05,-1e-05,-1e-05,-2e-05,0
8809,2e-05,4e-05,1e-05,-9e-05,-2e-05,-1e-05,-1e-05,-2e-05,0
8810,2e-05,4e-05,1e-05,-9e-05,-2e-05,-1e-05,-1e-05,-2e-05,0
8811,2e-05,4e-05,1e-05,-9e-05,-2e-05,-1e-05,-1e-05,-2e-05,0
8812,2e-05,4e-05,1e-05,-9e-05,-2e-05,-1e-05,-1e-05,-2e-05,0
8813,2e-05,4e-05,1e-05,-9e-05,-2e-05,-1e-05,-1e-05,-2e-05,0
8814,2e-05,4e-05,1e-05,-9e-05,-2e-05,-1e-05,-1e-05,-2e-05,0
8815,-5e-05,-5e-05,-4e-05,0.0,-7e-05,-2e-05,-2e-05,-3e-05,0
8816,0.0,-2e-05,-4e-05,-0.00012,-1e-05,-2e-05,-2e-05,0.0,0
8817,0.0,-2e-05,-4e-05,-0.00012,-1e-05,-2e-05,-2e-05,0.0,0
8818,0.0,-2e-05,-4e-05,-0.00012,-1e-05,-2e-05,-2e-05,0.0,0
8819,0.0,-2e-05,-4e-05,-0.00012,-1e-05,-2e-05,-2e-05,0.0,0
8820,0.0,-2e-05,-4e-05,-0.00012,-1e-05,-2e-05,-2e-05,0.0,0
8821,0.0,-2e-05,-4e-05,-0.00012,-1e-05,-2e-05,-2e-05,0.0,0
8822,0.0,-2e-05,-4e-05,-0.00012,-1e-05,-2e-05,-2e-05,0.0,0
8823,0.0,-2e-05,-4e-05,-0.00012,-1e-05,-2e-05,-2e-05,0.0,0
8824,0.0,-2e-05,-4e-05,-0.00012,-1e-05,-2e-05,-2e-05,0.0,0
8825,0.0,-2e-05,-4e-05,-0.00012,-1e-05,-2e-05,-2e-05,0.0,0
8826,0.0,-2e-05,-4e-05,-0.00012,-1e-05,-2e-05,-2e-05,0.0,0
8827,0.0,-2e-05,-4e-05,-0.00012,-1e-05,-2e-05,-2e-05,0.0,0
8828,0.0,-2e-05,-4e-05,-0.00012,-1e-05,-2e-05,-2e-05,0.0,0
8829,-1e-05,1e-05,3e-05,2e-05,-4e-05,2e-05,-2e-05,-1e-05,0
8830,-1e-05,1e-05,3e-05,2e-05,-4e-05,2e-05,-2e-05,-1e-05,0
8831,-1e-05,1e-05,3e-05,2e-05,-4e-05,2e-05,-2e-05,-1e-05,0
8832,-1e-05,1e-05,3e-05,2e-05,-4e-05,2e-05,-2e-05,-1e-05,0
8833,-1e-05,1e-05,3e-05,2e-05,-4e-05,2e-05,-2e-05,-1e-05,0
8834,-1e-05,1e-05,3e-05,2e-05,-4e-05,2e-05,-2e-05,-1e-05,0
8835,-1e-05,1e-05,3e-05,2e-05,-4e-05,2e-05,-2e-05,-1e-05,0
8837,-2e-05,-2e-05,-6e-05,-7e-05,-1e-05,-2e-05,-1e-05,1e-05,0
8839,-2e-05,-2e-05,-6e-05,-7e-05,-1e-05,-2e-05,-1e-05,1e-05,0
8840,-2e-05,-2e-05,-6e-05,-7e-05,-1e-05,-2e-05,-1e-05,1e-05,0
8841,-2e-05,-2e-05,-6e-05,-7e-05,-1e-05,-2e-05,-1e-05,1e-05,0
8842,-2e-05,-2e-05,-6e-05,-7e-05,-1e-05,-2e-05,-1e-05,1e-05,0
8843,-2e-05,-2e-05,-6e-05,-7e-05,-1e-05,-2e-05,-1e-05,1e-05,0
8844,-2e-05,-2e-05,-6e-05,-7e-05,-1e-05,-2e-05,-1e-05,1e-05,0
8846,-2e-05,-2e-05,-6e-05,-7e-05,-1e-05,-2e-05,-1e-05,1e-05,0
8847,-2e-05,-2e-05,-6e-05,-7e-05,-1e-05,-2e-05,-1e-05,1e-05,0
8848,-2e-05,-2e-05,-6e-05,-7e-05,-1e-05,-2e-05,-1e-05,1e-05,0
8849,-2e-05,-2e-05,-6e-05,-7e-05,-1e-05,-2e-05,-1e-05,1e-05,0
8850,-2e-05,-2e-05,-6e-05,-7e-05,-1e-05,-2e-05,-1e-05,1e-05,0
8851,-2e-05,-2e-05,-6e-05,-7e-05,-1e-05,-2e-05,-1e-05,1e-05,0
8852,-2e-05,-2e-05,-6e-05,-7e-05,-1e-05,-2e-05,-1e-05,1e-05,0
8854,-2e-05,0.0,3e-05,0.0005,0.00012,1e-05,-1e-05,-2e-05,0
8855,-2e-05,0.0,3e-05,0.0005,0.00012,1e-05,-1e-05,-2e-05,0
8856,-2e-05,0.0,3e-05,0.0005,0.00012,1e-05,-1e-05,-2e-05,0
8857,-2e-05,0.0,3e-05,0.0005,0.00012,1e-05,-1e-05,-2e-05,0
8858,-2e-05,0.0,3e-05,0.0005,0.00012,1e-05,-1e-05,-2e-05,0
8859,-2e-05,0.0,3e-05,0.0005,0.00012,1e-05,-1e-05,-2e-05,0
8860,-2e-05,0.0,3e-05,0.0005,0.00012,1e-05,-1e-05,-2e-05,0
8861,-2e-05,0.0,3e-05,0.0005,0.00012,1e-05,-1e-05,-2e-05,0
8862,-2e-05,0.0,3e-05,0.0005,0.00012,1e-05,-1e-05,-2e-05,0
8863,-2e-05,0.0,3e-05,0.0005,0.00012,1e-05,-1e-05,-2e-05,0
8864,-2e-05,0.0,3e-05,0.0005,0.00012,1e-05,-1e-05,-2e-05,0
8865,-2e-05,0.0,3e-05,0.0005,0.00012,1e-05,-1e-05,-2e-05,0
8866,-2e-05,0.0,3e-05,0.0005,0.00012,1e-05,-1e-05,-2e-05,0
8867,-2e-05,0.0,3e-05,0.0005,0.00012,1e-05,-1e-05,-2e-05,0
8868,-2e-05,0.0,3e-05,0.0005,0.00012,1e-05,-1e-05,-2e-05,0
8869,-2e-05,0.0,3e-05,0.0005,0.00012,1e-05,-1e-05,-2e-05,0
8870,-2e-05,0.0,3e-05,0.0005,0.00012,1e-05,-1e-05,-2e-05,0
8871,-2e-05,0.0,3e-05,0.0005,0.00012,1e-05,-1e-05,-2e-05,0
8872,-2e-05,0.0,3e-05,0.0005,0.00012,1e-05,-1e-05,-2e-05,0
8873,-2e-05,0.0,3e-05,0.0005,0.00012,1e-05,-1e-05,-2e-05,0
8874,-2e-05,0.0,3e-05,0.0005,0.00012,1e-05,-1e-05,-2e-05,0
8875,-2e-05,0.0,3e-05,0.0005,0.00012,1e-05,-1e-05,-2e-05,0
8876,-2e-05,-2e-05,-3e-05,-0.00023,-7e-05,-4e-05,-2e-05,0.0,0
8877,-2e-05,-2e-05,-3e-05,-0.00023,-7e-05,-4e-05,-2e-05,0.0,0
8879,-2e-05,-2e-05,-3e-05,-0.00023,-7e-05,-4e-05,-2e-05,0.0,0
8880,-2e-05,-2e-05,-3e-05,-0.00023,-7e-05,-4e-05,-2e-05,0.0,0
8881,-2e-05,-2e-05,-3e-05,-0.00023,-7e-05,-4e-05,-2e-05,0.0,0
8882,-2e-05,-2e-05,-3e-05,-0.00023,-7e-05,-4e-05,-2e-05,0.0,0
8883,-2e-05,-2e-05,-3e-05,-0.00023,-7e-05,-4e-05,-2e-05,0.0,0
8884,-2e-05,-2e-05,-3e-05,-0.00023,-7e-05,-4e-05,-2e-05,0.0,0
8885,-2e-05,-2e-05,-3e-05,-0.00023,-7e-05,-4e-05,-2e-05,0.0,0
8887,-2e-05,-2e-05,-3e-05,-0.00023,-7e-05,-4e-05,-2e-05,0.0,0
8889,-2e-05,-2e-05,-3e-05,-0.00023,-7e-05,-4e-05,-2e-05,0.0,0
8890,-2e-05,-2e-05,-3e-05,-0.00023,-7e-05,-4e-05,-2e-05,0.0,0
8891,-2e-05,-2e-05,-3e-05,-0.00023,-7e-05,-4e-05,-2e-05,0.0,0
8892,-2e-05,-2e-05,-3e-05,-0.00023,-7e-05,-4e-05,-2e-05,0.0,0
8893,-2e-05,-2e-05,-3e-05,-0.00023,-7e-05,-4e-05,-2e-05,0.0,0
8894,-2e-05,-2e-05,-3e-05,-0.00023,-7e-05,-4e-05,-2e-05,0.0,0
8895,-2e-05,-2e-05,-3e-05,-0.00023,-7e-05,-4e-05,-2e-05,0.0,0
8896,-2e-05,-2e-05,-3e-05,-0.00023,-7e-05,-4e-05,-2e-05,0.0,0
8897,-2e-05,-2e-05,-3e-05,-0.00023,-7e-05,-4e-05,-2e-05,0.0,0
8898,-4e-05,-3e-05,-1e-05,2e-05,-3e-05,-2e-05,0.0,-1e-05,0
8899,0.0,1e-05,0.0,-6e-05,-1e-05,-1e-05,-2e-05,-1e-05,0
8900,0.0,1e-05,0.0,-6e-05,-1e-05,-1e-05,-2e-05,-1e-05,0
8901,0.0,1e-05,0.0,-6e-05,-1e-05,-1e-05,-2e-05,-1e-05,0
8902,0.0,1e-05,0.0,-6e-05,-1e-05,-1e-05,-2e-05,-1e-05,0
8904,0.0,1e-05,0.0,-6e-05,-1e-05,-1e-05,-2e-05,-1e-05,0
8905,0.0,1e-05,0.0,-6e-05,-1e-05,-1e-05,-2e-05,-1e-05,0
8906,0.0,1e-05,0.0,-6e-05,-1e-05,-1e-05,-2e-05,-1e-05,0
8907,0.0,1e-05,0.0,-6e-05,-1e-05,-1e-05,-2e-05,-1e-05,0
8908,0.0,1e-05,0.0,-6e-05,-1e-05,-1e-05,-2e-05,-1e-05,0
8910,0.0,1e-05,0.0,-6e-05,-1e-05,-1e-05,-2e-05,-1e-05,0
8911,0.0,1e-05,0.0,-6e-05,-1e-05,-1e-05,-2e-05,-1e-05,0
8912,0.0,1e-05,0.0,-6e-05,-1e-05,-1e-05,-2e-05,-1e-05,0
8913,0.0,-1e-05,-2e-05,0.0,3e-05,0.0,0.0,0.0,0
8914,1e-05,-2e-05,-2e-05,-7e-05,1e-05,1e-05,0.0,0.0,0
8915,1e-05,-2e-05,-2e-05,-7e-05,1e-05,1e-05,0.0,0.0,0
8916,1e-05,-2e-05,-2e-05,-7e-05,1e-05,1e-05,0.0,0.0,0
8917,1e-05,-2e-05,-2e-05,-7e-05,1e-05,1e-05,0.0,0.0,0
8918,1e-05,-2e-05,-2e-05,-7e-05,1e-05,1e-05,0.0,0.0,0
8919,1e-05,-2e-05,-2e-05,-7e-05,1e-05,1e-05,0.0,0.0,0
8920,1e-05,-2e-05,-2e-05,-7e-05,1e-05,1e-05,0.0,0.0,0
8921,1e-05,-2e-05,-2e-05,-7e-05,1e-05,1e-05,0.0,0.0,0
8922,1e-05,-2e-05,-2e-05,-7e-05,1e-05,1e-05,0.0,0.0,0
8923,1e-05,-2e-05,-2e-05,-7e-05,1e-05,1e-05,0.0,0.0,0
8924,1e-05,-2e-05,-2e-05,-7e-05,1e-05,1e-05,0.0,0.0,0
8925,1e-05,-2e-05,-2e-05,-7e-05,1e-05,1e-05,0.0,0.0,0
8926,1e-05,-2e-05,-2e-05,-7e-05,1e-05,1e-05,0.0,0.0,0
8927,1e-05,-2e-05,-2e-05,-7e-05,1e-05,1e-05,0.0,0.0,0
8928,1e-05,-2e-05,-2e-05,-7e-05,1e-05,1e-05,0.0,0.0,0
8929,1e-05,-2e-05,-2e-05,-7e-05,1e-05,1e-05,0.0,0.0,0
8930,1e-05,-2e-05,-2e-05,-7e-05,1e-05,1e-05,0.0,0.0,0
8931,1e-05,-2e-05,-2e-05,-7e-05,1e-05,1e-05,0.0,0.0,0
8932,1e-05,-2e-05,-2e-05,-7e-05,1e-05,1e-05,0.0,0.0,0
8933,1e-05,-2e-05,-2e-05,-7e-05,1e-05,1e-05,0.0,0.0,0
8934,1e-05,-2e-05,-2e-05,-7e-05,1e-05,1e-05,0.0,0.0,0
8935,-1e-05,-1e-05,0.0,2e-05,8e-05,2e-05,1e-05,-3e-05,0
8937,1e-05,1e-05,0.0,-9e-05,-5e-05,-2e-05,-2e-05,-2e-05,0
8940,1e-05,1e-05,0.0,-9e-05,-5e-05,-2e-05,-2e-05,-2e-05,0
8941,1e-05,1e-05,0.0,-9e-05,-5e-05,-2e-05,-2e-05,-2e-05,0
8942,1e-05,1e-05,0.0,-9e-05,-5e-05,-2e-05,-2e-05,-2e-05,0
8943,1e-05,1e-05,0.0,-9e-05,-5e-05,-2e-05,-2e-05,-2e-05,0
8944,1e-05,1e-05,0.0,-9e-05,-5e-05,-2e-05,-2e-05,-2e-05,0
8945,1e-05,1e-05,0.0,-9e-05,-5e-05,-2e-05,-2e-05,-2e-05,0
8946,1e-05,1e-05,0.0,-9e-05,-5e-05,-2e-05,-2e-05,-2e-05,0
8947,1e-05,1e-05,0.0,-9e-05,-5e-05,-2e-05,-2e-05,-2e-05,0
8948,1e-05,1e-05,0.0,-9e-05,-5e-05,-2e-05,-2e-05,-2e-05,0
8949,-2e-05,-2e-05,-3e-05,-1e-05,2e-05,-2e-05,-2e-05,-2e-05,0
8950,-2e-05,-2e-05,-3e-05,-1e-05,2e-05,-2e-05,-2e-05,-2e-05,0
8951,-2e-05,-2e-05,-3e-05,-1e-05,2e-05,-2e-05,-2e-05,-2e-05,0
8952,-2e-05,-2e-05,-3e-05,-1e-05,2e-05,-2e-05,-2e-05,-2e-05,0
8954,-2e-05,-2e-05,-3e-05,-1e-05,2e-05,-2e-05,-2e-05,-2e-05,0
8955,-2e-05,-2e-05,-3e-05,-1e-05,2e-05,-2e-05,-2e-05,-2e-05,0
8956,-2e-05,-2e-05,-3e-05,-1e-05,2e-05,-2e-05,-2e-05,-2e-05,0
8957,-1e-05,1e-05,-2e-05,-0.00014,-5e-05,-3e-05,0.0,-1e-05,0
8958,-1e-05,1e-05,-2e-05,-0.00014,-5e-05,-3e-05,0.0,-1e-05,0
8959,-1e-05,1e-05,-2e-05,-0.00014,-5e-05,-3e-05,0.0,-1e-05,0
8960,-1e-05,1e-05,-2e-05,-0.00014,-5e-05,-3e-05,0.0,-1e-05,0
8961,-1e-05,1e-05,-2e-05,-0.00014,-5e-05,-3e-05,0.0,-1e-05,0
8962,-1e-05,1e-05,-2e-05,-0.00014,-5e-05,-3e-05,0.0,-1e-05,0
8963,-1e-05,1e-05,-2e-05,-0.00014,-5e-05,-3e-05,0.0,-1e-05,0
8964,-1e-05,1e-05,-2e-05,-0.00014,-5e-05,-3e-05,0.0,-1e-05,0
8965,-1e-05,1e-05,-2e-05,-0.00014,-5e-05,-3e-05,0.0,-1e-05,0
8966,-1e-05,1e-05,-2e-05,-0.00014,-5e-05,-3e-05,0.0,-1e-05,0
8967,-1e-05,1e-05,-2e-05,-0.00014,-5e-05,-3e-05,0.0,-1e-05,0
8968,-1e-05,1e-05,-2e-05,-0.00014,-5e-05,-3e-05,0.0,-1e-05,0
8969,-1e-05,1e-05,-2e-05,-0.00014,-5e-05,-3e-05,0.0,-1e-05,0
8970,-1e-05,1e-05,-2e-05,-0.00014,-5e-05,-3e-05,0.0,-1e-05,0
8971,-1e-05,1e-05,-2e-05,-0.00014,-5e-05,-3e-05,0.0,-1e-05,0
8972,-1e-05,1e-05,-2e-05,-0.00014,-5e-05,-3e-05,0.0,-1e-05,0
8973,-1e-05,1e-05,-2e-05,-0.00014,-5e-05,-3e-05,0.0,-1e-05,0
8974,-1e-05,1e-05,-2e-05,-0.00014,-5e-05,-3e-05,0.0,-1e-05,0
8975,-1e-05,1e-05,-2e-05,-0.00014,-5e-05,-3e-05,0.0,-1e-05,0
8976,-1e-05,1e-05,-2e-05,-0.00014,-5e-05,-3e-05,0.0,-1e-05,0
8977,-1e-05,1e-05,-2e-05,-0.00014,-5e-05,-3e-05,0.0,-1e-05,0
8978,-1e-05,1e-05,-2e-05,-0.00014,-5e-05,-3e-05,0.0,-1e-05,0
8979,-1e-05,1e-05,-2e-05,-0.00014,-5e-05,-3e-05,0.0,-1e-05,0
8980,-3e-05,-3e-05,-5e-05,2e-05,9e-05,-1e-05,-2e-05,-1e-05,0
8981,-3e-05,-3e-05,-3e-05,0.00013,0.00011,1e-05,0.0,-1e-05,0
8982,-3e-05,-3e-05,-3e-05,0.00013,0.00011,1e-05,0.0,-1e-05,0
8983,-3e-05,-3e-05,-3e-05,0.00013,0.00011,1e-05,0.0,-1e-05,0
8984,-3e-05,-3e-05,-3e-05,0.00013,0.00011,1e-05,0.0,-1e-05,0
8985,-3e-05,-3e-05,-3e-05,0.00013,0.00011,1e-05,0.0,-1e-05,0
8987,-3e-05,-3e-05,-3e-05,0.00013,0.00011,1e-05,0.0,-1e-05,0
8989,-3e-05,-3e-05,-3e-05,0.00013,0.00011,1e-05,0.0,-1e-05,0
8990,-3e-05,-3e-05,-3e-05,0.00013,0.00011,1e-05,0.0,-1e-05,0
8991,-3e-05,-3e-05,-3e-05,0.00013,0.00011,1e-05,0.0,-1e-05,0
8992,-3e-05,-3e-05,-3e-05,0.00013,0.00011,1e-05,0.0,-1e-05,0
8993,-3e-05,-3e-05,-3e-05,0.00013,0.00011,1e-05,0.0,-1e-05,0
8994,-3e-05,-3e-05,-3e-05,0.00013,0.00011,1e-05,0.0,-1e-05,0
8995,2e-05,6e-05,6e-05,3e-05,-1e-05,0.0,-1e-05,0.0,0
8996,-5e-05,-0.0001,-9e-05,-0.00011,-0.00011,-3e-05,0.0,-2e-05,0
8997,-5e-05,-0.0001,-9e-05,-0.00011,-0.00011,-3e-05,0.0,-2e-05,0
8998,-5e-05,-0.0001,-9e-05,-0.00011,-0.00011,-3e-05,0.0,-2e-05,0
8999,-5e-05,-0.0001,-9e-05,-0.00011,-0.00011,-3e-05,0.0,-2e-05,0
9000,-5e-05,-0.0001,-9e-05,-0.00011,-0.00011,-3e-05,0.0,-2e-05,0
9001,-5e-05,-0.0001,-9e-05,-0.00011,-0.00011,-3e-05,0.0,-2e-05,0
9002,-5e-05,-0.0001,-9e-05,-0.00011,-0.00011,-3e-05,0.0,-2e-05,0
9004,-5e-05,-0.0001,-9e-05,-0.00011,-0.00011,-3e-05,0.0,-2e-05,0
9005,-5e-05,-0.0001,-9e-05,-0.00011,-0.00011,-3e-05,0.0,-2e-05,0
9006,-5e-05,-0.0001,-9e-05,-0.00011,-0.00011,-3e-05,0.0,-2e-05,0
9007,-5e-05,-0.0001,-9e-05,-0.00011,-0.00011,-3e-05,0.0,-2e-05,0
9008,-5e-05,-0.0001,-9e-05,-0.00011,-0.00011,-3e-05,0.0,-2e-05,0
9009,-5e-05,-0.0001,-9e-05,-0.00011,-0.00011,-3e-05,0.0,-2e-05,0
9010,-5e-05,-0.0001,-9e-05,-0.00011,-0.00011,-3e-05,0.0,-2e-05,0
9011,-5e-05,-0.0001,-9e-05,-0.00011,-0.00011,-3e-05,0.0,-2e-05,0
9012,-5e-05,-0.0001,-9e-05,-0.00011,-0.00011,-3e-05,0.0,-2e-05,0
9013,-5e-05,-0.0001,-9e-05,-0.00011,-0.00011,-3e-05,0.0,-2e-05,0
9014,-5e-05,-0.0001,-9e-05,-0.00011,-0.00011,-3e-05,0.0,-2e-05,0
9015,-5e-05,-0.0001,-9e-05,-0.00011,-0.00011,-3e-05,0.0,-2e-05,0
9016,-5e-05,-0.0001,-9e-05,-0.00011,-0.00011,-3e-05,0.0,-2e-05,0
9017,-5e-05,-0.0001,-9e-05,-0.00011,-0.00011,-3e-05,0.0,-2e-05,0
9018,0.0,2e-05,2e-05,3e-05,-4e-05,-1e-05,-1e-05,0.0,0
9019,0.0,2e-05,2e-05,3e-05,-4e-05,-1e-05,-1e-05,0.0,0
9020,-2e-05,0.0,-1e-05,-0.00012,-2e-05,-1e-05,0.0,1e-05,0
9021,-2e-05,0.0,-1e-05,-0.00012,-2e-05,-1e-05,0.0,1e-05,0
9022,-2e-05,0.0,-1e-05,-0.00012,-2e-05,-1e-05,0.0,1e-05,0
9023,-2e-05,0.0,-1e-05,-0.00012,-2e-05,-1e-05,0.0,1e-05,0
9024,-2e-05,0.0,-1e-05,-0.00012,-2e-05,-1e-05,0.0,1e-05,0
9025,-2e-05,0.0,-1e-05,-0.00012,-2e-05,-1e-05,0.0,1e-05,0
9026,-2e-05,0.0,-1e-05,-0.00012,-2e-05,-1e-05,0.0,1e-05,0
9027,-2e-05,0.0,-1e-05,-0.00012,-2e-05,-1e-05,0.0,1e-05,0
9028,-2e-05,0.0,-1e-05,-0.00012,-2e-05,-1e-05,0.0,1e-05,0
9029,-2e-05,0.0,-1e-05,-0.00012,-2e-05,-1e-05,0.0,1e-05,0
9030,-2e-05,0.0,-1e-05,-0.00012,-2e-05,-1e-05,0.0,1e-05,0
9031,-2e-05,0.0,-1e-05,-0.00012,-2e-05,-1e-05,0.0,1e-05,0
9032,-2e-05,0.0,-1e-05,-0.00012,-2e-05,-1e-05,0.0,1e-05,0
9033,0.0,0.0,0.0,-9e-05,-8e-05,0.0,-1e-05,-1e-05,0
9035,0.0,0.0,0.0,-9e-05,-8e-05,0.0,-1e-05,-1e-05,0
9037,0.0,0.0,0.0,-9e-05,-8e-05,0.0,-1e-05,-1e-05,0
9040,-2e-05,-0.0001,-9e-05,-0.00014,-1e-05,2e-05,-2e-05,-1e-05,0
9041,-2e-05,-0.0001,-9e-05,-0.00014,-1e-05,2e-05,-2e-05,-1e-05,0
9042,-2e-05,-0.0001,-9e-05,-0.00014,-1e-05,2e-05,-2e-05,-1e-05,0
9043,-2e-05,-0.0001,-9e-05,-0.00014,-1e-05,2e-05,-2e-05,-1e-05,0
9044,-2e-05,-0.0001,-9e-05,-0.00014,-1e-05,2e-05,-2e-05,-1e-05,0
9045,-2e-05,-0.0001,-9e-05,-0.00014,-1e-05,2e-05,-2e-05,-1e-05,0
9046,-2e-05,-0.0001,-9e-05,-0.00014,-1e-05,2e-05,-2e-05,-1e-05,0
9047,-2e-05,-0.0001,-9e-05,-0.00014,-1e-05,2e-05,-2e-05,-1e-05,0
9048,-2e-05,-0.0001,-9e-05,-0.00014,-1e-05,2e-05,-2e-05,-1e-05,0
9049,-2e-05,-0.0001,-9e-05,-0.00014,-1e-05,2e-05,-2e-05,-1e-05,0
9050,-2e-05,-0.0001,-9e-05,-0.00014,-1e-05,2e-05,-2e-05,-1e-05,0
9051,-2e-05,-0.0001,-9e-05,-0.00014,-1e-05,2e-05,-2e-05,-1e-05,0
9052,-2e-05,-0.0001,-9e-05,-0.00014,-1e-05,2e-05,-2e-05,-1e-05,0
9054,-2e-05,-0.0001,-9e-05,-0.00014,-1e-05,2e-05,-2e-05,-1e-05,0
9055,0.0,0.0,2e-05,6e-05,-2e-05,1e-05,-1e-05,1e-05,0
9056,0.0,0.0,2e-05,6e-05,-2e-05,1e-05,-1e-05,1e-05,0
9057,0.0,6e-05,4e-05,-0.0001,-7e-05,-3e-05,0.0,-1e-05,0
9058,0.0,6e-05,4e-05,-0.0001,-7e-05,-3e-05,0.0,-1e-05,0
9059,0.0,6e-05,4e-05,-0.0001,-7e-05,-3e-05,0.0,-1e-05,0
9060,0.0,6e-05,4e-05,-0.0001,-7e-05,-3e-05,0.0,-1e-05,0
9061,0.0,6e-05,4e-05,-0.0001,-7e-05,-3e-05,0.0,-1e-05,0
9062,0.0,6e-05,4e-05,-0.0001,-7e-05,-3e-05,0.0,-1e-05,0
9063,0.0,6e-05,4e-05,-0.0001,-7e-05,-3e-05,0.0,-1e-05,0
9064,0.0,6e-05,4e-05,-0.0001,-7e-05,-3e-05,0.0,-1e-05,0
9065,0.0,6e-05,4e-05,-0.0001,-7e-05,-3e-05,0.0,-1e-05,0
9066,0.0,6e-05,4e-05,-0.0001,-7e-05,-3e-05,0.0,-1e-05,0
9067,0.0,6e-05,4e-05,-0.0001,-7e-05,-3e-05,0.0,-1e-05,0
9068,0.0,6e-05,4e-05,-0.0001,-7e-05,-3e-05,0.0,-1e-05,0
9069,0.0,6e-05,4e-05,-0.0001,-7e-05,-3e-05,0.0,-1e-05,0
9070,0.0,6e-05,4e-05,-0.0001,-7e-05,-3e-05,0.0,-1e-05,0
9071,0.0,6e-05,4e-05,-0.0001,-7e-05,-3e-05,0.0,-1e-05,0
9072,0.0,6e-05,4e-05,-0.0001,-7e-05,-3e-05,0.0,-1e-05,0
9073,0.0,6e-05,4e-05,-0.0001,-7e-05,-3e-05,0.0,-1e-05,0
9074,0.0,6e-05,4e-05,-0.0001,-7e-05,-3e-05,0.0,-1e-05,0
9075,0.0,6e-05,4e-05,-0.0001,-7e-05,-3e-05,0.0,-1e-05,0
9076,0.0,6e-05,4e-05,-0.0001,-7e-05,-3e-05,0.0,-1e-05,0
9077,0.0,6e-05,4e-05,-0.0001,-7e-05,-3e-05,0.0,-1e-05,0
9078,-3e-05,-3e-05,-5e-05,0.0,-3e-05,1e-05,-2e-05,-2e-05,0
9079,1e-05,2e-05,4e-05,2e-05,1e-05,-1e-05,0.0,-1e-05,0
9080,1e-05,2e-05,4e-05,2e-05,1e-05,-1e-05,0.0,-1e-05,0
9081,1e-05,2e-05,4e-05,2e-05,1e-05,-1e-05,0.0,-1e-05,0
9082,1e-05,2e-05,4e-05,2e-05,1e-05,-1e-05,0.0,-1e-05,0
9083,1e-05,2e-05,4e-05,2e-05,1e-05,-1e-05,0.0,-1e-05,0
9084,1e-05,2e-05,4e-05,2e-05,1e-05,-1e-05,0.0,-1e-05,0
9085,1e-05,2e-05,4e-05,2e-05,1e-05,-1e-05,0.0,-1e-05,0
9086,1e-05,2e-05,4e-05,2e-05,1e-05,-1e-05,0.0,-1e-05,0
9088,1e-05,2e-05,4e-05,2e-05,1e-05,-1e-05,0.0,-1e-05,0
9089,1e-05,2e-05,4e-05,2e-05,1e-05,-1e-05,0.0,-1e-05,0
9090,1e-05,2e-05,4e-05,2e-05,1e-05,-1e-05,0.0,-1e-05,0
9091,1e-05,2e-05,4e-05,2e-05,1e-05,-1e-05,0.0,-1e-05,0
9092,-1e-05,-4e-05,-3e-05,-0.0001,-4e-05,-1e-05,0.0,-3e-05,0
9093,-1e-05,-4e-05,-3e-05,-0.0001,-4e-05,-1e-05,0.0,-3e-05,0
9094,-1e-05,-4e-05,-3e-05,-0.0001,-4e-05,-1e-05,0.0,-3e-05,0
9095,-1e-05,-4e-05,-3e-05,-0.0001,-4e-05,-1e-05,0.0,-3e-05,0
9096,-1e-05,-4e-05,-3e-05,-0.0001,-4e-05,-1e-05,0.0,-3e-05,0
9097,-1e-05,-4e-05,-3e-05,-0.0001,-4e-05,-1e-05,0.0,-3e-05,0
9098,-1e-05,-4e-05,-3e-05,-0.0001,-4e-05,-1e-05,0.0,-3e-05,0
9099,-1e-05,1e-05,-3e-05,-5e-05,-3e-05,-2e-05,-2e-05,-1e-05,0
9100,-1e-05,1e-05,-3e-05,-5e-05,-3e-05,-2e-05,-2e-05,-1e-05,0
9101,-1e-05,1e-05,-3e-05,-5e-05,-3e-05,-2e-05,-2e-05,-1e-05,0
9102,-1e-05,1e-05,-3e-05,-5e-05,-3e-05,-2e-05,-2e-05,-1e-05,0
9104,-1e-05,1e-05,-3e-05,-5e-05,-3e-05,-2e-05,-2e-05,-1e-05,0
9105,-1e-05,1e-05,-3e-05,-5e-05,-3e-05,-2e-05,-2e-05,-1e-05,0
9106,-1e-05,1e-05,-3e-05,-5e-05,-3e-05,-2e-05,-2e-05,-1e-05,0
9107,-1e-05,1e-05,-3e-05,-5e-05,-3e-05,-2e-05,-2e-05,-1e-05,0
9108,-1e-05,1e-05,-3e-05,-5e-05,-3e-05,-2e-05,-2e-05,-1e-05,0
9109,-1e-05,1e-05,-3e-05,-5e-05,-3e-05,-2e-05,-2e-05,-1e-05,0
9110,-1e-05,1e-05,-3e-05,-5e-05,-3e-05,-2e-05,-2e-05,-1e-05,0
9111,-1e-05,1e-05,-3e-05,-5e-05,-3e-05,-2e-05,-2e-05,-1e-05,0
9112,-1e-05,1e-05,-3e-05,-5e-05,-3e-05,-2e-05,-2e-05,-1e-05,0
9113,-1e-05,1e-05,-3e-05,-5e-05,-3e-05,-2e-05,-2e-05,-1e-05,0
9114,-1e-05,1e-05,-3e-05,-5e-05,-3e-05,-2e-05,-2e-05,-1e-05,0
9115,-3e-05,-3e-05,-2e-05,-1e-05,-1e-05,-1e-05,-2e-05,-2e-05,0
9116,-3e-05,-3e-05,-2e-05,-1e-05,-1e-05,-1e-05,-2e-05,-2e-05,0
9117,2e-05,1e-05,2e-05,7e-05,-1e-05,-1e-05,0.0,-3e-05,0
9118,2e-05,1e-05,2e-05,7e-05,-1e-05,-1e-05,0.0,-3e-05,0
9119,2e-05,1e-05,2e-05,7e-05,-1e-05,-1e-05,0.0,-3e-05,0
9120,2e-05,1e-05,2e-05,7e-05,-1e-05,-1e-05,0.0,-3e-05,0
9121,2e-05,1e-05,2e-05,7e-05,-1e-05,-1e-05,0.0,-3e-05,0
9122,2e-05,1e-05,2e-05,7e-05,-1e-05,-1e-05,0.0,-3e-05,0
9123,2e-05,1e-05,2e-05,7e-05,-1e-05,-1e-05,0.0,-3e-05,0
9125,2e-05,1e-05,2e-05,7e-05,-1e-05,-1e-05,0.0,-3e-05,0
9126,2e-05,1e-05,2e-05,7e-05,-1e-05,-1e-05,0.0,-3e-05,0
9127,2e-05,1e-05,2e-05,7e-05,-1e-05,-1e-05,0.0,-3e-05,0
9128,2e-05,1e-05,2e-05,7e-05,-1e-05,-1e-05,0.0,-3e-05,0
9129,2e-05,1e-05,2e-05,7e-05,-1e-05,-1e-05,0.0,-3e-05,0
9130,2e-05,1e-05,2e-05,7e-05,-1e-05,-1e-05,0.0,-3e-05,0
9131,2e-05,1e-05,2e-05,7e-05,-1e-05,-1e-05,0.0,-3e-05,0
9132,2e-05,1e-05,2e-05,7e-05,-1e-05,-1e-05,0.0,-3e-05,0
9133,2e-05,1e-05,2e-05,7e-05,-1e-05,-1e-05,0.0,-3e-05,0
9134,2e-05,1e-05,2e-05,7e-05,-1e-05,-1e-05,0.0,-3e-05,0
9135,2e-05,1e-05,2e-05,7e-05,-1e-05,-1e-05,0.0,-3e-05,0
9136,2e-05,1e-05,2e-05,7e-05,-1e-05,-1e-05,0.0,-3e-05,0
9139,0.0,-2e-05,-5e-05,0.0,0.0,-2e-05,0.0,0.0,0
9140,-2e-05,-2e-05,-4e-05,-1e-05,-1e-05,0.0,-1e-05,0.0,0
9141,-2e-05,-2e-05,-4e-05,-1e-05,-1e-05,0.0,-1e-05,0.0,0
9142,-2e-05,-2e-05,-4e-05,-1e-05,-1e-05,0.0,-1e-05,0.0,0
9143,-2e-05,-2e-05,-4e-05,-1e-05,-1e-05,0.0,-1e-05,0.0,0
9144,-2e-05,-2e-05,-4e-05,-1e-05,-1e-05,0.0,-1e-05,0.0,0
9145,-2e-05,-2e-05,-4e-05,-1e-05,-1e-05,0.0,-1e-05,0.0,0
9146,-2e-05,-2e-05,-4e-05,-1e-05,-1e-05,0.0,-1e-05,0.0,0
9147,-2e-05,-2e-05,-4e-05,-1e-05,-1e-05,0.0,-1e-05,0.0,0
9148,-2e-05,-2e-05,-4e-05,-1e-05,-1e-05,0.0,-1e-05,0.0,0
9149,-2e-05,-2e-05,-4e-05,-1e-05,-1e-05,0.0,-1e-05,0.0,0
9150,-2e-05,-2e-05,-4e-05,-1e-05,-1e-05,0.0,-1e-05,0.0,0
9151,-2e-05,-2e-05,-4e-05,-1e-05,-1e-05,0.0,-1e-05,0.0,0
9152,-1e-05,-4e-05,-1e-05,-0.0001,0.0,-2e-05,-1e-05,-2e-05,0
9154,0.0,2e-05,2e-05,-1e-05,-3e-05,-1e-05,-1e-05,-1e-05,0
9155,0.0,2e-05,2e-05,-1e-05,-3e-05,-1e-05,-1e-05,-1e-05,0
9156,0.0,2e-05,2e-05,-1e-05,-3e-05,-1e-05,-1e-05,-1e-05,0
9157,0.0,2e-05,2e-05,-1e-05,-3e-05,-1e-05,-1e-05,-1e-05,0
9158,0.0,2e-05,2e-05,-1e-05,-3e-05,-1e-05,-1e-05,-1e-05,0
9159,0.0,-2e-05,-1e-05,1e-05,-1e-05,-2e-05,-2e-05,-1e-05,0
9160,0.0,-2e-05,-1e-05,1e-05,-1e-05,-2e-05,-2e-05,-1e-05,0
9161,0.0,-2e-05,-1e-05,1e-05,-1e-05,-2e-05,-2e-05,-1e-05,0
9162,0.0,-2e-05,-1e-05,1e-05,-1e-05,-2e-05,-2e-05,-1e-05,0
9163,0.0,-2e-05,-1e-05,1e-05,-1e-05,-2e-05,-2e-05,-1e-05,0
9164,0.0,-2e-05,-1e-05,1e-05,-1e-05,-2e-05,-2e-05,-1e-05,0
9165,0.0,-2e-05,-1e-05,1e-05,-1e-05,-2e-05,-2e-05,-1e-05,0
9166,0.0,-2e-05,-1e-05,1e-05,-1e-05,-2e-05,-2e-05,-1e-05,0
9167,0.0,-2e-05,-1e-05,1e-05,-1e-05,-2e-05,-2e-05,-1e-05,0
9168,0.0,-2e-05,-1e-05,1e-05,-1e-05,-2e-05,-2e-05,-1e-05,0
9169,0.0,-2e-05,-1e-05,1e-05,-1e-05,-2e-05,-2e-05,-1e-05,0
9170,0.0,-2e-05,-1e-05,1e-05,-1e-05,-2e-05,-2e-05,-1e-05,0
9171,0.0,-2e-05,-1e-05,1e-05,-1e-05,-2e-05,-2e-05,-1e-05,0
9172,0.0,-2e-05,-1e-05,1e-05,-1e-05,-2e-05,-2e-05,-1e-05,0
9173,0.0,-2e-05,-1e-05,1e-05,-1e-05,-2e-05,-2e-05,-1e-05,0
9174,0.0,-2e-05,-1e-05,1e-05,-1e-05,-2e-05,-2e-05,-1e-05,0
9175,-1e-05,-1e-05,2e-05,3e-05,1e-05,0.0,-1e-05,0.0,0
9176,-1e-05,-1e-05,2e-05,3e-05,1e-05,0.0,-1e-05,0.0,0
9177,-1e-05,0.0,-2e-05,-0.00014,-4e-05,0.0,-3e-05,0.0,0
9178,-1e-05,0.0,-2e-05,-0.00014,-4e-05,0.0,-3e-05,0.0,0
9179,-1e-05,0.0,-2e-05,-0.00014,-4e-05,0.0,-3e-05,0.0,0
9180,-1e-05,0.0,-2e-05,-0.00014,-4e-05,0.0,-3e-05,0.0,0
9181,-1e-05,0.0,-2e-05,-0.00014,-4e-05,0.0,-3e-05,0.0,0
9182,-1e-05,0.0,-2e-05,-0.00014,-4e-05,0.0,-3e-05,0.0,0
9183,-1e-05,0.0,-2e-05,-0.00014,-4e-05,0.0,-3e-05,0.0,0
9184,-1e-05,0.0,-2e-05,-0.00014,-4e-05,0.0,-3e-05,0.0,0
9185,-1e-05,0.0,-2e-05,-0.00014,-4e-05,0.0,-3e-05,0.0,0
9186,-1e-05,0.0,-2e-05,-0.00014,-4e-05,0.0,-3e-05,0.0,0
9189,-1e-05,0.0,-2e-05,-0.00014,-4e-05,0.0,-3e-05,0.0,0
9190,-1e-05,0.0,-2e-05,-0.00014,-4e-05,0.0,-3e-05,0.0,0
9191,-1e-05,0.0,-2e-05,-0.00014,-4e-05,0.0,-3e-05,0.0,0
9192,-1e-05,0.0,-2e-05,-0.00014,-4e-05,0.0,-3e-05,0.0,0
9193,-1e-05,0.0,-2e-05,-0.00014,-4e-05,0.0,-3e-05,0.0,0
9194,-1e-05,0.0,-2e-05,-0.00014,-4e-05,0.0,-3e-05,0.0,0
9195,-1e-05,0.0,-2e-05,-0.00014,-4e-05,0.0,-3e-05,0.0,0
9196,-1e-05,0.0,-2e-05,-0.00014,-4e-05,0.0,-3e-05,0.0,0
9197,-1e-05,0.0,-2e-05,-0.00014,-4e-05,0.0,-3e-05,0.0,0
9198,2e-05,1e-05,3e-05,7e-05,0.0001,3e-05,0.0,-1e-05,0
9199,-3e-05,-3e-05,-5e-05,3e-05,-1e-05,-1e-05,1e-05,-2e-05,0
9200,-3e-05,-3e-05,-5e-05,3e-05,-1e-05,-1e-05,1e-05,-2e-05,0
9201,-3e-05,-3e-05,-5e-05,3e-05,-1e-05,-1e-05,1e-05,-2e-05,0
9202,-3e-05,-3e-05,-5e-05,3e-05,-1e-05,-1e-05,1e-05,-2e-05,0
9204,-3e-05,-3e-05,-5e-05,3e-05,-1e-05,-1e-05,1e-05,-2e-05,0
9205,-3e-05,-3e-05,-5e-05,3e-05,-1e-05,-1e-05,1e-05,-2e-05,0
9206,-3e-05,-3e-05,-5e-05,3e-05,-1e-05,-1e-05,1e-05,-2e-05,0
9207,-3e-05,-3e-05,-5e-05,3e-05,-1e-05,-1e-05,1e-05,-2e-05,0
9208,-3e-05,-3e-05,-5e-05,3e-05,-1e-05,-1e-05,1e-05,-2e-05,0
9209,-3e-05,-3e-05,-5e-05,3e-05,-1e-05,-1e-05,1e-05,-2e-05,0
9210,-3e-05,-3e-05,-5e-05,3e-05,-1e-05,-1e-05,1e-05,-2e-05,0
9211,-3e-05,-3e-05,-5e-05,3e-05,-1e-05,-1e-05,1e-05,-2e-05,0
9212,0.0,1e-05,-1e-05,6e-05,-8e-05,-2e-05,-3e-05,0.0,0
9213,0.0,1e-05,-1e-05,6e-05,-8e-05,-2e-05,-3e-05,0.0,0
9214,0.0,1e-05,-1e-05,6e-05,-8e-05,-2e-05,-3e-05,0.0,0
9215,0.0,1e-05,-1e-05,6e-05,-8e-05,-2e-05,-3e-05,0.0,0
9216,0.0,1e-05,-1e-05,6e-05,-8e-05,-2e-05,-3e-05,0.0,0
9217,0.0,1e-05,-1e-05,6e-05,-8e-05,-2e-05,-3e-05,0.0,0
9218,0.0,1e-05,-1e-05,6e-05,-8e-05,-2e-05,-3e-05,0.0,0
9219,0.0,1e-05,-1e-05,6e-05,-8e-05,-2e-05,-3e-05,0.0,0
9220,0.0,1e-05,-1e-05,6e-05,-8e-05,-2e-05,-3e-05,0.0,0
9221,0.0,1e-05,-1e-05,6e-05,-8e-05,-2e-05,-3e-05,0.0,0
9222,0.0,1e-05,-1e-05,6e-05,-8e-05,-2e-05,-3e-05,0.0,0
9223,0.0,1e-05,-1e-05,6e-05,-8e-05,-2e-05,-3e-05,0.0,0
9224,0.0,1e-05,-1e-05,6e-05,-8e-05,-2e-05,-3e-05,0.0,0
9225,0.0,1e-05,-1e-05,6e-05,-8e-05,-2e-05,-3e-05,0.0,0
9226,-1e-05,0.0,1e-05,2e-05,4e-05,-1e-05,0.0,0.0,0
9227,0.0,0.0,1e-05,0.00018,3e-05,2e-05,-2e-05,-1e-05,0
9228,0.0,0.0,1e-05,0.00018,3e-05,2e-05,-2e-05,-1e-05,0
9229,0.0,0.0,1e-05,0.00018,3e-05,2e-05,-2e-05,-1e-05,0
9230,0.0,0.0,1e-05,0.00018,3e-05,2e-05,-2e-05,-1e-05,0
9231,0.0,0.0,1e-05,0.00018,3e-05,2e-05,-2e-05,-1e-05,0
9232,0.0,0.0,1e-05,0.00018,3e-05,2e-05,-2e-05,-1e-05,0
9233,0.0,0.0,1e-05,0.00018,3e-05,2e-05,-2e-05,-1e-05,0
9234,0.0,0.0,1e-05,0.00018,3e-05,2e-05,-2e-05,-1e-05,0
9235,-2e-05,-1e-05,-3e-05,-8e-05,-2e-05,-1e-05,0.0,0.0,0
9237,0.0,-1e-05,0.0,1e-05,-1e-05,-1e-05,-1e-05,0.0,0
9240,0.0,-1e-05,0.0,1e-05,-1e-05,-1e-05,-1e-05,0.0,0
9241,0.0,-1e-05,0.0,1e-05,-1e-05,-1e-05,-1e-05,0.0,0
9242,0.0,-1e-05,0.0,1e-05,-1e-05,-1e-05,-1e-05,0.0,0
9243,0.0,-1e-05,0.0,1e-05,-1e-05,-1e-05,-1e-05,0.0,0
9244,0.0,-1e-05,0.0,1e-05,-1e-05,-1e-05,-1e-05,0.0,0
9245,0.0,-1e-05,0.0,1e-05,-1e-05,-1e-05,-1e-05,0.0,0
9246,0.0,-1e-05,0.0,1e-05,-1e-05,-1e-05,-1e-05,0.0,0
9247,0.0,-1e-05,0.0,1e-05,-1e-05,-1e-05,-1e-05,0.0,0
9248,0.0,-1e-05,0.0,1e-05,-1e-05,-1e-05,-1e-05,0.0,0
9249,0.0,-1e-05,0.0,1e-05,-1e-05,-1e-05,-1e-05,0.0,0
9250,0.0,-1e-05,0.0,1e-05,-1e-05,-1e-05,-1e-05,0.0,0
9251,0.0,-1e-05,0.0,1e-05,-1e-05,-1e-05,-1e-05,0.0,0
9252,0.0,-1e-05,0.0,1e-05,-1e-05,-1e-05,-1e-05,0.0,0
9254,0.0,-1e-05,0.0,1e-05,-1e-05,-1e-05,-1e-05,0.0,0
9255,0.0,-1e-05,0.0,1e-05,-1e-05,-1e-05,-1e-05,0.0,0
9256,0.0,-1e-05,0.0,1e-05,-1e-05,-1e-05,-1e-05,0.0,0
9257,0.0,-1e-05,0.0,1e-05,-1e-05,-1e-05,-1e-05,0.0,0
9258,1e-05,2e-05,-3e-05,-7e-05,-3e-05,1e-05,-2e-05,-2e-05,0
9259,0.0,-1e-05,3e-05,9e-05,2e-05,1e-05,0.0,0.0,0
9260,-3e-05,-5e-05,-2e-05,-2e-05,-2e-05,-1e-05,-1e-05,-3e-05,0
9261,-3e-05,-5e-05,-2e-05,-2e-05,-2e-05,-1e-05,-1e-05,-3e-05,0
9262,-3e-05,-5e-05,-2e-05,-2e-05,-2e-05,-1e-05,-1e-05,-3e-05,0
9263,-3e-05,-5e-05,-2e-05,-2e-05,-2e-05,-1e-05,-1e-05,-3e-05,0
9264,-3e-05,-5e-05,-2e-05,-2e-05,-2e-05,-1e-05,-1e-05,-3e-05,0
9265,-3e-05,-5e-05,-2e-05,-2e-05,-2e-05,-1e-05,-1e-05,-3e-05,0
9266,-3e-05,-5e-05,-2e-05,-2e-05,-2e-05,-1e-05,-1e-05,-3e-05,0
9267,-3e-05,-5e-05,-2e-05,-2e-05,-2e-05,-1e-05,-1e-05,-3e-05,0
9268,-3e-05,-5e-05,-2e-05,-2e-05,-2e-05,-1e-05,-1e-05,-3e-05,0
9269,-3e-05,-5e-05,-2e-05,-2e-05,-2e-05,-1e-05,-1e-05,-3e-05,0
9270,-3e-05,-5e-05,-2e-05,-2e-05,-2e-05,-1e-05,-1e-05,-3e-05,0
9271,-3e-05,-5e-05,-2e-05,-2e-05,-2e-05,-1e-05,-1e-05,-3e-05,0
9272,0.0,-3e-05,1e-05,1e-05,-1e-05,-1e-05,-2e-05,-1e-05,0
9273,0.0,-3e-05,1e-05,1e-05,-1e-05,-1e-05,-2e-05,-1e-05,0
9274,0.0,-3e-05,1e-05,1e-05,-1e-05,-1e-05,-2e-05,-1e-05,0
9275,0.0,-3e-05,1e-05,1e-05,-1e-05,-1e-05,-2e-05,-1e-05,0
9276,0.0,-3e-05,1e-05,1e-05,-1e-05,-1e-05,-2e-05,-1e-05,0
9277,0.0,-3e-05,1e-05,1e-05,-1e-05,-1e-05,-2e-05,-1e-05,0
9278,0.0,-3e-05,1e-05,1e-05,-1e-05,-1e-05,-2e-05,-1e-05,0
9279,-2e-05,-3e-05,-3e-05,-9e-05,-3e-05,-2e-05,0.0,-1e-05,0
9280,-2e-05,-3e-05,-3e-05,-9e-05,-3e-05,-2e-05,0.0,-1e-05,0
9281,-2e-05,-3e-05,-3e-05,-9e-05,-3e-05,-2e-05,0.0,-1e-05,0
9282,-2e-05,-3e-05,-3e-05,-9e-05,-3e-05,-2e-05,0.0,-1e-05,0
9283,-2e-05,-3e-05,-3e-05,-9e-05,-3e-05,-2e-05,0.0,-1e-05,0
9284,-2e-05,-3e-05,-3e-05,-9e-05,-3e-05,-2e-05,0.0,-1e-05,0
9285,-2e-05,-3e-05,-3e-05,-9e-05,-3e-05,-2e-05,0.0,-1e-05,0
9286,-2e-05,-3e-05,-3e-05,-9e-05,-3e-05,-2e-05,0.0,-1e-05,0
9289,-2e-05,-3e-05,-3e-05,-9e-05,-3e-05,-2e-05,0.0,-1e-05,0
9290,-2e-05,-3e-05,-3e-05,-9e-05,-3e-05,-2e-05,0.0,-1e-05,0
9291,-2e-05,-3e-05,-3e-05,-9e-05,-3e-05,-2e-05,0.0,-1e-05,0
9292,-2e-05,-3e-05,-3e-05,-9e-05,-3e-05,-2e-05,0.0,-1e-05,0
9293,-2e-05,-3e-05,-3e-05,-9e-05,-3e-05,-2e-05,0.0,-1e-05,0
9294,-2e-05,-3e-05,-3e-05,-9e-05,-3e-05,-2e-05,0.0,-1e-05,0
9295,-2e-05,1e-05,4e-05,7e-05,-1e-05,1e-05,-1e-05,0.0,0
9296,-2e-05,1e-05,4e-05,7e-05,-1e-05,1e-05,-1e-05,0.0,0
9297,-2e-05,-4e-05,-4e-05,-4e-05,-2e-05,-1e-05,0.0,1e-05,0
9298,-2e-05,-4e-05,-4e-05,-4e-05,-2e-05,-1e-05,0.0,1e-05,0
9299,-2e-05,-4e-05,-4e-05,-4e-05,-2e-05,-1e-05,0.0,1e-05,0
9300,-2e-05,-4e-05,-4e-05,-4e-05,-2e-05,-1e-05,0.0,1e-05,0
9301,-2e-05,-4e-05,-4e-05,-4e-05,-2e-05,-1e-05,0.0,1e-05,0
9302,-2e-05,-4e-05,-4e-05,-4e-05,-2e-05,-1e-05,0.0,1e-05,0
9303,-2e-05,-4e-05,-4e-05,-4e-05,-2e-05,-1e-05,0.0,1e-05,0
9304,-2e-05,-4e-05,-4e-05,-4e-05,-2e-05,-1e-05,0.0,1e-05,0
9305,-2e-05,-4e-05,-4e-05,-4e-05,-2e-05,-1e-05,0.0,1e-05,0
9306,-2e-05,-4e-05,-4e-05,-4e-05,-2e-05,-1e-05,0.0,1e-05,0
9307,-2e-05,-4e-05,-4e-05,-4e-05,-2e-05,-1e-05,0.0,1e-05,0
9308,-2e-05,-4e-05,-4e-05,-4e-05,-2e-05,-1e-05,0.0,1e-05,0
9309,-2e-05,-4e-05,-4e-05,-4e-05,-2e-05,-1e-05,0.0,1e-05,0
9310,-2e-05,-4e-05,-4e-05,-4e-05,-2e-05,-1e-05,0.0,1e-05,0
9311,-2e-05,-4e-05,-4e-05,-4e-05,-2e-05,-1e-05,0.0,1e-05,0
9312,-2e-05,-4e-05,-4e-05,-4e-05,-2e-05,-1e-05,0.0,1e-05,0
9313,-2e-05,-4e-05,-4e-05,-4e-05,-2e-05,-1e-05,0.0,1e-05,0
9314,-2e-05,-4e-05,-4e-05,-4e-05,-2e-05,-1e-05,0.0,1e-05,0
9315,-2e-05,-4e-05,-4e-05,-4e-05,-2e-05,-1e-05,0.0,1e-05,0
9316,-2e-05,-4e-05,-4e-05,-4e-05,-2e-05,-1e-05,0.0,1e-05,0
9317,-2e-05,-4e-05,-4e-05,-4e-05,-2e-05,-1e-05,0.0,1e-05,0
9318,-2e-05,-5e-05,-4e-05,0.0,0.00011,1e-05,1e-05,-2e-05,0
9319,1e-05,1e-05,0.0,-3e-05,-3e-05,-1e-05,-1e-05,0.0,0
9320,0.0,2e-05,3e-05,-2e-05,1e-05,-2e-05,-1e-05,-1e-05,0
9321,0.0,2e-05,3e-05,-2e-05,1e-05,-2e-05,-1e-05,-1e-05,0
9322,0.0,2e-05,3e-05,-2e-05,1e-05,-2e-05,-1e-05,-1e-05,0
9323,0.0,2e-05,3e-05,-2e-05,1e-05,-2e-05,-1e-05,-1e-05,0
9324,0.0,2e-05,3e-05,-2e-05,1e-05,-2e-05,-1e-05,-1e-05,0
9325,0.0,2e-05,3e-05,-2e-05,1e-05,-2e-05,-1e-05,-1e-05,0
9326,0.0,2e-05,3e-05,-2e-05,1e-05,-2e-05,-1e-05,-1e-05,0
9327,0.0,2e-05,3e-05,-2e-05,1e-05,-2e-05,-1e-05,-1e-05,0
9328,0.0,2e-05,3e-05,-2e-05,1e-05,-2e-05,-1e-05,-1e-05,0
9329,0.0,2e-05,3e-05,-2e-05,1e-05,-2e-05,-1e-05,-1e-05,0
9330,0.0,2e-05,3e-05,-2e-05,1e-05,-2e-05,-1e-05,-1e-05,0
9331,0.0,2e-05,3e-05,-2e-05,1e-05,-2e-05,-1e-05,-1e-05,0
9332,-3e-05,-5e-05,-5e-05,-3e-05,-3e-05,-2e-05,-2e-05,-1e-05,0
9333,-3e-05,-5e-05,-5e-05,-3e-05,-3e-05,-2e-05,-2e-05,-1e-05,0
9334,-3e-05,-5e-05,-5e-05,-3e-05,-3e-05,-2e-05,-2e-05,-1e-05,0
9335,-3e-05,-5e-05,-5e-05,-3e-05,-3e-05,-2e-05,-2e-05,-1e-05,0
9337,-3e-05,-5e-05,-5e-05,-3e-05,-3e-05,-2e-05,-2e-05,-1e-05,0
9340,1e-05,1e-05,2e-05,6e-05,2e-05,-1e-05,-1e-05,0.0,0
9341,1e-05,1e-05,2e-05,6e-05,2e-05,-1e-05,-1e-05,0.0,0
9342,1e-05,1e-05,2e-05,6e-05,2e-05,-1e-05,-1e-05,0.0,0
9343,1e-05,1e-05,2e-05,6e-05,2e-05,-1e-05,-1e-05,0.0,0
9344,1e-05,1e-05,2e-05,6e-05,2e-05,-1e-05,-1e-05,0.0,0
9345,1e-05,1e-05,2e-05,6e-05,2e-05,-1e-05,-1e-05,0.0,0
9346,1e-05,1e-05,2e-05,6e-05,2e-05,-1e-05,-1e-05,0.0,0
9347,1e-05,1e-05,2e-05,6e-05,2e-05,-1e-05,-1e-05,0.0,0
9348,1e-05,1e-05,2e-05,6e-05,2e-05,-1e-05,-1e-05,0.0,0
9349,1e-05,1e-05,2e-05,6e-05,2e-05,-1e-05,-1e-05,0.0,0
9350,1e-05,1e-05,2e-05,6e-05,2e-05,-1e-05,-1e-05,0.0,0
9351,1e-05,1e-05,2e-05,6e-05,2e-05,-1e-05,-1e-05,0.0,0
9352,1e-05,1e-05,2e-05,6e-05,2e-05,-1e-05,-1e-05,0.0,0
9353,1e-05,1e-05,2e-05,6e-05,2e-05,-1e-05,-1e-05,0.0,0
9354,1e-05,1e-05,2e-05,6e-05,2e-05,-1e-05,-1e-05,0.0,0
9355,-2e-05,0.0,-2e-05,-0.00011,-0.00011,-1e-05,0.0,-2e-05,0
9356,-2e-05,0.0,-2e-05,-0.00011,-0.00011,-1e-05,0.0,-2e-05,0
9357,0.0,3e-05,4e-05,6e-05,-3e-05,-2e-05,-2e-05,0.0,0
9358,0.0,3e-05,4e-05,6e-05,-3e-05,-2e-05,-2e-05,0.0,0
9359,0.0,3e-05,4e-05,6e-05,-3e-05,-2e-05,-2e-05,0.0,0
9360,0.0,3e-05,4e-05,6e-05,-3e-05,-2e-05,-2e-05,0.0,0
9361,0.0,3e-05,4e-05,6e-05,-3e-05,-2e-05,-2e-05,0.0,0
9362,0.0,3e-05,4e-05,6e-05,-3e-05,-2e-05,-2e-05,0.0,0
9363,0.0,3e-05,4e-05,6e-05,-3e-05,-2e-05,-2e-05,0.0,0
9364,0.0,3e-05,4e-05,6e-05,-3e-05,-2e-05,-2e-05,0.0,0
9365,0.0,3e-05,4e-05,6e-05,-3e-05,-2e-05,-2e-05,0.0,0
9366,0.0,3e-05,4e-05,6e-05,-3e-05,-2e-05,-2e-05,0.0,0
9367,0.0,3e-05,4e-05,6e-05,-3e-05,-2e-05,-2e-05,0.0,0
9368,0.0,3e-05,4e-05,6e-05,-3e-05,-2e-05,-2e-05,0.0,0
9369,0.0,3e-05,4e-05,6e-05,-3e-05,-2e-05,-2e-05,0.0,0
9370,0.0,3e-05,4e-05,6e-05,-3e-05,-2e-05,-2e-05,0.0,0
9371,0.0,3e-05,4e-05,6e-05,-3e-05,-2e-05,-2e-05,0.0,0
9372,0.0,3e-05,4e-05,6e-05,-3e-05,-2e-05,-2e-05,0.0,0
9373,0.0,3e-05,4e-05,6e-05,-3e-05,-2e-05,-2e-05,0.0,0
9374,0.0,3e-05,4e-05,6e-05,-3e-05,-2e-05,-2e-05,0.0,0
9375,0.0,3e-05,4e-05,6e-05,-3e-05,-2e-05,-2e-05,0.0,0
9376,0.0,3e-05,4e-05,6e-05,-3e-05,-2e-05,-2e-05,0.0,0
9377,0.0,3e-05,4e-05,6e-05,-3e-05,-2e-05,-2e-05,0.0,0
9378,-2e-05,-3e-05,-5e-05,-5e-05,-2e-05,0.0,-1e-05,1e-05,0
9379,-1e-05,1e-05,1e-05,0.0,0.0,0.0,0.0,-2e-05,0
9380,-1e-05,1e-05,1e-05,0.0,0.0,0.0,0.0,-2e-05,0
9381,-1e-05,1e-05,1e-05,0.0,0.0,0.0,0.0,-2e-05,0
9382,-1e-05,1e-05,1e-05,0.0,0.0,0.0,0.0,-2e-05,0
9383,-1e-05,1e-05,1e-05,0.0,0.0,0.0,0.0,-2e-05,0
9384,-1e-05,1e-05,1e-05,0.0,0.0,0.0,0.0,-2e-05,0
9385,-1e-05,1e-05,1e-05,0.0,0.0,0.0,0.0,-2e-05,0
9386,-1e-05,1e-05,1e-05,0.0,0.0,0.0,0.0,-2e-05,0
9389,-1e-05,1e-05,1e-05,0.0,0.0,0.0,0.0,-2e-05,0
9390,-1e-05,1e-05,1e-05,0.0,0.0,0.0,0.0,-2e-05,0
9391,-1e-05,1e-05,1e-05,0.0,0.0,0.0,0.0,-2e-05,0
9392,-1e-05,3e-05,4e-05,-1e-05,-3e-05,-2e-05,-2e-05,0.0,0
9393,-1e-05,3e-05,4e-05,-1e-05,-3e-05,-2e-05,-2e-05,0.0,0
9394,-1e-05,3e-05,4e-05,-1e-05,-3e-05,-2e-05,-2e-05,0.0,0
9395,-1e-05,3e-05,4e-05,-1e-05,-3e-05,-2e-05,-2e-05,0.0,0
9396,-1e-05,3e-05,4e-05,-1e-05,-3e-05,-2e-05,-2e-05,0.0,0
9397,-1e-05,3e-05,4e-05,-1e-05,-3e-05,-2e-05,-2e-05,0.0,0
9398,-1e-05,3e-05,4e-05,-1e-05,-3e-05,-2e-05,-2e-05,0.0,0
9399,-3e-05,-4e-05,-6e-05,-0.00015,-4e-05,-2e-05,-2e-05,-1e-05,0
9400,-3e-05,-4e-05,-6e-05,-0.00015,-4e-05,-2e-05,-2e-05,-1e-05,0
9401,-3e-05,-4e-05,-6e-05,-0.00015,-4e-05,-2e-05,-2e-05,-1e-05,0
9402,-3e-05,-4e-05,-6e-05,-0.00015,-4e-05,-2e-05,-2e-05,-1e-05,0
9403,-3e-05,-4e-05,-6e-05,-0.00015,-4e-05,-2e-05,-2e-05,-1e-05,0
9404,-3e-05,-4e-05,-6e-05,-0.00015,-4e-05,-2e-05,-2e-05,-1e-05,0
9405,-3e-05,-4e-05,-6e-05,-0.00015,-4e-05,-2e-05,-2e-05,-1e-05,0
9406,-3e-05,-4e-05,-6e-05,-0.00015,-4e-05,-2e-05,-2e-05,-1e-05,0
9407,-3e-05,-4e-05,-6e-05,-0.00015,-4e-05,-2e-05,-2e-05,-1e-05,0
9408,-3e-05,-4e-05,-6e-05,-0.00015,-4e-05,-2e-05,-2e-05,-1e-05,0
9409,-3e-05,-4e-05,-6e-05,-0.00015,-4e-05,-2e-05,-2e-05,-1e-05,0
9410,-3e-05,-4e-05,-6e-05,-0.00015,-4e-05,-2e-05,-2e-05,-1e-05,0
9411,-3e-05,-4e-05,-6e-05,-0.00015,-4e-05,-2e-05,-2e-05,-1e-05,0
9412,-3e-05,-4e-05,-6e-05,-0.00015,-4e-05,-2e-05,-2e-05,-1e-05,0
9413,-3e-05,-4e-05,-6e-05,-0.00015,-4e-05,-2e-05,-2e-05,-1e-05,0
9414,-3e-05,-4e-05,-6e-05,-0.00015,-4e-05,-2e-05,-2e-05,-1e-05,0
9415,-1e-05,-2e-05,-3e-05,9e-05,0.0,3e-05,0.0,-2e-05,0
9416,-1e-05,-2e-05,-3e-05,9e-05,0.0,3e-05,0.0,-2e-05,0
9417,-1e-05,-1e-05,-3e-05,1e-05,-1e-05,-1e-05,-2e-05,-1e-05,0
9418,-1e-05,-1e-05,-3e-05,1e-05,-1e-05,-1e-05,-2e-05,-1e-05,0
9419,-1e-05,-1e-05,-3e-05,1e-05,-1e-05,-1e-05,-2e-05,-1e-05,0
9420,-1e-05,-1e-05,-3e-05,1e-05,-1e-05,-1e-05,-2e-05,-1e-05,0
9421,-1e-05,-1e-05,-3e-05,1e-05,-1e-05,-1e-05,-2e-05,-1e-05,0
9422,-1e-05,-1e-05,-3e-05,1e-05,-1e-05,-1e-05,-2e-05,-1e-05,0
9423,-1e-05,-1e-05,-3e-05,1e-05,-1e-05,-1e-05,-2e-05,-1e-05,0
9424,-1e-05,-1e-05,-3e-05,1e-05,-1e-05,-1e-05,-2e-05,-1e-05,0
9425,-1e-05,-1e-05,-3e-05,1e-05,-1e-05,-1e-05,-2e-05,-1e-05,0
9426,-1e-05,-1e-05,-3e-05,1e-05,-1e-05,-1e-05,-2e-05,-1e-05,0
9427,-1e-05,-1e-05,-3e-05,1e-05,-1e-05,-1e-05,-2e-05,-1e-05,0
9428,-1e-05,-1e-05,-3e-05,1e-05,-1e-05,-1e-05,-2e-05,-1e-05,0
9429,-1e-05,-1e-05,-3e-05,1e-05,-1e-05,-1e-05,-2e-05,-1e-05,0
9430,-1e-05,-1e-05,-3e-05,1e-05,-1e-05,-1e-05,-2e-05,-1e-05,0
9431,-1e-05,-1e-05,-3e-05,1e-05,-1e-05,-1e-05,-2e-05,-1e-05,0
9432,-1e-05,-1e-05,-3e-05,1e-05,-1e-05,-1e-05,-2e-05,-1e-05,0
9433,-1e-05,-1e-05,-3e-05,1e-05,-1e-05,-1e-05,-2e-05,-1e-05,0
9434,-1e-05,-1e-05,-3e-05,1e-05,-1e-05,-1e-05,-2e-05,-1e-05,0
9435,-1e-05,-1e-05,-3e-05,1e-05,-1e-05,-1e-05,-2e-05,-1e-05,0
9436,-1e-05,-1e-05,-3e-05,1e-05,-1e-05,-1e-05,-2e-05,-1e-05,0
9439,1e-05,1e-05,0.0,-5e-05,-2e-05,-1e-05,-1e-05,0.0,0
9440,-1e-05,-2e-05,-3e-05,-2e-05,-0.0001,-2e-05,-2e-05,-2e-05,0
9441,-1e-05,-2e-05,-3e-05,-2e-05,-0.0001,-2e-05,-2e-05,-2e-05,0
9442,-1e-05,-2e-05,-3e-05,-2e-05,-0.0001,-2e-05,-2e-05,-2e-05,0
9443,-1e-05,-2e-05,-3e-05,-2e-05,-0.0001,-2e-05,-2e-05,-2e-05,0
9444,-1e-05,-2e-05,-3e-05,-2e-05,-0.0001,-2e-05,-2e-05,-2e-05,0
9445,-1e-05,-2e-05,-3e-05,-2e-05,-0.0001,-2e-05,-2e-05,-2e-05,0
9446,-1e-05,-2e-05,-3e-05,-2e-05,-0.0001,-2e-05,-2e-05,-2e-05,0
9447,-1e-05,-2e-05,-3e-05,-2e-05,-0.0001,-2e-05,-2e-05,-2e-05,0
9448,-1e-05,-2e-05,-3e-05,-2e-05,-0.0001,-2e-05,-2e-05,-2e-05,0
9449,-1e-05,-2e-05,-3e-05,-2e-05,-0.0001,-2e-05,-2e-05,-2e-05,0
9450,-1e-05,-2e-05,-3e-05,-2e-05,-0.0001,-2e-05,-2e-05,-2e-05,0
9451,-1e-05,-2e-05,-3e-05,-2e-05,-0.0001,-2e-05,-2e-05,-2e-05,0
9452,2e-05,1e-05,2e-05,-5e-05,1e-05,1e-05,-1e-05,0.0,0
9453,2e-05,1e-05,2e-05,-5e-05,1e-05,1e-05,-1e-05,0.0,0
9454,2e-05,1e-05,2e-05,-5e-05,1e-05,1e-05,-1e-05,0.0,0
9455,2e-05,1e-05,2e-05,-5e-05,1e-05,1e-05,-1e-05,0.0,0
9456,2e-05,1e-05,2e-05,-5e-05,1e-05,1e-05,-1e-05,0.0,0
9457,2e-05,1e-05,2e-05,-5e-05,1e-05,1e-05,-1e-05,0.0,0
9458,2e-05,1e-05,2e-05,-5e-05,1e-05,1e-05,-1e-05,0.0,0
9459,-2e-05,1e-05,3e-05,6e-05,5e-05,1e-05,-2e-05,0.0,0
9460,-2e-05,1e-05,3e-05,6e-05,5e-05,1e-05,-2e-05,0.0,0
9461,-2e-05,1e-05,3e-05,6e-05,5e-05,1e-05,-2e-05,0.0,0
9462,-2e-05,1e-05,3e-05,6e-05,5e-05,1e-05,-2e-05,0.0,0
9463,-2e-05,1e-05,3e-05,6e-05,5e-05,1e-05,-2e-05,0.0,0
9464,-2e-05,1e-05,3e-05,6e-05,5e-05,1e-05,-2e-05,0.0,0
9465,-2e-05,1e-05,3e-05,6e-05,5e-05,1e-05,-2e-05,0.0,0
9466,-2e-05,1e-05,3e-05,6e-05,5e-05,1e-05,-2e-05,0.0,0
9467,-2e-05,1e-05,3e-05,6e-05,5e-05,1e-05,-2e-05,0.0,0
9468,-2e-05,1e-05,3e-05,6e-05,5e-05,1e-05,-2e-05,0.0,0
9469,-2e-05,1e-05,3e-05,6e-05,5e-05,1e-05,-2e-05,0.0,0
9470,-2e-05,1e-05,3e-05,6e-05,5e-05,1e-05,-2e-05,0.0,0
9471,-2e-05,1e-05,3e-05,6e-05,5e-05,1e-05,-2e-05,0.0,0
9472,-2e-05,1e-05,3e-05,6e-05,5e-05,1e-05,-2e-05,0.0,0
9473,-2e-05,1e-05,3e-05,6e-05,5e-05,1e-05,-2e-05,0.0,0
9474,-2e-05,1e-05,3e-05,6e-05,5e-05,1e-05,-2e-05,0.0,0
9475,-3e-05,-4e-05,-4e-05,-6e-05,-1e-05,-1e-05,-2e-05,-1e-05,0
9476,-3e-05,-4e-05,-4e-05,-6e-05,-1e-05,-1e-05,-2e-05,-1e-05,0
9477,1e-05,0.0,2e-05,7e-05,0.0,-1e-05,0.0,1e-05,0
9478,1e-05,0.0,2e-05,7e-05,0.0,-1e-05,0.0,1e-05,0
9479,1e-05,0.0,2e-05,7e-05,0.0,-1e-05,0.0,1e-05,0
9480,1e-05,0.0,2e-05,7e-05,0.0,-1e-05,0.0,1e-05,0
9481,1e-05,0.0,2e-05,7e-05,0.0,-1e-05,0.0,1e-05,0
9482,1e-05,0.0,2e-05,7e-05,0.0,-1e-05,0.0,1e-05,0
9483,1e-05,0.0,2e-05,7e-05,0.0,-1e-05,0.0,1e-05,0
9484,1e-05,0.0,2e-05,7e-05,0.0,-1e-05,0.0,1e-05,0
9485,1e-05,0.0,2e-05,7e-05,0.0,-1e-05,0.0,1e-05,0
9486,1e-05,0.0,2e-05,7e-05,0.0,-1e-05,0.0,1e-05,0
9489,1e-05,0.0,2e-05,7e-05,0.0,-1e-05,0.0,1e-05,0
9490,1e-05,0.0,2e-05,7e-05,0.0,-1e-05,0.0,1e-05,0
9491,1e-05,0.0,2e-05,7e-05,0.0,-1e-05,0.0,1e-05,0
9492,1e-05,0.0,2e-05,7e-05,0.0,-1e-05,0.0,1e-05,0
9493,1e-05,0.0,2e-05,7e-05,0.0,-1e-05,0.0,1e-05,0
9494,1e-05,0.0,2e-05,7e-05,0.0,-1e-05,0.0,1e-05,0
9495,1e-05,0.0,2e-05,7e-05,0.0,-1e-05,0.0,1e-05,0
9496,1e-05,0.0,2e-05,7e-05,0.0,-1e-05,0.0,1e-05,0
9497,1e-05,0.0,2e-05,7e-05,0.0,-1e-05,0.0,1e-05,0
9498,2e-05,3e-05,1e-05,0.0,6e-05,-1e-05,0.0,-1e-05,0
9499,-4e-05,-7e-05,-7e-05,-6e-05,0.0,-2e-05,-2e-05,-3e-05,0
9500,-4e-05,-7e-05,-7e-05,-6e-05,0.0,-2e-05,-2e-05,-3e-05,0
9501,-4e-05,-7e-05,-7e-05,-6e-05,0.0,-2e-05,-2e-05,-3e-05,0
9502,-4e-05,-7e-05,-7e-05,-6e-05,0.0,-2e-05,-2e-05,-3e-05,0
9503,-4e-05,-7e-05,-7e-05,-6e-05,0.0,-2e-05,-2e-05,-3e-05,0
9504,-4e-05,-7e-05,-7e-05,-6e-05,0.0,-2e-05,-2e-05,-3e-05,0
9505,-4e-05,-7e-05,-7e-05,-6e-05,0.0,-2e-05,-2e-05,-3e-05,0
9506,-4e-05,-7e-05,-7e-05,-6e-05,0.0,-2e-05,-2e-05,-3e-05,0
9507,-4e-05,-7e-05,-7e-05,-6e-05,0.0,-2e-05,-2e-05,-3e-05,0
9508,-4e-05,-7e-05,-7e-05,-6e-05,0.0,-2e-05,-2e-05,-3e-05,0
9509,-4e-05,-7e-05,-7e-05,-6e-05,0.0,-2e-05,-2e-05,-3e-05,0
9510,-4e-05,-7e-05,-7e-05,-6e-05,0.0,-2e-05,-2e-05,-3e-05,0
9511,-4e-05,-7e-05,-7e-05,-6e-05,0.0,-2e-05,-2e-05,-3e-05,0
9512,-1e-05,-3e-05,2e-05,1e-05,-1e-05,-2e-05,-2e-05,-4e-05,0
9513,-1e-05,-3e-05,2e-05,1e-05,-1e-05,-2e-05,-2e-05,-4e-05,0
9514,-1e-05,-3e-05,2e-05,1e-05,-1e-05,-2e-05,-2e-05,-4e-05,0
9515,-1e-05,-3e-05,2e-05,1e-05,-1e-05,-2e-05,-2e-05,-4e-05,0
9516,-1e-05,-3e-05,2e-05,1e-05,-1e-05,-2e-05,-2e-05,-4e-05,0
9517,-1e-05,-3e-05,2e-05,1e-05,-1e-05,-2e-05,-2e-05,-4e-05,0
9518,-1e-05,-3e-05,2e-05,1e-05,-1e-05,-2e-05,-2e-05,-4e-05,0
9519,-2e-05,0.0,2e-05,0.0,-1e-05,-1e-05,-1e-05,-1e-05,0
9520,-2e-05,0.0,2e-05,0.0,-1e-05,-1e-05,-1e-05,-1e-05,0
9521,-2e-05,0.0,2e-05,0.0,-1e-05,-1e-05,-1e-05,-1e-05,0
9522,-2e-05,0.0,2e-05,0.0,-1e-05,-1e-05,-1e-05,-1e-05,0
9523,-2e-05,0.0,2e-05,0.0,-1e-05,-1e-05,-1e-05,-1e-05,0
9524,-2e-05,0.0,2e-05,0.0,-1e-05,-1e-05,-1e-05,-1e-05,0
9525,-2e-05,0.0,2e-05,0.0,-1e-05,-1e-05,-1e-05,-1e-05,0
9526,-2e-05,0.0,2e-05,0.0,-1e-05,-1e-05,-1e-05,-1e-05,0
9527,-2e-05,0.0,2e-05,0.0,-1e-05,-1e-05,-1e-05,-1e-05,0
9528,-2e-05,0.0,2e-05,0.0,-1e-05,-1e-05,-1e-05,-1e-05,0
9529,-2e-05,0.0,2e-05,0.0,-1e-05,-1e-05,-1e-05,-1e-05,0
9530,-2e-05,0.0,2e-05,0.0,-1e-05,-1e-05,-1e-05,-1e-05,0
9531,-2e-05,0.0,2e-05,0.0,-1e-05,-1e-05,-1e-05,-1e-05,0
9532,-2e-05,0.0,2e-05,0.0,-1e-05,-1e-05,-1e-05,-1e-05,0
9533,-2e-05,0.0,2e-05,0.0,-1e-05,-1e-05,-1e-05,-1e-05,0
9534,-2e-05,0.0,2e-05,0.0,-1e-05,-1e-05,-1e-05,-1e-05,0
9535,-3e-05,-8e-05,-0.00011,-9e-05,-5e-05,-2e-05,1e-05,-2e-05,0
9536,-3e-05,-4e-05,-5e-05,-5e-05,-1e-05,0.0,-1e-05,-1e-05,0
9539,0.0,0.0,-2e-05,-8e-05,-1e-05,-1e-05,-1e-05,-1e-05,0
9540,0.0,0.0,-2e-05,-8e-05,-1e-05,-1e-05,-1e-05,-1e-05,0
9541,0.0,0.0,-2e-05,-8e-05,-1e-05,-1e-05,-1e-05,-1e-05,0
9542,0.0,0.0,-2e-05,-8e-05,-1e-05,-1e-05,-1e-05,-1e-05,0
9543,0.0,0.0,-2e-05,-8e-05,-1e-05,-1e-05,-1e-05,-1e-05,0
9544,0.0,0.0,-2e-05,-8e-05,-1e-05,-1e-05,-1e-05,-1e-05,0
9545,0.0,0.0,-2e-05,-8e-05,-1e-05,-1e-05,-1e-05,-1e-05,0
9546,0.0,0.0,-2e-05,-8e-05,-1e-05,-1e-05,-1e-05,-1e-05,0
9547,0.0,0.0,-2e-05,-8e-05,-1e-05,-1e-05,-1e-05,-1e-05,0
9548,0.0,0.0,-2e-05,-8e-05,-1e-05,-1e-05,-1e-05,-1e-05,0
9549,0.0,0.0,-2e-05,-8e-05,-1e-05,-1e-05,-1e-05,-1e-05,0
9550,0.0,0.0,-2e-05,-8e-05,-1e-05,-1e-05,-1e-05,-1e-05,0
9551,0.0,0.0,-2e-05,-8e-05,-1e-05,-1e-05,-1e-05,-1e-05,0
9552,0.0,0.0,-2e-05,-8e-05,-1e-05,-1e-05,-1e-05,-1e-05,0
9553,0.0,0.0,-2e-05,-8e-05,-1e-05,-1e-05,-1e-05,-1e-05,0
9554,0.0,0.0,-2e-05,-8e-05,-1e-05,-1e-05,-1e-05,-1e-05,0
9555,0.0,0.0,-2e-05,-8e-05,-1e-05,-1e-05,-1e-05,-1e-05,0
9556,0.0,0.0,-2e-05,-8e-05,-1e-05,-1e-05,-1e-05,-1e-05,0
9557,0.0,0.0,-2e-05,-8e-05,-1e-05,-1e-05,-1e-05,-1e-05,0
9558,-1e-05,2e-05,6e-05,6e-05,4e-05,2e-05,-2e-05,-1e-05,0
9559,2e-05,4e-05,6e-05,5e-05,2e-05,-1e-05,0.0,1e-05,0
9560,2e-05,4e-05,6e-05,5e-05,2e-05,-1e-05,0.0,1e-05,0
9561,2e-05,4e-05,6e-05,5e-05,2e-05,-1e-05,0.0,1e-05,0
9562,2e-05,4e-05,6e-05,5e-05,2e-05,-1e-05,0.0,1e-05,0
9563,2e-05,4e-05,6e-05,5e-05,2e-05,-1e-05,0.0,1e-05,0
9564,2e-05,4e-05,6e-05,5e-05,2e-05,-1e-05,0.0,1e-05,0
9565,2e-05,4e-05,6e-05,5e-05,2e-05,-1e-05,0.0,1e-05,0
9566,2e-05,4e-05,6e-05,5e-05,2e-05,-1e-05,0.0,1e-05,0
9567,2e-05,4e-05,6e-05,5e-05,2e-05,-1e-05,0.0,1e-05,0
9568,2e-05,4e-05,6e-05,5e-05,2e-05,-1e-05,0.0,1e-05,0
9569,2e-05,4e-05,6e-05,5e-05,2e-05,-1e-05,0.0,1e-05,0
9570,2e-05,4e-05,6e-05,5e-05,2e-05,-1e-05,0.0,1e-05,0
9571,2e-05,4e-05,6e-05,5e-05,2e-05,-1e-05,0.0,1e-05,0
9572,-8e-05,-0.00017,-0.00019,-0.0001,-0.00011,-3e-05,0.0,-2e-05,0
9573,-8e-05,-0.00017,-0.00019,-0.0001,-0.00011,-3e-05,0.0,-2e-05,0
9574,-8e-05,-0.00017,-0.00019,-0.0001,-0.00011,-3e-05,0.0,-2e-05,0
9575,-8e-05,-0.00017,-0.00019,-0.0001,-0.00011,-3e-05,0.0,-2e-05,0
9576,-8e-05,-0.00017,-0.00019,-0.0001,-0.00011,-3e-05,0.0,-2e-05,0
9577,-8e-05,-0.00017,-0.00019,-0.0001,-0.00011,-3e-05,0.0,-2e-05,0
9578,-8e-05,-0.00017,-0.00019,-0.0001,-0.00011,-3e-05,0.0,-2e-05,0
9579,-8e-05,-0.00017,-0.00019,-0.0001,-0.00011,-3e-05,0.0,-2e-05,0
9580,-8e-05,-0.00017,-0.00019,-0.0001,-0.00011,-3e-05,0.0,-2e-05,0
9581,-8e-05,-0.00017,-0.00019,-0.0001,-0.00011,-3e-05,0.0,-2e-05,0
9582,-8e-05,-0.00017,-0.00019,-0.0001,-0.00011,-3e-05,0.0,-2e-05,0
9583,-8e-05,-0.00017,-0.00019,-0.0001,-0.00011,-3e-05,0.0,-2e-05,0
9584,-8e-05,-0.00017,-0.00019,-0.0001,-0.00011,-3e-05,0.0,-2e-05,0
9585,-8e-05,-0.00017,-0.00019,-0.0001,-0.00011,-3e-05,0.0,-2e-05,0
9586,-8e-05,-0.00017,-0.00019,-0.0001,-0.00011,-3e-05,0.0,-2e-05,0
9589,2e-05,1e-05,0.0,-0.0001,-2e-05,0.0,-1e-05,0.0,0
9590,2e-05,1e-05,0.0,-0.0001,-2e-05,0.0,-1e-05,0.0,0
9591,2e-05,1e-05,0.0,-0.0001,-2e-05,0.0,-1e-05,0.0,0
9592,2e-05,1e-05,0.0,-0.0001,-2e-05,0.0,-1e-05,0.0,0
9593,2e-05,1e-05,0.0,-0.0001,-2e-05,0.0,-1e-05,0.0,0
9594,2e-05,1e-05,0.0,-0.0001,-2e-05,0.0,-1e-05,0.0,0
9595,-1e-05,1e-05,2e-05,4e-05,1e-05,1e-05,0.0,-1e-05,0
9596,-1e-05,1e-05,2e-05,4e-05,1e-05,1e-05,0.0,-1e-05,0
9597,1e-05,4e-05,5e-05,6e-05,0.00012,-2e-05,1e-05,-3e-05,0
9598,1e-05,4e-05,5e-05,6e-05,0.00012,-2e-05,1e-05,-3e-05,0
9599,1e-05,4e-05,5e-05,6e-05,0.00012,-2e-05,1e-05,-3e-05,0
9600,1e-05,4e-05,5e-05,6e-05,0.00012,-2e-05,1e-05,-3e-05,0
9601,1e-05,4e-05,5e-05,6e-05,0.00012,-2e-05,1e-05,-3e-05,0
9602,1e-05,4e-05,5e-05,6e-05,0.00012,-2e-05,1e-05,-3e-05,0
9603,1e-05,4e-05,5e-05,6e-05,0.00012,-2e-05,1e-05,-3e-05,0
9604,1e-05,4e-05,5e-05,6e-05,0.00012,-2e-05,1e-05,-3e-05,0
9605,1e-05,4e-05,5e-05,6e-05,0.00012,-2e-05,1e-05,-3e-05,0
9606,1e-05,4e-05,5e-05,6e-05,0.00012,-2e-05,1e-05,-3e-05,0
9607,1e-05,4e-05,5e-05,6e-05,0.00012,-2e-05,1e-05,-3e-05,0
9608,1e-05,4e-05,5e-05,6e-05,0.00012,-2e-05,1e-05,-3e-05,0
9609,1e-05,4e-05,5e-05,6e-05,0.00012,-2e-05,1e-05,-3e-05,0
9610,1e-05,4e-05,5e-05,6e-05,0.00012,-2e-05,1e-05,-3e-05,0
9611,1e-05,4e-05,5e-05,6e-05,0.00012,-2e-05,1e-05,-3e-05,0
9612,1e-05,4e-05,5e-05,6e-05,0.00012,-2e-05,1e-05,-3e-05,0
9613,1e-05,4e-05,5e-05,6e-05,0.00012,-2e-05,1e-05,-3e-05,0
9614,1e-05,4e-05,5e-05,6e-05,0.00012,-2e-05,1e-05,-3e-05,0
9615,1e-05,4e-05,5e-05,6e-05,0.00012,-2e-05,1e-05,-3e-05,0
9616,1e-05,4e-05,5e-05,6e-05,0.00012,-2e-05,1e-05,-3e-05,0
9617,1e-05,4e-05,5e-05,6e-05,0.00012,-2e-05,1e-05,-3e-05,0
9618,-1e-05,-3e-05,-3e-05,1e-05,-3e-05,0.0,-2e-05,-2e-05,0
9619,0.0,0.0,0.0,0.0,-7e-05,-2e-05,-1e-05,-2e-05,0
9620,0.0,0.0,0.0,0.0,-7e-05,-2e-05,-1e-05,-2e-05,0
9621,0.0,0.0,0.0,0.0,-7e-05,-2e-05,-1e-05,-2e-05,0
9622,0.0,0.0,0.0,0.0,-7e-05,-2e-05,-1e-05,-2e-05,0
9623,0.0,0.0,0.0,0.0,-7e-05,-2e-05,-1e-05,-2e-05,0
9624,0.0,0.0,0.0,0.0,-7e-05,-2e-05,-1e-05,-2e-05,0
9625,0.0,0.0,0.0,0.0,-7e-05,-2e-05,-1e-05,-2e-05,0
9626,0.0,0.0,0.0,0.0,-7e-05,-2e-05,-1e-05,-2e-05,0
9627,0.0,0.0,0.0,0.0,-7e-05,-2e-05,-1e-05,-2e-05,0
9628,0.0,0.0,0.0,0.0,-7e-05,-2e-05,-1e-05,-2e-05,0
9629,0.0,0.0,0.0,0.0,-7e-05,-2e-05,-1e-05,-2e-05,0
9630,0.0,0.0,0.0,0.0,-7e-05,-2e-05,-1e-05,-2e-05,0
9631,1e-05,2e-05,-1e-05,-4e-05,1e-05,0.0,0.0,3e-05,0
9632,1e-05,2e-05,-1e-05,-4e-05,1e-05,0.0,0.0,3e-05,0
9633,1e-05,2e-05,-1e-05,-4e-05,1e-05,0.0,0.0,3e-05,0
9634,1e-05,2e-05,-1e-05,-4e-05,1e-05,0.0,0.0,3e-05,0
9635,1e-05,2e-05,-1e-05,-4e-05,1e-05,0.0,0.0,3e-05,0
9636,1e-05,2e-05,-1e-05,-4e-05,1e-05,0.0,0.0,3e-05,0
9638,1e-05,2e-05,-1e-05,-4e-05,1e-05,0.0,0.0,3e-05,0
9639,1e-05,2e-05,-1e-05,-4e-05,1e-05,0.0,0.0,3e-05,0
9640,1e-05,2e-05,-1e-05,0.0,-2e-05,-1e-05,-1e-05,-1e-05,0
9641,-2e-05,-1e-05,0.0,3e-05,-1e-05,0.0,1e-05,-1e-05,0
9642,-2e-05,-1e-05,0.0,3e-05,-1e-05,0.0,1e-05,-1e-05,0
9643,-2e-05,-1e-05,0.0,3e-05,-1e-05,0.0,1e-05,-1e-05,0
9644,-2e-05,-1e-05,0.0,3e-05,-1e-05,0.0,1e-05,-1e-05,0
9645,-2e-05,-1e-05,0.0,3e-05,-1e-05,0.0,1e-05,-1e-05,0
9646,-2e-05,-1e-05,0.0,3e-05,-1e-05,0.0,1e-05,-1e-05,0
9647,-2e-05,-1e-05,0.0,3e-05,-1e-05,0.0,1e-05,-1e-05,0
9648,-2e-05,-1e-05,0.0,3e-05,-1e-05,0.0,1e-05,-1e-05,0
9649,-2e-05,-1e-05,0.0,3e-05,-1e-05,0.0,1e-05,-1e-05,0
9650,-2e-05,-1e-05,0.0,3e-05,-1e-05,0.0,1e-05,-1e-05,0
9651,-2e-05,-1e-05,0.0,3e-05,-1e-05,0.0,1e-05,-1e-05,0
9652,-2e-05,-1e-05,0.0,3e-05,-1e-05,0.0,1e-05,-1e-05,0
9653,-2e-05,-1e-05,0.0,3e-05,-1e-05,0.0,1e-05,-1e-05,0
9654,-2e-05,-1e-05,0.0,3e-05,-1e-05,0.0,1e-05,-1e-05,0
9655,-2e-05,-1e-05,0.0,3e-05,-1e-05,0.0,1e-05,-1e-05,0
9656,0.0,-2e-05,0.0,-2e-05,-2e-05,0.0,-2e-05,-2e-05,0
9657,0.0,-1e-05,-4e-05,1e-05,-1e-05,-2e-05,0.0,-1e-05,0
9658,0.0,-1e-05,-4e-05,1e-05,-1e-05,-2e-05,0.0,-1e-05,0
9659,0.0,-1e-05,-4e-05,1e-05,-1e-05,-2e-05,0.0,-1e-05,0
9660,0.0,-1e-05,-4e-05,1e-05,-1e-05,-2e-05,0.0,-1e-05,0
9661,0.0,-1e-05,-4e-05,1e-05,-1e-05,-2e-05,0.0,-1e-05,0
9662,0.0,-1e-05,-4e-05,1e-05,-1e-05,-2e-05,0.0,-1e-05,0
9663,0.0,-1e-05,-4e-05,1e-05,-1e-05,-2e-05,0.0,-1e-05,0
9664,0.0,-1e-05,-4e-05,1e-05,-1e-05,-2e-05,0.0,-1e-05,0
9665,0.0,-1e-05,-4e-05,1e-05,-1e-05,-2e-05,0.0,-1e-05,0
9666,0.0,-1e-05,-4e-05,1e-05,-1e-05,-2e-05,0.0,-1e-05,0
9667,0.0,-1e-05,-4e-05,1e-05,-1e-05,-2e-05,0.0,-1e-05,0
9668,0.0,-1e-05,-4e-05,1e-05,-1e-05,-2e-05,0.0,-1e-05,0
9669,0.0,-1e-05,-4e-05,1e-05,-1e-05,-2e-05,0.0,-1e-05,0
9670,0.0,-1e-05,-4e-05,1e-05,-1e-05,-2e-05,0.0,-1e-05,0
9671,0.0,-1e-05,-4e-05,1e-05,-1e-05,-2e-05,0.0,-1e-05,0
9672,0.0,-1e-05,-4e-05,1e-05,-1e-05,-2e-05,0.0,-1e-05,0
9673,0.0,-1e-05,-4e-05,1e-05,-1e-05,-2e-05,0.0,-1e-05,0
9674,0.0,-1e-05,-4e-05,1e-05,-1e-05,-2e-05,0.0,-1e-05,0
9675,0.0,-1e-05,-4e-05,1e-05,-1e-05,-2e-05,0.0,-1e-05,0
9676,0.0,-1e-05,-4e-05,1e-05,-1e-05,-2e-05,0.0,-1e-05,0
9677,0.0,-1e-05,-4e-05,1e-05,-1e-05,-2e-05,0.0,-1e-05,0
9678,-2e-05,-2e-05,-1e-05,1e-05,-2e-05,0.0,-2e-05,0.0,0
9679,0.0,-5e-05,-2e-05,-3e-05,-5e-05,0.0,-1e-05,0.0,0
9680,0.0,-5e-05,-2e-05,-3e-05,-5e-05,0.0,-1e-05,0.0,0
9681,0.0,-5e-05,-2e-05,-3e-05,-5e-05,0.0,-1e-05,0.0,0
9682,0.0,-5e-05,-2e-05,-3e-05,-5e-05,0.0,-1e-05,0.0,0
9683,0.0,-5e-05,-2e-05,-3e-05,-5e-05,0.0,-1e-05,0.0,0
9684,0.0,-5e-05,-2e-05,-3e-05,-5e-05,0.0,-1e-05,0.0,0
9685,0.0,-5e-05,-2e-05,-3e-05,-5e-05,0.0,-1e-05,0.0,0
9686,0.0,-5e-05,-2e-05,-3e-05,-5e-05,0.0,-1e-05,0.0,0
9688,0.0,-5e-05,-2e-05,-3e-05,-5e-05,0.0,-1e-05,0.0,0
9689,0.0,-5e-05,-2e-05,-3e-05,-5e-05,0.0,-1e-05,0.0,0
9690,0.0,-5e-05,-2e-05,-3e-05,-5e-05,0.0,-1e-05,0.0,0
9691,1e-05,3e-05,3e-05,4e-05,1e-05,-2e-05,-1e-05,1e-05,0
9692,1e-05,3e-05,3e-05,4e-05,1e-05,-2e-05,-1e-05,1e-05,0
9693,1e-05,3e-05,3e-05,4e-05,1e-05,-2e-05,-1e-05,1e-05,0
9694,1e-05,3e-05,3e-05,4e-05,1e-05,-2e-05,-1e-05,1e-05,0
9695,1e-05,3e-05,3e-05,4e-05,1e-05,-2e-05,-1e-05,1e-05,0
9696,1e-05,3e-05,3e-05,4e-05,1e-05,-2e-05,-1e-05,1e-05,0
9697,1e-05,3e-05,3e-05,4e-05,1e-05,-2e-05,-1e-05,1e-05,0
9698,1e-05,3e-05,3e-05,4e-05,1e-05,-2e-05,-1e-05,1e-05,0
9699,1e-05,3e-05,3e-05,4e-05,1e-05,-2e-05,-1e-05,1e-05,0
9700,1e-05,3e-05,3e-05,4e-05,1e-05,-2e-05,-1e-05,1e-05,0
9701,1e-05,3e-05,3e-05,4e-05,1e-05,-2e-05,-1e-05,1e-05,0
9702,1e-05,3e-05,3e-05,4e-05,1e-05,-2e-05,-1e-05,1e-05,0
9703,1e-05,3e-05,3e-05,4e-05,1e-05,-2e-05,-1e-05,1e-05,0
9704,1e-05,3e-05,3e-05,4e-05,1e-05,-2e-05,-1e-05,1e-05,0
9705,1e-05,3e-05,3e-05,4e-05,1e-05,-2e-05,-1e-05,1e-05,0
9706,1e-05,3e-05,3e-05,4e-05,1e-05,-2e-05,-1e-05,1e-05,0
9707,1e-05,3e-05,3e-05,4e-05,1e-05,-2e-05,-1e-05,1e-05,0
9708,-2e-05,-1e-05,2e-05,3e-05,0.0,-1e-05,0.0,0.0,0
9709,-2e-05,-1e-05,2e-05,3e-05,0.0,-1e-05,0.0,0.0,0
9710,-2e-05,-1e-05,2e-05,3e-05,0.0,-1e-05,0.0,0.0,0
9711,-2e-05,-1e-05,2e-05,3e-05,0.0,-1e-05,0.0,0.0,0
9712,-2e-05,-1e-05,2e-05,3e-05,0.0,-1e-05,0.0,0.0,0
9713,-2e-05,-1e-05,2e-05,3e-05,0.0,-1e-05,0.0,0.0,0
9714,-2e-05,-1e-05,2e-05,3e-05,0.0,-1e-05,0.0,0.0,0
9715,-1e-05,1e-05,2e-05,0.0,-2e-05,1e-05,-1e-05,-2e-05,0
9716,-1e-05,1e-05,2e-05,0.0,-2e-05,1e-05,-1e-05,-2e-05,0
9717,-3e-05,-2e-05,-5e-05,4e-05,2e-05,-1e-05,-1e-05,-1e-05,0
9718,-3e-05,-2e-05,-5e-05,4e-05,2e-05,-1e-05,-1e-05,-1e-05,0
9719,-3e-05,-2e-05,-5e-05,4e-05,2e-05,-1e-05,-1e-05,-1e-05,0
9720,-3e-05,-2e-05,-5e-05,4e-05,2e-05,-1e-05,-1e-05,-1e-05,0
9721,-3e-05,-2e-05,-5e-05,4e-05,2e-05,-1e-05,-1e-05,-1e-05,0
9722,-3e-05,-2e-05,-5e-05,4e-05,2e-05,-1e-05,-1e-05,-1e-05,0
9723,-3e-05,-2e-05,-5e-05,4e-05,2e-05,-1e-05,-1e-05,-1e-05,0
9724,-3e-05,-2e-05,-5e-05,4e-05,2e-05,-1e-05,-1e-05,-1e-05,0
9725,-3e-05,-2e-05,-5e-05,4e-05,2e-05,-1e-05,-1e-05,-1e-05,0
9726,-3e-05,-2e-05,-5e-05,4e-05,2e-05,-1e-05,-1e-05,-1e-05,0
9727,-3e-05,-2e-05,-5e-05,4e-05,2e-05,-1e-05,-1e-05,-1e-05,0
9728,-3e-05,-2e-05,-5e-05,4e-05,2e-05,-1e-05,-1e-05,-1e-05,0
9729,-3e-05,-2e-05,-5e-05,4e-05,2e-05,-1e-05,-1e-05,-1e-05,0
9730,-3e-05,-2e-05,-5e-05,4e-05,2e-05,-1e-05,-1e-05,-1e-05,0
9731,-3e-05,-2e-05,-5e-05,4e-05,2e-05,-1e-05,-1e-05,-1e-05,0
9732,-3e-05,-2e-05,-5e-05,4e-05,2e-05,-1e-05,-1e-05,-1e-05,0
9733,-3e-05,-2e-05,-5e-05,4e-05,2e-05,-1e-05,-1e-05,-1e-05,0
9734,-3e-05,-2e-05,-5e-05,4e-05,2e-05,-1e-05,-1e-05,-1e-05,0
9735,-3e-05,-2e-05,-5e-05,4e-05,2e-05,-1e-05,-1e-05,-1e-05,0
9736,-3e-05,-2e-05,-5e-05,4e-05,2e-05,-1e-05,-1e-05,-1e-05,0
9739,-3e-05,-2e-05,0.0,-3e-05,-3e-05,-1e-05,-2e-05,-2e-05,0
9740,-3e-05,-2e-05,0.0,-3e-05,-3e-05,-1e-05,-2e-05,-2e-05,0
9741,-3e-05,-2e-05,0.0,-3e-05,-3e-05,-1e-05,-2e-05,-2e-05,0
9742,-3e-05,-2e-05,0.0,-3e-05,-3e-05,-1e-05,-2e-05,-2e-05,0
9743,-3e-05,-2e-05,0.0,-3e-05,-3e-05,-1e-05,-2e-05,-2e-05,0
9744,2e-05,-2e-05,-4e-05,-4e-05,-5e-05,-2e-05,-2e-05,0.0,0
9745,2e-05,-2e-05,-4e-05,-4e-05,-5e-05,-2e-05,-2e-05,0.0,0
9746,2e-05,-2e-05,-4e-05,-4e-05,-5e-05,-2e-05,-2e-05,0.0,0
9747,2e-05,-2e-05,-4e-05,-4e-05,-5e-05,-2e-05,-2e-05,0.0,0
9748,2e-05,-2e-05,-4e-05,-4e-05,-5e-05,-2e-05,-2e-05,0.0,0
9749,2e-05,-2e-05,-4e-05,-4e-05,-5e-05,-2e-05,-2e-05,0.0,0
9750,2e-05,-2e-05,-4e-05,-4e-05,-5e-05,-2e-05,-2e-05,0.0,0
9751,1e-05,2e-05,0.00011,0.00054,0.00013,2e-05,0.0,1e-05,0
9752,1e-05,2e-05,0.00011,0.00054,0.00013,2e-05,0.0,1e-05,0
9753,1e-05,2e-05,0.00011,0.00054,0.00013,2e-05,0.0,1e-05,0
9754,1e-05,2e-05,0.00011,0.00054,0.00013,2e-05,0.0,1e-05,0
9755,1e-05,2e-05,0.00011,0.00054,0.00013,2e-05,0.0,1e-05,0
9756,1e-05,2e-05,0.00011,0.00054,0.00013,2e-05,0.0,1e-05,0
9757,1e-05,2e-05,0.00011,0.00054,0.00013,2e-05,0.0,1e-05,0
9758,1e-05,2e-05,0.00011,0.00054,0.00013,2e-05,0.0,1e-05,0
9759,1e-05,2e-05,0.00011,0.00054,0.00013,2e-05,0.0,1e-05,0
9760,-1e-05,0.0,-1e-05,-5e-05,-4e-05,-1e-05,-1e-05,0.0,0
9761,-1e-05,1e-05,-1e-05,-2e-05,-2e-05,-2e-05,-1e-05,-1e-05,0
9762,-1e-05,1e-05,-1e-05,-2e-05,-2e-05,-2e-05,-1e-05,-1e-05,0
9763,-1e-05,1e-05,-1e-05,-2e-05,-2e-05,-2e-05,-1e-05,-1e-05,0
9764,-1e-05,1e-05,-1e-05,-2e-05,-2e-05,-2e-05,-1e-05,-1e-05,0
9765,-1e-05,1e-05,-1e-05,-2e-05,-2e-05,-2e-05,-1e-05,-1e-05,0
9766,-1e-05,1e-05,-1e-05,-2e-05,-2e-05,-2e-05,-1e-05,-1e-05,0
9767,-1e-05,1e-05,-1e-05,-2e-05,-2e-05,-2e-05,-1e-05,-1e-05,0
9768,-1e-05,1e-05,-1e-05,-2e-05,-2e-05,-2e-05,-1e-05,-1e-05,0
9769,-1e-05,1e-05,-1e-05,-2e-05,-2e-05,-2e-05,-1e-05,-1e-05,0
9770,-1e-05,1e-05,-1e-05,-2e-05,-2e-05,-2e-05,-1e-05,-1e-05,0
9771,-1e-05,1e-05,-1e-05,-2e-05,-2e-05,-2e-05,-1e-05,-1e-05,0
9772,-1e-05,1e-05,-1e-05,-2e-05,-2e-05,-2e-05,-1e-05,-1e-05,0
9773,-1e-05,1e-05,-1e-05,-2e-05,-2e-05,-2e-05,-1e-05,-1e-05,0
9774,-3e-05,-6e-05,-0.00012,-0.00028,-7e-05,-2e-05,0.0,-2e-05,0
9775,-3e-05,-6e-05,-0.00012,-0.00028,-7e-05,-2e-05,0.0,-2e-05,0
9776,-3e-05,-6e-05,-0.00012,-0.00028,-7e-05,-2e-05,0.0,-2e-05,0
9777,-3e-05,-6e-05,-0.00012,-0.00028,-7e-05,-2e-05,0.0,-2e-05,0
9778,-3e-05,-6e-05,-0.00012,-0.00028,-7e-05,-2e-05,0.0,-2e-05,0
9779,-3e-05,-6e-05,-0.00012,-0.00028,-7e-05,-2e-05,0.0,-2e-05,0
9780,-3e-05,-6e-05,-0.00012,-0.00028,-7e-05,-2e-05,0.0,-2e-05,0
9781,-3e-05,-6e-05,-0.00012,-0.00028,-7e-05,-2e-05,0.0,-2e-05,0
9782,-3e-05,-6e-05,-0.00012,-0.00028,-7e-05,-2e-05,0.0,-2e-05,0
9783,1e-05,1e-05,1e-05,2e-05,1e-05,0.0,-1e-05,0.0,0
9784,1e-05,1e-05,1e-05,2e-05,1e-05,0.0,-1e-05,0.0,0
9785,1e-05,1e-05,1e-05,2e-05,1e-05,0.0,-1e-05,0.0,0
9786,1e-05,1e-05,1e-05,2e-05,1e-05,0.0,-1e-05,0.0,0
9788,1e-05,1e-05,1e-05,2e-05,1e-05,0.0,-1e-05,0.0,0
9789,1e-05,1e-05,1e-05,2e-05,1e-05,0.0,-1e-05,0.0,0
9790,1e-05,1e-05,1e-05,2e-05,1e-05,0.0,-1e-05,0.0,0
9791,1e-05,1e-05,1e-05,2e-05,1e-05,0.0,-1e-05,0.0,0
9792,1e-05,1e-05,1e-05,2e-05,1e-05,0.0,-1e-05,0.0,0
9793,1e-05,1e-05,1e-05,2e-05,1e-05,0.0,-1e-05,0.0,0
9794,1e-05,1e-05,1e-05,2e-05,1e-05,0.0,-1e-05,0.0,0
9795,1e-05,1e-05,1e-05,2e-05,1e-05,0.0,-1e-05,0.0,0
9796,1e-05,1e-05,1e-05,2e-05,1e-05,0.0,-1e-05,0.0,0
9797,1e-05,1e-05,1e-05,2e-05,1e-05,0.0,-1e-05,0.0,0
9798,2e-05,1e-05,1e-05,-7e-05,-2e-05,-1e-05,-1e-05,1e-05,0
9799,-4e-05,-5e-05,-0.0001,-0.00011,-3e-05,-2e-05,0.0,-2e-05,0
9800,-4e-05,-5e-05,-0.0001,-0.00011,-3e-05,-2e-05,0.0,-2e-05,0
9801,-4e-05,-5e-05,-0.0001,-0.00011,-3e-05,-2e-05,0.0,-2e-05,0
9802,-4e-05,-5e-05,-0.0001,-0.00011,-3e-05,-2e-05,0.0,-2e-05,0
9803,-4e-05,-5e-05,-0.0001,-0.00011,-3e-05,-2e-05,0.0,-2e-05,0
9804,-4e-05,-5e-05,-0.0001,-0.00011,-3e-05,-2e-05,0.0,-2e-05,0
9805,-4e-05,-5e-05,-0.0001,-0.00011,-3e-05,-2e-05,0.0,-2e-05,0
9806,-4e-05,-5e-05,-0.0001,-0.00011,-3e-05,-2e-05,0.0,-2e-05,0
9807,-4e-05,-5e-05,-0.0001,-0.00011,-3e-05,-2e-05,0.0,-2e-05,0
9808,-4e-05,-5e-05,-0.0001,-0.00011,-3e-05,-2e-05,0.0,-2e-05,0
9809,-4e-05,-5e-05,-0.0001,-0.00011,-3e-05,-2e-05,0.0,-2e-05,0
9810,-4e-05,-5e-05,-0.0001,-0.00011,-3e-05,-2e-05,0.0,-2e-05,0
9811,-3e-05,-4e-05,-4e-05,4e-05,-3e-05,1e-05,-2e-05,0.0,0
9812,-1e-05,-2e-05,-2e-05,-3e-05,0.0,1e-05,-4e-05,-2e-05,0
9813,-1e-05,-2e-05,-2e-05,-3e-05,0.0,1e-05,-4e-05,-2e-05,0
9814,-1e-05,-2e-05,-2e-05,-3e-05,0.0,1e-05,-4e-05,-2e-05,0
9815,-1e-05,-2e-05,-2e-05,-3e-05,0.0,1e-05,-4e-05,-2e-05,0
9816,-1e-05,-2e-05,-2e-05,-3e-05,0.0,1e-05,-4e-05,-2e-05,0
9817,-1e-05,-2e-05,-2e-05,-3e-05,0.0,1e-05,-4e-05,-2e-05,0
9818,-1e-05,-2e-05,-2e-05,-3e-05,0.0,1e-05,-4e-05,-2e-05,0
9819,-1e-05,-2e-05,-2e-05,-3e-05,0.0,1e-05,-4e-05,-2e-05,0
9820,-1e-05,-2e-05,-2e-05,-3e-05,0.0,1e-05,-4e-05,-2e-05,0
9821,-1e-05,-2e-05,-2e-05,-3e-05,0.0,1e-05,-4e-05,-2e-05,0
9822,-1e-05,-2e-05,-2e-05,-3e-05,0.0,1e-05,-4e-05,-2e-05,0
9823,-1e-05,-2e-05,-2e-05,-3e-05,0.0,1e-05,-4e-05,-2e-05,0
9824,-1e-05,-2e-05,-2e-05,-3e-05,0.0,1e-05,-4e-05,-2e-05,0
9825,-1e-05,-2e-05,-2e-05,-3e-05,0.0,1e-05,-4e-05,-2e-05,0
9826,-1e-05,-2e-05,-2e-05,-3e-05,0.0,1e-05,-4e-05,-2e-05,0
9827,-1e-05,-2e-05,-2e-05,-3e-05,0.0,1e-05,-4e-05,-2e-05,0
9828,0.0,-1e-05,2e-05,4e-05,0.0,-1e-05,-1e-05,0.0,0
9829,0.0,-1e-05,2e-05,4e-05,0.0,-1e-05,-1e-05,0.0,0
9830,0.0,-1e-05,2e-05,4e-05,0.0,-1e-05,-1e-05,0.0,0
9831,0.0,-1e-05,2e-05,4e-05,0.0,-1e-05,-1e-05,0.0,0
9832,0.0,-1e-05,2e-05,4e-05,0.0,-1e-05,-1e-05,0.0,0
9833,0.0,-1e-05,2e-05,4e-05,0.0,-1e-05,-1e-05,0.0,0
9834,0.0,-1e-05,2e-05,4e-05,0.0,-1e-05,-1e-05,0.0,0
9835,1e-05,1e-05,-1e-05,-7e-05,-5e-05,-2e-05,-1e-05,-1e-05,0
9836,1e-05,1e-05,-1e-05,-7e-05,-5e-05,-2e-05,-1e-05,-1e-05,0
9838,-1e-05,-6e-05,-3e-05,3e-05,0.0,-1e-05,-2e-05,-1e-05,0
9839,-1e-05,-6e-05,-3e-05,3e-05,0.0,-1e-05,-2e-05,-1e-05,0
9840,-1e-05,-6e-05,-3e-05,3e-05,0.0,-1e-05,-2e-05,-1e-05,0
9841,-1e-05,-6e-05,-3e-05,3e-05,0.0,-1e-05,-2e-05,-1e-05,0
9843,-1e-05,-6e-05,-3e-05,3e-05,0.0,-1e-05,-2e-05,-1e-05,0
9844,-1e-05,-6e-05,-3e-05,3e-05,0.0,-1e-05,-2e-05,-1e-05,0
9845,-1e-05,-6e-05,-3e-05,3e-05,0.0,-1e-05,-2e-05,-1e-05,0
9846,-1e-05,-6e-05,-3e-05,3e-05,0.0,-1e-05,-2e-05,-1e-05,0
9847,-1e-05,-6e-05,-3e-05,3e-05,0.0,-1e-05,-2e-05,-1e-05,0
9848,-1e-05,-6e-05,-3e-05,3e-05,0.0,-1e-05,-2e-05,-1e-05,0
9849,-1e-05,-6e-05,-3e-05,3e-05,0.0,-1e-05,-2e-05,-1e-05,0
9850,-1e-05,-6e-05,-3e-05,3e-05,0.0,-1e-05,-2e-05,-1e-05,0
9851,-1e-05,-6e-05,-3e-05,3e-05,0.0,-1e-05,-2e-05,-1e-05,0
9852,-1e-05,-6e-05,-3e-05,3e-05,0.0,-1e-05,-2e-05,-1e-05,0
9853,-1e-05,-6e-05,-3e-05,3e-05,0.0,-1e-05,-2e-05,-1e-05,0
9854,-1e-05,-6e-05,-3e-05,3e-05,0.0,-1e-05,-2e-05,-1e-05,0
9855,-1e-05,-6e-05,-3e-05,3e-05,0.0,-1e-05,-2e-05,-1e-05,0
9856,-1e-05,-6e-05,-3e-05,3e-05,0.0,-1e-05,-2e-05,-1e-05,0
9857,0.0,5e-05,4e-05,-7e-05,-6e-05,-1e-05,0.0,-1e-05,0
9858,0.0,5e-05,4e-05,-7e-05,-6e-05,-1e-05,0.0,-1e-05,0
9859,0.0,5e-05,4e-05,-7e-05,-6e-05,-1e-05,0.0,-1e-05,0
9860,0.0,5e-05,4e-05,-7e-05,-6e-05,-1e-05,0.0,-1e-05,0
9861,0.0,5e-05,4e-05,-7e-05,-6e-05,-1e-05,0.0,-1e-05,0
9862,0.0,5e-05,4e-05,-7e-05,-6e-05,-1e-05,0.0,-1e-05,0
9863,0.0,5e-05,4e-05,-7e-05,-6e-05,-1e-05,0.0,-1e-05,0
9864,0.0,5e-05,4e-05,-7e-05,-6e-05,-1e-05,0.0,-1e-05,0
9865,-3e-05,-4e-05,-4e-05,-4e-05,-4e-05,-2e-05,-1e-05,-1e-05,0
9866,-3e-05,-4e-05,-4e-05,-4e-05,-4e-05,-2e-05,-1e-05,-1e-05,0
9867,-3e-05,-4e-05,-4e-05,-4e-05,-4e-05,-2e-05,-1e-05,-1e-05,0
9868,-3e-05,-4e-05,-4e-05,-4e-05,-4e-05,-2e-05,-1e-05,-1e-05,0
9869,-3e-05,-4e-05,-4e-05,-4e-05,-4e-05,-2e-05,-1e-05,-1e-05,0
9870,-3e-05,-4e-05,-4e-05,-4e-05,-4e-05,-2e-05,-1e-05,-1e-05,0
9871,-3e-05,2e-05,-2e-05,-5e-05,2e-05,-2e-05,-3e-05,-3e-05,0
9872,1e-05,-2e-05,-1e-05,-2e-05,-5e-05,0.0,-1e-05,1e-05,0
9873,1e-05,-2e-05,-1e-05,-2e-05,-5e-05,0.0,-1e-05,1e-05,0
9874,1e-05,-2e-05,-1e-05,-2e-05,-5e-05,0.0,-1e-05,1e-05,0
9875,1e-05,-2e-05,-1e-05,-2e-05,-5e-05,0.0,-1e-05,1e-05,0
9876,1e-05,-2e-05,-1e-05,-2e-05,-5e-05,0.0,-1e-05,1e-05,0
9877,1e-05,-2e-05,-1e-05,-2e-05,-5e-05,0.0,-1e-05,1e-05,0
9878,1e-05,-2e-05,-1e-05,-2e-05,-5e-05,0.0,-1e-05,1e-05,0
9879,1e-05,-2e-05,-1e-05,-2e-05,-5e-05,0.0,-1e-05,1e-05,0
9880,0.0,1e-05,0.0,0.0,1e-05,-2e-05,1e-05,0.0,0
9881,0.0,1e-05,0.0,0.0,1e-05,-2e-05,1e-05,0.0,0
9882,0.0,1e-05,0.0,0.0,1e-05,-2e-05,1e-05,0.0,0
9883,0.0,1e-05,0.0,0.0,1e-05,-2e-05,1e-05,0.0,0
9884,0.0,1e-05,0.0,0.0,1e-05,-2e-05,1e-05,0.0,0
9885,0.0,1e-05,0.0,0.0,1e-05,-2e-05,1e-05,0.0,0
9886,0.0,1e-05,0.0,0.0,1e-05,-2e-05,1e-05,0.0,0
9888,0.0,1e-05,0.0,0.0,1e-05,-2e-05,1e-05,0.0,0
9889,0.0,1e-05,0.0,0.0,1e-05,-2e-05,1e-05,0.0,0
9890,0.0,1e-05,0.0,0.0,1e-05,-2e-05,1e-05,0.0,0
9891,0.0,1e-05,0.0,0.0,1e-05,-2e-05,1e-05,0.0,0
9892,0.0,1e-05,0.0,0.0,1e-05,-2e-05,1e-05,0.0,0
9893,0.0,1e-05,0.0,0.0,1e-05,-2e-05,1e-05,0.0,0
9894,0.0,1e-05,0.0,0.0,1e-05,-2e-05,1e-05,0.0,0
9895,-7e-05,-0.0001,-7e-05,0.00016,5e-05,0.0,1e-05,-1e-05,0
9896,-7e-05,-0.0001,-7e-05,0.00016,5e-05,0.0,1e-05,-1e-05,0
9897,1e-05,3e-05,5e-05,1e-05,-1e-05,-1e-05,-1e-05,0.0,0
9898,1e-05,3e-05,5e-05,1e-05,-1e-05,-1e-05,-1e-05,0.0,0
9899,1e-05,3e-05,5e-05,1e-05,-1e-05,-1e-05,-1e-05,0.0,0
9900,1e-05,3e-05,5e-05,1e-05,-1e-05,-1e-05,-1e-05,0.0,0
9901,1e-05,3e-05,5e-05,1e-05,-1e-05,-1e-05,-1e-05,0.0,0
9902,1e-05,3e-05,5e-05,1e-05,-1e-05,-1e-05,-1e-05,0.0,0
9903,1e-05,3e-05,5e-05,1e-05,-1e-05,-1e-05,-1e-05,0.0,0
9904,1e-05,3e-05,5e-05,1e-05,-1e-05,-1e-05,-1e-05,0.0,0
9905,1e-05,3e-05,5e-05,1e-05,-1e-05,-1e-05,-1e-05,0.0,0
9906,1e-05,3e-05,5e-05,1e-05,-1e-05,-1e-05,-1e-05,0.0,0
9907,1e-05,3e-05,5e-05,1e-05,-1e-05,-1e-05,-1e-05,0.0,0
9908,1e-05,3e-05,5e-05,1e-05,-1e-05,-1e-05,-1e-05,0.0,0
9909,1e-05,3e-05,5e-05,1e-05,-1e-05,-1e-05,-1e-05,0.0,0
9910,1e-05,3e-05,5e-05,1e-05,-1e-05,-1e-05,-1e-05,0.0,0
9911,1e-05,3e-05,5e-05,1e-05,-1e-05,-1e-05,-1e-05,0.0,0
9912,1e-05,3e-05,5e-05,1e-05,-1e-05,-1e-05,-1e-05,0.0,0
9913,1e-05,3e-05,5e-05,1e-05,-1e-05,-1e-05,-1e-05,0.0,0
9914,1e-05,3e-05,5e-05,1e-05,-1e-05,-1e-05,-1e-05,0.0,0
9915,1e-05,3e-05,5e-05,1e-05,-1e-05,-1e-05,-1e-05,0.0,0
9916,1e-05,3e-05,5e-05,1e-05,-1e-05,-1e-05,-1e-05,0.0,0
9917,1e-05,3e-05,5e-05,1e-05,-1e-05,-1e-05,-1e-05,0.0,0
9918,1e-05,4e-05,1e-05,-7e-05,0.0,1e-05,-3e-05,-1e-05,0
9919,-2e-05,-2e-05,-4e-05,-0.00012,-7e-05,-3e-05,-2e-05,-3e-05,0
9920,-2e-05,-2e-05,-4e-05,-0.00012,-7e-05,-3e-05,-2e-05,-3e-05,0
9921,-2e-05,-2e-05,-4e-05,-0.00012,-7e-05,-3e-05,-2e-05,-3e-05,0
9922,-2e-05,-2e-05,-4e-05,-0.00012,-7e-05,-3e-05,-2e-05,-3e-05,0
9923,-2e-05,-2e-05,-4e-05,-0.00012,-7e-05,-3e-05,-2e-05,-3e-05,0
9924,-2e-05,-2e-05,-4e-05,-0.00012,-7e-05,-3e-05,-2e-05,-3e-05,0
9925,-2e-05,-2e-05,-4e-05,-0.00012,-7e-05,-3e-05,-2e-05,-3e-05,0
9926,-2e-05,-2e-05,-4e-05,-0.00012,-7e-05,-3e-05,-2e-05,-3e-05,0
9927,-2e-05,-2e-05,-4e-05,-0.00012,-7e-05,-3e-05,-2e-05,-3e-05,0
9928,-2e-05,-2e-05,-4e-05,-0.00012,-7e-05,-3e-05,-2e-05,-3e-05,0
9929,-2e-05,-2e-05,-4e-05,-0.00012,-7e-05,-3e-05,-2e-05,-3e-05,0
9930,-2e-05,-2e-05,-4e-05,-0.00012,-7e-05,-3e-05,-2e-05,-3e-05,0
9931,0.0,0.0,1e-05,-6e-05,5e-05,1e-05,-1e-05,-1e-05,0
9932,0.0,0.0,1e-05,-6e-05,5e-05,1e-05,-1e-05,-1e-05,0
9933,0.0,0.0,1e-05,-6e-05,5e-05,1e-05,-1e-05,-1e-05,0
9934,0.0,0.0,1e-05,-6e-05,5e-05,1e-05,-1e-05,-1e-05,0
9935,0.0,0.0,1e-05,-6e-05,5e-05,1e-05,-1e-05,-1e-05,0
9936,0.0,0.0,1e-05,-6e-05,5e-05,1e-05,-1e-05,-1e-05,0
9938,0.0,0.0,1e-05,-6e-05,5e-05,1e-05,-1e-05,-1e-05,0
9939,0.0,0.0,1e-05,-6e-05,5e-05,1e-05,-1e-05,-1e-05,0
9940,0.0,0.0,1e-05,-6e-05,5e-05,1e-05,-1e-05,-1e-05,0
9941,0.0,1e-05,-1e-05,-0.00017,0.0,-1e-05,-2e-05,0.0,0
9942,0.0,1e-05,-1e-05,-0.00017,0.0,-1e-05,-2e-05,0.0,0
9943,0.0,1e-05,-1e-05,-0.00017,0.0,-1e-05,-2e-05,0.0,0
9944,0.0,1e-05,-1e-05,-0.00017,0.0,-1e-05,-2e-05,0.0,0
9945,0.0,1e-05,-1e-05,-0.00017,0.0,-1e-05,-2e-05,0.0,0
9946,0.0,1e-05,-1e-05,-0.00017,0.0,-1e-05,-2e-05,0.0,0
9947,0.0,1e-05,-1e-05,-0.00017,0.0,-1e-05,-2e-05,0.0,0
9948,0.0,1e-05,-1e-05,-0.00017,0.0,-1e-05,-2e-05,0.0,0
9949,0.0,1e-05,-1e-05,-0.00017,0.0,-1e-05,-2e-05,0.0,0
9950,0.0,1e-05,-1e-05,-0.00017,0.0,-1e-05,-2e-05,0.0,0
9951,0.0,1e-05,-1e-05,-0.00017,0.0,-1e-05,-2e-05,0.0,0
9952,0.0,1e-05,-1e-05,-0.00017,0.0,-1e-05,-2e-05,0.0,0
9953,0.0,1e-05,-1e-05,-0.00017,0.0,-1e-05,-2e-05,0.0,0
9954,0.0,1e-05,-1e-05,-0.00017,0.0,-1e-05,-2e-05,0.0,0
9955,0.0,-1e-05,-1e-05,3e-05,1e-05,-1e-05,0.0,-2e-05,0
9956,0.0,-1e-05,-1e-05,3e-05,1e-05,-1e-05,0.0,-2e-05,0
9957,1e-05,1e-05,1e-05,4e-05,0.0,-1e-05,0.0,1e-05,0
9958,1e-05,1e-05,1e-05,4e-05,0.0,-1e-05,0.0,1e-05,0
9959,1e-05,1e-05,1e-05,4e-05,0.0,-1e-05,0.0,1e-05,0
9960,1e-05,1e-05,1e-05,4e-05,0.0,-1e-05,0.0,1e-05,0
9961,1e-05,1e-05,1e-05,4e-05,0.0,-1e-05,0.0,1e-05,0
9962,1e-05,1e-05,1e-05,4e-05,0.0,-1e-05,0.0,1e-05,0
9963,1e-05,1e-05,1e-05,4e-05,0.0,-1e-05,0.0,1e-05,0
9964,1e-05,1e-05,1e-05,4e-05,0.0,-1e-05,0.0,1e-05,0
9965,1e-05,1e-05,1e-05,4e-05,0.0,-1e-05,0.0,1e-05,0
9966,1e-05,1e-05,1e-05,4e-05,0.0,-1e-05,0.0,1e-05,0
9967,1e-05,1e-05,1e-05,4e-05,0.0,-1e-05,0.0,1e-05,0
9968,1e-05,1e-05,1e-05,4e-05,0.0,-1e-05,0.0,1e-05,0
9969,1e-05,1e-05,1e-05,4e-05,0.0,-1e-05,0.0,1e-05,0
9970,1e-05,1e-05,1e-05,4e-05,0.0,-1e-05,0.0,1e-05,0
9971,1e-05,1e-05,1e-05,4e-05,0.0,-1e-05,0.0,1e-05,0
9972,1e-05,1e-05,1e-05,4e-05,0.0,-1e-05,0.0,1e-05,0
9973,1e-05,1e-05,1e-05,4e-05,0.0,-1e-05,0.0,1e-05,0
9974,1e-05,1e-05,1e-05,4e-05,0.0,-1e-05,0.0,1e-05,0
9975,1e-05,1e-05,1e-05,4e-05,0.0,-1e-05,0.0,1e-05,0
9976,1e-05,1e-05,1e-05,4e-05,0.0,-1e-05,0.0,1e-05,0
9977,1e-05,1e-05,1e-05,4e-05,0.0,-1e-05,0.0,1e-05,0
9978,1e-05,1e-05,1e-05,4e-05,0.0,-1e-05,0.0,1e-05,0
9979,1e-05,1e-05,1e-05,4e-05,0.0,-1e-05,0.0,1e-05,0
9980,1e-05,1e-05,1e-05,4e-05,0.0,-1e-05,0.0,1e-05,0
9981,1e-05,1e-05,1e-05,4e-05,0.0,-1e-05,0.0,1e-05,0
9982,1e-05,1e-05,1e-05,4e-05,0.0,-1e-05,0.0,1e-05,0
9983,1e-05,1e-05,1e-05,4e-05,0.0,-1e-05,0.0,1e-05,0
9984,1e-05,1e-05,1e-05,4e-05,0.0,-1e-05,0.0,1e-05,0
9985,-3e-05,-3e-05,-1e-05,-2e-05,-6e-05,2e-05,-1e-05,-2e-05,0
9986,-3e-05,-3e-05,-1e-05,-2e-05,-6e-05,2e-05,-1e-05,-2e-05,0
9988,0.0,-2e-05,0.0,6e-05,3e-05,-1e-05,-1e-05,-1e-05,0
9989,0.0,-2e-05,0.0,6e-05,3e-05,-1e-05,-1e-05,-1e-05,0
9990,0.0,-2e-05,0.0,6e-05,3e-05,-1e-05,-1e-05,-1e-05,0
9991,0.0,-2e-05,0.0,6e-05,3e-05,-1e-05,-1e-05,-1e-05,0
9992,0.0,-2e-05,0.0,6e-05,3e-05,-1e-05,-1e-05,-1e-05,0
9993,0.0,-2e-05,0.0,6e-05,3e-05,-1e-05,-1e-05,-1e-05,0
9994,0.0,-2e-05,0.0,6e-05,3e-05,-1e-05,-1e-05,-1e-05,0
9995,0.0,-2e-05,0.0,6e-05,3e-05,-1e-05,-1e-05,-1e-05,0
9996,0.0,-2e-05,0.0,6e-05,3e-05,-1e-05,-1e-05,-1e-05,0
9997,0.0,-2e-05,0.0,6e-05,3e-05,-1e-05,-1e-05,-1e-05,0
9998,0.0,-2e-05,0.0,6e-05,3e-05,-1e-05,-1e-05,-1e-05,0
9999,0.0,-2e-05,0.0,6e-05,3e-05,-1e-05,-1e-05,-1e-05,0
10000,-3e-05,-4e-05,-6e-05,-0.00012,-1e-05,-2e-05,-1e-05,-2e-05,0
10001,-3e-05,-4e-05,-6e-05,-0.00012,-1e-05,-2e-05,-1e-05,-2e-05,0
10002,-1e-05,1e-05,0.0,7e-05,1e-05,0.0,0.0,0.0,0
10003,-1e-05,1e-05,0.0,7e-05,1e-05,0.0,0.0,0.0,0
10004,-1e-05,1e-05,0.0,7e-05,1e-05,0.0,0.0,0.0,0
10005,-1e-05,1e-05,0.0,7e-05,1e-05,0.0,0.0,0.0,0
10006,-1e-05,1e-05,0.0,7e-05,1e-05,0.0,0.0,0.0,0
10007,-1e-05,1e-05,0.0,7e-05,1e-05,0.0,0.0,0.0,0
10008,-1e-05,1e-05,0.0,7e-05,1e-05,0.0,0.0,0.0,0
10009,-1e-05,1e-05,0.0,7e-05,1e-05,0.0,0.0,0.0,0
10010,-1e-05,1e-05,0.0,7e-05,1e-05,0.0,0.0,0.0,0
10011,-1e-05,1e-05,0.0,7e-05,1e-05,0.0,0.0,0.0,0
10012,-1e-05,1e-05,0.0,7e-05,1e-05,0.0,0.0,0.0,0
10013,-1e-05,1e-05,0.0,7e-05,1e-05,0.0,0.0,0.0,0
10014,-1e-05,1e-05,0.0,7e-05,1e-05,0.0,0.0,0.0,0
10015,-1e-05,1e-05,0.0,7e-05,1e-05,0.0,0.0,0.0,0
10016,-1e-05,1e-05,0.0,7e-05,1e-05,0.0,0.0,0.0,0
10017,-1e-05,1e-05,0.0,7e-05,1e-05,0.0,0.0,0.0,0
10018,-1e-05,1e-05,0.0,7e-05,1e-05,0.0,0.0,0.0,0
10019,-1e-05,1e-05,0.0,7e-05,1e-05,0.0,0.0,0.0,0
10020,-1e-05,1e-05,0.0,7e-05,1e-05,0.0,0.0,0.0,0
10021,-1e-05,1e-05,0.0,7e-05,1e-05,0.0,0.0,0.0,0
10022,-1e-05,1e-05,0.0,7e-05,1e-05,0.0,0.0,0.0,0
10023,-2e-05,-1e-05,-1e-05,-3e-05,-3e-05,-2e-05,0.0,0.0,0
10024,0.0,-1e-05,1e-05,6e-05,2e-05,1e-05,-1e-05,-2e-05,0
10025,0.0,-1e-05,1e-05,6e-05,2e-05,1e-05,-1e-05,-2e-05,0
10026,0.0,-1e-05,1e-05,6e-05,2e-05,1e-05,-1e-05,-2e-05,0
10027,0.0,-1e-05,1e-05,6e-05,2e-05,1e-05,-1e-05,-2e-05,0
10028,0.0,-1e-05,1e-05,6e-05,2e-05,1e-05,-1e-05,-2e-05,0
10029,0.0,-1e-05,1e-05,6e-05,2e-05,1e-05,-1e-05,-2e-05,0
10030,0.0,-1e-05,1e-05,6e-05,2e-05,1e-05,-1e-05,-2e-05,0
10031,0.0,-1e-05,1e-05,6e-05,2e-05,1e-05,-1e-05,-2e-05,0
10033,0.0,-1e-05,1e-05,6e-05,2e-05,1e-05,-1e-05,-2e-05,0
10034,0.0,-1e-05,1e-05,6e-05,2e-05,1e-05,-1e-05,-2e-05,0
10035,0.0,-1e-05,1e-05,6e-05,2e-05,1e-05,-1e-05,-2e-05,0
10044,-5e-05,-9e-05,-0.00012,-5e-05,-3e-05,-2e-05,0.0,0.0,0
10045,-5e-05,-9e-05,-0.00012,-5e-05,-3e-05,-2e-05,0.0,0.0,0
10046,-5e-05,-9e-05,-0.00012,-5e-05,-3e-05,-2e-05,0.0,0.0,0
10047,-5e-05,-9e-05,-0.00012,-5e-05,-3e-05,-2e-05,0.0,0.0,0
10048,-5e-05,-9e-05,-0.00012,-5e-05,-3e-05,-2e-05,0.0,0.0,0
10049,-5e-05,-9e-05,-0.00012,-5e-05,-3e-05,-2e-05,0.0,0.0,0
10050,-5e-05,-9e-05,-0.00012,-5e-05,-3e-05,-2e-05,0.0,0.0,0
10051,-5e-05,-9e-05,-0.00012,-5e-05,-3e-05,-2e-05,0.0,0.0,0
10052,-5e-05,-9e-05,-0.00012,-5e-05,-3e-05,-2e-05,0.0,0.0,0
10053,-5e-05,-9e-05,-0.00012,-5e-05,-3e-05,-2e-05,0.0,0.0,0
10054,-5e-05,-9e-05,-0.00012,-5e-05,-3e-05,-2e-05,0.0,0.0,0
10055,-5e-05,-9e-05,-0.00012,-5e-05,-3e-05,-2e-05,0.0,0.0,0
10056,-5e-05,-9e-05,-0.00012,-5e-05,-3e-05,-2e-05,0.0,0.0,0
10057,-5e-05,-9e-05,-0.00012,-5e-05,-3e-05,-2e-05,0.0,0.0,0
10058,-5e-05,-9e-05,-0.00012,-5e-05,-3e-05,-2e-05,0.0,0.0,0
10059,-5e-05,-9e-05,-0.00012,-5e-05,-3e-05,-2e-05,0.0,0.0,0
10060,1e-05,2e-05,1e-05,-3e-05,0.0,0.0,-2e-05,-3e-05,0
10061,1e-05,2e-05,1e-05,-3e-05,0.0,0.0,-2e-05,-3e-05,0
10062,0.0,3e-05,4e-05,1e-05,1e-05,-2e-05,0.0,-2e-05,0
10063,0.0,3e-05,4e-05,1e-05,1e-05,-2e-05,0.0,-2e-05,0
10064,0.0,3e-05,4e-05,1e-05,1e-05,-2e-05,0.0,-2e-05,0
10065,0.0,3e-05,4e-05,1e-05,1e-05,-2e-05,0.0,-2e-05,0
10066,0.0,3e-05,4e-05,1e-05,1e-05,-2e-05,0.0,-2e-05,0
10067,0.0,3e-05,4e-05,1e-05,1e-05,-2e-05,0.0,-2e-05,0
10068,0.0,3e-05,4e-05,1e-05,1e-05,-2e-05,0.0,-2e-05,0
10069,0.0,3e-05,4e-05,1e-05,1e-05,-2e-05,0.0,-2e-05,0
10070,0.0,3e-05,4e-05,1e-05,1e-05,-2e-05,0.0,-2e-05,0
10071,0.0,3e-05,4e-05,1e-05,1e-05,-2e-05,0.0,-2e-05,0
10072,0.0,3e-05,4e-05,1e-05,1e-05,-2e-05,0.0,-2e-05,0
10073,0.0,3e-05,4e-05,1e-05,1e-05,-2e-05,0.0,-2e-05,0
10074,0.0,3e-05,4e-05,1e-05,1e-05,-2e-05,0.0,-2e-05,0
10075,-1e-05,1e-05,-1e-05,8e-05,-1e-05,-2e-05,0.0,-1e-05,0
10076,-1e-05,1e-05,-1e-05,8e-05,-1e-05,-2e-05,0.0,-1e-05,0
10077,0.0,0.0,-2e-05,-2e-05,-2e-05,-1e-05,-1e-05,0.0,0
10078,0.0,0.0,-2e-05,-2e-05,-2e-05,-1e-05,-1e-05,0.0,0
10079,0.0,0.0,-2e-05,-2e-05,-2e-05,-1e-05,-1e-05,0.0,0
10080,0.0,0.0,-2e-05,-2e-05,-2e-05,-1e-05,-1e-05,0.0,0
10081,0.0,0.0,-2e-05,-2e-05,-2e-05,-1e-05,-1e-05,0.0,0
10082,0.0,0.0,-2e-05,-2e-05,-2e-05,-1e-05,-1e-05,0.0,0
10083,0.0,0.0,-2e-05,-2e-05,-2e-05,-1e-05,-1e-05,0.0,0
10084,0.0,0.0,-2e-05,-2e-05,-2e-05,-1e-05,-1e-05,0.0,0
10085,0.0,0.0,-2e-05,-2e-05,-2e-05,-1e-05,-1e-05,0.0,0
10086,0.0,0.0,-2e-05,-2e-05,-2e-05,-1e-05,-1e-05,0.0,0
10088,0.0,0.0,-2e-05,-2e-05,-2e-05,-1e-05,-1e-05,0.0,0
10089,0.0,0.0,-2e-05,-2e-05,-2e-05,-1e-05,-1e-05,0.0,0
10090,0.0,0.0,-2e-05,-2e-05,-2e-05,-1e-05,-1e-05,0.0,0
10091,0.0,0.0,-2e-05,-2e-05,-2e-05,-1e-05,-1e-05,0.0,0
10092,0.0,0.0,-2e-05,-2e-05,-2e-05,-1e-05,-1e-05,0.0,0
10093,0.0,0.0,-2e-05,-2e-05,-2e-05,-1e-05,-1e-05,0.0,0
10094,0.0,0.0,-2e-05,-2e-05,-2e-05,-1e-05,-1e-05,0.0,0
10095,0.0,0.0,-2e-05,-2e-05,-2e-05,-1e-05,-1e-05,0.0,0
10096,0.0,0.0,-2e-05,-2e-05,-2e-05,-1e-05,-1e-05,0.0,0
10097,0.0,0.0,-2e-05,-2e-05,-2e-05,-1e-05,-1e-05,0.0,0
10098,-2e-05,-3e-05,-3e-05,-4e-05,-3e-05,-1e-05,0.0,0.0,0
10099,-1e-05,-2e-05,-4e-05,9e-05,-3e-05,-3e-05,-1e-05,0.0,0
10100,-1e-05,-2e-05,-4e-05,9e-05,-3e-05,-3e-05,-1e-05,0.0,0
10101,-1e-05,-2e-05,-4e-05,9e-05,-3e-05,-3e-05,-1e-05,0.0,0
10102,-1e-05,-2e-05,-4e-05,9e-05,-3e-05,-3e-05,-1e-05,0.0,0
10103,-1e-05,-2e-05,-4e-05,9e-05,-3e-05,-3e-05,-1e-05,0.0,0
10104,-1e-05,-2e-05,-4e-05,9e-05,-3e-05,-3e-05,-1e-05,0.0,0
10105,-1e-05,-2e-05,-4e-05,9e-05,-3e-05,-3e-05,-1e-05,0.0,0
10106,-1e-05,-2e-05,-4e-05,9e-05,-3e-05,-3e-05,-1e-05,0.0,0
10107,-1e-05,-2e-05,-4e-05,9e-05,-3e-05,-3e-05,-1e-05,0.0,0
10108,-1e-05,-2e-05,-4e-05,9e-05,-3e-05,-3e-05,-1e-05,0.0,0
10109,-1e-05,-2e-05,-4e-05,9e-05,-3e-05,-3e-05,-1e-05,0.0,0
10110,-1e-05,-2e-05,-4e-05,9e-05,-3e-05,-3e-05,-1e-05,0.0,0
10111,-1e-05,-2e-05,-4e-05,9e-05,-3e-05,-3e-05,-1e-05,0.0,0
10112,-1e-05,-2e-05,-4e-05,9e-05,-3e-05,-3e-05,-1e-05,0.0,0
10113,-1e-05,-2e-05,-4e-05,9e-05,-3e-05,-3e-05,-1e-05,0.0,0
10114,-1e-05,-2e-05,-4e-05,9e-05,-3e-05,-3e-05,-1e-05,0.0,0
10115,-1e-05,-2e-05,-4e-05,9e-05,-3e-05,-3e-05,-1e-05,0.0,0
10116,-1e-05,-2e-05,-4e-05,9e-05,-3e-05,-3e-05,-1e-05,0.0,0
10117,-1e-05,-2e-05,-4e-05,9e-05,-3e-05,-3e-05,-1e-05,0.0,0
10118,-1e-05,-2e-05,-4e-05,9e-05,-3e-05,-3e-05,-1e-05,0.0,0
10119,-1e-05,-2e-05,-4e-05,9e-05,-3e-05,-3e-05,-1e-05,0.0,0
10120,1e-05,0.0,-1e-05,1e-05,-2e-05,-1e-05,-2e-05,-1e-05,0
10121,1e-05,0.0,-1e-05,1e-05,-2e-05,-1e-05,-2e-05,-1e-05,0
10122,-1e-05,3e-05,3e-05,-5e-05,0.0,-3e-05,1e-05,-1e-05,0
10123,-1e-05,3e-05,3e-05,-5e-05,0.0,-3e-05,1e-05,-1e-05,0
10124,-1e-05,3e-05,3e-05,-5e-05,0.0,-3e-05,1e-05,-1e-05,0
10125,-1e-05,3e-05,3e-05,-5e-05,0.0,-3e-05,1e-05,-1e-05,0
10126,-1e-05,3e-05,3e-05,-5e-05,0.0,-3e-05,1e-05,-1e-05,0
10127,-1e-05,3e-05,3e-05,-5e-05,0.0,-3e-05,1e-05,-1e-05,0
10128,-1e-05,3e-05,3e-05,-5e-05,0.0,-3e-05,1e-05,-1e-05,0
10129,-1e-05,3e-05,3e-05,-5e-05,0.0,-3e-05,1e-05,-1e-05,0
10130,-1e-05,3e-05,3e-05,-5e-05,0.0,-3e-05,1e-05,-1e-05,0
10131,-1e-05,3e-05,3e-05,-5e-05,0.0,-3e-05,1e-05,-1e-05,0
10132,-1e-05,3e-05,3e-05,-5e-05,0.0,-3e-05,1e-05,-1e-05,0
10133,-1e-05,3e-05,3e-05,-5e-05,0.0,-3e-05,1e-05,-1e-05,0
10134,-1e-05,3e-05,3e-05,-5e-05,0.0,-3e-05,1e-05,-1e-05,0
10135,-1e-05,3e-05,3e-05,-5e-05,0.0,-3e-05,1e-05,-1e-05,0
10136,-1e-05,3e-05,3e-05,-5e-05,0.0,-3e-05,1e-05,-1e-05,0
10138,-1e-05,3e-05,3e-05,-5e-05,0.0,-3e-05,1e-05,-1e-05,0
10139,-1e-05,3e-05,3e-05,-5e-05,0.0,-3e-05,1e-05,-1e-05,0
10140,-1e-05,3e-05,3e-05,-5e-05,0.0,-3e-05,1e-05,-1e-05,0
10141,-1e-05,3e-05,3e-05,-5e-05,0.0,-3e-05,1e-05,-1e-05,0
10142,-1e-05,3e-05,3e-05,-5e-05,0.0,-3e-05,1e-05,-1e-05,0
10143,-3e-05,-7e-05,-5e-05,0.00011,-1e-05,1e-05,-1e-05,-3e-05,0
10144,0.0,1e-05,2e-05,3e-05,1e-05,-2e-05,-4e-05,-3e-05,0
10145,0.0,1e-05,2e-05,3e-05,1e-05,-2e-05,-4e-05,-3e-05,0
10146,0.0,1e-05,2e-05,3e-05,1e-05,-2e-05,-4e-05,-3e-05,0
10147,0.0,1e-05,2e-05,3e-05,1e-05,-2e-05,-4e-05,-3e-05,0
10148,0.0,1e-05,2e-05,3e-05,1e-05,-2e-05,-4e-05,-3e-05,0
10149,0.0,1e-05,2e-05,3e-05,1e-05,-2e-05,-4e-05,-3e-05,0
10150,0.0,1e-05,2e-05,3e-05,1e-05,-2e-05,-4e-05,-3e-05,0
10151,0.0,1e-05,2e-05,3e-05,1e-05,-2e-05,-4e-05,-3e-05,0
10152,0.0,1e-05,2e-05,3e-05,1e-05,-2e-05,-4e-05,-3e-05,0
10153,0.0,1e-05,2e-05,3e-05,1e-05,-2e-05,-4e-05,-3e-05,0
10154,0.0,1e-05,2e-05,3e-05,1e-05,-2e-05,-4e-05,-3e-05,0
10155,0.0,1e-05,2e-05,3e-05,1e-05,-2e-05,-4e-05,-3e-05,0
10156,0.0,1e-05,2e-05,3e-05,1e-05,-2e-05,-4e-05,-3e-05,0
10157,0.0,1e-05,2e-05,3e-05,1e-05,-2e-05,-4e-05,-3e-05,0
10158,-1e-05,-3e-05,-1e-05,-0.00013,-1e-05,-2e-05,-1e-05,-1e-05,0
10159,-3e-05,-3e-05,-3e-05,4e-05,4e-05,1e-05,1e-05,0.0,0
10160,-3e-05,-3e-05,-3e-05,4e-05,4e-05,1e-05,1e-05,0.0,0
10161,-3e-05,-3e-05,-3e-05,4e-05,4e-05,1e-05,1e-05,0.0,0
10162,-3e-05,-3e-05,-3e-05,4e-05,4e-05,1e-05,1e-05,0.0,0
10163,-3e-05,-3e-05,-3e-05,4e-05,4e-05,1e-05,1e-05,0.0,0
10164,-3e-05,-3e-05,-3e-05,4e-05,4e-05,1e-05,1e-05,0.0,0
10165,-3e-05,-3e-05,-3e-05,4e-05,4e-05,1e-05,1e-05,0.0,0
10166,-3e-05,-3e-05,-3e-05,4e-05,4e-05,1e-05,1e-05,0.0,0
10167,-3e-05,-3e-05,-3e-05,4e-05,4e-05,1e-05,1e-05,0.0,0
10168,-3e-05,-3e-05,-3e-05,4e-05,4e-05,1e-05,1e-05,0.0,0
10169,-3e-05,-3e-05,-3e-05,4e-05,4e-05,1e-05,1e-05,0.0,0
10170,-3e-05,-3e-05,-3e-05,4e-05,4e-05,1e-05,1e-05,0.0,0
10171,-3e-05,-3e-05,-3e-05,4e-05,4e-05,1e-05,1e-05,0.0,0
10172,-3e-05,-3e-05,-3e-05,4e-05,4e-05,1e-05,1e-05,0.0,0
10173,-3e-05,-3e-05,-3e-05,4e-05,4e-05,1e-05,1e-05,0.0,0
10174,-3e-05,-3e-05,-3e-05,4e-05,4e-05,1e-05,1e-05,0.0,0
10175,-3e-05,-3e-05,-3e-05,4e-05,4e-05,1e-05,1e-05,0.0,0
10176,-3e-05,-3e-05,-3e-05,4e-05,4e-05,1e-05,1e-05,0.0,0
10177,-3e-05,-3e-05,-3e-05,4e-05,4e-05,1e-05,1e-05,0.0,0
10178,-3e-05,-3e-05,-3e-05,4e-05,4e-05,1e-05,1e-05,0.0,0
10179,-3e-05,-3e-05,-3e-05,4e-05,4e-05,1e-05,1e-05,0.0,0
10180,1e-05,3e-05,-1e-05,-0.0001,-2e-05,-2e-05,-2e-05,-1e-05,0
10181,1e-05,3e-05,-1e-05,-0.0001,-2e-05,-2e-05,-2e-05,-1e-05,0
10182,-1e-05,-4e-05,-4e-05,-3e-05,-3e-05,-3e-05,0.0,-2e-05,0
10183,-1e-05,-4e-05,-4e-05,-3e-05,-3e-05,-3e-05,0.0,-2e-05,0
10184,-1e-05,-4e-05,-4e-05,-3e-05,-3e-05,-3e-05,0.0,-2e-05,0
10185,-1e-05,-4e-05,-4e-05,-3e-05,-3e-05,-3e-05,0.0,-2e-05,0
10186,-1e-05,-4e-05,-4e-05,-3e-05,-3e-05,-3e-05,0.0,-2e-05,0
10188,-1e-05,-4e-05,-4e-05,-3e-05,-3e-05,-3e-05,0.0,-2e-05,0
10189,-1e-05,-4e-05,-4e-05,-3e-05,-3e-05,-3e-05,0.0,-2e-05,0
10190,-1e-05,-4e-05,-4e-05,-3e-05,-3e-05,-3e-05,0.0,-2e-05,0
10191,-1e-05,-4e-05,-4e-05,-3e-05,-3e-05,-3e-05,0.0,-2e-05,0
10192,-1e-05,-4e-05,-4e-05,-3e-05,-3e-05,-3e-05,0.0,-2e-05,0
10193,-1e-05,-4e-05,-4e-05,-3e-05,-3e-05,-3e-05,0.0,-2e-05,0
10194,-1e-05,-4e-05,-4e-05,-3e-05,-3e-05,-3e-05,0.0,-2e-05,0
10195,0.0,-2e-05,-5e-05,-1e-05,1e-05,-1e-05,-1e-05,0.0,0
10196,0.0,-2e-05,-5e-05,-1e-05,1e-05,-1e-05,-1e-05,0.0,0
10197,0.0,-2e-05,-5e-05,-1e-05,1e-05,-1e-05,-1e-05,0.0,0
10198,0.0,-2e-05,-5e-05,-1e-05,1e-05,-1e-05,-1e-05,0.0,0
10199,0.0,-2e-05,-5e-05,-1e-05,1e-05,-1e-05,-1e-05,0.0,0
10200,0.0,-2e-05,-5e-05,-1e-05,1e-05,-1e-05,-1e-05,0.0,0
10201,0.0,-1e-05,0.0,-1e-05,-4e-05,-1e-05,0.0,0.0,0
10202,0.0,-1e-05,0.0,-1e-05,-4e-05,-1e-05,0.0,0.0,0
10203,0.0,-1e-05,0.0,-1e-05,-4e-05,-1e-05,0.0,0.0,0
10204,0.0,-1e-05,0.0,-1e-05,-4e-05,-1e-05,0.0,0.0,0
10205,0.0,-1e-05,0.0,-1e-05,-4e-05,-1e-05,0.0,0.0,0
10206,0.0,-1e-05,0.0,-1e-05,-4e-05,-1e-05,0.0,0.0,0
10207,0.0,-1e-05,0.0,-1e-05,-4e-05,-1e-05,0.0,0.0,0
10208,0.0,-1e-05,0.0,-1e-05,-4e-05,-1e-05,0.0,0.0,0
10209,0.0,-1e-05,0.0,-1e-05,-4e-05,-1e-05,0.0,0.0,0
10210,0.0,-1e-05,0.0,-1e-05,-4e-05,-1e-05,0.0,0.0,0
10211,0.0,-1e-05,0.0,-1e-05,-4e-05,-1e-05,0.0,0.0,0
10212,0.0,-1e-05,0.0,-1e-05,-4e-05,-1e-05,0.0,0.0,0
10213,0.0,-1e-05,0.0,-1e-05,-4e-05,-1e-05,0.0,0.0,0
10214,0.0,-1e-05,0.0,-1e-05,-4e-05,-1e-05,0.0,0.0,0
10215,0.0,-1e-05,0.0,-1e-05,-4e-05,-1e-05,0.0,0.0,0
10216,0.0,-1e-05,0.0,-1e-05,-4e-05,-1e-05,0.0,0.0,0
10217,0.0,-1e-05,0.0,-1e-05,-4e-05,-1e-05,0.0,0.0,0
10218,-2e-05,0.0,0.0,-2e-05,7e-05,-1e-05,1e-05,-1e-05,0
10219,0.0,1e-05,1e-05,-7e-05,-4e-05,0.0,-2e-05,1e-05,0
10220,0.0,1e-05,1e-05,-7e-05,-4e-05,0.0,-2e-05,1e-05,0
10221,0.0,1e-05,1e-05,-7e-05,-4e-05,0.0,-2e-05,1e-05,0
10222,0.0,1e-05,1e-05,-7e-05,-4e-05,0.0,-2e-05,1e-05,0
10223,0.0,1e-05,1e-05,-7e-05,-4e-05,0.0,-2e-05,1e-05,0
10224,0.0,1e-05,1e-05,-7e-05,-4e-05,0.0,-2e-05,1e-05,0
10225,0.0,1e-05,1e-05,-7e-05,-4e-05,0.0,-2e-05,1e-05,0
10226,0.0,1e-05,1e-05,-7e-05,-4e-05,0.0,-2e-05,1e-05,0
10227,0.0,1e-05,1e-05,-7e-05,-4e-05,0.0,-2e-05,1e-05,0
10228,0.0,1e-05,1e-05,-7e-05,-4e-05,0.0,-2e-05,1e-05,0
10229,0.0,1e-05,1e-05,-7e-05,-4e-05,0.0,-2e-05,1e-05,0
10230,0.0,1e-05,1e-05,-7e-05,-4e-05,0.0,-2e-05,1e-05,0
10231,0.0,1e-05,1e-05,-7e-05,-4e-05,0.0,-2e-05,1e-05,0
10232,0.0,1e-05,1e-05,-7e-05,-4e-05,0.0,-2e-05,1e-05,0
10233,0.0,1e-05,1e-05,-7e-05,-4e-05,0.0,-2e-05,1e-05,0
10234,0.0,1e-05,1e-05,-7e-05,-4e-05,0.0,-2e-05,1e-05,0
10235,0.0,1e-05,1e-05,-7e-05,-4e-05,0.0,-2e-05,1e-05,0
10236,0.0,1e-05,1e-05,-7e-05,-4e-05,0.0,-2e-05,1e-05,0
10238,0.0,1e-05,1e-05,-7e-05,-4e-05,0.0,-2e-05,1e-05,0
10239,0.0,1e-05,1e-05,-7e-05,-4e-05,0.0,-2e-05,1e-05,0
10240,-1e-05,-4e-05,-4e-05,-2e-05,-2e-05,-2e-05,1e-05,0.0,0
10241,0.0,-5e-05,-6e-05,-0.00012,-3e-05,-2e-05,-2e-05,-4e-05,0
10242,-1e-05,-5e-05,-8e-05,-7e-05,-3e-05,-3e-05,-1e-05,-4e-05,0
10243,-1e-05,-5e-05,-8e-05,-7e-05,-3e-05,-3e-05,-1e-05,-4e-05,0
10244,-1e-05,-5e-05,-8e-05,-7e-05,-3e-05,-3e-05,-1e-05,-4e-05,0
10245,-1e-05,-5e-05,-8e-05,-7e-05,-3e-05,-3e-05,-1e-05,-4e-05,0
10246,-1e-05,-5e-05,-8e-05,-7e-05,-3e-05,-3e-05,-1e-05,-4e-05,0
10247,-1e-05,-5e-05,-8e-05,-7e-05,-3e-05,-3e-05,-1e-05,-4e-05,0
10248,-1e-05,-5e-05,-8e-05,-7e-05,-3e-05,-3e-05,-1e-05,-4e-05,0
10249,-1e-05,-5e-05,-8e-05,-7e-05,-3e-05,-3e-05,-1e-05,-4e-05,0
10250,-1e-05,-5e-05,-8e-05,-7e-05,-3e-05,-3e-05,-1e-05,-4e-05,0
10251,-1e-05,-5e-05,-8e-05,-7e-05,-3e-05,-3e-05,-1e-05,-4e-05,0
10252,-1e-05,-5e-05,-8e-05,-7e-05,-3e-05,-3e-05,-1e-05,-4e-05,0
10253,-1e-05,-5e-05,-8e-05,-7e-05,-3e-05,-3e-05,-1e-05,-4e-05,0
10254,-1e-05,-5e-05,-8e-05,-7e-05,-3e-05,-3e-05,-1e-05,-4e-05,0
10255,-1e-05,-5e-05,-8e-05,-7e-05,-3e-05,-3e-05,-1e-05,-4e-05,0
10256,-1e-05,-5e-05,-8e-05,-7e-05,-3e-05,-3e-05,-1e-05,-4e-05,0
10257,-1e-05,-5e-05,-8e-05,-7e-05,-3e-05,-3e-05,-1e-05,-4e-05,0
10258,-1e-05,-5e-05,-8e-05,-7e-05,-3e-05,-3e-05,-1e-05,-4e-05,0
10259,-1e-05,-5e-05,-8e-05,-7e-05,-3e-05,-3e-05,-1e-05,-4e-05,0
10260,-1e-05,-5e-05,-8e-05,-7e-05,-3e-05,-3e-05,-1e-05,-4e-05,0
10261,-1e-05,-5e-05,-8e-05,-7e-05,-3e-05,-3e-05,-1e-05,-4e-05,0
10262,-1e-05,-5e-05,-8e-05,-7e-05,-3e-05,-3e-05,-1e-05,-4e-05,0
10263,3e-05,2e-05,6e-05,-1e-05,-3e-05,0.0,0.0,-1e-05,0
10264,-3e-05,-4e-05,-3e-05,-3e-05,5e-05,-1e-05,-2e-05,0.0,0
10265,-3e-05,-4e-05,-3e-05,-3e-05,5e-05,-1e-05,-2e-05,0.0,0
10266,-3e-05,-4e-05,-3e-05,-3e-05,5e-05,-1e-05,-2e-05,0.0,0
10267,-3e-05,-4e-05,-3e-05,-3e-05,5e-05,-1e-05,-2e-05,0.0,0
10268,-3e-05,-4e-05,-3e-05,-3e-05,5e-05,-1e-05,-2e-05,0.0,0
10269,-3e-05,-4e-05,-3e-05,-3e-05,5e-05,-1e-05,-2e-05,0.0,0
10270,-3e-05,-4e-05,-3e-05,-3e-05,5e-05,-1e-05,-2e-05,0.0,0
10271,-3e-05,-4e-05,-3e-05,-3e-05,5e-05,-1e-05,-2e-05,0.0,0
10272,-3e-05,-4e-05,-3e-05,-3e-05,5e-05,-1e-05,-2e-05,0.0,0
10273,-3e-05,-4e-05,-3e-05,-3e-05,5e-05,-1e-05,-2e-05,0.0,0
10274,-3e-05,-4e-05,-3e-05,-3e-05,5e-05,-1e-05,-2e-05,0.0,0
10275,-3e-05,-4e-05,-3e-05,-3e-05,5e-05,-1e-05,-2e-05,0.0,0
10276,-3e-05,-4e-05,-3e-05,-3e-05,5e-05,-1e-05,-2e-05,0.0,0
10277,-3e-05,-4e-05,-3e-05,-3e-05,5e-05,-1e-05,-2e-05,0.0,0
10278,0.0,0.0,4e-05,8e-05,3e-05,2e-05,1e-05,-2e-05,0
10279,-3e-05,-3e-05,-4e-05,-3e-05,-6e-05,-6e-05,0.0,0.0,0
10280,-3e-05,-3e-05,-4e-05,-3e-05,-6e-05,-6e-05,0.0,0.0,0
10281,-3e-05,-3e-05,-4e-05,-3e-05,-6e-05,-6e-05,0.0,0.0,0
10282,-3e-05,-3e-05,-4e-05,-3e-05,-6e-05,-6e-05,0.0,0.0,0
10283,-3e-05,-3e-05,-4e-05,-3e-05,-6e-05,-6e-05,0.0,0.0,0
10284,-3e-05,-3e-05,-4e-05,-3e-05,-6e-05,-6e-05,0.0,0.0,0
10285,-3e-05,-3e-05,-4e-05,-3e-05,-6e-05,-6e-05,0.0,0.0,0
10286,-3e-05,-3e-05,-4e-05,-3e-05,-6e-05,-6e-05,0.0,0.0,0
10288,-3e-05,-3e-05,-4e-05,-3e-05,-6e-05,-6e-05,0.0,0.0,0
10289,-3e-05,-3e-05,-4e-05,-3e-05,-6e-05,-6e-05,0.0,0.0,0
10290,-3e-05,-3e-05,-4e-05,-3e-05,-6e-05,-6e-05,0.0,0.0,0
10291,-3e-05,-3e-05,-4e-05,-3e-05,-6e-05,-6e-05,0.0,0.0,0
10292,-3e-05,-3e-05,-4e-05,-3e-05,-6e-05,-6e-05,0.0,0.0,0
10293,-3e-05,-3e-05,-4e-05,-3e-05,-6e-05,-6e-05,0.0,0.0,0
10294,-3e-05,-3e-05,-4e-05,-3e-05,-6e-05,-6e-05,0.0,0.0,0
10295,-3e-05,-3e-05,-4e-05,-3e-05,-6e-05,-6e-05,0.0,0.0,0
10296,-3e-05,-3e-05,-4e-05,-3e-05,-6e-05,-6e-05,0.0,0.0,0
10297,-3e-05,-3e-05,-4e-05,-3e-05,-6e-05,-6e-05,0.0,0.0,0
10298,-3e-05,-3e-05,-4e-05,-3e-05,-6e-05,-6e-05,0.0,0.0,0
10299,-3e-05,-3e-05,-4e-05,-3e-05,-6e-05,-6e-05,0.0,0.0,0
10300,-3e-05,1e-05,-2e-05,3e-05,1e-05,-3e-05,-2e-05,0.0,0
10301,-3e-05,1e-05,-2e-05,3e-05,1e-05,-3e-05,-2e-05,0.0,0
10302,6e-05,0.0,-2e-05,-1e-05,1e-05,4e-05,0.0,1e-05,0
10303,6e-05,0.0,-2e-05,-1e-05,1e-05,4e-05,0.0,1e-05,0
10304,6e-05,0.0,-2e-05,-1e-05,1e-05,4e-05,0.0,1e-05,0
10305,6e-05,0.0,-2e-05,-1e-05,1e-05,4e-05,0.0,1e-05,0
10306,6e-05,0.0,-2e-05,-1e-05,1e-05,4e-05,0.0,1e-05,0
10307,6e-05,0.0,-2e-05,-1e-05,1e-05,4e-05,0.0,1e-05,0
10308,6e-05,0.0,-2e-05,-1e-05,1e-05,4e-05,0.0,1e-05,0
10309,6e-05,0.0,-2e-05,-1e-05,1e-05,4e-05,0.0,1e-05,0
10310,6e-05,0.0,-2e-05,-1e-05,1e-05,4e-05,0.0,1e-05,0
10311,6e-05,0.0,-2e-05,-1e-05,1e-05,4e-05,0.0,1e-05,0
10312,6e-05,0.0,-2e-05,-1e-05,1e-05,4e-05,0.0,1e-05,0
10313,6e-05,0.0,-2e-05,-1e-05,1e-05,4e-05,0.0,1e-05,0
10314,6e-05,0.0,-2e-05,-1e-05,1e-05,4e-05,0.0,1e-05,0
10315,0.0,-5e-05,-7e-05,-1e-05,-5e-05,9e-05,1e-05,-1e-05,0
10316,0.0,-5e-05,-7e-05,-1e-05,-5e-05,9e-05,1e-05,-1e-05,0
10317,0.0,-5e-05,-7e-05,-1e-05,-5e-05,9e-05,1e-05,-1e-05,0
10318,0.0,-5e-05,-7e-05,-1e-05,-5e-05,9e-05,1e-05,-1e-05,0
10319,0.0,-5e-05,-7e-05,-1e-05,-5e-05,9e-05,1e-05,-1e-05,0
10320,0.0,-5e-05,-7e-05,-1e-05,-5e-05,9e-05,1e-05,-1e-05,0
10321,1e-05,-1e-05,1e-05,2e-05,1e-05,2e-05,2e-05,-1e-05,0
10322,1e-05,-1e-05,1e-05,2e-05,1e-05,2e-05,2e-05,-1e-05,0
10323,1e-05,-1e-05,1e-05,2e-05,1e-05,2e-05,2e-05,-1e-05,0
10324,1e-05,-1e-05,1e-05,2e-05,1e-05,2e-05,2e-05,-1e-05,0
10325,1e-05,-1e-05,1e-05,2e-05,1e-05,2e-05,2e-05,-1e-05,0
10326,1e-05,-1e-05,1e-05,2e-05,1e-05,2e-05,2e-05,-1e-05,0
10327,1e-05,-1e-05,1e-05,2e-05,1e-05,2e-05,2e-05,-1e-05,0
10328,1e-05,-1e-05,1e-05,2e-05,1e-05,2e-05,2e-05,-1e-05,0
10329,1e-05,-1e-05,1e-05,2e-05,1e-05,2e-05,2e-05,-1e-05,0
10330,1e-05,-1e-05,1e-05,2e-05,1e-05,2e-05,2e-05,-1e-05,0
10331,1e-05,-1e-05,1e-05,2e-05,1e-05,2e-05,2e-05,-1e-05,0
10332,1e-05,-1e-05,1e-05,2e-05,1e-05,2e-05,2e-05,-1e-05,0
10333,1e-05,-1e-05,1e-05,2e-05,1e-05,2e-05,2e-05,-1e-05,0
10334,1e-05,-1e-05,1e-05,2e-05,1e-05,2e-05,2e-05,-1e-05,0
10335,1e-05,-1e-05,1e-05,2e-05,1e-05,2e-05,2e-05,-1e-05,0
10336,1e-05,-1e-05,1e-05,2e-05,1e-05,2e-05,2e-05,-1e-05,0
10338,1e-05,-1e-05,1e-05,2e-05,1e-05,2e-05,2e-05,-1e-05,0
10339,-2e-05,2e-05,-2e-05,2e-05,0.00011,7e-05,1e-05,-1e-05,0
10340,8e-05,0.0,0.0,2e-05,-9e-05,-7e-05,0.0,1e-05,0
10341,8e-05,0.0,0.0,2e-05,-9e-05,-7e-05,0.0,1e-05,0
10342,8e-05,0.0,0.0,2e-05,-9e-05,-7e-05,0.0,1e-05,0
10343,8e-05,0.0,0.0,2e-05,-9e-05,-7e-05,0.0,1e-05,0
10344,8e-05,0.0,0.0,2e-05,-9e-05,-7e-05,0.0,1e-05,0
10345,8e-05,0.0,0.0,2e-05,-9e-05,-7e-05,0.0,1e-05,0
10346,8e-05,0.0,0.0,2e-05,-9e-05,-7e-05,0.0,1e-05,0
10347,8e-05,0.0,0.0,2e-05,-9e-05,-7e-05,0.0,1e-05,0
10348,8e-05,0.0,0.0,2e-05,-9e-05,-7e-05,0.0,1e-05,0
10349,8e-05,0.0,0.0,2e-05,-9e-05,-7e-05,0.0,1e-05,0
10350,8e-05,0.0,0.0,2e-05,-9e-05,-7e-05,0.0,1e-05,0
10351,8e-05,0.0,0.0,2e-05,-9e-05,-7e-05,0.0,1e-05,0
10352,8e-05,0.0,0.0,2e-05,-9e-05,-7e-05,0.0,1e-05,0
10353,8e-05,0.0,0.0,2e-05,-9e-05,-7e-05,0.0,1e-05,0
10354,8e-05,0.0,0.0,2e-05,-9e-05,-7e-05,0.0,1e-05,0
10355,8e-05,0.0,0.0,2e-05,-9e-05,-7e-05,0.0,1e-05,0
10356,8e-05,0.0,0.0,2e-05,-9e-05,-7e-05,0.0,1e-05,0
10357,8e-05,0.0,0.0,2e-05,-9e-05,-7e-05,0.0,1e-05,0
10358,8e-05,0.0,0.0,2e-05,-9e-05,-7e-05,0.0,1e-05,0
10359,8e-05,0.0,0.0,2e-05,-9e-05,-7e-05,0.0,1e-05,0
10360,7e-05,-6e-05,-4e-05,-5e-05,-0.00013,-4e-05,-2e-05,-1e-05,0
10361,7e-05,-6e-05,-4e-05,-5e-05,-0.00013,-4e-05,-2e-05,-1e-05,0
10362,-3e-05,1e-05,3e-05,-2e-05,-8e-05,-0.00012,-4e-05,-2e-05,0
10363,-3e-05,1e-05,3e-05,-2e-05,-8e-05,-0.00012,-4e-05,-2e-05,0
10364,-3e-05,1e-05,3e-05,-2e-05,-8e-05,-0.00012,-4e-05,-2e-05,0
10365,-3e-05,1e-05,3e-05,-2e-05,-8e-05,-0.00012,-4e-05,-2e-05,0
10366,-3e-05,1e-05,3e-05,-2e-05,-8e-05,-0.00012,-4e-05,-2e-05,0
10367,-3e-05,1e-05,3e-05,-2e-05,-8e-05,-0.00012,-4e-05,-2e-05,0
10368,-3e-05,1e-05,3e-05,-2e-05,-8e-05,-0.00012,-4e-05,-2e-05,0
10369,-3e-05,1e-05,3e-05,-2e-05,-8e-05,-0.00012,-4e-05,-2e-05,0
10370,-3e-05,1e-05,3e-05,-2e-05,-8e-05,-0.00012,-4e-05,-2e-05,0
10371,-3e-05,1e-05,3e-05,-2e-05,-8e-05,-0.00012,-4e-05,-2e-05,0
10372,-3e-05,1e-05,3e-05,-2e-05,-8e-05,-0.00012,-4e-05,-2e-05,0
10373,-3e-05,1e-05,3e-05,-2e-05,-8e-05,-0.00012,-4e-05,-2e-05,0
10374,4e-05,8e-05,-2e-05,-6e-05,-7e-05,-8e-05,0.0,0.0,0
10375,4e-05,8e-05,-2e-05,-6e-05,-7e-05,-8e-05,0.0,0.0,0
10376,4e-05,8e-05,-2e-05,-6e-05,-7e-05,-8e-05,0.0,0.0,0
10377,4e-05,8e-05,-2e-05,-6e-05,-7e-05,-8e-05,0.0,0.0,0
10378,4e-05,8e-05,-2e-05,-6e-05,-7e-05,-8e-05,0.0,0.0,0
10379,4e-05,8e-05,-2e-05,-6e-05,-7e-05,-8e-05,0.0,0.0,0
10380,4e-05,8e-05,-2e-05,-6e-05,-7e-05,-8e-05,0.0,0.0,0
10381,4e-05,8e-05,-2e-05,-6e-05,-7e-05,-8e-05,0.0,0.0,0
10382,4e-05,8e-05,-2e-05,-6e-05,-7e-05,-8e-05,0.0,0.0,0
10383,6e-05,4e-05,4e-05,7e-05,7e-05,6e-05,1e-05,-6e-05,0
10384,6e-05,4e-05,4e-05,7e-05,7e-05,6e-05,1e-05,-6e-05,0
10385,6e-05,4e-05,4e-05,7e-05,7e-05,6e-05,1e-05,-6e-05,0
10386,6e-05,4e-05,4e-05,7e-05,7e-05,6e-05,1e-05,-6e-05,0
10388,6e-05,4e-05,4e-05,7e-05,7e-05,6e-05,1e-05,-6e-05,0
10389,6e-05,4e-05,4e-05,7e-05,7e-05,6e-05,1e-05,-6e-05,0
10390,6e-05,4e-05,4e-05,7e-05,7e-05,6e-05,1e-05,-6e-05,0
10391,6e-05,4e-05,4e-05,7e-05,7e-05,6e-05,1e-05,-6e-05,0
10392,6e-05,4e-05,4e-05,7e-05,7e-05,6e-05,1e-05,-6e-05,0
10393,6e-05,4e-05,4e-05,7e-05,7e-05,6e-05,1e-05,-6e-05,0
10394,6e-05,4e-05,4e-05,7e-05,7e-05,6e-05,1e-05,-6e-05,0
10395,6e-05,4e-05,4e-05,7e-05,7e-05,6e-05,1e-05,-6e-05,0
10396,6e-05,4e-05,4e-05,7e-05,7e-05,6e-05,1e-05,-6e-05,0
10397,6e-05,4e-05,4e-05,7e-05,7e-05,6e-05,1e-05,-6e-05,0
10398,-0.00017,-0.0001,2e-05,0.0,2e-05,-4e-05,-4e-05,-0.00014,0
10399,0.00014,3e-05,-2e-05,0.0,0.0,0.0,3e-05,0.00017,0
10400,0.00014,3e-05,-2e-05,0.0,0.0,0.0,3e-05,0.00017,0
10401,0.00014,3e-05,-2e-05,0.0,0.0,0.0,3e-05,0.00017,0
10402,0.00014,3e-05,-2e-05,0.0,0.0,0.0,3e-05,0.00017,0
10403,0.00014,3e-05,-2e-05,0.0,0.0,0.0,3e-05,0.00017,0
10404,0.00014,3e-05,-2e-05,0.0,0.0,0.0,3e-05,0.00017,0
10405,0.00014,3e-05,-2e-05,0.0,0.0,0.0,3e-05,0.00017,0
10406,0.00014,3e-05,-2e-05,0.0,0.0,0.0,3e-05,0.00017,0
10407,0.00014,3e-05,-2e-05,0.0,0.0,0.0,3e-05,0.00017,0
10408,0.00014,3e-05,-2e-05,0.0,0.0,0.0,3e-05,0.00017,0
10409,0.00014,3e-05,-2e-05,0.0,0.0,0.0,3e-05,0.00017,0
10410,0.00014,3e-05,-2e-05,0.0,0.0,0.0,3e-05,0.00017,0
10411,0.00014,3e-05,-2e-05,0.0,0.0,0.0,3e-05,0.00017,0
10412,0.00014,3e-05,-2e-05,0.0,0.0,0.0,3e-05,0.00017,0
10413,0.00014,3e-05,-2e-05,0.0,0.0,0.0,3e-05,0.00017,0
10414,0.00014,3e-05,-2e-05,0.0,0.0,0.0,3e-05,0.00017,0
10415,0.00014,3e-05,-2e-05,0.0,0.0,0.0,3e-05,0.00017,0
10416,0.00014,3e-05,-2e-05,0.0,0.0,0.0,3e-05,0.00017,0
10417,0.00014,3e-05,-2e-05,0.0,0.0,0.0,3e-05,0.00017,0
10418,0.00014,3e-05,-2e-05,0.0,0.0,0.0,3e-05,0.00017,0
10419,0.00014,3e-05,-2e-05,0.0,0.0,0.0,3e-05,0.00017,0
10420,-5e-05,-8e-05,-7e-05,-0.00012,-0.00023,-0.00012,-4e-05,0.00029,0
10421,-5e-05,-8e-05,-7e-05,-0.00012,-0.00023,-0.00012,-4e-05,0.00029,0
10422,-9e-05,-3e-05,1e-05,1e-05,4e-05,5e-05,-1e-05,5e-05,0
10423,-9e-05,-3e-05,1e-05,1e-05,4e-05,5e-05,-1e-05,5e-05,0
10424,-9e-05,-3e-05,1e-05,1e-05,4e-05,5e-05,-1e-05,5e-05,0
10425,-9e-05,-3e-05,1e-05,1e-05,4e-05,5e-05,-1e-05,5e-05,0
10426,-9e-05,-3e-05,1e-05,1e-05,4e-05,5e-05,-1e-05,5e-05,0
10427,-9e-05,-3e-05,1e-05,1e-05,4e-05,5e-05,-1e-05,5e-05,0
10428,-9e-05,-3e-05,1e-05,1e-05,4e-05,5e-05,-1e-05,5e-05,0
10429,-9e-05,-3e-05,1e-05,1e-05,4e-05,5e-05,-1e-05,5e-05,0
10430,-9e-05,-3e-05,1e-05,1e-05,4e-05,5e-05,-1e-05,5e-05,0
10431,-9e-05,-3e-05,1e-05,1e-05,4e-05,5e-05,-1e-05,5e-05,0
10432,-9e-05,-3e-05,1e-05,1e-05,4e-05,5e-05,-1e-05,5e-05,0
10433,-9e-05,-3e-05,1e-05,1e-05,4e-05,5e-05,-1e-05,5e-05,0
10434,-9e-05,-3e-05,1e-05,1e-05,4e-05,5e-05,-1e-05,5e-05,0
10435,-9e-05,-3e-05,1e-05,1e-05,4e-05,5e-05,-1e-05,5e-05,0
10436,-9e-05,-3e-05,1e-05,1e-05,4e-05,5e-05,-1e-05,5e-05,0
10438,-9e-05,-3e-05,1e-05,1e-05,4e-05,5e-05,-1e-05,5e-05,0
10439,-9e-05,-3e-05,1e-05,1e-05,4e-05,5e-05,-1e-05,5e-05,0
10440,-9e-05,-3e-05,1e-05,1e-05,4e-05,5e-05,-1e-05,5e-05,0
10441,-9e-05,-3e-05,1e-05,1e-05,4e-05,5e-05,-1e-05,5e-05,0
10442,-9e-05,-3e-05,1e-05,1e-05,4e-05,5e-05,-1e-05,5e-05,0
10443,-9e-05,-3e-05,1e-05,1e-05,4e-05,5e-05,-1e-05,5e-05,0
10444,-9e-05,-3e-05,1e-05,1e-05,4e-05,5e-05,-1e-05,5e-05,0
10445,-9e-05,-3e-05,1e-05,1e-05,4e-05,5e-05,-1e-05,5e-05,0
10446,-9e-05,-3e-05,1e-05,1e-05,4e-05,5e-05,-1e-05,5e-05,0
10447,-9e-05,-3e-05,1e-05,1e-05,4e-05,5e-05,-1e-05,5e-05,0
10448,-9e-05,-3e-05,1e-05,1e-05,4e-05,5e-05,-1e-05,5e-05,0
10449,-9e-05,-3e-05,1e-05,1e-05,4e-05,5e-05,-1e-05,5e-05,0
10450,0.00017,-5e-05,-5e-05,2e-05,1e-05,6e-05,-3e-05,5e-05,0
10451,0.00017,-5e-05,-5e-05,2e-05,1e-05,6e-05,-3e-05,5e-05,0
10452,1e-05,-8e-05,-5e-05,-6e-05,-0.00012,-4e-05,-1e-05,-0.00021,0
10453,1e-05,-8e-05,-5e-05,-6e-05,-0.00012,-4e-05,-1e-05,-0.00021,0
10454,1e-05,-8e-05,-5e-05,-6e-05,-0.00012,-4e-05,-1e-05,-0.00021,0
10455,1e-05,-8e-05,-5e-05,-6e-05,-0.00012,-4e-05,-1e-05,-0.00021,0
10456,1e-05,-8e-05,-5e-05,-6e-05,-0.00012,-4e-05,-1e-05,-0.00021,0
10457,1e-05,-8e-05,-5e-05,-6e-05,-0.00012,-4e-05,-1e-05,-0.00021,0
10458,-3e-05,5e-05,3e-05,3e-05,4e-05,7e-05,2e-05,-5e-05,0
10459,-1e-05,1e-05,-5e-05,-1e-05,9e-05,-1e-05,-3e-05,-0.0001,0
10460,-1e-05,1e-05,-5e-05,-1e-05,9e-05,-1e-05,-3e-05,-0.0001,0
10461,-1e-05,1e-05,-5e-05,-1e-05,9e-05,-1e-05,-3e-05,-0.0001,0
10462,-1e-05,1e-05,-5e-05,-1e-05,9e-05,-1e-05,-3e-05,-0.0001,0
10463,-1e-05,1e-05,-5e-05,-1e-05,9e-05,-1e-05,-3e-05,-0.0001,0
10464,-1e-05,1e-05,-5e-05,-1e-05,9e-05,-1e-05,-3e-05,-0.0001,0
10465,-1e-05,1e-05,-5e-05,-1e-05,9e-05,-1e-05,-3e-05,-0.0001,0
10466,-1e-05,1e-05,-5e-05,-1e-05,9e-05,-1e-05,-3e-05,-0.0001,0
10467,-1e-05,1e-05,-5e-05,-1e-05,9e-05,-1e-05,-3e-05,-0.0001,0
10468,-1e-05,1e-05,-5e-05,-1e-05,9e-05,-1e-05,-3e-05,-0.0001,0
10469,-1e-05,1e-05,-5e-05,-1e-05,9e-05,-1e-05,-3e-05,-0.0001,0
10470,-1e-05,1e-05,-5e-05,-1e-05,9e-05,-1e-05,-3e-05,-0.0001,0
10471,-1e-05,1e-05,-5e-05,-1e-05,9e-05,-1e-05,-3e-05,-0.0001,0
10472,-1e-05,1e-05,-5e-05,-1e-05,9e-05,-1e-05,-3e-05,-0.0001,0
10473,-1e-05,1e-05,-5e-05,-1e-05,9e-05,-1e-05,-3e-05,-0.0001,0
10474,-1e-05,1e-05,-5e-05,-1e-05,9e-05,-1e-05,-3e-05,-0.0001,0
10475,-1e-05,1e-05,-5e-05,-1e-05,9e-05,-1e-05,-3e-05,-0.0001,0
10476,-1e-05,1e-05,-5e-05,-1e-05,9e-05,-1e-05,-3e-05,-0.0001,0
10477,-1e-05,1e-05,-5e-05,-1e-05,9e-05,-1e-05,-3e-05,-0.0001,0
10478,-1e-05,1e-05,-5e-05,-1e-05,9e-05,-1e-05,-3e-05,-0.0001,0
10479,-1e-05,1e-05,-5e-05,-1e-05,9e-05,-1e-05,-3e-05,-0.0001,0
10480,-0.00019,-1e-05,4e-05,-6e-05,-0.00023,-6e-05,0.0,-0.00014,0
10481,-0.00019,-1e-05,4e-05,-6e-05,-0.00023,-6e-05,0.0,-0.00014,0
10482,-8e-05,-3e-05,-2e-05,-8e-05,-0.00015,-2e-05,-9e-05,-0.00023,0
10483,-8e-05,-3e-05,-2e-05,-8e-05,-0.00015,-2e-05,-9e-05,-0.00023,0
10484,-8e-05,-3e-05,-2e-05,-8e-05,-0.00015,-2e-05,-9e-05,-0.00023,0
10485,-8e-05,-3e-05,-2e-05,-8e-05,-0.00015,-2e-05,-9e-05,-0.00023,0
10486,-8e-05,-3e-05,-2e-05,-8e-05,-0.00015,-2e-05,-9e-05,-0.00023,0
10488,-8e-05,-3e-05,-2e-05,-8e-05,-0.00015,-2e-05,-9e-05,-0.00023,0
10489,-8e-05,-3e-05,-2e-05,-8e-05,-0.00015,-2e-05,-9e-05,-0.00023,0
10490,-8e-05,-3e-05,-2e-05,-8e-05,-0.00015,-2e-05,-9e-05,-0.00023,0
10491,-8e-05,-3e-05,-2e-05,-8e-05,-0.00015,-2e-05,-9e-05,-0.00023,0
10492,-8e-05,-3e-05,-2e-05,-8e-05,-0.00015,-2e-05,-9e-05,-0.00023,0
10493,-8e-05,-3e-05,-2e-05,-8e-05,-0.00015,-2e-05,-9e-05,-0.00023,0
10494,-3e-05,-4e-05,-6e-05,-5e-05,-0.00011,-1e-05,-3e-05,-5e-05,0
10495,-3e-05,-4e-05,-6e-05,-5e-05,-0.00011,-1e-05,-3e-05,-5e-05,0
10496,-3e-05,-4e-05,-6e-05,-5e-05,-0.00011,-1e-05,-3e-05,-5e-05,0
10497,-3e-05,-4e-05,-6e-05,-5e-05,-0.00011,-1e-05,-3e-05,-5e-05,0
10498,-3e-05,-4e-05,-6e-05,-5e-05,-0.00011,-1e-05,-3e-05,-5e-05,0
10499,-3e-05,-4e-05,-6e-05,-5e-05,-0.00011,-1e-05,-3e-05,-5e-05,0
10500,-3e-05,-4e-05,-6e-05,-5e-05,-0.00011,-1e-05,-3e-05,-5e-05,0
10501,-3e-05,-4e-05,-6e-05,-5e-05,-0.00011,-1e-05,-3e-05,-5e-05,0
10502,-3e-05,-4e-05,-6e-05,-5e-05,-0.00011,-1e-05,-3e-05,-5e-05,0
10503,-3e-05,4e-05,5e-05,9e-05,-8e-05,3e-05,6e-05,8e-05,0
10504,-3e-05,4e-05,5e-05,9e-05,-8e-05,3e-05,6e-05,8e-05,0
10505,-3e-05,4e-05,5e-05,9e-05,-8e-05,3e-05,6e-05,8e-05,0
10506,-3e-05,4e-05,5e-05,9e-05,-8e-05,3e-05,6e-05,8e-05,0
10507,-3e-05,4e-05,5e-05,9e-05,-8e-05,3e-05,6e-05,8e-05,0
10508,-3e-05,4e-05,5e-05,9e-05,-8e-05,3e-05,6e-05,8e-05,0
10509,-3e-05,4e-05,5e-05,9e-05,-8e-05,3e-05,6e-05,8e-05,0
10510,-3e-05,4e-05,5e-05,9e-05,-8e-05,3e-05,6e-05,8e-05,0
10511,-3e-05,4e-05,5e-05,9e-05,-8e-05,3e-05,6e-05,8e-05,0
10512,-3e-05,4e-05,5e-05,9e-05,-8e-05,3e-05,6e-05,8e-05,0
10513,-3e-05,4e-05,5e-05,9e-05,-8e-05,3e-05,6e-05,8e-05,0
10514,-3e-05,4e-05,5e-05,9e-05,-8e-05,3e-05,6e-05,8e-05,0
10515,-3e-05,4e-05,5e-05,9e-05,-8e-05,3e-05,6e-05,8e-05,0
10516,-3e-05,4e-05,5e-05,9e-05,-8e-05,3e-05,6e-05,8e-05,0
10517,-3e-05,4e-05,5e-05,9e-05,-8e-05,3e-05,6e-05,8e-05,0
10518,-9e-05,-2e-05,-3e-05,-1e-05,0.00011,1e-05,2e-05,-9e-05,0
10519,0.0,2e-05,-1e-05,1e-05,4e-05,-1e-05,-1e-05,-2e-05,0
10520,0.0,2e-05,-1e-05,1e-05,4e-05,-1e-05,-1e-05,-2e-05,0
10521,0.0,2e-05,-1e-05,1e-05,4e-05,-1e-05,-1e-05,-2e-05,0
10522,0.0,2e-05,-1e-05,1e-05,4e-05,-1e-05,-1e-05,-2e-05,0
10523,0.0,2e-05,-1e-05,1e-05,4e-05,-1e-05,-1e-05,-2e-05,0
10524,0.0,2e-05,-1e-05,1e-05,4e-05,-1e-05,-1e-05,-2e-05,0
10525,0.0,2e-05,-1e-05,1e-05,4e-05,-1e-05,-1e-05,-2e-05,0
10526,0.0,2e-05,-1e-05,1e-05,4e-05,-1e-05,-1e-05,-2e-05,0
10527,0.0,2e-05,-1e-05,1e-05,4e-05,-1e-05,-1e-05,-2e-05,0
10528,0.0,2e-05,-1e-05,1e-05,4e-05,-1e-05,-1e-05,-2e-05,0
10529,0.0,2e-05,-1e-05,1e-05,4e-05,-1e-05,-1e-05,-2e-05,0
10530,0.0,2e-05,-1e-05,1e-05,4e-05,-1e-05,-1e-05,-2e-05,0
10531,0.0,2e-05,-1e-05,1e-05,4e-05,-1e-05,-1e-05,-2e-05,0
10532,0.0,2e-05,-1e-05,1e-05,4e-05,-1e-05,-1e-05,-2e-05,0
10533,0.0,2e-05,-1e-05,1e-05,4e-05,-1e-05,-1e-05,-2e-05,0
10534,0.0,2e-05,-1e-05,1e-05,4e-05,-1e-05,-1e-05,-2e-05,0
10535,0.0,2e-05,-1e-05,1e-05,4e-05,-1e-05,-1e-05,-2e-05,0
10536,0.0,2e-05,-1e-05,1e-05,4e-05,-1e-05,-1e-05,-2e-05,0
10538,0.0,2e-05,-1e-05,1e-05,4e-05,-1e-05,-1e-05,-2e-05,0
10539,0.0,2e-05,-1e-05,1e-05,4e-05,-1e-05,-1e-05,-2e-05,0
10540,-1e-05,2e-05,5e-05,0.00011,0.00026,5e-05,-4e-05,-7e-05,0
10541,-1e-05,2e-05,5e-05,0.00011,0.00026,5e-05,-4e-05,-7e-05,0
10542,-0.00016,-0.00012,-6e-05,-1e-05,2e-05,-5e-05,-0.00018,-7e-05,0
10543,-0.00016,-0.00012,-6e-05,-1e-05,2e-05,-5e-05,-0.00018,-7e-05,0
10544,-0.00016,-0.00012,-6e-05,-1e-05,2e-05,-5e-05,-0.00018,-7e-05,0
10545,-0.00016,-0.00012,-6e-05,-1e-05,2e-05,-5e-05,-0.00018,-7e-05,0
10546,-0.00016,-0.00012,-6e-05,-1e-05,2e-05,-5e-05,-0.00018,-7e-05,0
10547,-0.00016,-0.00012,-6e-05,-1e-05,2e-05,-5e-05,-0.00018,-7e-05,0
10548,-0.00016,-0.00012,-6e-05,-1e-05,2e-05,-5e-05,-0.00018,-7e-05,0
10549,-0.00016,-0.00012,-6e-05,-1e-05,2e-05,-5e-05,-0.00018,-7e-05,0
10550,-0.00016,-0.00012,-6e-05,-1e-05,2e-05,-5e-05,-0.00018,-7e-05,0
10551,-0.00016,-0.00012,-6e-05,-1e-05,2e-05,-5e-05,-0.00018,-7e-05,0
10552,-0.00016,-0.00012,-6e-05,-1e-05,2e-05,-5e-05,-0.00018,-7e-05,0
10554,7e-05,0.0,1e-05,1e-05,-0.00012,-4e-05,3e-05,8e-05,0
10555,7e-05,0.0,1e-05,1e-05,-0.00012,-4e-05,3e-05,8e-05,0
10556,7e-05,0.0,1e-05,1e-05,-0.00012,-4e-05,3e-05,8e-05,0
10557,7e-05,0.0,1e-05,1e-05,-0.00012,-4e-05,3e-05,8e-05,0
10558,7e-05,0.0,1e-05,1e-05,-0.00012,-4e-05,3e-05,8e-05,0
10559,7e-05,0.0,1e-05,1e-05,-0.00012,-4e-05,3e-05,8e-05,0
10560,7e-05,0.0,1e-05,1e-05,-0.00012,-4e-05,3e-05,8e-05,0
10561,7e-05,0.0,1e-05,1e-05,-0.00012,-4e-05,3e-05,8e-05,0
10562,7e-05,0.0,1e-05,1e-05,-0.00012,-4e-05,3e-05,8e-05,0
10563,-0.00023,1e-05,-3e-05,-8e-05,-0.00025,-9e-05,-1e-05,-0.0001,0
10564,-0.00023,1e-05,-3e-05,-8e-05,-0.00025,-9e-05,-1e-05,-0.0001,0
10565,-0.00023,1e-05,-3e-05,-8e-05,-0.00025,-9e-05,-1e-05,-0.0001,0
10566,-0.00023,1e-05,-3e-05,-8e-05,-0.00025,-9e-05,-1e-05,-0.0001,0
10567,-0.00023,1e-05,-3e-05,-8e-05,-0.00025,-9e-05,-1e-05,-0.0001,0
10568,-0.00023,1e-05,-3e-05,-8e-05,-0.00025,-9e-05,-1e-05,-0.0001,0
10569,-0.00023,1e-05,-3e-05,-8e-05,-0.00025,-9e-05,-1e-05,-0.0001,0
10570,-0.00023,1e-05,-3e-05,-8e-05,-0.00025,-9e-05,-1e-05,-0.0001,0
10571,-0.00023,1e-05,-3e-05,-8e-05,-0.00025,-9e-05,-1e-05,-0.0001,0
10572,-0.00023,1e-05,-3e-05,-8e-05,-0.00025,-9e-05,-1e-05,-0.0001,0
10573,-0.00023,1e-05,-3e-05,-8e-05,-0.00025,-9e-05,-1e-05,-0.0001,0
10574,-0.00023,1e-05,-3e-05,-8e-05,-0.00025,-9e-05,-1e-05,-0.0001,0
10575,-0.00023,1e-05,-3e-05,-8e-05,-0.00025,-9e-05,-1e-05,-0.0001,0
10576,-0.00023,1e-05,-3e-05,-8e-05,-0.00025,-9e-05,-1e-05,-0.0001,0
10577,-0.00023,1e-05,-3e-05,-8e-05,-0.00025,-9e-05,-1e-05,-0.0001,0
10578,2e-05,-1e-05,-3e-05,-8e-05,-2e-05,-2e-05,-4e-05,-5e-05,0
10579,-7e-05,-1e-05,-3e-05,-6e-05,-0.00016,-0.00016,-3e-05,-2e-05,0
10580,-7e-05,-1e-05,-3e-05,-6e-05,-0.00016,-0.00016,-3e-05,-2e-05,0
10581,-7e-05,-1e-05,-3e-05,-6e-05,-0.00016,-0.00016,-3e-05,-2e-05,0
10582,-7e-05,-1e-05,-3e-05,-6e-05,-0.00016,-0.00016,-3e-05,-2e-05,0
10583,-7e-05,-1e-05,-3e-05,-6e-05,-0.00016,-0.00016,-3e-05,-2e-05,0
10584,-7e-05,-1e-05,-3e-05,-6e-05,-0.00016,-0.00016,-3e-05,-2e-05,0
10585,-7e-05,-1e-05,-3e-05,-6e-05,-0.00016,-0.00016,-3e-05,-2e-05,0
10586,-7e-05,-1e-05,-3e-05,-6e-05,-0.00016,-0.00016,-3e-05,-2e-05,0
10588,-7e-05,-1e-05,-3e-05,-6e-05,-0.00016,-0.00016,-3e-05,-2e-05,0
10589,-7e-05,-1e-05,-3e-05,-6e-05,-0.00016,-0.00016,-3e-05,-2e-05,0
10590,-7e-05,-1e-05,-3e-05,-6e-05,-0.00016,-0.00016,-3e-05,-2e-05,0
10591,-7e-05,-1e-05,-3e-05,-6e-05,-0.00016,-0.00016,-3e-05,-2e-05,0
10592,-7e-05,-1e-05,-3e-05,-6e-05,-0.00016,-0.00016,-3e-05,-2e-05,0
10593,-7e-05,-1e-05,-3e-05,-6e-05,-0.00016,-0.00016,-3e-05,-2e-05,0
10594,-7e-05,-1e-05,-3e-05,-6e-05,-0.00016,-0.00016,-3e-05,-2e-05,0
10595,-7e-05,-1e-05,-3e-05,-6e-05,-0.00016,-0.00016,-3e-05,-2e-05,0
10596,-7e-05,-1e-05,-3e-05,-6e-05,-0.00016,-0.00016,-3e-05,-2e-05,0
10597,-7e-05,-1e-05,-3e-05,-6e-05,-0.00016,-0.00016,-3e-05,-2e-05,0
10598,-7e-05,-1e-05,-3e-05,-6e-05,-0.00016,-0.00016,-3e-05,-2e-05,0
10599,-7e-05,-1e-05,-3e-05,-6e-05,-0.00016,-0.00016,-3e-05,-2e-05,0
10600,-4e-05,3e-05,3e-05,0.0,-0.00023,-2e-05,4e-05,8e-05,0
10601,-4e-05,3e-05,3e-05,0.0,-0.00023,-2e-05,4e-05,8e-05,0
10602,-1e-05,-9e-05,-9e-05,-0.00012,-0.00032,1e-05,-1e-05,3e-05,0
10604,-1e-05,-9e-05,-9e-05,-0.00012,-0.00032,1e-05,-1e-05,3e-05,0
10605,-1e-05,-9e-05,-9e-05,-0.00012,-0.00032,1e-05,-1e-05,3e-05,0
10606,-1e-05,-9e-05,-9e-05,-0.00012,-0.00032,1e-05,-1e-05,3e-05,0
10607,-1e-05,-9e-05,-9e-05,-0.00012,-0.00032,1e-05,-1e-05,3e-05,0
10608,-1e-05,-9e-05,-9e-05,-0.00012,-0.00032,1e-05,-1e-05,3e-05,0
10609,-1e-05,-9e-05,-9e-05,-0.00012,-0.00032,1e-05,-1e-05,3e-05,0
10610,-1e-05,-9e-05,-9e-05,-0.00012,-0.00032,1e-05,-1e-05,3e-05,0
10611,-1e-05,-9e-05,-9e-05,-0.00012,-0.00032,1e-05,-1e-05,3e-05,0
10612,-1e-05,-9e-05,-9e-05,-0.00012,-0.00032,1e-05,-1e-05,3e-05,0
10613,-1e-05,-9e-05,-9e-05,-0.00012,-0.00032,1e-05,-1e-05,3e-05,0
10614,3e-05,-2e-05,3e-05,0.00017,0.00026,3e-05,1e-05,3e-05,0
10615,3e-05,-2e-05,3e-05,0.00017,0.00026,3e-05,1e-05,3e-05,0
10616,3e-05,-2e-05,3e-05,0.00017,0.00026,3e-05,1e-05,3e-05,0
10617,3e-05,-2e-05,3e-05,0.00017,0.00026,3e-05,1e-05,3e-05,0
10618,3e-05,-2e-05,3e-05,0.00017,0.00026,3e-05,1e-05,3e-05,0
10619,3e-05,-2e-05,3e-05,0.00017,0.00026,3e-05,1e-05,3e-05,0
10620,3e-05,-2e-05,3e-05,0.00017,0.00026,3e-05,1e-05,3e-05,0
10621,3e-05,-2e-05,3e-05,0.00017,0.00026,3e-05,1e-05,3e-05,0
10622,3e-05,-2e-05,3e-05,0.00017,0.00026,3e-05,1e-05,3e-05,0
10623,9e-05,-2e-05,-4e-05,0.0,0.0,0.00012,0.00011,0.00013,0
10624,9e-05,-2e-05,-4e-05,0.0,0.0,0.00012,0.00011,0.00013,0
10625,9e-05,-2e-05,-4e-05,0.0,0.0,0.00012,0.00011,0.00013,0
10626,9e-05,-2e-05,-4e-05,0.0,0.0,0.00012,0.00011,0.00013,0
10627,9e-05,-2e-05,-4e-05,0.0,0.0,0.00012,0.00011,0.00013,0
10628,9e-05,-2e-05,-4e-05,0.0,0.0,0.00012,0.00011,0.00013,0
10629,9e-05,-2e-05,-4e-05,0.0,0.0,0.00012,0.00011,0.00013,0
10630,9e-05,-2e-05,-4e-05,0.0,0.0,0.00012,0.00011,0.00013,0
10631,9e-05,-2e-05,-4e-05,0.0,0.0,0.00012,0.00011,0.00013,0
10632,9e-05,-2e-05,-4e-05,0.0,0.0,0.00012,0.00011,0.00013,0
10633,9e-05,-2e-05,-4e-05,0.0,0.0,0.00012,0.00011,0.00013,0
10634,9e-05,-2e-05,-4e-05,0.0,0.0,0.00012,0.00011,0.00013,0
10635,9e-05,-2e-05,-4e-05,0.0,0.0,0.00012,0.00011,0.00013,0
10636,9e-05,-2e-05,-4e-05,0.0,0.0,0.00012,0.00011,0.00013,0
10639,9e-05,-2e-05,-4e-05,0.0,0.0,0.00012,0.00011,0.00013,0
10640,9e-05,-2e-05,-4e-05,0.0,0.0,0.00012,0.00011,0.00013,0
10641,9e-05,-2e-05,-4e-05,0.0,0.0,0.00012,0.00011,0.00013,0
10642,9e-05,-2e-05,-4e-05,0.0,0.0,0.00012,0.00011,0.00013,0
10643,9e-05,-2e-05,-4e-05,0.0,0.0,0.00012,0.00011,0.00013,0
10644,9e-05,-2e-05,-4e-05,0.0,0.0,0.00012,0.00011,0.00013,0
10645,-3e-05,-1e-05,-1e-05,-0.0002,-0.00028,-0.00015,1e-05,-5e-05,0
10646,-3e-05,-1e-05,-1e-05,-0.0002,-0.00028,-0.00015,1e-05,-5e-05,0
10647,4e-05,5e-05,9e-05,7e-05,0.00046,2e-05,1e-05,2e-05,0
10648,4e-05,5e-05,9e-05,7e-05,0.00046,2e-05,1e-05,2e-05,0
10649,4e-05,5e-05,9e-05,7e-05,0.00046,2e-05,1e-05,2e-05,0
10650,4e-05,5e-05,9e-05,7e-05,0.00046,2e-05,1e-05,2e-05,0
10651,4e-05,5e-05,9e-05,7e-05,0.00046,2e-05,1e-05,2e-05,0
10652,4e-05,5e-05,9e-05,7e-05,0.00046,2e-05,1e-05,2e-05,0
10654,4e-05,5e-05,9e-05,7e-05,0.00046,2e-05,1e-05,2e-05,0
10655,4e-05,5e-05,9e-05,7e-05,0.00046,2e-05,1e-05,2e-05,0
10656,4e-05,5e-05,9e-05,7e-05,0.00046,2e-05,1e-05,2e-05,0
10657,4e-05,5e-05,9e-05,7e-05,0.00046,2e-05,1e-05,2e-05,0
10658,4e-05,5e-05,9e-05,7e-05,0.00046,2e-05,1e-05,2e-05,0
10659,4e-05,5e-05,9e-05,7e-05,0.00046,2e-05,1e-05,2e-05,0
10660,2e-05,-7e-05,-0.00013,-0.00027,2e-05,-0.00013,-6e-05,-2e-05,0
10661,2e-05,-7e-05,-0.00013,-0.00027,2e-05,-0.00013,-6e-05,-2e-05,0
10662,0.0001,7e-05,0.00011,0.00027,0.00031,0.00014,4e-05,8e-05,0
10663,0.0001,7e-05,0.00011,0.00027,0.00031,0.00014,4e-05,8e-05,0
10664,0.0001,7e-05,0.00011,0.00027,0.00031,0.00014,4e-05,8e-05,0
10665,0.0001,7e-05,0.00011,0.00027,0.00031,0.00014,4e-05,8e-05,0
10666,0.0001,7e-05,0.00011,0.00027,0.00031,0.00014,4e-05,8e-05,0
10667,0.0001,7e-05,0.00011,0.00027,0.00031,0.00014,4e-05,8e-05,0
10668,0.0001,7e-05,0.00011,0.00027,0.00031,0.00014,4e-05,8e-05,0
10669,0.0001,7e-05,0.00011,0.00027,0.00031,0.00014,4e-05,8e-05,0
10670,0.0001,7e-05,0.00011,0.00027,0.00031,0.00014,4e-05,8e-05,0
10671,0.0001,7e-05,0.00011,0.00027,0.00031,0.00014,4e-05,8e-05,0
10672,0.0001,7e-05,0.00011,0.00027,0.00031,0.00014,4e-05,8e-05,0
10673,0.0001,7e-05,0.00011,0.00027,0.00031,0.00014,4e-05,8e-05,0
10674,-3e-05,-3e-05,-1e-05,0.0,-9e-05,0.0001,3e-05,-5e-05,0
10675,-3e-05,-3e-05,-1e-05,0.0,-9e-05,0.0001,3e-05,-5e-05,0
10676,-3e-05,-3e-05,-1e-05,0.0,-9e-05,0.0001,3e-05,-5e-05,0
10677,-3e-05,-3e-05,-1e-05,0.0,-9e-05,0.0001,3e-05,-5e-05,0
10678,-3e-05,-3e-05,-1e-05,0.0,-9e-05,0.0001,3e-05,-5e-05,0
10679,-3e-05,-3e-05,-1e-05,0.0,-9e-05,0.0001,3e-05,-5e-05,0
10680,-3e-05,-3e-05,-1e-05,0.0,-9e-05,0.0001,3e-05,-5e-05,0
10681,-3e-05,-3e-05,-1e-05,0.0,-9e-05,0.0001,3e-05,-5e-05,0
10682,-3e-05,-3e-05,-1e-05,0.0,-9e-05,0.0001,3e-05,-5e-05,0
10683,0.0,-1e-05,-1e-05,0.0001,0.00018,0.00039,0.0003,5e-05,0
10684,0.0,-1e-05,-1e-05,0.0001,0.00018,0.00039,0.0003,5e-05,0
10685,0.0,-1e-05,-1e-05,0.0001,0.00018,0.00039,0.0003,5e-05,0
10686,0.0,-1e-05,-1e-05,0.0001,0.00018,0.00039,0.0003,5e-05,0
10688,0.0,-1e-05,-1e-05,0.0001,0.00018,0.00039,0.0003,5e-05,0
10689,0.0,-1e-05,-1e-05,0.0001,0.00018,0.00039,0.0003,5e-05,0
10690,0.0,-1e-05,-1e-05,0.0001,0.00018,0.00039,0.0003,5e-05,0
10691,0.0,-1e-05,-1e-05,0.0001,0.00018,0.00039,0.0003,5e-05,0
10692,0.0,-1e-05,-1e-05,0.0001,0.00018,0.00039,0.0003,5e-05,0
10693,0.0,-1e-05,-1e-05,0.0001,0.00018,0.00039,0.0003,5e-05,0
10694,0.0,-1e-05,-1e-05,0.0001,0.00018,0.00039,0.0003,5e-05,0
10695,0.0,-1e-05,-1e-05,0.0001,0.00018,0.00039,0.0003,5e-05,0
10696,0.0,-1e-05,-1e-05,0.0001,0.00018,0.00039,0.0003,5e-05,0
10697,0.0,-1e-05,-1e-05,0.0001,0.00018,0.00039,0.0003,5e-05,0
10698,-1e-05,2e-05,6e-05,0.00014,6e-05,2e-05,-0.00016,-4e-05,0
10699,-4e-05,-4e-05,-4e-05,-9e-05,-9e-05,-0.00025,-7e-05,-3e-05,0
10700,-4e-05,-4e-05,-4e-05,-9e-05,-9e-05,-0.00025,-7e-05,-3e-05,0
10701,-4e-05,-4e-05,-4e-05,-9e-05,-9e-05,-0.00025,-7e-05,-3e-05,0
10702,-4e-05,-4e-05,-4e-05,-9e-05,-9e-05,-0.00025,-7e-05,-3e-05,0
10704,-4e-05,-4e-05,-4e-05,-9e-05,-9e-05,-0.00025,-7e-05,-3e-05,0
10705,-4e-05,-4e-05,-4e-05,-9e-05,-9e-05,-0.00025,-7e-05,-3e-05,0
10706,-4e-05,-4e-05,-4e-05,-9e-05,-9e-05,-0.00025,-7e-05,-3e-05,0
10707,-4e-05,-4e-05,-4e-05,-9e-05,-9e-05,-0.00025,-7e-05,-3e-05,0
10708,-4e-05,-4e-05,-4e-05,-9e-05,-9e-05,-0.00025,-7e-05,-3e-05,0
10709,-4e-05,-4e-05,-4e-05,-9e-05,-9e-05,-0.00025,-7e-05,-3e-05,0
10710,-4e-05,-4e-05,-4e-05,-9e-05,-9e-05,-0.00025,-7e-05,-3e-05,0
10711,-4e-05,-4e-05,-4e-05,-9e-05,-9e-05,-0.00025,-7e-05,-3e-05,0
10712,-4e-05,-4e-05,-4e-05,-9e-05,-9e-05,-0.00025,-7e-05,-3e-05,0
10713,-4e-05,-4e-05,-4e-05,-9e-05,-9e-05,-0.00025,-7e-05,-3e-05,0
10714,-4e-05,-4e-05,-4e-05,-9e-05,-9e-05,-0.00025,-7e-05,-3e-05,0
10715,-4e-05,-4e-05,-4e-05,-9e-05,-9e-05,-0.00025,-7e-05,-3e-05,0
10716,-4e-05,-4e-05,-4e-05,-9e-05,-9e-05,-0.00025,-7e-05,-3e-05,0
10717,-4e-05,-4e-05,-4e-05,-9e-05,-9e-05,-0.00025,-7e-05,-3e-05,0
10718,-4e-05,-4e-05,-4e-05,-9e-05,-9e-05,-0.00025,-7e-05,-3e-05,0
10719,-4e-05,-4e-05,-4e-05,-9e-05,-9e-05,-0.00025,-7e-05,-3e-05,0
10720,-6e-05,0.0,0.0,9e-05,0.00027,0.00049,0.00018,1e-05,0
10721,-6e-05,0.0,0.0,9e-05,0.00027,0.00049,0.00018,1e-05,0
10722,3e-05,4e-05,3e-05,0.0,-3e-05,0.00015,1e-05,3e-05,0
10723,3e-05,4e-05,3e-05,0.0,-3e-05,0.00015,1e-05,3e-05,0
10724,3e-05,4e-05,3e-05,0.0,-3e-05,0.00015,1e-05,3e-05,0
10725,3e-05,4e-05,3e-05,0.0,-3e-05,0.00015,1e-05,3e-05,0
10726,3e-05,4e-05,3e-05,0.0,-3e-05,0.00015,1e-05,3e-05,0
10727,3e-05,4e-05,3e-05,0.0,-3e-05,0.00015,1e-05,3e-05,0
10728,3e-05,4e-05,3e-05,0.0,-3e-05,0.00015,1e-05,3e-05,0
10729,3e-05,4e-05,3e-05,0.0,-3e-05,0.00015,1e-05,3e-05,0
10730,3e-05,4e-05,3e-05,0.0,-3e-05,0.00015,1e-05,3e-05,0
10731,3e-05,4e-05,3e-05,0.0,-3e-05,0.00015,1e-05,3e-05,0
10732,3e-05,4e-05,3e-05,0.0,-3e-05,0.00015,1e-05,3e-05,0
10733,3e-05,4e-05,3e-05,0.0,-3e-05,0.00015,1e-05,3e-05,0
10734,4e-05,-3e-05,-2e-05,-1e-05,0.00016,-0.00029,-2e-05,-4e-05,0
10735,4e-05,-3e-05,-2e-05,-1e-05,0.00016,-0.00029,-2e-05,-4e-05,0
10736,4e-05,-3e-05,-2e-05,-1e-05,0.00016,-0.00029,-2e-05,-4e-05,0
10738,4e-05,-3e-05,-2e-05,-1e-05,0.00016,-0.00029,-2e-05,-4e-05,0
10739,4e-05,-3e-05,-2e-05,-1e-05,0.00016,-0.00029,-2e-05,-4e-05,0
10740,4e-05,-3e-05,-2e-05,-1e-05,0.00016,-0.00029,-2e-05,-4e-05,0
10741,4e-05,-3e-05,-2e-05,-1e-05,0.00016,-0.00029,-2e-05,-4e-05,0
10742,4e-05,-3e-05,-2e-05,-1e-05,0.00016,-0.00029,-2e-05,-4e-05,0
10743,-7e-05,-0.00011,-0.00017,-0.00017,-0.00023,-0.00018,-3e-05,-2e-05,0
10744,-7e-05,-0.00011,-0.00017,-0.00017,-0.00023,-0.00018,-3e-05,-2e-05,0
10745,-7e-05,-0.00011,-0.00017,-0.00017,-0.00023,-0.00018,-3e-05,-2e-05,0
10746,-7e-05,-0.00011,-0.00017,-0.00017,-0.00023,-0.00018,-3e-05,-2e-05,0
10747,-7e-05,-0.00011,-0.00017,-0.00017,-0.00023,-0.00018,-3e-05,-2e-05,0
10748,-7e-05,-0.00011,-0.00017,-0.00017,-0.00023,-0.00018,-3e-05,-2e-05,0
10749,-7e-05,-0.00011,-0.00017,-0.00017,-0.00023,-0.00018,-3e-05,-2e-05,0
10750,-7e-05,-0.00011,-0.00017,-0.00017,-0.00023,-0.00018,-3e-05,-2e-05,0
10751,-7e-05,-0.00011,-0.00017,-0.00017,-0.00023,-0.00018,-3e-05,-2e-05,0
10752,-7e-05,-0.00011,-0.00017,-0.00017,-0.00023,-0.00018,-3e-05,-2e-05,0
10754,-7e-05,-0.00011,-0.00017,-0.00017,-0.00023,-0.00018,-3e-05,-2e-05,0
10755,-7e-05,-0.00011,-0.00017,-0.00017,-0.00023,-0.00018,-3e-05,-2e-05,0
10756,-7e-05,-0.00011,-0.00017,-0.00017,-0.00023,-0.00018,-3e-05,-2e-05,0
10757,-7e-05,-0.00011,-0.00017,-0.00017,-0.00023,-0.00018,-3e-05,-2e-05,0
10758,-7e-05,-0.00011,-0.00017,-0.00017,-0.00023,-0.00018,-3e-05,-2e-05,0
10759,-7e-05,-0.00011,-0.00017,-0.00017,-0.00023,-0.00018,-3e-05,-2e-05,0
10760,-7e-05,-0.00011,-0.00017,-0.00017,-0.00023,-0.00018,-3e-05,-2e-05,0
10761,-7e-05,-0.00011,-0.00017,-0.00017,-0.00023,-0.00018,-3e-05,-2e-05,0
10762,-7e-05,-0.00011,-0.00017,-0.00017,-0.00023,-0.00018,-3e-05,-2e-05,0
10763,-7e-05,-0.00011,-0.00017,-0.00017,-0.00023,-0.00018,-3e-05,-2e-05,0
10764,-7e-05,-0.00011,-0.00017,-0.00017,-0.00023,-0.00018,-3e-05,-2e-05,0
10765,0.00011,5e-05,3e-05,3e-05,-0.00013,-0.00055,-8e-05,1e-05,0
10766,0.00011,5e-05,3e-05,3e-05,-0.00013,-0.00055,-8e-05,1e-05,0
10767,0.0,-3e-05,2e-05,-3e-05,-3e-05,5e-05,-1e-05,2e-05,0
10768,0.0,-3e-05,2e-05,-3e-05,-3e-05,5e-05,-1e-05,2e-05,0
10769,0.0,-3e-05,2e-05,-3e-05,-3e-05,5e-05,-1e-05,2e-05,0
10770,0.0,-3e-05,2e-05,-3e-05,-3e-05,5e-05,-1e-05,2e-05,0
10771,0.0,-3e-05,2e-05,-3e-05,-3e-05,5e-05,-1e-05,2e-05,0
10772,0.0,-3e-05,2e-05,-3e-05,-3e-05,5e-05,-1e-05,2e-05,0
10773,0.0,-3e-05,2e-05,-3e-05,-3e-05,5e-05,-1e-05,2e-05,0
10774,0.0,-3e-05,2e-05,-3e-05,-3e-05,5e-05,-1e-05,2e-05,0
10775,0.0,-3e-05,2e-05,-3e-05,-3e-05,5e-05,-1e-05,2e-05,0
10776,0.0,-3e-05,2e-05,-3e-05,-3e-05,5e-05,-1e-05,2e-05,0
10777,0.0,-3e-05,2e-05,-3e-05,-3e-05,5e-05,-1e-05,2e-05,0
10778,0.0,-3e-05,2e-05,-3e-05,-3e-05,5e-05,-1e-05,2e-05,0
10779,0.0,-3e-05,2e-05,-3e-05,-3e-05,5e-05,-1e-05,2e-05,0
10780,-8e-05,-3e-05,0.0,5e-05,-6e-05,-0.00013,-0.0001,1e-05,0
10781,-8e-05,-3e-05,0.0,5e-05,-6e-05,-0.00013,-0.0001,1e-05,0
10782,6e-05,3e-05,0.0,-2e-05,0.0,0.00012,-6e-05,4e-05,0
10783,6e-05,3e-05,0.0,-2e-05,0.0,0.00012,-6e-05,4e-05,0
10784,6e-05,3e-05,0.0,-2e-05,0.0,0.00012,-6e-05,4e-05,0
10785,6e-05,3e-05,0.0,-2e-05,0.0,0.00012,-6e-05,4e-05,0
10786,6e-05,3e-05,0.0,-2e-05,0.0,0.00012,-6e-05,4e-05,0
10788,6e-05,3e-05,0.0,-2e-05,0.0,0.00012,-6e-05,4e-05,0
10789,6e-05,3e-05,0.0,-2e-05,0.0,0.00012,-6e-05,4e-05,0
10790,6e-05,3e-05,0.0,-2e-05,0.0,0.00012,-6e-05,4e-05,0
10791,6e-05,3e-05,0.0,-2e-05,0.0,0.00012,-6e-05,4e-05,0
10792,6e-05,3e-05,0.0,-2e-05,0.0,0.00012,-6e-05,4e-05,0
10793,6e-05,3e-05,0.0,-2e-05,0.0,0.00012,-6e-05,4e-05,0
10794,6e-05,3e-05,0.0,-2e-05,0.0,0.00012,-6e-05,4e-05,0
10795,6e-05,3e-05,0.0,-2e-05,0.0,0.00012,-6e-05,4e-05,0
10796,6e-05,3e-05,0.0,-2e-05,0.0,0.00012,-6e-05,4e-05,0
10797,6e-05,3e-05,0.0,-2e-05,0.0,0.00012,-6e-05,4e-05,0
10798,6e-05,3e-05,0.0,-2e-05,0.0,0.00012,-6e-05,4e-05,0
10799,6e-05,3e-05,0.0,-2e-05,0.0,0.00012,-6e-05,4e-05,0
10800,6e-05,3e-05,0.0,-2e-05,0.0,0.00012,-6e-05,4e-05,0
10801,6e-05,3e-05,0.0,-2e-05,0.0,0.00012,-6e-05,4e-05,0
10802,6e-05,3e-05,0.0,-2e-05,0.0,0.00012,-6e-05,4e-05,0
10803,1e-05,4e-05,3e-05,3e-05,-6e-05,3e-05,0.0,-3e-05,0
10804,-3e-05,-1e-05,-6e-05,-8e-05,0.00013,9e-05,6e-05,-2e-05,0
10805,-3e-05,-1e-05,-6e-05,-8e-05,0.00013,9e-05,6e-05,-2e-05,0
10806,-3e-05,-1e-05,-6e-05,-8e-05,0.00013,9e-05,6e-05,-2e-05,0
10807,-3e-05,-1e-05,-6e-05,-8e-05,0.00013,9e-05,6e-05,-2e-05,0
10808,-3e-05,-1e-05,-6e-05,-8e-05,0.00013,9e-05,6e-05,-2e-05,0
10810,-3e-05,-1e-05,-6e-05,-8e-05,0.00013,9e-05,6e-05,-2e-05,0
10811,-3e-05,-1e-05,-6e-05,-8e-05,0.00013,9e-05,6e-05,-2e-05,0
10812,-3e-05,-1e-05,-6e-05,-8e-05,0.00013,9e-05,6e-05,-2e-05,0
10813,-3e-05,-1e-05,-6e-05,-8e-05,0.00013,9e-05,6e-05,-2e-05,0
10814,-3e-05,-1e-05,-6e-05,-8e-05,0.00013,9e-05,6e-05,-2e-05,0
10815,-3e-05,-1e-05,-6e-05,-8e-05,0.00013,9e-05,6e-05,-2e-05,0
10816,-3e-05,-1e-05,-6e-05,-8e-05,0.00013,9e-05,6e-05,-2e-05,0
10817,-3e-05,-1e-05,-6e-05,-8e-05,0.00013,9e-05,6e-05,-2e-05,0
10818,-6e-05,-6e-05,-0.0001,-0.00018,-0.00032,-0.00028,-0.00012,-6e-05,0
10819,-7e-05,-0.00013,-0.0001,-8e-05,-7e-05,0.00029,-0.00011,-8e-05,0
10820,-7e-05,-0.00013,-0.0001,-8e-05,-7e-05,0.00029,-0.00011,-8e-05,0
10821,-7e-05,-0.00013,-0.0001,-8e-05,-7e-05,0.00029,-0.00011,-8e-05,0
10822,-7e-05,-0.00013,-0.0001,-8e-05,-7e-05,0.00029,-0.00011,-8e-05,0
10823,-7e-05,-0.00013,-0.0001,-8e-05,-7e-05,0.00029,-0.00011,-8e-05,0
10824,-7e-05,-0.00013,-0.0001,-8e-05,-7e-05,0.00029,-0.00011,-8e-05,0
10825,-7e-05,-0.00013,-0.0001,-8e-05,-7e-05,0.00029,-0.00011,-8e-05,0
10826,-7e-05,-0.00013,-0.0001,-8e-05,-7e-05,0.00029,-0.00011,-8e-05,0
10827,-7e-05,-0.00013,-0.0001,-8e-05,-7e-05,0.00029,-0.00011,-8e-05,0
10828,-7e-05,-0.00013,-0.0001,-8e-05,-7e-05,0.00029,-0.00011,-8e-05,0
10829,-7e-05,-0.00013,-0.0001,-8e-05,-7e-05,0.00029,-0.00011,-8e-05,0
10830,-7e-05,-0.00013,-0.0001,-8e-05,-7e-05,0.00029,-0.00011,-8e-05,0
10831,-7e-05,-0.00013,-0.0001,-8e-05,-7e-05,0.00029,-0.00011,-8e-05,0
10832,-7e-05,-0.00013,-0.0001,-8e-05,-7e-05,0.00029,-0.00011,-8e-05,0
10833,-7e-05,-0.00013,-0.0001,-8e-05,-7e-05,0.00029,-0.00011,-8e-05,0
10834,-7e-05,-0.00013,-0.0001,-8e-05,-7e-05,0.00029,-0.00011,-8e-05,0
10835,-7e-05,-0.00013,-0.0001,-8e-05,-7e-05,0.00029,-0.00011,-8e-05,0
10836,-7e-05,-0.00013,-0.0001,-8e-05,-7e-05,0.00029,-0.00011,-8e-05,0
10838,-7e-05,-0.00013,-0.0001,-8e-05,-7e-05,0.00029,-0.00011,-8e-05,0
10839,5e-05,0.0,-3e-05,0.0,0.00016,-3e-05,3e-05,0.0,0
10841,5e-05,0.0,-3e-05,0.0,0.00016,-3e-05,3e-05,0.0,0
10842,5e-05,0.0,-3e-05,0.0,0.00016,-3e-05,3e-05,0.0,0
10843,5e-05,0.0,-3e-05,0.0,0.00016,-3e-05,3e-05,0.0,0
10844,5e-05,0.0,-3e-05,0.0,0.00016,-3e-05,3e-05,0.0,0
10845,5e-05,0.0,-3e-05,0.0,0.00016,-3e-05,3e-05,0.0,0
10846,5e-05,0.0,-3e-05,0.0,0.00016,-3e-05,3e-05,0.0,0
10847,5e-05,0.0,-3e-05,0.0,0.00016,-3e-05,3e-05,0.0,0
10848,-5e-05,-4e-05,0.0,-3e-05,-8e-05,-0.00012,-4e-05,-1e-05,0
10849,-5e-05,-4e-05,0.0,-3e-05,-8e-05,-0.00012,-4e-05,-1e-05,0
10850,-5e-05,-4e-05,0.0,-3e-05,-8e-05,-0.00012,-4e-05,-1e-05,0
10851,-5e-05,-4e-05,0.0,-3e-05,-8e-05,-0.00012,-4e-05,-1e-05,0
10852,-5e-05,-4e-05,0.0,-3e-05,-8e-05,-0.00012,-4e-05,-1e-05,0
10854,-6e-05,-4e-05,-5e-05,-5e-05,-4e-05,5e-05,1e-05,-1e-05,0
10855,-6e-05,-4e-05,-5e-05,-5e-05,-4e-05,5e-05,1e-05,-1e-05,0
10856,-6e-05,-4e-05,-5e-05,-5e-05,-4e-05,5e-05,1e-05,-1e-05,0
10857,-6e-05,-4e-05,-5e-05,-5e-05,-4e-05,5e-05,1e-05,-1e-05,0
10858,-6e-05,-4e-05,-5e-05,-5e-05,-4e-05,5e-05,1e-05,-1e-05,0
10859,-6e-05,-4e-05,-5e-05,-5e-05,-4e-05,5e-05,1e-05,-1e-05,0
10860,-6e-05,-4e-05,-5e-05,-5e-05,-4e-05,5e-05,1e-05,-1e-05,0
10861,-6e-05,-4e-05,-5e-05,-5e-05,-4e-05,5e-05,1e-05,-1e-05,0
10862,-6e-05,-4e-05,-5e-05,-5e-05,-4e-05,5e-05,1e-05,-1e-05,0
10863,0.00013,0.00014,0.00016,0.00032,0.00055,0.00025,7e-05,8e-05,0
10864,0.00013,0.00014,0.00016,0.00032,0.00055,0.00025,7e-05,8e-05,0
10865,0.00013,0.00014,0.00016,0.00032,0.00055,0.00025,7e-05,8e-05,0
10866,0.00013,0.00014,0.00016,0.00032,0.00055,0.00025,7e-05,8e-05,0
10867,0.00013,0.00014,0.00016,0.00032,0.00055,0.00025,7e-05,8e-05,0
10868,0.00013,0.00014,0.00016,0.00032,0.00055,0.00025,7e-05,8e-05,0
10869,0.00013,0.00014,0.00016,0.00032,0.00055,0.00025,7e-05,8e-05,0
10870,0.00013,0.00014,0.00016,0.00032,0.00055,0.00025,7e-05,8e-05,0
10871,0.00013,0.00014,0.00016,0.00032,0.00055,0.00025,7e-05,8e-05,0
10872,0.00013,0.00014,0.00016,0.00032,0.00055,0.00025,7e-05,8e-05,0
10873,0.00013,0.00014,0.00016,0.00032,0.00055,0.00025,7e-05,8e-05,0
10874,0.00013,0.00014,0.00016,0.00032,0.00055,0.00025,7e-05,8e-05,0
10875,0.00013,0.00014,0.00016,0.00032,0.00055,0.00025,7e-05,8e-05,0
10876,0.00013,0.00014,0.00016,0.00032,0.00055,0.00025,7e-05,8e-05,0
10877,0.00013,0.00014,0.00016,0.00032,0.00055,0.00025,7e-05,8e-05,0
10878,0.00013,0.00014,0.00016,0.00032,0.00055,0.00025,7e-05,8e-05,0
10879,0.00013,0.00014,0.00016,0.00032,0.00055,0.00025,7e-05,8e-05,0
10880,0.00013,0.00014,0.00016,0.00032,0.00055,0.00025,7e-05,8e-05,0
10881,0.00013,0.00014,0.00016,0.00032,0.00055,0.00025,7e-05,8e-05,0
10882,0.00013,0.00014,0.00016,0.00032,0.00055,0.00025,7e-05,8e-05,0
10883,0.00013,0.00014,0.00016,0.00032,0.00055,0.00025,7e-05,8e-05,0
10884,0.00013,0.00014,0.00016,0.00032,0.00055,0.00025,7e-05,8e-05,0
10885,-1e-05,-3e-05,-1e-05,2e-05,-0.00024,2e-05,2e-05,-2e-05,0
10886,-1e-05,-3e-05,-1e-05,2e-05,-0.00024,2e-05,2e-05,-2e-05,0
10888,-1e-05,0.0,1e-05,5e-05,8e-05,0.00012,-6e-05,-2e-05,0
10889,-1e-05,0.0,1e-05,5e-05,8e-05,0.00012,-6e-05,-2e-05,0
10890,-1e-05,0.0,1e-05,5e-05,8e-05,0.00012,-6e-05,-2e-05,0
10891,-1e-05,0.0,1e-05,5e-05,8e-05,0.00012,-6e-05,-2e-05,0
10892,-1e-05,0.0,1e-05,5e-05,8e-05,0.00012,-6e-05,-2e-05,0
10893,-1e-05,0.0,1e-05,5e-05,8e-05,0.00012,-6e-05,-2e-05,0
10894,-1e-05,0.0,1e-05,5e-05,8e-05,0.00012,-6e-05,-2e-05,0
10895,-1e-05,0.0,1e-05,5e-05,8e-05,0.00012,-6e-05,-2e-05,0
10896,-1e-05,0.0,1e-05,5e-05,8e-05,0.00012,-6e-05,-2e-05,0
10897,-1e-05,0.0,1e-05,5e-05,8e-05,0.00012,-6e-05,-2e-05,0
10898,-1e-05,0.0,1e-05,5e-05,8e-05,0.00012,-6e-05,-2e-05,0
10899,-1e-05,0.0,1e-05,5e-05,8e-05,0.00012,-6e-05,-2e-05,0
10900,-1e-05,0.0,1e-05,5e-05,8e-05,0.00012,-6e-05,-2e-05,0
10901,-1e-05,1e-05,-1e-05,-9e-05,5e-05,0.00011,-2e-05,3e-05,0
10902,-8e-05,-0.0001,-0.00016,-0.00022,-0.00015,-0.00014,0.0,-1e-05,0
10904,-8e-05,-0.0001,-0.00016,-0.00022,-0.00015,-0.00014,0.0,-1e-05,0
10905,-8e-05,-0.0001,-0.00016,-0.00022,-0.00015,-0.00014,0.0,-1e-05,0
10906,-8e-05,-0.0001,-0.00016,-0.00022,-0.00015,-0.00014,0.0,-1e-05,0
10907,-8e-05,-0.0001,-0.00016,-0.00022,-0.00015,-0.00014,0.0,-1e-05,0
10908,-8e-05,-0.0001,-0.00016,-0.00022,-0.00015,-0.00014,0.0,-1e-05,0
10909,-8e-05,-0.0001,-0.00016,-0.00022,-0.00015,-0.00014,0.0,-1e-05,0
10910,-8e-05,-0.0001,-0.00016,-0.00022,-0.00015,-0.00014,0.0,-1e-05,0
10911,-8e-05,-0.0001,-0.00016,-0.00022,-0.00015,-0.00014,0.0,-1e-05,0
10912,-8e-05,-0.0001,-0.00016,-0.00022,-0.00015,-0.00014,0.0,-1e-05,0
10913,-8e-05,-0.0001,-0.00016,-0.00022,-0.00015,-0.00014,0.0,-1e-05,0
10914,-8e-05,-0.0001,-0.00016,-0.00022,-0.00015,-0.00014,0.0,-1e-05,0
10915,-8e-05,-0.0001,-0.00016,-0.00022,-0.00015,-0.00014,0.0,-1e-05,0
10916,-8e-05,-0.0001,-0.00016,-0.00022,-0.00015,-0.00014,0.0,-1e-05,0
10917,-8e-05,-0.0001,-0.00016,-0.00022,-0.00015,-0.00014,0.0,-1e-05,0
10918,-8e-05,-0.0001,-0.00016,-0.00022,-0.00015,-0.00014,0.0,-1e-05,0
10919,-8e-05,-0.0001,-0.00016,-0.00022,-0.00015,-0.00014,0.0,-1e-05,0
10920,-8e-05,-0.0001,-0.00016,-0.00022,-0.00015,-0.00014,0.0,-1e-05,0
10921,-8e-05,-0.0001,-0.00016,-0.00022,-0.00015,-0.00014,0.0,-1e-05,0
10922,-8e-05,-0.0001,-0.00016,-0.00022,-0.00015,-0.00014,0.0,-1e-05,0
10923,-5e-05,-2e-05,1e-05,0.0,-1e-05,0.0001,1e-05,-3e-05,0
10924,2e-05,7e-05,9e-05,8e-05,-5e-05,6e-05,0.00023,4e-05,0
10925,2e-05,7e-05,9e-05,8e-05,-5e-05,6e-05,0.00023,4e-05,0
10926,2e-05,7e-05,9e-05,8e-05,-5e-05,6e-05,0.00023,4e-05,0
10927,2e-05,7e-05,9e-05,8e-05,-5e-05,6e-05,0.00023,4e-05,0
10928,2e-05,7e-05,9e-05,8e-05,-5e-05,6e-05,0.00023,4e-05,0
10929,2e-05,7e-05,9e-05,8e-05,-5e-05,6e-05,0.00023,4e-05,0
10930,2e-05,7e-05,9e-05,8e-05,-5e-05,6e-05,0.00023,4e-05,0
10931,2e-05,7e-05,9e-05,8e-05,-5e-05,6e-05,0.00023,4e-05,0
10932,2e-05,7e-05,9e-05,8e-05,-5e-05,6e-05,0.00023,4e-05,0
10933,2e-05,7e-05,9e-05,8e-05,-5e-05,6e-05,0.00023,4e-05,0
10934,2e-05,7e-05,9e-05,8e-05,-5e-05,6e-05,0.00023,4e-05,0
10935,2e-05,7e-05,9e-05,8e-05,-5e-05,6e-05,0.00023,4e-05,0
10936,2e-05,7e-05,9e-05,8e-05,-5e-05,6e-05,0.00023,4e-05,0
10938,-6e-05,-6e-05,-8e-05,-5e-05,-4e-05,7e-05,-4e-05,1e-05,0
10939,-6e-05,-6e-05,-8e-05,-5e-05,-4e-05,7e-05,-4e-05,1e-05,0
10940,0.0,-1e-05,-1e-05,-2e-05,-0.00016,-0.00023,-3e-05,-2e-05,0
10941,0.0,-1e-05,-1e-05,-2e-05,-0.00016,-0.00023,-3e-05,-2e-05,0
10942,0.0,-1e-05,-1e-05,-2e-05,-0.00016,-0.00023,-3e-05,-2e-05,0
10943,0.0,-1e-05,-1e-05,-2e-05,-0.00016,-0.00023,-3e-05,-2e-05,0
10944,0.0,-1e-05,-1e-05,-2e-05,-0.00016,-0.00023,-3e-05,-2e-05,0
10945,0.0,-1e-05,-1e-05,-2e-05,-0.00016,-0.00023,-3e-05,-2e-05,0
10946,0.0,-1e-05,-1e-05,-2e-05,-0.00016,-0.00023,-3e-05,-2e-05,0
10947,0.0,-1e-05,-1e-05,-2e-05,-0.00016,-0.00023,-3e-05,-2e-05,0
10948,0.0,-1e-05,-1e-05,-2e-05,-0.00016,-0.00023,-3e-05,-2e-05,0
10949,0.0,-1e-05,-1e-05,-2e-05,-0.00016,-0.00023,-3e-05,-2e-05,0
10950,0.0,-1e-05,-1e-05,-2e-05,-0.00016,-0.00023,-3e-05,-2e-05,0
10951,0.0,-1e-05,-1e-05,-2e-05,-0.00016,-0.00023,-3e-05,-2e-05,0
10952,0.0,-1e-05,-1e-05,-2e-05,-0.00016,-0.00023,-3e-05,-2e-05,0
10954,0.0,-1e-05,-1e-05,-2e-05,-0.00016,-0.00023,-3e-05,-2e-05,0
10955,0.0,-1e-05,-1e-05,-2e-05,-0.00016,-0.00023,-3e-05,-2e-05,0
10956,0.0,-1e-05,-1e-05,-2e-05,-0.00016,-0.00023,-3e-05,-2e-05,0
10957,0.0,-1e-05,-1e-05,-2e-05,-0.00016,-0.00023,-3e-05,-2e-05,0
10958,0.0,-1e-05,-1e-05,-2e-05,-0.00016,-0.00023,-3e-05,-2e-05,0
10959,0.0,-1e-05,-1e-05,-2e-05,-0.00016,-0.00023,-3e-05,-2e-05,0
10960,0.0,-1e-05,-1e-05,-2e-05,-0.00016,-0.00023,-3e-05,-2e-05,0
10961,1e-05,0.0,0.0,2e-05,-6e-05,0.00023,4e-05,3e-05,0
10962,-4e-05,-5e-05,-4e-05,-0.0001,-0.00029,-0.00032,-0.00017,-4e-05,0
10963,-4e-05,-5e-05,-4e-05,-0.0001,-0.00029,-0.00032,-0.00017,-4e-05,0
10964,-4e-05,-5e-05,-4e-05,-0.0001,-0.00029,-0.00032,-0.00017,-4e-05,0
10965,-4e-05,-5e-05,-4e-05,-0.0001,-0.00029,-0.00032,-0.00017,-4e-05,0
10966,-4e-05,-5e-05,-4e-05,-0.0001,-0.00029,-0.00032,-0.00017,-4e-05,0
10967,-4e-05,-5e-05,-4e-05,-0.0001,-0.00029,-0.00032,-0.00017,-4e-05,0
10968,-4e-05,-5e-05,-4e-05,-0.0001,-0.00029,-0.00032,-0.00017,-4e-05,0
10969,-4e-05,-5e-05,-4e-05,-0.0001,-0.00029,-0.00032,-0.00017,-4e-05,0
10970,-4e-05,-5e-05,-4e-05,-0.0001,-0.00029,-0.00032,-0.00017,-4e-05,0
10971,-4e-05,-5e-05,-4e-05,-0.0001,-0.00029,-0.00032,-0.00017,-4e-05,0
10972,-4e-05,-5e-05,-4e-05,-0.0001,-0.00029,-0.00032,-0.00017,-4e-05,0
10973,-4e-05,-5e-05,-4e-05,-0.0001,-0.00029,-0.00032,-0.00017,-4e-05,0
10974,-4e-05,-5e-05,-4e-05,-0.0001,-0.00029,-0.00032,-0.00017,-4e-05,0
10975,-4e-05,-5e-05,-4e-05,-0.0001,-0.00029,-0.00032,-0.00017,-4e-05,0
10976,-4e-05,-5e-05,-4e-05,-0.0001,-0.00029,-0.00032,-0.00017,-4e-05,0
10977,-4e-05,-5e-05,-4e-05,-0.0001,-0.00029,-0.00032,-0.00017,-4e-05,0
10978,-4e-05,-5e-05,-4e-05,-0.0001,-0.00029,-0.00032,-0.00017,-4e-05,0
10979,-4e-05,-5e-05,-4e-05,-0.0001,-0.00029,-0.00032,-0.00017,-4e-05,0
10980,-4e-05,-5e-05,-4e-05,-0.0001,-0.00029,-0.00032,-0.00017,-4e-05,0
10981,-4e-05,-5e-05,-4e-05,-0.0001,-0.00029,-0.00032,-0.00017,-4e-05,0
10982,-4e-05,-5e-05,-4e-05,-0.0001,-0.00029,-0.00032,-0.00017,-4e-05,0
10983,6e-05,-2e-05,0.0,0.0,7e-05,-3e-05,-8e-05,-1e-05,0
10984,0.00011,-5e-05,-9e-05,-8e-05,3e-05,0.0001,-8e-05,-1e-05,0
10985,0.00011,-5e-05,-9e-05,-8e-05,3e-05,0.0001,-8e-05,-1e-05,0
10986,0.00011,-5e-05,-9e-05,-8e-05,3e-05,0.0001,-8e-05,-1e-05,0
10988,0.00011,-5e-05,-9e-05,-8e-05,3e-05,0.0001,-8e-05,-1e-05,0
10989,0.00011,-5e-05,-9e-05,-8e-05,3e-05,0.0001,-8e-05,-1e-05,0
10990,0.00011,-5e-05,-9e-05,-8e-05,3e-05,0.0001,-8e-05,-1e-05,0
10991,0.00011,-5e-05,-9e-05,-8e-05,3e-05,0.0001,-8e-05,-1e-05,0
10992,0.00011,-5e-05,-9e-05,-8e-05,3e-05,0.0001,-8e-05,-1e-05,0
10993,0.00011,-5e-05,-9e-05,-8e-05,3e-05,0.0001,-8e-05,-1e-05,0
10994,0.00011,-5e-05,-9e-05,-8e-05,3e-05,0.0001,-8e-05,-1e-05,0
10995,0.00011,-5e-05,-9e-05,-8e-05,3e-05,0.0001,-8e-05,-1e-05,0
10996,0.00011,-5e-05,-9e-05,-8e-05,3e-05,0.0001,-8e-05,-1e-05,0
10997,0.00011,-5e-05,-9e-05,-8e-05,3e-05,0.0001,-8e-05,-1e-05,0
10998,0.00011,-5e-05,-9e-05,-8e-05,3e-05,0.0001,-8e-05,-1e-05,0
10999,0.00011,-5e-05,-9e-05,-8e-05,3e-05,0.0001,-8e-05,-1e-05,0
11000,0.00011,-5e-05,-9e-05,-8e-05,3e-05,0.0001,-8e-05,-1e-05,0
11001,0.00011,-5e-05,-9e-05,-8e-05,3e-05,0.0001,-8e-05,-1e-05,0
11002,0.00011,-5e-05,-9e-05,-8e-05,3e-05,0.0001,-8e-05,-1e-05,0
11004,0.00011,-5e-05,-9e-05,-8e-05,3e-05,0.0001,-8e-05,-1e-05,0
11005,0.00011,-5e-05,-9e-05,-8e-05,3e-05,0.0001,-8e-05,-1e-05,0
11006,0.00011,-5e-05,-9e-05,-8e-05,3e-05,0.0001,-8e-05,-1e-05,0
11007,0.00011,-5e-05,-9e-05,-8e-05,3e-05,0.0001,-8e-05,-1e-05,0
11008,0.00011,-5e-05,-9e-05,-8e-05,3e-05,0.0001,-8e-05,-1e-05,0
11009,0.00011,-5e-05,-9e-05,-8e-05,3e-05,0.0001,-8e-05,-1e-05,0
11010,0.00011,-5e-05,-9e-05,-8e-05,3e-05,0.0001,-8e-05,-1e-05,0
11011,0.00011,-5e-05,-9e-05,-8e-05,3e-05,0.0001,-8e-05,-1e-05,0
11012,0.00011,-5e-05,-9e-05,-8e-05,3e-05,0.0001,-8e-05,-1e-05,0
11013,0.00011,-5e-05,-9e-05,-8e-05,3e-05,0.0001,-8e-05,-1e-05,0
11014,0.00011,-5e-05,-9e-05,-8e-05,3e-05,0.0001,-8e-05,-1e-05,0
11015,0.00011,-5e-05,-9e-05,-8e-05,3e-05,0.0001,-8e-05,-1e-05,0
11016,0.00011,-5e-05,-9e-05,-8e-05,3e-05,0.0001,-8e-05,-1e-05,0
11017,0.00011,-5e-05,-9e-05,-8e-05,3e-05,0.0001,-8e-05,-1e-05,0
11018,0.00011,-5e-05,-9e-05,-8e-05,3e-05,0.0001,-8e-05,-1e-05,0
11019,0.00011,-5e-05,-9e-05,-8e-05,3e-05,0.0001,-8e-05,-1e-05,0
11020,0.00011,-5e-05,-9e-05,-8e-05,3e-05,0.0001,-8e-05,-1e-05,0
11021,0.00011,-5e-05,-9e-05,-8e-05,3e-05,0.0001,-8e-05,-1e-05,0
11022,7e-05,2e-05,6e-05,0.00025,0.0005,0.0003,0.00014,0.00012,0
11023,-6e-05,1e-05,1e-05,1e-05,0.00011,0.00075,0.00017,7e-05,0
11024,-0.00027,4e-05,4e-05,-2e-05,6e-05,0.00015,0.0001,-6e-05,0
11025,-0.00027,4e-05,4e-05,-2e-05,6e-05,0.00015,0.0001,-6e-05,0
11026,-0.00027,4e-05,4e-05,-2e-05,6e-05,0.00015,0.0001,-6e-05,0
11027,7e-05,2e-05,9e-05,0.00015,0.00016,-0.00026,0.00032,8e-05,0
11028,9e-05,-8e-05,-0.0001,-5e-05,0.00014,-0.00029,-9e-05,-8e-05,0
11029,9e-05,-8e-05,-0.0001,-5e-05,0.00014,-0.00029,-9e-05,-8e-05,0
11030,9e-05,-8e-05,-0.0001,-5e-05,0.00014,-0.00029,-9e-05,-8e-05,0
11031,9e-05,-8e-05,-0.0001,-5e-05,0.00014,-0.00029,-9e-05,-8e-05,0
11032,9e-05,-8e-05,-0.0001,-5e-05,0.00014,-0.00029,-9e-05,-8e-05,0
11033,9e-05,-8e-05,-0.0001,-5e-05,0.00014,-0.00029,-9e-05,-8e-05,0
11034,9e-05,-8e-05,-0.0001,-5e-05,0.00014,-0.00029,-9e-05,-8e-05,0
11035,9e-05,-8e-05,-0.0001,-5e-05,0.00014,-0.00029,-9e-05,-8e-05,0
11036,9e-05,-8e-05,-0.0001,-5e-05,0.00014,-0.00029,-9e-05,-8e-05,0
11038,9e-05,-8e-05,-0.0001,-5e-05,0.00014,-0.00029,-9e-05,-8e-05,0
11039,9e-05,-8e-05,-0.0001,-5e-05,0.00014,-0.00029,-9e-05,-8e-05,0
11040,9e-05,-8e-05,-0.0001,-5e-05,0.00014,-0.00029,-9e-05,-8e-05,0
11041,9e-05,-8e-05,-0.0001,-5e-05,0.00014,-0.00029,-9e-05,-8e-05,0
11042,9e-05,-8e-05,-0.0001,-5e-05,0.00014,-0.00029,-9e-05,-8e-05,0
11043,9e-05,-8e-05,-0.0001,-5e-05,0.00014,-0.00029,-9e-05,-8e-05,0
11044,9e-05,5e-05,6e-05,0.00016,0.00037,0.00019,0.00012,-1e-05,0
11045,-5e-05,-2e-05,1e-05,-6e-05,-0.00026,-0.00045,-9e-05,-5e-05,0
11046,-5e-05,-2e-05,1e-05,-6e-05,-0.00026,-0.00045,-9e-05,-5e-05,0
11047,-5e-05,-2e-05,1e-05,-6e-05,-0.00026,-0.00045,-9e-05,-5e-05,0
11048,-5e-05,-2e-05,1e-05,-6e-05,-0.00026,-0.00045,-9e-05,-5e-05,0
11049,-5e-05,-2e-05,1e-05,-6e-05,-0.00026,-0.00045,-9e-05,-5e-05,0
11050,-5e-05,-2e-05,1e-05,-6e-05,-0.00026,-0.00045,-9e-05,-5e-05,0
11051,-5e-05,-2e-05,1e-05,-6e-05,-0.00026,-0.00045,-9e-05,-5e-05,0
11052,-5e-05,-2e-05,1e-05,-6e-05,-0.00026,-0.00045,-9e-05,-5e-05,0
11054,-5e-05,-2e-05,1e-05,-6e-05,-0.00026,-0.00045,-9e-05,-5e-05,0
11055,-5e-05,-2e-05,1e-05,-6e-05,-0.00026,-0.00045,-9e-05,-5e-05,0
11056,-5e-05,-2e-05,1e-05,-6e-05,-0.00026,-0.00045,-9e-05,-5e-05,0
11057,0.0001,-2e-05,-5e-05,-0.00014,-0.0003,-0.00044,-0.00018,-2e-05,0
11058,0.0001,-2e-05,-5e-05,-0.00014,-0.0003,-0.00044,-0.00018,-2e-05,0
11059,0.0001,-2e-05,-5e-05,-0.00014,-0.0003,-0.00044,-0.00018,-2e-05,0
11060,0.0001,-2e-05,-5e-05,-0.00014,-0.0003,-0.00044,-0.00018,-2e-05,0
11061,0.0001,-2e-05,-5e-05,-0.00014,-0.0003,-0.00044,-0.00018,-2e-05,0
11062,0.0001,-2e-05,-5e-05,-0.00014,-0.0003,-0.00044,-0.00018,-2e-05,0
11063,0.0001,-2e-05,-5e-05,-0.00014,-0.0003,-0.00044,-0.00018,-2e-05,0
11064,0.00012,7e-05,7e-05,0.00021,0.00061,0.00038,0.00016,8e-05,0
11065,0.00012,7e-05,7e-05,0.00021,0.00061,0.00038,0.00016,8e-05,0
11066,0.00012,7e-05,7e-05,0.00021,0.00061,0.00038,0.00016,8e-05,0
11067,0.00012,7e-05,7e-05,0.00021,0.00061,0.00038,0.00016,8e-05,0
11068,0.00012,7e-05,7e-05,0.00021,0.00061,0.00038,0.00016,8e-05,0
11070,0.00012,7e-05,7e-05,0.00021,0.00061,0.00038,0.00016,8e-05,3
11071,0.00012,7e-05,7e-05,0.00021,0.00061,0.00038,0.00016,8e-05,3
11072,0.00012,7e-05,7e-05,0.00021,0.00061,0.00038,0.00016,8e-05,3
11073,0.00012,7e-05,7e-05,0.00021,0.00061,0.00038,0.00016,8e-05,3
11074,0.00012,7e-05,7e-05,0.00021,0.00061,0.00038,0.00016,8e-05,3
11075,0.00012,7e-05,7e-05,0.00021,0.00061,0.00038,0.00016,8e-05,3
11076,0.00012,7e-05,7e-05,0.00021,0.00061,0.00038,0.00016,8e-05,3
11077,0.00012,7e-05,7e-05,0.00021,0.00061,0.00038,0.00016,8e-05,3
11078,0.00012,7e-05,7e-05,0.00021,0.00061,0.00038,0.00016,8e-05,3
11079,0.00012,7e-05,7e-05,0.00021,0.00061,0.00038,0.00016,8e-05,3
11080,-7e-05,-3e-05,-1e-05,3e-05,0.00015,-0.00014,1e-05,0.0,3
11081,-7e-05,-3e-05,-1e-05,3e-05,0.00015,-0.00014,1e-05,0.0,3
11082,1e-05,2e-05,-2e-05,4e-05,-6e-05,-0.00053,-5e-05,-3e-05,3
11083,1e-05,2e-05,-2e-05,4e-05,-6e-05,-0.00053,-5e-05,-3e-05,3
11084,1e-05,2e-05,-2e-05,4e-05,-6e-05,-0.00053,-5e-05,-3e-05,3
11085,1e-05,2e-05,-2e-05,4e-05,-6e-05,-0.00053,-5e-05,-3e-05,3
11086,1e-05,2e-05,-2e-05,4e-05,-6e-05,-0.00053,-5e-05,-3e-05,3
11088,1e-05,2e-05,-2e-05,4e-05,-6e-05,-0.00053,-5e-05,-3e-05,3
11089,1e-05,2e-05,-2e-05,4e-05,-6e-05,-0.00053,-5e-05,-3e-05,3
11090,1e-05,2e-05,-2e-05,4e-05,-6e-05,-0.00053,-5e-05,-3e-05,3
11091,1e-05,2e-05,-2e-05,4e-05,-6e-05,-0.00053,-5e-05,-3e-05,3
11092,1e-05,2e-05,-2e-05,4e-05,-6e-05,-0.00053,-5e-05,-3e-05,3
11093,1e-05,2e-05,-2e-05,4e-05,-6e-05,-0.00053,-5e-05,-3e-05,3
11094,1e-05,2e-05,-2e-05,4e-05,-6e-05,-0.00053,-5e-05,-3e-05,3
11095,1e-05,2e-05,-2e-05,4e-05,-6e-05,-0.00053,-5e-05,-3e-05,3
11096,1e-05,2e-05,-2e-05,4e-05,-6e-05,-0.00053,-5e-05,-3e-05,3
11097,1e-05,2e-05,-2e-05,4e-05,-6e-05,-0.00053,-5e-05,-3e-05,3
11098,1e-05,2e-05,-2e-05,4e-05,-6e-05,-0.00053,-5e-05,-3e-05,3
11099,1e-05,2e-05,-2e-05,4e-05,-6e-05,-0.00053,-5e-05,-3e-05,3
11100,1e-05,2e-05,-2e-05,4e-05,-6e-05,-0.00053,-5e-05,-3e-05,3
11101,1e-05,2e-05,-2e-05,4e-05,-6e-05,-0.00053,-5e-05,-3e-05,3
11102,1e-05,2e-05,-2e-05,4e-05,-6e-05,-0.00053,-5e-05,-3e-05,3
11104,7e-05,3e-05,1e-05,-2e-05,-0.00011,-0.00053,-0.00016,-6e-05,3
11105,7e-05,3e-05,1e-05,-2e-05,-0.00011,-0.00053,-0.00016,-6e-05,3
11106,7e-05,3e-05,1e-05,-2e-05,-0.00011,-0.00053,-0.00016,-6e-05,3
11107,7e-05,3e-05,1e-05,-2e-05,-0.00011,-0.00053,-0.00016,-6e-05,3
11108,7e-05,3e-05,1e-05,-2e-05,-0.00011,-0.00053,-0.00016,-6e-05,3
11109,7e-05,3e-05,1e-05,-2e-05,-0.00011,-0.00053,-0.00016,-6e-05,3
11110,7e-05,3e-05,1e-05,-2e-05,-0.00011,-0.00053,-0.00016,-6e-05,3
11111,7e-05,3e-05,1e-05,-2e-05,-0.00011,-0.00053,-0.00016,-6e-05,3
11112,7e-05,3e-05,1e-05,-2e-05,-0.00011,-0.00053,-0.00016,-6e-05,3
11113,7e-05,3e-05,1e-05,-2e-05,-0.00011,-0.00053,-0.00016,-6e-05,3
11114,7e-05,3e-05,1e-05,-2e-05,-0.00011,-0.00053,-0.00016,-6e-05,3
11115,7e-05,3e-05,1e-05,-2e-05,-0.00011,-0.00053,-0.00016,-6e-05,3
11116,7e-05,3e-05,1e-05,-2e-05,-0.00011,-0.00053,-0.00016,-6e-05,3
11117,1e-05,-1e-05,-2e-05,-5e-05,0.0,0.00034,0.0,5e-05,3
11118,1e-05,-1e-05,-2e-05,-5e-05,0.0,0.00034,0.0,5e-05,3
11119,1e-05,-1e-05,-2e-05,-5e-05,0.0,0.00034,0.0,5e-05,3
11120,1e-05,-1e-05,-2e-05,-5e-05,0.0,0.00034,0.0,5e-05,3
11121,1e-05,-1e-05,-2e-05,-5e-05,0.0,0.00034,0.0,5e-05,3
11122,1e-05,-1e-05,-2e-05,-5e-05,0.0,0.00034,0.0,5e-05,3
11123,1e-05,-1e-05,-2e-05,-5e-05,0.0,0.00034,0.0,5e-05,3
11124,-4e-05,-1e-05,-2e-05,-8e-05,-0.00014,-0.00016,3e-05,2e-05,3
11125,-4e-05,-1e-05,-2e-05,-8e-05,-0.00014,-0.00016,3e-05,2e-05,3
11126,-4e-05,-1e-05,-2e-05,-8e-05,-0.00014,-0.00016,3e-05,2e-05,3
11127,-4e-05,-1e-05,-2e-05,-8e-05,-0.00014,-0.00016,3e-05,2e-05,3
11128,-4e-05,-1e-05,-2e-05,-8e-05,-0.00014,-0.00016,3e-05,2e-05,3
11129,-4e-05,-1e-05,-2e-05,-8e-05,-0.00014,-0.00016,3e-05,2e-05,3
11130,-4e-05,-1e-05,-2e-05,-8e-05,-0.00014,-0.00016,3e-05,2e-05,3
11131,-4e-05,-1e-05,-2e-05,-8e-05,-0.00014,-0.00016,3e-05,2e-05,3
11132,-4e-05,-1e-05,-2e-05,-8e-05,-0.00014,-0.00016,3e-05,2e-05,3
11133,-4e-05,-1e-05,-2e-05,-8e-05,-0.00014,-0.00016,3e-05,2e-05,3
11134,-4e-05,-1e-05,-2e-05,-8e-05,-0.00014,-0.00016,3e-05,2e-05,3
11135,-4e-05,-1e-05,-2e-05,-8e-05,-0.00014,-0.00016,3e-05,2e-05,3
11136,-4e-05,-1e-05,-2e-05,-8e-05,-0.00014,-0.00016,3e-05,2e-05,3
11139,-4e-05,-1e-05,-2e-05,-8e-05,-0.00014,-0.00016,3e-05,2e-05,3
11140,-4e-05,-7e-05,-3e-05,5e-05,5e-05,-0.0001,6e-05,-4e-05,3
11141,-4e-05,-7e-05,-3e-05,5e-05,5e-05,-0.0001,6e-05,-4e-05,3
11142,-0.00017,-2e-05,-1e-05,-3e-05,6e-05,0.00018,3e-05,-7e-05,3
11143,-0.00017,-2e-05,-1e-05,-3e-05,6e-05,0.00018,3e-05,-7e-05,3
11144,-0.00017,-2e-05,-1e-05,-3e-05,6e-05,0.00018,3e-05,-7e-05,3
11145,-0.00017,-2e-05,-1e-05,-3e-05,6e-05,0.00018,3e-05,-7e-05,3
11146,-0.00017,-2e-05,-1e-05,-3e-05,6e-05,0.00018,3e-05,-7e-05,3
11147,-0.00017,-2e-05,-1e-05,-3e-05,6e-05,0.00018,3e-05,-7e-05,3
11148,-0.00017,-2e-05,-1e-05,-3e-05,6e-05,0.00018,3e-05,-7e-05,3
11149,-0.00017,-2e-05,-1e-05,-3e-05,6e-05,0.00018,3e-05,-7e-05,3
11150,-0.00017,-2e-05,-1e-05,-3e-05,6e-05,0.00018,3e-05,-7e-05,3
11151,-0.00017,-2e-05,-1e-05,-3e-05,6e-05,0.00018,3e-05,-7e-05,3
11152,-0.00017,-2e-05,-1e-05,-3e-05,6e-05,0.00018,3e-05,-7e-05,3
11154,-0.00017,-2e-05,-1e-05,-3e-05,6e-05,0.00018,3e-05,-7e-05,3
11155,-0.00017,-2e-05,-1e-05,-3e-05,6e-05,0.00018,3e-05,-7e-05,3
11156,-0.00017,-2e-05,-1e-05,-3e-05,6e-05,0.00018,3e-05,-7e-05,3
11157,-0.00017,-2e-05,-1e-05,-3e-05,6e-05,0.00018,3e-05,-7e-05,3
11158,-0.00017,-2e-05,-1e-05,-3e-05,6e-05,0.00018,3e-05,-7e-05,3
11159,-0.00017,-2e-05,-1e-05,-3e-05,6e-05,0.00018,3e-05,-7e-05,3
11160,-0.00017,-2e-05,-1e-05,-3e-05,6e-05,0.00018,3e-05,-7e-05,3
11161,-0.00017,-2e-05,-1e-05,-3e-05,6e-05,0.00018,3e-05,-7e-05,3
11162,-0.00017,-2e-05,-1e-05,-3e-05,6e-05,0.00018,3e-05,-7e-05,3
11163,6e-05,7e-05,8e-05,7e-05,0.0,-8e-05,-7e-05,0.0,3
11164,6e-05,7e-05,8e-05,7e-05,0.0,-8e-05,-7e-05,0.0,3
11165,-1e-05,-8e-05,-6e-05,-0.00014,-0.00028,6e-05,4e-05,-1e-05,3
11166,-1e-05,-8e-05,-6e-05,-0.00014,-0.00028,6e-05,4e-05,-1e-05,3
11167,-1e-05,-8e-05,-6e-05,-0.00014,-0.00028,6e-05,4e-05,-1e-05,3
11168,-1e-05,-8e-05,-6e-05,-0.00014,-0.00028,6e-05,4e-05,-1e-05,3
11169,-1e-05,-8e-05,-6e-05,-0.00014,-0.00028,6e-05,4e-05,-1e-05,3
11170,-1e-05,-8e-05,-6e-05,-0.00014,-0.00028,6e-05,4e-05,-1e-05,3
11171,-1e-05,-8e-05,-6e-05,-0.00014,-0.00028,6e-05,4e-05,-1e-05,3
11172,-1e-05,-8e-05,-6e-05,-0.00014,-0.00028,6e-05,4e-05,-1e-05,3
11173,-1e-05,-8e-05,-6e-05,-0.00014,-0.00028,6e-05,4e-05,-1e-05,3
11174,-1e-05,-8e-05,-6e-05,-0.00014,-0.00028,6e-05,4e-05,-1e-05,3
11175,-1e-05,-8e-05,-6e-05,-0.00014,-0.00028,6e-05,4e-05,-1e-05,3
11176,-1e-05,-8e-05,-6e-05,-0.00014,-0.00028,6e-05,4e-05,-1e-05,3
11177,-1e-05,-8e-05,-6e-05,-0.00014,-0.00028,6e-05,4e-05,-1e-05,3
11178,9e-05,-1e-05,-1e-05,0.00012,0.00037,0.00012,3e-05,7e-05,3
11180,9e-05,-1e-05,-1e-05,0.00012,0.00037,0.00012,3e-05,7e-05,3
11181,9e-05,-1e-05,-1e-05,0.00012,0.00037,0.00012,3e-05,7e-05,3
11182,9e-05,-1e-05,-1e-05,0.00012,0.00037,0.00012,3e-05,7e-05,3
11183,9e-05,-1e-05,-1e-05,0.00012,0.00037,0.00012,3e-05,7e-05,3
11184,-1e-05,1e-05,4e-05,0.0,-0.00019,-0.00012,6e-05,4e-05,3
11185,-1e-05,1e-05,4e-05,0.0,-0.00019,-0.00012,6e-05,4e-05,3
11186,-1e-05,1e-05,4e-05,0.0,-0.00019,-0.00012,6e-05,4e-05,3
11188,-1e-05,1e-05,4e-05,0.0,-0.00019,-0.00012,6e-05,4e-05,3
11189,-1e-05,1e-05,4e-05,0.0,-0.00019,-0.00012,6e-05,4e-05,3
11190,-1e-05,1e-05,4e-05,0.0,-0.00019,-0.00012,6e-05,4e-05,3
11191,-1e-05,1e-05,4e-05,0.0,-0.00019,-0.00012,6e-05,4e-05,3
11192,-1e-05,1e-05,4e-05,0.0,-0.00019,-0.00012,6e-05,4e-05,3
11193,-1e-05,1e-05,4e-05,0.0,-0.00019,-0.00012,6e-05,4e-05,3
11194,-1e-05,1e-05,4e-05,0.0,-0.00019,-0.00012,6e-05,4e-05,3
11195,-1e-05,1e-05,4e-05,0.0,-0.00019,-0.00012,6e-05,4e-05,3
11196,-1e-05,1e-05,4e-05,0.0,-0.00019,-0.00012,6e-05,4e-05,3
11197,-1e-05,1e-05,4e-05,0.0,-0.00019,-0.00012,6e-05,4e-05,3
11198,-1e-05,1e-05,4e-05,0.0,-0.00019,-0.00012,6e-05,4e-05,3
11199,-1e-05,1e-05,4e-05,0.0,-0.00019,-0.00012,6e-05,4e-05,3
11200,-4e-05,-2e-05,-6e-05,-0.00012,-0.00011,-0.00026,-9e-05,2e-05,3
11201,-4e-05,-2e-05,-6e-05,-0.00012,-0.00011,-0.00026,-9e-05,2e-05,3
11202,4e-05,-3e-05,4e-05,0.0001,3e-05,-0.00016,-0.00021,2e-05,3
11204,4e-05,-3e-05,4e-05,0.0001,3e-05,-0.00016,-0.00021,2e-05,3
11205,4e-05,-3e-05,4e-05,0.0001,3e-05,-0.00016,-0.00021,2e-05,3
11206,4e-05,-3e-05,4e-05,0.0001,3e-05,-0.00016,-0.00021,2e-05,3
11207,4e-05,-3e-05,4e-05,0.0001,3e-05,-0.00016,-0.00021,2e-05,3
11208,4e-05,-3e-05,4e-05,0.0001,3e-05,-0.00016,-0.00021,2e-05,3
11209,4e-05,-3e-05,4e-05,0.0001,3e-05,-0.00016,-0.00021,2e-05,3
11210,4e-05,-3e-05,4e-05,0.0001,3e-05,-0.00016,-0.00021,2e-05,3
11211,4e-05,-3e-05,4e-05,0.0001,3e-05,-0.00016,-0.00021,2e-05,3
11212,4e-05,-3e-05,4e-05,0.0001,3e-05,-0.00016,-0.00021,2e-05,3
11213,4e-05,-3e-05,4e-05,0.0001,3e-05,-0.00016,-0.00021,2e-05,3
11214,4e-05,-3e-05,4e-05,0.0001,3e-05,-0.00016,-0.00021,2e-05,3
11215,4e-05,-3e-05,4e-05,0.0001,3e-05,-0.00016,-0.00021,2e-05,3
11216,4e-05,-3e-05,4e-05,0.0001,3e-05,-0.00016,-0.00021,2e-05,3
11217,4e-05,-3e-05,4e-05,0.0001,3e-05,-0.00016,-0.00021,2e-05,3
11218,4e-05,-3e-05,4e-05,0.0001,3e-05,-0.00016,-0.00021,2e-05,3
11219,4e-05,-3e-05,4e-05,0.0001,3e-05,-0.00016,-0.00021,2e-05,3
11220,4e-05,-3e-05,4e-05,0.0001,3e-05,-0.00016,-0.00021,2e-05,3
11221,4e-05,-3e-05,4e-05,0.0001,3e-05,-0.00016,-0.00021,2e-05,3
11222,4e-05,-3e-05,4e-05,0.0001,3e-05,-0.00016,-0.00021,2e-05,3
11223,-4e-05,-2e-05,-2e-05,2e-05,-2e-05,-0.00012,0.0001,0.0,3
11224,-1e-05,6e-05,8e-05,0.00017,0.0004,0.00034,0.00014,1e-05,3
11225,-1e-05,6e-05,8e-05,0.00017,0.0004,0.00034,0.00014,1e-05,3
11226,-1e-05,6e-05,8e-05,0.00017,0.0004,0.00034,0.00014,1e-05,3
11227,-1e-05,6e-05,8e-05,0.00017,0.0004,0.00034,0.00014,1e-05,3
11228,-1e-05,6e-05,8e-05,0.00017,0.0004,0.00034,0.00014,1e-05,3
11229,-1e-05,6e-05,8e-05,0.00017,0.0004,0.00034,0.00014,1e-05,3
11230,-1e-05,6e-05,8e-05,0.00017,0.0004,0.00034,0.00014,1e-05,3
11231,-1e-05,6e-05,8e-05,0.00017,0.0004,0.00034,0.00014,1e-05,3
11232,-1e-05,6e-05,8e-05,0.00017,0.0004,0.00034,0.00014,1e-05,3
11233,-1e-05,6e-05,8e-05,0.00017,0.0004,0.00034,0.00014,1e-05,3
11234,-1e-05,6e-05,8e-05,0.00017,0.0004,0.00034,0.00014,1e-05,3
11235,-1e-05,6e-05,8e-05,0.00017,0.0004,0.00034,0.00014,1e-05,3
11236,-1e-05,6e-05,8e-05,0.00017,0.0004,0.00034,0.00014,1e-05,3
11239,-3e-05,-3e-05,-3e-05,-4e-05,6e-05,0.00039,5e-05,0.0,3
11240,-3e-05,-3e-05,-3e-05,-4e-05,6e-05,0.00039,5e-05,0.0,3
11241,-3e-05,-3e-05,-3e-05,-4e-05,6e-05,0.00039,5e-05,0.0,3
11242,-3e-05,-3e-05,-3e-05,-4e-05,6e-05,0.00039,5e-05,0.0,3
11243,-3e-05,-3e-05,-3e-05,-4e-05,6e-05,0.00039,5e-05,0.0,3
11244,0.00013,1e-05,1e-05,-4e-05,-0.00016,-9e-05,-9e-05,1e-05,3
11245,-0.00015,-2e-05,-1e-05,4e-05,0.00011,-0.00031,-0.00022,-0.00012,3
11246,-0.00015,-2e-05,-1e-05,4e-05,0.00011,-0.00031,-0.00022,-0.00012,3
11247,-0.00015,-2e-05,-1e-05,4e-05,0.00011,-0.00031,-0.00022,-0.00012,3
11248,-0.00015,-2e-05,-1e-05,4e-05,0.00011,-0.00031,-0.00022,-0.00012,3
11249,-0.00015,-2e-05,-1e-05,4e-05,0.00011,-0.00031,-0.00022,-0.00012,3
11250,-0.00015,-2e-05,-1e-05,4e-05,0.00011,-0.00031,-0.00022,-0.00012,3
11251,-0.00015,-2e-05,-1e-05,4e-05,0.00011,-0.00031,-0.00022,-0.00012,3
11252,-0.00015,-2e-05,-1e-05,4e-05,0.00011,-0.00031,-0.00022,-0.00012,3
11254,-0.00015,-2e-05,-1e-05,4e-05,0.00011,-0.00031,-0.00022,-0.00012,3
11255,-0.00015,-2e-05,-1e-05,4e-05,0.00011,-0.00031,-0.00022,-0.00012,3
11256,-0.00015,-2e-05,-1e-05,4e-05,0.00011,-0.00031,-0.00022,-0.00012,3
11257,-0.00015,-2e-05,-1e-05,4e-05,0.00011,-0.00031,-0.00022,-0.00012,3
11258,-0.00015,-2e-05,-1e-05,4e-05,0.00011,-0.00031,-0.00022,-0.00012,3
11259,-0.00015,-2e-05,-1e-05,4e-05,0.00011,-0.00031,-0.00022,-0.00012,3
11260,-0.00015,-2e-05,-1e-05,4e-05,0.00011,-0.00031,-0.00022,-0.00012,3
11261,-6e-05,2e-05,0.0,-2e-05,-9e-05,2e-05,1e-05,2e-05,3
11262,-0.00026,-3e-05,-9e-05,-0.0002,-0.00021,-8e-05,-2e-05,-0.0001,3
11263,-0.00026,-3e-05,-9e-05,-0.0002,-0.00021,-8e-05,-2e-05,-0.0001,3
11264,-0.00026,-3e-05,-9e-05,-0.0002,-0.00021,-8e-05,-2e-05,-0.0001,3
11265,-0.00026,-3e-05,-9e-05,-0.0002,-0.00021,-8e-05,-2e-05,-0.0001,3
11266,-0.00026,-3e-05,-9e-05,-0.0002,-0.00021,-8e-05,-2e-05,-0.0001,3
11267,-0.00026,-3e-05,-9e-05,-0.0002,-0.00021,-8e-05,-2e-05,-0.0001,3
11268,-0.00026,-3e-05,-9e-05,-0.0002,-0.00021,-8e-05,-2e-05,-0.0001,3
11269,-0.00026,-3e-05,-9e-05,-0.0002,-0.00021,-8e-05,-2e-05,-0.0001,3
11270,-0.00026,-3e-05,-9e-05,-0.0002,-0.00021,-8e-05,-2e-05,-0.0001,3
11271,-0.00026,-3e-05,-9e-05,-0.0002,-0.00021,-8e-05,-2e-05,-0.0001,3
11272,-0.00026,-3e-05,-9e-05,-0.0002,-0.00021,-8e-05,-2e-05,-0.0001,3
11273,-0.00026,-3e-05,-9e-05,-0.0002,-0.00021,-8e-05,-2e-05,-0.0001,3
11274,-0.00026,-3e-05,-9e-05,-0.0002,-0.00021,-8e-05,-2e-05,-0.0001,3
11275,-0.00026,-3e-05,-9e-05,-0.0002,-0.00021,-8e-05,-2e-05,-0.0001,3
11276,-0.00026,-3e-05,-9e-05,-0.0002,-0.00021,-8e-05,-2e-05,-0.0001,3
11277,-0.00026,-3e-05,-9e-05,-0.0002,-0.00021,-8e-05,-2e-05,-0.0001,3
11278,-0.00026,-3e-05,-9e-05,-0.0002,-0.00021,-8e-05,-2e-05,-0.0001,3
11279,-0.00026,-3e-05,-9e-05,-0.0002,-0.00021,-8e-05,-2e-05,-0.0001,3
11280,-0.00026,-3e-05,-9e-05,-0.0002,-0.00021,-8e-05,-2e-05,-0.0001,3
11281,-0.00026,-3e-05,-9e-05,-0.0002,-0.00021,-8e-05,-2e-05,-0.0001,3
11282,-0.00026,-3e-05,-9e-05,-0.0002,-0.00021,-8e-05,-2e-05,-0.0001,3
11283,0.0001,2e-05,2e-05,4e-05,-1e-05,0.00011,-4e-05,-5e-05,3
11284,3e-05,-3e-05,-3e-05,-9e-05,-0.00021,0.00047,3e-05,3e-05,3
11285,3e-05,-3e-05,-3e-05,-9e-05,-0.00021,0.00047,3e-05,3e-05,3
11286,3e-05,-3e-05,-3e-05,-9e-05,-0.00021,0.00047,3e-05,3e-05,3
11288,3e-05,-3e-05,-3e-05,-9e-05,-0.00021,0.00047,3e-05,3e-05,3
11289,3e-05,-3e-05,-3e-05,-9e-05,-0.00021,0.00047,3e-05,3e-05,3
11290,3e-05,-3e-05,-3e-05,-9e-05,-0.00021,0.00047,3e-05,3e-05,3
11291,3e-05,-3e-05,-3e-05,-9e-05,-0.00021,0.00047,3e-05,3e-05,3
11292,3e-05,-3e-05,-3e-05,-9e-05,-0.00021,0.00047,3e-05,3e-05,3
11293,3e-05,-3e-05,-3e-05,-9e-05,-0.00021,0.00047,3e-05,3e-05,3
11294,3e-05,-3e-05,-3e-05,-9e-05,-0.00021,0.00047,3e-05,3e-05,3
11295,3e-05,-3e-05,-3e-05,-9e-05,-0.00021,0.00047,3e-05,3e-05,3
11296,3e-05,-3e-05,-3e-05,-9e-05,-0.00021,0.00047,3e-05,3e-05,3
11297,-0.00012,-1e-05,0.0,-4e-05,-0.00022,-0.00016,-0.00016,-5e-05,3
11298,2e-05,-4e-05,-2e-05,-0.00012,-0.0001,-0.00018,3e-05,-3e-05,3
11299,2e-05,-4e-05,-2e-05,-0.00012,-0.0001,-0.00018,3e-05,-3e-05,3
11300,2e-05,-4e-05,-2e-05,-0.00012,-0.0001,-0.00018,3e-05,-3e-05,3
11301,2e-05,-4e-05,-2e-05,-0.00012,-0.0001,-0.00018,3e-05,-3e-05,3
11302,2e-05,-4e-05,-2e-05,-0.00012,-0.0001,-0.00018,3e-05,-3e-05,3
11304,7e-05,-5e-05,-7e-05,-0.00011,9e-05,0.00019,-0.00017,-2e-05,3
11305,7e-05,-5e-05,-7e-05,-0.00011,9e-05,0.00019,-0.00017,-2e-05,3
11306,7e-05,-5e-05,-7e-05,-0.00011,9e-05,0.00019,-0.00017,-2e-05,3
11307,7e-05,-5e-05,-7e-05,-0.00011,9e-05,0.00019,-0.00017,-2e-05,3
11308,7e-05,-5e-05,-7e-05,-0.00011,9e-05,0.00019,-0.00017,-2e-05,3
11309,7e-05,-5e-05,-7e-05,-0.00011,9e-05,0.00019,-0.00017,-2e-05,3
11310,7e-05,-5e-05,-7e-05,-0.00011,9e-05,0.00019,-0.00017,-2e-05,3
11311,7e-05,-5e-05,-7e-05,-0.00011,9e-05,0.00019,-0.00017,-2e-05,3
11312,7e-05,-5e-05,-7e-05,-0.00011,9e-05,0.00019,-0.00017,-2e-05,3
11313,7e-05,-5e-05,-7e-05,-0.00011,9e-05,0.00019,-0.00017,-2e-05,3
11314,7e-05,-5e-05,-7e-05,-0.00011,9e-05,0.00019,-0.00017,-2e-05,3
11315,7e-05,-5e-05,-7e-05,-0.00011,9e-05,0.00019,-0.00017,-2e-05,3
11316,7e-05,-5e-05,-7e-05,-0.00011,9e-05,0.00019,-0.00017,-2e-05,3
11317,7e-05,-5e-05,-7e-05,-0.00011,9e-05,0.00019,-0.00017,-2e-05,3
11318,7e-05,-5e-05,-7e-05,-0.00011,9e-05,0.00019,-0.00017,-2e-05,3
11319,7e-05,-5e-05,-7e-05,-0.00011,9e-05,0.00019,-0.00017,-2e-05,3
11320,0.00017,-5e-05,-8e-05,-9e-05,-0.0001,0.0003,4e-05,4e-05,3
11321,0.00017,-5e-05,-8e-05,-9e-05,-0.0001,0.0003,4e-05,4e-05,3
11322,0.0,-2e-05,-1e-05,-5e-05,-0.00025,-3e-05,-3e-05,-8e-05,3
11323,0.0,-2e-05,-1e-05,-5e-05,-0.00025,-3e-05,-3e-05,-8e-05,3
11324,0.0,-2e-05,-1e-05,-5e-05,-0.00025,-3e-05,-3e-05,-8e-05,3
11326,0.0,-2e-05,-1e-05,-5e-05,-0.00025,-3e-05,-3e-05,-8e-05,3
11327,0.0,-2e-05,-1e-05,-5e-05,-0.00025,-3e-05,-3e-05,-8e-05,3
11328,0.0,-2e-05,-1e-05,-5e-05,-0.00025,-3e-05,-3e-05,-8e-05,3
11329,0.0,-2e-05,-1e-05,-5e-05,-0.00025,-3e-05,-3e-05,-8e-05,3
11330,0.0,-2e-05,-1e-05,-5e-05,-0.00025,-3e-05,-3e-05,-8e-05,3
11331,0.0,-2e-05,-1e-05,-5e-05,-0.00025,-3e-05,-3e-05,-8e-05,3
11332,0.0,-2e-05,-1e-05,-5e-05,-0.00025,-3e-05,-3e-05,-8e-05,3
11333,0.0,-2e-05,-1e-05,-5e-05,-0.00025,-3e-05,-3e-05,-8e-05,3
11334,0.0,-2e-05,-1e-05,-5e-05,-0.00025,-3e-05,-3e-05,-8e-05,3
11335,0.0,-2e-05,-1e-05,-5e-05,-0.00025,-3e-05,-3e-05,-8e-05,3
11336,0.0,-2e-05,-1e-05,-5e-05,-0.00025,-3e-05,-3e-05,-8e-05,3
11338,0.0,-2e-05,-1e-05,-5e-05,-0.00025,-3e-05,-3e-05,-8e-05,3
11339,0.0,-2e-05,-1e-05,-5e-05,-0.00025,-3e-05,-3e-05,-8e-05,3
11340,0.0,-2e-05,-1e-05,-5e-05,-0.00025,-3e-05,-3e-05,-8e-05,3
11341,0.0,-2e-05,-1e-05,-5e-05,-0.00025,-3e-05,-3e-05,-8e-05,3
11342,0.0,-2e-05,-1e-05,-5e-05,-0.00025,-3e-05,-3e-05,-8e-05,3
11343,0.00023,2e-05,-2e-05,0.0,-5e-05,-0.00058,-0.00011,-4e-05,3
11344,0.00023,2e-05,-2e-05,0.0,-5e-05,-0.00058,-0.00011,-4e-05,3
11345,-0.00015,1e-05,4e-05,0.00011,5e-05,-0.00017,-1e-05,1e-05,3
11346,-0.00015,1e-05,4e-05,0.00011,5e-05,-0.00017,-1e-05,1e-05,3
11347,-0.00015,1e-05,4e-05,0.00011,5e-05,-0.00017,-1e-05,1e-05,3
11348,-0.00015,1e-05,4e-05,0.00011,5e-05,-0.00017,-1e-05,1e-05,3
11349,-0.00015,1e-05,4e-05,0.00011,5e-05,-0.00017,-1e-05,1e-05,3
11350,-0.00015,1e-05,4e-05,0.00011,5e-05,-0.00017,-1e-05,1e-05,3
11351,-0.00015,1e-05,4e-05,0.00011,5e-05,-0.00017,-1e-05,1e-05,3
11352,-0.00015,1e-05,4e-05,0.00011,5e-05,-0.00017,-1e-05,1e-05,3
11354,-0.00015,1e-05,4e-05,0.00011,5e-05,-0.00017,-1e-05,1e-05,3
11355,-0.00015,1e-05,4e-05,0.00011,5e-05,-0.00017,-1e-05,1e-05,3
11356,-0.00015,1e-05,4e-05,0.00011,5e-05,-0.00017,-1e-05,1e-05,3
11357,-6e-05,-6e-05,-3e-05,-6e-05,-0.00037,-0.00105,-0.00013,6e-05,3
11358,-6e-05,-6e-05,-3e-05,-6e-05,-0.00037,-0.00105,-0.00013,6e-05,3
11359,-6e-05,-6e-05,-3e-05,-6e-05,-0.00037,-0.00105,-0.00013,6e-05,3
11360,-6e-05,-6e-05,-3e-05,-6e-05,-0.00037,-0.00105,-0.00013,6e-05,3
11361,-6e-05,-6e-05,-3e-05,-6e-05,-0.00037,-0.00105,-0.00013,6e-05,3
11362,-6e-05,-6e-05,-3e-05,-6e-05,-0.00037,-0.00105,-0.00013,6e-05,3
11363,-6e-05,-6e-05,-3e-05,-6e-05,-0.00037,-0.00105,-0.00013,6e-05,3
11364,-3e-05,4e-05,0.00011,0.00022,0.00029,-1e-05,3e-05,2e-05,3
11365,-3e-05,4e-05,0.00011,0.00022,0.00029,-1e-05,3e-05,2e-05,3
11366,-3e-05,4e-05,0.00011,0.00022,0.00029,-1e-05,3e-05,2e-05,3
11367,-3e-05,4e-05,0.00011,0.00022,0.00029,-1e-05,3e-05,2e-05,3
11368,-3e-05,4e-05,0.00011,0.00022,0.00029,-1e-05,3e-05,2e-05,3
11369,-3e-05,4e-05,0.00011,0.00022,0.00029,-1e-05,3e-05,2e-05,3
11370,-3e-05,4e-05,0.00011,0.00022,0.00029,-1e-05,3e-05,2e-05,3
11371,-3e-05,4e-05,0.00011,0.00022,0.00029,-1e-05,3e-05,2e-05,3
11372,-3e-05,4e-05,0.00011,0.00022,0.00029,-1e-05,3e-05,2e-05,3
11373,-3e-05,4e-05,0.00011,0.00022,0.00029,-1e-05,3e-05,2e-05,3
11374,-3e-05,4e-05,0.00011,0.00022,0.00029,-1e-05,3e-05,2e-05,3
11375,-3e-05,4e-05,0.00011,0.00022,0.00029,-1e-05,3e-05,2e-05,3
11376,-3e-05,4e-05,0.00011,0.00022,0.00029,-1e-05,3e-05,2e-05,3
11377,-3e-05,4e-05,0.00011,0.00022,0.00029,-1e-05,3e-05,2e-05,3
11378,-3e-05,4e-05,0.00011,0.00022,0.00029,-1e-05,3e-05,2e-05,3
11379,-3e-05,4e-05,0.00011,0.00022,0.00029,-1e-05,3e-05,2e-05,3
11380,-0.0003,-4e-05,-7e-05,-3e-05,0.0001,0.00051,-3e-05,-0.00011,3
11381,-0.0003,-4e-05,-7e-05,-3e-05,0.0001,0.00051,-3e-05,-0.00011,3
11382,-3e-05,-4e-05,-4e-05,-9e-05,-0.00025,-0.0003,-9e-05,-7e-05,3
11383,-3e-05,-4e-05,-4e-05,-9e-05,-0.00025,-0.0003,-9e-05,-7e-05,3
11384,-3e-05,-4e-05,-4e-05,-9e-05,-0.00025,-0.0003,-9e-05,-7e-05,3
11385,-3e-05,-4e-05,-4e-05,-9e-05,-0.00025,-0.0003,-9e-05,-7e-05,3
11386,-3e-05,-4e-05,-4e-05,-9e-05,-0.00025,-0.0003,-9e-05,-7e-05,3
11388,-3e-05,-4e-05,-4e-05,-9e-05,-0.00025,-0.0003,-9e-05,-7e-05,3
11389,-3e-05,-4e-05,-4e-05,-9e-05,-0.00025,-0.0003,-9e-05,-7e-05,3
11390,-3e-05,-4e-05,-4e-05,-9e-05,-0.00025,-0.0003,-9e-05,-7e-05,3
11391,-3e-05,-4e-05,-4e-05,-9e-05,-0.00025,-0.0003,-9e-05,-7e-05,3
11392,-3e-05,-4e-05,-4e-05,-9e-05,-0.00025,-0.0003,-9e-05,-7e-05,3
11393,-3e-05,-4e-05,-4e-05,-9e-05,-0.00025,-0.0003,-9e-05,-7e-05,3
11394,-3e-05,-4e-05,-4e-05,-9e-05,-0.00025,-0.0003,-9e-05,-7e-05,3
11395,-3e-05,-4e-05,-4e-05,-9e-05,-0.00025,-0.0003,-9e-05,-7e-05,3
11396,-3e-05,-4e-05,-4e-05,-9e-05,-0.00025,-0.0003,-9e-05,-7e-05,3
11397,-3e-05,-4e-05,-4e-05,-9e-05,-0.00025,-0.0003,-9e-05,-7e-05,3
11398,-3e-05,-4e-05,-4e-05,-9e-05,-0.00025,-0.0003,-9e-05,-7e-05,3
11399,-3e-05,-4e-05,-4e-05,-9e-05,-0.00025,-0.0003,-9e-05,-7e-05,3
11400,-3e-05,-4e-05,-4e-05,-9e-05,-0.00025,-0.0003,-9e-05,-7e-05,3
11401,-3e-05,-4e-05,-4e-05,-9e-05,-0.00025,-0.0003,-9e-05,-7e-05,3
11402,-3e-05,-4e-05,-4e-05,-9e-05,-0.00025,-0.0003,-9e-05,-7e-05,3
11404,0.00012,1e-05,-4e-05,-7e-05,-6e-05,-0.00013,0.00011,7e-05,3
11405,0.00012,1e-05,-4e-05,-7e-05,-6e-05,-0.00013,0.00011,7e-05,3
11406,0.00012,1e-05,-4e-05,-7e-05,-6e-05,-0.00013,0.00011,7e-05,3
11407,0.00012,1e-05,-4e-05,-7e-05,-6e-05,-0.00013,0.00011,7e-05,3
11408,0.00012,1e-05,-4e-05,-7e-05,-6e-05,-0.00013,0.00011,7e-05,3
11409,0.00012,1e-05,-4e-05,-7e-05,-6e-05,-0.00013,0.00011,7e-05,3
11410,0.00012,1e-05,-4e-05,-7e-05,-6e-05,-0.00013,0.00011,7e-05,3
11411,0.00012,1e-05,-4e-05,-7e-05,-6e-05,-0.00013,0.00011,7e-05,3
11412,0.00012,1e-05,-4e-05,-7e-05,-6e-05,-0.00013,0.00011,7e-05,3
11413,0.00012,1e-05,-4e-05,-7e-05,-6e-05,-0.00013,0.00011,7e-05,3
11414,0.00012,1e-05,-4e-05,-7e-05,-6e-05,-0.00013,0.00011,7e-05,3
11415,0.00012,1e-05,-4e-05,-7e-05,-6e-05,-0.00013,0.00011,7e-05,3
11416,0.00012,1e-05,-4e-05,-7e-05,-6e-05,-0.00013,0.00011,7e-05,3
11417,-8e-05,-3e-05,-6e-05,-0.0001,1e-05,-0.00025,-7e-05,-2e-05,3
11418,-8e-05,-3e-05,-6e-05,-0.0001,1e-05,-0.00025,-7e-05,-2e-05,3
11419,-8e-05,-3e-05,-6e-05,-0.0001,1e-05,-0.00025,-7e-05,-2e-05,3
11420,-8e-05,-3e-05,-6e-05,-0.0001,1e-05,-0.00025,-7e-05,-2e-05,3
11421,-8e-05,-3e-05,-6e-05,-0.0001,1e-05,-0.00025,-7e-05,-2e-05,3
11422,-8e-05,-3e-05,-6e-05,-0.0001,1e-05,-0.00025,-7e-05,-2e-05,3
11423,-8e-05,-3e-05,-6e-05,-0.0001,1e-05,-0.00025,-7e-05,-2e-05,3
11424,-1e-05,-2e-05,-3e-05,-7e-05,-0.00011,8e-05,-8e-05,1e-05,3
11425,-1e-05,-2e-05,-3e-05,-7e-05,-0.00011,8e-05,-8e-05,1e-05,3
11426,-1e-05,-2e-05,-3e-05,-7e-05,-0.00011,8e-05,-8e-05,1e-05,3
11427,-1e-05,-2e-05,-3e-05,-7e-05,-0.00011,8e-05,-8e-05,1e-05,3
11428,-1e-05,-2e-05,-3e-05,-7e-05,-0.00011,8e-05,-8e-05,1e-05,3
11429,-1e-05,-2e-05,-3e-05,-7e-05,-0.00011,8e-05,-8e-05,1e-05,3
11430,-1e-05,-2e-05,-3e-05,-7e-05,-0.00011,8e-05,-8e-05,1e-05,3
11431,-1e-05,-2e-05,-3e-05,-7e-05,-0.00011,8e-05,-8e-05,1e-05,3
11432,-1e-05,-2e-05,-3e-05,-7e-05,-0.00011,8e-05,-8e-05,1e-05,3
11433,-1e-05,-2e-05,-3e-05,-7e-05,-0.00011,8e-05,-8e-05,1e-05,3
11434,-1e-05,-2e-05,-3e-05,-7e-05,-0.00011,8e-05,-8e-05,1e-05,3
11435,-1e-05,-2e-05,-3e-05,-7e-05,-0.00011,8e-05,-8e-05,1e-05,3
11436,-1e-05,-2e-05,-3e-05,-7e-05,-0.00011,8e-05,-8e-05,1e-05,3
11438,-1e-05,-2e-05,-3e-05,-7e-05,-0.00011,8e-05,-8e-05,1e-05,3
11439,-1e-05,-2e-05,-3e-05,-7e-05,-0.00011,8e-05,-8e-05,1e-05,3
11440,-7e-05,-1e-05,2e-05,5e-05,-1e-05,-0.00028,0.0,2e-05,3
11441,-7e-05,-1e-05,2e-05,5e-05,-1e-05,-0.00028,0.0,2e-05,3
11442,5e-05,-2e-05,-4e-05,0.0,0.00015,-0.00016,3e-05,0.0,3
11443,5e-05,-2e-05,-4e-05,0.0,0.00015,-0.00016,3e-05,0.0,3
11444,5e-05,-2e-05,-4e-05,0.0,0.00015,-0.00016,3e-05,0.0,3
11445,5e-05,-2e-05,-4e-05,0.0,0.00015,-0.00016,3e-05,0.0,3
11446,5e-05,-2e-05,-4e-05,0.0,0.00015,-0.00016,3e-05,0.0,3
11447,5e-05,-2e-05,-4e-05,0.0,0.00015,-0.00016,3e-05,0.0,3
11448,5e-05,-2e-05,-4e-05,0.0,0.00015,-0.00016,3e-05,0.0,3
11449,5e-05,-2e-05,-4e-05,0.0,0.00015,-0.00016,3e-05,0.0,3
11450,5e-05,-2e-05,-4e-05,0.0,0.00015,-0.00016,3e-05,0.0,3
11451,5e-05,-2e-05,-4e-05,0.0,0.00015,-0.00016,3e-05,0.0,3
11452,5e-05,-2e-05,-4e-05,0.0,0.00015,-0.00016,3e-05,0.0,3
11454,5e-05,-2e-05,-4e-05,0.0,0.00015,-0.00016,3e-05,0.0,3
11455,5e-05,-2e-05,-4e-05,0.0,0.00015,-0.00016,3e-05,0.0,3
11456,5e-05,-2e-05,-4e-05,0.0,0.00015,-0.00016,3e-05,0.0,3
11457,5e-05,-2e-05,-4e-05,0.0,0.00015,-0.00016,3e-05,0.0,3
11458,5e-05,-2e-05,-4e-05,0.0,0.00015,-0.00016,3e-05,0.0,3
11459,5e-05,-2e-05,-4e-05,0.0,0.00015,-0.00016,3e-05,0.0,3
11460,5e-05,-2e-05,-4e-05,0.0,0.00015,-0.00016,3e-05,0.0,3
11461,5e-05,-2e-05,-4e-05,0.0,0.00015,-0.00016,3e-05,0.0,3
11462,5e-05,-2e-05,-4e-05,0.0,0.00015,-0.00016,3e-05,0.0,3
11463,-3e-05,1e-05,-2e-05,-1e-05,-4e-05,-2e-05,-1e-05,-3e-05,3
11464,-5e-05,-1e-05,0.0,-4e-05,-0.0002,-0.00022,-8e-05,-2e-05,3
11465,-5e-05,-1e-05,0.0,-4e-05,-0.0002,-0.00022,-8e-05,-2e-05,3
11466,-5e-05,-1e-05,0.0,-4e-05,-0.0002,-0.00022,-8e-05,-2e-05,3
11467,-5e-05,-1e-05,0.0,-4e-05,-0.0002,-0.00022,-8e-05,-2e-05,3
11468,-5e-05,-1e-05,0.0,-4e-05,-0.0002,-0.00022,-8e-05,-2e-05,3
11469,-5e-05,-1e-05,0.0,-4e-05,-0.0002,-0.00022,-8e-05,-2e-05,3
11470,-5e-05,-1e-05,0.0,-4e-05,-0.0002,-0.00022,-8e-05,-2e-05,3
11471,-5e-05,-1e-05,0.0,-4e-05,-0.0002,-0.00022,-8e-05,-2e-05,3
11472,-5e-05,-1e-05,0.0,-4e-05,-0.0002,-0.00022,-8e-05,-2e-05,3
11473,-5e-05,-1e-05,0.0,-4e-05,-0.0002,-0.00022,-8e-05,-2e-05,3
11474,-5e-05,-1e-05,0.0,-4e-05,-0.0002,-0.00022,-8e-05,-2e-05,3
11475,-5e-05,-1e-05,0.0,-4e-05,-0.0002,-0.00022,-8e-05,-2e-05,3
11476,-1e-05,1e-05,1e-05,1e-05,6e-05,0.00069,0.00019,5e-05,3
11477,-1e-05,1e-05,1e-05,1e-05,6e-05,0.00069,0.00019,5e-05,3
11478,-1e-05,1e-05,1e-05,1e-05,6e-05,0.00069,0.00019,5e-05,3
11479,-1e-05,1e-05,1e-05,1e-05,6e-05,0.00069,0.00019,5e-05,3
11480,-1e-05,1e-05,1e-05,1e-05,6e-05,0.00069,0.00019,5e-05,3
11481,-1e-05,1e-05,1e-05,1e-05,6e-05,0.00069,0.00019,5e-05,3
11482,-1e-05,1e-05,1e-05,1e-05,6e-05,0.00069,0.00019,5e-05,3
11483,-1e-05,1e-05,1e-05,1e-05,6e-05,0.00069,0.00019,5e-05,3
11484,-1e-05,1e-05,1e-05,1e-05,6e-05,0.00069,0.00019,5e-05,3
11485,-1e-05,1e-05,1e-05,1e-05,6e-05,0.00069,0.00019,5e-05,3
11486,-1e-05,1e-05,1e-05,1e-05,6e-05,0.00069,0.00019,5e-05,3
11488,-1e-05,1e-05,1e-05,1e-05,6e-05,0.00069,0.00019,5e-05,3
11489,-1e-05,1e-05,1e-05,1e-05,6e-05,0.00069,0.00019,5e-05,3
11490,-1e-05,1e-05,1e-05,1e-05,6e-05,0.00069,0.00019,5e-05,3
11491,4e-05,0.0,0.0,2e-05,0.00015,0.00017,0.0,3e-05,3
11492,4e-05,0.0,0.0,2e-05,0.00015,0.00017,0.0,3e-05,3
11493,4e-05,0.0,0.0,2e-05,0.00015,0.00017,0.0,3e-05,3
11494,4e-05,0.0,0.0,2e-05,0.00015,0.00017,0.0,3e-05,3
11495,4e-05,0.0,0.0,2e-05,0.00015,0.00017,0.0,3e-05,3
11496,4e-05,0.0,0.0,2e-05,0.00015,0.00017,0.0,3e-05,3
11497,4e-05,0.0,0.0,2e-05,0.00015,0.00017,0.0,3e-05,3
11498,4e-05,0.0,0.0,2e-05,0.00015,0.00017,0.0,3e-05,3
11499,4e-05,0.0,0.0,2e-05,0.00015,0.00017,0.0,3e-05,3
11500,0.0,-4e-05,0.0,3e-05,-0.0001,-0.00047,-9e-05,-2e-05,3
11501,0.0,-4e-05,0.0,3e-05,-0.0001,-0.00047,-9e-05,-2e-05,3
11502,-3e-05,-1e-05,-1e-05,-9e-05,-0.00037,-0.00034,-4e-05,-4e-05,3
11503,-3e-05,-1e-05,-1e-05,-9e-05,-0.00037,-0.00034,-4e-05,-4e-05,3
11504,-3e-05,-1e-05,-1e-05,-9e-05,-0.00037,-0.00034,-4e-05,-4e-05,3
11505,-3e-05,-1e-05,-1e-05,-9e-05,-0.00037,-0.00034,-4e-05,-4e-05,3
11506,-3e-05,-1e-05,-1e-05,-9e-05,-0.00037,-0.00034,-4e-05,-4e-05,3
11507,-3e-05,-1e-05,-1e-05,-9e-05,-0.00037,-0.00034,-4e-05,-4e-05,3
11508,-3e-05,-1e-05,-1e-05,-9e-05,-0.00037,-0.00034,-4e-05,-4e-05,3
11509,-3e-05,-1e-05,-1e-05,-9e-05,-0.00037,-0.00034,-4e-05,-4e-05,3
11510,-3e-05,-1e-05,-1e-05,-9e-05,-0.00037,-0.00034,-4e-05,-4e-05,3
11511,-3e-05,-1e-05,-1e-05,-9e-05,-0.00037,-0.00034,-4e-05,-4e-05,3
11512,-3e-05,-1e-05,-1e-05,-9e-05,-0.00037,-0.00034,-4e-05,-4e-05,3
11513,-3e-05,-1e-05,-1e-05,-9e-05,-0.00037,-0.00034,-4e-05,-4e-05,3
11514,-3e-05,-1e-05,-1e-05,-9e-05,-0.00037,-0.00034,-4e-05,-4e-05,3
11515,-3e-05,-1e-05,-1e-05,-9e-05,-0.00037,-0.00034,-4e-05,-4e-05,3
11516,-3e-05,-1e-05,-1e-05,-9e-05,-0.00037,-0.00034,-4e-05,-4e-05,3
11517,-3e-05,-1e-05,-1e-05,-9e-05,-0.00037,-0.00034,-4e-05,-4e-05,3
11518,-3e-05,-1e-05,-1e-05,-9e-05,-0.00037,-0.00034,-4e-05,-4e-05,3
11519,-3e-05,-1e-05,-1e-05,-9e-05,-0.00037,-0.00034,-4e-05,-4e-05,3
11520,-3e-05,-1e-05,-1e-05,-9e-05,-0.00037,-0.00034,-4e-05,-4e-05,3
11521,-3e-05,-1e-05,-1e-05,-9e-05,-0.00037,-0.00034,-4e-05,-4e-05,3
11522,-3e-05,-1e-05,-1e-05,-9e-05,-0.00037,-0.00034,-4e-05,-4e-05,3
11523,0.0,-2e-05,-3e-05,-0.00015,-0.00018,-0.00021,-3e-05,4e-05,3
11524,0.0,-4e-05,-4e-05,1e-05,3e-05,4e-05,0.00012,3e-05,3
11526,0.0,-4e-05,-4e-05,1e-05,3e-05,4e-05,0.00012,3e-05,3
11527,0.0,-4e-05,-4e-05,1e-05,3e-05,4e-05,0.00012,3e-05,3
11528,0.0,-4e-05,-4e-05,1e-05,3e-05,4e-05,0.00012,3e-05,3
11529,0.0,-4e-05,-4e-05,1e-05,3e-05,4e-05,0.00012,3e-05,3
11530,0.0,-4e-05,-4e-05,1e-05,3e-05,4e-05,0.00012,3e-05,3
11531,0.0,-4e-05,-4e-05,1e-05,3e-05,4e-05,0.00012,3e-05,3
11532,0.0,-4e-05,-4e-05,1e-05,3e-05,4e-05,0.00012,3e-05,3
11533,0.0,-4e-05,-4e-05,1e-05,3e-05,4e-05,0.00012,3e-05,3
11534,0.0,-4e-05,-4e-05,1e-05,3e-05,4e-05,0.00012,3e-05,3
11535,0.0,-4e-05,-4e-05,1e-05,3e-05,4e-05,0.00012,3e-05,3
11536,0.0,-4e-05,-4e-05,1e-05,3e-05,4e-05,0.00012,3e-05,3
11538,-6e-05,1e-05,0.0,-2e-05,-5e-05,-0.00014,-8e-05,-4e-05,3
11539,-6e-05,1e-05,0.0,-2e-05,-5e-05,-0.00014,-8e-05,-4e-05,3
11540,-6e-05,1e-05,0.0,-2e-05,-5e-05,-0.00014,-8e-05,-4e-05,3
11541,-6e-05,1e-05,0.0,-2e-05,-5e-05,-0.00014,-8e-05,-4e-05,3
11542,-6e-05,1e-05,0.0,-2e-05,-5e-05,-0.00014,-8e-05,-4e-05,3
11543,-6e-05,1e-05,0.0,-2e-05,-5e-05,-0.00014,-8e-05,-4e-05,3
11544,-6e-05,1e-05,0.0,-2e-05,-5e-05,-0.00014,-8e-05,-4e-05,3
11545,-6e-05,1e-05,0.0,-2e-05,-5e-05,-0.00014,-8e-05,-4e-05,3
11546,5e-05,-1e-05,-2e-05,-2e-05,-0.00012,3e-05,5e-05,-1e-05,3
11547,5e-05,-1e-05,-2e-05,-2e-05,-0.00012,3e-05,5e-05,-1e-05,3
11548,5e-05,-1e-05,-2e-05,-2e-05,-0.00012,3e-05,5e-05,-1e-05,3
11549,5e-05,-1e-05,-2e-05,-2e-05,-0.00012,3e-05,5e-05,-1e-05,3
11550,5e-05,-1e-05,-2e-05,-2e-05,-0.00012,3e-05,5e-05,-1e-05,3
11551,5e-05,-1e-05,-2e-05,-2e-05,-0.00012,3e-05,5e-05,-1e-05,3
11552,5e-05,-1e-05,-2e-05,-2e-05,-0.00012,3e-05,5e-05,-1e-05,3
11554,5e-05,-1e-05,-2e-05,-2e-05,-0.00012,3e-05,5e-05,-1e-05,3
11555,5e-05,-1e-05,-2e-05,-2e-05,-0.00012,3e-05,5e-05,-1e-05,3
11556,5e-05,-1e-05,-2e-05,-2e-05,-0.00012,3e-05,5e-05,-1e-05,3
11557,5e-05,-1e-05,-2e-05,-2e-05,-0.00012,3e-05,5e-05,-1e-05,3
11558,5e-05,-1e-05,-2e-05,-2e-05,-0.00012,3e-05,5e-05,-1e-05,3
11559,5e-05,-1e-05,-2e-05,-2e-05,-0.00012,3e-05,5e-05,-1e-05,3
11560,5e-05,4e-05,2e-05,4e-05,0.00016,0.00028,-9e-05,1e-05,3
11561,5e-05,4e-05,2e-05,4e-05,0.00016,0.00028,-9e-05,1e-05,3
11562,0.0,1e-05,0.0,-1e-05,0.00012,0.00015,3e-05,1e-05,3
11563,0.0,1e-05,0.0,-1e-05,0.00012,0.00015,3e-05,1e-05,3
11564,0.0,1e-05,0.0,-1e-05,0.00012,0.00015,3e-05,1e-05,3
11565,0.0,1e-05,0.0,-1e-05,0.00012,0.00015,3e-05,1e-05,3
11566,0.0,1e-05,0.0,-1e-05,0.00012,0.00015,3e-05,1e-05,3
11567,0.0,1e-05,0.0,-1e-05,0.00012,0.00015,3e-05,1e-05,3
11568,0.0,1e-05,0.0,-1e-05,0.00012,0.00015,3e-05,1e-05,3
11569,0.0,1e-05,0.0,-1e-05,0.00012,0.00015,3e-05,1e-05,3
11570,0.0,1e-05,0.0,-1e-05,0.00012,0.00015,3e-05,1e-05,3
11571,0.0,1e-05,0.0,-1e-05,0.00012,0.00015,3e-05,1e-05,3
11572,0.0,1e-05,0.0,-1e-05,0.00012,0.00015,3e-05,1e-05,3
11573,0.0,1e-05,0.0,-1e-05,0.00012,0.00015,3e-05,1e-05,3
11574,0.0,1e-05,0.0,-1e-05,0.00012,0.00015,3e-05,1e-05,3
11575,0.0,1e-05,0.0,-1e-05,0.00012,0.00015,3e-05,1e-05,3
11576,0.0,1e-05,0.0,-1e-05,0.00012,0.00015,3e-05,1e-05,3
11577,0.0,1e-05,0.0,-1e-05,0.00012,0.00015,3e-05,1e-05,3
11578,0.0,1e-05,0.0,-1e-05,0.00012,0.00015,3e-05,1e-05,3
11579,0.0,1e-05,0.0,-1e-05,0.00012,0.00015,3e-05,1e-05,3
11580,0.0,1e-05,0.0,-1e-05,0.00012,0.00015,3e-05,1e-05,3
11581,0.0,1e-05,0.0,-1e-05,0.00012,0.00015,3e-05,1e-05,3
11582,0.0,1e-05,0.0,-1e-05,0.00012,0.00015,3e-05,1e-05,3
11583,-0.00012,-2e-05,2e-05,1e-05,-3e-05,4e-05,-0.00014,-7e-05,3
11584,3e-05,1e-05,-1e-05,4e-05,0.00035,0.00038,6e-05,1e-05,3
11585,3e-05,1e-05,-1e-05,4e-05,0.00035,0.00038,6e-05,1e-05,3
11586,3e-05,1e-05,-1e-05,4e-05,0.00035,0.00038,6e-05,1e-05,3
11588,3e-05,1e-05,-1e-05,4e-05,0.00035,0.00038,6e-05,1e-05,3
11589,3e-05,1e-05,-1e-05,4e-05,0.00035,0.00038,6e-05,1e-05,3
11590,3e-05,1e-05,-1e-05,4e-05,0.00035,0.00038,6e-05,1e-05,3
11591,3e-05,1e-05,-1e-05,4e-05,0.00035,0.00038,6e-05,1e-05,3
11592,3e-05,1e-05,-1e-05,4e-05,0.00035,0.00038,6e-05,1e-05,3
11593,3e-05,1e-05,-1e-05,4e-05,0.00035,0.00038,6e-05,1e-05,3
11594,3e-05,1e-05,-1e-05,4e-05,0.00035,0.00038,6e-05,1e-05,3
11595,3e-05,1e-05,-1e-05,4e-05,0.00035,0.00038,6e-05,1e-05,3
11596,3e-05,1e-05,-1e-05,4e-05,0.00035,0.00038,6e-05,1e-05,3
11597,4e-05,0.0,0.0,1e-05,2e-05,-0.0001,3e-05,2e-05,3
11598,4e-05,0.0,0.0,1e-05,2e-05,-0.0001,3e-05,2e-05,3
11599,4e-05,0.0,0.0,1e-05,2e-05,-0.0001,3e-05,2e-05,3
11600,4e-05,0.0,0.0,1e-05,2e-05,-0.0001,3e-05,2e-05,3
11601,4e-05,0.0,0.0,1e-05,2e-05,-0.0001,3e-05,2e-05,3
11602,4e-05,0.0,0.0,1e-05,2e-05,-0.0001,3e-05,2e-05,3
11604,4e-05,0.0,0.0,1e-05,2e-05,-0.0001,3e-05,2e-05,3
11605,4e-05,0.0,0.0,1e-05,2e-05,-0.0001,3e-05,2e-05,3
11606,4e-05,0.0,0.0,1e-05,2e-05,-0.0001,3e-05,2e-05,3
11607,4e-05,0.0,0.0,1e-05,2e-05,-0.0001,3e-05,2e-05,3
11608,4e-05,0.0,0.0,1e-05,2e-05,-0.0001,3e-05,2e-05,3
11609,4e-05,0.0,0.0,1e-05,2e-05,-0.0001,3e-05,2e-05,3
11610,4e-05,0.0,0.0,1e-05,2e-05,-0.0001,3e-05,2e-05,3
11611,4e-05,0.0,0.0,1e-05,2e-05,-0.0001,3e-05,2e-05,3
11612,0.0,-3e-05,-2e-05,2e-05,0.0001,7e-05,-5e-05,1e-05,3
11614,0.0,-3e-05,-2e-05,2e-05,0.0001,7e-05,-5e-05,1e-05,3
11615,0.0,-3e-05,-2e-05,2e-05,0.0001,7e-05,-5e-05,1e-05,3
11616,0.0,-3e-05,-2e-05,2e-05,0.0001,7e-05,-5e-05,1e-05,3
11617,0.0,-3e-05,-2e-05,2e-05,0.0001,7e-05,-5e-05,1e-05,3
11618,0.0,-3e-05,-2e-05,2e-05,0.0001,7e-05,-5e-05,1e-05,3
11619,0.0,-3e-05,-2e-05,2e-05,0.0001,7e-05,-5e-05,1e-05,3
11620,1e-05,0.0,0.0,-5e-05,-4e-05,-0.00013,4e-05,0.0,3
11621,1e-05,0.0,0.0,-5e-05,-4e-05,-0.00013,4e-05,0.0,3
11622,-0.00014,-5e-05,-5e-05,-7e-05,-0.00027,-0.00039,-2e-05,-5e-05,3
11623,-0.00014,-5e-05,-5e-05,-7e-05,-0.00027,-0.00039,-2e-05,-5e-05,3
11624,-0.00014,-5e-05,-5e-05,-7e-05,-0.00027,-0.00039,-2e-05,-5e-05,3
11625,-0.00014,-5e-05,-5e-05,-7e-05,-0.00027,-0.00039,-2e-05,-5e-05,3
11626,-0.00014,-5e-05,-5e-05,-7e-05,-0.00027,-0.00039,-2e-05,-5e-05,3
11627,-0.00014,-5e-05,-5e-05,-7e-05,-0.00027,-0.00039,-2e-05,-5e-05,3
11628,-0.00014,-5e-05,-5e-05,-7e-05,-0.00027,-0.00039,-2e-05,-5e-05,3
11629,-0.00014,-5e-05,-5e-05,-7e-05,-0.00027,-0.00039,-2e-05,-5e-05,3
11630,-0.00014,-5e-05,-5e-05,-7e-05,-0.00027,-0.00039,-2e-05,-5e-05,3
11631,-0.00014,-5e-05,-5e-05,-7e-05,-0.00027,-0.00039,-2e-05,-5e-05,3
11632,-0.00014,-5e-05,-5e-05,-7e-05,-0.00027,-0.00039,-2e-05,-5e-05,3
11633,-0.00014,-5e-05,-5e-05,-7e-05,-0.00027,-0.00039,-2e-05,-5e-05,3
11634,-0.00014,-5e-05,-5e-05,-7e-05,-0.00027,-0.00039,-2e-05,-5e-05,3
11635,-0.00014,-5e-05,-5e-05,-7e-05,-0.00027,-0.00039,-2e-05,-5e-05,3
11636,-0.00014,-5e-05,-5e-05,-7e-05,-0.00027,-0.00039,-2e-05,-5e-05,3
11638,-0.00014,-5e-05,-5e-05,-7e-05,-0.00027,-0.00039,-2e-05,-5e-05,3
11639,-0.00014,-5e-05,-5e-05,-7e-05,-0.00027,-0.00039,-2e-05,-5e-05,3
11640,-0.00014,-5e-05,-5e-05,-7e-05,-0.00027,-0.00039,-2e-05,-5e-05,3
11641,-0.00014,-5e-05,-5e-05,-7e-05,-0.00027,-0.00039,-2e-05,-5e-05,3
11642,-0.00014,-5e-05,-5e-05,-7e-05,-0.00027,-0.00039,-2e-05,-5e-05,3
11643,3e-05,2e-05,1e-05,-1e-05,-0.00011,-4e-05,-2e-05,-1e-05,3
11644,0.00011,0.0,-3e-05,-1e-05,0.00022,0.00026,-3e-05,2e-05,3
11645,0.00011,0.0,-3e-05,-1e-05,0.00022,0.00026,-3e-05,2e-05,3
11646,0.00011,0.0,-3e-05,-1e-05,0.00022,0.00026,-3e-05,2e-05,3
11647,0.00011,0.0,-3e-05,-1e-05,0.00022,0.00026,-3e-05,2e-05,3
11648,0.00011,0.0,-3e-05,-1e-05,0.00022,0.00026,-3e-05,2e-05,3
11649,0.00011,0.0,-3e-05,-1e-05,0.00022,0.00026,-3e-05,2e-05,3
11650,0.00011,0.0,-3e-05,-1e-05,0.00022,0.00026,-3e-05,2e-05,3
11651,0.00011,0.0,-3e-05,-1e-05,0.00022,0.00026,-3e-05,2e-05,3
11652,0.00011,0.0,-3e-05,-1e-05,0.00022,0.00026,-3e-05,2e-05,3
11654,0.00011,0.0,-3e-05,-1e-05,0.00022,0.00026,-3e-05,2e-05,3
11655,0.00011,0.0,-3e-05,-1e-05,0.00022,0.00026,-3e-05,2e-05,3
11656,-3e-05,3e-05,4e-05,6e-05,0.0,-0.00022,-4e-05,-5e-05,3
11657,-3e-05,3e-05,4e-05,6e-05,0.0,-0.00022,-4e-05,-5e-05,3
11658,-3e-05,3e-05,4e-05,6e-05,0.0,-0.00022,-4e-05,-5e-05,3
11659,-3e-05,3e-05,4e-05,6e-05,0.0,-0.00022,-4e-05,-5e-05,3
11660,-3e-05,3e-05,4e-05,6e-05,0.0,-0.00022,-4e-05,-5e-05,3
11661,-3e-05,3e-05,4e-05,6e-05,0.0,-0.00022,-4e-05,-5e-05,3
11662,-3e-05,3e-05,4e-05,6e-05,0.0,-0.00022,-4e-05,-5e-05,3
11663,-3e-05,3e-05,4e-05,6e-05,0.0,-0.00022,-4e-05,-5e-05,3
11664,-3e-05,3e-05,4e-05,6e-05,0.0,-0.00022,-4e-05,-5e-05,3
11665,1e-05,-1e-05,-1e-05,-1e-05,0.00011,-8e-05,-4e-05,-2e-05,3
11666,1e-05,-1e-05,-1e-05,-1e-05,0.00011,-8e-05,-4e-05,-2e-05,3
11667,1e-05,-1e-05,-1e-05,-1e-05,0.00011,-8e-05,-4e-05,-2e-05,3
11668,1e-05,-1e-05,-1e-05,-1e-05,0.00011,-8e-05,-4e-05,-2e-05,3
11669,1e-05,-1e-05,-1e-05,-1e-05,0.00011,-8e-05,-4e-05,-2e-05,3
11670,1e-05,-1e-05,-1e-05,-1e-05,0.00011,-8e-05,-4e-05,-2e-05,3
11671,1e-05,-1e-05,-1e-05,-1e-05,0.00011,-8e-05,-4e-05,-2e-05,3
11672,1e-05,-1e-05,-1e-05,-1e-05,0.00011,-8e-05,-4e-05,-2e-05,3
11673,1e-05,-1e-05,-1e-05,-1e-05,0.00011,-8e-05,-4e-05,-2e-05,3
11674,1e-05,-1e-05,-1e-05,-1e-05,0.00011,-8e-05,-4e-05,-2e-05,3
11675,1e-05,-1e-05,-1e-05,-1e-05,0.00011,-8e-05,-4e-05,-2e-05,3
11676,1e-05,-1e-05,-1e-05,-1e-05,0.00011,-8e-05,-4e-05,-2e-05,3
11677,1e-05,-1e-05,-1e-05,-1e-05,0.00011,-8e-05,-4e-05,-2e-05,3
11678,1e-05,-1e-05,-1e-05,-1e-05,0.00011,-8e-05,-4e-05,-2e-05,3
11680,3e-05,0.0,-2e-05,4e-05,0.00012,0.00024,9e-05,4e-05,3
11681,3e-05,0.0,-2e-05,4e-05,0.00012,0.00024,9e-05,4e-05,3
11682,0.0,1e-05,2e-05,0.0,-8e-05,0.00034,1e-05,0.0,3
11683,0.0,1e-05,2e-05,0.0,-8e-05,0.00034,1e-05,0.0,3
11684,0.0,1e-05,2e-05,0.0,-8e-05,0.00034,1e-05,0.0,3
11685,0.0,1e-05,2e-05,0.0,-8e-05,0.00034,1e-05,0.0,3
11686,0.0,1e-05,2e-05,0.0,-8e-05,0.00034,1e-05,0.0,3
11688,0.0,1e-05,2e-05,0.0,-8e-05,0.00034,1e-05,0.0,3
11689,0.0,1e-05,2e-05,0.0,-8e-05,0.00034,1e-05,0.0,3
11690,0.0,1e-05,2e-05,0.0,-8e-05,0.00034,1e-05,0.0,3
11691,0.0,1e-05,2e-05,0.0,-8e-05,0.00034,1e-05,0.0,3
11692,0.0,1e-05,2e-05,0.0,-8e-05,0.00034,1e-05,0.0,3
11693,0.0,1e-05,2e-05,0.0,-8e-05,0.00034,1e-05,0.0,3
11694,0.0,1e-05,2e-05,0.0,-8e-05,0.00034,1e-05,0.0,3
11695,0.0,1e-05,2e-05,0.0,-8e-05,0.00034,1e-05,0.0,3
11696,0.0,1e-05,2e-05,0.0,-8e-05,0.00034,1e-05,0.0,3
11697,0.0,1e-05,2e-05,0.0,-8e-05,0.00034,1e-05,0.0,3
11698,0.0,1e-05,2e-05,0.0,-8e-05,0.00034,1e-05,0.0,3
11699,0.0,1e-05,2e-05,0.0,-8e-05,0.00034,1e-05,0.0,3
11700,0.0,1e-05,2e-05,0.0,-8e-05,0.00034,1e-05,0.0,3
11701,0.0,1e-05,2e-05,0.0,-8e-05,0.00034,1e-05,0.0,3
11702,0.0,1e-05,2e-05,0.0,-8e-05,0.00034,1e-05,0.0,3
11704,-4e-05,1e-05,-2e-05,-2e-05,-0.0001,-0.00014,-7e-05,-2e-05,3
11705,-4e-05,1e-05,-2e-05,-2e-05,-0.0001,-0.00014,-7e-05,-2e-05,3
11706,-4e-05,1e-05,-2e-05,-2e-05,-0.0001,-0.00014,-7e-05,-2e-05,3
11707,-4e-05,1e-05,-2e-05,-2e-05,-0.0001,-0.00014,-7e-05,-2e-05,3
11708,-4e-05,1e-05,-2e-05,-2e-05,-0.0001,-0.00014,-7e-05,-2e-05,3
11709,-4e-05,1e-05,-2e-05,-2e-05,-0.0001,-0.00014,-7e-05,-2e-05,3
11710,-4e-05,1e-05,-2e-05,-2e-05,-0.0001,-0.00014,-7e-05,-2e-05,3
11711,-4e-05,1e-05,-2e-05,-2e-05,-0.0001,-0.00014,-7e-05,-2e-05,3
11712,-4e-05,1e-05,-2e-05,-2e-05,-0.0001,-0.00014,-7e-05,-2e-05,3
11713,-4e-05,1e-05,-2e-05,-2e-05,-0.0001,-0.00014,-7e-05,-2e-05,3
11714,-4e-05,1e-05,-2e-05,-2e-05,-0.0001,-0.00014,-7e-05,-2e-05,3
11715,-4e-05,1e-05,-2e-05,-2e-05,-0.0001,-0.00014,-7e-05,-2e-05,3
11716,4e-05,4e-05,4e-05,3e-05,-2e-05,-0.00012,3e-05,3e-05,3
11717,-1e-05,-4e-05,-6e-05,-5e-05,2e-05,4e-05,1e-05,-1e-05,3
11718,-1e-05,-4e-05,-6e-05,-5e-05,2e-05,4e-05,1e-05,-1e-05,3
11719,-1e-05,-4e-05,-6e-05,-5e-05,2e-05,4e-05,1e-05,-1e-05,3
11720,-1e-05,-4e-05,-6e-05,-5e-05,2e-05,4e-05,1e-05,-1e-05,3
11721,-1e-05,-4e-05,-6e-05,-5e-05,2e-05,4e-05,1e-05,-1e-05,3
11722,-1e-05,-4e-05,-6e-05,-5e-05,2e-05,4e-05,1e-05,-1e-05,3
11723,-1e-05,-4e-05,-6e-05,-5e-05,2e-05,4e-05,1e-05,-1e-05,3
11724,-1e-05,-4e-05,-6e-05,-5e-05,2e-05,4e-05,1e-05,-1e-05,3
11725,0.00019,4e-05,4e-05,3e-05,1e-05,-0.00014,-3e-05,5e-05,3
11726,0.00019,4e-05,4e-05,3e-05,1e-05,-0.00014,-3e-05,5e-05,3
11727,0.00019,4e-05,4e-05,3e-05,1e-05,-0.00014,-3e-05,5e-05,3
11728,0.00019,4e-05,4e-05,3e-05,1e-05,-0.00014,-3e-05,5e-05,3
11729,0.00019,4e-05,4e-05,3e-05,1e-05,-0.00014,-3e-05,5e-05,3
11730,0.00019,4e-05,4e-05,3e-05,1e-05,-0.00014,-3e-05,5e-05,3
11731,0.00019,4e-05,4e-05,3e-05,1e-05,-0.00014,-3e-05,5e-05,3
11732,0.00019,4e-05,4e-05,3e-05,1e-05,-0.00014,-3e-05,5e-05,3
11733,0.00019,4e-05,4e-05,3e-05,1e-05,-0.00014,-3e-05,5e-05,3
11734,0.00019,4e-05,4e-05,3e-05,1e-05,-0.00014,-3e-05,5e-05,3
11735,0.00019,4e-05,4e-05,3e-05,1e-05,-0.00014,-3e-05,5e-05,3
11736,0.00019,4e-05,4e-05,3e-05,1e-05,-0.00014,-3e-05,5e-05,3
11738,0.00019,4e-05,4e-05,3e-05,1e-05,-0.00014,-3e-05,5e-05,3
11739,0.00019,4e-05,4e-05,3e-05,1e-05,-0.00014,-3e-05,5e-05,3
11740,0.00018,-3e-05,-2e-05,-1e-05,3e-05,-8e-05,2e-05,-1e-05,3
11741,0.00018,-3e-05,-2e-05,-1e-05,3e-05,-8e-05,2e-05,-1e-05,3
11742,0.0004,2e-05,1e-05,0.0,-0.00018,-0.00028,-4e-05,-6e-05,3
11743,0.0004,2e-05,1e-05,0.0,-0.00018,-0.00028,-4e-05,-6e-05,3
11744,0.0004,2e-05,1e-05,0.0,-0.00018,-0.00028,-4e-05,-6e-05,3
11745,0.0004,2e-05,1e-05,0.0,-0.00018,-0.00028,-4e-05,-6e-05,3
11746,0.0004,2e-05,1e-05,0.0,-0.00018,-0.00028,-4e-05,-6e-05,3
11747,0.0004,2e-05,1e-05,0.0,-0.00018,-0.00028,-4e-05,-6e-05,3
11748,0.0004,2e-05,1e-05,0.0,-0.00018,-0.00028,-4e-05,-6e-05,3
11749,0.0004,2e-05,1e-05,0.0,-0.00018,-0.00028,-4e-05,-6e-05,3
11750,0.0004,2e-05,1e-05,0.0,-0.00018,-0.00028,-4e-05,-6e-05,3
11751,0.0004,2e-05,1e-05,0.0,-0.00018,-0.00028,-4e-05,-6e-05,3
11752,0.0004,2e-05,1e-05,0.0,-0.00018,-0.00028,-4e-05,-6e-05,3
11754,0.0004,2e-05,1e-05,0.0,-0.00018,-0.00028,-4e-05,-6e-05,3
11755,0.0004,2e-05,1e-05,0.0,-0.00018,-0.00028,-4e-05,-6e-05,3
11756,0.0004,2e-05,1e-05,0.0,-0.00018,-0.00028,-4e-05,-6e-05,3
11757,0.0004,2e-05,1e-05,0.0,-0.00018,-0.00028,-4e-05,-6e-05,3
11758,0.0004,2e-05,1e-05,0.0,-0.00018,-0.00028,-4e-05,-6e-05,3
11759,0.0004,2e-05,1e-05,0.0,-0.00018,-0.00028,-4e-05,-6e-05,3
11760,0.0004,2e-05,1e-05,0.0,-0.00018,-0.00028,-4e-05,-6e-05,3
11761,0.0004,2e-05,1e-05,0.0,-0.00018,-0.00028,-4e-05,-6e-05,3
11763,0.00024,-6e-05,-0.0001,-0.00011,-7e-05,0.0003,-3e-05,4e-05,3
11764,0.00024,-6e-05,-0.0001,-0.00011,-7e-05,0.0003,-3e-05,4e-05,3
11765,0.00024,-6e-05,-0.0001,-0.00011,-7e-05,0.0003,-3e-05,4e-05,3
11766,0.00024,-6e-05,-0.0001,-0.00011,-7e-05,0.0003,-3e-05,4e-05,3
11767,0.00024,-6e-05,-0.0001,-0.00011,-7e-05,0.0003,-3e-05,4e-05,3
11768,0.00024,-6e-05,-0.0001,-0.00011,-7e-05,0.0003,-3e-05,4e-05,3
11769,0.00024,-6e-05,-0.0001,-0.00011,-7e-05,0.0003,-3e-05,4e-05,3
11770,0.0,0.0,-2e-05,-6e-05,-5e-05,-0.00016,2e-05,4e-05,3
11772,0.0,0.0,-2e-05,-6e-05,-5e-05,-0.00016,2e-05,4e-05,3
11773,0.0,0.0,-2e-05,-6e-05,-5e-05,-0.00016,2e-05,4e-05,3
11774,0.0,0.0,-2e-05,-6e-05,-5e-05,-0.00016,2e-05,4e-05,3
11775,0.0,0.0,-2e-05,-6e-05,-5e-05,-0.00016,2e-05,4e-05,3
11776,-0.00019,-0.00012,-0.00011,-8e-05,-0.00012,7e-05,-2e-05,-8e-05,3
11778,-0.00019,-0.00012,-0.00011,-8e-05,-0.00012,7e-05,-2e-05,-8e-05,3
11779,-0.00019,-0.00012,-0.00011,-8e-05,-0.00012,7e-05,-2e-05,-8e-05,3
11780,-0.00019,-0.00012,-0.00011,-8e-05,-0.00012,7e-05,-2e-05,-8e-05,3
11781,-0.00019,-0.00012,-0.00011,-8e-05,-0.00012,7e-05,-2e-05,-8e-05,3
11782,-0.00019,-0.00012,-0.00011,-8e-05,-0.00012,7e-05,-2e-05,-8e-05,3
11783,-0.00019,-0.00012,-0.00011,-8e-05,-0.00012,7e-05,-2e-05,-8e-05,3
11784,-0.00019,-0.00012,-0.00011,-8e-05,-0.00012,7e-05,-2e-05,-8e-05,3
11785,-0.00017,1e-05,2e-05,2e-05,5e-05,-0.00011,4e-05,0.0,3
11787,-0.00017,1e-05,2e-05,2e-05,5e-05,-0.00011,4e-05,0.0,3
11789,-0.00017,1e-05,2e-05,2e-05,5e-05,-0.00011,4e-05,0.0,3
11790,-0.00017,1e-05,2e-05,2e-05,5e-05,-0.00011,4e-05,0.0,3
11791,-0.00017,1e-05,2e-05,2e-05,5e-05,-0.00011,4e-05,0.0,3
11792,-0.00017,1e-05,2e-05,2e-05,5e-05,-0.00011,4e-05,0.0,3
11793,-0.00017,1e-05,2e-05,2e-05,5e-05,-0.00011,4e-05,0.0,3
11794,-0.00017,1e-05,2e-05,2e-05,5e-05,-0.00011,4e-05,0.0,3
11795,-0.00017,1e-05,2e-05,2e-05,5e-05,-0.00011,4e-05,0.0,3
11796,-0.00017,1e-05,2e-05,2e-05,5e-05,-0.00011,4e-05,0.0,3
11797,-0.00017,1e-05,2e-05,2e-05,5e-05,-0.00011,4e-05,0.0,3
11798,-0.00017,1e-05,2e-05,2e-05,5e-05,-0.00011,4e-05,0.0,3
11799,-0.00017,1e-05,2e-05,2e-05,5e-05,-0.00011,4e-05,0.0,3
11800,-0.0001,-3e-05,-3e-05,-2e-05,-0.00014,-0.00011,4e-05,2e-05,3
11801,-0.0001,-3e-05,-3e-05,-2e-05,-0.00014,-0.00011,4e-05,2e-05,3
11802,-0.00013,-1e-05,1e-05,-4e-05,-6e-05,-0.00012,-4e-05,-6e-05,3
11804,-0.00013,-1e-05,1e-05,-4e-05,-6e-05,-0.00012,-4e-05,-6e-05,3
11805,-0.00013,-1e-05,1e-05,-4e-05,-6e-05,-0.00012,-4e-05,-6e-05,3
11806,-0.00013,-1e-05,1e-05,-4e-05,-6e-05,-0.00012,-4e-05,-6e-05,3
11807,-0.00013,-1e-05,1e-05,-4e-05,-6e-05,-0.00012,-4e-05,-6e-05,3
11808,-0.00013,-1e-05,1e-05,-4e-05,-6e-05,-0.00012,-4e-05,-6e-05,3
11809,-0.00013,-1e-05,1e-05,-4e-05,-6e-05,-0.00012,-4e-05,-6e-05,3
11810,-0.00013,-1e-05,1e-05,-4e-05,-6e-05,-0.00012,-4e-05,-6e-05,3
11811,-0.00013,-1e-05,1e-05,-4e-05,-6e-05,-0.00012,-4e-05,-6e-05,3
11812,-0.00013,-1e-05,1e-05,-4e-05,-6e-05,-0.00012,-4e-05,-6e-05,3
11813,-0.00013,-1e-05,1e-05,-4e-05,-6e-05,-0.00012,-4e-05,-6e-05,3
11814,-0.00013,-1e-05,1e-05,-4e-05,-6e-05,-0.00012,-4e-05,-6e-05,3
11815,-0.00013,-1e-05,1e-05,-4e-05,-6e-05,-0.00012,-4e-05,-6e-05,3
11816,-0.00013,-1e-05,1e-05,-4e-05,-6e-05,-0.00012,-4e-05,-6e-05,3
11817,-0.00013,-1e-05,1e-05,-4e-05,-6e-05,-0.00012,-4e-05,-6e-05,3
11818,-0.00013,-1e-05,1e-05,-4e-05,-6e-05,-0.00012,-4e-05,-6e-05,3
11819,-0.00013,-1e-05,1e-05,-4e-05,-6e-05,-0.00012,-4e-05,-6e-05,3
11820,-0.00013,-1e-05,1e-05,-4e-05,-6e-05,-0.00012,-4e-05,-6e-05,3
11821,-0.00013,-1e-05,1e-05,-4e-05,-6e-05,-0.00012,-4e-05,-6e-05,3
11822,-0.00013,-1e-05,1e-05,-4e-05,-6e-05,-0.00012,-4e-05,-6e-05,3
11823,-2e-05,2e-05,2e-05,2e-05,6e-05,0.00048,3e-05,0.0,3
11824,-3e-05,-1e-05,-2e-05,3e-05,9e-05,3e-05,2e-05,-1e-05,3
11825,-3e-05,-1e-05,-2e-05,3e-05,9e-05,3e-05,2e-05,-1e-05,3
11826,-3e-05,-1e-05,-2e-05,3e-05,9e-05,3e-05,2e-05,-1e-05,3
11827,-3e-05,-1e-05,-2e-05,3e-05,9e-05,3e-05,2e-05,-1e-05,3
11828,-3e-05,-1e-05,-2e-05,3e-05,9e-05,3e-05,2e-05,-1e-05,3
11829,-3e-05,-1e-05,-2e-05,3e-05,9e-05,3e-05,2e-05,-1e-05,3
11830,-3e-05,-1e-05,-2e-05,3e-05,9e-05,3e-05,2e-05,-1e-05,3
11831,-3e-05,-1e-05,-2e-05,3e-05,9e-05,3e-05,2e-05,-1e-05,3
11832,-3e-05,-1e-05,-2e-05,3e-05,9e-05,3e-05,2e-05,-1e-05,3
11833,-3e-05,-1e-05,-2e-05,3e-05,9e-05,3e-05,2e-05,-1e-05,3
11834,-3e-05,-1e-05,-2e-05,3e-05,9e-05,3e-05,2e-05,-1e-05,3
11835,-3e-05,-1e-05,-2e-05,3e-05,9e-05,3e-05,2e-05,-1e-05,3
11836,-3e-05,-1e-05,-2e-05,3e-05,9e-05,3e-05,2e-05,-1e-05,3
11838,-7e-05,0.0,2e-05,7e-05,4e-05,0.00012,7e-05,2e-05,3
11839,-7e-05,0.0,2e-05,7e-05,4e-05,0.00012,7e-05,2e-05,3
11840,-7e-05,0.0,2e-05,7e-05,4e-05,0.00012,7e-05,2e-05,3
11841,-7e-05,0.0,2e-05,7e-05,4e-05,0.00012,7e-05,2e-05,3
11842,-7e-05,0.0,2e-05,7e-05,4e-05,0.00012,7e-05,2e-05,3
11843,-7e-05,0.0,2e-05,7e-05,4e-05,0.00012,7e-05,2e-05,3
11844,-7e-05,0.0,2e-05,7e-05,4e-05,0.00012,7e-05,2e-05,3
11845,6e-05,-3e-05,-6e-05,-0.0001,-7e-05,-0.0001,-1e-05,-2e-05,3
11846,9e-05,1e-05,3e-05,7e-05,0.00022,0.00036,-6e-05,4e-05,3
11847,9e-05,1e-05,3e-05,7e-05,0.00022,0.00036,-6e-05,4e-05,3
11848,9e-05,1e-05,3e-05,7e-05,0.00022,0.00036,-6e-05,4e-05,3
11849,9e-05,1e-05,3e-05,7e-05,0.00022,0.00036,-6e-05,4e-05,3
11850,9e-05,1e-05,3e-05,7e-05,0.00022,0.00036,-6e-05,4e-05,3
11851,9e-05,1e-05,3e-05,7e-05,0.00022,0.00036,-6e-05,4e-05,3
11852,9e-05,1e-05,3e-05,7e-05,0.00022,0.00036,-6e-05,4e-05,3
11855,9e-05,1e-05,3e-05,7e-05,0.00022,0.00036,-6e-05,4e-05,3
11856,9e-05,1e-05,3e-05,7e-05,0.00022,0.00036,-6e-05,4e-05,3
11857,9e-05,1e-05,3e-05,7e-05,0.00022,0.00036,-6e-05,4e-05,3
11858,9e-05,1e-05,3e-05,7e-05,0.00022,0.00036,-6e-05,4e-05,3
11859,9e-05,1e-05,3e-05,7e-05,0.00022,0.00036,-6e-05,4e-05,3
11860,-0.00012,1e-05,3e-05,0.0,7e-05,6e-05,-2e-05,-8e-05,3
11861,-0.00012,1e-05,3e-05,0.0,7e-05,6e-05,-2e-05,-8e-05,3
11862,-6e-05,-3e-05,-4e-05,-6e-05,-0.0001,-0.00016,2e-05,-1e-05,3
11863,-6e-05,-3e-05,-4e-05,-6e-05,-0.0001,-0.00016,2e-05,-1e-05,3
11864,-6e-05,-3e-05,-4e-05,-6e-05,-0.0001,-0.00016,2e-05,-1e-05,3
11865,-6e-05,-3e-05,-4e-05,-6e-05,-0.0001,-0.00016,2e-05,-1e-05,3
11866,-6e-05,-3e-05,-4e-05,-6e-05,-0.0001,-0.00016,2e-05,-1e-05,3
11867,-6e-05,-3e-05,-4e-05,-6e-05,-0.0001,-0.00016,2e-05,-1e-05,3
11868,-6e-05,-3e-05,-4e-05,-6e-05,-0.0001,-0.00016,2e-05,-1e-05,3
11869,-6e-05,-3e-05,-4e-05,-6e-05,-0.0001,-0.00016,2e-05,-1e-05,3
11870,-6e-05,-3e-05,-4e-05,-6e-05,-0.0001,-0.00016,2e-05,-1e-05,3
11871,-6e-05,-3e-05,-4e-05,-6e-05,-0.0001,-0.00016,2e-05,-1e-05,3
11872,-6e-05,-3e-05,-4e-05,-6e-05,-0.0001,-0.00016,2e-05,-1e-05,3
11873,-6e-05,-3e-05,-4e-05,-6e-05,-0.0001,-0.00016,2e-05,-1e-05,3
11874,-6e-05,-3e-05,-4e-05,-6e-05,-0.0001,-0.00016,2e-05,-1e-05,3
11875,-6e-05,-3e-05,-4e-05,-6e-05,-0.0001,-0.00016,2e-05,-1e-05,3
11876,-6e-05,-3e-05,-4e-05,-6e-05,-0.0001,-0.00016,2e-05,-1e-05,3
11877,-6e-05,-3e-05,-4e-05,-6e-05,-0.0001,-0.00016,2e-05,-1e-05,3
11878,-6e-05,-3e-05,-4e-05,-6e-05,-0.0001,-0.00016,2e-05,-1e-05,3
11879,-6e-05,-3e-05,-4e-05,-6e-05,-0.0001,-0.00016,2e-05,-1e-05,3
11880,-6e-05,-3e-05,-4e-05,-6e-05,-0.0001,-0.00016,2e-05,-1e-05,3
11881,-6e-05,-3e-05,-4e-05,-6e-05,-0.0001,-0.00016,2e-05,-1e-05,3
11882,-6e-05,-3e-05,-4e-05,-6e-05,-0.0001,-0.00016,2e-05,-1e-05,3
11883,-6e-05,-3e-05,-4e-05,-6e-05,-0.0001,-0.00016,2e-05,-1e-05,3
11884,-6e-05,-3e-05,-4e-05,-6e-05,-0.0001,-0.00016,2e-05,-1e-05,3
11885,-6e-05,-3e-05,-4e-05,-6e-05,-0.0001,-0.00016,2e-05,-1e-05,3
11886,-6e-05,-3e-05,-4e-05,-6e-05,-0.0001,-0.00016,2e-05,-1e-05,3
11888,-6e-05,-3e-05,-4e-05,-6e-05,-0.0001,-0.00016,2e-05,-1e-05,3
11889,-6e-05,-3e-05,-4e-05,-6e-05,-0.0001,-0.00016,2e-05,-1e-05,3
11890,-1e-05,0.0,0.0,-9e-05,-0.00014,-0.00034,-1e-05,3e-05,3
11891,-1e-05,0.0,0.0,-9e-05,-0.00014,-0.00034,-1e-05,3e-05,3
11892,-0.00011,-2e-05,0.0,5e-05,-0.00018,-0.00052,-9e-05,-4e-05,3
11893,-0.00011,-2e-05,0.0,5e-05,-0.00018,-0.00052,-9e-05,-4e-05,3
11894,-0.00011,-2e-05,0.0,5e-05,-0.00018,-0.00052,-9e-05,-4e-05,3
11895,-0.00011,-2e-05,0.0,5e-05,-0.00018,-0.00052,-9e-05,-4e-05,3
11896,-0.00011,-2e-05,0.0,5e-05,-0.00018,-0.00052,-9e-05,-4e-05,3
11897,-0.00011,-2e-05,0.0,5e-05,-0.00018,-0.00052,-9e-05,-4e-05,3
11898,-0.00011,-2e-05,0.0,5e-05,-0.00018,-0.00052,-9e-05,-4e-05,3
11899,-0.00011,-2e-05,0.0,5e-05,-0.00018,-0.00052,-9e-05,-4e-05,3
11900,-0.00011,-2e-05,0.0,5e-05,-0.00018,-0.00052,-9e-05,-4e-05,3
11901,-0.00011,-2e-05,0.0,5e-05,-0.00018,-0.00052,-9e-05,-4e-05,3
11903,-0.00011,-2e-05,0.0,5e-05,-0.00018,-0.00052,-9e-05,-4e-05,3
11904,-0.00011,-2e-05,0.0,5e-05,-0.00018,-0.00052,-9e-05,-4e-05,3
11905,-8e-05,1e-05,3e-05,9e-05,2e-05,6e-05,1e-05,-4e-05,3
11906,-8e-05,1e-05,3e-05,9e-05,2e-05,6e-05,1e-05,-4e-05,3
11907,-5e-05,-4e-05,-1e-05,3e-05,8e-05,-6e-05,1e-05,-3e-05,3
11908,-5e-05,-4e-05,-1e-05,3e-05,8e-05,-6e-05,1e-05,-3e-05,3
11909,-5e-05,-4e-05,-1e-05,3e-05,8e-05,-6e-05,1e-05,-3e-05,3
11910,-5e-05,-4e-05,-1e-05,3e-05,8e-05,-6e-05,1e-05,-3e-05,3
11911,-5e-05,-4e-05,-1e-05,3e-05,8e-05,-6e-05,1e-05,-3e-05,3
11912,-5e-05,-4e-05,-1e-05,3e-05,8e-05,-6e-05,1e-05,-3e-05,3
11913,-5e-05,-4e-05,-1e-05,3e-05,8e-05,-6e-05,1e-05,-3e-05,3
11914,-5e-05,-4e-05,-1e-05,3e-05,8e-05,-6e-05,1e-05,-3e-05,3
11915,-5e-05,-4e-05,-1e-05,3e-05,8e-05,-6e-05,1e-05,-3e-05,3
11916,-5e-05,-4e-05,-1e-05,3e-05,8e-05,-6e-05,1e-05,-3e-05,3
11917,-5e-05,-4e-05,-1e-05,3e-05,8e-05,-6e-05,1e-05,-3e-05,3
11918,-5e-05,-4e-05,-1e-05,3e-05,8e-05,-6e-05,1e-05,-3e-05,3
11919,-5e-05,-4e-05,-1e-05,3e-05,8e-05,-6e-05,1e-05,-3e-05,3
11920,0.0,2e-05,6e-05,2e-05,-0.00012,-0.00065,-6e-05,-6e-05,3
11921,0.0,2e-05,6e-05,2e-05,-0.00012,-0.00065,-6e-05,-6e-05,3
11922,-0.00027,-4e-05,-2e-05,-4e-05,-2e-05,0.00031,2e-05,-5e-05,3
11923,-0.00027,-4e-05,-2e-05,-4e-05,-2e-05,0.00031,2e-05,-5e-05,3
11924,-0.00027,-4e-05,-2e-05,-4e-05,-2e-05,0.00031,2e-05,-5e-05,3
11925,-0.00027,-4e-05,-2e-05,-4e-05,-2e-05,0.00031,2e-05,-5e-05,3
11926,-0.00027,-4e-05,-2e-05,-4e-05,-2e-05,0.00031,2e-05,-5e-05,3
11927,-0.00027,-4e-05,-2e-05,-4e-05,-2e-05,0.00031,2e-05,-5e-05,3
11928,-0.00027,-4e-05,-2e-05,-4e-05,-2e-05,0.00031,2e-05,-5e-05,3
11929,-0.00027,-4e-05,-2e-05,-4e-05,-2e-05,0.00031,2e-05,-5e-05,3
11930,-0.00027,-4e-05,-2e-05,-4e-05,-2e-05,0.00031,2e-05,-5e-05,3
11931,-0.00027,-4e-05,-2e-05,-4e-05,-2e-05,0.00031,2e-05,-5e-05,3
11932,-0.00027,-4e-05,-2e-05,-4e-05,-2e-05,0.00031,2e-05,-5e-05,3
11933,-0.00027,-4e-05,-2e-05,-4e-05,-2e-05,0.00031,2e-05,-5e-05,3
11934,-0.00027,-4e-05,-2e-05,-4e-05,-2e-05,0.00031,2e-05,-5e-05,3
11935,-0.00027,-4e-05,-2e-05,-4e-05,-2e-05,0.00031,2e-05,-5e-05,3
11936,-0.00027,-4e-05,-2e-05,-4e-05,-2e-05,0.00031,2e-05,-5e-05,3
11938,-0.00027,-4e-05,-2e-05,-4e-05,-2e-05,0.00031,2e-05,-5e-05,3
11939,-0.00027,-4e-05,-2e-05,-4e-05,-2e-05,0.00031,2e-05,-5e-05,3
11940,-0.00027,-4e-05,-2e-05,-4e-05,-2e-05,0.00031,2e-05,-5e-05,3
11941,-0.00027,-4e-05,-2e-05,-4e-05,-2e-05,0.00031,2e-05,-5e-05,3
11942,-0.00027,-4e-05,-2e-05,-4e-05,-2e-05,0.00031,2e-05,-5e-05,3
11943,-2e-05,-2e-05,-5e-05,-5e-05,-4e-05,-0.00026,-5e-05,-2e-05,3
11944,4e-05,0.0,-2e-05,-3e-05,-0.00021,-0.00036,-9e-05,2e-05,3
11945,4e-05,0.0,-2e-05,-3e-05,-0.00021,-0.00036,-9e-05,2e-05,3
11946,4e-05,0.0,-2e-05,-3e-05,-0.00021,-0.00036,-9e-05,2e-05,3
11947,4e-05,0.0,-2e-05,-3e-05,-0.00021,-0.00036,-9e-05,2e-05,3
11948,4e-05,0.0,-2e-05,-3e-05,-0.00021,-0.00036,-9e-05,2e-05,3
11949,4e-05,0.0,-2e-05,-3e-05,-0.00021,-0.00036,-9e-05,2e-05,3
11950,4e-05,0.0,-2e-05,-3e-05,-0.00021,-0.00036,-9e-05,2e-05,3
11951,4e-05,0.0,-2e-05,-3e-05,-0.00021,-0.00036,-9e-05,2e-05,3
11952,4e-05,0.0,-2e-05,-3e-05,-0.00021,-0.00036,-9e-05,2e-05,3
11953,4e-05,0.0,-2e-05,-3e-05,-0.00021,-0.00036,-9e-05,2e-05,3
11954,4e-05,0.0,-2e-05,-3e-05,-0.00021,-0.00036,-9e-05,2e-05,3
11955,4e-05,0.0,-2e-05,-3e-05,-0.00021,-0.00036,-9e-05,2e-05,3
11956,4e-05,0.0,-2e-05,-3e-05,-0.00021,-0.00036,-9e-05,2e-05,3
11957,4e-05,0.0,-2e-05,-3e-05,-0.00021,-0.00036,-9e-05,2e-05,3
11958,4e-05,0.0,-2e-05,-3e-05,-0.00021,-0.00036,-9e-05,2e-05,3
11959,4e-05,0.0,-2e-05,-3e-05,-0.00021,-0.00036,-9e-05,2e-05,3
11960,4e-05,0.0,-2e-05,-3e-05,-0.00021,-0.00036,-9e-05,2e-05,3
11961,4e-05,0.0,-2e-05,-3e-05,-0.00021,-0.00036,-9e-05,2e-05,3
11962,4e-05,0.0,-2e-05,-3e-05,-0.00021,-0.00036,-9e-05,2e-05,3
11963,4e-05,0.0,-2e-05,-3e-05,-0.00021,-0.00036,-9e-05,2e-05,3
11964,4e-05,0.0,-2e-05,-3e-05,-0.00021,-0.00036,-9e-05,2e-05,3
11965,1e-05,2e-05,0.0,7e-05,0.0001,-5e-05,7e-05,3e-05,3
11966,1e-05,2e-05,0.0,7e-05,0.0001,-5e-05,7e-05,3e-05,3
11967,2e-05,0.0,-2e-05,-1e-05,0.00019,0.00025,-2e-05,-1e-05,3
11968,2e-05,0.0,-2e-05,-1e-05,0.00019,0.00025,-2e-05,-1e-05,3
11969,2e-05,0.0,-2e-05,-1e-05,0.00019,0.00025,-2e-05,-1e-05,3
11970,2e-05,0.0,-2e-05,-1e-05,0.00019,0.00025,-2e-05,-1e-05,3
11971,2e-05,0.0,-2e-05,-1e-05,0.00019,0.00025,-2e-05,-1e-05,3
11972,2e-05,0.0,-2e-05,-1e-05,0.00019,0.00025,-2e-05,-1e-05,3
11973,2e-05,0.0,-2e-05,-1e-05,0.00019,0.00025,-2e-05,-1e-05,3
11974,2e-05,0.0,-2e-05,-1e-05,0.00019,0.00025,-2e-05,-1e-05,3
11975,2e-05,0.0,-2e-05,-1e-05,0.00019,0.00025,-2e-05,-1e-05,3
11976,2e-05,0.0,-2e-05,-1e-05,0.00019,0.00025,-2e-05,-1e-05,3
11977,2e-05,0.0,-2e-05,-1e-05,0.00019,0.00025,-2e-05,-1e-05,3
11978,2e-05,0.0,-2e-05,-1e-05,0.00019,0.00025,-2e-05,-1e-05,3
11979,2e-05,0.0,-2e-05,-1e-05,0.00019,0.00025,-2e-05,-1e-05,3
11980,-6e-05,-2e-05,-3e-05,3e-05,-0.00011,-0.00016,-1e-05,-1e-05,3
11981,4e-05,-4e-05,-6e-05,-0.00016,-0.00016,-0.00022,-0.00012,-2e-05,3
11982,-3e-05,-1e-05,2e-05,-6e-05,-0.00015,-0.00036,-5e-05,-4e-05,3
11983,-3e-05,-1e-05,2e-05,-6e-05,-0.00015,-0.00036,-5e-05,-4e-05,3
11984,-3e-05,-1e-05,2e-05,-6e-05,-0.00015,-0.00036,-5e-05,-4e-05,3
11985,-3e-05,-1e-05,2e-05,-6e-05,-0.00015,-0.00036,-5e-05,-4e-05,3
11986,-3e-05,-1e-05,2e-05,-6e-05,-0.00015,-0.00036,-5e-05,-4e-05,3
11988,-3e-05,-1e-05,2e-05,-6e-05,-0.00015,-0.00036,-5e-05,-4e-05,3
11989,-3e-05,-1e-05,2e-05,-6e-05,-0.00015,-0.00036,-5e-05,-4e-05,3
11990,-3e-05,-1e-05,2e-05,-6e-05,-0.00015,-0.00036,-5e-05,-4e-05,3
11991,-3e-05,-1e-05,2e-05,-6e-05,-0.00015,-0.00036,-5e-05,-4e-05,3
11992,-3e-05,-1e-05,2e-05,-6e-05,-0.00015,-0.00036,-5e-05,-4e-05,3
11993,-3e-05,-1e-05,2e-05,-6e-05,-0.00015,-0.00036,-5e-05,-4e-05,3
11994,-3e-05,-1e-05,2e-05,-6e-05,-0.00015,-0.00036,-5e-05,-4e-05,3
11995,-3e-05,-1e-05,2e-05,-6e-05,-0.00015,-0.00036,-5e-05,-4e-05,3
11996,-3e-05,-1e-05,2e-05,-6e-05,-0.00015,-0.00036,-5e-05,-4e-05,3
11997,-3e-05,-1e-05,2e-05,-6e-05,-0.00015,-0.00036,-5e-05,-4e-05,3
11998,-3e-05,-1e-05,2e-05,-6e-05,-0.00015,-0.00036,-5e-05,-4e-05,3
11999,-3e-05,-1e-05,2e-05,-6e-05,-0.00015,-0.00036,-5e-05,-4e-05,3
12000,-3e-05,-1e-05,2e-05,-6e-05,-0.00015,-0.00036,-5e-05,-4e-05,3
12001,-3e-05,-1e-05,2e-05,-6e-05,-0.00015,-0.00036,-5e-05,-4e-05,3
12002,-3e-05,-1e-05,2e-05,-6e-05,-0.00015,-0.00036,-5e-05,-4e-05,3
12003,-3e-05,-1e-05,1e-05,1e-05,-9e-05,0.00037,2e-05,-1e-05,3
12004,-3e-05,-2e-05,-1e-05,-3e-05,-8e-05,3e-05,-1e-05,-2e-05,3
12005,-3e-05,-2e-05,-1e-05,-3e-05,-8e-05,3e-05,-1e-05,-2e-05,3
12006,-3e-05,-2e-05,-1e-05,-3e-05,-8e-05,3e-05,-1e-05,-2e-05,3
12007,-3e-05,-2e-05,-1e-05,-3e-05,-8e-05,3e-05,-1e-05,-2e-05,3
12008,-3e-05,-2e-05,-1e-05,-3e-05,-8e-05,3e-05,-1e-05,-2e-05,3
12009,-3e-05,-2e-05,-1e-05,-3e-05,-8e-05,3e-05,-1e-05,-2e-05,3
12010,-3e-05,-2e-05,-1e-05,-3e-05,-8e-05,3e-05,-1e-05,-2e-05,3
12011,-3e-05,-2e-05,-1e-05,-3e-05,-8e-05,3e-05,-1e-05,-2e-05,3
12012,-3e-05,-2e-05,-1e-05,-3e-05,-8e-05,3e-05,-1e-05,-2e-05,3
12013,-3e-05,-2e-05,-1e-05,-3e-05,-8e-05,3e-05,-1e-05,-2e-05,3
12014,-3e-05,-2e-05,-1e-05,-3e-05,-8e-05,3e-05,-1e-05,-2e-05,3
12015,-3e-05,-2e-05,-1e-05,-3e-05,-8e-05,3e-05,-1e-05,-2e-05,3
12016,-3e-05,-2e-05,-1e-05,-3e-05,-8e-05,3e-05,-1e-05,-2e-05,3
12017,-3e-05,-2e-05,-1e-05,-3e-05,-8e-05,3e-05,-1e-05,-2e-05,3
12018,-3e-05,-2e-05,-1e-05,-3e-05,-8e-05,3e-05,-1e-05,-2e-05,3
12019,-3e-05,-2e-05,-1e-05,-3e-05,-8e-05,3e-05,-1e-05,-2e-05,3
12020,-3e-05,-2e-05,-1e-05,-3e-05,-8e-05,3e-05,-1e-05,-2e-05,3
12021,-3e-05,-2e-05,-1e-05,-3e-05,-8e-05,3e-05,-1e-05,-2e-05,3
12022,-3e-05,-2e-05,-1e-05,-3e-05,-8e-05,3e-05,-1e-05,-2e-05,3
12023,-3e-05,-2e-05,-1e-05,-3e-05,-8e-05,3e-05,-1e-05,-2e-05,3
12024,-3e-05,-2e-05,-1e-05,-3e-05,-8e-05,3e-05,-1e-05,-2e-05,3
12025,-5e-05,-6e-05,-4e-05,-2e-05,-2e-05,-0.00016,-5e-05,0.0,3
12026,-5e-05,-6e-05,-4e-05,-2e-05,-2e-05,-0.00016,-5e-05,0.0,3
12027,0.00017,4e-05,0.0,-3e-05,0.00019,0.00025,-1e-05,-1e-05,3
12028,0.00017,4e-05,0.0,-3e-05,0.00019,0.00025,-1e-05,-1e-05,3
12029,0.00017,4e-05,0.0,-3e-05,0.00019,0.00025,-1e-05,-1e-05,3
12030,0.00017,4e-05,0.0,-3e-05,0.00019,0.00025,-1e-05,-1e-05,3
12031,0.00017,4e-05,0.0,-3e-05,0.00019,0.00025,-1e-05,-1e-05,3
12032,0.00017,4e-05,0.0,-3e-05,0.00019,0.00025,-1e-05,-1e-05,3
12033,0.00017,4e-05,0.0,-3e-05,0.00019,0.00025,-1e-05,-1e-05,3
12034,0.00017,4e-05,0.0,-3e-05,0.00019,0.00025,-1e-05,-1e-05,3
12035,0.00017,4e-05,0.0,-3e-05,0.00019,0.00025,-1e-05,-1e-05,3
12036,0.00017,4e-05,0.0,-3e-05,0.00019,0.00025,-1e-05,-1e-05,3
12038,0.00017,4e-05,0.0,-3e-05,0.00019,0.00025,-1e-05,-1e-05,3
12039,0.00017,4e-05,0.0,-3e-05,0.00019,0.00025,-1e-05,-1e-05,3
12040,0.00017,4e-05,0.0,-3e-05,0.00019,0.00025,-1e-05,-1e-05,3
12041,0.00017,4e-05,0.0,-3e-05,0.00019,0.00025,-1e-05,-1e-05,3
12042,0.00017,4e-05,0.0,-3e-05,0.00019,0.00025,-1e-05,-1e-05,3
12043,0.00017,4e-05,0.0,-3e-05,0.00019,0.00025,-1e-05,-1e-05,3
12044,0.00017,4e-05,0.0,-3e-05,0.00019,0.00025,-1e-05,-1e-05,3
12045,0.00017,4e-05,0.0,-3e-05,0.00019,0.00025,-1e-05,-1e-05,3
12046,0.00017,4e-05,0.0,-3e-05,0.00019,0.00025,-1e-05,-1e-05,3
12047,0.00017,4e-05,0.0,-3e-05,0.00019,0.00025,-1e-05,-1e-05,3
12048,7e-05,3e-05,2e-05,3e-05,0.00029,0.00023,-3e-05,-8e-05,3
12049,0.0,-5e-05,-7e-05,-9e-05,-3e-05,6e-05,3e-05,2e-05,3
12050,0.0,-5e-05,-7e-05,-9e-05,-3e-05,6e-05,3e-05,2e-05,3
12051,0.0,-5e-05,-7e-05,-9e-05,-3e-05,6e-05,3e-05,2e-05,3
12052,0.0,-5e-05,-7e-05,-9e-05,-3e-05,6e-05,3e-05,2e-05,3
12054,0.0,-5e-05,-7e-05,-9e-05,-3e-05,6e-05,3e-05,2e-05,3
12055,0.0,-5e-05,-7e-05,-9e-05,-3e-05,6e-05,3e-05,2e-05,3
12056,0.0,-5e-05,-7e-05,-9e-05,-3e-05,6e-05,3e-05,2e-05,3
12057,0.0,-5e-05,-7e-05,-9e-05,-3e-05,6e-05,3e-05,2e-05,3
12058,0.0,-5e-05,-7e-05,-9e-05,-3e-05,6e-05,3e-05,2e-05,3
12059,0.0,-5e-05,-7e-05,-9e-05,-3e-05,6e-05,3e-05,2e-05,3
12060,0.0,-5e-05,-7e-05,-9e-05,-3e-05,6e-05,3e-05,2e-05,3
12061,0.0,-5e-05,-7e-05,-9e-05,-3e-05,6e-05,3e-05,2e-05,3
12062,0.0,-5e-05,-7e-05,-9e-05,-3e-05,6e-05,3e-05,2e-05,3
12063,0.0,0.0,2e-05,-2e-05,-0.00019,-0.00057,-7e-05,-4e-05,3
12064,-2e-05,1e-05,-2e-05,-6e-05,0.0,0.00036,0.0001,3e-05,3
12065,-7e-05,1e-05,2e-05,1e-05,3e-05,-0.00019,-1e-05,-3e-05,3
12066,-7e-05,1e-05,2e-05,1e-05,3e-05,-0.00019,-1e-05,-3e-05,3
12067,-7e-05,1e-05,2e-05,1e-05,3e-05,-0.00019,-1e-05,-3e-05,3
12068,-7e-05,1e-05,2e-05,1e-05,3e-05,-0.00019,-1e-05,-3e-05,3
12069,-7e-05,1e-05,2e-05,1e-05,3e-05,-0.00019,-1e-05,-3e-05,3
12070,-7e-05,1e-05,2e-05,1e-05,3e-05,-0.00019,-1e-05,-3e-05,3
12071,-7e-05,1e-05,2e-05,1e-05,3e-05,-0.00019,-1e-05,-3e-05,3
12072,-7e-05,1e-05,2e-05,1e-05,3e-05,-0.00019,-1e-05,-3e-05,3
12073,-7e-05,1e-05,2e-05,1e-05,3e-05,-0.00019,-1e-05,-3e-05,3
12074,-7e-05,1e-05,2e-05,1e-05,3e-05,-0.00019,-1e-05,-3e-05,3
12075,-7e-05,1e-05,2e-05,1e-05,3e-05,-0.00019,-1e-05,-3e-05,3
12076,-7e-05,1e-05,2e-05,1e-05,3e-05,-0.00019,-1e-05,-3e-05,3
12077,-7e-05,1e-05,2e-05,1e-05,3e-05,-0.00019,-1e-05,-3e-05,3
12078,-7e-05,1e-05,2e-05,1e-05,3e-05,-0.00019,-1e-05,-3e-05,3
12079,-7e-05,1e-05,2e-05,1e-05,3e-05,-0.00019,-1e-05,-3e-05,3
12080,-7e-05,1e-05,2e-05,1e-05,3e-05,-0.00019,-1e-05,-3e-05,3
12081,-7e-05,1e-05,2e-05,1e-05,3e-05,-0.00019,-1e-05,-3e-05,3
12082,-7e-05,1e-05,2e-05,1e-05,3e-05,-0.00019,-1e-05,-3e-05,3
12083,-7e-05,1e-05,2e-05,1e-05,3e-05,-0.00019,-1e-05,-3e-05,3
12084,-7e-05,1e-05,2e-05,1e-05,3e-05,-0.00019,-1e-05,-3e-05,3
12085,2e-05,-1e-05,1e-05,4e-05,-0.00012,-0.00024,-6e-05,4e-05,3
12086,2e-05,-1e-05,1e-05,4e-05,-0.00012,-0.00024,-6e-05,4e-05,3
12088,2e-05,-1e-05,1e-05,4e-05,-0.00012,-0.00024,-6e-05,4e-05,3
12089,-6e-05,0.0,3e-05,0.0001,0.00015,0.00044,0.00012,1e-05,3
12090,-6e-05,0.0,3e-05,0.0001,0.00015,0.00044,0.00012,1e-05,3
12091,-6e-05,0.0,3e-05,0.0001,0.00015,0.00044,0.00012,1e-05,3
12092,-6e-05,0.0,3e-05,0.0001,0.00015,0.00044,0.00012,1e-05,3
12093,-6e-05,0.0,3e-05,0.0001,0.00015,0.00044,0.00012,1e-05,3
12094,-6e-05,0.0,3e-05,0.0001,0.00015,0.00044,0.00012,1e-05,3
12095,-6e-05,0.0,3e-05,0.0001,0.00015,0.00044,0.00012,1e-05,3
12096,-6e-05,0.0,3e-05,0.0001,0.00015,0.00044,0.00012,1e-05,3
12097,-6e-05,0.0,3e-05,0.0001,0.00015,0.00044,0.00012,1e-05,3
12098,-6e-05,0.0,3e-05,0.0001,0.00015,0.00044,0.00012,1e-05,3
12099,8e-05,1e-05,-3e-05,-2e-05,-7e-05,-0.00016,-3e-05,-2e-05,3
12100,1e-05,1e-05,-1e-05,2e-05,0.00022,0.00041,6e-05,1e-05,3
12101,1e-05,1e-05,-1e-05,2e-05,0.00022,0.00041,6e-05,1e-05,3
12102,1e-05,1e-05,-1e-05,2e-05,0.00022,0.00041,6e-05,1e-05,3
12104,1e-05,1e-05,-1e-05,2e-05,0.00022,0.00041,6e-05,1e-05,3
12105,1e-05,1e-05,-1e-05,2e-05,0.00022,0.00041,6e-05,1e-05,3
12106,-1e-05,1e-05,2e-05,6e-05,1e-05,-0.00031,-0.00012,5e-05,3
12107,-1e-05,1e-05,2e-05,6e-05,1e-05,-0.00031,-0.00012,5e-05,3
12108,-1e-05,1e-05,2e-05,6e-05,1e-05,-0.00031,-0.00012,5e-05,3
12109,-1e-05,1e-05,2e-05,6e-05,1e-05,-0.00031,-0.00012,5e-05,3
12110,-1e-05,1e-05,2e-05,6e-05,1e-05,-0.00031,-0.00012,5e-05,3
12111,-1e-05,1e-05,2e-05,6e-05,1e-05,-0.00031,-0.00012,5e-05,3
12112,-1e-05,1e-05,2e-05,6e-05,1e-05,-0.00031,-0.00012,5e-05,3
12113,-1e-05,1e-05,2e-05,6e-05,1e-05,-0.00031,-0.00012,5e-05,3
12114,-1e-05,1e-05,2e-05,6e-05,1e-05,-0.00031,-0.00012,5e-05,3
12115,-1e-05,1e-05,2e-05,6e-05,1e-05,-0.00031,-0.00012,5e-05,3
12116,-1e-05,1e-05,2e-05,6e-05,1e-05,-0.00031,-0.00012,5e-05,3
12117,-1e-05,1e-05,2e-05,6e-05,1e-05,-0.00031,-0.00012,5e-05,3
12118,-1e-05,1e-05,2e-05,6e-05,1e-05,-0.00031,-0.00012,5e-05,3
12119,-1e-05,1e-05,2e-05,6e-05,1e-05,-0.00031,-0.00012,5e-05,3
12120,-1e-05,1e-05,2e-05,6e-05,1e-05,-0.00031,-0.00012,5e-05,3
12121,-1e-05,1e-05,2e-05,6e-05,1e-05,-0.00031,-0.00012,5e-05,3
12122,-1e-05,1e-05,2e-05,6e-05,1e-05,-0.00031,-0.00012,5e-05,3
12123,0.0,2e-05,0.0,-1e-05,1e-05,-0.0001,1e-05,2e-05,3
12124,-6e-05,-3e-05,2e-05,1e-05,-0.00015,-0.00013,-5e-05,0.0,3
12125,-6e-05,-3e-05,2e-05,1e-05,-0.00015,-0.00013,-5e-05,0.0,3
12126,-6e-05,-3e-05,2e-05,1e-05,-0.00015,-0.00013,-5e-05,0.0,3
12127,-6e-05,-3e-05,2e-05,1e-05,-0.00015,-0.00013,-5e-05,0.0,3
12128,-6e-05,-3e-05,2e-05,1e-05,-0.00015,-0.00013,-5e-05,0.0,3
12129,-6e-05,-3e-05,2e-05,1e-05,-0.00015,-0.00013,-5e-05,0.0,3
12130,-6e-05,-3e-05,2e-05,1e-05,-0.00015,-0.00013,-5e-05,0.0,3
12131,-6e-05,-3e-05,2e-05,1e-05,-0.00015,-0.00013,-5e-05,0.0,3
12132,-6e-05,-3e-05,2e-05,1e-05,-0.00015,-0.00013,-5e-05,0.0,3
12133,-6e-05,-3e-05,2e-05,1e-05,-0.00015,-0.00013,-5e-05,0.0,3
12134,-6e-05,-3e-05,2e-05,1e-05,-0.00015,-0.00013,-5e-05,0.0,3
12135,-6e-05,-3e-05,2e-05,1e-05,-0.00015,-0.00013,-5e-05,0.0,3
12136,-6e-05,-3e-05,2e-05,1e-05,-0.00015,-0.00013,-5e-05,0.0,3
12138,-6e-05,-3e-05,2e-05,1e-05,-0.00015,-0.00013,-5e-05,0.0,3
12139,-6e-05,-3e-05,2e-05,1e-05,-0.00015,-0.00013,-5e-05,0.0,3
12140,-6e-05,-3e-05,2e-05,1e-05,-0.00015,-0.00013,-5e-05,0.0,3
12141,-6e-05,-3e-05,2e-05,1e-05,-0.00015,-0.00013,-5e-05,0.0,3
12142,-6e-05,-3e-05,2e-05,1e-05,-0.00015,-0.00013,-5e-05,0.0,3
12143,-6e-05,-3e-05,2e-05,1e-05,-0.00015,-0.00013,-5e-05,0.0,3
12144,-6e-05,-3e-05,2e-05,1e-05,-0.00015,-0.00013,-5e-05,0.0,3
12145,-3e-05,1e-05,1e-05,-8e-05,2e-05,0.00032,9e-05,1e-05,3
12146,-3e-05,1e-05,1e-05,-8e-05,2e-05,0.00032,9e-05,1e-05,3
12147,5e-05,1e-05,5e-05,0.00016,8e-05,-0.00014,3e-05,3e-05,3
12148,1e-05,0.0,-3e-05,-3e-05,7e-05,0.0003,4e-05,-1e-05,3
12149,1e-05,0.0,-3e-05,-3e-05,7e-05,0.0003,4e-05,-1e-05,3
12150,1e-05,0.0,-3e-05,-3e-05,7e-05,0.0003,4e-05,-1e-05,3
12151,1e-05,0.0,-3e-05,-3e-05,7e-05,0.0003,4e-05,-1e-05,3
12152,1e-05,0.0,-3e-05,-3e-05,7e-05,0.0003,4e-05,-1e-05,3
12154,1e-05,0.0,-3e-05,-3e-05,7e-05,0.0003,4e-05,-1e-05,3
12155,1e-05,0.0,-3e-05,-3e-05,7e-05,0.0003,4e-05,-1e-05,3
12156,1e-05,0.0,-3e-05,-3e-05,7e-05,0.0003,4e-05,-1e-05,3
12157,1e-05,0.0,-3e-05,-3e-05,7e-05,0.0003,4e-05,-1e-05,3
12158,1e-05,0.0,-3e-05,-3e-05,7e-05,0.0003,4e-05,-1e-05,3
12159,1e-05,0.0,-3e-05,-3e-05,7e-05,0.0003,4e-05,-1e-05,3
12160,1e-05,0.0,-3e-05,-3e-05,7e-05,0.0003,4e-05,-1e-05,3
12161,1e-05,0.0,-3e-05,-3e-05,7e-05,0.0003,4e-05,-1e-05,3
12162,1e-05,0.0,-3e-05,-3e-05,7e-05,0.0003,4e-05,-1e-05,3
12163,1e-05,0.0,-3e-05,-3e-05,7e-05,0.0003,4e-05,-1e-05,3
12164,1e-05,0.0,-3e-05,-3e-05,7e-05,0.0003,4e-05,-1e-05,3
12165,1e-05,0.0,-3e-05,-3e-05,7e-05,0.0003,4e-05,-1e-05,3
12166,1e-05,0.0,-3e-05,-3e-05,7e-05,0.0003,4e-05,-1e-05,3
12167,1e-05,0.0,-3e-05,-3e-05,7e-05,0.0003,4e-05,-1e-05,3
12168,-3e-05,-4e-05,-2e-05,-0.00011,-0.00014,-0.00012,-6e-05,-1e-05,3
12169,-1e-05,-2e-05,0.0,1e-05,9e-05,-0.0001,3e-05,-1e-05,3
12170,-1e-05,-2e-05,0.0,1e-05,9e-05,-0.0001,3e-05,-1e-05,3
12171,-1e-05,-2e-05,0.0,1e-05,9e-05,-0.0001,3e-05,-1e-05,3
12172,-1e-05,-2e-05,0.0,1e-05,9e-05,-0.0001,3e-05,-1e-05,3
12173,-1e-05,-2e-05,0.0,1e-05,9e-05,-0.0001,3e-05,-1e-05,3
12174,-1e-05,-2e-05,0.0,1e-05,9e-05,-0.0001,3e-05,-1e-05,3
12175,-1e-05,-2e-05,0.0,1e-05,9e-05,-0.0001,3e-05,-1e-05,3
12176,-1e-05,-2e-05,0.0,1e-05,9e-05,-0.0001,3e-05,-1e-05,3
12177,-1e-05,-2e-05,0.0,1e-05,9e-05,-0.0001,3e-05,-1e-05,3
12178,-1e-05,-2e-05,0.0,1e-05,9e-05,-0.0001,3e-05,-1e-05,3
12179,-1e-05,-2e-05,0.0,1e-05,9e-05,-0.0001,3e-05,-1e-05,3
12180,-1e-05,-2e-05,0.0,1e-05,9e-05,-0.0001,3e-05,-1e-05,3
12181,-1e-05,-2e-05,0.0,1e-05,9e-05,-0.0001,3e-05,-1e-05,3
12182,-1e-05,-2e-05,0.0,1e-05,9e-05,-0.0001,3e-05,-1e-05,3
12183,1e-05,1e-05,0.0,5e-05,9e-05,1e-05,2e-05,1e-05,3
12184,2e-05,1e-05,2e-05,0.0001,7e-05,0.0007,6e-05,2e-05,3
12185,2e-05,1e-05,2e-05,0.0001,7e-05,0.0007,6e-05,2e-05,3
12186,2e-05,1e-05,2e-05,0.0001,7e-05,0.0007,6e-05,2e-05,3
12188,2e-05,1e-05,2e-05,0.0001,7e-05,0.0007,6e-05,2e-05,3
12189,2e-05,1e-05,2e-05,0.0001,7e-05,0.0007,6e-05,2e-05,3
12190,2e-05,1e-05,2e-05,0.0001,7e-05,0.0007,6e-05,2e-05,3
12191,2e-05,1e-05,2e-05,0.0001,7e-05,0.0007,6e-05,2e-05,3
12192,2e-05,1e-05,2e-05,0.0001,7e-05,0.0007,6e-05,2e-05,3
12193,2e-05,1e-05,2e-05,0.0001,7e-05,0.0007,6e-05,2e-05,3
12194,2e-05,1e-05,2e-05,0.0001,7e-05,0.0007,6e-05,2e-05,3
12195,2e-05,1e-05,2e-05,0.0001,7e-05,0.0007,6e-05,2e-05,3
12196,2e-05,1e-05,2e-05,0.0001,7e-05,0.0007,6e-05,2e-05,3
12197,2e-05,1e-05,2e-05,0.0001,7e-05,0.0007,6e-05,2e-05,3
12198,2e-05,1e-05,2e-05,0.0001,7e-05,0.0007,6e-05,2e-05,3
12199,2e-05,1e-05,2e-05,0.0001,7e-05,0.0007,6e-05,2e-05,3
12200,2e-05,1e-05,2e-05,0.0001,7e-05,0.0007,6e-05,2e-05,3
12201,2e-05,1e-05,2e-05,0.0001,7e-05,0.0007,6e-05,2e-05,3
12202,2e-05,1e-05,2e-05,0.0001,7e-05,0.0007,6e-05,2e-05,3
12204,2e-05,1e-05,2e-05,0.0001,7e-05,0.0007,6e-05,2e-05,3
12205,-1e-05,-3e-05,-3e-05,-3e-05,-0.00021,-0.00024,-0.00015,-6e-05,3
12206,-1e-05,-3e-05,-3e-05,-3e-05,-0.00021,-0.00024,-0.00015,-6e-05,3
12207,-8e-05,-3e-05,-2e-05,-5e-05,-0.00011,-0.00016,-7e-05,-5e-05,3
12208,-8e-05,-3e-05,-2e-05,-5e-05,-0.00011,-0.00016,-7e-05,-5e-05,3
12209,-8e-05,-3e-05,-2e-05,-5e-05,-0.00011,-0.00016,-7e-05,-5e-05,3
12210,-8e-05,-3e-05,-2e-05,-5e-05,-0.00011,-0.00016,-7e-05,-5e-05,3
12211,-8e-05,-3e-05,-2e-05,-5e-05,-0.00011,-0.00016,-7e-05,-5e-05,3
12212,-8e-05,-3e-05,-2e-05,-5e-05,-0.00011,-0.00016,-7e-05,-5e-05,3
12213,-8e-05,-3e-05,-2e-05,-5e-05,-0.00011,-0.00016,-7e-05,-5e-05,3
12214,-8e-05,-3e-05,-2e-05,-5e-05,-0.00011,-0.00016,-7e-05,-5e-05,3
12215,-8e-05,-3e-05,-2e-05,-5e-05,-0.00011,-0.00016,-7e-05,-5e-05,3
12216,-8e-05,-3e-05,-2e-05,-5e-05,-0.00011,-0.00016,-7e-05,-5e-05,3
12217,-8e-05,-3e-05,-2e-05,-5e-05,-0.00011,-0.00016,-7e-05,-5e-05,3
12218,-8e-05,-3e-05,-2e-05,-5e-05,-0.00011,-0.00016,-7e-05,-5e-05,3
12219,0.00012,2e-05,6e-05,3e-05,0.00022,0.00023,1e-05,2e-05,3
12220,3e-05,-3e-05,-2e-05,-7e-05,-0.00017,0.00019,1e-05,3e-05,3
12221,3e-05,-3e-05,-2e-05,-7e-05,-0.00017,0.00019,1e-05,3e-05,3
12222,3e-05,-3e-05,-2e-05,-7e-05,-0.00017,0.00019,1e-05,3e-05,3
12223,3e-05,-3e-05,-2e-05,-7e-05,-0.00017,0.00019,1e-05,3e-05,3
12224,3e-05,-3e-05,-2e-05,-7e-05,-0.00017,0.00019,1e-05,3e-05,3
12225,3e-05,-3e-05,-2e-05,-7e-05,-0.00017,0.00019,1e-05,3e-05,3
12226,-5e-05,-8e-05,-6e-05,-0.00011,-0.00013,-0.00032,8e-05,-4e-05,3
12227,-5e-05,-8e-05,-6e-05,-0.00011,-0.00013,-0.00032,8e-05,-4e-05,3
12228,-5e-05,-8e-05,-6e-05,-0.00011,-0.00013,-0.00032,8e-05,-4e-05,3
12229,-5e-05,-8e-05,-6e-05,-0.00011,-0.00013,-0.00032,8e-05,-4e-05,3
12230,-5e-05,-8e-05,-6e-05,-0.00011,-0.00013,-0.00032,8e-05,-4e-05,3
12231,-5e-05,-8e-05,-6e-05,-0.00011,-0.00013,-0.00032,8e-05,-4e-05,3
12232,-5e-05,-8e-05,-6e-05,-0.00011,-0.00013,-0.00032,8e-05,-4e-05,3
12233,-5e-05,-8e-05,-6e-05,-0.00011,-0.00013,-0.00032,8e-05,-4e-05,3
12234,-5e-05,-8e-05,-6e-05,-0.00011,-0.00013,-0.00032,8e-05,-4e-05,3
12235,-5e-05,-8e-05,-6e-05,-0.00011,-0.00013,-0.00032,8e-05,-4e-05,3
12236,-5e-05,-8e-05,-6e-05,-0.00011,-0.00013,-0.00032,8e-05,-4e-05,3
12238,-5e-05,-8e-05,-6e-05,-0.00011,-0.00013,-0.00032,8e-05,-4e-05,3
12239,-5e-05,-8e-05,-6e-05,-0.00011,-0.00013,-0.00032,8e-05,-4e-05,3
12240,-5e-05,-8e-05,-6e-05,-0.00011,-0.00013,-0.00032,8e-05,-4e-05,3
12241,-5e-05,-8e-05,-6e-05,-0.00011,-0.00013,-0.00032,8e-05,-4e-05,3
12242,-5e-05,-8e-05,-6e-05,-0.00011,-0.00013,-0.00032,8e-05,-4e-05,3
12243,-3e-05,-4e-05,-4e-05,-2e-05,0.0,-0.00012,-1e-05,-6e-05,3
12244,-5e-05,0.0,3e-05,2e-05,0.00012,0.00014,2e-05,-2e-05,3
12245,-5e-05,0.0,3e-05,2e-05,0.00012,0.00014,2e-05,-2e-05,3
12246,-5e-05,0.0,3e-05,2e-05,0.00012,0.00014,2e-05,-2e-05,3
12247,-5e-05,0.0,3e-05,2e-05,0.00012,0.00014,2e-05,-2e-05,3
12248,-5e-05,0.0,3e-05,2e-05,0.00012,0.00014,2e-05,-2e-05,3
12249,-5e-05,0.0,3e-05,2e-05,0.00012,0.00014,2e-05,-2e-05,3
12250,-5e-05,0.0,3e-05,2e-05,0.00012,0.00014,2e-05,-2e-05,3
12251,-5e-05,0.0,3e-05,2e-05,0.00012,0.00014,2e-05,-2e-05,3
12252,-5e-05,0.0,3e-05,2e-05,0.00012,0.00014,2e-05,-2e-05,3
12254,-5e-05,0.0,3e-05,2e-05,0.00012,0.00014,2e-05,-2e-05,3
12255,-5e-05,0.0,3e-05,2e-05,0.00012,0.00014,2e-05,-2e-05,3
12256,-5e-05,0.0,3e-05,2e-05,0.00012,0.00014,2e-05,-2e-05,3
12257,-5e-05,0.0,3e-05,2e-05,0.00012,0.00014,2e-05,-2e-05,3
12258,-5e-05,0.0,3e-05,2e-05,0.00012,0.00014,2e-05,-2e-05,3
12259,-5e-05,0.0,3e-05,2e-05,0.00012,0.00014,2e-05,-2e-05,3
12260,-5e-05,0.0,3e-05,2e-05,0.00012,0.00014,2e-05,-2e-05,3
12261,-5e-05,0.0,3e-05,2e-05,0.00012,0.00014,2e-05,-2e-05,3
12262,-5e-05,0.0,3e-05,2e-05,0.00012,0.00014,2e-05,-2e-05,3
12263,-5e-05,0.0,3e-05,2e-05,0.00012,0.00014,2e-05,-2e-05,3
12264,-5e-05,0.0,3e-05,2e-05,0.00012,0.00014,2e-05,-2e-05,3
12265,-5e-05,0.0,3e-05,2e-05,0.00012,0.00014,2e-05,-2e-05,3
12266,-1e-05,-3e-05,-2e-05,4e-05,5e-05,-0.00021,-1e-05,0.0,3
12267,-1e-05,-3e-05,-2e-05,4e-05,5e-05,-0.00021,-1e-05,0.0,3
12268,-1e-05,-3e-05,-2e-05,4e-05,5e-05,-0.00021,-1e-05,0.0,3
12269,-1e-05,-3e-05,-2e-05,4e-05,5e-05,-0.00021,-1e-05,0.0,3
12270,-1e-05,-3e-05,-2e-05,4e-05,5e-05,-0.00021,-1e-05,0.0,3
12271,6e-05,0.0,-1e-05,-7e-05,-6e-05,-0.00042,-9e-05,-1e-05,3
12272,6e-05,0.0,-1e-05,-7e-05,-6e-05,-0.00042,-9e-05,-1e-05,3
12273,6e-05,0.0,-1e-05,-7e-05,-6e-05,-0.00042,-9e-05,-1e-05,3
12274,6e-05,0.0,-1e-05,-7e-05,-6e-05,-0.00042,-9e-05,-1e-05,3
12275,6e-05,0.0,-1e-05,-7e-05,-6e-05,-0.00042,-9e-05,-1e-05,3
12276,6e-05,0.0,-1e-05,-7e-05,-6e-05,-0.00042,-9e-05,-1e-05,3
12277,6e-05,0.0,-1e-05,-7e-05,-6e-05,-0.00042,-9e-05,-1e-05,3
12278,6e-05,0.0,-1e-05,-7e-05,-6e-05,-0.00042,-9e-05,-1e-05,3
12279,-2e-05,3e-05,5e-05,-8e-05,-0.00011,-0.00041,-4e-05,-1e-05,3
12280,-2e-05,3e-05,5e-05,-8e-05,-0.00011,-0.00041,-4e-05,-1e-05,3
12281,-2e-05,3e-05,5e-05,-8e-05,-0.00011,-0.00041,-4e-05,-1e-05,3
12282,-2e-05,3e-05,5e-05,-8e-05,-0.00011,-0.00041,-4e-05,-1e-05,3
12283,-2e-05,3e-05,5e-05,-8e-05,-0.00011,-0.00041,-4e-05,-1e-05,3
12284,-2e-05,3e-05,5e-05,-8e-05,-0.00011,-0.00041,-4e-05,-1e-05,3
12285,-2e-05,3e-05,5e-05,-8e-05,-0.00011,-0.00041,-4e-05,-1e-05,3
12286,-2e-05,3e-05,5e-05,-8e-05,-0.00011,-0.00041,-4e-05,-1e-05,3
12289,-3e-05,-6e-05,-7e-05,-2e-05,-1e-05,-0.00016,-1e-05,1e-05,3
12290,-3e-05,-6e-05,-7e-05,-2e-05,-1e-05,-0.00016,-1e-05,1e-05,3
12291,-3e-05,-6e-05,-7e-05,-2e-05,-1e-05,-0.00016,-1e-05,1e-05,3
12292,-3e-05,-6e-05,-7e-05,-2e-05,-1e-05,-0.00016,-1e-05,1e-05,3
12293,-3e-05,-6e-05,-7e-05,-2e-05,-1e-05,-0.00016,-1e-05,1e-05,3
12294,-3e-05,-6e-05,-7e-05,-2e-05,-1e-05,-0.00016,-1e-05,1e-05,3
12295,-3e-05,-6e-05,-7e-05,-2e-05,-1e-05,-0.00016,-1e-05,1e-05,3
12296,-3e-05,-6e-05,-7e-05,-2e-05,-1e-05,-0.00016,-1e-05,1e-05,3
12297,-3e-05,-6e-05,-7e-05,-2e-05,-1e-05,-0.00016,-1e-05,1e-05,3
12298,-3e-05,-6e-05,-7e-05,-2e-05,-1e-05,-0.00016,-1e-05,1e-05,3
12299,-3e-05,-6e-05,-7e-05,-2e-05,-1e-05,-0.00016,-1e-05,1e-05,3
12300,-3e-05,-6e-05,-7e-05,-2e-05,-1e-05,-0.00016,-1e-05,1e-05,3
12301,-3e-05,-6e-05,-7e-05,-2e-05,-1e-05,-0.00016,-1e-05,1e-05,3
12302,-3e-05,-6e-05,-7e-05,-2e-05,-1e-05,-0.00016,-1e-05,1e-05,3
12304,-7e-05,-0.0001,-0.00011,-8e-05,-0.0001,0.00011,-4e-05,-4e-05,3
12305,-7e-05,-0.0001,-0.00011,-8e-05,-0.0001,0.00011,-4e-05,-4e-05,3
12306,-7e-05,-0.0001,-0.00011,-8e-05,-0.0001,0.00011,-4e-05,-4e-05,3
12307,-7e-05,-0.0001,-0.00011,-8e-05,-0.0001,0.00011,-4e-05,-4e-05,3
12308,-7e-05,-0.0001,-0.00011,-8e-05,-0.0001,0.00011,-4e-05,-4e-05,3
12309,-7e-05,-0.0001,-0.00011,-8e-05,-0.0001,0.00011,-4e-05,-4e-05,3
12310,-7e-05,-0.0001,-0.00011,-8e-05,-0.0001,0.00011,-4e-05,-4e-05,3
12311,-7e-05,-0.0001,-0.00011,-8e-05,-0.0001,0.00011,-4e-05,-4e-05,3
12312,-7e-05,-0.0001,-0.00011,-8e-05,-0.0001,0.00011,-4e-05,-4e-05,3
12313,-7e-05,-0.0001,-0.00011,-8e-05,-0.0001,0.00011,-4e-05,-4e-05,3
12314,-7e-05,-0.0001,-0.00011,-8e-05,-0.0001,0.00011,-4e-05,-4e-05,3
12315,-7e-05,-0.0001,-0.00011,-8e-05,-0.0001,0.00011,-4e-05,-4e-05,3
12316,-7e-05,-0.0001,-0.00011,-8e-05,-0.0001,0.00011,-4e-05,-4e-05,3
12317,-7e-05,-0.0001,-0.00011,-8e-05,-0.0001,0.00011,-4e-05,-4e-05,3
12318,-7e-05,-0.0001,-0.00011,-8e-05,-0.0001,0.00011,-4e-05,-4e-05,3
12319,-7e-05,-0.0001,-0.00011,-8e-05,-0.0001,0.00011,-4e-05,-4e-05,3
12320,-7e-05,-0.0001,-0.00011,-8e-05,-0.0001,0.00011,-4e-05,-4e-05,3
12321,-7e-05,-0.0001,-0.00011,-8e-05,-0.0001,0.00011,-4e-05,-4e-05,3
12322,-7e-05,-0.0001,-0.00011,-8e-05,-0.0001,0.00011,-4e-05,-4e-05,3
12323,-7e-05,-0.0001,-0.00011,-8e-05,-0.0001,0.00011,-4e-05,-4e-05,3
12324,-7e-05,-0.0001,-0.00011,-8e-05,-0.0001,0.00011,-4e-05,-4e-05,3
12325,-7e-05,-0.0001,-0.00011,-8e-05,-0.0001,0.00011,-4e-05,-4e-05,3
12326,1e-05,-2e-05,-4e-05,0.0,-5e-05,-8e-05,-6e-05,-3e-05,3
12327,4e-05,6e-05,6e-05,8e-05,1e-05,0.00014,7e-05,2e-05,3
12328,4e-05,6e-05,6e-05,8e-05,1e-05,0.00014,7e-05,2e-05,3
12329,4e-05,6e-05,6e-05,8e-05,1e-05,0.00014,7e-05,2e-05,3
12330,4e-05,6e-05,6e-05,8e-05,1e-05,0.00014,7e-05,2e-05,3
12332,4e-05,6e-05,6e-05,8e-05,1e-05,0.00014,7e-05,2e-05,3
12333,4e-05,6e-05,6e-05,8e-05,1e-05,0.00014,7e-05,2e-05,3
12334,4e-05,6e-05,6e-05,8e-05,1e-05,0.00014,7e-05,2e-05,3
12335,4e-05,6e-05,6e-05,8e-05,1e-05,0.00014,7e-05,2e-05,3
12336,4e-05,6e-05,6e-05,8e-05,1e-05,0.00014,7e-05,2e-05,3
12338,4e-05,6e-05,6e-05,8e-05,1e-05,0.00014,7e-05,2e-05,3
12339,-7e-05,-4e-05,-3e-05,-0.00011,-0.00013,-0.00037,-5e-05,-6e-05,3
12340,-3e-05,-1e-05,3e-05,9e-05,5e-05,0.0001,-3e-05,-1e-05,3
12341,-3e-05,-1e-05,3e-05,9e-05,5e-05,0.0001,-3e-05,-1e-05,3
12342,-3e-05,-1e-05,3e-05,9e-05,5e-05,0.0001,-3e-05,-1e-05,3
12343,-3e-05,-1e-05,3e-05,9e-05,5e-05,0.0001,-3e-05,-1e-05,3
12344,-3e-05,-1e-05,3e-05,9e-05,5e-05,0.0001,-3e-05,-1e-05,3
12345,-3e-05,-1e-05,3e-05,9e-05,5e-05,0.0001,-3e-05,-1e-05,3
12346,5e-05,5e-05,1e-05,4e-05,-6e-05,2e-05,3e-05,1e-05,3
12347,5e-05,5e-05,1e-05,4e-05,-6e-05,2e-05,3e-05,1e-05,3
12348,5e-05,5e-05,1e-05,4e-05,-6e-05,2e-05,3e-05,1e-05,3
12349,5e-05,5e-05,1e-05,4e-05,-6e-05,2e-05,3e-05,1e-05,3
12350,5e-05,5e-05,1e-05,4e-05,-6e-05,2e-05,3e-05,1e-05,3
12351,5e-05,5e-05,1e-05,4e-05,-6e-05,2e-05,3e-05,1e-05,3
12352,5e-05,5e-05,1e-05,4e-05,-6e-05,2e-05,3e-05,1e-05,3
12354,5e-05,5e-05,1e-05,4e-05,-6e-05,2e-05,3e-05,1e-05,3
12355,5e-05,5e-05,1e-05,4e-05,-6e-05,2e-05,3e-05,1e-05,3
12356,5e-05,5e-05,1e-05,4e-05,-6e-05,2e-05,3e-05,1e-05,3
12357,5e-05,5e-05,1e-05,4e-05,-6e-05,2e-05,3e-05,1e-05,3
12358,5e-05,5e-05,1e-05,4e-05,-6e-05,2e-05,3e-05,1e-05,3
12359,5e-05,5e-05,1e-05,4e-05,-6e-05,2e-05,3e-05,1e-05,3
12360,5e-05,5e-05,1e-05,4e-05,-6e-05,2e-05,3e-05,1e-05,3
12361,5e-05,5e-05,1e-05,4e-05,-6e-05,2e-05,3e-05,1e-05,3
12362,5e-05,5e-05,1e-05,4e-05,-6e-05,2e-05,3e-05,1e-05,3
12363,5e-05,1e-05,1e-05,7e-05,7e-05,7e-05,2e-05,0.0,3
12364,5e-05,1e-05,1e-05,7e-05,7e-05,7e-05,2e-05,0.0,3
12365,-2e-05,-1e-05,-4e-05,-1e-05,-0.0001,3e-05,-6e-05,-6e-05,3
12366,-2e-05,-1e-05,-4e-05,-1e-05,-0.0001,3e-05,-6e-05,-6e-05,3
12367,-2e-05,-1e-05,-4e-05,-1e-05,-0.0001,3e-05,-6e-05,-6e-05,3
12368,-2e-05,-1e-05,-4e-05,-1e-05,-0.0001,3e-05,-6e-05,-6e-05,3
12369,-2e-05,-1e-05,-4e-05,-1e-05,-0.0001,3e-05,-6e-05,-6e-05,3
12370,-2e-05,-1e-05,-4e-05,-1e-05,-0.0001,3e-05,-6e-05,-6e-05,3
12371,-2e-05,-1e-05,-4e-05,-1e-05,-0.0001,3e-05,-6e-05,-6e-05,3
12372,-2e-05,-1e-05,-4e-05,-1e-05,-0.0001,3e-05,-6e-05,-6e-05,3
12373,-2e-05,-1e-05,-4e-05,-1e-05,-0.0001,3e-05,-6e-05,-6e-05,3
12374,-2e-05,-1e-05,-4e-05,-1e-05,-0.0001,3e-05,-6e-05,-6e-05,3
12375,-2e-05,-1e-05,-4e-05,-1e-05,-0.0001,3e-05,-6e-05,-6e-05,3
12376,-2e-05,-1e-05,-4e-05,-1e-05,-0.0001,3e-05,-6e-05,-6e-05,3
12377,-2e-05,-1e-05,-4e-05,-1e-05,-0.0001,3e-05,-6e-05,-6e-05,3
12378,-2e-05,-1e-05,-4e-05,-1e-05,-0.0001,3e-05,-6e-05,-6e-05,3
12379,-2e-05,-1e-05,-4e-05,-1e-05,-0.0001,3e-05,-6e-05,-6e-05,3
12380,-2e-05,-1e-05,-4e-05,-1e-05,-0.0001,3e-05,-6e-05,-6e-05,3
12381,-2e-05,-1e-05,-4e-05,-1e-05,-0.0001,3e-05,-6e-05,-6e-05,3
12382,-2e-05,-1e-05,-4e-05,-1e-05,-0.0001,3e-05,-6e-05,-6e-05,3
12383,-2e-05,-1e-05,-4e-05,-1e-05,-0.0001,3e-05,-6e-05,-6e-05,3
12384,-2e-05,-1e-05,-4e-05,-1e-05,-0.0001,3e-05,-6e-05,-6e-05,3
12385,0.0,-1e-05,3e-05,0.0001,0.00014,-1e-05,-2e-05,2e-05,3
12386,0.0,-1e-05,3e-05,0.0001,0.00014,-1e-05,-2e-05,2e-05,3
12389,0.0,-5e-05,-4e-05,-0.00013,-0.00017,-0.00041,-7e-05,0.0,3
12390,0.0,-5e-05,-4e-05,-0.00013,-0.00017,-0.00041,-7e-05,0.0,3
12391,0.0,-5e-05,-4e-05,-0.00013,-0.00017,-0.00041,-7e-05,0.0,3
12392,0.0,-5e-05,-4e-05,-0.00013,-0.00017,-0.00041,-7e-05,0.0,3
12393,0.0,-5e-05,-4e-05,-0.00013,-0.00017,-0.00041,-7e-05,0.0,3
12394,0.0,-5e-05,-4e-05,-0.00013,-0.00017,-0.00041,-7e-05,0.0,3
12395,0.0,-5e-05,-4e-05,-0.00013,-0.00017,-0.00041,-7e-05,0.0,3
12396,0.0,-5e-05,-4e-05,-0.00013,-0.00017,-0.00041,-7e-05,0.0,3
12397,0.0,-5e-05,-4e-05,-0.00013,-0.00017,-0.00041,-7e-05,0.0,3
12398,0.0,-5e-05,-4e-05,-0.00013,-0.00017,-0.00041,-7e-05,0.0,3
12399,-6e-05,-1e-05,-2e-05,1e-05,-2e-05,-1e-05,-1e-05,-3e-05,3
12400,-6e-05,-1e-05,-2e-05,1e-05,-2e-05,-1e-05,-1e-05,-3e-05,3
12401,-6e-05,-1e-05,-2e-05,1e-05,-2e-05,-1e-05,-1e-05,-3e-05,3
12402,-6e-05,-1e-05,-2e-05,1e-05,-2e-05,-1e-05,-1e-05,-3e-05,3
12404,-6e-05,-1e-05,-2e-05,1e-05,-2e-05,-1e-05,-1e-05,-3e-05,3
12405,-6e-05,-1e-05,-2e-05,1e-05,-2e-05,-1e-05,-1e-05,-3e-05,3
12406,-6e-05,-1e-05,-2e-05,1e-05,-2e-05,-1e-05,-1e-05,-3e-05,3
12407,-6e-05,-1e-05,-2e-05,1e-05,-2e-05,-1e-05,-1e-05,-3e-05,3
12408,9e-05,-1e-05,-5e-05,-8e-05,1e-05,-1e-05,-3e-05,5e-05,3
12409,9e-05,-1e-05,-5e-05,-8e-05,1e-05,-1e-05,-3e-05,5e-05,3
12410,9e-05,-1e-05,-5e-05,-8e-05,1e-05,-1e-05,-3e-05,5e-05,3
12411,9e-05,-1e-05,-5e-05,-8e-05,1e-05,-1e-05,-3e-05,5e-05,3
12412,9e-05,-1e-05,-5e-05,-8e-05,1e-05,-1e-05,-3e-05,5e-05,3
12413,9e-05,-1e-05,-5e-05,-8e-05,1e-05,-1e-05,-3e-05,5e-05,3
12414,9e-05,-1e-05,-5e-05,-8e-05,1e-05,-1e-05,-3e-05,5e-05,3
12415,9e-05,-1e-05,-5e-05,-8e-05,1e-05,-1e-05,-3e-05,5e-05,3
12416,9e-05,-1e-05,-5e-05,-8e-05,1e-05,-1e-05,-3e-05,5e-05,3
12417,9e-05,-1e-05,-5e-05,-8e-05,1e-05,-1e-05,-3e-05,5e-05,3
12418,9e-05,-1e-05,-5e-05,-8e-05,1e-05,-1e-05,-3e-05,5e-05,3
12419,9e-05,-1e-05,-5e-05,-8e-05,1e-05,-1e-05,-3e-05,5e-05,3
12420,9e-05,-1e-05,-5e-05,-8e-05,1e-05,-1e-05,-3e-05,5e-05,3
12421,9e-05,-1e-05,-5e-05,-8e-05,1e-05,-1e-05,-3e-05,5e-05,3
12422,9e-05,-1e-05,-5e-05,-8e-05,1e-05,-1e-05,-3e-05,5e-05,3
12423,-3e-05,-3e-05,-4e-05,-7e-05,-6e-05,-7e-05,-1e-05,-2e-05,3
12424,4e-05,5e-05,7e-05,4e-05,-8e-05,0.00013,4e-05,-1e-05,3
12425,4e-05,5e-05,7e-05,4e-05,-8e-05,0.00013,4e-05,-1e-05,3
12426,4e-05,5e-05,7e-05,4e-05,-8e-05,0.00013,4e-05,-1e-05,3
12427,4e-05,5e-05,7e-05,4e-05,-8e-05,0.00013,4e-05,-1e-05,3
12428,4e-05,5e-05,7e-05,4e-05,-8e-05,0.00013,4e-05,-1e-05,3
12429,4e-05,5e-05,7e-05,4e-05,-8e-05,0.00013,4e-05,-1e-05,3
12430,4e-05,5e-05,7e-05,4e-05,-8e-05,0.00013,4e-05,-1e-05,3
12431,4e-05,5e-05,7e-05,4e-05,-8e-05,0.00013,4e-05,-1e-05,3
12432,4e-05,5e-05,7e-05,4e-05,-8e-05,0.00013,4e-05,-1e-05,3
12433,4e-05,5e-05,7e-05,4e-05,-8e-05,0.00013,4e-05,-1e-05,3
12434,4e-05,5e-05,7e-05,4e-05,-8e-05,0.00013,4e-05,-1e-05,3
12435,4e-05,5e-05,7e-05,4e-05,-8e-05,0.00013,4e-05,-1e-05,3
12436,4e-05,5e-05,7e-05,4e-05,-8e-05,0.00013,4e-05,-1e-05,3
12438,4e-05,5e-05,7e-05,4e-05,-8e-05,0.00013,4e-05,-1e-05,3
12439,4e-05,5e-05,7e-05,4e-05,-8e-05,0.00013,4e-05,-1e-05,3
12440,4e-05,5e-05,7e-05,4e-05,-8e-05,0.00013,4e-05,-1e-05,3
12441,4e-05,5e-05,7e-05,4e-05,-8e-05,0.00013,4e-05,-1e-05,3
12442,4e-05,5e-05,7e-05,4e-05,-8e-05,0.00013,4e-05,-1e-05,3
12443,4e-05,5e-05,7e-05,4e-05,-8e-05,0.00013,4e-05,-1e-05,3
12444,4e-05,5e-05,7e-05,4e-05,-8e-05,0.00013,4e-05,-1e-05,3
12445,-4e-05,-2e-05,1e-05,2e-05,0.00021,0.00036,0.0,-2e-05,3
12446,-4e-05,-2e-05,1e-05,2e-05,0.00021,0.00036,0.0,-2e-05,3
12447,-6e-05,-3e-05,-1e-05,-0.00015,9e-05,0.00035,5e-05,-3e-05,3
12448,-6e-05,-3e-05,-1e-05,-0.00015,9e-05,0.00035,5e-05,-3e-05,3
12449,-6e-05,-3e-05,-1e-05,-0.00015,9e-05,0.00035,5e-05,-3e-05,3
12450,-6e-05,-3e-05,-1e-05,-0.00015,9e-05,0.00035,5e-05,-3e-05,3
12451,-6e-05,-3e-05,-1e-05,-0.00015,9e-05,0.00035,5e-05,-3e-05,3
12452,-6e-05,-3e-05,-1e-05,-0.00015,9e-05,0.00035,5e-05,-3e-05,3
12454,-6e-05,-3e-05,-1e-05,-0.00015,9e-05,0.00035,5e-05,-3e-05,3
12455,-6e-05,-3e-05,-1e-05,-0.00015,9e-05,0.00035,5e-05,-3e-05,3
12456,-6e-05,-3e-05,-1e-05,-0.00015,9e-05,0.00035,5e-05,-3e-05,3
12457,-6e-05,-3e-05,-1e-05,-0.00015,9e-05,0.00035,5e-05,-3e-05,3
12458,-6e-05,-3e-05,-1e-05,-0.00015,9e-05,0.00035,5e-05,-3e-05,3
12459,-2e-05,1e-05,4e-05,-6e-05,-6e-05,0.00026,7e-05,0.0,3
12460,-2e-05,1e-05,4e-05,-6e-05,-6e-05,0.00026,7e-05,0.0,3
12461,-2e-05,1e-05,4e-05,-6e-05,-6e-05,0.00026,7e-05,0.0,3
12462,-2e-05,1e-05,4e-05,-6e-05,-6e-05,0.00026,7e-05,0.0,3
12463,-2e-05,1e-05,4e-05,-6e-05,-6e-05,0.00026,7e-05,0.0,3
12464,-2e-05,1e-05,4e-05,-6e-05,-6e-05,0.00026,7e-05,0.0,3
12465,-2e-05,1e-05,4e-05,-6e-05,-6e-05,0.00026,7e-05,0.0,3
12466,-2e-05,1e-05,4e-05,-6e-05,-6e-05,0.00026,7e-05,0.0,3
12467,-2e-05,1e-05,4e-05,-6e-05,-6e-05,0.00026,7e-05,0.0,3
12468,-2e-05,2e-05,4e-05,-5e-05,-0.00018,-0.00044,-2e-05,-2e-05,3
12469,-2e-05,2e-05,4e-05,-5e-05,-0.00018,-0.00044,-2e-05,-2e-05,3
12470,-2e-05,2e-05,4e-05,-5e-05,-0.00018,-0.00044,-2e-05,-2e-05,3
12471,-2e-05,2e-05,4e-05,-5e-05,-0.00018,-0.00044,-2e-05,-2e-05,3
12472,-2e-05,2e-05,4e-05,-5e-05,-0.00018,-0.00044,-2e-05,-2e-05,3
12473,-2e-05,2e-05,4e-05,-5e-05,-0.00018,-0.00044,-2e-05,-2e-05,3
12474,-2e-05,2e-05,4e-05,-5e-05,-0.00018,-0.00044,-2e-05,-2e-05,3
12475,-2e-05,2e-05,4e-05,-5e-05,-0.00018,-0.00044,-2e-05,-2e-05,3
12476,-2e-05,2e-05,4e-05,-5e-05,-0.00018,-0.00044,-2e-05,-2e-05,3
12477,-2e-05,2e-05,4e-05,-5e-05,-0.00018,-0.00044,-2e-05,-2e-05,3
12478,-2e-05,2e-05,4e-05,-5e-05,-0.00018,-0.00044,-2e-05,-2e-05,3
12479,-2e-05,2e-05,4e-05,-5e-05,-0.00018,-0.00044,-2e-05,-2e-05,3
12480,-2e-05,2e-05,4e-05,-5e-05,-0.00018,-0.00044,-2e-05,-2e-05,3
12481,-2e-05,2e-05,4e-05,-5e-05,-0.00018,-0.00044,-2e-05,-2e-05,3
12482,-2e-05,2e-05,4e-05,-5e-05,-0.00018,-0.00044,-2e-05,-2e-05,3
12483,-3e-05,-8e-05,-0.00013,-0.0001,-4e-05,-0.00017,-1e-05,-2e-05,3
12484,-9e-05,-2e-05,-2e-05,4e-05,0.00011,0.0001,2e-05,-3e-05,3
12485,-9e-05,-2e-05,-2e-05,4e-05,0.00011,0.0001,2e-05,-3e-05,3
12486,-9e-05,-2e-05,-2e-05,4e-05,0.00011,0.0001,2e-05,-3e-05,3
12488,-9e-05,-2e-05,-2e-05,4e-05,0.00011,0.0001,2e-05,-3e-05,3
12489,-9e-05,-2e-05,-2e-05,4e-05,0.00011,0.0001,2e-05,-3e-05,3
12490,-9e-05,-2e-05,-2e-05,4e-05,0.00011,0.0001,2e-05,-3e-05,3
12491,-9e-05,-2e-05,-2e-05,4e-05,0.00011,0.0001,2e-05,-3e-05,3
12492,-9e-05,-2e-05,-2e-05,4e-05,0.00011,0.0001,2e-05,-3e-05,3
12493,-9e-05,-2e-05,-2e-05,4e-05,0.00011,0.0001,2e-05,-3e-05,3
12494,-9e-05,-2e-05,-2e-05,4e-05,0.00011,0.0001,2e-05,-3e-05,3
12495,-9e-05,-2e-05,-2e-05,4e-05,0.00011,0.0001,2e-05,-3e-05,3
12496,-9e-05,-2e-05,-2e-05,4e-05,0.00011,0.0001,2e-05,-3e-05,3
12497,-9e-05,-2e-05,-2e-05,4e-05,0.00011,0.0001,2e-05,-3e-05,3
12498,-9e-05,-2e-05,-2e-05,4e-05,0.00011,0.0001,2e-05,-3e-05,3
12499,-9e-05,-2e-05,-2e-05,4e-05,0.00011,0.0001,2e-05,-3e-05,3
12500,-9e-05,-2e-05,-2e-05,4e-05,0.00011,0.0001,2e-05,-3e-05,3
12501,-9e-05,-2e-05,-2e-05,4e-05,0.00011,0.0001,2e-05,-3e-05,3
12502,-9e-05,-2e-05,-2e-05,4e-05,0.00011,0.0001,2e-05,-3e-05,3
12504,-9e-05,-2e-05,-2e-05,4e-05,0.00011,0.0001,2e-05,-3e-05,3
12505,-3e-05,-1e-05,-3e-05,-4e-05,-5e-05,-7e-05,-4e-05,-1e-05,3
12506,-3e-05,-1e-05,-3e-05,-4e-05,-5e-05,-7e-05,-4e-05,-1e-05,3
12507,2e-05,2e-05,1e-05,8e-05,5e-05,-0.00013,-1e-05,1e-05,3
12508,2e-05,2e-05,1e-05,8e-05,5e-05,-0.00013,-1e-05,1e-05,3
12509,2e-05,2e-05,1e-05,8e-05,5e-05,-0.00013,-1e-05,1e-05,3
12510,2e-05,2e-05,1e-05,8e-05,5e-05,-0.00013,-1e-05,1e-05,3
12511,2e-05,2e-05,1e-05,8e-05,5e-05,-0.00013,-1e-05,1e-05,3
12512,2e-05,2e-05,1e-05,8e-05,5e-05,-0.00013,-1e-05,1e-05,3
12513,2e-05,2e-05,1e-05,8e-05,5e-05,-0.00013,-1e-05,1e-05,3
12514,2e-05,2e-05,1e-05,8e-05,5e-05,-0.00013,-1e-05,1e-05,3
12515,2e-05,2e-05,1e-05,8e-05,5e-05,-0.00013,-1e-05,1e-05,3
12516,2e-05,2e-05,1e-05,8e-05,5e-05,-0.00013,-1e-05,1e-05,3
12517,2e-05,2e-05,1e-05,8e-05,5e-05,-0.00013,-1e-05,1e-05,3
12518,2e-05,2e-05,1e-05,8e-05,5e-05,-0.00013,-1e-05,1e-05,3
12519,5e-05,2e-05,0.0,2e-05,4e-05,8e-05,0.0,1e-05,3
12520,5e-05,2e-05,0.0,2e-05,4e-05,8e-05,0.0,1e-05,3
12521,5e-05,2e-05,0.0,2e-05,4e-05,8e-05,0.0,1e-05,3
12522,5e-05,2e-05,0.0,2e-05,4e-05,8e-05,0.0,1e-05,3
12523,5e-05,2e-05,0.0,2e-05,4e-05,8e-05,0.0,1e-05,3
12524,5e-05,2e-05,0.0,2e-05,4e-05,8e-05,0.0,1e-05,3
12525,5e-05,2e-05,0.0,2e-05,4e-05,8e-05,0.0,1e-05,3
12526,5e-05,2e-05,0.0,2e-05,4e-05,8e-05,0.0,1e-05,3
12527,5e-05,2e-05,0.0,2e-05,4e-05,8e-05,0.0,1e-05,3
12528,0.0,3e-05,6e-05,9e-05,4e-05,-0.00018,-2e-05,-2e-05,3
12529,0.0,3e-05,6e-05,9e-05,4e-05,-0.00018,-2e-05,-2e-05,3
12530,0.0,3e-05,6e-05,9e-05,4e-05,-0.00018,-2e-05,-2e-05,3
12531,0.0,3e-05,6e-05,9e-05,4e-05,-0.00018,-2e-05,-2e-05,3
12532,0.0,3e-05,6e-05,9e-05,4e-05,-0.00018,-2e-05,-2e-05,3
12533,0.0,3e-05,6e-05,9e-05,4e-05,-0.00018,-2e-05,-2e-05,3
12534,0.0,3e-05,6e-05,9e-05,4e-05,-0.00018,-2e-05,-2e-05,3
12535,0.0,3e-05,6e-05,9e-05,4e-05,-0.00018,-2e-05,-2e-05,3
12536,0.0,3e-05,6e-05,9e-05,4e-05,-0.00018,-2e-05,-2e-05,3
12538,0.0,3e-05,6e-05,9e-05,4e-05,-0.00018,-2e-05,-2e-05,3
12539,0.0,3e-05,6e-05,9e-05,4e-05,-0.00018,-2e-05,-2e-05,3
12540,0.0,3e-05,6e-05,9e-05,4e-05,-0.00018,-2e-05,-2e-05,3
12541,0.0,3e-05,6e-05,9e-05,4e-05,-0.00018,-2e-05,-2e-05,3
12542,0.0,3e-05,6e-05,9e-05,4e-05,-0.00018,-2e-05,-2e-05,3
12543,1e-05,0.0,-2e-05,-4e-05,-0.0001,-9e-05,-1e-05,1e-05,3
12544,-2e-05,-1e-05,-2e-05,0.0,-1e-05,-0.00024,-9e-05,-3e-05,3
12545,-2e-05,-1e-05,-2e-05,0.0,-1e-05,-0.00024,-9e-05,-3e-05,3
12546,-2e-05,-1e-05,-2e-05,0.0,-1e-05,-0.00024,-9e-05,-3e-05,3
12547,-2e-05,-1e-05,-2e-05,0.0,-1e-05,-0.00024,-9e-05,-3e-05,3
12548,-2e-05,-1e-05,-2e-05,0.0,-1e-05,-0.00024,-9e-05,-3e-05,3
12549,-2e-05,-1e-05,-2e-05,0.0,-1e-05,-0.00024,-9e-05,-3e-05,3
12550,-2e-05,-1e-05,-2e-05,0.0,-1e-05,-0.00024,-9e-05,-3e-05,3
12551,-2e-05,-1e-05,-2e-05,0.0,-1e-05,-0.00024,-9e-05,-3e-05,3
12552,-2e-05,-1e-05,-2e-05,0.0,-1e-05,-0.00024,-9e-05,-3e-05,3
12554,-2e-05,-1e-05,-2e-05,0.0,-1e-05,-0.00024,-9e-05,-3e-05,3
12555,-2e-05,-1e-05,-2e-05,0.0,-1e-05,-0.00024,-9e-05,-3e-05,3
12556,-2e-05,-1e-05,-2e-05,0.0,-1e-05,-0.00024,-9e-05,-3e-05,3
12557,-2e-05,-1e-05,-2e-05,0.0,-1e-05,-0.00024,-9e-05,-3e-05,3
12558,-2e-05,-1e-05,-2e-05,0.0,-1e-05,-0.00024,-9e-05,-3e-05,3
12559,-2e-05,-1e-05,-2e-05,0.0,-1e-05,-0.00024,-9e-05,-3e-05,3
12560,-2e-05,-1e-05,-2e-05,0.0,-1e-05,-0.00024,-9e-05,-3e-05,3
12561,-2e-05,-1e-05,-2e-05,0.0,-1e-05,-0.00024,-9e-05,-3e-05,3
12562,-2e-05,-1e-05,-2e-05,0.0,-1e-05,-0.00024,-9e-05,-3e-05,3
12563,-2e-05,-1e-05,-2e-05,0.0,-1e-05,-0.00024,-9e-05,-3e-05,3
12564,-2e-05,-1e-05,-2e-05,0.0,-1e-05,-0.00024,-9e-05,-3e-05,3
12565,-2e-05,-1e-05,-2e-05,0.0,-1e-05,-0.00024,-9e-05,-3e-05,3
12566,-2e-05,1e-05,2e-05,4e-05,-1e-05,-0.00029,-4e-05,-3e-05,3
12567,-4e-05,-6e-05,-6e-05,-8e-05,-2e-05,0.0,-3e-05,-1e-05,3
12568,-4e-05,-6e-05,-6e-05,-8e-05,-2e-05,0.0,-3e-05,-1e-05,3
12569,-4e-05,-6e-05,-6e-05,-8e-05,-2e-05,0.0,-3e-05,-1e-05,3
12570,-4e-05,-6e-05,-6e-05,-8e-05,-2e-05,0.0,-3e-05,-1e-05,3
12571,-4e-05,-6e-05,-6e-05,-8e-05,-2e-05,0.0,-3e-05,-1e-05,3
12572,-4e-05,-6e-05,-6e-05,-8e-05,-2e-05,0.0,-3e-05,-1e-05,3
12573,-4e-05,-6e-05,-6e-05,-8e-05,-2e-05,0.0,-3e-05,-1e-05,3
12574,-4e-05,-6e-05,-6e-05,-8e-05,-2e-05,0.0,-3e-05,-1e-05,3
12575,-4e-05,-6e-05,-6e-05,-8e-05,-2e-05,0.0,-3e-05,-1e-05,3
12576,-4e-05,-6e-05,-6e-05,-8e-05,-2e-05,0.0,-3e-05,-1e-05,3
12577,-4e-05,-6e-05,-6e-05,-8e-05,-2e-05,0.0,-3e-05,-1e-05,3
12578,-4e-05,-6e-05,-6e-05,-8e-05,-2e-05,0.0,-3e-05,-1e-05,3
12579,-4e-05,-6e-05,-6e-05,-8e-05,-2e-05,0.0,-3e-05,-1e-05,3
12580,-4e-05,-6e-05,-6e-05,-8e-05,-2e-05,0.0,-3e-05,-1e-05,3
12581,-4e-05,-6e-05,-6e-05,-8e-05,-2e-05,0.0,-3e-05,-1e-05,3
12582,-4e-05,-6e-05,-6e-05,-8e-05,-2e-05,0.0,-3e-05,-1e-05,3
12583,-4e-05,-6e-05,-6e-05,-8e-05,-2e-05,0.0,-3e-05,-1e-05,3
12584,-4e-05,-6e-05,-6e-05,-8e-05,-2e-05,0.0,-3e-05,-1e-05,3
12585,-4e-05,-6e-05,-6e-05,-8e-05,-2e-05,0.0,-3e-05,-1e-05,3
12586,-4e-05,-6e-05,-6e-05,-8e-05,-2e-05,0.0,-3e-05,-1e-05,3
12588,0.0,-2e-05,-1e-05,-0.00012,-9e-05,8e-05,0.0,-1e-05,3
12589,0.0,-2e-05,-1e-05,-0.00012,-9e-05,8e-05,0.0,-1e-05,3
12590,0.0,-2e-05,-1e-05,-0.00012,-9e-05,8e-05,0.0,-1e-05,3
12591,0.0,-2e-05,-1e-05,-0.00012,-9e-05,8e-05,0.0,-1e-05,3
12592,0.0,-2e-05,-1e-05,-0.00012,-9e-05,8e-05,0.0,-1e-05,3
12593,0.0,-2e-05,-1e-05,-0.00012,-9e-05,8e-05,0.0,-1e-05,3
12594,0.0,-2e-05,-1e-05,-0.00012,-9e-05,8e-05,0.0,-1e-05,3
12595,0.0,-2e-05,-1e-05,-0.00012,-9e-05,8e-05,0.0,-1e-05,3
12596,0.0,-2e-05,-1e-05,-0.00012,-9e-05,8e-05,0.0,-1e-05,3
12597,0.0,-2e-05,-1e-05,-0.00012,-9e-05,8e-05,0.0,-1e-05,3
12598,0.0,-2e-05,-1e-05,-0.00012,-9e-05,8e-05,0.0,-1e-05,3
12599,0.0,-2e-05,-1e-05,-0.00012,-9e-05,8e-05,0.0,-1e-05,3
12600,0.0,-2e-05,-1e-05,-0.00012,-9e-05,8e-05,0.0,-1e-05,3
12601,0.0,-2e-05,-1e-05,-0.00012,-9e-05,8e-05,0.0,-1e-05,3
12602,0.0,-2e-05,-1e-05,-0.00012,-9e-05,8e-05,0.0,-1e-05,3
12604,0.0,-4e-05,-5e-05,-0.00012,-0.0002,-0.00034,1e-05,1e-05,3
12605,-1e-05,-3e-05,-2e-05,9e-05,2e-05,0.00011,-4e-05,-4e-05,3
12606,-1e-05,-3e-05,-2e-05,9e-05,2e-05,0.00011,-4e-05,-4e-05,3
12607,-1e-05,-3e-05,-2e-05,9e-05,2e-05,0.00011,-4e-05,-4e-05,3
12608,-1e-05,-3e-05,-2e-05,9e-05,2e-05,0.00011,-4e-05,-4e-05,3
12609,-1e-05,-3e-05,-2e-05,9e-05,2e-05,0.00011,-4e-05,-4e-05,3
12610,-1e-05,-3e-05,-2e-05,9e-05,2e-05,0.00011,-4e-05,-4e-05,3
12611,-1e-05,-3e-05,-2e-05,9e-05,2e-05,0.00011,-4e-05,-4e-05,3
12612,-1e-05,-3e-05,-2e-05,9e-05,2e-05,0.00011,-4e-05,-4e-05,3
12613,-1e-05,-3e-05,-2e-05,9e-05,2e-05,0.00011,-4e-05,-4e-05,3
12614,-1e-05,-3e-05,-2e-05,9e-05,2e-05,0.00011,-4e-05,-4e-05,3
12615,-1e-05,-3e-05,-2e-05,9e-05,2e-05,0.00011,-4e-05,-4e-05,3
12616,-1e-05,-3e-05,-2e-05,9e-05,2e-05,0.00011,-4e-05,-4e-05,3
12617,-1e-05,-3e-05,-2e-05,9e-05,2e-05,0.00011,-4e-05,-4e-05,3
12618,-1e-05,-3e-05,-2e-05,9e-05,2e-05,0.00011,-4e-05,-4e-05,3
12619,-1e-05,-3e-05,-2e-05,9e-05,2e-05,0.00011,-4e-05,-4e-05,3
12620,-1e-05,-3e-05,-2e-05,9e-05,2e-05,0.00011,-4e-05,-4e-05,3
12621,-1e-05,-3e-05,-2e-05,9e-05,2e-05,0.00011,-4e-05,-4e-05,3
12622,-1e-05,-3e-05,-2e-05,9e-05,2e-05,0.00011,-4e-05,-4e-05,3
12623,-1e-05,-3e-05,-2e-05,9e-05,2e-05,0.00011,-4e-05,-4e-05,3
12624,-2e-05,-2e-05,1e-05,-7e-05,3e-05,0.0,3e-05,-1e-05,3
12625,-3e-05,0.0,0.0,5e-05,0.00015,0.00024,5e-05,-1e-05,3
12626,-3e-05,0.0,0.0,5e-05,0.00015,0.00024,5e-05,-1e-05,3
12627,-3e-05,0.0,0.0,5e-05,0.00015,0.00024,5e-05,-1e-05,3
12628,-3e-05,0.0,0.0,5e-05,0.00015,0.00024,5e-05,-1e-05,3
12629,-3e-05,0.0,0.0,5e-05,0.00015,0.00024,5e-05,-1e-05,3
12630,-3e-05,0.0,0.0,5e-05,0.00015,0.00024,5e-05,-1e-05,3
12631,-3e-05,0.0,0.0,5e-05,0.00015,0.00024,5e-05,-1e-05,3
12632,-3e-05,0.0,0.0,5e-05,0.00015,0.00024,5e-05,-1e-05,3
12633,-3e-05,0.0,0.0,5e-05,0.00015,0.00024,5e-05,-1e-05,3
12634,-3e-05,0.0,0.0,5e-05,0.00015,0.00024,5e-05,-1e-05,3
12635,-3e-05,0.0,0.0,5e-05,0.00015,0.00024,5e-05,-1e-05,3
12636,-3e-05,0.0,0.0,5e-05,0.00015,0.00024,5e-05,-1e-05,3
12638,-3e-05,0.0,0.0,5e-05,0.00015,0.00024,5e-05,-1e-05,3
12639,-3e-05,0.0,0.0,5e-05,0.00015,0.00024,5e-05,-1e-05,3
12640,-3e-05,0.0,0.0,5e-05,0.00015,0.00024,5e-05,-1e-05,3
12641,-3e-05,0.0,0.0,5e-05,0.00015,0.00024,5e-05,-1e-05,3
12642,-3e-05,0.0,0.0,5e-05,0.00015,0.00024,5e-05,-1e-05,3
12643,-3e-05,0.0,0.0,5e-05,0.00015,0.00024,5e-05,-1e-05,3
12644,-3e-05,0.0,0.0,5e-05,0.00015,0.00024,5e-05,-1e-05,3
12645,-3e-05,0.0,0.0,5e-05,0.00015,0.00024,5e-05,-1e-05,3
12646,-3e-05,0.0,0.0,5e-05,0.00015,0.00024,5e-05,-1e-05,3
12647,0.0,2e-05,2e-05,-1e-05,0.0,-3e-05,2e-05,1e-05,3
12648,1e-05,3e-05,2e-05,3e-05,3e-05,0.00029,-4e-05,-2e-05,3
12649,1e-05,3e-05,2e-05,3e-05,3e-05,0.00029,-4e-05,-2e-05,3
12650,1e-05,3e-05,2e-05,3e-05,3e-05,0.00029,-4e-05,-2e-05,3
12651,1e-05,3e-05,2e-05,3e-05,3e-05,0.00029,-4e-05,-2e-05,3
12652,1e-05,3e-05,2e-05,3e-05,3e-05,0.00029,-4e-05,-2e-05,3
12654,1e-05,3e-05,2e-05,3e-05,3e-05,0.00029,-4e-05,-2e-05,3
12655,1e-05,3e-05,2e-05,3e-05,3e-05,0.00029,-4e-05,-2e-05,3
12656,1e-05,3e-05,2e-05,3e-05,3e-05,0.00029,-4e-05,-2e-05,3
12657,1e-05,3e-05,2e-05,3e-05,3e-05,0.00029,-4e-05,-2e-05,3
12658,1e-05,3e-05,2e-05,3e-05,3e-05,0.00029,-4e-05,-2e-05,3
12659,1e-05,3e-05,2e-05,3e-05,3e-05,0.00029,-4e-05,-2e-05,3
12660,1e-05,3e-05,2e-05,3e-05,3e-05,0.00029,-4e-05,-2e-05,3
12661,2e-05,5e-05,6e-05,0.00011,0.00016,-0.00013,-4e-05,-3e-05,0
12662,-3e-05,-2e-05,-5e-05,-4e-05,-0.00019,-0.00034,1e-05,1e-05,0
12663,-3e-05,-5e-05,-6e-05,-9e-05,-1e-05,-0.0003,-5e-05,-1e-05,0
12664,-3e-05,-5e-05,-6e-05,-9e-05,-1e-05,-0.0003,-5e-05,-1e-05,0
12665,-3e-05,-5e-05,-6e-05,-9e-05,-1e-05,-0.0003,-5e-05,-1e-05,0
12666,-3e-05,-5e-05,-6e-05,-9e-05,-1e-05,-0.0003,-5e-05,-1e-05,0
12667,-3e-05,-5e-05,-6e-05,-9e-05,-1e-05,-0.0003,-5e-05,-1e-05,0
12668,-3e-05,-5e-05,-6e-05,-9e-05,-1e-05,-0.0003,-5e-05,-1e-05,0
12669,-3e-05,-5e-05,-6e-05,-9e-05,-1e-05,-0.0003,-5e-05,-1e-05,0
12670,-3e-05,-5e-05,-6e-05,-9e-05,-1e-05,-0.0003,-5e-05,-1e-05,0
12671,-3e-05,-5e-05,-6e-05,-9e-05,-1e-05,-0.0003,-5e-05,-1e-05,0
12672,-3e-05,-5e-05,-6e-05,-9e-05,-1e-05,-0.0003,-5e-05,-1e-05,0
12673,-3e-05,-5e-05,-6e-05,-9e-05,-1e-05,-0.0003,-5e-05,-1e-05,0
12674,-3e-05,-5e-05,-6e-05,-9e-05,-1e-05,-0.0003,-5e-05,-1e-05,0
12675,-3e-05,-5e-05,-6e-05,-9e-05,-1e-05,-0.0003,-5e-05,-1e-05,0
12676,-3e-05,-5e-05,-6e-05,-9e-05,-1e-05,-0.0003,-5e-05,-1e-05,0
12677,-3e-05,-5e-05,-6e-05,-9e-05,-1e-05,-0.0003,-5e-05,-1e-05,0
12678,-3e-05,-5e-05,-6e-05,-9e-05,-1e-05,-0.0003,-5e-05,-1e-05,0
12679,-3e-05,-5e-05,-6e-05,-9e-05,-1e-05,-0.0003,-5e-05,-1e-05,0
12680,-3e-05,-5e-05,-6e-05,-9e-05,-1e-05,-0.0003,-5e-05,-1e-05,0
12681,-3e-05,-5e-05,-6e-05,-9e-05,-1e-05,-0.0003,-5e-05,-1e-05,0
12682,-3e-05,-5e-05,-6e-05,-9e-05,-1e-05,-0.0003,-5e-05,-1e-05,0
12683,-3e-05,-5e-05,-6e-05,-9e-05,-1e-05,-0.0003,-5e-05,-1e-05,0
12684,-4e-05,-4e-05,-4e-05,-4e-05,-0.00016,-0.00024,-7e-05,-4e-05,0
12685,-4e-05,2e-05,1e-05,-4e-05,-0.00012,-0.00035,-2e-05,-2e-05,0
12686,-4e-05,2e-05,1e-05,-4e-05,-0.00012,-0.00035,-2e-05,-2e-05,0
12688,-4e-05,2e-05,1e-05,-4e-05,-0.00012,-0.00035,-2e-05,-2e-05,0
12689,-4e-05,2e-05,1e-05,-4e-05,-0.00012,-0.00035,-2e-05,-2e-05,0
12690,-4e-05,2e-05,1e-05,-4e-05,-0.00012,-0.00035,-2e-05,-2e-05,0
12691,-4e-05,2e-05,1e-05,-4e-05,-0.00012,-0.00035,-2e-05,-2e-05,0
12692,-4e-05,2e-05,1e-05,-4e-05,-0.00012,-0.00035,-2e-05,-2e-05,0
12693,-4e-05,2e-05,1e-05,-4e-05,-0.00012,-0.00035,-2e-05,-2e-05,0
12694,-4e-05,2e-05,1e-05,-4e-05,-0.00012,-0.00035,-2e-05,-2e-05,0
12695,-4e-05,2e-05,1e-05,-4e-05,-0.00012,-0.00035,-2e-05,-2e-05,0
12696,-4e-05,2e-05,1e-05,-4e-05,-0.00012,-0.00035,-2e-05,-2e-05,0
12697,-4e-05,2e-05,1e-05,-4e-05,-0.00012,-0.00035,-2e-05,-2e-05,0
12698,-4e-05,2e-05,1e-05,-4e-05,-0.00012,-0.00035,-2e-05,-2e-05,0
12699,-4e-05,2e-05,1e-05,-4e-05,-0.00012,-0.00035,-2e-05,-2e-05,0
12700,-4e-05,2e-05,1e-05,-4e-05,-0.00012,-0.00035,-2e-05,-2e-05,0
12701,-4e-05,2e-05,1e-05,-4e-05,-0.00012,-0.00035,-2e-05,-2e-05,0
12702,-4e-05,2e-05,1e-05,-4e-05,-0.00012,-0.00035,-2e-05,-2e-05,0
12704,-4e-05,2e-05,1e-05,-4e-05,-0.00012,-0.00035,-2e-05,-2e-05,0
12705,-4e-05,2e-05,1e-05,-4e-05,-0.00012,-0.00035,-2e-05,-2e-05,0
12706,-4e-05,2e-05,1e-05,-4e-05,-0.00012,-0.00035,-2e-05,-2e-05,0
12707,0.0,0.0,-1e-05,0.0,3e-05,3e-05,0.0,-1e-05,0
12708,-1e-05,-3e-05,-6e-05,-1e-05,-6e-05,2e-05,-2e-05,0.0,0
12709,-1e-05,-3e-05,-6e-05,-1e-05,-6e-05,2e-05,-2e-05,0.0,0
12710,-1e-05,-3e-05,-6e-05,-1e-05,-6e-05,2e-05,-2e-05,0.0,0
12711,-1e-05,-3e-05,-6e-05,-1e-05,-6e-05,2e-05,-2e-05,0.0,0
12712,-1e-05,-3e-05,-6e-05,-1e-05,-6e-05,2e-05,-2e-05,0.0,0
12713,-1e-05,-3e-05,-6e-05,-1e-05,-6e-05,2e-05,-2e-05,0.0,0
12714,-1e-05,-3e-05,-6e-05,-1e-05,-6e-05,2e-05,-2e-05,0.0,0
12715,-1e-05,-3e-05,-6e-05,-1e-05,-6e-05,2e-05,-2e-05,0.0,0
12716,-1e-05,-3e-05,-6e-05,-1e-05,-6e-05,2e-05,-2e-05,0.0,0
12717,-1e-05,-3e-05,-6e-05,-1e-05,-6e-05,2e-05,-2e-05,0.0,0
12718,-1e-05,-3e-05,-6e-05,-1e-05,-6e-05,2e-05,-2e-05,0.0,0
12719,-1e-05,-3e-05,-6e-05,-1e-05,-6e-05,2e-05,-2e-05,0.0,0
12720,-1e-05,-3e-05,-6e-05,-1e-05,-6e-05,2e-05,-2e-05,0.0,0
12721,-1e-05,-3e-05,-6e-05,-1e-05,-6e-05,2e-05,-2e-05,0.0,0
12722,1e-05,2e-05,5e-05,0.00024,6e-05,0.00017,2e-05,-1e-05,0
12723,1e-05,2e-05,5e-05,0.00024,6e-05,0.00017,2e-05,-1e-05,0
12724,1e-05,2e-05,5e-05,0.00024,6e-05,0.00017,2e-05,-1e-05,0
12725,1e-05,2e-05,5e-05,0.00024,6e-05,0.00017,2e-05,-1e-05,0
12726,1e-05,2e-05,5e-05,0.00024,6e-05,0.00017,2e-05,-1e-05,0
12727,1e-05,2e-05,5e-05,0.00024,6e-05,0.00017,2e-05,-1e-05,0
12728,1e-05,2e-05,5e-05,0.00024,6e-05,0.00017,2e-05,-1e-05,0
12729,1e-05,2e-05,5e-05,0.00024,6e-05,0.00017,2e-05,-1e-05,0
12730,1e-05,2e-05,5e-05,0.00024,6e-05,0.00017,2e-05,-1e-05,0
12731,1e-05,2e-05,5e-05,0.00024,6e-05,0.00017,2e-05,-1e-05,0
12732,1e-05,2e-05,5e-05,0.00024,6e-05,0.00017,2e-05,-1e-05,0
12733,1e-05,2e-05,5e-05,0.00024,6e-05,0.00017,2e-05,-1e-05,0
12734,1e-05,2e-05,5e-05,0.00024,6e-05,0.00017,2e-05,-1e-05,0
12735,1e-05,2e-05,5e-05,0.00024,6e-05,0.00017,2e-05,-1e-05,0
12736,1e-05,2e-05,5e-05,0.00024,6e-05,0.00017,2e-05,-1e-05,0
12738,1e-05,2e-05,5e-05,0.00024,6e-05,0.00017,2e-05,-1e-05,0
12739,1e-05,2e-05,5e-05,0.00024,6e-05,0.00017,2e-05,-1e-05,0
12740,1e-05,2e-05,5e-05,0.00024,6e-05,0.00017,2e-05,-1e-05,0
12741,1e-05,2e-05,5e-05,0.00024,6e-05,0.00017,2e-05,-1e-05,0
12742,1e-05,2e-05,5e-05,0.00024,6e-05,0.00017,2e-05,-1e-05,0
12743,1e-05,2e-05,5e-05,0.00024,6e-05,0.00017,2e-05,-1e-05,0
12744,0.0,-3e-05,-7e-05,-0.0001,-0.00011,0.00015,2e-05,0.0,0
12745,0.0,-1e-05,4e-05,0.00024,0.00018,0.00041,5e-05,0.0,0
12746,0.0,-1e-05,4e-05,0.00024,0.00018,0.00041,5e-05,0.0,0
12747,0.0,-1e-05,4e-05,0.00024,0.00018,0.00041,5e-05,0.0,0
12748,0.0,-1e-05,4e-05,0.00024,0.00018,0.00041,5e-05,0.0,0
12749,0.0,-1e-05,4e-05,0.00024,0.00018,0.00041,5e-05,0.0,0
12750,0.0,-1e-05,4e-05,0.00024,0.00018,0.00041,5e-05,0.0,0
12751,0.0,-1e-05,4e-05,0.00024,0.00018,0.00041,5e-05,0.0,0
12752,0.0,-1e-05,4e-05,0.00024,0.00018,0.00041,5e-05,0.0,0
12754,0.0,-1e-05,4e-05,0.00024,0.00018,0.00041,5e-05,0.0,0
12755,0.0,-1e-05,4e-05,0.00024,0.00018,0.00041,5e-05,0.0,0
12756,0.0,-1e-05,4e-05,0.00024,0.00018,0.00041,5e-05,0.0,0
12757,0.0,-1e-05,4e-05,0.00024,0.00018,0.00041,5e-05,0.0,0
12758,0.0,-1e-05,4e-05,0.00024,0.00018,0.00041,5e-05,0.0,0
12759,0.0,-1e-05,4e-05,0.00024,0.00018,0.00041,5e-05,0.0,0
12760,0.0,-1e-05,4e-05,0.00024,0.00018,0.00041,5e-05,0.0,0
12761,0.0,-1e-05,4e-05,0.00024,0.00018,0.00041,5e-05,0.0,0
12762,0.0,-1e-05,4e-05,0.00024,0.00018,0.00041,5e-05,0.0,0
12763,0.0,-1e-05,4e-05,0.00024,0.00018,0.00041,5e-05,0.0,0
12764,0.0,-1e-05,4e-05,0.00024,0.00018,0.00041,5e-05,0.0,0
12765,0.0,-1e-05,4e-05,0.00024,0.00018,0.00041,5e-05,0.0,0
12766,0.0,-1e-05,4e-05,0.00024,0.00018,0.00041,5e-05,0.0,0
12767,2e-05,0.0,1e-05,4e-05,0.00012,0.0003,0.00015,0.0,0
12768,-4e-05,-5e-05,-9e-05,-0.00017,-5e-05,0.00018,3e-05,-1e-05,0
12769,-4e-05,-5e-05,-9e-05,-0.00017,-5e-05,0.00018,3e-05,-1e-05,0
12770,-4e-05,-5e-05,-9e-05,-0.00017,-5e-05,0.00018,3e-05,-1e-05,0
12771,-4e-05,-5e-05,-9e-05,-0.00017,-5e-05,0.00018,3e-05,-1e-05,0
12772,-4e-05,-5e-05,-9e-05,-0.00017,-5e-05,0.00018,3e-05,-1e-05,0
12773,-4e-05,-5e-05,-9e-05,-0.00017,-5e-05,0.00018,3e-05,-1e-05,0
12774,-4e-05,-5e-05,-9e-05,-0.00017,-5e-05,0.00018,3e-05,-1e-05,0
12775,-4e-05,-5e-05,-9e-05,-0.00017,-5e-05,0.00018,3e-05,-1e-05,0
12776,-4e-05,-5e-05,-9e-05,-0.00017,-5e-05,0.00018,3e-05,-1e-05,0
12777,-4e-05,-5e-05,-9e-05,-0.00017,-5e-05,0.00018,3e-05,-1e-05,0
12778,-4e-05,-5e-05,-9e-05,-0.00017,-5e-05,0.00018,3e-05,-1e-05,0
12779,-4e-05,-5e-05,-9e-05,-0.00017,-5e-05,0.00018,3e-05,-1e-05,0
12780,-4e-05,-5e-05,-9e-05,-0.00017,-5e-05,0.00018,3e-05,-1e-05,0
12781,-4e-05,-5e-05,-9e-05,-0.00017,-5e-05,0.00018,3e-05,-1e-05,0
12782,-1e-05,-1e-05,2e-05,5e-05,0.00015,0.0001,-3e-05,-3e-05,0
12783,-1e-05,-1e-05,2e-05,-5e-05,-8e-05,-0.00016,-2e-05,0.0,0
12784,-1e-05,-1e-05,2e-05,-5e-05,-8e-05,-0.00016,-2e-05,0.0,0
12785,-1e-05,-1e-05,2e-05,-5e-05,-8e-05,-0.00016,-2e-05,0.0,0
12786,-1e-05,-1e-05,2e-05,-5e-05,-8e-05,-0.00016,-2e-05,0.0,0
12788,-1e-05,-1e-05,2e-05,-5e-05,-8e-05,-0.00016,-2e-05,0.0,0
12789,-1e-05,-1e-05,2e-05,-5e-05,-8e-05,-0.00016,-2e-05,0.0,0
12791,-1e-05,-1e-05,2e-05,-5e-05,-8e-05,-0.00016,-2e-05,0.0,0
12792,-1e-05,-1e-05,2e-05,-5e-05,-8e-05,-0.00016,-2e-05,0.0,0
12793,-1e-05,-1e-05,2e-05,-5e-05,-8e-05,-0.00016,-2e-05,0.0,0
12794,-1e-05,-1e-05,2e-05,-5e-05,-8e-05,-0.00016,-2e-05,0.0,0
12795,-1e-05,-1e-05,2e-05,-5e-05,-8e-05,-0.00016,-2e-05,0.0,0
12796,-1e-05,-1e-05,2e-05,-5e-05,-8e-05,-0.00016,-2e-05,0.0,0
12797,-1e-05,-1e-05,2e-05,-5e-05,-8e-05,-0.00016,-2e-05,0.0,0
12798,-1e-05,-1e-05,2e-05,-5e-05,-8e-05,-0.00016,-2e-05,0.0,0
12799,-1e-05,-1e-05,2e-05,-5e-05,-8e-05,-0.00016,-2e-05,0.0,0
12800,-1e-05,-1e-05,2e-05,-5e-05,-8e-05,-0.00016,-2e-05,0.0,0
12801,-1e-05,-1e-05,2e-05,-5e-05,-8e-05,-0.00016,-2e-05,0.0,0
12802,-1e-05,-1e-05,2e-05,-5e-05,-8e-05,-0.00016,-2e-05,0.0,0
12804,-1e-05,-3e-05,-5e-05,-8e-05,-3e-05,0.0,0.0,-2e-05,0
12805,-1e-05,-1e-05,-1e-05,-2e-05,8e-05,0.00044,-1e-05,-1e-05,0
12806,-1e-05,-1e-05,-1e-05,-2e-05,8e-05,0.00044,-1e-05,-1e-05,0
12807,-1e-05,-1e-05,-1e-05,-2e-05,8e-05,0.00044,-1e-05,-1e-05,0
12808,-1e-05,-1e-05,-1e-05,-2e-05,8e-05,0.00044,-1e-05,-1e-05,0
12809,-1e-05,-1e-05,-1e-05,-2e-05,8e-05,0.00044,-1e-05,-1e-05,0
12810,-1e-05,-1e-05,-1e-05,-2e-05,8e-05,0.00044,-1e-05,-1e-05,0
12811,-1e-05,-1e-05,-1e-05,-2e-05,8e-05,0.00044,-1e-05,-1e-05,0
12812,-1e-05,-1e-05,-1e-05,-2e-05,8e-05,0.00044,-1e-05,-1e-05,0
12813,-1e-05,-1e-05,-1e-05,-2e-05,8e-05,0.00044,-1e-05,-1e-05,0
12814,-1e-05,-1e-05,-1e-05,-2e-05,8e-05,0.00044,-1e-05,-1e-05,0
12815,-1e-05,-1e-05,-1e-05,-2e-05,8e-05,0.00044,-1e-05,-1e-05,0
12816,-1e-05,-1e-05,-1e-05,-2e-05,8e-05,0.00044,-1e-05,-1e-05,0
12817,-1e-05,-1e-05,-1e-05,-2e-05,8e-05,0.00044,-1e-05,-1e-05,0
12818,-1e-05,-1e-05,-1e-05,-2e-05,8e-05,0.00044,-1e-05,-1e-05,0
12819,-1e-05,-1e-05,-1e-05,-2e-05,8e-05,0.00044,-1e-05,-1e-05,0
12820,-1e-05,-1e-05,-1e-05,-2e-05,8e-05,0.00044,-1e-05,-1e-05,0
12821,-1e-05,-1e-05,-1e-05,-2e-05,8e-05,0.00044,-1e-05,-1e-05,0
12822,-1e-05,-1e-05,-1e-05,-2e-05,8e-05,0.00044,-1e-05,-1e-05,0
12823,-1e-05,-1e-05,-1e-05,-2e-05,8e-05,0.00044,-1e-05,-1e-05,0
12824,-1e-05,-1e-05,-1e-05,-2e-05,8e-05,0.00044,-1e-05,-1e-05,0
12825,-1e-05,-1e-05,-1e-05,-2e-05,8e-05,0.00044,-1e-05,-1e-05,0
12826,-1e-05,-1e-05,-1e-05,-2e-05,8e-05,0.00044,-1e-05,-1e-05,0
12827,0.0,0.0,-2e-05,1e-05,0.00014,0.00018,-4e-05,-1e-05,0
12828,-1e-05,0.0,-1e-05,-0.00013,-0.0001,-0.00025,0.0,0.0,0
12829,-1e-05,0.0,-1e-05,-0.00013,-0.0001,-0.00025,0.0,0.0,0
12830,-1e-05,0.0,-1e-05,-0.00013,-0.0001,-0.00025,0.0,0.0,0
12831,-1e-05,0.0,-1e-05,-0.00013,-0.0001,-0.00025,0.0,0.0,0
12832,-1e-05,0.0,-1e-05,-0.00013,-0.0001,-0.00025,0.0,0.0,0
12833,-1e-05,0.0,-1e-05,-0.00013,-0.0001,-0.00025,0.0,0.0,0
12834,-1e-05,0.0,-1e-05,-0.00013,-0.0001,-0.00025,0.0,0.0,0
12835,-1e-05,0.0,-1e-05,-0.00013,-0.0001,-0.00025,0.0,0.0,0
12836,-1e-05,0.0,-1e-05,-0.00013,-0.0001,-0.00025,0.0,0.0,0
12838,-1e-05,0.0,-1e-05,-0.00013,-0.0001,-0.00025,0.0,0.0,0
12840,-1e-05,0.0,-1e-05,-0.00013,-0.0001,-0.00025,0.0,0.0,0
12841,-1e-05,0.0,-1e-05,-0.00013,-0.0001,-0.00025,0.0,0.0,0
12842,-1e-05,2e-05,8e-05,9e-05,0.00013,-7e-05,-3e-05,2e-05,0
12843,2e-05,-1e-05,0.0,0.0,1e-05,-0.00015,-1e-05,-1e-05,0
12844,2e-05,-1e-05,0.0,0.0,1e-05,-0.00015,-1e-05,-1e-05,0
12845,2e-05,-1e-05,0.0,0.0,1e-05,-0.00015,-1e-05,-1e-05,0
12846,2e-05,-1e-05,0.0,0.0,1e-05,-0.00015,-1e-05,-1e-05,0
12847,2e-05,-1e-05,0.0,0.0,1e-05,-0.00015,-1e-05,-1e-05,0
12848,2e-05,-1e-05,0.0,0.0,1e-05,-0.00015,-1e-05,-1e-05,0
12849,2e-05,-1e-05,0.0,0.0,1e-05,-0.00015,-1e-05,-1e-05,0
12850,2e-05,-1e-05,0.0,0.0,1e-05,-0.00015,-1e-05,-1e-05,0
12851,2e-05,-1e-05,0.0,0.0,1e-05,-0.00015,-1e-05,-1e-05,0
12852,2e-05,-1e-05,0.0,0.0,1e-05,-0.00015,-1e-05,-1e-05,0
12854,2e-05,-1e-05,0.0,0.0,1e-05,-0.00015,-1e-05,-1e-05,0
12855,2e-05,-1e-05,0.0,0.0,1e-05,-0.00015,-1e-05,-1e-05,0
12856,2e-05,-1e-05,0.0,0.0,1e-05,-0.00015,-1e-05,-1e-05,0
12857,2e-05,-1e-05,0.0,0.0,1e-05,-0.00015,-1e-05,-1e-05,0
12858,2e-05,-1e-05,0.0,0.0,1e-05,-0.00015,-1e-05,-1e-05,0
12859,2e-05,-1e-05,0.0,0.0,1e-05,-0.00015,-1e-05,-1e-05,0
12860,2e-05,-1e-05,0.0,0.0,1e-05,-0.00015,-1e-05,-1e-05,0
12861,2e-05,-1e-05,0.0,0.0,1e-05,-0.00015,-1e-05,-1e-05,0
12862,2e-05,-1e-05,0.0,0.0,1e-05,-0.00015,-1e-05,-1e-05,0
12863,2e-05,-1e-05,0.0,0.0,1e-05,-0.00015,-1e-05,-1e-05,0
12864,-2e-05,-2e-05,-2e-05,-4e-05,-6e-05,-0.00021,-6e-05,-4e-05,0
12865,0.0,0.0,4e-05,-0.00012,-2e-05,-9e-05,0.0,1e-05,0
12866,0.0,0.0,4e-05,-0.00012,-2e-05,-9e-05,0.0,1e-05,0
12867,0.0,0.0,4e-05,-0.00012,-2e-05,-9e-05,0.0,1e-05,0
12868,0.0,0.0,4e-05,-0.00012,-2e-05,-9e-05,0.0,1e-05,0
12869,0.0,0.0,4e-05,-0.00012,-2e-05,-9e-05,0.0,1e-05,0
12870,0.0,0.0,4e-05,-0.00012,-2e-05,-9e-05,0.0,1e-05,0
12871,0.0,0.0,4e-05,-0.00012,-2e-05,-9e-05,0.0,1e-05,0
12872,0.0,0.0,4e-05,-0.00012,-2e-05,-9e-05,0.0,1e-05,0
12873,0.0,0.0,4e-05,-0.00012,-2e-05,-9e-05,0.0,1e-05,0
12874,0.0,0.0,4e-05,-0.00012,-2e-05,-9e-05,0.0,1e-05,0
12875,0.0,0.0,4e-05,-0.00012,-2e-05,-9e-05,0.0,1e-05,0
12876,0.0,0.0,4e-05,-0.00012,-2e-05,-9e-05,0.0,1e-05,0
12877,0.0,0.0,4e-05,-0.00012,-2e-05,-9e-05,0.0,1e-05,0
12878,0.0,0.0,4e-05,-0.00012,-2e-05,-9e-05,0.0,1e-05,0
12879,0.0,0.0,4e-05,-0.00012,-2e-05,-9e-05,0.0,1e-05,0
12880,0.0,0.0,4e-05,-0.00012,-2e-05,-9e-05,0.0,1e-05,0
12881,0.0,0.0,4e-05,-0.00012,-2e-05,-9e-05,0.0,1e-05,0
12882,0.0,0.0,4e-05,-0.00012,-2e-05,-9e-05,0.0,1e-05,0
12883,0.0,0.0,4e-05,-0.00012,-2e-05,-9e-05,0.0,1e-05,0
12884,0.0,0.0,4e-05,-0.00012,-2e-05,-9e-05,0.0,1e-05,0
12885,0.0,0.0,4e-05,-0.00012,-2e-05,-9e-05,0.0,1e-05,0
12886,0.0,0.0,4e-05,-0.00012,-2e-05,-9e-05,0.0,1e-05,0
12889,-2e-05,-3e-05,-6e-05,-8e-05,2e-05,0.00018,2e-05,1e-05,0
12890,-2e-05,-3e-05,-6e-05,-8e-05,2e-05,0.00018,2e-05,1e-05,0
12891,-2e-05,-3e-05,-6e-05,-8e-05,2e-05,0.00018,2e-05,1e-05,0
12892,-2e-05,-3e-05,-6e-05,-8e-05,2e-05,0.00018,2e-05,1e-05,0
12893,-2e-05,-3e-05,-6e-05,-8e-05,2e-05,0.00018,2e-05,1e-05,0
12894,-2e-05,-3e-05,-6e-05,-8e-05,2e-05,0.00018,2e-05,1e-05,0
12895,-2e-05,-3e-05,-6e-05,-8e-05,2e-05,0.00018,2e-05,1e-05,0
12896,-2e-05,-3e-05,-6e-05,-8e-05,2e-05,0.00018,2e-05,1e-05,0
12897,-2e-05,-3e-05,-6e-05,-8e-05,2e-05,0.00018,2e-05,1e-05,0
12898,-2e-05,-3e-05,-6e-05,-8e-05,2e-05,0.00018,2e-05,1e-05,0
12899,-2e-05,-3e-05,-6e-05,-8e-05,2e-05,0.00018,2e-05,1e-05,0
12900,-2e-05,-3e-05,-6e-05,-8e-05,2e-05,0.00018,2e-05,1e-05,0
12901,-2e-05,-3e-05,-6e-05,-8e-05,2e-05,0.00018,2e-05,1e-05,0
12902,-2e-05,-3e-05,-6e-05,-8e-05,2e-05,0.00018,2e-05,1e-05,0
12904,-2e-05,-1e-05,-1e-05,-3e-05,0.0,-0.00013,-6e-05,-4e-05,0
12905,-2e-05,-1e-05,-1e-05,-3e-05,0.0,-0.00013,-6e-05,-4e-05,0
12906,-2e-05,-1e-05,-1e-05,-3e-05,0.0,-0.00013,-6e-05,-4e-05,0
12907,-2e-05,-1e-05,-1e-05,-3e-05,0.0,-0.00013,-6e-05,-4e-05,0
12908,-2e-05,-1e-05,-1e-05,-3e-05,0.0,-0.00013,-6e-05,-4e-05,0
12909,-2e-05,-1e-05,-1e-05,-3e-05,0.0,-0.00013,-6e-05,-4e-05,0
12910,-2e-05,-1e-05,-1e-05,-3e-05,0.0,-0.00013,-6e-05,-4e-05,0
12911,-2e-05,-1e-05,-1e-05,-3e-05,0.0,-0.00013,-6e-05,-4e-05,0
12912,-2e-05,-1e-05,-1e-05,-3e-05,0.0,-0.00013,-6e-05,-4e-05,0
12913,-2e-05,-1e-05,-1e-05,-3e-05,0.0,-0.00013,-6e-05,-4e-05,0
12914,-2e-05,-1e-05,-1e-05,-3e-05,0.0,-0.00013,-6e-05,-4e-05,0
12915,-2e-05,-1e-05,-1e-05,-3e-05,0.0,-0.00013,-6e-05,-4e-05,0
12916,-2e-05,-1e-05,-1e-05,-3e-05,0.0,-0.00013,-6e-05,-4e-05,0
12917,-2e-05,-1e-05,-1e-05,-3e-05,0.0,-0.00013,-6e-05,-4e-05,0
12918,-2e-05,-1e-05,-1e-05,-3e-05,0.0,-0.00013,-6e-05,-4e-05,0
12919,-2e-05,-1e-05,-1e-05,-3e-05,0.0,-0.00013,-6e-05,-4e-05,0
12920,-2e-05,-1e-05,-1e-05,-3e-05,0.0,-0.00013,-6e-05,-4e-05,0
12921,-2e-05,-1e-05,-1e-05,-3e-05,0.0,-0.00013,-6e-05,-4e-05,0
12922,-2e-05,-1e-05,-1e-05,-3e-05,0.0,-0.00013,-6e-05,-4e-05,0
12923,-2e-05,-1e-05,-1e-05,-3e-05,0.0,-0.00013,-6e-05,-4e-05,0
12924,6e-05,5e-05,0.00012,0.00021,0.00032,0.0003,0.00012,7e-05,0
12925,-4e-05,0.0,2e-05,9e-05,-7e-05,-0.00011,-5e-05,-6e-05,0
12926,-4e-05,0.0,2e-05,9e-05,-7e-05,-0.00011,-5e-05,-6e-05,0
12927,-4e-05,0.0,2e-05,9e-05,-7e-05,-0.00011,-5e-05,-6e-05,0
12928,-4e-05,0.0,2e-05,9e-05,-7e-05,-0.00011,-5e-05,-6e-05,0
12929,-4e-05,0.0,2e-05,9e-05,-7e-05,-0.00011,-5e-05,-6e-05,0
12930,-4e-05,0.0,2e-05,9e-05,-7e-05,-0.00011,-5e-05,-6e-05,0
12931,-4e-05,0.0,2e-05,9e-05,-7e-05,-0.00011,-5e-05,-6e-05,0
12932,-4e-05,0.0,2e-05,9e-05,-7e-05,-0.00011,-5e-05,-6e-05,0
12933,-4e-05,0.0,2e-05,9e-05,-7e-05,-0.00011,-5e-05,-6e-05,0
12934,-4e-05,0.0,2e-05,9e-05,-7e-05,-0.00011,-5e-05,-6e-05,0
12935,-4e-05,0.0,2e-05,9e-05,-7e-05,-0.00011,-5e-05,-6e-05,0
12936,-4e-05,0.0,2e-05,9e-05,-7e-05,-0.00011,-5e-05,-6e-05,0
12938,-4e-05,0.0,2e-05,9e-05,-7e-05,-0.00011,-5e-05,-6e-05,0
12939,-4e-05,0.0,2e-05,9e-05,-7e-05,-0.00011,-5e-05,-6e-05,0
12940,-4e-05,0.0,2e-05,9e-05,-7e-05,-0.00011,-5e-05,-6e-05,0
12941,-4e-05,0.0,2e-05,9e-05,-7e-05,-0.00011,-5e-05,-6e-05,0
12942,-4e-05,0.0,2e-05,9e-05,-7e-05,-0.00011,-5e-05,-6e-05,0
12943,-4e-05,0.0,2e-05,9e-05,-7e-05,-0.00011,-5e-05,-6e-05,0
12944,-4e-05,0.0,2e-05,9e-05,-7e-05,-0.00011,-5e-05,-6e-05,0
12945,-4e-05,0.0,2e-05,9e-05,-7e-05,-0.00011,-5e-05,-6e-05,0
12946,-4e-05,0.0,2e-05,9e-05,-7e-05,-0.00011,-5e-05,-6e-05,0
12947,-4e-05,0.0,2e-05,9e-05,-7e-05,-0.00011,-5e-05,-6e-05,0
12948,-1e-05,-1e-05,-2e-05,-2e-05,-4e-05,0.00034,5e-05,-2e-05,0
12949,-2e-05,-1e-05,-4e-05,3e-05,-0.00013,9e-05,3e-05,-1e-05,0
12951,-2e-05,-1e-05,-4e-05,3e-05,-0.00013,9e-05,3e-05,-1e-05,0
12952,-2e-05,-1e-05,-4e-05,3e-05,-0.00013,9e-05,3e-05,-1e-05,0
12954,-2e-05,-1e-05,-4e-05,3e-05,-0.00013,9e-05,3e-05,-1e-05,0
12955,-2e-05,-1e-05,-4e-05,3e-05,-0.00013,9e-05,3e-05,-1e-05,0
12956,-2e-05,-1e-05,-4e-05,3e-05,-0.00013,9e-05,3e-05,-1e-05,0
12957,-2e-05,-1e-05,-4e-05,3e-05,-0.00013,9e-05,3e-05,-1e-05,0
12958,-2e-05,-1e-05,-4e-05,3e-05,-0.00013,9e-05,3e-05,-1e-05,0
12959,-2e-05,-1e-05,-4e-05,3e-05,-0.00013,9e-05,3e-05,-1e-05,0
12960,-2e-05,-1e-05,-4e-05,3e-05,-0.00013,9e-05,3e-05,-1e-05,0
12961,-2e-05,-1e-05,-4e-05,3e-05,-0.00013,9e-05,3e-05,-1e-05,0
12962,1e-05,-4e-05,-2e-05,6e-05,-6e-05,-9e-05,-5e-05,3e-05,0
12963,-1e-05,2e-05,1e-05,-5e-05,1e-05,0.00013,-4e-05,0.0,0
12964,-1e-05,2e-05,1e-05,-5e-05,1e-05,0.00013,-4e-05,0.0,0
12965,-1e-05,2e-05,1e-05,-5e-05,1e-05,0.00013,-4e-05,0.0,0
12966,-1e-05,2e-05,1e-05,-5e-05,1e-05,0.00013,-4e-05,0.0,0
12967,-1e-05,2e-05,1e-05,-5e-05,1e-05,0.00013,-4e-05,0.0,0
12968,-1e-05,2e-05,1e-05,-5e-05,1e-05,0.00013,-4e-05,0.0,0
12969,-1e-05,2e-05,1e-05,-5e-05,1e-05,0.00013,-4e-05,0.0,0
12970,-1e-05,2e-05,1e-05,-5e-05,1e-05,0.00013,-4e-05,0.0,0
12971,-1e-05,2e-05,1e-05,-5e-05,1e-05,0.00013,-4e-05,0.0,0
12972,-1e-05,2e-05,1e-05,-5e-05,1e-05,0.00013,-4e-05,0.0,0
12973,-1e-05,2e-05,1e-05,-5e-05,1e-05,0.00013,-4e-05,0.0,0
12974,-1e-05,2e-05,1e-05,-5e-05,1e-05,0.00013,-4e-05,0.0,0
12975,-1e-05,2e-05,1e-05,-5e-05,1e-05,0.00013,-4e-05,0.0,0
12976,-1e-05,2e-05,1e-05,-5e-05,1e-05,0.00013,-4e-05,0.0,0
12977,-1e-05,2e-05,1e-05,-5e-05,1e-05,0.00013,-4e-05,0.0,0
12978,-1e-05,2e-05,1e-05,-5e-05,1e-05,0.00013,-4e-05,0.0,0
12979,-1e-05,2e-05,1e-05,-5e-05,1e-05,0.00013,-4e-05,0.0,0
12980,-1e-05,2e-05,1e-05,-5e-05,1e-05,0.00013,-4e-05,0.0,0
12981,-1e-05,2e-05,1e-05,-5e-05,1e-05,0.00013,-4e-05,0.0,0
12982,-1e-05,2e-05,1e-05,-5e-05,1e-05,0.00013,-4e-05,0.0,0
12983,-1e-05,2e-05,1e-05,-5e-05,1e-05,0.00013,-4e-05,0.0,0
12984,-1e-05,2e-05,1e-05,-5e-05,1e-05,0.00013,-4e-05,0.0,0
12985,-5e-05,-5e-05,-4e-05,-6e-05,-0.00014,-2e-05,-2e-05,-4e-05,0
12986,2e-05,-3e-05,0.0,0.0003,0.00026,0.00014,-1e-05,1e-05,0
12988,2e-05,-3e-05,0.0,0.0003,0.00026,0.00014,-1e-05,1e-05,0
12989,2e-05,-3e-05,0.0,0.0003,0.00026,0.00014,-1e-05,1e-05,0
12990,2e-05,-3e-05,0.0,0.0003,0.00026,0.00014,-1e-05,1e-05,0
12991,2e-05,-3e-05,0.0,0.0003,0.00026,0.00014,-1e-05,1e-05,0
12992,2e-05,-3e-05,0.0,0.0003,0.00026,0.00014,-1e-05,1e-05,0
12993,2e-05,-3e-05,0.0,0.0003,0.00026,0.00014,-1e-05,1e-05,0
12994,2e-05,-3e-05,0.0,0.0003,0.00026,0.00014,-1e-05,1e-05,0
12995,2e-05,-3e-05,0.0,0.0003,0.00026,0.00014,-1e-05,1e-05,0
12996,2e-05,-3e-05,0.0,0.0003,0.00026,0.00014,-1e-05,1e-05,0
12997,2e-05,-3e-05,0.0,0.0003,0.00026,0.00014,-1e-05,1e-05,0
12998,2e-05,-3e-05,0.0,0.0003,0.00026,0.00014,-1e-05,1e-05,0
12999,2e-05,-3e-05,0.0,0.0003,0.00026,0.00014,-1e-05,1e-05,0
13000,2e-05,-3e-05,0.0,0.0003,0.00026,0.00014,-1e-05,1e-05,0
13001,2e-05,-3e-05,0.0,0.0003,0.00026,0.00014,-1e-05,1e-05,0
13002,2e-05,-3e-05,0.0,0.0003,0.00026,0.00014,-1e-05,1e-05,0
13003,2e-05,-3e-05,0.0,0.0003,0.00026,0.00014,-1e-05,1e-05,0
13004,2e-05,-3e-05,0.0,0.0003,0.00026,0.00014,-1e-05,1e-05,0
13005,2e-05,-3e-05,0.0,0.0003,0.00026,0.00014,-1e-05,1e-05,0
13006,2e-05,-3e-05,0.0,0.0003,0.00026,0.00014,-1e-05,1e-05,0
13007,2e-05,-3e-05,0.0,0.0003,0.00026,0.00014,-1e-05,1e-05,0
13008,-1e-05,-4e-05,-5e-05,-0.0002,-9e-05,-0.00021,-4e-05,-2e-05,0
13010,-1e-05,-4e-05,-5e-05,-0.0002,-9e-05,-0.00021,-4e-05,-2e-05,0
13011,-1e-05,-4e-05,-5e-05,-0.0002,-9e-05,-0.00021,-4e-05,-2e-05,0
13012,-1e-05,-4e-05,-5e-05,-0.0002,-9e-05,-0.00021,-4e-05,-2e-05,0
13013,-1e-05,-4e-05,-5e-05,-0.0002,-9e-05,-0.00021,-4e-05,-2e-05,0
13014,-1e-05,-4e-05,-5e-05,-0.0002,-9e-05,-0.00021,-4e-05,-2e-05,0
13015,-1e-05,-4e-05,-5e-05,-0.0002,-9e-05,-0.00021,-4e-05,-2e-05,0
13016,-1e-05,-4e-05,-5e-05,-0.0002,-9e-05,-0.00021,-4e-05,-2e-05,0
13017,-1e-05,-4e-05,-5e-05,-0.0002,-9e-05,-0.00021,-4e-05,-2e-05,0
13018,-1e-05,-4e-05,-5e-05,-0.0002,-9e-05,-0.00021,-4e-05,-2e-05,0
13019,-1e-05,-4e-05,-5e-05,-0.0002,-9e-05,-0.00021,-4e-05,-2e-05,0
13020,-1e-05,-4e-05,-5e-05,-0.0002,-9e-05,-0.00021,-4e-05,-2e-05,0
13021,-1e-05,-4e-05,-5e-05,-0.0002,-9e-05,-0.00021,-4e-05,-2e-05,0
13022,-2e-05,-4e-05,-6e-05,-2e-05,-0.00021,-0.00023,-5e-05,-5e-05,0
13023,-1e-05,1e-05,4e-05,1e-05,-1e-05,0.00012,-1e-05,-1e-05,0
13024,-1e-05,1e-05,4e-05,1e-05,-1e-05,0.00012,-1e-05,-1e-05,0
13025,-1e-05,1e-05,4e-05,1e-05,-1e-05,0.00012,-1e-05,-1e-05,0
13026,-1e-05,1e-05,4e-05,1e-05,-1e-05,0.00012,-1e-05,-1e-05,0
13027,-1e-05,1e-05,4e-05,1e-05,-1e-05,0.00012,-1e-05,-1e-05,0
13028,-1e-05,1e-05,4e-05,1e-05,-1e-05,0.00012,-1e-05,-1e-05,0
13029,-1e-05,1e-05,4e-05,1e-05,-1e-05,0.00012,-1e-05,-1e-05,0
13030,-1e-05,1e-05,4e-05,1e-05,-1e-05,0.00012,-1e-05,-1e-05,0
13031,-1e-05,1e-05,4e-05,1e-05,-1e-05,0.00012,-1e-05,-1e-05,0
13032,-1e-05,1e-05,4e-05,1e-05,-1e-05,0.00012,-1e-05,-1e-05,0
13033,-1e-05,1e-05,4e-05,1e-05,-1e-05,0.00012,-1e-05,-1e-05,0
13034,-1e-05,1e-05,4e-05,1e-05,-1e-05,0.00012,-1e-05,-1e-05,0
13035,-1e-05,1e-05,4e-05,1e-05,-1e-05,0.00012,-1e-05,-1e-05,0
13036,-1e-05,1e-05,4e-05,1e-05,-1e-05,0.00012,-1e-05,-1e-05,0
13038,-1e-05,1e-05,4e-05,1e-05,-1e-05,0.00012,-1e-05,-1e-05,0
13039,-1e-05,1e-05,4e-05,1e-05,-1e-05,0.00012,-1e-05,-1e-05,0
13040,-1e-05,1e-05,4e-05,1e-05,-1e-05,0.00012,-1e-05,-1e-05,0
13041,-1e-05,1e-05,4e-05,1e-05,-1e-05,0.00012,-1e-05,-1e-05,0
13042,-1e-05,1e-05,4e-05,1e-05,-1e-05,0.00012,-1e-05,-1e-05,0
13043,-1e-05,1e-05,4e-05,1e-05,-1e-05,0.00012,-1e-05,-1e-05,0
13044,0.0,0.0,-1e-05,-7e-05,-3e-05,-1e-05,-4e-05,-1e-05,0
13045,-5e-05,-3e-05,-6e-05,-0.00017,-6e-05,-0.00022,-4e-05,-4e-05,0
13046,-5e-05,-3e-05,-6e-05,-0.00017,-6e-05,-0.00022,-4e-05,-4e-05,0
13047,-5e-05,-3e-05,-6e-05,-0.00017,-6e-05,-0.00022,-4e-05,-4e-05,0
13048,-5e-05,-3e-05,-6e-05,-0.00017,-6e-05,-0.00022,-4e-05,-4e-05,0
13049,-5e-05,-3e-05,-6e-05,-0.00017,-6e-05,-0.00022,-4e-05,-4e-05,0
13050,-5e-05,-3e-05,-6e-05,-0.00017,-6e-05,-0.00022,-4e-05,-4e-05,0
13051,-5e-05,-3e-05,-6e-05,-0.00017,-6e-05,-0.00022,-4e-05,-4e-05,0
13052,-5e-05,-3e-05,-6e-05,-0.00017,-6e-05,-0.00022,-4e-05,-4e-05,0
13054,-5e-05,-3e-05,-6e-05,-0.00017,-6e-05,-0.00022,-4e-05,-4e-05,0
13055,-5e-05,-3e-05,-6e-05,-0.00017,-6e-05,-0.00022,-4e-05,-4e-05,0
13056,-5e-05,-3e-05,-6e-05,-0.00017,-6e-05,-0.00022,-4e-05,-4e-05,0
13057,-5e-05,-3e-05,-6e-05,-0.00017,-6e-05,-0.00022,-4e-05,-4e-05,0
13058,-5e-05,-3e-05,-6e-05,-0.00017,-6e-05,-0.00022,-4e-05,-4e-05,0
13059,-5e-05,-3e-05,-6e-05,-0.00017,-6e-05,-0.00022,-4e-05,-4e-05,0
13060,-5e-05,-3e-05,-6e-05,-0.00017,-6e-05,-0.00022,-4e-05,-4e-05,0
13061,-5e-05,-3e-05,-6e-05,-0.00017,-6e-05,-0.00022,-4e-05,-4e-05,0
13062,-5e-05,-3e-05,-6e-05,-0.00017,-6e-05,-0.00022,-4e-05,-4e-05,0
13063,-5e-05,-3e-05,-6e-05,-0.00017,-6e-05,-0.00022,-4e-05,-4e-05,0
13064,-5e-05,-3e-05,-6e-05,-0.00017,-6e-05,-0.00022,-4e-05,-4e-05,0
13065,-5e-05,-3e-05,-6e-05,-0.00017,-6e-05,-0.00022,-4e-05,-4e-05,0
13066,-5e-05,-3e-05,-6e-05,-0.00017,-6e-05,-0.00022,-4e-05,-4e-05,0
13067,-5e-05,-3e-05,-6e-05,-0.00017,-6e-05,-0.00022,-4e-05,-4e-05,0
13068,0.0,-3e-05,-1e-05,-6e-05,-3e-05,-0.00011,2e-05,4e-05,0
13069,0.0,-2e-05,-3e-05,-6e-05,-0.0002,-0.00038,-2e-05,-2e-05,0
13070,0.0,-2e-05,-3e-05,-6e-05,-0.0002,-0.00038,-2e-05,-2e-05,0
13071,0.0,-2e-05,-3e-05,-6e-05,-0.0002,-0.00038,-2e-05,-2e-05,0
13072,0.0,-2e-05,-3e-05,-6e-05,-0.0002,-0.00038,-2e-05,-2e-05,0
13073,0.0,-2e-05,-3e-05,-6e-05,-0.0002,-0.00038,-2e-05,-2e-05,0
13074,0.0,-2e-05,-3e-05,-6e-05,-0.0002,-0.00038,-2e-05,-2e-05,0
13075,0.0,-2e-05,-3e-05,-6e-05,-0.0002,-0.00038,-2e-05,-2e-05,0
13076,0.0,-2e-05,-3e-05,-6e-05,-0.0002,-0.00038,-2e-05,-2e-05,0
13077,0.0,-2e-05,-3e-05,-6e-05,-0.0002,-0.00038,-2e-05,-2e-05,0
13078,0.0,-2e-05,-3e-05,-6e-05,-0.0002,-0.00038,-2e-05,-2e-05,0
13079,0.0,-2e-05,-3e-05,-6e-05,-0.0002,-0.00038,-2e-05,-2e-05,0
13080,0.0,-2e-05,-3e-05,-6e-05,-0.0002,-0.00038,-2e-05,-2e-05,0
13081,0.0,-2e-05,-3e-05,-6e-05,-0.0002,-0.00038,-2e-05,-2e-05,0
13082,-2e-05,1e-05,0.0,-8e-05,-0.0002,-0.00025,0.0,-1e-05,0
13083,-1e-05,0.0,0.0,-8e-05,3e-05,-0.00011,-3e-05,0.0,0
13084,-1e-05,0.0,0.0,-8e-05,3e-05,-0.00011,-3e-05,0.0,0
13085,-1e-05,0.0,0.0,-8e-05,3e-05,-0.00011,-3e-05,0.0,0
13086,-1e-05,0.0,0.0,-8e-05,3e-05,-0.00011,-3e-05,0.0,0
13088,-1e-05,0.0,0.0,-8e-05,3e-05,-0.00011,-3e-05,0.0,0
13089,-1e-05,0.0,0.0,-8e-05,3e-05,-0.00011,-3e-05,0.0,0
13090,-1e-05,0.0,0.0,-8e-05,3e-05,-0.00011,-3e-05,0.0,0
13091,-1e-05,0.0,0.0,-8e-05,3e-05,-0.00011,-3e-05,0.0,0
13092,-1e-05,0.0,0.0,-8e-05,3e-05,-0.00011,-3e-05,0.0,0
13093,-1e-05,0.0,0.0,-8e-05,3e-05,-0.00011,-3e-05,0.0,0
13094,-1e-05,0.0,0.0,-8e-05,3e-05,-0.00011,-3e-05,0.0,0
13095,-1e-05,0.0,0.0,-8e-05,3e-05,-0.00011,-3e-05,0.0,0
13096,-1e-05,0.0,0.0,-8e-05,3e-05,-0.00011,-3e-05,0.0,0
13097,-1e-05,0.0,0.0,-8e-05,3e-05,-0.00011,-3e-05,0.0,0
13098,-1e-05,0.0,0.0,-8e-05,3e-05,-0.00011,-3e-05,0.0,0
13099,-1e-05,0.0,0.0,-8e-05,3e-05,-0.00011,-3e-05,0.0,0
13100,-1e-05,0.0,0.0,-8e-05,3e-05,-0.00011,-3e-05,0.0,0
13101,-1e-05,0.0,0.0,-8e-05,3e-05,-0.00011,-3e-05,0.0,0
13102,-1e-05,0.0,0.0,-8e-05,3e-05,-0.00011,-3e-05,0.0,0
13104,-1e-05,0.0,0.0,-8e-05,3e-05,-0.00011,-3e-05,0.0,0
13105,2e-05,-1e-05,5e-05,5e-05,-0.0001,-6e-05,-3e-05,-3e-05,0
13106,1e-05,-2e-05,-3e-05,2e-05,0.00016,0.00023,5e-05,2e-05,0
13107,1e-05,-2e-05,-3e-05,2e-05,0.00016,0.00023,5e-05,2e-05,0
13108,1e-05,-2e-05,-3e-05,2e-05,0.00016,0.00023,5e-05,2e-05,0
13109,1e-05,-2e-05,-3e-05,2e-05,0.00016,0.00023,5e-05,2e-05,0
13110,1e-05,-2e-05,-3e-05,2e-05,0.00016,0.00023,5e-05,2e-05,0
13111,1e-05,-2e-05,-3e-05,2e-05,0.00016,0.00023,5e-05,2e-05,0
13112,1e-05,-2e-05,-3e-05,2e-05,0.00016,0.00023,5e-05,2e-05,0
13113,1e-05,-2e-05,-3e-05,2e-05,0.00016,0.00023,5e-05,2e-05,0
13114,1e-05,-2e-05,-3e-05,2e-05,0.00016,0.00023,5e-05,2e-05,0
13115,1e-05,-2e-05,-3e-05,2e-05,0.00016,0.00023,5e-05,2e-05,0
13116,1e-05,-2e-05,-3e-05,2e-05,0.00016,0.00023,5e-05,2e-05,0
13117,1e-05,-2e-05,-3e-05,2e-05,0.00016,0.00023,5e-05,2e-05,0
13118,1e-05,-2e-05,-3e-05,2e-05,0.00016,0.00023,5e-05,2e-05,0
13119,1e-05,-2e-05,-3e-05,2e-05,0.00016,0.00023,5e-05,2e-05,0
13120,1e-05,-2e-05,-3e-05,2e-05,0.00016,0.00023,5e-05,2e-05,0
13121,1e-05,-2e-05,-3e-05,2e-05,0.00016,0.00023,5e-05,2e-05,0
13122,1e-05,-2e-05,-3e-05,2e-05,0.00016,0.00023,5e-05,2e-05,0
13123,1e-05,-2e-05,-3e-05,2e-05,0.00016,0.00023,5e-05,2e-05,0
13124,1e-05,-2e-05,-3e-05,2e-05,0.00016,0.00023,5e-05,2e-05,0
13125,1e-05,-2e-05,-3e-05,2e-05,0.00016,0.00023,5e-05,2e-05,0
13126,1e-05,-2e-05,-3e-05,2e-05,0.00016,0.00023,5e-05,2e-05,0
13127,1e-05,-2e-05,-3e-05,2e-05,0.00016,0.00023,5e-05,2e-05,0
13128,0.0,0.0,-1e-05,-0.00012,-1e-05,-0.00019,-3e-05,1e-05,0
13129,0.0,0.0,-1e-05,-0.00012,-1e-05,-0.00019,-3e-05,1e-05,0
13130,0.0,0.0,-1e-05,-0.00012,-1e-05,-0.00019,-3e-05,1e-05,0
13131,0.0,0.0,-1e-05,-0.00012,-1e-05,-0.00019,-3e-05,1e-05,0
13132,0.0,0.0,-1e-05,-0.00012,-1e-05,-0.00019,-3e-05,1e-05,0
13133,0.0,0.0,-1e-05,-0.00012,-1e-05,-0.00019,-3e-05,1e-05,0
13134,0.0,0.0,-1e-05,-0.00012,-1e-05,-0.00019,-3e-05,1e-05,0
13135,0.0,0.0,-1e-05,-0.00012,-1e-05,-0.00019,-3e-05,1e-05,0
13136,0.0,0.0,-1e-05,-0.00012,-1e-05,-0.00019,-3e-05,1e-05,0
13138,0.0,0.0,-1e-05,-0.00012,-1e-05,-0.00019,-3e-05,1e-05,0
13139,0.0,0.0,-1e-05,-0.00012,-1e-05,-0.00019,-3e-05,1e-05,0
13140,0.0,0.0,-1e-05,-0.00012,-1e-05,-0.00019,-3e-05,1e-05,0
13141,0.0,0.0,-1e-05,-0.00012,-1e-05,-0.00019,-3e-05,1e-05,0
13142,-2e-05,-1e-05,0.0,-6e-05,0.0,0.00016,0.0,0.0,0
13143,-1e-05,-2e-05,-1e-05,2e-05,-6e-05,0.00037,8e-05,0.0,0
13144,-1e-05,-2e-05,-1e-05,2e-05,-6e-05,0.00037,8e-05,0.0,0
13145,-1e-05,-2e-05,-1e-05,2e-05,-6e-05,0.00037,8e-05,0.0,0
13146,-1e-05,-2e-05,-1e-05,2e-05,-6e-05,0.00037,8e-05,0.0,0
13147,-1e-05,-2e-05,-1e-05,2e-05,-6e-05,0.00037,8e-05,0.0,0
13148,-1e-05,-2e-05,-1e-05,2e-05,-6e-05,0.00037,8e-05,0.0,0
13150,-1e-05,-2e-05,-1e-05,2e-05,-6e-05,0.00037,8e-05,0.0,0
13151,-1e-05,-2e-05,-1e-05,2e-05,-6e-05,0.00037,8e-05,0.0,0
13152,-1e-05,-2e-05,-1e-05,2e-05,-6e-05,0.00037,8e-05,0.0,0
13154,-1e-05,-2e-05,-1e-05,2e-05,-6e-05,0.00037,8e-05,0.0,0
13155,-1e-05,-2e-05,-1e-05,2e-05,-6e-05,0.00037,8e-05,0.0,0
13156,-1e-05,-2e-05,-1e-05,2e-05,-6e-05,0.00037,8e-05,0.0,0
13157,-1e-05,-2e-05,-1e-05,2e-05,-6e-05,0.00037,8e-05,0.0,0
13158,-1e-05,-2e-05,-1e-05,2e-05,-6e-05,0.00037,8e-05,0.0,0
13159,-1e-05,-2e-05,-1e-05,2e-05,-6e-05,0.00037,8e-05,0.0,0
13160,-1e-05,-2e-05,-1e-05,2e-05,-6e-05,0.00037,8e-05,0.0,0
13161,-1e-05,-2e-05,-1e-05,2e-05,-6e-05,0.00037,8e-05,0.0,0
13162,-1e-05,-2e-05,-1e-05,2e-05,-6e-05,0.00037,8e-05,0.0,0
13163,-1e-05,-2e-05,-1e-05,2e-05,-6e-05,0.00037,8e-05,0.0,0
13164,1e-05,4e-05,7e-05,0.0001,6e-05,-6e-05,1e-05,2e-05,0
13165,-2e-05,-1e-05,0.0,4e-05,9e-05,-0.0001,-6e-05,-1e-05,0
13166,-2e-05,-1e-05,0.0,4e-05,9e-05,-0.0001,-6e-05,-1e-05,0
13167,-2e-05,-1e-05,0.0,4e-05,9e-05,-0.0001,-6e-05,-1e-05,0
13168,-2e-05,-1e-05,0.0,4e-05,9e-05,-0.0001,-6e-05,-1e-05,0
13169,-2e-05,-1e-05,0.0,4e-05,9e-05,-0.0001,-6e-05,-1e-05,0
13170,-2e-05,-1e-05,0.0,4e-05,9e-05,-0.0001,-6e-05,-1e-05,0
13171,-2e-05,-1e-05,0.0,4e-05,9e-05,-0.0001,-6e-05,-1e-05,0
13173,-2e-05,-1e-05,0.0,4e-05,9e-05,-0.0001,-6e-05,-1e-05,0
13174,-2e-05,-1e-05,0.0,4e-05,9e-05,-0.0001,-6e-05,-1e-05,0
13175,-2e-05,-1e-05,0.0,4e-05,9e-05,-0.0001,-6e-05,-1e-05,0
13176,-2e-05,-1e-05,0.0,4e-05,9e-05,-0.0001,-6e-05,-1e-05,0
13177,-2e-05,-1e-05,0.0,4e-05,9e-05,-0.0001,-6e-05,-1e-05,0
13178,-2e-05,-1e-05,0.0,4e-05,9e-05,-0.0001,-6e-05,-1e-05,0
13179,-2e-05,-1e-05,0.0,4e-05,9e-05,-0.0001,-6e-05,-1e-05,0
13180,-2e-05,-1e-05,0.0,4e-05,9e-05,-0.0001,-6e-05,-1e-05,0
13181,-2e-05,-1e-05,0.0,4e-05,9e-05,-0.0001,-6e-05,-1e-05,0
13182,-2e-05,-1e-05,0.0,4e-05,9e-05,-0.0001,-6e-05,-1e-05,0
13183,-2e-05,-1e-05,0.0,4e-05,9e-05,-0.0001,-6e-05,-1e-05,0
13184,-2e-05,-1e-05,0.0,4e-05,9e-05,-0.0001,-6e-05,-1e-05,0
13185,-2e-05,-1e-05,0.0,4e-05,9e-05,-0.0001,-6e-05,-1e-05,0
13186,-2e-05,-1e-05,0.0,4e-05,9e-05,-0.0001,-6e-05,-1e-05,0
13189,0.0,0.0,3e-05,2e-05,0.0,6e-05,1e-05,-2e-05,0
13190,0.0,0.0,3e-05,2e-05,0.0,6e-05,1e-05,-2e-05,0
13191,0.0,0.0,3e-05,2e-05,0.0,6e-05,1e-05,-2e-05,0
13192,0.0,0.0,3e-05,2e-05,0.0,6e-05,1e-05,-2e-05,0
13193,0.0,0.0,3e-05,2e-05,0.0,6e-05,1e-05,-2e-05,0
13194,0.0,0.0,3e-05,2e-05,0.0,6e-05,1e-05,-2e-05,0
13195,0.0,0.0,3e-05,2e-05,0.0,6e-05,1e-05,-2e-05,0
13196,0.0,0.0,3e-05,2e-05,0.0,6e-05,1e-05,-2e-05,0
13197,0.0,0.0,3e-05,2e-05,0.0,6e-05,1e-05,-2e-05,0
13198,0.0,0.0,3e-05,2e-05,0.0,6e-05,1e-05,-2e-05,0
13199,0.0,0.0,3e-05,2e-05,0.0,6e-05,1e-05,-2e-05,0
13200,0.0,0.0,3e-05,2e-05,0.0,6e-05,1e-05,-2e-05,0
13201,0.0,0.0,3e-05,2e-05,0.0,6e-05,1e-05,-2e-05,0
13202,1e-05,0.0,-6e-05,-7e-05,-6e-05,-0.00038,3e-05,1e-05,0
13204,-2e-05,-3e-05,1e-05,-6e-05,-7e-05,8e-05,-1e-05,-5e-05,0
13205,-2e-05,-3e-05,1e-05,-6e-05,-7e-05,8e-05,-1e-05,-5e-05,0
13207,-2e-05,-3e-05,1e-05,-6e-05,-7e-05,8e-05,-1e-05,-5e-05,0
13208,-2e-05,-3e-05,1e-05,-6e-05,-7e-05,8e-05,-1e-05,-5e-05,0
13209,-2e-05,-3e-05,1e-05,-6e-05,-7e-05,8e-05,-1e-05,-5e-05,0
13210,-2e-05,-3e-05,1e-05,-6e-05,-7e-05,8e-05,-1e-05,-5e-05,0
13211,-2e-05,-3e-05,1e-05,-6e-05,-7e-05,8e-05,-1e-05,-5e-05,0
13212,-2e-05,-3e-05,1e-05,-6e-05,-7e-05,8e-05,-1e-05,-5e-05,0
13213,-2e-05,-3e-05,1e-05,-6e-05,-7e-05,8e-05,-1e-05,-5e-05,0
13214,-2e-05,-3e-05,1e-05,-6e-05,-7e-05,8e-05,-1e-05,-5e-05,0
13215,-2e-05,-3e-05,1e-05,-6e-05,-7e-05,8e-05,-1e-05,-5e-05,0
13216,-2e-05,-3e-05,1e-05,-6e-05,-7e-05,8e-05,-1e-05,-5e-05,0
13217,-2e-05,-3e-05,1e-05,-6e-05,-7e-05,8e-05,-1e-05,-5e-05,0
13218,-2e-05,-3e-05,1e-05,-6e-05,-7e-05,8e-05,-1e-05,-5e-05,0
13219,-2e-05,-3e-05,1e-05,-6e-05,-7e-05,8e-05,-1e-05,-5e-05,0
13220,-2e-05,-3e-05,1e-05,-6e-05,-7e-05,8e-05,-1e-05,-5e-05,0
13221,-2e-05,-3e-05,1e-05,-6e-05,-7e-05,8e-05,-1e-05,-5e-05,0
13222,-2e-05,-3e-05,1e-05,-6e-05,-7e-05,8e-05,-1e-05,-5e-05,0
13223,-2e-05,-3e-05,1e-05,-6e-05,-7e-05,8e-05,-1e-05,-5e-05,0
13224,-2e-05,0.0,-2e-05,-0.00016,0.0001,-0.00018,-3e-05,-1e-05,0
13225,5e-05,2e-05,2e-05,-4e-05,-0.00015,-0.00024,6e-05,3e-05,0
13226,5e-05,2e-05,2e-05,-4e-05,-0.00015,-0.00024,6e-05,3e-05,0
13227,5e-05,2e-05,2e-05,-4e-05,-0.00015,-0.00024,6e-05,3e-05,0
13228,5e-05,2e-05,2e-05,-4e-05,-0.00015,-0.00024,6e-05,3e-05,0
13229,5e-05,2e-05,2e-05,-4e-05,-0.00015,-0.00024,6e-05,3e-05,0
13230,5e-05,2e-05,2e-05,-4e-05,-0.00015,-0.00024,6e-05,3e-05,0
13231,5e-05,2e-05,2e-05,-4e-05,-0.00015,-0.00024,6e-05,3e-05,0
13232,5e-05,2e-05,2e-05,-4e-05,-0.00015,-0.00024,6e-05,3e-05,0
13233,5e-05,2e-05,2e-05,-4e-05,-0.00015,-0.00024,6e-05,3e-05,0
13234,5e-05,2e-05,2e-05,-4e-05,-0.00015,-0.00024,6e-05,3e-05,0
13235,5e-05,2e-05,2e-05,-4e-05,-0.00015,-0.00024,6e-05,3e-05,0
13237,5e-05,2e-05,2e-05,-4e-05,-0.00015,-0.00024,6e-05,3e-05,0
13239,5e-05,2e-05,2e-05,-4e-05,-0.00015,-0.00024,6e-05,3e-05,0
13240,5e-05,2e-05,2e-05,-4e-05,-0.00015,-0.00024,6e-05,3e-05,0
13241,5e-05,2e-05,2e-05,-4e-05,-0.00015,-0.00024,6e-05,3e-05,0
13242,5e-05,2e-05,2e-05,-4e-05,-0.00015,-0.00024,6e-05,3e-05,0
13243,5e-05,2e-05,2e-05,-4e-05,-0.00015,-0.00024,6e-05,3e-05,0
13244,5e-05,2e-05,2e-05,-4e-05,-0.00015,-0.00024,6e-05,3e-05,0
13245,5e-05,2e-05,2e-05,-4e-05,-0.00015,-0.00024,6e-05,3e-05,0
13246,5e-05,2e-05,2e-05,-4e-05,-0.00015,-0.00024,6e-05,3e-05,0
13247,5e-05,2e-05,2e-05,-4e-05,-0.00015,-0.00024,6e-05,3e-05,0
13248,0.0,-1e-05,2e-05,0.00015,0.00016,0.0001,-7e-05,-1e-05,0
13249,0.0,-1e-05,2e-05,0.00015,0.00016,0.0001,-7e-05,-1e-05,0
13250,0.0,-1e-05,2e-05,0.00015,0.00016,0.0001,-7e-05,-1e-05,0
13251,0.0,-1e-05,2e-05,0.00015,0.00016,0.0001,-7e-05,-1e-05,0
13252,0.0,-1e-05,2e-05,0.00015,0.00016,0.0001,-7e-05,-1e-05,0
13254,0.0,-1e-05,2e-05,0.00015,0.00016,0.0001,-7e-05,-1e-05,0
13255,0.0,-1e-05,2e-05,0.00015,0.00016,0.0001,-7e-05,-1e-05,0
13256,0.0,-1e-05,2e-05,0.00015,0.00016,0.0001,-7e-05,-1e-05,0
13257,0.0,-1e-05,2e-05,0.00015,0.00016,0.0001,-7e-05,-1e-05,0
13258,0.0,-1e-05,2e-05,0.00015,0.00016,0.0001,-7e-05,-1e-05,0
13259,0.0,-1e-05,2e-05,0.00015,0.00016,0.0001,-7e-05,-1e-05,0
13260,0.0,-1e-05,2e-05,0.00015,0.00016,0.0001,-7e-05,-1e-05,0
13261,0.0,-1e-05,2e-05,0.00015,0.00016,0.0001,-7e-05,-1e-05,0
13262,0.0,2e-05,4e-05,-9e-05,-8e-05,-0.00018,-3e-05,-3e-05,0
13263,-3e-05,-3e-05,5e-05,-0.0003,-0.0002,-4e-05,-1e-05,-1e-05,0
13264,-3e-05,-3e-05,5e-05,-0.0003,-0.0002,-4e-05,-1e-05,-1e-05,0
13265,-3e-05,-3e-05,5e-05,-0.0003,-0.0002,-4e-05,-1e-05,-1e-05,0
13266,-3e-05,-3e-05,5e-05,-0.0003,-0.0002,-4e-05,-1e-05,-1e-05,0
13267,-3e-05,-3e-05,5e-05,-0.0003,-0.0002,-4e-05,-1e-05,-1e-05,0
13268,-3e-05,-3e-05,5e-05,-0.0003,-0.0002,-4e-05,-1e-05,-1e-05,0
13269,-3e-05,-3e-05,5e-05,-0.0003,-0.0002,-4e-05,-1e-05,-1e-05,0
13270,-3e-05,-3e-05,5e-05,-0.0003,-0.0002,-4e-05,-1e-05,-1e-05,0
13271,-3e-05,-3e-05,5e-05,-0.0003,-0.0002,-4e-05,-1e-05,-1e-05,0
13272,-3e-05,-3e-05,5e-05,-0.0003,-0.0002,-4e-05,-1e-05,-1e-05,0
13273,-3e-05,-3e-05,5e-05,-0.0003,-0.0002,-4e-05,-1e-05,-1e-05,0
13274,-3e-05,-3e-05,5e-05,-0.0003,-0.0002,-4e-05,-1e-05,-1e-05,0
13275,-3e-05,-3e-05,5e-05,-0.0003,-0.0002,-4e-05,-1e-05,-1e-05,0
13276,-3e-05,-3e-05,5e-05,-0.0003,-0.0002,-4e-05,-1e-05,-1e-05,0
13277,-3e-05,-3e-05,5e-05,-0.0003,-0.0002,-4e-05,-1e-05,-1e-05,0
13278,-3e-05,-3e-05,5e-05,-0.0003,-0.0002,-4e-05,-1e-05,-1e-05,0
13279,-3e-05,-3e-05,5e-05,-0.0003,-0.0002,-4e-05,-1e-05,-1e-05,0
13280,-3e-05,-3e-05,5e-05,-0.0003,-0.0002,-4e-05,-1e-05,-1e-05,0
13281,-3e-05,-3e-05,5e-05,-0.0003,-0.0002,-4e-05,-1e-05,-1e-05,0
13282,-3e-05,-3e-05,5e-05,-0.0003,-0.0002,-4e-05,-1e-05,-1e-05,0
13283,-3e-05,-3e-05,5e-05,-0.0003,-0.0002,-4e-05,-1e-05,-1e-05,0
13284,0.0,2e-05,3e-05,0.00056,0.00028,-0.00017,1e-05,1e-05,0
13285,-2e-05,-2e-05,3e-05,-7e-05,-7e-05,-5e-05,4e-05,-3e-05,0
13286,-1e-05,0.0,-7e-05,-0.00017,4e-05,0.00011,-1e-05,1e-05,0
13288,-1e-05,0.0,-7e-05,-0.00017,4e-05,0.00011,-1e-05,1e-05,0
13289,-1e-05,0.0,-7e-05,-0.00017,4e-05,0.00011,-1e-05,1e-05,0
13290,-1e-05,0.0,-7e-05,-0.00017,4e-05,0.00011,-1e-05,1e-05,0
13291,-1e-05,0.0,-7e-05,-0.00017,4e-05,0.00011,-1e-05,1e-05,0
13292,-1e-05,0.0,-7e-05,-0.00017,4e-05,0.00011,-1e-05,1e-05,0
13293,-1e-05,0.0,-7e-05,-0.00017,4e-05,0.00011,-1e-05,1e-05,0
13294,-1e-05,0.0,-7e-05,-0.00017,4e-05,0.00011,-1e-05,1e-05,0
13295,-1e-05,0.0,-7e-05,-0.00017,4e-05,0.00011,-1e-05,1e-05,0
13296,-1e-05,0.0,-7e-05,-0.00017,4e-05,0.00011,-1e-05,1e-05,0
13297,-1e-05,0.0,-7e-05,-0.00017,4e-05,0.00011,-1e-05,1e-05,0
13298,-1e-05,0.0,-7e-05,-0.00017,4e-05,0.00011,-1e-05,1e-05,0
13299,-1e-05,0.0,-7e-05,-0.00017,4e-05,0.00011,-1e-05,1e-05,0
13300,-1e-05,0.0,-7e-05,-0.00017,4e-05,0.00011,-1e-05,1e-05,0
13301,-1e-05,0.0,-7e-05,-0.00017,4e-05,0.00011,-1e-05,1e-05,0
13302,-1e-05,0.0,-7e-05,-0.00017,4e-05,0.00011,-1e-05,1e-05,0
13304,-1e-05,0.0,-7e-05,-0.00017,4e-05,0.00011,-1e-05,1e-05,0
13305,-1e-05,0.0,-7e-05,-0.00017,4e-05,0.00011,-1e-05,1e-05,0
13306,-1e-05,0.0,-7e-05,-0.00017,4e-05,0.00011,-1e-05,1e-05,0
13307,-1e-05,0.0,-7e-05,-0.00017,4e-05,0.00011,-1e-05,1e-05,0
13308,-1e-05,-1e-05,1e-05,0.0001,0.0,-6e-05,4e-05,1e-05,0
13309,-3e-05,-1e-05,-2e-05,1e-05,-3e-05,0.00025,-1e-05,-3e-05,0
13310,-3e-05,-1e-05,-2e-05,1e-05,-3e-05,0.00025,-1e-05,-3e-05,0
13311,-3e-05,-1e-05,-2e-05,1e-05,-3e-05,0.00025,-1e-05,-3e-05,0
13312,-3e-05,-1e-05,-2e-05,1e-05,-3e-05,0.00025,-1e-05,-3e-05,0
13313,-3e-05,-1e-05,-2e-05,1e-05,-3e-05,0.00025,-1e-05,-3e-05,0
13314,-3e-05,-1e-05,-2e-05,1e-05,-3e-05,0.00025,-1e-05,-3e-05,0
13315,-3e-05,-1e-05,-2e-05,1e-05,-3e-05,0.00025,-1e-05,-3e-05,0
13316,-3e-05,-1e-05,-2e-05,1e-05,-3e-05,0.00025,-1e-05,-3e-05,0
13317,-3e-05,-1e-05,-2e-05,1e-05,-3e-05,0.00025,-1e-05,-3e-05,0
13318,-3e-05,-1e-05,-2e-05,1e-05,-3e-05,0.00025,-1e-05,-3e-05,0
13319,-3e-05,-1e-05,-2e-05,1e-05,-3e-05,0.00025,-1e-05,-3e-05,0
13320,-3e-05,-1e-05,-2e-05,1e-05,-3e-05,0.00025,-1e-05,-3e-05,0
13321,-3e-05,-1e-05,-2e-05,1e-05,-3e-05,0.00025,-1e-05,-3e-05,0
13322,0.0,-1e-05,0.0,1e-05,4e-05,6e-05,-4e-05,-2e-05,0
13323,-2e-05,1e-05,1e-05,-1e-05,4e-05,0.00015,-2e-05,-1e-05,0
13324,-2e-05,1e-05,1e-05,-1e-05,4e-05,0.00015,-2e-05,-1e-05,0
13325,-2e-05,1e-05,1e-05,-1e-05,4e-05,0.00015,-2e-05,-1e-05,0
13326,-2e-05,1e-05,1e-05,-1e-05,4e-05,0.00015,-2e-05,-1e-05,0
13327,-2e-05,1e-05,1e-05,-1e-05,4e-05,0.00015,-2e-05,-1e-05,0
13328,-2e-05,1e-05,1e-05,-1e-05,4e-05,0.00015,-2e-05,-1e-05,0
13329,-2e-05,1e-05,1e-05,-1e-05,4e-05,0.00015,-2e-05,-1e-05,0
13330,-2e-05,1e-05,1e-05,-1e-05,4e-05,0.00015,-2e-05,-1e-05,0
13331,-2e-05,1e-05,1e-05,-1e-05,4e-05,0.00015,-2e-05,-1e-05,0
13332,-2e-05,1e-05,1e-05,-1e-05,4e-05,0.00015,-2e-05,-1e-05,0
13333,-2e-05,1e-05,1e-05,-1e-05,4e-05,0.00015,-2e-05,-1e-05,0
13334,-2e-05,1e-05,1e-05,-1e-05,4e-05,0.00015,-2e-05,-1e-05,0
13335,-2e-05,1e-05,1e-05,-1e-05,4e-05,0.00015,-2e-05,-1e-05,0
13336,-2e-05,1e-05,1e-05,-1e-05,4e-05,0.00015,-2e-05,-1e-05,0
13338,-2e-05,1e-05,1e-05,-1e-05,4e-05,0.00015,-2e-05,-1e-05,0
13339,-2e-05,1e-05,1e-05,-1e-05,4e-05,0.00015,-2e-05,-1e-05,0
13340,-2e-05,1e-05,1e-05,-1e-05,4e-05,0.00015,-2e-05,-1e-05,0
13341,-2e-05,1e-05,1e-05,-1e-05,4e-05,0.00015,-2e-05,-1e-05,0
13342,-2e-05,1e-05,1e-05,-1e-05,4e-05,0.00015,-2e-05,-1e-05,0
13343,-2e-05,1e-05,1e-05,-1e-05,4e-05,0.00015,-2e-05,-1e-05,0
13344,-2e-05,-4e-05,-3e-05,-9e-05,-0.00019,-0.00019,-4e-05,-4e-05,0
13345,-2e-05,-6e-05,-9e-05,-2e-05,3e-05,2e-05,-2e-05,0.0,0
13346,-2e-05,-6e-05,-9e-05,-2e-05,3e-05,2e-05,-2e-05,0.0,0
13347,-2e-05,-6e-05,-9e-05,-2e-05,3e-05,2e-05,-2e-05,0.0,0
13348,-2e-05,-6e-05,-9e-05,-2e-05,3e-05,2e-05,-2e-05,0.0,0
13349,-2e-05,-6e-05,-9e-05,-2e-05,3e-05,2e-05,-2e-05,0.0,0
13350,-2e-05,-6e-05,-9e-05,-2e-05,3e-05,2e-05,-2e-05,0.0,0
13351,-2e-05,-6e-05,-9e-05,-2e-05,3e-05,2e-05,-2e-05,0.0,0
13352,-2e-05,-6e-05,-9e-05,-2e-05,3e-05,2e-05,-2e-05,0.0,0
13354,-2e-05,-6e-05,-9e-05,-2e-05,3e-05,2e-05,-2e-05,0.0,0
13355,-2e-05,-6e-05,-9e-05,-2e-05,3e-05,2e-05,-2e-05,0.0,0
13356,-2e-05,-6e-05,-9e-05,-2e-05,3e-05,2e-05,-2e-05,0.0,0
13357,-2e-05,-6e-05,-9e-05,-2e-05,3e-05,2e-05,-2e-05,0.0,0
13358,-2e-05,-6e-05,-9e-05,-2e-05,3e-05,2e-05,-2e-05,0.0,0
13359,-2e-05,-6e-05,-9e-05,-2e-05,3e-05,2e-05,-2e-05,0.0,0
13360,-2e-05,-6e-05,-9e-05,-2e-05,3e-05,2e-05,-2e-05,0.0,0
13361,-2e-05,-6e-05,-9e-05,-2e-05,3e-05,2e-05,-2e-05,0.0,0
13362,-2e-05,-6e-05,-9e-05,-2e-05,3e-05,2e-05,-2e-05,0.0,0
13363,-2e-05,-6e-05,-9e-05,-2e-05,3e-05,2e-05,-2e-05,0.0,0
13364,-2e-05,-6e-05,-9e-05,-2e-05,3e-05,2e-05,-2e-05,0.0,0
13365,-2e-05,-6e-05,-9e-05,-2e-05,3e-05,2e-05,-2e-05,0.0,0
13366,-2e-05,-6e-05,-9e-05,-2e-05,3e-05,2e-05,-2e-05,0.0,0
13367,-2e-05,-6e-05,-9e-05,-2e-05,3e-05,2e-05,-2e-05,0.0,0
13368,-2e-05,-6e-05,-9e-05,-2e-05,3e-05,2e-05,-2e-05,0.0,0
13369,0.0,2e-05,3e-05,0.00013,6e-05,-3e-05,0.0,-1e-05,0
13370,0.0,2e-05,3e-05,0.00013,6e-05,-3e-05,0.0,-1e-05,0
13371,0.0,2e-05,3e-05,0.00013,6e-05,-3e-05,0.0,-1e-05,0
13372,0.0,2e-05,3e-05,0.00013,6e-05,-3e-05,0.0,-1e-05,0
13373,0.0,2e-05,3e-05,0.00013,6e-05,-3e-05,0.0,-1e-05,0
13374,0.0,2e-05,3e-05,0.00013,6e-05,-3e-05,0.0,-1e-05,0
13375,0.0,2e-05,3e-05,0.00013,6e-05,-3e-05,0.0,-1e-05,0
13376,0.0,2e-05,3e-05,0.00013,6e-05,-3e-05,0.0,-1e-05,0
13377,0.0,2e-05,3e-05,0.00013,6e-05,-3e-05,0.0,-1e-05,0
13378,0.0,2e-05,3e-05,0.00013,6e-05,-3e-05,0.0,-1e-05,0
13379,0.0,2e-05,3e-05,0.00013,6e-05,-3e-05,0.0,-1e-05,0
13380,0.0,2e-05,3e-05,0.00013,6e-05,-3e-05,0.0,-1e-05,0
13381,0.0,2e-05,3e-05,0.00013,6e-05,-3e-05,0.0,-1e-05,0
13382,1e-05,0.0,3e-05,-3e-05,1e-05,1e-05,0.0,0.0,0
13383,1e-05,0.0,-1e-05,8e-05,4e-05,-2e-05,-1e-05,0.0,0
13384,1e-05,0.0,-1e-05,8e-05,4e-05,-2e-05,-1e-05,0.0,0
13385,1e-05,0.0,-1e-05,8e-05,4e-05,-2e-05,-1e-05,0.0,0
13386,1e-05,0.0,-1e-05,8e-05,4e-05,-2e-05,-1e-05,0.0,0
13389,1e-05,0.0,-1e-05,8e-05,4e-05,-2e-05,-1e-05,0.0,0
13390,1e-05,0.0,-1e-05,8e-05,4e-05,-2e-05,-1e-05,0.0,0
13391,1e-05,0.0,-1e-05,8e-05,4e-05,-2e-05,-1e-05,0.0,0
13392,1e-05,0.0,-1e-05,8e-05,4e-05,-2e-05,-1e-05,0.0,0
13393,1e-05,0.0,-1e-05,8e-05,4e-05,-2e-05,-1e-05,0.0,0
13394,1e-05,0.0,-1e-05,8e-05,4e-05,-2e-05,-1e-05,0.0,0
13395,1e-05,0.0,-1e-05,8e-05,4e-05,-2e-05,-1e-05,0.0,0
13396,1e-05,0.0,-1e-05,8e-05,4e-05,-2e-05,-1e-05,0.0,0
13397,1e-05,0.0,-1e-05,8e-05,4e-05,-2e-05,-1e-05,0.0,0
13398,1e-05,0.0,-1e-05,8e-05,4e-05,-2e-05,-1e-05,0.0,0
13399,1e-05,0.0,-1e-05,8e-05,4e-05,-2e-05,-1e-05,0.0,0
13400,1e-05,0.0,-1e-05,8e-05,4e-05,-2e-05,-1e-05,0.0,0
13401,1e-05,0.0,-1e-05,8e-05,4e-05,-2e-05,-1e-05,0.0,0
13402,1e-05,0.0,-1e-05,8e-05,4e-05,-2e-05,-1e-05,0.0,0
13404,0.0,-1e-05,1e-05,-4e-05,-4e-05,-4e-05,2e-05,1e-05,0
13405,0.0,0.0,-2e-05,-0.00012,0.0,-2e-05,-3e-05,-1e-05,0
13406,0.0,0.0,-2e-05,-0.00012,0.0,-2e-05,-3e-05,-1e-05,0
13407,0.0,0.0,-2e-05,-0.00012,0.0,-2e-05,-3e-05,-1e-05,0
13408,0.0,0.0,-2e-05,-0.00012,0.0,-2e-05,-3e-05,-1e-05,0
13409,0.0,0.0,-2e-05,-0.00012,0.0,-2e-05,-3e-05,-1e-05,0
13410,0.0,0.0,-2e-05,-0.00012,0.0,-2e-05,-3e-05,-1e-05,0
13411,0.0,0.0,-2e-05,-0.00012,0.0,-2e-05,-3e-05,-1e-05,0
13412,0.0,0.0,-2e-05,-0.00012,0.0,-2e-05,-3e-05,-1e-05,0
13413,0.0,0.0,-2e-05,-0.00012,0.0,-2e-05,-3e-05,-1e-05,0
13414,0.0,0.0,-2e-05,-0.00012,0.0,-2e-05,-3e-05,-1e-05,0
13415,0.0,0.0,-2e-05,-0.00012,0.0,-2e-05,-3e-05,-1e-05,0
13416,0.0,0.0,-2e-05,-0.00012,0.0,-2e-05,-3e-05,-1e-05,0
13417,0.0,0.0,-2e-05,-0.00012,0.0,-2e-05,-3e-05,-1e-05,0
13418,0.0,0.0,-2e-05,-0.00012,0.0,-2e-05,-3e-05,-1e-05,0
13419,0.0,0.0,-2e-05,-0.00012,0.0,-2e-05,-3e-05,-1e-05,0
13420,0.0,0.0,-2e-05,-0.00012,0.0,-2e-05,-3e-05,-1e-05,0
13421,0.0,0.0,-2e-05,-0.00012,0.0,-2e-05,-3e-05,-1e-05,0
13422,0.0,0.0,-2e-05,-0.00012,0.0,-2e-05,-3e-05,-1e-05,0
13423,0.0,0.0,-2e-05,-0.00012,0.0,-2e-05,-3e-05,-1e-05,0
13424,0.0,0.0,-2e-05,-0.00012,0.0,-2e-05,-3e-05,-1e-05,0
13425,0.0,0.0,-2e-05,-0.00012,0.0,-2e-05,-3e-05,-1e-05,0
13426,0.0,0.0,-2e-05,-0.00012,0.0,-2e-05,-3e-05,-1e-05,0
13427,0.0,0.0,-2e-05,-0.00012,0.0,-2e-05,-3e-05,-1e-05,0
13428,0.0,0.0,-2e-05,-0.00012,0.0,-2e-05,-3e-05,-1e-05,0
13429,0.0,0.0,-2e-05,-0.00012,0.0,-2e-05,-3e-05,-1e-05,0
13430,0.0,0.0,-2e-05,-0.00012,0.0,-2e-05,-3e-05,-1e-05,0
13431,0.0,0.0,-2e-05,-0.00012,0.0,-2e-05,-3e-05,-1e-05,0
13432,0.0,0.0,-2e-05,-0.00012,0.0,-2e-05,-3e-05,-1e-05,0
13433,0.0,0.0,-2e-05,-0.00012,0.0,-2e-05,-3e-05,-1e-05,0
13434,0.0,0.0,-2e-05,-0.00012,0.0,-2e-05,-3e-05,-1e-05,0
13435,-1e-05,1e-05,1e-05,-3e-05,-2e-05,0.0,0.0,-3e-05,0
13437,-4e-05,-4e-05,2e-05,7e-05,8e-05,0.0,1e-05,-1e-05,0
13439,-4e-05,-4e-05,2e-05,7e-05,8e-05,0.0,1e-05,-1e-05,0
13440,-4e-05,-4e-05,2e-05,7e-05,8e-05,0.0,1e-05,-1e-05,0
13441,-3e-05,0.0,6e-05,-0.00012,1e-05,1e-05,2e-05,0.0,0
13442,-3e-05,0.0,6e-05,-0.00012,1e-05,1e-05,2e-05,0.0,0
13443,-3e-05,0.0,6e-05,-0.00012,1e-05,1e-05,2e-05,0.0,0
13444,-3e-05,0.0,6e-05,-0.00012,1e-05,1e-05,2e-05,0.0,0
13445,-3e-05,0.0,6e-05,-0.00012,1e-05,1e-05,2e-05,0.0,0
13446,-3e-05,0.0,6e-05,-0.00012,1e-05,1e-05,2e-05,0.0,0
13447,-3e-05,0.0,6e-05,-0.00012,1e-05,1e-05,2e-05,0.0,0
13448,-3e-05,0.0,6e-05,-0.00012,1e-05,1e-05,2e-05,0.0,0
13449,-4e-05,-8e-05,-0.00017,-0.00032,-5e-05,1e-05,0.0,-3e-05,0
13450,0.0,3e-05,0.00012,0.00039,8e-05,4e-05,-2e-05,0.0,0
13451,0.0,3e-05,0.00012,0.00039,8e-05,4e-05,-2e-05,0.0,0
13452,0.0,3e-05,0.00012,0.00039,8e-05,4e-05,-2e-05,0.0,0
13454,0.0,3e-05,0.00012,0.00039,8e-05,4e-05,-2e-05,0.0,0
13455,0.0,3e-05,0.00012,0.00039,8e-05,4e-05,-2e-05,0.0,0
13456,0.0,3e-05,0.00012,0.00039,8e-05,4e-05,-2e-05,0.0,0
13457,0.0,3e-05,0.00012,0.00039,8e-05,4e-05,-2e-05,0.0,0
13458,0.0,3e-05,0.00012,0.00039,8e-05,4e-05,-2e-05,0.0,0
13459,0.0,3e-05,0.00012,0.00039,8e-05,4e-05,-2e-05,0.0,0
13460,0.0,3e-05,0.00012,0.00039,8e-05,4e-05,-2e-05,0.0,0
13461,0.0,3e-05,0.00012,0.00039,8e-05,4e-05,-2e-05,0.0,0
13462,0.0,3e-05,0.00012,0.00039,8e-05,4e-05,-2e-05,0.0,0
13463,0.0,3e-05,0.00012,0.00039,8e-05,4e-05,-2e-05,0.0,0
13464,-1e-05,-2e-05,-3e-05,-8e-05,-5e-05,-1e-05,1e-05,0.0,0
13465,-1e-05,1e-05,-5e-05,-0.00023,-7e-05,-6e-05,-4e-05,-1e-05,0
13466,-1e-05,1e-05,-5e-05,-0.00023,-7e-05,-6e-05,-4e-05,-1e-05,0
13467,-1e-05,1e-05,-5e-05,-0.00023,-7e-05,-6e-05,-4e-05,-1e-05,0
13468,-1e-05,1e-05,-5e-05,-0.00023,-7e-05,-6e-05,-4e-05,-1e-05,0
13469,-1e-05,1e-05,-5e-05,-0.00023,-7e-05,-6e-05,-4e-05,-1e-05,0
13470,-1e-05,1e-05,-5e-05,-0.00023,-7e-05,-6e-05,-4e-05,-1e-05,0
13471,-1e-05,1e-05,-5e-05,-0.00023,-7e-05,-6e-05,-4e-05,-1e-05,0
13472,-1e-05,1e-05,-5e-05,-0.00023,-7e-05,-6e-05,-4e-05,-1e-05,0
13473,-1e-05,1e-05,-5e-05,-0.00023,-7e-05,-6e-05,-4e-05,-1e-05,0
13474,-1e-05,1e-05,-5e-05,-0.00023,-7e-05,-6e-05,-4e-05,-1e-05,0
13475,-1e-05,1e-05,-5e-05,-0.00023,-7e-05,-6e-05,-4e-05,-1e-05,0
13476,-1e-05,1e-05,-5e-05,-0.00023,-7e-05,-6e-05,-4e-05,-1e-05,0
13477,-1e-05,1e-05,-5e-05,-0.00023,-7e-05,-6e-05,-4e-05,-1e-05,0
13478,-1e-05,1e-05,-5e-05,-0.00023,-7e-05,-6e-05,-4e-05,-1e-05,0
13479,-1e-05,1e-05,-5e-05,-0.00023,-7e-05,-6e-05,-4e-05,-1e-05,0
13480,-1e-05,1e-05,-5e-05,-0.00023,-7e-05,-6e-05,-4e-05,-1e-05,0
13481,-1e-05,1e-05,-5e-05,-0.00023,-7e-05,-6e-05,-4e-05,-1e-05,0
13482,-1e-05,1e-05,-5e-05,-0.00023,-7e-05,-6e-05,-4e-05,-1e-05,0
13483,-1e-05,1e-05,-5e-05,-0.00023,-7e-05,-6e-05,-4e-05,-1e-05,0
13484,-1e-05,1e-05,-5e-05,-0.00023,-7e-05,-6e-05,-4e-05,-1e-05,0
13485,-1e-05,1e-05,-5e-05,-0.00023,-7e-05,-6e-05,-4e-05,-1e-05,0
13486,-1e-05,1e-05,-5e-05,-0.00023,-7e-05,-6e-05,-4e-05,-1e-05,0
13489,-2e-05,-2e-05,-1e-05,-2e-05,-4e-05,-5e-05,-2e-05,-2e-05,0
13490,-2e-05,-2e-05,-1e-05,-2e-05,-4e-05,-5e-05,-2e-05,-2e-05,0
13493,-2e-05,-2e-05,-1e-05,-2e-05,-4e-05,-5e-05,-2e-05,-2e-05,0
13494,-2e-05,-2e-05,-1e-05,-2e-05,-4e-05,-5e-05,-2e-05,-2e-05,0
13495,-2e-05,-2e-05,-1e-05,-2e-05,-4e-05,-5e-05,-2e-05,-2e-05,0
13496,-2e-05,-2e-05,-1e-05,-2e-05,-4e-05,-5e-05,-2e-05,-2e-05,0
13497,-2e-05,-2e-05,-1e-05,-2e-05,-4e-05,-5e-05,-2e-05,-2e-05,0
13498,-2e-05,-2e-05,-1e-05,-2e-05,-4e-05,-5e-05,-2e-05,-2e-05,0
13499,-2e-05,-2e-05,-1e-05,-2e-05,-4e-05,-5e-05,-2e-05,-2e-05,0
13500,-2e-05,-2e-05,-1e-05,-2e-05,-4e-05,-5e-05,-2e-05,-2e-05,0
13501,3e-05,3e-05,9e-05,6e-05,0.0,-5e-05,0.0,1e-05,0
13502,-3e-05,-9e-05,-0.00014,-0.00022,-5e-05,2e-05,-2e-05,-1e-05,0
13504,-3e-05,-9e-05,-0.00014,-0.00022,-5e-05,2e-05,-2e-05,-1e-05,0
13505,-3e-05,-9e-05,-0.00014,-0.00022,-5e-05,2e-05,-2e-05,-1e-05,0
13506,-3e-05,-9e-05,-0.00014,-0.00022,-5e-05,2e-05,-2e-05,-1e-05,0
13507,-3e-05,-9e-05,-0.00014,-0.00022,-5e-05,2e-05,-2e-05,-1e-05,0
13508,-3e-05,-9e-05,-0.00014,-0.00022,-5e-05,2e-05,-2e-05,-1e-05,0
13509,2e-05,2e-05,6e-05,0.00021,0.0001,3e-05,-1e-05,-1e-05,0
13510,1e-05,3e-05,5e-05,0.00021,-3e-05,-2e-05,-2e-05,-2e-05,0
13511,1e-05,3e-05,5e-05,0.00021,-3e-05,-2e-05,-2e-05,-2e-05,0
13512,1e-05,3e-05,5e-05,0.00021,-3e-05,-2e-05,-2e-05,-2e-05,0
13513,1e-05,3e-05,5e-05,0.00021,-3e-05,-2e-05,-2e-05,-2e-05,0
13514,1e-05,3e-05,5e-05,0.00021,-3e-05,-2e-05,-2e-05,-2e-05,0
13515,1e-05,3e-05,5e-05,0.00021,-3e-05,-2e-05,-2e-05,-2e-05,0
13516,1e-05,3e-05,5e-05,0.00021,-3e-05,-2e-05,-2e-05,-2e-05,0
13517,1e-05,3e-05,5e-05,0.00021,-3e-05,-2e-05,-2e-05,-2e-05,0
13518,1e-05,3e-05,5e-05,0.00021,-3e-05,-2e-05,-2e-05,-2e-05,0
13519,1e-05,3e-05,5e-05,0.00021,-3e-05,-2e-05,-2e-05,-2e-05,0
13520,1e-05,3e-05,5e-05,0.00021,-3e-05,-2e-05,-2e-05,-2e-05,0
13521,1e-05,3e-05,5e-05,0.00021,-3e-05,-2e-05,-2e-05,-2e-05,0
13522,1e-05,3e-05,5e-05,0.00021,-3e-05,-2e-05,-2e-05,-2e-05,0
13523,1e-05,3e-05,5e-05,0.00021,-3e-05,-2e-05,-2e-05,-2e-05,0
13524,1e-05,3e-05,5e-05,0.00021,-3e-05,-2e-05,-2e-05,-2e-05,0
13525,-1e-05,-2e-05,-4e-05,-6e-05,-4e-05,0.0,-1e-05,-1e-05,0
13526,-1e-05,-2e-05,-4e-05,-6e-05,-4e-05,0.0,-1e-05,-1e-05,0
13527,-1e-05,-2e-05,-4e-05,-6e-05,-4e-05,0.0,-1e-05,-1e-05,0
13528,-1e-05,-2e-05,-4e-05,-6e-05,-4e-05,0.0,-1e-05,-1e-05,0
13529,-1e-05,-2e-05,-4e-05,-6e-05,-4e-05,0.0,-1e-05,-1e-05,0
13530,-1e-05,-2e-05,-4e-05,-6e-05,-4e-05,0.0,-1e-05,-1e-05,0
13531,-1e-05,-2e-05,-4e-05,-6e-05,-4e-05,0.0,-1e-05,-1e-05,0
13532,-1e-05,-2e-05,-4e-05,-6e-05,-4e-05,0.0,-1e-05,-1e-05,0
13533,-1e-05,-2e-05,-4e-05,-6e-05,-4e-05,0.0,-1e-05,-1e-05,0
13534,-1e-05,-2e-05,-4e-05,-6e-05,-4e-05,0.0,-1e-05,-1e-05,0
13535,-1e-05,-2e-05,-4e-05,-6e-05,-4e-05,0.0,-1e-05,-1e-05,0
13536,-1e-05,-2e-05,-4e-05,-6e-05,-4e-05,0.0,-1e-05,-1e-05,0
13538,-1e-05,-2e-05,-4e-05,-6e-05,-4e-05,0.0,-1e-05,-1e-05,0
13539,-1e-05,-2e-05,-4e-05,-6e-05,-4e-05,0.0,-1e-05,-1e-05,0
13540,-1e-05,-2e-05,-4e-05,-6e-05,-4e-05,0.0,-1e-05,-1e-05,0
13541,-1e-05,-2e-05,-4e-05,-6e-05,-4e-05,0.0,-1e-05,-1e-05,0
13542,-1e-05,-2e-05,-4e-05,-6e-05,-4e-05,0.0,-1e-05,-1e-05,0
13543,-1e-05,-2e-05,-4e-05,-6e-05,-4e-05,0.0,-1e-05,-1e-05,0
13544,-1e-05,-2e-05,-4e-05,-6e-05,-4e-05,0.0,-1e-05,-1e-05,0
13545,-1e-05,-2e-05,-4e-05,-6e-05,-4e-05,0.0,-1e-05,-1e-05,0
13546,-1e-05,-2e-05,-4e-05,-6e-05,-4e-05,0.0,-1e-05,-1e-05,0
13547,-1e-05,-2e-05,-4e-05,-6e-05,-4e-05,0.0,-1e-05,-1e-05,0
13548,-1e-05,-2e-05,-4e-05,-6e-05,-4e-05,0.0,-1e-05,-1e-05,0
13549,-1e-05,-2e-05,-4e-05,-6e-05,-4e-05,0.0,-1e-05,-1e-05,0
13550,-1e-05,-2e-05,-4e-05,-6e-05,-4e-05,0.0,-1e-05,-1e-05,0
13551,-1e-05,-2e-05,-4e-05,-6e-05,-4e-05,0.0,-1e-05,-1e-05,0
13552,-1e-05,-2e-05,-4e-05,-6e-05,-4e-05,0.0,-1e-05,-1e-05,0
13554,-1e-05,-2e-05,-4e-05,-6e-05,-4e-05,0.0,-1e-05,-1e-05,0
13555,-1e-05,2e-05,3e-05,0.00023,1e-05,-4e-05,0.0,0.0,0
13556,0.0,-2e-05,-5e-05,-0.00012,0.0,5e-05,0.0,0.0,0
13557,0.0,-2e-05,-5e-05,-0.00012,0.0,5e-05,0.0,0.0,0
13558,0.0,-2e-05,-5e-05,-0.00012,0.0,5e-05,0.0,0.0,0
13559,0.0,-2e-05,-5e-05,-0.00012,0.0,5e-05,0.0,0.0,0
13560,0.0,-2e-05,-5e-05,-0.00012,0.0,5e-05,0.0,0.0,0
13561,0.0,0.0,0.0,4e-05,3e-05,0.0,-3e-05,-1e-05,0
13562,0.0,0.0,0.0,4e-05,3e-05,0.0,-3e-05,-1e-05,0
13563,0.0,0.0,0.0,4e-05,3e-05,0.0,-3e-05,-1e-05,0
13564,0.0,0.0,0.0,4e-05,3e-05,0.0,-3e-05,-1e-05,0
13565,0.0,0.0,0.0,4e-05,3e-05,0.0,-3e-05,-1e-05,0
13566,0.0,0.0,0.0,4e-05,3e-05,0.0,-3e-05,-1e-05,0
13567,0.0,0.0,0.0,4e-05,3e-05,0.0,-3e-05,-1e-05,0
13568,0.0,0.0,0.0,4e-05,3e-05,0.0,-3e-05,-1e-05,0
13569,0.0,0.0,0.0,4e-05,3e-05,0.0,-3e-05,-1e-05,0
13570,0.0,3e-05,6e-05,0.00012,2e-05,-4e-05,-1e-05,-2e-05,0
13571,0.0,3e-05,6e-05,0.00012,2e-05,-4e-05,-1e-05,-2e-05,0
13572,0.0,3e-05,6e-05,0.00012,2e-05,-4e-05,-1e-05,-2e-05,0
13573,0.0,3e-05,6e-05,0.00012,2e-05,-4e-05,-1e-05,-2e-05,0
13574,0.0,3e-05,6e-05,0.00012,2e-05,-4e-05,-1e-05,-2e-05,0
13575,0.0,3e-05,6e-05,0.00012,2e-05,-4e-05,-1e-05,-2e-05,0
13576,0.0,3e-05,6e-05,0.00012,2e-05,-4e-05,-1e-05,-2e-05,0
13577,0.0,3e-05,6e-05,0.00012,2e-05,-4e-05,-1e-05,-2e-05,0
13578,0.0,3e-05,6e-05,0.00012,2e-05,-4e-05,-1e-05,-2e-05,0
13579,0.0,3e-05,6e-05,0.00012,2e-05,-4e-05,-1e-05,-2e-05,0
13580,0.0,3e-05,6e-05,0.00012,2e-05,-4e-05,-1e-05,-2e-05,0
13581,0.0,3e-05,6e-05,0.00012,2e-05,-4e-05,-1e-05,-2e-05,0
13582,0.0,3e-05,6e-05,0.00012,2e-05,-4e-05,-1e-05,-2e-05,0
13583,0.0,3e-05,6e-05,0.00012,2e-05,-4e-05,-1e-05,-2e-05,0
13584,-1e-05,-1e-05,-4e-05,-0.00023,-7e-05,-5e-05,-1e-05,0.0,0
13585,-1e-05,-1e-05,-4e-05,-0.00023,-7e-05,-5e-05,-1e-05,0.0,0
13587,-3e-05,-1e-05,-1e-05,0.0,-1e-05,2e-05,-3e-05,-1e-05,0
13589,-3e-05,-1e-05,-1e-05,0.0,-1e-05,2e-05,-3e-05,-1e-05,0
13590,-3e-05,-1e-05,-1e-05,0.0,-1e-05,2e-05,-3e-05,-1e-05,0
13591,-3e-05,-1e-05,-1e-05,0.0,-1e-05,2e-05,-3e-05,-1e-05,0
13592,-3e-05,-1e-05,-1e-05,0.0,-1e-05,2e-05,-3e-05,-1e-05,0
13593,-3e-05,-1e-05,-1e-05,0.0,-1e-05,2e-05,-3e-05,-1e-05,0
13594,-3e-05,-1e-05,-1e-05,0.0,-1e-05,2e-05,-3e-05,-1e-05,0
13595,-3e-05,-1e-05,-1e-05,0.0,-1e-05,2e-05,-3e-05,-1e-05,0
13596,-3e-05,-1e-05,-1e-05,0.0,-1e-05,2e-05,-3e-05,-1e-05,0
13597,-3e-05,-1e-05,-1e-05,0.0,-1e-05,2e-05,-3e-05,-1e-05,0
13598,-3e-05,-1e-05,-1e-05,0.0,-1e-05,2e-05,-3e-05,-1e-05,0
13599,-3e-05,-1e-05,-1e-05,0.0,-1e-05,2e-05,-3e-05,-1e-05,0
13600,-3e-05,-1e-05,-1e-05,0.0,-1e-05,2e-05,-3e-05,-1e-05,0
13601,-3e-05,-1e-05,-1e-05,0.0,-1e-05,2e-05,-3e-05,-1e-05,0
13603,-3e-05,-1e-05,-1e-05,0.0,-1e-05,2e-05,-3e-05,-1e-05,0
13604,-3e-05,-1e-05,-1e-05,0.0,-1e-05,2e-05,-3e-05,-1e-05,0
13605,-3e-05,-1e-05,-1e-05,0.0,-1e-05,2e-05,-3e-05,-1e-05,0
13606,-3e-05,-1e-05,-1e-05,0.0,-1e-05,2e-05,-3e-05,-1e-05,0
13607,-3e-05,-1e-05,-1e-05,0.0,-1e-05,2e-05,-3e-05,-1e-05,0
13608,-1e-05,-1e-05,-2e-05,-1e-05,-4e-05,1e-05,-2e-05,-1e-05,0
13609,-1e-05,-1e-05,-2e-05,-1e-05,-4e-05,1e-05,-2e-05,-1e-05,0
13610,-1e-05,-1e-05,-2e-05,-1e-05,-4e-05,1e-05,-2e-05,-1e-05,0
13611,-1e-05,-1e-05,-2e-05,-1e-05,-4e-05,1e-05,-2e-05,-1e-05,0
13612,-1e-05,-1e-05,-2e-05,-1e-05,-4e-05,1e-05,-2e-05,-1e-05,0
13613,-1e-05,-1e-05,-2e-05,-1e-05,-4e-05,1e-05,-2e-05,-1e-05,0
13614,-1e-05,-1e-05,-2e-05,-1e-05,-4e-05,1e-05,-2e-05,-1e-05,0
13615,-1e-05,-1e-05,-2e-05,-1e-05,-4e-05,1e-05,-2e-05,-1e-05,0
13616,-1e-05,-1e-05,-2e-05,-1e-05,-4e-05,1e-05,-2e-05,-1e-05,0
13617,-1e-05,-1e-05,-2e-05,-1e-05,-4e-05,1e-05,-2e-05,-1e-05,0
13618,-1e-05,-1e-05,-2e-05,-1e-05,-4e-05,1e-05,-2e-05,-1e-05,0
13619,-1e-05,-1e-05,-2e-05,-1e-05,-4e-05,1e-05,-2e-05,-1e-05,0
13620,-1e-05,-1e-05,-2e-05,-1e-05,-4e-05,1e-05,-2e-05,-1e-05,0
13621,-3e-05,-4e-05,-7e-05,-7e-05,-4e-05,-5e-05,-1e-05,-1e-05,0
13622,-3e-05,-4e-05,-7e-05,-7e-05,-4e-05,-5e-05,-1e-05,-1e-05,0
13623,-3e-05,-4e-05,-7e-05,-7e-05,-4e-05,-5e-05,-1e-05,-1e-05,0
13624,-3e-05,-4e-05,-7e-05,-7e-05,-4e-05,-5e-05,-1e-05,-1e-05,0
13625,-3e-05,-4e-05,-7e-05,-7e-05,-4e-05,-5e-05,-1e-05,-1e-05,0
13626,-3e-05,-4e-05,-7e-05,-7e-05,-4e-05,-5e-05,-1e-05,-1e-05,0
13627,-3e-05,-4e-05,-7e-05,-7e-05,-4e-05,-5e-05,-1e-05,-1e-05,0
13628,-3e-05,-4e-05,-7e-05,-7e-05,-4e-05,-5e-05,-1e-05,-1e-05,0
13629,0.0,2e-05,-1e-05,-0.00013,-2e-05,-1e-05,-1e-05,-1e-05,0
13630,0.0,-4e-05,-3e-05,6e-05,3e-05,1e-05,0.0,1e-05,0
13631,0.0,-4e-05,-3e-05,6e-05,3e-05,1e-05,0.0,1e-05,0
13632,0.0,-4e-05,-3e-05,6e-05,3e-05,1e-05,0.0,1e-05,0
13633,0.0,-4e-05,-3e-05,6e-05,3e-05,1e-05,0.0,1e-05,0
13634,0.0,-4e-05,-3e-05,6e-05,3e-05,1e-05,0.0,1e-05,0
13635,0.0,-4e-05,-3e-05,6e-05,3e-05,1e-05,0.0,1e-05,0
13636,0.0,-4e-05,-3e-05,6e-05,3e-05,1e-05,0.0,1e-05,0
13638,0.0,-4e-05,-3e-05,6e-05,3e-05,1e-05,0.0,1e-05,0
13639,0.0,-4e-05,-3e-05,6e-05,3e-05,1e-05,0.0,1e-05,0
13640,0.0,-4e-05,-3e-05,6e-05,3e-05,1e-05,0.0,1e-05,0
13641,0.0,-4e-05,-3e-05,6e-05,3e-05,1e-05,0.0,1e-05,0
13642,0.0,-4e-05,-3e-05,6e-05,3e-05,1e-05,0.0,1e-05,0
13643,0.0,-4e-05,-3e-05,6e-05,3e-05,1e-05,0.0,1e-05,0
13644,0.0,-4e-05,-3e-05,6e-05,3e-05,1e-05,0.0,1e-05,0
13645,-3e-05,-3e-05,-3e-05,-8e-05,-3e-05,-3e-05,-2e-05,0.0,0
13646,-3e-05,-3e-05,-3e-05,-8e-05,-3e-05,-3e-05,-2e-05,0.0,0
13647,-3e-05,-3e-05,-3e-05,-8e-05,-3e-05,-3e-05,-2e-05,0.0,0
13648,-3e-05,-3e-05,-3e-05,-8e-05,-3e-05,-3e-05,-2e-05,0.0,0
13649,-3e-05,-3e-05,-3e-05,-8e-05,-3e-05,-3e-05,-2e-05,0.0,0
13650,-3e-05,-3e-05,-3e-05,-8e-05,-3e-05,-3e-05,-2e-05,0.0,0
13651,-3e-05,-3e-05,-3e-05,-8e-05,-3e-05,-3e-05,-2e-05,0.0,0
13652,-3e-05,-3e-05,-3e-05,-8e-05,-3e-05,-3e-05,-2e-05,0.0,0
13654,-3e-05,-3e-05,-3e-05,-8e-05,-3e-05,-3e-05,-2e-05,0.0,0
13655,-3e-05,-3e-05,-3e-05,-8e-05,-3e-05,-3e-05,-2e-05,0.0,0
13656,-3e-05,-3e-05,-3e-05,-8e-05,-3e-05,-3e-05,-2e-05,0.0,0
13657,-3e-05,-3e-05,-3e-05,-8e-05,-3e-05,-3e-05,-2e-05,0.0,0
13658,-3e-05,-3e-05,-3e-05,-8e-05,-3e-05,-3e-05,-2e-05,0.0,0
13659,-3e-05,-3e-05,-3e-05,-8e-05,-3e-05,-3e-05,-2e-05,0.0,0
13660,-3e-05,-3e-05,-3e-05,-8e-05,-3e-05,-3e-05,-2e-05,0.0,0
13661,-3e-05,-3e-05,-3e-05,-8e-05,-3e-05,-3e-05,-2e-05,0.0,0
13662,-3e-05,-3e-05,-3e-05,-8e-05,-3e-05,-3e-05,-2e-05,0.0,0
13663,-3e-05,-3e-05,-3e-05,-8e-05,-3e-05,-3e-05,-2e-05,0.0,0
13664,-3e-05,-3e-05,-3e-05,-8e-05,-3e-05,-3e-05,-2e-05,0.0,0
13665,-3e-05,-3e-05,-3e-05,-8e-05,-3e-05,-3e-05,-2e-05,0.0,0
13666,-3e-05,-3e-05,-3e-05,-8e-05,-3e-05,-3e-05,-2e-05,0.0,0
13667,0.0,-3e-05,-6e-05,3e-05,2e-05,0.0,2e-05,2e-05,0
13668,1e-05,3e-05,6e-05,-3e-05,2e-05,-2e-05,-1e-05,-2e-05,0
13669,1e-05,3e-05,6e-05,-3e-05,2e-05,-2e-05,-1e-05,-2e-05,0
13670,-5e-05,-1e-05,-4e-05,1e-05,0.0,-1e-05,-4e-05,-2e-05,0
13671,-5e-05,-1e-05,-4e-05,1e-05,0.0,-1e-05,-4e-05,-2e-05,0
13672,-5e-05,-1e-05,-4e-05,1e-05,0.0,-1e-05,-4e-05,-2e-05,0
13673,-5e-05,-1e-05,-4e-05,1e-05,0.0,-1e-05,-4e-05,-2e-05,0
13674,-5e-05,-1e-05,-4e-05,1e-05,0.0,-1e-05,-4e-05,-2e-05,0
13675,-5e-05,-1e-05,-4e-05,1e-05,0.0,-1e-05,-4e-05,-2e-05,0
13676,-5e-05,-1e-05,-4e-05,1e-05,0.0,-1e-05,-4e-05,-2e-05,0
13677,-5e-05,-1e-05,-4e-05,1e-05,0.0,-1e-05,-4e-05,-2e-05,0
13678,-5e-05,-1e-05,-4e-05,1e-05,0.0,-1e-05,-4e-05,-2e-05,0
13679,-5e-05,-1e-05,-4e-05,1e-05,0.0,-1e-05,-4e-05,-2e-05,0
13680,-5e-05,-1e-05,-4e-05,1e-05,0.0,-1e-05,-4e-05,-2e-05,0
13681,-2e-05,-2e-05,-3e-05,0.00019,-5e-05,-0.00014,-0.00017,-2e-05,0
13682,-2e-05,-2e-05,-3e-05,0.00019,-5e-05,-0.00014,-0.00017,-2e-05,0
13683,-2e-05,-2e-05,-3e-05,0.00019,-5e-05,-0.00014,-0.00017,-2e-05,0
13684,-2e-05,-2e-05,-3e-05,0.00019,-5e-05,-0.00014,-0.00017,-2e-05,0
13685,-2e-05,-2e-05,-3e-05,0.00019,-5e-05,-0.00014,-0.00017,-2e-05,0
13687,-2e-05,-2e-05,-3e-05,0.00019,-5e-05,-0.00014,-0.00017,-2e-05,0
13689,-2e-05,-2e-05,-3e-05,0.00019,-5e-05,-0.00014,-0.00017,-2e-05,0
13690,-2e-05,-2e-05,-3e-05,0.00019,-5e-05,-0.00014,-0.00017,-2e-05,0
13691,-2e-05,-2e-05,-3e-05,0.00019,-5e-05,-0.00014,-0.00017,-2e-05,0
13692,-2e-05,-2e-05,-3e-05,0.00019,-5e-05,-0.00014,-0.00017,-2e-05,0
13693,-2e-05,-2e-05,-3e-05,0.00019,-5e-05,-0.00014,-0.00017,-2e-05,0
13694,-2e-05,-2e-05,-3e-05,0.00019,-5e-05,-0.00014,-0.00017,-2e-05,0
13695,-2e-05,-2e-05,-3e-05,0.00019,-5e-05,-0.00014,-0.00017,-2e-05,0
13696,-2e-05,-2e-05,-3e-05,0.00019,-5e-05,-0.00014,-0.00017,-2e-05,0
13697,1e-05,0.0,-8e-05,-0.0001,4e-05,7e-05,0.00031,8e-05,0
13698,1e-05,0.0,-8e-05,-0.0001,4e-05,7e-05,0.00031,8e-05,0
13699,1e-05,0.0,-8e-05,-0.0001,4e-05,7e-05,0.00031,8e-05,0
13700,1e-05,0.0,-8e-05,-0.0001,4e-05,7e-05,0.00031,8e-05,0
13701,1e-05,0.0,-8e-05,-0.0001,4e-05,7e-05,0.00031,8e-05,0
13702,1e-05,0.0,-8e-05,-0.0001,4e-05,7e-05,0.00031,8e-05,0
13704,1e-05,0.0,-8e-05,-0.0001,4e-05,7e-05,0.00031,8e-05,0
13705,1e-05,0.0,-8e-05,-0.0001,4e-05,7e-05,0.00031,8e-05,0
13706,1e-05,0.0,-8e-05,-0.0001,4e-05,7e-05,0.00031,8e-05,0
13707,1e-05,0.0,-8e-05,-0.0001,4e-05,7e-05,0.00031,8e-05,0
13708,1e-05,0.0,-8e-05,-0.0001,4e-05,7e-05,0.00031,8e-05,0
13709,1e-05,0.0,-8e-05,-0.0001,4e-05,7e-05,0.00031,8e-05,0
13710,1e-05,0.0,-8e-05,-0.0001,4e-05,7e-05,0.00031,8e-05,0
13711,1e-05,0.0,-8e-05,-0.0001,4e-05,7e-05,0.00031,8e-05,0
13712,1e-05,0.0,-8e-05,-0.0001,4e-05,7e-05,0.00031,8e-05,0
13713,-1e-05,-1e-05,2e-05,-4e-05,-3e-05,-0.00012,-0.00015,-3e-05,0
13714,-1e-05,-1e-05,2e-05,-4e-05,-3e-05,-0.00012,-0.00015,-3e-05,0
13715,-1e-05,-1e-05,2e-05,-4e-05,-3e-05,-0.00012,-0.00015,-3e-05,0
13716,-1e-05,-1e-05,2e-05,-4e-05,-3e-05,-0.00012,-0.00015,-3e-05,0
13717,-1e-05,-1e-05,2e-05,-4e-05,-3e-05,-0.00012,-0.00015,-3e-05,0
13718,-1e-05,-1e-05,2e-05,-4e-05,-3e-05,-0.00012,-0.00015,-3e-05,0
13719,-1e-05,-1e-05,2e-05,-4e-05,-3e-05,-0.00012,-0.00015,-3e-05,0
13720,-1e-05,-1e-05,2e-05,-4e-05,-3e-05,-0.00012,-0.00015,-3e-05,0
13721,-1e-05,-1e-05,2e-05,-4e-05,-3e-05,-0.00012,-0.00015,-3e-05,0
13722,-1e-05,-1e-05,2e-05,-4e-05,-3e-05,-0.00012,-0.00015,-3e-05,0
13723,-1e-05,-1e-05,2e-05,-4e-05,-3e-05,-0.00012,-0.00015,-3e-05,0
13724,-1e-05,-1e-05,2e-05,-4e-05,-3e-05,-0.00012,-0.00015,-3e-05,0
13725,-1e-05,-1e-05,2e-05,-4e-05,-3e-05,-0.00012,-0.00015,-3e-05,0
13726,-1e-05,-1e-05,2e-05,-4e-05,-3e-05,-0.00012,-0.00015,-3e-05,0
13727,-1e-05,-1e-05,2e-05,-4e-05,-3e-05,-0.00012,-0.00015,-3e-05,0
13728,-1e-05,-1e-05,2e-05,-4e-05,-3e-05,-0.00012,-0.00015,-3e-05,0
13729,-1e-05,-1e-05,2e-05,-4e-05,-3e-05,-0.00012,-0.00015,-3e-05,0
13730,-1e-05,-1e-05,2e-05,-4e-05,-3e-05,-0.00012,-0.00015,-3e-05,0
13731,-1e-05,-1e-05,2e-05,-4e-05,-3e-05,-0.00012,-0.00015,-3e-05,0
13732,-1e-05,-1e-05,2e-05,-4e-05,-3e-05,-0.00012,-0.00015,-3e-05,0
13733,-1e-05,-1e-05,2e-05,-4e-05,-3e-05,-0.00012,-0.00015,-3e-05,0
13734,-1e-05,-1e-05,2e-05,-4e-05,-3e-05,-0.00012,-0.00015,-3e-05,0
13735,0.0,-4e-05,-3e-05,-0.00014,1e-05,2e-05,4e-05,0.0,0
13737,1e-05,-3e-05,-1e-05,0.0004,0.0,3e-05,-2e-05,-3e-05,0
13739,1e-05,-3e-05,-1e-05,0.0004,0.0,3e-05,-2e-05,-3e-05,0
13740,1e-05,-3e-05,-1e-05,0.0004,0.0,3e-05,-2e-05,-3e-05,0
13741,1e-05,-3e-05,-1e-05,0.0004,0.0,3e-05,-2e-05,-3e-05,0
13742,1e-05,-3e-05,-1e-05,0.0004,0.0,3e-05,-2e-05,-3e-05,0
13743,1e-05,-3e-05,-1e-05,0.0004,0.0,3e-05,-2e-05,-3e-05,0
13744,1e-05,-3e-05,-1e-05,0.0004,0.0,3e-05,-2e-05,-3e-05,0
13745,1e-05,-3e-05,-1e-05,0.0004,0.0,3e-05,-2e-05,-3e-05,0
13746,1e-05,-3e-05,-1e-05,0.0004,0.0,3e-05,-2e-05,-3e-05,0
13747,1e-05,-3e-05,-1e-05,0.0004,0.0,3e-05,-2e-05,-3e-05,0
13748,1e-05,-3e-05,-1e-05,0.0004,0.0,3e-05,-2e-05,-3e-05,0
13749,1e-05,-3e-05,-1e-05,0.0004,0.0,3e-05,-2e-05,-3e-05,0
13750,-1e-05,1e-05,7e-05,0.00013,-3e-05,0.0,-1e-05,-2e-05,0
13751,1e-05,0.0,-1e-05,-8e-05,-6e-05,-1e-05,-2e-05,-1e-05,0
13752,1e-05,0.0,-1e-05,-8e-05,-6e-05,-1e-05,-2e-05,-1e-05,0
13754,1e-05,0.0,-1e-05,-8e-05,-6e-05,-1e-05,-2e-05,-1e-05,0
13755,1e-05,0.0,-1e-05,-8e-05,-6e-05,-1e-05,-2e-05,-1e-05,0
13756,1e-05,0.0,-1e-05,-8e-05,-6e-05,-1e-05,-2e-05,-1e-05,0
13757,1e-05,0.0,-1e-05,-8e-05,-6e-05,-1e-05,-2e-05,-1e-05,0
13758,1e-05,0.0,-1e-05,-8e-05,-6e-05,-1e-05,-2e-05,-1e-05,0
13759,1e-05,0.0,-1e-05,-8e-05,-6e-05,-1e-05,-2e-05,-1e-05,0
13760,1e-05,0.0,-1e-05,-8e-05,-6e-05,-1e-05,-2e-05,-1e-05,0
13761,1e-05,0.0,-1e-05,-8e-05,-6e-05,-1e-05,-2e-05,-1e-05,0
13762,1e-05,0.0,-1e-05,-8e-05,-6e-05,-1e-05,-2e-05,-1e-05,0
13763,1e-05,0.0,-1e-05,-8e-05,-6e-05,-1e-05,-2e-05,-1e-05,0
13764,1e-05,0.0,-1e-05,-8e-05,-6e-05,-1e-05,-2e-05,-1e-05,0
13765,-1e-05,1e-05,1e-05,5e-05,2e-05,1e-05,1e-05,-2e-05,0
13766,-1e-05,1e-05,1e-05,5e-05,2e-05,1e-05,1e-05,-2e-05,0
13767,-1e-05,1e-05,1e-05,5e-05,2e-05,1e-05,1e-05,-2e-05,0
13768,-1e-05,1e-05,1e-05,5e-05,2e-05,1e-05,1e-05,-2e-05,0
13769,-1e-05,1e-05,1e-05,5e-05,2e-05,1e-05,1e-05,-2e-05,0
13770,-1e-05,1e-05,1e-05,5e-05,2e-05,1e-05,1e-05,-2e-05,0
13771,-1e-05,1e-05,1e-05,5e-05,2e-05,1e-05,1e-05,-2e-05,0
13772,-1e-05,-1e-05,-1e-05,-7e-05,0.0,3e-05,5e-05,0.0,0
13773,0.0,1e-05,1e-05,-3e-05,2e-05,1e-05,-5e-05,-2e-05,0
13774,0.0,1e-05,1e-05,-3e-05,2e-05,1e-05,-5e-05,-2e-05,0
13775,0.0,1e-05,1e-05,-3e-05,2e-05,1e-05,-5e-05,-2e-05,0
13776,0.0,1e-05,1e-05,-3e-05,2e-05,1e-05,-5e-05,-2e-05,0
13777,0.0,1e-05,1e-05,-3e-05,2e-05,1e-05,-5e-05,-2e-05,0
13778,0.0,1e-05,1e-05,-3e-05,2e-05,1e-05,-5e-05,-2e-05,0
13779,0.0,1e-05,1e-05,-3e-05,2e-05,1e-05,-5e-05,-2e-05,0
13780,0.0,1e-05,1e-05,-3e-05,2e-05,1e-05,-5e-05,-2e-05,0
13781,0.0,1e-05,1e-05,-3e-05,2e-05,1e-05,-5e-05,-2e-05,0
13782,0.0,1e-05,1e-05,-3e-05,2e-05,1e-05,-5e-05,-2e-05,0
13783,0.0,1e-05,1e-05,-3e-05,2e-05,1e-05,-5e-05,-2e-05,0
13784,0.0,1e-05,1e-05,-3e-05,2e-05,1e-05,-5e-05,-2e-05,0
13785,0.0,1e-05,1e-05,-3e-05,2e-05,1e-05,-5e-05,-2e-05,0
13787,0.0,1e-05,1e-05,-3e-05,2e-05,1e-05,-5e-05,-2e-05,0
13790,-1e-05,1e-05,0.0,-0.00011,-6e-05,1e-05,-4e-05,-3e-05,0
13791,-1e-05,1e-05,0.0,-0.00011,-6e-05,1e-05,-4e-05,-3e-05,0
13792,-1e-05,1e-05,0.0,-0.00011,-6e-05,1e-05,-4e-05,-3e-05,0
13793,-1e-05,1e-05,0.0,-0.00011,-6e-05,1e-05,-4e-05,-3e-05,0
13794,-1e-05,1e-05,0.0,-0.00011,-6e-05,1e-05,-4e-05,-3e-05,0
13795,-1e-05,1e-05,0.0,-0.00011,-6e-05,1e-05,-4e-05,-3e-05,0
13796,-1e-05,1e-05,0.0,-0.00011,-6e-05,1e-05,-4e-05,-3e-05,0
13797,-1e-05,1e-05,0.0,-0.00011,-6e-05,1e-05,-4e-05,-3e-05,0
13798,-1e-05,1e-05,0.0,-0.00011,-6e-05,1e-05,-4e-05,-3e-05,0
13799,-1e-05,1e-05,0.0,-0.00011,-6e-05,1e-05,-4e-05,-3e-05,0
13800,-1e-05,1e-05,0.0,-0.00011,-6e-05,1e-05,-4e-05,-3e-05,0
13801,-1e-05,1e-05,0.0,-0.00011,-6e-05,1e-05,-4e-05,-3e-05,0
13802,-1e-05,1e-05,0.0,-0.00011,-6e-05,1e-05,-4e-05,-3e-05,0
13804,-1e-05,1e-05,0.0,-0.00011,-6e-05,1e-05,-4e-05,-3e-05,0
13805,-1e-05,1e-05,0.0,-0.00011,-6e-05,1e-05,-4e-05,-3e-05,0
13806,-1e-05,1e-05,0.0,-0.00011,-6e-05,1e-05,-4e-05,-3e-05,0
13807,-1e-05,1e-05,0.0,-0.00011,-6e-05,1e-05,-4e-05,-3e-05,0
13808,-1e-05,1e-05,0.0,-0.00011,-6e-05,1e-05,-4e-05,-3e-05,0
13809,-1e-05,1e-05,0.0,-0.00011,-6e-05,1e-05,-4e-05,-3e-05,0
13810,-1e-05,1e-05,0.0,-0.00011,-6e-05,1e-05,-4e-05,-3e-05,0
13811,-1e-05,1e-05,0.0,-0.00011,-6e-05,1e-05,-4e-05,-3e-05,0
13812,-1e-05,1e-05,0.0,-0.00011,-6e-05,1e-05,-4e-05,-3e-05,0
13813,-1e-05,1e-05,0.0,-0.00011,-6e-05,1e-05,-4e-05,-3e-05,0
13814,-1e-05,1e-05,0.0,-0.00011,-6e-05,1e-05,-4e-05,-3e-05,0
13815,-1e-05,1e-05,0.0,-0.00011,-6e-05,1e-05,-4e-05,-3e-05,0
13816,-1e-05,1e-05,0.0,-0.00011,-6e-05,1e-05,-4e-05,-3e-05,0
13817,-1e-05,1e-05,0.0,-0.00011,-6e-05,1e-05,-4e-05,-3e-05,0
13818,-1e-05,-2e-05,2e-05,3e-05,5e-05,-2e-05,-2e-05,-1e-05,0
13819,-1e-05,-2e-05,2e-05,3e-05,5e-05,-2e-05,-2e-05,-1e-05,0
13820,-1e-05,-2e-05,2e-05,3e-05,5e-05,-2e-05,-2e-05,-1e-05,0
13821,-1e-05,-2e-05,2e-05,3e-05,5e-05,-2e-05,-2e-05,-1e-05,0
13822,-1e-05,-2e-05,2e-05,3e-05,5e-05,-2e-05,-2e-05,-1e-05,0
13823,-1e-05,-2e-05,2e-05,3e-05,5e-05,-2e-05,-2e-05,-1e-05,0
13824,-1e-05,-1e-05,1e-05,0.00011,0.0,1e-05,1e-05,1e-05,0
13825,-1e-05,-3e-05,-3e-05,-0.0001,-5e-05,-1e-05,-1e-05,-2e-05,0
13826,-1e-05,-3e-05,-3e-05,-0.0001,-5e-05,-1e-05,-1e-05,-2e-05,0
13827,-1e-05,-3e-05,-3e-05,-0.0001,-5e-05,-1e-05,-1e-05,-2e-05,0
13828,-1e-05,-3e-05,-3e-05,-0.0001,-5e-05,-1e-05,-1e-05,-2e-05,0
13829,-1e-05,-3e-05,-3e-05,-0.0001,-5e-05,-1e-05,-1e-05,-2e-05,0
13830,-1e-05,-3e-05,-3e-05,-0.0001,-5e-05,-1e-05,-1e-05,-2e-05,0
13831,-1e-05,-3e-05,-3e-05,-0.0001,-5e-05,-1e-05,-1e-05,-2e-05,0
13832,-1e-05,-3e-05,-3e-05,-0.0001,-5e-05,-1e-05,-1e-05,-2e-05,0
13833,-1e-05,-3e-05,-3e-05,-0.0001,-5e-05,-1e-05,-1e-05,-2e-05,0
13834,-1e-05,-3e-05,-3e-05,-0.0001,-5e-05,-1e-05,-1e-05,-2e-05,0
13835,-1e-05,-3e-05,-3e-05,-0.0001,-5e-05,-1e-05,-1e-05,-2e-05,0
13837,-1e-05,-3e-05,-3e-05,-0.0001,-5e-05,-1e-05,-1e-05,-2e-05,0
13839,-1e-05,-3e-05,-3e-05,-0.0001,-5e-05,-1e-05,-1e-05,-2e-05,0
13841,-1e-05,-3e-05,-3e-05,-0.0001,-5e-05,-1e-05,-1e-05,-2e-05,0
13842,-1e-05,-3e-05,-3e-05,-0.0001,-5e-05,-1e-05,-1e-05,-2e-05,0
13843,-1e-05,-3e-05,-3e-05,-0.0001,-5e-05,-1e-05,-1e-05,-2e-05,0
13844,-1e-05,-3e-05,-3e-05,-0.0001,-5e-05,-1e-05,-1e-05,-2e-05,0
13845,-1e-05,-3e-05,-3e-05,-0.0001,-5e-05,-1e-05,-1e-05,-2e-05,0
13846,-1e-05,-3e-05,-3e-05,-0.0001,-5e-05,-1e-05,-1e-05,-2e-05,0
13847,-1e-05,-3e-05,-3e-05,-0.0001,-5e-05,-1e-05,-1e-05,-2e-05,0
13848,-1e-05,-3e-05,-3e-05,-0.0001,-5e-05,-1e-05,-1e-05,-2e-05,0
13849,-1e-05,-3e-05,-3e-05,-0.0001,-5e-05,-1e-05,-1e-05,-2e-05,0
13850,-1e-05,-3e-05,-3e-05,-0.0001,-5e-05,-1e-05,-1e-05,-2e-05,0
13851,-1e-05,-3e-05,-3e-05,-0.0001,-5e-05,-1e-05,-1e-05,-2e-05,0
13852,-1e-05,-3e-05,-3e-05,-0.0001,-5e-05,-1e-05,-1e-05,-2e-05,0
13854,-1e-05,-3e-05,-3e-05,-0.0001,-5e-05,-1e-05,-1e-05,-2e-05,0
13855,-1e-05,-1e-05,-2e-05,-0.00012,0.0,-1e-05,1e-05,-1e-05,0
13856,-2e-05,-1e-05,1e-05,0.0005,5e-05,0.0,-2e-05,-1e-05,0
13857,-2e-05,-1e-05,1e-05,0.0005,5e-05,0.0,-2e-05,-1e-05,0
13858,-2e-05,-1e-05,1e-05,0.0005,5e-05,0.0,-2e-05,-1e-05,0
13859,-2e-05,-1e-05,1e-05,0.0005,5e-05,0.0,-2e-05,-1e-05,0
13860,-2e-05,-1e-05,1e-05,0.0005,5e-05,0.0,-2e-05,-1e-05,0
13861,-2e-05,-1e-05,1e-05,0.0005,5e-05,0.0,-2e-05,-1e-05,0
13862,-2e-05,-1e-05,1e-05,0.0005,5e-05,0.0,-2e-05,-1e-05,0
13863,-2e-05,-1e-05,1e-05,0.0005,5e-05,0.0,-2e-05,-1e-05,0
13864,-2e-05,-1e-05,1e-05,0.0005,5e-05,0.0,-2e-05,-1e-05,0
13865,-2e-05,-1e-05,1e-05,0.0005,5e-05,0.0,-2e-05,-1e-05,0
13866,-2e-05,-1e-05,1e-05,0.0005,5e-05,0.0,-2e-05,-1e-05,0
13867,-2e-05,-1e-05,1e-05,0.0005,5e-05,0.0,-2e-05,-1e-05,0
13868,-2e-05,-1e-05,1e-05,0.0005,5e-05,0.0,-2e-05,-1e-05,0
13869,-2e-05,-1e-05,1e-05,0.0005,5e-05,0.0,-2e-05,-1e-05,0
13870,-2e-05,-1e-05,1e-05,0.0005,5e-05,0.0,-2e-05,-1e-05,0
13871,3e-05,3e-05,8e-05,-0.0001,0.0001,2e-05,-1e-05,0.0,0
13872,3e-05,3e-05,8e-05,-0.0001,0.0001,2e-05,-1e-05,0.0,0
13873,3e-05,3e-05,8e-05,-0.0001,0.0001,2e-05,-1e-05,0.0,0
13874,3e-05,3e-05,8e-05,-0.0001,0.0001,2e-05,-1e-05,0.0,0
13875,3e-05,3e-05,8e-05,-0.0001,0.0001,2e-05,-1e-05,0.0,0
13876,3e-05,3e-05,8e-05,-0.0001,0.0001,2e-05,-1e-05,0.0,0
13877,3e-05,3e-05,8e-05,-0.0001,0.0001,2e-05,-1e-05,0.0,0
13878,3e-05,3e-05,8e-05,-0.0001,0.0001,2e-05,-1e-05,0.0,0
13879,3e-05,3e-05,8e-05,-0.0001,0.0001,2e-05,-1e-05,0.0,0
13880,3e-05,3e-05,8e-05,-0.0001,0.0001,2e-05,-1e-05,0.0,0
13881,3e-05,3e-05,8e-05,-0.0001,0.0001,2e-05,-1e-05,0.0,0
13882,3e-05,3e-05,8e-05,-0.0001,0.0001,2e-05,-1e-05,0.0,0
13883,3e-05,3e-05,8e-05,-0.0001,0.0001,2e-05,-1e-05,0.0,0
13884,3e-05,3e-05,8e-05,-0.0001,0.0001,2e-05,-1e-05,0.0,0
13885,3e-05,3e-05,8e-05,-0.0001,0.0001,2e-05,-1e-05,0.0,0
13886,3e-05,3e-05,8e-05,-0.0001,0.0001,2e-05,-1e-05,0.0,0
13889,3e-05,3e-05,8e-05,-0.0001,0.0001,2e-05,-1e-05,0.0,0
13890,3e-05,3e-05,8e-05,-0.0001,0.0001,2e-05,-1e-05,0.0,0
13891,3e-05,3e-05,8e-05,-0.0001,0.0001,2e-05,-1e-05,0.0,0
13892,3e-05,3e-05,8e-05,-0.0001,0.0001,2e-05,-1e-05,0.0,0
13893,-3e-05,-6e-05,-7e-05,-0.0002,5e-05,-1e-05,0.0,0.0,0
13894,-3e-05,-6e-05,-7e-05,-0.0002,5e-05,-1e-05,0.0,0.0,0
13895,-3e-05,-6e-05,-7e-05,-0.0002,5e-05,-1e-05,0.0,0.0,0
13896,-3e-05,-6e-05,-7e-05,-0.0002,5e-05,-1e-05,0.0,0.0,0
13897,-3e-05,-6e-05,-7e-05,-0.0002,5e-05,-1e-05,0.0,0.0,0
13898,-3e-05,-6e-05,-7e-05,-0.0002,5e-05,-1e-05,0.0,0.0,0
13899,-3e-05,-6e-05,-7e-05,-0.0002,5e-05,-1e-05,0.0,0.0,0
13900,-3e-05,-6e-05,-7e-05,-0.0002,5e-05,-1e-05,0.0,0.0,0
13901,-3e-05,-6e-05,-7e-05,-0.0002,5e-05,-1e-05,0.0,0.0,0
13902,-3e-05,-6e-05,-7e-05,-0.0002,5e-05,-1e-05,0.0,0.0,0
13904,-3e-05,-6e-05,-7e-05,-0.0002,5e-05,-1e-05,0.0,0.0,0
13905,-3e-05,-6e-05,-7e-05,-0.0002,5e-05,-1e-05,0.0,0.0,0
13906,-3e-05,-6e-05,-7e-05,-0.0002,5e-05,-1e-05,0.0,0.0,0
13907,-3e-05,-6e-05,-7e-05,-0.0002,5e-05,-1e-05,0.0,0.0,0
13908,0.0,-1e-05,-6e-05,-0.00012,-0.0001,-2e-05,-3e-05,-1e-05,0
13909,0.0,-1e-05,-6e-05,-0.00012,-0.0001,-2e-05,-3e-05,-1e-05,0
13910,0.0,-1e-05,-6e-05,-0.00012,-0.0001,-2e-05,-3e-05,-1e-05,0
13911,0.0,-1e-05,-6e-05,-0.00012,-0.0001,-2e-05,-3e-05,-1e-05,0
13912,0.0,-1e-05,-6e-05,-0.00012,-0.0001,-2e-05,-3e-05,-1e-05,0
13913,0.0,-1e-05,-6e-05,-0.00012,-0.0001,-2e-05,-3e-05,-1e-05,0
13915,0.0,-1e-05,-6e-05,-0.00012,-0.0001,-2e-05,-3e-05,-1e-05,0
13916,0.0,-1e-05,-6e-05,-0.00012,-0.0001,-2e-05,-3e-05,-1e-05,0
13917,0.0,-1e-05,-6e-05,-0.00012,-0.0001,-2e-05,-3e-05,-1e-05,0
13918,0.0,-1e-05,-6e-05,-0.00012,-0.0001,-2e-05,-3e-05,-1e-05,0
13919,0.0,-1e-05,-6e-05,-0.00012,-0.0001,-2e-05,-3e-05,-1e-05,0
13920,0.0,-1e-05,-6e-05,-0.00012,-0.0001,-2e-05,-3e-05,-1e-05,0
13921,0.0,-1e-05,-6e-05,-0.00012,-0.0001,-2e-05,-3e-05,-1e-05,0
13922,0.0,-1e-05,-6e-05,-0.00012,-0.0001,-2e-05,-3e-05,-1e-05,0
13923,0.0,-1e-05,-6e-05,-0.00012,-0.0001,-2e-05,-3e-05,-1e-05,0
13924,0.0,-1e-05,-6e-05,-0.00012,-0.0001,-2e-05,-3e-05,-1e-05,0
13925,0.0,-1e-05,-6e-05,-0.00012,-0.0001,-2e-05,-3e-05,-1e-05,0
13926,0.0,-1e-05,-6e-05,-0.00012,-0.0001,-2e-05,-3e-05,-1e-05,0
13927,0.0,-1e-05,-6e-05,-0.00012,-0.0001,-2e-05,-3e-05,-1e-05,0
13928,0.0,-1e-05,-6e-05,-0.00012,-0.0001,-2e-05,-3e-05,-1e-05,0
13929,0.0,-1e-05,-6e-05,-0.00012,-0.0001,-2e-05,-3e-05,-1e-05,0
13930,-1e-05,4e-05,5e-05,0.00025,4e-05,-2e-05,-2e-05,-2e-05,0
13931,-1e-05,-3e-05,-3e-05,-4e-05,-5e-05,-1e-05,-1e-05,0.0,0
13932,-1e-05,-3e-05,-3e-05,-4e-05,-5e-05,-1e-05,-1e-05,0.0,0
13933,-1e-05,-3e-05,-3e-05,-4e-05,-5e-05,-1e-05,-1e-05,0.0,0
13934,-1e-05,-3e-05,-3e-05,-4e-05,-5e-05,-1e-05,-1e-05,0.0,0
13935,-1e-05,-3e-05,-3e-05,-4e-05,-5e-05,-1e-05,-1e-05,0.0,0
13936,-1e-05,-3e-05,-3e-05,-4e-05,-5e-05,-1e-05,-1e-05,0.0,0
13939,-1e-05,-3e-05,-3e-05,-4e-05,-5e-05,-1e-05,-1e-05,0.0,0
13940,-1e-05,-3e-05,-3e-05,-4e-05,-5e-05,-1e-05,-1e-05,0.0,0
13941,-1e-05,-3e-05,-3e-05,-4e-05,-5e-05,-1e-05,-1e-05,0.0,0
13942,-1e-05,-3e-05,-3e-05,-4e-05,-5e-05,-1e-05,-1e-05,0.0,0
13943,-1e-05,-3e-05,-3e-05,-4e-05,-5e-05,-1e-05,-1e-05,0.0,0
13944,0.0,-1e-05,0.0,6e-05,-6e-05,-4e-05,-2e-05,-1e-05,0
13945,1e-05,1e-05,3e-05,-4e-05,5e-05,1e-05,-1e-05,-3e-05,0
13946,1e-05,1e-05,3e-05,-4e-05,5e-05,1e-05,-1e-05,-3e-05,0
13947,1e-05,1e-05,3e-05,-4e-05,5e-05,1e-05,-1e-05,-3e-05,0
13948,1e-05,1e-05,3e-05,-4e-05,5e-05,1e-05,-1e-05,-3e-05,0
13949,1e-05,1e-05,3e-05,-4e-05,5e-05,1e-05,-1e-05,-3e-05,0
13950,1e-05,1e-05,3e-05,-4e-05,5e-05,1e-05,-1e-05,-3e-05,0
13951,1e-05,1e-05,3e-05,-4e-05,5e-05,1e-05,-1e-05,-3e-05,0
13952,1e-05,1e-05,3e-05,-4e-05,5e-05,1e-05,-1e-05,-3e-05,0
13954,1e-05,1e-05,3e-05,-4e-05,5e-05,1e-05,-1e-05,-3e-05,0
13955,1e-05,1e-05,3e-05,-4e-05,5e-05,1e-05,-1e-05,-3e-05,0
13956,1e-05,1e-05,3e-05,-4e-05,5e-05,1e-05,-1e-05,-3e-05,0
13957,1e-05,1e-05,3e-05,-4e-05,5e-05,1e-05,-1e-05,-3e-05,0
13958,1e-05,1e-05,3e-05,-4e-05,5e-05,1e-05,-1e-05,-3e-05,0
13959,1e-05,1e-05,3e-05,-4e-05,5e-05,1e-05,-1e-05,-3e-05,0
13960,1e-05,1e-05,3e-05,-4e-05,5e-05,1e-05,-1e-05,-3e-05,0
13961,1e-05,1e-05,3e-05,-4e-05,5e-05,1e-05,-1e-05,-3e-05,0
13962,1e-05,1e-05,3e-05,-4e-05,5e-05,1e-05,-1e-05,-3e-05,0
13963,1e-05,1e-05,3e-05,-4e-05,5e-05,1e-05,-1e-05,-3e-05,0
13964,1e-05,1e-05,3e-05,-4e-05,5e-05,1e-05,-1e-05,-3e-05,0
13965,1e-05,1e-05,3e-05,-4e-05,5e-05,1e-05,-1e-05,-3e-05,0
13966,1e-05,1e-05,3e-05,-4e-05,5e-05,1e-05,-1e-05,-3e-05,0
13967,1e-05,1e-05,3e-05,-4e-05,5e-05,1e-05,-1e-05,-3e-05,0
13968,1e-05,1e-05,3e-05,-4e-05,5e-05,1e-05,-1e-05,-3e-05,0
13969,1e-05,1e-05,3e-05,-4e-05,5e-05,1e-05,-1e-05,-3e-05,0
13970,1e-05,1e-05,3e-05,-4e-05,5e-05,1e-05,-1e-05,-3e-05,0
13971,1e-05,1e-05,3e-05,-4e-05,5e-05,1e-05,-1e-05,-3e-05,0
13972,1e-05,1e-05,3e-05,-4e-05,5e-05,1e-05,-1e-05,-3e-05,0
13973,1e-05,1e-05,3e-05,-4e-05,5e-05,1e-05,-1e-05,-3e-05,0
13974,1e-05,1e-05,3e-05,-4e-05,5e-05,1e-05,-1e-05,-3e-05,0
13975,1e-05,1e-05,3e-05,-4e-05,5e-05,1e-05,-1e-05,-3e-05,0
13976,1e-05,1e-05,3e-05,-4e-05,5e-05,1e-05,-1e-05,-3e-05,0
13977,1e-05,1e-05,3e-05,-4e-05,5e-05,1e-05,-1e-05,-3e-05,0
13978,1e-05,1e-05,3e-05,-4e-05,5e-05,1e-05,-1e-05,-3e-05,0
13979,1e-05,1e-05,3e-05,-4e-05,5e-05,1e-05,-1e-05,-3e-05,0
13980,1e-05,1e-05,3e-05,-4e-05,5e-05,1e-05,-1e-05,-3e-05,0
13981,1e-05,1e-05,3e-05,-4e-05,5e-05,1e-05,-1e-05,-3e-05,0
13982,1e-05,1e-05,3e-05,-4e-05,5e-05,1e-05,-1e-05,-3e-05,0
13983,-5e-05,-8e-05,-0.00013,-0.00015,-2e-05,2e-05,-2e-05,-3e-05,0
13984,1e-05,1e-05,-1e-05,-4e-05,-0.0001,0.0,0.0,0.0,0
13985,1e-05,1e-05,-1e-05,-4e-05,-0.0001,0.0,0.0,0.0,0
13986,1e-05,1e-05,-1e-05,-4e-05,-0.0001,0.0,0.0,0.0,0
13989,1e-05,1e-05,-1e-05,-4e-05,-0.0001,0.0,0.0,0.0,0
13990,-1e-05,-1e-05,0.0,-0.00012,-6e-05,-3e-05,-1e-05,-2e-05,0
13991,-4e-05,-5e-05,-6e-05,-6e-05,-3e-05,-1e-05,-3e-05,-1e-05,0
13992,-4e-05,-5e-05,-6e-05,-6e-05,-3e-05,-1e-05,-3e-05,-1e-05,0
13993,-4e-05,-5e-05,-6e-05,-6e-05,-3e-05,-1e-05,-3e-05,-1e-05,0
13994,-4e-05,-5e-05,-6e-05,-6e-05,-3e-05,-1e-05,-3e-05,-1e-05,0
13995,-4e-05,-5e-05,-6e-05,-6e-05,-3e-05,-1e-05,-3e-05,-1e-05,0
13996,-4e-05,-5e-05,-6e-05,-6e-05,-3e-05,-1e-05,-3e-05,-1e-05,0
13997,-4e-05,-5e-05,-6e-05,-6e-05,-3e-05,-1e-05,-3e-05,-1e-05,0
13998,-4e-05,-5e-05,-6e-05,-6e-05,-3e-05,-1e-05,-3e-05,-1e-05,0
13999,-4e-05,-5e-05,-6e-05,-6e-05,-3e-05,-1e-05,-3e-05,-1e-05,0
14000,-4e-05,-5e-05,-6e-05,-6e-05,-3e-05,-1e-05,-3e-05,-1e-05,0
14001,-4e-05,-5e-05,-6e-05,-6e-05,-3e-05,-1e-05,-3e-05,-1e-05,0
14002,-4e-05,-5e-05,-6e-05,-6e-05,-3e-05,-1e-05,-3e-05,-1e-05,0
14004,-4e-05,-5e-05,-6e-05,-6e-05,-3e-05,-1e-05,-3e-05,-1e-05,0
14005,-4e-05,-5e-05,-6e-05,-6e-05,-3e-05,-1e-05,-3e-05,-1e-05,0
14006,-4e-05,-5e-05,-6e-05,-6e-05,-3e-05,-1e-05,-3e-05,-1e-05,0
14007,-4e-05,-5e-05,-6e-05,-6e-05,-3e-05,-1e-05,-3e-05,-1e-05,0
14008,-4e-05,-5e-05,-6e-05,-6e-05,-3e-05,-1e-05,-3e-05,-1e-05,0
14009,-4e-05,-5e-05,-6e-05,-6e-05,-3e-05,-1e-05,-3e-05,-1e-05,0
14010,-4e-05,-5e-05,-6e-05,-6e-05,-3e-05,-1e-05,-3e-05,-1e-05,0
14011,-4e-05,-5e-05,-6e-05,-6e-05,-3e-05,-1e-05,-3e-05,-1e-05,0
14012,-4e-05,-5e-05,-6e-05,-6e-05,-3e-05,-1e-05,-3e-05,-1e-05,0
14013,-1e-05,0.0,1e-05,-0.0001,-4e-05,1e-05,0.0,0.0,0
14014,-1e-05,0.0,1e-05,-0.0001,-4e-05,1e-05,0.0,0.0,0
14015,-1e-05,0.0,1e-05,-0.0001,-4e-05,1e-05,0.0,0.0,0
14016,-1e-05,0.0,1e-05,-0.0001,-4e-05,1e-05,0.0,0.0,0
14017,-1e-05,0.0,1e-05,-0.0001,-4e-05,1e-05,0.0,0.0,0
14018,-1e-05,0.0,1e-05,-0.0001,-4e-05,1e-05,0.0,0.0,0
14019,-1e-05,0.0,1e-05,-0.0001,-4e-05,1e-05,0.0,0.0,0
14020,-1e-05,0.0,1e-05,-0.0001,-4e-05,1e-05,0.0,0.0,0
14021,-1e-05,0.0,1e-05,-0.0001,-4e-05,1e-05,0.0,0.0,0
14022,-1e-05,0.0,1e-05,-0.0001,-4e-05,1e-05,0.0,0.0,0
14023,-1e-05,0.0,1e-05,-0.0001,-4e-05,1e-05,0.0,0.0,0
14024,-1e-05,0.0,1e-05,-0.0001,-4e-05,1e-05,0.0,0.0,0
14025,-1e-05,0.0,1e-05,-0.0001,-4e-05,1e-05,0.0,0.0,0
14026,-1e-05,0.0,1e-05,-0.0001,-4e-05,1e-05,0.0,0.0,0
14027,-1e-05,0.0,1e-05,-0.0001,-4e-05,1e-05,0.0,0.0,0
14028,-2e-05,1e-05,7e-05,7e-05,-1e-05,1e-05,1e-05,0.0,0
14029,-2e-05,1e-05,7e-05,7e-05,-1e-05,1e-05,1e-05,0.0,0
14030,-2e-05,1e-05,7e-05,7e-05,-1e-05,1e-05,1e-05,0.0,0
14031,-2e-05,1e-05,7e-05,7e-05,-1e-05,1e-05,1e-05,0.0,0
14032,-2e-05,1e-05,7e-05,7e-05,-1e-05,1e-05,1e-05,0.0,0
14033,-2e-05,1e-05,7e-05,7e-05,-1e-05,1e-05,1e-05,0.0,0
14034,-2e-05,1e-05,7e-05,7e-05,-1e-05,1e-05,1e-05,0.0,0
14035,-2e-05,1e-05,7e-05,7e-05,-1e-05,1e-05,1e-05,0.0,0
14036,-2e-05,1e-05,7e-05,7e-05,-1e-05,1e-05,1e-05,0.0,0
14039,-2e-05,1e-05,7e-05,7e-05,-1e-05,1e-05,1e-05,0.0,0
14040,-2e-05,1e-05,7e-05,7e-05,-1e-05,1e-05,1e-05,0.0,0
14041,-2e-05,1e-05,7e-05,7e-05,-1e-05,1e-05,1e-05,0.0,0
14042,-2e-05,1e-05,7e-05,7e-05,-1e-05,1e-05,1e-05,0.0,0
14043,-2e-05,1e-05,7e-05,7e-05,-1e-05,1e-05,1e-05,0.0,0
14044,-2e-05,1e-05,7e-05,7e-05,-1e-05,1e-05,1e-05,0.0,0
14045,-2e-05,1e-05,7e-05,7e-05,-1e-05,1e-05,1e-05,0.0,0
14046,-2e-05,1e-05,7e-05,7e-05,-1e-05,1e-05,1e-05,0.0,0
14047,-2e-05,1e-05,7e-05,7e-05,-1e-05,1e-05,1e-05,0.0,0
14048,-2e-05,1e-05,7e-05,7e-05,-1e-05,1e-05,1e-05,0.0,0
14049,-2e-05,1e-05,7e-05,7e-05,-1e-05,1e-05,1e-05,0.0,0
14050,-1e-05,1e-05,2e-05,-3e-05,-3e-05,-1e-05,0.0,-2e-05,0
14051,-2e-05,-3e-05,-4e-05,-0.0001,-0.00011,1e-05,-2e-05,0.0,0
14052,-2e-05,-3e-05,-4e-05,-0.0001,-0.00011,1e-05,-2e-05,0.0,0
14054,-2e-05,-3e-05,-4e-05,-0.0001,-0.00011,1e-05,-2e-05,0.0,0
14055,-2e-05,-3e-05,-4e-05,-0.0001,-0.00011,1e-05,-2e-05,0.0,0
14056,-2e-05,-3e-05,-4e-05,-0.0001,-0.00011,1e-05,-2e-05,0.0,0
14057,-2e-05,-3e-05,-4e-05,-0.0001,-0.00011,1e-05,-2e-05,0.0,0
14058,-2e-05,-3e-05,-4e-05,-0.0001,-0.00011,1e-05,-2e-05,0.0,0
14059,-2e-05,-3e-05,-4e-05,-0.0001,-0.00011,1e-05,-2e-05,0.0,0
14060,-2e-05,-3e-05,-4e-05,-0.0001,-0.00011,1e-05,-2e-05,0.0,0
14061,-2e-05,-3e-05,-4e-05,-0.0001,-0.00011,1e-05,-2e-05,0.0,0
14062,-2e-05,-3e-05,-4e-05,-0.0001,-0.00011,1e-05,-2e-05,0.0,0
14063,-2e-05,-3e-05,-4e-05,-0.0001,-0.00011,1e-05,-2e-05,0.0,0
14064,0.0,0.0,-1e-05,-0.0001,-6e-05,-2e-05,-1e-05,0.0,0
14065,-3e-05,-3e-05,-4e-05,-4e-05,-2e-05,0.0,-1e-05,-3e-05,0
14066,-3e-05,-3e-05,-4e-05,-4e-05,-2e-05,0.0,-1e-05,-3e-05,0
14067,-3e-05,-3e-05,-4e-05,-4e-05,-2e-05,0.0,-1e-05,-3e-05,0
14068,-3e-05,-3e-05,-4e-05,-4e-05,-2e-05,0.0,-1e-05,-3e-05,0
14069,-3e-05,-3e-05,-4e-05,-4e-05,-2e-05,0.0,-1e-05,-3e-05,0
14070,-3e-05,-3e-05,-4e-05,-4e-05,-2e-05,0.0,-1e-05,-3e-05,0
14071,-3e-05,-3e-05,-4e-05,-4e-05,-2e-05,0.0,-1e-05,-3e-05,0
14072,-3e-05,-3e-05,-4e-05,-4e-05,-2e-05,0.0,-1e-05,-3e-05,0
14073,-3e-05,-3e-05,-4e-05,-4e-05,-2e-05,0.0,-1e-05,-3e-05,0
14074,-3e-05,-3e-05,-4e-05,-4e-05,-2e-05,0.0,-1e-05,-3e-05,0
14075,-3e-05,-3e-05,-4e-05,-4e-05,-2e-05,0.0,-1e-05,-3e-05,0
14076,-3e-05,-3e-05,-4e-05,-4e-05,-2e-05,0.0,-1e-05,-3e-05,0
14077,-3e-05,-3e-05,-4e-05,-4e-05,-2e-05,0.0,-1e-05,-3e-05,0
14078,-3e-05,-3e-05,-4e-05,-4e-05,-2e-05,0.0,-1e-05,-3e-05,0
14079,-3e-05,-3e-05,-4e-05,-4e-05,-2e-05,0.0,-1e-05,-3e-05,0
14080,-3e-05,-3e-05,-4e-05,-4e-05,-2e-05,0.0,-1e-05,-3e-05,0
14081,-3e-05,-3e-05,-4e-05,-4e-05,-2e-05,0.0,-1e-05,-3e-05,0
14082,-3e-05,-3e-05,-4e-05,-4e-05,-2e-05,0.0,-1e-05,-3e-05,0
14083,-3e-05,-3e-05,-4e-05,-4e-05,-2e-05,0.0,-1e-05,-3e-05,0
14084,-3e-05,-3e-05,-4e-05,-4e-05,-2e-05,0.0,-1e-05,-3e-05,0
14085,-3e-05,-3e-05,-4e-05,-4e-05,-2e-05,0.0,-1e-05,-3e-05,0
14086,-3e-05,-3e-05,-4e-05,-4e-05,-2e-05,0.0,-1e-05,-3e-05,0
14089,-3e-05,-3e-05,-4e-05,-4e-05,-2e-05,0.0,-1e-05,-3e-05,0
14090,-3e-05,-3e-05,-4e-05,-4e-05,-2e-05,0.0,-1e-05,-3e-05,0
14091,-3e-05,-3e-05,-4e-05,-4e-05,-2e-05,0.0,-1e-05,-3e-05,0
14092,-3e-05,-3e-05,-4e-05,-4e-05,-2e-05,0.0,-1e-05,-3e-05,0
14093,-3e-05,-3e-05,-4e-05,-4e-05,-2e-05,0.0,-1e-05,-3e-05,0
14094,-3e-05,-3e-05,-4e-05,-4e-05,-2e-05,0.0,-1e-05,-3e-05,0
14095,-1e-05,-2e-05,-2e-05,-6e-05,0.0,-2e-05,0.0,-2e-05,0
14096,1e-05,3e-05,2e-05,4e-05,3e-05,2e-05,-1e-05,-1e-05,0
14097,1e-05,3e-05,2e-05,4e-05,3e-05,2e-05,-1e-05,-1e-05,0
14098,1e-05,3e-05,2e-05,4e-05,3e-05,2e-05,-1e-05,-1e-05,0
14099,1e-05,3e-05,2e-05,4e-05,3e-05,2e-05,-1e-05,-1e-05,0
14100,1e-05,3e-05,2e-05,4e-05,3e-05,2e-05,-1e-05,-1e-05,0
14101,1e-05,3e-05,2e-05,4e-05,3e-05,2e-05,-1e-05,-1e-05,0
14102,1e-05,3e-05,2e-05,4e-05,3e-05,2e-05,-1e-05,-1e-05,0
14104,1e-05,3e-05,2e-05,4e-05,3e-05,2e-05,-1e-05,-1e-05,0
14105,1e-05,3e-05,2e-05,4e-05,3e-05,2e-05,-1e-05,-1e-05,0
14106,1e-05,3e-05,2e-05,4e-05,3e-05,2e-05,-1e-05,-1e-05,0
14107,1e-05,3e-05,2e-05,4e-05,3e-05,2e-05,-1e-05,-1e-05,0
14108,1e-05,3e-05,2e-05,4e-05,3e-05,2e-05,-1e-05,-1e-05,0
14109,1e-05,3e-05,2e-05,4e-05,3e-05,2e-05,-1e-05,-1e-05,0
14110,-1e-05,-3e-05,-5e-05,2e-05,-3e-05,-4e-05,-1e-05,-1e-05,0
14111,-2e-05,-2e-05,-3e-05,-8e-05,-4e-05,0.0,-2e-05,-2e-05,0
14112,-2e-05,-2e-05,-3e-05,-8e-05,-4e-05,0.0,-2e-05,-2e-05,0
14113,-2e-05,-2e-05,-3e-05,-8e-05,-4e-05,0.0,-2e-05,-2e-05,0
14114,-2e-05,-2e-05,-3e-05,-8e-05,-4e-05,0.0,-2e-05,-2e-05,0
14115,-2e-05,-2e-05,-3e-05,-8e-05,-4e-05,0.0,-2e-05,-2e-05,0
14116,-2e-05,-2e-05,-3e-05,-8e-05,-4e-05,0.0,-2e-05,-2e-05,0
14117,-2e-05,-2e-05,-3e-05,-8e-05,-4e-05,0.0,-2e-05,-2e-05,0
14118,-2e-05,-2e-05,-3e-05,-8e-05,-4e-05,0.0,-2e-05,-2e-05,0
14119,-2e-05,-2e-05,-3e-05,-8e-05,-4e-05,0.0,-2e-05,-2e-05,0
14120,-2e-05,-2e-05,-3e-05,-8e-05,-4e-05,0.0,-2e-05,-2e-05,0
14121,-2e-05,-2e-05,-3e-05,-8e-05,-4e-05,0.0,-2e-05,-2e-05,0
14122,-2e-05,-2e-05,-3e-05,-8e-05,-4e-05,0.0,-2e-05,-2e-05,0
14123,-2e-05,-2e-05,-3e-05,-8e-05,-4e-05,0.0,-2e-05,-2e-05,0
14124,-2e-05,-2e-05,-3e-05,-8e-05,-4e-05,0.0,-2e-05,-2e-05,0
14125,-2e-05,-2e-05,-3e-05,-8e-05,-4e-05,0.0,-2e-05,-2e-05,0
14126,-2e-05,-2e-05,-3e-05,-8e-05,-4e-05,0.0,-2e-05,-2e-05,0
14127,-2e-05,-2e-05,-3e-05,-8e-05,-4e-05,0.0,-2e-05,-2e-05,0
14128,-2e-05,-2e-05,-3e-05,-8e-05,-4e-05,0.0,-2e-05,-2e-05,0
14129,-2e-05,-2e-05,-3e-05,-8e-05,-4e-05,0.0,-2e-05,-2e-05,0
14130,-2e-05,-2e-05,-3e-05,-8e-05,-4e-05,0.0,-2e-05,-2e-05,0
14131,-2e-05,-2e-05,-3e-05,-8e-05,-4e-05,0.0,-2e-05,-2e-05,0
14132,-2e-05,-2e-05,-3e-05,-8e-05,-4e-05,0.0,-2e-05,-2e-05,0
14133,-1e-05,-1e-05,-4e-05,-2e-05,-2e-05,-3e-05,-2e-05,0.0,0
14134,-1e-05,-1e-05,-4e-05,-2e-05,-2e-05,-3e-05,-2e-05,0.0,0
14135,-1e-05,-1e-05,-4e-05,-2e-05,-2e-05,-3e-05,-2e-05,0.0,0
14136,-1e-05,-1e-05,-4e-05,-2e-05,-2e-05,-3e-05,-2e-05,0.0,0
14139,-1e-05,-1e-05,-4e-05,-2e-05,-2e-05,-3e-05,-2e-05,0.0,0
14140,-1e-05,-1e-05,-4e-05,-2e-05,-2e-05,-3e-05,-2e-05,0.0,0
14141,-1e-05,-1e-05,-4e-05,-2e-05,-2e-05,-3e-05,-2e-05,0.0,0
14142,-1e-05,-1e-05,-4e-05,-2e-05,-2e-05,-3e-05,-2e-05,0.0,0
14143,-1e-05,-1e-05,-4e-05,-2e-05,-2e-05,-3e-05,-2e-05,0.0,0
14144,-1e-05,-1e-05,-4e-05,-2e-05,-2e-05,-3e-05,-2e-05,0.0,0
14145,-1e-05,-1e-05,-4e-05,-2e-05,-2e-05,-3e-05,-2e-05,0.0,0
14146,-1e-05,-1e-05,-4e-05,-2e-05,-2e-05,-3e-05,-2e-05,0.0,0
14147,-1e-05,-1e-05,-4e-05,-2e-05,-2e-05,-3e-05,-2e-05,0.0,0
14148,-1e-05,-3e-05,-1e-05,0.0,2e-05,-2e-05,-2e-05,1e-05,0
14149,2e-05,1e-05,3e-05,-1e-05,0.0,-1e-05,-1e-05,-1e-05,0
14150,2e-05,1e-05,3e-05,-1e-05,0.0,-1e-05,-1e-05,-1e-05,0
14151,2e-05,1e-05,3e-05,-1e-05,0.0,-1e-05,-1e-05,-1e-05,0
14152,2e-05,1e-05,3e-05,-1e-05,0.0,-1e-05,-1e-05,-1e-05,0
14154,2e-05,1e-05,3e-05,-1e-05,0.0,-1e-05,-1e-05,-1e-05,0
14155,2e-05,1e-05,3e-05,-1e-05,0.0,-1e-05,-1e-05,-1e-05,0
14156,2e-05,1e-05,3e-05,-1e-05,0.0,-1e-05,-1e-05,-1e-05,0
14157,2e-05,1e-05,3e-05,-1e-05,0.0,-1e-05,-1e-05,-1e-05,0
14158,2e-05,1e-05,3e-05,-1e-05,0.0,-1e-05,-1e-05,-1e-05,0
14159,2e-05,1e-05,3e-05,-1e-05,0.0,-1e-05,-1e-05,-1e-05,0
14160,2e-05,1e-05,3e-05,-1e-05,0.0,-1e-05,-1e-05,-1e-05,0
14161,2e-05,1e-05,3e-05,-1e-05,0.0,-1e-05,-1e-05,-1e-05,0
14162,2e-05,1e-05,3e-05,-1e-05,0.0,-1e-05,-1e-05,-1e-05,0
14163,2e-05,1e-05,3e-05,-1e-05,0.0,-1e-05,-1e-05,-1e-05,0
14164,2e-05,1e-05,3e-05,-1e-05,0.0,-1e-05,-1e-05,-1e-05,0
14165,2e-05,1e-05,3e-05,-1e-05,0.0,-1e-05,-1e-05,-1e-05,0
14166,2e-05,1e-05,3e-05,-1e-05,0.0,-1e-05,-1e-05,-1e-05,0
14167,2e-05,1e-05,3e-05,-1e-05,0.0,-1e-05,-1e-05,-1e-05,0
14168,2e-05,1e-05,3e-05,-1e-05,0.0,-1e-05,-1e-05,-1e-05,0
14169,2e-05,1e-05,3e-05,-1e-05,0.0,-1e-05,-1e-05,-1e-05,0
14170,-3e-05,-3e-05,-5e-05,-4e-05,-4e-05,-3e-05,-1e-05,-2e-05,0
14171,-3e-05,0.0,-3e-05,-7e-05,-5e-05,-3e-05,-1e-05,-1e-05,0
14172,-3e-05,0.0,-3e-05,-7e-05,-5e-05,-3e-05,-1e-05,-1e-05,0
14173,-3e-05,0.0,-3e-05,-7e-05,-5e-05,-3e-05,-1e-05,-1e-05,0
14174,-3e-05,0.0,-3e-05,-7e-05,-5e-05,-3e-05,-1e-05,-1e-05,0
14175,-3e-05,0.0,-3e-05,-7e-05,-5e-05,-3e-05,-1e-05,-1e-05,0
14176,-3e-05,0.0,-3e-05,-7e-05,-5e-05,-3e-05,-1e-05,-1e-05,0
14177,-3e-05,0.0,-3e-05,-7e-05,-5e-05,-3e-05,-1e-05,-1e-05,0
14178,-3e-05,0.0,-3e-05,-7e-05,-5e-05,-3e-05,-1e-05,-1e-05,0
14179,-3e-05,0.0,-3e-05,-7e-05,-5e-05,-3e-05,-1e-05,-1e-05,0
14180,-3e-05,0.0,-3e-05,-7e-05,-5e-05,-3e-05,-1e-05,-1e-05,0
14181,-3e-05,0.0,-3e-05,-7e-05,-5e-05,-3e-05,-1e-05,-1e-05,0
14182,-3e-05,0.0,-3e-05,-7e-05,-5e-05,-3e-05,-1e-05,-1e-05,0
14183,-3e-05,0.0,-3e-05,-7e-05,-5e-05,-3e-05,-1e-05,-1e-05,0
14184,0.0,-3e-05,-5e-05,1e-05,-1e-05,-4e-05,-3e-05,0.0,0
14185,-1e-05,0.0,-4e-05,1e-05,1e-05,0.0,-1e-05,-3e-05,0
14186,-1e-05,0.0,-4e-05,1e-05,1e-05,0.0,-1e-05,-3e-05,0
14189,-1e-05,0.0,-4e-05,1e-05,1e-05,0.0,-1e-05,-3e-05,0
14190,-1e-05,0.0,-4e-05,1e-05,1e-05,0.0,-1e-05,-3e-05,0
14191,-1e-05,0.0,-4e-05,1e-05,1e-05,0.0,-1e-05,-3e-05,0
14192,-1e-05,0.0,-4e-05,1e-05,1e-05,0.0,-1e-05,-3e-05,0
14194,-1e-05,0.0,-4e-05,1e-05,1e-05,0.0,-1e-05,-3e-05,0
14195,-1e-05,0.0,-4e-05,1e-05,1e-05,0.0,-1e-05,-3e-05,0
14196,-1e-05,0.0,-4e-05,1e-05,1e-05,0.0,-1e-05,-3e-05,0
14197,-1e-05,0.0,-4e-05,1e-05,1e-05,0.0,-1e-05,-3e-05,0
14198,-1e-05,0.0,-4e-05,1e-05,1e-05,0.0,-1e-05,-3e-05,0
14199,-1e-05,0.0,-4e-05,1e-05,1e-05,0.0,-1e-05,-3e-05,0
14200,-1e-05,0.0,-4e-05,1e-05,1e-05,0.0,-1e-05,-3e-05,0
14201,-1e-05,0.0,-4e-05,1e-05,1e-05,0.0,-1e-05,-3e-05,0
14202,-1e-05,0.0,-4e-05,1e-05,1e-05,0.0,-1e-05,-3e-05,0
14203,-1e-05,0.0,-4e-05,1e-05,1e-05,0.0,-1e-05,-3e-05,0
14204,-1e-05,0.0,-4e-05,1e-05,1e-05,0.0,-1e-05,-3e-05,0
14205,-1e-05,0.0,-4e-05,1e-05,1e-05,0.0,-1e-05,-3e-05,0
14206,-1e-05,0.0,-4e-05,1e-05,1e-05,0.0,-1e-05,-3e-05,0
14207,-1e-05,0.0,-4e-05,1e-05,1e-05,0.0,-1e-05,-3e-05,0
14208,-1e-05,-2e-05,-3e-05,-2e-05,-4e-05,-1e-05,-1e-05,-2e-05,0
14209,0.0,1e-05,5e-05,6e-05,2e-05,0.0,0.0,0.0,0
14210,0.0,1e-05,5e-05,6e-05,2e-05,0.0,0.0,0.0,0
14211,0.0,1e-05,5e-05,6e-05,2e-05,0.0,0.0,0.0,0
14212,0.0,1e-05,5e-05,6e-05,2e-05,0.0,0.0,0.0,0
14213,0.0,1e-05,5e-05,6e-05,2e-05,0.0,0.0,0.0,0
14214,0.0,1e-05,5e-05,6e-05,2e-05,0.0,0.0,0.0,0
14215,0.0,1e-05,5e-05,6e-05,2e-05,0.0,0.0,0.0,0
14216,0.0,1e-05,5e-05,6e-05,2e-05,0.0,0.0,0.0,0
14217,0.0,1e-05,5e-05,6e-05,2e-05,0.0,0.0,0.0,0
14218,0.0,1e-05,5e-05,6e-05,2e-05,0.0,0.0,0.0,0
14219,0.0,1e-05,5e-05,6e-05,2e-05,0.0,0.0,0.0,0
14220,0.0,1e-05,5e-05,6e-05,2e-05,0.0,0.0,0.0,0
14221,0.0,1e-05,5e-05,6e-05,2e-05,0.0,0.0,0.0,0
14222,0.0,1e-05,5e-05,6e-05,2e-05,0.0,0.0,0.0,0
14223,0.0,1e-05,5e-05,6e-05,2e-05,0.0,0.0,0.0,0
14224,0.0,1e-05,5e-05,6e-05,2e-05,0.0,0.0,0.0,0
14225,0.0,1e-05,5e-05,6e-05,2e-05,0.0,0.0,0.0,0
14226,0.0,1e-05,5e-05,6e-05,2e-05,0.0,0.0,0.0,0
14227,0.0,1e-05,5e-05,6e-05,2e-05,0.0,0.0,0.0,0
14228,0.0,1e-05,5e-05,6e-05,2e-05,0.0,0.0,0.0,0
14229,0.0,1e-05,5e-05,6e-05,2e-05,0.0,0.0,0.0,0
14230,-1e-05,-4e-05,-8e-05,-0.00021,-4e-05,-3e-05,1e-05,-3e-05,0
14231,-1e-05,-1e-05,1e-05,0.00031,7e-05,5e-05,-2e-05,-2e-05,0
14232,-1e-05,-1e-05,1e-05,0.00031,7e-05,5e-05,-2e-05,-2e-05,0
14233,-1e-05,-1e-05,1e-05,0.00031,7e-05,5e-05,-2e-05,-2e-05,0
14234,-1e-05,-1e-05,1e-05,0.00031,7e-05,5e-05,-2e-05,-2e-05,0
14235,-1e-05,-1e-05,1e-05,0.00031,7e-05,5e-05,-2e-05,-2e-05,0
14236,-1e-05,-1e-05,1e-05,0.00031,7e-05,5e-05,-2e-05,-2e-05,0
14238,-1e-05,-1e-05,1e-05,0.00031,7e-05,5e-05,-2e-05,-2e-05,0
14239,-1e-05,-1e-05,1e-05,0.00031,7e-05,5e-05,-2e-05,-2e-05,0
14240,-1e-05,-1e-05,1e-05,0.00031,7e-05,5e-05,-2e-05,-2e-05,0
14241,-1e-05,-1e-05,1e-05,0.00031,7e-05,5e-05,-2e-05,-2e-05,0
14242,-1e-05,-1e-05,1e-05,0.00031,7e-05,5e-05,-2e-05,-2e-05,0
14243,-1e-05,-1e-05,1e-05,0.00031,7e-05,5e-05,-2e-05,-2e-05,0
14244,-1e-05,-1e-05,1e-05,0.00031,7e-05,5e-05,-2e-05,-2e-05,0
14245,-1e-05,-1e-05,1e-05,0.00031,7e-05,5e-05,-2e-05,-2e-05,0
14246,-1e-05,-1e-05,1e-05,0.00031,7e-05,5e-05,-2e-05,-2e-05,0
14247,-1e-05,-1e-05,1e-05,0.00031,7e-05,5e-05,-2e-05,-2e-05,0
14248,-1e-05,-1e-05,1e-05,0.00031,7e-05,5e-05,-2e-05,-2e-05,0
14249,-1e-05,-1e-05,1e-05,0.00031,7e-05,5e-05,-2e-05,-2e-05,0
14250,-1e-05,-1e-05,1e-05,0.00031,7e-05,5e-05,-2e-05,-2e-05,0
14251,-1e-05,-1e-05,1e-05,0.00031,7e-05,5e-05,-2e-05,-2e-05,0
14252,-1e-05,-1e-05,1e-05,0.00031,7e-05,5e-05,-2e-05,-2e-05,0
14253,-1e-05,1e-05,-3e-05,-0.0002,-3e-05,-2e-05,-2e-05,-2e-05,0
14254,-1e-05,-3e-05,-3e-05,-6e-05,1e-05,-4e-05,0.0,0.0,0
14255,-1e-05,-3e-05,-3e-05,-6e-05,1e-05,-4e-05,0.0,0.0,0
14256,-1e-05,-3e-05,-3e-05,-6e-05,1e-05,-4e-05,0.0,0.0,0
14257,-1e-05,-3e-05,-3e-05,-6e-05,1e-05,-4e-05,0.0,0.0,0
14258,-1e-05,-3e-05,-3e-05,-6e-05,1e-05,-4e-05,0.0,0.0,0
14259,-1e-05,-3e-05,-3e-05,-6e-05,1e-05,-4e-05,0.0,0.0,0
14260,-1e-05,-3e-05,-3e-05,-6e-05,1e-05,-4e-05,0.0,0.0,0
14261,-1e-05,-3e-05,-3e-05,-6e-05,1e-05,-4e-05,0.0,0.0,0
14262,-1e-05,-3e-05,-3e-05,-6e-05,1e-05,-4e-05,0.0,0.0,0
14263,-1e-05,-3e-05,-3e-05,-6e-05,1e-05,-4e-05,0.0,0.0,0
14264,-1e-05,-3e-05,-3e-05,-6e-05,1e-05,-4e-05,0.0,0.0,0
14265,-1e-05,-3e-05,-3e-05,-6e-05,1e-05,-4e-05,0.0,0.0,0
14266,-1e-05,-3e-05,-3e-05,-6e-05,1e-05,-4e-05,0.0,0.0,0
14267,-3e-05,0.0,-1e-05,7e-05,1e-05,0.0,1e-05,-2e-05,0
14268,-4e-05,-8e-05,-0.00011,-9e-05,-4e-05,0.0,-1e-05,-1e-05,0
14269,-4e-05,-8e-05,-0.00011,-9e-05,-4e-05,0.0,-1e-05,-1e-05,0
14270,-4e-05,-8e-05,-0.00011,-9e-05,-4e-05,0.0,-1e-05,-1e-05,0
14271,-4e-05,-8e-05,-0.00011,-9e-05,-4e-05,0.0,-1e-05,-1e-05,0
14272,-4e-05,-8e-05,-0.00011,-9e-05,-4e-05,0.0,-1e-05,-1e-05,0
14273,-4e-05,-8e-05,-0.00011,-9e-05,-4e-05,0.0,-1e-05,-1e-05,0
14274,-4e-05,-8e-05,-0.00011,-9e-05,-4e-05,0.0,-1e-05,-1e-05,0
14275,-4e-05,-8e-05,-0.00011,-9e-05,-4e-05,0.0,-1e-05,-1e-05,0
14276,-4e-05,-8e-05,-0.00011,-9e-05,-4e-05,0.0,-1e-05,-1e-05,0
14277,-4e-05,-8e-05,-0.00011,-9e-05,-4e-05,0.0,-1e-05,-1e-05,0
14278,-4e-05,-8e-05,-0.00011,-9e-05,-4e-05,0.0,-1e-05,-1e-05,0
14279,-4e-05,-8e-05,-0.00011,-9e-05,-4e-05,0.0,-1e-05,-1e-05,0
14280,-4e-05,-8e-05,-0.00011,-9e-05,-4e-05,0.0,-1e-05,-1e-05,0
14281,-4e-05,-8e-05,-0.00011,-9e-05,-4e-05,0.0,-1e-05,-1e-05,0
14282,-4e-05,-8e-05,-0.00011,-9e-05,-4e-05,0.0,-1e-05,-1e-05,0
14283,-4e-05,-8e-05,-0.00011,-9e-05,-4e-05,0.0,-1e-05,-1e-05,0
14284,-4e-05,-8e-05,-0.00011,-9e-05,-4e-05,0.0,-1e-05,-1e-05,0
14285,-4e-05,-8e-05,-0.00011,-9e-05,-4e-05,0.0,-1e-05,-1e-05,0
14286,-4e-05,-8e-05,-0.00011,-9e-05,-4e-05,0.0,-1e-05,-1e-05,0
14288,-4e-05,-8e-05,-0.00011,-9e-05,-4e-05,0.0,-1e-05,-1e-05,0
14290,-4e-05,-8e-05,-0.00011,-9e-05,-4e-05,0.0,-1e-05,-1e-05,0
14291,0.0,-1e-05,1e-05,1e-05,-1e-05,0.0,0.0,0.0,0
14292,1e-05,1e-05,0.0,-7e-05,-5e-05,-2e-05,-2e-05,-2e-05,0
14293,1e-05,1e-05,0.0,-7e-05,-5e-05,-2e-05,-2e-05,-2e-05,0
14294,1e-05,1e-05,0.0,-7e-05,-5e-05,-2e-05,-2e-05,-2e-05,0
14295,1e-05,1e-05,0.0,-7e-05,-5e-05,-2e-05,-2e-05,-2e-05,0
14296,1e-05,1e-05,0.0,-7e-05,-5e-05,-2e-05,-2e-05,-2e-05,0
14297,1e-05,1e-05,0.0,-7e-05,-5e-05,-2e-05,-2e-05,-2e-05,0
14298,1e-05,1e-05,0.0,-7e-05,-5e-05,-2e-05,-2e-05,-2e-05,0
14299,1e-05,1e-05,0.0,-7e-05,-5e-05,-2e-05,-2e-05,-2e-05,0
14300,1e-05,1e-05,0.0,-7e-05,-5e-05,-2e-05,-2e-05,-2e-05,0
14301,1e-05,1e-05,0.0,-7e-05,-5e-05,-2e-05,-2e-05,-2e-05,0
14302,1e-05,1e-05,0.0,-7e-05,-5e-05,-2e-05,-2e-05,-2e-05,0
14303,1e-05,1e-05,0.0,-7e-05,-5e-05,-2e-05,-2e-05,-2e-05,0
14304,-2e-05,-1e-05,-3e-05,3e-05,-1e-05,2e-05,0.0,0.0,0
14305,-2e-05,-1e-05,-3e-05,3e-05,-1e-05,2e-05,0.0,0.0,0
14306,-2e-05,-1e-05,-3e-05,3e-05,-1e-05,2e-05,0.0,0.0,0
14307,-2e-05,-1e-05,-3e-05,3e-05,-1e-05,2e-05,0.0,0.0,0
14308,-2e-05,-1e-05,-3e-05,3e-05,-1e-05,2e-05,0.0,0.0,0
14309,-2e-05,-1e-05,-3e-05,3e-05,-1e-05,2e-05,0.0,0.0,0
14310,-2e-05,-1e-05,-3e-05,3e-05,-1e-05,2e-05,0.0,0.0,0
14311,-2e-05,-1e-05,-3e-05,3e-05,-1e-05,2e-05,0.0,0.0,0
14312,-2e-05,-1e-05,-3e-05,3e-05,-1e-05,2e-05,0.0,0.0,0
14313,-1e-05,1e-05,-1e-05,-0.00012,-3e-05,2e-05,-2e-05,-1e-05,0
14314,-1e-05,1e-05,-1e-05,-0.00012,-3e-05,2e-05,-2e-05,-1e-05,0
14315,-1e-05,1e-05,-1e-05,-0.00012,-3e-05,2e-05,-2e-05,-1e-05,0
14316,-1e-05,1e-05,-1e-05,-0.00012,-3e-05,2e-05,-2e-05,-1e-05,0
14317,-1e-05,1e-05,-1e-05,-0.00012,-3e-05,2e-05,-2e-05,-1e-05,0
14318,-1e-05,1e-05,-1e-05,-0.00012,-3e-05,2e-05,-2e-05,-1e-05,0
14319,-1e-05,1e-05,-1e-05,-0.00012,-3e-05,2e-05,-2e-05,-1e-05,0
14320,-1e-05,1e-05,-1e-05,-0.00012,-3e-05,2e-05,-2e-05,-1e-05,0
14321,-1e-05,1e-05,-1e-05,-0.00012,-3e-05,2e-05,-2e-05,-1e-05,0
14322,-1e-05,1e-05,-1e-05,-0.00012,-3e-05,2e-05,-2e-05,-1e-05,0
14323,-1e-05,1e-05,-1e-05,-0.00012,-3e-05,2e-05,-2e-05,-1e-05,0
14324,-1e-05,1e-05,-1e-05,-0.00012,-3e-05,2e-05,-2e-05,-1e-05,0
14325,-1e-05,1e-05,-1e-05,-0.00012,-3e-05,2e-05,-2e-05,-1e-05,0
14326,-1e-05,1e-05,-1e-05,-0.00012,-3e-05,2e-05,-2e-05,-1e-05,0
14327,-1e-05,1e-05,-1e-05,-0.00012,-3e-05,2e-05,-2e-05,-1e-05,0
14328,2e-05,3e-05,6e-05,7e-05,4e-05,-1e-05,-1e-05,-1e-05,0
14329,-3e-05,-6e-05,-6e-05,-0.0001,-2e-05,-2e-05,0.0,1e-05,0
14330,-3e-05,-6e-05,-6e-05,-0.0001,-2e-05,-2e-05,0.0,1e-05,0
14331,-3e-05,-6e-05,-6e-05,-0.0001,-2e-05,-2e-05,0.0,1e-05,0
14332,-3e-05,-6e-05,-6e-05,-0.0001,-2e-05,-2e-05,0.0,1e-05,0
14333,-3e-05,-6e-05,-6e-05,-0.0001,-2e-05,-2e-05,0.0,1e-05,0
14334,-3e-05,-6e-05,-6e-05,-0.0001,-2e-05,-2e-05,0.0,1e-05,0
14335,-3e-05,-6e-05,-6e-05,-0.0001,-2e-05,-2e-05,0.0,1e-05,0
14336,-3e-05,-6e-05,-6e-05,-0.0001,-2e-05,-2e-05,0.0,1e-05,0
14338,-3e-05,-6e-05,-6e-05,-0.0001,-2e-05,-2e-05,0.0,1e-05,0
14339,-3e-05,-6e-05,-6e-05,-0.0001,-2e-05,-2e-05,0.0,1e-05,0
14340,-3e-05,-6e-05,-6e-05,-0.0001,-2e-05,-2e-05,0.0,1e-05,0
14341,-3e-05,-6e-05,-6e-05,-0.0001,-2e-05,-2e-05,0.0,1e-05,0
14342,-3e-05,-6e-05,-6e-05,-0.0001,-2e-05,-2e-05,0.0,1e-05,0
14343,-3e-05,-6e-05,-6e-05,-0.0001,-2e-05,-2e-05,0.0,1e-05,0
14344,-3e-05,-6e-05,-6e-05,-0.0001,-2e-05,-2e-05,0.0,1e-05,0
14345,-3e-05,-6e-05,-6e-05,-0.0001,-2e-05,-2e-05,0.0,1e-05,0
14346,-3e-05,-6e-05,-6e-05,-0.0001,-2e-05,-2e-05,0.0,1e-05,0
14347,-3e-05,-6e-05,-6e-05,-0.0001,-2e-05,-2e-05,0.0,1e-05,0
14348,-3e-05,-6e-05,-6e-05,-0.0001,-2e-05,-2e-05,0.0,1e-05,0
14349,-3e-05,-6e-05,-6e-05,-0.0001,-2e-05,-2e-05,0.0,1e-05,0
14350,-2e-05,-4e-05,-3e-05,1e-05,0.0,-3e-05,0.0,1e-05,0
14351,0.0,2e-05,6e-05,9e-05,2e-05,1e-05,0.0,-2e-05,0
14352,1e-05,2e-05,5e-05,1e-05,0.0,1e-05,-2e-05,-3e-05,0
14353,1e-05,2e-05,5e-05,1e-05,0.0,1e-05,-2e-05,-3e-05,0
14354,1e-05,2e-05,5e-05,1e-05,0.0,1e-05,-2e-05,-3e-05,0
14355,1e-05,2e-05,5e-05,1e-05,0.0,1e-05,-2e-05,-3e-05,0
14356,1e-05,2e-05,5e-05,1e-05,0.0,1e-05,-2e-05,-3e-05,0
14357,1e-05,2e-05,5e-05,1e-05,0.0,1e-05,-2e-05,-3e-05,0
14358,1e-05,2e-05,5e-05,1e-05,0.0,1e-05,-2e-05,-3e-05,0
14359,1e-05,2e-05,5e-05,1e-05,0.0,1e-05,-2e-05,-3e-05,0
14360,1e-05,2e-05,5e-05,1e-05,0.0,1e-05,-2e-05,-3e-05,0
14361,1e-05,2e-05,5e-05,1e-05,0.0,1e-05,-2e-05,-3e-05,0
14362,1e-05,2e-05,5e-05,1e-05,0.0,1e-05,-2e-05,-3e-05,0
14363,1e-05,2e-05,5e-05,1e-05,0.0,1e-05,-2e-05,-3e-05,0
14364,-1e-05,-3e-05,-4e-05,-1e-05,-4e-05,-3e-05,-2e-05,0.0,0
14365,-1e-05,-3e-05,-4e-05,-1e-05,-4e-05,-3e-05,-2e-05,0.0,0
14366,-1e-05,-3e-05,-4e-05,-1e-05,-4e-05,-3e-05,-2e-05,0.0,0
14367,-1e-05,-3e-05,-4e-05,-1e-05,-4e-05,-3e-05,-2e-05,0.0,0
14368,-1e-05,-3e-05,-4e-05,-1e-05,-4e-05,-3e-05,-2e-05,0.0,0
14369,-1e-05,-3e-05,-4e-05,-1e-05,-4e-05,-3e-05,-2e-05,0.0,0
14370,-1e-05,-3e-05,-4e-05,-1e-05,-4e-05,-3e-05,-2e-05,0.0,0
14371,-1e-05,-3e-05,-4e-05,-1e-05,-4e-05,-3e-05,-2e-05,0.0,0
14372,-1e-05,-3e-05,-4e-05,-1e-05,-4e-05,-3e-05,-2e-05,0.0,0
14373,1e-05,-2e-05,0.0,3e-05,0.0,-1e-05,-1e-05,0.0,0
14374,1e-05,-2e-05,0.0,3e-05,0.0,-1e-05,-1e-05,0.0,0
14375,1e-05,-2e-05,0.0,3e-05,0.0,-1e-05,-1e-05,0.0,0
14376,1e-05,-2e-05,0.0,3e-05,0.0,-1e-05,-1e-05,0.0,0
14377,1e-05,-2e-05,0.0,3e-05,0.0,-1e-05,-1e-05,0.0,0
14378,1e-05,-2e-05,0.0,3e-05,0.0,-1e-05,-1e-05,0.0,0
14379,1e-05,-2e-05,0.0,3e-05,0.0,-1e-05,-1e-05,0.0,0
14380,1e-05,-2e-05,0.0,3e-05,0.0,-1e-05,-1e-05,0.0,0
14381,1e-05,-2e-05,0.0,3e-05,0.0,-1e-05,-1e-05,0.0,0
14382,1e-05,-2e-05,0.0,3e-05,0.0,-1e-05,-1e-05,0.0,0
14383,1e-05,-2e-05,0.0,3e-05,0.0,-1e-05,-1e-05,0.0,0
14384,1e-05,-2e-05,0.0,3e-05,0.0,-1e-05,-1e-05,0.0,0
14385,1e-05,-2e-05,0.0,3e-05,0.0,-1e-05,-1e-05,0.0,0
14386,1e-05,-2e-05,0.0,3e-05,0.0,-1e-05,-1e-05,0.0,0
14389,-2e-05,-1e-05,1e-05,5e-05,-2e-05,-2e-05,0.0,0.0,0
14390,-2e-05,-1e-05,1e-05,5e-05,-2e-05,-2e-05,0.0,0.0,0
14391,-2e-05,-1e-05,1e-05,5e-05,-2e-05,-2e-05,0.0,0.0,0
14392,-2e-05,-1e-05,1e-05,5e-05,-2e-05,-2e-05,0.0,0.0,0
14393,-2e-05,-1e-05,1e-05,5e-05,-2e-05,-2e-05,0.0,0.0,0
14394,-2e-05,-1e-05,1e-05,5e-05,-2e-05,-2e-05,0.0,0.0,0
14395,-2e-05,-1e-05,1e-05,5e-05,-2e-05,-2e-05,0.0,0.0,0
14396,-2e-05,-1e-05,1e-05,5e-05,-2e-05,-2e-05,0.0,0.0,0
14397,-2e-05,-1e-05,1e-05,5e-05,-2e-05,-2e-05,0.0,0.0,0
14398,-2e-05,-1e-05,1e-05,5e-05,-2e-05,-2e-05,0.0,0.0,0
14399,-2e-05,-1e-05,1e-05,5e-05,-2e-05,-2e-05,0.0,0.0,0
14400,-2e-05,-1e-05,1e-05,5e-05,-2e-05,-2e-05,0.0,0.0,0
14401,-2e-05,-1e-05,1e-05,5e-05,-2e-05,-2e-05,0.0,0.0,0
14402,-2e-05,-1e-05,1e-05,5e-05,-2e-05,-2e-05,0.0,0.0,0
14403,-2e-05,-1e-05,1e-05,5e-05,-2e-05,-2e-05,0.0,0.0,0
14404,-2e-05,-1e-05,1e-05,5e-05,-2e-05,-2e-05,0.0,0.0,0
14405,-2e-05,-1e-05,1e-05,5e-05,-2e-05,-2e-05,0.0,0.0,0
14406,-2e-05,-1e-05,1e-05,5e-05,-2e-05,-2e-05,0.0,0.0,0
14407,-2e-05,-1e-05,1e-05,5e-05,-2e-05,-2e-05,0.0,0.0,0
14408,-2e-05,-1e-05,1e-05,5e-05,-2e-05,-2e-05,0.0,0.0,0
14409,-2e-05,-1e-05,1e-05,5e-05,-2e-05,-2e-05,0.0,0.0,0
14410,-1e-05,0.0,-2e-05,3e-05,2e-05,-2e-05,-1e-05,0.0,0
14411,-1e-05,0.0,-2e-05,3e-05,2e-05,-2e-05,-1e-05,0.0,0
14412,-2e-05,-2e-05,-5e-05,-8e-05,-2e-05,-1e-05,-1e-05,-1e-05,0
14413,-2e-05,-2e-05,-5e-05,-8e-05,-2e-05,-1e-05,-1e-05,-1e-05,0
14414,-2e-05,-2e-05,-5e-05,-8e-05,-2e-05,-1e-05,-1e-05,-1e-05,0
14415,-2e-05,-2e-05,-5e-05,-8e-05,-2e-05,-1e-05,-1e-05,-1e-05,0
14416,-2e-05,-2e-05,-5e-05,-8e-05,-2e-05,-1e-05,-1e-05,-1e-05,0
14417,-2e-05,-2e-05,-5e-05,-8e-05,-2e-05,-1e-05,-1e-05,-1e-05,0
14418,-2e-05,-2e-05,-5e-05,-8e-05,-2e-05,-1e-05,-1e-05,-1e-05,0
14419,-2e-05,-2e-05,-5e-05,-8e-05,-2e-05,-1e-05,-1e-05,-1e-05,0
14420,-2e-05,-2e-05,-5e-05,-8e-05,-2e-05,-1e-05,-1e-05,-1e-05,0
14421,-2e-05,-2e-05,-5e-05,-8e-05,-2e-05,-1e-05,-1e-05,-1e-05,0
14422,-2e-05,-2e-05,-5e-05,-8e-05,-2e-05,-1e-05,-1e-05,-1e-05,0
14423,-2e-05,-2e-05,-5e-05,-8e-05,-2e-05,-1e-05,-1e-05,-1e-05,0
14424,-2e-05,1e-05,-1e-05,0.0,-3e-05,-2e-05,-2e-05,-3e-05,0
14425,-2e-05,1e-05,-1e-05,0.0,-3e-05,-2e-05,-2e-05,-3e-05,0
14426,-2e-05,1e-05,-1e-05,0.0,-3e-05,-2e-05,-2e-05,-3e-05,0
14427,-2e-05,1e-05,-1e-05,0.0,-3e-05,-2e-05,-2e-05,-3e-05,0
14428,-2e-05,1e-05,-1e-05,0.0,-3e-05,-2e-05,-2e-05,-3e-05,0
14429,-2e-05,1e-05,-1e-05,0.0,-3e-05,-2e-05,-2e-05,-3e-05,0
14430,-2e-05,1e-05,-1e-05,0.0,-3e-05,-2e-05,-2e-05,-3e-05,0
14431,-2e-05,1e-05,-1e-05,0.0,-3e-05,-2e-05,-2e-05,-3e-05,0
14432,-2e-05,1e-05,-1e-05,0.0,-3e-05,-2e-05,-2e-05,-3e-05,0
14433,0.0,-2e-05,1e-05,-2e-05,-4e-05,-4e-05,1e-05,-1e-05,0
14434,0.0,-2e-05,1e-05,-2e-05,-4e-05,-4e-05,1e-05,-1e-05,0
14435,0.0,-2e-05,1e-05,-2e-05,-4e-05,-4e-05,1e-05,-1e-05,0
14436,0.0,-2e-05,1e-05,-2e-05,-4e-05,-4e-05,1e-05,-1e-05,0
14439,0.0,-2e-05,1e-05,-2e-05,-4e-05,-4e-05,1e-05,-1e-05,0
14440,0.0,-2e-05,1e-05,-2e-05,-4e-05,-4e-05,1e-05,-1e-05,0
14441,0.0,-2e-05,1e-05,-2e-05,-4e-05,-4e-05,1e-05,-1e-05,0
14442,0.0,-2e-05,1e-05,-2e-05,-4e-05,-4e-05,1e-05,-1e-05,0
14443,0.0,-2e-05,1e-05,-2e-05,-4e-05,-4e-05,1e-05,-1e-05,0
14444,0.0,-2e-05,1e-05,-2e-05,-4e-05,-4e-05,1e-05,-1e-05,0
14445,0.0,-2e-05,1e-05,-2e-05,-4e-05,-4e-05,1e-05,-1e-05,0
14446,0.0,-2e-05,1e-05,-2e-05,-4e-05,-4e-05,1e-05,-1e-05,0
14447,0.0,-2e-05,1e-05,-2e-05,-4e-05,-4e-05,1e-05,-1e-05,0
14448,0.0,-2e-05,1e-05,-2e-05,-4e-05,-4e-05,1e-05,-1e-05,0
14449,0.0,-2e-05,1e-05,-2e-05,-4e-05,-4e-05,1e-05,-1e-05,0
14450,0.0,-2e-05,1e-05,-2e-05,-4e-05,-4e-05,1e-05,-1e-05,0
14451,0.0,-2e-05,1e-05,-2e-05,-4e-05,-4e-05,1e-05,-1e-05,0
14452,0.0,-2e-05,1e-05,-2e-05,-4e-05,-4e-05,1e-05,-1e-05,0
14453,0.0,-2e-05,1e-05,-2e-05,-4e-05,-4e-05,1e-05,-1e-05,0
14454,0.0,-2e-05,1e-05,-2e-05,-4e-05,-4e-05,1e-05,-1e-05,0
14455,0.0,-2e-05,1e-05,-2e-05,-4e-05,-4e-05,1e-05,-1e-05,0
14456,0.0,-2e-05,1e-05,-2e-05,-4e-05,-4e-05,1e-05,-1e-05,0
14457,0.0,-2e-05,1e-05,-2e-05,-4e-05,-4e-05,1e-05,-1e-05,0
14458,0.0,-2e-05,1e-05,-2e-05,-4e-05,-4e-05,1e-05,-1e-05,0
14459,0.0,-2e-05,1e-05,-2e-05,-4e-05,-4e-05,1e-05,-1e-05,0
14460,0.0,-2e-05,1e-05,-2e-05,-4e-05,-4e-05,1e-05,-1e-05,0
14461,0.0,-2e-05,1e-05,-2e-05,-4e-05,-4e-05,1e-05,-1e-05,0
14462,1e-05,-2e-05,-3e-05,-3e-05,2e-05,-2e-05,-2e-05,0.0,0
14463,-1e-05,-2e-05,1e-05,0.0001,3e-05,0.0,0.0,-2e-05,0
14464,-2e-05,-4e-05,-7e-05,-8e-05,-2e-05,-3e-05,0.0,0.0,0
14465,-2e-05,-4e-05,-7e-05,-8e-05,-2e-05,-3e-05,0.0,0.0,0
14466,-2e-05,-4e-05,-7e-05,-8e-05,-2e-05,-3e-05,0.0,0.0,0
14467,-2e-05,-4e-05,-7e-05,-8e-05,-2e-05,-3e-05,0.0,0.0,0
14468,-2e-05,-4e-05,-7e-05,-8e-05,-2e-05,-3e-05,0.0,0.0,0
14469,-2e-05,-4e-05,-7e-05,-8e-05,-2e-05,-3e-05,0.0,0.0,0
14470,-2e-05,-1e-05,-2e-05,-9e-05,-3e-05,-2e-05,0.0,0.0,0
14471,-2e-05,-1e-05,-2e-05,-9e-05,-3e-05,-2e-05,0.0,0.0,0
14472,2e-05,1e-05,-1e-05,-3e-05,-1e-05,-2e-05,-2e-05,-1e-05,0
14473,2e-05,1e-05,-1e-05,-3e-05,-1e-05,-2e-05,-2e-05,-1e-05,0
14474,2e-05,1e-05,-1e-05,-3e-05,-1e-05,-2e-05,-2e-05,-1e-05,0
14475,2e-05,1e-05,-1e-05,-3e-05,-1e-05,-2e-05,-2e-05,-1e-05,0
14476,2e-05,1e-05,-1e-05,-3e-05,-1e-05,-2e-05,-2e-05,-1e-05,0
14477,2e-05,1e-05,-1e-05,-3e-05,-1e-05,-2e-05,-2e-05,-1e-05,0
14478,2e-05,1e-05,-1e-05,-3e-05,-1e-05,-2e-05,-2e-05,-1e-05,0
14479,2e-05,1e-05,-1e-05,-3e-05,-1e-05,-2e-05,-2e-05,-1e-05,0
14480,2e-05,1e-05,-1e-05,-3e-05,-1e-05,-2e-05,-2e-05,-1e-05,0
14481,2e-05,1e-05,-1e-05,-3e-05,-1e-05,-2e-05,-2e-05,-1e-05,0
14482,2e-05,1e-05,-1e-05,-3e-05,-1e-05,-2e-05,-2e-05,-1e-05,0
14483,2e-05,1e-05,-1e-05,-3e-05,-1e-05,-2e-05,-2e-05,-1e-05,0
14484,2e-05,1e-05,-1e-05,-3e-05,-1e-05,-2e-05,-2e-05,-1e-05,0
14485,2e-05,1e-05,-1e-05,-3e-05,-1e-05,-2e-05,-2e-05,-1e-05,0
14486,2e-05,1e-05,-1e-05,-3e-05,-1e-05,-2e-05,-2e-05,-1e-05,0
14488,2e-05,1e-05,-1e-05,-3e-05,-1e-05,-2e-05,-2e-05,-1e-05,0
14489,2e-05,1e-05,-1e-05,-3e-05,-1e-05,-2e-05,-2e-05,-1e-05,0
14490,2e-05,1e-05,-1e-05,-3e-05,-1e-05,-2e-05,-2e-05,-1e-05,0
14491,2e-05,1e-05,-1e-05,-3e-05,-1e-05,-2e-05,-2e-05,-1e-05,0
14492,2e-05,1e-05,-1e-05,-3e-05,-1e-05,-2e-05,-2e-05,-1e-05,0
14493,-1e-05,1e-05,0.0,2e-05,-2e-05,-1e-05,-2e-05,-4e-05,0
14494,0.0,1e-05,3e-05,0.0,1e-05,1e-05,0.0,-2e-05,0
14495,0.0,1e-05,3e-05,0.0,1e-05,1e-05,0.0,-2e-05,0
14496,0.0,1e-05,3e-05,0.0,1e-05,1e-05,0.0,-2e-05,0
14497,0.0,1e-05,3e-05,0.0,1e-05,1e-05,0.0,-2e-05,0
14498,0.0,1e-05,3e-05,0.0,1e-05,1e-05,0.0,-2e-05,0
14499,0.0,1e-05,3e-05,0.0,1e-05,1e-05,0.0,-2e-05,0
14500,0.0,1e-05,3e-05,0.0,1e-05,1e-05,0.0,-2e-05,0
14501,0.0,1e-05,3e-05,0.0,1e-05,1e-05,0.0,-2e-05,0
14502,0.0,1e-05,3e-05,0.0,1e-05,1e-05,0.0,-2e-05,0
14503,0.0,1e-05,3e-05,0.0,1e-05,1e-05,0.0,-2e-05,0
14504,0.0,1e-05,3e-05,0.0,1e-05,1e-05,0.0,-2e-05,0
14505,0.0,1e-05,3e-05,0.0,1e-05,1e-05,0.0,-2e-05,0
14506,0.0,1e-05,3e-05,0.0,1e-05,1e-05,0.0,-2e-05,0
14507,0.0,1e-05,3e-05,0.0,1e-05,1e-05,0.0,-2e-05,0
14508,-1e-05,-4e-05,-8e-05,-0.0001,-2e-05,-1e-05,0.0,1e-05,0
14509,-1e-05,-1e-05,0.0,1e-05,-1e-05,0.0,0.0,-1e-05,0
14510,-1e-05,-1e-05,0.0,1e-05,-1e-05,0.0,0.0,-1e-05,0
14511,-1e-05,-1e-05,0.0,1e-05,-1e-05,0.0,0.0,-1e-05,0
14512,-1e-05,-1e-05,0.0,1e-05,-1e-05,0.0,0.0,-1e-05,0
14513,-1e-05,-1e-05,0.0,1e-05,-1e-05,0.0,0.0,-1e-05,0
14514,-1e-05,-1e-05,0.0,1e-05,-1e-05,0.0,0.0,-1e-05,0
14515,-1e-05,-1e-05,0.0,1e-05,-1e-05,0.0,0.0,-1e-05,0
14516,-1e-05,-1e-05,0.0,1e-05,-1e-05,0.0,0.0,-1e-05,0
14517,-1e-05,-1e-05,0.0,1e-05,-1e-05,0.0,0.0,-1e-05,0
14518,-1e-05,-1e-05,0.0,1e-05,-1e-05,0.0,0.0,-1e-05,0
14519,-1e-05,-1e-05,0.0,1e-05,-1e-05,0.0,0.0,-1e-05,0
14520,-1e-05,-1e-05,0.0,1e-05,-1e-05,0.0,0.0,-1e-05,0
14521,-1e-05,-1e-05,0.0,1e-05,-1e-05,0.0,0.0,-1e-05,0
14522,-1e-05,-1e-05,0.0,1e-05,-1e-05,0.0,0.0,-1e-05,0
14523,-1e-05,-1e-05,0.0,1e-05,-1e-05,0.0,0.0,-1e-05,0
14524,-1e-05,-1e-05,0.0,1e-05,-1e-05,0.0,0.0,-1e-05,0
14525,-1e-05,-1e-05,0.0,1e-05,-1e-05,0.0,0.0,-1e-05,0
14526,-1e-05,-1e-05,0.0,1e-05,-1e-05,0.0,0.0,-1e-05,0
14527,-1e-05,-1e-05,0.0,1e-05,-1e-05,0.0,0.0,-1e-05,0
14528,-1e-05,-1e-05,0.0,1e-05,-1e-05,0.0,0.0,-1e-05,0
14529,-1e-05,-1e-05,0.0,1e-05,-1e-05,0.0,0.0,-1e-05,0
14530,1e-05,3e-05,2e-05,4e-05,-1e-05,-2e-05,-2e-05,0.0,0
14531,-1e-05,-2e-05,2e-05,-2e-05,-1e-05,-2e-05,0.0,0.0,0
14532,-3e-05,0.0,2e-05,4e-05,0.0,1e-05,-2e-05,-1e-05,0
14533,-3e-05,0.0,2e-05,4e-05,0.0,1e-05,-2e-05,-1e-05,0
14534,-3e-05,0.0,2e-05,4e-05,0.0,1e-05,-2e-05,-1e-05,0
14535,-3e-05,0.0,2e-05,4e-05,0.0,1e-05,-2e-05,-1e-05,0
14536,-3e-05,0.0,2e-05,4e-05,0.0,1e-05,-2e-05,-1e-05,0
14538,-3e-05,0.0,2e-05,4e-05,0.0,1e-05,-2e-05,-1e-05,0
14540,-3e-05,0.0,2e-05,4e-05,0.0,1e-05,-2e-05,-1e-05,0
14541,-3e-05,0.0,2e-05,4e-05,0.0,1e-05,-2e-05,-1e-05,0
14542,-3e-05,0.0,2e-05,4e-05,0.0,1e-05,-2e-05,-1e-05,0
14543,-3e-05,0.0,2e-05,4e-05,0.0,1e-05,-2e-05,-1e-05,0
14544,-1e-05,-4e-05,-3e-05,-5e-05,-2e-05,-3e-05,0.0,0.0,0
14545,-1e-05,-4e-05,-3e-05,-5e-05,-2e-05,-3e-05,0.0,0.0,0
14546,-1e-05,-4e-05,-3e-05,-5e-05,-2e-05,-3e-05,0.0,0.0,0
14547,-1e-05,-4e-05,-3e-05,-5e-05,-2e-05,-3e-05,0.0,0.0,0
14548,-1e-05,-4e-05,-3e-05,-5e-05,-2e-05,-3e-05,0.0,0.0,0
14549,-1e-05,-4e-05,-3e-05,-5e-05,-2e-05,-3e-05,0.0,0.0,0
14550,-1e-05,-4e-05,-3e-05,-5e-05,-2e-05,-3e-05,0.0,0.0,0
14551,-1e-05,-4e-05,-3e-05,-5e-05,-2e-05,-3e-05,0.0,0.0,0
14552,-1e-05,-4e-05,-3e-05,-5e-05,-2e-05,-3e-05,0.0,0.0,0
14553,-2e-05,0.0,-4e-05,-7e-05,-5e-05,-2e-05,-1e-05,-2e-05,0
14554,-2e-05,0.0,-4e-05,-7e-05,-5e-05,-2e-05,-1e-05,-2e-05,0
14555,-2e-05,0.0,-4e-05,-7e-05,-5e-05,-2e-05,-1e-05,-2e-05,0
14556,-2e-05,0.0,-4e-05,-7e-05,-5e-05,-2e-05,-1e-05,-2e-05,0
14557,-2e-05,0.0,-4e-05,-7e-05,-5e-05,-2e-05,-1e-05,-2e-05,0
14558,-2e-05,0.0,-4e-05,-7e-05,-5e-05,-2e-05,-1e-05,-2e-05,0
14559,-2e-05,0.0,-4e-05,-7e-05,-5e-05,-2e-05,-1e-05,-2e-05,0
14560,-2e-05,0.0,-4e-05,-7e-05,-5e-05,-2e-05,-1e-05,-2e-05,0
14561,-2e-05,0.0,-4e-05,-7e-05,-5e-05,-2e-05,-1e-05,-2e-05,0
14562,-2e-05,0.0,-4e-05,-7e-05,-5e-05,-2e-05,-1e-05,-2e-05,0
14563,-2e-05,0.0,-4e-05,-7e-05,-5e-05,-2e-05,-1e-05,-2e-05,0
14564,-2e-05,0.0,-4e-05,-7e-05,-5e-05,-2e-05,-1e-05,-2e-05,0
14565,-2e-05,0.0,-4e-05,-7e-05,-5e-05,-2e-05,-1e-05,-2e-05,0
14566,-2e-05,0.0,-4e-05,-7e-05,-5e-05,-2e-05,-1e-05,-2e-05,0
14567,-2e-05,0.0,-4e-05,-7e-05,-5e-05,-2e-05,-1e-05,-2e-05,0
14568,1e-05,0.0,-3e-05,-9e-05,-3e-05,-2e-05,1e-05,0.0,0
14569,1e-05,0.0,-3e-05,-9e-05,-3e-05,-2e-05,1e-05,0.0,0
14570,1e-05,4e-05,8e-05,0.00014,-4e-05,-1e-05,-1e-05,0.0,0
14571,1e-05,4e-05,8e-05,0.00014,-4e-05,-1e-05,-1e-05,0.0,0
14572,1e-05,4e-05,8e-05,0.00014,-4e-05,-1e-05,-1e-05,0.0,0
14573,1e-05,4e-05,8e-05,0.00014,-4e-05,-1e-05,-1e-05,0.0,0
14574,1e-05,4e-05,8e-05,0.00014,-4e-05,-1e-05,-1e-05,0.0,0
14575,1e-05,4e-05,8e-05,0.00014,-4e-05,-1e-05,-1e-05,0.0,0
14576,1e-05,4e-05,8e-05,0.00014,-4e-05,-1e-05,-1e-05,0.0,0
14577,1e-05,4e-05,8e-05,0.00014,-4e-05,-1e-05,-1e-05,0.0,0
14578,1e-05,4e-05,8e-05,0.00014,-4e-05,-1e-05,-1e-05,0.0,0
14579,1e-05,4e-05,8e-05,0.00014,-4e-05,-1e-05,-1e-05,0.0,0
14580,1e-05,4e-05,8e-05,0.00014,-4e-05,-1e-05,-1e-05,0.0,0
14581,1e-05,4e-05,8e-05,0.00014,-4e-05,-1e-05,-1e-05,0.0,0
14582,1e-05,4e-05,8e-05,0.00014,-4e-05,-1e-05,-1e-05,0.0,0
14583,1e-05,4e-05,8e-05,0.00014,-4e-05,-1e-05,-1e-05,0.0,0
14584,1e-05,4e-05,8e-05,0.00014,-4e-05,-1e-05,-1e-05,0.0,0
14585,1e-05,4e-05,8e-05,0.00014,-4e-05,-1e-05,-1e-05,0.0,0
14586,1e-05,4e-05,8e-05,0.00014,-4e-05,-1e-05,-1e-05,0.0,0
14588,1e-05,4e-05,8e-05,0.00014,-4e-05,-1e-05,-1e-05,0.0,0
14589,1e-05,4e-05,8e-05,0.00014,-4e-05,-1e-05,-1e-05,0.0,0
14590,-4e-05,-4e-05,-4e-05,0.00013,-1e-05,-1e-05,1e-05,-1e-05,0
14591,-4e-05,-4e-05,-4e-05,0.00013,-1e-05,-1e-05,1e-05,-1e-05,0
14592,2e-05,0.0,0.0,-6e-05,0.0,0.0,0.0,2e-05,0
14593,2e-05,0.0,0.0,-6e-05,0.0,0.0,0.0,2e-05,0
14594,2e-05,0.0,0.0,-6e-05,0.0,0.0,0.0,2e-05,0
14595,2e-05,0.0,0.0,-6e-05,0.0,0.0,0.0,2e-05,0
14596,2e-05,0.0,0.0,-6e-05,0.0,0.0,0.0,2e-05,0
14597,2e-05,0.0,0.0,-6e-05,0.0,0.0,0.0,2e-05,0
14598,2e-05,0.0,0.0,-6e-05,0.0,0.0,0.0,2e-05,0
14599,2e-05,0.0,0.0,-6e-05,0.0,0.0,0.0,2e-05,0
14600,2e-05,0.0,0.0,-6e-05,0.0,0.0,0.0,2e-05,0
14601,2e-05,0.0,0.0,-6e-05,0.0,0.0,0.0,2e-05,0
14602,2e-05,0.0,0.0,-6e-05,0.0,0.0,0.0,2e-05,0
14603,2e-05,0.0,0.0,-6e-05,0.0,0.0,0.0,2e-05,0
14604,-2e-05,0.0,-1e-05,-1e-05,-2e-05,-2e-05,-2e-05,-2e-05,0
14605,-2e-05,0.0,-1e-05,-1e-05,-2e-05,-2e-05,-2e-05,-2e-05,0
14606,-2e-05,0.0,-1e-05,-1e-05,-2e-05,-2e-05,-2e-05,-2e-05,0
14607,-2e-05,0.0,-1e-05,-1e-05,-2e-05,-2e-05,-2e-05,-2e-05,0
14608,-2e-05,0.0,-1e-05,-1e-05,-2e-05,-2e-05,-2e-05,-2e-05,0
14609,-2e-05,0.0,-1e-05,-1e-05,-2e-05,-2e-05,-2e-05,-2e-05,0
14610,-2e-05,0.0,-1e-05,-1e-05,-2e-05,-2e-05,-2e-05,-2e-05,0
14611,-2e-05,0.0,-1e-05,-1e-05,-2e-05,-2e-05,-2e-05,-2e-05,0
14612,-2e-05,0.0,-1e-05,-1e-05,-2e-05,-2e-05,-2e-05,-2e-05,0
14613,-2e-05,-3e-05,0.0,1e-05,0.0,-1e-05,0.0,-1e-05,0
14614,-2e-05,-3e-05,0.0,1e-05,0.0,-1e-05,0.0,-1e-05,0
14615,-2e-05,-3e-05,0.0,1e-05,0.0,-1e-05,0.0,-1e-05,0
14616,-2e-05,-3e-05,0.0,1e-05,0.0,-1e-05,0.0,-1e-05,0
14617,-2e-05,-3e-05,0.0,1e-05,0.0,-1e-05,0.0,-1e-05,0
14618,-2e-05,-3e-05,0.0,1e-05,0.0,-1e-05,0.0,-1e-05,0
14619,-2e-05,-3e-05,0.0,1e-05,0.0,-1e-05,0.0,-1e-05,0
14620,-2e-05,-3e-05,0.0,1e-05,0.0,-1e-05,0.0,-1e-05,0
14621,-2e-05,-3e-05,0.0,1e-05,0.0,-1e-05,0.0,-1e-05,0
14622,-2e-05,-3e-05,0.0,1e-05,0.0,-1e-05,0.0,-1e-05,0
14623,-2e-05,-3e-05,0.0,1e-05,0.0,-1e-05,0.0,-1e-05,0
14624,-2e-05,-3e-05,0.0,1e-05,0.0,-1e-05,0.0,-1e-05,0
14625,-2e-05,-3e-05,0.0,1e-05,0.0,-1e-05,0.0,-1e-05,0
14626,-2e-05,-3e-05,0.0,1e-05,0.0,-1e-05,0.0,-1e-05,0
14627,-2e-05,-3e-05,0.0,1e-05,0.0,-1e-05,0.0,-1e-05,0
14628,2e-05,1e-05,-2e-05,-5e-05,-1e-05,-1e-05,-2e-05,-2e-05,0
14629,0.0,0.0,1e-05,0.0,6e-05,0.0,-1e-05,-1e-05,0
14630,0.0,0.0,1e-05,0.0,6e-05,0.0,-1e-05,-1e-05,0
14631,0.0,0.0,1e-05,0.0,6e-05,0.0,-1e-05,-1e-05,0
14632,0.0,0.0,1e-05,0.0,6e-05,0.0,-1e-05,-1e-05,0
14633,0.0,0.0,1e-05,0.0,6e-05,0.0,-1e-05,-1e-05,0
14634,0.0,0.0,1e-05,0.0,6e-05,0.0,-1e-05,-1e-05,0
14635,0.0,0.0,1e-05,0.0,6e-05,0.0,-1e-05,-1e-05,0
14636,0.0,0.0,1e-05,0.0,6e-05,0.0,-1e-05,-1e-05,0
14638,0.0,0.0,1e-05,0.0,6e-05,0.0,-1e-05,-1e-05,0
14639,0.0,0.0,1e-05,0.0,6e-05,0.0,-1e-05,-1e-05,0
14640,0.0,0.0,1e-05,0.0,6e-05,0.0,-1e-05,-1e-05,0
14641,0.0,0.0,1e-05,0.0,6e-05,0.0,-1e-05,-1e-05,0
14642,0.0,0.0,1e-05,0.0,6e-05,0.0,-1e-05,-1e-05,0
14643,0.0,0.0,1e-05,0.0,6e-05,0.0,-1e-05,-1e-05,0
14644,0.0,0.0,1e-05,0.0,6e-05,0.0,-1e-05,-1e-05,0
14645,0.0,0.0,1e-05,0.0,6e-05,0.0,-1e-05,-1e-05,0
14646,0.0,0.0,1e-05,0.0,6e-05,0.0,-1e-05,-1e-05,0
14647,0.0,0.0,1e-05,0.0,6e-05,0.0,-1e-05,-1e-05,0
14648,0.0,0.0,1e-05,0.0,6e-05,0.0,-1e-05,-1e-05,0
14649,0.0,0.0,1e-05,0.0,6e-05,0.0,-1e-05,-1e-05,0
14650,-1e-05,2e-05,3e-05,4e-05,-1e-05,-1e-05,1e-05,1e-05,0
14651,-5e-05,-9e-05,-0.00012,-4e-05,-1e-05,-3e-05,-2e-05,-2e-05,0
14652,1e-05,-1e-05,-3e-05,3e-05,0.0,0.0,0.0,-1e-05,0
14653,1e-05,-1e-05,-3e-05,3e-05,0.0,0.0,0.0,-1e-05,0
14654,1e-05,-1e-05,-3e-05,3e-05,0.0,0.0,0.0,-1e-05,0
14655,1e-05,-1e-05,-3e-05,3e-05,0.0,0.0,0.0,-1e-05,0
14656,1e-05,-1e-05,-3e-05,3e-05,0.0,0.0,0.0,-1e-05,0
14657,1e-05,-1e-05,-3e-05,3e-05,0.0,0.0,0.0,-1e-05,0
14658,1e-05,-1e-05,-3e-05,3e-05,0.0,0.0,0.0,-1e-05,0
14659,1e-05,-1e-05,-3e-05,3e-05,0.0,0.0,0.0,-1e-05,0
14660,1e-05,-1e-05,-3e-05,3e-05,0.0,0.0,0.0,-1e-05,0
14661,1e-05,-1e-05,-3e-05,3e-05,0.0,0.0,0.0,-1e-05,0
14662,1e-05,-1e-05,-3e-05,3e-05,0.0,0.0,0.0,-1e-05,0
14663,1e-05,-1e-05,-3e-05,3e-05,0.0,0.0,0.0,-1e-05,0
14664,-1e-05,0.0,-1e-05,-7e-05,-4e-05,-3e-05,1e-05,0.0,0
14665,-1e-05,0.0,-1e-05,-7e-05,-4e-05,-3e-05,1e-05,0.0,0
14666,-1e-05,0.0,-1e-05,-7e-05,-4e-05,-3e-05,1e-05,0.0,0
14667,-1e-05,0.0,-1e-05,-7e-05,-4e-05,-3e-05,1e-05,0.0,0
14668,-1e-05,0.0,-1e-05,-7e-05,-4e-05,-3e-05,1e-05,0.0,0
14669,-1e-05,0.0,-1e-05,-7e-05,-4e-05,-3e-05,1e-05,0.0,0
14670,-1e-05,0.0,-1e-05,-7e-05,-4e-05,-3e-05,1e-05,0.0,0
14671,-1e-05,0.0,-1e-05,-7e-05,-4e-05,-3e-05,1e-05,0.0,0
14672,-1e-05,0.0,-1e-05,-7e-05,-4e-05,-3e-05,1e-05,0.0,0
14673,-2e-05,0.0,1e-05,-1e-05,-1e-05,0.0,0.0,-3e-05,0
14674,-2e-05,0.0,1e-05,-1e-05,-1e-05,0.0,0.0,-3e-05,0
14675,-2e-05,0.0,1e-05,-1e-05,-1e-05,0.0,0.0,-3e-05,0
14676,-2e-05,0.0,1e-05,-1e-05,-1e-05,0.0,0.0,-3e-05,0
14677,-2e-05,0.0,1e-05,-1e-05,-1e-05,0.0,0.0,-3e-05,0
14678,-2e-05,0.0,1e-05,-1e-05,-1e-05,0.0,0.0,-3e-05,0
14679,-2e-05,0.0,1e-05,-1e-05,-1e-05,0.0,0.0,-3e-05,0
14680,-2e-05,0.0,1e-05,-1e-05,-1e-05,0.0,0.0,-3e-05,0
14681,-2e-05,0.0,1e-05,-1e-05,-1e-05,0.0,0.0,-3e-05,0
14682,-2e-05,0.0,1e-05,-1e-05,-1e-05,0.0,0.0,-3e-05,0
14683,-2e-05,0.0,1e-05,-1e-05,-1e-05,0.0,0.0,-3e-05,0
14684,-2e-05,0.0,1e-05,-1e-05,-1e-05,0.0,0.0,-3e-05,0
14685,-2e-05,0.0,1e-05,-1e-05,-1e-05,0.0,0.0,-3e-05,0
14686,-2e-05,0.0,1e-05,-1e-05,-1e-05,0.0,0.0,-3e-05,0
14689,1e-05,5e-05,5e-05,4e-05,-1e-05,-4e-05,-2e-05,-1e-05,0
14690,-6e-05,-0.00011,-0.00013,-0.0001,0.0,1e-05,0.0,0.0,0
14691,-6e-05,-0.00011,-0.00013,-0.0001,0.0,1e-05,0.0,0.0,0
14692,-6e-05,-0.00011,-0.00013,-0.0001,0.0,1e-05,0.0,0.0,0
14693,-6e-05,-0.00011,-0.00013,-0.0001,0.0,1e-05,0.0,0.0,0
14694,-6e-05,-0.00011,-0.00013,-0.0001,0.0,1e-05,0.0,0.0,0
14695,-6e-05,-0.00011,-0.00013,-0.0001,0.0,1e-05,0.0,0.0,0
14696,-6e-05,-0.00011,-0.00013,-0.0001,0.0,1e-05,0.0,0.0,0
14697,-6e-05,-0.00011,-0.00013,-0.0001,0.0,1e-05,0.0,0.0,0
14698,-6e-05,-0.00011,-0.00013,-0.0001,0.0,1e-05,0.0,0.0,0
14699,-6e-05,-0.00011,-0.00013,-0.0001,0.0,1e-05,0.0,0.0,0
14700,-6e-05,-0.00011,-0.00013,-0.0001,0.0,1e-05,0.0,0.0,0
14701,-6e-05,-0.00011,-0.00013,-0.0001,0.0,1e-05,0.0,0.0,0
14702,-6e-05,-0.00011,-0.00013,-0.0001,0.0,1e-05,0.0,0.0,0
14703,-6e-05,-0.00011,-0.00013,-0.0001,0.0,1e-05,0.0,0.0,0
14704,-6e-05,-0.00011,-0.00013,-0.0001,0.0,1e-05,0.0,0.0,0
14705,-6e-05,-0.00011,-0.00013,-0.0001,0.0,1e-05,0.0,0.0,0
14706,-6e-05,-0.00011,-0.00013,-0.0001,0.0,1e-05,0.0,0.0,0
14707,-6e-05,-0.00011,-0.00013,-0.0001,0.0,1e-05,0.0,0.0,0
14708,-6e-05,-0.00011,-0.00013,-0.0001,0.0,1e-05,0.0,0.0,0
14709,-6e-05,-0.00011,-0.00013,-0.0001,0.0,1e-05,0.0,0.0,0
14710,1e-05,1e-05,3e-05,-6e-05,-3e-05,-1e-05,1e-05,-2e-05,0
14711,1e-05,1e-05,3e-05,-6e-05,-3e-05,-1e-05,1e-05,-2e-05,0
14712,0.0,2e-05,1e-05,0.0001,3e-05,0.0,-1e-05,3e-05,0
14713,0.0,2e-05,1e-05,0.0001,3e-05,0.0,-1e-05,3e-05,0
14714,0.0,2e-05,1e-05,0.0001,3e-05,0.0,-1e-05,3e-05,0
14715,0.0,2e-05,1e-05,0.0001,3e-05,0.0,-1e-05,3e-05,0
14716,0.0,2e-05,1e-05,0.0001,3e-05,0.0,-1e-05,3e-05,0
14717,0.0,2e-05,1e-05,0.0001,3e-05,0.0,-1e-05,3e-05,0
14718,0.0,2e-05,1e-05,0.0001,3e-05,0.0,-1e-05,3e-05,0
14719,0.0,2e-05,1e-05,0.0001,3e-05,0.0,-1e-05,3e-05,0
14720,0.0,2e-05,1e-05,0.0001,3e-05,0.0,-1e-05,3e-05,0
14721,0.0,2e-05,1e-05,0.0001,3e-05,0.0,-1e-05,3e-05,0
14722,0.0,2e-05,1e-05,0.0001,3e-05,0.0,-1e-05,3e-05,0
14723,0.0,2e-05,1e-05,0.0001,3e-05,0.0,-1e-05,3e-05,0
14724,0.0,2e-05,1e-05,0.0001,3e-05,0.0,-1e-05,3e-05,0
14725,0.0,2e-05,1e-05,0.0001,3e-05,0.0,-1e-05,3e-05,0
14726,0.0,2e-05,1e-05,0.0001,3e-05,0.0,-1e-05,3e-05,0
14727,0.0,2e-05,1e-05,0.0001,3e-05,0.0,-1e-05,3e-05,0
14728,0.0,2e-05,1e-05,0.0001,3e-05,0.0,-1e-05,3e-05,0
14729,0.0,2e-05,1e-05,0.0001,3e-05,0.0,-1e-05,3e-05,0
14730,0.0,2e-05,1e-05,0.0001,3e-05,0.0,-1e-05,3e-05,0
14731,0.0,2e-05,1e-05,0.0001,3e-05,0.0,-1e-05,3e-05,0
14732,0.0,2e-05,1e-05,0.0001,3e-05,0.0,-1e-05,3e-05,0
14733,0.0,0.0,-2e-05,3e-05,2e-05,0.0,-1e-05,0.0,0
14734,-1e-05,-2e-05,-2e-05,-4e-05,-3e-05,-2e-05,0.0,-1e-05,0
14735,-1e-05,-2e-05,-2e-05,-4e-05,-3e-05,-2e-05,0.0,-1e-05,0
14736,-1e-05,-2e-05,-2e-05,-4e-05,-3e-05,-2e-05,0.0,-1e-05,0
14738,-1e-05,-2e-05,-2e-05,-4e-05,-3e-05,-2e-05,0.0,-1e-05,0
14739,-1e-05,-2e-05,-2e-05,-4e-05,-3e-05,-2e-05,0.0,-1e-05,0
14740,-1e-05,-2e-05,-2e-05,-4e-05,-3e-05,-2e-05,0.0,-1e-05,0
14741,-1e-05,-2e-05,-2e-05,-4e-05,-3e-05,-2e-05,0.0,-1e-05,0
14742,-1e-05,-2e-05,-2e-05,-4e-05,-3e-05,-2e-05,0.0,-1e-05,0
14743,-1e-05,-2e-05,-2e-05,-4e-05,-3e-05,-2e-05,0.0,-1e-05,0
14744,-1e-05,-2e-05,-2e-05,-4e-05,-3e-05,-2e-05,0.0,-1e-05,0
14745,-1e-05,-2e-05,-2e-05,-4e-05,-3e-05,-2e-05,0.0,-1e-05,0
14746,-1e-05,-2e-05,-2e-05,-4e-05,-3e-05,-2e-05,0.0,-1e-05,0
14747,0.0,-1e-05,0.0,1e-05,0.0,-2e-05,-2e-05,-2e-05,0
14748,0.0,-1e-05,0.0,1e-05,0.0,-2e-05,-2e-05,-2e-05,0
14749,0.0,-1e-05,0.0,1e-05,0.0,-2e-05,-2e-05,-2e-05,0
14750,0.0,-1e-05,0.0,1e-05,0.0,-2e-05,-2e-05,-2e-05,0
14751,0.0,-1e-05,0.0,1e-05,0.0,-2e-05,-2e-05,-2e-05,0
14752,0.0,-1e-05,0.0,1e-05,0.0,-2e-05,-2e-05,-2e-05,0
14753,0.0,-1e-05,0.0,1e-05,0.0,-2e-05,-2e-05,-2e-05,0
14754,0.0,0.0,1e-05,0.0,1e-05,-2e-05,0.0,-1e-05,0
14755,0.0,0.0,1e-05,0.0,1e-05,-2e-05,0.0,-1e-05,0
14756,0.0,0.0,1e-05,0.0,1e-05,-2e-05,0.0,-1e-05,0
14757,0.0,0.0,1e-05,0.0,1e-05,-2e-05,0.0,-1e-05,0
14758,0.0,0.0,1e-05,0.0,1e-05,-2e-05,0.0,-1e-05,0
14759,0.0,0.0,1e-05,0.0,1e-05,-2e-05,0.0,-1e-05,0
14760,0.0,0.0,1e-05,0.0,1e-05,-2e-05,0.0,-1e-05,0
14761,0.0,0.0,1e-05,0.0,1e-05,-2e-05,0.0,-1e-05,0
14762,0.0,0.0,1e-05,0.0,1e-05,-2e-05,0.0,-1e-05,0
14763,0.0,0.0,1e-05,0.0,1e-05,-2e-05,0.0,-1e-05,0
14764,0.0,0.0,1e-05,0.0,1e-05,-2e-05,0.0,-1e-05,0
14765,0.0,0.0,1e-05,0.0,1e-05,-2e-05,0.0,-1e-05,0
14766,0.0,0.0,1e-05,0.0,1e-05,-2e-05,0.0,-1e-05,0
14767,0.0,0.0,1e-05,0.0,1e-05,-2e-05,0.0,-1e-05,0
14768,0.0,0.0,1e-05,0.0,1e-05,-2e-05,0.0,-1e-05,0
14769,0.0,0.0,1e-05,0.0,1e-05,-2e-05,0.0,-1e-05,0
14770,0.0,-1e-05,2e-05,3e-05,1e-05,-3e-05,-1e-05,-1e-05,0
14771,0.0,-1e-05,2e-05,3e-05,1e-05,-3e-05,-1e-05,-1e-05,0
14772,1e-05,1e-05,3e-05,2e-05,-1e-05,0.0,-3e-05,0.0,0
14773,1e-05,1e-05,3e-05,2e-05,-1e-05,0.0,-3e-05,0.0,0
14774,1e-05,1e-05,3e-05,2e-05,-1e-05,0.0,-3e-05,0.0,0
14775,1e-05,1e-05,3e-05,2e-05,-1e-05,0.0,-3e-05,0.0,0
14776,1e-05,1e-05,3e-05,2e-05,-1e-05,0.0,-3e-05,0.0,0
14777,1e-05,1e-05,3e-05,2e-05,-1e-05,0.0,-3e-05,0.0,0
14778,1e-05,1e-05,3e-05,2e-05,-1e-05,0.0,-3e-05,0.0,0
14779,1e-05,1e-05,3e-05,2e-05,-1e-05,0.0,-3e-05,0.0,0
14780,1e-05,1e-05,3e-05,2e-05,-1e-05,0.0,-3e-05,0.0,0
14781,1e-05,1e-05,3e-05,2e-05,-1e-05,0.0,-3e-05,0.0,0
14782,1e-05,1e-05,3e-05,2e-05,-1e-05,0.0,-3e-05,0.0,0
14783,1e-05,1e-05,3e-05,2e-05,-1e-05,0.0,-3e-05,0.0,0
14784,1e-05,1e-05,3e-05,2e-05,-1e-05,0.0,-3e-05,0.0,0
14785,1e-05,1e-05,3e-05,2e-05,-1e-05,0.0,-3e-05,0.0,0
14786,1e-05,1e-05,3e-05,2e-05,-1e-05,0.0,-3e-05,0.0,0
14788,1e-05,1e-05,3e-05,2e-05,-1e-05,0.0,-3e-05,0.0,0
14789,1e-05,1e-05,3e-05,2e-05,-1e-05,0.0,-3e-05,0.0,0
14790,1e-05,1e-05,3e-05,2e-05,-1e-05,0.0,-3e-05,0.0,0
14791,1e-05,1e-05,3e-05,2e-05,-1e-05,0.0,-3e-05,0.0,0
14792,1e-05,1e-05,3e-05,2e-05,-1e-05,0.0,-3e-05,0.0,0
14793,-2e-05,-2e-05,-4e-05,-1e-05,-2e-05,-3e-05,0.0,1e-05,0
14794,1e-05,0.0,-4e-05,-9e-05,-3e-05,-2e-05,-2e-05,-2e-05,0
14795,1e-05,0.0,-4e-05,-9e-05,-3e-05,-2e-05,-2e-05,-2e-05,0
14796,1e-05,0.0,-4e-05,-9e-05,-3e-05,-2e-05,-2e-05,-2e-05,0
14797,1e-05,0.0,-4e-05,-9e-05,-3e-05,-2e-05,-2e-05,-2e-05,0
14798,1e-05,0.0,-4e-05,-9e-05,-3e-05,-2e-05,-2e-05,-2e-05,0
14799,1e-05,0.0,-4e-05,-9e-05,-3e-05,-2e-05,-2e-05,-2e-05,0
14800,1e-05,0.0,-4e-05,-9e-05,-3e-05,-2e-05,-2e-05,-2e-05,0
14801,1e-05,0.0,-4e-05,-9e-05,-3e-05,-2e-05,-2e-05,-2e-05,0
14802,1e-05,0.0,-4e-05,-9e-05,-3e-05,-2e-05,-2e-05,-2e-05,0
14803,1e-05,0.0,-4e-05,-9e-05,-3e-05,-2e-05,-2e-05,-2e-05,0
14804,1e-05,0.0,-4e-05,-9e-05,-3e-05,-2e-05,-2e-05,-2e-05,0
14805,1e-05,0.0,-4e-05,-9e-05,-3e-05,-2e-05,-2e-05,-2e-05,0
14806,1e-05,0.0,-4e-05,-9e-05,-3e-05,-2e-05,-2e-05,-2e-05,0
14807,-5e-05,-6e-05,-6e-05,3e-05,8e-05,-3e-05,-1e-05,-2e-05,0
14808,-2e-05,-3e-05,-3e-05,5e-05,-2e-05,-1e-05,0.0,-1e-05,0
14809,-1e-05,2e-05,4e-05,-1e-05,-5e-05,1e-05,-1e-05,-2e-05,0
14810,-1e-05,2e-05,4e-05,-1e-05,-5e-05,1e-05,-1e-05,-2e-05,0
14811,-1e-05,2e-05,4e-05,-1e-05,-5e-05,1e-05,-1e-05,-2e-05,0
14812,-1e-05,2e-05,4e-05,-1e-05,-5e-05,1e-05,-1e-05,-2e-05,0
14813,-1e-05,2e-05,4e-05,-1e-05,-5e-05,1e-05,-1e-05,-2e-05,0
14814,-1e-05,2e-05,4e-05,-1e-05,-5e-05,1e-05,-1e-05,-2e-05,0
14815,-1e-05,2e-05,4e-05,-1e-05,-5e-05,1e-05,-1e-05,-2e-05,0
14816,-1e-05,2e-05,4e-05,-1e-05,-5e-05,1e-05,-1e-05,-2e-05,0
14817,-1e-05,2e-05,4e-05,-1e-05,-5e-05,1e-05,-1e-05,-2e-05,0
14818,-1e-05,2e-05,4e-05,-1e-05,-5e-05,1e-05,-1e-05,-2e-05,0
14819,-1e-05,2e-05,4e-05,-1e-05,-5e-05,1e-05,-1e-05,-2e-05,0
14820,-1e-05,2e-05,4e-05,-1e-05,-5e-05,1e-05,-1e-05,-2e-05,0
14821,-1e-05,2e-05,4e-05,-1e-05,-5e-05,1e-05,-1e-05,-2e-05,0
14822,-1e-05,2e-05,4e-05,-1e-05,-5e-05,1e-05,-1e-05,-2e-05,0
14823,-1e-05,2e-05,4e-05,-1e-05,-5e-05,1e-05,-1e-05,-2e-05,0
14824,-1e-05,2e-05,4e-05,-1e-05,-5e-05,1e-05,-1e-05,-2e-05,0
14825,-1e-05,2e-05,4e-05,-1e-05,-5e-05,1e-05,-1e-05,-2e-05,0
14826,-1e-05,2e-05,4e-05,-1e-05,-5e-05,1e-05,-1e-05,-2e-05,0
14827,-1e-05,2e-05,4e-05,-1e-05,-5e-05,1e-05,-1e-05,-2e-05,0
14828,-1e-05,2e-05,4e-05,-1e-05,-5e-05,1e-05,-1e-05,-2e-05,0
14829,-1e-05,2e-05,4e-05,-1e-05,-5e-05,1e-05,-1e-05,-2e-05,0
14830,-1e-05,-2e-05,-2e-05,1e-05,-2e-05,-3e-05,-1e-05,-2e-05,0
14831,-1e-05,-2e-05,-2e-05,1e-05,-2e-05,-3e-05,-1e-05,-2e-05,0
14832,-2e-05,-2e-05,-5e-05,-6e-05,-2e-05,-1e-05,-2e-05,-2e-05,0
14833,-2e-05,-2e-05,-5e-05,-6e-05,-2e-05,-1e-05,-2e-05,-2e-05,0
14834,-2e-05,-2e-05,-5e-05,-6e-05,-2e-05,-1e-05,-2e-05,-2e-05,0
14835,-2e-05,-2e-05,-5e-05,-6e-05,-2e-05,-1e-05,-2e-05,-2e-05,0
14836,-2e-05,-2e-05,-5e-05,-6e-05,-2e-05,-1e-05,-2e-05,-2e-05,0
14838,-2e-05,-2e-05,-5e-05,-6e-05,-2e-05,-1e-05,-2e-05,-2e-05,0
14839,-2e-05,-2e-05,-5e-05,-6e-05,-2e-05,-1e-05,-2e-05,-2e-05,0
14840,-2e-05,-2e-05,-5e-05,-6e-05,-2e-05,-1e-05,-2e-05,-2e-05,0
14841,-2e-05,-2e-05,-5e-05,-6e-05,-2e-05,-1e-05,-2e-05,-2e-05,0
14842,-2e-05,-2e-05,-5e-05,-6e-05,-2e-05,-1e-05,-2e-05,-2e-05,0
14843,-2e-05,-2e-05,-5e-05,-6e-05,-2e-05,-1e-05,-2e-05,-2e-05,0
14844,-2e-05,-2e-05,-5e-05,-6e-05,-2e-05,-1e-05,-2e-05,-2e-05,0
14845,-2e-05,-2e-05,-5e-05,-6e-05,-2e-05,-1e-05,-2e-05,-2e-05,0
14846,-2e-05,-2e-05,-5e-05,-6e-05,-2e-05,-1e-05,-2e-05,-2e-05,0
14847,-2e-05,-2e-05,-5e-05,-6e-05,-2e-05,-1e-05,-2e-05,-2e-05,0
14848,-2e-05,-2e-05,-5e-05,-6e-05,-2e-05,-1e-05,-2e-05,-2e-05,0
14849,-2e-05,-2e-05,-5e-05,-6e-05,-2e-05,-1e-05,-2e-05,-2e-05,0
14850,-2e-05,-2e-05,-5e-05,-6e-05,-2e-05,-1e-05,-2e-05,-2e-05,0
14851,-2e-05,-2e-05,-5e-05,-6e-05,-2e-05,-1e-05,-2e-05,-2e-05,0
14852,-2e-05,-2e-05,-5e-05,-6e-05,-2e-05,-1e-05,-2e-05,-2e-05,0
14853,-2e-05,-2e-05,-5e-05,-6e-05,-2e-05,-1e-05,-2e-05,-2e-05,0
14854,-2e-05,-2e-05,-5e-05,-6e-05,-2e-05,-1e-05,-2e-05,-2e-05,0
14855,-2e-05,-2e-05,-5e-05,-6e-05,-2e-05,-1e-05,-2e-05,-2e-05,0
14856,-2e-05,-2e-05,-5e-05,-6e-05,-2e-05,-1e-05,-2e-05,-2e-05,0
14857,-2e-05,-2e-05,-5e-05,-6e-05,-2e-05,-1e-05,-2e-05,-2e-05,0
14858,-2e-05,-2e-05,-5e-05,-6e-05,-2e-05,-1e-05,-2e-05,-2e-05,0
14859,-2e-05,-2e-05,-5e-05,-6e-05,-2e-05,-1e-05,-2e-05,-2e-05,0
14860,0.0,1e-05,6e-05,0.00026,7e-05,-2e-05,0.0,0.0,0
14861,0.0,1e-05,6e-05,0.00026,7e-05,-2e-05,0.0,0.0,0
14862,-4e-05,-6e-05,-7e-05,-3e-05,-4e-05,-3e-05,-1e-05,-1e-05,0
14863,-4e-05,-6e-05,-7e-05,-3e-05,-4e-05,-3e-05,-1e-05,-1e-05,0
14864,-4e-05,-6e-05,-7e-05,-3e-05,-4e-05,-3e-05,-1e-05,-1e-05,0
14865,-4e-05,-6e-05,-7e-05,-3e-05,-4e-05,-3e-05,-1e-05,-1e-05,0
14866,-4e-05,-6e-05,-7e-05,-3e-05,-4e-05,-3e-05,-1e-05,-1e-05,0
14867,-4e-05,-6e-05,-7e-05,-3e-05,-4e-05,-3e-05,-1e-05,-1e-05,0
14868,2e-05,4e-05,0.0,-6e-05,-1e-05,0.0,0.0,-3e-05,0
14869,-5e-05,-6e-05,-7e-05,-5e-05,-3e-05,-1e-05,-3e-05,0.0,0
14870,-2e-05,-3e-05,-5e-05,1e-05,2e-05,0.0,0.0,-1e-05,0
14871,-2e-05,-3e-05,-5e-05,1e-05,2e-05,0.0,0.0,-1e-05,0
14872,-2e-05,-3e-05,-5e-05,1e-05,2e-05,0.0,0.0,-1e-05,0
14873,-2e-05,-3e-05,-5e-05,1e-05,2e-05,0.0,0.0,-1e-05,0
14874,-2e-05,-3e-05,-5e-05,1e-05,2e-05,0.0,0.0,-1e-05,0
14875,-2e-05,-3e-05,-5e-05,1e-05,2e-05,0.0,0.0,-1e-05,0
14876,-2e-05,-3e-05,-5e-05,1e-05,2e-05,0.0,0.0,-1e-05,0
14877,-2e-05,-3e-05,-5e-05,1e-05,2e-05,0.0,0.0,-1e-05,0
14878,-2e-05,-3e-05,-5e-05,1e-05,2e-05,0.0,0.0,-1e-05,0
14879,-2e-05,-3e-05,-5e-05,1e-05,2e-05,0.0,0.0,-1e-05,0
14880,-2e-05,-3e-05,-5e-05,1e-05,2e-05,0.0,0.0,-1e-05,0
14881,-2e-05,-3e-05,-5e-05,1e-05,2e-05,0.0,0.0,-1e-05,0
14882,-2e-05,-3e-05,-5e-05,1e-05,2e-05,0.0,0.0,-1e-05,0
14883,-2e-05,-3e-05,-5e-05,1e-05,2e-05,0.0,0.0,-1e-05,0
14884,-2e-05,-3e-05,-5e-05,1e-05,2e-05,0.0,0.0,-1e-05,0
14885,-2e-05,-3e-05,-5e-05,1e-05,2e-05,0.0,0.0,-1e-05,0
14886,-2e-05,-3e-05,-5e-05,1e-05,2e-05,0.0,0.0,-1e-05,0
14888,-2e-05,-3e-05,-5e-05,1e-05,2e-05,0.0,0.0,-1e-05,0
14889,-2e-05,-3e-05,-5e-05,1e-05,2e-05,0.0,0.0,-1e-05,0
14890,-2e-05,-3e-05,-5e-05,1e-05,2e-05,0.0,0.0,-1e-05,0
14891,-2e-05,-3e-05,-5e-05,1e-05,2e-05,0.0,0.0,-1e-05,0
14892,-2e-05,-3e-05,-5e-05,1e-05,2e-05,0.0,0.0,-1e-05,0
14893,-2e-05,-3e-05,-5e-05,1e-05,2e-05,0.0,0.0,-1e-05,0
14894,-2e-05,-3e-05,-5e-05,1e-05,2e-05,0.0,0.0,-1e-05,0
14895,-2e-05,-3e-05,-5e-05,1e-05,2e-05,0.0,0.0,-1e-05,0
14896,-2e-05,-3e-05,-5e-05,1e-05,2e-05,0.0,0.0,-1e-05,0
14897,-2e-05,-3e-05,-5e-05,1e-05,2e-05,0.0,0.0,-1e-05,0
14898,1e-05,1e-05,1e-05,-0.0001,-1e-05,-3e-05,-2e-05,-1e-05,0
14899,-2e-05,0.0,1e-05,3e-05,0.0,-2e-05,0.0,-1e-05,0
14900,-2e-05,0.0,1e-05,3e-05,0.0,-2e-05,0.0,-1e-05,0
14901,-2e-05,0.0,1e-05,3e-05,0.0,-2e-05,0.0,-1e-05,0
14902,-2e-05,0.0,1e-05,3e-05,0.0,-2e-05,0.0,-1e-05,0
14903,-2e-05,0.0,1e-05,3e-05,0.0,-2e-05,0.0,-1e-05,0
14904,-2e-05,0.0,1e-05,3e-05,0.0,-2e-05,0.0,-1e-05,0
14905,-2e-05,0.0,1e-05,3e-05,0.0,-2e-05,0.0,-1e-05,0
14906,-2e-05,0.0,1e-05,3e-05,0.0,-2e-05,0.0,-1e-05,0
14907,-2e-05,0.0,1e-05,3e-05,0.0,-2e-05,0.0,-1e-05,0
14908,-2e-05,0.0,1e-05,3e-05,0.0,-2e-05,0.0,-1e-05,0
14909,-2e-05,0.0,1e-05,3e-05,0.0,-2e-05,0.0,-1e-05,0
14910,-2e-05,0.0,1e-05,3e-05,0.0,-2e-05,0.0,-1e-05,0
14911,-2e-05,0.0,1e-05,3e-05,0.0,-2e-05,0.0,-1e-05,0
14912,-2e-05,0.0,1e-05,3e-05,0.0,-2e-05,0.0,-1e-05,0
14913,0.0,-1e-05,-3e-05,-5e-05,-2e-05,-1e-05,-1e-05,-1e-05,0
14914,-1e-05,1e-05,-2e-05,1e-05,-2e-05,0.0,0.0,-1e-05,0
14915,-1e-05,1e-05,-2e-05,1e-05,-2e-05,0.0,0.0,-1e-05,0
14916,-1e-05,1e-05,-2e-05,1e-05,-2e-05,0.0,0.0,-1e-05,0
14917,-1e-05,1e-05,-2e-05,1e-05,-2e-05,0.0,0.0,-1e-05,0
14918,-1e-05,1e-05,-2e-05,1e-05,-2e-05,0.0,0.0,-1e-05,0
14919,-1e-05,1e-05,-2e-05,1e-05,-2e-05,0.0,0.0,-1e-05,0
14920,-1e-05,1e-05,-2e-05,1e-05,-2e-05,0.0,0.0,-1e-05,0
14921,-1e-05,1e-05,-2e-05,1e-05,-2e-05,0.0,0.0,-1e-05,0
14922,-1e-05,1e-05,-2e-05,1e-05,-2e-05,0.0,0.0,-1e-05,0
14923,-1e-05,1e-05,-2e-05,1e-05,-2e-05,0.0,0.0,-1e-05,0
14924,-1e-05,1e-05,-2e-05,1e-05,-2e-05,0.0,0.0,-1e-05,0
14925,-1e-05,1e-05,-2e-05,1e-05,-2e-05,0.0,0.0,-1e-05,0
14926,-1e-05,1e-05,-2e-05,1e-05,-2e-05,0.0,0.0,-1e-05,0
14927,-4e-05,-6e-05,-7e-05,-5e-05,-2e-05,0.0,0.0,1e-05,0
14928,-4e-05,-6e-05,-7e-05,-5e-05,-2e-05,0.0,0.0,1e-05,0
14929,-4e-05,-6e-05,-7e-05,-5e-05,-2e-05,0.0,0.0,1e-05,0
14930,-4e-05,-6e-05,-7e-05,-5e-05,-2e-05,0.0,0.0,1e-05,0
14931,-4e-05,-6e-05,-7e-05,-5e-05,-2e-05,0.0,0.0,1e-05,0
14932,-4e-05,-6e-05,-7e-05,-5e-05,-2e-05,0.0,0.0,1e-05,0
14933,-4e-05,-6e-05,-7e-05,-5e-05,-2e-05,0.0,0.0,1e-05,0
14934,-1e-05,0.0,2e-05,1e-05,-1e-05,1e-05,0.0,-1e-05,0
14935,-1e-05,0.0,2e-05,1e-05,-1e-05,1e-05,0.0,-1e-05,0
14936,-1e-05,0.0,2e-05,1e-05,-1e-05,1e-05,0.0,-1e-05,0
14938,-1e-05,0.0,2e-05,1e-05,-1e-05,1e-05,0.0,-1e-05,0
14939,-1e-05,0.0,2e-05,1e-05,-1e-05,1e-05,0.0,-1e-05,0
14940,-1e-05,0.0,2e-05,1e-05,-1e-05,1e-05,0.0,-1e-05,0
14941,-1e-05,0.0,2e-05,1e-05,-1e-05,1e-05,0.0,-1e-05,0
14942,-1e-05,0.0,2e-05,1e-05,-1e-05,1e-05,0.0,-1e-05,0
14943,-1e-05,0.0,2e-05,1e-05,-1e-05,1e-05,0.0,-1e-05,0
14944,-1e-05,0.0,2e-05,1e-05,-1e-05,1e-05,0.0,-1e-05,0
14945,-1e-05,0.0,2e-05,1e-05,-1e-05,1e-05,0.0,-1e-05,0
14946,-1e-05,0.0,2e-05,1e-05,-1e-05,1e-05,0.0,-1e-05,0
14947,-1e-05,0.0,2e-05,1e-05,-1e-05,1e-05,0.0,-1e-05,0
14948,-1e-05,0.0,2e-05,1e-05,-1e-05,1e-05,0.0,-1e-05,0
14949,-1e-05,0.0,2e-05,1e-05,-1e-05,1e-05,0.0,-1e-05,0
14950,-1e-05,0.0,-2e-05,-5e-05,-2e-05,-3e-05,-3e-05,0.0,0
14951,-1e-05,0.0,-2e-05,-5e-05,-2e-05,-3e-05,-3e-05,0.0,0
14952,1e-05,-1e-05,3e-05,1e-05,1e-05,0.0,-1e-05,-2e-05,0
14953,1e-05,-1e-05,3e-05,1e-05,1e-05,0.0,-1e-05,-2e-05,0
14954,1e-05,-1e-05,3e-05,1e-05,1e-05,0.0,-1e-05,-2e-05,0
14955,1e-05,-1e-05,3e-05,1e-05,1e-05,0.0,-1e-05,-2e-05,0
14956,1e-05,-1e-05,3e-05,1e-05,1e-05,0.0,-1e-05,-2e-05,0
14957,1e-05,-1e-05,3e-05,1e-05,1e-05,0.0,-1e-05,-2e-05,0
14958,1e-05,-1e-05,3e-05,1e-05,1e-05,0.0,-1e-05,-2e-05,0
14959,1e-05,-1e-05,3e-05,1e-05,1e-05,0.0,-1e-05,-2e-05,0
14960,1e-05,-1e-05,3e-05,1e-05,1e-05,0.0,-1e-05,-2e-05,0
14961,1e-05,-1e-05,3e-05,1e-05,1e-05,0.0,-1e-05,-2e-05,0
14962,1e-05,-1e-05,3e-05,1e-05,1e-05,0.0,-1e-05,-2e-05,0
14963,1e-05,-1e-05,3e-05,1e-05,1e-05,0.0,-1e-05,-2e-05,0
14964,1e-05,-1e-05,3e-05,1e-05,1e-05,0.0,-1e-05,-2e-05,0
14965,1e-05,-1e-05,3e-05,1e-05,1e-05,0.0,-1e-05,-2e-05,0
14966,1e-05,-1e-05,3e-05,1e-05,1e-05,0.0,-1e-05,-2e-05,0
14967,1e-05,-1e-05,3e-05,1e-05,1e-05,0.0,-1e-05,-2e-05,0
14968,1e-05,-1e-05,3e-05,1e-05,1e-05,0.0,-1e-05,-2e-05,0
14969,1e-05,-1e-05,3e-05,1e-05,1e-05,0.0,-1e-05,-2e-05,0
14970,1e-05,-1e-05,3e-05,1e-05,1e-05,0.0,-1e-05,-2e-05,0
14971,1e-05,-1e-05,3e-05,1e-05,1e-05,0.0,-1e-05,-2e-05,0
14972,1e-05,-1e-05,3e-05,1e-05,1e-05,0.0,-1e-05,-2e-05,0
14973,1e-05,-1e-05,3e-05,1e-05,1e-05,0.0,-1e-05,-2e-05,0
14974,1e-05,-1e-05,3e-05,1e-05,1e-05,0.0,-1e-05,-2e-05,0
14975,1e-05,-1e-05,3e-05,1e-05,1e-05,0.0,-1e-05,-2e-05,0
14976,1e-05,-1e-05,3e-05,1e-05,1e-05,0.0,-1e-05,-2e-05,0
14977,1e-05,-1e-05,3e-05,1e-05,1e-05,0.0,-1e-05,-2e-05,0
14978,1e-05,-1e-05,3e-05,1e-05,1e-05,0.0,-1e-05,-2e-05,0
14979,1e-05,-1e-05,3e-05,1e-05,1e-05,0.0,-1e-05,-2e-05,0
14980,1e-05,2e-05,3e-05,-5e-05,-3e-05,-1e-05,-2e-05,0.0,0
14981,1e-05,2e-05,3e-05,-5e-05,-3e-05,-1e-05,-2e-05,0.0,0
14982,-3e-05,-6e-05,-7e-05,-4e-05,-3e-05,-1e-05,0.0,-3e-05,0
14983,-3e-05,-6e-05,-7e-05,-4e-05,-3e-05,-1e-05,0.0,-3e-05,0
14984,-3e-05,-6e-05,-7e-05,-4e-05,-3e-05,-1e-05,0.0,-3e-05,0
14985,-3e-05,-6e-05,-7e-05,-4e-05,-3e-05,-1e-05,0.0,-3e-05,0
14986,-3e-05,-6e-05,-7e-05,-4e-05,-3e-05,-1e-05,0.0,-3e-05,0
14988,0.0,0.0,1e-05,0.0,4e-05,0.0,0.0,-2e-05,0
14989,0.0,0.0,1e-05,0.0,4e-05,0.0,0.0,-2e-05,0
14990,0.0,0.0,1e-05,0.0,4e-05,0.0,0.0,-2e-05,0
14991,0.0,0.0,1e-05,0.0,4e-05,0.0,0.0,-2e-05,0
14992,0.0,0.0,1e-05,0.0,4e-05,0.0,0.0,-2e-05,0
14993,0.0,0.0,1e-05,0.0,4e-05,0.0,0.0,-2e-05,0
14994,0.0,0.0,1e-05,0.0,4e-05,0.0,0.0,-2e-05,0
14995,0.0,0.0,1e-05,0.0,4e-05,0.0,0.0,-2e-05,0
14996,0.0,0.0,1e-05,0.0,4e-05,0.0,0.0,-2e-05,0
14997,0.0,0.0,1e-05,0.0,4e-05,0.0,0.0,-2e-05,0
14998,0.0,0.0,1e-05,0.0,4e-05,0.0,0.0,-2e-05,0
14999,0.0,0.0,1e-05,0.0,4e-05,0.0,0.0,-2e-05,0
15000,0.0,0.0,1e-05,0.0,4e-05,0.0,0.0,-2e-05,0
15001,1e-05,2e-05,4e-05,-2e-05,-1e-05,-1e-05,-1e-05,0.0,0
15002,1e-05,2e-05,4e-05,-2e-05,-1e-05,-1e-05,-1e-05,0.0,0
15003,1e-05,2e-05,4e-05,-2e-05,-1e-05,-1e-05,-1e-05,0.0,0
15004,1e-05,2e-05,4e-05,-2e-05,-1e-05,-1e-05,-1e-05,0.0,0
15005,1e-05,2e-05,4e-05,-2e-05,-1e-05,-1e-05,-1e-05,0.0,0
15006,1e-05,2e-05,4e-05,-2e-05,-1e-05,-1e-05,-1e-05,0.0,0
15007,1e-05,2e-05,4e-05,-2e-05,-1e-05,-1e-05,-1e-05,0.0,0
15008,1e-05,2e-05,4e-05,-2e-05,-1e-05,-1e-05,-1e-05,0.0,0
15009,1e-05,2e-05,4e-05,-2e-05,-1e-05,-1e-05,-1e-05,0.0,0
15010,1e-05,2e-05,4e-05,-2e-05,-1e-05,-1e-05,-1e-05,0.0,0
15011,1e-05,2e-05,4e-05,-2e-05,-1e-05,-1e-05,-1e-05,0.0,0
15012,1e-05,2e-05,4e-05,-2e-05,-1e-05,-1e-05,-1e-05,0.0,0
15013,1e-05,2e-05,4e-05,-2e-05,-1e-05,-1e-05,-1e-05,0.0,0
15014,1e-05,2e-05,4e-05,-2e-05,-1e-05,-1e-05,-1e-05,0.0,0
15015,1e-05,2e-05,4e-05,-2e-05,-1e-05,-1e-05,-1e-05,0.0,0
15016,1e-05,2e-05,4e-05,-2e-05,-1e-05,-1e-05,-1e-05,0.0,0
15017,1e-05,2e-05,4e-05,-2e-05,-1e-05,-1e-05,-1e-05,0.0,0
15018,-4e-05,-5e-05,-6e-05,-4e-05,-1e-05,-2e-05,-1e-05,0.0,0
15019,1e-05,0.0,2e-05,0.0,-2e-05,-1e-05,-1e-05,1e-05,0
15020,1e-05,0.0,2e-05,0.0,-2e-05,-1e-05,-1e-05,1e-05,0
15021,1e-05,0.0,2e-05,0.0,-2e-05,-1e-05,-1e-05,1e-05,0
15022,1e-05,0.0,2e-05,0.0,-2e-05,-1e-05,-1e-05,1e-05,0
15023,1e-05,0.0,2e-05,0.0,-2e-05,-1e-05,-1e-05,1e-05,0
15024,1e-05,0.0,2e-05,0.0,-2e-05,-1e-05,-1e-05,1e-05,0
15025,1e-05,0.0,2e-05,0.0,-2e-05,-1e-05,-1e-05,1e-05,0
15026,1e-05,0.0,2e-05,0.0,-2e-05,-1e-05,-1e-05,1e-05,0
15027,1e-05,0.0,2e-05,0.0,-2e-05,-1e-05,-1e-05,1e-05,0
15028,1e-05,0.0,2e-05,0.0,-2e-05,-1e-05,-1e-05,1e-05,0
15029,1e-05,0.0,2e-05,0.0,-2e-05,-1e-05,-1e-05,1e-05,0
15030,1e-05,0.0,2e-05,0.0,-2e-05,-1e-05,-1e-05,1e-05,0
15031,1e-05,0.0,2e-05,0.0,-2e-05,-1e-05,-1e-05,1e-05,0
15033,1e-05,0.0,2e-05,0.0,-2e-05,-1e-05,-1e-05,1e-05,0
15034,1e-05,0.0,2e-05,0.0,-2e-05,-1e-05,-1e-05,1e-05,0
15035,1e-05,0.0,2e-05,0.0,-2e-05,-1e-05,-1e-05,1e-05,0
15036,1e-05,0.0,2e-05,0.0,-2e-05,-1e-05,-1e-05,1e-05,0
15038,1e-05,0.0,2e-05,0.0,-2e-05,-1e-05,-1e-05,1e-05,0
15039,1e-05,0.0,2e-05,0.0,-2e-05,-1e-05,-1e-05,1e-05,0
15040,1e-05,0.0,2e-05,0.0,-2e-05,-1e-05,-1e-05,1e-05,0
15041,1e-05,0.0,2e-05,0.0,-2e-05,-1e-05,-1e-05,1e-05,0
15042,1e-05,0.0,2e-05,0.0,-2e-05,-1e-05,-1e-05,1e-05,0
15043,1e-05,0.0,2e-05,0.0,-2e-05,-1e-05,-1e-05,1e-05,0
15044,1e-05,0.0,2e-05,0.0,-2e-05,-1e-05,-1e-05,1e-05,0
15045,1e-05,0.0,2e-05,0.0,-2e-05,-1e-05,-1e-05,1e-05,0
15046,1e-05,0.0,2e-05,0.0,-2e-05,-1e-05,-1e-05,1e-05,0
15047,1e-05,0.0,2e-05,0.0,-2e-05,-1e-05,-1e-05,1e-05,0
15048,1e-05,0.0,2e-05,0.0,-2e-05,-1e-05,-1e-05,1e-05,0
15049,0.0,0.0,-1e-05,0.0,-1e-05,0.0,-1e-05,-2e-05,0
15050,-2e-05,-4e-05,-3e-05,-1e-05,-1e-05,-1e-05,0.0,-1e-05,0
15051,-1e-05,0.0,-1e-05,-2e-05,-3e-05,-2e-05,0.0,-2e-05,0
15052,-1e-05,0.0,-1e-05,-2e-05,-3e-05,-2e-05,0.0,-2e-05,0
15053,-1e-05,0.0,-1e-05,-2e-05,-3e-05,-2e-05,0.0,-2e-05,0
15054,-1e-05,0.0,-1e-05,-2e-05,-3e-05,-2e-05,0.0,-2e-05,0
15055,-1e-05,-1e-05,1e-05,-8e-05,-1e-05,-2e-05,0.0,-2e-05,0
15056,-1e-05,-1e-05,1e-05,-8e-05,-1e-05,-2e-05,0.0,-2e-05,0
15057,-1e-05,-1e-05,1e-05,-8e-05,-1e-05,-2e-05,0.0,-2e-05,0
15058,-1e-05,-1e-05,1e-05,-8e-05,-1e-05,-2e-05,0.0,-2e-05,0
15059,-1e-05,-1e-05,1e-05,-8e-05,-1e-05,-2e-05,0.0,-2e-05,0
15060,-1e-05,-1e-05,1e-05,-8e-05,-1e-05,-2e-05,0.0,-2e-05,0
15061,-1e-05,-1e-05,1e-05,-8e-05,-1e-05,-2e-05,0.0,-2e-05,0
15062,-1e-05,-1e-05,1e-05,-8e-05,-1e-05,-2e-05,0.0,-2e-05,0
15063,-1e-05,-1e-05,1e-05,-8e-05,-1e-05,-2e-05,0.0,-2e-05,0
15064,-1e-05,-1e-05,1e-05,-8e-05,-1e-05,-2e-05,0.0,-2e-05,0
15065,-1e-05,-1e-05,1e-05,-8e-05,-1e-05,-2e-05,0.0,-2e-05,0
15066,-1e-05,-1e-05,1e-05,-8e-05,-1e-05,-2e-05,0.0,-2e-05,0
15067,-1e-05,-1e-05,1e-05,-8e-05,-1e-05,-2e-05,0.0,-2e-05,0
15068,-1e-05,-1e-05,1e-05,-8e-05,-1e-05,-2e-05,0.0,-2e-05,0
15069,-1e-05,-1e-05,1e-05,-8e-05,-1e-05,-2e-05,0.0,-2e-05,0
15070,-1e-05,3e-05,2e-05,0.0,-2e-05,-1e-05,-2e-05,-3e-05,0
15071,-1e-05,3e-05,2e-05,0.0,-2e-05,-1e-05,-2e-05,-3e-05,0
15072,-3e-05,-3e-05,-5e-05,-3e-05,-5e-05,-3e-05,1e-05,1e-05,0
15073,-3e-05,-3e-05,-5e-05,-3e-05,-5e-05,-3e-05,1e-05,1e-05,0
15074,-3e-05,-3e-05,-5e-05,-3e-05,-5e-05,-3e-05,1e-05,1e-05,0
15075,-3e-05,-3e-05,-5e-05,-3e-05,-5e-05,-3e-05,1e-05,1e-05,0
15076,-3e-05,-3e-05,-5e-05,-3e-05,-5e-05,-3e-05,1e-05,1e-05,0
15077,-3e-05,-3e-05,-5e-05,-3e-05,-5e-05,-3e-05,1e-05,1e-05,0
15078,-3e-05,-3e-05,-5e-05,-3e-05,-5e-05,-3e-05,1e-05,1e-05,0
15079,-3e-05,-3e-05,-5e-05,-3e-05,-5e-05,-3e-05,1e-05,1e-05,0
15080,-3e-05,-3e-05,-5e-05,-3e-05,-5e-05,-3e-05,1e-05,1e-05,0
15081,-3e-05,-3e-05,-5e-05,-3e-05,-5e-05,-3e-05,1e-05,1e-05,0
15082,-3e-05,-3e-05,-5e-05,-3e-05,-5e-05,-3e-05,1e-05,1e-05,0
15083,-3e-05,-3e-05,-5e-05,-3e-05,-5e-05,-3e-05,1e-05,1e-05,0
15084,-3e-05,-3e-05,-5e-05,-3e-05,-5e-05,-3e-05,1e-05,1e-05,0
15085,-3e-05,-3e-05,-5e-05,-3e-05,-5e-05,-3e-05,1e-05,1e-05,0
15086,-3e-05,-3e-05,-5e-05,-3e-05,-5e-05,-3e-05,1e-05,1e-05,0
15088,-3e-05,-3e-05,-5e-05,-3e-05,-5e-05,-3e-05,1e-05,1e-05,0
15089,-3e-05,-3e-05,-5e-05,-3e-05,-5e-05,-3e-05,1e-05,1e-05,0
15090,-3e-05,-3e-05,-5e-05,-3e-05,-5e-05,-3e-05,1e-05,1e-05,0
15091,-3e-05,-3e-05,-5e-05,-3e-05,-5e-05,-3e-05,1e-05,1e-05,0
15092,-3e-05,-3e-05,-5e-05,-3e-05,-5e-05,-3e-05,1e-05,1e-05,0
15093,0.0,-1e-05,-1e-05,-7e-05,-2e-05,-1e-05,0.0,0.0,0
15094,0.0,-1e-05,-1e-05,-7e-05,-2e-05,-1e-05,0.0,0.0,0
15095,0.0,-1e-05,-1e-05,-7e-05,-2e-05,-1e-05,0.0,0.0,0
15096,0.0,-1e-05,-1e-05,-7e-05,-2e-05,-1e-05,0.0,0.0,0
15097,0.0,-1e-05,-1e-05,-7e-05,-2e-05,-1e-05,0.0,0.0,0
15098,0.0,-1e-05,-1e-05,-7e-05,-2e-05,-1e-05,0.0,0.0,0
15099,1e-05,4e-05,5e-05,6e-05,2e-05,-4e-05,0.0,-3e-05,0
15100,1e-05,4e-05,5e-05,6e-05,2e-05,-4e-05,0.0,-3e-05,0
15101,1e-05,4e-05,5e-05,6e-05,2e-05,-4e-05,0.0,-3e-05,0
15102,1e-05,4e-05,5e-05,6e-05,2e-05,-4e-05,0.0,-3e-05,0
15103,1e-05,4e-05,5e-05,6e-05,2e-05,-4e-05,0.0,-3e-05,0
15104,1e-05,4e-05,5e-05,6e-05,2e-05,-4e-05,0.0,-3e-05,0
15105,1e-05,4e-05,5e-05,6e-05,2e-05,-4e-05,0.0,-3e-05,0
15106,1e-05,4e-05,5e-05,6e-05,2e-05,-4e-05,0.0,-3e-05,0
15107,1e-05,4e-05,5e-05,6e-05,2e-05,-4e-05,0.0,-3e-05,0
15108,-1e-05,-2e-05,0.0,1e-05,-3e-05,1e-05,0.0,2e-05,0
15109,-1e-05,-2e-05,0.0,1e-05,-3e-05,1e-05,0.0,2e-05,0
15110,-1e-05,-2e-05,0.0,1e-05,-3e-05,1e-05,0.0,2e-05,0
15111,-1e-05,-2e-05,0.0,1e-05,-3e-05,1e-05,0.0,2e-05,0
15112,-1e-05,-2e-05,0.0,1e-05,-3e-05,1e-05,0.0,2e-05,0
15113,-1e-05,-2e-05,0.0,1e-05,-3e-05,1e-05,0.0,2e-05,0
15114,-1e-05,-2e-05,0.0,1e-05,-3e-05,1e-05,0.0,2e-05,0
15115,-1e-05,-2e-05,0.0,1e-05,-3e-05,1e-05,0.0,2e-05,0
15116,-1e-05,-2e-05,0.0,1e-05,-3e-05,1e-05,0.0,2e-05,0
15117,-1e-05,-2e-05,0.0,1e-05,-3e-05,1e-05,0.0,2e-05,0
15118,-1e-05,-2e-05,0.0,1e-05,-3e-05,1e-05,0.0,2e-05,0
15119,-1e-05,-2e-05,0.0,1e-05,-3e-05,1e-05,0.0,2e-05,0
15120,-1e-05,-2e-05,0.0,1e-05,-3e-05,1e-05,0.0,2e-05,0
15121,0.0,1e-05,3e-05,9e-05,3e-05,-3e-05,-3e-05,-1e-05,0
15122,0.0,1e-05,3e-05,9e-05,3e-05,-3e-05,-3e-05,-1e-05,0
15123,0.0,1e-05,3e-05,9e-05,3e-05,-3e-05,-3e-05,-1e-05,0
15124,0.0,1e-05,3e-05,9e-05,3e-05,-3e-05,-3e-05,-1e-05,0
15125,0.0,1e-05,3e-05,9e-05,3e-05,-3e-05,-3e-05,-1e-05,0
15126,0.0,1e-05,3e-05,9e-05,3e-05,-3e-05,-3e-05,-1e-05,0
15127,0.0,1e-05,3e-05,9e-05,3e-05,-3e-05,-3e-05,-1e-05,0
15128,0.0,1e-05,3e-05,9e-05,3e-05,-3e-05,-3e-05,-1e-05,0
15129,0.0,1e-05,3e-05,9e-05,3e-05,-3e-05,-3e-05,-1e-05,0
15130,0.0,1e-05,3e-05,9e-05,3e-05,-3e-05,-3e-05,-1e-05,0
15131,0.0,1e-05,3e-05,9e-05,3e-05,-3e-05,-3e-05,-1e-05,0
15132,0.0,1e-05,3e-05,9e-05,3e-05,-3e-05,-3e-05,-1e-05,0
15133,0.0,1e-05,3e-05,9e-05,3e-05,-3e-05,-3e-05,-1e-05,0
15134,0.0,1e-05,3e-05,9e-05,3e-05,-3e-05,-3e-05,-1e-05,0
15135,0.0,1e-05,3e-05,9e-05,3e-05,-3e-05,-3e-05,-1e-05,0
15136,0.0,1e-05,3e-05,9e-05,3e-05,-3e-05,-3e-05,-1e-05,0
15139,1e-05,-3e-05,-4e-05,3e-05,-3e-05,-2e-05,-1e-05,0.0,0
15140,1e-05,-3e-05,-4e-05,3e-05,-3e-05,-2e-05,-1e-05,0.0,0
15141,1e-05,-3e-05,-4e-05,3e-05,-3e-05,-2e-05,-1e-05,0.0,0
15142,1e-05,-3e-05,-4e-05,3e-05,-3e-05,-2e-05,-1e-05,0.0,0
15143,1e-05,-3e-05,-4e-05,3e-05,-3e-05,-2e-05,-1e-05,0.0,0
15144,1e-05,-3e-05,-4e-05,3e-05,-3e-05,-2e-05,-1e-05,0.0,0
15145,1e-05,-3e-05,-4e-05,3e-05,-3e-05,-2e-05,-1e-05,0.0,0
15146,1e-05,-3e-05,-4e-05,3e-05,-3e-05,-2e-05,-1e-05,0.0,0
15148,1e-05,-3e-05,-4e-05,3e-05,-3e-05,-2e-05,-1e-05,0.0,0
15149,1e-05,-3e-05,-4e-05,3e-05,-3e-05,-2e-05,-1e-05,0.0,0
15150,1e-05,-3e-05,-4e-05,3e-05,-3e-05,-2e-05,-1e-05,0.0,0
15151,1e-05,-3e-05,-4e-05,3e-05,-3e-05,-2e-05,-1e-05,0.0,0
15152,1e-05,-3e-05,-4e-05,3e-05,-3e-05,-2e-05,-1e-05,0.0,0
15153,1e-05,-3e-05,-4e-05,3e-05,-3e-05,-2e-05,-1e-05,0.0,0
15154,-1e-05,-1e-05,1e-05,-1e-05,-1e-05,-1e-05,-2e-05,0.0,0
15155,-1e-05,-1e-05,1e-05,-1e-05,-1e-05,-1e-05,-2e-05,0.0,0
15156,-1e-05,-1e-05,1e-05,-1e-05,-1e-05,-1e-05,-2e-05,0.0,0
15157,-1e-05,-1e-05,1e-05,-1e-05,-1e-05,-1e-05,-2e-05,0.0,0
15158,-1e-05,-1e-05,1e-05,-1e-05,-1e-05,-1e-05,-2e-05,0.0,0
15159,-1e-05,-3e-05,-6e-05,-7e-05,0.0,-4e-05,-1e-05,-2e-05,0
15160,-1e-05,-3e-05,-6e-05,-7e-05,0.0,-4e-05,-1e-05,-2e-05,0
15161,-1e-05,-3e-05,-6e-05,-7e-05,0.0,-4e-05,-1e-05,-2e-05,0
15162,-1e-05,-3e-05,-6e-05,-7e-05,0.0,-4e-05,-1e-05,-2e-05,0
15163,-1e-05,-3e-05,-6e-05,-7e-05,0.0,-4e-05,-1e-05,-2e-05,0
15164,-1e-05,-3e-05,-6e-05,-7e-05,0.0,-4e-05,-1e-05,-2e-05,0
15165,-1e-05,-3e-05,-6e-05,-7e-05,0.0,-4e-05,-1e-05,-2e-05,0
15166,-1e-05,-3e-05,-6e-05,-7e-05,0.0,-4e-05,-1e-05,-2e-05,0
15167,-1e-05,-5e-05,-6e-05,-1e-05,-1e-05,-2e-05,-1e-05,-2e-05,0
15168,-1e-05,-5e-05,-6e-05,-1e-05,-1e-05,-2e-05,-1e-05,-2e-05,0
15169,-1e-05,-5e-05,-6e-05,-1e-05,-1e-05,-2e-05,-1e-05,-2e-05,0
15170,-1e-05,-5e-05,-6e-05,-1e-05,-1e-05,-2e-05,-1e-05,-2e-05,0
15171,-1e-05,-5e-05,-6e-05,-1e-05,-1e-05,-2e-05,-1e-05,-2e-05,0
15172,-1e-05,-5e-05,-6e-05,-1e-05,-1e-05,-2e-05,-1e-05,-2e-05,0
15173,-1e-05,-5e-05,-6e-05,-1e-05,-1e-05,-2e-05,-1e-05,-2e-05,0
15174,-1e-05,-5e-05,-6e-05,-1e-05,-1e-05,-2e-05,-1e-05,-2e-05,0
15175,0.0,1e-05,-1e-05,2e-05,-1e-05,-1e-05,0.0,-1e-05,0
15176,0.0,1e-05,-1e-05,2e-05,-1e-05,-1e-05,0.0,-1e-05,0
15177,0.0,1e-05,-1e-05,2e-05,-1e-05,-1e-05,0.0,-1e-05,0
15178,0.0,1e-05,-1e-05,2e-05,-1e-05,-1e-05,0.0,-1e-05,0
15179,0.0,1e-05,-1e-05,2e-05,-1e-05,-1e-05,0.0,-1e-05,0
15180,0.0,1e-05,-1e-05,2e-05,-1e-05,-1e-05,0.0,-1e-05,0
15181,0.0,1e-05,-1e-05,2e-05,-1e-05,-1e-05,0.0,-1e-05,0
15182,0.0,1e-05,-1e-05,2e-05,-1e-05,-1e-05,0.0,-1e-05,0
15183,0.0,1e-05,-1e-05,2e-05,-1e-05,-1e-05,0.0,-1e-05,0
15184,0.0,1e-05,-1e-05,2e-05,-1e-05,-1e-05,0.0,-1e-05,0
15185,0.0,1e-05,-1e-05,2e-05,-1e-05,-1e-05,0.0,-1e-05,0
15186,0.0,1e-05,-1e-05,2e-05,-1e-05,-1e-05,0.0,-1e-05,0
15188,0.0,1e-05,-1e-05,2e-05,-1e-05,-1e-05,0.0,-1e-05,0
15189,0.0,1e-05,-1e-05,2e-05,-1e-05,-1e-05,0.0,-1e-05,0
15190,-3e-05,-4e-05,-1e-05,-1e-05,-1e-05,0.0,-1e-05,3e-05,0
15191,-3e-05,-4e-05,-1e-05,-1e-05,-1e-05,0.0,-1e-05,3e-05,0
15192,0.0,-2e-05,-1e-05,-3e-05,-3e-05,-2e-05,0.0,-2e-05,0
15193,0.0,-2e-05,-1e-05,-3e-05,-3e-05,-2e-05,0.0,-2e-05,0
15194,0.0,-2e-05,-1e-05,-3e-05,-3e-05,-2e-05,0.0,-2e-05,0
15195,0.0,-2e-05,-1e-05,-3e-05,-3e-05,-2e-05,0.0,-2e-05,0
15196,0.0,-2e-05,-1e-05,-3e-05,-3e-05,-2e-05,0.0,-2e-05,0
15197,0.0,-2e-05,-1e-05,-3e-05,-3e-05,-2e-05,0.0,-2e-05,0
15198,0.0,-2e-05,-1e-05,-3e-05,-3e-05,-2e-05,0.0,-2e-05,0
15199,0.0,-2e-05,-1e-05,-3e-05,-3e-05,-2e-05,0.0,-2e-05,0
15200,0.0,-2e-05,-1e-05,-3e-05,-3e-05,-2e-05,0.0,-2e-05,0
15201,0.0,-2e-05,-1e-05,-3e-05,-3e-05,-2e-05,0.0,-2e-05,0
15202,0.0,-2e-05,-1e-05,-3e-05,-3e-05,-2e-05,0.0,-2e-05,0
15203,0.0,-2e-05,-1e-05,-3e-05,-3e-05,-2e-05,0.0,-2e-05,0
15204,0.0,-2e-05,-1e-05,-3e-05,-3e-05,-2e-05,0.0,-2e-05,0
15205,0.0,-2e-05,-1e-05,-3e-05,-3e-05,-2e-05,0.0,-2e-05,0
15206,0.0,-2e-05,-1e-05,-3e-05,-3e-05,-2e-05,0.0,-2e-05,0
15207,0.0,-2e-05,-1e-05,-3e-05,-3e-05,-2e-05,0.0,-2e-05,0
15208,0.0,-2e-05,-1e-05,-3e-05,-3e-05,-2e-05,0.0,-2e-05,0
15209,0.0,-2e-05,-1e-05,-3e-05,-3e-05,-2e-05,0.0,-2e-05,0
15210,0.0,-2e-05,-1e-05,-3e-05,-3e-05,-2e-05,0.0,-2e-05,0
15211,0.0,-2e-05,-1e-05,-3e-05,-3e-05,-2e-05,0.0,-2e-05,0
15212,0.0,0.0,1e-05,0.00027,5e-05,-1e-05,-1e-05,0.0,0
15213,-1e-05,1e-05,-2e-05,-3e-05,-1e-05,-1e-05,-1e-05,-1e-05,0
15214,-1e-05,0.0,0.0,-8e-05,-4e-05,-2e-05,0.0,1e-05,0
15215,-1e-05,0.0,0.0,-8e-05,-4e-05,-2e-05,0.0,1e-05,0
15216,-1e-05,0.0,0.0,-8e-05,-4e-05,-2e-05,0.0,1e-05,0
15217,-1e-05,0.0,0.0,-8e-05,-4e-05,-2e-05,0.0,1e-05,0
15218,-1e-05,0.0,0.0,-8e-05,-4e-05,-2e-05,0.0,1e-05,0
15219,-1e-05,0.0,0.0,-8e-05,-4e-05,-2e-05,0.0,1e-05,0
15220,-1e-05,0.0,0.0,-8e-05,-4e-05,-2e-05,0.0,1e-05,0
15221,-1e-05,0.0,0.0,-8e-05,-4e-05,-2e-05,0.0,1e-05,0
15222,-1e-05,0.0,0.0,-8e-05,-4e-05,-2e-05,0.0,1e-05,0
15223,-1e-05,0.0,0.0,-8e-05,-4e-05,-2e-05,0.0,1e-05,0
15224,-1e-05,0.0,0.0,-8e-05,-4e-05,-2e-05,0.0,1e-05,0
15225,-1e-05,0.0,0.0,-8e-05,-4e-05,-2e-05,0.0,1e-05,0
15226,-2e-05,-6e-05,-8e-05,9e-05,4e-05,-1e-05,0.0,-1e-05,0
15227,-2e-05,-6e-05,-8e-05,9e-05,4e-05,-1e-05,0.0,-1e-05,0
15228,-2e-05,-6e-05,-8e-05,9e-05,4e-05,-1e-05,0.0,-1e-05,0
15229,-2e-05,-6e-05,-8e-05,9e-05,4e-05,-1e-05,0.0,-1e-05,0
15230,-2e-05,-6e-05,-8e-05,9e-05,4e-05,-1e-05,0.0,-1e-05,0
15231,-2e-05,-6e-05,-8e-05,9e-05,4e-05,-1e-05,0.0,-1e-05,0
15232,-2e-05,-6e-05,-8e-05,9e-05,4e-05,-1e-05,0.0,-1e-05,0
15233,-2e-05,-6e-05,-8e-05,9e-05,4e-05,-1e-05,0.0,-1e-05,0
15234,-2e-05,-6e-05,-8e-05,9e-05,4e-05,-1e-05,0.0,-1e-05,0
15235,-2e-05,-6e-05,-8e-05,9e-05,4e-05,-1e-05,0.0,-1e-05,0
15236,-2e-05,-6e-05,-8e-05,9e-05,4e-05,-1e-05,0.0,-1e-05,0
15239,-2e-05,-6e-05,-8e-05,9e-05,4e-05,-1e-05,0.0,-1e-05,0
15240,-2e-05,-6e-05,-8e-05,9e-05,4e-05,-1e-05,0.0,-1e-05,0
15241,-2e-05,-6e-05,-8e-05,9e-05,4e-05,-1e-05,0.0,-1e-05,0
15242,-2e-05,-6e-05,-8e-05,9e-05,4e-05,-1e-05,0.0,-1e-05,0
15243,-2e-05,0.0,-2e-05,-2e-05,-1e-05,-3e-05,0.0,-2e-05,0
15244,-2e-05,0.0,-2e-05,-2e-05,-1e-05,-3e-05,0.0,-2e-05,0
15245,-2e-05,0.0,-2e-05,-2e-05,-1e-05,-3e-05,0.0,-2e-05,0
15246,-2e-05,0.0,-2e-05,-2e-05,-1e-05,-3e-05,0.0,-2e-05,0
15247,-2e-05,0.0,-2e-05,-2e-05,-1e-05,-3e-05,0.0,-2e-05,0
15248,-2e-05,0.0,-2e-05,-2e-05,-1e-05,-3e-05,0.0,-2e-05,0
15249,-2e-05,0.0,-2e-05,-2e-05,-1e-05,-3e-05,0.0,-2e-05,0
15250,-1e-05,1e-05,2e-05,-2e-05,-1e-05,0.0,-1e-05,0.0,0
15251,-1e-05,1e-05,2e-05,-2e-05,-1e-05,0.0,-1e-05,0.0,0
15252,-1e-05,1e-05,2e-05,-2e-05,-1e-05,0.0,-1e-05,0.0,0
15253,-1e-05,1e-05,2e-05,-2e-05,-1e-05,0.0,-1e-05,0.0,0
15254,-1e-05,1e-05,2e-05,-2e-05,-1e-05,0.0,-1e-05,0.0,0
15255,-1e-05,1e-05,2e-05,-2e-05,-1e-05,0.0,-1e-05,0.0,0
15256,-1e-05,1e-05,2e-05,-2e-05,-1e-05,0.0,-1e-05,0.0,0
15257,-1e-05,1e-05,2e-05,-2e-05,-1e-05,0.0,-1e-05,0.0,0
15258,-1e-05,0.0,0.0,-1e-05,2e-05,-1e-05,-1e-05,-1e-05,0
15259,2e-05,6e-05,0.0001,0.0001,0.0,-3e-05,-1e-05,-2e-05,0
15260,2e-05,6e-05,0.0001,0.0001,0.0,-3e-05,-1e-05,-2e-05,0
15261,2e-05,6e-05,0.0001,0.0001,0.0,-3e-05,-1e-05,-2e-05,0
15262,2e-05,6e-05,0.0001,0.0001,0.0,-3e-05,-1e-05,-2e-05,0
15263,2e-05,6e-05,0.0001,0.0001,0.0,-3e-05,-1e-05,-2e-05,0
15264,2e-05,6e-05,0.0001,0.0001,0.0,-3e-05,-1e-05,-2e-05,0
15265,2e-05,6e-05,0.0001,0.0001,0.0,-3e-05,-1e-05,-2e-05,0
15266,2e-05,6e-05,0.0001,0.0001,0.0,-3e-05,-1e-05,-2e-05,0
15267,2e-05,6e-05,0.0001,0.0001,0.0,-3e-05,-1e-05,-2e-05,0
15268,2e-05,6e-05,0.0001,0.0001,0.0,-3e-05,-1e-05,-2e-05,0
15269,2e-05,6e-05,0.0001,0.0001,0.0,-3e-05,-1e-05,-2e-05,0
15270,2e-05,6e-05,0.0001,0.0001,0.0,-3e-05,-1e-05,-2e-05,0
15271,2e-05,6e-05,0.0001,0.0001,0.0,-3e-05,-1e-05,-2e-05,0
15272,2e-05,6e-05,0.0001,0.0001,0.0,-3e-05,-1e-05,-2e-05,0
15273,2e-05,6e-05,0.0001,0.0001,0.0,-3e-05,-1e-05,-2e-05,0
15274,2e-05,6e-05,0.0001,0.0001,0.0,-3e-05,-1e-05,-2e-05,0
15275,2e-05,6e-05,0.0001,0.0001,0.0,-3e-05,-1e-05,-2e-05,0
15276,2e-05,6e-05,0.0001,0.0001,0.0,-3e-05,-1e-05,-2e-05,0
15277,2e-05,6e-05,0.0001,0.0001,0.0,-3e-05,-1e-05,-2e-05,0
15278,2e-05,6e-05,0.0001,0.0001,0.0,-3e-05,-1e-05,-2e-05,0
15279,2e-05,6e-05,0.0001,0.0001,0.0,-3e-05,-1e-05,-2e-05,0
15280,-0.00013,-0.00019,-0.00022,-0.0001,-7e-05,-1e-05,-2e-05,-3e-05,0
15281,-0.00013,-0.00019,-0.00022,-0.0001,-7e-05,-1e-05,-2e-05,-3e-05,0
15282,-1e-05,-2e-05,1e-05,3e-05,-1e-05,0.0,-2e-05,0.0,0
15283,-1e-05,-2e-05,1e-05,3e-05,-1e-05,0.0,-2e-05,0.0,0
15284,-1e-05,-2e-05,1e-05,3e-05,-1e-05,0.0,-2e-05,0.0,0
15285,-1e-05,-2e-05,1e-05,3e-05,-1e-05,0.0,-2e-05,0.0,0
15286,-1e-05,-2e-05,1e-05,3e-05,-1e-05,0.0,-2e-05,0.0,0
15288,-1e-05,-2e-05,1e-05,3e-05,-1e-05,0.0,-2e-05,0.0,0
15289,-1e-05,-2e-05,1e-05,3e-05,-1e-05,0.0,-2e-05,0.0,0
15290,-1e-05,-2e-05,1e-05,3e-05,-1e-05,0.0,-2e-05,0.0,0
15291,-1e-05,-2e-05,1e-05,3e-05,-1e-05,0.0,-2e-05,0.0,0
15292,-1e-05,-2e-05,1e-05,3e-05,-1e-05,0.0,-2e-05,0.0,0
15293,-1e-05,-2e-05,1e-05,3e-05,-1e-05,0.0,-2e-05,0.0,0
15294,-1e-05,-2e-05,1e-05,3e-05,-1e-05,0.0,-2e-05,0.0,0
15295,5e-05,7e-05,7e-05,4e-05,2e-05,-2e-05,0.0,0.0,0
15296,5e-05,7e-05,7e-05,4e-05,2e-05,-2e-05,0.0,0.0,0
15297,-2e-05,-3e-05,-1e-05,0.00014,2e-05,0.0,-1e-05,-2e-05,0
15298,-2e-05,-3e-05,-1e-05,0.00014,2e-05,0.0,-1e-05,-2e-05,0
15299,-2e-05,-3e-05,-1e-05,0.00014,2e-05,0.0,-1e-05,-2e-05,0
15300,-2e-05,-3e-05,-1e-05,0.00014,2e-05,0.0,-1e-05,-2e-05,0
15301,-2e-05,-3e-05,-1e-05,0.00014,2e-05,0.0,-1e-05,-2e-05,0
15302,-2e-05,-3e-05,-1e-05,0.00014,2e-05,0.0,-1e-05,-2e-05,0
15303,-2e-05,-3e-05,-1e-05,0.00014,2e-05,0.0,-1e-05,-2e-05,0
15304,-2e-05,-3e-05,-1e-05,0.00014,2e-05,0.0,-1e-05,-2e-05,0
15305,-2e-05,-3e-05,-1e-05,0.00014,2e-05,0.0,-1e-05,-2e-05,0
15306,-2e-05,-3e-05,-1e-05,0.00014,2e-05,0.0,-1e-05,-2e-05,0
15307,-2e-05,-3e-05,-1e-05,0.00014,2e-05,0.0,-1e-05,-2e-05,0
15308,-2e-05,-3e-05,-1e-05,0.00014,2e-05,0.0,-1e-05,-2e-05,0
15309,-2e-05,-3e-05,-1e-05,0.00014,2e-05,0.0,-1e-05,-2e-05,0
15310,-3e-05,-2e-05,-3e-05,-0.0001,-5e-05,-2e-05,-1e-05,-1e-05,0
15311,0.0,1e-05,1e-05,-0.0001,-4e-05,-1e-05,0.0,-1e-05,0
15312,0.0,1e-05,1e-05,-0.0001,-4e-05,-1e-05,0.0,-1e-05,0
15313,0.0,1e-05,1e-05,-0.0001,-4e-05,-1e-05,0.0,-1e-05,0
15314,0.0,1e-05,1e-05,-0.0001,-4e-05,-1e-05,0.0,-1e-05,0
15315,0.0,1e-05,1e-05,-0.0001,-4e-05,-1e-05,0.0,-1e-05,0
15316,-1e-05,-2e-05,-3e-05,-0.00012,-4e-05,0.0,-2e-05,-1e-05,0
15317,-1e-05,-2e-05,-3e-05,-0.00012,-4e-05,0.0,-2e-05,-1e-05,0
15318,-1e-05,-2e-05,-3e-05,-0.00012,-4e-05,0.0,-2e-05,-1e-05,0
15319,-1e-05,-2e-05,-3e-05,-0.00012,-4e-05,0.0,-2e-05,-1e-05,0
15320,-1e-05,-2e-05,-3e-05,-0.00012,-4e-05,0.0,-2e-05,-1e-05,0
15321,-1e-05,-2e-05,-3e-05,-0.00012,-4e-05,0.0,-2e-05,-1e-05,0
15322,-1e-05,-2e-05,-3e-05,-0.00012,-4e-05,0.0,-2e-05,-1e-05,0
15323,-1e-05,-2e-05,-3e-05,-0.00012,-4e-05,0.0,-2e-05,-1e-05,0
15324,-1e-05,-2e-05,-3e-05,-0.00012,-4e-05,0.0,-2e-05,-1e-05,0
15325,-1e-05,-2e-05,-3e-05,-0.00012,-4e-05,0.0,-2e-05,-1e-05,0
15326,-1e-05,-2e-05,-3e-05,-0.00012,-4e-05,0.0,-2e-05,-1e-05,0
15327,-1e-05,-2e-05,-3e-05,-0.00012,-4e-05,0.0,-2e-05,-1e-05,0
15328,-1e-05,-2e-05,-3e-05,-0.00012,-4e-05,0.0,-2e-05,-1e-05,0
15329,-1e-05,-2e-05,-3e-05,-0.00012,-4e-05,0.0,-2e-05,-1e-05,0
15330,-1e-05,-2e-05,-3e-05,-0.00012,-4e-05,0.0,-2e-05,-1e-05,0
15331,-1e-05,-2e-05,-3e-05,-0.00012,-4e-05,0.0,-2e-05,-1e-05,0
15332,-1e-05,-2e-05,-3e-05,-0.00012,-4e-05,0.0,-2e-05,-1e-05,0
15333,2e-05,2e-05,3e-05,-5e-05,-2e-05,-1e-05,0.0,-1e-05,0
15334,2e-05,2e-05,3e-05,-5e-05,-2e-05,-1e-05,0.0,-1e-05,0
15335,-2e-05,-4e-05,-6e-05,-3e-05,-1e-05,-1e-05,-1e-05,-1e-05,0
15336,-2e-05,-4e-05,-6e-05,-3e-05,-1e-05,-1e-05,-1e-05,-1e-05,0
15338,-2e-05,-4e-05,-6e-05,-3e-05,-1e-05,-1e-05,-1e-05,-1e-05,0
15339,-2e-05,-4e-05,-6e-05,-3e-05,-1e-05,-1e-05,-1e-05,-1e-05,0
15340,-2e-05,-4e-05,-6e-05,-3e-05,-1e-05,-1e-05,-1e-05,-1e-05,0
15341,-2e-05,-4e-05,-6e-05,-3e-05,-1e-05,-1e-05,-1e-05,-1e-05,0
15342,-2e-05,-4e-05,-6e-05,-3e-05,-1e-05,-1e-05,-1e-05,-1e-05,0
15343,-2e-05,-4e-05,-6e-05,-3e-05,-1e-05,-1e-05,-1e-05,-1e-05,0
15344,-2e-05,-4e-05,-6e-05,-3e-05,-1e-05,-1e-05,-1e-05,-1e-05,0
15345,-2e-05,-4e-05,-6e-05,-3e-05,-1e-05,-1e-05,-1e-05,-1e-05,0
15346,-2e-05,-2e-05,-3e-05,-2e-05,-1e-05,-1e-05,-2e-05,-2e-05,0
15347,-2e-05,-2e-05,-3e-05,-2e-05,-1e-05,-1e-05,-2e-05,-2e-05,0
15348,-2e-05,-2e-05,-3e-05,-2e-05,-1e-05,-1e-05,-2e-05,-2e-05,0
15349,-2e-05,-2e-05,-3e-05,-2e-05,-1e-05,-1e-05,-2e-05,-2e-05,0
15350,-2e-05,-2e-05,-3e-05,-2e-05,-1e-05,-1e-05,-2e-05,-2e-05,0
15351,-2e-05,-2e-05,-3e-05,-2e-05,-1e-05,-1e-05,-2e-05,-2e-05,0
15352,-2e-05,-2e-05,-3e-05,-2e-05,-1e-05,-1e-05,-2e-05,-2e-05,0
15353,-2e-05,-2e-05,-3e-05,-2e-05,-1e-05,-1e-05,-2e-05,-2e-05,0
15354,-2e-05,-2e-05,-3e-05,-2e-05,-1e-05,-1e-05,-2e-05,-2e-05,0
15355,-2e-05,-2e-05,-3e-05,-2e-05,-1e-05,-1e-05,-2e-05,-2e-05,0
15356,-2e-05,-2e-05,-3e-05,-2e-05,-1e-05,-1e-05,-2e-05,-2e-05,0
15357,-2e-05,-2e-05,-3e-05,-2e-05,-1e-05,-1e-05,-2e-05,-2e-05,0
15358,-2e-05,-2e-05,-3e-05,-2e-05,-1e-05,-1e-05,-2e-05,-2e-05,0
15359,-2e-05,-2e-05,-3e-05,-2e-05,-1e-05,-1e-05,-2e-05,-2e-05,0
15360,-2e-05,-2e-05,-3e-05,-2e-05,-1e-05,-1e-05,-2e-05,-2e-05,0
15361,0.0,1e-05,0.0,0.0,-1e-05,-2e-05,0.0,1e-05,0
15362,0.0,1e-05,0.0,0.0,-1e-05,-2e-05,0.0,1e-05,0
15363,0.0,1e-05,0.0,0.0,-1e-05,-2e-05,0.0,1e-05,0
15364,0.0,1e-05,0.0,0.0,-1e-05,-2e-05,0.0,1e-05,0
15365,0.0,1e-05,0.0,0.0,-1e-05,-2e-05,0.0,1e-05,0
15366,0.0,1e-05,0.0,0.0,-1e-05,-2e-05,0.0,1e-05,0
15367,0.0,1e-05,0.0,0.0,-1e-05,-2e-05,0.0,1e-05,0
15368,0.0,1e-05,0.0,0.0,-1e-05,-2e-05,0.0,1e-05,0
15369,0.0,1e-05,0.0,0.0,-1e-05,-2e-05,0.0,1e-05,0
15370,0.0,1e-05,0.0,0.0,-1e-05,-2e-05,0.0,1e-05,0
15371,0.0,1e-05,0.0,0.0,-1e-05,-2e-05,0.0,1e-05,0
15372,0.0,1e-05,0.0,0.0,-1e-05,-2e-05,0.0,1e-05,0
15373,0.0,1e-05,0.0,0.0,-1e-05,-2e-05,0.0,1e-05,0
15374,0.0,1e-05,0.0,0.0,-1e-05,-2e-05,0.0,1e-05,0
15375,0.0,1e-05,0.0,0.0,-1e-05,-2e-05,0.0,1e-05,0
15376,0.0,1e-05,0.0,0.0,-1e-05,-2e-05,0.0,1e-05,0
15377,1e-05,1e-05,1e-05,-5e-05,0.0,-2e-05,-1e-05,-4e-05,0
15378,0.0,3e-05,1e-05,4e-05,0.0,-1e-05,-2e-05,-3e-05,0
15379,0.0,0.0,-2e-05,-3e-05,-1e-05,-1e-05,0.0,1e-05,0
15380,0.0,0.0,-2e-05,-3e-05,-1e-05,-1e-05,0.0,1e-05,0
15381,0.0,0.0,-2e-05,-3e-05,-1e-05,-1e-05,0.0,1e-05,0
15382,0.0,0.0,-2e-05,-3e-05,-1e-05,-1e-05,0.0,1e-05,0
15383,0.0,0.0,-2e-05,-3e-05,-1e-05,-1e-05,0.0,1e-05,0
15384,0.0,0.0,-2e-05,-3e-05,-1e-05,-1e-05,0.0,1e-05,0
15385,0.0,0.0,-2e-05,-3e-05,-1e-05,-1e-05,0.0,1e-05,0
15386,0.0,0.0,-2e-05,-3e-05,-1e-05,-1e-05,0.0,1e-05,0
15388,0.0,0.0,-2e-05,-3e-05,-1e-05,-1e-05,0.0,1e-05,0
15389,0.0,0.0,-2e-05,-3e-05,-1e-05,-1e-05,0.0,1e-05,0
15390,0.0,0.0,-2e-05,-3e-05,-1e-05,-1e-05,0.0,1e-05,0
15391,0.0,0.0,-2e-05,-3e-05,-1e-05,-1e-05,0.0,1e-05,0
15392,0.0,0.0,-2e-05,-3e-05,-1e-05,-1e-05,0.0,1e-05,0
15393,-2e-05,-2e-05,0.0,1e-05,0.0,-2e-05,0.0,-3e-05,0
15394,-2e-05,-2e-05,0.0,1e-05,0.0,-2e-05,0.0,-3e-05,0
15395,-2e-05,-2e-05,0.0,1e-05,0.0,-2e-05,0.0,-3e-05,0
15396,-2e-05,-2e-05,0.0,1e-05,0.0,-2e-05,0.0,-3e-05,0
15397,-2e-05,-2e-05,0.0,1e-05,0.0,-2e-05,0.0,-3e-05,0
15398,-2e-05,-2e-05,0.0,1e-05,0.0,-2e-05,0.0,-3e-05,0
15399,-2e-05,-2e-05,0.0,1e-05,0.0,-2e-05,0.0,-3e-05,0
15400,-2e-05,-6e-05,-3e-05,-9e-05,-2e-05,-2e-05,0.0,-1e-05,0
15401,-2e-05,-6e-05,-3e-05,-9e-05,-2e-05,-2e-05,0.0,-1e-05,0
15402,-2e-05,-6e-05,-3e-05,-9e-05,-2e-05,-2e-05,0.0,-1e-05,0
15403,-2e-05,-6e-05,-3e-05,-9e-05,-2e-05,-2e-05,0.0,-1e-05,0
15404,-2e-05,-6e-05,-3e-05,-9e-05,-2e-05,-2e-05,0.0,-1e-05,0
15405,-2e-05,-6e-05,-3e-05,-9e-05,-2e-05,-2e-05,0.0,-1e-05,0
15406,-2e-05,-6e-05,-3e-05,-9e-05,-2e-05,-2e-05,0.0,-1e-05,0
15407,-2e-05,-6e-05,-3e-05,-9e-05,-2e-05,-2e-05,0.0,-1e-05,0
15408,-2e-05,-6e-05,-3e-05,-9e-05,-2e-05,-2e-05,0.0,-1e-05,0
15409,-2e-05,-6e-05,-3e-05,-9e-05,-2e-05,-2e-05,0.0,-1e-05,0
15410,-2e-05,-6e-05,-3e-05,-9e-05,-2e-05,-2e-05,0.0,-1e-05,0
15411,-2e-05,-6e-05,-3e-05,-9e-05,-2e-05,-2e-05,0.0,-1e-05,0
15412,-2e-05,-6e-05,-3e-05,-9e-05,-2e-05,-2e-05,0.0,-1e-05,0
15413,-2e-05,-6e-05,-3e-05,-9e-05,-2e-05,-2e-05,0.0,-1e-05,0
15414,-2e-05,-6e-05,-3e-05,-9e-05,-2e-05,-2e-05,0.0,-1e-05,0
15415,1e-05,2e-05,3e-05,0.0001,1e-05,-1e-05,-2e-05,-2e-05,0
15416,1e-05,2e-05,3e-05,0.0001,1e-05,-1e-05,-2e-05,-2e-05,0
15417,-1e-05,0.0,0.0,6e-05,3e-05,-1e-05,0.0,0.0,0
15418,-1e-05,0.0,0.0,6e-05,3e-05,-1e-05,0.0,0.0,0
15419,-1e-05,0.0,0.0,6e-05,3e-05,-1e-05,0.0,0.0,0
15420,-1e-05,0.0,0.0,6e-05,3e-05,-1e-05,0.0,0.0,0
15421,-1e-05,0.0,0.0,6e-05,3e-05,-1e-05,0.0,0.0,0
15422,-1e-05,0.0,0.0,6e-05,3e-05,-1e-05,0.0,0.0,0
15423,-1e-05,0.0,0.0,6e-05,3e-05,-1e-05,0.0,0.0,0
15424,-1e-05,0.0,0.0,6e-05,3e-05,-1e-05,0.0,0.0,0
15425,-1e-05,0.0,0.0,6e-05,3e-05,-1e-05,0.0,0.0,0
15426,-1e-05,0.0,0.0,6e-05,3e-05,-1e-05,0.0,0.0,0
15427,-1e-05,0.0,0.0,6e-05,3e-05,-1e-05,0.0,0.0,0
15428,-1e-05,0.0,0.0,6e-05,3e-05,-1e-05,0.0,0.0,0
15429,-1e-05,0.0,0.0,6e-05,3e-05,-1e-05,0.0,0.0,0
15430,0.0,-1e-05,1e-05,-4e-05,1e-05,0.0,-1e-05,1e-05,0
15431,0.0,-1e-05,1e-05,-4e-05,1e-05,0.0,-1e-05,1e-05,0
15432,1e-05,0.0,2e-05,2e-05,1e-05,-1e-05,-1e-05,0.0,0
15433,1e-05,0.0,2e-05,2e-05,1e-05,-1e-05,-1e-05,0.0,0
15434,1e-05,0.0,2e-05,2e-05,1e-05,-1e-05,-1e-05,0.0,0
15435,1e-05,0.0,2e-05,2e-05,1e-05,-1e-05,-1e-05,0.0,0
15436,1e-05,0.0,2e-05,2e-05,1e-05,-1e-05,-1e-05,0.0,0
15438,1e-05,0.0,2e-05,2e-05,1e-05,-1e-05,-1e-05,0.0,0
15439,1e-05,0.0,2e-05,2e-05,1e-05,-1e-05,-1e-05,0.0,0
15440,1e-05,0.0,2e-05,2e-05,1e-05,-1e-05,-1e-05,0.0,0
15441,1e-05,0.0,2e-05,2e-05,1e-05,-1e-05,-1e-05,0.0,0
15442,1e-05,0.0,2e-05,2e-05,1e-05,-1e-05,-1e-05,0.0,0
15443,1e-05,0.0,2e-05,2e-05,1e-05,-1e-05,-1e-05,0.0,0
15444,1e-05,0.0,2e-05,2e-05,1e-05,-1e-05,-1e-05,0.0,0
15445,1e-05,0.0,2e-05,2e-05,1e-05,-1e-05,-1e-05,0.0,0
15446,1e-05,0.0,2e-05,2e-05,1e-05,-1e-05,-1e-05,0.0,0
15447,1e-05,0.0,2e-05,2e-05,1e-05,-1e-05,-1e-05,0.0,0
15448,1e-05,0.0,2e-05,2e-05,1e-05,-1e-05,-1e-05,0.0,0
15449,1e-05,0.0,2e-05,2e-05,1e-05,-1e-05,-1e-05,0.0,0
15450,1e-05,0.0,2e-05,2e-05,1e-05,-1e-05,-1e-05,0.0,0
15451,1e-05,0.0,2e-05,2e-05,1e-05,-1e-05,-1e-05,0.0,0
15452,0.0,1e-05,1e-05,3e-05,-1e-05,-2e-05,-1e-05,1e-05,0
15453,2e-05,3e-05,2e-05,2e-05,-1e-05,-1e-05,-1e-05,0.0,0
15454,-2e-05,-3e-05,-6e-05,-2e-05,1e-05,-2e-05,0.0,-3e-05,0
15455,-2e-05,-3e-05,-6e-05,-2e-05,1e-05,-2e-05,0.0,-3e-05,0
15456,-2e-05,-3e-05,-6e-05,-2e-05,1e-05,-2e-05,0.0,-3e-05,0
15457,-2e-05,-3e-05,-6e-05,-2e-05,1e-05,-2e-05,0.0,-3e-05,0
15458,-2e-05,-3e-05,-6e-05,-2e-05,1e-05,-2e-05,0.0,-3e-05,0
15459,-2e-05,-3e-05,-6e-05,-2e-05,1e-05,-2e-05,0.0,-3e-05,0
15460,-2e-05,-3e-05,-6e-05,-2e-05,1e-05,-2e-05,0.0,-3e-05,0
15461,-2e-05,-3e-05,-6e-05,-2e-05,1e-05,-2e-05,0.0,-3e-05,0
15462,-2e-05,-3e-05,-6e-05,-2e-05,1e-05,-2e-05,0.0,-3e-05,0
15463,-2e-05,-3e-05,-6e-05,-2e-05,1e-05,-2e-05,0.0,-3e-05,0
15464,-2e-05,-3e-05,-6e-05,-2e-05,1e-05,-2e-05,0.0,-3e-05,0
15465,-2e-05,-3e-05,-6e-05,-2e-05,1e-05,-2e-05,0.0,-3e-05,0
15466,-1e-05,-4e-05,-1e-05,-2e-05,-4e-05,-1e-05,1e-05,2e-05,0
15467,-1e-05,-4e-05,-1e-05,-2e-05,-4e-05,-1e-05,1e-05,2e-05,0
15468,-1e-05,-4e-05,-1e-05,-2e-05,-4e-05,-1e-05,1e-05,2e-05,0
15469,-1e-05,-4e-05,-1e-05,-2e-05,-4e-05,-1e-05,1e-05,2e-05,0
15470,-1e-05,-4e-05,-1e-05,-2e-05,-4e-05,-1e-05,1e-05,2e-05,0
15471,-1e-05,-4e-05,-1e-05,-2e-05,-4e-05,-1e-05,1e-05,2e-05,0
15472,-1e-05,-4e-05,-1e-05,-2e-05,-4e-05,-1e-05,1e-05,2e-05,0
15473,-1e-05,-4e-05,-1e-05,-2e-05,-4e-05,-1e-05,1e-05,2e-05,0
15474,-1e-05,-4e-05,-1e-05,-2e-05,-4e-05,-1e-05,1e-05,2e-05,0
15475,-2e-05,-1e-05,-3e-05,-3e-05,-2e-05,0.0,-3e-05,0.0,0
15476,-2e-05,-1e-05,-3e-05,-3e-05,-2e-05,0.0,-3e-05,0.0,0
15477,-2e-05,-1e-05,-3e-05,-3e-05,-2e-05,0.0,-3e-05,0.0,0
15478,-2e-05,-1e-05,-3e-05,-3e-05,-2e-05,0.0,-3e-05,0.0,0
15479,-2e-05,-1e-05,-3e-05,-3e-05,-2e-05,0.0,-3e-05,0.0,0
15480,-2e-05,-1e-05,-3e-05,-3e-05,-2e-05,0.0,-3e-05,0.0,0
15481,-2e-05,-1e-05,-3e-05,-3e-05,-2e-05,0.0,-3e-05,0.0,0
15482,-2e-05,-1e-05,-3e-05,-3e-05,-2e-05,0.0,-3e-05,0.0,0
15483,-2e-05,-1e-05,-3e-05,-3e-05,-2e-05,0.0,-3e-05,0.0,0
15484,-2e-05,-1e-05,-3e-05,-3e-05,-2e-05,0.0,-3e-05,0.0,0
15485,-2e-05,-1e-05,-3e-05,-3e-05,-2e-05,0.0,-3e-05,0.0,0
15486,-2e-05,-1e-05,-3e-05,-3e-05,-2e-05,0.0,-3e-05,0.0,0
15488,-2e-05,-1e-05,-3e-05,-3e-05,-2e-05,0.0,-3e-05,0.0,0
15489,-2e-05,-1e-05,-3e-05,-3e-05,-2e-05,0.0,-3e-05,0.0,0
15490,-1e-05,1e-05,-1e-05,2e-05,2e-05,0.0,-1e-05,1e-05,0
15491,-1e-05,1e-05,-1e-05,2e-05,2e-05,0.0,-1e-05,1e-05,0
15492,-1e-05,0.0,-5e-05,-2e-05,-2e-05,0.0,0.0,1e-05,0
15493,-1e-05,0.0,-5e-05,-2e-05,-2e-05,0.0,0.0,1e-05,0
15494,-1e-05,0.0,-5e-05,-2e-05,-2e-05,0.0,0.0,1e-05,0
15495,-1e-05,0.0,-5e-05,-2e-05,-2e-05,0.0,0.0,1e-05,0
15496,-1e-05,0.0,-5e-05,-2e-05,-2e-05,0.0,0.0,1e-05,0
15497,-1e-05,0.0,-5e-05,-2e-05,-2e-05,0.0,0.0,1e-05,0
15498,-1e-05,0.0,-5e-05,-2e-05,-2e-05,0.0,0.0,1e-05,0
15499,-1e-05,0.0,-5e-05,-2e-05,-2e-05,0.0,0.0,1e-05,0
15500,-1e-05,0.0,-5e-05,-2e-05,-2e-05,0.0,0.0,1e-05,0
15501,-1e-05,0.0,-5e-05,-2e-05,-2e-05,0.0,0.0,1e-05,0
15502,-1e-05,0.0,-5e-05,-2e-05,-2e-05,0.0,0.0,1e-05,0
15503,-1e-05,0.0,-5e-05,-2e-05,-2e-05,0.0,0.0,1e-05,0
15504,-1e-05,0.0,-5e-05,-2e-05,-2e-05,0.0,0.0,1e-05,0
15505,-1e-05,0.0,-5e-05,-2e-05,-2e-05,0.0,0.0,1e-05,0
15506,-1e-05,0.0,-5e-05,-2e-05,-2e-05,0.0,0.0,1e-05,0
15507,-1e-05,0.0,-5e-05,-2e-05,-2e-05,0.0,0.0,1e-05,0
15508,-1e-05,0.0,-5e-05,-2e-05,-2e-05,0.0,0.0,1e-05,0
15509,-1e-05,0.0,-5e-05,-2e-05,-2e-05,0.0,0.0,1e-05,0
15510,-1e-05,0.0,-5e-05,-2e-05,-2e-05,0.0,0.0,1e-05,0
15511,-1e-05,0.0,-5e-05,-2e-05,-2e-05,0.0,0.0,1e-05,0
15512,-1e-05,0.0,-5e-05,-2e-05,-2e-05,0.0,0.0,1e-05,0
15513,-1e-05,0.0,-5e-05,-2e-05,-2e-05,0.0,0.0,1e-05,0
15514,-1e-05,0.0,-5e-05,-2e-05,-2e-05,0.0,0.0,1e-05,0
15515,-1e-05,0.0,-5e-05,-2e-05,-2e-05,0.0,0.0,1e-05,0
15516,-1e-05,0.0,-5e-05,-2e-05,-2e-05,0.0,0.0,1e-05,0
15517,-1e-05,0.0,-5e-05,-2e-05,-2e-05,0.0,0.0,1e-05,0
15518,-1e-05,0.0,-5e-05,-2e-05,-2e-05,0.0,0.0,1e-05,0
15519,-1e-05,0.0,-5e-05,-2e-05,-2e-05,0.0,0.0,1e-05,0
15520,1e-05,2e-05,2e-05,-1e-05,-2e-05,-2e-05,-1e-05,-1e-05,0
15521,1e-05,2e-05,2e-05,-1e-05,-2e-05,-2e-05,-1e-05,-1e-05,0
15522,-3e-05,-9e-05,-7e-05,-1e-05,-4e-05,-1e-05,0.0,-1e-05,0
15523,-3e-05,-9e-05,-7e-05,-1e-05,-4e-05,-1e-05,0.0,-1e-05,0
15524,-3e-05,-9e-05,-7e-05,-1e-05,-4e-05,-1e-05,0.0,-1e-05,0
15525,-3e-05,-9e-05,-7e-05,-1e-05,-4e-05,-1e-05,0.0,-1e-05,0
15526,-3e-05,-9e-05,-7e-05,-1e-05,-4e-05,-1e-05,0.0,-1e-05,0
15527,-3e-05,-9e-05,-7e-05,-1e-05,-4e-05,-1e-05,0.0,-1e-05,0
15528,-3e-05,-9e-05,-7e-05,-1e-05,-4e-05,-1e-05,0.0,-1e-05,0
15529,-3e-05,-9e-05,-7e-05,-1e-05,-4e-05,-1e-05,0.0,-1e-05,0
15530,-3e-05,-9e-05,-7e-05,-1e-05,-4e-05,-1e-05,0.0,-1e-05,0
15531,-3e-05,-9e-05,-7e-05,-1e-05,-4e-05,-1e-05,0.0,-1e-05,0
15532,-3e-05,-9e-05,-7e-05,-1e-05,-4e-05,-1e-05,0.0,-1e-05,0
15533,-3e-05,-9e-05,-7e-05,-1e-05,-4e-05,-1e-05,0.0,-1e-05,0
15534,-3e-05,-9e-05,-7e-05,-1e-05,-4e-05,-1e-05,0.0,-1e-05,0
15535,0.0,2e-05,2e-05,-1e-05,-1e-05,0.0,1e-05,-1e-05,0
15536,-2e-05,-4e-05,-3e-05,-9e-05,-3e-05,1e-05,-1e-05,0.0,0
15539,-2e-05,-4e-05,-3e-05,-9e-05,-3e-05,1e-05,-1e-05,0.0,0
15540,-2e-05,-4e-05,-3e-05,-9e-05,-3e-05,1e-05,-1e-05,0.0,0
15541,-2e-05,-4e-05,-3e-05,-9e-05,-3e-05,1e-05,-1e-05,0.0,0
15542,-2e-05,-4e-05,-3e-05,-9e-05,-3e-05,1e-05,-1e-05,0.0,0
15543,-2e-05,-4e-05,-3e-05,-9e-05,-3e-05,1e-05,-1e-05,0.0,0
15544,-2e-05,-4e-05,-3e-05,-9e-05,-3e-05,1e-05,-1e-05,0.0,0
15545,-2e-05,-4e-05,-3e-05,-9e-05,-3e-05,1e-05,-1e-05,0.0,0
15546,-2e-05,-4e-05,-3e-05,-9e-05,-3e-05,1e-05,-1e-05,0.0,0
15547,-2e-05,-4e-05,-3e-05,-9e-05,-3e-05,1e-05,-1e-05,0.0,0
15548,-2e-05,-4e-05,-3e-05,-9e-05,-3e-05,1e-05,-1e-05,0.0,0
15549,-2e-05,-4e-05,-3e-05,-9e-05,-3e-05,1e-05,-1e-05,0.0,0
15550,-2e-05,-4e-05,-3e-05,-9e-05,-3e-05,1e-05,-1e-05,0.0,0
15551,-2e-05,1e-05,-1e-05,-1e-05,-1e-05,-1e-05,-1e-05,-1e-05,0
15552,-4e-05,-5e-05,-2e-05,-4e-05,-1e-05,-2e-05,-1e-05,-2e-05,0
15553,-4e-05,-5e-05,-2e-05,-4e-05,-1e-05,-2e-05,-1e-05,-2e-05,0
15554,-4e-05,-5e-05,-2e-05,-4e-05,-1e-05,-2e-05,-1e-05,-2e-05,0
15555,-4e-05,-5e-05,-2e-05,-4e-05,-1e-05,-2e-05,-1e-05,-2e-05,0
15556,-4e-05,-5e-05,-2e-05,-4e-05,-1e-05,-2e-05,-1e-05,-2e-05,0
15557,-4e-05,-5e-05,-2e-05,-4e-05,-1e-05,-2e-05,-1e-05,-2e-05,0
15558,-4e-05,-5e-05,-2e-05,-4e-05,-1e-05,-2e-05,-1e-05,-2e-05,0
15559,-4e-05,-5e-05,-2e-05,-4e-05,-1e-05,-2e-05,-1e-05,-2e-05,0
15560,-4e-05,-5e-05,-2e-05,-4e-05,-1e-05,-2e-05,-1e-05,-2e-05,0
15561,-4e-05,-5e-05,-2e-05,-4e-05,-1e-05,-2e-05,-1e-05,-2e-05,0
15562,-4e-05,-5e-05,-2e-05,-4e-05,-1e-05,-2e-05,-1e-05,-2e-05,0
15563,-4e-05,-5e-05,-2e-05,-4e-05,-1e-05,-2e-05,-1e-05,-2e-05,0
15564,-4e-05,-5e-05,-2e-05,-4e-05,-1e-05,-2e-05,-1e-05,-2e-05,0
15565,-4e-05,-5e-05,-2e-05,-4e-05,-1e-05,-2e-05,-1e-05,-2e-05,0
15566,-4e-05,-5e-05,-2e-05,-4e-05,-1e-05,-2e-05,-1e-05,-2e-05,0
15567,-4e-05,-5e-05,-2e-05,-4e-05,-1e-05,-2e-05,-1e-05,-2e-05,0
15568,-4e-05,-5e-05,-2e-05,-4e-05,-1e-05,-2e-05,-1e-05,-2e-05,0
15569,-4e-05,-5e-05,-2e-05,-4e-05,-1e-05,-2e-05,-1e-05,-2e-05,0
15570,-4e-05,-5e-05,-2e-05,-4e-05,-1e-05,-2e-05,-1e-05,-2e-05,0
15571,-4e-05,-5e-05,-2e-05,-4e-05,-1e-05,-2e-05,-1e-05,-2e-05,0
15572,2e-05,2e-05,3e-05,2e-05,-2e-05,-1e-05,-1e-05,-1e-05,0
15573,-1e-05,-1e-05,0.0,-8e-05,1e-05,-2e-05,0.0,-2e-05,0
15574,-1e-05,0.0,-1e-05,0.0,0.0,-2e-05,0.0,-1e-05,0
15575,-1e-05,0.0,-1e-05,0.0,0.0,-2e-05,0.0,-1e-05,0
15576,-1e-05,0.0,-1e-05,0.0,0.0,-2e-05,0.0,-1e-05,0
15577,-1e-05,0.0,-1e-05,0.0,0.0,-2e-05,0.0,-1e-05,0
15578,-1e-05,0.0,-1e-05,0.0,0.0,-2e-05,0.0,-1e-05,0
15579,-1e-05,0.0,-1e-05,0.0,0.0,-2e-05,0.0,-1e-05,0
15580,-1e-05,0.0,-1e-05,0.0,0.0,-2e-05,0.0,-1e-05,0
15581,-1e-05,0.0,-1e-05,0.0,0.0,-2e-05,0.0,-1e-05,0
15582,-1e-05,0.0,-1e-05,0.0,0.0,-2e-05,0.0,-1e-05,0
15583,-1e-05,0.0,-1e-05,0.0,0.0,-2e-05,0.0,-1e-05,0
15584,-1e-05,0.0,-1e-05,0.0,0.0,-2e-05,0.0,-1e-05,0
15585,-1e-05,0.0,-1e-05,0.0,0.0,-2e-05,0.0,-1e-05,0
15586,-1e-05,-3e-05,-1e-05,1e-05,-1e-05,0.0,-1e-05,0.0,0
15589,-1e-05,-3e-05,-1e-05,1e-05,-1e-05,0.0,-1e-05,0.0,0
15590,-1e-05,-3e-05,-1e-05,1e-05,-1e-05,0.0,-1e-05,0.0,0
15591,-1e-05,-3e-05,-1e-05,1e-05,-1e-05,0.0,-1e-05,0.0,0
15592,-1e-05,-3e-05,-1e-05,1e-05,-1e-05,0.0,-1e-05,0.0,0
15593,-1e-05,-3e-05,-1e-05,1e-05,-1e-05,0.0,-1e-05,0.0,0
15594,-1e-05,-3e-05,-1e-05,1e-05,-1e-05,0.0,-1e-05,0.0,0
15595,-1e-05,-3e-05,-1e-05,1e-05,-1e-05,0.0,-1e-05,0.0,0
15596,-1e-05,-3e-05,-1e-05,1e-05,-1e-05,0.0,-1e-05,0.0,0
15597,-1e-05,-3e-05,-1e-05,1e-05,-1e-05,0.0,-1e-05,0.0,0
15598,-1e-05,-3e-05,-1e-05,1e-05,-1e-05,0.0,-1e-05,0.0,0
15599,-1e-05,-3e-05,-1e-05,1e-05,-1e-05,0.0,-1e-05,0.0,0
15600,-1e-05,-3e-05,-1e-05,1e-05,-1e-05,0.0,-1e-05,0.0,0
15601,-1e-05,-3e-05,-1e-05,1e-05,-1e-05,0.0,-1e-05,0.0,0
15602,1e-05,-2e-05,-2e-05,-4e-05,-2e-05,0.0,0.0,0.0,0
15603,-2e-05,1e-05,-4e-05,-0.00012,-4e-05,-1e-05,-1e-05,0.0,0
15604,-2e-05,1e-05,-4e-05,-0.00012,-4e-05,-1e-05,-1e-05,0.0,0
15605,-2e-05,1e-05,-4e-05,-0.00012,-4e-05,-1e-05,-1e-05,0.0,0
15606,-2e-05,1e-05,-4e-05,-0.00012,-4e-05,-1e-05,-1e-05,0.0,0
15607,-2e-05,1e-05,-4e-05,-0.00012,-4e-05,-1e-05,-1e-05,0.0,0
15608,-2e-05,1e-05,-4e-05,-0.00012,-4e-05,-1e-05,-1e-05,0.0,0
15609,-2e-05,1e-05,-4e-05,-0.00012,-4e-05,-1e-05,-1e-05,0.0,0
15610,-2e-05,-3e-05,-3e-05,-5e-05,0.0,0.0,-1e-05,-1e-05,0
15611,-2e-05,-3e-05,-3e-05,-5e-05,0.0,0.0,-1e-05,-1e-05,0
15612,-1e-05,1e-05,2e-05,-0.0001,-2e-05,-1e-05,-2e-05,-1e-05,0
15613,-1e-05,1e-05,2e-05,-0.0001,-2e-05,-1e-05,-2e-05,-1e-05,0
15614,-1e-05,1e-05,2e-05,-0.0001,-2e-05,-1e-05,-2e-05,-1e-05,0
15615,-1e-05,1e-05,2e-05,-0.0001,-2e-05,-1e-05,-2e-05,-1e-05,0
15616,-1e-05,1e-05,2e-05,-0.0001,-2e-05,-1e-05,-2e-05,-1e-05,0
15617,-1e-05,1e-05,2e-05,-0.0001,-2e-05,-1e-05,-2e-05,-1e-05,0
15618,-1e-05,1e-05,2e-05,-0.0001,-2e-05,-1e-05,-2e-05,-1e-05,0
15619,-1e-05,1e-05,2e-05,-0.0001,-2e-05,-1e-05,-2e-05,-1e-05,0
15620,-1e-05,1e-05,2e-05,-0.0001,-2e-05,-1e-05,-2e-05,-1e-05,0
15621,-1e-05,1e-05,2e-05,-0.0001,-2e-05,-1e-05,-2e-05,-1e-05,0
15622,-1e-05,1e-05,2e-05,-0.0001,-2e-05,-1e-05,-2e-05,-1e-05,0
15623,-1e-05,1e-05,2e-05,-0.0001,-2e-05,-1e-05,-2e-05,-1e-05,0
15624,-1e-05,1e-05,2e-05,-0.0001,-2e-05,-1e-05,-2e-05,-1e-05,0
15625,-1e-05,1e-05,2e-05,-0.0001,-2e-05,-1e-05,-2e-05,-1e-05,0
15626,-1e-05,1e-05,2e-05,-0.0001,-2e-05,-1e-05,-2e-05,-1e-05,0
15627,-1e-05,1e-05,2e-05,-0.0001,-2e-05,-1e-05,-2e-05,-1e-05,0
15628,-1e-05,1e-05,2e-05,-0.0001,-2e-05,-1e-05,-2e-05,-1e-05,0
15629,-1e-05,1e-05,2e-05,-0.0001,-2e-05,-1e-05,-2e-05,-1e-05,0
15630,-1e-05,1e-05,2e-05,-0.0001,-2e-05,-1e-05,-2e-05,-1e-05,0
15631,-1e-05,1e-05,2e-05,-0.0001,-2e-05,-1e-05,-2e-05,-1e-05,0
15632,-1e-05,-2e-05,-1e-05,9e-05,0.0,-1e-05,1e-05,1e-05,0
15633,0.0,0.0,-2e-05,1e-05,-1e-05,-2e-05,-2e-05,-1e-05,0
15634,-1e-05,0.0,0.0,0.00012,0.0,0.0,-2e-05,-2e-05,0
15635,-1e-05,0.0,0.0,0.00012,0.0,0.0,-2e-05,-2e-05,0
15636,-1e-05,0.0,0.0,0.00012,0.0,0.0,-2e-05,-2e-05,0
15638,-1e-05,0.0,0.0,0.00012,0.0,0.0,-2e-05,-2e-05,0
15639,-1e-05,0.0,0.0,0.00012,0.0,0.0,-2e-05,-2e-05,0
15640,-1e-05,0.0,0.0,0.00012,0.0,0.0,-2e-05,-2e-05,0
15641,-1e-05,0.0,0.0,0.00012,0.0,0.0,-2e-05,-2e-05,0
15642,-1e-05,0.0,0.0,0.00012,0.0,0.0,-2e-05,-2e-05,0
15643,-1e-05,0.0,0.0,0.00012,0.0,0.0,-2e-05,-2e-05,0
15644,-1e-05,0.0,0.0,0.00012,0.0,0.0,-2e-05,-2e-05,0
15645,-1e-05,0.0,0.0,0.00012,0.0,0.0,-2e-05,-2e-05,0
15646,-1e-05,0.0,0.0,0.00012,0.0,0.0,-2e-05,-2e-05,0
15647,-1e-05,0.0,0.0,0.00012,0.0,0.0,-2e-05,-2e-05,0
15648,-1e-05,0.0,0.0,0.00012,0.0,0.0,-2e-05,-2e-05,0
15649,-1e-05,0.0,0.0,0.00012,0.0,0.0,-2e-05,-2e-05,0
15650,-1e-05,0.0,0.0,0.00012,0.0,0.0,-2e-05,-2e-05,0
15651,-1e-05,0.0,0.0,0.00012,0.0,0.0,-2e-05,-2e-05,0
15652,-1e-05,0.0,0.0,0.00012,0.0,0.0,-2e-05,-2e-05,0
15653,-1e-05,0.0,0.0,0.00012,0.0,0.0,-2e-05,-2e-05,0
15654,-1e-05,0.0,0.0,0.00012,0.0,0.0,-2e-05,-2e-05,0
15655,0.0,-2e-05,-2e-05,-7e-05,-1e-05,-1e-05,-1e-05,-3e-05,0
15656,0.0,-2e-05,-2e-05,-7e-05,-1e-05,-1e-05,-1e-05,-3e-05,0
15657,1e-05,0.0,1e-05,-9e-05,-2e-05,-1e-05,0.0,-1e-05,0
15658,1e-05,0.0,1e-05,-9e-05,-2e-05,-1e-05,0.0,-1e-05,0
15659,1e-05,0.0,1e-05,-9e-05,-2e-05,-1e-05,0.0,-1e-05,0
15660,1e-05,0.0,1e-05,-9e-05,-2e-05,-1e-05,0.0,-1e-05,0
15661,1e-05,0.0,1e-05,-9e-05,-2e-05,-1e-05,0.0,-1e-05,0
15662,1e-05,0.0,1e-05,-9e-05,-2e-05,-1e-05,0.0,-1e-05,0
15663,1e-05,0.0,1e-05,-9e-05,-2e-05,-1e-05,0.0,-1e-05,0
15664,1e-05,0.0,1e-05,-9e-05,-2e-05,-1e-05,0.0,-1e-05,0
15665,1e-05,0.0,1e-05,-9e-05,-2e-05,-1e-05,0.0,-1e-05,0
15666,1e-05,0.0,1e-05,-9e-05,-2e-05,-1e-05,0.0,-1e-05,0
15667,1e-05,0.0,1e-05,-9e-05,-2e-05,-1e-05,0.0,-1e-05,0
15668,1e-05,0.0,1e-05,-9e-05,-2e-05,-1e-05,0.0,-1e-05,0
15669,1e-05,0.0,1e-05,-9e-05,-2e-05,-1e-05,0.0,-1e-05,0
15670,1e-05,0.0,1e-05,-9e-05,-2e-05,-1e-05,0.0,-1e-05,0
15671,0.0,2e-05,4e-05,5e-05,-1e-05,-1e-05,0.0,0.0,0
15672,-1e-05,-3e-05,0.0,4e-05,-1e-05,0.0,0.0,0.0,0
15673,-1e-05,-3e-05,0.0,4e-05,-1e-05,0.0,0.0,0.0,0
15674,-1e-05,-3e-05,0.0,4e-05,-1e-05,0.0,0.0,0.0,0
15675,-1e-05,-3e-05,0.0,4e-05,-1e-05,0.0,0.0,0.0,0
15676,-1e-05,-3e-05,0.0,4e-05,-1e-05,0.0,0.0,0.0,0
15677,-1e-05,-3e-05,0.0,4e-05,-1e-05,0.0,0.0,0.0,0
15678,-1e-05,-3e-05,0.0,4e-05,-1e-05,0.0,0.0,0.0,0
15679,-1e-05,-3e-05,0.0,4e-05,-1e-05,0.0,0.0,0.0,0
15680,-1e-05,-3e-05,0.0,4e-05,-1e-05,0.0,0.0,0.0,0
15681,-1e-05,-3e-05,0.0,4e-05,-1e-05,0.0,0.0,0.0,0
15682,-1e-05,-3e-05,0.0,4e-05,-1e-05,0.0,0.0,0.0,0
15683,-1e-05,-3e-05,0.0,4e-05,-1e-05,0.0,0.0,0.0,0
15684,-1e-05,-3e-05,0.0,4e-05,-1e-05,0.0,0.0,0.0,0
15685,-1e-05,-3e-05,0.0,4e-05,-1e-05,0.0,0.0,0.0,0
15686,-1e-05,-3e-05,0.0,4e-05,-1e-05,0.0,0.0,0.0,0
15688,-1e-05,-3e-05,0.0,4e-05,-1e-05,0.0,0.0,0.0,0
15689,-1e-05,-3e-05,0.0,4e-05,-1e-05,0.0,0.0,0.0,0
15690,-1e-05,-3e-05,0.0,4e-05,-1e-05,0.0,0.0,0.0,0
15691,-1e-05,-3e-05,0.0,4e-05,-1e-05,0.0,0.0,0.0,0
15692,-1e-05,-3e-05,0.0,4e-05,-1e-05,0.0,0.0,0.0,0
15693,-1e-05,2e-05,1e-05,-3e-05,0.0,0.0,-1e-05,-2e-05,0
15694,-1e-05,0.0,-3e-05,-2e-05,-4e-05,-3e-05,-1e-05,-2e-05,0
15695,-1e-05,0.0,-3e-05,-2e-05,-4e-05,-3e-05,-1e-05,-2e-05,0
15696,-1e-05,0.0,-3e-05,-2e-05,-4e-05,-3e-05,-1e-05,-2e-05,0
15697,-1e-05,0.0,-3e-05,-2e-05,-4e-05,-3e-05,-1e-05,-2e-05,0
15698,-1e-05,0.0,-3e-05,-2e-05,-4e-05,-3e-05,-1e-05,-2e-05,0
15699,-1e-05,0.0,-3e-05,-2e-05,-4e-05,-3e-05,-1e-05,-2e-05,0
15700,-1e-05,0.0,-3e-05,-2e-05,-4e-05,-3e-05,-1e-05,-2e-05,0
15701,-1e-05,0.0,-3e-05,-2e-05,-4e-05,-3e-05,-1e-05,-2e-05,0
15702,-1e-05,0.0,-3e-05,-2e-05,-4e-05,-3e-05,-1e-05,-2e-05,0
15703,-1e-05,0.0,-3e-05,-2e-05,-4e-05,-3e-05,-1e-05,-2e-05,0
15704,-1e-05,0.0,-3e-05,-2e-05,-4e-05,-3e-05,-1e-05,-2e-05,0
15705,-1e-05,0.0,-3e-05,-2e-05,-4e-05,-3e-05,-1e-05,-2e-05,0
15706,-1e-05,0.0,-3e-05,-2e-05,-4e-05,-3e-05,-1e-05,-2e-05,0
15707,-1e-05,0.0,-3e-05,-2e-05,-4e-05,-3e-05,-1e-05,-2e-05,0
15708,-1e-05,0.0,-3e-05,-2e-05,-4e-05,-3e-05,-1e-05,-2e-05,0
15709,-1e-05,0.0,-3e-05,-2e-05,-4e-05,-3e-05,-1e-05,-2e-05,0
15710,-1e-05,0.0,-3e-05,-2e-05,-4e-05,-3e-05,-1e-05,-2e-05,0
15711,-1e-05,0.0,-3e-05,-2e-05,-4e-05,-3e-05,-1e-05,-2e-05,0
15712,-1e-05,0.0,-3e-05,-2e-05,-4e-05,-3e-05,-1e-05,-2e-05,0
15713,-1e-05,0.0,-3e-05,-2e-05,-4e-05,-3e-05,-1e-05,-2e-05,0
15714,-1e-05,0.0,-3e-05,-2e-05,-4e-05,-3e-05,-1e-05,-2e-05,0
15715,-2e-05,-5e-05,-7e-05,-5e-05,-3e-05,-3e-05,0.0,0.0,0
15716,-2e-05,-5e-05,-7e-05,-5e-05,-3e-05,-3e-05,0.0,0.0,0
15717,1e-05,0.0,1e-05,-1e-05,-1e-05,-2e-05,0.0,-3e-05,0
15718,1e-05,0.0,1e-05,-1e-05,-1e-05,-2e-05,0.0,-3e-05,0
15719,1e-05,0.0,1e-05,-1e-05,-1e-05,-2e-05,0.0,-3e-05,0
15720,1e-05,0.0,1e-05,-1e-05,-1e-05,-2e-05,0.0,-3e-05,0
15721,1e-05,0.0,1e-05,-1e-05,-1e-05,-2e-05,0.0,-3e-05,0
15722,1e-05,0.0,1e-05,-1e-05,-1e-05,-2e-05,0.0,-3e-05,0
15723,1e-05,0.0,1e-05,-1e-05,-1e-05,-2e-05,0.0,-3e-05,0
15724,1e-05,0.0,1e-05,-1e-05,-1e-05,-2e-05,0.0,-3e-05,0
15725,1e-05,0.0,1e-05,-1e-05,-1e-05,-2e-05,0.0,-3e-05,0
15726,1e-05,0.0,1e-05,-1e-05,-1e-05,-2e-05,0.0,-3e-05,0
15727,1e-05,0.0,1e-05,-1e-05,-1e-05,-2e-05,0.0,-3e-05,0
15728,1e-05,0.0,1e-05,-1e-05,-1e-05,-2e-05,0.0,-3e-05,0
15729,1e-05,0.0,1e-05,-1e-05,-1e-05,-2e-05,0.0,-3e-05,0
15730,-3e-05,-2e-05,-6e-05,0.0,-3e-05,-3e-05,-1e-05,-2e-05,0
15731,-3e-05,-2e-05,-6e-05,0.0,-3e-05,-3e-05,-1e-05,-2e-05,0
15732,1e-05,1e-05,-3e-05,4e-05,1e-05,-1e-05,1e-05,1e-05,0
15733,1e-05,1e-05,-3e-05,4e-05,1e-05,-1e-05,1e-05,1e-05,0
15734,1e-05,1e-05,-3e-05,4e-05,1e-05,-1e-05,1e-05,1e-05,0
15735,1e-05,1e-05,-3e-05,4e-05,1e-05,-1e-05,1e-05,1e-05,0
15736,1e-05,1e-05,-3e-05,4e-05,1e-05,-1e-05,1e-05,1e-05,0
15738,1e-05,1e-05,-3e-05,4e-05,1e-05,-1e-05,1e-05,1e-05,0
15739,1e-05,1e-05,-3e-05,4e-05,1e-05,-1e-05,1e-05,1e-05,0
15740,1e-05,1e-05,-3e-05,4e-05,1e-05,-1e-05,1e-05,1e-05,0
15741,1e-05,1e-05,-3e-05,4e-05,1e-05,-1e-05,1e-05,1e-05,0
15742,1e-05,1e-05,-3e-05,4e-05,1e-05,-1e-05,1e-05,1e-05,0
15743,1e-05,1e-05,-3e-05,4e-05,1e-05,-1e-05,1e-05,1e-05,0
15744,1e-05,1e-05,-3e-05,4e-05,1e-05,-1e-05,1e-05,1e-05,0
15745,1e-05,1e-05,-3e-05,4e-05,1e-05,-1e-05,1e-05,1e-05,0
15746,1e-05,1e-05,-3e-05,4e-05,1e-05,-1e-05,1e-05,1e-05,0
15747,1e-05,1e-05,-3e-05,4e-05,1e-05,-1e-05,1e-05,1e-05,0
15748,1e-05,1e-05,-3e-05,4e-05,1e-05,-1e-05,1e-05,1e-05,0
15749,1e-05,1e-05,-3e-05,4e-05,1e-05,-1e-05,1e-05,1e-05,0
15750,1e-05,1e-05,-3e-05,4e-05,1e-05,-1e-05,1e-05,1e-05,0
15751,1e-05,1e-05,-3e-05,4e-05,1e-05,-1e-05,1e-05,1e-05,0
15752,-1e-05,2e-05,2e-05,-8e-05,1e-05,-1e-05,0.0,0.0,0
15753,-3e-05,-1e-05,2e-05,0.0001,3e-05,-1e-05,-1e-05,-1e-05,0
15754,-2e-05,-1e-05,-1e-05,1e-05,-2e-05,-2e-05,-2e-05,0.0,0
15755,-2e-05,-1e-05,-1e-05,1e-05,-2e-05,-2e-05,-2e-05,0.0,0
15756,-2e-05,-1e-05,-1e-05,1e-05,-2e-05,-2e-05,-2e-05,0.0,0
15757,-2e-05,-1e-05,-1e-05,1e-05,-2e-05,-2e-05,-2e-05,0.0,0
15758,-2e-05,-1e-05,-1e-05,1e-05,-2e-05,-2e-05,-2e-05,0.0,0
15759,-2e-05,-1e-05,-1e-05,1e-05,-2e-05,-2e-05,-2e-05,0.0,0
15760,-2e-05,-1e-05,-1e-05,1e-05,-2e-05,-2e-05,-2e-05,0.0,0
15761,-2e-05,-1e-05,-1e-05,1e-05,-2e-05,-2e-05,-2e-05,0.0,0
15762,-2e-05,-1e-05,-1e-05,1e-05,-2e-05,-2e-05,-2e-05,0.0,0
15763,-2e-05,-1e-05,-1e-05,1e-05,-2e-05,-2e-05,-2e-05,0.0,0
15764,-2e-05,-1e-05,-1e-05,1e-05,-2e-05,-2e-05,-2e-05,0.0,0
15765,-2e-05,-1e-05,-1e-05,1e-05,-2e-05,-2e-05,-2e-05,0.0,0
15766,-2e-05,-1e-05,-1e-05,1e-05,-2e-05,-2e-05,-2e-05,0.0,0
15767,-2e-05,-1e-05,-1e-05,1e-05,-2e-05,-2e-05,-2e-05,0.0,0
15768,-2e-05,-1e-05,-1e-05,1e-05,-2e-05,-2e-05,-2e-05,0.0,0
15769,-2e-05,-1e-05,-1e-05,1e-05,-2e-05,-2e-05,-2e-05,0.0,0
15770,-2e-05,-1e-05,-1e-05,1e-05,-2e-05,-2e-05,-2e-05,0.0,0
15771,-2e-05,-1e-05,-1e-05,1e-05,-2e-05,-2e-05,-2e-05,0.0,0
15772,-2e-05,-1e-05,-1e-05,1e-05,-2e-05,-2e-05,-2e-05,0.0,0
15773,-2e-05,-1e-05,-1e-05,1e-05,-2e-05,-2e-05,-2e-05,0.0,0
15774,-2e-05,-1e-05,-1e-05,1e-05,-2e-05,-2e-05,-2e-05,0.0,0
15775,1e-05,-2e-05,-2e-05,1e-05,-3e-05,-1e-05,-2e-05,-1e-05,0
15776,1e-05,0.0,1e-05,-3e-05,0.0,0.0,1e-05,0.0,0
15777,0.0,0.0,3e-05,1e-05,0.0,-1e-05,0.0,-1e-05,0
15778,0.0,0.0,3e-05,1e-05,0.0,-1e-05,0.0,-1e-05,0
15779,0.0,0.0,3e-05,1e-05,0.0,-1e-05,0.0,-1e-05,0
15780,0.0,0.0,3e-05,1e-05,0.0,-1e-05,0.0,-1e-05,0
15781,0.0,0.0,3e-05,1e-05,0.0,-1e-05,0.0,-1e-05,0
15782,0.0,0.0,3e-05,1e-05,0.0,-1e-05,0.0,-1e-05,0
15783,0.0,0.0,3e-05,1e-05,0.0,-1e-05,0.0,-1e-05,0
15784,0.0,0.0,3e-05,1e-05,0.0,-1e-05,0.0,-1e-05,0
15785,0.0,0.0,3e-05,1e-05,0.0,-1e-05,0.0,-1e-05,0
15786,0.0,0.0,3e-05,1e-05,0.0,-1e-05,0.0,-1e-05,0
15788,0.0,0.0,3e-05,1e-05,0.0,-1e-05,0.0,-1e-05,0
15789,0.0,0.0,3e-05,1e-05,0.0,-1e-05,0.0,-1e-05,0
15790,0.0,0.0,3e-05,1e-05,0.0,-1e-05,0.0,-1e-05,0
15791,0.0,0.0,3e-05,1e-05,0.0,-1e-05,0.0,-1e-05,0
15792,0.0,0.0,3e-05,1e-05,0.0,-1e-05,0.0,-1e-05,0
15793,0.0,0.0,3e-05,1e-05,0.0,-1e-05,0.0,-1e-05,0
15794,0.0,0.0,3e-05,1e-05,0.0,-1e-05,0.0,-1e-05,0
15795,0.0,0.0,3e-05,1e-05,0.0,-1e-05,0.0,-1e-05,0
15796,0.0,0.0,3e-05,1e-05,0.0,-1e-05,0.0,-1e-05,0
15797,0.0,0.0,3e-05,1e-05,0.0,-1e-05,0.0,-1e-05,0
15798,0.0,-2e-05,-4e-05,1e-05,-1e-05,1e-05,-2e-05,0.0,0
15799,0.0,-2e-05,-1e-05,-8e-05,-1e-05,-2e-05,-2e-05,0.0,0
15800,0.0,-2e-05,-1e-05,-8e-05,-1e-05,-2e-05,-2e-05,0.0,0
15801,0.0,-2e-05,-1e-05,-8e-05,-1e-05,-2e-05,-2e-05,0.0,0
15802,0.0,-2e-05,-1e-05,-8e-05,-1e-05,-2e-05,-2e-05,0.0,0
15803,0.0,-2e-05,-1e-05,-8e-05,-1e-05,-2e-05,-2e-05,0.0,0
15804,0.0,-2e-05,-1e-05,-8e-05,-1e-05,-2e-05,-2e-05,0.0,0
15805,0.0,-2e-05,-1e-05,-8e-05,-1e-05,-2e-05,-2e-05,0.0,0
15806,0.0,-2e-05,-1e-05,-8e-05,-1e-05,-2e-05,-2e-05,0.0,0
15807,0.0,-2e-05,-1e-05,-8e-05,-1e-05,-2e-05,-2e-05,0.0,0
15808,0.0,-2e-05,-1e-05,-8e-05,-1e-05,-2e-05,-2e-05,0.0,0
15809,0.0,-2e-05,-1e-05,-8e-05,-1e-05,-2e-05,-2e-05,0.0,0
15810,0.0,-2e-05,-1e-05,-8e-05,-1e-05,-2e-05,-2e-05,0.0,0
15811,0.0,-2e-05,-1e-05,-8e-05,-1e-05,-2e-05,-2e-05,0.0,0
15812,-1e-05,4e-05,4e-05,5e-05,-1e-05,-2e-05,-2e-05,-3e-05,0
15813,-1e-05,-1e-05,-1e-05,-3e-05,0.0,0.0,-1e-05,0.0,0
15814,-1e-05,-3e-05,0.0,4e-05,1e-05,1e-05,-1e-05,-1e-05,0
15815,-1e-05,-3e-05,0.0,4e-05,1e-05,1e-05,-1e-05,-1e-05,0
15816,-1e-05,-3e-05,0.0,4e-05,1e-05,1e-05,-1e-05,-1e-05,0
15817,-1e-05,-3e-05,0.0,4e-05,1e-05,1e-05,-1e-05,-1e-05,0
15818,-1e-05,-3e-05,0.0,4e-05,1e-05,1e-05,-1e-05,-1e-05,0
15819,-1e-05,-3e-05,0.0,4e-05,1e-05,1e-05,-1e-05,-1e-05,0
15820,-1e-05,-3e-05,0.0,4e-05,1e-05,1e-05,-1e-05,-1e-05,0
15821,-1e-05,-3e-05,0.0,4e-05,1e-05,1e-05,-1e-05,-1e-05,0
15822,-1e-05,-3e-05,0.0,4e-05,1e-05,1e-05,-1e-05,-1e-05,0
15823,-1e-05,-3e-05,0.0,4e-05,1e-05,1e-05,-1e-05,-1e-05,0
15824,-1e-05,-3e-05,0.0,4e-05,1e-05,1e-05,-1e-05,-1e-05,0
15825,-1e-05,-3e-05,0.0,4e-05,1e-05,1e-05,-1e-05,-1e-05,0
15826,-1e-05,-3e-05,0.0,4e-05,1e-05,1e-05,-1e-05,-1e-05,0
15827,-1e-05,-3e-05,0.0,4e-05,1e-05,1e-05,-1e-05,-1e-05,0
15828,-1e-05,-3e-05,0.0,4e-05,1e-05,1e-05,-1e-05,-1e-05,0
15829,-1e-05,-3e-05,0.0,4e-05,1e-05,1e-05,-1e-05,-1e-05,0
15830,-1e-05,-3e-05,0.0,4e-05,1e-05,1e-05,-1e-05,-1e-05,0
15831,-1e-05,-3e-05,0.0,4e-05,1e-05,1e-05,-1e-05,-1e-05,0
15832,-1e-05,-3e-05,0.0,4e-05,1e-05,1e-05,-1e-05,-1e-05,0
15833,-1e-05,-3e-05,0.0,4e-05,1e-05,1e-05,-1e-05,-1e-05,0
15834,-1e-05,-3e-05,0.0,4e-05,1e-05,1e-05,-1e-05,-1e-05,0
15835,-2e-05,-1e-05,0.0,-3e-05,-4e-05,-3e-05,-2e-05,-1e-05,0
15836,-2e-05,-1e-05,0.0,-3e-05,-4e-05,-3e-05,-2e-05,-1e-05,0
15838,-2e-05,-1e-05,0.0,-1e-05,-1e-05,-1e-05,-1e-05,0.0,0
15839,-2e-05,-1e-05,0.0,-1e-05,-1e-05,-1e-05,-1e-05,0.0,0
15840,-2e-05,-1e-05,0.0,-1e-05,-1e-05,-1e-05,-1e-05,0.0,0
15841,-2e-05,-1e-05,0.0,-1e-05,-1e-05,-1e-05,-1e-05,0.0,0
15842,-2e-05,-1e-05,0.0,-1e-05,-1e-05,-1e-05,-1e-05,0.0,0
15843,-2e-05,-1e-05,0.0,-1e-05,-1e-05,-1e-05,-1e-05,0.0,0
15844,-2e-05,-1e-05,0.0,-1e-05,-1e-05,-1e-05,-1e-05,0.0,0
15845,-2e-05,-1e-05,0.0,-1e-05,-1e-05,-1e-05,-1e-05,0.0,0
15846,-2e-05,-1e-05,0.0,-1e-05,-1e-05,-1e-05,-1e-05,0.0,0
15847,-2e-05,-1e-05,0.0,-1e-05,-1e-05,-1e-05,-1e-05,0.0,0
15848,-2e-05,-1e-05,0.0,-1e-05,-1e-05,-1e-05,-1e-05,0.0,0
15849,0.0,-2e-05,-2e-05,-7e-05,-2e-05,-1e-05,1e-05,0.0,0
15850,0.0,-2e-05,-2e-05,-7e-05,-2e-05,-1e-05,1e-05,0.0,0
15851,0.0,-2e-05,-2e-05,-7e-05,-2e-05,-1e-05,1e-05,0.0,0
15852,0.0,-2e-05,-2e-05,-7e-05,-2e-05,-1e-05,1e-05,0.0,0
15853,0.0,-2e-05,-2e-05,-7e-05,-2e-05,-1e-05,1e-05,0.0,0
15854,0.0,-2e-05,-2e-05,-7e-05,-2e-05,-1e-05,1e-05,0.0,0
15855,0.0,-2e-05,-2e-05,-7e-05,-2e-05,-1e-05,1e-05,0.0,0
15856,-1e-05,2e-05,-4e-05,2e-05,-3e-05,0.0,-2e-05,-2e-05,0
15857,-1e-05,2e-05,-4e-05,2e-05,-3e-05,0.0,-2e-05,-2e-05,0
15858,-1e-05,2e-05,-4e-05,2e-05,-3e-05,0.0,-2e-05,-2e-05,0
15859,-1e-05,2e-05,-4e-05,2e-05,-3e-05,0.0,-2e-05,-2e-05,0
15860,-1e-05,2e-05,-4e-05,2e-05,-3e-05,0.0,-2e-05,-2e-05,0
15861,-1e-05,2e-05,-4e-05,2e-05,-3e-05,0.0,-2e-05,-2e-05,0
15862,-1e-05,2e-05,-4e-05,2e-05,-3e-05,0.0,-2e-05,-2e-05,0
15863,-1e-05,2e-05,-4e-05,2e-05,-3e-05,0.0,-2e-05,-2e-05,0
15864,-1e-05,2e-05,-4e-05,2e-05,-3e-05,0.0,-2e-05,-2e-05,0
15865,-1e-05,2e-05,-4e-05,2e-05,-3e-05,0.0,-2e-05,-2e-05,0
15866,-1e-05,2e-05,-4e-05,2e-05,-3e-05,0.0,-2e-05,-2e-05,0
15867,-1e-05,2e-05,-4e-05,2e-05,-3e-05,0.0,-2e-05,-2e-05,0
15868,-1e-05,2e-05,-4e-05,2e-05,-3e-05,0.0,-2e-05,-2e-05,0
15869,-1e-05,2e-05,-4e-05,2e-05,-3e-05,0.0,-2e-05,-2e-05,0
15870,-1e-05,2e-05,-4e-05,2e-05,-3e-05,0.0,-2e-05,-2e-05,0
15871,-1e-05,2e-05,-4e-05,2e-05,-3e-05,0.0,-2e-05,-2e-05,0
15872,-1e-05,0.0,4e-05,0.0001,4e-05,1e-05,-1e-05,-2e-05,0
15873,-2e-05,0.0,-4e-05,-8e-05,-3e-05,-4e-05,0.0,-3e-05,0
15874,0.0,-2e-05,-2e-05,-2e-05,-2e-05,-1e-05,0.0,0.0,0
15875,0.0,-2e-05,-2e-05,-2e-05,-2e-05,-1e-05,0.0,0.0,0
15876,0.0,-2e-05,-2e-05,-2e-05,-2e-05,-1e-05,0.0,0.0,0
15877,0.0,-2e-05,-2e-05,-2e-05,-2e-05,-1e-05,0.0,0.0,0
15878,0.0,-2e-05,-2e-05,-2e-05,-2e-05,-1e-05,0.0,0.0,0
15879,0.0,-2e-05,-2e-05,-2e-05,-2e-05,-1e-05,0.0,0.0,0
15880,0.0,-2e-05,-2e-05,-2e-05,-2e-05,-1e-05,0.0,0.0,0
15881,0.0,-2e-05,-2e-05,-2e-05,-2e-05,-1e-05,0.0,0.0,0
15882,0.0,-2e-05,-2e-05,-2e-05,-2e-05,-1e-05,0.0,0.0,0
15883,0.0,-2e-05,-2e-05,-2e-05,-2e-05,-1e-05,0.0,0.0,0
15884,0.0,-2e-05,-2e-05,-2e-05,-2e-05,-1e-05,0.0,0.0,0
15885,0.0,-2e-05,-2e-05,-2e-05,-2e-05,-1e-05,0.0,0.0,0
15886,0.0,-2e-05,-2e-05,-2e-05,-2e-05,-1e-05,0.0,0.0,0
15888,0.0,-2e-05,-2e-05,-2e-05,-2e-05,-1e-05,0.0,0.0,0
15889,0.0,-2e-05,-2e-05,-2e-05,-2e-05,-1e-05,0.0,0.0,0
15890,0.0,-2e-05,-2e-05,-2e-05,-2e-05,-1e-05,0.0,0.0,0
15891,0.0,-2e-05,-2e-05,-2e-05,-2e-05,-1e-05,0.0,0.0,0
15892,0.0,-2e-05,-2e-05,-2e-05,-2e-05,-1e-05,0.0,0.0,0
15893,0.0,-2e-05,-2e-05,-2e-05,-2e-05,-1e-05,0.0,0.0,0
15894,0.0,-2e-05,-2e-05,-2e-05,-2e-05,-1e-05,0.0,0.0,0
15895,0.0,-2e-05,-2e-05,-2e-05,-2e-05,-1e-05,0.0,0.0,0
15896,-3e-05,-1e-05,-2e-05,2e-05,-1e-05,-3e-05,0.0,-1e-05,0
15897,1e-05,0.0,0.0,0.00012,3e-05,1e-05,-2e-05,-2e-05,0
15898,1e-05,0.0,0.0,0.00012,3e-05,1e-05,-2e-05,-2e-05,0
15899,1e-05,0.0,0.0,0.00012,3e-05,1e-05,-2e-05,-2e-05,0
15900,1e-05,0.0,0.0,0.00012,3e-05,1e-05,-2e-05,-2e-05,0
15901,1e-05,0.0,0.0,0.00012,3e-05,1e-05,-2e-05,-2e-05,0
15902,1e-05,0.0,0.0,0.00012,3e-05,1e-05,-2e-05,-2e-05,0
15903,1e-05,0.0,0.0,0.00012,3e-05,1e-05,-2e-05,-2e-05,0
15904,1e-05,0.0,0.0,0.00012,3e-05,1e-05,-2e-05,-2e-05,0
15905,1e-05,0.0,0.0,0.00012,3e-05,1e-05,-2e-05,-2e-05,0
15906,1e-05,0.0,0.0,0.00012,3e-05,1e-05,-2e-05,-2e-05,0
15907,1e-05,0.0,0.0,0.00012,3e-05,1e-05,-2e-05,-2e-05,0
15908,1e-05,0.0,0.0,0.00012,3e-05,1e-05,-2e-05,-2e-05,0
15909,1e-05,0.0,0.0,0.00012,3e-05,1e-05,-2e-05,-2e-05,0
15910,1e-05,0.0,0.0,0.00012,3e-05,1e-05,-2e-05,-2e-05,0
15911,1e-05,3e-05,4e-05,2e-05,0.0,-4e-05,-2e-05,-1e-05,0
15912,1e-05,3e-05,4e-05,2e-05,0.0,-4e-05,-2e-05,-1e-05,0
15913,1e-05,3e-05,4e-05,2e-05,0.0,-4e-05,-2e-05,-1e-05,0
15914,1e-05,3e-05,4e-05,2e-05,0.0,-4e-05,-2e-05,-1e-05,0
15915,1e-05,3e-05,4e-05,2e-05,0.0,-4e-05,-2e-05,-1e-05,0
15916,-2e-05,0.0,4e-05,-1e-05,0.0,-1e-05,-1e-05,-1e-05,0
15917,-2e-05,0.0,4e-05,-1e-05,0.0,-1e-05,-1e-05,-1e-05,0
15918,-2e-05,0.0,4e-05,-1e-05,0.0,-1e-05,-1e-05,-1e-05,0
15919,-2e-05,0.0,4e-05,-1e-05,0.0,-1e-05,-1e-05,-1e-05,0
15920,-2e-05,0.0,4e-05,-1e-05,0.0,-1e-05,-1e-05,-1e-05,0
15921,-2e-05,0.0,4e-05,-1e-05,0.0,-1e-05,-1e-05,-1e-05,0
15922,-2e-05,0.0,4e-05,-1e-05,0.0,-1e-05,-1e-05,-1e-05,0
15923,-2e-05,0.0,4e-05,-1e-05,0.0,-1e-05,-1e-05,-1e-05,0
15924,-2e-05,0.0,4e-05,-1e-05,0.0,-1e-05,-1e-05,-1e-05,0
15925,-2e-05,0.0,4e-05,-1e-05,0.0,-1e-05,-1e-05,-1e-05,0
15926,-2e-05,0.0,4e-05,-1e-05,0.0,-1e-05,-1e-05,-1e-05,0
15927,-2e-05,0.0,4e-05,-1e-05,0.0,-1e-05,-1e-05,-1e-05,0
15928,-2e-05,0.0,4e-05,-1e-05,0.0,-1e-05,-1e-05,-1e-05,0
15929,-2e-05,0.0,4e-05,-1e-05,0.0,-1e-05,-1e-05,-1e-05,0
15930,-2e-05,0.0,4e-05,-1e-05,0.0,-1e-05,-1e-05,-1e-05,0
15931,-2e-05,0.0,4e-05,-1e-05,0.0,-1e-05,-1e-05,-1e-05,0
15932,-2e-05,-7e-05,-0.0001,-0.0001,-5e-05,-3e-05,0.0,0.0,0
15933,-2e-05,-1e-05,-2e-05,0.0,0.0,-1e-05,1e-05,-1e-05,0
15934,-1e-05,-1e-05,2e-05,-4e-05,-2e-05,1e-05,1e-05,-2e-05,0
15935,-1e-05,-1e-05,2e-05,-4e-05,-2e-05,1e-05,1e-05,-2e-05,0
15936,-1e-05,-1e-05,2e-05,-4e-05,-2e-05,1e-05,1e-05,-2e-05,0
15938,-1e-05,-1e-05,2e-05,-4e-05,-2e-05,1e-05,1e-05,-2e-05,0
15939,-1e-05,-1e-05,2e-05,-4e-05,-2e-05,1e-05,1e-05,-2e-05,0
15940,-1e-05,-1e-05,2e-05,-4e-05,-2e-05,1e-05,1e-05,-2e-05,0
15941,-1e-05,-1e-05,2e-05,-4e-05,-2e-05,1e-05,1e-05,-2e-05,0
15942,-1e-05,-1e-05,2e-05,-4e-05,-2e-05,1e-05,1e-05,-2e-05,0
15943,-1e-05,-1e-05,2e-05,-4e-05,-2e-05,1e-05,1e-05,-2e-05,0
15944,-1e-05,-1e-05,2e-05,-4e-05,-2e-05,1e-05,1e-05,-2e-05,0
15945,-1e-05,-1e-05,2e-05,-4e-05,-2e-05,1e-05,1e-05,-2e-05,0
15946,-1e-05,-1e-05,2e-05,-4e-05,-2e-05,1e-05,1e-05,-2e-05,0
15947,-1e-05,-1e-05,2e-05,-4e-05,-2e-05,1e-05,1e-05,-2e-05,0
15948,-1e-05,-1e-05,2e-05,-4e-05,-2e-05,1e-05,1e-05,-2e-05,0
15949,-1e-05,-1e-05,2e-05,-4e-05,-2e-05,1e-05,1e-05,-2e-05,0
15950,-1e-05,-1e-05,2e-05,-4e-05,-2e-05,1e-05,1e-05,-2e-05,0
15951,-1e-05,-1e-05,2e-05,-4e-05,-2e-05,1e-05,1e-05,-2e-05,0
15952,-1e-05,-1e-05,2e-05,-4e-05,-2e-05,1e-05,1e-05,-2e-05,0
15953,-1e-05,-1e-05,2e-05,-4e-05,-2e-05,1e-05,1e-05,-2e-05,0
15954,-1e-05,-1e-05,2e-05,-4e-05,-2e-05,1e-05,1e-05,-2e-05,0
15955,-2e-05,-2e-05,-1e-05,-6e-05,-1e-05,-2e-05,-2e-05,-1e-05,0
15956,-2e-05,-2e-05,-1e-05,-6e-05,-1e-05,-2e-05,-2e-05,-1e-05,0
15957,-3e-05,-1e-05,-2e-05,-1e-05,-3e-05,-1e-05,0.0,0.0,0
15958,-3e-05,-1e-05,-2e-05,-1e-05,-3e-05,-1e-05,0.0,0.0,0
15959,-3e-05,-1e-05,-2e-05,-1e-05,-3e-05,-1e-05,0.0,0.0,0
15960,-3e-05,-1e-05,-2e-05,-1e-05,-3e-05,-1e-05,0.0,0.0,0
15961,-3e-05,-1e-05,-2e-05,-1e-05,-3e-05,-1e-05,0.0,0.0,0
15962,-3e-05,-1e-05,-2e-05,-1e-05,-3e-05,-1e-05,0.0,0.0,0
15963,-3e-05,-1e-05,-2e-05,-1e-05,-3e-05,-1e-05,0.0,0.0,0
15964,-3e-05,-1e-05,-2e-05,-1e-05,-3e-05,-1e-05,0.0,0.0,0
15965,-3e-05,-1e-05,-2e-05,-1e-05,-3e-05,-1e-05,0.0,0.0,0
15966,-3e-05,-1e-05,-2e-05,-1e-05,-3e-05,-1e-05,0.0,0.0,0
15967,-3e-05,-1e-05,-2e-05,-1e-05,-3e-05,-1e-05,0.0,0.0,0
15968,-3e-05,-1e-05,-2e-05,-1e-05,-3e-05,-1e-05,0.0,0.0,0
15969,-1e-05,-2e-05,-7e-05,-5e-05,-2e-05,-1e-05,-1e-05,-2e-05,0
15970,1e-05,-2e-05,0.0,0.0,-3e-05,-2e-05,0.0,-1e-05,0
15971,1e-05,-2e-05,0.0,0.0,-3e-05,-2e-05,0.0,-1e-05,0
15972,1e-05,-2e-05,0.0,0.0,-3e-05,-2e-05,0.0,-1e-05,0
15973,1e-05,-2e-05,0.0,0.0,-3e-05,-2e-05,0.0,-1e-05,0
15974,1e-05,-2e-05,0.0,0.0,-3e-05,-2e-05,0.0,-1e-05,0
15975,1e-05,-2e-05,0.0,0.0,-3e-05,-2e-05,0.0,-1e-05,0
15976,0.0,2e-05,5e-05,0.00015,-2e-05,-1e-05,-1e-05,-1e-05,0
15977,0.0,2e-05,5e-05,0.00015,-2e-05,-1e-05,-1e-05,-1e-05,0
15978,0.0,2e-05,5e-05,0.00015,-2e-05,-1e-05,-1e-05,-1e-05,0
15979,0.0,2e-05,5e-05,0.00015,-2e-05,-1e-05,-1e-05,-1e-05,0
15980,0.0,2e-05,5e-05,0.00015,-2e-05,-1e-05,-1e-05,-1e-05,0
15981,0.0,2e-05,5e-05,0.00015,-2e-05,-1e-05,-1e-05,-1e-05,0
15982,0.0,2e-05,5e-05,0.00015,-2e-05,-1e-05,-1e-05,-1e-05,0
15983,0.0,2e-05,5e-05,0.00015,-2e-05,-1e-05,-1e-05,-1e-05,0
15984,0.0,2e-05,5e-05,0.00015,-2e-05,-1e-05,-1e-05,-1e-05,0
15985,0.0,2e-05,5e-05,0.00015,-2e-05,-1e-05,-1e-05,-1e-05,0
15986,0.0,2e-05,5e-05,0.00015,-2e-05,-1e-05,-1e-05,-1e-05,0
15989,0.0,2e-05,5e-05,0.00015,-2e-05,-1e-05,-1e-05,-1e-05,0
15990,0.0,2e-05,5e-05,0.00015,-2e-05,-1e-05,-1e-05,-1e-05,0
15991,0.0,2e-05,5e-05,0.00015,-2e-05,-1e-05,-1e-05,-1e-05,0
15992,0.0,2e-05,5e-05,0.00015,-2e-05,-1e-05,-1e-05,-1e-05,0
15993,0.0,2e-05,5e-05,0.00015,-2e-05,-1e-05,-1e-05,-1e-05,0
15994,1e-05,-1e-05,1e-05,-5e-05,-0.00012,2e-05,2e-05,2e-05,0
15995,1e-05,-1e-05,1e-05,-5e-05,-0.00012,2e-05,2e-05,2e-05,0
15996,1e-05,-1e-05,1e-05,-5e-05,-0.00012,2e-05,2e-05,2e-05,0
15997,1e-05,-1e-05,1e-05,-5e-05,-0.00012,2e-05,2e-05,2e-05,0
15998,1e-05,-1e-05,1e-05,-5e-05,-0.00012,2e-05,2e-05,2e-05,0
15999,1e-05,-1e-05,1e-05,-5e-05,-0.00012,2e-05,2e-05,2e-05,0
16000,1e-05,-1e-05,1e-05,-5e-05,-0.00012,2e-05,2e-05,2e-05,0
16001,1e-05,-1e-05,1e-05,-5e-05,-0.00012,2e-05,2e-05,2e-05,0
16002,1e-05,-1e-05,1e-05,-5e-05,-0.00012,2e-05,2e-05,2e-05,0
16003,1e-05,-1e-05,1e-05,-5e-05,-0.00012,2e-05,2e-05,2e-05,0
16004,1e-05,-1e-05,1e-05,-5e-05,-0.00012,2e-05,2e-05,2e-05,0
16005,1e-05,-1e-05,1e-05,-5e-05,-0.00012,2e-05,2e-05,2e-05,0
16006,1e-05,-1e-05,1e-05,-5e-05,-0.00012,2e-05,2e-05,2e-05,0
16007,1e-05,-1e-05,1e-05,-5e-05,-0.00012,2e-05,2e-05,2e-05,0
16008,1e-05,-1e-05,1e-05,-5e-05,-0.00012,2e-05,2e-05,2e-05,0
16009,1e-05,-1e-05,1e-05,-5e-05,-0.00012,2e-05,2e-05,2e-05,0
16010,1e-05,-1e-05,1e-05,-5e-05,-0.00012,2e-05,2e-05,2e-05,0
16011,1e-05,-1e-05,1e-05,-5e-05,-0.00012,2e-05,2e-05,2e-05,0
16012,1e-05,-1e-05,1e-05,-5e-05,-0.00012,2e-05,2e-05,2e-05,0
16013,1e-05,-1e-05,1e-05,-5e-05,-0.00012,2e-05,2e-05,2e-05,0
16014,1e-05,-1e-05,1e-05,-5e-05,-0.00012,2e-05,2e-05,2e-05,0
16015,1e-05,0.0,0.0,-2e-05,-2e-05,-4e-05,0.0,-1e-05,0
16016,1e-05,0.0,0.0,-2e-05,-2e-05,-4e-05,0.0,-1e-05,0
16017,-4e-05,-7e-05,-0.0001,-0.00012,-0.00014,0.0,-2e-05,-2e-05,0
16018,-4e-05,-7e-05,-0.0001,-0.00012,-0.00014,0.0,-2e-05,-2e-05,0
16019,-4e-05,-7e-05,-0.0001,-0.00012,-0.00014,0.0,-2e-05,-2e-05,0
16020,-4e-05,-7e-05,-0.0001,-0.00012,-0.00014,0.0,-2e-05,-2e-05,0
16021,-4e-05,-7e-05,-0.0001,-0.00012,-0.00014,0.0,-2e-05,-2e-05,0
16022,-4e-05,-7e-05,-0.0001,-0.00012,-0.00014,0.0,-2e-05,-2e-05,0
16023,-4e-05,-7e-05,-0.0001,-0.00012,-0.00014,0.0,-2e-05,-2e-05,0
16024,-4e-05,-7e-05,-0.0001,-0.00012,-0.00014,0.0,-2e-05,-2e-05,0
16025,-4e-05,-7e-05,-0.0001,-0.00012,-0.00014,0.0,-2e-05,-2e-05,0
16026,-4e-05,-7e-05,-0.0001,-0.00012,-0.00014,0.0,-2e-05,-2e-05,0
16027,-4e-05,-7e-05,-0.0001,-0.00012,-0.00014,0.0,-2e-05,-2e-05,0
16028,-4e-05,-7e-05,-0.0001,-0.00012,-0.00014,0.0,-2e-05,-2e-05,0
16029,-4e-05,-7e-05,-0.0001,-0.00012,-0.00014,0.0,-2e-05,-2e-05,0
16030,-4e-05,-7e-05,-0.0001,-0.00012,-0.00014,0.0,-2e-05,-2e-05,0
16031,-4e-05,-7e-05,-0.0001,-0.00012,-0.00014,0.0,-2e-05,-2e-05,0
16032,-4e-05,-7e-05,-0.0001,-0.00012,-0.00014,0.0,-2e-05,-2e-05,0
16033,-4e-05,-7e-05,-0.0001,-0.00012,-0.00014,0.0,-2e-05,-2e-05,0
16034,-4e-05,-7e-05,-0.0001,-0.00012,-0.00014,0.0,-2e-05,-2e-05,0
16035,-4e-05,-7e-05,-0.0001,-0.00012,-0.00014,0.0,-2e-05,-2e-05,0
16036,-4e-05,-7e-05,-0.0001,-0.00012,-0.00014,0.0,-2e-05,-2e-05,0
16039,-1e-05,-1e-05,-4e-05,-0.0001,-0.00014,-5e-05,-1e-05,0.0,0
16040,-1e-05,-1e-05,-4e-05,-0.0001,-0.00014,-5e-05,-1e-05,0.0,0
16041,-1e-05,-1e-05,-4e-05,-0.0001,-0.00014,-5e-05,-1e-05,0.0,0
16042,-1e-05,-1e-05,-4e-05,-0.0001,-0.00014,-5e-05,-1e-05,0.0,0
16043,-1e-05,-1e-05,-4e-05,-0.0001,-0.00014,-5e-05,-1e-05,0.0,0
16044,0.0,3e-05,-1e-05,-5e-05,-0.00011,1e-05,-1e-05,-3e-05,0
16045,0.0,3e-05,-1e-05,-5e-05,-0.00011,1e-05,-1e-05,-3e-05,0
16046,0.0,3e-05,-1e-05,-5e-05,-0.00011,1e-05,-1e-05,-3e-05,0
16047,0.0,3e-05,-1e-05,-5e-05,-0.00011,1e-05,-1e-05,-3e-05,0
16048,0.0,3e-05,-1e-05,-5e-05,-0.00011,1e-05,-1e-05,-3e-05,0
16049,0.0,3e-05,-1e-05,-5e-05,-0.00011,1e-05,-1e-05,-3e-05,0
16050,0.0,3e-05,-1e-05,-5e-05,-0.00011,1e-05,-1e-05,-3e-05,0
16051,0.0,3e-05,-1e-05,-5e-05,-0.00011,1e-05,-1e-05,-3e-05,0
16052,1e-05,-3e-05,-1e-05,9e-05,7e-05,-4e-05,-3e-05,-2e-05,0
16053,-1e-05,-2e-05,-6e-05,-0.00016,-0.00041,-7e-05,-4e-05,-1e-05,0
16054,-1e-05,0.0,2e-05,6e-05,0.00012,2e-05,-1e-05,-2e-05,0
16055,-1e-05,0.0,2e-05,6e-05,0.00012,2e-05,-1e-05,-2e-05,0
16056,-1e-05,0.0,2e-05,6e-05,0.00012,2e-05,-1e-05,-2e-05,0
16057,-1e-05,0.0,2e-05,6e-05,0.00012,2e-05,-1e-05,-2e-05,0
16058,-1e-05,0.0,2e-05,6e-05,0.00012,2e-05,-1e-05,-2e-05,0
16059,-1e-05,0.0,2e-05,6e-05,0.00012,2e-05,-1e-05,-2e-05,0
16060,-1e-05,0.0,2e-05,6e-05,0.00012,2e-05,-1e-05,-2e-05,0
16061,-1e-05,0.0,2e-05,6e-05,0.00012,2e-05,-1e-05,-2e-05,0
16062,-1e-05,0.0,2e-05,6e-05,0.00012,2e-05,-1e-05,-2e-05,0
16063,-1e-05,0.0,2e-05,6e-05,0.00012,2e-05,-1e-05,-2e-05,0
16064,-1e-05,0.0,2e-05,6e-05,0.00012,2e-05,-1e-05,-2e-05,0
16065,-1e-05,0.0,2e-05,6e-05,0.00012,2e-05,-1e-05,-2e-05,0
16066,-1e-05,0.0,2e-05,6e-05,0.00012,2e-05,-1e-05,-2e-05,0
16067,-1e-05,0.0,2e-05,6e-05,0.00012,2e-05,-1e-05,-2e-05,0
16068,-1e-05,0.0,2e-05,6e-05,0.00012,2e-05,-1e-05,-2e-05,0
16069,-1e-05,0.0,2e-05,6e-05,0.00012,2e-05,-1e-05,-2e-05,0
16070,-1e-05,0.0,2e-05,6e-05,0.00012,2e-05,-1e-05,-2e-05,0
16071,-1e-05,0.0,2e-05,6e-05,0.00012,2e-05,-1e-05,-2e-05,0
16072,-1e-05,0.0,2e-05,6e-05,0.00012,2e-05,-1e-05,-2e-05,0
16073,-1e-05,0.0,2e-05,6e-05,0.00012,2e-05,-1e-05,-2e-05,0
16074,-1e-05,0.0,2e-05,6e-05,0.00012,2e-05,-1e-05,-2e-05,0
16075,-3e-05,-1e-05,-4e-05,-1e-05,0.00031,0.0,-3e-05,-3e-05,0
16076,-3e-05,-1e-05,-4e-05,-1e-05,0.00031,0.0,-3e-05,-3e-05,0
16077,0.0,1e-05,2e-05,0.00012,0.00071,0.00019,2e-05,0.0,0
16078,0.0,1e-05,2e-05,0.00012,0.00071,0.00019,2e-05,0.0,0
16079,0.0,1e-05,2e-05,0.00012,0.00071,0.00019,2e-05,0.0,0
16080,0.0,1e-05,2e-05,0.00012,0.00071,0.00019,2e-05,0.0,0
16081,0.0,1e-05,2e-05,0.00012,0.00071,0.00019,2e-05,0.0,0
16082,0.0,1e-05,2e-05,0.00012,0.00071,0.00019,2e-05,0.0,0
16083,0.0,1e-05,2e-05,0.00012,0.00071,0.00019,2e-05,0.0,0
16084,0.0,1e-05,2e-05,0.00012,0.00071,0.00019,2e-05,0.0,0
16085,0.0,1e-05,2e-05,0.00012,0.00071,0.00019,2e-05,0.0,0
16086,0.0,1e-05,2e-05,0.00012,0.00071,0.00019,2e-05,0.0,0
16088,0.0,1e-05,2e-05,0.00012,0.00071,0.00019,2e-05,0.0,0
16089,-1e-05,-1e-05,0.0,-0.0001,-0.00056,-2e-05,-2e-05,-1e-05,0
16090,-1e-05,-4e-05,-4e-05,-1e-05,-0.00014,-7e-05,-6e-05,-3e-05,0
16091,-1e-05,-4e-05,-4e-05,-1e-05,-0.00014,-7e-05,-6e-05,-3e-05,0
16092,-1e-05,-4e-05,-4e-05,-1e-05,-0.00014,-7e-05,-6e-05,-3e-05,0
16093,-1e-05,-4e-05,-4e-05,-1e-05,-0.00014,-7e-05,-6e-05,-3e-05,0
16094,-1e-05,-4e-05,-4e-05,-1e-05,-0.00014,-7e-05,-6e-05,-3e-05,0
16095,-1e-05,-4e-05,-4e-05,-1e-05,-0.00014,-7e-05,-6e-05,-3e-05,0
16096,-1e-05,-5e-05,-0.00011,-0.00016,-1e-05,-0.00019,-4e-05,-2e-05,0
16097,-1e-05,-5e-05,-0.00011,-0.00016,-1e-05,-0.00019,-4e-05,-2e-05,0
16098,-1e-05,-5e-05,-0.00011,-0.00016,-1e-05,-0.00019,-4e-05,-2e-05,0
16099,-1e-05,-5e-05,-0.00011,-0.00016,-1e-05,-0.00019,-4e-05,-2e-05,0
16100,-1e-05,-5e-05,-0.00011,-0.00016,-1e-05,-0.00019,-4e-05,-2e-05,0
16101,-1e-05,-5e-05,-0.00011,-0.00016,-1e-05,-0.00019,-4e-05,-2e-05,0
16102,-1e-05,-5e-05,-0.00011,-0.00016,-1e-05,-0.00019,-4e-05,-2e-05,0
16103,-1e-05,-5e-05,-0.00011,-0.00016,-1e-05,-0.00019,-4e-05,-2e-05,0
16104,-1e-05,-5e-05,-0.00011,-0.00016,-1e-05,-0.00019,-4e-05,-2e-05,0
16105,-1e-05,-5e-05,-0.00011,-0.00016,-1e-05,-0.00019,-4e-05,-2e-05,0
16106,-1e-05,-5e-05,-0.00011,-0.00016,-1e-05,-0.00019,-4e-05,-2e-05,0
16107,-1e-05,-5e-05,-0.00011,-0.00016,-1e-05,-0.00019,-4e-05,-2e-05,0
16108,-1e-05,-5e-05,-0.00011,-0.00016,-1e-05,-0.00019,-4e-05,-2e-05,0
16109,-1e-05,-5e-05,-0.00011,-0.00016,-1e-05,-0.00019,-4e-05,-2e-05,0
16110,-1e-05,-5e-05,-0.00011,-0.00016,-1e-05,-0.00019,-4e-05,-2e-05,0
16111,-1e-05,-5e-05,-0.00011,-0.00016,-1e-05,-0.00019,-4e-05,-2e-05,0
16112,-3e-05,-4e-05,-7e-05,-1e-05,0.00034,-4e-05,-3e-05,-5e-05,0
16113,2e-05,8e-05,0.00016,0.00017,0.0,0.00013,9e-05,6e-05,0
16114,0.0,3e-05,4e-05,-2e-05,-0.00071,6e-05,2e-05,1e-05,0
16115,0.0,3e-05,4e-05,-2e-05,-0.00071,6e-05,2e-05,1e-05,0
16116,0.0,3e-05,4e-05,-2e-05,-0.00071,6e-05,2e-05,1e-05,0
16117,0.0,3e-05,4e-05,-2e-05,-0.00071,6e-05,2e-05,1e-05,0
16118,0.0,3e-05,4e-05,-2e-05,-0.00071,6e-05,2e-05,1e-05,0
16119,0.0,3e-05,4e-05,-2e-05,-0.00071,6e-05,2e-05,1e-05,0
16120,0.0,3e-05,4e-05,-2e-05,-0.00071,6e-05,2e-05,1e-05,0
16121,0.0,3e-05,4e-05,-2e-05,-0.00071,6e-05,2e-05,1e-05,0
16122,0.0,3e-05,4e-05,-2e-05,-0.00071,6e-05,2e-05,1e-05,0
16123,0.0,3e-05,4e-05,-2e-05,-0.00071,6e-05,2e-05,1e-05,0
16124,0.0,3e-05,4e-05,-2e-05,-0.00071,6e-05,2e-05,1e-05,0
16125,0.0,3e-05,4e-05,-2e-05,-0.00071,6e-05,2e-05,1e-05,0
16126,0.0,3e-05,4e-05,-2e-05,-0.00071,6e-05,2e-05,1e-05,0
16127,0.0,3e-05,4e-05,-2e-05,-0.00071,6e-05,2e-05,1e-05,0
16128,0.0,3e-05,4e-05,-2e-05,-0.00071,6e-05,2e-05,1e-05,0
16129,0.0,3e-05,4e-05,-2e-05,-0.00071,6e-05,2e-05,1e-05,0
16130,0.0,3e-05,4e-05,-2e-05,-0.00071,6e-05,2e-05,1e-05,0
16131,0.0,3e-05,4e-05,-2e-05,-0.00071,6e-05,2e-05,1e-05,0
16132,0.0,3e-05,4e-05,-2e-05,-0.00071,6e-05,2e-05,1e-05,0
16133,0.0,3e-05,4e-05,-2e-05,-0.00071,6e-05,2e-05,1e-05,0
16134,0.0,3e-05,4e-05,-2e-05,-0.00071,6e-05,2e-05,1e-05,0
16135,-3e-05,-5e-05,-7e-05,-0.00014,-0.00047,-0.00019,-7e-05,-5e-05,0
16136,-3e-05,-5e-05,-7e-05,-0.00014,-0.00047,-0.00019,-7e-05,-5e-05,0
16138,3e-05,5e-05,0.00012,0.00026,0.00011,0.00015,7e-05,4e-05,0
16139,3e-05,5e-05,0.00012,0.00026,0.00011,0.00015,7e-05,4e-05,0
16140,3e-05,5e-05,0.00012,0.00026,0.00011,0.00015,7e-05,4e-05,0
16141,3e-05,5e-05,0.00012,0.00026,0.00011,0.00015,7e-05,4e-05,0
16142,3e-05,5e-05,0.00012,0.00026,0.00011,0.00015,7e-05,4e-05,0
16143,3e-05,5e-05,0.00012,0.00026,0.00011,0.00015,7e-05,4e-05,0
16144,3e-05,5e-05,0.00012,0.00026,0.00011,0.00015,7e-05,4e-05,0
16145,3e-05,5e-05,0.00012,0.00026,0.00011,0.00015,7e-05,4e-05,0
16146,3e-05,5e-05,0.00012,0.00026,0.00011,0.00015,7e-05,4e-05,0
16147,3e-05,5e-05,0.00012,0.00026,0.00011,0.00015,7e-05,4e-05,0
16148,3e-05,5e-05,0.00012,0.00026,0.00011,0.00015,7e-05,4e-05,0
16149,-3e-05,-5e-05,-8e-05,5e-05,0.00054,-0.0001,-5e-05,-6e-05,0
16150,2e-05,5e-05,0.00011,0.00015,-0.00034,0.00012,3e-05,2e-05,0
16151,2e-05,5e-05,0.00011,0.00015,-0.00034,0.00012,3e-05,2e-05,0
16152,2e-05,5e-05,0.00011,0.00015,-0.00034,0.00012,3e-05,2e-05,0
16154,2e-05,5e-05,0.00011,0.00015,-0.00034,0.00012,3e-05,2e-05,0
16155,2e-05,5e-05,0.00011,0.00015,-0.00034,0.00012,3e-05,2e-05,0
16156,-1e-05,-4e-05,-8e-05,-0.00021,3e-05,-1e-05,-2e-05,-3e-05,0
16157,-1e-05,-4e-05,-8e-05,-0.00021,3e-05,-1e-05,-2e-05,-3e-05,0
16158,-1e-05,-4e-05,-8e-05,-0.00021,3e-05,-1e-05,-2e-05,-3e-05,0
16159,-1e-05,-4e-05,-8e-05,-0.00021,3e-05,-1e-05,-2e-05,-3e-05,0
16160,-1e-05,-4e-05,-8e-05,-0.00021,3e-05,-1e-05,-2e-05,-3e-05,0
16161,-1e-05,-4e-05,-8e-05,-0.00021,3e-05,-1e-05,-2e-05,-3e-05,0
16162,-1e-05,-4e-05,-8e-05,-0.00021,3e-05,-1e-05,-2e-05,-3e-05,0
16163,-1e-05,-4e-05,-8e-05,-0.00021,3e-05,-1e-05,-2e-05,-3e-05,0
16164,-1e-05,-4e-05,-8e-05,-0.00021,3e-05,-1e-05,-2e-05,-3e-05,0
16165,-1e-05,-4e-05,-8e-05,-0.00021,3e-05,-1e-05,-2e-05,-3e-05,0
16166,-1e-05,-4e-05,-8e-05,-0.00021,3e-05,-1e-05,-2e-05,-3e-05,0
16167,-1e-05,-4e-05,-8e-05,-0.00021,3e-05,-1e-05,-2e-05,-3e-05,0
16168,-1e-05,-4e-05,-8e-05,-0.00021,3e-05,-1e-05,-2e-05,-3e-05,0
16169,-1e-05,-4e-05,-8e-05,-0.00021,3e-05,-1e-05,-2e-05,-3e-05,0
16170,-1e-05,-4e-05,-8e-05,-0.00021,3e-05,-1e-05,-2e-05,-3e-05,0
16171,-1e-05,-4e-05,-8e-05,-0.00021,3e-05,-1e-05,-2e-05,-3e-05,0
16172,-1e-05,-4e-05,-5e-05,-0.00018,-0.00036,-9e-05,-1e-05,-2e-05,0
16173,-4e-05,-4e-05,-3e-05,0.00024,-9e-05,3e-05,-2e-05,-2e-05,0
16174,-1e-05,0.0,-3e-05,-0.0001,-0.00062,-9e-05,-4e-05,-5e-05,0
16175,-1e-05,0.0,-3e-05,-0.0001,-0.00062,-9e-05,-4e-05,-5e-05,0
16176,-1e-05,0.0,-3e-05,-0.0001,-0.00062,-9e-05,-4e-05,-5e-05,0
16177,-1e-05,0.0,-3e-05,-0.0001,-0.00062,-9e-05,-4e-05,-5e-05,0
16178,-1e-05,0.0,-3e-05,-0.0001,-0.00062,-9e-05,-4e-05,-5e-05,0
16179,-1e-05,0.0,-3e-05,-0.0001,-0.00062,-9e-05,-4e-05,-5e-05,0
16180,-1e-05,0.0,-3e-05,-0.0001,-0.00062,-9e-05,-4e-05,-5e-05,0
16181,-1e-05,0.0,-3e-05,-0.0001,-0.00062,-9e-05,-4e-05,-5e-05,0
16182,-1e-05,0.0,-3e-05,-0.0001,-0.00062,-9e-05,-4e-05,-5e-05,0
16183,-1e-05,0.0,-3e-05,-0.0001,-0.00062,-9e-05,-4e-05,-5e-05,0
16184,-1e-05,0.0,-3e-05,-0.0001,-0.00062,-9e-05,-4e-05,-5e-05,0
16185,-1e-05,0.0,-3e-05,-0.0001,-0.00062,-9e-05,-4e-05,-5e-05,0
16186,-1e-05,0.0,-3e-05,-0.0001,-0.00062,-9e-05,-4e-05,-5e-05,0
16188,-1e-05,0.0,-3e-05,-0.0001,-0.00062,-9e-05,-4e-05,-5e-05,0
16189,-1e-05,0.0,-3e-05,-0.0001,-0.00062,-9e-05,-4e-05,-5e-05,0
16190,-1e-05,0.0,-3e-05,-0.0001,-0.00062,-9e-05,-4e-05,-5e-05,0
16191,-1e-05,0.0,-3e-05,-0.0001,-0.00062,-9e-05,-4e-05,-5e-05,0
16192,-1e-05,0.0,-3e-05,-0.0001,-0.00062,-9e-05,-4e-05,-5e-05,0
16193,-1e-05,0.0,-3e-05,-0.0001,-0.00062,-9e-05,-4e-05,-5e-05,0
16194,-1e-05,0.0,-3e-05,-0.0001,-0.00062,-9e-05,-4e-05,-5e-05,0
16195,-1e-05,-1e-05,-3e-05,-0.00022,-0.00027,-3e-05,0.0,-1e-05,0
16196,-1e-05,-1e-05,-3e-05,-0.00022,-0.00027,-3e-05,0.0,-1e-05,0
16197,-1e-05,-2e-05,-5e-05,-9e-05,0.00057,-0.0001,-5e-05,-3e-05,0
16198,-1e-05,-2e-05,-5e-05,-9e-05,0.00057,-0.0001,-5e-05,-3e-05,0
16199,-1e-05,-2e-05,-5e-05,-9e-05,0.00057,-0.0001,-5e-05,-3e-05,0
16200,-1e-05,-2e-05,-5e-05,-9e-05,0.00057,-0.0001,-5e-05,-3e-05,0
16201,-1e-05,-2e-05,-5e-05,-9e-05,0.00057,-0.0001,-5e-05,-3e-05,0
16202,-1e-05,-2e-05,-5e-05,-9e-05,0.00057,-0.0001,-5e-05,-3e-05,0
16204,-1e-05,-2e-05,-5e-05,-9e-05,0.00057,-0.0001,-5e-05,-3e-05,0
16205,-1e-05,-2e-05,-5e-05,-9e-05,0.00057,-0.0001,-5e-05,-3e-05,0
16206,-1e-05,-2e-05,-5e-05,-9e-05,0.00057,-0.0001,-5e-05,-3e-05,0
16207,-1e-05,-2e-05,-5e-05,-9e-05,0.00057,-0.0001,-5e-05,-3e-05,0
16208,-1e-05,-2e-05,-5e-05,-9e-05,0.00057,-0.0001,-5e-05,-3e-05,0
16209,-1e-05,-2e-05,-1e-05,-0.00012,4e-05,-6e-05,-5e-05,-2e-05,0
16210,-1e-05,-2e-05,-1e-05,-0.00012,4e-05,-6e-05,-5e-05,-2e-05,0
16211,-1e-05,-2e-05,-1e-05,-0.00012,4e-05,-6e-05,-5e-05,-2e-05,0
16212,-1e-05,-2e-05,-1e-05,-0.00012,4e-05,-6e-05,-5e-05,-2e-05,0
16213,-1e-05,-2e-05,-1e-05,-0.00012,4e-05,-6e-05,-5e-05,-2e-05,0
16214,-1e-05,-2e-05,-1e-05,-0.00012,4e-05,-6e-05,-5e-05,-2e-05,0
16215,-1e-05,-2e-05,-1e-05,-0.00012,4e-05,-6e-05,-5e-05,-2e-05,0
16216,-1e-05,-2e-05,-1e-05,-0.00012,4e-05,-6e-05,-5e-05,-2e-05,0
16217,-2e-05,-1e-05,-3e-05,-0.0001,-0.00014,4e-05,1e-05,-4e-05,0
16218,-5e-05,-9e-05,-0.00011,-2e-05,4e-05,-0.00015,-7e-05,-4e-05,0
16219,-5e-05,-9e-05,-0.00011,-2e-05,4e-05,-0.00015,-7e-05,-4e-05,0
16220,-5e-05,-9e-05,-0.00011,-2e-05,4e-05,-0.00015,-7e-05,-4e-05,0
16221,-5e-05,-9e-05,-0.00011,-2e-05,4e-05,-0.00015,-7e-05,-4e-05,0
16222,-5e-05,-9e-05,-0.00011,-2e-05,4e-05,-0.00015,-7e-05,-4e-05,0
16223,-5e-05,-9e-05,-0.00011,-2e-05,4e-05,-0.00015,-7e-05,-4e-05,0
16224,-5e-05,-9e-05,-0.00011,-2e-05,4e-05,-0.00015,-7e-05,-4e-05,0
16225,-5e-05,-9e-05,-0.00011,-2e-05,4e-05,-0.00015,-7e-05,-4e-05,0
16226,-5e-05,-9e-05,-0.00011,-2e-05,4e-05,-0.00015,-7e-05,-4e-05,0
16227,-5e-05,-9e-05,-0.00011,-2e-05,4e-05,-0.00015,-7e-05,-4e-05,0
16228,-5e-05,-9e-05,-0.00011,-2e-05,4e-05,-0.00015,-7e-05,-4e-05,0
16229,-5e-05,-9e-05,-0.00011,-2e-05,4e-05,-0.00015,-7e-05,-4e-05,0
16230,-5e-05,-9e-05,-0.00011,-2e-05,4e-05,-0.00015,-7e-05,-4e-05,0
16231,-5e-05,-9e-05,-0.00011,-2e-05,4e-05,-0.00015,-7e-05,-4e-05,0
16232,-1e-05,-2e-05,-7e-05,-0.00023,-5e-05,-0.00017,-2e-05,-4e-05,0
16233,-4e-05,-3e-05,-1e-05,-8e-05,0.00013,3e-05,1e-05,-2e-05,0
16234,1e-05,-1e-05,0.0,-0.00021,-0.00044,-0.00015,-9e-05,-3e-05,0
16235,1e-05,-1e-05,0.0,-0.00021,-0.00044,-0.00015,-9e-05,-3e-05,0
16236,1e-05,-1e-05,0.0,-0.00021,-0.00044,-0.00015,-9e-05,-3e-05,0
16238,1e-05,-1e-05,0.0,-0.00021,-0.00044,-0.00015,-9e-05,-3e-05,0
16239,1e-05,-1e-05,0.0,-0.00021,-0.00044,-0.00015,-9e-05,-3e-05,0
16240,1e-05,-1e-05,0.0,-0.00021,-0.00044,-0.00015,-9e-05,-3e-05,0
16241,1e-05,-1e-05,0.0,-0.00021,-0.00044,-0.00015,-9e-05,-3e-05,0
16242,1e-05,-1e-05,0.0,-0.00021,-0.00044,-0.00015,-9e-05,-3e-05,0
16243,1e-05,-1e-05,0.0,-0.00021,-0.00044,-0.00015,-9e-05,-3e-05,0
16244,1e-05,-1e-05,0.0,-0.00021,-0.00044,-0.00015,-9e-05,-3e-05,0
16245,1e-05,-1e-05,0.0,-0.00021,-0.00044,-0.00015,-9e-05,-3e-05,0
16246,1e-05,-1e-05,0.0,-0.00021,-0.00044,-0.00015,-9e-05,-3e-05,0
16247,1e-05,-1e-05,0.0,-0.00021,-0.00044,-0.00015,-9e-05,-3e-05,0
16248,1e-05,-1e-05,0.0,-0.00021,-0.00044,-0.00015,-9e-05,-3e-05,0
16249,1e-05,-1e-05,0.0,-0.00021,-0.00044,-0.00015,-9e-05,-3e-05,0
16250,1e-05,-1e-05,0.0,-0.00021,-0.00044,-0.00015,-9e-05,-3e-05,0
16251,1e-05,-1e-05,0.0,-0.00021,-0.00044,-0.00015,-9e-05,-3e-05,0
16252,1e-05,-1e-05,0.0,-0.00021,-0.00044,-0.00015,-9e-05,-3e-05,0
16254,1e-05,-1e-05,0.0,-0.00021,-0.00044,-0.00015,-9e-05,-3e-05,0
16255,-4e-05,-6e-05,-9e-05,0.00026,0.00082,-0.00023,-0.00016,-9e-05,0
16256,-4e-05,-6e-05,-9e-05,0.00026,0.00082,-0.00023,-0.00016,-9e-05,0
16257,-6e-05,-4e-05,-7e-05,-5e-05,0.00012,-2e-05,-1e-05,-1e-05,0
16258,-6e-05,-4e-05,-7e-05,-5e-05,0.00012,-2e-05,-1e-05,-1e-05,0
16259,-6e-05,-4e-05,-7e-05,-5e-05,0.00012,-2e-05,-1e-05,-1e-05,0
16260,-6e-05,-4e-05,-7e-05,-5e-05,0.00012,-2e-05,-1e-05,-1e-05,0
16261,-6e-05,-4e-05,-7e-05,-5e-05,0.00012,-2e-05,-1e-05,-1e-05,0
16262,-6e-05,-4e-05,-7e-05,-5e-05,0.00012,-2e-05,-1e-05,-1e-05,0
16263,-6e-05,-4e-05,-7e-05,-5e-05,0.00012,-2e-05,-1e-05,-1e-05,0
16264,-6e-05,-4e-05,-7e-05,-5e-05,0.00012,-2e-05,-1e-05,-1e-05,0
16265,-6e-05,-4e-05,-7e-05,-5e-05,0.00012,-2e-05,-1e-05,-1e-05,0
16266,-6e-05,-4e-05,-7e-05,-5e-05,0.00012,-2e-05,-1e-05,-1e-05,0
16267,-6e-05,-4e-05,-7e-05,-5e-05,0.00012,-2e-05,-1e-05,-1e-05,0
16268,-6e-05,-4e-05,-7e-05,-5e-05,0.00012,-2e-05,-1e-05,-1e-05,0
16269,6e-05,9e-05,0.0001,0.00035,0.00108,0.00029,0.00012,7e-05,0
16270,6e-05,9e-05,0.0001,0.00035,0.00108,0.00029,0.00012,7e-05,0
16271,6e-05,9e-05,0.0001,0.00035,0.00108,0.00029,0.00012,7e-05,0
16272,6e-05,9e-05,0.0001,0.00035,0.00108,0.00029,0.00012,7e-05,0
16273,6e-05,9e-05,0.0001,0.00035,0.00108,0.00029,0.00012,7e-05,0
16274,6e-05,9e-05,0.0001,0.00035,0.00108,0.00029,0.00012,7e-05,0
16275,6e-05,9e-05,0.0001,0.00035,0.00108,0.00029,0.00012,7e-05,0
16276,6e-05,9e-05,0.0001,0.00035,0.00108,0.00029,0.00012,7e-05,0
16277,6e-05,9e-05,0.0001,0.00035,0.00108,0.00029,0.00012,7e-05,0
16278,6e-05,9e-05,0.0001,0.00035,0.00108,0.00029,0.00012,7e-05,0
16279,6e-05,9e-05,0.0001,0.00035,0.00108,0.00029,0.00012,7e-05,0
16280,6e-05,9e-05,0.0001,0.00035,0.00108,0.00029,0.00012,7e-05,0
16281,6e-05,9e-05,0.0001,0.00035,0.00108,0.00029,0.00012,7e-05,0
16282,6e-05,9e-05,0.0001,0.00035,0.00108,0.00029,0.00012,7e-05,0
16283,6e-05,9e-05,0.0001,0.00035,0.00108,0.00029,0.00012,7e-05,0
16284,-2e-05,-2e-05,-7e-05,0.00028,0.00037,-6e-05,-4e-05,-2e-05,0
16285,-2e-05,-2e-05,-7e-05,0.00028,0.00037,-6e-05,-4e-05,-2e-05,0
16286,-2e-05,-2e-05,-7e-05,0.00028,0.00037,-6e-05,-4e-05,-2e-05,0
16288,-2e-05,-2e-05,-7e-05,0.00028,0.00037,-6e-05,-4e-05,-2e-05,0
16289,-2e-05,-2e-05,-7e-05,0.00028,0.00037,-6e-05,-4e-05,-2e-05,0
16290,-2e-05,-2e-05,-7e-05,0.00028,0.00037,-6e-05,-4e-05,-2e-05,0
16291,-2e-05,-2e-05,-7e-05,0.00028,0.00037,-6e-05,-4e-05,-2e-05,0
16292,-2e-05,0.0,2e-05,-0.00034,-0.00061,-0.00025,-7e-05,-3e-05,0
16293,4e-05,7e-05,0.00015,0.0,-0.00042,0.00037,0.00014,-2e-05,0
16294,-8e-05,-9e-05,-0.00013,2e-05,0.00097,-0.00013,-2e-05,-0.0001,0
16295,0.0,2e-05,7e-05,-9e-05,-0.0006,0.00015,4e-05,1e-05,0
16296,0.0,2e-05,7e-05,-9e-05,-0.0006,0.00015,4e-05,1e-05,0
16297,0.0,2e-05,7e-05,-9e-05,-0.0006,0.00015,4e-05,1e-05,0
16298,0.0,2e-05,7e-05,-9e-05,-0.0006,0.00015,4e-05,1e-05,0
16299,0.0,2e-05,7e-05,-9e-05,-0.0006,0.00015,4e-05,1e-05,0
16300,0.0,2e-05,7e-05,-9e-05,-0.0006,0.00015,4e-05,1e-05,0
16301,0.0,2e-05,7e-05,-9e-05,-0.0006,0.00015,4e-05,1e-05,0
16302,0.0,2e-05,7e-05,-9e-05,-0.0006,0.00015,4e-05,1e-05,0
16304,0.0,2e-05,7e-05,-9e-05,-0.0006,0.00015,4e-05,1e-05,0
16305,0.0,2e-05,7e-05,-9e-05,-0.0006,0.00015,4e-05,1e-05,0
16306,0.0,2e-05,7e-05,-9e-05,-0.0006,0.00015,4e-05,1e-05,0
16307,0.0,2e-05,7e-05,-9e-05,-0.0006,0.00015,4e-05,1e-05,0
16308,0.0,2e-05,7e-05,-9e-05,-0.0006,0.00015,4e-05,1e-05,0
16309,0.0,2e-05,7e-05,-9e-05,-0.0006,0.00015,4e-05,1e-05,0
16310,0.0,2e-05,7e-05,-9e-05,-0.0006,0.00015,4e-05,1e-05,0
16311,0.0,2e-05,7e-05,-9e-05,-0.0006,0.00015,4e-05,1e-05,0
16312,0.0,2e-05,7e-05,-9e-05,-0.0006,0.00015,4e-05,1e-05,0
16313,0.0,2e-05,7e-05,-9e-05,-0.0006,0.00015,4e-05,1e-05,0
16314,0.0,2e-05,7e-05,-9e-05,-0.0006,0.00015,4e-05,1e-05,0
16315,-3e-05,-7e-05,-0.00013,-0.00011,-0.00051,-0.00034,-0.0001,-4e-05,0
16316,-3e-05,-7e-05,-0.00013,-0.00011,-0.00051,-0.00034,-0.0001,-4e-05,0
16317,0.0,7e-05,0.00014,-0.0001,-0.00038,0.00017,0.0001,0.00021,0
16318,0.0,7e-05,0.00014,-0.0001,-0.00038,0.00017,0.0001,0.00021,0
16319,0.0,7e-05,0.00014,-0.0001,-0.00038,0.00017,0.0001,0.00021,0
16320,0.0,7e-05,0.00014,-0.0001,-0.00038,0.00017,0.0001,0.00021,0
16321,0.0,7e-05,0.00014,-0.0001,-0.00038,0.00017,0.0001,0.00021,0
16322,0.0,7e-05,0.00014,-0.0001,-0.00038,0.00017,0.0001,0.00021,0
16323,0.0,7e-05,0.00014,-0.0001,-0.00038,0.00017,0.0001,0.00021,0
16324,0.0,7e-05,0.00014,-0.0001,-0.00038,0.00017,0.0001,0.00021,0
16325,0.0,7e-05,0.00014,-0.0001,-0.00038,0.00017,0.0001,0.00021,0
16326,0.0,7e-05,0.00014,-0.0001,-0.00038,0.00017,0.0001,0.00021,0
16327,0.0,7e-05,0.00014,-0.0001,-0.00038,0.00017,0.0001,0.00021,0
16328,0.0,7e-05,0.00014,-0.0001,-0.00038,0.00017,0.0001,0.00021,0
16329,-5e-05,-0.00012,-9e-05,0.00055,0.00019,-0.00014,-9e-05,-7e-05,0
16330,-5e-05,-0.00012,-9e-05,0.00055,0.00019,-0.00014,-9e-05,-7e-05,0
16331,-5e-05,-0.00012,-9e-05,0.00055,0.00019,-0.00014,-9e-05,-7e-05,0
16332,-5e-05,-0.00012,-9e-05,0.00055,0.00019,-0.00014,-9e-05,-7e-05,0
16333,-5e-05,-0.00012,-9e-05,0.00055,0.00019,-0.00014,-9e-05,-7e-05,0
16334,-5e-05,-0.00012,-9e-05,0.00055,0.00019,-0.00014,-9e-05,-7e-05,0
16335,-5e-05,-0.00012,-9e-05,0.00055,0.00019,-0.00014,-9e-05,-7e-05,0
16336,-5e-05,-0.00012,-9e-05,0.00055,0.00019,-0.00014,-9e-05,-7e-05,0
16338,-4e-05,3e-05,7e-05,-0.00026,0.00014,3e-05,0.00012,-0.00017,0
16339,-4e-05,3e-05,7e-05,-0.00026,0.00014,3e-05,0.00012,-0.00017,0
16340,-4e-05,3e-05,7e-05,-0.00026,0.00014,3e-05,0.00012,-0.00017,0
16341,-4e-05,3e-05,7e-05,-0.00026,0.00014,3e-05,0.00012,-0.00017,0
16342,-4e-05,3e-05,7e-05,-0.00026,0.00014,3e-05,0.00012,-0.00017,0
16343,-4e-05,3e-05,7e-05,-0.00026,0.00014,3e-05,0.00012,-0.00017,0
16344,-4e-05,3e-05,7e-05,-0.00026,0.00014,3e-05,0.00012,-0.00017,0
16345,-4e-05,3e-05,7e-05,-0.00026,0.00014,3e-05,0.00012,-0.00017,0
16346,-4e-05,3e-05,7e-05,-0.00026,0.00014,3e-05,0.00012,-0.00017,0
16347,-4e-05,3e-05,7e-05,-0.00026,0.00014,3e-05,0.00012,-0.00017,0
16348,-4e-05,3e-05,7e-05,-0.00026,0.00014,3e-05,0.00012,-0.00017,0
16349,-4e-05,3e-05,7e-05,-0.00026,0.00014,3e-05,0.00012,-0.00017,0
16350,-4e-05,3e-05,7e-05,-0.00026,0.00014,3e-05,0.00012,-0.00017,0
16351,-4e-05,3e-05,7e-05,-0.00026,0.00014,3e-05,0.00012,-0.00017,0
16352,-4e-05,-0.00012,-0.00018,-0.00025,-0.00059,-0.00038,-0.00023,0.00052,0
16354,-9e-05,-0.00013,-0.00018,0.00049,0.00064,-0.0001,-1e-05,-0.00014,0
16355,-9e-05,-0.00013,-0.00018,0.00049,0.00064,-0.0001,-1e-05,-0.00014,0
16356,-9e-05,-0.00013,-0.00018,0.00049,0.00064,-0.0001,-1e-05,-0.00014,0
16357,-9e-05,-0.00013,-0.00018,0.00049,0.00064,-0.0001,-1e-05,-0.00014,0
16358,-9e-05,-0.00013,-0.00018,0.00049,0.00064,-0.0001,-1e-05,-0.00014,0
16359,-9e-05,-0.00013,-0.00018,0.00049,0.00064,-0.0001,-1e-05,-0.00014,0
16360,-9e-05,-0.00013,-0.00018,0.00049,0.00064,-0.0001,-1e-05,-0.00014,0
16361,-9e-05,-0.00013,-0.00018,0.00049,0.00064,-0.0001,-1e-05,-0.00014,0
16362,-9e-05,-0.00013,-0.00018,0.00049,0.00064,-0.0001,-1e-05,-0.00014,0
16363,-9e-05,-0.00013,-0.00018,0.00049,0.00064,-0.0001,-1e-05,-0.00014,0
16364,-9e-05,-0.00013,-0.00018,0.00049,0.00064,-0.0001,-1e-05,-0.00014,0
16365,-9e-05,-0.00013,-0.00018,0.00049,0.00064,-0.0001,-1e-05,-0.00014,0
16366,-9e-05,-0.00013,-0.00018,0.00049,0.00064,-0.0001,-1e-05,-0.00014,0
16367,-9e-05,-0.00013,-0.00018,0.00049,0.00064,-0.0001,-1e-05,-0.00014,0
16368,-9e-05,-0.00013,-0.00018,0.00049,0.00064,-0.0001,-1e-05,-0.00014,0
16369,-9e-05,-0.00013,-0.00018,0.00049,0.00064,-0.0001,-1e-05,-0.00014,0
16370,-9e-05,-0.00013,-0.00018,0.00049,0.00064,-0.0001,-1e-05,-0.00014,0
16371,-9e-05,-0.00013,-0.00018,0.00049,0.00064,-0.0001,-1e-05,-0.00014,0
16372,-9e-05,-0.00013,-0.00018,0.00049,0.00064,-0.0001,-1e-05,-0.00014,0
16373,-9e-05,-0.00013,-0.00018,0.00049,0.00064,-0.0001,-1e-05,-0.00014,0
16374,-9e-05,-0.00013,-0.00018,0.00049,0.00064,-0.0001,-1e-05,-0.00014,0
16375,-3e-05,-5e-05,-0.00015,-0.00095,-0.00114,-0.00037,-0.00015,-7e-05,0
16376,-4e-05,-0.00011,-9e-05,0.0005,0.00027,-0.00038,-3e-05,0.00011,0
16377,0.00025,0.00038,0.00067,0.00092,0.00091,0.00102,0.00039,0.00016,0
16378,0.00025,0.00038,0.00067,0.00092,0.00091,0.00102,0.00039,0.00016,0
16379,0.00025,0.00038,0.00067,0.00092,0.00091,0.00102,0.00039,0.00016,0
16380,0.00025,0.00038,0.00067,0.00092,0.00091,0.00102,0.00039,0.00016,0
16381,0.00025,0.00038,0.00067,0.00092,0.00091,0.00102,0.00039,0.00016,0
16382,0.00025,0.00038,0.00067,0.00092,0.00091,0.00102,0.00039,0.00016,0
16383,0.00025,0.00038,0.00067,0.00092,0.00091,0.00102,0.00039,0.00016,0
16384,0.00025,0.00038,0.00067,0.00092,0.00091,0.00102,0.00039,0.00016,0
16385,0.00025,0.00038,0.00067,0.00092,0.00091,0.00102,0.00039,0.00016,0
16386,0.00025,0.00038,0.00067,0.00092,0.00091,0.00102,0.00039,0.00016,0
16388,0.00025,0.00038,0.00067,0.00092,0.00091,0.00102,0.00039,0.00016,0
16389,0.00025,0.00038,0.00067,0.00092,0.00091,0.00102,0.00039,0.00016,0
16390,0.00025,0.00038,0.00067,0.00092,0.00091,0.00102,0.00039,0.00016,0
16391,0.00025,0.00038,0.00067,0.00092,0.00091,0.00102,0.00039,0.00016,0
16392,0.00025,0.00038,0.00067,0.00092,0.00091,0.00102,0.00039,0.00016,0
16393,0.00025,0.00038,0.00067,0.00092,0.00091,0.00102,0.00039,0.00016,0
16394,0.00025,0.00038,0.00067,0.00092,0.00091,0.00102,0.00039,0.00016,0
16395,0.00025,0.00038,0.00067,0.00092,0.00091,0.00102,0.00039,0.00016,0
16396,0.00025,0.00038,0.00067,0.00092,0.00091,0.00102,0.00039,0.00016,0
16397,0.00025,0.00038,0.00067,0.00092,0.00091,0.00102,0.00039,0.00016,0
16398,0.00025,0.00038,0.00067,0.00092,0.00091,0.00102,0.00039,0.00016,0
16399,0.00025,0.00038,0.00067,0.00092,0.00091,0.00102,0.00039,0.00016,0
16400,0.00025,0.00038,0.00067,0.00092,0.00091,0.00102,0.00039,0.00016,0
16401,0.00025,0.00038,0.00067,0.00092,0.00091,0.00102,0.00039,0.00016,0
16402,0.00025,0.00038,0.00067,0.00092,0.00091,0.00102,0.00039,0.00016,0
16404,0.00025,0.00038,0.00067,0.00092,0.00091,0.00102,0.00039,0.00016,0
16405,0.00017,0.00018,0.00027,9e-05,-0.00036,0.00011,9e-05,0.00033,0
16406,0.00017,0.00018,0.00027,9e-05,-0.00036,0.00011,9e-05,0.00033,0
16407,-0.0002,-0.00032,-0.00057,-0.00117,-0.00128,-0.00118,-0.00038,-0.00011,0
16408,-0.0002,-0.00032,-0.00057,-0.00117,-0.00128,-0.00118,-0.00038,-0.00011,0
16409,-0.0002,-0.00032,-0.00057,-0.00117,-0.00128,-0.00118,-0.00038,-0.00011,0
16410,-0.0002,-0.00032,-0.00057,-0.00117,-0.00128,-0.00118,-0.00038,-0.00011,0
16411,-0.0002,-0.00032,-0.00057,-0.00117,-0.00128,-0.00118,-0.00038,-0.00011,0
16412,8e-05,0.00013,0.00028,0.00073,0.00094,-5e-05,0.00013,-0.00012,0
16413,-1e-05,3e-05,2e-05,-0.00017,-0.00058,8e-05,-5e-05,-9e-05,0
16414,-3e-05,0.0,-1e-05,-0.00088,-0.00128,-0.00059,-0.00022,-6e-05,0
16415,-3e-05,0.0,-1e-05,-0.00088,-0.00128,-0.00059,-0.00022,-6e-05,0
16416,-3e-05,0.0,-1e-05,-0.00088,-0.00128,-0.00059,-0.00022,-6e-05,0
16417,-3e-05,0.0,-1e-05,-0.00088,-0.00128,-0.00059,-0.00022,-6e-05,0
16418,-3e-05,0.0,-1e-05,-0.00088,-0.00128,-0.00059,-0.00022,-6e-05,0
16419,-3e-05,0.0,-1e-05,-0.00088,-0.00128,-0.00059,-0.00022,-6e-05,0
16420,-3e-05,0.0,-1e-05,-0.00088,-0.00128,-0.00059,-0.00022,-6e-05,0
16421,-3e-05,0.0,-1e-05,-0.00088,-0.00128,-0.00059,-0.00022,-6e-05,0
16422,-3e-05,0.0,-1e-05,-0.00088,-0.00128,-0.00059,-0.00022,-6e-05,0
16423,-3e-05,0.0,-1e-05,-0.00088,-0.00128,-0.00059,-0.00022,-6e-05,0
16424,-3e-05,0.0,-1e-05,-0.00088,-0.00128,-0.00059,-0.00022,-6e-05,0
16425,-3e-05,0.0,-1e-05,-0.00088,-0.00128,-0.00059,-0.00022,-6e-05,0
16426,-3e-05,0.0,-1e-05,-0.00088,-0.00128,-0.00059,-0.00022,-6e-05,0
16427,-3e-05,0.0,-1e-05,-0.00088,-0.00128,-0.00059,-0.00022,-6e-05,0
16428,-3e-05,0.0,-1e-05,-0.00088,-0.00128,-0.00059,-0.00022,-6e-05,0
16429,-3e-05,0.0,-1e-05,-0.00088,-0.00128,-0.00059,-0.00022,-6e-05,0
16430,-3e-05,0.0,-1e-05,-0.00088,-0.00128,-0.00059,-0.00022,-6e-05,0
16431,-3e-05,0.0,-1e-05,-0.00088,-0.00128,-0.00059,-0.00022,-6e-05,0
16432,-3e-05,0.0,-1e-05,-0.00088,-0.00128,-0.00059,-0.00022,-6e-05,0
16433,-3e-05,0.0,-1e-05,-0.00088,-0.00128,-0.00059,-0.00022,-6e-05,0
16434,-3e-05,0.0,-1e-05,-0.00088,-0.00128,-0.00059,-0.00022,-6e-05,0
16435,-0.0001,-4e-05,-8e-05,-0.00053,-0.00108,-0.00024,-0.00036,-0.00029,0
16436,-0.0001,-4e-05,-8e-05,-0.00053,-0.00108,-0.00024,-0.00036,-0.00029,0
16438,0.0001,0.00013,0.00013,-0.00041,-0.00067,0.00056,3e-05,0.00014,0
16439,0.0001,0.00013,0.00013,-0.00041,-0.00067,0.00056,3e-05,0.00014,0
16440,0.0001,0.00013,0.00013,-0.00041,-0.00067,0.00056,3e-05,0.00014,0
16441,0.0001,0.00013,0.00013,-0.00041,-0.00067,0.00056,3e-05,0.00014,0
16442,0.0001,0.00013,0.00013,-0.00041,-0.00067,0.00056,3e-05,0.00014,0
16443,0.0001,0.00013,0.00013,-0.00041,-0.00067,0.00056,3e-05,0.00014,0
16444,0.0001,0.00013,0.00013,-0.00041,-0.00067,0.00056,3e-05,0.00014,0
16445,0.0001,0.00013,0.00013,-0.00041,-0.00067,0.00056,3e-05,0.00014,0
16446,0.0001,0.00013,0.00013,-0.00041,-0.00067,0.00056,3e-05,0.00014,0
16447,0.0001,0.00013,0.00013,-0.00041,-0.00067,0.00056,3e-05,0.00014,0
16448,0.0001,0.00013,0.00013,-0.00041,-0.00067,0.00056,3e-05,0.00014,0
16449,3e-05,7e-05,0.00014,6e-05,0.00022,0.00024,0.00013,0.00013,0
16450,3e-05,7e-05,0.00014,6e-05,0.00022,0.00024,0.00013,0.00013,0
16451,3e-05,7e-05,0.00014,6e-05,0.00022,0.00024,0.00013,0.00013,0
16452,3e-05,7e-05,0.00014,6e-05,0.00022,0.00024,0.00013,0.00013,0
16453,3e-05,7e-05,0.00014,6e-05,0.00022,0.00024,0.00013,0.00013,0
16454,3e-05,7e-05,0.00014,6e-05,0.00022,0.00024,0.00013,0.00013,0
16455,3e-05,7e-05,0.00014,6e-05,0.00022,0.00024,0.00013,0.00013,0
16456,3e-05,7e-05,0.00014,6e-05,0.00022,0.00024,0.00013,0.00013,0
16457,3e-05,7e-05,0.00014,6e-05,0.00022,0.00024,0.00013,0.00013,0
16458,-7e-05,-0.00017,-0.00028,0.00017,0.001,0.00069,8e-05,-0.00031,0
16459,-7e-05,-0.00017,-0.00028,0.00017,0.001,0.00069,8e-05,-0.00031,0
16460,-7e-05,-0.00017,-0.00028,0.00017,0.001,0.00069,8e-05,-0.00031,0
16461,-7e-05,-0.00017,-0.00028,0.00017,0.001,0.00069,8e-05,-0.00031,0
16462,-7e-05,-0.00017,-0.00028,0.00017,0.001,0.00069,8e-05,-0.00031,0
16463,-7e-05,-0.00017,-0.00028,0.00017,0.001,0.00069,8e-05,-0.00031,0
16464,-7e-05,-0.00017,-0.00028,0.00017,0.001,0.00069,8e-05,-0.00031,0
16465,-7e-05,-0.00017,-0.00028,0.00017,0.001,0.00069,8e-05,-0.00031,0
16466,-7e-05,-0.00017,-0.00028,0.00017,0.001,0.00069,8e-05,-0.00031,0
16467,-7e-05,-0.00017,-0.00028,0.00017,0.001,0.00069,8e-05,-0.00031,0
16468,-7e-05,-0.00017,-0.00028,0.00017,0.001,0.00069,8e-05,-0.00031,0
16469,-7e-05,-0.00017,-0.00028,0.00017,0.001,0.00069,8e-05,-0.00031,0
16470,-7e-05,-0.00017,-0.00028,0.00017,0.001,0.00069,8e-05,-0.00031,0
16471,-7e-05,-0.00017,-0.00028,0.00017,0.001,0.00069,8e-05,-0.00031,0
16472,-7e-05,-0.00017,-0.00028,0.00017,0.001,0.00069,8e-05,-0.00031,0
16473,4e-05,8e-05,0.00012,1e-05,-0.00072,0.00049,5e-05,4e-05,0
16474,-0.00012,-0.00013,-0.00014,-0.00068,-0.00072,-0.0008,-0.00039,-0.00025,0
16475,-1e-05,-7e-05,-0.00016,0.00021,-7e-05,-0.00025,2e-05,-6e-05,0
16476,-1e-05,-7e-05,-0.00016,0.00021,-7e-05,-0.00025,2e-05,-6e-05,0
16477,-1e-05,-7e-05,-0.00016,0.00021,-7e-05,-0.00025,2e-05,-6e-05,0
16478,-1e-05,-7e-05,-0.00016,0.00021,-7e-05,-0.00025,2e-05,-6e-05,0
16479,-1e-05,-7e-05,-0.00016,0.00021,-7e-05,-0.00025,2e-05,-6e-05,0
16480,-1e-05,-7e-05,-0.00016,0.00021,-7e-05,-0.00025,2e-05,-6e-05,0
16481,-1e-05,-7e-05,-0.00016,0.00021,-7e-05,-0.00025,2e-05,-6e-05,0
16482,-1e-05,-7e-05,-0.00016,0.00021,-7e-05,-0.00025,2e-05,-6e-05,0
16483,-1e-05,-7e-05,-0.00016,0.00021,-7e-05,-0.00025,2e-05,-6e-05,0
16484,-1e-05,-7e-05,-0.00016,0.00021,-7e-05,-0.00025,2e-05,-6e-05,0
16485,-1e-05,-7e-05,-0.00016,0.00021,-7e-05,-0.00025,2e-05,-6e-05,0
16486,-1e-05,-7e-05,-0.00016,0.00021,-7e-05,-0.00025,2e-05,-6e-05,0
16488,-1e-05,-7e-05,-0.00016,0.00021,-7e-05,-0.00025,2e-05,-6e-05,0
16489,-1e-05,-7e-05,-0.00016,0.00021,-7e-05,-0.00025,2e-05,-6e-05,0
16490,-1e-05,-7e-05,-0.00016,0.00021,-7e-05,-0.00025,2e-05,-6e-05,0
16491,-1e-05,-7e-05,-0.00016,0.00021,-7e-05,-0.00025,2e-05,-6e-05,0
16492,-1e-05,-7e-05,-0.00016,0.00021,-7e-05,-0.00025,2e-05,-6e-05,0
16493,-1e-05,-7e-05,-0.00016,0.00021,-7e-05,-0.00025,2e-05,-6e-05,0
16494,-1e-05,-7e-05,-0.00016,0.00021,-7e-05,-0.00025,2e-05,-6e-05,0
16495,-0.00019,-0.00025,-0.00039,-0.00097,0.00048,-0.00104,-0.00034,-0.00018,0
16496,1e-05,-1e-05,-9e-05,-0.00016,-0.00128,0.00019,0.0,9e-05,0
16497,-2e-05,-6e-05,-8e-05,0.00043,-7e-05,-0.00055,-0.00012,0.0001,0
16498,-2e-05,-6e-05,-8e-05,0.00043,-7e-05,-0.00055,-0.00012,0.0001,0
16499,-2e-05,-6e-05,-8e-05,0.00043,-7e-05,-0.00055,-0.00012,0.0001,0
16500,-2e-05,-6e-05,-8e-05,0.00043,-7e-05,-0.00055,-0.00012,0.0001,0
16501,-2e-05,-6e-05,-8e-05,0.00043,-7e-05,-0.00055,-0.00012,0.0001,0
16502,-2e-05,-6e-05,-8e-05,0.00043,-7e-05,-0.00055,-0.00012,0.0001,0
16504,-2e-05,-6e-05,-8e-05,0.00043,-7e-05,-0.00055,-0.00012,0.0001,0
16505,-2e-05,-6e-05,-8e-05,0.00043,-7e-05,-0.00055,-0.00012,0.0001,0
16506,-2e-05,-6e-05,-8e-05,0.00043,-7e-05,-0.00055,-0.00012,0.0001,0
16507,-2e-05,-6e-05,-8e-05,0.00043,-7e-05,-0.00055,-0.00012,0.0001,0
16508,-2e-05,-6e-05,-8e-05,0.00043,-7e-05,-0.00055,-0.00012,0.0001,0
16509,0.00014,0.00024,0.00045,0.00015,0.00075,8e-05,0.00027,0.00016,0
16510,0.00014,0.00024,0.00045,0.00015,0.00075,8e-05,0.00027,0.00016,0
16511,0.00014,0.00024,0.00045,0.00015,0.00075,8e-05,0.00027,0.00016,0
16512,0.00014,0.00024,0.00045,0.00015,0.00075,8e-05,0.00027,0.00016,0
16513,0.00014,0.00024,0.00045,0.00015,0.00075,8e-05,0.00027,0.00016,0
16514,0.00014,0.00024,0.00045,0.00015,0.00075,8e-05,0.00027,0.00016,0
16515,0.00014,0.00024,0.00045,0.00015,0.00075,8e-05,0.00027,0.00016,0
16516,0.00014,0.00024,0.00045,0.00015,0.00075,8e-05,0.00027,0.00016,0
16517,0.00014,0.00024,0.00045,0.00015,0.00075,8e-05,0.00027,0.00016,0
16518,0.00014,0.00024,0.00045,0.00015,0.00075,8e-05,0.00027,0.00016,0
16519,0.00014,0.00024,0.00045,0.00015,0.00075,8e-05,0.00027,0.00016,0
16520,0.00014,0.00024,0.00045,0.00015,0.00075,8e-05,0.00027,0.00016,0
16521,0.00014,0.00024,0.00045,0.00015,0.00075,8e-05,0.00027,0.00016,0
16522,0.00014,0.00024,0.00045,0.00015,0.00075,8e-05,0.00027,0.00016,0
16523,0.00014,0.00024,0.00045,0.00015,0.00075,8e-05,0.00027,0.00016,0
16524,0.00014,0.00024,0.00045,0.00015,0.00075,8e-05,0.00027,0.00016,0
16525,1e-05,0.0,4e-05,0.00015,0.00127,0.00051,2e-05,4e-05,0
16526,1e-05,0.0,4e-05,0.00015,0.00127,0.00051,2e-05,4e-05,0
16527,1e-05,0.0,4e-05,0.00015,0.00127,0.00051,2e-05,4e-05,0
16528,1e-05,0.0,4e-05,0.00015,0.00127,0.00051,2e-05,4e-05,0
16529,1e-05,0.0,4e-05,0.00015,0.00127,0.00051,2e-05,4e-05,0
16530,1e-05,0.0,4e-05,0.00015,0.00127,0.00051,2e-05,4e-05,0
16531,1e-05,0.0,4e-05,0.00015,0.00127,0.00051,2e-05,4e-05,0
16532,-0.0001,-0.00015,-0.00024,0.00066,-0.00017,0.00033,-5e-05,-0.00015,0
16533,-0.0001,-0.00015,-0.00024,0.00066,-0.00017,0.00033,-5e-05,-0.00015,0
16534,-0.0001,-0.00015,-0.00024,0.00066,-0.00017,0.00033,-5e-05,-0.00015,0
16535,-0.0001,-0.00015,-0.00024,0.00066,-0.00017,0.00033,-5e-05,-0.00015,0
16536,-0.0001,-0.00015,-0.00024,0.00066,-0.00017,0.00033,-5e-05,-0.00015,0
16538,-0.0001,-0.00015,-0.00024,0.00066,-0.00017,0.00033,-5e-05,-0.00015,0
16539,-1e-05,-3e-05,-0.00011,3e-05,0.00033,3e-05,2e-05,4e-05,0
16540,-1e-05,-3e-05,-0.00011,3e-05,0.00033,3e-05,2e-05,4e-05,0
16541,-1e-05,-3e-05,-0.00011,3e-05,0.00033,3e-05,2e-05,4e-05,0
16542,-1e-05,-3e-05,-0.00011,3e-05,0.00033,3e-05,2e-05,4e-05,0
16543,-1e-05,-3e-05,-0.00011,3e-05,0.00033,3e-05,2e-05,4e-05,0
16544,-1e-05,-3e-05,-0.00011,3e-05,0.00033,3e-05,2e-05,4e-05,0
16545,-1e-05,-3e-05,-0.00011,3e-05,0.00033,3e-05,2e-05,4e-05,0
16546,-1e-05,-3e-05,-0.00011,3e-05,0.00033,3e-05,2e-05,4e-05,0
16547,-1e-05,-3e-05,-0.00011,3e-05,0.00033,3e-05,2e-05,4e-05,0
16548,-1e-05,-3e-05,-0.00011,3e-05,0.00033,3e-05,2e-05,4e-05,0
16549,-1e-05,-3e-05,-0.00011,3e-05,0.00033,3e-05,2e-05,4e-05,0
16550,-1e-05,-3e-05,-0.00011,3e-05,0.00033,3e-05,2e-05,4e-05,0
16551,-1e-05,-3e-05,-0.00011,3e-05,0.00033,3e-05,2e-05,4e-05,0
16552,-1e-05,-3e-05,-0.00011,3e-05,0.00033,3e-05,2e-05,4e-05,0
16553,-1e-05,-3e-05,-0.00011,3e-05,0.00033,3e-05,2e-05,4e-05,0
16554,-1e-05,-3e-05,-0.00011,3e-05,0.00033,3e-05,2e-05,4e-05,0
16555,-5e-05,-6e-05,-0.00012,-0.00041,-8e-05,0.00036,0.00017,0.0,0
16556,-2e-05,-6e-05,-7e-05,0.00066,0.00107,0.00015,-4e-05,-9e-05,0
16557,9e-05,0.00015,0.00034,0.00025,-0.00099,0.00034,0.0002,0.00018,0
16558,9e-05,0.00015,0.00034,0.00025,-0.00099,0.00034,0.0002,0.00018,0
16559,9e-05,0.00015,0.00034,0.00025,-0.00099,0.00034,0.0002,0.00018,0
16560,9e-05,0.00015,0.00034,0.00025,-0.00099,0.00034,0.0002,0.00018,0
16561,9e-05,0.00015,0.00034,0.00025,-0.00099,0.00034,0.0002,0.00018,0
16562,9e-05,0.00015,0.00034,0.00025,-0.00099,0.00034,0.0002,0.00018,0
16563,9e-05,0.00015,0.00034,0.00025,-0.00099,0.00034,0.0002,0.00018,0
16564,9e-05,0.00015,0.00034,0.00025,-0.00099,0.00034,0.0002,0.00018,0
16565,9e-05,0.00015,0.00034,0.00025,-0.00099,0.00034,0.0002,0.00018,0
16566,9e-05,0.00015,0.00034,0.00025,-0.00099,0.00034,0.0002,0.00018,0
16567,9e-05,0.00015,0.00034,0.00025,-0.00099,0.00034,0.0002,0.00018,0
16568,9e-05,0.00015,0.00034,0.00025,-0.00099,0.00034,0.0002,0.00018,0
16569,1e-05,-6e-05,-0.00013,-0.0001,-0.00105,-0.00032,-0.00018,-0.00026,0
16570,1e-05,-6e-05,-0.00013,-0.0001,-0.00105,-0.00032,-0.00018,-0.00026,0
16571,1e-05,-6e-05,-0.00013,-0.0001,-0.00105,-0.00032,-0.00018,-0.00026,0
16572,1e-05,-6e-05,-0.00013,-0.0001,-0.00105,-0.00032,-0.00018,-0.00026,0
16573,1e-05,-6e-05,-0.00013,-0.0001,-0.00105,-0.00032,-0.00018,-0.00026,0
16574,1e-05,-6e-05,-0.00013,-0.0001,-0.00105,-0.00032,-0.00018,-0.00026,0
16575,1e-05,-6e-05,-0.00013,-0.0001,-0.00105,-0.00032,-0.00018,-0.00026,0
16576,1e-05,-6e-05,-0.00013,-0.0001,-0.00105,-0.00032,-0.00018,-0.00026,0
16577,1e-05,-6e-05,-0.00013,-0.0001,-0.00105,-0.00032,-0.00018,-0.00026,0
16578,0.00018,0.00032,0.00059,0.00038,0.00026,0.00053,0.00045,0.00026,0
16579,0.00018,0.00032,0.00059,0.00038,0.00026,0.00053,0.00045,0.00026,0
16580,0.00018,0.00032,0.00059,0.00038,0.00026,0.00053,0.00045,0.00026,0
16581,0.00018,0.00032,0.00059,0.00038,0.00026,0.00053,0.00045,0.00026,0
16582,0.00018,0.00032,0.00059,0.00038,0.00026,0.00053,0.00045,0.00026,0
16583,0.00018,0.00032,0.00059,0.00038,0.00026,0.00053,0.00045,0.00026,0
16584,0.00018,0.00032,0.00059,0.00038,0.00026,0.00053,0.00045,0.00026,0
16585,0.00018,0.00032,0.00059,0.00038,0.00026,0.00053,0.00045,0.00026,0
16586,0.00018,0.00032,0.00059,0.00038,0.00026,0.00053,0.00045,0.00026,0
16588,0.00018,0.00032,0.00059,0.00038,0.00026,0.00053,0.00045,0.00026,0
16589,0.00018,0.00032,0.00059,0.00038,0.00026,0.00053,0.00045,0.00026,0
16590,0.00018,0.00032,0.00059,0.00038,0.00026,0.00053,0.00045,0.00026,0
16591,0.00018,0.00032,0.00059,0.00038,0.00026,0.00053,0.00045,0.00026,0
16592,-0.00011,-0.00016,-0.00024,-0.00065,-0.00012,-0.00027,-8e-05,1e-05,0
16593,-0.00011,-0.00016,-0.00024,-0.00065,-0.00012,-0.00027,-8e-05,1e-05,0
16594,-0.00011,-0.00016,-0.00024,-0.00065,-0.00012,-0.00027,-8e-05,1e-05,0
16595,-0.00011,-0.00016,-0.00024,-0.00065,-0.00012,-0.00027,-8e-05,1e-05,0
16596,-0.00011,-0.00016,-0.00024,-0.00065,-0.00012,-0.00027,-8e-05,1e-05,0
16597,-0.00011,-0.00016,-0.00024,-0.00065,-0.00012,-0.00027,-8e-05,1e-05,0
16598,-0.00011,-0.00016,-0.00024,-0.00065,-0.00012,-0.00027,-8e-05,1e-05,0
16599,0.00012,0.0002,0.0003,-0.00022,0.00039,-0.00049,8e-05,7e-05,0
16600,0.00012,0.0002,0.0003,-0.00022,0.00039,-0.00049,8e-05,7e-05,0
16601,0.00012,0.0002,0.0003,-0.00022,0.00039,-0.00049,8e-05,7e-05,0
16602,0.00012,0.0002,0.0003,-0.00022,0.00039,-0.00049,8e-05,7e-05,0
16603,0.00012,0.0002,0.0003,-0.00022,0.00039,-0.00049,8e-05,7e-05,0
16604,0.00012,0.0002,0.0003,-0.00022,0.00039,-0.00049,8e-05,7e-05,0
16605,0.00012,0.0002,0.0003,-0.00022,0.00039,-0.00049,8e-05,7e-05,0
16606,0.00012,0.0002,0.0003,-0.00022,0.00039,-0.00049,8e-05,7e-05,0
16607,0.00012,0.0002,0.0003,-0.00022,0.00039,-0.00049,8e-05,7e-05,0
16608,0.00012,0.0002,0.0003,-0.00022,0.00039,-0.00049,8e-05,7e-05,0
16609,0.00012,0.0002,0.0003,-0.00022,0.00039,-0.00049,8e-05,7e-05,0
16610,0.00012,0.0002,0.0003,-0.00022,0.00039,-0.00049,8e-05,7e-05,0
16611,0.00012,0.0002,0.0003,-0.00022,0.00039,-0.00049,8e-05,7e-05,0
16612,0.00012,0.0002,0.0003,-0.00022,0.00039,-0.00049,8e-05,7e-05,0
16613,0.00012,0.0002,0.0003,-0.00022,0.00039,-0.00049,8e-05,7e-05,0
16614,0.00012,0.0002,0.0003,-0.00022,0.00039,-0.00049,8e-05,7e-05,0
16615,-7e-05,-8e-05,-0.0001,-0.00047,-0.00028,-0.00024,-0.00016,-9e-05,0
16616,6e-05,7e-05,0.00018,0.00056,8e-05,0.00072,0.00017,3e-05,0
16617,-8e-05,-0.00011,-0.00029,-0.00032,-0.00083,-2e-05,-8e-05,-9e-05,0
16618,-8e-05,-0.00011,-0.00029,-0.00032,-0.00083,-2e-05,-8e-05,-9e-05,0
16619,-8e-05,-0.00011,-0.00029,-0.00032,-0.00083,-2e-05,-8e-05,-9e-05,0
16620,-8e-05,-0.00011,-0.00029,-0.00032,-0.00083,-2e-05,-8e-05,-9e-05,0
16621,-8e-05,-0.00011,-0.00029,-0.00032,-0.00083,-2e-05,-8e-05,-9e-05,0
16622,-8e-05,-0.00011,-0.00029,-0.00032,-0.00083,-2e-05,-8e-05,-9e-05,0
16623,-8e-05,-0.00011,-0.00029,-0.00032,-0.00083,-2e-05,-8e-05,-9e-05,0
16624,-8e-05,-0.00011,-0.00029,-0.00032,-0.00083,-2e-05,-8e-05,-9e-05,0
16625,-8e-05,-0.00011,-0.00029,-0.00032,-0.00083,-2e-05,-8e-05,-9e-05,0
16626,-8e-05,-0.00011,-0.00029,-0.00032,-0.00083,-2e-05,-8e-05,-9e-05,0
16627,-8e-05,-0.00011,-0.00029,-0.00032,-0.00083,-2e-05,-8e-05,-9e-05,0
16628,-8e-05,-0.00011,-0.00029,-0.00032,-0.00083,-2e-05,-8e-05,-9e-05,0
16629,-8e-05,-0.00011,-0.00029,-0.00032,-0.00083,-2e-05,-8e-05,-9e-05,0
16630,-8e-05,-0.00011,-0.00029,-0.00032,-0.00083,-2e-05,-8e-05,-9e-05,0
16631,-8e-05,-0.00011,-0.00029,-0.00032,-0.00083,-2e-05,-8e-05,-9e-05,0
16632,-8e-05,-0.00011,-0.00029,-0.00032,-0.00083,-2e-05,-8e-05,-9e-05,0
16633,-8e-05,-0.00011,-0.00029,-0.00032,-0.00083,-2e-05,-8e-05,-9e-05,0
16634,-8e-05,-0.00011,-0.00029,-0.00032,-0.00083,-2e-05,-8e-05,-9e-05,0
16635,-8e-05,-0.00011,-0.00029,-0.00032,-0.00083,-2e-05,-8e-05,-9e-05,0
16636,-8e-05,-0.00011,-0.00029,-0.00032,-0.00083,-2e-05,-8e-05,-9e-05,0
16638,-8e-05,-0.00011,-0.00029,-0.00032,-0.00083,-2e-05,-8e-05,-9e-05,0
16639,-8e-05,-0.00011,-0.00029,-0.00032,-0.00083,-2e-05,-8e-05,-9e-05,0
16640,-8e-05,-0.00011,-0.00029,-0.00032,-0.00083,-2e-05,-8e-05,-9e-05,0
16641,-8e-05,-0.00011,-0.00029,-0.00032,-0.00083,-2e-05,-8e-05,-9e-05,0
16642,-8e-05,-0.00011,-0.00029,-0.00032,-0.00083,-2e-05,-8e-05,-9e-05,0
16643,-8e-05,-0.00011,-0.00029,-0.00032,-0.00083,-2e-05,-8e-05,-9e-05,0
16644,-8e-05,-0.00011,-0.00029,-0.00032,-0.00083,-2e-05,-8e-05,-9e-05,0
16645,-6e-05,-6e-05,-7e-05,-0.00014,0.00016,-0.00069,-0.0001,-9e-05,0
16646,7e-05,5e-05,0.00012,0.00045,0.00028,0.00054,0.00026,0.00012,0
16647,-0.00018,-0.00031,-0.00039,-0.00024,-0.00043,-0.0011,-0.00045,-0.0002,0
16648,-0.00018,-0.00031,-0.00039,-0.00024,-0.00043,-0.0011,-0.00045,-0.0002,0
16649,-0.00018,-0.00031,-0.00039,-0.00024,-0.00043,-0.0011,-0.00045,-0.0002,0
16650,-0.00018,-0.00031,-0.00039,-0.00024,-0.00043,-0.0011,-0.00045,-0.0002,0
16651,-0.00018,-0.00031,-0.00039,-0.00024,-0.00043,-0.0011,-0.00045,-0.0002,0
16652,3e-05,6e-05,-7e-05,-0.00082,-0.00062,0.00063,7e-05,0.0,0
16653,4e-05,0.00012,0.00023,0.00095,0.00127,0.00035,9e-05,5e-05,0
16654,-2e-05,-5e-05,-0.00012,0.00045,0.00033,-3e-05,8e-05,2e-05,0
16655,-2e-05,-5e-05,-0.00012,0.00045,0.00033,-3e-05,8e-05,2e-05,0
16656,-2e-05,-5e-05,-0.00012,0.00045,0.00033,-3e-05,8e-05,2e-05,0
16657,-2e-05,-5e-05,-0.00012,0.00045,0.00033,-3e-05,8e-05,2e-05,0
16658,-2e-05,-5e-05,-0.00012,0.00045,0.00033,-3e-05,8e-05,2e-05,0
16659,-2e-05,-5e-05,-0.00012,0.00045,0.00033,-3e-05,8e-05,2e-05,0
16660,-2e-05,-5e-05,-0.00012,0.00045,0.00033,-3e-05,8e-05,2e-05,0
16661,-2e-05,-5e-05,-0.00012,0.00045,0.00033,-3e-05,8e-05,2e-05,0
16662,-2e-05,-5e-05,-0.00012,0.00045,0.00033,-3e-05,8e-05,2e-05,0
16663,-2e-05,-5e-05,-0.00012,0.00045,0.00033,-3e-05,8e-05,2e-05,0
16664,-2e-05,-5e-05,-0.00012,0.00045,0.00033,-3e-05,8e-05,2e-05,0
16665,-2e-05,-5e-05,-0.00012,0.00045,0.00033,-3e-05,8e-05,2e-05,0
16666,-2e-05,-5e-05,-0.00012,0.00045,0.00033,-3e-05,8e-05,2e-05,0
16667,-2e-05,-5e-05,-0.00012,0.00045,0.00033,-3e-05,8e-05,2e-05,0
16668,-2e-05,-5e-05,-0.00012,0.00045,0.00033,-3e-05,8e-05,2e-05,0
16669,-2e-05,-5e-05,-0.00012,0.00045,0.00033,-3e-05,8e-05,2e-05,0
16670,-2e-05,-5e-05,-0.00012,0.00045,0.00033,-3e-05,8e-05,2e-05,0
16671,-2e-05,-5e-05,-0.00012,0.00045,0.00033,-3e-05,8e-05,2e-05,0
16672,-2e-05,-5e-05,-0.00012,0.00045,0.00033,-3e-05,8e-05,2e-05,0
16673,-2e-05,-5e-05,-0.00012,0.00045,0.00033,-3e-05,8e-05,2e-05,0
16674,-2e-05,-5e-05,-0.00012,0.00045,0.00033,-3e-05,8e-05,2e-05,0
16675,-5e-05,-4e-05,-0.00012,-0.00049,0.0006,-0.00019,-8e-05,-1e-05,0
16676,0.00022,0.00036,0.00052,0.00061,0.00068,0.00077,0.00029,0.00023,0
16677,-0.0001,-0.00016,-0.00016,-0.00018,-0.00034,-0.00057,-0.00028,-0.00015,0
16678,-0.0001,-0.00016,-0.00016,-0.00018,-0.00034,-0.00057,-0.00028,-0.00015,0
16679,-0.0001,-0.00016,-0.00016,-0.00018,-0.00034,-0.00057,-0.00028,-0.00015,0
16680,-0.0001,-0.00016,-0.00016,-0.00018,-0.00034,-0.00057,-0.00028,-0.00015,0
16681,-0.0001,-0.00016,-0.00016,-0.00018,-0.00034,-0.00057,-0.00028,-0.00015,0
16682,-0.0001,-0.00016,-0.00016,-0.00018,-0.00034,-0.00057,-0.00028,-0.00015,0
16683,-0.0001,-0.00016,-0.00016,-0.00018,-0.00034,-0.00057,-0.00028,-0.00015,0
16684,-0.0001,-0.00016,-0.00016,-0.00018,-0.00034,-0.00057,-0.00028,-0.00015,0
16685,-0.0001,-0.00016,-0.00016,-0.00018,-0.00034,-0.00057,-0.00028,-0.00015,0
16686,-0.0001,-0.00016,-0.00016,-0.00018,-0.00034,-0.00057,-0.00028,-0.00015,0
16688,-0.0001,-0.00016,-0.00016,-0.00018,-0.00034,-0.00057,-0.00028,-0.00015,0
16689,-0.0001,-0.00016,-0.00016,-0.00018,-0.00034,-0.00057,-0.00028,-0.00015,0
16690,-0.0001,-0.00016,-0.00016,-0.00018,-0.00034,-0.00057,-0.00028,-0.00015,0
16691,-0.0001,-0.00016,-0.00016,-0.00018,-0.00034,-0.00057,-0.00028,-0.00015,0
16692,-0.0001,-0.00016,-0.00016,-0.00018,-0.00034,-0.00057,-0.00028,-0.00015,0
16693,-0.0001,-0.00016,-0.00016,-0.00018,-0.00034,-0.00057,-0.00028,-0.00015,0
16694,-0.0001,-0.00016,-0.00016,-0.00018,-0.00034,-0.00057,-0.00028,-0.00015,0
16695,-0.0001,-0.00016,-0.00016,-0.00018,-0.00034,-0.00057,-0.00028,-0.00015,0
16696,-0.0001,-0.00016,-0.00016,-0.00018,-0.00034,-0.00057,-0.00028,-0.00015,0
16697,7e-05,0.00011,0.00019,0.00032,-0.00018,-0.00029,0.0,0.00015,0
16698,0.0,1e-05,-3e-05,0.00053,0.00058,0.00096,0.00025,-0.00015,0
16699,-7e-05,-0.00011,-0.00017,0.0002,0.00047,-9e-05,-0.00011,-0.00011,0
16700,-7e-05,-0.00011,-0.00017,0.0002,0.00047,-9e-05,-0.00011,-0.00011,0
16701,-7e-05,-0.00011,-0.00017,0.0002,0.00047,-9e-05,-0.00011,-0.00011,0
16702,-7e-05,-0.00011,-0.00017,0.0002,0.00047,-9e-05,-0.00011,-0.00011,0
16703,-7e-05,-0.00011,-0.00017,0.0002,0.00047,-9e-05,-0.00011,-0.00011,0
16704,-7e-05,-0.00011,-0.00017,0.0002,0.00047,-9e-05,-0.00011,-0.00011,0
16705,-7e-05,-0.00011,-0.00017,0.0002,0.00047,-9e-05,-0.00011,-0.00011,0
16706,-7e-05,-0.00011,-0.00017,0.0002,0.00047,-9e-05,-0.00011,-0.00011,0
16707,-7e-05,-0.00011,-0.00017,0.0002,0.00047,-9e-05,-0.00011,-0.00011,0
16708,-7e-05,-0.00011,-0.00017,0.0002,0.00047,-9e-05,-0.00011,-0.00011,0
16709,-7e-05,-0.00011,-0.00017,0.0002,0.00047,-9e-05,-0.00011,-0.00011,0
16710,-7e-05,-0.00011,-0.00017,0.0002,0.00047,-9e-05,-0.00011,-0.00011,0
16711,-7e-05,-0.00011,-0.00017,0.0002,0.00047,-9e-05,-0.00011,-0.00011,0
16712,-7e-05,-0.00011,-0.00017,0.0002,0.00047,-9e-05,-0.00011,-0.00011,0
16713,-7e-05,-0.00011,-0.00017,0.0002,0.00047,-9e-05,-0.00011,-0.00011,0
16714,0.00011,0.00015,0.00033,0.0009,-0.00046,0.00061,0.00027,0.0002,0
16715,0.00011,0.00015,0.00033,0.0009,-0.00046,0.00061,0.00027,0.0002,0
16716,0.00011,0.00015,0.00033,0.0009,-0.00046,0.00061,0.00027,0.0002,0
16717,0.00011,0.00015,0.00033,0.0009,-0.00046,0.00061,0.00027,0.0002,0
16718,0.00011,0.00015,0.00033,0.0009,-0.00046,0.00061,0.00027,0.0002,0
16719,-3e-05,4e-05,0.00012,-0.00034,-0.00044,-1e-05,-2e-05,-4e-05,0
16720,-3e-05,4e-05,0.00012,-0.00034,-0.00044,-1e-05,-2e-05,-4e-05,0
16721,-3e-05,4e-05,0.00012,-0.00034,-0.00044,-1e-05,-2e-05,-4e-05,0
16722,-3e-05,4e-05,0.00012,-0.00034,-0.00044,-1e-05,-2e-05,-4e-05,0
16723,-3e-05,4e-05,0.00012,-0.00034,-0.00044,-1e-05,-2e-05,-4e-05,0
16724,-3e-05,4e-05,0.00012,-0.00034,-0.00044,-1e-05,-2e-05,-4e-05,0
16725,-3e-05,4e-05,0.00012,-0.00034,-0.00044,-1e-05,-2e-05,-4e-05,0
16726,-3e-05,4e-05,0.00012,-0.00034,-0.00044,-1e-05,-2e-05,-4e-05,0
16727,-3e-05,4e-05,0.00012,-0.00034,-0.00044,-1e-05,-2e-05,-4e-05,0
16728,-3e-05,4e-05,0.00012,-0.00034,-0.00044,-1e-05,-2e-05,-4e-05,0
16729,-3e-05,4e-05,0.00012,-0.00034,-0.00044,-1e-05,-2e-05,-4e-05,0
16730,-3e-05,4e-05,0.00012,-0.00034,-0.00044,-1e-05,-2e-05,-4e-05,0
16731,-3e-05,4e-05,0.00012,-0.00034,-0.00044,-1e-05,-2e-05,-4e-05,0
16732,-3e-05,4e-05,0.00012,-0.00034,-0.00044,-1e-05,-2e-05,-4e-05,0
16733,-3e-05,4e-05,0.00012,-0.00034,-0.00044,-1e-05,-2e-05,-4e-05,0
16734,-3e-05,4e-05,0.00012,-0.00034,-0.00044,-1e-05,-2e-05,-4e-05,0
16735,3e-05,0.0,1e-05,-9e-05,0.00011,-0.00042,-3e-05,0.00015,0
16736,3e-05,0.0,1e-05,-9e-05,0.00011,-0.00042,-3e-05,0.00015,0
16739,0.0002,0.00025,0.00036,0.00037,0.00063,0.00071,0.00033,0.00031,0
16740,0.0002,0.00025,0.00036,0.00037,0.00063,0.00071,0.00033,0.00031,0
16741,0.0002,0.00025,0.00036,0.00037,0.00063,0.00071,0.00033,0.00031,0
16742,0.0002,0.00025,0.00036,0.00037,0.00063,0.00071,0.00033,0.00031,0
16743,0.0002,0.00025,0.00036,0.00037,0.00063,0.00071,0.00033,0.00031,0
16744,0.0002,0.00025,0.00036,0.00037,0.00063,0.00071,0.00033,0.00031,0
16745,0.0002,0.00025,0.00036,0.00037,0.00063,0.00071,0.00033,0.00031,0
16746,0.0002,0.00025,0.00036,0.00037,0.00063,0.00071,0.00033,0.00031,0
16747,0.0002,0.00025,0.00036,0.00037,0.00063,0.00071,0.00033,0.00031,0
16748,0.0002,0.00025,0.00036,0.00037,0.00063,0.00071,0.00033,0.00031,0
16750,0.0002,0.00025,0.00036,0.00037,0.00063,0.00071,0.00033,0.00031,4
16751,0.0002,0.00025,0.00036,0.00037,0.00063,0.00071,0.00033,0.00031,4
16752,0.0002,0.00025,0.00036,0.00037,0.00063,0.00071,0.00033,0.00031,4
16753,0.0002,0.00025,0.00036,0.00037,0.00063,0.00071,0.00033,0.00031,4
16754,0.0002,0.00025,0.00036,0.00037,0.00063,0.00071,0.00033,0.00031,4
16755,0.0002,0.00025,0.00036,0.00037,0.00063,0.00071,0.00033,0.00031,4
16756,0.0002,0.00025,0.00036,0.00037,0.00063,0.00071,0.00033,0.00031,4
16757,0.0002,0.00025,0.00036,0.00037,0.00063,0.00071,0.00033,0.00031,4
16758,0.0002,0.00025,0.00036,0.00037,0.00063,0.00071,0.00033,0.00031,4
16759,0.0002,0.00025,0.00036,0.00037,0.00063,0.00071,0.00033,0.00031,4
16760,0.0002,0.00025,0.00036,0.00037,0.00063,0.00071,0.00033,0.00031,4
16761,0.0002,0.00025,0.00036,0.00037,0.00063,0.00071,0.00033,0.00031,4
16762,0.0002,0.00025,0.00036,0.00037,0.00063,0.00071,0.00033,0.00031,4
16763,0.0002,0.00025,0.00036,0.00037,0.00063,0.00071,0.00033,0.00031,4
16764,0.0002,0.00025,0.00036,0.00037,0.00063,0.00071,0.00033,0.00031,4
16765,3e-05,3e-05,2e-05,-0.00056,9e-05,-0.00057,-7e-05,7e-05,4
16766,-4e-05,-5e-05,0.0,6e-05,-0.00077,-0.00054,-6e-05,6e-05,4
16767,0.00018,0.00026,0.00037,0.00053,0.00086,0.00041,0.00024,0.00012,4
16768,0.00018,0.00026,0.00037,0.00053,0.00086,0.00041,0.00024,0.00012,4
16769,0.00018,0.00026,0.00037,0.00053,0.00086,0.00041,0.00024,0.00012,4
16770,0.00018,0.00026,0.00037,0.00053,0.00086,0.00041,0.00024,0.00012,4
16771,0.00018,0.00026,0.00037,0.00053,0.00086,0.00041,0.00024,0.00012,4
16772,-4e-05,-9e-05,-0.00014,0.00014,0.00018,0.0009,0.00043,0.00043,4
16773,-4e-05,-9e-05,-0.00014,0.00014,0.00018,0.0009,0.00043,0.00043,4
16774,-0.00018,-0.00021,-0.0003,-0.00035,-0.00017,-0.00023,-0.00017,-0.00017,4
16775,-0.00018,-0.00021,-0.0003,-0.00035,-0.00017,-0.00023,-0.00017,-0.00017,4
16776,-0.00018,-0.00021,-0.0003,-0.00035,-0.00017,-0.00023,-0.00017,-0.00017,4
16777,-0.00018,-0.00021,-0.0003,-0.00035,-0.00017,-0.00023,-0.00017,-0.00017,4
16778,-0.00018,-0.00021,-0.0003,-0.00035,-0.00017,-0.00023,-0.00017,-0.00017,4
16779,-0.00018,-0.00021,-0.0003,-0.00035,-0.00017,-0.00023,-0.00017,-0.00017,4
16780,-0.00018,-0.00021,-0.0003,-0.00035,-0.00017,-0.00023,-0.00017,-0.00017,4
16781,-0.00018,-0.00021,-0.0003,-0.00035,-0.00017,-0.00023,-0.00017,-0.00017,4
16782,-0.00018,-0.00021,-0.0003,-0.00035,-0.00017,-0.00023,-0.00017,-0.00017,4
16783,-0.00018,-0.00021,-0.0003,-0.00035,-0.00017,-0.00023,-0.00017,-0.00017,4
16784,-0.00018,-0.00021,-0.0003,-0.00035,-0.00017,-0.00023,-0.00017,-0.00017,4
16785,-0.00018,-0.00021,-0.0003,-0.00035,-0.00017,-0.00023,-0.00017,-0.00017,4
16786,-0.00018,-0.00021,-0.0003,-0.00035,-0.00017,-0.00023,-0.00017,-0.00017,4
16788,-0.00018,-0.00021,-0.0003,-0.00035,-0.00017,-0.00023,-0.00017,-0.00017,4
16789,-0.00018,-0.00021,-0.0003,-0.00035,-0.00017,-0.00023,-0.00017,-0.00017,4
16790,-0.00018,-0.00021,-0.0003,-0.00035,-0.00017,-0.00023,-0.00017,-0.00017,4
16791,-0.00018,-0.00021,-0.0003,-0.00035,-0.00017,-0.00023,-0.00017,-0.00017,4
16792,-0.00018,-0.00021,-0.0003,-0.00035,-0.00017,-0.00023,-0.00017,-0.00017,4
16793,-0.00018,-0.00021,-0.0003,-0.00035,-0.00017,-0.00023,-0.00017,-0.00017,4
16794,-0.00018,-0.00021,-0.0003,-0.00035,-0.00017,-0.00023,-0.00017,-0.00017,4
16795,3e-05,8e-05,0.00016,0.00035,7e-05,-0.0002,-0.0002,-0.00032,4
16796,3e-05,8e-05,0.00016,0.00035,7e-05,-0.0002,-0.0002,-0.00032,4
16797,-3e-05,-8e-05,-0.00012,0.00011,-0.00019,3e-05,-0.00021,-0.0002,4
16798,-3e-05,-8e-05,-0.00012,0.00011,-0.00019,3e-05,-0.00021,-0.0002,4
16799,-3e-05,-8e-05,-0.00012,0.00011,-0.00019,3e-05,-0.00021,-0.0002,4
16800,-3e-05,-8e-05,-0.00012,0.00011,-0.00019,3e-05,-0.00021,-0.0002,4
16801,-3e-05,-8e-05,-0.00012,0.00011,-0.00019,3e-05,-0.00021,-0.0002,4
16802,-3e-05,-8e-05,-0.00012,0.00011,-0.00019,3e-05,-0.00021,-0.0002,4
16803,-3e-05,-8e-05,-0.00012,0.00011,-0.00019,3e-05,-0.00021,-0.0002,4
16804,-3e-05,-8e-05,-0.00012,0.00011,-0.00019,3e-05,-0.00021,-0.0002,4
16805,-3e-05,-8e-05,-0.00012,0.00011,-0.00019,3e-05,-0.00021,-0.0002,4
16806,-3e-05,-8e-05,-0.00012,0.00011,-0.00019,3e-05,-0.00021,-0.0002,4
16807,-3e-05,-8e-05,-0.00012,0.00011,-0.00019,3e-05,-0.00021,-0.0002,4
16808,-3e-05,-8e-05,-0.00012,0.00011,-0.00019,3e-05,-0.00021,-0.0002,4
16809,-3e-05,-8e-05,-0.00012,0.00011,-0.00019,3e-05,-0.00021,-0.0002,4
16810,-3e-05,-8e-05,-0.00012,0.00011,-0.00019,3e-05,-0.00021,-0.0002,4
16811,-3e-05,-8e-05,-0.00012,0.00011,-0.00019,3e-05,-0.00021,-0.0002,4
16812,-3e-05,-8e-05,-0.00012,0.00011,-0.00019,3e-05,-0.00021,-0.0002,4
16813,-3e-05,-8e-05,-0.00012,0.00011,-0.00019,3e-05,-0.00021,-0.0002,4
16814,-3e-05,-8e-05,-0.00012,0.00011,-0.00019,3e-05,-0.00021,-0.0002,4
16815,-3e-05,-8e-05,-0.00012,0.00011,-0.00019,3e-05,-0.00021,-0.0002,4
16816,-3e-05,-8e-05,-0.00012,0.00011,-0.00019,3e-05,-0.00021,-0.0002,4
16817,-9e-05,-8e-05,-0.00013,-0.00024,-0.00025,-0.00022,0.00032,-0.0001,4
16818,5e-05,-3e-05,4e-05,0.00018,0.00019,0.00033,-0.00017,0.00032,4
16819,-7e-05,-0.00012,-0.00019,0.00011,0.00043,0.00028,-0.00015,-0.00019,4
16820,-7e-05,-0.00012,-0.00019,0.00011,0.00043,0.00028,-0.00015,-0.00019,4
16821,-7e-05,-0.00012,-0.00019,0.00011,0.00043,0.00028,-0.00015,-0.00019,4
16822,-7e-05,-0.00012,-0.00019,0.00011,0.00043,0.00028,-0.00015,-0.00019,4
16823,-7e-05,-0.00012,-0.00019,0.00011,0.00043,0.00028,-0.00015,-0.00019,4
16824,-7e-05,-0.00012,-0.00019,0.00011,0.00043,0.00028,-0.00015,-0.00019,4
16825,-7e-05,-0.00012,-0.00019,0.00011,0.00043,0.00028,-0.00015,-0.00019,4
16826,-7e-05,-0.00012,-0.00019,0.00011,0.00043,0.00028,-0.00015,-0.00019,4
16827,-7e-05,-0.00012,-0.00019,0.00011,0.00043,0.00028,-0.00015,-0.00019,4
16828,-7e-05,-0.00012,-0.00019,0.00011,0.00043,0.00028,-0.00015,-0.00019,4
16829,-7e-05,-0.00012,-0.00019,0.00011,0.00043,0.00028,-0.00015,-0.00019,4
16830,-7e-05,-0.00012,-0.00019,0.00011,0.00043,0.00028,-0.00015,-0.00019,4
16831,-7e-05,-0.00012,-0.00019,0.00011,0.00043,0.00028,-0.00015,-0.00019,4
16832,-6e-05,-0.00012,-0.00015,0.00046,0.00037,-0.00039,-0.00014,-0.00018,4
16833,-6e-05,-0.00012,-0.00015,0.00046,0.00037,-0.00039,-0.00014,-0.00018,4
16834,-6e-05,-0.00012,-0.00015,0.00046,0.00037,-0.00039,-0.00014,-0.00018,4
16835,-6e-05,-0.00012,-0.00015,0.00046,0.00037,-0.00039,-0.00014,-0.00018,4
16836,-6e-05,-0.00012,-0.00015,0.00046,0.00037,-0.00039,-0.00014,-0.00018,4
16839,5e-05,0.00011,0.00019,0.00043,7e-05,0.0008,0.00024,2e-05,4
16840,5e-05,0.00011,0.00019,0.00043,7e-05,0.0008,0.00024,2e-05,4
16841,5e-05,0.00011,0.00019,0.00043,7e-05,0.0008,0.00024,2e-05,4
16842,5e-05,0.00011,0.00019,0.00043,7e-05,0.0008,0.00024,2e-05,4
16843,5e-05,0.00011,0.00019,0.00043,7e-05,0.0008,0.00024,2e-05,4
16844,5e-05,0.00011,0.00019,0.00043,7e-05,0.0008,0.00024,2e-05,4
16845,5e-05,0.00011,0.00019,0.00043,7e-05,0.0008,0.00024,2e-05,4
16846,5e-05,0.00011,0.00019,0.00043,7e-05,0.0008,0.00024,2e-05,4
16847,5e-05,0.00011,0.00019,0.00043,7e-05,0.0008,0.00024,2e-05,4
16848,5e-05,0.00011,0.00019,0.00043,7e-05,0.0008,0.00024,2e-05,4
16849,5e-05,0.00011,0.00019,0.00043,7e-05,0.0008,0.00024,2e-05,4
16850,5e-05,0.00011,0.00019,0.00043,7e-05,0.0008,0.00024,2e-05,4
16851,5e-05,0.00011,0.00019,0.00043,7e-05,0.0008,0.00024,2e-05,4
16852,5e-05,0.00011,0.00019,0.00043,7e-05,0.0008,0.00024,2e-05,4
16853,5e-05,0.00011,0.00019,0.00043,7e-05,0.0008,0.00024,2e-05,4
16854,5e-05,0.00011,0.00019,0.00043,7e-05,0.0008,0.00024,2e-05,4
16855,6e-05,0.0001,0.00023,0.00029,-0.00088,-0.0002,0.0001,1e-05,4
16856,6e-05,0.0001,0.00023,0.00029,-0.00088,-0.0002,0.0001,1e-05,4
16857,-8e-05,-0.00016,-0.00025,-0.00033,8e-05,-0.0002,3e-05,-4e-05,4
16858,-8e-05,-0.00016,-0.00025,-0.00033,8e-05,-0.0002,3e-05,-4e-05,4
16859,-8e-05,-0.00016,-0.00025,-0.00033,8e-05,-0.0002,3e-05,-4e-05,4
16860,-8e-05,-0.00016,-0.00025,-0.00033,8e-05,-0.0002,3e-05,-4e-05,4
16861,-8e-05,-0.00016,-0.00025,-0.00033,8e-05,-0.0002,3e-05,-4e-05,4
16862,-8e-05,-0.00016,-0.00025,-0.00033,8e-05,-0.0002,3e-05,-4e-05,4
16863,-8e-05,-0.00016,-0.00025,-0.00033,8e-05,-0.0002,3e-05,-4e-05,4
16864,-8e-05,-0.00016,-0.00025,-0.00033,8e-05,-0.0002,3e-05,-4e-05,4
16865,-8e-05,-0.00016,-0.00025,-0.00033,8e-05,-0.0002,3e-05,-4e-05,4
16866,-8e-05,-0.00016,-0.00025,-0.00033,8e-05,-0.0002,3e-05,-4e-05,4
16867,-8e-05,-0.00016,-0.00025,-0.00033,8e-05,-0.0002,3e-05,-4e-05,4
16868,-8e-05,-0.00016,-0.00025,-0.00033,8e-05,-0.0002,3e-05,-4e-05,4
16869,-8e-05,-0.00016,-0.00025,-0.00033,8e-05,-0.0002,3e-05,-4e-05,4
16870,-8e-05,-0.00016,-0.00025,-0.00033,8e-05,-0.0002,3e-05,-4e-05,4
16871,-8e-05,-0.00016,-0.00025,-0.00033,8e-05,-0.0002,3e-05,-4e-05,4
16872,-8e-05,-0.00016,-0.00025,-0.00033,8e-05,-0.0002,3e-05,-4e-05,4
16873,-8e-05,-0.00016,-0.00025,-0.00033,8e-05,-0.0002,3e-05,-4e-05,4
16874,-8e-05,-0.00016,-0.00025,-0.00033,8e-05,-0.0002,3e-05,-4e-05,4
16875,-8e-05,-0.00016,-0.00025,-0.00033,8e-05,-0.0002,3e-05,-4e-05,4
16876,-8e-05,-0.00016,-0.00025,-0.00033,8e-05,-0.0002,3e-05,-4e-05,4
16877,-8e-05,-0.00016,-0.00025,-0.00033,8e-05,-0.0002,3e-05,-4e-05,4
16878,-3e-05,-5e-05,-0.00016,-0.00128,-0.00128,-0.0004,0.0,7e-05,4
16879,-1e-05,-1e-05,-2e-05,0.00026,0.00065,3e-05,3e-05,-6e-05,4
16880,-3e-05,3e-05,3e-05,0.00013,0.0003,-0.00012,-0.00027,-0.00033,4
16881,-3e-05,3e-05,3e-05,0.00013,0.0003,-0.00012,-0.00027,-0.00033,4
16882,-3e-05,3e-05,3e-05,0.00013,0.0003,-0.00012,-0.00027,-0.00033,4
16883,-3e-05,3e-05,3e-05,0.00013,0.0003,-0.00012,-0.00027,-0.00033,4
16884,-3e-05,3e-05,3e-05,0.00013,0.0003,-0.00012,-0.00027,-0.00033,4
16885,-3e-05,3e-05,3e-05,0.00013,0.0003,-0.00012,-0.00027,-0.00033,4
16887,-3e-05,3e-05,3e-05,0.00013,0.0003,-0.00012,-0.00027,-0.00033,4
16890,-3e-05,3e-05,3e-05,0.00013,0.0003,-0.00012,-0.00027,-0.00033,4
16891,-3e-05,3e-05,3e-05,0.00013,0.0003,-0.00012,-0.00027,-0.00033,4
16892,-4e-05,-7e-05,-0.00014,-0.00048,-0.00018,0.00023,6e-05,7e-05,4
16893,-4e-05,-7e-05,-0.00014,-0.00048,-0.00018,0.00023,6e-05,7e-05,4
16894,-4e-05,-7e-05,-0.00014,-0.00048,-0.00018,0.00023,6e-05,7e-05,4
16895,-4e-05,-7e-05,-0.00014,-0.00048,-0.00018,0.00023,6e-05,7e-05,4
16896,-4e-05,-7e-05,-0.00014,-0.00048,-0.00018,0.00023,6e-05,7e-05,4
16897,-4e-05,-7e-05,-0.00014,-0.00048,-0.00018,0.00023,6e-05,7e-05,4
16898,-4e-05,-7e-05,-0.00014,-0.00048,-0.00018,0.00023,6e-05,7e-05,4
16899,-4e-05,-7e-05,-0.00014,-0.00048,-0.00018,0.00023,6e-05,7e-05,4
16900,-4e-05,-7e-05,-0.00014,-0.00048,-0.00018,0.00023,6e-05,7e-05,4
16901,-4e-05,-7e-05,-0.00014,-0.00048,-0.00018,0.00023,6e-05,7e-05,4
16902,-4e-05,-7e-05,-0.00014,-0.00048,-0.00018,0.00023,6e-05,7e-05,4
16903,-4e-05,-7e-05,-0.00014,-0.00048,-0.00018,0.00023,6e-05,7e-05,4
16904,-4e-05,-7e-05,-0.00014,-0.00048,-0.00018,0.00023,6e-05,7e-05,4
16905,-4e-05,-7e-05,-0.00014,-0.00048,-0.00018,0.00023,6e-05,7e-05,4
16906,-1e-05,0.0,4e-05,-0.0001,0.00013,-0.00045,-0.00019,-1e-05,4
16907,-1e-05,0.0,4e-05,-0.0001,0.00013,-0.00045,-0.00019,-1e-05,4
16908,-1e-05,0.0,4e-05,-0.0001,0.00013,-0.00045,-0.00019,-1e-05,4
16909,-1e-05,0.0,4e-05,-0.0001,0.00013,-0.00045,-0.00019,-1e-05,4
16910,-1e-05,0.0,4e-05,-0.0001,0.00013,-0.00045,-0.00019,-1e-05,4
16911,-1e-05,0.0,4e-05,-0.0001,0.00013,-0.00045,-0.00019,-1e-05,4
16912,-1e-05,0.0,4e-05,-0.0001,0.00013,-0.00045,-0.00019,-1e-05,4
16913,-1e-05,0.0,4e-05,-0.0001,0.00013,-0.00045,-0.00019,-1e-05,4
16914,-1e-05,0.0,4e-05,-0.0001,0.00013,-0.00045,-0.00019,-1e-05,4
16915,-1e-05,3e-05,2e-05,0.00024,0.00112,0.00021,2e-05,-9e-05,4
16916,-1e-05,3e-05,2e-05,0.00024,0.00112,0.00021,2e-05,-9e-05,4
16917,-2e-05,-5e-05,-6e-05,-0.00057,-0.00047,-0.00044,-7e-05,-4e-05,4
16918,-2e-05,-5e-05,-6e-05,-0.00057,-0.00047,-0.00044,-7e-05,-4e-05,4
16919,-2e-05,-5e-05,-6e-05,-0.00057,-0.00047,-0.00044,-7e-05,-4e-05,4
16920,-2e-05,-5e-05,-6e-05,-0.00057,-0.00047,-0.00044,-7e-05,-4e-05,4
16921,-2e-05,-5e-05,-6e-05,-0.00057,-0.00047,-0.00044,-7e-05,-4e-05,4
16922,-2e-05,-5e-05,-6e-05,-0.00057,-0.00047,-0.00044,-7e-05,-4e-05,4
16923,-2e-05,-5e-05,-6e-05,-0.00057,-0.00047,-0.00044,-7e-05,-4e-05,4
16924,-2e-05,-5e-05,-6e-05,-0.00057,-0.00047,-0.00044,-7e-05,-4e-05,4
16925,-2e-05,-5e-05,-6e-05,-0.00057,-0.00047,-0.00044,-7e-05,-4e-05,4
16926,-2e-05,-5e-05,-6e-05,-0.00057,-0.00047,-0.00044,-7e-05,-4e-05,4
16927,-2e-05,-5e-05,-6e-05,-0.00057,-0.00047,-0.00044,-7e-05,-4e-05,4
16928,-2e-05,-5e-05,-6e-05,-0.00057,-0.00047,-0.00044,-7e-05,-4e-05,4
16929,-2e-05,-5e-05,-6e-05,-0.00057,-0.00047,-0.00044,-7e-05,-4e-05,4
16930,-2e-05,-5e-05,-6e-05,-0.00057,-0.00047,-0.00044,-7e-05,-4e-05,4
16931,-2e-05,-5e-05,-6e-05,-0.00057,-0.00047,-0.00044,-7e-05,-4e-05,4
16932,-2e-05,-5e-05,-6e-05,-0.00057,-0.00047,-0.00044,-7e-05,-4e-05,4
16933,-2e-05,-5e-05,-6e-05,-0.00057,-0.00047,-0.00044,-7e-05,-4e-05,4
16934,-2e-05,-5e-05,-6e-05,-0.00057,-0.00047,-0.00044,-7e-05,-4e-05,4
16935,-2e-05,-5e-05,-6e-05,-0.00057,-0.00047,-0.00044,-7e-05,-4e-05,4
16936,-2e-05,-5e-05,-6e-05,-0.00057,-0.00047,-0.00044,-7e-05,-4e-05,4
16939,-2e-05,-5e-05,-6e-05,-0.00057,-0.00047,-0.00044,-7e-05,-4e-05,4
16940,-2e-05,-5e-05,-6e-05,-0.00057,-0.00047,-0.00044,-7e-05,-4e-05,4
16941,-2e-05,-5e-05,-6e-05,-0.00057,-0.00047,-0.00044,-7e-05,-4e-05,4
16942,-2e-05,-5e-05,-6e-05,-0.00057,-0.00047,-0.00044,-7e-05,-4e-05,4
16943,-2e-05,-5e-05,-6e-05,-0.00057,-0.00047,-0.00044,-7e-05,-4e-05,4
16944,-2e-05,-5e-05,-6e-05,-0.00057,-0.00047,-0.00044,-7e-05,-4e-05,4
16945,-0.00011,-0.00015,-0.00031,-0.00086,-0.00054,-0.00033,-0.00013,-0.0001,4
16946,-0.00011,-0.00015,-0.00031,-0.00086,-0.00054,-0.00033,-0.00013,-0.0001,4
16947,-0.00011,-0.00015,-0.00031,-0.00086,-0.00054,-0.00033,-0.00013,-0.0001,4
16948,-3e-05,-4e-05,-5e-05,-0.00036,-0.0005,-0.00017,2e-05,0.0001,4
16949,-3e-05,-4e-05,-5e-05,-0.00036,-0.0005,-0.00017,2e-05,0.0001,4
16950,-3e-05,-4e-05,-5e-05,-0.00036,-0.0005,-0.00017,2e-05,0.0001,4
16951,-3e-05,-4e-05,-5e-05,-0.00036,-0.0005,-0.00017,2e-05,0.0001,4
16952,-0.00011,-0.00015,-0.00018,-0.00037,4e-05,-0.00041,-0.00018,-0.00021,4
16953,-0.00011,-0.00015,-0.00018,-0.00037,4e-05,-0.00041,-0.00018,-0.00021,4
16954,-0.00011,-0.00015,-0.00018,-0.00037,4e-05,-0.00041,-0.00018,-0.00021,4
16955,-0.00011,-0.00015,-0.00018,-0.00037,4e-05,-0.00041,-0.00018,-0.00021,4
16956,-0.00011,-0.00015,-0.00018,-0.00037,4e-05,-0.00041,-0.00018,-0.00021,4
16957,-0.00011,-0.00015,-0.00018,-0.00037,4e-05,-0.00041,-0.00018,-0.00021,4
16958,-0.00011,-0.00015,-0.00018,-0.00037,4e-05,-0.00041,-0.00018,-0.00021,4
16959,-2e-05,-0.00012,-0.00018,0.00031,0.0005,5e-05,0.00012,0.00046,4
16960,-2e-05,-0.00012,-0.00018,0.00031,0.0005,5e-05,0.00012,0.00046,4
16961,-2e-05,-0.00012,-0.00018,0.00031,0.0005,5e-05,0.00012,0.00046,4
16962,-2e-05,-0.00012,-0.00018,0.00031,0.0005,5e-05,0.00012,0.00046,4
16963,-2e-05,-0.00012,-0.00018,0.00031,0.0005,5e-05,0.00012,0.00046,4
16964,-2e-05,-0.00012,-0.00018,0.00031,0.0005,5e-05,0.00012,0.00046,4
16965,-2e-05,-0.00012,-0.00018,0.00031,0.0005,5e-05,0.00012,0.00046,4
16966,-2e-05,-0.00012,-0.00018,0.00031,0.0005,5e-05,0.00012,0.00046,4
16967,-2e-05,-0.00012,-0.00018,0.00031,0.0005,5e-05,0.00012,0.00046,4
16968,-2e-05,-0.00012,-0.00018,0.00031,0.0005,5e-05,0.00012,0.00046,4
16969,-2e-05,-0.00012,-0.00018,0.00031,0.0005,5e-05,0.00012,0.00046,4
16970,-2e-05,-0.00012,-0.00018,0.00031,0.0005,5e-05,0.00012,0.00046,4
16971,-2e-05,-0.00012,-0.00018,0.00031,0.0005,5e-05,0.00012,0.00046,4
16972,-2e-05,-0.00012,-0.00018,0.00031,0.0005,5e-05,0.00012,0.00046,4
16973,-2e-05,-0.00012,-0.00018,0.00031,0.0005,5e-05,0.00012,0.00046,4
16974,-2e-05,-0.00012,-0.00018,0.00031,0.0005,5e-05,0.00012,0.00046,4
16975,-2e-05,-0.00012,-0.00018,0.00031,0.0005,5e-05,0.00012,0.00046,4
16976,-8e-05,-5e-05,-8e-05,-0.0001,-0.00058,-0.00028,-0.00022,-0.00018,4
16977,-8e-05,-5e-05,-8e-05,-0.0001,-0.00058,-0.00028,-0.00022,-0.00018,4
16978,-8e-05,-5e-05,-8e-05,-0.0001,-0.00058,-0.00028,-0.00022,-0.00018,4
16979,-8e-05,-5e-05,-8e-05,-0.0001,-0.00058,-0.00028,-0.00022,-0.00018,4
16980,-8e-05,-5e-05,-8e-05,-0.0001,-0.00058,-0.00028,-0.00022,-0.00018,4
16981,0.0,0.0,8e-05,-0.00032,-0.00077,9e-05,0.0001,0.00012,4
16982,0.0,0.0,8e-05,-0.00032,-0.00077,9e-05,0.0001,0.00012,4
16983,0.0,0.0,8e-05,-0.00032,-0.00077,9e-05,0.0001,0.00012,4
16984,0.0,0.0,8e-05,-0.00032,-0.00077,9e-05,0.0001,0.00012,4
16985,0.0,0.0,8e-05,-0.00032,-0.00077,9e-05,0.0001,0.00012,4
16986,0.0,0.0,8e-05,-0.00032,-0.00077,9e-05,0.0001,0.00012,4
16989,0.0,0.0,8e-05,-0.00032,-0.00077,9e-05,0.0001,0.00012,4
16990,0.0,0.0,8e-05,-0.00032,-0.00077,9e-05,0.0001,0.00012,4
16991,0.0,0.0,8e-05,-0.00032,-0.00077,9e-05,0.0001,0.00012,4
16992,0.0,0.0,8e-05,-0.00032,-0.00077,9e-05,0.0001,0.00012,4
16993,0.0,0.0,8e-05,-0.00032,-0.00077,9e-05,0.0001,0.00012,4
16994,0.0,0.0,8e-05,-0.00032,-0.00077,9e-05,0.0001,0.00012,4
16995,0.0,0.0,8e-05,-0.00032,-0.00077,9e-05,0.0001,0.00012,4
16996,0.0,0.0,8e-05,-0.00032,-0.00077,9e-05,0.0001,0.00012,4
16997,0.0,0.0,8e-05,-0.00032,-0.00077,9e-05,0.0001,0.00012,4
16999,-0.00018,-0.00031,-0.00055,-0.00092,-0.00012,-0.00025,-0.0001,-0.00017,4
17001,-0.00018,-0.00031,-0.00055,-0.00092,-0.00012,-0.00025,-0.0001,-0.00017,4
17002,-0.00018,-0.00031,-0.00055,-0.00092,-0.00012,-0.00025,-0.0001,-0.00017,4
17003,-0.00018,-0.00031,-0.00055,-0.00092,-0.00012,-0.00025,-0.0001,-0.00017,4
17004,-0.00018,-0.00031,-0.00055,-0.00092,-0.00012,-0.00025,-0.0001,-0.00017,4
17005,-0.00018,-0.00031,-0.00055,-0.00092,-0.00012,-0.00025,-0.0001,-0.00017,4
17006,-0.00018,-0.00031,-0.00055,-0.00092,-0.00012,-0.00025,-0.0001,-0.00017,4
17007,-0.00018,-0.00031,-0.00055,-0.00092,-0.00012,-0.00025,-0.0001,-0.00017,4
17008,-0.00018,-0.00031,-0.00055,-0.00092,-0.00012,-0.00025,-0.0001,-0.00017,4
17009,-0.00018,-0.00031,-0.00055,-0.00092,-0.00012,-0.00025,-0.0001,-0.00017,4
17010,-0.00018,-0.00031,-0.00055,-0.00092,-0.00012,-0.00025,-0.0001,-0.00017,4
17011,-0.00018,-0.00031,-0.00055,-0.00092,-0.00012,-0.00025,-0.0001,-0.00017,4
17012,-0.00018,-0.00025,-0.00045,-0.00107,-0.00128,-0.00098,-0.00049,-0.00028,4
17013,-0.00018,-0.00025,-0.00045,-0.00107,-0.00128,-0.00098,-0.00049,-0.00028,4
17014,-0.00018,-0.00025,-0.00045,-0.00107,-0.00128,-0.00098,-0.00049,-0.00028,4
17015,-0.00018,-0.00025,-0.00045,-0.00107,-0.00128,-0.00098,-0.00049,-0.00028,4
17016,-0.00018,-0.00025,-0.00045,-0.00107,-0.00128,-0.00098,-0.00049,-0.00028,4
17017,-0.00018,-0.00025,-0.00045,-0.00107,-0.00128,-0.00098,-0.00049,-0.00028,4
17018,-0.00018,-0.00025,-0.00045,-0.00107,-0.00128,-0.00098,-0.00049,-0.00028,4
17019,-0.00018,-0.00025,-0.00045,-0.00107,-0.00128,-0.00098,-0.00049,-0.00028,4
17020,-0.00018,-0.00025,-0.00045,-0.00107,-0.00128,-0.00098,-0.00049,-0.00028,4
17021,-0.00018,-0.00025,-0.00045,-0.00107,-0.00128,-0.00098,-0.00049,-0.00028,4
17022,-0.00018,-0.00025,-0.00045,-0.00107,-0.00128,-0.00098,-0.00049,-0.00028,4
17023,-0.00018,-0.00025,-0.00045,-0.00107,-0.00128,-0.00098,-0.00049,-0.00028,4
17024,-0.00018,-0.00025,-0.00045,-0.00107,-0.00128,-0.00098,-0.00049,-0.00028,4
17025,-0.00018,-0.00025,-0.00045,-0.00107,-0.00128,-0.00098,-0.00049,-0.00028,4
17026,2e-05,9e-05,0.00023,0.0008,0.00035,6e-05,-0.0001,-0.0002,4
17027,2e-05,9e-05,0.00023,0.0008,0.00035,6e-05,-0.0001,-0.0002,4
17028,2e-05,9e-05,0.00023,0.0008,0.00035,6e-05,-0.0001,-0.0002,4
17029,2e-05,9e-05,0.00023,0.0008,0.00035,6e-05,-0.0001,-0.0002,4
17030,2e-05,9e-05,0.00023,0.0008,0.00035,6e-05,-0.0001,-0.0002,4
17031,2e-05,9e-05,0.00023,0.0008,0.00035,6e-05,-0.0001,-0.0002,4
17032,2e-05,9e-05,0.00023,0.0008,0.00035,6e-05,-0.0001,-0.0002,4
17033,2e-05,9e-05,0.00023,0.0008,0.00035,6e-05,-0.0001,-0.0002,4
17034,2e-05,9e-05,0.00023,0.0008,0.00035,6e-05,-0.0001,-0.0002,4
17035,2e-05,9e-05,0.00023,0.0008,0.00035,6e-05,-0.0001,-0.0002,4
17036,2e-05,9e-05,0.00023,0.0008,0.00035,6e-05,-0.0001,-0.0002,4
17039,2e-05,9e-05,0.00023,0.0008,0.00035,6e-05,-0.0001,-0.0002,4
17040,2e-05,9e-05,0.00023,0.0008,0.00035,6e-05,-0.0001,-0.0002,4
17041,2e-05,9e-05,0.00023,0.0008,0.00035,6e-05,-0.0001,-0.0002,4
17042,-0.00017,-0.00028,-0.00048,-0.00068,-0.00015,-0.00052,-0.00024,-5e-05,4
17043,5e-05,9e-05,0.00012,-4e-05,0.00113,0.0003,1e-05,0.00011,4
17044,0.0001,0.0002,0.00035,0.00045,0.00012,0.00064,0.00024,0.0003,4
17045,0.0001,0.0002,0.00035,0.00045,0.00012,0.00064,0.00024,0.0003,4
17046,0.0001,0.0002,0.00035,0.00045,0.00012,0.00064,0.00024,0.0003,4
17047,0.0001,0.0002,0.00035,0.00045,0.00012,0.00064,0.00024,0.0003,4
17048,0.0001,0.0002,0.00035,0.00045,0.00012,0.00064,0.00024,0.0003,4
17049,0.0001,0.0002,0.00035,0.00045,0.00012,0.00064,0.00024,0.0003,4
17050,0.0001,0.0002,0.00035,0.00045,0.00012,0.00064,0.00024,0.0003,4
17051,0.0001,0.0002,0.00035,0.00045,0.00012,0.00064,0.00024,0.0003,4
17052,0.0001,0.0002,0.00035,0.00045,0.00012,0.00064,0.00024,0.0003,4
17053,0.0001,0.0002,0.00035,0.00045,0.00012,0.00064,0.00024,0.0003,4
17054,0.0001,0.0002,0.00035,0.00045,0.00012,0.00064,0.00024,0.0003,4
17055,0.0001,0.0002,0.00035,0.00045,0.00012,0.00064,0.00024,0.0003,4
17056,0.0001,0.0002,0.00035,0.00045,0.00012,0.00064,0.00024,0.0003,4
17057,0.0001,0.0002,0.00035,0.00045,0.00012,0.00064,0.00024,0.0003,4
17058,0.0001,0.0002,0.00035,0.00045,0.00012,0.00064,0.00024,0.0003,4
17059,0.0001,0.0002,0.00035,0.00045,0.00012,0.00064,0.00024,0.0003,4
17060,0.0001,0.0002,0.00035,0.00045,0.00012,0.00064,0.00024,0.0003,4
17061,0.0001,0.0002,0.00035,0.00045,0.00012,0.00064,0.00024,0.0003,4
17062,0.0001,0.0002,0.00035,0.00045,0.00012,0.00064,0.00024,0.0003,4
17063,0.0001,0.0002,0.00035,0.00045,0.00012,0.00064,0.00024,0.0003,4
17064,0.0001,0.0002,0.00035,0.00045,0.00012,0.00064,0.00024,0.0003,4
17065,0.0001,0.0002,0.00035,0.00045,0.00012,0.00064,0.00024,0.0003,4
17066,2e-05,2e-05,9e-05,0.00061,0.00046,0.00074,0.00018,-4e-05,4
17067,2e-05,2e-05,9e-05,0.00061,0.00046,0.00074,0.00018,-4e-05,4
17068,2e-05,2e-05,9e-05,0.00061,0.00046,0.00074,0.00018,-4e-05,4
17069,2e-05,2e-05,9e-05,0.00061,0.00046,0.00074,0.00018,-4e-05,4
17070,2e-05,2e-05,9e-05,0.00061,0.00046,0.00074,0.00018,-4e-05,4
17071,2e-05,2e-05,9e-05,0.00061,0.00046,0.00074,0.00018,-4e-05,4
17072,2e-05,2e-05,9e-05,0.00061,0.00046,0.00074,0.00018,-4e-05,4
17073,-1e-05,-6e-05,-0.00015,0.0,-0.00119,-0.00054,-0.00012,0.00029,4
17074,0.0001,0.00016,0.00023,-0.00057,-0.00052,-0.00041,-5e-05,8e-05,4
17075,0.0001,0.00016,0.00023,-0.00057,-0.00052,-0.00041,-5e-05,8e-05,4
17076,0.0001,0.00016,0.00023,-0.00057,-0.00052,-0.00041,-5e-05,8e-05,4
17077,0.0001,0.00016,0.00023,-0.00057,-0.00052,-0.00041,-5e-05,8e-05,4
17078,0.0001,0.00016,0.00023,-0.00057,-0.00052,-0.00041,-5e-05,8e-05,4
17079,0.00012,0.0002,0.0003,0.00054,0.00022,-0.00032,0.00012,8e-05,4
17080,0.00012,0.0002,0.0003,0.00054,0.00022,-0.00032,0.00012,8e-05,4
17081,0.00012,0.0002,0.0003,0.00054,0.00022,-0.00032,0.00012,8e-05,4
17082,0.00012,0.0002,0.0003,0.00054,0.00022,-0.00032,0.00012,8e-05,4
17083,0.00012,0.0002,0.0003,0.00054,0.00022,-0.00032,0.00012,8e-05,4
17084,0.00012,0.0002,0.0003,0.00054,0.00022,-0.00032,0.00012,8e-05,4
17085,0.00012,0.0002,0.0003,0.00054,0.00022,-0.00032,0.00012,8e-05,4
17086,0.00012,0.0002,0.0003,0.00054,0.00022,-0.00032,0.00012,8e-05,4
17089,0.00012,0.0002,0.0003,0.00054,0.00022,-0.00032,0.00012,8e-05,4
17090,0.00012,0.0002,0.0003,0.00054,0.00022,-0.00032,0.00012,8e-05,4
17091,0.00012,0.0002,0.0003,0.00054,0.00022,-0.00032,0.00012,8e-05,4
17092,0.00012,0.0002,0.0003,0.00054,0.00022,-0.00032,0.00012,8e-05,4
17093,0.00012,0.0002,0.0003,0.00054,0.00022,-0.00032,0.00012,8e-05,4
17094,0.00012,0.0002,0.0003,0.00054,0.00022,-0.00032,0.00012,8e-05,4
17095,-3e-05,-8e-05,-0.00012,0.00027,-4e-05,0.00059,-1e-05,4e-05,4
17096,-3e-05,-8e-05,-0.00012,0.00027,-4e-05,0.00059,-1e-05,4e-05,4
17097,3e-05,2e-05,0.0,-0.00058,-0.00106,0.00055,0.00011,9e-05,4
17098,3e-05,2e-05,0.0,-0.00058,-0.00106,0.00055,0.00011,9e-05,4
17099,3e-05,2e-05,0.0,-0.00058,-0.00106,0.00055,0.00011,9e-05,4
17100,3e-05,2e-05,0.0,-0.00058,-0.00106,0.00055,0.00011,9e-05,4
17101,3e-05,2e-05,0.0,-0.00058,-0.00106,0.00055,0.00011,9e-05,4
17102,3e-05,2e-05,0.0,-0.00058,-0.00106,0.00055,0.00011,9e-05,4
17103,3e-05,2e-05,0.0,-0.00058,-0.00106,0.00055,0.00011,9e-05,4
17104,3e-05,2e-05,0.0,-0.00058,-0.00106,0.00055,0.00011,9e-05,4
17105,3e-05,2e-05,0.0,-0.00058,-0.00106,0.00055,0.00011,9e-05,4
17106,3e-05,2e-05,0.0,-0.00058,-0.00106,0.00055,0.00011,9e-05,4
17107,3e-05,2e-05,0.0,-0.00058,-0.00106,0.00055,0.00011,9e-05,4
17108,3e-05,2e-05,0.0,-0.00058,-0.00106,0.00055,0.00011,9e-05,4
17109,3e-05,2e-05,0.0,-0.00058,-0.00106,0.00055,0.00011,9e-05,4
17110,3e-05,2e-05,0.0,-0.00058,-0.00106,0.00055,0.00011,9e-05,4
17111,3e-05,2e-05,0.0,-0.00058,-0.00106,0.00055,0.00011,9e-05,4
17112,3e-05,2e-05,0.0,-0.00058,-0.00106,0.00055,0.00011,9e-05,4
17113,3e-05,2e-05,0.0,-0.00058,-0.00106,0.00055,0.00011,9e-05,4
17114,3e-05,2e-05,0.0,-0.00058,-0.00106,0.00055,0.00011,9e-05,4
17115,3e-05,2e-05,0.0,-0.00058,-0.00106,0.00055,0.00011,9e-05,4
17116,3e-05,2e-05,0.0,-0.00058,-0.00106,0.00055,0.00011,9e-05,4
17117,3e-05,2e-05,0.0,-0.00058,-0.00106,0.00055,0.00011,9e-05,4
17118,0.00022,0.00034,0.00054,0.00061,0.00019,0.00101,0.00038,0.00014,4
17119,9e-05,0.00019,0.00036,0.00077,0.0001,0.00065,0.00012,7e-05,4
17120,-0.00012,-0.00017,-0.00025,-0.00024,-0.00019,-0.00025,-0.0001,-0.00019,4
17121,-0.00012,-0.00017,-0.00025,-0.00024,-0.00019,-0.00025,-0.0001,-0.00019,4
17122,-0.00012,-0.00017,-0.00025,-0.00024,-0.00019,-0.00025,-0.0001,-0.00019,4
17123,-0.00012,-0.00017,-0.00025,-0.00024,-0.00019,-0.00025,-0.0001,-0.00019,4
17124,-0.00012,-0.00017,-0.00025,-0.00024,-0.00019,-0.00025,-0.0001,-0.00019,4
17125,-0.00012,-0.00017,-0.00025,-0.00024,-0.00019,-0.00025,-0.0001,-0.00019,4
17126,-0.00012,-0.00017,-0.00025,-0.00024,-0.00019,-0.00025,-0.0001,-0.00019,4
17127,-0.00012,-0.00017,-0.00025,-0.00024,-0.00019,-0.00025,-0.0001,-0.00019,4
17128,-0.00012,-0.00017,-0.00025,-0.00024,-0.00019,-0.00025,-0.0001,-0.00019,4
17129,-0.00012,-0.00017,-0.00025,-0.00024,-0.00019,-0.00025,-0.0001,-0.00019,4
17130,-0.00012,-0.00017,-0.00025,-0.00024,-0.00019,-0.00025,-0.0001,-0.00019,4
17131,0.0,3e-05,2e-05,0.00022,-0.00026,-0.00058,-7e-05,-9e-05,4
17132,-3e-05,-2e-05,2e-05,7e-05,-0.00013,-0.00021,-8e-05,-0.00022,4
17133,-3e-05,-2e-05,2e-05,7e-05,-0.00013,-0.00021,-8e-05,-0.00022,4
17134,-3e-05,-2e-05,2e-05,7e-05,-0.00013,-0.00021,-8e-05,-0.00022,4
17135,-3e-05,-2e-05,2e-05,7e-05,-0.00013,-0.00021,-8e-05,-0.00022,4
17136,-3e-05,-2e-05,2e-05,7e-05,-0.00013,-0.00021,-8e-05,-0.00022,4
17138,-3e-05,-2e-05,2e-05,7e-05,-0.00013,-0.00021,-8e-05,-0.00022,4
17140,-3e-05,-2e-05,2e-05,7e-05,-0.00013,-0.00021,-8e-05,-0.00022,4
17141,-3e-05,-2e-05,2e-05,7e-05,-0.00013,-0.00021,-8e-05,-0.00022,4
17142,-3e-05,-2e-05,2e-05,7e-05,-0.00013,-0.00021,-8e-05,-0.00022,4
17143,-3e-05,-2e-05,2e-05,7e-05,-0.00013,-0.00021,-8e-05,-0.00022,4
17144,-3e-05,-2e-05,2e-05,7e-05,-0.00013,-0.00021,-8e-05,-0.00022,4
17145,-3e-05,-2e-05,2e-05,7e-05,-0.00013,-0.00021,-8e-05,-0.00022,4
17146,-3e-05,-2e-05,2e-05,7e-05,-0.00013,-0.00021,-8e-05,-0.00022,4
17147,-3e-05,-2e-05,2e-05,7e-05,-0.00013,-0.00021,-8e-05,-0.00022,4
17148,-3e-05,-2e-05,2e-05,7e-05,-0.00013,-0.00021,-8e-05,-0.00022,4
17149,-3e-05,-2e-05,2e-05,7e-05,-0.00013,-0.00021,-8e-05,-0.00022,4
17150,-3e-05,-2e-05,2e-05,7e-05,-0.00013,-0.00021,-8e-05,-0.00022,4
17151,-3e-05,-2e-05,2e-05,7e-05,-0.00013,-0.00021,-8e-05,-0.00022,4
17152,-3e-05,-2e-05,2e-05,7e-05,-0.00013,-0.00021,-8e-05,-0.00022,4
17153,-3e-05,-2e-05,2e-05,7e-05,-0.00013,-0.00021,-8e-05,-0.00022,4
17154,-3e-05,-2e-05,2e-05,7e-05,-0.00013,-0.00021,-8e-05,-0.00022,4
17155,-3e-05,-2e-05,2e-05,7e-05,-0.00013,-0.00021,-8e-05,-0.00022,4
17156,-9e-05,-0.00014,-0.00013,-0.0008,-0.00104,0.0,-0.00011,-0.0002,4
17157,-9e-05,-0.0001,-0.00019,5e-05,0.00016,-0.00012,-2e-05,6e-05,4
17158,-0.00011,-0.00014,-0.00028,-0.00031,-2e-05,-0.00018,-0.00021,-0.00026,4
17159,-0.00011,-0.00014,-0.00028,-0.00031,-2e-05,-0.00018,-0.00021,-0.00026,4
17160,-0.00011,-0.00014,-0.00028,-0.00031,-2e-05,-0.00018,-0.00021,-0.00026,4
17161,-0.00011,-0.00014,-0.00028,-0.00031,-2e-05,-0.00018,-0.00021,-0.00026,4
17162,-0.00011,-0.00014,-0.00028,-0.00031,-2e-05,-0.00018,-0.00021,-0.00026,4
17163,-0.00011,-0.00014,-0.00028,-0.00031,-2e-05,-0.00018,-0.00021,-0.00026,4
17164,-0.00011,-0.00014,-0.00028,-0.00031,-2e-05,-0.00018,-0.00021,-0.00026,4
17165,-0.00011,-0.00014,-0.00028,-0.00031,-2e-05,-0.00018,-0.00021,-0.00026,4
17166,-0.00011,-0.00014,-0.00028,-0.00031,-2e-05,-0.00018,-0.00021,-0.00026,4
17167,-0.00011,-0.00014,-0.00028,-0.00031,-2e-05,-0.00018,-0.00021,-0.00026,4
17168,-0.00011,-0.00014,-0.00028,-0.00031,-2e-05,-0.00018,-0.00021,-0.00026,4
17169,-0.00011,-0.00014,-0.00028,-0.00031,-2e-05,-0.00018,-0.00021,-0.00026,4
17170,-0.00011,-0.00014,-0.00028,-0.00031,-2e-05,-0.00018,-0.00021,-0.00026,4
17171,-0.00011,-0.00014,-0.00028,-0.00031,-2e-05,-0.00018,-0.00021,-0.00026,4
17172,-0.00011,-0.00014,-0.00028,-0.00031,-2e-05,-0.00018,-0.00021,-0.00026,4
17173,-0.00011,-0.00014,-0.00028,-0.00031,-2e-05,-0.00018,-0.00021,-0.00026,4
17174,-0.00011,-0.00014,-0.00028,-0.00031,-2e-05,-0.00018,-0.00021,-0.00026,4
17175,-0.00011,-0.00014,-0.00028,-0.00031,-2e-05,-0.00018,-0.00021,-0.00026,4
17176,-0.00011,-0.00014,-0.00028,-0.00031,-2e-05,-0.00018,-0.00021,-0.00026,4
17177,-0.00011,-0.00014,-0.00028,-0.00031,-2e-05,-0.00018,-0.00021,-0.00026,4
17178,7e-05,0.00018,0.0004,0.0007,-1e-05,0.00011,-6e-05,3e-05,4
17179,7e-05,0.00018,0.0004,0.0007,-1e-05,0.00011,-6e-05,3e-05,4
17180,7e-05,0.00018,0.0004,0.0007,-1e-05,0.00011,-6e-05,3e-05,4
17181,7e-05,0.00018,0.0004,0.0007,-1e-05,0.00011,-6e-05,3e-05,4
17182,7e-05,0.00018,0.0004,0.0007,-1e-05,0.00011,-6e-05,3e-05,4
17183,7e-05,0.00018,0.0004,0.0007,-1e-05,0.00011,-6e-05,3e-05,4
17184,-9e-05,-0.0001,-0.00018,0.00022,0.00053,-0.0004,-0.00016,-0.00037,4
17185,-9e-05,-0.0001,-0.00018,0.00022,0.00053,-0.0004,-0.00016,-0.00037,4
17186,-9e-05,-0.0001,-0.00018,0.00022,0.00053,-0.0004,-0.00016,-0.00037,4
17189,-9e-05,-0.0001,-0.00018,0.00022,0.00053,-0.0004,-0.00016,-0.00037,4
17190,-9e-05,-0.0001,-0.00018,0.00022,0.00053,-0.0004,-0.00016,-0.00037,4
17191,-9e-05,-0.0001,-0.00018,0.00022,0.00053,-0.0004,-0.00016,-0.00037,4
17192,-9e-05,-0.0001,-0.00018,0.00022,0.00053,-0.0004,-0.00016,-0.00037,4
17193,-9e-05,-0.0001,-0.00018,0.00022,0.00053,-0.0004,-0.00016,-0.00037,4
17194,-9e-05,-0.0001,-0.00018,0.00022,0.00053,-0.0004,-0.00016,-0.00037,4
17195,-9e-05,-0.0001,-0.00018,0.00022,0.00053,-0.0004,-0.00016,-0.00037,4
17196,-9e-05,-0.0001,-0.00018,0.00022,0.00053,-0.0004,-0.00016,-0.00037,4
17197,-9e-05,-0.0001,-0.00018,0.00022,0.00053,-0.0004,-0.00016,-0.00037,4
17198,-9e-05,-0.0001,-0.00018,0.00022,0.00053,-0.0004,-0.00016,-0.00037,4
17199,-9e-05,-0.0001,-0.00018,0.00022,0.00053,-0.0004,-0.00016,-0.00037,4
17200,9e-05,0.00014,0.00023,8e-05,-0.00048,0.00019,3e-05,-0.00013,4
17201,-0.00011,-0.00019,-0.00031,-6e-05,0.00021,-0.00067,-0.00031,-0.0001,4
17202,0.00014,0.0003,0.00056,0.0008,0.0005,0.00057,0.00021,0.00013,4
17203,0.00014,0.0003,0.00056,0.0008,0.0005,0.00057,0.00021,0.00013,4
17204,0.00014,0.0003,0.00056,0.0008,0.0005,0.00057,0.00021,0.00013,4
17205,0.00014,0.0003,0.00056,0.0008,0.0005,0.00057,0.00021,0.00013,4
17206,0.00014,0.0003,0.00056,0.0008,0.0005,0.00057,0.00021,0.00013,4
17207,0.00014,0.0003,0.00056,0.0008,0.0005,0.00057,0.00021,0.00013,4
17208,0.00014,0.0003,0.00056,0.0008,0.0005,0.00057,0.00021,0.00013,4
17209,0.00014,0.0003,0.00056,0.0008,0.0005,0.00057,0.00021,0.00013,4
17210,0.00014,0.0003,0.00056,0.0008,0.0005,0.00057,0.00021,0.00013,4
17211,0.00014,0.0003,0.00056,0.0008,0.0005,0.00057,0.00021,0.00013,4
17212,0.00014,0.0003,0.00056,0.0008,0.0005,0.00057,0.00021,0.00013,4
17213,0.00014,0.0003,0.00056,0.0008,0.0005,0.00057,0.00021,0.00013,4
17214,0.00014,0.0003,0.00056,0.0008,0.0005,0.00057,0.00021,0.00013,4
17215,0.00014,0.0003,0.00056,0.0008,0.0005,0.00057,0.00021,0.00013,4
17216,0.00014,0.0003,0.00056,0.0008,0.0005,0.00057,0.00021,0.00013,4
17217,0.00014,0.0003,0.00056,0.0008,0.0005,0.00057,0.00021,0.00013,4
17218,0.00014,0.0003,0.00056,0.0008,0.0005,0.00057,0.00021,0.00013,4
17219,0.00014,0.0003,0.00056,0.0008,0.0005,0.00057,0.00021,0.00013,4
17220,0.00014,0.0003,0.00056,0.0008,0.0005,0.00057,0.00021,0.00013,4
17221,0.00014,0.0003,0.00056,0.0008,0.0005,0.00057,0.00021,0.00013,4
17222,1e-05,3e-05,0.0,-0.00033,-0.00128,-3e-05,0.0,-0.00012,4
17223,0.0,-5e-05,-0.00012,0.00055,0.00059,8e-05,4e-05,7e-05,4
17224,-5e-05,-0.00012,-0.00023,-0.00095,0.00013,-0.00021,-0.0001,-9e-05,4
17225,-5e-05,-0.00012,-0.00023,-0.00095,0.00013,-0.00021,-0.0001,-9e-05,4
17226,-5e-05,-0.00012,-0.00023,-0.00095,0.00013,-0.00021,-0.0001,-9e-05,4
17227,-5e-05,-0.00012,-0.00023,-0.00095,0.00013,-0.00021,-0.0001,-9e-05,4
17228,-5e-05,-0.00012,-0.00023,-0.00095,0.00013,-0.00021,-0.0001,-9e-05,4
17229,-5e-05,-0.00012,-0.00023,-0.00095,0.00013,-0.00021,-0.0001,-9e-05,4
17230,-5e-05,-0.00012,-0.00023,-0.00095,0.00013,-0.00021,-0.0001,-9e-05,4
17231,-5e-05,-0.00012,-0.00023,-0.00095,0.00013,-0.00021,-0.0001,-9e-05,4
17232,-5e-05,-0.00012,-0.00023,-0.00095,0.00013,-0.00021,-0.0001,-9e-05,4
17233,-5e-05,-0.00012,-0.00023,-0.00095,0.00013,-0.00021,-0.0001,-9e-05,4
17234,-5e-05,-0.00012,-0.00023,-0.00095,0.00013,-0.00021,-0.0001,-9e-05,4
17238,-5e-05,-0.00012,-0.00023,-0.00095,0.00013,-0.00021,-0.0001,-9e-05,4
17239,-4e-05,-2e-05,-7e-05,0.00017,8e-05,-0.00021,1e-05,-7e-05,4
17240,3e-05,2e-05,1e-05,0.00011,-0.00069,0.0004,0.00019,4e-05,4
17241,3e-05,2e-05,1e-05,0.00011,-0.00069,0.0004,0.00019,4e-05,4
17242,3e-05,2e-05,1e-05,0.00011,-0.00069,0.0004,0.00019,4e-05,4
17243,3e-05,2e-05,1e-05,0.00011,-0.00069,0.0004,0.00019,4e-05,4
17244,3e-05,2e-05,1e-05,0.00011,-0.00069,0.0004,0.00019,4e-05,4
17245,3e-05,2e-05,1e-05,0.00011,-0.00069,0.0004,0.00019,4e-05,4
17246,3e-05,2e-05,1e-05,0.00011,-0.00069,0.0004,0.00019,4e-05,4
17247,3e-05,2e-05,1e-05,0.00011,-0.00069,0.0004,0.00019,4e-05,4
17248,3e-05,2e-05,1e-05,0.00011,-0.00069,0.0004,0.00019,4e-05,4
17249,3e-05,2e-05,1e-05,0.00011,-0.00069,0.0004,0.00019,4e-05,4
17250,3e-05,2e-05,1e-05,0.00011,-0.00069,0.0004,0.00019,4e-05,4
17251,-0.00011,-0.00018,-0.00029,-0.00119,-0.00076,-0.00055,-0.00012,3e-05,4
17252,-0.00011,-0.00018,-0.00029,-0.00119,-0.00076,-0.00055,-0.00012,3e-05,4
17253,-0.00011,-0.00018,-0.00029,-0.00119,-0.00076,-0.00055,-0.00012,3e-05,4
17254,-0.00011,-0.00018,-0.00029,-0.00119,-0.00076,-0.00055,-0.00012,3e-05,4
17255,-0.00011,-0.00018,-0.00029,-0.00119,-0.00076,-0.00055,-0.00012,3e-05,4
17256,-0.00011,-0.00018,-0.00029,-0.00119,-0.00076,-0.00055,-0.00012,3e-05,4
17257,-0.00011,-0.00018,-0.00029,-0.00119,-0.00076,-0.00055,-0.00012,3e-05,4
17258,-0.00011,-0.00018,-0.00029,-0.00119,-0.00076,-0.00055,-0.00012,3e-05,4
17259,-0.00011,-0.00018,-0.00029,-0.00119,-0.00076,-0.00055,-0.00012,3e-05,4
17260,0.0,3e-05,3e-05,-0.00036,-0.00128,-9e-05,6e-05,-0.0002,4
17261,0.0,3e-05,3e-05,-0.00036,-0.00128,-9e-05,6e-05,-0.0002,4
17262,0.0,3e-05,3e-05,-0.00036,-0.00128,-9e-05,6e-05,-0.0002,4
17263,0.0,3e-05,3e-05,-0.00036,-0.00128,-9e-05,6e-05,-0.0002,4
17264,0.0,3e-05,3e-05,-0.00036,-0.00128,-9e-05,6e-05,-0.0002,4
17265,0.0,3e-05,3e-05,-0.00036,-0.00128,-9e-05,6e-05,-0.0002,4
17266,0.0,3e-05,3e-05,-0.00036,-0.00128,-9e-05,6e-05,-0.0002,4
17267,0.0,3e-05,3e-05,-0.00036,-0.00128,-9e-05,6e-05,-0.0002,4
17268,0.0,3e-05,3e-05,-0.00036,-0.00128,-9e-05,6e-05,-0.0002,4
17269,0.0,3e-05,3e-05,-0.00036,-0.00128,-9e-05,6e-05,-0.0002,4
17270,0.0,3e-05,3e-05,-0.00036,-0.00128,-9e-05,6e-05,-0.0002,4
17271,0.0,3e-05,3e-05,-0.00036,-0.00128,-9e-05,6e-05,-0.0002,4
17272,0.0,3e-05,3e-05,-0.00036,-0.00128,-9e-05,6e-05,-0.0002,4
17273,0.0,3e-05,3e-05,-0.00036,-0.00128,-9e-05,6e-05,-0.0002,4
17274,0.0,3e-05,3e-05,-0.00036,-0.00128,-9e-05,6e-05,-0.0002,4
17275,-6e-05,-7e-05,-8e-05,0.0,-1e-05,-6e-05,5e-05,-2e-05,4
17276,-6e-05,-7e-05,-8e-05,0.0,-1e-05,-6e-05,5e-05,-2e-05,4
17277,-0.00021,-0.00041,-0.00061,-0.00064,-0.00043,-0.00054,-0.00024,-0.00026,4
17278,-0.00021,-0.00041,-0.00061,-0.00064,-0.00043,-0.00054,-0.00024,-0.00026,4
17279,-0.00021,-0.00041,-0.00061,-0.00064,-0.00043,-0.00054,-0.00024,-0.00026,4
17280,-0.00021,-0.00041,-0.00061,-0.00064,-0.00043,-0.00054,-0.00024,-0.00026,4
17281,-0.00021,-0.00041,-0.00061,-0.00064,-0.00043,-0.00054,-0.00024,-0.00026,4
17282,-0.00021,-0.00041,-0.00061,-0.00064,-0.00043,-0.00054,-0.00024,-0.00026,4
17283,-0.00021,-0.00041,-0.00061,-0.00064,-0.00043,-0.00054,-0.00024,-0.00026,4
17284,-0.00021,-0.00041,-0.00061,-0.00064,-0.00043,-0.00054,-0.00024,-0.00026,4
17285,-0.00021,-0.00041,-0.00061,-0.00064,-0.00043,-0.00054,-0.00024,-0.00026,4
17286,-0.00021,-0.00041,-0.00061,-0.00064,-0.00043,-0.00054,-0.00024,-0.00026,4
17290,-0.00021,-0.00041,-0.00061,-0.00064,-0.00043,-0.00054,-0.00024,-0.00026,4
17291,-0.00021,-0.00041,-0.00061,-0.00064,-0.00043,-0.00054,-0.00024,-0.00026,4
17292,-0.00021,-0.00041,-0.00061,-0.00064,-0.00043,-0.00054,-0.00024,-0.00026,4
17293,-0.00021,-0.00041,-0.00061,-0.00064,-0.00043,-0.00054,-0.00024,-0.00026,4
17294,-0.00021,-0.00041,-0.00061,-0.00064,-0.00043,-0.00054,-0.00024,-0.00026,4
17295,-0.00021,-0.00041,-0.00061,-0.00064,-0.00043,-0.00054,-0.00024,-0.00026,4
17296,-0.00021,-0.00041,-0.00061,-0.00064,-0.00043,-0.00054,-0.00024,-0.00026,4
17297,0.00027,0.00054,0.00086,0.00036,-0.00066,0.00081,0.00038,4e-05,4
17298,-7e-05,-0.0001,-0.00018,-0.00045,-0.00065,-0.00019,-0.00013,-5e-05,4
17299,-7e-05,-0.0001,-0.00018,-0.00045,-0.00065,-0.00019,-0.00013,-5e-05,4
17300,-7e-05,-0.0001,-0.00018,-0.00045,-0.00065,-0.00019,-0.00013,-5e-05,4
17301,-7e-05,-0.0001,-0.00018,-0.00045,-0.00065,-0.00019,-0.00013,-5e-05,4
17302,-7e-05,-0.0001,-0.00018,-0.00045,-0.00065,-0.00019,-0.00013,-5e-05,4
17303,-7e-05,-0.0001,-0.00018,-0.00045,-0.00065,-0.00019,-0.00013,-5e-05,4
17304,-7e-05,-0.0001,-0.00018,-0.00045,-0.00065,-0.00019,-0.00013,-5e-05,4
17305,-6e-05,-5e-05,-6e-05,0.00013,0.00039,-9e-05,-8e-05,7e-05,4
17306,-6e-05,-5e-05,-6e-05,0.00013,0.00039,-9e-05,-8e-05,7e-05,4
17307,-6e-05,-5e-05,-6e-05,0.00013,0.00039,-9e-05,-8e-05,7e-05,4
17308,-6e-05,-5e-05,-6e-05,0.00013,0.00039,-9e-05,-8e-05,7e-05,4
17309,-6e-05,-5e-05,-6e-05,0.00013,0.00039,-9e-05,-8e-05,7e-05,4
17310,-6e-05,-5e-05,-6e-05,0.00013,0.00039,-9e-05,-8e-05,7e-05,4
17311,-6e-05,-5e-05,-6e-05,0.00013,0.00039,-9e-05,-8e-05,7e-05,4
17312,-6e-05,-5e-05,-6e-05,0.00013,0.00039,-9e-05,-8e-05,7e-05,4
17313,-6e-05,-5e-05,-6e-05,0.00013,0.00039,-9e-05,-8e-05,7e-05,4
17314,-6e-05,-5e-05,-6e-05,0.00013,0.00039,-9e-05,-8e-05,7e-05,4
17315,-6e-05,-5e-05,-6e-05,0.00013,0.00039,-9e-05,-8e-05,7e-05,4
17316,-6e-05,-5e-05,-6e-05,0.00013,0.00039,-9e-05,-8e-05,7e-05,4
17317,-6e-05,-5e-05,-6e-05,0.00013,0.00039,-9e-05,-8e-05,7e-05,4
17318,-6e-05,-5e-05,-6e-05,0.00013,0.00039,-9e-05,-8e-05,7e-05,4
17319,-6e-05,-5e-05,-6e-05,0.00013,0.00039,-9e-05,-8e-05,7e-05,4
17320,0.00021,0.00035,0.00056,0.00077,0.00072,0.00086,0.00037,0.00038,4
17321,5e-05,9e-05,0.00012,-0.00013,-0.00068,0.00022,8e-05,5e-05,4
17322,3e-05,4e-05,7e-05,-0.00013,-0.00052,-7e-05,-1e-05,3e-05,4
17323,3e-05,4e-05,7e-05,-0.00013,-0.00052,-7e-05,-1e-05,3e-05,4
17324,3e-05,4e-05,7e-05,-0.00013,-0.00052,-7e-05,-1e-05,3e-05,4
17325,3e-05,4e-05,7e-05,-0.00013,-0.00052,-7e-05,-1e-05,3e-05,4
17326,3e-05,4e-05,7e-05,-0.00013,-0.00052,-7e-05,-1e-05,3e-05,4
17327,3e-05,4e-05,7e-05,-0.00013,-0.00052,-7e-05,-1e-05,3e-05,4
17328,3e-05,4e-05,7e-05,-0.00013,-0.00052,-7e-05,-1e-05,3e-05,4
17329,3e-05,4e-05,7e-05,-0.00013,-0.00052,-7e-05,-1e-05,3e-05,4
17330,3e-05,4e-05,7e-05,-0.00013,-0.00052,-7e-05,-1e-05,3e-05,4
17331,3e-05,4e-05,7e-05,-0.00013,-0.00052,-7e-05,-1e-05,3e-05,4
17332,3e-05,4e-05,7e-05,-0.00013,-0.00052,-7e-05,-1e-05,3e-05,4
17333,3e-05,4e-05,7e-05,-0.00013,-0.00052,-7e-05,-1e-05,3e-05,4
17334,3e-05,4e-05,7e-05,-0.00013,-0.00052,-7e-05,-1e-05,3e-05,4
17335,3e-05,4e-05,7e-05,-0.00013,-0.00052,-7e-05,-1e-05,3e-05,4
17336,3e-05,4e-05,7e-05,-0.00013,-0.00052,-7e-05,-1e-05,3e-05,4
17339,3e-05,4e-05,7e-05,-0.00013,-0.00052,-7e-05,-1e-05,3e-05,4
17340,3e-05,4e-05,7e-05,-0.00013,-0.00052,-7e-05,-1e-05,3e-05,4
17341,3e-05,4e-05,7e-05,-0.00013,-0.00052,-7e-05,-1e-05,3e-05,4
17342,-7e-05,-0.0001,-0.00018,-0.00034,-6e-05,0.00051,0.0,-9e-05,4
17343,-9e-05,-0.00016,-0.00023,-0.00064,-0.00113,-0.00041,-0.00017,-0.00011,4
17344,1e-05,6e-05,9e-05,1e-05,-0.00034,0.00032,-1e-05,-1e-05,4
17345,1e-05,6e-05,9e-05,1e-05,-0.00034,0.00032,-1e-05,-1e-05,4
17346,1e-05,6e-05,9e-05,1e-05,-0.00034,0.00032,-1e-05,-1e-05,4
17347,1e-05,6e-05,9e-05,1e-05,-0.00034,0.00032,-1e-05,-1e-05,4
17348,1e-05,6e-05,9e-05,1e-05,-0.00034,0.00032,-1e-05,-1e-05,4
17349,1e-05,6e-05,9e-05,1e-05,-0.00034,0.00032,-1e-05,-1e-05,4
17350,1e-05,6e-05,9e-05,1e-05,-0.00034,0.00032,-1e-05,-1e-05,4
17351,1e-05,6e-05,9e-05,1e-05,-0.00034,0.00032,-1e-05,-1e-05,4
17352,1e-05,6e-05,9e-05,1e-05,-0.00034,0.00032,-1e-05,-1e-05,4
17353,1e-05,6e-05,9e-05,1e-05,-0.00034,0.00032,-1e-05,-1e-05,4
17354,1e-05,6e-05,9e-05,1e-05,-0.00034,0.00032,-1e-05,-1e-05,4
17355,1e-05,6e-05,9e-05,1e-05,-0.00034,0.00032,-1e-05,-1e-05,4
17356,1e-05,6e-05,9e-05,1e-05,-0.00034,0.00032,-1e-05,-1e-05,4
17357,1e-05,6e-05,9e-05,1e-05,-0.00034,0.00032,-1e-05,-1e-05,4
17358,-7e-05,-0.00015,-0.00029,-0.00043,-0.00029,-0.00037,-0.00027,0.0,4
17359,-5e-05,-0.00011,-0.00012,-0.00034,-0.00073,0.00014,-2e-05,-0.00018,4
17360,0.00011,0.00016,0.00026,0.00061,0.00051,0.0001,0.00015,0.0002,4
17361,0.00011,0.00016,0.00026,0.00061,0.00051,0.0001,0.00015,0.0002,4
17362,0.00011,0.00016,0.00026,0.00061,0.00051,0.0001,0.00015,0.0002,4
17363,0.00011,0.00016,0.00026,0.00061,0.00051,0.0001,0.00015,0.0002,4
17364,0.00011,0.00016,0.00026,0.00061,0.00051,0.0001,0.00015,0.0002,4
17365,0.00011,0.00016,0.00026,0.00061,0.00051,0.0001,0.00015,0.0002,4
17366,0.00011,0.00016,0.00026,0.00061,0.00051,0.0001,0.00015,0.0002,4
17367,0.00011,0.00016,0.00026,0.00061,0.00051,0.0001,0.00015,0.0002,4
17368,0.00011,0.00016,0.00026,0.00061,0.00051,0.0001,0.00015,0.0002,4
17369,0.00011,0.00016,0.00026,0.00061,0.00051,0.0001,0.00015,0.0002,4
17370,0.00011,0.00016,0.00026,0.00061,0.00051,0.0001,0.00015,0.0002,4
17371,8e-05,1e-05,2e-05,0.00073,0.0007,0.00103,0.00046,0.00085,4
17372,8e-05,1e-05,2e-05,0.00073,0.0007,0.00103,0.00046,0.00085,4
17373,8e-05,1e-05,2e-05,0.00073,0.0007,0.00103,0.00046,0.00085,4
17374,8e-05,1e-05,2e-05,0.00073,0.0007,0.00103,0.00046,0.00085,4
17375,8e-05,1e-05,2e-05,0.00073,0.0007,0.00103,0.00046,0.00085,4
17376,8e-05,1e-05,2e-05,0.00073,0.0007,0.00103,0.00046,0.00085,4
17377,8e-05,1e-05,2e-05,0.00073,0.0007,0.00103,0.00046,0.00085,4
17378,8e-05,1e-05,2e-05,0.00073,0.0007,0.00103,0.00046,0.00085,4
17379,8e-05,1e-05,2e-05,0.00073,0.0007,0.00103,0.00046,0.00085,4
17380,4e-05,6e-05,7e-05,0.0007,7e-05,0.00012,-1e-05,0.00013,4
17381,4e-05,6e-05,7e-05,0.0007,7e-05,0.00012,-1e-05,0.00013,4
17382,4e-05,6e-05,7e-05,0.0007,7e-05,0.00012,-1e-05,0.00013,4
17383,4e-05,6e-05,7e-05,0.0007,7e-05,0.00012,-1e-05,0.00013,4
17384,4e-05,6e-05,7e-05,0.0007,7e-05,0.00012,-1e-05,0.00013,4
17385,4e-05,6e-05,7e-05,0.0007,7e-05,0.00012,-1e-05,0.00013,4
17386,4e-05,6e-05,7e-05,0.0007,7e-05,0.00012,-1e-05,0.00013,4
17389,4e-05,6e-05,7e-05,0.0007,7e-05,0.00012,-1e-05,0.00013,4
17390,4e-05,6e-05,7e-05,0.0007,7e-05,0.00012,-1e-05,0.00013,4
17391,4e-05,6e-05,7e-05,0.0007,7e-05,0.00012,-1e-05,0.00013,4
17392,4e-05,6e-05,7e-05,0.0007,7e-05,0.00012,-1e-05,0.00013,4
17393,4e-05,6e-05,7e-05,0.0007,7e-05,0.00012,-1e-05,0.00013,4
17394,4e-05,6e-05,7e-05,0.0007,7e-05,0.00012,-1e-05,0.00013,4
17395,2e-05,-3e-05,-1e-05,0.00041,-2e-05,0.00023,0.00013,0.00012,4
17396,-9e-05,-8e-05,-9e-05,-5e-05,0.0003,-0.0004,-9e-05,-0.00028,4
17397,9e-05,0.0001,0.00021,0.00041,0.0007,0.00072,0.0003,0.00018,4
17398,9e-05,0.0001,0.00021,0.00041,0.0007,0.00072,0.0003,0.00018,4
17399,9e-05,0.0001,0.00021,0.00041,0.0007,0.00072,0.0003,0.00018,4
17400,9e-05,0.0001,0.00021,0.00041,0.0007,0.00072,0.0003,0.00018,4
17401,9e-05,0.0001,0.00021,0.00041,0.0007,0.00072,0.0003,0.00018,4
17402,9e-05,0.0001,0.00021,0.00041,0.0007,0.00072,0.0003,0.00018,4
17403,9e-05,0.0001,0.00021,0.00041,0.0007,0.00072,0.0003,0.00018,4
17404,9e-05,0.0001,0.00021,0.00041,0.0007,0.00072,0.0003,0.00018,4
17405,9e-05,0.0001,0.00021,0.00041,0.0007,0.00072,0.0003,0.00018,4
17406,9e-05,0.0001,0.00021,0.00041,0.0007,0.00072,0.0003,0.00018,4
17407,9e-05,0.0001,0.00021,0.00041,0.0007,0.00072,0.0003,0.00018,4
17408,9e-05,0.0001,0.00021,0.00041,0.0007,0.00072,0.0003,0.00018,4
17409,9e-05,0.0001,0.00021,0.00041,0.0007,0.00072,0.0003,0.00018,4
17410,9e-05,0.0001,0.00021,0.00041,0.0007,0.00072,0.0003,0.00018,4
17411,9e-05,0.0001,0.00021,0.00041,0.0007,0.00072,0.0003,0.00018,4
17412,9e-05,0.0001,0.00021,0.00041,0.0007,0.00072,0.0003,0.00018,4
17413,9e-05,0.0001,0.00021,0.00041,0.0007,0.00072,0.0003,0.00018,4
17414,9e-05,0.0001,0.00021,0.00041,0.0007,0.00072,0.0003,0.00018,4
17415,9e-05,0.0001,0.00021,0.00041,0.0007,0.00072,0.0003,0.00018,4
17416,9e-05,0.0001,0.00021,0.00041,0.0007,0.00072,0.0003,0.00018,4
17417,9e-05,0.0001,0.00021,0.00041,0.0007,0.00072,0.0003,0.00018,4
17418,9e-05,0.0001,0.00021,0.00041,0.0007,0.00072,0.0003,0.00018,4
17419,9e-05,0.0001,0.00021,0.00041,0.0007,0.00072,0.0003,0.00018,4
17420,9e-05,0.0001,0.00021,0.00041,0.0007,0.00072,0.0003,0.00018,4
17421,9e-05,0.0001,0.00021,0.00041,0.0007,0.00072,0.0003,0.00018,4
17422,9e-05,0.0001,0.00021,0.00041,0.0007,0.00072,0.0003,0.00018,4
17423,9e-05,0.0001,0.00021,0.00041,0.0007,0.00072,0.0003,0.00018,4
17424,9e-05,0.0001,0.00021,0.00041,0.0007,0.00072,0.0003,0.00018,4
17425,-8e-05,-9e-05,-0.00023,-0.00086,-0.00128,-0.00039,-0.00017,-0.00031,4
17426,0.0002,0.00029,0.00043,0.00048,0.00039,0.00062,0.0004,0.00037,4
17427,-0.0001,-0.00012,-0.00014,-0.0004,-0.00058,-0.0005,-0.00014,-0.00024,4
17428,-0.0001,-0.00012,-0.00014,-0.0004,-0.00058,-0.0005,-0.00014,-0.00024,4
17429,-0.0001,-0.00012,-0.00014,-0.0004,-0.00058,-0.0005,-0.00014,-0.00024,4
17430,-0.0001,-0.00012,-0.00014,-0.0004,-0.00058,-0.0005,-0.00014,-0.00024,4
17431,2e-05,5e-05,9e-05,8e-05,0.00024,-0.00022,0.0,0.00013,4
17432,-9e-05,-9e-05,-9e-05,-0.00012,-0.00011,5e-05,-9e-05,-0.00023,4
17433,-9e-05,-9e-05,-9e-05,-0.00012,-0.00011,5e-05,-9e-05,-0.00023,4
17434,-9e-05,-9e-05,-9e-05,-0.00012,-0.00011,5e-05,-9e-05,-0.00023,4
17435,-9e-05,-9e-05,-9e-05,-0.00012,-0.00011,5e-05,-9e-05,-0.00023,4
17436,-9e-05,-9e-05,-9e-05,-0.00012,-0.00011,5e-05,-9e-05,-0.00023,4
17439,-9e-05,-9e-05,-9e-05,-0.00012,-0.00011,5e-05,-9e-05,-0.00023,4
17440,3e-05,6e-05,7e-05,-0.00072,-0.0009,-0.00048,-1e-05,4e-05,4
17441,3e-05,6e-05,7e-05,-0.00072,-0.0009,-0.00048,-1e-05,4e-05,4
17442,3e-05,6e-05,7e-05,-0.00072,-0.0009,-0.00048,-1e-05,4e-05,4
17443,3e-05,6e-05,7e-05,-0.00072,-0.0009,-0.00048,-1e-05,4e-05,4
17444,3e-05,6e-05,7e-05,-0.00072,-0.0009,-0.00048,-1e-05,4e-05,4
17445,3e-05,6e-05,7e-05,-0.00072,-0.0009,-0.00048,-1e-05,4e-05,4
17446,3e-05,6e-05,7e-05,-0.00072,-0.0009,-0.00048,-1e-05,4e-05,4
17447,3e-05,6e-05,7e-05,-0.00072,-0.0009,-0.00048,-1e-05,4e-05,4
17448,3e-05,6e-05,7e-05,-0.00072,-0.0009,-0.00048,-1e-05,4e-05,4
17449,3e-05,6e-05,7e-05,-0.00072,-0.0009,-0.00048,-1e-05,4e-05,4
17450,3e-05,6e-05,7e-05,-0.00072,-0.0009,-0.00048,-1e-05,4e-05,4
17451,3e-05,6e-05,7e-05,-0.00072,-0.0009,-0.00048,-1e-05,4e-05,4
17452,3e-05,6e-05,7e-05,-0.00072,-0.0009,-0.00048,-1e-05,4e-05,4
17453,3e-05,6e-05,7e-05,-0.00072,-0.0009,-0.00048,-1e-05,4e-05,4
17454,3e-05,6e-05,7e-05,-0.00072,-0.0009,-0.00048,-1e-05,4e-05,4
17455,3e-05,6e-05,7e-05,-0.00072,-0.0009,-0.00048,-1e-05,4e-05,4
17456,3e-05,6e-05,7e-05,-0.00072,-0.0009,-0.00048,-1e-05,4e-05,4
17457,3e-05,6e-05,7e-05,-0.00072,-0.0009,-0.00048,-1e-05,4e-05,4
17458,3e-05,6e-05,7e-05,-0.00072,-0.0009,-0.00048,-1e-05,4e-05,4
17459,3e-05,6e-05,7e-05,-0.00072,-0.0009,-0.00048,-1e-05,4e-05,4
17460,3e-05,6e-05,7e-05,-0.00072,-0.0009,-0.00048,-1e-05,4e-05,4
17461,3e-05,6e-05,7e-05,-0.00072,-0.0009,-0.00048,-1e-05,4e-05,4
17462,8e-05,7e-05,9e-05,0.00066,0.00056,0.00065,0.00019,7e-05,4
17463,-6e-05,-6e-05,-0.00011,-0.00035,-0.00111,-2e-05,-7e-05,4e-05,4
17464,5e-05,0.0,-2e-05,-0.00026,-0.00128,-9e-05,-4e-05,0.00032,4
17465,5e-05,0.0,-2e-05,-0.00026,-0.00128,-9e-05,-4e-05,0.00032,4
17466,5e-05,0.0,-2e-05,-0.00026,-0.00128,-9e-05,-4e-05,0.00032,4
17467,5e-05,0.0,-2e-05,-0.00026,-0.00128,-9e-05,-4e-05,0.00032,4
17468,5e-05,0.0,-2e-05,-0.00026,-0.00128,-9e-05,-4e-05,0.00032,4
17469,5e-05,0.0,-2e-05,-0.00026,-0.00128,-9e-05,-4e-05,0.00032,4
17470,5e-05,0.0,-2e-05,-0.00026,-0.00128,-9e-05,-4e-05,0.00032,4
17471,5e-05,0.0,-2e-05,-0.00026,-0.00128,-9e-05,-4e-05,0.00032,4
17472,5e-05,0.0,-2e-05,-0.00026,-0.00128,-9e-05,-4e-05,0.00032,4
17473,5e-05,0.0,-2e-05,-0.00026,-0.00128,-9e-05,-4e-05,0.00032,4
17474,5e-05,0.0,-2e-05,-0.00026,-0.00128,-9e-05,-4e-05,0.00032,4
17475,5e-05,0.0,-2e-05,-0.00026,-0.00128,-9e-05,-4e-05,0.00032,4
17476,5e-05,0.0,-2e-05,-0.00026,-0.00128,-9e-05,-4e-05,0.00032,4
17477,-6e-05,-0.00013,-0.00014,0.00018,0.00083,-0.00011,-1e-05,-0.00026,4
17478,0.0,4e-05,0.0001,-0.00038,-0.00096,0.0001,3e-05,-0.00027,4
17479,-5e-05,-5e-05,-0.00013,-0.00021,0.00067,0.00014,-5e-05,-7e-05,4
17480,-5e-05,-5e-05,-0.00013,-0.00021,0.00067,0.00014,-5e-05,-7e-05,4
17481,-5e-05,-5e-05,-0.00013,-0.00021,0.00067,0.00014,-5e-05,-7e-05,4
17482,-5e-05,-5e-05,-0.00013,-0.00021,0.00067,0.00014,-5e-05,-7e-05,4
17483,-5e-05,-5e-05,-0.00013,-0.00021,0.00067,0.00014,-5e-05,-7e-05,4
17484,-5e-05,-5e-05,-0.00013,-0.00021,0.00067,0.00014,-5e-05,-7e-05,4
17485,-5e-05,-5e-05,-0.00013,-0.00021,0.00067,0.00014,-5e-05,-7e-05,4
17486,-5e-05,-5e-05,-0.00013,-0.00021,0.00067,0.00014,-5e-05,-7e-05,4
17489,-5e-05,-5e-05,-0.00013,-0.00021,0.00067,0.00014,-5e-05,-7e-05,4
17490,-5e-05,-5e-05,-0.00013,-0.00021,0.00067,0.00014,-5e-05,-7e-05,4
17491,-5e-05,-5e-05,-0.00013,-0.00021,0.00067,0.00014,-5e-05,-7e-05,4
17492,-5e-05,-5e-05,-0.00013,-0.00021,0.00067,0.00014,-5e-05,-7e-05,4
17493,-5e-05,-5e-05,-0.00013,-0.00021,0.00067,0.00014,-5e-05,-7e-05,4
17494,-5e-05,-5e-05,-0.00013,-0.00021,0.00067,0.00014,-5e-05,-7e-05,4
17495,-5e-05,-5e-05,-0.00013,-0.00021,0.00067,0.00014,-5e-05,-7e-05,4
17496,-5e-05,-5e-05,-0.00013,-0.00021,0.00067,0.00014,-5e-05,-7e-05,4
17497,-5e-05,-5e-05,-0.00013,-0.00021,0.00067,0.00014,-5e-05,-7e-05,4
17498,-5e-05,-5e-05,-0.00013,-0.00021,0.00067,0.00014,-5e-05,-7e-05,4
17499,-5e-05,-5e-05,-0.00013,-0.00021,0.00067,0.00014,-5e-05,-7e-05,4
17500,-4e-05,-4e-05,-8e-05,0.00022,0.00039,-0.00028,-3e-05,4e-05,4
17501,-8e-05,-9e-05,-0.0001,-0.00042,-0.00047,-0.00029,-0.00018,-0.00029,4
17502,0.0,-1e-05,-8e-05,-0.00076,-0.00109,-0.00046,-5e-05,-3e-05,4
17503,0.0,-1e-05,-8e-05,-0.00076,-0.00109,-0.00046,-5e-05,-3e-05,4
17504,0.0,-1e-05,-8e-05,-0.00076,-0.00109,-0.00046,-5e-05,-3e-05,4
17505,0.0,-1e-05,-8e-05,-0.00076,-0.00109,-0.00046,-5e-05,-3e-05,4
17506,0.0,-1e-05,-8e-05,-0.00076,-0.00109,-0.00046,-5e-05,-3e-05,4
17507,0.0,-1e-05,-8e-05,-0.00076,-0.00109,-0.00046,-5e-05,-3e-05,4
17508,0.0,-1e-05,-8e-05,-0.00076,-0.00109,-0.00046,-5e-05,-3e-05,4
17509,0.0,-1e-05,-8e-05,-0.00076,-0.00109,-0.00046,-5e-05,-3e-05,4
17510,0.0,-1e-05,-8e-05,-0.00076,-0.00109,-0.00046,-5e-05,-3e-05,4
17511,0.0,-1e-05,-8e-05,-0.00076,-0.00109,-0.00046,-5e-05,-3e-05,4
17512,0.0,-1e-05,-8e-05,-0.00076,-0.00109,-0.00046,-5e-05,-3e-05,4
17513,0.0,-1e-05,-8e-05,-0.00076,-0.00109,-0.00046,-5e-05,-3e-05,4
17514,0.0,-1e-05,-8e-05,-0.00076,-0.00109,-0.00046,-5e-05,-3e-05,4
17515,6e-05,8e-05,0.00018,0.0004,0.00127,0.00057,4e-05,-0.0001,4
17517,-4e-05,-4e-05,-2e-05,7e-05,-0.00061,-0.00033,-6e-05,-0.00015,4
17518,-4e-05,-4e-05,-2e-05,7e-05,-0.00061,-0.00033,-6e-05,-0.00015,4
17519,-4e-05,-4e-05,-2e-05,7e-05,-0.00061,-0.00033,-6e-05,-0.00015,4
17520,-4e-05,-4e-05,-2e-05,7e-05,-0.00061,-0.00033,-6e-05,-0.00015,4
17521,-4e-05,-4e-05,-2e-05,7e-05,-0.00061,-0.00033,-6e-05,-0.00015,4
17522,-4e-05,-4e-05,-2e-05,7e-05,-0.00061,-0.00033,-6e-05,-0.00015,4
17523,-4e-05,-4e-05,-2e-05,7e-05,-0.00061,-0.00033,-6e-05,-0.00015,4
17524,-4e-05,-4e-05,-2e-05,7e-05,-0.00061,-0.00033,-6e-05,-0.00015,4
17525,-4e-05,-4e-05,-2e-05,7e-05,-0.00061,-0.00033,-6e-05,-0.00015,4
17526,-4e-05,-4e-05,-2e-05,7e-05,-0.00061,-0.00033,-6e-05,-0.00015,4
17527,-4e-05,-4e-05,-2e-05,7e-05,-0.00061,-0.00033,-6e-05,-0.00015,4
17528,-4e-05,-4e-05,-2e-05,7e-05,-0.00061,-0.00033,-6e-05,-0.00015,4
17529,-4e-05,-4e-05,-2e-05,7e-05,-0.00061,-0.00033,-6e-05,-0.00015,4
17530,-4e-05,-4e-05,-2e-05,7e-05,-0.00061,-0.00033,-6e-05,-0.00015,4
17531,-4e-05,-4e-05,-2e-05,7e-05,-0.00061,-0.00033,-6e-05,-0.00015,4
17532,-4e-05,-4e-05,-2e-05,7e-05,-0.00061,-0.00033,-6e-05,-0.00015,4
17533,-4e-05,-4e-05,-2e-05,7e-05,-0.00061,-0.00033,-6e-05,-0.00015,4
17534,-4e-05,-4e-05,-2e-05,7e-05,-0.00061,-0.00033,-6e-05,-0.00015,4
17535,-4e-05,-4e-05,-2e-05,7e-05,-0.00061,-0.00033,-6e-05,-0.00015,4
17536,-4e-05,-4e-05,-2e-05,7e-05,-0.00061,-0.00033,-6e-05,-0.00015,4
17539,2e-05,3e-05,6e-05,0.00024,-5e-05,0.0003,0.00013,-1e-05,4
17540,2e-05,3e-05,6e-05,0.00024,-5e-05,0.0003,0.00013,-1e-05,4
17541,2e-05,3e-05,6e-05,0.00024,-5e-05,0.0003,0.00013,-1e-05,4
17542,2e-05,3e-05,6e-05,0.00024,-5e-05,0.0003,0.00013,-1e-05,4
17543,2e-05,3e-05,6e-05,0.00024,-5e-05,0.0003,0.00013,-1e-05,4
17544,-0.0001,-0.0001,-0.00016,-6e-05,5e-05,-0.00011,-0.00012,-0.0002,4
17545,-0.0001,-0.0001,-0.00016,-6e-05,5e-05,-0.00011,-0.00012,-0.0002,4
17546,-0.0001,-0.0001,-0.00016,-6e-05,5e-05,-0.00011,-0.00012,-0.0002,4
17547,-0.0001,-0.0001,-0.00016,-6e-05,5e-05,-0.00011,-0.00012,-0.0002,4
17548,-0.0001,-0.0001,-0.00016,-6e-05,5e-05,-0.00011,-0.00012,-0.0002,4
17549,-0.0001,-0.0001,-0.00016,-6e-05,5e-05,-0.00011,-0.00012,-0.0002,4
17550,-0.0001,-0.0001,-0.00016,-6e-05,5e-05,-0.00011,-0.00012,-0.0002,4
17551,-0.0001,-0.0001,-0.00016,-6e-05,5e-05,-0.00011,-0.00012,-0.0002,4
17552,-0.0001,-0.0001,-0.00016,-6e-05,5e-05,-0.00011,-0.00012,-0.0002,4
17553,-0.0001,-0.0001,-0.00016,-6e-05,5e-05,-0.00011,-0.00012,-0.0002,4
17554,-0.0001,-0.0001,-0.00016,-6e-05,5e-05,-0.00011,-0.00012,-0.0002,4
17555,-0.0001,-0.0001,-0.00016,-6e-05,5e-05,-0.00011,-0.00012,-0.0002,4
17556,-0.0001,-0.0001,-0.00016,-6e-05,5e-05,-0.00011,-0.00012,-0.0002,4
17557,-0.0001,-0.0001,-0.00016,-6e-05,5e-05,-0.00011,-0.00012,-0.0002,4
17558,-0.0001,-0.0001,-0.00016,-6e-05,5e-05,-0.00011,-0.00012,-0.0002,4
17559,-0.0001,-0.0001,-0.00016,-6e-05,5e-05,-0.00011,-0.00012,-0.0002,4
17560,0.0,0.0,-1e-05,-4e-05,0.00041,2e-05,-1e-05,-0.00025,4
17561,-3e-05,-6e-05,-0.00014,-0.00044,0.00072,0.00013,0.00012,0.0002,4
17562,-5e-05,-2e-05,2e-05,-5e-05,-0.00013,-0.00031,-5e-05,-0.00028,4
17563,-5e-05,-2e-05,2e-05,-5e-05,-0.00013,-0.00031,-5e-05,-0.00028,4
17564,-5e-05,-2e-05,2e-05,-5e-05,-0.00013,-0.00031,-5e-05,-0.00028,4
17565,-5e-05,-2e-05,2e-05,-5e-05,-0.00013,-0.00031,-5e-05,-0.00028,4
17566,-5e-05,-2e-05,2e-05,-5e-05,-0.00013,-0.00031,-5e-05,-0.00028,4
17567,-5e-05,-2e-05,2e-05,-5e-05,-0.00013,-0.00031,-5e-05,-0.00028,4
17568,-5e-05,-2e-05,2e-05,-5e-05,-0.00013,-0.00031,-5e-05,-0.00028,4
17569,-5e-05,-2e-05,2e-05,-5e-05,-0.00013,-0.00031,-5e-05,-0.00028,4
17570,-5e-05,-2e-05,2e-05,-5e-05,-0.00013,-0.00031,-5e-05,-0.00028,4
17571,-5e-05,-2e-05,2e-05,-5e-05,-0.00013,-0.00031,-5e-05,-0.00028,4
17572,-5e-05,-2e-05,2e-05,-5e-05,-0.00013,-0.00031,-5e-05,-0.00028,4
17573,-5e-05,-2e-05,2e-05,-5e-05,-0.00013,-0.00031,-5e-05,-0.00028,4
17574,-5e-05,-2e-05,2e-05,-5e-05,-0.00013,-0.00031,-5e-05,-0.00028,4
17575,-5e-05,-2e-05,2e-05,-5e-05,-0.00013,-0.00031,-5e-05,-0.00028,4
17576,-4e-05,-3e-05,-2e-05,0.0002,0.00016,-0.00038,-0.00015,-0.00018,4
17577,-4e-05,-3e-05,-2e-05,0.0002,0.00016,-0.00038,-0.00015,-0.00018,4
17578,-4e-05,-3e-05,-2e-05,0.0002,0.00016,-0.00038,-0.00015,-0.00018,4
17579,-4e-05,-3e-05,-2e-05,0.0002,0.00016,-0.00038,-0.00015,-0.00018,4
17580,-4e-05,-3e-05,-2e-05,0.0002,0.00016,-0.00038,-0.00015,-0.00018,4
17581,0.00017,0.00023,0.0005,0.00089,-0.00079,0.00053,0.00023,0.00027,4
17582,0.00017,0.00023,0.0005,0.00089,-0.00079,0.00053,0.00023,0.00027,4
17583,0.00017,0.00023,0.0005,0.00089,-0.00079,0.00053,0.00023,0.00027,4
17584,0.00017,0.00023,0.0005,0.00089,-0.00079,0.00053,0.00023,0.00027,4
17585,0.00017,0.00023,0.0005,0.00089,-0.00079,0.00053,0.00023,0.00027,4
17586,0.00017,0.00023,0.0005,0.00089,-0.00079,0.00053,0.00023,0.00027,4
17589,0.00017,0.00023,0.0005,0.00089,-0.00079,0.00053,0.00023,0.00027,4
17590,0.00017,0.00023,0.0005,0.00089,-0.00079,0.00053,0.00023,0.00027,4
17591,0.00017,0.00023,0.0005,0.00089,-0.00079,0.00053,0.00023,0.00027,4
17592,0.00017,0.00023,0.0005,0.00089,-0.00079,0.00053,0.00023,0.00027,4
17593,0.00017,0.00023,0.0005,0.00089,-0.00079,0.00053,0.00023,0.00027,4
17594,0.00017,0.00023,0.0005,0.00089,-0.00079,0.00053,0.00023,0.00027,4
17595,0.00017,0.00023,0.0005,0.00089,-0.00079,0.00053,0.00023,0.00027,4
17596,0.00017,0.00023,0.0005,0.00089,-0.00079,0.00053,0.00023,0.00027,4
17597,0.00017,0.00023,0.0005,0.00089,-0.00079,0.00053,0.00023,0.00027,4
17598,-3e-05,-5e-05,-0.00012,-0.00027,-0.00031,-0.00065,-0.00012,7e-05,4
17600,-5e-05,-0.0001,-0.00017,-0.0006,0.00023,3e-05,-2e-05,6e-05,4
17601,-5e-05,-0.0001,-0.00017,-0.0006,0.00023,3e-05,-2e-05,6e-05,4
17602,-5e-05,-0.0001,-0.00017,-0.0006,0.00023,3e-05,-2e-05,6e-05,4
17603,-5e-05,-0.0001,-0.00017,-0.0006,0.00023,3e-05,-2e-05,6e-05,4
17604,-5e-05,-0.0001,-0.00017,-0.0006,0.00023,3e-05,-2e-05,6e-05,4
17605,-5e-05,-0.0001,-0.00017,-0.0006,0.00023,3e-05,-2e-05,6e-05,4
17606,-5e-05,-0.0001,-0.00017,-0.0006,0.00023,3e-05,-2e-05,6e-05,4
17607,-5e-05,-0.0001,-0.00017,-0.0006,0.00023,3e-05,-2e-05,6e-05,4
17608,-5e-05,-0.0001,-0.00017,-0.0006,0.00023,3e-05,-2e-05,6e-05,4
17609,-5e-05,-0.0001,-0.00017,-0.0006,0.00023,3e-05,-2e-05,6e-05,4
17610,-5e-05,-0.0001,-0.00017,-0.0006,0.00023,3e-05,-2e-05,6e-05,4
17611,-5e-05,-0.0001,-0.00017,-0.0006,0.00023,3e-05,-2e-05,6e-05,4
17612,-5e-05,-0.0001,-0.00017,-0.0006,0.00023,3e-05,-2e-05,6e-05,4
17613,-5e-05,-0.0001,-0.00017,-0.0006,0.00023,3e-05,-2e-05,6e-05,4
17614,-5e-05,-0.0001,-0.00017,-0.0006,0.00023,3e-05,-2e-05,6e-05,4
17615,-5e-05,-0.0001,-0.00017,-0.0006,0.00023,3e-05,-2e-05,6e-05,4
17616,-5e-05,-0.0001,-0.00017,-0.0006,0.00023,3e-05,-2e-05,6e-05,4
17617,-5e-05,-0.0001,-0.00017,-0.0006,0.00023,3e-05,-2e-05,6e-05,4
17618,-5e-05,-0.0001,-0.00017,-0.0006,0.00023,3e-05,-2e-05,6e-05,4
17619,-5e-05,-0.0001,-0.00017,-0.0006,0.00023,3e-05,-2e-05,6e-05,4
17620,7e-05,0.00015,0.00026,0.00069,0.00064,0.00042,0.00014,0.00014,4
17621,-3e-05,-3e-05,-3e-05,-0.0003,-0.00093,-0.0005,-0.00021,3e-05,4
17622,-5e-05,-0.00013,-0.00024,-0.00044,0.00118,0.00041,1e-05,-0.00022,4
17623,-5e-05,-0.00013,-0.00024,-0.00044,0.00118,0.00041,1e-05,-0.00022,4
17624,-5e-05,-0.00013,-0.00024,-0.00044,0.00118,0.00041,1e-05,-0.00022,4
17625,-5e-05,-0.00013,-0.00024,-0.00044,0.00118,0.00041,1e-05,-0.00022,4
17626,-5e-05,-0.00013,-0.00024,-0.00044,0.00118,0.00041,1e-05,-0.00022,4
17627,-5e-05,-0.00013,-0.00024,-0.00044,0.00118,0.00041,1e-05,-0.00022,4
17628,-5e-05,-0.00013,-0.00024,-0.00044,0.00118,0.00041,1e-05,-0.00022,4
17629,-5e-05,-0.00013,-0.00024,-0.00044,0.00118,0.00041,1e-05,-0.00022,4
17630,-5e-05,-0.00013,-0.00024,-0.00044,0.00118,0.00041,1e-05,-0.00022,4
17631,-5e-05,-0.00013,-0.00024,-0.00044,0.00118,0.00041,1e-05,-0.00022,4
17632,-5e-05,-0.00013,-0.00024,-0.00044,0.00118,0.00041,1e-05,-0.00022,4
17633,-5e-05,-0.00013,-0.00024,-0.00044,0.00118,0.00041,1e-05,-0.00022,4
17634,-5e-05,-0.00013,-0.00024,-0.00044,0.00118,0.00041,1e-05,-0.00022,4
17635,-7e-05,-0.00014,-0.00028,-0.00069,-0.00051,0.00026,0.0,-1e-05,4
17637,6e-05,0.0001,0.00018,0.00036,-0.00026,0.00049,0.00022,7e-05,4
17640,6e-05,0.0001,0.00018,0.00036,-0.00026,0.00049,0.00022,7e-05,4
17641,6e-05,0.0001,0.00018,0.00036,-0.00026,0.00049,0.00022,7e-05,4
17642,6e-05,0.0001,0.00018,0.00036,-0.00026,0.00049,0.00022,7e-05,4
17643,6e-05,0.0001,0.00018,0.00036,-0.00026,0.00049,0.00022,7e-05,4
17644,6e-05,0.0001,0.00018,0.00036,-0.00026,0.00049,0.00022,7e-05,4
17645,6e-05,0.0001,0.00018,0.00036,-0.00026,0.00049,0.00022,7e-05,4
17646,6e-05,0.0001,0.00018,0.00036,-0.00026,0.00049,0.00022,7e-05,4
17647,6e-05,0.0001,0.00018,0.00036,-0.00026,0.00049,0.00022,7e-05,4
17648,6e-05,0.0001,0.00018,0.00036,-0.00026,0.00049,0.00022,7e-05,4
17649,6e-05,0.0001,0.00018,0.00036,-0.00026,0.00049,0.00022,7e-05,4
17650,6e-05,0.0001,0.00018,0.00036,-0.00026,0.00049,0.00022,7e-05,4
17651,6e-05,0.0001,0.00018,0.00036,-0.00026,0.00049,0.00022,7e-05,4
17652,6e-05,0.0001,0.00018,0.00036,-0.00026,0.00049,0.00022,7e-05,4
17653,6e-05,0.0001,0.00018,0.00036,-0.00026,0.00049,0.00022,7e-05,4
17654,6e-05,0.0001,0.00018,0.00036,-0.00026,0.00049,0.00022,7e-05,4
17655,6e-05,0.0001,0.00018,0.00036,-0.00026,0.00049,0.00022,7e-05,4
17656,6e-05,0.0001,0.00018,0.00036,-0.00026,0.00049,0.00022,7e-05,4
17657,-3e-05,-8e-05,-0.0001,-0.00033,-0.00047,-0.00043,-0.0001,-1e-05,4
17658,-3e-05,-8e-05,-0.0001,-0.00033,-0.00047,-0.00043,-0.0001,-1e-05,4
17659,-4e-05,-3e-05,-0.00011,-8e-05,-0.00061,6e-05,-6e-05,4e-05,4
17660,-4e-05,-3e-05,-0.00011,-8e-05,-0.00061,6e-05,-6e-05,4e-05,4
17661,-4e-05,-3e-05,-0.00011,-8e-05,-0.00061,6e-05,-6e-05,4e-05,4
17662,-4e-05,-3e-05,-0.00011,-8e-05,-0.00061,6e-05,-6e-05,4e-05,4
17663,-4e-05,-3e-05,-0.00011,-8e-05,-0.00061,6e-05,-6e-05,4e-05,4
17664,-4e-05,-3e-05,-0.00011,-8e-05,-0.00061,6e-05,-6e-05,4e-05,4
17665,-4e-05,-3e-05,-0.00011,-8e-05,-0.00061,6e-05,-6e-05,4e-05,4
17666,-4e-05,-3e-05,-0.00011,-8e-05,-0.00061,6e-05,-6e-05,4e-05,4
17667,-4e-05,-3e-05,-0.00011,-8e-05,-0.00061,6e-05,-6e-05,4e-05,4
17668,-4e-05,-3e-05,-0.00011,-8e-05,-0.00061,6e-05,-6e-05,4e-05,4
17669,-4e-05,-3e-05,-0.00011,-8e-05,-0.00061,6e-05,-6e-05,4e-05,4
17670,-4e-05,-3e-05,-0.00011,-8e-05,-0.00061,6e-05,-6e-05,4e-05,4
17671,-4e-05,-3e-05,-0.00011,-8e-05,-0.00061,6e-05,-6e-05,4e-05,4
17672,-4e-05,-3e-05,-0.00011,-8e-05,-0.00061,6e-05,-6e-05,4e-05,4
17673,-4e-05,-3e-05,-0.00011,-8e-05,-0.00061,6e-05,-6e-05,4e-05,4
17674,-4e-05,-3e-05,-0.00011,-8e-05,-0.00061,6e-05,-6e-05,4e-05,4
17675,-4e-05,-3e-05,-0.00011,-8e-05,-0.00061,6e-05,-6e-05,4e-05,4
17676,-4e-05,-3e-05,-0.00011,-8e-05,-0.00061,6e-05,-6e-05,4e-05,4
17677,-4e-05,-3e-05,-0.00011,-8e-05,-0.00061,6e-05,-6e-05,4e-05,4
17678,-4e-05,-3e-05,-0.00011,-8e-05,-0.00061,6e-05,-6e-05,4e-05,4
17679,-4e-05,-3e-05,-0.00011,-8e-05,-0.00061,6e-05,-6e-05,4e-05,4
17680,5e-05,0.00011,0.0002,0.00019,-0.00087,8e-05,8e-05,0.00019,4
17681,5e-05,0.00011,0.0002,0.00019,-0.00087,8e-05,8e-05,0.00019,4
17682,-3e-05,-8e-05,-0.0001,-0.00011,-0.00036,-0.00089,-0.00013,0.00011,4
17683,-3e-05,-8e-05,-0.0001,-0.00011,-0.00036,-0.00089,-0.00013,0.00011,4
17684,-3e-05,-8e-05,-0.0001,-0.00011,-0.00036,-0.00089,-0.00013,0.00011,4
17685,-3e-05,-8e-05,-0.0001,-0.00011,-0.00036,-0.00089,-0.00013,0.00011,4
17686,-3e-05,-8e-05,-0.0001,-0.00011,-0.00036,-0.00089,-0.00013,0.00011,4
17689,-3e-05,-8e-05,-0.0001,-0.00011,-0.00036,-0.00089,-0.00013,0.00011,4
17691,-3e-05,-8e-05,-0.0001,-0.00011,-0.00036,-0.00089,-0.00013,0.00011,4
17692,-3e-05,-8e-05,-0.0001,-0.00011,-0.00036,-0.00089,-0.00013,0.00011,4
17693,-3e-05,-8e-05,-0.0001,-0.00011,-0.00036,-0.00089,-0.00013,0.00011,4
17694,-3e-05,-8e-05,-0.0001,-0.00011,-0.00036,-0.00089,-0.00013,0.00011,4
17695,-3e-05,-8e-05,-0.0001,-0.00011,-0.00036,-0.00089,-0.00013,0.00011,4
17696,0.0,2e-05,5e-05,1e-05,0.00036,-6e-05,-5e-05,-4e-05,4
17697,0.0,2e-05,5e-05,1e-05,0.00036,-6e-05,-5e-05,-4e-05,4
17698,0.0,2e-05,5e-05,1e-05,0.00036,-6e-05,-5e-05,-4e-05,4
17699,0.0,2e-05,5e-05,1e-05,0.00036,-6e-05,-5e-05,-4e-05,4
17700,0.0,2e-05,5e-05,1e-05,0.00036,-6e-05,-5e-05,-4e-05,4
17701,0.0,2e-05,5e-05,1e-05,0.00036,-6e-05,-5e-05,-4e-05,4
17702,0.0,2e-05,5e-05,1e-05,0.00036,-6e-05,-5e-05,-4e-05,4
17703,-7e-05,-0.00014,-0.00028,-0.00013,0.00045,0.00025,-0.00021,-0.00011,4
17704,-7e-05,-0.00014,-0.00028,-0.00013,0.00045,0.00025,-0.00021,-0.00011,4
17705,-7e-05,-0.00014,-0.00028,-0.00013,0.00045,0.00025,-0.00021,-0.00011,4
17706,-7e-05,-0.00014,-0.00028,-0.00013,0.00045,0.00025,-0.00021,-0.00011,4
17707,-7e-05,-0.00014,-0.00028,-0.00013,0.00045,0.00025,-0.00021,-0.00011,4
17708,-7e-05,-0.00014,-0.00028,-0.00013,0.00045,0.00025,-0.00021,-0.00011,4
17709,-7e-05,-0.00014,-0.00028,-0.00013,0.00045,0.00025,-0.00021,-0.00011,4
17710,-7e-05,-0.00014,-0.00028,-0.00013,0.00045,0.00025,-0.00021,-0.00011,4
17711,-7e-05,-0.00014,-0.00028,-0.00013,0.00045,0.00025,-0.00021,-0.00011,4
17712,-7e-05,-0.00014,-0.00028,-0.00013,0.00045,0.00025,-0.00021,-0.00011,4
17713,-7e-05,-0.00014,-0.00028,-0.00013,0.00045,0.00025,-0.00021,-0.00011,4
17714,-7e-05,-0.00014,-0.00028,-0.00013,0.00045,0.00025,-0.00021,-0.00011,4
17715,-7e-05,-0.00014,-0.00028,-0.00013,0.00045,0.00025,-0.00021,-0.00011,4
17716,-7e-05,-0.00014,-0.00028,-0.00013,0.00045,0.00025,-0.00021,-0.00011,4
17717,0.00012,0.00022,0.00044,0.00012,0.00026,-0.00036,8e-05,0.0001,4
17718,6e-05,8e-05,0.00012,0.00065,0.00059,-0.00015,8e-05,6e-05,4
17719,-0.00012,-5e-05,-4e-05,0.00067,0.00114,-0.00013,-6e-05,-0.00046,4
17720,-0.00012,-5e-05,-4e-05,0.00067,0.00114,-0.00013,-6e-05,-0.00046,4
17721,-0.00012,-5e-05,-4e-05,0.00067,0.00114,-0.00013,-6e-05,-0.00046,4
17722,-0.00012,-5e-05,-4e-05,0.00067,0.00114,-0.00013,-6e-05,-0.00046,4
17723,-0.00012,-5e-05,-4e-05,0.00067,0.00114,-0.00013,-6e-05,-0.00046,4
17724,-0.00012,-5e-05,-4e-05,0.00067,0.00114,-0.00013,-6e-05,-0.00046,4
17725,-0.00012,-5e-05,-4e-05,0.00067,0.00114,-0.00013,-6e-05,-0.00046,4
17726,-0.00012,-5e-05,-4e-05,0.00067,0.00114,-0.00013,-6e-05,-0.00046,4
17727,-0.00012,-5e-05,-4e-05,0.00067,0.00114,-0.00013,-6e-05,-0.00046,4
17728,-0.00012,-5e-05,-4e-05,0.00067,0.00114,-0.00013,-6e-05,-0.00046,4
17729,-0.00012,-5e-05,-4e-05,0.00067,0.00114,-0.00013,-6e-05,-0.00046,4
17730,-0.00012,-5e-05,-4e-05,0.00067,0.00114,-0.00013,-6e-05,-0.00046,4
17731,-0.00012,-5e-05,-4e-05,0.00067,0.00114,-0.00013,-6e-05,-0.00046,4
17732,-0.00012,-5e-05,-4e-05,0.00067,0.00114,-0.00013,-6e-05,-0.00046,4
17733,-0.00012,-5e-05,-4e-05,0.00067,0.00114,-0.00013,-6e-05,-0.00046,4
17734,-0.00012,-5e-05,-4e-05,0.00067,0.00114,-0.00013,-6e-05,-0.00046,4
17735,-0.00012,-5e-05,-4e-05,0.00067,0.00114,-0.00013,-6e-05,-0.00046,4
17736,-0.00012,-5e-05,-4e-05,0.00067,0.00114,-0.00013,-6e-05,-0.00046,4
17739,-0.00012,-5e-05,-4e-05,0.00067,0.00114,-0.00013,-6e-05,-0.00046,4
17740,-0.00011,-0.00021,-0.00034,-0.00043,-0.00082,-8e-05,-0.00012,-0.0001,4
17741,-0.00011,-0.00021,-0.00034,-0.00043,-0.00082,-8e-05,-0.00012,-0.0001,4
17742,-1e-05,-0.00014,-0.00023,-0.00071,-0.00065,6e-05,0.00033,0.00106,4
17743,-1e-05,-0.00014,-0.00023,-0.00071,-0.00065,6e-05,0.00033,0.00106,4
17744,-1e-05,-0.00014,-0.00023,-0.00071,-0.00065,6e-05,0.00033,0.00106,4
17745,-1e-05,-0.00014,-0.00023,-0.00071,-0.00065,6e-05,0.00033,0.00106,4
17746,-1e-05,-0.00014,-0.00023,-0.00071,-0.00065,6e-05,0.00033,0.00106,4
17747,-1e-05,-0.00014,-0.00023,-0.00071,-0.00065,6e-05,0.00033,0.00106,4
17748,-1e-05,-0.00014,-0.00023,-0.00071,-0.00065,6e-05,0.00033,0.00106,4
17749,-1e-05,-0.00014,-0.00023,-0.00071,-0.00065,6e-05,0.00033,0.00106,4
17750,-1e-05,-0.00014,-0.00023,-0.00071,-0.00065,6e-05,0.00033,0.00106,4
17751,-1e-05,-0.00014,-0.00023,-0.00071,-0.00065,6e-05,0.00033,0.00106,4
17752,-1e-05,-0.00014,-0.00023,-0.00071,-0.00065,6e-05,0.00033,0.00106,4
17753,-1e-05,-0.00014,-0.00023,-0.00071,-0.00065,6e-05,0.00033,0.00106,4
17754,-2e-05,1e-05,4e-05,0.00023,-4e-05,1e-05,-2e-05,-1e-05,4
17755,-2e-05,1e-05,4e-05,0.00023,-4e-05,1e-05,-2e-05,-1e-05,4
17756,-2e-05,1e-05,4e-05,0.00023,-4e-05,1e-05,-2e-05,-1e-05,4
17757,-2e-05,1e-05,4e-05,0.00023,-4e-05,1e-05,-2e-05,-1e-05,4
17758,-2e-05,1e-05,4e-05,0.00023,-4e-05,1e-05,-2e-05,-1e-05,4
17759,-2e-05,1e-05,4e-05,0.00023,-4e-05,1e-05,-2e-05,-1e-05,4
17760,-2e-05,1e-05,4e-05,0.00023,-4e-05,1e-05,-2e-05,-1e-05,4
17761,-2e-05,2e-05,7e-05,-0.00047,-0.00071,-0.00039,-0.00026,-0.00032,4
17762,-2e-05,2e-05,7e-05,-0.00047,-0.00071,-0.00039,-0.00026,-0.00032,4
17763,-2e-05,2e-05,7e-05,-0.00047,-0.00071,-0.00039,-0.00026,-0.00032,4
17764,-2e-05,2e-05,7e-05,-0.00047,-0.00071,-0.00039,-0.00026,-0.00032,4
17765,-2e-05,2e-05,7e-05,-0.00047,-0.00071,-0.00039,-0.00026,-0.00032,4
17766,-2e-05,2e-05,7e-05,-0.00047,-0.00071,-0.00039,-0.00026,-0.00032,4
17767,-2e-05,2e-05,7e-05,-0.00047,-0.00071,-0.00039,-0.00026,-0.00032,4
17768,-2e-05,2e-05,7e-05,-0.00047,-0.00071,-0.00039,-0.00026,-0.00032,4
17769,-2e-05,2e-05,7e-05,-0.00047,-0.00071,-0.00039,-0.00026,-0.00032,4
17770,-2e-05,2e-05,7e-05,-0.00047,-0.00071,-0.00039,-0.00026,-0.00032,4
17771,-2e-05,2e-05,7e-05,-0.00047,-0.00071,-0.00039,-0.00026,-0.00032,4
17772,-2e-05,2e-05,7e-05,-0.00047,-0.00071,-0.00039,-0.00026,-0.00032,4
17773,-2e-05,2e-05,7e-05,-0.00047,-0.00071,-0.00039,-0.00026,-0.00032,4
17774,-2e-05,2e-05,7e-05,-0.00047,-0.00071,-0.00039,-0.00026,-0.00032,4
17775,-2e-05,2e-05,7e-05,-0.00047,-0.00071,-0.00039,-0.00026,-0.00032,4
17776,-2e-05,2e-05,7e-05,-0.00047,-0.00071,-0.00039,-0.00026,-0.00032,4
17777,-1e-05,-5e-05,-4e-05,0.00081,0.00024,-7e-05,1e-05,-0.0001,4
17778,-4e-05,-0.0001,-0.0002,-0.0007,-0.00072,-0.00085,-0.00014,-6e-05,4
17779,2e-05,5e-05,0.00017,0.00031,-0.0007,0.00017,7e-05,-6e-05,4
17780,2e-05,5e-05,0.00017,0.00031,-0.0007,0.00017,7e-05,-6e-05,4
17781,2e-05,5e-05,0.00017,0.00031,-0.0007,0.00017,7e-05,-6e-05,4
17782,2e-05,5e-05,0.00017,0.00031,-0.0007,0.00017,7e-05,-6e-05,4
17783,2e-05,5e-05,0.00017,0.00031,-0.0007,0.00017,7e-05,-6e-05,4
17784,2e-05,5e-05,0.00017,0.00031,-0.0007,0.00017,7e-05,-6e-05,4
17785,2e-05,5e-05,0.00017,0.00031,-0.0007,0.00017,7e-05,-6e-05,4
17786,2e-05,5e-05,0.00017,0.00031,-0.0007,0.00017,7e-05,-6e-05,4
17789,2e-05,5e-05,0.00017,0.00031,-0.0007,0.00017,7e-05,-6e-05,4
17790,2e-05,5e-05,0.00017,0.00031,-0.0007,0.00017,7e-05,-6e-05,4
17791,2e-05,5e-05,0.00017,0.00031,-0.0007,0.00017,7e-05,-6e-05,4
17792,2e-05,5e-05,0.00017,0.00031,-0.0007,0.00017,7e-05,-6e-05,4
17793,2e-05,5e-05,0.00017,0.00031,-0.0007,0.00017,7e-05,-6e-05,4
17794,2e-05,5e-05,0.00017,0.00031,-0.0007,0.00017,7e-05,-6e-05,4
17795,2e-05,5e-05,0.00017,0.00031,-0.0007,0.00017,7e-05,-6e-05,4
17796,2e-05,5e-05,0.00017,0.00031,-0.0007,0.00017,7e-05,-6e-05,4
17797,2e-05,5e-05,0.00017,0.00031,-0.0007,0.00017,7e-05,-6e-05,4
17798,2e-05,5e-05,0.00017,0.00031,-0.0007,0.00017,7e-05,-6e-05,4
17799,2e-05,5e-05,0.00017,0.00031,-0.0007,0.00017,7e-05,-6e-05,4
17800,6e-05,0.00012,0.00023,0.00068,0.00062,0.00073,0.00017,-9e-05,4
17801,-2e-05,-1e-05,-7e-05,-0.00064,-0.00088,4e-05,-4e-05,0.0001,4
17802,1e-05,1e-05,-6e-05,0.00061,0.00027,-0.00025,-0.0001,-0.00012,4
17803,1e-05,1e-05,-6e-05,0.00061,0.00027,-0.00025,-0.0001,-0.00012,4
17804,1e-05,1e-05,-6e-05,0.00061,0.00027,-0.00025,-0.0001,-0.00012,4
17805,1e-05,1e-05,-6e-05,0.00061,0.00027,-0.00025,-0.0001,-0.00012,4
17806,1e-05,1e-05,-6e-05,0.00061,0.00027,-0.00025,-0.0001,-0.00012,4
17807,1e-05,1e-05,-6e-05,0.00061,0.00027,-0.00025,-0.0001,-0.00012,4
17808,1e-05,1e-05,-6e-05,0.00061,0.00027,-0.00025,-0.0001,-0.00012,4
17809,1e-05,1e-05,-6e-05,0.00061,0.00027,-0.00025,-0.0001,-0.00012,4
17810,1e-05,1e-05,-6e-05,0.00061,0.00027,-0.00025,-0.0001,-0.00012,4
17811,1e-05,1e-05,-6e-05,0.00061,0.00027,-0.00025,-0.0001,-0.00012,4
17812,1e-05,1e-05,-6e-05,0.00061,0.00027,-0.00025,-0.0001,-0.00012,4
17813,1e-05,1e-05,-6e-05,0.00061,0.00027,-0.00025,-0.0001,-0.00012,4
17814,-8e-05,-6e-05,-7e-05,-3e-05,0.00063,0.00014,6e-05,-0.00014,4
17815,-8e-05,-6e-05,-7e-05,-3e-05,0.00063,0.00014,6e-05,-0.00014,4
17816,-8e-05,-6e-05,-7e-05,-3e-05,0.00063,0.00014,6e-05,-0.00014,4
17817,-8e-05,-6e-05,-7e-05,-3e-05,0.00063,0.00014,6e-05,-0.00014,4
17818,-8e-05,-6e-05,-7e-05,-3e-05,0.00063,0.00014,6e-05,-0.00014,4
17819,-8e-05,-6e-05,-7e-05,-3e-05,0.00063,0.00014,6e-05,-0.00014,4
17820,-8e-05,-6e-05,-7e-05,-3e-05,0.00063,0.00014,6e-05,-0.00014,4
17821,9e-05,9e-05,0.00015,-3e-05,0.00069,0.00022,0.00018,0.00016,4
17822,9e-05,9e-05,0.00015,-3e-05,0.00069,0.00022,0.00018,0.00016,4
17823,9e-05,9e-05,0.00015,-3e-05,0.00069,0.00022,0.00018,0.00016,4
17824,9e-05,9e-05,0.00015,-3e-05,0.00069,0.00022,0.00018,0.00016,4
17825,9e-05,9e-05,0.00015,-3e-05,0.00069,0.00022,0.00018,0.00016,4
17826,9e-05,9e-05,0.00015,-3e-05,0.00069,0.00022,0.00018,0.00016,4
17827,9e-05,9e-05,0.00015,-3e-05,0.00069,0.00022,0.00018,0.00016,4
17828,9e-05,9e-05,0.00015,-3e-05,0.00069,0.00022,0.00018,0.00016,4
17829,9e-05,9e-05,0.00015,-3e-05,0.00069,0.00022,0.00018,0.00016,4
17830,9e-05,9e-05,0.00015,-3e-05,0.00069,0.00022,0.00018,0.00016,4
17831,9e-05,9e-05,0.00015,-3e-05,0.00069,0.00022,0.00018,0.00016,4
17832,9e-05,9e-05,0.00015,-3e-05,0.00069,0.00022,0.00018,0.00016,4
17833,9e-05,9e-05,0.00015,-3e-05,0.00069,0.00022,0.00018,0.00016,4
17834,9e-05,9e-05,0.00015,-3e-05,0.00069,0.00022,0.00018,0.00016,4
17835,9e-05,9e-05,0.00015,-3e-05,0.00069,0.00022,0.00018,0.00016,4
17836,9e-05,9e-05,0.00015,-3e-05,0.00069,0.00022,0.00018,0.00016,4
17839,3e-05,0.00014,0.00029,0.00018,-4e-05,2e-05,-0.0001,-0.00017,4
17840,3e-05,0.00014,0.00029,0.00018,-4e-05,2e-05,-0.0001,-0.00017,4
17841,3e-05,0.00014,0.00029,0.00018,-4e-05,2e-05,-0.0001,-0.00017,4
17842,3e-05,0.00014,0.00029,0.00018,-4e-05,2e-05,-0.0001,-0.00017,4
17843,3e-05,0.00014,0.00029,0.00018,-4e-05,2e-05,-0.0001,-0.00017,4
17844,3e-05,0.00014,0.00029,0.00018,-4e-05,2e-05,-0.0001,-0.00017,4
17845,3e-05,0.00014,0.00029,0.00018,-4e-05,2e-05,-0.0001,-0.00017,4
17846,3e-05,0.00014,0.00029,0.00018,-4e-05,2e-05,-0.0001,-0.00017,4
17847,3e-05,0.00014,0.00029,0.00018,-4e-05,2e-05,-0.0001,-0.00017,4
17848,3e-05,0.00014,0.00029,0.00018,-4e-05,2e-05,-0.0001,-0.00017,4
17849,3e-05,0.00014,0.00029,0.00018,-4e-05,2e-05,-0.0001,-0.00017,4
17850,3e-05,0.00014,0.00029,0.00018,-4e-05,2e-05,-0.0001,-0.00017,4
17851,3e-05,0.00014,0.00029,0.00018,-4e-05,2e-05,-0.0001,-0.00017,4
17852,3e-05,0.00014,0.00029,0.00018,-4e-05,2e-05,-0.0001,-0.00017,4
17853,3e-05,0.00014,0.00029,0.00018,-4e-05,2e-05,-0.0001,-0.00017,4
17854,3e-05,0.00014,0.00029,0.00018,-4e-05,2e-05,-0.0001,-0.00017,4
17855,3e-05,0.00014,0.00029,0.00018,-4e-05,2e-05,-0.0001,-0.00017,4
17856,3e-05,0.00014,0.00029,0.00018,-4e-05,2e-05,-0.0001,-0.00017,4
17857,3e-05,0.00014,0.00029,0.00018,-4e-05,2e-05,-0.0001,-0.00017,4
17858,3e-05,0.00014,0.00029,0.00018,-4e-05,2e-05,-0.0001,-0.00017,4
17859,0.00027,0.0004,0.00074,0.00068,0.00018,0.00087,0.00062,0.00034,4
17860,-0.0002,-0.0003,-0.0005,-0.00119,0.00015,-0.00044,-0.00033,-0.00042,4
17861,-0.0002,-0.0003,-0.0005,-0.00119,0.00015,-0.00044,-0.00033,-0.00042,4
17862,-0.0002,-0.0003,-0.0005,-0.00119,0.00015,-0.00044,-0.00033,-0.00042,4
17863,-0.0002,-0.0003,-0.0005,-0.00119,0.00015,-0.00044,-0.00033,-0.00042,4
17864,-0.0002,-0.0003,-0.0005,-0.00119,0.00015,-0.00044,-0.00033,-0.00042,4
17865,-0.0002,-0.0003,-0.0005,-0.00119,0.00015,-0.00044,-0.00033,-0.00042,4
17866,-0.0002,-0.0003,-0.0005,-0.00119,0.00015,-0.00044,-0.00033,-0.00042,4
17867,-0.0002,-0.0003,-0.0005,-0.00119,0.00015,-0.00044,-0.00033,-0.00042,4
17868,-0.0002,-0.0003,-0.0005,-0.00119,0.00015,-0.00044,-0.00033,-0.00042,4
17869,-0.0002,-0.0003,-0.0005,-0.00119,0.00015,-0.00044,-0.00033,-0.00042,4
17870,-0.0002,-0.0003,-0.0005,-0.00119,0.00015,-0.00044,-0.00033,-0.00042,4
17871,-0.0002,-0.0003,-0.0005,-0.00119,0.00015,-0.00044,-0.00033,-0.00042,4
17872,-0.0002,-0.0003,-0.0005,-0.00119,0.00015,-0.00044,-0.00033,-0.00042,4
17873,-0.0002,-0.0003,-0.0005,-0.00119,0.00015,-0.00044,-0.00033,-0.00042,4
17874,-6e-05,-5e-05,-9e-05,-0.00021,-0.0006,-0.00057,-0.0002,-0.00011,4
17875,-6e-05,-5e-05,-9e-05,-0.00021,-0.0006,-0.00057,-0.0002,-0.00011,4
17876,-6e-05,-5e-05,-9e-05,-0.00021,-0.0006,-0.00057,-0.0002,-0.00011,4
17877,-6e-05,-5e-05,-9e-05,-0.00021,-0.0006,-0.00057,-0.0002,-0.00011,4
17878,-6e-05,-5e-05,-9e-05,-0.00021,-0.0006,-0.00057,-0.0002,-0.00011,4
17879,-6e-05,-5e-05,-9e-05,-0.00021,-0.0006,-0.00057,-0.0002,-0.00011,4
17880,-6e-05,-5e-05,-9e-05,-0.00021,-0.0006,-0.00057,-0.0002,-0.00011,4
17881,-6e-05,-5e-05,-9e-05,-0.00021,-0.0006,-0.00057,-0.0002,-0.00011,4
17882,-7e-05,-9e-05,-0.00017,-9e-05,-0.00012,-0.00025,-0.00012,-1e-05,4
17883,-7e-05,-9e-05,-0.00017,-9e-05,-0.00012,-0.00025,-0.00012,-1e-05,4
17884,-7e-05,-9e-05,-0.00017,-9e-05,-0.00012,-0.00025,-0.00012,-1e-05,4
17885,-7e-05,-9e-05,-0.00017,-9e-05,-0.00012,-0.00025,-0.00012,-1e-05,4
17886,-7e-05,-9e-05,-0.00017,-9e-05,-0.00012,-0.00025,-0.00012,-1e-05,4
17889,-7e-05,-9e-05,-0.00017,-9e-05,-0.00012,-0.00025,-0.00012,-1e-05,4
17890,-7e-05,-9e-05,-0.00017,-9e-05,-0.00012,-0.00025,-0.00012,-1e-05,4
17891,-7e-05,-9e-05,-0.00017,-9e-05,-0.00012,-0.00025,-0.00012,-1e-05,4
17892,-7e-05,-9e-05,-0.00017,-9e-05,-0.00012,-0.00025,-0.00012,-1e-05,4
17893,-7e-05,-9e-05,-0.00017,-9e-05,-0.00012,-0.00025,-0.00012,-1e-05,4
17894,-7e-05,-9e-05,-0.00017,-9e-05,-0.00012,-0.00025,-0.00012,-1e-05,4
17895,-7e-05,-9e-05,-0.00017,-9e-05,-0.00012,-0.00025,-0.00012,-1e-05,4
17896,-7e-05,-9e-05,-0.00017,-9e-05,-0.00012,-0.00025,-0.00012,-1e-05,4
17897,-0.00015,-0.00026,-0.00046,-0.00066,-0.00081,-0.00047,-0.0004,-0.00086,4
17898,0.0,-1e-05,4e-05,-0.00011,-0.00052,-0.00016,-1e-05,1e-05,4
17899,0.0,-1e-05,4e-05,-0.00011,-0.00052,-0.00016,-1e-05,1e-05,4
17900,0.0,-1e-05,4e-05,-0.00011,-0.00052,-0.00016,-1e-05,1e-05,4
17901,0.0,-1e-05,4e-05,-0.00011,-0.00052,-0.00016,-1e-05,1e-05,4
17902,0.0,-1e-05,4e-05,-0.00011,-0.00052,-0.00016,-1e-05,1e-05,4
17903,0.0,-1e-05,4e-05,-0.00011,-0.00052,-0.00016,-1e-05,1e-05,4
17904,0.0,-1e-05,4e-05,-0.00011,-0.00052,-0.00016,-1e-05,1e-05,4
17905,0.0,-1e-05,4e-05,-0.00011,-0.00052,-0.00016,-1e-05,1e-05,4
17906,0.0,-1e-05,4e-05,-0.00011,-0.00052,-0.00016,-1e-05,1e-05,4
17907,0.0,-1e-05,4e-05,-0.00011,-0.00052,-0.00016,-1e-05,1e-05,4
17908,0.0,-1e-05,4e-05,-0.00011,-0.00052,-0.00016,-1e-05,1e-05,4
17909,0.0,-1e-05,4e-05,-0.00011,-0.00052,-0.00016,-1e-05,1e-05,4
17910,0.0,-1e-05,4e-05,-0.00011,-0.00052,-0.00016,-1e-05,1e-05,4
17911,0.0,-1e-05,4e-05,-0.00011,-0.00052,-0.00016,-1e-05,1e-05,4
17912,0.0,-1e-05,4e-05,-0.00011,-0.00052,-0.00016,-1e-05,1e-05,4
17913,0.0,-1e-05,4e-05,-0.00011,-0.00052,-0.00016,-1e-05,1e-05,4
17914,0.0,-1e-05,4e-05,-0.00011,-0.00052,-0.00016,-1e-05,1e-05,4
17915,0.0,-1e-05,4e-05,-0.00011,-0.00052,-0.00016,-1e-05,1e-05,4
17916,0.0,-1e-05,4e-05,-0.00011,-0.00052,-0.00016,-1e-05,1e-05,4
17917,0.0,-1e-05,4e-05,-0.00011,-0.00052,-0.00016,-1e-05,1e-05,4
17918,0.0,-1e-05,4e-05,-0.00011,-0.00052,-0.00016,-1e-05,1e-05,4
17919,3e-05,4e-05,0.0,6e-05,-0.00066,0.00017,-0.00011,-0.00016,4
17920,1e-05,1e-05,1e-05,-0.00028,-0.00062,0.00046,-2e-05,9e-05,4
17921,1e-05,1e-05,1e-05,-0.00028,-0.00062,0.00046,-2e-05,9e-05,4
17922,1e-05,1e-05,1e-05,-0.00028,-0.00062,0.00046,-2e-05,9e-05,4
17923,1e-05,1e-05,1e-05,-0.00028,-0.00062,0.00046,-2e-05,9e-05,4
17924,1e-05,1e-05,1e-05,-0.00028,-0.00062,0.00046,-2e-05,9e-05,4
17925,1e-05,1e-05,1e-05,-0.00028,-0.00062,0.00046,-2e-05,9e-05,4
17926,1e-05,1e-05,1e-05,-0.00028,-0.00062,0.00046,-2e-05,9e-05,4
17928,1e-05,1e-05,1e-05,-0.00028,-0.00062,0.00046,-2e-05,9e-05,4
17929,1e-05,1e-05,1e-05,-0.00028,-0.00062,0.00046,-2e-05,9e-05,4
17930,1e-05,1e-05,1e-05,-0.00028,-0.00062,0.00046,-2e-05,9e-05,4
17931,1e-05,1e-05,1e-05,-0.00028,-0.00062,0.00046,-2e-05,9e-05,4
17932,1e-05,1e-05,1e-05,-0.00028,-0.00062,0.00046,-2e-05,9e-05,4
17933,-0.00013,-0.00019,-0.00022,-0.00032,-0.00128,-0.00064,-0.00029,-0.00039,4
17934,8e-05,0.00012,0.00018,0.00064,0.00092,0.00064,0.0001,-0.00028,4
17935,8e-05,0.00012,0.00018,0.00064,0.00092,0.00064,0.0001,-0.00028,4
17936,8e-05,0.00012,0.00018,0.00064,0.00092,0.00064,0.0001,-0.00028,4
17939,8e-05,0.00012,0.00018,0.00064,0.00092,0.00064,0.0001,-0.00028,4
17940,8e-05,0.00012,0.00018,0.00064,0.00092,0.00064,0.0001,-0.00028,4
17941,8e-05,0.00012,0.00018,0.00064,0.00092,0.00064,0.0001,-0.00028,4
17942,7e-05,0.00018,0.0003,9e-05,-0.00034,0.00044,0.00033,5e-05,4
17943,7e-05,0.00018,0.0003,9e-05,-0.00034,0.00044,0.00033,5e-05,4
17944,7e-05,0.00018,0.0003,9e-05,-0.00034,0.00044,0.00033,5e-05,4
17945,7e-05,0.00018,0.0003,9e-05,-0.00034,0.00044,0.00033,5e-05,4
17946,7e-05,0.00018,0.0003,9e-05,-0.00034,0.00044,0.00033,5e-05,4
17947,7e-05,0.00018,0.0003,9e-05,-0.00034,0.00044,0.00033,5e-05,4
17948,7e-05,0.00018,0.0003,9e-05,-0.00034,0.00044,0.00033,5e-05,4
17949,7e-05,0.00018,0.0003,9e-05,-0.00034,0.00044,0.00033,5e-05,4
17950,7e-05,0.00018,0.0003,9e-05,-0.00034,0.00044,0.00033,5e-05,4
17951,7e-05,0.00018,0.0003,9e-05,-0.00034,0.00044,0.00033,5e-05,4
17952,7e-05,0.00018,0.0003,9e-05,-0.00034,0.00044,0.00033,5e-05,4
17953,7e-05,0.00018,0.0003,9e-05,-0.00034,0.00044,0.00033,5e-05,4
17954,7e-05,0.00018,0.0003,9e-05,-0.00034,0.00044,0.00033,5e-05,4
17955,7e-05,0.00018,0.0003,9e-05,-0.00034,0.00044,0.00033,5e-05,4
17956,7e-05,0.00018,0.0003,9e-05,-0.00034,0.00044,0.00033,5e-05,4
17957,-0.00018,-0.00027,-0.00044,-0.00023,0.00012,-0.00093,-0.00037,-0.00029,4
17958,5e-05,7e-05,8e-05,0.00062,0.00048,0.00071,8e-05,-5e-05,4
17959,5e-05,7e-05,8e-05,0.00062,0.00048,0.00071,8e-05,-5e-05,4
17960,5e-05,7e-05,8e-05,0.00062,0.00048,0.00071,8e-05,-5e-05,4
17961,5e-05,7e-05,8e-05,0.00062,0.00048,0.00071,8e-05,-5e-05,4
17962,5e-05,7e-05,8e-05,0.00062,0.00048,0.00071,8e-05,-5e-05,4
17963,5e-05,7e-05,8e-05,0.00062,0.00048,0.00071,8e-05,-5e-05,4
17964,5e-05,7e-05,8e-05,0.00062,0.00048,0.00071,8e-05,-5e-05,4
17965,5e-05,7e-05,8e-05,0.00062,0.00048,0.00071,8e-05,-5e-05,4
17966,5e-05,7e-05,8e-05,0.00062,0.00048,0.00071,8e-05,-5e-05,4
17967,5e-05,7e-05,8e-05,0.00062,0.00048,0.00071,8e-05,-5e-05,4
17968,5e-05,7e-05,8e-05,0.00062,0.00048,0.00071,8e-05,-5e-05,4
17969,5e-05,7e-05,8e-05,0.00062,0.00048,0.00071,8e-05,-5e-05,4
17970,5e-05,7e-05,8e-05,0.00062,0.00048,0.00071,8e-05,-5e-05,4
17971,5e-05,7e-05,8e-05,0.00062,0.00048,0.00071,8e-05,-5e-05,4
17972,5e-05,7e-05,8e-05,0.00062,0.00048,0.00071,8e-05,-5e-05,4
17973,5e-05,7e-05,8e-05,0.00062,0.00048,0.00071,8e-05,-5e-05,4
17974,5e-05,7e-05,8e-05,0.00062,0.00048,0.00071,8e-05,-5e-05,4
17975,5e-05,7e-05,8e-05,0.00062,0.00048,0.00071,8e-05,-5e-05,4
17976,5e-05,7e-05,8e-05,0.00062,0.00048,0.00071,8e-05,-5e-05,4
17977,5e-05,7e-05,8e-05,0.00062,0.00048,0.00071,8e-05,-5e-05,4
17978,5e-05,7e-05,8e-05,0.00062,0.00048,0.00071,8e-05,-5e-05,4
17979,-0.0001,-0.00017,-0.00028,-0.00031,0.00051,-0.00033,-4e-05,-5e-05,4
17980,-3e-05,-6e-05,0.0,0.00104,-0.00015,-0.00048,-3e-05,-1e-05,4
17981,-3e-05,-6e-05,0.0,0.00104,-0.00015,-0.00048,-3e-05,-1e-05,4
17982,-3e-05,-6e-05,0.0,0.00104,-0.00015,-0.00048,-3e-05,-1e-05,4
17983,-3e-05,-6e-05,0.0,0.00104,-0.00015,-0.00048,-3e-05,-1e-05,4
17984,-3e-05,-6e-05,0.0,0.00104,-0.00015,-0.00048,-3e-05,-1e-05,4
17985,-3e-05,-6e-05,0.0,0.00104,-0.00015,-0.00048,-3e-05,-1e-05,4
17986,-3e-05,-6e-05,0.0,0.00104,-0.00015,-0.00048,-3e-05,-1e-05,4
17989,-3e-05,-6e-05,0.0,0.00104,-0.00015,-0.00048,-3e-05,-1e-05,4
17990,-3e-05,-6e-05,0.0,0.00104,-0.00015,-0.00048,-3e-05,-1e-05,4
17991,-3e-05,-6e-05,0.0,0.00104,-0.00015,-0.00048,-3e-05,-1e-05,4
17992,-3e-05,-6e-05,0.0,0.00104,-0.00015,-0.00048,-3e-05,-1e-05,4
17993,-3e-05,-6e-05,0.0,0.00104,-0.00015,-0.00048,-3e-05,-1e-05,4
17994,-2e-05,-3e-05,-4e-05,8e-05,-0.00023,-0.00032,-0.00012,-0.00019,4
17995,-2e-05,-3e-05,-4e-05,8e-05,-0.00023,-0.00032,-0.00012,-0.00019,4
17996,-2e-05,-3e-05,-4e-05,8e-05,-0.00023,-0.00032,-0.00012,-0.00019,4
17997,-2e-05,-3e-05,-4e-05,8e-05,-0.00023,-0.00032,-0.00012,-0.00019,4
17998,-2e-05,-3e-05,-4e-05,8e-05,-0.00023,-0.00032,-0.00012,-0.00019,4
17999,-2e-05,-3e-05,-4e-05,8e-05,-0.00023,-0.00032,-0.00012,-0.00019,4
18000,-2e-05,-3e-05,-4e-05,8e-05,-0.00023,-0.00032,-0.00012,-0.00019,4
18001,-2e-05,-3e-05,-4e-05,8e-05,-0.00023,-0.00032,-0.00012,-0.00019,4
18002,-5e-05,-8e-05,-0.00022,-0.00078,0.00035,-0.00059,-0.00021,-0.00012,4
18003,-5e-05,-8e-05,-0.00022,-0.00078,0.00035,-0.00059,-0.00021,-0.00012,4
18004,-5e-05,-8e-05,-0.00022,-0.00078,0.00035,-0.00059,-0.00021,-0.00012,4
18005,-5e-05,-8e-05,-0.00022,-0.00078,0.00035,-0.00059,-0.00021,-0.00012,4
18006,-5e-05,-8e-05,-0.00022,-0.00078,0.00035,-0.00059,-0.00021,-0.00012,4
18007,-5e-05,-8e-05,-0.00022,-0.00078,0.00035,-0.00059,-0.00021,-0.00012,4
18008,-5e-05,-8e-05,-0.00022,-0.00078,0.00035,-0.00059,-0.00021,-0.00012,4
18009,-5e-05,-8e-05,-0.00022,-0.00078,0.00035,-0.00059,-0.00021,-0.00012,4
18010,-5e-05,-8e-05,-0.00022,-0.00078,0.00035,-0.00059,-0.00021,-0.00012,4
18011,-5e-05,-8e-05,-0.00022,-0.00078,0.00035,-0.00059,-0.00021,-0.00012,4
18012,-5e-05,-8e-05,-0.00022,-0.00078,0.00035,-0.00059,-0.00021,-0.00012,4
18013,-5e-05,-8e-05,-0.00022,-0.00078,0.00035,-0.00059,-0.00021,-0.00012,4
18014,-5e-05,-8e-05,-0.00022,-0.00078,0.00035,-0.00059,-0.00021,-0.00012,4
18015,-5e-05,-8e-05,-0.00022,-0.00078,0.00035,-0.00059,-0.00021,-0.00012,4
18016,-5e-05,-8e-05,-0.00022,-0.00078,0.00035,-0.00059,-0.00021,-0.00012,4
18017,-5e-05,-8e-05,-0.00022,-0.00078,0.00035,-0.00059,-0.00021,-0.00012,4
18018,8e-05,0.0001,0.00016,0.0,0.00034,0.00023,0.00018,-5e-05,4
18019,8e-05,0.0001,0.00016,0.0,0.00034,0.00023,0.00018,-5e-05,4
18020,8e-05,0.0001,0.00016,0.0,0.00034,0.00023,0.00018,-5e-05,4
18021,8e-05,0.0001,0.00016,0.0,0.00034,0.00023,0.00018,-5e-05,4
18022,8e-05,0.0001,0.00016,0.0,0.00034,0.00023,0.00018,-5e-05,4
18023,8e-05,0.0001,0.00016,0.0,0.00034,0.00023,0.00018,-5e-05,4
18024,8e-05,0.0001,0.00016,0.0,0.00034,0.00023,0.00018,-5e-05,4
18025,8e-05,0.0001,0.00016,0.0,0.00034,0.00023,0.00018,-5e-05,4
18026,8e-05,0.0001,0.00016,0.0,0.00034,0.00023,0.00018,-5e-05,4
18027,8e-05,0.0001,0.00016,0.0,0.00034,0.00023,0.00018,-5e-05,4
18028,8e-05,0.0001,0.00016,0.0,0.00034,0.00023,0.00018,-5e-05,4
18029,8e-05,0.0001,0.00016,0.0,0.00034,0.00023,0.00018,-5e-05,4
18030,8e-05,0.0001,0.00016,0.0,0.00034,0.00023,0.00018,-5e-05,4
18031,8e-05,0.0001,0.00016,0.0,0.00034,0.00023,0.00018,-5e-05,4
18032,8e-05,0.0001,0.00016,0.0,0.00034,0.00023,0.00018,-5e-05,4
18033,8e-05,0.0001,0.00016,0.0,0.00034,0.00023,0.00018,-5e-05,4
18034,8e-05,0.0001,0.00016,0.0,0.00034,0.00023,0.00018,-5e-05,4
18035,8e-05,0.0001,0.00016,0.0,0.00034,0.00023,0.00018,-5e-05,4
18036,8e-05,0.0001,0.00016,0.0,0.00034,0.00023,0.00018,-5e-05,4
18039,1e-05,0.0,3e-05,0.00026,0.0007,0.00057,0.0001,7e-05,4
18040,0.0,2e-05,5e-05,-0.00012,-0.00045,-0.00057,-4e-05,6e-05,4
18041,1e-05,-7e-05,-0.00018,-0.00052,0.0004,0.00011,-2e-05,9e-05,4
18042,1e-05,-7e-05,-0.00018,-0.00052,0.0004,0.00011,-2e-05,9e-05,4
18043,1e-05,-7e-05,-0.00018,-0.00052,0.0004,0.00011,-2e-05,9e-05,4
18044,1e-05,-7e-05,-0.00018,-0.00052,0.0004,0.00011,-2e-05,9e-05,4
18045,1e-05,-7e-05,-0.00018,-0.00052,0.0004,0.00011,-2e-05,9e-05,4
18046,1e-05,-7e-05,-0.00018,-0.00052,0.0004,0.00011,-2e-05,9e-05,4
18048,1e-05,-7e-05,-0.00018,-0.00052,0.0004,0.00011,-2e-05,9e-05,4
18049,1e-05,-7e-05,-0.00018,-0.00052,0.0004,0.00011,-2e-05,9e-05,4
18050,1e-05,-7e-05,-0.00018,-0.00052,0.0004,0.00011,-2e-05,9e-05,4
18051,1e-05,-7e-05,-0.00018,-0.00052,0.0004,0.00011,-2e-05,9e-05,4
18052,1e-05,-7e-05,-0.00018,-0.00052,0.0004,0.00011,-2e-05,9e-05,4
18053,1e-05,-7e-05,-0.00018,-0.00052,0.0004,0.00011,-2e-05,9e-05,4
18054,2e-05,5e-05,7e-05,0.00034,0.00073,0.00033,0.00019,0.00017,4
18055,2e-05,5e-05,7e-05,0.00034,0.00073,0.00033,0.00019,0.00017,4
18056,2e-05,5e-05,7e-05,0.00034,0.00073,0.00033,0.00019,0.00017,4
18057,2e-05,5e-05,7e-05,0.00034,0.00073,0.00033,0.00019,0.00017,4
18058,2e-05,5e-05,7e-05,0.00034,0.00073,0.00033,0.00019,0.00017,4
18059,2e-05,5e-05,7e-05,0.00034,0.00073,0.00033,0.00019,0.00017,4
18060,2e-05,5e-05,7e-05,0.00034,0.00073,0.00033,0.00019,0.00017,4
18061,2e-05,5e-05,7e-05,0.00034,0.00073,0.00033,0.00019,0.00017,4
18062,1e-05,3e-05,0.00013,0.0004,-0.00084,0.00028,0.00014,9e-05,4
18063,1e-05,3e-05,0.00013,0.0004,-0.00084,0.00028,0.00014,9e-05,4
18064,1e-05,3e-05,0.00013,0.0004,-0.00084,0.00028,0.00014,9e-05,4
18065,1e-05,3e-05,0.00013,0.0004,-0.00084,0.00028,0.00014,9e-05,4
18066,1e-05,3e-05,0.00013,0.0004,-0.00084,0.00028,0.00014,9e-05,4
18067,1e-05,3e-05,0.00013,0.0004,-0.00084,0.00028,0.00014,9e-05,4
18068,1e-05,3e-05,0.00013,0.0004,-0.00084,0.00028,0.00014,9e-05,4
18069,1e-05,3e-05,0.00013,0.0004,-0.00084,0.00028,0.00014,9e-05,4
18070,1e-05,3e-05,0.00013,0.0004,-0.00084,0.00028,0.00014,9e-05,4
18071,1e-05,3e-05,0.00013,0.0004,-0.00084,0.00028,0.00014,9e-05,4
18072,1e-05,3e-05,0.00013,0.0004,-0.00084,0.00028,0.00014,9e-05,4
18073,1e-05,3e-05,0.00013,0.0004,-0.00084,0.00028,0.00014,9e-05,4
18074,1e-05,3e-05,0.00013,0.0004,-0.00084,0.00028,0.00014,9e-05,4
18075,1e-05,3e-05,0.00013,0.0004,-0.00084,0.00028,0.00014,9e-05,4
18076,1e-05,3e-05,0.00013,0.0004,-0.00084,0.00028,0.00014,9e-05,4
18077,0.00012,0.00021,0.00029,5e-05,-0.00082,-0.00024,3e-05,0.00016,4
18078,0.00012,0.00021,0.00029,5e-05,-0.00082,-0.00024,3e-05,0.00016,4
18079,0.00012,0.00021,0.00029,5e-05,-0.00082,-0.00024,3e-05,0.00016,4
18080,0.00012,0.00021,0.00029,5e-05,-0.00082,-0.00024,3e-05,0.00016,4
18081,0.00012,0.00021,0.00029,5e-05,-0.00082,-0.00024,3e-05,0.00016,4
18082,0.00012,0.00021,0.00029,5e-05,-0.00082,-0.00024,3e-05,0.00016,4
18083,0.00012,0.00021,0.00029,5e-05,-0.00082,-0.00024,3e-05,0.00016,4
18084,0.00012,0.00021,0.00029,5e-05,-0.00082,-0.00024,3e-05,0.00016,4
18085,0.00012,0.00021,0.00029,5e-05,-0.00082,-0.00024,3e-05,0.00016,4
18086,0.00012,0.00021,0.00029,5e-05,-0.00082,-0.00024,3e-05,0.00016,4
18089,0.00012,0.00021,0.00029,5e-05,-0.00082,-0.00024,3e-05,0.00016,4
18091,0.00012,0.00021,0.00029,5e-05,-0.00082,-0.00024,3e-05,0.00016,4
18092,0.00012,0.00021,0.00029,5e-05,-0.00082,-0.00024,3e-05,0.00016,4
18093,0.00012,0.00021,0.00029,5e-05,-0.00082,-0.00024,3e-05,0.00016,4
18094,0.00012,0.00021,0.00029,5e-05,-0.00082,-0.00024,3e-05,0.00016,4
18095,0.00012,0.00021,0.00029,5e-05,-0.00082,-0.00024,3e-05,0.00016,4
18096,0.00012,0.00021,0.00029,5e-05,-0.00082,-0.00024,3e-05,0.00016,4
18097,0.00012,0.00021,0.00029,5e-05,-0.00082,-0.00024,3e-05,0.00016,4
18098,0.00012,0.00021,0.00029,5e-05,-0.00082,-0.00024,3e-05,0.00016,4
18099,0.00012,0.00021,0.00029,5e-05,-0.00082,-0.00024,3e-05,0.00016,4
18100,-9e-05,-0.00016,-0.00022,-0.00035,-0.00018,-0.00026,-0.00012,-0.0001,4
18101,-9e-05,-0.00016,-0.00022,-0.00035,-0.00018,-0.00026,-0.00012,-0.0001,4
18102,-0.00019,-0.0003,-0.00046,-0.00014,0.0002,-0.00044,-0.00021,-0.00025,4
18103,-0.00019,-0.0003,-0.00046,-0.00014,0.0002,-0.00044,-0.00021,-0.00025,4
18104,-0.00019,-0.0003,-0.00046,-0.00014,0.0002,-0.00044,-0.00021,-0.00025,4
18105,-0.00019,-0.0003,-0.00046,-0.00014,0.0002,-0.00044,-0.00021,-0.00025,4
18106,-0.00019,-0.0003,-0.00046,-0.00014,0.0002,-0.00044,-0.00021,-0.00025,4
18107,-0.00019,-0.0003,-0.00046,-0.00014,0.0002,-0.00044,-0.00021,-0.00025,4
18108,-0.00019,-0.0003,-0.00046,-0.00014,0.0002,-0.00044,-0.00021,-0.00025,4
18109,-0.00019,-0.0003,-0.00046,-0.00014,0.0002,-0.00044,-0.00021,-0.00025,4
18110,-0.00019,-0.0003,-0.00046,-0.00014,0.0002,-0.00044,-0.00021,-0.00025,4
18111,-0.00019,-0.0003,-0.00046,-0.00014,0.0002,-0.00044,-0.00021,-0.00025,4
18112,-0.00019,-0.0003,-0.00046,-0.00014,0.0002,-0.00044,-0.00021,-0.00025,4
18113,-0.00019,-0.0003,-0.00046,-0.00014,0.0002,-0.00044,-0.00021,-0.00025,4
18114,-7e-05,-3e-05,-5e-05,-0.0004,-0.0012,-0.00026,-0.00014,-2e-05,4
18115,-7e-05,-3e-05,-5e-05,-0.0004,-0.0012,-0.00026,-0.00014,-2e-05,4
18116,-7e-05,-3e-05,-5e-05,-0.0004,-0.0012,-0.00026,-0.00014,-2e-05,4
18117,-7e-05,-3e-05,-5e-05,-0.0004,-0.0012,-0.00026,-0.00014,-2e-05,4
18118,-7e-05,-3e-05,-5e-05,-0.0004,-0.0012,-0.00026,-0.00014,-2e-05,4
18119,-7e-05,-3e-05,-5e-05,-0.0004,-0.0012,-0.00026,-0.00014,-2e-05,4
18120,-7e-05,-3e-05,-5e-05,-0.0004,-0.0012,-0.00026,-0.00014,-2e-05,4
18121,-7e-05,-3e-05,-5e-05,-0.0004,-0.0012,-0.00026,-0.00014,-2e-05,4
18122,-0.00016,-0.00018,-0.00029,-6e-05,-0.00056,-0.00087,-0.0001,-0.00033,4
18123,-0.00016,-0.00018,-0.00029,-6e-05,-0.00056,-0.00087,-0.0001,-0.00033,4
18124,-0.00016,-0.00018,-0.00029,-6e-05,-0.00056,-0.00087,-0.0001,-0.00033,4
18125,-0.00016,-0.00018,-0.00029,-6e-05,-0.00056,-0.00087,-0.0001,-0.00033,4
18126,-0.00016,-0.00018,-0.00029,-6e-05,-0.00056,-0.00087,-0.0001,-0.00033,4
18127,-0.00016,-0.00018,-0.00029,-6e-05,-0.00056,-0.00087,-0.0001,-0.00033,4
18128,-0.00016,-0.00018,-0.00029,-6e-05,-0.00056,-0.00087,-0.0001,-0.00033,4
18129,-0.00016,-0.00018,-0.00029,-6e-05,-0.00056,-0.00087,-0.0001,-0.00033,4
18130,-0.00016,-0.00018,-0.00029,-6e-05,-0.00056,-0.00087,-0.0001,-0.00033,4
18131,-0.00016,-0.00018,-0.00029,-6e-05,-0.00056,-0.00087,-0.0001,-0.00033,4
18132,-0.00016,-0.00018,-0.00029,-6e-05,-0.00056,-0.00087,-0.0001,-0.00033,4
18133,-0.00016,-0.00018,-0.00029,-6e-05,-0.00056,-0.00087,-0.0001,-0.00033,4
18134,-0.00016,-0.00018,-0.00029,-6e-05,-0.00056,-0.00087,-0.0001,-0.00033,4
18135,-0.00016,-0.00018,-0.00029,-6e-05,-0.00056,-0.00087,-0.0001,-0.00033,4
18137,-3e-05,-1e-05,-4e-05,-0.0004,-0.00115,-0.0006,-8e-05,0.00025,4
18140,0.0001,0.00011,0.00025,0.00049,0.00015,3e-05,3e-05,0.00018,4
18141,0.0001,0.00011,0.00025,0.00049,0.00015,3e-05,3e-05,0.00018,4
18142,0.0001,0.00011,0.00025,0.00049,0.00015,3e-05,3e-05,0.00018,4
18143,0.0001,0.00011,0.00025,0.00049,0.00015,3e-05,3e-05,0.00018,4
18144,0.0001,0.00011,0.00025,0.00049,0.00015,3e-05,3e-05,0.00018,4
18145,0.0001,0.00011,0.00025,0.00049,0.00015,3e-05,3e-05,0.00018,4
18146,0.0001,0.00011,0.00025,0.00049,0.00015,3e-05,3e-05,0.00018,4
18147,0.0001,0.00011,0.00025,0.00049,0.00015,3e-05,3e-05,0.00018,4
18148,0.0001,0.00011,0.00025,0.00049,0.00015,3e-05,3e-05,0.00018,4
18149,0.0001,0.00011,0.00025,0.00049,0.00015,3e-05,3e-05,0.00018,4
18150,0.0001,0.00011,0.00025,0.00049,0.00015,3e-05,3e-05,0.00018,4
18151,0.0001,0.00011,0.00025,0.00049,0.00015,3e-05,3e-05,0.00018,4
18152,0.0001,0.00011,0.00025,0.00049,0.00015,3e-05,3e-05,0.00018,4
18153,0.0001,0.00011,0.00025,0.00049,0.00015,3e-05,3e-05,0.00018,4
18154,0.0001,0.00011,0.00025,0.00049,0.00015,3e-05,3e-05,0.00018,4
18155,0.0001,0.00011,0.00025,0.00049,0.00015,3e-05,3e-05,0.00018,4
18156,0.0001,0.00011,0.00025,0.00049,0.00015,3e-05,3e-05,0.00018,4
18157,0.0001,0.00011,0.00025,0.00049,0.00015,3e-05,3e-05,0.00018,4
18158,0.0001,0.00011,0.00025,0.00049,0.00015,3e-05,3e-05,0.00018,4
18159,-4e-05,-0.0001,-0.00017,0.0001,0.00011,-3e-05,-9e-05,-7e-05,4
18160,3e-05,6e-05,0.00013,0.00015,0.00115,0.00023,0.00014,0.00012,4
18161,3e-05,6e-05,0.00013,0.00015,0.00115,0.00023,0.00014,0.00012,4
18162,3e-05,6e-05,0.00013,0.00015,0.00115,0.00023,0.00014,0.00012,4
18163,3e-05,6e-05,0.00013,0.00015,0.00115,0.00023,0.00014,0.00012,4
18164,3e-05,6e-05,0.00013,0.00015,0.00115,0.00023,0.00014,0.00012,4
18165,3e-05,6e-05,0.00013,0.00015,0.00115,0.00023,0.00014,0.00012,4
18166,3e-05,6e-05,0.00013,0.00015,0.00115,0.00023,0.00014,0.00012,4
18167,3e-05,6e-05,0.00013,0.00015,0.00115,0.00023,0.00014,0.00012,4
18168,3e-05,6e-05,0.00013,0.00015,0.00115,0.00023,0.00014,0.00012,4
18169,3e-05,6e-05,0.00013,0.00015,0.00115,0.00023,0.00014,0.00012,4
18170,3e-05,6e-05,0.00013,0.00015,0.00115,0.00023,0.00014,0.00012,4
18171,3e-05,6e-05,0.00013,0.00015,0.00115,0.00023,0.00014,0.00012,4
18172,3e-05,6e-05,0.00013,0.00015,0.00115,0.00023,0.00014,0.00012,4
18173,3e-05,6e-05,0.00013,0.00015,0.00115,0.00023,0.00014,0.00012,4
18174,3e-05,6e-05,0.00013,0.00015,0.00115,0.00023,0.00014,0.00012,4
18175,3e-05,6e-05,0.00013,0.00015,0.00115,0.00023,0.00014,0.00012,4
18176,3e-05,6e-05,0.00013,0.00015,0.00115,0.00023,0.00014,0.00012,4
18177,3e-05,6e-05,0.00013,0.00015,0.00115,0.00023,0.00014,0.00012,4
18178,3e-05,6e-05,0.00013,0.00015,0.00115,0.00023,0.00014,0.00012,4
18179,3e-05,6e-05,0.00013,0.00015,0.00115,0.00023,0.00014,0.00012,4
18180,3e-05,6e-05,0.00013,0.00015,0.00115,0.00023,0.00014,0.00012,4
18181,3e-05,6e-05,0.00013,0.00015,0.00115,0.00023,0.00014,0.00012,4
18182,3e-05,6e-05,0.00013,0.00015,0.00115,0.00023,0.00014,0.00012,4
18183,-5e-05,-0.00013,-0.00022,-0.00058,-0.00053,-0.00029,-0.00023,-0.00017,4
18184,8e-05,0.00024,0.00048,0.00086,0.00127,0.00069,0.00018,-0.00023,4
18185,8e-05,0.00024,0.00048,0.00086,0.00127,0.00069,0.00018,-0.00023,4
18186,8e-05,0.00024,0.00048,0.00086,0.00127,0.00069,0.00018,-0.00023,4
18189,8e-05,0.00024,0.00048,0.00086,0.00127,0.00069,0.00018,-0.00023,4
18190,8e-05,0.00024,0.00048,0.00086,0.00127,0.00069,0.00018,-0.00023,4
18191,8e-05,0.00024,0.00048,0.00086,0.00127,0.00069,0.00018,-0.00023,4
18192,8e-05,0.00024,0.00048,0.00086,0.00127,0.00069,0.00018,-0.00023,4
18193,8e-05,0.00024,0.00048,0.00086,0.00127,0.00069,0.00018,-0.00023,4
18194,8e-05,0.00024,0.00048,0.00086,0.00127,0.00069,0.00018,-0.00023,4
18195,8e-05,0.00024,0.00048,0.00086,0.00127,0.00069,0.00018,-0.00023,4
18196,8e-05,0.00024,0.00048,0.00086,0.00127,0.00069,0.00018,-0.00023,4
18197,3e-05,2e-05,2e-05,7e-05,-0.0001,0.00027,-2e-05,-3e-05,4
18198,-4e-05,-6e-05,-0.00015,-0.00079,-0.00041,-0.00085,-0.00014,0.0,4
18199,-4e-05,-6e-05,-0.00015,-0.00079,-0.00041,-0.00085,-0.00014,0.0,4
18200,-4e-05,-6e-05,-0.00015,-0.00079,-0.00041,-0.00085,-0.00014,0.0,4
18201,-4e-05,-6e-05,-0.00015,-0.00079,-0.00041,-0.00085,-0.00014,0.0,4
18202,-4e-05,-6e-05,-0.00015,-0.00079,-0.00041,-0.00085,-0.00014,0.0,4
18203,-4e-05,-6e-05,-0.00015,-0.00079,-0.00041,-0.00085,-0.00014,0.0,4
18204,-4e-05,-6e-05,-0.00015,-0.00079,-0.00041,-0.00085,-0.00014,0.0,4
18205,-4e-05,-6e-05,-0.00015,-0.00079,-0.00041,-0.00085,-0.00014,0.0,4
18206,-4e-05,-6e-05,-0.00015,-0.00079,-0.00041,-0.00085,-0.00014,0.0,4
18207,-4e-05,-6e-05,-0.00015,-0.00079,-0.00041,-0.00085,-0.00014,0.0,4
18208,-4e-05,-6e-05,-0.00015,-0.00079,-0.00041,-0.00085,-0.00014,0.0,4
18209,-4e-05,-6e-05,-0.00015,-0.00079,-0.00041,-0.00085,-0.00014,0.0,4
18210,-4e-05,-6e-05,-0.00015,-0.00079,-0.00041,-0.00085,-0.00014,0.0,4
18211,-4e-05,-6e-05,-0.00015,-0.00079,-0.00041,-0.00085,-0.00014,0.0,4
18212,-4e-05,-6e-05,-0.00015,-0.00079,-0.00041,-0.00085,-0.00014,0.0,4
18213,-4e-05,-6e-05,-0.00015,-0.00079,-0.00041,-0.00085,-0.00014,0.0,4
18214,-4e-05,-6e-05,-0.00015,-0.00079,-0.00041,-0.00085,-0.00014,0.0,4
18215,-4e-05,-6e-05,-0.00015,-0.00079,-0.00041,-0.00085,-0.00014,0.0,4
18216,-4e-05,-6e-05,-0.00015,-0.00079,-0.00041,-0.00085,-0.00014,0.0,4
18217,-4e-05,-6e-05,-0.00015,-0.00079,-0.00041,-0.00085,-0.00014,0.0,4
18218,-4e-05,-6e-05,-0.00015,-0.00079,-0.00041,-0.00085,-0.00014,0.0,4
18219,-3e-05,-4e-05,-0.00018,-0.00049,-0.00056,-0.00033,-3e-05,1e-05,4
18220,-3e-05,-4e-05,-0.00018,-0.00049,-0.00056,-0.00033,-3e-05,1e-05,4
18221,-0.00015,-0.00019,-0.0003,-0.00035,-0.00079,2e-05,-0.0004,-0.00052,4
18222,-0.00015,-0.00019,-0.0003,-0.00035,-0.00079,2e-05,-0.0004,-0.00052,4
18223,-0.00015,-0.00019,-0.0003,-0.00035,-0.00079,2e-05,-0.0004,-0.00052,4
18224,-0.00015,-0.00019,-0.0003,-0.00035,-0.00079,2e-05,-0.0004,-0.00052,4
18225,-0.00015,-0.00019,-0.0003,-0.00035,-0.00079,2e-05,-0.0004,-0.00052,4
18226,-0.00015,-0.00019,-0.0003,-0.00035,-0.00079,2e-05,-0.0004,-0.00052,4
18227,-0.00015,-0.00019,-0.0003,-0.00035,-0.00079,2e-05,-0.0004,-0.00052,4
18228,-0.00015,-0.00019,-0.0003,-0.00035,-0.00079,2e-05,-0.0004,-0.00052,4
18229,-0.00015,-0.00019,-0.0003,-0.00035,-0.00079,2e-05,-0.0004,-0.00052,4
18230,-0.00015,-0.00019,-0.0003,-0.00035,-0.00079,2e-05,-0.0004,-0.00052,4
18231,-0.00015,-0.00019,-0.0003,-0.00035,-0.00079,2e-05,-0.0004,-0.00052,4
18232,-0.00015,-0.00019,-0.0003,-0.00035,-0.00079,2e-05,-0.0004,-0.00052,4
18233,8e-05,0.00011,0.00018,0.00044,0.00037,0.00023,0.00041,0.00057,4
18234,0.0,-5e-05,-0.0001,-1e-05,0.00025,-0.00049,-9e-05,0.00013,4
18235,0.0,-5e-05,-0.0001,-1e-05,0.00025,-0.00049,-9e-05,0.00013,4
18236,0.0,-5e-05,-0.0001,-1e-05,0.00025,-0.00049,-9e-05,0.00013,4
18239,0.0,-5e-05,-0.0001,-1e-05,0.00025,-0.00049,-9e-05,0.00013,4
18240,0.0,-5e-05,-0.0001,-1e-05,0.00025,-0.00049,-9e-05,0.00013,4
18241,0.0,-5e-05,-0.0001,-1e-05,0.00025,-0.00049,-9e-05,0.00013,4
18242,-6e-05,-0.00011,-0.00022,8e-05,0.00025,-2e-05,-0.00011,0.00024,4
18243,-6e-05,-0.00011,-0.00022,8e-05,0.00025,-2e-05,-0.00011,0.00024,4
18244,-6e-05,-0.00011,-0.00022,8e-05,0.00025,-2e-05,-0.00011,0.00024,4
18245,-6e-05,-0.00011,-0.00022,8e-05,0.00025,-2e-05,-0.00011,0.00024,4
18246,-6e-05,-0.00011,-0.00022,8e-05,0.00025,-2e-05,-0.00011,0.00024,4
18247,-6e-05,-0.00011,-0.00022,8e-05,0.00025,-2e-05,-0.00011,0.00024,4
18248,-6e-05,-0.00011,-0.00022,8e-05,0.00025,-2e-05,-0.00011,0.00024,4
18249,-6e-05,-0.00011,-0.00022,8e-05,0.00025,-2e-05,-0.00011,0.00024,4
18250,-6e-05,-0.00011,-0.00022,8e-05,0.00025,-2e-05,-0.00011,0.00024,4
18251,-6e-05,-0.00011,-0.00022,8e-05,0.00025,-2e-05,-0.00011,0.00024,4
18252,-6e-05,-0.00011,-0.00022,8e-05,0.00025,-2e-05,-0.00011,0.00024,4
18253,-6e-05,-0.00011,-0.00022,8e-05,0.00025,-2e-05,-0.00011,0.00024,4
18254,-6e-05,-0.00011,-0.00022,8e-05,0.00025,-2e-05,-0.00011,0.00024,4
18255,-6e-05,-0.00011,-0.00022,8e-05,0.00025,-2e-05,-0.00011,0.00024,4
18256,-6e-05,-0.00011,-0.00022,8e-05,0.00025,-2e-05,-0.00011,0.00024,4
18257,-0.00012,-0.00011,-0.00014,-0.00022,-0.00012,0.0001,-0.00023,-0.00015,4
18258,0.0001,0.00017,0.00031,0.00079,0.00035,0.0008,0.0003,-2e-05,4
18259,0.0001,0.00017,0.00031,0.00079,0.00035,0.0008,0.0003,-2e-05,4
18260,0.0001,0.00017,0.00031,0.00079,0.00035,0.0008,0.0003,-2e-05,4
18261,0.0001,0.00017,0.00031,0.00079,0.00035,0.0008,0.0003,-2e-05,4
18262,0.0001,0.00017,0.00031,0.00079,0.00035,0.0008,0.0003,-2e-05,4
18263,0.0001,0.00017,0.00031,0.00079,0.00035,0.0008,0.0003,-2e-05,4
18264,0.0001,0.00017,0.00031,0.00079,0.00035,0.0008,0.0003,-2e-05,4
18265,0.0001,0.00017,0.00031,0.00079,0.00035,0.0008,0.0003,-2e-05,4
18266,0.0001,0.00017,0.00031,0.00079,0.00035,0.0008,0.0003,-2e-05,4
18267,0.0001,0.00017,0.00031,0.00079,0.00035,0.0008,0.0003,-2e-05,4
18268,0.0001,0.00017,0.00031,0.00079,0.00035,0.0008,0.0003,-2e-05,4
18269,0.0001,0.00017,0.00031,0.00079,0.00035,0.0008,0.0003,-2e-05,4
18270,0.0001,0.00017,0.00031,0.00079,0.00035,0.0008,0.0003,-2e-05,4
18271,0.0001,0.00017,0.00031,0.00079,0.00035,0.0008,0.0003,-2e-05,4
18272,0.0001,0.00017,0.00031,0.00079,0.00035,0.0008,0.0003,-2e-05,4
18273,0.0001,0.00017,0.00031,0.00079,0.00035,0.0008,0.0003,-2e-05,4
18274,0.0001,0.00017,0.00031,0.00079,0.00035,0.0008,0.0003,-2e-05,4
18275,0.0001,0.00017,0.00031,0.00079,0.00035,0.0008,0.0003,-2e-05,4
18276,0.0001,0.00017,0.00031,0.00079,0.00035,0.0008,0.0003,-2e-05,4
18277,0.0001,0.00017,0.00031,0.00079,0.00035,0.0008,0.0003,-2e-05,4
18278,0.0001,0.00017,0.00031,0.00079,0.00035,0.0008,0.0003,-2e-05,4
18279,0.0,2e-05,4e-05,5e-05,0.00068,-9e-05,9e-05,-0.00019,4
18280,-3e-05,-0.00013,-0.00028,-0.00051,-0.00038,0.00019,-0.00024,4e-05,4
18281,-3e-05,-0.00013,-0.00028,-0.00051,-0.00038,0.00019,-0.00024,4e-05,4
18282,-3e-05,-0.00013,-0.00028,-0.00051,-0.00038,0.00019,-0.00024,4e-05,4
18283,-3e-05,-0.00013,-0.00028,-0.00051,-0.00038,0.00019,-0.00024,4e-05,4
18284,-3e-05,-0.00013,-0.00028,-0.00051,-0.00038,0.00019,-0.00024,4e-05,4
18285,-3e-05,-0.00013,-0.00028,-0.00051,-0.00038,0.00019,-0.00024,4e-05,4
18286,-3e-05,-0.00013,-0.00028,-0.00051,-0.00038,0.00019,-0.00024,4e-05,4
18289,-3e-05,-0.00013,-0.00028,-0.00051,-0.00038,0.00019,-0.00024,4e-05,4
18290,-3e-05,-0.00013,-0.00028,-0.00051,-0.00038,0.00019,-0.00024,4e-05,4
18291,-3e-05,-0.00013,-0.00028,-0.00051,-0.00038,0.00019,-0.00024,4e-05,4
18292,-3e-05,-0.00013,-0.00028,-0.00051,-0.00038,0.00019,-0.00024,4e-05,4
18293,-3e-05,-0.00013,-0.00028,-0.00051,-0.00038,0.00019,-0.00024,4e-05,4
18294,-3e-05,-0.00013,-0.00028,-0.00051,-0.00038,0.00019,-0.00024,4e-05,4
18295,-2e-05,1e-05,6e-05,0.00068,0.00074,0.00012,7e-05,0.00024,4
18296,-2e-05,1e-05,6e-05,0.00068,0.00074,0.00012,7e-05,0.00024,4
18297,-2e-05,1e-05,6e-05,0.00068,0.00074,0.00012,7e-05,0.00024,4
18298,-2e-05,1e-05,6e-05,0.00068,0.00074,0.00012,7e-05,0.00024,4
18299,-2e-05,1e-05,6e-05,0.00068,0.00074,0.00012,7e-05,0.00024,4
18300,-2e-05,1e-05,6e-05,0.00068,0.00074,0.00012,7e-05,0.00024,4
18301,-2e-05,1e-05,6e-05,0.00068,0.00074,0.00012,7e-05,0.00024,4
18302,-2e-05,1e-05,6e-05,0.00068,0.00074,0.00012,7e-05,0.00024,4
18303,-1e-05,-1e-05,-1e-05,-0.00077,-8e-05,0.0002,8e-05,0.00011,4
18304,-1e-05,-1e-05,-1e-05,-0.00077,-8e-05,0.0002,8e-05,0.00011,4
18305,-1e-05,-1e-05,-1e-05,-0.00077,-8e-05,0.0002,8e-05,0.00011,4
18306,-1e-05,-1e-05,-1e-05,-0.00077,-8e-05,0.0002,8e-05,0.00011,4
18307,-1e-05,-1e-05,-1e-05,-0.00077,-8e-05,0.0002,8e-05,0.00011,4
18308,-1e-05,-1e-05,-1e-05,-0.00077,-8e-05,0.0002,8e-05,0.00011,4
18309,-1e-05,-1e-05,-1e-05,-0.00077,-8e-05,0.0002,8e-05,0.00011,4
18310,-1e-05,-1e-05,-1e-05,-0.00077,-8e-05,0.0002,8e-05,0.00011,4
18311,-1e-05,-1e-05,-1e-05,-0.00077,-8e-05,0.0002,8e-05,0.00011,4
18312,-1e-05,-1e-05,-1e-05,-0.00077,-8e-05,0.0002,8e-05,0.00011,4
18314,-1e-05,-1e-05,-1e-05,-0.00077,-8e-05,0.0002,8e-05,0.00011,4
18315,-1e-05,-1e-05,-1e-05,-0.00077,-8e-05,0.0002,8e-05,0.00011,4
18316,-1e-05,-1e-05,-1e-05,-0.00077,-8e-05,0.0002,8e-05,0.00011,4
18317,-7e-05,-0.00019,-0.00025,-0.00034,-0.00036,-0.0003,-0.00016,3e-05,4
18318,-7e-05,-0.00019,-0.00025,-0.00034,-0.00036,-0.0003,-0.00016,3e-05,4
18319,-6e-05,-8e-05,-0.00012,-0.00021,-0.00125,-0.00069,-1e-05,8e-05,4
18320,-6e-05,-8e-05,-0.00012,-0.00021,-0.00125,-0.00069,-1e-05,8e-05,4
18321,-6e-05,-8e-05,-0.00012,-0.00021,-0.00125,-0.00069,-1e-05,8e-05,4
18322,-6e-05,-8e-05,-0.00012,-0.00021,-0.00125,-0.00069,-1e-05,8e-05,4
18323,-6e-05,-8e-05,-0.00012,-0.00021,-0.00125,-0.00069,-1e-05,8e-05,4
18324,-6e-05,-8e-05,-0.00012,-0.00021,-0.00125,-0.00069,-1e-05,8e-05,4
18325,-6e-05,-8e-05,-0.00012,-0.00021,-0.00125,-0.00069,-1e-05,8e-05,4
18326,-6e-05,-8e-05,-0.00012,-0.00021,-0.00125,-0.00069,-1e-05,8e-05,4
18327,-6e-05,-8e-05,-0.00012,-0.00021,-0.00125,-0.00069,-1e-05,8e-05,4
18328,-6e-05,-8e-05,-0.00012,-0.00021,-0.00125,-0.00069,-1e-05,8e-05,4
18329,-6e-05,-8e-05,-0.00012,-0.00021,-0.00125,-0.00069,-1e-05,8e-05,4
18330,-6e-05,-8e-05,-0.00012,-0.00021,-0.00125,-0.00069,-1e-05,8e-05,4
18331,-6e-05,-8e-05,-0.00012,-0.00021,-0.00125,-0.00069,-1e-05,8e-05,4
18332,-6e-05,-8e-05,-0.00012,-0.00021,-0.00125,-0.00069,-1e-05,8e-05,4
18333,-6e-05,-8e-05,-0.00012,-0.00021,-0.00125,-0.00069,-1e-05,8e-05,4
18334,-6e-05,-8e-05,-0.00012,-0.00021,-0.00125,-0.00069,-1e-05,8e-05,4
18335,-6e-05,-8e-05,-0.00012,-0.00021,-0.00125,-0.00069,-1e-05,8e-05,4
18336,-6e-05,-8e-05,-0.00012,-0.00021,-0.00125,-0.00069,-1e-05,8e-05,4
18339,1e-05,1e-05,0.0,0.00033,-3e-05,4e-05,9e-05,0.00014,4
18340,-1e-05,1e-05,9e-05,0.00031,-0.0004,0.00027,9e-05,-2e-05,4
18341,-1e-05,1e-05,9e-05,0.00031,-0.0004,0.00027,9e-05,-2e-05,4
18342,-1e-05,1e-05,9e-05,0.00031,-0.0004,0.00027,9e-05,-2e-05,4
18343,-1e-05,1e-05,9e-05,0.00031,-0.0004,0.00027,9e-05,-2e-05,4
18344,-1e-05,1e-05,9e-05,0.00031,-0.0004,0.00027,9e-05,-2e-05,4
18345,-1e-05,1e-05,9e-05,0.00031,-0.0004,0.00027,9e-05,-2e-05,4
18346,-1e-05,1e-05,9e-05,0.00031,-0.0004,0.00027,9e-05,-2e-05,4
18347,-1e-05,1e-05,9e-05,0.00031,-0.0004,0.00027,9e-05,-2e-05,4
18348,-1e-05,1e-05,9e-05,0.00031,-0.0004,0.00027,9e-05,-2e-05,4
18349,-1e-05,1e-05,9e-05,0.00031,-0.0004,0.00027,9e-05,-2e-05,4
18350,-1e-05,1e-05,9e-05,0.00031,-0.0004,0.00027,9e-05,-2e-05,4
18351,-1e-05,1e-05,9e-05,0.00031,-0.0004,0.00027,9e-05,-2e-05,4
18352,-1e-05,1e-05,9e-05,0.00031,-0.0004,0.00027,9e-05,-2e-05,4
18353,-1e-05,2e-05,1e-05,-5e-05,-0.0001,0.00013,-2e-05,-9e-05,4
18354,0.0,-2e-05,-3e-05,-0.00015,-0.00063,0.0,2e-05,2e-05,4
18355,0.0,-2e-05,-3e-05,-0.00015,-0.00063,0.0,2e-05,2e-05,4
18356,0.0,-2e-05,-3e-05,-0.00015,-0.00063,0.0,2e-05,2e-05,4
18357,0.0,-2e-05,-3e-05,-0.00015,-0.00063,0.0,2e-05,2e-05,4
18358,0.0,-2e-05,-3e-05,-0.00015,-0.00063,0.0,2e-05,2e-05,4
18359,0.0,-2e-05,-3e-05,-0.00015,-0.00063,0.0,2e-05,2e-05,4
18360,0.0,-2e-05,-3e-05,-0.00015,-0.00063,0.0,2e-05,2e-05,4
18361,0.0,-2e-05,-3e-05,-0.00015,-0.00063,0.0,2e-05,2e-05,4
18362,0.0001,0.00012,0.0002,0.00053,-3e-05,0.0005,0.00011,0.00011,4
18363,0.0001,0.00012,0.0002,0.00053,-3e-05,0.0005,0.00011,0.00011,4
18364,0.0001,0.00012,0.0002,0.00053,-3e-05,0.0005,0.00011,0.00011,4
18365,0.0001,0.00012,0.0002,0.00053,-3e-05,0.0005,0.00011,0.00011,4
18366,0.0001,0.00012,0.0002,0.00053,-3e-05,0.0005,0.00011,0.00011,4
18367,0.0001,0.00012,0.0002,0.00053,-3e-05,0.0005,0.00011,0.00011,4
18368,0.0001,0.00012,0.0002,0.00053,-3e-05,0.0005,0.00011,0.00011,4
18369,0.0001,0.00012,0.0002,0.00053,-3e-05,0.0005,0.00011,0.00011,4
18370,0.0001,0.00012,0.0002,0.00053,-3e-05,0.0005,0.00011,0.00011,4
18371,0.0001,0.00012,0.0002,0.00053,-3e-05,0.0005,0.00011,0.00011,4
18372,0.0001,0.00012,0.0002,0.00053,-3e-05,0.0005,0.00011,0.00011,4
18373,0.0001,0.00012,0.0002,0.00053,-3e-05,0.0005,0.00011,0.00011,4
18374,0.0001,0.00012,0.0002,0.00053,-3e-05,0.0005,0.00011,0.00011,4
18375,0.0001,0.00012,0.0002,0.00053,-3e-05,0.0005,0.00011,0.00011,4
18376,0.0001,0.00012,0.0002,0.00053,-3e-05,0.0005,0.00011,0.00011,4
18377,0.0001,0.00012,0.0002,0.00053,-3e-05,0.0005,0.00011,0.00011,4
18378,0.0001,0.00012,0.0002,0.00053,-3e-05,0.0005,0.00011,0.00011,4
18379,0.0001,0.00012,0.0002,0.00053,-3e-05,0.0005,0.00011,0.00011,4
18380,0.0001,0.00012,0.0002,0.00053,-3e-05,0.0005,0.00011,0.00011,4
18381,0.0001,0.00012,0.0002,0.00053,-3e-05,0.0005,0.00011,0.00011,4
18382,0.0001,0.00012,0.0002,0.00053,-3e-05,0.0005,0.00011,0.00011,4
18383,0.0001,0.00012,0.0002,0.00053,-3e-05,0.0005,0.00011,0.00011,4
18384,0.0001,0.00012,0.0002,0.00053,-3e-05,0.0005,0.00011,0.00011,4
18385,0.0001,0.00012,0.0002,0.00053,-3e-05,0.0005,0.00011,0.00011,4
18386,-3e-05,-4e-05,-4e-05,5e-05,0.00061,0.00023,6e-05,-0.00015,4
18389,0.0,5e-05,8e-05,-0.00026,0.00028,-0.00027,7e-05,-5e-05,4
18390,0.0,5e-05,8e-05,-0.00026,0.00028,-0.00027,7e-05,-5e-05,4
18391,0.0,5e-05,8e-05,-0.00026,0.00028,-0.00027,7e-05,-5e-05,4
18392,0.0,5e-05,8e-05,-0.00026,0.00028,-0.00027,7e-05,-5e-05,4
18393,0.0,5e-05,8e-05,-0.00026,0.00028,-0.00027,7e-05,-5e-05,4
18394,0.0,5e-05,8e-05,-0.00026,0.00028,-0.00027,7e-05,-5e-05,4
18395,0.0,5e-05,8e-05,-0.00026,0.00028,-0.00027,7e-05,-5e-05,4
18396,0.0,5e-05,8e-05,-0.00026,0.00028,-0.00027,7e-05,-5e-05,4
18397,0.0,5e-05,8e-05,-0.00026,0.00028,-0.00027,7e-05,-5e-05,4
18398,0.0,5e-05,8e-05,-0.00026,0.00028,-0.00027,7e-05,-5e-05,4
18399,-7e-05,-3e-05,-8e-05,-0.00027,-0.0004,-0.00023,-0.00023,-8e-05,4
18400,0.0001,0.00015,0.00024,0.00043,-0.00053,0.00049,0.00011,0.00017,4
18401,0.0001,0.00015,0.00024,0.00043,-0.00053,0.00049,0.00011,0.00017,4
18402,0.0001,0.00015,0.00024,0.00043,-0.00053,0.00049,0.00011,0.00017,4
18403,0.0001,0.00015,0.00024,0.00043,-0.00053,0.00049,0.00011,0.00017,4
18404,0.0001,0.00015,0.00024,0.00043,-0.00053,0.00049,0.00011,0.00017,4
18405,0.0001,0.00015,0.00024,0.00043,-0.00053,0.00049,0.00011,0.00017,4
18406,0.0001,0.00015,0.00024,0.00043,-0.00053,0.00049,0.00011,0.00017,4
18407,0.0001,0.00015,0.00024,0.00043,-0.00053,0.00049,0.00011,0.00017,4
18408,0.0001,0.00015,0.00024,0.00043,-0.00053,0.00049,0.00011,0.00017,4
18409,0.0001,0.00015,0.00024,0.00043,-0.00053,0.00049,0.00011,0.00017,4
18410,0.0001,0.00015,0.00024,0.00043,-0.00053,0.00049,0.00011,0.00017,4
18411,0.0001,0.00015,0.00024,0.00043,-0.00053,0.00049,0.00011,0.00017,4
18412,0.0001,0.00015,0.00024,0.00043,-0.00053,0.00049,0.00011,0.00017,4
18413,0.0001,0.00015,0.00024,0.00043,-0.00053,0.00049,0.00011,0.00017,4
18414,0.0001,0.00015,0.00024,0.00043,-0.00053,0.00049,0.00011,0.00017,4
18415,1e-05,5e-05,1e-05,-0.00028,-0.00095,-7e-05,0.00017,0.0006,4
18416,1e-05,5e-05,1e-05,-0.00028,-0.00095,-7e-05,0.00017,0.0006,4
18417,1e-05,5e-05,1e-05,-0.00028,-0.00095,-7e-05,0.00017,0.0006,4
18418,1e-05,5e-05,1e-05,-0.00028,-0.00095,-7e-05,0.00017,0.0006,4
18419,1e-05,5e-05,1e-05,-0.00028,-0.00095,-7e-05,0.00017,0.0006,4
18420,1e-05,5e-05,1e-05,-0.00028,-0.00095,-7e-05,0.00017,0.0006,4
18421,1e-05,5e-05,1e-05,-0.00028,-0.00095,-7e-05,0.00017,0.0006,4
18422,-7e-05,-0.0001,-0.00019,-0.00048,-4e-05,0.00027,-0.00012,-8e-05,4
18423,-7e-05,-0.0001,-0.00019,-0.00048,-4e-05,0.00027,-0.00012,-8e-05,4
18424,-7e-05,-0.0001,-0.00019,-0.00048,-4e-05,0.00027,-0.00012,-8e-05,4
18425,-7e-05,-0.0001,-0.00019,-0.00048,-4e-05,0.00027,-0.00012,-8e-05,4
18426,-7e-05,-0.0001,-0.00019,-0.00048,-4e-05,0.00027,-0.00012,-8e-05,4
18427,-7e-05,-0.0001,-0.00019,-0.00048,-4e-05,0.00027,-0.00012,-8e-05,4
18428,-7e-05,-0.0001,-0.00019,-0.00048,-4e-05,0.00027,-0.00012,-8e-05,4
18429,-7e-05,-0.0001,-0.00019,-0.00048,-4e-05,0.00027,-0.00012,-8e-05,4
18430,-7e-05,-0.0001,-0.00019,-0.00048,-4e-05,0.00027,-0.00012,-8e-05,4
18431,-7e-05,-0.0001,-0.00019,-0.00048,-4e-05,0.00027,-0.00012,-8e-05,4
18432,-7e-05,-0.0001,-0.00019,-0.00048,-4e-05,0.00027,-0.00012,-8e-05,4
18433,-7e-05,-0.0001,-0.00019,-0.00048,-4e-05,0.00027,-0.00012,-8e-05,4
18434,-7e-05,-0.0001,-0.00019,-0.00048,-4e-05,0.00027,-0.00012,-8e-05,4
18435,-7e-05,-0.0001,-0.00019,-0.00048,-4e-05,0.00027,-0.00012,-8e-05,4
18437,0.0,4e-05,9e-05,0.00021,0.00082,-0.00017,-1e-05,-0.00018,4
18440,4e-05,5e-05,1e-05,-0.00037,-0.00043,0.00042,0.00026,0.00014,4
18441,4e-05,5e-05,1e-05,-0.00037,-0.00043,0.00042,0.00026,0.00014,4
18442,4e-05,5e-05,1e-05,-0.00037,-0.00043,0.00042,0.00026,0.00014,4
18443,4e-05,5e-05,1e-05,-0.00037,-0.00043,0.00042,0.00026,0.00014,4
18444,4e-05,5e-05,1e-05,-0.00037,-0.00043,0.00042,0.00026,0.00014,4
18445,4e-05,5e-05,1e-05,-0.00037,-0.00043,0.00042,0.00026,0.00014,4
18446,4e-05,5e-05,1e-05,-0.00037,-0.00043,0.00042,0.00026,0.00014,4
18447,4e-05,5e-05,1e-05,-0.00037,-0.00043,0.00042,0.00026,0.00014,4
18448,4e-05,5e-05,1e-05,-0.00037,-0.00043,0.00042,0.00026,0.00014,4
18449,4e-05,5e-05,1e-05,-0.00037,-0.00043,0.00042,0.00026,0.00014,4
18450,4e-05,5e-05,1e-05,-0.00037,-0.00043,0.00042,0.00026,0.00014,4
18451,4e-05,5e-05,1e-05,-0.00037,-0.00043,0.00042,0.00026,0.00014,4
18452,4e-05,5e-05,1e-05,-0.00037,-0.00043,0.00042,0.00026,0.00014,4
18453,4e-05,5e-05,1e-05,-0.00037,-0.00043,0.00042,0.00026,0.00014,4
18454,4e-05,5e-05,1e-05,-0.00037,-0.00043,0.00042,0.00026,0.00014,4
18455,4e-05,5e-05,1e-05,-0.00037,-0.00043,0.00042,0.00026,0.00014,4
18456,4e-05,5e-05,1e-05,-0.00037,-0.00043,0.00042,0.00026,0.00014,4
18457,4e-05,5e-05,1e-05,-0.00037,-0.00043,0.00042,0.00026,0.00014,4
18458,4e-05,5e-05,1e-05,-0.00037,-0.00043,0.00042,0.00026,0.00014,4
18459,-5e-05,-7e-05,-6e-05,1e-05,-8e-05,-0.00033,-0.00017,-9e-05,4
18460,-4e-05,-8e-05,-9e-05,8e-05,0.00091,-6e-05,3e-05,4e-05,4
18461,-4e-05,-8e-05,-9e-05,8e-05,0.00091,-6e-05,3e-05,4e-05,4
18462,-4e-05,-8e-05,-9e-05,8e-05,0.00091,-6e-05,3e-05,4e-05,4
18463,-4e-05,-8e-05,-9e-05,8e-05,0.00091,-6e-05,3e-05,4e-05,4
18464,-4e-05,-8e-05,-9e-05,8e-05,0.00091,-6e-05,3e-05,4e-05,4
18465,-4e-05,-8e-05,-9e-05,8e-05,0.00091,-6e-05,3e-05,4e-05,4
18466,-4e-05,-8e-05,-9e-05,8e-05,0.00091,-6e-05,3e-05,4e-05,4
18467,-4e-05,-8e-05,-9e-05,8e-05,0.00091,-6e-05,3e-05,4e-05,4
18468,-4e-05,-8e-05,-9e-05,8e-05,0.00091,-6e-05,3e-05,4e-05,4
18469,-4e-05,-8e-05,-9e-05,8e-05,0.00091,-6e-05,3e-05,4e-05,4
18470,-4e-05,-8e-05,-9e-05,8e-05,0.00091,-6e-05,3e-05,4e-05,4
18471,-4e-05,-8e-05,-9e-05,8e-05,0.00091,-6e-05,3e-05,4e-05,4
18472,-4e-05,-8e-05,-9e-05,8e-05,0.00091,-6e-05,3e-05,4e-05,4
18473,1e-05,-3e-05,-7e-05,-0.00018,0.00012,0.00059,0.00012,4e-05,4
18474,-0.00016,-8e-05,-0.00015,-0.00016,-4e-05,-0.00074,-0.00034,-0.00055,4
18475,-0.00016,-8e-05,-0.00015,-0.00016,-4e-05,-0.00074,-0.00034,-0.00055,4
18476,-0.00016,-8e-05,-0.00015,-0.00016,-4e-05,-0.00074,-0.00034,-0.00055,4
18477,-0.00016,-8e-05,-0.00015,-0.00016,-4e-05,-0.00074,-0.00034,-0.00055,4
18478,-0.00016,-8e-05,-0.00015,-0.00016,-4e-05,-0.00074,-0.00034,-0.00055,4
18479,-0.00016,-8e-05,-0.00015,-0.00016,-4e-05,-0.00074,-0.00034,-0.00055,4
18480,-0.00016,-8e-05,-0.00015,-0.00016,-4e-05,-0.00074,-0.00034,-0.00055,4
18481,-0.00016,-8e-05,-0.00015,-0.00016,-4e-05,-0.00074,-0.00034,-0.00055,4
18482,1e-05,-1e-05,-0.0001,-0.00048,-0.00081,-0.00026,-3e-05,-4e-05,4
18483,1e-05,-1e-05,-0.0001,-0.00048,-0.00081,-0.00026,-3e-05,-4e-05,4
18484,1e-05,-1e-05,-0.0001,-0.00048,-0.00081,-0.00026,-3e-05,-4e-05,4
18485,1e-05,-1e-05,-0.0001,-0.00048,-0.00081,-0.00026,-3e-05,-4e-05,4
18487,1e-05,-1e-05,-0.0001,-0.00048,-0.00081,-0.00026,-3e-05,-4e-05,4
18489,1e-05,-1e-05,-0.0001,-0.00048,-0.00081,-0.00026,-3e-05,-4e-05,4
18491,1e-05,-1e-05,-0.0001,-0.00048,-0.00081,-0.00026,-3e-05,-4e-05,4
18492,1e-05,-1e-05,-0.0001,-0.00048,-0.00081,-0.00026,-3e-05,-4e-05,4
18493,1e-05,-1e-05,-0.0001,-0.00048,-0.00081,-0.00026,-3e-05,-4e-05,4
18494,1e-05,-1e-05,-0.0001,-0.00048,-0.00081,-0.00026,-3e-05,-4e-05,4
18495,1e-05,-1e-05,-0.0001,-0.00048,-0.00081,-0.00026,-3e-05,-4e-05,4
18496,1e-05,-1e-05,-0.0001,-0.00048,-0.00081,-0.00026,-3e-05,-4e-05,4
18497,-1e-05,4e-05,6e-05,-7e-05,0.00032,0.00044,5e-05,-4e-05,4
18498,-5e-05,-5e-05,1e-05,6e-05,-0.0001,-0.00042,-0.00012,-0.0001,4
18499,-5e-05,-5e-05,1e-05,6e-05,-0.0001,-0.00042,-0.00012,-0.0001,4
18500,-5e-05,-5e-05,1e-05,6e-05,-0.0001,-0.00042,-0.00012,-0.0001,4
18501,-5e-05,-5e-05,1e-05,6e-05,-0.0001,-0.00042,-0.00012,-0.0001,4
18502,-5e-05,-5e-05,1e-05,6e-05,-0.0001,-0.00042,-0.00012,-0.0001,4
18503,-5e-05,-5e-05,1e-05,6e-05,-0.0001,-0.00042,-0.00012,-0.0001,4
18504,-5e-05,-5e-05,1e-05,6e-05,-0.0001,-0.00042,-0.00012,-0.0001,4
18505,-5e-05,-5e-05,1e-05,6e-05,-0.0001,-0.00042,-0.00012,-0.0001,4
18506,-5e-05,-5e-05,1e-05,6e-05,-0.0001,-0.00042,-0.00012,-0.0001,4
18507,-5e-05,-5e-05,1e-05,6e-05,-0.0001,-0.00042,-0.00012,-0.0001,4
18508,-5e-05,-5e-05,1e-05,6e-05,-0.0001,-0.00042,-0.00012,-0.0001,4
18509,-5e-05,-5e-05,1e-05,6e-05,-0.0001,-0.00042,-0.00012,-0.0001,4
18510,-5e-05,-5e-05,1e-05,6e-05,-0.0001,-0.00042,-0.00012,-0.0001,4
18511,-5e-05,-5e-05,1e-05,6e-05,-0.0001,-0.00042,-0.00012,-0.0001,4
18512,-5e-05,-5e-05,1e-05,6e-05,-0.0001,-0.00042,-0.00012,-0.0001,4
18513,-5e-05,-5e-05,1e-05,6e-05,-0.0001,-0.00042,-0.00012,-0.0001,4
18514,-5e-05,-5e-05,1e-05,6e-05,-0.0001,-0.00042,-0.00012,-0.0001,4
18515,-5e-05,-5e-05,1e-05,6e-05,-0.0001,-0.00042,-0.00012,-0.0001,4
18516,-5e-05,-5e-05,1e-05,6e-05,-0.0001,-0.00042,-0.00012,-0.0001,4
18517,-5e-05,-5e-05,1e-05,6e-05,-0.0001,-0.00042,-0.00012,-0.0001,4
18518,-5e-05,-5e-05,1e-05,6e-05,-0.0001,-0.00042,-0.00012,-0.0001,4
18519,2e-05,-1e-05,3e-05,0.00011,0.00019,0.00054,2e-05,0.0,4
18520,-2e-05,-6e-05,-3e-05,-0.0001,-0.00041,-0.00015,-6e-05,3e-05,4
18522,-2e-05,-6e-05,-3e-05,-0.0001,-0.00041,-0.00015,-6e-05,3e-05,4
18523,-2e-05,-6e-05,-3e-05,-0.0001,-0.00041,-0.00015,-6e-05,3e-05,4
18524,-2e-05,-6e-05,-3e-05,-0.0001,-0.00041,-0.00015,-6e-05,3e-05,4
18525,-2e-05,-6e-05,-3e-05,-0.0001,-0.00041,-0.00015,-6e-05,3e-05,4
18526,-2e-05,-6e-05,-3e-05,-0.0001,-0.00041,-0.00015,-6e-05,3e-05,4
18527,-2e-05,-6e-05,-3e-05,-0.0001,-0.00041,-0.00015,-6e-05,3e-05,4
18528,-2e-05,-6e-05,-3e-05,-0.0001,-0.00041,-0.00015,-6e-05,3e-05,4
18529,-2e-05,-6e-05,-3e-05,-0.0001,-0.00041,-0.00015,-6e-05,3e-05,4
18530,-2e-05,-6e-05,-3e-05,-0.0001,-0.00041,-0.00015,-6e-05,3e-05,4
18531,-2e-05,-6e-05,-3e-05,-0.0001,-0.00041,-0.00015,-6e-05,3e-05,4
18532,-2e-05,-6e-05,-3e-05,-0.0001,-0.00041,-0.00015,-6e-05,3e-05,4
18533,-2e-05,-6e-05,-3e-05,-0.0001,-0.00041,-0.00015,-6e-05,3e-05,4
18534,-2e-05,-6e-05,-3e-05,-0.0001,-0.00041,-0.00015,-6e-05,3e-05,4
18535,-2e-05,-6e-05,-3e-05,-0.0001,-0.00041,-0.00015,-6e-05,3e-05,4
18536,-2e-05,-6e-05,-3e-05,-0.0001,-0.00041,-0.00015,-6e-05,3e-05,4
18539,-2e-05,-6e-05,-3e-05,-0.0001,-0.00041,-0.00015,-6e-05,3e-05,4
18540,-2e-05,-6e-05,-3e-05,-0.0001,-0.00041,-0.00015,-6e-05,3e-05,4
18541,-2e-05,-6e-05,-3e-05,-0.0001,-0.00041,-0.00015,-6e-05,3e-05,4
18542,-0.00013,-0.00019,-0.00028,-0.00029,-0.00062,-0.0008,-0.00017,-8e-05,4
18543,-7e-05,-7e-05,-0.00011,0.0001,-0.00042,-0.00027,-0.00022,-7e-05,4
18544,-7e-05,-7e-05,-0.00011,0.0001,-0.00042,-0.00027,-0.00022,-7e-05,4
18545,-7e-05,-7e-05,-0.00011,0.0001,-0.00042,-0.00027,-0.00022,-7e-05,4
18546,-7e-05,-7e-05,-0.00011,0.0001,-0.00042,-0.00027,-0.00022,-7e-05,4
18547,-7e-05,-7e-05,-0.00011,0.0001,-0.00042,-0.00027,-0.00022,-7e-05,4
18548,-7e-05,-7e-05,-0.00011,0.0001,-0.00042,-0.00027,-0.00022,-7e-05,4
18549,-7e-05,-7e-05,-0.00011,0.0001,-0.00042,-0.00027,-0.00022,-7e-05,0
18550,-7e-05,-7e-05,-0.00011,0.0001,-0.00042,-0.00027,-0.00022,-7e-05,0
18551,-7e-05,-7e-05,-0.00011,0.0001,-0.00042,-0.00027,-0.00022,-7e-05,0
18552,-7e-05,-7e-05,-0.00011,0.0001,-0.00042,-0.00027,-0.00022,-7e-05,0
18553,-7e-05,-7e-05,-0.00011,0.0001,-0.00042,-0.00027,-0.00022,-7e-05,0
18554,-7e-05,-7e-05,-0.00011,0.0001,-0.00042,-0.00027,-0.00022,-7e-05,0
18555,-7e-05,-7e-05,-0.00011,0.0001,-0.00042,-0.00027,-0.00022,-7e-05,0
18556,-7e-05,-7e-05,-0.00011,0.0001,-0.00042,-0.00027,-0.00022,-7e-05,0
18557,-1e-05,-5e-05,-0.0001,-0.0005,-0.0011,-0.00035,-6e-05,-1e-05,0
18558,8e-05,0.00013,0.0002,0.00037,0.00094,0.00028,0.00017,-4e-05,0
18559,8e-05,0.00013,0.0002,0.00037,0.00094,0.00028,0.00017,-4e-05,0
18560,8e-05,0.00013,0.0002,0.00037,0.00094,0.00028,0.00017,-4e-05,0
18561,8e-05,0.00013,0.0002,0.00037,0.00094,0.00028,0.00017,-4e-05,0
18562,8e-05,0.00013,0.0002,0.00037,0.00094,0.00028,0.00017,-4e-05,0
18563,8e-05,0.00013,0.0002,0.00037,0.00094,0.00028,0.00017,-4e-05,0
18564,8e-05,0.00013,0.0002,0.00037,0.00094,0.00028,0.00017,-4e-05,0
18565,8e-05,0.00013,0.0002,0.00037,0.00094,0.00028,0.00017,-4e-05,0
18566,8e-05,0.00013,0.0002,0.00037,0.00094,0.00028,0.00017,-4e-05,0
18567,8e-05,0.00013,0.0002,0.00037,0.00094,0.00028,0.00017,-4e-05,0
18568,8e-05,0.00013,0.0002,0.00037,0.00094,0.00028,0.00017,-4e-05,0
18569,8e-05,0.00013,0.0002,0.00037,0.00094,0.00028,0.00017,-4e-05,0
18570,8e-05,0.00013,0.0002,0.00037,0.00094,0.00028,0.00017,-4e-05,0
18571,8e-05,0.00013,0.0002,0.00037,0.00094,0.00028,0.00017,-4e-05,0
18572,8e-05,0.00013,0.0002,0.00037,0.00094,0.00028,0.00017,-4e-05,0
18573,8e-05,0.00013,0.0002,0.00037,0.00094,0.00028,0.00017,-4e-05,0
18574,8e-05,0.00013,0.0002,0.00037,0.00094,0.00028,0.00017,-4e-05,0
18575,8e-05,0.00013,0.0002,0.00037,0.00094,0.00028,0.00017,-4e-05,0
18576,8e-05,0.00013,0.0002,0.00037,0.00094,0.00028,0.00017,-4e-05,0
18577,8e-05,0.00013,0.0002,0.00037,0.00094,0.00028,0.00017,-4e-05,0
18578,8e-05,0.00013,0.0002,0.00037,0.00094,0.00028,0.00017,-4e-05,0
18579,8e-05,0.00013,0.0002,0.00037,0.00094,0.00028,0.00017,-4e-05,0
18580,8e-05,0.00013,0.0002,0.00037,0.00094,0.00028,0.00017,-4e-05,0
18581,8e-05,0.00013,0.0002,0.00037,0.00094,0.00028,0.00017,-4e-05,0
18582,8e-05,0.00013,0.0002,0.00037,0.00094,0.00028,0.00017,-4e-05,0
18583,8e-05,0.00013,0.0002,0.00037,0.00094,0.00028,0.00017,-4e-05,0
18584,8e-05,0.00013,0.0002,0.00037,0.00094,0.00028,0.00017,-4e-05,0
18585,8e-05,0.00013,0.0002,0.00037,0.00094,0.00028,0.00017,-4e-05,0
18586,8e-05,0.00013,0.0002,0.00037,0.00094,0.00028,0.00017,-4e-05,0
18589,0.0,1e-05,5e-05,7e-05,0.00014,-5e-05,-0.0001,-2e-05,0
18590,0.0,1e-05,5e-05,7e-05,0.00014,-5e-05,-0.0001,-2e-05,0
18591,0.0,1e-05,5e-05,7e-05,0.00014,-5e-05,-0.0001,-2e-05,0
18592,0.0,1e-05,5e-05,7e-05,0.00014,-5e-05,-0.0001,-2e-05,0
18593,0.0,1e-05,5e-05,7e-05,0.00014,-5e-05,-0.0001,-2e-05,0
18594,0.0,1e-05,5e-05,7e-05,0.00014,-5e-05,-0.0001,-2e-05,0
18595,0.0,1e-05,5e-05,7e-05,0.00014,-5e-05,-0.0001,-2e-05,0
18596,0.0,1e-05,5e-05,7e-05,0.00014,-5e-05,-0.0001,-2e-05,0
18597,0.0,1e-05,5e-05,7e-05,0.00014,-5e-05,-0.0001,-2e-05,0
18598,0.0,1e-05,5e-05,7e-05,0.00014,-5e-05,-0.0001,-2e-05,0
18599,0.0,1e-05,5e-05,7e-05,0.00014,-5e-05,-0.0001,-2e-05,0
18600,0.0,1e-05,5e-05,7e-05,0.00014,-5e-05,-0.0001,-2e-05,0
18601,0.0,1e-05,5e-05,7e-05,0.00014,-5e-05,-0.0001,-2e-05,0
18602,0.0,1e-05,5e-05,7e-05,0.00014,-5e-05,-0.0001,-2e-05,0
18603,-2e-05,-2e-05,-2e-05,-0.00031,-0.00065,0.00021,6e-05,5e-05,0
18604,-2e-05,-2e-05,-2e-05,-0.00031,-0.00065,0.00021,6e-05,5e-05,0
18605,-2e-05,-2e-05,-2e-05,-0.00031,-0.00065,0.00021,6e-05,5e-05,0
18606,-2e-05,-2e-05,-2e-05,-0.00031,-0.00065,0.00021,6e-05,5e-05,0
18607,-2e-05,-2e-05,-2e-05,-0.00031,-0.00065,0.00021,6e-05,5e-05,0
18608,-2e-05,-2e-05,-2e-05,-0.00031,-0.00065,0.00021,6e-05,5e-05,0
18609,-2e-05,-2e-05,-2e-05,-0.00031,-0.00065,0.00021,6e-05,5e-05,0
18610,-2e-05,-2e-05,-2e-05,-0.00031,-0.00065,0.00021,6e-05,5e-05,0
18611,-2e-05,-2e-05,-2e-05,-0.00031,-0.00065,0.00021,6e-05,5e-05,0
18612,-2e-05,-2e-05,-2e-05,-0.00031,-0.00065,0.00021,6e-05,5e-05,0
18613,-2e-05,-2e-05,-2e-05,-0.00031,-0.00065,0.00021,6e-05,5e-05,0
18614,-2e-05,-2e-05,-2e-05,-0.00031,-0.00065,0.00021,6e-05,5e-05,0
18615,-2e-05,-2e-05,-2e-05,-0.00031,-0.00065,0.00021,6e-05,5e-05,0
18616,-2e-05,-2e-05,-2e-05,-0.00031,-0.00065,0.00021,6e-05,5e-05,0
18617,-0.0001,-0.00017,-0.00025,-0.00037,6e-05,-0.00091,-0.00018,0.00013,0
18618,0.0,7e-05,7e-05,0.0,-0.00045,0.00017,-8e-05,-0.00039,0
18619,0.0,7e-05,7e-05,0.0,-0.00045,0.00017,-8e-05,-0.00039,0
18620,0.0,7e-05,7e-05,0.0,-0.00045,0.00017,-8e-05,-0.00039,0
18621,0.0,7e-05,7e-05,0.0,-0.00045,0.00017,-8e-05,-0.00039,0
18622,0.0,7e-05,7e-05,0.0,-0.00045,0.00017,-8e-05,-0.00039,0
18623,0.0,7e-05,7e-05,0.0,-0.00045,0.00017,-8e-05,-0.00039,0
18624,0.0,7e-05,7e-05,0.0,-0.00045,0.00017,-8e-05,-0.00039,0
18625,0.0,7e-05,7e-05,0.0,-0.00045,0.00017,-8e-05,-0.00039,0
18626,0.0,7e-05,7e-05,0.0,-0.00045,0.00017,-8e-05,-0.00039,0
18627,0.0,7e-05,7e-05,0.0,-0.00045,0.00017,-8e-05,-0.00039,0
18628,0.0,7e-05,7e-05,0.0,-0.00045,0.00017,-8e-05,-0.00039,0
18629,0.0,7e-05,7e-05,0.0,-0.00045,0.00017,-8e-05,-0.00039,0
18630,0.0,7e-05,7e-05,0.0,-0.00045,0.00017,-8e-05,-0.00039,0
18631,0.0,7e-05,7e-05,0.0,-0.00045,0.00017,-8e-05,-0.00039,0
18632,0.0,7e-05,7e-05,0.0,-0.00045,0.00017,-8e-05,-0.00039,0
18633,0.0,7e-05,7e-05,0.0,-0.00045,0.00017,-8e-05,-0.00039,0
18634,0.0,7e-05,7e-05,0.0,-0.00045,0.00017,-8e-05,-0.00039,0
18635,0.0,7e-05,7e-05,0.0,-0.00045,0.00017,-8e-05,-0.00039,0
18636,0.0,7e-05,7e-05,0.0,-0.00045,0.00017,-8e-05,-0.00039,0
18639,0.0,7e-05,7e-05,0.0,-0.00045,0.00017,-8e-05,-0.00039,0
18640,0.0,-2e-05,-7e-05,-0.00057,-0.00011,0.00022,9e-05,6e-05,0
18641,5e-05,6e-05,9e-05,0.00033,0.0008,0.00013,0.00011,0.00021,0
18642,5e-05,6e-05,9e-05,0.00033,0.0008,0.00013,0.00011,0.00021,0
18643,5e-05,6e-05,9e-05,0.00033,0.0008,0.00013,0.00011,0.00021,0
18644,5e-05,6e-05,9e-05,0.00033,0.0008,0.00013,0.00011,0.00021,0
18645,5e-05,6e-05,9e-05,0.00033,0.0008,0.00013,0.00011,0.00021,0
18646,5e-05,6e-05,9e-05,0.00033,0.0008,0.00013,0.00011,0.00021,0
18647,5e-05,6e-05,9e-05,0.00033,0.0008,0.00013,0.00011,0.00021,0
18648,5e-05,6e-05,9e-05,0.00033,0.0008,0.00013,0.00011,0.00021,0
18649,5e-05,6e-05,9e-05,0.00033,0.0008,0.00013,0.00011,0.00021,0
18650,5e-05,6e-05,9e-05,0.00033,0.0008,0.00013,0.00011,0.00021,0
18651,5e-05,6e-05,9e-05,0.00033,0.0008,0.00013,0.00011,0.00021,0
18652,5e-05,6e-05,9e-05,0.00033,0.0008,0.00013,0.00011,0.00021,0
18653,5e-05,6e-05,9e-05,0.00033,0.0008,0.00013,0.00011,0.00021,0
18654,5e-05,6e-05,9e-05,0.00033,0.0008,0.00013,0.00011,0.00021,0
18655,5e-05,6e-05,9e-05,0.00033,0.0008,0.00013,0.00011,0.00021,0
18656,5e-05,6e-05,9e-05,0.00033,0.0008,0.00013,0.00011,0.00021,0
18657,5e-05,6e-05,9e-05,0.00033,0.0008,0.00013,0.00011,0.00021,0
18658,5e-05,6e-05,9e-05,0.00033,0.0008,0.00013,0.00011,0.00021,0
18659,5e-05,6e-05,9e-05,0.00033,0.0008,0.00013,0.00011,0.00021,0
18660,5e-05,6e-05,9e-05,0.00033,0.0008,0.00013,0.00011,0.00021,0
18661,5e-05,6e-05,9e-05,0.00033,0.0008,0.00013,0.00011,0.00021,0
18662,-6e-05,-0.00015,-0.00025,-0.00069,-0.00069,-0.0001,-0.00016,4e-05,0
18663,2e-05,7e-05,8e-05,0.0003,0.00058,-0.0001,-0.00018,3e-05,0
18664,2e-05,7e-05,8e-05,0.0003,0.00058,-0.0001,-0.00018,3e-05,0
18665,2e-05,7e-05,8e-05,0.0003,0.00058,-0.0001,-0.00018,3e-05,0
18666,2e-05,7e-05,8e-05,0.0003,0.00058,-0.0001,-0.00018,3e-05,0
18667,2e-05,7e-05,8e-05,0.0003,0.00058,-0.0001,-0.00018,3e-05,0
18668,2e-05,7e-05,8e-05,0.0003,0.00058,-0.0001,-0.00018,3e-05,0
18669,2e-05,7e-05,8e-05,0.0003,0.00058,-0.0001,-0.00018,3e-05,0
18670,2e-05,7e-05,8e-05,0.0003,0.00058,-0.0001,-0.00018,3e-05,0
18671,2e-05,7e-05,8e-05,0.0003,0.00058,-0.0001,-0.00018,3e-05,0
18672,2e-05,7e-05,8e-05,0.0003,0.00058,-0.0001,-0.00018,3e-05,0
18673,2e-05,7e-05,8e-05,0.0003,0.00058,-0.0001,-0.00018,3e-05,0
18674,2e-05,7e-05,8e-05,0.0003,0.00058,-0.0001,-0.00018,3e-05,0
18675,2e-05,7e-05,8e-05,0.0003,0.00058,-0.0001,-0.00018,3e-05,0
18676,2e-05,7e-05,8e-05,0.0003,0.00058,-0.0001,-0.00018,3e-05,0
18677,-3e-05,-1e-05,-2e-05,0.0001,0.00101,0.00083,0.00017,-7e-05,0
18678,-4e-05,-3e-05,0.0,-0.00016,-0.00106,-0.0006,-0.00012,-0.00032,0
18679,-4e-05,-3e-05,0.0,-0.00016,-0.00106,-0.0006,-0.00012,-0.00032,0
18680,-4e-05,-3e-05,0.0,-0.00016,-0.00106,-0.0006,-0.00012,-0.00032,0
18681,-4e-05,-3e-05,0.0,-0.00016,-0.00106,-0.0006,-0.00012,-0.00032,0
18682,-4e-05,-3e-05,0.0,-0.00016,-0.00106,-0.0006,-0.00012,-0.00032,0
18683,-4e-05,-3e-05,0.0,-0.00016,-0.00106,-0.0006,-0.00012,-0.00032,0
18684,-4e-05,-3e-05,0.0,-0.00016,-0.00106,-0.0006,-0.00012,-0.00032,0
18685,-4e-05,-3e-05,0.0,-0.00016,-0.00106,-0.0006,-0.00012,-0.00032,0
18686,-4e-05,-3e-05,0.0,-0.00016,-0.00106,-0.0006,-0.00012,-0.00032,0
18689,-4e-05,-3e-05,0.0,-0.00016,-0.00106,-0.0006,-0.00012,-0.00032,0
18690,-4e-05,-3e-05,0.0,-0.00016,-0.00106,-0.0006,-0.00012,-0.00032,0
18691,-4e-05,-3e-05,0.0,-0.00016,-0.00106,-0.0006,-0.00012,-0.00032,0
18692,-4e-05,-3e-05,0.0,-0.00016,-0.00106,-0.0006,-0.00012,-0.00032,0
18693,-4e-05,-3e-05,0.0,-0.00016,-0.00106,-0.0006,-0.00012,-0.00032,0
18694,-4e-05,-3e-05,0.0,-0.00016,-0.00106,-0.0006,-0.00012,-0.00032,0
18695,-4e-05,-3e-05,0.0,-0.00016,-0.00106,-0.0006,-0.00012,-0.00032,0
18696,-4e-05,-3e-05,0.0,-0.00016,-0.00106,-0.0006,-0.00012,-0.00032,0
18697,-4e-05,-3e-05,0.0,-0.00016,-0.00106,-0.0006,-0.00012,-0.00032,0
18698,-4e-05,-3e-05,0.0,-0.00016,-0.00106,-0.0006,-0.00012,-0.00032,0
18699,1e-05,-3e-05,-8e-05,-5e-05,-0.00046,-0.00015,-0.0002,-0.00018,0
18700,-5e-05,-9e-05,-0.00012,-0.00015,-0.00108,-0.00017,3e-05,7e-05,0
18701,-5e-05,-9e-05,-0.00012,-0.00015,-0.00108,-0.00017,3e-05,7e-05,0
18702,-5e-05,-9e-05,-0.00012,-0.00015,-0.00108,-0.00017,3e-05,7e-05,0
18703,-5e-05,-9e-05,-0.00012,-0.00015,-0.00108,-0.00017,3e-05,7e-05,0
18704,-5e-05,-9e-05,-0.00012,-0.00015,-0.00108,-0.00017,3e-05,7e-05,0
18705,-5e-05,-9e-05,-0.00012,-0.00015,-0.00108,-0.00017,3e-05,7e-05,0
18706,-5e-05,-9e-05,-0.00012,-0.00015,-0.00108,-0.00017,3e-05,7e-05,0
18707,-5e-05,-9e-05,-0.00012,-0.00015,-0.00108,-0.00017,3e-05,7e-05,0
18708,-5e-05,-9e-05,-0.00012,-0.00015,-0.00108,-0.00017,3e-05,7e-05,0
18709,-5e-05,-9e-05,-0.00012,-0.00015,-0.00108,-0.00017,3e-05,7e-05,0
18710,-5e-05,-9e-05,-0.00012,-0.00015,-0.00108,-0.00017,3e-05,7e-05,0
18711,-5e-05,-9e-05,-0.00012,-0.00015,-0.00108,-0.00017,3e-05,7e-05,0
18712,-5e-05,-9e-05,-0.00012,-0.00015,-0.00108,-0.00017,3e-05,7e-05,0
18713,-5e-05,-9e-05,-0.00012,-0.00015,-0.00108,-0.00017,3e-05,7e-05,0
18714,-5e-05,-9e-05,-0.00012,-0.00015,-0.00108,-0.00017,3e-05,7e-05,0
18715,-5e-05,-9e-05,-0.00012,-0.00015,-0.00108,-0.00017,3e-05,7e-05,0
18716,-5e-05,-9e-05,-0.00012,-0.00015,-0.00108,-0.00017,3e-05,7e-05,0
18717,-5e-05,-9e-05,-0.00012,-0.00015,-0.00108,-0.00017,3e-05,7e-05,0
18718,-5e-05,-9e-05,-0.00012,-0.00015,-0.00108,-0.00017,3e-05,7e-05,0
18719,-5e-05,-9e-05,-0.00012,-0.00015,-0.00108,-0.00017,3e-05,7e-05,0
18720,-5e-05,-9e-05,-0.00012,-0.00015,-0.00108,-0.00017,3e-05,7e-05,0
18721,-5e-05,-9e-05,-0.00012,-0.00015,-0.00108,-0.00017,3e-05,7e-05,0
18722,-1e-05,-4e-05,-4e-05,-0.00013,0.0001,-0.0004,-3e-05,-0.00029,0
18723,-3e-05,-3e-05,-8e-05,-0.00019,-0.0002,-0.00059,-0.00022,2e-05,0
18724,-3e-05,-3e-05,-8e-05,-0.00019,-0.0002,-0.00059,-0.00022,2e-05,0
18725,-3e-05,-3e-05,-8e-05,-0.00019,-0.0002,-0.00059,-0.00022,2e-05,0
18726,-3e-05,-3e-05,-8e-05,-0.00019,-0.0002,-0.00059,-0.00022,2e-05,0
18727,-3e-05,-3e-05,-8e-05,-0.00019,-0.0002,-0.00059,-0.00022,2e-05,0
18728,-3e-05,-3e-05,-8e-05,-0.00019,-0.0002,-0.00059,-0.00022,2e-05,0
18729,-3e-05,-3e-05,-8e-05,-0.00019,-0.0002,-0.00059,-0.00022,2e-05,0
18730,-3e-05,-3e-05,-8e-05,-0.00019,-0.0002,-0.00059,-0.00022,2e-05,0
18731,-3e-05,-3e-05,-8e-05,-0.00019,-0.0002,-0.00059,-0.00022,2e-05,0
18732,-3e-05,-3e-05,-8e-05,-0.00019,-0.0002,-0.00059,-0.00022,2e-05,0
18733,-3e-05,-3e-05,-8e-05,-0.00019,-0.0002,-0.00059,-0.00022,2e-05,0
18734,-3e-05,-3e-05,-8e-05,-0.00019,-0.0002,-0.00059,-0.00022,2e-05,0
18735,-3e-05,-3e-05,-8e-05,-0.00019,-0.0002,-0.00059,-0.00022,2e-05,0
18736,-3e-05,-3e-05,-8e-05,-0.00019,-0.0002,-0.00059,-0.00022,2e-05,0
18739,-3e-05,-3e-05,-8e-05,-0.00019,-0.0002,-0.00059,-0.00022,2e-05,0
18740,-3e-05,-3e-05,-8e-05,-0.00019,-0.0002,-0.00059,-0.00022,2e-05,0
18741,-3e-05,-3e-05,-8e-05,-0.00019,-0.0002,-0.00059,-0.00022,2e-05,0
18742,-3e-05,-3e-05,-8e-05,-0.00019,-0.0002,-0.00059,-0.00022,2e-05,0
18743,-3e-05,-3e-05,-8e-05,-0.00019,-0.0002,-0.00059,-0.00022,2e-05,0
18744,-3e-05,-3e-05,-8e-05,-0.00019,-0.0002,-0.00059,-0.00022,2e-05,0
18745,-8e-05,-0.00011,-0.00016,-0.00011,-0.00086,-0.00034,-0.00026,-7e-05,0
18746,-8e-05,-0.00014,-0.00023,-0.0004,-9e-05,-0.00026,-7e-05,4e-05,0
18747,-8e-05,-0.00014,-0.00023,-0.0004,-9e-05,-0.00026,-7e-05,4e-05,0
18748,-8e-05,-0.00014,-0.00023,-0.0004,-9e-05,-0.00026,-7e-05,4e-05,0
18749,-8e-05,-0.00014,-0.00023,-0.0004,-9e-05,-0.00026,-7e-05,4e-05,0
18750,-8e-05,-0.00014,-0.00023,-0.0004,-9e-05,-0.00026,-7e-05,4e-05,0
18751,-8e-05,-0.00014,-0.00023,-0.0004,-9e-05,-0.00026,-7e-05,4e-05,0
18752,-8e-05,-0.00014,-0.00023,-0.0004,-9e-05,-0.00026,-7e-05,4e-05,0
18753,-8e-05,-0.00014,-0.00023,-0.0004,-9e-05,-0.00026,-7e-05,4e-05,0
18754,-8e-05,-0.00014,-0.00023,-0.0004,-9e-05,-0.00026,-7e-05,4e-05,0
18755,-8e-05,-0.00014,-0.00023,-0.0004,-9e-05,-0.00026,-7e-05,4e-05,0
18756,-8e-05,-0.00014,-0.00023,-0.0004,-9e-05,-0.00026,-7e-05,4e-05,0
18757,-8e-05,-0.00014,-0.00023,-0.0004,-9e-05,-0.00026,-7e-05,4e-05,0
18758,-8e-05,-0.00014,-0.00023,-0.0004,-9e-05,-0.00026,-7e-05,4e-05,0
18759,8e-05,9e-05,0.00011,0.00041,0.00014,-0.00022,-6e-05,-0.00015,0
18760,-6e-05,-0.00014,-0.00022,-0.00025,0.00022,-9e-05,6e-05,1e-05,0
18761,-6e-05,-0.00014,-0.00022,-0.00025,0.00022,-9e-05,6e-05,1e-05,0
18762,-6e-05,-0.00014,-0.00022,-0.00025,0.00022,-9e-05,6e-05,1e-05,0
18763,-6e-05,-0.00014,-0.00022,-0.00025,0.00022,-9e-05,6e-05,1e-05,0
18764,-6e-05,-0.00014,-0.00022,-0.00025,0.00022,-9e-05,6e-05,1e-05,0
18765,-6e-05,-0.00014,-0.00022,-0.00025,0.00022,-9e-05,6e-05,1e-05,0
18766,-6e-05,-0.00014,-0.00022,-0.00025,0.00022,-9e-05,6e-05,1e-05,0
18768,-6e-05,-0.00014,-0.00022,-0.00025,0.00022,-9e-05,6e-05,1e-05,0
18769,-6e-05,-0.00014,-0.00022,-0.00025,0.00022,-9e-05,6e-05,1e-05,0
18770,-6e-05,-0.00014,-0.00022,-0.00025,0.00022,-9e-05,6e-05,1e-05,0
18771,-6e-05,-0.00014,-0.00022,-0.00025,0.00022,-9e-05,6e-05,1e-05,0
18772,-6e-05,-0.00014,-0.00022,-0.00025,0.00022,-9e-05,6e-05,1e-05,0
18773,-6e-05,-0.00014,-0.00022,-0.00025,0.00022,-9e-05,6e-05,1e-05,0
18774,-6e-05,-0.00014,-0.00022,-0.00025,0.00022,-9e-05,6e-05,1e-05,0
18775,-6e-05,-0.00014,-0.00022,-0.00025,0.00022,-9e-05,6e-05,1e-05,0
18776,-6e-05,-0.00014,-0.00022,-0.00025,0.00022,-9e-05,6e-05,1e-05,0
18777,-6e-05,-0.00014,-0.00022,-0.00025,0.00022,-9e-05,6e-05,1e-05,0
18778,-6e-05,-0.00014,-0.00022,-0.00025,0.00022,-9e-05,6e-05,1e-05,0
18779,-6e-05,-0.00014,-0.00022,-0.00025,0.00022,-9e-05,6e-05,1e-05,0
18780,-6e-05,-0.00014,-0.00022,-0.00025,0.00022,-9e-05,6e-05,1e-05,0
18781,-6e-05,-0.00014,-0.00022,-0.00025,0.00022,-9e-05,6e-05,1e-05,0
18782,1e-05,2e-05,6e-05,0.00012,-0.00015,0.00078,0.00018,3e-05,0
18783,1e-05,-1e-05,-9e-05,-0.00071,-0.00074,-8e-05,-8e-05,5e-05,0
18784,1e-05,-1e-05,-9e-05,-0.00071,-0.00074,-8e-05,-8e-05,5e-05,0
18785,1e-05,-1e-05,-9e-05,-0.00071,-0.00074,-8e-05,-8e-05,5e-05,0
18786,1e-05,-1e-05,-9e-05,-0.00071,-0.00074,-8e-05,-8e-05,5e-05,0
18789,1e-05,-1e-05,-9e-05,-0.00071,-0.00074,-8e-05,-8e-05,5e-05,0
18790,1e-05,-1e-05,-9e-05,-0.00071,-0.00074,-8e-05,-8e-05,5e-05,0
18791,1e-05,-1e-05,-9e-05,-0.00071,-0.00074,-8e-05,-8e-05,5e-05,0
18792,1e-05,-1e-05,-9e-05,-0.00071,-0.00074,-8e-05,-8e-05,5e-05,0
18793,1e-05,-1e-05,-9e-05,-0.00071,-0.00074,-8e-05,-8e-05,5e-05,0
18794,1e-05,-1e-05,-9e-05,-0.00071,-0.00074,-8e-05,-8e-05,5e-05,0
18795,1e-05,-1e-05,-9e-05,-0.00071,-0.00074,-8e-05,-8e-05,5e-05,0
18796,1e-05,-1e-05,-9e-05,-0.00071,-0.00074,-8e-05,-8e-05,5e-05,0
18797,1e-05,-3e-05,-3e-05,-0.0001,-0.00014,0.00017,-3e-05,0.0002,0
18798,-9e-05,-9e-05,-0.00012,0.00022,0.00117,8e-05,3e-05,-0.0003,0
18799,-9e-05,-9e-05,-0.00012,0.00022,0.00117,8e-05,3e-05,-0.0003,0
18800,-9e-05,-9e-05,-0.00012,0.00022,0.00117,8e-05,3e-05,-0.0003,0
18801,-9e-05,-9e-05,-0.00012,0.00022,0.00117,8e-05,3e-05,-0.0003,0
18802,-9e-05,-9e-05,-0.00012,0.00022,0.00117,8e-05,3e-05,-0.0003,0
18803,-9e-05,-9e-05,-0.00012,0.00022,0.00117,8e-05,3e-05,-0.0003,0
18804,-9e-05,-9e-05,-0.00012,0.00022,0.00117,8e-05,3e-05,-0.0003,0
18805,-9e-05,-9e-05,-0.00012,0.00022,0.00117,8e-05,3e-05,-0.0003,0
18806,-9e-05,-9e-05,-0.00012,0.00022,0.00117,8e-05,3e-05,-0.0003,0
18807,-9e-05,-9e-05,-0.00012,0.00022,0.00117,8e-05,3e-05,-0.0003,0
18808,-9e-05,-9e-05,-0.00012,0.00022,0.00117,8e-05,3e-05,-0.0003,0
18809,-9e-05,-9e-05,-0.00012,0.00022,0.00117,8e-05,3e-05,-0.0003,0
18810,-9e-05,-9e-05,-0.00012,0.00022,0.00117,8e-05,3e-05,-0.0003,0
18811,-9e-05,-9e-05,-0.00012,0.00022,0.00117,8e-05,3e-05,-0.0003,0
18812,-9e-05,-9e-05,-0.00012,0.00022,0.00117,8e-05,3e-05,-0.0003,0
18813,-9e-05,-9e-05,-0.00012,0.00022,0.00117,8e-05,3e-05,-0.0003,0
18814,-9e-05,-9e-05,-0.00012,0.00022,0.00117,8e-05,3e-05,-0.0003,0
18815,-9e-05,-9e-05,-0.00012,0.00022,0.00117,8e-05,3e-05,-0.0003,0
18816,-9e-05,-9e-05,-0.00012,0.00022,0.00117,8e-05,3e-05,-0.0003,0
18817,-9e-05,-9e-05,-0.00012,0.00022,0.00117,8e-05,3e-05,-0.0003,0
18818,-9e-05,-9e-05,-0.00012,0.00022,0.00117,8e-05,3e-05,-0.0003,0
18819,-9e-05,-9e-05,-0.00012,0.00022,0.00117,8e-05,3e-05,-0.0003,0
18820,-9e-05,-9e-05,-0.00012,0.00022,0.00117,8e-05,3e-05,-0.0003,0
18821,-9e-05,-9e-05,-0.00012,0.00022,0.00117,8e-05,3e-05,-0.0003,0
18822,-9e-05,-9e-05,-0.00012,0.00022,0.00117,8e-05,3e-05,-0.0003,0
18823,-9e-05,-9e-05,-0.00012,0.00022,0.00117,8e-05,3e-05,-0.0003,0
18824,-9e-05,-9e-05,-0.00012,0.00022,0.00117,8e-05,3e-05,-0.0003,0
18825,-9e-05,-9e-05,-0.00012,0.00022,0.00117,8e-05,3e-05,-0.0003,0
18826,-9e-05,-9e-05,-0.00012,0.00022,0.00117,8e-05,3e-05,-0.0003,0
18827,1e-05,3e-05,2e-05,3e-05,0.00059,-3e-05,-0.00015,-0.00011,0
18828,-6e-05,-7e-05,-7e-05,-7e-05,-7e-05,-0.00024,-1e-05,0.00043,0
18829,-6e-05,-7e-05,-7e-05,-7e-05,-7e-05,-0.00024,-1e-05,0.00043,0
18830,-6e-05,-7e-05,-7e-05,-7e-05,-7e-05,-0.00024,-1e-05,0.00043,0
18831,-6e-05,-7e-05,-7e-05,-7e-05,-7e-05,-0.00024,-1e-05,0.00043,0
18832,-6e-05,-7e-05,-7e-05,-7e-05,-7e-05,-0.00024,-1e-05,0.00043,0
18833,-6e-05,-7e-05,-7e-05,-7e-05,-7e-05,-0.00024,-1e-05,0.00043,0
18834,-6e-05,-7e-05,-7e-05,-7e-05,-7e-05,-0.00024,-1e-05,0.00043,0
18835,-6e-05,-7e-05,-7e-05,-7e-05,-7e-05,-0.00024,-1e-05,0.00043,0
18837,-6e-05,-7e-05,-7e-05,-7e-05,-7e-05,-0.00024,-1e-05,0.00043,0
18840,-6e-05,-7e-05,-7e-05,-7e-05,-7e-05,-0.00024,-1e-05,0.00043,0
18841,-6e-05,-7e-05,-7e-05,-7e-05,-7e-05,-0.00024,-1e-05,0.00043,0
18842,-6e-05,-7e-05,-7e-05,-7e-05,-7e-05,-0.00024,-1e-05,0.00043,0
18843,-6e-05,-7e-05,-7e-05,-7e-05,-7e-05,-0.00024,-1e-05,0.00043,0
18844,-6e-05,-7e-05,-7e-05,-7e-05,-7e-05,-0.00024,-1e-05,0.00043,0
18845,-6e-05,-7e-05,-7e-05,-7e-05,-7e-05,-0.00024,-1e-05,0.00043,0
18846,-6e-05,-7e-05,-7e-05,-7e-05,-7e-05,-0.00024,-1e-05,0.00043,0
18847,-6e-05,-7e-05,-7e-05,-7e-05,-7e-05,-0.00024,-1e-05,0.00043,0
18848,-6e-05,-7e-05,-7e-05,-7e-05,-7e-05,-0.00024,-1e-05,0.00043,0
18849,-6e-05,-7e-05,-7e-05,-7e-05,-7e-05,-0.00024,-1e-05,0.00043,0
18850,-2e-05,2e-05,0.0,0.00013,0.00016,-0.00014,-0.00012,-0.00011,0
18851,0.0,2e-05,5e-05,0.00035,0.00048,9e-05,-0.00014,-0.00033,0
18852,0.0,2e-05,5e-05,0.00035,0.00048,9e-05,-0.00014,-0.00033,0
18853,0.0,2e-05,5e-05,0.00035,0.00048,9e-05,-0.00014,-0.00033,0
18854,0.0,2e-05,5e-05,0.00035,0.00048,9e-05,-0.00014,-0.00033,0
18855,0.0,2e-05,5e-05,0.00035,0.00048,9e-05,-0.00014,-0.00033,0
18856,0.0,2e-05,5e-05,0.00035,0.00048,9e-05,-0.00014,-0.00033,0
18857,0.0,2e-05,5e-05,0.00035,0.00048,9e-05,-0.00014,-0.00033,0
18858,0.0,2e-05,5e-05,0.00035,0.00048,9e-05,-0.00014,-0.00033,0
18859,0.0,2e-05,5e-05,0.00035,0.00048,9e-05,-0.00014,-0.00033,0
18860,0.0,2e-05,5e-05,0.00035,0.00048,9e-05,-0.00014,-0.00033,0
18861,0.0,2e-05,5e-05,0.00035,0.00048,9e-05,-0.00014,-0.00033,0
18862,0.0,2e-05,5e-05,0.00035,0.00048,9e-05,-0.00014,-0.00033,0
18863,0.0,2e-05,5e-05,0.00035,0.00048,9e-05,-0.00014,-0.00033,0
18864,0.0,2e-05,5e-05,0.00035,0.00048,9e-05,-0.00014,-0.00033,0
18865,-8e-05,-0.00014,-0.00019,-0.00018,-0.00032,0.00029,0.00012,9e-05,0
18866,3e-05,2e-05,0.00013,0.00062,-0.00102,-3e-05,5e-05,0.00011,0
18867,3e-05,2e-05,0.00013,0.00062,-0.00102,-3e-05,5e-05,0.00011,0
18868,3e-05,2e-05,0.00013,0.00062,-0.00102,-3e-05,5e-05,0.00011,0
18869,3e-05,2e-05,0.00013,0.00062,-0.00102,-3e-05,5e-05,0.00011,0
18870,3e-05,2e-05,0.00013,0.00062,-0.00102,-3e-05,5e-05,0.00011,0
18871,3e-05,2e-05,0.00013,0.00062,-0.00102,-3e-05,5e-05,0.00011,0
18872,3e-05,2e-05,0.00013,0.00062,-0.00102,-3e-05,5e-05,0.00011,0
18873,3e-05,2e-05,0.00013,0.00062,-0.00102,-3e-05,5e-05,0.00011,0
18875,3e-05,2e-05,0.00013,0.00062,-0.00102,-3e-05,5e-05,0.00011,0
18876,3e-05,2e-05,0.00013,0.00062,-0.00102,-3e-05,5e-05,0.00011,0
18877,3e-05,2e-05,0.00013,0.00062,-0.00102,-3e-05,5e-05,0.00011,0
18878,3e-05,2e-05,0.00013,0.00062,-0.00102,-3e-05,5e-05,0.00011,0
18879,-6e-05,-0.00013,-0.00015,-0.00024,-0.00093,-0.00018,-1e-05,-7e-05,0
18880,4e-05,5e-05,3e-05,-4e-05,-0.0001,0.00035,0.00011,2e-05,0
18881,4e-05,5e-05,3e-05,-4e-05,-0.0001,0.00035,0.00011,2e-05,0
18882,4e-05,5e-05,3e-05,-4e-05,-0.0001,0.00035,0.00011,2e-05,0
18883,4e-05,5e-05,3e-05,-4e-05,-0.0001,0.00035,0.00011,2e-05,0
18884,4e-05,5e-05,3e-05,-4e-05,-0.0001,0.00035,0.00011,2e-05,0
18885,4e-05,5e-05,3e-05,-4e-05,-0.0001,0.00035,0.00011,2e-05,0
18886,4e-05,5e-05,3e-05,-4e-05,-0.0001,0.00035,0.00011,2e-05,0
18889,4e-05,5e-05,3e-05,-4e-05,-0.0001,0.00035,0.00011,2e-05,0
18890,4e-05,5e-05,3e-05,-4e-05,-0.0001,0.00035,0.00011,2e-05,0
18891,4e-05,5e-05,3e-05,-4e-05,-0.0001,0.00035,0.00011,2e-05,0
18892,4e-05,5e-05,3e-05,-4e-05,-0.0001,0.00035,0.00011,2e-05,0
18893,4e-05,5e-05,3e-05,-4e-05,-0.0001,0.00035,0.00011,2e-05,0
18894,4e-05,5e-05,3e-05,-4e-05,-0.0001,0.00035,0.00011,2e-05,0
18895,4e-05,5e-05,3e-05,-4e-05,-0.0001,0.00035,0.00011,2e-05,0
18896,4e-05,5e-05,3e-05,-4e-05,-0.0001,0.00035,0.00011,2e-05,0
18897,4e-05,5e-05,3e-05,-4e-05,-0.0001,0.00035,0.00011,2e-05,0
18898,4e-05,5e-05,3e-05,-4e-05,-0.0001,0.00035,0.00011,2e-05,0
18899,4e-05,5e-05,3e-05,-4e-05,-0.0001,0.00035,0.00011,2e-05,0
18900,4e-05,5e-05,3e-05,-4e-05,-0.0001,0.00035,0.00011,2e-05,0
18901,4e-05,5e-05,3e-05,-4e-05,-0.0001,0.00035,0.00011,2e-05,0
18902,4e-05,5e-05,3e-05,-4e-05,-0.0001,0.00035,0.00011,2e-05,0
18903,-2e-05,-8e-05,-6e-05,-0.00013,-4e-05,-0.00031,-8e-05,0.0,0
18904,1e-05,2e-05,6e-05,-0.00014,3e-05,-3e-05,8e-05,0.0001,0
18905,1e-05,2e-05,6e-05,-0.00014,3e-05,-3e-05,8e-05,0.0001,0
18906,1e-05,2e-05,6e-05,-0.00014,3e-05,-3e-05,8e-05,0.0001,0
18907,1e-05,2e-05,6e-05,-0.00014,3e-05,-3e-05,8e-05,0.0001,0
18908,1e-05,2e-05,6e-05,-0.00014,3e-05,-3e-05,8e-05,0.0001,0
18909,1e-05,2e-05,6e-05,-0.00014,3e-05,-3e-05,8e-05,0.0001,0
18910,1e-05,2e-05,6e-05,-0.00014,3e-05,-3e-05,8e-05,0.0001,0
18911,1e-05,2e-05,6e-05,-0.00014,3e-05,-3e-05,8e-05,0.0001,0
18912,1e-05,2e-05,6e-05,-0.00014,3e-05,-3e-05,8e-05,0.0001,0
18913,1e-05,2e-05,6e-05,-0.00014,3e-05,-3e-05,8e-05,0.0001,0
18914,1e-05,2e-05,6e-05,-0.00014,3e-05,-3e-05,8e-05,0.0001,0
18915,1e-05,2e-05,6e-05,-0.00014,3e-05,-3e-05,8e-05,0.0001,0
18916,1e-05,2e-05,6e-05,-0.00014,3e-05,-3e-05,8e-05,0.0001,0
18917,-1e-05,3e-05,2e-05,2e-05,3e-05,9e-05,-1e-05,-3e-05,0
18918,1e-05,0.0,3e-05,6e-05,0.00031,0.00015,1e-05,-3e-05,0
18919,1e-05,0.0,3e-05,6e-05,0.00031,0.00015,1e-05,-3e-05,0
18920,1e-05,0.0,3e-05,6e-05,0.00031,0.00015,1e-05,-3e-05,0
18921,1e-05,0.0,3e-05,6e-05,0.00031,0.00015,1e-05,-3e-05,0
18922,1e-05,0.0,3e-05,6e-05,0.00031,0.00015,1e-05,-3e-05,0
18923,1e-05,0.0,3e-05,6e-05,0.00031,0.00015,1e-05,-3e-05,0
18924,1e-05,0.0,3e-05,6e-05,0.00031,0.00015,1e-05,-3e-05,0
18925,1e-05,0.0,3e-05,6e-05,0.00031,0.00015,1e-05,-3e-05,0
18926,1e-05,0.0,3e-05,6e-05,0.00031,0.00015,1e-05,-3e-05,0
18927,1e-05,0.0,3e-05,6e-05,0.00031,0.00015,1e-05,-3e-05,0
18928,1e-05,0.0,3e-05,6e-05,0.00031,0.00015,1e-05,-3e-05,0
18929,1e-05,0.0,3e-05,6e-05,0.00031,0.00015,1e-05,-3e-05,0
18930,1e-05,0.0,3e-05,6e-05,0.00031,0.00015,1e-05,-3e-05,0
18931,1e-05,0.0,3e-05,6e-05,0.00031,0.00015,1e-05,-3e-05,0
18932,1e-05,0.0,3e-05,6e-05,0.00031,0.00015,1e-05,-3e-05,0
18933,1e-05,0.0,3e-05,6e-05,0.00031,0.00015,1e-05,-3e-05,0
18934,1e-05,0.0,3e-05,6e-05,0.00031,0.00015,1e-05,-3e-05,0
18935,1e-05,0.0,3e-05,6e-05,0.00031,0.00015,1e-05,-3e-05,0
18936,1e-05,0.0,3e-05,6e-05,0.00031,0.00015,1e-05,-3e-05,0
18939,3e-05,5e-05,2e-05,0.00014,0.00093,-0.00035,8e-05,2e-05,0
18940,7e-05,0.00014,0.00018,0.00017,0.00025,0.00075,0.00022,6e-05,0
18941,7e-05,0.00014,0.00018,0.00017,0.00025,0.00075,0.00022,6e-05,0
18942,7e-05,0.00014,0.00018,0.00017,0.00025,0.00075,0.00022,6e-05,0
18943,7e-05,0.00014,0.00018,0.00017,0.00025,0.00075,0.00022,6e-05,0
18944,7e-05,0.00014,0.00018,0.00017,0.00025,0.00075,0.00022,6e-05,0
18945,7e-05,0.00014,0.00018,0.00017,0.00025,0.00075,0.00022,6e-05,0
18946,7e-05,0.00014,0.00018,0.00017,0.00025,0.00075,0.00022,6e-05,0
18947,7e-05,0.00014,0.00018,0.00017,0.00025,0.00075,0.00022,6e-05,0
18948,7e-05,0.00014,0.00018,0.00017,0.00025,0.00075,0.00022,6e-05,0
18949,7e-05,0.00014,0.00018,0.00017,0.00025,0.00075,0.00022,6e-05,0
18950,7e-05,0.00014,0.00018,0.00017,0.00025,0.00075,0.00022,6e-05,0
18951,7e-05,0.00014,0.00018,0.00017,0.00025,0.00075,0.00022,6e-05,0
18952,7e-05,0.00014,0.00018,0.00017,0.00025,0.00075,0.00022,6e-05,0
18953,7e-05,0.00014,0.00018,0.00017,0.00025,0.00075,0.00022,6e-05,0
18954,7e-05,0.00014,0.00018,0.00017,0.00025,0.00075,0.00022,6e-05,0
18955,7e-05,0.00014,0.00018,0.00017,0.00025,0.00075,0.00022,6e-05,0
18956,7e-05,0.00014,0.00018,0.00017,0.00025,0.00075,0.00022,6e-05,0
18957,7e-05,0.00014,0.00018,0.00017,0.00025,0.00075,0.00022,6e-05,0
18958,7e-05,0.00014,0.00018,0.00017,0.00025,0.00075,0.00022,6e-05,0
18959,7e-05,0.00014,0.00018,0.00017,0.00025,0.00075,0.00022,6e-05,0
18960,7e-05,0.00014,0.00018,0.00017,0.00025,0.00075,0.00022,6e-05,0
18961,7e-05,0.00014,0.00018,0.00017,0.00025,0.00075,0.00022,6e-05,0
18962,7e-05,0.00014,0.00018,0.00017,0.00025,0.00075,0.00022,6e-05,0
18963,7e-05,0.00014,0.00018,0.00017,0.00025,0.00075,0.00022,6e-05,0
18964,7e-05,0.00014,0.00018,0.00017,0.00025,0.00075,0.00022,6e-05,0
18965,7e-05,0.00014,0.00018,0.00017,0.00025,0.00075,0.00022,6e-05,0
18966,7e-05,0.00014,0.00018,0.00017,0.00025,0.00075,0.00022,6e-05,0
18967,7e-05,0.00014,0.00018,0.00017,0.00025,0.00075,0.00022,6e-05,0
18968,7e-05,0.00014,0.00018,0.00017,0.00025,0.00075,0.00022,6e-05,0
18969,7e-05,0.00014,0.00018,0.00017,0.00025,0.00075,0.00022,6e-05,0
18970,7e-05,0.00014,0.00018,0.00017,0.00025,0.00075,0.00022,6e-05,0
18971,7e-05,0.00014,0.00018,0.00017,0.00025,0.00075,0.00022,6e-05,0
18972,7e-05,0.00014,0.00018,0.00017,0.00025,0.00075,0.00022,6e-05,0
18973,7e-05,0.00014,0.00018,0.00017,0.00025,0.00075,0.00022,6e-05,0
18974,7e-05,0.00014,0.00018,0.00017,0.00025,0.00075,0.00022,6e-05,0
18975,7e-05,0.00014,0.00018,0.00017,0.00025,0.00075,0.00022,6e-05,0
18976,7e-05,0.00014,0.00018,0.00017,0.00025,0.00075,0.00022,6e-05,0
18977,7e-05,0.00014,0.00018,0.00017,0.00025,0.00075,0.00022,6e-05,0
18978,7e-05,0.00014,0.00018,0.00017,0.00025,0.00075,0.00022,6e-05,0
18979,7e-05,0.00014,0.00018,0.00017,0.00025,0.00075,0.00022,6e-05,0
18980,7e-05,0.00014,0.00018,0.00017,0.00025,0.00075,0.00022,6e-05,0
18981,7e-05,0.00014,0.00018,0.00017,0.00025,0.00075,0.00022,6e-05,0
18982,7e-05,0.00014,0.00018,0.00017,0.00025,0.00075,0.00022,6e-05,0
18983,7e-05,0.00014,0.00018,0.00017,0.00025,0.00075,0.00022,6e-05,0
18984,7e-05,0.00014,0.00018,0.00017,0.00025,0.00075,0.00022,6e-05,0
18985,7e-05,0.00014,0.00018,0.00017,0.00025,0.00075,0.00022,6e-05,0
18987,-5e-05,-9e-05,-0.00016,-0.00015,-0.00018,-0.00019,-2e-05,-2e-05,0
18990,1e-05,3e-05,7e-05,0.00033,0.0004,-0.00013,4e-05,-3e-05,0
18991,1e-05,3e-05,7e-05,0.00033,0.0004,-0.00013,4e-05,-3e-05,0
18992,1e-05,-1e-05,1e-05,6e-05,-0.00025,-1e-05,2e-05,0.0,0
18993,1e-05,-1e-05,1e-05,6e-05,-0.00025,-1e-05,2e-05,0.0,0
18994,1e-05,-1e-05,1e-05,6e-05,-0.00025,-1e-05,2e-05,0.0,0
18995,1e-05,-1e-05,1e-05,6e-05,-0.00025,-1e-05,2e-05,0.0,0
18996,1e-05,-1e-05,1e-05,6e-05,-0.00025,-1e-05,2e-05,0.0,0
18997,1e-05,-1e-05,1e-05,6e-05,-0.00025,-1e-05,2e-05,0.0,0
18998,1e-05,-1e-05,1e-05,6e-05,-0.00025,-1e-05,2e-05,0.0,0
18999,1e-05,-1e-05,1e-05,6e-05,-0.00025,-1e-05,2e-05,0.0,0
19000,1e-05,-1e-05,1e-05,6e-05,-0.00025,-1e-05,2e-05,0.0,0
19001,1e-05,-1e-05,1e-05,6e-05,-0.00025,-1e-05,2e-05,0.0,0
19002,1e-05,-1e-05,1e-05,6e-05,-0.00025,-1e-05,2e-05,0.0,0
19003,1e-05,-1e-05,1e-05,6e-05,-0.00025,-1e-05,2e-05,0.0,0
19004,1e-05,-1e-05,1e-05,6e-05,-0.00025,-1e-05,2e-05,0.0,0
19005,1e-05,-1e-05,1e-05,6e-05,-0.00025,-1e-05,2e-05,0.0,0
19006,1e-05,-1e-05,1e-05,6e-05,-0.00025,-1e-05,2e-05,0.0,0
19007,1e-05,-1e-05,1e-05,6e-05,-0.00025,-1e-05,2e-05,0.0,0
19008,1e-05,1e-05,5e-05,-9e-05,-0.00044,-0.00011,8e-05,-0.00011,0
19009,-3e-05,-4e-05,-3e-05,-3e-05,-0.00023,-0.00018,-2e-05,-2e-05,0
19010,-3e-05,-4e-05,-3e-05,-3e-05,-0.00023,-0.00018,-2e-05,-2e-05,0
19011,-3e-05,-4e-05,-3e-05,-3e-05,-0.00023,-0.00018,-2e-05,-2e-05,0
19012,-3e-05,-4e-05,-3e-05,-3e-05,-0.00023,-0.00018,-2e-05,-2e-05,0
19013,-3e-05,-4e-05,-3e-05,-3e-05,-0.00023,-0.00018,-2e-05,-2e-05,0
19014,-3e-05,-4e-05,-3e-05,-3e-05,-0.00023,-0.00018,-2e-05,-2e-05,0
19015,-3e-05,-4e-05,-3e-05,-3e-05,-0.00023,-0.00018,-2e-05,-2e-05,0
19016,-3e-05,-4e-05,-3e-05,-3e-05,-0.00023,-0.00018,-2e-05,-2e-05,0
19017,-3e-05,-4e-05,-3e-05,-3e-05,-0.00023,-0.00018,-2e-05,-2e-05,0
19018,-3e-05,-4e-05,-3e-05,-3e-05,-0.00023,-0.00018,-2e-05,-2e-05,0
19019,-3e-05,-4e-05,-3e-05,-3e-05,-0.00023,-0.00018,-2e-05,-2e-05,0
19020,-3e-05,-4e-05,-3e-05,-3e-05,-0.00023,-0.00018,-2e-05,-2e-05,0
19021,-3e-05,-4e-05,-3e-05,-3e-05,-0.00023,-0.00018,-2e-05,-2e-05,0
19022,-3e-05,-4e-05,-3e-05,-3e-05,-0.00023,-0.00018,-2e-05,-2e-05,0
19023,-2e-05,1e-05,-2e-05,-0.00027,0.00023,1e-05,5e-05,-0.00017,0
19024,0.0,0.0,1e-05,9e-05,0.00014,-0.00013,-2e-05,-3e-05,0
19025,0.0,0.0,1e-05,9e-05,0.00014,-0.00013,-2e-05,-3e-05,0
19026,0.0,0.0,1e-05,9e-05,0.00014,-0.00013,-2e-05,-3e-05,0
19027,0.0,0.0,1e-05,9e-05,0.00014,-0.00013,-2e-05,-3e-05,0
19028,0.0,0.0,1e-05,9e-05,0.00014,-0.00013,-2e-05,-3e-05,0
19029,0.0,0.0,1e-05,9e-05,0.00014,-0.00013,-2e-05,-3e-05,0
19030,0.0,0.0,1e-05,9e-05,0.00014,-0.00013,-2e-05,-3e-05,0
19031,0.0,0.0,1e-05,9e-05,0.00014,-0.00013,-2e-05,-3e-05,0
19032,0.0,0.0,1e-05,9e-05,0.00014,-0.00013,-2e-05,-3e-05,0
19033,0.0,0.0,1e-05,9e-05,0.00014,-0.00013,-2e-05,-3e-05,0
19034,0.0,0.0,1e-05,9e-05,0.00014,-0.00013,-2e-05,-3e-05,0
19035,0.0,0.0,1e-05,9e-05,0.00014,-0.00013,-2e-05,-3e-05,0
19037,1e-05,-1e-05,1e-05,5e-05,-0.00012,0.00023,-1e-05,7e-05,0
19040,1e-05,-1e-05,1e-05,5e-05,-0.00012,0.00023,-1e-05,7e-05,0
19041,1e-05,-1e-05,1e-05,5e-05,-0.00012,0.00023,-1e-05,7e-05,0
19042,1e-05,-1e-05,1e-05,5e-05,-0.00012,0.00023,-1e-05,7e-05,0
19043,1e-05,-1e-05,1e-05,5e-05,-0.00012,0.00023,-1e-05,7e-05,0
19044,1e-05,-1e-05,1e-05,5e-05,-0.00012,0.00023,-1e-05,7e-05,0
19045,-5e-05,-2e-05,1e-05,0.0001,0.00014,-0.0004,-4e-05,-0.00012,0
19046,-5e-05,-2e-05,1e-05,0.0001,0.00014,-0.0004,-4e-05,-0.00012,0
19047,-5e-05,-2e-05,1e-05,0.0001,0.00014,-0.0004,-4e-05,-0.00012,0
19048,-5e-05,-2e-05,1e-05,0.0001,0.00014,-0.0004,-4e-05,-0.00012,0
19049,-5e-05,-2e-05,1e-05,0.0001,0.00014,-0.0004,-4e-05,-0.00012,0
19050,-5e-05,-2e-05,1e-05,0.0001,0.00014,-0.0004,-4e-05,-0.00012,0
19051,-5e-05,-2e-05,1e-05,0.0001,0.00014,-0.0004,-4e-05,-0.00012,0
19052,-5e-05,-2e-05,1e-05,0.0001,0.00014,-0.0004,-4e-05,-0.00012,0
19053,-5e-05,-2e-05,1e-05,0.0001,0.00014,-0.0004,-4e-05,-0.00012,0
19054,-5e-05,-2e-05,1e-05,0.0001,0.00014,-0.0004,-4e-05,-0.00012,0
19055,-5e-05,-2e-05,1e-05,0.0001,0.00014,-0.0004,-4e-05,-0.00012,0
19056,-5e-05,-2e-05,1e-05,0.0001,0.00014,-0.0004,-4e-05,-0.00012,0
19057,-5e-05,-2e-05,1e-05,0.0001,0.00014,-0.0004,-4e-05,-0.00012,0
19058,-5e-05,-2e-05,1e-05,0.0001,0.00014,-0.0004,-4e-05,-0.00012,0
19059,0.0,2e-05,6e-05,2e-05,0.00018,-5e-05,-6e-05,6e-05,0
19060,-3e-05,-8e-05,-0.0001,-9e-05,-1e-05,7e-05,1e-05,3e-05,0
19062,-3e-05,-8e-05,-0.0001,-9e-05,-1e-05,7e-05,1e-05,3e-05,0
19064,-3e-05,-8e-05,-0.0001,-9e-05,-1e-05,7e-05,1e-05,3e-05,0
19065,-3e-05,-8e-05,-0.0001,-9e-05,-1e-05,7e-05,1e-05,3e-05,0
19066,-3e-05,-8e-05,-0.0001,-9e-05,-1e-05,7e-05,1e-05,3e-05,0
19067,-3e-05,-8e-05,-0.0001,-9e-05,-1e-05,7e-05,1e-05,3e-05,0
19068,-3e-05,-8e-05,-0.0001,-9e-05,-1e-05,7e-05,1e-05,3e-05,0
19069,-3e-05,-8e-05,-0.0001,-9e-05,-1e-05,7e-05,1e-05,3e-05,0
19070,-3e-05,-8e-05,-0.0001,-9e-05,-1e-05,7e-05,1e-05,3e-05,0
19071,-3e-05,-8e-05,-0.0001,-9e-05,-1e-05,7e-05,1e-05,3e-05,0
19072,-3e-05,-8e-05,-0.0001,-9e-05,-1e-05,7e-05,1e-05,3e-05,0
19073,-3e-05,-8e-05,-0.0001,-9e-05,-1e-05,7e-05,1e-05,3e-05,0
19074,-3e-05,-8e-05,-0.0001,-9e-05,-1e-05,7e-05,1e-05,3e-05,0
19075,-3e-05,-8e-05,-0.0001,-9e-05,-1e-05,7e-05,1e-05,3e-05,0
19076,-3e-05,-8e-05,-0.0001,-9e-05,-1e-05,7e-05,1e-05,3e-05,0
19077,-3e-05,-8e-05,-0.0001,-9e-05,-1e-05,7e-05,1e-05,3e-05,0
19078,-3e-05,-8e-05,-0.0001,-9e-05,-1e-05,7e-05,1e-05,3e-05,0
19079,-3e-05,-8e-05,-0.0001,-9e-05,-1e-05,7e-05,1e-05,3e-05,0
19080,-3e-05,-8e-05,-0.0001,-9e-05,-1e-05,7e-05,1e-05,3e-05,0
19081,-3e-05,-8e-05,-0.0001,-9e-05,-1e-05,7e-05,1e-05,3e-05,0
19082,-3e-05,-8e-05,-0.0001,-9e-05,-1e-05,7e-05,1e-05,3e-05,0
19083,-3e-05,-8e-05,-0.0001,-9e-05,-1e-05,7e-05,1e-05,3e-05,0
19084,-3e-05,-8e-05,-0.0001,-9e-05,-1e-05,7e-05,1e-05,3e-05,0
19085,-3e-05,-8e-05,-0.0001,-9e-05,-1e-05,7e-05,1e-05,3e-05,0
19086,-3e-05,-8e-05,-0.0001,-9e-05,-1e-05,7e-05,1e-05,3e-05,0
19089,-3e-05,-8e-05,-0.0001,-9e-05,-1e-05,7e-05,1e-05,3e-05,0
19090,-1e-05,0.0,0.0,-1e-05,-6e-05,1e-05,-8e-05,2e-05,0
19091,0.0,-2e-05,-1e-05,3e-05,-5e-05,-5e-05,-4e-05,-2e-05,0
19092,0.0,-2e-05,-1e-05,3e-05,-5e-05,-5e-05,-4e-05,-2e-05,0
19093,0.0,-2e-05,-1e-05,3e-05,-5e-05,-5e-05,-4e-05,-2e-05,0
19094,0.0,-2e-05,-1e-05,3e-05,-5e-05,-5e-05,-4e-05,-2e-05,0
19095,0.0,-2e-05,-1e-05,3e-05,-5e-05,-5e-05,-4e-05,-2e-05,0
19096,0.0,-2e-05,-1e-05,3e-05,-5e-05,-5e-05,-4e-05,-2e-05,0
19097,0.0,4e-05,9e-05,0.0,0.00014,2e-05,4e-05,-3e-05,0
19098,3e-05,1e-05,2e-05,-2e-05,0.00013,-2e-05,0.0,1e-05,0
19099,3e-05,1e-05,2e-05,-2e-05,0.00013,-2e-05,0.0,1e-05,0
19100,3e-05,1e-05,2e-05,-2e-05,0.00013,-2e-05,0.0,1e-05,0
19101,3e-05,1e-05,2e-05,-2e-05,0.00013,-2e-05,0.0,1e-05,0
19102,3e-05,1e-05,2e-05,-2e-05,0.00013,-2e-05,0.0,1e-05,0
19103,3e-05,1e-05,2e-05,-2e-05,0.00013,-2e-05,0.0,1e-05,0
19104,3e-05,1e-05,2e-05,-2e-05,0.00013,-2e-05,0.0,1e-05,0
19105,3e-05,1e-05,2e-05,-2e-05,0.00013,-2e-05,0.0,1e-05,0
19106,3e-05,1e-05,2e-05,-2e-05,0.00013,-2e-05,0.0,1e-05,0
19107,3e-05,1e-05,2e-05,-2e-05,0.00013,-2e-05,0.0,1e-05,0
19108,3e-05,1e-05,2e-05,-2e-05,0.00013,-2e-05,0.0,1e-05,0
19109,3e-05,1e-05,2e-05,-2e-05,0.00013,-2e-05,0.0,1e-05,0
19110,3e-05,1e-05,2e-05,-2e-05,0.00013,-2e-05,0.0,1e-05,0
19111,3e-05,1e-05,2e-05,-2e-05,0.00013,-2e-05,0.0,1e-05,0
19112,3e-05,1e-05,2e-05,-2e-05,0.00013,-2e-05,0.0,1e-05,0
19113,3e-05,1e-05,2e-05,-2e-05,0.00013,-2e-05,0.0,1e-05,0
19114,3e-05,1e-05,2e-05,-2e-05,0.00013,-2e-05,0.0,1e-05,0
19115,3e-05,1e-05,2e-05,-2e-05,0.00013,-2e-05,0.0,1e-05,0
19116,3e-05,1e-05,2e-05,-2e-05,0.00013,-2e-05,0.0,1e-05,0
19117,3e-05,1e-05,2e-05,-2e-05,0.00013,-2e-05,0.0,1e-05,0
19118,3e-05,1e-05,2e-05,-2e-05,0.00013,-2e-05,0.0,1e-05,0
19119,3e-05,1e-05,2e-05,-2e-05,0.00013,-2e-05,0.0,1e-05,0
19120,3e-05,1e-05,2e-05,-2e-05,0.00013,-2e-05,0.0,1e-05,0
19121,3e-05,1e-05,2e-05,-2e-05,0.00013,-2e-05,0.0,1e-05,0
19122,3e-05,1e-05,2e-05,-2e-05,0.00013,-2e-05,0.0,1e-05,0
19123,3e-05,1e-05,2e-05,-2e-05,0.00013,-2e-05,0.0,1e-05,0
19124,3e-05,1e-05,2e-05,-2e-05,0.00013,-2e-05,0.0,1e-05,0
19125,3e-05,1e-05,2e-05,-2e-05,0.00013,-2e-05,0.0,1e-05,0
19126,3e-05,1e-05,2e-05,-2e-05,0.00013,-2e-05,0.0,1e-05,0
19127,0.0,-3e-05,-5e-05,-8e-05,0.0,1e-05,0.0,0.0,0
19128,-1e-05,-3e-05,-3e-05,-7e-05,-0.00017,-2e-05,-2e-05,0.0,0
19129,-1e-05,-3e-05,-3e-05,-7e-05,-0.00017,-2e-05,-2e-05,0.0,0
19130,-1e-05,-3e-05,-3e-05,-7e-05,-0.00017,-2e-05,-2e-05,0.0,0
19131,-1e-05,-3e-05,-3e-05,-7e-05,-0.00017,-2e-05,-2e-05,0.0,0
19132,-1e-05,-3e-05,-3e-05,-7e-05,-0.00017,-2e-05,-2e-05,0.0,0
19133,-1e-05,-3e-05,-3e-05,-7e-05,-0.00017,-2e-05,-2e-05,0.0,0
19134,-1e-05,-3e-05,-3e-05,-7e-05,-0.00017,-2e-05,-2e-05,0.0,0
19135,-1e-05,-3e-05,-3e-05,-7e-05,-0.00017,-2e-05,-2e-05,0.0,0
19136,-1e-05,-3e-05,-3e-05,-7e-05,-0.00017,-2e-05,-2e-05,0.0,0
19139,-1e-05,-3e-05,-3e-05,-7e-05,-0.00017,-2e-05,-2e-05,0.0,0
19140,-1e-05,-3e-05,-3e-05,-7e-05,-0.00017,-2e-05,-2e-05,0.0,0
19141,-1e-05,-3e-05,-3e-05,-7e-05,-0.00017,-2e-05,-2e-05,0.0,0
19142,-1e-05,-3e-05,-3e-05,-7e-05,-0.00017,-2e-05,-2e-05,0.0,0
19143,-1e-05,0.0,0.0,-2e-05,-0.0001,-2e-05,-5e-05,-1e-05,0
19144,0.0,-1e-05,-1e-05,1e-05,0.00011,-3e-05,-1e-05,1e-05,0
19145,0.0,-1e-05,-1e-05,1e-05,0.00011,-3e-05,-1e-05,1e-05,0
19146,0.0,-1e-05,-1e-05,1e-05,0.00011,-3e-05,-1e-05,1e-05,0
19147,0.0,-1e-05,-1e-05,1e-05,0.00011,-3e-05,-1e-05,1e-05,0
19148,0.0,-1e-05,-1e-05,1e-05,0.00011,-3e-05,-1e-05,1e-05,0
19149,0.0,-1e-05,-1e-05,1e-05,0.00011,-3e-05,-1e-05,1e-05,0
19150,0.0,-1e-05,-1e-05,1e-05,0.00011,-3e-05,-1e-05,1e-05,0
19151,0.0,-1e-05,-1e-05,1e-05,0.00011,-3e-05,-1e-05,1e-05,0
19152,0.0,-1e-05,-1e-05,1e-05,0.00011,-3e-05,-1e-05,1e-05,0
19153,0.0,-1e-05,-1e-05,1e-05,0.00011,-3e-05,-1e-05,1e-05,0
19154,0.0,-1e-05,-1e-05,1e-05,0.00011,-3e-05,-1e-05,1e-05,0
19155,0.0,-1e-05,-1e-05,1e-05,0.00011,-3e-05,-1e-05,1e-05,0
19156,0.0,-1e-05,-1e-05,1e-05,0.00011,-3e-05,-1e-05,1e-05,0
19157,0.0,-1e-05,-1e-05,1e-05,0.00011,-3e-05,-1e-05,1e-05,0
19158,0.0,-1e-05,-1e-05,1e-05,0.00011,-3e-05,-1e-05,1e-05,0
19159,0.0,-1e-05,-1e-05,1e-05,0.00011,-3e-05,-1e-05,1e-05,0
19160,0.0,-1e-05,-1e-05,1e-05,0.00011,-3e-05,-1e-05,1e-05,0
19161,0.0,-1e-05,-1e-05,1e-05,0.00011,-3e-05,-1e-05,1e-05,0
19162,0.0,-1e-05,-1e-05,1e-05,0.00011,-3e-05,-1e-05,1e-05,0
19163,0.0,-1e-05,-1e-05,1e-05,0.00011,-3e-05,-1e-05,1e-05,0
19164,0.0,-1e-05,-1e-05,1e-05,0.00011,-3e-05,-1e-05,1e-05,0
19165,0.0,-1e-05,-1e-05,1e-05,0.00011,-3e-05,-1e-05,1e-05,0
19166,-1e-05,-3e-05,0.0,2e-05,3e-05,1e-05,-1e-05,0.0,0
19167,0.0,0.0,2e-05,-1e-05,-1e-05,-1e-05,1e-05,0.0,0
19168,0.0,0.0,2e-05,-1e-05,-1e-05,-1e-05,1e-05,0.0,0
19169,0.0,0.0,2e-05,-1e-05,-1e-05,-1e-05,1e-05,0.0,0
19170,0.0,0.0,2e-05,-1e-05,-1e-05,-1e-05,1e-05,0.0,0
19171,0.0,0.0,2e-05,-1e-05,-1e-05,-1e-05,1e-05,0.0,0
19172,0.0,0.0,2e-05,-1e-05,-1e-05,-1e-05,1e-05,0.0,0
19173,0.0,0.0,2e-05,-1e-05,-1e-05,-1e-05,1e-05,0.0,0
19174,0.0,0.0,2e-05,-1e-05,-1e-05,-1e-05,1e-05,0.0,0
19175,0.0,0.0,2e-05,-1e-05,-1e-05,-1e-05,1e-05,0.0,0
19176,0.0,0.0,2e-05,-1e-05,-1e-05,-1e-05,1e-05,0.0,0
19177,0.0,0.0,2e-05,-1e-05,-1e-05,-1e-05,1e-05,0.0,0
19178,0.0,0.0,2e-05,-1e-05,-1e-05,-1e-05,1e-05,0.0,0
19179,-1e-05,0.0,0.0,1e-05,-0.00014,-1e-05,-1e-05,-1e-05,0
19180,-3e-05,-3e-05,-7e-05,-3e-05,3e-05,0.0,-2e-05,-1e-05,0
19181,-3e-05,-3e-05,-7e-05,-3e-05,3e-05,0.0,-2e-05,-1e-05,0
19182,-3e-05,-3e-05,-7e-05,-3e-05,3e-05,0.0,-2e-05,-1e-05,0
19183,-3e-05,-3e-05,-7e-05,-3e-05,3e-05,0.0,-2e-05,-1e-05,0
19184,-3e-05,-3e-05,-7e-05,-3e-05,3e-05,0.0,-2e-05,-1e-05,0
19185,-3e-05,-3e-05,-7e-05,-3e-05,3e-05,0.0,-2e-05,-1e-05,0
19186,-3e-05,-3e-05,-7e-05,-3e-05,3e-05,0.0,-2e-05,-1e-05,0
19190,-3e-05,-3e-05,-7e-05,-3e-05,3e-05,0.0,-2e-05,-1e-05,0
19191,-3e-05,-3e-05,-7e-05,-3e-05,3e-05,0.0,-2e-05,-1e-05,0
19192,-3e-05,-3e-05,-7e-05,-3e-05,3e-05,0.0,-2e-05,-1e-05,0
19193,-3e-05,-3e-05,-7e-05,-3e-05,3e-05,0.0,-2e-05,-1e-05,0
19194,-3e-05,-3e-05,-7e-05,-3e-05,3e-05,0.0,-2e-05,-1e-05,0
19195,-3e-05,-3e-05,-7e-05,-3e-05,3e-05,0.0,-2e-05,-1e-05,0
19196,-3e-05,-3e-05,-7e-05,-3e-05,3e-05,0.0,-2e-05,-1e-05,0
19197,-3e-05,-3e-05,-7e-05,-3e-05,3e-05,0.0,-2e-05,-1e-05,0
19198,-3e-05,-3e-05,-7e-05,-3e-05,3e-05,0.0,-2e-05,-1e-05,0
19199,-3e-05,-3e-05,-7e-05,-3e-05,3e-05,0.0,-2e-05,-1e-05,0
19200,-3e-05,-3e-05,-7e-05,-3e-05,3e-05,0.0,-2e-05,-1e-05,0
19201,-3e-05,-3e-05,-7e-05,-3e-05,3e-05,0.0,-2e-05,-1e-05,0
19202,-3e-05,-3e-05,-7e-05,-3e-05,3e-05,0.0,-2e-05,-1e-05,0
19203,-3e-05,-3e-05,-7e-05,-3e-05,3e-05,0.0,-2e-05,-1e-05,0
19204,-3e-05,-3e-05,-7e-05,-3e-05,3e-05,0.0,-2e-05,-1e-05,0
19205,-3e-05,-3e-05,-7e-05,-3e-05,3e-05,0.0,-2e-05,-1e-05,0
19206,-3e-05,-3e-05,-7e-05,-3e-05,3e-05,0.0,-2e-05,-1e-05,0
19207,-3e-05,-3e-05,-7e-05,-3e-05,3e-05,0.0,-2e-05,-1e-05,0
19208,-3e-05,-3e-05,-7e-05,-3e-05,3e-05,0.0,-2e-05,-1e-05,0
19209,-3e-05,-3e-05,-7e-05,-3e-05,3e-05,0.0,-2e-05,-1e-05,0
19210,-3e-05,-3e-05,-7e-05,-3e-05,3e-05,0.0,-2e-05,-1e-05,0
19211,-1e-05,-2e-05,-1e-05,-0.00011,-4e-05,-2e-05,-4e-05,2e-05,0
19212,1e-05,-1e-05,0.0,1e-05,-3e-05,-3e-05,0.0,0.0,0
19213,1e-05,-1e-05,0.0,1e-05,-3e-05,-3e-05,0.0,0.0,0
19214,1e-05,-1e-05,0.0,1e-05,-3e-05,-3e-05,0.0,0.0,0
19215,1e-05,-1e-05,0.0,1e-05,-3e-05,-3e-05,0.0,0.0,0
19216,1e-05,-1e-05,0.0,1e-05,-3e-05,-3e-05,0.0,0.0,0
19217,1e-05,-1e-05,0.0,1e-05,-3e-05,-3e-05,0.0,0.0,0
19218,-2e-05,-1e-05,-3e-05,0.0,0.0,1e-05,-1e-05,1e-05,0
19219,-2e-05,-1e-05,-3e-05,0.0,0.0,1e-05,-1e-05,1e-05,0
19220,-2e-05,-1e-05,-3e-05,0.0,0.0,1e-05,-1e-05,1e-05,0
19221,-2e-05,-1e-05,-3e-05,0.0,0.0,1e-05,-1e-05,1e-05,0
19222,-2e-05,-1e-05,-3e-05,0.0,0.0,1e-05,-1e-05,1e-05,0
19223,-2e-05,-1e-05,-3e-05,0.0,0.0,1e-05,-1e-05,1e-05,0
19224,0.0,-2e-05,-3e-05,-1e-05,-3e-05,-3e-05,-1e-05,0.0,0
19225,0.0,-2e-05,-3e-05,-1e-05,-3e-05,-3e-05,-1e-05,0.0,0
19226,0.0,-2e-05,-3e-05,-1e-05,-3e-05,-3e-05,-1e-05,0.0,0
19227,0.0,-2e-05,-3e-05,-1e-05,-3e-05,-3e-05,-1e-05,0.0,0
19229,0.0,-2e-05,-3e-05,-1e-05,-3e-05,-3e-05,-1e-05,0.0,0
19230,0.0,-2e-05,-3e-05,-1e-05,-3e-05,-3e-05,-1e-05,0.0,0
19231,0.0,-2e-05,-3e-05,-1e-05,-3e-05,-3e-05,-1e-05,0.0,0
19232,0.0,-2e-05,-3e-05,-1e-05,-3e-05,-3e-05,-1e-05,0.0,0
19233,0.0,-2e-05,-3e-05,-1e-05,-3e-05,-3e-05,-1e-05,0.0,0
19234,0.0,-2e-05,-3e-05,-1e-05,-3e-05,-3e-05,-1e-05,0.0,0
19235,0.0,-2e-05,-3e-05,-1e-05,-3e-05,-3e-05,-1e-05,0.0,0
19237,0.0,-2e-05,-3e-05,-1e-05,-3e-05,-3e-05,-1e-05,0.0,0
19239,0.0,-2e-05,-3e-05,-1e-05,-3e-05,-3e-05,-1e-05,0.0,0
19240,0.0,-2e-05,-3e-05,-1e-05,-3e-05,-3e-05,-1e-05,0.0,0
19241,0.0,-2e-05,-3e-05,-1e-05,-3e-05,-3e-05,-1e-05,0.0,0
19242,0.0,-2e-05,-3e-05,-1e-05,-3e-05,-3e-05,-1e-05,0.0,0
19243,0.0,-2e-05,-3e-05,-1e-05,-3e-05,-3e-05,-1e-05,0.0,0
19244,0.0,-2e-05,-3e-05,-1e-05,-3e-05,-3e-05,-1e-05,0.0,0
19245,0.0,-2e-05,-3e-05,-1e-05,-3e-05,-3e-05,-1e-05,0.0,0
19246,0.0,-2e-05,-3e-05,-1e-05,-3e-05,-3e-05,-1e-05,0.0,0
19247,-1e-05,-1e-05,-3e-05,-8e-05,0.0,2e-05,0.0,1e-05,0
19248,-1e-05,-1e-05,-1e-05,-6e-05,-3e-05,-2e-05,-1e-05,0.0,0
19250,-1e-05,-1e-05,-1e-05,-6e-05,-3e-05,-2e-05,-1e-05,0.0,0
19251,-1e-05,-1e-05,-1e-05,-6e-05,-3e-05,-2e-05,-1e-05,0.0,0
19252,-1e-05,-1e-05,-1e-05,-6e-05,-3e-05,-2e-05,-1e-05,0.0,0
19253,-1e-05,-1e-05,-1e-05,-6e-05,-3e-05,-2e-05,-1e-05,0.0,0
19254,-1e-05,-1e-05,-1e-05,-6e-05,-3e-05,-2e-05,-1e-05,0.0,0
19255,-1e-05,-1e-05,-1e-05,-6e-05,-3e-05,-2e-05,-1e-05,0.0,0
19256,-1e-05,-1e-05,-1e-05,-6e-05,-3e-05,-2e-05,-1e-05,0.0,0
19257,-1e-05,-1e-05,-1e-05,-6e-05,-3e-05,-2e-05,-1e-05,0.0,0
19258,-1e-05,-1e-05,-1e-05,-6e-05,-3e-05,-2e-05,-1e-05,0.0,0
19259,-1e-05,-1e-05,-1e-05,-6e-05,-3e-05,-2e-05,-1e-05,0.0,0
19260,-1e-05,-1e-05,-1e-05,-6e-05,-3e-05,-2e-05,-1e-05,0.0,0
19261,-1e-05,-1e-05,-1e-05,-6e-05,-3e-05,-2e-05,-1e-05,0.0,0
19262,-1e-05,-1e-05,-1e-05,-6e-05,-3e-05,-2e-05,-1e-05,0.0,0
19263,-1e-05,-1e-05,-1e-05,-6e-05,-3e-05,-2e-05,-1e-05,0.0,0
19264,0.0,3e-05,2e-05,3e-05,-3e-05,-2e-05,1e-05,0.0,0
19265,0.0,3e-05,2e-05,3e-05,-3e-05,-2e-05,1e-05,0.0,0
19266,0.0,3e-05,2e-05,3e-05,-3e-05,-2e-05,1e-05,0.0,0
19267,0.0,3e-05,2e-05,3e-05,-3e-05,-2e-05,1e-05,0.0,0
19268,0.0,3e-05,2e-05,3e-05,-3e-05,-2e-05,1e-05,0.0,0
19269,0.0,3e-05,2e-05,3e-05,-3e-05,-2e-05,1e-05,0.0,0
19270,0.0,3e-05,2e-05,3e-05,-3e-05,-2e-05,1e-05,0.0,0
19271,0.0,3e-05,2e-05,3e-05,-3e-05,-2e-05,1e-05,0.0,0
19272,0.0,3e-05,2e-05,3e-05,-3e-05,-2e-05,1e-05,0.0,0
19273,0.0,3e-05,2e-05,3e-05,-3e-05,-2e-05,1e-05,0.0,0
19274,0.0,3e-05,2e-05,3e-05,-3e-05,-2e-05,1e-05,0.0,0
19275,0.0,3e-05,2e-05,3e-05,-3e-05,-2e-05,1e-05,0.0,0
19276,0.0,3e-05,2e-05,3e-05,-3e-05,-2e-05,1e-05,0.0,0
19277,0.0,3e-05,2e-05,3e-05,-3e-05,-2e-05,1e-05,0.0,0
19278,0.0,3e-05,2e-05,3e-05,-3e-05,-2e-05,1e-05,0.0,0
19279,0.0,3e-05,2e-05,3e-05,-3e-05,-2e-05,1e-05,0.0,0
19280,0.0,3e-05,2e-05,3e-05,-3e-05,-2e-05,1e-05,0.0,0
19281,0.0,3e-05,2e-05,3e-05,-3e-05,-2e-05,1e-05,0.0,0
19282,0.0,3e-05,2e-05,3e-05,-3e-05,-2e-05,1e-05,0.0,0
19283,0.0,3e-05,2e-05,3e-05,-3e-05,-2e-05,1e-05,0.0,0
19284,0.0,3e-05,2e-05,3e-05,-3e-05,-2e-05,1e-05,0.0,0
19285,-5e-05,-2e-05,-3e-05,-6e-05,-7e-05,-1e-05,0.0,-1e-05,0
19287,0.0,1e-05,2e-05,1e-05,-5e-05,-2e-05,-4e-05,-1e-05,0
19289,0.0,1e-05,2e-05,1e-05,-5e-05,-2e-05,-4e-05,-1e-05,0
19291,0.0,1e-05,2e-05,1e-05,-5e-05,-2e-05,-4e-05,-1e-05,0
19292,0.0,1e-05,2e-05,1e-05,-5e-05,-2e-05,-4e-05,-1e-05,0
19293,0.0,1e-05,2e-05,1e-05,-5e-05,-2e-05,-4e-05,-1e-05,0
19294,0.0,1e-05,2e-05,1e-05,-5e-05,-2e-05,-4e-05,-1e-05,0
19295,0.0,1e-05,2e-05,1e-05,-5e-05,-2e-05,-4e-05,-1e-05,0
19296,0.0,1e-05,2e-05,1e-05,-5e-05,-2e-05,-4e-05,-1e-05,0
19297,0.0,1e-05,2e-05,1e-05,-5e-05,-2e-05,-4e-05,-1e-05,0
19298,0.0,1e-05,2e-05,1e-05,-5e-05,-2e-05,-4e-05,-1e-05,0
19299,0.0,1e-05,2e-05,1e-05,-5e-05,-2e-05,-4e-05,-1e-05,0
19300,-3e-05,-6e-05,-7e-05,-7e-05,-4e-05,-2e-05,0.0,-2e-05,0
19301,0.0,1e-05,-1e-05,0.0,1e-05,-1e-05,-2e-05,-3e-05,0
19302,0.0,1e-05,-1e-05,0.0,1e-05,-1e-05,-2e-05,-3e-05,0
19304,0.0,1e-05,-1e-05,0.0,1e-05,-1e-05,-2e-05,-3e-05,0
19305,0.0,1e-05,-1e-05,0.0,1e-05,-1e-05,-2e-05,-3e-05,0
19306,0.0,1e-05,-1e-05,0.0,1e-05,-1e-05,-2e-05,-3e-05,0
19307,0.0,1e-05,-1e-05,0.0,1e-05,-1e-05,-2e-05,-3e-05,0
19308,0.0,1e-05,-1e-05,0.0,1e-05,-1e-05,-2e-05,-3e-05,0
19309,0.0,1e-05,-1e-05,0.0,1e-05,-1e-05,-2e-05,-3e-05,0
19310,0.0,1e-05,-1e-05,0.0,1e-05,-1e-05,-2e-05,-3e-05,0
19311,0.0,1e-05,-1e-05,0.0,1e-05,-1e-05,-2e-05,-3e-05,0
19312,0.0,1e-05,-1e-05,0.0,1e-05,-1e-05,-2e-05,-3e-05,0
19313,0.0,1e-05,-1e-05,0.0,1e-05,-1e-05,-2e-05,-3e-05,0
19314,0.0,1e-05,-1e-05,0.0,1e-05,-1e-05,-2e-05,-3e-05,0
19315,0.0,1e-05,-1e-05,0.0,1e-05,-1e-05,-2e-05,-3e-05,0
19316,0.0,1e-05,-1e-05,0.0,1e-05,-1e-05,-2e-05,-3e-05,0
19317,0.0,1e-05,-1e-05,0.0,1e-05,-1e-05,-2e-05,-3e-05,0
19318,0.0,1e-05,-1e-05,0.0,1e-05,-1e-05,-2e-05,-3e-05,0
19319,0.0,1e-05,-1e-05,0.0,1e-05,-1e-05,-2e-05,-3e-05,0
19320,0.0,1e-05,-1e-05,0.0,1e-05,-1e-05,-2e-05,-3e-05,0
19321,0.0,1e-05,-1e-05,0.0,1e-05,-1e-05,-2e-05,-3e-05,0
19323,2e-05,3e-05,2e-05,5e-05,0.0,-1e-05,0.0,-1e-05,0
19324,0.0,-2e-05,-2e-05,-5e-05,-4e-05,-1e-05,1e-05,-1e-05,0
19325,0.0,-2e-05,-2e-05,-5e-05,-4e-05,-1e-05,1e-05,-1e-05,0
19326,0.0,-2e-05,-2e-05,-5e-05,-4e-05,-1e-05,1e-05,-1e-05,0
19327,0.0,-2e-05,-2e-05,-5e-05,-4e-05,-1e-05,1e-05,-1e-05,0
19328,0.0,-2e-05,-2e-05,-5e-05,-4e-05,-1e-05,1e-05,-1e-05,0
19329,0.0,-2e-05,-2e-05,-5e-05,-4e-05,-1e-05,1e-05,-1e-05,0
19330,0.0,-2e-05,-2e-05,-5e-05,-4e-05,-1e-05,1e-05,-1e-05,0
19331,0.0,-2e-05,-2e-05,-5e-05,-4e-05,-1e-05,1e-05,-1e-05,0
19332,0.0,-2e-05,-2e-05,-5e-05,-4e-05,-1e-05,1e-05,-1e-05,0
19333,0.0,-2e-05,-2e-05,-5e-05,-4e-05,-1e-05,1e-05,-1e-05,0
19334,0.0,-2e-05,-2e-05,-5e-05,-4e-05,-1e-05,1e-05,-1e-05,0
19335,0.0,-2e-05,-2e-05,-5e-05,-4e-05,-1e-05,1e-05,-1e-05,0
19336,-1e-05,0.0,3e-05,1e-05,-3e-05,-2e-05,-1e-05,-2e-05,0
19340,-1e-05,0.0,3e-05,1e-05,-3e-05,-2e-05,-1e-05,-2e-05,0
19341,-1e-05,0.0,3e-05,1e-05,-3e-05,-2e-05,-1e-05,-2e-05,0
19342,-1e-05,0.0,3e-05,1e-05,-3e-05,-2e-05,-1e-05,-2e-05,0
19343,-1e-05,0.0,3e-05,1e-05,-3e-05,-2e-05,-1e-05,-2e-05,0
19344,-4e-05,-7e-05,-6e-05,1e-05,-3e-05,-3e-05,0.0,1e-05,0
19345,-4e-05,-7e-05,-6e-05,1e-05,-3e-05,-3e-05,0.0,1e-05,0
19346,-4e-05,-7e-05,-6e-05,1e-05,-3e-05,-3e-05,0.0,1e-05,0
19347,-4e-05,-7e-05,-6e-05,1e-05,-3e-05,-3e-05,0.0,1e-05,0
19348,-4e-05,-7e-05,-6e-05,1e-05,-3e-05,-3e-05,0.0,1e-05,0
19349,-4e-05,-7e-05,-6e-05,1e-05,-3e-05,-3e-05,0.0,1e-05,0
19350,-4e-05,-7e-05,-6e-05,1e-05,-3e-05,-3e-05,0.0,1e-05,0
19351,-4e-05,-7e-05,-6e-05,1e-05,-3e-05,-3e-05,0.0,1e-05,0
19352,-4e-05,-7e-05,-6e-05,1e-05,-3e-05,-3e-05,0.0,1e-05,0
19354,-4e-05,-7e-05,-6e-05,1e-05,-3e-05,-3e-05,0.0,1e-05,0
19355,-4e-05,-7e-05,-6e-05,1e-05,-3e-05,-3e-05,0.0,1e-05,0
19356,-4e-05,-7e-05,-6e-05,1e-05,-3e-05,-3e-05,0.0,1e-05,0
19357,-4e-05,-7e-05,-6e-05,1e-05,-3e-05,-3e-05,0.0,1e-05,0
19358,-4e-05,-7e-05,-6e-05,1e-05,-3e-05,-3e-05,0.0,1e-05,0
19359,-4e-05,-7e-05,-6e-05,1e-05,-3e-05,-3e-05,0.0,1e-05,0
19360,1e-05,0.0,4e-05,0.0,1e-05,0.0,-2e-05,0.0,0
19361,3e-05,0.0,3e-05,-1e-05,0.0,-4e-05,0.0,-1e-05,0
19362,3e-05,0.0,3e-05,-1e-05,0.0,-4e-05,0.0,-1e-05,0
19363,3e-05,0.0,3e-05,-1e-05,0.0,-4e-05,0.0,-1e-05,0
19364,3e-05,0.0,3e-05,-1e-05,0.0,-4e-05,0.0,-1e-05,0
19365,3e-05,0.0,3e-05,-1e-05,0.0,-4e-05,0.0,-1e-05,0
19366,3e-05,0.0,3e-05,-1e-05,0.0,-4e-05,0.0,-1e-05,0
19367,3e-05,0.0,3e-05,-1e-05,0.0,-4e-05,0.0,-1e-05,0
19368,3e-05,0.0,3e-05,-1e-05,0.0,-4e-05,0.0,-1e-05,0
19369,3e-05,0.0,3e-05,-1e-05,0.0,-4e-05,0.0,-1e-05,0
19370,3e-05,0.0,3e-05,-1e-05,0.0,-4e-05,0.0,-1e-05,0
19371,3e-05,0.0,3e-05,-1e-05,0.0,-4e-05,0.0,-1e-05,0
19372,3e-05,0.0,3e-05,-1e-05,0.0,-4e-05,0.0,-1e-05,0
19373,3e-05,0.0,3e-05,-1e-05,0.0,-4e-05,0.0,-1e-05,0
19374,3e-05,0.0,3e-05,-1e-05,0.0,-4e-05,0.0,-1e-05,0
19375,3e-05,0.0,3e-05,-1e-05,0.0,-4e-05,0.0,-1e-05,0
19376,3e-05,0.0,3e-05,-1e-05,0.0,-4e-05,0.0,-1e-05,0
19377,3e-05,0.0,3e-05,-1e-05,0.0,-4e-05,0.0,-1e-05,0
19378,3e-05,0.0,3e-05,-1e-05,0.0,-4e-05,0.0,-1e-05,0
19379,3e-05,0.0,3e-05,-1e-05,0.0,-4e-05,0.0,-1e-05,0
19380,3e-05,0.0,3e-05,-1e-05,0.0,-4e-05,0.0,-1e-05,0
19381,3e-05,0.0,3e-05,-1e-05,0.0,-4e-05,0.0,-1e-05,0
19382,-2e-05,-5e-05,-5e-05,-1e-05,-2e-05,-1e-05,-1e-05,0.0,0
19383,-2e-05,-2e-05,-4e-05,-4e-05,-2e-05,-3e-05,-1e-05,-2e-05,0
19384,-2e-05,-2e-05,-4e-05,-4e-05,-2e-05,-3e-05,-1e-05,-2e-05,0
19385,-2e-05,-2e-05,-4e-05,-4e-05,-2e-05,-3e-05,-1e-05,-2e-05,0
19386,-2e-05,-2e-05,-4e-05,-4e-05,-2e-05,-3e-05,-1e-05,-2e-05,0
19389,-2e-05,-2e-05,-4e-05,-4e-05,-2e-05,-3e-05,-1e-05,-2e-05,0
19390,-2e-05,-2e-05,-4e-05,-4e-05,-2e-05,-3e-05,-1e-05,-2e-05,0
19391,-2e-05,-2e-05,-4e-05,-4e-05,-2e-05,-3e-05,-1e-05,-2e-05,0
19392,-2e-05,-2e-05,-4e-05,-4e-05,-2e-05,-3e-05,-1e-05,-2e-05,0
19393,-2e-05,-2e-05,-4e-05,-4e-05,-2e-05,-3e-05,-1e-05,-2e-05,0
19394,-2e-05,-2e-05,-4e-05,-4e-05,-2e-05,-3e-05,-1e-05,-2e-05,0
19395,-2e-05,-2e-05,-4e-05,-4e-05,-2e-05,-3e-05,-1e-05,-2e-05,0
19396,0.0,0.0,0.0,-1e-05,-1e-05,-2e-05,0.0,0.0,0
19397,0.0,0.0,0.0,-1e-05,-1e-05,-2e-05,0.0,0.0,0
19398,0.0,0.0,0.0,-1e-05,-1e-05,-2e-05,0.0,0.0,0
19399,0.0,0.0,0.0,-1e-05,-1e-05,-2e-05,0.0,0.0,0
19400,0.0,0.0,0.0,-1e-05,-1e-05,-2e-05,0.0,0.0,0
19401,0.0,0.0,0.0,-1e-05,-1e-05,-2e-05,0.0,0.0,0
19402,0.0,0.0,0.0,-1e-05,-1e-05,-2e-05,0.0,0.0,0
19404,-1e-05,-2e-05,-2e-05,-2e-05,-1e-05,-1e-05,0.0,-1e-05,0
19405,-1e-05,-2e-05,-2e-05,-2e-05,-1e-05,-1e-05,0.0,-1e-05,0
19406,-1e-05,-2e-05,-2e-05,-2e-05,-1e-05,-1e-05,0.0,-1e-05,0
19407,-1e-05,-2e-05,-2e-05,-2e-05,-1e-05,-1e-05,0.0,-1e-05,0
19408,-1e-05,-2e-05,-2e-05,-2e-05,-1e-05,-1e-05,0.0,-1e-05,0
19409,-1e-05,-2e-05,-2e-05,-2e-05,-1e-05,-1e-05,0.0,-1e-05,0
19410,-1e-05,-2e-05,-2e-05,-2e-05,-1e-05,-1e-05,0.0,-1e-05,0
19411,-1e-05,-2e-05,-2e-05,-2e-05,-1e-05,-1e-05,0.0,-1e-05,0
19412,-1e-05,-2e-05,-2e-05,-2e-05,-1e-05,-1e-05,0.0,-1e-05,0
19413,-1e-05,-2e-05,-2e-05,-2e-05,-1e-05,-1e-05,0.0,-1e-05,0
19414,-1e-05,-2e-05,-2e-05,-2e-05,-1e-05,-1e-05,0.0,-1e-05,0
19415,-1e-05,-2e-05,-2e-05,-2e-05,-1e-05,-1e-05,0.0,-1e-05,0
19416,-1e-05,-2e-05,-2e-05,-2e-05,-1e-05,-1e-05,0.0,-1e-05,0
19417,-1e-05,-2e-05,-2e-05,-2e-05,-1e-05,-1e-05,0.0,-1e-05,0
19418,-1e-05,-2e-05,-2e-05,-2e-05,-1e-05,-1e-05,0.0,-1e-05,0
19419,-1e-05,-2e-05,-2e-05,-2e-05,-1e-05,-1e-05,0.0,-1e-05,0
19420,-1e-05,-1e-05,0.0,0.0,-3e-05,-1e-05,-1e-05,-2e-05,0
19421,1e-05,0.0,0.0,0.0,-1e-05,-1e-05,0.0,0.0,0
19422,1e-05,0.0,0.0,0.0,-1e-05,-1e-05,0.0,0.0,0
19423,1e-05,0.0,0.0,0.0,-1e-05,-1e-05,0.0,0.0,0
19424,1e-05,0.0,0.0,0.0,-1e-05,-1e-05,0.0,0.0,0
19425,1e-05,0.0,0.0,0.0,-1e-05,-1e-05,0.0,0.0,0
19426,1e-05,0.0,0.0,0.0,-1e-05,-1e-05,0.0,0.0,0
19427,1e-05,0.0,0.0,0.0,-1e-05,-1e-05,0.0,0.0,0
19428,1e-05,0.0,0.0,0.0,-1e-05,-1e-05,0.0,0.0,0
19429,1e-05,0.0,0.0,0.0,-1e-05,-1e-05,0.0,0.0,0
19430,1e-05,0.0,0.0,0.0,-1e-05,-1e-05,0.0,0.0,0
19431,1e-05,0.0,0.0,0.0,-1e-05,-1e-05,0.0,0.0,0
19432,1e-05,0.0,0.0,0.0,-1e-05,-1e-05,0.0,0.0,0
19433,1e-05,0.0,0.0,0.0,-1e-05,-1e-05,0.0,0.0,0
19434,1e-05,0.0,0.0,0.0,-1e-05,-1e-05,0.0,0.0,0
19435,1e-05,0.0,0.0,0.0,-1e-05,-1e-05,0.0,0.0,0
19436,1e-05,0.0,0.0,0.0,-1e-05,-1e-05,0.0,0.0,0
19439,1e-05,0.0,0.0,0.0,-1e-05,-1e-05,0.0,0.0,0
19440,1e-05,0.0,0.0,0.0,-1e-05,-1e-05,0.0,0.0,0
19441,1e-05,0.0,0.0,0.0,-1e-05,-1e-05,0.0,0.0,0
19442,-2e-05,-3e-05,-3e-05,-3e-05,0.0,0.0,-1e-05,-1e-05,0
19443,-1e-05,2e-05,4e-05,-1e-05,0.0,-1e-05,-2e-05,-3e-05,0
19444,-1e-05,2e-05,4e-05,-1e-05,0.0,-1e-05,-2e-05,-3e-05,0
19445,-1e-05,2e-05,4e-05,-1e-05,0.0,-1e-05,-2e-05,-3e-05,0
19446,-1e-05,2e-05,4e-05,-1e-05,0.0,-1e-05,-2e-05,-3e-05,0
19447,-1e-05,2e-05,4e-05,-1e-05,0.0,-1e-05,-2e-05,-3e-05,0
19448,-1e-05,2e-05,4e-05,-1e-05,0.0,-1e-05,-2e-05,-3e-05,0
19449,-1e-05,2e-05,4e-05,-1e-05,0.0,-1e-05,-2e-05,-3e-05,0
19450,-1e-05,2e-05,4e-05,-1e-05,0.0,-1e-05,-2e-05,-3e-05,0
19451,-1e-05,2e-05,4e-05,-1e-05,0.0,-1e-05,-2e-05,-3e-05,0
19452,-1e-05,2e-05,4e-05,-1e-05,0.0,-1e-05,-2e-05,-3e-05,0
19454,-1e-05,2e-05,4e-05,-1e-05,0.0,-1e-05,-2e-05,-3e-05,0
19455,-1e-05,2e-05,4e-05,-1e-05,0.0,-1e-05,-2e-05,-3e-05,0
19456,-1e-05,2e-05,4e-05,-1e-05,0.0,-1e-05,-2e-05,-3e-05,0
19457,-1e-05,2e-05,4e-05,-1e-05,0.0,-1e-05,-2e-05,-3e-05,0
19458,-1e-05,2e-05,4e-05,-1e-05,0.0,-1e-05,-2e-05,-3e-05,0
19459,-1e-05,2e-05,4e-05,-1e-05,0.0,-1e-05,-2e-05,-3e-05,0
19460,-1e-05,2e-05,4e-05,-1e-05,0.0,-1e-05,-2e-05,-3e-05,0
19461,-1e-05,2e-05,4e-05,-1e-05,0.0,-1e-05,-2e-05,-3e-05,0
19462,-1e-05,2e-05,4e-05,-1e-05,0.0,-1e-05,-2e-05,-3e-05,0
19463,-1e-05,2e-05,4e-05,-1e-05,0.0,-1e-05,-2e-05,-3e-05,0
19464,-1e-05,2e-05,4e-05,-1e-05,0.0,-1e-05,-2e-05,-3e-05,0
19465,-4e-05,-9e-05,-0.00012,-7e-05,-3e-05,-3e-05,-1e-05,0.0,0
19466,1e-05,0.0,1e-05,3e-05,-2e-05,0.0,0.0,-1e-05,0
19467,1e-05,0.0,1e-05,3e-05,-2e-05,0.0,0.0,-1e-05,0
19468,1e-05,0.0,1e-05,3e-05,-2e-05,0.0,0.0,-1e-05,0
19469,1e-05,0.0,1e-05,3e-05,-2e-05,0.0,0.0,-1e-05,0
19470,1e-05,0.0,1e-05,3e-05,-2e-05,0.0,0.0,-1e-05,0
19471,1e-05,0.0,1e-05,3e-05,-2e-05,0.0,0.0,-1e-05,0
19472,1e-05,0.0,1e-05,3e-05,-2e-05,0.0,0.0,-1e-05,0
19473,1e-05,0.0,1e-05,3e-05,-2e-05,0.0,0.0,-1e-05,0
19474,1e-05,0.0,1e-05,3e-05,-2e-05,0.0,0.0,-1e-05,0
19475,1e-05,0.0,1e-05,3e-05,-2e-05,0.0,0.0,-1e-05,0
19476,1e-05,0.0,1e-05,3e-05,-2e-05,0.0,0.0,-1e-05,0
19477,1e-05,0.0,1e-05,3e-05,-2e-05,0.0,0.0,-1e-05,0
19478,1e-05,0.0,1e-05,3e-05,-2e-05,0.0,0.0,-1e-05,0
19479,1e-05,0.0,1e-05,3e-05,-2e-05,0.0,0.0,-1e-05,0
19480,3e-05,4e-05,7e-05,4e-05,-1e-05,-2e-05,-1e-05,1e-05,0
19481,-5e-05,-8e-05,-6e-05,0.0,-2e-05,-3e-05,-1e-05,-3e-05,0
19482,-5e-05,-8e-05,-6e-05,0.0,-2e-05,-3e-05,-1e-05,-3e-05,0
19483,-5e-05,-8e-05,-6e-05,0.0,-2e-05,-3e-05,-1e-05,-3e-05,0
19484,-5e-05,-8e-05,-6e-05,0.0,-2e-05,-3e-05,-1e-05,-3e-05,0
19485,-5e-05,-8e-05,-6e-05,0.0,-2e-05,-3e-05,-1e-05,-3e-05,0
19486,-5e-05,-8e-05,-6e-05,0.0,-2e-05,-3e-05,-1e-05,-3e-05,0
19489,-5e-05,-8e-05,-6e-05,0.0,-2e-05,-3e-05,-1e-05,-3e-05,0
19490,-5e-05,-8e-05,-6e-05,0.0,-2e-05,-3e-05,-1e-05,-3e-05,0
19491,-5e-05,-8e-05,-6e-05,0.0,-2e-05,-3e-05,-1e-05,-3e-05,0
19492,-5e-05,-8e-05,-6e-05,0.0,-2e-05,-3e-05,-1e-05,-3e-05,0
19493,-5e-05,-8e-05,-6e-05,0.0,-2e-05,-3e-05,-1e-05,-3e-05,0
19494,-5e-05,-8e-05,-6e-05,0.0,-2e-05,-3e-05,-1e-05,-3e-05,0
19495,-5e-05,-8e-05,-6e-05,0.0,-2e-05,-3e-05,-1e-05,-3e-05,0
19496,-5e-05,-8e-05,-6e-05,0.0,-2e-05,-3e-05,-1e-05,-3e-05,0
19497,-5e-05,-8e-05,-6e-05,0.0,-2e-05,-3e-05,-1e-05,-3e-05,0
19498,-5e-05,-8e-05,-6e-05,0.0,-2e-05,-3e-05,-1e-05,-3e-05,0
19499,-5e-05,-8e-05,-6e-05,0.0,-2e-05,-3e-05,-1e-05,-3e-05,0
19500,-5e-05,-8e-05,-6e-05,0.0,-2e-05,-3e-05,-1e-05,-3e-05,0
19501,-5e-05,-8e-05,-6e-05,0.0,-2e-05,-3e-05,-1e-05,-3e-05,0
19502,2e-05,1e-05,2e-05,3e-05,-2e-05,-1e-05,-2e-05,0.0,0
19504,-3e-05,-4e-05,-5e-05,-2e-05,-1e-05,-2e-05,-2e-05,0.0,0
19505,-3e-05,-4e-05,-5e-05,-2e-05,-1e-05,-2e-05,-2e-05,0.0,0
19506,-3e-05,-4e-05,-5e-05,-2e-05,-1e-05,-2e-05,-2e-05,0.0,0
19507,-3e-05,-4e-05,-5e-05,-2e-05,-1e-05,-2e-05,-2e-05,0.0,0
19508,-3e-05,-4e-05,-5e-05,-2e-05,-1e-05,-2e-05,-2e-05,0.0,0
19509,-3e-05,-4e-05,-5e-05,-2e-05,-1e-05,-2e-05,-2e-05,0.0,0
19510,-3e-05,-4e-05,-5e-05,-2e-05,-1e-05,-2e-05,-2e-05,0.0,0
19511,-3e-05,-4e-05,-5e-05,-2e-05,-1e-05,-2e-05,-2e-05,0.0,0
19512,-3e-05,-4e-05,-5e-05,-2e-05,-1e-05,-2e-05,-2e-05,0.0,0
19513,-3e-05,-4e-05,-5e-05,-2e-05,-1e-05,-2e-05,-2e-05,0.0,0
19514,-3e-05,-4e-05,-5e-05,-2e-05,-1e-05,-2e-05,-2e-05,0.0,0
19515,-3e-05,-4e-05,-5e-05,-2e-05,-1e-05,-2e-05,-2e-05,0.0,0
19516,-3e-05,-4e-05,-5e-05,-2e-05,-1e-05,-2e-05,-2e-05,0.0,0
19517,-3e-05,-4e-05,-5e-05,-2e-05,-1e-05,-2e-05,-2e-05,0.0,0
19518,-3e-05,-4e-05,-5e-05,-2e-05,-1e-05,-2e-05,-2e-05,0.0,0
19519,-3e-05,-4e-05,-5e-05,-2e-05,-1e-05,-2e-05,-2e-05,0.0,0
19520,-3e-05,-4e-05,-5e-05,-2e-05,-1e-05,-2e-05,-2e-05,0.0,0
19521,-3e-05,-4e-05,-5e-05,-2e-05,-1e-05,-2e-05,-2e-05,0.0,0
19522,-3e-05,-4e-05,-5e-05,-2e-05,-1e-05,-2e-05,-2e-05,0.0,0
19523,-3e-05,-4e-05,-5e-05,-2e-05,-1e-05,-2e-05,-2e-05,0.0,0
19524,-3e-05,-4e-05,-5e-05,-2e-05,-1e-05,-2e-05,-2e-05,0.0,0
19525,-2e-05,-2e-05,-2e-05,-1e-05,-2e-05,0.0,-1e-05,0.0,0
19526,1e-05,1e-05,1e-05,1e-05,0.0,-1e-05,1e-05,-1e-05,0
19527,1e-05,1e-05,1e-05,1e-05,0.0,-1e-05,1e-05,-1e-05,0
19528,1e-05,1e-05,1e-05,1e-05,0.0,-1e-05,1e-05,-1e-05,0
19529,1e-05,1e-05,1e-05,1e-05,0.0,-1e-05,1e-05,-1e-05,0
19530,1e-05,1e-05,1e-05,1e-05,0.0,-1e-05,1e-05,-1e-05,0
19531,1e-05,1e-05,1e-05,1e-05,0.0,-1e-05,1e-05,-1e-05,0
19532,1e-05,1e-05,1e-05,1e-05,0.0,-1e-05,1e-05,-1e-05,0
19533,1e-05,1e-05,1e-05,1e-05,0.0,-1e-05,1e-05,-1e-05,0
19534,1e-05,1e-05,1e-05,1e-05,0.0,-1e-05,1e-05,-1e-05,0
19535,1e-05,1e-05,1e-05,1e-05,0.0,-1e-05,1e-05,-1e-05,0
19536,1e-05,1e-05,1e-05,1e-05,0.0,-1e-05,1e-05,-1e-05,0
19539,0.0,0.0,-3e-05,-3e-05,-1e-05,-2e-05,0.0,0.0,0
19540,0.0,0.0,-3e-05,-3e-05,-1e-05,-2e-05,0.0,0.0,0
19541,0.0,0.0,-3e-05,-3e-05,-1e-05,-2e-05,0.0,0.0,0
19542,0.0,0.0,-3e-05,-3e-05,-1e-05,-2e-05,0.0,0.0,0
19543,0.0,0.0,-3e-05,-3e-05,-1e-05,-2e-05,0.0,0.0,0
19544,0.0,0.0,-3e-05,-3e-05,-1e-05,-2e-05,0.0,0.0,0
19545,0.0,0.0,-3e-05,-3e-05,-1e-05,-2e-05,0.0,0.0,0
19546,0.0,0.0,-3e-05,-3e-05,-1e-05,-2e-05,0.0,0.0,0
19547,1e-05,-1e-05,-1e-05,0.0,-1e-05,0.0,1e-05,0.0,0
19548,-3e-05,-5e-05,-5e-05,-4e-05,-3e-05,-1e-05,-1e-05,-1e-05,0
19549,-3e-05,-5e-05,-5e-05,-4e-05,-3e-05,-1e-05,-1e-05,-1e-05,0
19550,-3e-05,-5e-05,-5e-05,-4e-05,-3e-05,-1e-05,-1e-05,-1e-05,0
19551,-3e-05,-5e-05,-5e-05,-4e-05,-3e-05,-1e-05,-1e-05,-1e-05,0
19552,-3e-05,-5e-05,-5e-05,-4e-05,-3e-05,-1e-05,-1e-05,-1e-05,0
19554,-3e-05,-5e-05,-5e-05,-4e-05,-3e-05,-1e-05,-1e-05,-1e-05,0
19555,-3e-05,-5e-05,-5e-05,-4e-05,-3e-05,-1e-05,-1e-05,-1e-05,0
19556,-3e-05,-5e-05,-5e-05,-4e-05,-3e-05,-1e-05,-1e-05,-1e-05,0
19557,-3e-05,-5e-05,-5e-05,-4e-05,-3e-05,-1e-05,-1e-05,-1e-05,0
19558,-3e-05,-5e-05,-5e-05,-4e-05,-3e-05,-1e-05,-1e-05,-1e-05,0
19559,-3e-05,-5e-05,-5e-05,-4e-05,-3e-05,-1e-05,-1e-05,-1e-05,0
19560,-3e-05,-5e-05,-5e-05,-4e-05,-3e-05,-1e-05,-1e-05,-1e-05,0
19561,-3e-05,-5e-05,-5e-05,-4e-05,-3e-05,-1e-05,-1e-05,-1e-05,0
19562,1e-05,4e-05,2e-05,2e-05,1e-05,0.0,0.0,-2e-05,0
19563,1e-05,4e-05,2e-05,2e-05,1e-05,0.0,0.0,-2e-05,0
19564,0.0,2e-05,0.0,-1e-05,1e-05,-1e-05,1e-05,1e-05,0
19565,0.0,2e-05,0.0,-1e-05,1e-05,-1e-05,1e-05,1e-05,0
19566,0.0,2e-05,0.0,-1e-05,1e-05,-1e-05,1e-05,1e-05,0
19567,0.0,2e-05,0.0,-1e-05,1e-05,-1e-05,1e-05,1e-05,0
19568,0.0,2e-05,0.0,-1e-05,1e-05,-1e-05,1e-05,1e-05,0
19569,0.0,2e-05,0.0,-1e-05,1e-05,-1e-05,1e-05,1e-05,0
19570,0.0,2e-05,0.0,-1e-05,1e-05,-1e-05,1e-05,1e-05,0
19571,0.0,2e-05,0.0,-1e-05,1e-05,-1e-05,1e-05,1e-05,0
19572,0.0,2e-05,0.0,-1e-05,1e-05,-1e-05,1e-05,1e-05,0
19573,0.0,2e-05,0.0,-1e-05,1e-05,-1e-05,1e-05,1e-05,0
19574,0.0,2e-05,0.0,-1e-05,1e-05,-1e-05,1e-05,1e-05,0
19575,0.0,2e-05,0.0,-1e-05,1e-05,-1e-05,1e-05,1e-05,0
19576,0.0,2e-05,0.0,-1e-05,1e-05,-1e-05,1e-05,1e-05,0
19577,0.0,2e-05,0.0,-1e-05,1e-05,-1e-05,1e-05,1e-05,0
19578,0.0,2e-05,0.0,-1e-05,1e-05,-1e-05,1e-05,1e-05,0
19579,0.0,2e-05,0.0,-1e-05,1e-05,-1e-05,1e-05,1e-05,0
19580,0.0,2e-05,0.0,-1e-05,1e-05,-1e-05,1e-05,1e-05,0
19581,0.0,2e-05,0.0,-1e-05,1e-05,-1e-05,1e-05,1e-05,0
19582,0.0,2e-05,0.0,-1e-05,1e-05,-1e-05,1e-05,1e-05,0
19583,0.0,2e-05,0.0,-1e-05,1e-05,-1e-05,1e-05,1e-05,0
19584,0.0,2e-05,0.0,-1e-05,1e-05,-1e-05,1e-05,1e-05,0
19585,-3e-05,-3e-05,-2e-05,-6e-05,-1e-05,0.0,-1e-05,-1e-05,0
19586,-3e-05,-3e-05,-2e-05,-6e-05,-1e-05,0.0,-1e-05,-1e-05,0
19588,0.0,-2e-05,-4e-05,-6e-05,-3e-05,0.0,-1e-05,-1e-05,0
19589,0.0,-2e-05,-4e-05,-6e-05,-3e-05,0.0,-1e-05,-1e-05,0
19590,0.0,-2e-05,-4e-05,-6e-05,-3e-05,0.0,-1e-05,-1e-05,0
19591,0.0,-2e-05,-4e-05,-6e-05,-3e-05,0.0,-1e-05,-1e-05,0
19592,0.0,-2e-05,-4e-05,-6e-05,-3e-05,0.0,-1e-05,-1e-05,0
19593,0.0,-2e-05,-4e-05,-6e-05,-3e-05,0.0,-1e-05,-1e-05,0
19594,0.0,-2e-05,-4e-05,-6e-05,-3e-05,0.0,-1e-05,-1e-05,0
19595,0.0,-2e-05,-4e-05,-6e-05,-3e-05,0.0,-1e-05,-1e-05,0
19596,0.0,-2e-05,-4e-05,-6e-05,-3e-05,0.0,-1e-05,-1e-05,0
19597,0.0,-2e-05,-4e-05,-6e-05,-3e-05,0.0,-1e-05,-1e-05,0
19598,0.0,-2e-05,-4e-05,-6e-05,-3e-05,0.0,-1e-05,-1e-05,0
19599,-1e-05,0.0,-1e-05,-1e-05,-1e-05,0.0,1e-05,-1e-05,0
19601,-1e-05,0.0,-1e-05,-1e-05,-1e-05,0.0,1e-05,-1e-05,0
19602,-1e-05,0.0,-1e-05,-1e-05,-1e-05,0.0,1e-05,-1e-05,0
19604,-1e-05,0.0,-1e-05,-1e-05,-1e-05,0.0,1e-05,-1e-05,0
19605,-1e-05,0.0,-1e-05,-1e-05,-1e-05,0.0,1e-05,-1e-05,0
19606,-1e-05,0.0,-1e-05,-1e-05,-1e-05,0.0,1e-05,-1e-05,0
19607,-1e-05,0.0,-1e-05,-1e-05,-1e-05,0.0,1e-05,-1e-05,0
19608,-1e-05,0.0,-1e-05,-1e-05,-1e-05,0.0,1e-05,-1e-05,0
19609,-1e-05,0.0,-1e-05,-1e-05,-1e-05,0.0,1e-05,-1e-05,0
19610,-1e-05,0.0,-1e-05,-1e-05,-1e-05,0.0,1e-05,-1e-05,0
19611,-1e-05,0.0,-1e-05,-1e-05,-1e-05,0.0,1e-05,-1e-05,0
19612,-1e-05,0.0,-1e-05,-1e-05,-1e-05,0.0,1e-05,-1e-05,0
19613,-1e-05,0.0,-1e-05,-1e-05,-1e-05,0.0,1e-05,-1e-05,0
19614,-1e-05,0.0,-1e-05,-1e-05,-1e-05,0.0,1e-05,-1e-05,0
19615,-1e-05,-2e-05,-1e-05,-2e-05,-2e-05,-2e-05,-3e-05,-1e-05,0
19616,-1e-05,-2e-05,-1e-05,-2e-05,-2e-05,-2e-05,-3e-05,-1e-05,0
19617,-1e-05,-2e-05,-1e-05,-2e-05,-2e-05,-2e-05,-3e-05,-1e-05,0
19618,-1e-05,-2e-05,-1e-05,-2e-05,-2e-05,-2e-05,-3e-05,-1e-05,0
19619,-1e-05,-2e-05,-1e-05,-2e-05,-2e-05,-2e-05,-3e-05,-1e-05,0
19620,-1e-05,-2e-05,-1e-05,-2e-05,-2e-05,-2e-05,-3e-05,-1e-05,0
19621,-1e-05,-2e-05,-1e-05,-2e-05,-2e-05,-2e-05,-3e-05,-1e-05,0
19622,-1e-05,-1e-05,-2e-05,2e-05,0.0,-1e-05,1e-05,0.0,0
19623,-1e-05,-1e-05,-2e-05,2e-05,0.0,-1e-05,1e-05,0.0,0
19624,-2e-05,2e-05,-1e-05,1e-05,-1e-05,-3e-05,-1e-05,-2e-05,0
19625,-2e-05,2e-05,-1e-05,1e-05,-1e-05,-3e-05,-1e-05,-2e-05,0
19626,-2e-05,2e-05,-1e-05,1e-05,-1e-05,-3e-05,-1e-05,-2e-05,0
19627,-2e-05,2e-05,-1e-05,1e-05,-1e-05,-3e-05,-1e-05,-2e-05,0
19628,-2e-05,2e-05,-1e-05,1e-05,-1e-05,-3e-05,-1e-05,-2e-05,0
19629,-2e-05,2e-05,-1e-05,1e-05,-1e-05,-3e-05,-1e-05,-2e-05,0
19630,-2e-05,2e-05,-1e-05,1e-05,-1e-05,-3e-05,-1e-05,-2e-05,0
19631,-2e-05,2e-05,-1e-05,1e-05,-1e-05,-3e-05,-1e-05,-2e-05,0
19632,-2e-05,2e-05,-1e-05,1e-05,-1e-05,-3e-05,-1e-05,-2e-05,0
19633,-2e-05,2e-05,-1e-05,1e-05,-1e-05,-3e-05,-1e-05,-2e-05,0
19634,-2e-05,2e-05,-1e-05,1e-05,-1e-05,-3e-05,-1e-05,-2e-05,0
19635,-2e-05,2e-05,-1e-05,1e-05,-1e-05,-3e-05,-1e-05,-2e-05,0
19636,-2e-05,2e-05,-1e-05,1e-05,-1e-05,-3e-05,-1e-05,-2e-05,0
19639,-2e-05,2e-05,-1e-05,1e-05,-1e-05,-3e-05,-1e-05,-2e-05,0
19640,-2e-05,2e-05,-1e-05,1e-05,-1e-05,-3e-05,-1e-05,-2e-05,0
19641,-2e-05,2e-05,-1e-05,1e-05,-1e-05,-3e-05,-1e-05,-2e-05,0
19642,-2e-05,2e-05,-1e-05,1e-05,-1e-05,-3e-05,-1e-05,-2e-05,0
19643,-2e-05,2e-05,-1e-05,1e-05,-1e-05,-3e-05,-1e-05,-2e-05,0
19644,-2e-05,2e-05,-1e-05,1e-05,-1e-05,-3e-05,-1e-05,-2e-05,0
19645,-2e-05,-1e-05,-3e-05,-1e-05,0.0,-3e-05,0.0,-1e-05,0
19646,0.0,-1e-05,-2e-05,-4e-05,1e-05,2e-05,-1e-05,0.0,0
19647,-1e-05,-3e-05,0.0,7e-05,1e-05,-2e-05,0.0,-1e-05,0
19648,-1e-05,-3e-05,0.0,7e-05,1e-05,-2e-05,0.0,-1e-05,0
19649,-1e-05,-3e-05,0.0,7e-05,1e-05,-2e-05,0.0,-1e-05,0
19650,-1e-05,-3e-05,0.0,7e-05,1e-05,-2e-05,0.0,-1e-05,0
19651,-1e-05,-3e-05,0.0,7e-05,1e-05,-2e-05,0.0,-1e-05,0
19652,-1e-05,-3e-05,0.0,7e-05,1e-05,-2e-05,0.0,-1e-05,0
19654,-1e-05,-3e-05,0.0,7e-05,1e-05,-2e-05,0.0,-1e-05,0
19655,-1e-05,-3e-05,0.0,7e-05,1e-05,-2e-05,0.0,-1e-05,0
19656,-1e-05,-3e-05,0.0,7e-05,1e-05,-2e-05,0.0,-1e-05,0
19657,-1e-05,-3e-05,0.0,7e-05,1e-05,-2e-05,0.0,-1e-05,0
19658,-1e-05,-3e-05,0.0,7e-05,1e-05,-2e-05,0.0,-1e-05,0
19659,0.0,-1e-05,-1e-05,-3e-05,-2e-05,0.0,-1e-05,0.0,0
19660,0.0,-1e-05,-1e-05,-3e-05,-2e-05,0.0,-1e-05,0.0,0
19661,0.0,-1e-05,-1e-05,-3e-05,-2e-05,0.0,-1e-05,0.0,0
19662,0.0,-1e-05,-1e-05,-3e-05,-2e-05,0.0,-1e-05,0.0,0
19663,0.0,-1e-05,-1e-05,-3e-05,-2e-05,0.0,-1e-05,0.0,0
19664,0.0,-1e-05,-1e-05,-3e-05,-2e-05,0.0,-1e-05,0.0,0
19665,0.0,-1e-05,-1e-05,-3e-05,-2e-05,0.0,-1e-05,0.0,0
19666,1e-05,0.0,2e-05,2e-05,1e-05,-2e-05,0.0,-2e-05,0
19667,1e-05,0.0,2e-05,2e-05,1e-05,-2e-05,0.0,-2e-05,0
19668,1e-05,0.0,2e-05,2e-05,1e-05,-2e-05,0.0,-2e-05,0
19669,1e-05,0.0,2e-05,2e-05,1e-05,-2e-05,0.0,-2e-05,0
19670,1e-05,0.0,2e-05,2e-05,1e-05,-2e-05,0.0,-2e-05,0
19671,1e-05,0.0,2e-05,2e-05,1e-05,-2e-05,0.0,-2e-05,0
19672,1e-05,0.0,2e-05,2e-05,1e-05,-2e-05,0.0,-2e-05,0
19673,1e-05,0.0,2e-05,2e-05,1e-05,-2e-05,0.0,-2e-05,0
19674,1e-05,0.0,2e-05,2e-05,1e-05,-2e-05,0.0,-2e-05,0
19675,1e-05,0.0,2e-05,2e-05,1e-05,-2e-05,0.0,-2e-05,0
19676,1e-05,0.0,2e-05,2e-05,1e-05,-2e-05,0.0,-2e-05,0
19677,1e-05,0.0,2e-05,2e-05,1e-05,-2e-05,0.0,-2e-05,0
19678,1e-05,0.0,2e-05,2e-05,1e-05,-2e-05,0.0,-2e-05,0
19679,1e-05,0.0,2e-05,2e-05,1e-05,-2e-05,0.0,-2e-05,0
19680,1e-05,0.0,2e-05,2e-05,1e-05,-2e-05,0.0,-2e-05,0
19681,1e-05,0.0,2e-05,2e-05,1e-05,-2e-05,0.0,-2e-05,0
19682,-3e-05,-6e-05,-5e-05,-7e-05,-5e-05,-3e-05,0.0,-1e-05,0
19683,-3e-05,-6e-05,-5e-05,-7e-05,-5e-05,-3e-05,0.0,-1e-05,0
19684,0.0,0.0,-3e-05,-2e-05,4e-05,7e-05,0.0,0.0,0
19685,0.0,0.0,-3e-05,-2e-05,4e-05,7e-05,0.0,0.0,0
19687,0.0,0.0,-3e-05,-2e-05,4e-05,7e-05,0.0,0.0,0
19690,0.0,0.0,-3e-05,-2e-05,4e-05,7e-05,0.0,0.0,0
19691,0.0,0.0,-3e-05,-2e-05,4e-05,7e-05,0.0,0.0,0
19692,0.0,0.0,-3e-05,-2e-05,4e-05,7e-05,0.0,0.0,0
19693,0.0,0.0,-3e-05,-2e-05,4e-05,7e-05,0.0,0.0,0
19694,0.0,0.0,-3e-05,-2e-05,4e-05,7e-05,0.0,0.0,0
19695,0.0,0.0,-3e-05,-2e-05,4e-05,7e-05,0.0,0.0,0
19696,0.0,0.0,-3e-05,-2e-05,4e-05,7e-05,0.0,0.0,0
19697,0.0,0.0,-3e-05,-2e-05,4e-05,7e-05,0.0,0.0,0
19698,0.0,0.0,-3e-05,-2e-05,4e-05,7e-05,0.0,0.0,0
19699,0.0,0.0,-3e-05,-2e-05,4e-05,7e-05,0.0,0.0,0
19700,0.0,0.0,-3e-05,-2e-05,4e-05,7e-05,0.0,0.0,0
19701,0.0,0.0,-3e-05,-2e-05,4e-05,7e-05,0.0,0.0,0
19702,0.0,0.0,-3e-05,-2e-05,4e-05,7e-05,0.0,0.0,0
19704,0.0,0.0,-3e-05,-2e-05,4e-05,7e-05,0.0,0.0,0
19705,1e-05,4e-05,3e-05,-1e-05,0.0,0.0,0.0,0.0,0
19706,1e-05,4e-05,3e-05,-1e-05,0.0,0.0,0.0,0.0,0
19707,-1e-05,-2e-05,-3e-05,-5e-05,-6e-05,-3e-05,0.0,-1e-05,0
19708,-1e-05,-2e-05,-3e-05,-5e-05,-6e-05,-3e-05,0.0,-1e-05,0
19709,-1e-05,-2e-05,-3e-05,-5e-05,-6e-05,-3e-05,0.0,-1e-05,0
19710,-1e-05,-2e-05,-3e-05,-5e-05,-6e-05,-3e-05,0.0,-1e-05,0
19711,-1e-05,-2e-05,-3e-05,-5e-05,-6e-05,-3e-05,0.0,-1e-05,0
19712,-1e-05,-2e-05,-3e-05,-5e-05,-6e-05,-3e-05,0.0,-1e-05,0
19713,-1e-05,-2e-05,-3e-05,-5e-05,-6e-05,-3e-05,0.0,-1e-05,0
19714,-1e-05,-2e-05,-3e-05,-5e-05,-6e-05,-3e-05,0.0,-1e-05,0
19715,-1e-05,-2e-05,-3e-05,-5e-05,-6e-05,-3e-05,0.0,-1e-05,0
19716,-1e-05,-2e-05,-3e-05,-5e-05,-6e-05,-3e-05,0.0,-1e-05,0
19717,-1e-05,-2e-05,-3e-05,-5e-05,-6e-05,-3e-05,0.0,-1e-05,0
19718,-2e-05,-1e-05,-7e-05,0.0,0.0,-1e-05,-1e-05,-3e-05,0
19719,0.0,1e-05,2e-05,-4e-05,-2e-05,-1e-05,0.0,0.0,0
19720,0.0,1e-05,2e-05,-4e-05,-2e-05,-1e-05,0.0,0.0,0
19721,0.0,1e-05,2e-05,-4e-05,-2e-05,-1e-05,0.0,0.0,0
19722,0.0,1e-05,2e-05,-4e-05,-2e-05,-1e-05,0.0,0.0,0
19723,0.0,1e-05,2e-05,-4e-05,-2e-05,-1e-05,0.0,0.0,0
19724,0.0,1e-05,2e-05,-4e-05,-2e-05,-1e-05,0.0,0.0,0
19725,0.0,1e-05,2e-05,-4e-05,-2e-05,-1e-05,0.0,0.0,0
19726,0.0,1e-05,2e-05,-4e-05,-2e-05,-1e-05,0.0,0.0,0
19727,-2e-05,2e-05,0.0,-1e-05,-1e-05,-2e-05,0.0,0.0,0
19728,-2e-05,-1e-05,-1e-05,1e-05,0.0,-3e-05,-1e-05,-1e-05,0
19729,-2e-05,-1e-05,-1e-05,1e-05,0.0,-3e-05,-1e-05,-1e-05,0
19730,-2e-05,-1e-05,-1e-05,1e-05,0.0,-3e-05,-1e-05,-1e-05,0
19731,-2e-05,-1e-05,-1e-05,1e-05,0.0,-3e-05,-1e-05,-1e-05,0
19732,-2e-05,-1e-05,-1e-05,1e-05,0.0,-3e-05,-1e-05,-1e-05,0
19733,-2e-05,-1e-05,-1e-05,1e-05,0.0,-3e-05,-1e-05,-1e-05,0
19734,-2e-05,-1e-05,-1e-05,1e-05,0.0,-3e-05,-1e-05,-1e-05,0
19735,-2e-05,-1e-05,-1e-05,1e-05,0.0,-3e-05,-1e-05,-1e-05,0
19736,-2e-05,-1e-05,-1e-05,1e-05,0.0,-3e-05,-1e-05,-1e-05,0
19739,-2e-05,-1e-05,-1e-05,1e-05,0.0,-3e-05,-1e-05,-1e-05,0
19740,-2e-05,-1e-05,-1e-05,1e-05,0.0,-3e-05,-1e-05,-1e-05,0
19741,-2e-05,-1e-05,-1e-05,1e-05,0.0,-3e-05,-1e-05,-1e-05,0
19742,-1e-05,-1e-05,0.0,5e-05,0.0,-2e-05,-3e-05,-1e-05,0
19743,-1e-05,-1e-05,0.0,5e-05,0.0,-2e-05,-3e-05,-1e-05,0
19744,-2e-05,0.0,1e-05,-1e-05,-1e-05,-4e-05,-3e-05,0.0,0
19745,-2e-05,0.0,1e-05,-1e-05,-1e-05,-4e-05,-3e-05,0.0,0
19746,-2e-05,0.0,1e-05,-1e-05,-1e-05,-4e-05,-3e-05,0.0,0
19747,-2e-05,0.0,1e-05,-1e-05,-1e-05,-4e-05,-3e-05,0.0,0
19748,-2e-05,0.0,1e-05,-1e-05,-1e-05,-4e-05,-3e-05,0.0,0
19749,-2e-05,0.0,1e-05,-1e-05,-1e-05,-4e-05,-3e-05,0.0,0
19750,-2e-05,0.0,1e-05,-1e-05,-1e-05,-4e-05,-3e-05,0.0,0
19751,-2e-05,0.0,1e-05,-1e-05,-1e-05,-4e-05,-3e-05,0.0,0
19752,-2e-05,0.0,1e-05,-1e-05,-1e-05,-4e-05,-3e-05,0.0,0
19754,-2e-05,0.0,1e-05,-1e-05,-1e-05,-4e-05,-3e-05,0.0,0
19755,-2e-05,0.0,1e-05,-1e-05,-1e-05,-4e-05,-3e-05,0.0,0
19756,-2e-05,0.0,1e-05,-1e-05,-1e-05,-4e-05,-3e-05,0.0,0
19757,-2e-05,0.0,1e-05,-1e-05,-1e-05,-4e-05,-3e-05,0.0,0
19758,-2e-05,0.0,1e-05,-1e-05,-1e-05,-4e-05,-3e-05,0.0,0
19759,-2e-05,0.0,1e-05,-1e-05,-1e-05,-4e-05,-3e-05,0.0,0
19760,-2e-05,0.0,1e-05,-1e-05,-1e-05,-4e-05,-3e-05,0.0,0
19761,-2e-05,0.0,1e-05,-1e-05,-1e-05,-4e-05,-3e-05,0.0,0
19762,-2e-05,0.0,1e-05,-1e-05,-1e-05,-4e-05,-3e-05,0.0,0
19763,-2e-05,0.0,1e-05,-1e-05,-1e-05,-4e-05,-3e-05,0.0,0
19764,-2e-05,0.0,1e-05,-1e-05,-1e-05,-4e-05,-3e-05,0.0,0
19765,-2e-05,-4e-05,-5e-05,-4e-05,-1e-05,0.0,0.0,-2e-05,0
19766,0.0,-2e-05,-3e-05,-6e-05,-1e-05,-2e-05,-1e-05,-1e-05,0
19768,0.0,-2e-05,-3e-05,-6e-05,-1e-05,-2e-05,-1e-05,-1e-05,0
19769,0.0,-2e-05,-3e-05,-6e-05,-1e-05,-2e-05,-1e-05,-1e-05,0
19770,0.0,-2e-05,-3e-05,-6e-05,-1e-05,-2e-05,-1e-05,-1e-05,0
19771,0.0,-2e-05,-3e-05,-6e-05,-1e-05,-2e-05,-1e-05,-1e-05,0
19772,0.0,-2e-05,-3e-05,-6e-05,-1e-05,-2e-05,-1e-05,-1e-05,0
19773,0.0,-2e-05,-3e-05,-6e-05,-1e-05,-2e-05,-1e-05,-1e-05,0
19774,0.0,-2e-05,-3e-05,-6e-05,-1e-05,-2e-05,-1e-05,-1e-05,0
19775,0.0,-2e-05,-3e-05,-6e-05,-1e-05,-2e-05,-1e-05,-1e-05,0
19776,0.0,-2e-05,-3e-05,-6e-05,-1e-05,-2e-05,-1e-05,-1e-05,0
19777,0.0,-2e-05,-3e-05,-6e-05,-1e-05,-2e-05,-1e-05,-1e-05,0
19778,0.0,-2e-05,-3e-05,-6e-05,-1e-05,-2e-05,-1e-05,-1e-05,0
19779,0.0,3e-05,1e-05,2e-05,0.0,-1e-05,-2e-05,0.0,0
19780,0.0,3e-05,1e-05,2e-05,0.0,-1e-05,-2e-05,0.0,0
19781,0.0,3e-05,1e-05,2e-05,0.0,-1e-05,-2e-05,0.0,0
19782,0.0,3e-05,1e-05,2e-05,0.0,-1e-05,-2e-05,0.0,0
19783,0.0,3e-05,1e-05,2e-05,0.0,-1e-05,-2e-05,0.0,0
19784,0.0,3e-05,1e-05,2e-05,0.0,-1e-05,-2e-05,0.0,0
19785,0.0,3e-05,1e-05,2e-05,0.0,-1e-05,-2e-05,0.0,0
19786,-1e-05,-2e-05,-2e-05,-9e-05,-4e-05,-3e-05,-1e-05,-1e-05,0
19789,-1e-05,-2e-05,-2e-05,-9e-05,-4e-05,-3e-05,-1e-05,-1e-05,0
19790,-1e-05,-2e-05,-2e-05,-9e-05,-4e-05,-3e-05,-1e-05,-1e-05,0
19791,-1e-05,-2e-05,-2e-05,-9e-05,-4e-05,-3e-05,-1e-05,-1e-05,0
19792,-1e-05,-2e-05,-2e-05,-9e-05,-4e-05,-3e-05,-1e-05,-1e-05,0
19793,-1e-05,-2e-05,-2e-05,-9e-05,-4e-05,-3e-05,-1e-05,-1e-05,0
19794,-1e-05,-2e-05,-2e-05,-9e-05,-4e-05,-3e-05,-1e-05,-1e-05,0
19795,-1e-05,-2e-05,-2e-05,-9e-05,-4e-05,-3e-05,-1e-05,-1e-05,0
19796,-1e-05,-2e-05,-2e-05,-9e-05,-4e-05,-3e-05,-1e-05,-1e-05,0
19797,-1e-05,-2e-05,-2e-05,-9e-05,-4e-05,-3e-05,-1e-05,-1e-05,0
19798,-1e-05,-2e-05,-2e-05,-9e-05,-4e-05,-3e-05,-1e-05,-1e-05,0
19799,-1e-05,-2e-05,-2e-05,-9e-05,-4e-05,-3e-05,-1e-05,-1e-05,0
19800,-1e-05,-2e-05,-2e-05,-9e-05,-4e-05,-3e-05,-1e-05,-1e-05,0
19801,-1e-05,-2e-05,-2e-05,-9e-05,-4e-05,-3e-05,-1e-05,-1e-05,0
19802,-1e-05,-4e-05,-1e-05,-5e-05,-1e-05,-1e-05,-2e-05,-2e-05,0
19805,-1e-05,3e-05,-2e-05,3e-05,0.0,0.0,-2e-05,-1e-05,0
19806,-1e-05,3e-05,-2e-05,3e-05,0.0,0.0,-2e-05,-1e-05,0
19807,-1e-05,3e-05,-2e-05,3e-05,0.0,0.0,-2e-05,-1e-05,0
19808,-1e-05,3e-05,-2e-05,3e-05,0.0,0.0,-2e-05,-1e-05,0
19809,-1e-05,3e-05,-2e-05,3e-05,0.0,0.0,-2e-05,-1e-05,0
19810,-1e-05,3e-05,-2e-05,3e-05,0.0,0.0,-2e-05,-1e-05,0
19811,-1e-05,3e-05,-2e-05,3e-05,0.0,0.0,-2e-05,-1e-05,0
19812,-1e-05,3e-05,-2e-05,3e-05,0.0,0.0,-2e-05,-1e-05,0
19813,-1e-05,3e-05,-2e-05,3e-05,0.0,0.0,-2e-05,-1e-05,0
19814,-1e-05,3e-05,-2e-05,3e-05,0.0,0.0,-2e-05,-1e-05,0
19815,-1e-05,3e-05,-2e-05,3e-05,0.0,0.0,-2e-05,-1e-05,0
19816,-1e-05,3e-05,-2e-05,3e-05,0.0,0.0,-2e-05,-1e-05,0
19817,-1e-05,3e-05,-2e-05,3e-05,0.0,0.0,-2e-05,-1e-05,0
19818,-1e-05,3e-05,-2e-05,3e-05,0.0,0.0,-2e-05,-1e-05,0
19819,-1e-05,3e-05,-2e-05,3e-05,0.0,0.0,-2e-05,-1e-05,0
19820,-1e-05,3e-05,-2e-05,3e-05,0.0,0.0,-2e-05,-1e-05,0
19821,-1e-05,3e-05,-2e-05,3e-05,0.0,0.0,-2e-05,-1e-05,0
19822,-1e-05,3e-05,-2e-05,3e-05,0.0,0.0,-2e-05,-1e-05,0
19823,-1e-05,3e-05,-2e-05,3e-05,0.0,0.0,-2e-05,-1e-05,0
19824,-1e-05,3e-05,-2e-05,3e-05,0.0,0.0,-2e-05,-1e-05,0
19825,-2e-05,-1e-05,-2e-05,0.0,0.0,-2e-05,1e-05,-2e-05,0
19826,-2e-05,-6e-05,-4e-05,-4e-05,-1e-05,-2e-05,-1e-05,1e-05,0
19827,-2e-05,-6e-05,-4e-05,-4e-05,-1e-05,-2e-05,-1e-05,1e-05,0
19828,-2e-05,-6e-05,-4e-05,-4e-05,-1e-05,-2e-05,-1e-05,1e-05,0
19829,-2e-05,-6e-05,-4e-05,-4e-05,-1e-05,-2e-05,-1e-05,1e-05,0
19830,-2e-05,-6e-05,-4e-05,-4e-05,-1e-05,-2e-05,-1e-05,1e-05,0
19831,-2e-05,-6e-05,-4e-05,-4e-05,-1e-05,-2e-05,-1e-05,1e-05,0
19832,-2e-05,-6e-05,-4e-05,-4e-05,-1e-05,-2e-05,-1e-05,1e-05,0
19833,-2e-05,-6e-05,-4e-05,-4e-05,-1e-05,-2e-05,-1e-05,1e-05,0
19834,-2e-05,-6e-05,-4e-05,-4e-05,-1e-05,-2e-05,-1e-05,1e-05,0
19835,-2e-05,-6e-05,-4e-05,-4e-05,-1e-05,-2e-05,-1e-05,1e-05,0
19836,-2e-05,-6e-05,-4e-05,-4e-05,-1e-05,-2e-05,-1e-05,1e-05,0
19839,-2e-05,-6e-05,-4e-05,-4e-05,-1e-05,-2e-05,-1e-05,1e-05,0
19840,-2e-05,-6e-05,-4e-05,-4e-05,-1e-05,-2e-05,-1e-05,1e-05,0
19841,1e-05,0.0,-1e-05,-2e-05,2e-05,0.0,-2e-05,0.0,0
19842,1e-05,0.0,-1e-05,-2e-05,2e-05,0.0,-2e-05,0.0,0
19843,1e-05,0.0,-1e-05,-2e-05,2e-05,0.0,-2e-05,0.0,0
19844,1e-05,0.0,-1e-05,-2e-05,2e-05,0.0,-2e-05,0.0,0
19845,1e-05,0.0,-1e-05,-2e-05,2e-05,0.0,-2e-05,0.0,0
19846,1e-05,0.0,-1e-05,-2e-05,2e-05,0.0,-2e-05,0.0,0
19847,1e-05,0.0,-1e-05,-2e-05,2e-05,0.0,-2e-05,0.0,0
19848,1e-05,0.0,-1e-05,-2e-05,2e-05,0.0,-2e-05,0.0,0
19849,1e-05,0.0,-1e-05,-2e-05,2e-05,0.0,-2e-05,0.0,0
19850,1e-05,0.0,-1e-05,-2e-05,2e-05,0.0,-2e-05,0.0,0
19851,1e-05,0.0,-1e-05,-2e-05,2e-05,0.0,-2e-05,0.0,0
19852,1e-05,0.0,-1e-05,-2e-05,2e-05,0.0,-2e-05,0.0,0
19854,1e-05,0.0,-1e-05,-2e-05,2e-05,0.0,-2e-05,0.0,0
19855,3e-05,6e-05,9e-05,8e-05,2e-05,0.0,-1e-05,0.0,0
19856,3e-05,6e-05,9e-05,8e-05,2e-05,0.0,-1e-05,0.0,0
19857,3e-05,6e-05,9e-05,8e-05,2e-05,0.0,-1e-05,0.0,0
19858,3e-05,6e-05,9e-05,8e-05,2e-05,0.0,-1e-05,0.0,0
19859,3e-05,6e-05,9e-05,8e-05,2e-05,0.0,-1e-05,0.0,0
19860,3e-05,6e-05,9e-05,8e-05,2e-05,0.0,-1e-05,0.0,0
19861,3e-05,6e-05,9e-05,8e-05,2e-05,0.0,-1e-05,0.0,0
19862,-1e-05,-2e-05,-1e-05,0.0,0.0,1e-05,1e-05,-2e-05,0
19863,0.0,-5e-05,-4e-05,-1e-05,-4e-05,-3e-05,0.0,-1e-05,0
19864,0.0,-1e-05,-1e-05,0.0,1e-05,0.0,0.0,-1e-05,0
19865,0.0,-1e-05,-1e-05,0.0,1e-05,0.0,0.0,-1e-05,0
19866,0.0,-1e-05,-1e-05,0.0,1e-05,0.0,0.0,-1e-05,0
19867,0.0,-1e-05,-1e-05,0.0,1e-05,0.0,0.0,-1e-05,0
19868,0.0,-1e-05,-1e-05,0.0,1e-05,0.0,0.0,-1e-05,0
19869,0.0,-1e-05,-1e-05,0.0,1e-05,0.0,0.0,-1e-05,0
19870,0.0,-1e-05,-1e-05,0.0,1e-05,0.0,0.0,-1e-05,0
19871,0.0,-1e-05,-1e-05,0.0,1e-05,0.0,0.0,-1e-05,0
19872,0.0,-1e-05,-1e-05,0.0,1e-05,0.0,0.0,-1e-05,0
19873,0.0,-1e-05,-1e-05,0.0,1e-05,0.0,0.0,-1e-05,0
19874,0.0,-1e-05,-1e-05,0.0,1e-05,0.0,0.0,-1e-05,0
19875,0.0,-1e-05,-1e-05,0.0,1e-05,0.0,0.0,-1e-05,0
19876,0.0,-1e-05,-1e-05,0.0,1e-05,0.0,0.0,-1e-05,0
19877,0.0,-1e-05,-1e-05,0.0,1e-05,0.0,0.0,-1e-05,0
19878,0.0,-1e-05,-1e-05,0.0,1e-05,0.0,0.0,-1e-05,0
19879,0.0,-1e-05,-1e-05,0.0,1e-05,0.0,0.0,-1e-05,0
19880,0.0,-1e-05,-1e-05,0.0,1e-05,0.0,0.0,-1e-05,0
19881,0.0,-1e-05,-1e-05,0.0,1e-05,0.0,0.0,-1e-05,0
19882,0.0,-1e-05,-1e-05,0.0,1e-05,0.0,0.0,-1e-05,0
19883,0.0,-1e-05,-1e-05,0.0,1e-05,0.0,0.0,-1e-05,0
19884,0.0,-1e-05,-1e-05,0.0,1e-05,0.0,0.0,-1e-05,0
19885,-2e-05,-2e-05,-2e-05,0.0,-4e-05,-1e-05,0.0,-1e-05,0
19886,1e-05,-1e-05,0.0,-3e-05,5e-05,-1e-05,0.0,-2e-05,0
19889,0.0,0.0,-3e-05,-2e-05,-2e-05,0.0,0.0,0.0,0
19890,0.0,0.0,-3e-05,-2e-05,-2e-05,0.0,0.0,0.0,0
19891,0.0,0.0,-3e-05,-2e-05,-2e-05,0.0,0.0,0.0,0
19892,0.0,0.0,-3e-05,-2e-05,-2e-05,0.0,0.0,0.0,0
19893,0.0,0.0,-3e-05,-2e-05,-2e-05,0.0,0.0,0.0,0
19894,0.0,0.0,-3e-05,-2e-05,-2e-05,0.0,0.0,0.0,0
19895,0.0,0.0,-3e-05,-2e-05,-2e-05,0.0,0.0,0.0,0
19896,0.0,0.0,-3e-05,-2e-05,-2e-05,0.0,0.0,0.0,0
19897,0.0,0.0,-3e-05,-2e-05,-2e-05,0.0,0.0,0.0,0
19898,0.0,0.0,-3e-05,-2e-05,-2e-05,0.0,0.0,0.0,0
19899,-3e-05,1e-05,-1e-05,0.0,-1e-05,-1e-05,0.0,-1e-05,0
19900,-3e-05,1e-05,-1e-05,0.0,-1e-05,-1e-05,0.0,-1e-05,0
19901,-3e-05,1e-05,-1e-05,0.0,-1e-05,-1e-05,0.0,-1e-05,0
19902,-3e-05,1e-05,-1e-05,0.0,-1e-05,-1e-05,0.0,-1e-05,0
19903,-3e-05,1e-05,-1e-05,0.0,-1e-05,-1e-05,0.0,-1e-05,0
19904,-3e-05,1e-05,-1e-05,0.0,-1e-05,-1e-05,0.0,-1e-05,0
19905,-3e-05,1e-05,-1e-05,0.0,-1e-05,-1e-05,0.0,-1e-05,0
19906,-2e-05,0.0,3e-05,-2e-05,0.0,-3e-05,-2e-05,-2e-05,0
19907,-2e-05,0.0,3e-05,-2e-05,0.0,-3e-05,-2e-05,-2e-05,0
19908,-2e-05,0.0,3e-05,-2e-05,0.0,-3e-05,-2e-05,-2e-05,0
19909,-2e-05,0.0,3e-05,-2e-05,0.0,-3e-05,-2e-05,-2e-05,0
19910,-2e-05,0.0,3e-05,-2e-05,0.0,-3e-05,-2e-05,-2e-05,0
19911,-2e-05,0.0,3e-05,-2e-05,0.0,-3e-05,-2e-05,-2e-05,0
19912,-2e-05,0.0,3e-05,-2e-05,0.0,-3e-05,-2e-05,-2e-05,0
19913,-2e-05,0.0,3e-05,-2e-05,0.0,-3e-05,-2e-05,-2e-05,0
19914,-2e-05,0.0,3e-05,-2e-05,0.0,-3e-05,-2e-05,-2e-05,0
19915,-2e-05,0.0,3e-05,-2e-05,0.0,-3e-05,-2e-05,-2e-05,0
19916,-2e-05,0.0,3e-05,-2e-05,0.0,-3e-05,-2e-05,-2e-05,0
19917,-2e-05,0.0,3e-05,-2e-05,0.0,-3e-05,-2e-05,-2e-05,0
19918,-2e-05,0.0,3e-05,-2e-05,0.0,-3e-05,-2e-05,-2e-05,0
19919,-2e-05,0.0,3e-05,-2e-05,0.0,-3e-05,-2e-05,-2e-05,0
19920,-2e-05,0.0,3e-05,-2e-05,0.0,-3e-05,-2e-05,-2e-05,0
19921,-2e-05,0.0,3e-05,-2e-05,0.0,-3e-05,-2e-05,-2e-05,0
19922,2e-05,-2e-05,-3e-05,2e-05,1e-05,0.0,0.0,2e-05,0
19923,2e-05,-2e-05,-3e-05,2e-05,1e-05,0.0,0.0,2e-05,0
19924,-0.00011,-0.00021,-0.00026,-0.00018,-9e-05,-3e-05,-1e-05,-2e-05,0
19925,-1e-05,1e-05,0.0,-0.0001,2e-05,2e-05,-1e-05,-3e-05,0
19926,-1e-05,1e-05,0.0,-0.0001,2e-05,2e-05,-1e-05,-3e-05,0
19927,-1e-05,1e-05,0.0,-0.0001,2e-05,2e-05,-1e-05,-3e-05,0
19928,-1e-05,1e-05,0.0,-0.0001,2e-05,2e-05,-1e-05,-3e-05,0
19929,-1e-05,1e-05,0.0,-0.0001,2e-05,2e-05,-1e-05,-3e-05,0
19930,-1e-05,1e-05,0.0,-0.0001,2e-05,2e-05,-1e-05,-3e-05,0
19931,-1e-05,1e-05,0.0,-0.0001,2e-05,2e-05,-1e-05,-3e-05,0
19932,-1e-05,1e-05,0.0,-0.0001,2e-05,2e-05,-1e-05,-3e-05,0
19933,-1e-05,1e-05,0.0,-0.0001,2e-05,2e-05,-1e-05,-3e-05,0
19934,-1e-05,1e-05,0.0,-0.0001,2e-05,2e-05,-1e-05,-3e-05,0
19935,-1e-05,1e-05,0.0,-0.0001,2e-05,2e-05,-1e-05,-3e-05,0
19936,-1e-05,1e-05,0.0,-0.0001,2e-05,2e-05,-1e-05,-3e-05,0
19939,-1e-05,1e-05,0.0,-0.0001,2e-05,2e-05,-1e-05,-3e-05,0
19940,-1e-05,1e-05,0.0,-0.0001,2e-05,2e-05,-1e-05,-3e-05,0
19941,-1e-05,1e-05,0.0,-0.0001,2e-05,2e-05,-1e-05,-3e-05,0
19942,-1e-05,1e-05,0.0,-0.0001,2e-05,2e-05,-1e-05,-3e-05,0
19943,-1e-05,1e-05,0.0,-0.0001,2e-05,2e-05,-1e-05,-3e-05,0
19944,-1e-05,1e-05,0.0,-0.0001,2e-05,2e-05,-1e-05,-3e-05,0
19945,2e-05,9e-05,0.00013,2e-05,1e-05,1e-05,-2e-05,-1e-05,0
19946,2e-05,9e-05,0.00013,2e-05,1e-05,1e-05,-2e-05,-1e-05,0
19947,-3e-05,-4e-05,-4e-05,-3e-05,-3e-05,-3e-05,-2e-05,1e-05,0
19948,-3e-05,-4e-05,-4e-05,-3e-05,-3e-05,-3e-05,-2e-05,1e-05,0
19949,-3e-05,-4e-05,-4e-05,-3e-05,-3e-05,-3e-05,-2e-05,1e-05,0
19950,-3e-05,-4e-05,-4e-05,-3e-05,-3e-05,-3e-05,-2e-05,1e-05,0
19951,-3e-05,-4e-05,-4e-05,-3e-05,-3e-05,-3e-05,-2e-05,1e-05,0
19952,-3e-05,-4e-05,-4e-05,-3e-05,-3e-05,-3e-05,-2e-05,1e-05,0
19953,-3e-05,-4e-05,-4e-05,-3e-05,-3e-05,-3e-05,-2e-05,1e-05,0
19954,-3e-05,-4e-05,-4e-05,-3e-05,-3e-05,-3e-05,-2e-05,1e-05,0
19955,-3e-05,-4e-05,-4e-05,-3e-05,-3e-05,-3e-05,-2e-05,1e-05,0
19956,-3e-05,-4e-05,-4e-05,-3e-05,-3e-05,-3e-05,-2e-05,1e-05,0
19957,-3e-05,-4e-05,-4e-05,-3e-05,-3e-05,-3e-05,-2e-05,1e-05,0
19958,-3e-05,-4e-05,-4e-05,-3e-05,-3e-05,-3e-05,-2e-05,1e-05,0
19959,-1e-05,0.0,2e-05,-6e-05,-1e-05,0.0,-1e-05,-1e-05,0
19960,2e-05,3e-05,2e-05,-1e-05,-1e-05,-1e-05,-1e-05,-2e-05,0
19961,2e-05,3e-05,2e-05,-1e-05,-1e-05,-1e-05,-1e-05,-2e-05,0
19962,2e-05,3e-05,2e-05,-1e-05,-1e-05,-1e-05,-1e-05,-2e-05,0
19963,2e-05,3e-05,2e-05,-1e-05,-1e-05,-1e-05,-1e-05,-2e-05,0
19964,2e-05,3e-05,2e-05,-1e-05,-1e-05,-1e-05,-1e-05,-2e-05,0
19965,2e-05,3e-05,2e-05,-1e-05,-1e-05,-1e-05,-1e-05,-2e-05,0
19966,2e-05,3e-05,2e-05,-1e-05,-1e-05,-1e-05,-1e-05,-2e-05,0
19967,2e-05,3e-05,2e-05,-1e-05,-1e-05,-1e-05,-1e-05,-2e-05,0
19968,-8e-05,-9e-05,-0.00013,-7e-05,-6e-05,-3e-05,0.0,-3e-05,0
19969,-8e-05,-9e-05,-0.00013,-7e-05,-6e-05,-3e-05,0.0,-3e-05,0
19970,-8e-05,-9e-05,-0.00013,-7e-05,-6e-05,-3e-05,0.0,-3e-05,0
19971,-8e-05,-9e-05,-0.00013,-7e-05,-6e-05,-3e-05,0.0,-3e-05,0
19972,-8e-05,-9e-05,-0.00013,-7e-05,-6e-05,-3e-05,0.0,-3e-05,0
19973,-8e-05,-9e-05,-0.00013,-7e-05,-6e-05,-3e-05,0.0,-3e-05,0
19974,-8e-05,-9e-05,-0.00013,-7e-05,-6e-05,-3e-05,0.0,-3e-05,0
19975,-8e-05,-9e-05,-0.00013,-7e-05,-6e-05,-3e-05,0.0,-3e-05,0
19976,-8e-05,-9e-05,-0.00013,-7e-05,-6e-05,-3e-05,0.0,-3e-05,0
19977,-8e-05,-9e-05,-0.00013,-7e-05,-6e-05,-3e-05,0.0,-3e-05,0
19978,-8e-05,-9e-05,-0.00013,-7e-05,-6e-05,-3e-05,0.0,-3e-05,0
19979,-8e-05,-9e-05,-0.00013,-7e-05,-6e-05,-3e-05,0.0,-3e-05,0
19980,-8e-05,-9e-05,-0.00013,-7e-05,-6e-05,-3e-05,0.0,-3e-05,0
19981,-8e-05,-9e-05,-0.00013,-7e-05,-6e-05,-3e-05,0.0,-3e-05,0
19982,-1e-05,-3e-05,-4e-05,-1e-05,-3e-05,-2e-05,0.0,-2e-05,0
19983,-1e-05,-3e-05,-4e-05,-1e-05,-3e-05,-2e-05,0.0,-2e-05,0
19984,3e-05,2e-05,5e-05,9e-05,2e-05,-1e-05,-1e-05,0.0,0
19985,3e-05,2e-05,5e-05,9e-05,2e-05,-1e-05,-1e-05,0.0,0
19986,3e-05,2e-05,5e-05,9e-05,2e-05,-1e-05,-1e-05,0.0,0
19989,3e-05,2e-05,5e-05,9e-05,2e-05,-1e-05,-1e-05,0.0,0
19990,3e-05,2e-05,5e-05,9e-05,2e-05,-1e-05,-1e-05,0.0,0
19991,3e-05,2e-05,5e-05,9e-05,2e-05,-1e-05,-1e-05,0.0,0
19992,3e-05,2e-05,5e-05,9e-05,2e-05,-1e-05,-1e-05,0.0,0
19993,3e-05,2e-05,5e-05,9e-05,2e-05,-1e-05,-1e-05,0.0,0
19994,3e-05,2e-05,5e-05,9e-05,2e-05,-1e-05,-1e-05,0.0,0
19995,3e-05,2e-05,5e-05,9e-05,2e-05,-1e-05,-1e-05,0.0,0
19996,3e-05,2e-05,5e-05,9e-05,2e-05,-1e-05,-1e-05,0.0,0
19997,3e-05,2e-05,5e-05,9e-05,2e-05,-1e-05,-1e-05,0.0,0
19998,3e-05,2e-05,5e-05,9e-05,2e-05,-1e-05,-1e-05,0.0,0
19999,3e-05,2e-05,5e-05,9e-05,2e-05,-1e-05,-1e-05,0.0,0
20000,3e-05,2e-05,5e-05,9e-05,2e-05,-1e-05,-1e-05,0.0,0
20001,3e-05,2e-05,5e-05,9e-05,2e-05,-1e-05,-1e-05,0.0,0
20002,3e-05,2e-05,5e-05,9e-05,2e-05,-1e-05,-1e-05,0.0,0
20003,3e-05,2e-05,5e-05,9e-05,2e-05,-1e-05,-1e-05,0.0,0
20004,3e-05,2e-05,5e-05,9e-05,2e-05,-1e-05,-1e-05,0.0,0
20005,-3e-05,-4e-05,-3e-05,7e-05,0.0,-1e-05,-1e-05,-2e-05,0
20006,3e-05,2e-05,6e-05,-2e-05,-1e-05,-1e-05,-1e-05,1e-05,0
20007,1e-05,4e-05,5e-05,2e-05,0.0,-2e-05,-2e-05,-1e-05,0
20008,1e-05,4e-05,5e-05,2e-05,0.0,-2e-05,-2e-05,-1e-05,0
20009,1e-05,4e-05,5e-05,2e-05,0.0,-2e-05,-2e-05,-1e-05,0
20010,1e-05,4e-05,5e-05,2e-05,0.0,-2e-05,-2e-05,-1e-05,0
20011,1e-05,4e-05,5e-05,2e-05,0.0,-2e-05,-2e-05,-1e-05,0
20012,1e-05,4e-05,5e-05,2e-05,0.0,-2e-05,-2e-05,-1e-05,0
20013,1e-05,4e-05,5e-05,2e-05,0.0,-2e-05,-2e-05,-1e-05,0
20014,1e-05,4e-05,5e-05,2e-05,0.0,-2e-05,-2e-05,-1e-05,0
20015,1e-05,4e-05,5e-05,2e-05,0.0,-2e-05,-2e-05,-1e-05,0
20016,1e-05,4e-05,5e-05,2e-05,0.0,-2e-05,-2e-05,-1e-05,0
20017,1e-05,4e-05,5e-05,2e-05,0.0,-2e-05,-2e-05,-1e-05,0
20018,-9e-05,-0.00015,-0.00018,-0.00014,-5e-05,0.0,1e-05,-2e-05,0
20019,-3e-05,-5e-05,-5e-05,-8e-05,-2e-05,0.0,-1e-05,-3e-05,0
20020,-3e-05,-5e-05,-5e-05,-8e-05,-2e-05,0.0,-1e-05,-3e-05,0
20021,-3e-05,-5e-05,-5e-05,-8e-05,-2e-05,0.0,-1e-05,-3e-05,0
20022,-3e-05,-5e-05,-5e-05,-8e-05,-2e-05,0.0,-1e-05,-3e-05,0
20023,-3e-05,-5e-05,-5e-05,-8e-05,-2e-05,0.0,-1e-05,-3e-05,0
20024,-3e-05,-5e-05,-5e-05,-8e-05,-2e-05,0.0,-1e-05,-3e-05,0
20025,-3e-05,-5e-05,-5e-05,-8e-05,-2e-05,0.0,-1e-05,-3e-05,0
20026,-3e-05,-5e-05,-5e-05,-8e-05,-2e-05,0.0,-1e-05,-3e-05,0
20027,2e-05,1e-05,0.0,6e-05,1e-05,-1e-05,0.0,0.0,0
20028,1e-05,1e-05,3e-05,-2e-05,0.0,0.0,-1e-05,0.0,0
20029,1e-05,1e-05,3e-05,-2e-05,0.0,0.0,-1e-05,0.0,0
20030,1e-05,1e-05,3e-05,-2e-05,0.0,0.0,-1e-05,0.0,0
20031,1e-05,1e-05,3e-05,-2e-05,0.0,0.0,-1e-05,0.0,0
20033,1e-05,1e-05,3e-05,-2e-05,0.0,0.0,-1e-05,0.0,0
20034,1e-05,1e-05,3e-05,-2e-05,0.0,0.0,-1e-05,0.0,0
20035,1e-05,1e-05,3e-05,-2e-05,0.0,0.0,-1e-05,0.0,0
20045,-1e-05,-2e-05,-2e-05,0.0,-2e-05,-2e-05,-1e-05,2e-05,0
20046,-1e-05,-2e-05,-2e-05,0.0,-2e-05,-2e-05,-1e-05,2e-05,0
20047,-1e-05,-2e-05,-2e-05,0.0,-2e-05,-2e-05,-1e-05,2e-05,0
20048,-1e-05,-2e-05,-2e-05,0.0,-2e-05,-2e-05,-1e-05,2e-05,0
20049,-1e-05,-2e-05,-2e-05,0.0,-2e-05,-2e-05,-1e-05,2e-05,0
20050,0.0,3e-05,7e-05,4e-05,1e-05,-1e-05,0.0,-2e-05,0
20051,0.0,3e-05,7e-05,4e-05,1e-05,-1e-05,0.0,-2e-05,0
20052,0.0,3e-05,7e-05,4e-05,1e-05,-1e-05,0.0,-2e-05,0
20053,0.0,3e-05,7e-05,4e-05,1e-05,-1e-05,0.0,-2e-05,0
20054,0.0,3e-05,7e-05,4e-05,1e-05,-1e-05,0.0,-2e-05,0
20055,0.0,3e-05,7e-05,4e-05,1e-05,-1e-05,0.0,-2e-05,0
20056,0.0,3e-05,7e-05,4e-05,1e-05,-1e-05,0.0,-2e-05,0
20057,0.0,3e-05,7e-05,4e-05,1e-05,-1e-05,0.0,-2e-05,0
20058,0.0,3e-05,7e-05,4e-05,1e-05,-1e-05,0.0,-2e-05,0
20059,0.0,3e-05,7e-05,4e-05,1e-05,-1e-05,0.0,-2e-05,0
20060,0.0,3e-05,7e-05,4e-05,1e-05,-1e-05,0.0,-2e-05,0
20061,0.0,3e-05,7e-05,4e-05,1e-05,-1e-05,0.0,-2e-05,0
20062,0.0,3e-05,7e-05,4e-05,1e-05,-1e-05,0.0,-2e-05,0
20064,0.0,3e-05,7e-05,4e-05,1e-05,-1e-05,0.0,-2e-05,0
20065,-0.00011,-0.00017,-0.00015,-0.0001,-3e-05,-5e-05,0.0,0.0,0
20066,1e-05,-1e-05,-6e-05,-8e-05,1e-05,1e-05,-3e-05,-2e-05,0
20067,0.0,-1e-05,-1e-05,3e-05,-3e-05,0.0,-3e-05,-1e-05,0
20068,0.0,-1e-05,-1e-05,3e-05,-3e-05,0.0,-3e-05,-1e-05,0
20069,0.0,-1e-05,-1e-05,3e-05,-3e-05,0.0,-3e-05,-1e-05,0
20070,0.0,-1e-05,-1e-05,3e-05,-3e-05,0.0,-3e-05,-1e-05,0
20071,0.0,-1e-05,-1e-05,3e-05,-3e-05,0.0,-3e-05,-1e-05,0
20072,0.0,-1e-05,-1e-05,3e-05,-3e-05,0.0,-3e-05,-1e-05,0
20073,0.0,-1e-05,-1e-05,3e-05,-3e-05,0.0,-3e-05,-1e-05,0
20074,0.0,-1e-05,-1e-05,3e-05,-3e-05,0.0,-3e-05,-1e-05,0
20075,0.0,-1e-05,-1e-05,3e-05,-3e-05,0.0,-3e-05,-1e-05,0
20076,0.0,-1e-05,-1e-05,3e-05,-3e-05,0.0,-3e-05,-1e-05,0
20077,0.0,-1e-05,-1e-05,3e-05,-3e-05,0.0,-3e-05,-1e-05,0
20078,3e-05,5e-05,7e-05,0.00022,6e-05,2e-05,-4e-05,-2e-05,0
20079,4e-05,3e-05,4e-05,0.0,-1e-05,-1e-05,-2e-05,-1e-05,0
20080,4e-05,3e-05,4e-05,0.0,-1e-05,-1e-05,-2e-05,-1e-05,0
20081,4e-05,3e-05,4e-05,0.0,-1e-05,-1e-05,-2e-05,-1e-05,0
20082,4e-05,3e-05,4e-05,0.0,-1e-05,-1e-05,-2e-05,-1e-05,0
20083,4e-05,3e-05,4e-05,0.0,-1e-05,-1e-05,-2e-05,-1e-05,0
20084,4e-05,3e-05,4e-05,0.0,-1e-05,-1e-05,-2e-05,-1e-05,0
20085,4e-05,3e-05,4e-05,0.0,-1e-05,-1e-05,-2e-05,-1e-05,0
20087,-1e-05,0.0,0.0,-3e-05,-2e-05,-1e-05,0.0,-1e-05,0
20090,-3e-05,-1e-05,-5e-05,-7e-05,-3e-05,-3e-05,-1e-05,-1e-05,0
20091,-3e-05,-1e-05,-5e-05,-7e-05,-3e-05,-3e-05,-1e-05,-1e-05,0
20092,-3e-05,-1e-05,-5e-05,-7e-05,-3e-05,-3e-05,-1e-05,-1e-05,0
20093,-3e-05,-1e-05,-5e-05,-7e-05,-3e-05,-3e-05,-1e-05,-1e-05,0
20094,-3e-05,-1e-05,-5e-05,-7e-05,-3e-05,-3e-05,-1e-05,-1e-05,0
20095,-3e-05,-1e-05,-5e-05,-7e-05,-3e-05,-3e-05,-1e-05,-1e-05,0
20096,-3e-05,-1e-05,-5e-05,-7e-05,-3e-05,-3e-05,-1e-05,-1e-05,0
20097,-3e-05,-1e-05,-5e-05,-7e-05,-3e-05,-3e-05,-1e-05,-1e-05,0
20098,-3e-05,-1e-05,-5e-05,-7e-05,-3e-05,-3e-05,-1e-05,-1e-05,0
20099,-3e-05,-1e-05,-5e-05,-7e-05,-3e-05,-3e-05,-1e-05,-1e-05,0
20100,-3e-05,-1e-05,-5e-05,-7e-05,-3e-05,-3e-05,-1e-05,-1e-05,0
20101,-3e-05,-1e-05,-5e-05,-7e-05,-3e-05,-3e-05,-1e-05,-1e-05,0
20102,1e-05,2e-05,4e-05,4e-05,-1e-05,0.0,-2e-05,0.0,0
20103,1e-05,2e-05,4e-05,4e-05,-1e-05,0.0,-2e-05,0.0,0
20104,0.0,-3e-05,-4e-05,-6e-05,-1e-05,0.0,1e-05,1e-05,0
20105,0.0,-3e-05,-4e-05,-6e-05,-1e-05,0.0,1e-05,1e-05,0
20106,0.0,-3e-05,-4e-05,-6e-05,-1e-05,0.0,1e-05,1e-05,0
20107,0.0,-3e-05,-4e-05,-6e-05,-1e-05,0.0,1e-05,1e-05,0
20108,0.0,-3e-05,-4e-05,-6e-05,-1e-05,0.0,1e-05,1e-05,0
20109,0.0,-3e-05,-4e-05,-6e-05,-1e-05,0.0,1e-05,1e-05,0
20110,0.0,-3e-05,-4e-05,-6e-05,-1e-05,0.0,1e-05,1e-05,0
20111,0.0,-3e-05,-4e-05,-6e-05,-1e-05,0.0,1e-05,1e-05,0
20112,0.0,-3e-05,-4e-05,-6e-05,-1e-05,0.0,1e-05,1e-05,0
20113,0.0,-3e-05,-4e-05,-6e-05,-1e-05,0.0,1e-05,1e-05,0
20114,0.0,-3e-05,-4e-05,-6e-05,-1e-05,0.0,1e-05,1e-05,0
20115,0.0,-3e-05,-4e-05,-6e-05,-1e-05,0.0,1e-05,1e-05,0
20116,0.0,-3e-05,-4e-05,-6e-05,-1e-05,0.0,1e-05,1e-05,0
20117,0.0,-3e-05,-4e-05,-6e-05,-1e-05,0.0,1e-05,1e-05,0
20118,0.0,-3e-05,-4e-05,-6e-05,-1e-05,0.0,1e-05,1e-05,0
20119,0.0,-3e-05,-4e-05,-6e-05,-1e-05,0.0,1e-05,1e-05,0
20120,0.0,-3e-05,-4e-05,-6e-05,-1e-05,0.0,1e-05,1e-05,0
20121,0.0,-3e-05,-4e-05,-6e-05,-1e-05,0.0,1e-05,1e-05,0
20122,0.0,-3e-05,-4e-05,-6e-05,-1e-05,0.0,1e-05,1e-05,0
20123,0.0,-3e-05,-4e-05,-6e-05,-1e-05,0.0,1e-05,1e-05,0
20124,0.0,-3e-05,-4e-05,-6e-05,-1e-05,0.0,1e-05,1e-05,0
20125,0.0,-3e-05,-4e-05,-6e-05,-1e-05,0.0,1e-05,1e-05,0
20126,1e-05,1e-05,1e-05,8e-05,-1e-05,0.0,0.0,-2e-05,0
20127,0.0,2e-05,7e-05,0.0,1e-05,0.0,-2e-05,-1e-05,0
20128,0.0,2e-05,7e-05,0.0,1e-05,0.0,-2e-05,-1e-05,0
20129,0.0,2e-05,7e-05,0.0,1e-05,0.0,-2e-05,-1e-05,0
20130,0.0,2e-05,7e-05,0.0,1e-05,0.0,-2e-05,-1e-05,0
20131,0.0,2e-05,7e-05,0.0,1e-05,0.0,-2e-05,-1e-05,0
20132,0.0,2e-05,7e-05,0.0,1e-05,0.0,-2e-05,-1e-05,0
20133,0.0,2e-05,7e-05,0.0,1e-05,0.0,-2e-05,-1e-05,0
20134,0.0,2e-05,7e-05,0.0,1e-05,0.0,-2e-05,-1e-05,0
20135,0.0,2e-05,7e-05,0.0,1e-05,0.0,-2e-05,-1e-05,0
20136,0.0,2e-05,7e-05,0.0,1e-05,0.0,-2e-05,-1e-05,0
20139,-1e-05,0.0,-2e-05,-6e-05,-3e-05,-3e-05,0.0,-2e-05,0
20140,-1e-05,0.0,-2e-05,-6e-05,-3e-05,-3e-05,0.0,-2e-05,0
20141,-1e-05,0.0,-2e-05,-6e-05,-3e-05,-3e-05,0.0,-2e-05,0
20142,-1e-05,0.0,-2e-05,-6e-05,-3e-05,-3e-05,0.0,-2e-05,0
20143,-1e-05,0.0,-2e-05,-6e-05,-3e-05,-3e-05,0.0,-2e-05,0
20144,-1e-05,0.0,-2e-05,-6e-05,-3e-05,-3e-05,0.0,-2e-05,0
20145,-1e-05,0.0,-2e-05,-6e-05,-3e-05,-3e-05,0.0,-2e-05,0
20146,-1e-05,0.0,-2e-05,-6e-05,-3e-05,-3e-05,0.0,-2e-05,0
20147,1e-05,2e-05,0.0,7e-05,-1e-05,-2e-05,0.0,-1e-05,0
20148,-3e-05,-7e-05,-4e-05,7e-05,-1e-05,-2e-05,0.0,-1e-05,0
20149,-3e-05,-7e-05,-4e-05,7e-05,-1e-05,-2e-05,0.0,-1e-05,0
20150,-3e-05,-7e-05,-4e-05,7e-05,-1e-05,-2e-05,0.0,-1e-05,0
20151,-3e-05,-7e-05,-4e-05,7e-05,-1e-05,-2e-05,0.0,-1e-05,0
20152,-3e-05,-7e-05,-4e-05,7e-05,-1e-05,-2e-05,0.0,-1e-05,0
20153,-3e-05,-7e-05,-4e-05,7e-05,-1e-05,-2e-05,0.0,-1e-05,0
20154,-3e-05,-7e-05,-4e-05,7e-05,-1e-05,-2e-05,0.0,-1e-05,0
20155,-3e-05,-7e-05,-4e-05,7e-05,-1e-05,-2e-05,0.0,-1e-05,0
20156,-3e-05,-7e-05,-4e-05,7e-05,-1e-05,-2e-05,0.0,-1e-05,0
20157,-3e-05,-7e-05,-4e-05,7e-05,-1e-05,-2e-05,0.0,-1e-05,0
20158,-3e-05,-7e-05,-4e-05,7e-05,-1e-05,-2e-05,0.0,-1e-05,0
20159,-3e-05,-7e-05,-4e-05,7e-05,-1e-05,-2e-05,0.0,-1e-05,0
20160,-3e-05,-7e-05,-4e-05,7e-05,-1e-05,-2e-05,0.0,-1e-05,0
20161,-3e-05,-7e-05,-4e-05,7e-05,-1e-05,-2e-05,0.0,-1e-05,0
20162,1e-05,1e-05,-5e-05,-8e-05,-4e-05,0.0,-1e-05,-1e-05,0
20164,1e-05,1e-05,3e-05,3e-05,0.0,0.0,-1e-05,-3e-05,0
20165,1e-05,1e-05,3e-05,3e-05,0.0,0.0,-1e-05,-3e-05,0
20166,1e-05,1e-05,3e-05,3e-05,0.0,0.0,-1e-05,-3e-05,0
20167,1e-05,1e-05,3e-05,3e-05,0.0,0.0,-1e-05,-3e-05,0
20168,1e-05,1e-05,3e-05,3e-05,0.0,0.0,-1e-05,-3e-05,0
20169,1e-05,1e-05,3e-05,3e-05,0.0,0.0,-1e-05,-3e-05,0
20170,1e-05,1e-05,3e-05,3e-05,0.0,0.0,-1e-05,-3e-05,0
20171,1e-05,1e-05,3e-05,3e-05,0.0,0.0,-1e-05,-3e-05,0
20172,1e-05,1e-05,3e-05,3e-05,0.0,0.0,-1e-05,-3e-05,0
20173,1e-05,1e-05,3e-05,3e-05,0.0,0.0,-1e-05,-3e-05,0
20174,1e-05,1e-05,3e-05,3e-05,0.0,0.0,-1e-05,-3e-05,0
20175,1e-05,1e-05,3e-05,3e-05,0.0,0.0,-1e-05,-3e-05,0
20176,1e-05,1e-05,3e-05,3e-05,0.0,0.0,-1e-05,-3e-05,0
20177,1e-05,1e-05,3e-05,3e-05,0.0,0.0,-1e-05,-3e-05,0
20178,1e-05,1e-05,3e-05,3e-05,0.0,0.0,-1e-05,-3e-05,0
20179,1e-05,1e-05,3e-05,3e-05,0.0,0.0,-1e-05,-3e-05,0
20180,1e-05,1e-05,3e-05,3e-05,0.0,0.0,-1e-05,-3e-05,0
20181,1e-05,1e-05,3e-05,3e-05,0.0,0.0,-1e-05,-3e-05,0
20182,1e-05,1e-05,3e-05,3e-05,0.0,0.0,-1e-05,-3e-05,0
20183,1e-05,1e-05,3e-05,3e-05,0.0,0.0,-1e-05,-3e-05,0
20184,1e-05,1e-05,3e-05,3e-05,0.0,0.0,-1e-05,-3e-05,0
20185,-3e-05,-4e-05,-1e-05,0.0,-2e-05,-2e-05,1e-05,-1e-05,0
20186,-2e-05,-4e-05,-9e-05,-0.00013,-5e-05,-2e-05,-1e-05,-2e-05,0
20189,-1e-05,-1e-05,-6e-05,-2e-05,-1e-05,-1e-05,-3e-05,-2e-05,0
20190,-1e-05,-1e-05,-6e-05,-2e-05,-1e-05,-1e-05,-3e-05,-2e-05,0
20191,-1e-05,-1e-05,-6e-05,-2e-05,-1e-05,-1e-05,-3e-05,-2e-05,0
20192,-1e-05,-1e-05,-6e-05,-2e-05,-1e-05,-1e-05,-3e-05,-2e-05,0
20193,-1e-05,-1e-05,-6e-05,-2e-05,-1e-05,-1e-05,-3e-05,-2e-05,0
20194,-1e-05,-1e-05,-6e-05,-2e-05,-1e-05,-1e-05,-3e-05,-2e-05,0
20195,-1e-05,-1e-05,-6e-05,-2e-05,-1e-05,-1e-05,-3e-05,-2e-05,0
20196,-1e-05,-1e-05,-6e-05,-2e-05,-1e-05,-1e-05,-3e-05,-2e-05,0
20197,-1e-05,-1e-05,-6e-05,-2e-05,-1e-05,-1e-05,-3e-05,-2e-05,0
20198,1e-05,2e-05,0.0,1e-05,-1e-05,1e-05,-1e-05,-1e-05,0
20199,0.0,4e-05,4e-05,1e-05,2e-05,0.0,0.0,-1e-05,0
20200,0.0,4e-05,4e-05,1e-05,2e-05,0.0,0.0,-1e-05,0
20201,0.0,4e-05,4e-05,1e-05,2e-05,0.0,0.0,-1e-05,0
20202,0.0,4e-05,4e-05,1e-05,2e-05,0.0,0.0,-1e-05,0
20203,0.0,4e-05,4e-05,1e-05,2e-05,0.0,0.0,-1e-05,0
20204,0.0,4e-05,4e-05,1e-05,2e-05,0.0,0.0,-1e-05,0
20205,0.0,4e-05,4e-05,1e-05,2e-05,0.0,0.0,-1e-05,0
20206,0.0,4e-05,4e-05,1e-05,2e-05,0.0,0.0,-1e-05,0
20207,0.0,4e-05,4e-05,1e-05,2e-05,0.0,0.0,-1e-05,0
20208,-2e-05,-2e-05,-3e-05,-2e-05,1e-05,-3e-05,0.0,-1e-05,0
20209,-2e-05,-2e-05,-3e-05,-2e-05,1e-05,-3e-05,0.0,-1e-05,0
20210,-2e-05,-2e-05,-3e-05,-2e-05,1e-05,-3e-05,0.0,-1e-05,0
20211,-2e-05,-2e-05,-3e-05,-2e-05,1e-05,-3e-05,0.0,-1e-05,0
20212,-2e-05,-2e-05,-3e-05,-2e-05,1e-05,-3e-05,0.0,-1e-05,0
20213,-2e-05,-2e-05,-3e-05,-2e-05,1e-05,-3e-05,0.0,-1e-05,0
20214,-2e-05,-2e-05,-3e-05,-2e-05,1e-05,-3e-05,0.0,-1e-05,0
20215,-2e-05,-2e-05,-3e-05,-2e-05,1e-05,-3e-05,0.0,-1e-05,0
20216,-2e-05,-2e-05,-3e-05,-2e-05,1e-05,-3e-05,0.0,-1e-05,0
20217,-2e-05,-2e-05,-3e-05,-2e-05,1e-05,-3e-05,0.0,-1e-05,0
20218,-2e-05,-2e-05,-3e-05,-2e-05,1e-05,-3e-05,0.0,-1e-05,0
20219,-2e-05,-2e-05,-3e-05,-2e-05,1e-05,-3e-05,0.0,-1e-05,0
20220,-2e-05,-2e-05,-3e-05,-2e-05,1e-05,-3e-05,0.0,-1e-05,0
20221,-2e-05,-2e-05,-3e-05,-2e-05,1e-05,-3e-05,0.0,-1e-05,0
20222,1e-05,-2e-05,-2e-05,0.0,1e-05,0.0,-1e-05,-1e-05,0
20223,-1e-05,2e-05,2e-05,0.00027,5e-05,1e-05,-2e-05,-2e-05,0
20224,-1e-05,2e-05,2e-05,0.00027,5e-05,1e-05,-2e-05,-2e-05,0
20225,-1e-05,2e-05,2e-05,0.00027,5e-05,1e-05,-2e-05,-2e-05,0
20226,-1e-05,2e-05,2e-05,0.00027,5e-05,1e-05,-2e-05,-2e-05,0
20227,-1e-05,2e-05,2e-05,0.00027,5e-05,1e-05,-2e-05,-2e-05,0
20228,-1e-05,2e-05,2e-05,0.00027,5e-05,1e-05,-2e-05,-2e-05,0
20229,-1e-05,2e-05,2e-05,0.00027,5e-05,1e-05,-2e-05,-2e-05,0
20230,-1e-05,2e-05,2e-05,0.00027,5e-05,1e-05,-2e-05,-2e-05,0
20231,-1e-05,2e-05,2e-05,0.00027,5e-05,1e-05,-2e-05,-2e-05,0
20232,-1e-05,2e-05,2e-05,0.00027,5e-05,1e-05,-2e-05,-2e-05,0
20233,-1e-05,2e-05,2e-05,0.00027,5e-05,1e-05,-2e-05,-2e-05,0
20234,-1e-05,2e-05,2e-05,0.00027,5e-05,1e-05,-2e-05,-2e-05,0
20235,-1e-05,2e-05,2e-05,0.00027,5e-05,1e-05,-2e-05,-2e-05,0
20236,-1e-05,2e-05,2e-05,0.00027,5e-05,1e-05,-2e-05,-2e-05,0
20238,-1e-05,2e-05,2e-05,0.00027,5e-05,1e-05,-2e-05,-2e-05,0
20240,-1e-05,2e-05,2e-05,0.00027,5e-05,1e-05,-2e-05,-2e-05,0
20241,-1e-05,2e-05,2e-05,0.00027,5e-05,1e-05,-2e-05,-2e-05,0
20242,-1e-05,2e-05,2e-05,0.00027,5e-05,1e-05,-2e-05,-2e-05,0
20243,-1e-05,2e-05,2e-05,0.00027,5e-05,1e-05,-2e-05,-2e-05,0
20244,-1e-05,2e-05,2e-05,0.00027,5e-05,1e-05,-2e-05,-2e-05,0
20245,1e-05,3e-05,4e-05,2e-05,0.0,-1e-05,-1e-05,0.0,0
20246,1e-05,3e-05,4e-05,2e-05,0.0,-1e-05,-1e-05,0.0,0
20247,-2e-05,-3e-05,-3e-05,-0.00012,-2e-05,-1e-05,0.0,0.0,0
20248,-2e-05,-3e-05,-3e-05,-0.00012,-2e-05,-1e-05,0.0,0.0,0
20249,-2e-05,-3e-05,-3e-05,-0.00012,-2e-05,-1e-05,0.0,0.0,0
20250,-2e-05,-3e-05,-3e-05,-0.00012,-2e-05,-1e-05,0.0,0.0,0
20251,-2e-05,-3e-05,-3e-05,-0.00012,-2e-05,-1e-05,0.0,0.0,0
20252,-2e-05,-3e-05,-3e-05,-0.00012,-2e-05,-1e-05,0.0,0.0,0
20253,-2e-05,-3e-05,-3e-05,-0.00012,-2e-05,-1e-05,0.0,0.0,0
20254,-2e-05,-3e-05,-3e-05,-0.00012,-2e-05,-1e-05,0.0,0.0,0
20255,-2e-05,-3e-05,-3e-05,-0.00012,-2e-05,-1e-05,0.0,0.0,0
20256,-2e-05,-3e-05,-3e-05,-0.00012,-2e-05,-1e-05,0.0,0.0,0
20257,-2e-05,-3e-05,-3e-05,-0.00012,-2e-05,-1e-05,0.0,0.0,0
20258,-2e-05,-3e-05,-3e-05,-0.00012,-2e-05,-1e-05,0.0,0.0,0
20259,1e-05,3e-05,5e-05,6e-05,0.0,-1e-05,-1e-05,0.0,0
20260,1e-05,3e-05,5e-05,6e-05,0.0,-1e-05,-1e-05,0.0,0
20261,1e-05,3e-05,5e-05,6e-05,0.0,-1e-05,-1e-05,0.0,0
20262,1e-05,3e-05,5e-05,6e-05,0.0,-1e-05,-1e-05,0.0,0
20263,1e-05,3e-05,5e-05,6e-05,0.0,-1e-05,-1e-05,0.0,0
20264,1e-05,3e-05,5e-05,6e-05,0.0,-1e-05,-1e-05,0.0,0
20265,1e-05,3e-05,5e-05,6e-05,0.0,-1e-05,-1e-05,0.0,0
20266,1e-05,3e-05,5e-05,6e-05,0.0,-1e-05,-1e-05,0.0,0
20267,1e-05,3e-05,5e-05,6e-05,0.0,-1e-05,-1e-05,0.0,0
20268,1e-05,3e-05,5e-05,6e-05,0.0,-1e-05,-1e-05,0.0,0
20269,1e-05,3e-05,5e-05,6e-05,0.0,-1e-05,-1e-05,0.0,0
20270,1e-05,3e-05,5e-05,6e-05,0.0,-1e-05,-1e-05,0.0,0
20271,1e-05,3e-05,5e-05,6e-05,0.0,-1e-05,-1e-05,0.0,0
20272,1e-05,3e-05,5e-05,6e-05,0.0,-1e-05,-1e-05,0.0,0
20273,1e-05,3e-05,5e-05,6e-05,0.0,-1e-05,-1e-05,0.0,0
20274,1e-05,3e-05,5e-05,6e-05,0.0,-1e-05,-1e-05,0.0,0
20275,-6e-05,-0.0001,-0.00012,-0.00011,-6e-05,-2e-05,1e-05,0.0,0
20276,-2e-05,-3e-05,-7e-05,-7e-05,0.0,0.0,-1e-05,-2e-05,0
20277,-2e-05,-3e-05,-7e-05,-7e-05,0.0,0.0,-1e-05,-2e-05,0
20278,-2e-05,-3e-05,-7e-05,-7e-05,0.0,0.0,-1e-05,-2e-05,0
20279,-2e-05,-3e-05,-7e-05,-7e-05,0.0,0.0,-1e-05,-2e-05,0
20280,-2e-05,-3e-05,-7e-05,-7e-05,0.0,0.0,-1e-05,-2e-05,0
20281,-2e-05,-3e-05,-7e-05,-7e-05,0.0,0.0,-1e-05,-2e-05,0
20282,-1e-05,1e-05,-3e-05,9e-05,2e-05,4e-05,0.0,1e-05,0
20283,-1e-05,1e-05,1e-05,-2e-05,0.0,-1e-05,-2e-05,-1e-05,0
20284,-1e-05,-1e-05,1e-05,-5e-05,-4e-05,-1e-05,-1e-05,0.0,0
20285,-1e-05,-1e-05,1e-05,-5e-05,-4e-05,-1e-05,-1e-05,0.0,0
20286,-1e-05,-1e-05,1e-05,-5e-05,-4e-05,-1e-05,-1e-05,0.0,0
20288,-1e-05,-1e-05,1e-05,-5e-05,-4e-05,-1e-05,-1e-05,0.0,0
20290,-1e-05,-1e-05,1e-05,-5e-05,-4e-05,-1e-05,-1e-05,0.0,0
20291,-1e-05,-1e-05,1e-05,-5e-05,-4e-05,-1e-05,-1e-05,0.0,0
20292,-1e-05,-1e-05,1e-05,-5e-05,-4e-05,-1e-05,-1e-05,0.0,0
20293,-1e-05,-1e-05,1e-05,-5e-05,-4e-05,-1e-05,-1e-05,0.0,0
20294,-1e-05,-1e-05,1e-05,-5e-05,-4e-05,-1e-05,-1e-05,0.0,0
20295,-1e-05,-1e-05,1e-05,-5e-05,-4e-05,-1e-05,-1e-05,0.0,0
20296,-1e-05,-1e-05,1e-05,-5e-05,-4e-05,-1e-05,-1e-05,0.0,0
20297,-1e-05,-1e-05,1e-05,-5e-05,-4e-05,-1e-05,-1e-05,0.0,0
20298,-1e-05,-1e-05,1e-05,-5e-05,-4e-05,-1e-05,-1e-05,0.0,0
20299,-1e-05,-1e-05,1e-05,-5e-05,-4e-05,-1e-05,-1e-05,0.0,0
20300,-1e-05,-1e-05,1e-05,-5e-05,-4e-05,-1e-05,-1e-05,0.0,0
20301,-1e-05,-1e-05,1e-05,-5e-05,-4e-05,-1e-05,-1e-05,0.0,0
20302,-1e-05,-1e-05,1e-05,-5e-05,-4e-05,-1e-05,-1e-05,0.0,0
20303,-1e-05,-1e-05,1e-05,-5e-05,-4e-05,-1e-05,-1e-05,0.0,0
20304,-1e-05,-1e-05,1e-05,-5e-05,-4e-05,-1e-05,-1e-05,0.0,0
20305,-2e-05,-5e-05,0.0,-1e-05,0.0,-2e-05,1e-05,-1e-05,0
20306,-1e-05,-2e-05,1e-05,3e-05,1e-05,-3e-05,-2e-05,-1e-05,0
20307,3e-05,2e-05,3e-05,0.0,-2e-05,-2e-05,-2e-05,-2e-05,0
20308,3e-05,2e-05,3e-05,0.0,-2e-05,-2e-05,-2e-05,-2e-05,0
20309,3e-05,2e-05,3e-05,0.0,-2e-05,-2e-05,-2e-05,-2e-05,0
20310,3e-05,2e-05,3e-05,0.0,-2e-05,-2e-05,-2e-05,-2e-05,0
20311,3e-05,2e-05,3e-05,0.0,-2e-05,-2e-05,-2e-05,-2e-05,0
20312,3e-05,2e-05,3e-05,0.0,-2e-05,-2e-05,-2e-05,-2e-05,0
20313,3e-05,2e-05,3e-05,0.0,-2e-05,-2e-05,-2e-05,-2e-05,0
20314,3e-05,2e-05,3e-05,0.0,-2e-05,-2e-05,-2e-05,-2e-05,0
20315,3e-05,2e-05,3e-05,0.0,-2e-05,-2e-05,-2e-05,-2e-05,0
20316,3e-05,2e-05,3e-05,0.0,-2e-05,-2e-05,-2e-05,-2e-05,0
20317,3e-05,2e-05,3e-05,0.0,-2e-05,-2e-05,-2e-05,-2e-05,0
20318,3e-05,0.0,-1e-05,-4e-05,-1e-05,0.0,0.0,0.0,0
20319,-0.0001,-0.00014,-0.0002,-0.00016,-9e-05,-2e-05,0.0,-1e-05,0
20320,-0.0001,-0.00014,-0.0002,-0.00016,-9e-05,-2e-05,0.0,-1e-05,0
20321,-0.0001,-0.00014,-0.0002,-0.00016,-9e-05,-2e-05,0.0,-1e-05,0
20322,-0.0001,-0.00014,-0.0002,-0.00016,-9e-05,-2e-05,0.0,-1e-05,0
20323,-0.0001,-0.00014,-0.0002,-0.00016,-9e-05,-2e-05,0.0,-1e-05,0
20324,-0.0001,-0.00014,-0.0002,-0.00016,-9e-05,-2e-05,0.0,-1e-05,0
20325,-0.0001,-0.00014,-0.0002,-0.00016,-9e-05,-2e-05,0.0,-1e-05,0
20326,-0.0001,-0.00014,-0.0002,-0.00016,-9e-05,-2e-05,0.0,-1e-05,0
20327,-0.0001,-0.00014,-0.0002,-0.00016,-9e-05,-2e-05,0.0,-1e-05,0
20328,0.0,-2e-05,-8e-05,-0.00012,-1e-05,0.0,0.0,0.0,0
20329,0.0,-2e-05,-8e-05,-0.00012,-1e-05,0.0,0.0,0.0,0
20330,0.0,-2e-05,-8e-05,-0.00012,-1e-05,0.0,0.0,0.0,0
20331,0.0,-2e-05,-8e-05,-0.00012,-1e-05,0.0,0.0,0.0,0
20332,0.0,-2e-05,-8e-05,-0.00012,-1e-05,0.0,0.0,0.0,0
20333,0.0,-2e-05,-8e-05,-0.00012,-1e-05,0.0,0.0,0.0,0
20334,0.0,-2e-05,-8e-05,-0.00012,-1e-05,0.0,0.0,0.0,0
20335,0.0,-2e-05,-8e-05,-0.00012,-1e-05,0.0,0.0,0.0,0
20336,0.0,-2e-05,-8e-05,-0.00012,-1e-05,0.0,0.0,0.0,0
20339,0.0,-2e-05,-8e-05,-0.00012,-1e-05,0.0,0.0,0.0,0
20340,0.0,-2e-05,-8e-05,-0.00012,-1e-05,0.0,0.0,0.0,0
20341,0.0,-2e-05,-8e-05,-0.00012,-1e-05,0.0,0.0,0.0,0
20342,2e-05,4e-05,8e-05,-1e-05,-1e-05,-1e-05,-2e-05,0.0,0
20343,2e-05,5e-05,1e-05,8e-05,2e-05,-1e-05,-2e-05,-1e-05,0
20344,0.0,0.0,0.0,2e-05,-1e-05,-1e-05,0.0,-1e-05,0
20345,0.0,0.0,0.0,2e-05,-1e-05,-1e-05,0.0,-1e-05,0
20346,0.0,0.0,0.0,2e-05,-1e-05,-1e-05,0.0,-1e-05,0
20347,0.0,0.0,0.0,2e-05,-1e-05,-1e-05,0.0,-1e-05,0
20348,0.0,0.0,0.0,2e-05,-1e-05,-1e-05,0.0,-1e-05,0
20349,0.0,0.0,0.0,2e-05,-1e-05,-1e-05,0.0,-1e-05,0
20350,0.0,0.0,0.0,2e-05,-1e-05,-1e-05,0.0,-1e-05,0
20351,0.0,0.0,0.0,2e-05,-1e-05,-1e-05,0.0,-1e-05,0
20352,0.0,0.0,0.0,2e-05,-1e-05,-1e-05,0.0,-1e-05,0
20353,0.0,0.0,0.0,2e-05,-1e-05,-1e-05,0.0,-1e-05,0
20354,0.0,0.0,0.0,2e-05,-1e-05,-1e-05,0.0,-1e-05,0
20355,0.0,0.0,0.0,2e-05,-1e-05,-1e-05,0.0,-1e-05,0
20356,0.0,0.0,0.0,2e-05,-1e-05,-1e-05,0.0,-1e-05,0
20357,0.0,0.0,0.0,2e-05,-1e-05,-1e-05,0.0,-1e-05,0
20358,0.0,0.0,0.0,2e-05,-1e-05,-1e-05,0.0,-1e-05,0
20359,0.0,0.0,0.0,2e-05,-1e-05,-1e-05,0.0,-1e-05,0
20360,0.0,0.0,0.0,2e-05,-1e-05,-1e-05,0.0,-1e-05,0
20361,0.0,0.0,0.0,2e-05,-1e-05,-1e-05,0.0,-1e-05,0
20362,0.0,0.0,0.0,2e-05,-1e-05,-1e-05,0.0,-1e-05,0
20363,0.0,0.0,0.0,2e-05,-1e-05,-1e-05,0.0,-1e-05,0
20364,0.0,0.0,0.0,2e-05,-1e-05,-1e-05,0.0,-1e-05,0
20365,0.0,-2e-05,-2e-05,-5e-05,-2e-05,-1e-05,-3e-05,-1e-05,0
20366,-4e-05,-7e-05,-9e-05,-7e-05,-2e-05,-2e-05,-1e-05,-1e-05,0
20367,-4e-05,-5e-05,-9e-05,-8e-05,-4e-05,-1e-05,1e-05,0.0,0
20368,-4e-05,-5e-05,-9e-05,-8e-05,-4e-05,-1e-05,1e-05,0.0,0
20369,-4e-05,-5e-05,-9e-05,-8e-05,-4e-05,-1e-05,1e-05,0.0,0
20370,-4e-05,-5e-05,-9e-05,-8e-05,-4e-05,-1e-05,1e-05,0.0,0
20371,-4e-05,-5e-05,-9e-05,-8e-05,-4e-05,-1e-05,1e-05,0.0,0
20372,-4e-05,-5e-05,-9e-05,-8e-05,-4e-05,-1e-05,1e-05,0.0,0
20373,-4e-05,-5e-05,-9e-05,-8e-05,-4e-05,-1e-05,1e-05,0.0,0
20374,-4e-05,-5e-05,-9e-05,-8e-05,-4e-05,-1e-05,1e-05,0.0,0
20375,-4e-05,-5e-05,-9e-05,-8e-05,-4e-05,-1e-05,1e-05,0.0,0
20376,-4e-05,-5e-05,-9e-05,-8e-05,-4e-05,-1e-05,1e-05,0.0,0
20377,-4e-05,-5e-05,-9e-05,-8e-05,-4e-05,-1e-05,1e-05,0.0,0
20378,-4e-05,-5e-05,-9e-05,-8e-05,-4e-05,-1e-05,1e-05,0.0,0
20379,0.0,2e-05,0.0,-0.00014,-1e-05,-3e-05,-2e-05,0.0,0
20380,0.0,2e-05,0.0,-0.00014,-1e-05,-3e-05,-2e-05,0.0,0
20381,0.0,2e-05,0.0,-0.00014,-1e-05,-3e-05,-2e-05,0.0,0
20382,0.0,2e-05,0.0,-0.00014,-1e-05,-3e-05,-2e-05,0.0,0
20383,0.0,2e-05,0.0,-0.00014,-1e-05,-3e-05,-2e-05,0.0,0
20384,0.0,2e-05,0.0,-0.00014,-1e-05,-3e-05,-2e-05,0.0,0
20385,0.0,2e-05,0.0,-0.00014,-1e-05,-3e-05,-2e-05,0.0,0
20386,0.0,2e-05,0.0,-0.00014,-1e-05,-3e-05,-2e-05,0.0,0
20389,0.0,2e-05,0.0,-0.00014,-1e-05,-3e-05,-2e-05,0.0,0
20390,0.0,2e-05,0.0,-0.00014,-1e-05,-3e-05,-2e-05,0.0,0
20391,0.0,2e-05,0.0,-0.00014,-1e-05,-3e-05,-2e-05,0.0,0
20392,0.0,2e-05,0.0,-0.00014,-1e-05,-3e-05,-2e-05,0.0,0
20393,0.0,2e-05,0.0,-0.00014,-1e-05,-3e-05,-2e-05,0.0,0
20394,0.0,2e-05,0.0,-0.00014,-1e-05,-3e-05,-2e-05,0.0,0
20395,-3e-05,0.0,2e-05,-5e-05,-2e-05,1e-05,0.0,0.0,0
20396,-3e-05,0.0,2e-05,-5e-05,-2e-05,1e-05,0.0,0.0,0
20397,-3e-05,0.0,2e-05,-5e-05,-2e-05,1e-05,0.0,0.0,0
20398,-3e-05,0.0,2e-05,-5e-05,-2e-05,1e-05,0.0,0.0,0
20399,-3e-05,0.0,2e-05,-5e-05,-2e-05,1e-05,0.0,0.0,0
20400,-3e-05,0.0,2e-05,-5e-05,-2e-05,1e-05,0.0,0.0,0
20401,-3e-05,0.0,2e-05,-5e-05,-2e-05,1e-05,0.0,0.0,0
20402,-3e-05,0.0,2e-05,-5e-05,-2e-05,1e-05,0.0,0.0,0
20403,2e-05,1e-05,2e-05,-4e-05,-1e-05,-2e-05,-1e-05,-1e-05,0
20404,2e-05,1e-05,2e-05,-4e-05,-1e-05,-2e-05,-1e-05,-1e-05,0
20405,-2e-05,-4e-05,-3e-05,4e-05,2e-05,-2e-05,-2e-05,-1e-05,0
20406,-2e-05,-4e-05,-3e-05,4e-05,2e-05,-2e-05,-2e-05,-1e-05,0
20407,-2e-05,-4e-05,-3e-05,4e-05,2e-05,-2e-05,-2e-05,-1e-05,0
20408,-2e-05,-4e-05,-3e-05,4e-05,2e-05,-2e-05,-2e-05,-1e-05,0
20409,-2e-05,-4e-05,-3e-05,4e-05,2e-05,-2e-05,-2e-05,-1e-05,0
20410,-2e-05,-4e-05,-3e-05,4e-05,2e-05,-2e-05,-2e-05,-1e-05,0
20411,-2e-05,-4e-05,-3e-05,4e-05,2e-05,-2e-05,-2e-05,-1e-05,0
20412,-2e-05,-4e-05,-3e-05,4e-05,2e-05,-2e-05,-2e-05,-1e-05,0
20413,-2e-05,-4e-05,-3e-05,4e-05,2e-05,-2e-05,-2e-05,-1e-05,0
20414,-2e-05,-4e-05,-3e-05,4e-05,2e-05,-2e-05,-2e-05,-1e-05,0
20415,-2e-05,-4e-05,-3e-05,4e-05,2e-05,-2e-05,-2e-05,-1e-05,0
20416,-2e-05,-4e-05,-3e-05,4e-05,2e-05,-2e-05,-2e-05,-1e-05,0
20417,-2e-05,-4e-05,-3e-05,4e-05,2e-05,-2e-05,-2e-05,-1e-05,0
20418,-2e-05,-4e-05,-3e-05,4e-05,2e-05,-2e-05,-2e-05,-1e-05,0
20419,-2e-05,-4e-05,-3e-05,4e-05,2e-05,-2e-05,-2e-05,-1e-05,0
20420,-2e-05,-4e-05,-3e-05,4e-05,2e-05,-2e-05,-2e-05,-1e-05,0
20421,-2e-05,-4e-05,-3e-05,4e-05,2e-05,-2e-05,-2e-05,-1e-05,0
20422,-2e-05,-4e-05,-3e-05,4e-05,2e-05,-2e-05,-2e-05,-1e-05,0
20423,-2e-05,-4e-05,-3e-05,4e-05,2e-05,-2e-05,-2e-05,-1e-05,0
20424,-2e-05,-4e-05,-3e-05,4e-05,2e-05,-2e-05,-2e-05,-1e-05,0
20425,3e-05,9e-05,0.00012,9e-05,3e-05,-1e-05,0.0,-2e-05,0
20426,-4e-05,-9e-05,-0.0001,-0.00013,-7e-05,-4e-05,1e-05,3e-05,0
20427,-8e-05,-0.00012,-0.00017,-0.00011,0.0,0.0,-1e-05,-3e-05,0
20428,-8e-05,-0.00012,-0.00017,-0.00011,0.0,0.0,-1e-05,-3e-05,0
20429,-8e-05,-0.00012,-0.00017,-0.00011,0.0,0.0,-1e-05,-3e-05,0
20430,-8e-05,-0.00012,-0.00017,-0.00011,0.0,0.0,-1e-05,-3e-05,0
20431,-8e-05,-0.00012,-0.00017,-0.00011,0.0,0.0,-1e-05,-3e-05,0
20432,-8e-05,-0.00012,-0.00017,-0.00011,0.0,0.0,-1e-05,-3e-05,0
20433,-8e-05,-0.00012,-0.00017,-0.00011,0.0,0.0,-1e-05,-3e-05,0
20434,-8e-05,-0.00012,-0.00017,-0.00011,0.0,0.0,-1e-05,-3e-05,0
20435,-8e-05,-0.00012,-0.00017,-0.00011,0.0,0.0,-1e-05,-3e-05,0
20436,-8e-05,-0.00012,-0.00017,-0.00011,0.0,0.0,-1e-05,-3e-05,0
20439,-8e-05,-0.00012,-0.00017,-0.00011,0.0,0.0,-1e-05,-3e-05,0
20440,-8e-05,-0.00012,-0.00017,-0.00011,0.0,0.0,-1e-05,-3e-05,0
20441,-8e-05,-0.00012,-0.00017,-0.00011,0.0,0.0,-1e-05,-3e-05,0
20442,-8e-05,-0.00012,-0.00017,-0.00011,0.0,0.0,-1e-05,-3e-05,0
20443,-8e-05,-0.00012,-0.00017,-0.00011,0.0,0.0,-1e-05,-3e-05,0
20444,-8e-05,-0.00012,-0.00017,-0.00011,0.0,0.0,-1e-05,-3e-05,0
20445,-8e-05,-0.00012,-0.00017,-0.00011,0.0,0.0,-1e-05,-3e-05,0
20446,-8e-05,-0.00012,-0.00017,-0.00011,0.0,0.0,-1e-05,-3e-05,0
20447,-1e-05,-1e-05,-1e-05,8e-05,-1e-05,0.0,0.0,-1e-05,0
20448,-1e-05,-1e-05,-1e-05,8e-05,-1e-05,0.0,0.0,-1e-05,0
20449,1e-05,5e-05,9e-05,3e-05,-3e-05,-2e-05,-1e-05,1e-05,0
20450,1e-05,5e-05,9e-05,3e-05,-3e-05,-2e-05,-1e-05,1e-05,0
20451,1e-05,5e-05,9e-05,3e-05,-3e-05,-2e-05,-1e-05,1e-05,0
20452,1e-05,5e-05,9e-05,3e-05,-3e-05,-2e-05,-1e-05,1e-05,0
20453,1e-05,5e-05,9e-05,3e-05,-3e-05,-2e-05,-1e-05,1e-05,0
20454,1e-05,5e-05,9e-05,3e-05,-3e-05,-2e-05,-1e-05,1e-05,0
20455,1e-05,5e-05,9e-05,3e-05,-3e-05,-2e-05,-1e-05,1e-05,0
20456,1e-05,5e-05,9e-05,3e-05,-3e-05,-2e-05,-1e-05,1e-05,0
20457,1e-05,5e-05,9e-05,3e-05,-3e-05,-2e-05,-1e-05,1e-05,0
20458,1e-05,5e-05,9e-05,3e-05,-3e-05,-2e-05,-1e-05,1e-05,0
20459,1e-05,5e-05,9e-05,3e-05,-3e-05,-2e-05,-1e-05,1e-05,0
20460,1e-05,5e-05,9e-05,3e-05,-3e-05,-2e-05,-1e-05,1e-05,0
20461,1e-05,5e-05,9e-05,3e-05,-3e-05,-2e-05,-1e-05,1e-05,0
20462,-1e-05,-4e-05,-3e-05,-1e-05,-2e-05,-2e-05,-1e-05,0.0,0
20463,-1e-05,-4e-05,-3e-05,-1e-05,-2e-05,-2e-05,-1e-05,0.0,0
20464,0.0,0.0,1e-05,1e-05,0.0,-3e-05,-1e-05,1e-05,0
20465,0.0,0.0,1e-05,1e-05,0.0,-3e-05,-1e-05,1e-05,0
20466,0.0,0.0,1e-05,1e-05,0.0,-3e-05,-1e-05,1e-05,0
20467,0.0,0.0,1e-05,1e-05,0.0,-3e-05,-1e-05,1e-05,0
20468,0.0,0.0,1e-05,1e-05,0.0,-3e-05,-1e-05,1e-05,0
20469,0.0,0.0,1e-05,1e-05,0.0,-3e-05,-1e-05,1e-05,0
20470,0.0,0.0,1e-05,1e-05,0.0,-3e-05,-1e-05,1e-05,0
20471,0.0,0.0,1e-05,1e-05,0.0,-3e-05,-1e-05,1e-05,0
20472,0.0,0.0,1e-05,1e-05,0.0,-3e-05,-1e-05,1e-05,0
20473,0.0,0.0,1e-05,1e-05,0.0,-3e-05,-1e-05,1e-05,0
20474,0.0,0.0,1e-05,1e-05,0.0,-3e-05,-1e-05,1e-05,0
20475,0.0,0.0,1e-05,1e-05,0.0,-3e-05,-1e-05,1e-05,0
20476,0.0,0.0,1e-05,1e-05,0.0,-3e-05,-1e-05,1e-05,0
20477,0.0,0.0,1e-05,1e-05,0.0,-3e-05,-1e-05,1e-05,0
20478,0.0,0.0,1e-05,1e-05,0.0,-3e-05,-1e-05,1e-05,0
20479,0.0,0.0,1e-05,1e-05,0.0,-3e-05,-1e-05,1e-05,0
20481,0.0,0.0,1e-05,1e-05,0.0,-3e-05,-1e-05,1e-05,0
20482,0.0,0.0,1e-05,1e-05,0.0,-3e-05,-1e-05,1e-05,0
20483,0.0,0.0,1e-05,1e-05,0.0,-3e-05,-1e-05,1e-05,0
20484,0.0,0.0,1e-05,1e-05,0.0,-3e-05,-1e-05,1e-05,0
20485,-3e-05,-4e-05,-6e-05,0.0,1e-05,0.0,0.0,-1e-05,0
20487,1e-05,2e-05,4e-05,0.0,-1e-05,-1e-05,0.0,-1e-05,0
20490,1e-05,2e-05,4e-05,0.0,-1e-05,-1e-05,0.0,-1e-05,0
20491,1e-05,2e-05,4e-05,0.0,-1e-05,-1e-05,0.0,-1e-05,0
20492,1e-05,2e-05,4e-05,0.0,-1e-05,-1e-05,0.0,-1e-05,0
20493,1e-05,2e-05,4e-05,0.0,-1e-05,-1e-05,0.0,-1e-05,0
20494,1e-05,2e-05,4e-05,0.0,-1e-05,-1e-05,0.0,-1e-05,0
20495,1e-05,2e-05,4e-05,0.0,-1e-05,-1e-05,0.0,-1e-05,0
20496,1e-05,2e-05,4e-05,0.0,-1e-05,-1e-05,0.0,-1e-05,0
20497,1e-05,2e-05,4e-05,0.0,-1e-05,-1e-05,0.0,-1e-05,0
20498,1e-05,2e-05,4e-05,0.0,-1e-05,-1e-05,0.0,-1e-05,0
20499,1e-05,2e-05,4e-05,0.0,-1e-05,-1e-05,0.0,-1e-05,0
20500,1e-05,2e-05,4e-05,0.0,-1e-05,-1e-05,0.0,-1e-05,0
20501,1e-05,2e-05,4e-05,0.0,-1e-05,-1e-05,0.0,-1e-05,0
20502,1e-05,2e-05,4e-05,0.0,-1e-05,-1e-05,0.0,-1e-05,0
20503,1e-05,2e-05,4e-05,0.0,-1e-05,-1e-05,0.0,-1e-05,0
20504,1e-05,2e-05,4e-05,0.0,-1e-05,-1e-05,0.0,-1e-05,0
20505,1e-05,2e-05,4e-05,0.0,-1e-05,-1e-05,0.0,-1e-05,0
20506,1e-05,2e-05,4e-05,0.0,-1e-05,-1e-05,0.0,-1e-05,0
20507,0.0,-4e-05,2e-05,-1e-05,-2e-05,-1e-05,-1e-05,-1e-05,0
20508,0.0,-4e-05,2e-05,-1e-05,-2e-05,-1e-05,-1e-05,-1e-05,0
20509,0.0,-4e-05,2e-05,-1e-05,-2e-05,-1e-05,-1e-05,-1e-05,0
20510,0.0,-4e-05,2e-05,-1e-05,-2e-05,-1e-05,-1e-05,-1e-05,0
20511,0.0,-4e-05,2e-05,-1e-05,-2e-05,-1e-05,-1e-05,-1e-05,0
20512,0.0,-4e-05,2e-05,-1e-05,-2e-05,-1e-05,-1e-05,-1e-05,0
20513,0.0,-4e-05,2e-05,-1e-05,-2e-05,-1e-05,-1e-05,-1e-05,0
20514,0.0,-4e-05,2e-05,-1e-05,-2e-05,-1e-05,-1e-05,-1e-05,0
20515,-1e-05,-4e-05,1e-05,4e-05,6e-05,2e-05,0.0,1e-05,0
20516,-1e-05,-4e-05,1e-05,4e-05,6e-05,2e-05,0.0,1e-05,0
20517,-1e-05,-4e-05,1e-05,4e-05,6e-05,2e-05,0.0,1e-05,0
20518,-1e-05,-4e-05,1e-05,4e-05,6e-05,2e-05,0.0,1e-05,0
20519,-1e-05,-4e-05,1e-05,4e-05,6e-05,2e-05,0.0,1e-05,0
20520,-1e-05,-4e-05,1e-05,4e-05,6e-05,2e-05,0.0,1e-05,0
20521,-1e-05,-4e-05,1e-05,4e-05,6e-05,2e-05,0.0,1e-05,0
20522,-1e-05,0.0,-3e-05,-7e-05,-1e-05,0.0,-1e-05,-2e-05,0
20523,-1e-05,0.0,-3e-05,-7e-05,-1e-05,0.0,-1e-05,-2e-05,0
20524,4e-05,5e-05,6e-05,-5e-05,-3e-05,-1e-05,-1e-05,-1e-05,0
20525,4e-05,5e-05,6e-05,-5e-05,-3e-05,-1e-05,-1e-05,-1e-05,0
20526,4e-05,5e-05,6e-05,-5e-05,-3e-05,-1e-05,-1e-05,-1e-05,0
20527,4e-05,5e-05,6e-05,-5e-05,-3e-05,-1e-05,-1e-05,-1e-05,0
20528,4e-05,5e-05,6e-05,-5e-05,-3e-05,-1e-05,-1e-05,-1e-05,0
20529,4e-05,5e-05,6e-05,-5e-05,-3e-05,-1e-05,-1e-05,-1e-05,0
20530,4e-05,5e-05,6e-05,-5e-05,-3e-05,-1e-05,-1e-05,-1e-05,0
20531,4e-05,5e-05,6e-05,-5e-05,-3e-05,-1e-05,-1e-05,-1e-05,0
20532,4e-05,5e-05,6e-05,-5e-05,-3e-05,-1e-05,-1e-05,-1e-05,0
20533,4e-05,5e-05,6e-05,-5e-05,-3e-05,-1e-05,-1e-05,-1e-05,0
20534,4e-05,5e-05,6e-05,-5e-05,-3e-05,-1e-05,-1e-05,-1e-05,0
20535,4e-05,5e-05,6e-05,-5e-05,-3e-05,-1e-05,-1e-05,-1e-05,0
20536,4e-05,5e-05,6e-05,-5e-05,-3e-05,-1e-05,-1e-05,-1e-05,0
20539,4e-05,5e-05,6e-05,-5e-05,-3e-05,-1e-05,-1e-05,-1e-05,0
20540,4e-05,5e-05,6e-05,-5e-05,-3e-05,-1e-05,-1e-05,-1e-05,0
20541,4e-05,5e-05,6e-05,-5e-05,-3e-05,-1e-05,-1e-05,-1e-05,0
20542,4e-05,5e-05,6e-05,-5e-05,-3e-05,-1e-05,-1e-05,-1e-05,0
20543,4e-05,5e-05,6e-05,-5e-05,-3e-05,-1e-05,-1e-05,-1e-05,0
20544,4e-05,5e-05,6e-05,-5e-05,-3e-05,-1e-05,-1e-05,-1e-05,0
20545,4e-05,5e-05,6e-05,-5e-05,-3e-05,-1e-05,-1e-05,-1e-05,0
20546,4e-05,5e-05,6e-05,-5e-05,-3e-05,-1e-05,-1e-05,-1e-05,0
20547,4e-05,5e-05,6e-05,-5e-05,-3e-05,-1e-05,-1e-05,-1e-05,0
20548,4e-05,5e-05,6e-05,-5e-05,-3e-05,-1e-05,-1e-05,-1e-05,0
20549,4e-05,5e-05,6e-05,-5e-05,-3e-05,-1e-05,-1e-05,-1e-05,0
20550,4e-05,5e-05,6e-05,-5e-05,-3e-05,-1e-05,-1e-05,-1e-05,0
20551,4e-05,5e-05,6e-05,-5e-05,-3e-05,-1e-05,-1e-05,-1e-05,0
20552,-6e-05,-7e-05,-6e-05,-1e-05,-2e-05,-2e-05,0.0,-1e-05,0
20553,-6e-05,-7e-05,-6e-05,-1e-05,-2e-05,-2e-05,0.0,-1e-05,0
20554,0.0,0.0,-1e-05,7e-05,1e-05,0.0,-4e-05,-4e-05,0
20555,0.0,0.0,-1e-05,7e-05,1e-05,0.0,-4e-05,-4e-05,0
20556,0.0,0.0,-1e-05,7e-05,1e-05,0.0,-4e-05,-4e-05,0
20557,0.0,0.0,-1e-05,7e-05,1e-05,0.0,-4e-05,-4e-05,0
20558,0.0,0.0,-1e-05,7e-05,1e-05,0.0,-4e-05,-4e-05,0
20559,0.0,0.0,-1e-05,7e-05,1e-05,0.0,-4e-05,-4e-05,0
20560,0.0,0.0,-1e-05,7e-05,1e-05,0.0,-4e-05,-4e-05,0
20561,0.0,0.0,-1e-05,7e-05,1e-05,0.0,-4e-05,-4e-05,0
20562,0.0,0.0,-1e-05,7e-05,1e-05,0.0,-4e-05,-4e-05,0
20563,0.0,0.0,-1e-05,7e-05,1e-05,0.0,-4e-05,-4e-05,0
20564,0.0,0.0,-1e-05,7e-05,1e-05,0.0,-4e-05,-4e-05,0
20565,0.0,0.0,-1e-05,7e-05,1e-05,0.0,-4e-05,-4e-05,0
20566,0.0,0.0,-1e-05,7e-05,1e-05,0.0,-4e-05,-4e-05,0
20567,-1e-05,-1e-05,-4e-05,-4e-05,-2e-05,-2e-05,0.0,-1e-05,0
20568,-1e-05,-1e-05,-4e-05,-4e-05,-2e-05,-2e-05,0.0,-1e-05,0
20569,-3e-05,-1e-05,-1e-05,-2e-05,-2e-05,1e-05,-1e-05,0.0,0
20570,-3e-05,-1e-05,-1e-05,-2e-05,-2e-05,1e-05,-1e-05,0.0,0
20571,-3e-05,-1e-05,-1e-05,-2e-05,-2e-05,1e-05,-1e-05,0.0,0
20572,-3e-05,-1e-05,-1e-05,-2e-05,-2e-05,1e-05,-1e-05,0.0,0
20573,-3e-05,-1e-05,-1e-05,-2e-05,-2e-05,1e-05,-1e-05,0.0,0
20574,-3e-05,-1e-05,-1e-05,-2e-05,-2e-05,1e-05,-1e-05,0.0,0
20575,-3e-05,-1e-05,-1e-05,-2e-05,-2e-05,1e-05,-1e-05,0.0,0
20576,-3e-05,-1e-05,-1e-05,-2e-05,-2e-05,1e-05,-1e-05,0.0,0
20577,-3e-05,-1e-05,-1e-05,-2e-05,-2e-05,1e-05,-1e-05,0.0,0
20578,-3e-05,-1e-05,-1e-05,-2e-05,-2e-05,1e-05,-1e-05,0.0,0
20579,-3e-05,-1e-05,-1e-05,-2e-05,-2e-05,1e-05,-1e-05,0.0,0
20580,-3e-05,-1e-05,-1e-05,-2e-05,-2e-05,1e-05,-1e-05,0.0,0
20581,-3e-05,-1e-05,-1e-05,-2e-05,-2e-05,1e-05,-1e-05,0.0,0
20582,0.0,-1e-05,-2e-05,-0.00014,0.0,-1e-05,-2e-05,1e-05,0
20583,0.0,-1e-05,-2e-05,-0.00014,0.0,-1e-05,-2e-05,1e-05,0
20584,0.0,-1e-05,-2e-05,-0.00014,0.0,-1e-05,-2e-05,1e-05,0
20585,0.0,-1e-05,-2e-05,-0.00014,0.0,-1e-05,-2e-05,1e-05,0
20586,0.0,-1e-05,-2e-05,-0.00014,0.0,-1e-05,-2e-05,1e-05,0
20589,-2e-05,0.0,-1e-05,-3e-05,-1e-05,-2e-05,-1e-05,-2e-05,0
20590,-2e-05,0.0,-1e-05,-3e-05,-1e-05,-2e-05,-1e-05,-2e-05,0
20591,-2e-05,0.0,-1e-05,-3e-05,-1e-05,-2e-05,-1e-05,-2e-05,0
20592,-2e-05,0.0,-1e-05,-3e-05,-1e-05,-2e-05,-1e-05,-2e-05,0
20593,-2e-05,0.0,-1e-05,-3e-05,-1e-05,-2e-05,-1e-05,-2e-05,0
20594,-2e-05,0.0,-1e-05,-3e-05,-1e-05,-2e-05,-1e-05,-2e-05,0
20595,-2e-05,0.0,-1e-05,-3e-05,-1e-05,-2e-05,-1e-05,-2e-05,0
20596,-2e-05,0.0,-1e-05,-3e-05,-1e-05,-2e-05,-1e-05,-2e-05,0
20597,-2e-05,0.0,-1e-05,-3e-05,-1e-05,-2e-05,-1e-05,-2e-05,0
20598,-2e-05,0.0,-1e-05,-3e-05,-1e-05,-2e-05,-1e-05,-2e-05,0
20599,-2e-05,0.0,-1e-05,-3e-05,-1e-05,-2e-05,-1e-05,-2e-05,0
20600,-2e-05,0.0,-1e-05,-3e-05,-1e-05,-2e-05,-1e-05,-2e-05,0
20601,-2e-05,0.0,-1e-05,-3e-05,-1e-05,-2e-05,-1e-05,-2e-05,0
20602,-2e-05,0.0,-1e-05,-3e-05,-1e-05,-2e-05,-1e-05,-2e-05,0
20603,-2e-05,0.0,-1e-05,-3e-05,-1e-05,-2e-05,-1e-05,-2e-05,0
20604,-2e-05,0.0,-1e-05,-3e-05,-1e-05,-2e-05,-1e-05,-2e-05,0
20605,0.0,2e-05,5e-05,0.00025,6e-05,0.0,-1e-05,-2e-05,0
20606,-4e-05,-4e-05,-7e-05,-5e-05,-4e-05,0.0,0.0,-1e-05,0
20608,-4e-05,-4e-05,-7e-05,-5e-05,-4e-05,0.0,0.0,-1e-05,0
20609,-4e-05,-4e-05,-7e-05,-5e-05,-4e-05,0.0,0.0,-1e-05,0
20610,-4e-05,-4e-05,-7e-05,-5e-05,-4e-05,0.0,0.0,-1e-05,0
20611,-4e-05,-4e-05,-7e-05,-5e-05,-4e-05,0.0,0.0,-1e-05,0
20612,-4e-05,-4e-05,-7e-05,-5e-05,-4e-05,0.0,0.0,-1e-05,0
20613,-4e-05,-4e-05,-7e-05,-5e-05,-4e-05,0.0,0.0,-1e-05,0
20614,-4e-05,-4e-05,-7e-05,-5e-05,-4e-05,0.0,0.0,-1e-05,0
20615,-4e-05,-4e-05,-7e-05,-5e-05,-4e-05,0.0,0.0,-1e-05,0
20616,-4e-05,-4e-05,-7e-05,-5e-05,-4e-05,0.0,0.0,-1e-05,0
20617,-4e-05,-4e-05,-7e-05,-5e-05,-4e-05,0.0,0.0,-1e-05,0
20618,-4e-05,-4e-05,-7e-05,-5e-05,-4e-05,0.0,0.0,-1e-05,0
20619,-4e-05,-4e-05,-7e-05,-5e-05,-4e-05,0.0,0.0,-1e-05,0
20620,-4e-05,-4e-05,-7e-05,-5e-05,-4e-05,0.0,0.0,-1e-05,0
20621,-4e-05,-4e-05,-7e-05,-5e-05,-4e-05,0.0,0.0,-1e-05,0
20622,-4e-05,-4e-05,-7e-05,-5e-05,-4e-05,0.0,0.0,-1e-05,0
20623,-4e-05,-4e-05,-7e-05,-5e-05,-4e-05,0.0,0.0,-1e-05,0
20624,-4e-05,-4e-05,-7e-05,-5e-05,-4e-05,0.0,0.0,-1e-05,0
20625,-4e-05,-4e-05,-7e-05,-5e-05,-4e-05,0.0,0.0,-1e-05,0
20626,-4e-05,-4e-05,-7e-05,-5e-05,-4e-05,0.0,0.0,-1e-05,0
20627,-4e-05,-4e-05,-7e-05,-5e-05,-4e-05,0.0,0.0,-1e-05,0
20628,-1e-05,-2e-05,-2e-05,-2e-05,-3e-05,-1e-05,-2e-05,-1e-05,0
20629,-1e-05,-2e-05,-2e-05,-2e-05,-3e-05,-1e-05,-2e-05,-1e-05,0
20630,-1e-05,-2e-05,-2e-05,-2e-05,-3e-05,-1e-05,-2e-05,-1e-05,0
20631,-1e-05,-2e-05,-2e-05,-2e-05,-3e-05,-1e-05,-2e-05,-1e-05,0
20632,-1e-05,-2e-05,-2e-05,-2e-05,-3e-05,-1e-05,-2e-05,-1e-05,0
20633,1e-05,2e-05,4e-05,2e-05,-1e-05,-2e-05,0.0,-1e-05,0
20634,-1e-05,-5e-05,-7e-05,-2e-05,0.0,-1e-05,-2e-05,-3e-05,0
20635,-1e-05,-5e-05,-7e-05,-2e-05,0.0,-1e-05,-2e-05,-3e-05,0
20636,-1e-05,-5e-05,-7e-05,-2e-05,0.0,-1e-05,-2e-05,-3e-05,0
20639,-1e-05,-5e-05,-7e-05,-2e-05,0.0,-1e-05,-2e-05,-3e-05,0
20640,-1e-05,-5e-05,-7e-05,-2e-05,0.0,-1e-05,-2e-05,-3e-05,0
20641,-1e-05,0.0,0.0,-1e-05,-2e-05,0.0,0.0,-3e-05,0
20642,0.0,-1e-05,-2e-05,-3e-05,0.0,0.0,-1e-05,0.0,0
20644,0.0,-1e-05,-2e-05,-3e-05,0.0,0.0,-1e-05,0.0,0
20645,0.0,-1e-05,-2e-05,-3e-05,0.0,0.0,-1e-05,0.0,0
20646,0.0,-1e-05,-2e-05,-3e-05,0.0,0.0,-1e-05,0.0,0
20647,0.0,-1e-05,-2e-05,-3e-05,0.0,0.0,-1e-05,0.0,0
20648,0.0,-1e-05,-2e-05,-3e-05,0.0,0.0,-1e-05,0.0,0
20649,0.0,-1e-05,-2e-05,-3e-05,0.0,0.0,-1e-05,0.0,0
20650,-1e-05,2e-05,3e-05,-1e-05,0.0,0.0,-1e-05,-2e-05,0
20652,-1e-05,2e-05,3e-05,-1e-05,0.0,0.0,-1e-05,-2e-05,0
20653,-1e-05,2e-05,3e-05,-1e-05,0.0,0.0,-1e-05,-2e-05,0
20654,-1e-05,2e-05,3e-05,-1e-05,0.0,0.0,-1e-05,-2e-05,0
20655,-1e-05,2e-05,3e-05,-1e-05,0.0,0.0,-1e-05,-2e-05,0
20656,-1e-05,2e-05,3e-05,-1e-05,0.0,0.0,-1e-05,-2e-05,0
20657,-1e-05,2e-05,3e-05,-1e-05,0.0,0.0,-1e-05,-2e-05,0
20658,-1e-05,2e-05,3e-05,-1e-05,0.0,0.0,-1e-05,-2e-05,0
20659,-1e-05,2e-05,3e-05,-1e-05,0.0,0.0,-1e-05,-2e-05,0
20660,-1e-05,2e-05,3e-05,-1e-05,0.0,0.0,-1e-05,-2e-05,0
20661,-1e-05,2e-05,3e-05,-1e-05,0.0,0.0,-1e-05,-2e-05,0
20662,-1e-05,2e-05,3e-05,-1e-05,0.0,0.0,-1e-05,-2e-05,0
20663,-1e-05,2e-05,3e-05,-1e-05,0.0,0.0,-1e-05,-2e-05,0
20664,-1e-05,2e-05,3e-05,-1e-05,0.0,0.0,-1e-05,-2e-05,0
20665,-1e-05,2e-05,3e-05,-1e-05,0.0,0.0,-1e-05,-2e-05,0
20666,-2e-05,-1e-05,-1e-05,3e-05,-1e-05,-1e-05,-3e-05,-2e-05,0
20667,-1e-05,-3e-05,-1e-05,-2e-05,-3e-05,0.0,-1e-05,-1e-05,0
20668,-1e-05,-3e-05,-1e-05,-2e-05,-3e-05,0.0,-1e-05,-1e-05,0
20669,-1e-05,-3e-05,-1e-05,-2e-05,-3e-05,0.0,-1e-05,-1e-05,0
20670,-1e-05,-3e-05,-1e-05,-2e-05,-3e-05,0.0,-1e-05,-1e-05,0
20671,-1e-05,-3e-05,-1e-05,-2e-05,-3e-05,0.0,-1e-05,-1e-05,0
20672,-1e-05,-3e-05,-1e-05,-2e-05,-3e-05,0.0,-1e-05,-1e-05,0
20673,-1e-05,-3e-05,-1e-05,-2e-05,-3e-05,0.0,-1e-05,-1e-05,0
20674,-1e-05,-3e-05,-1e-05,-2e-05,-3e-05,0.0,-1e-05,-1e-05,0
20675,-1e-05,-3e-05,-1e-05,-2e-05,-3e-05,0.0,-1e-05,-1e-05,0
20676,-1e-05,-3e-05,-1e-05,-2e-05,-3e-05,0.0,-1e-05,-1e-05,0
20677,-1e-05,-3e-05,-1e-05,-2e-05,-3e-05,0.0,-1e-05,-1e-05,0
20678,-1e-05,-3e-05,-1e-05,-2e-05,-3e-05,0.0,-1e-05,-1e-05,0
20679,-1e-05,-3e-05,-1e-05,-2e-05,-3e-05,0.0,-1e-05,-1e-05,0
20680,-1e-05,-3e-05,-1e-05,-2e-05,-3e-05,0.0,-1e-05,-1e-05,0
20681,-1e-05,-3e-05,-1e-05,-2e-05,-3e-05,0.0,-1e-05,-1e-05,0
20682,-1e-05,-3e-05,-1e-05,-2e-05,-3e-05,0.0,-1e-05,-1e-05,0
20683,-1e-05,-3e-05,-1e-05,-2e-05,-3e-05,0.0,-1e-05,-1e-05,0
20684,-1e-05,-3e-05,-1e-05,-2e-05,-3e-05,0.0,-1e-05,-1e-05,0
20685,-1e-05,-3e-05,-1e-05,-2e-05,-3e-05,0.0,-1e-05,-1e-05,0
20686,-1e-05,-3e-05,-1e-05,-2e-05,-3e-05,0.0,-1e-05,-1e-05,0
20689,-4e-05,-7e-05,-8e-05,-1e-05,-1e-05,0.0,1e-05,-2e-05,0
20690,-4e-05,-7e-05,-8e-05,-1e-05,-1e-05,0.0,1e-05,-2e-05,0
20691,-4e-05,-7e-05,-8e-05,-1e-05,-1e-05,0.0,1e-05,-2e-05,0
20692,-4e-05,-7e-05,-8e-05,-1e-05,-1e-05,0.0,1e-05,-2e-05,0
20693,-4e-05,-7e-05,-8e-05,-1e-05,-1e-05,0.0,1e-05,-2e-05,0
20694,-4e-05,-7e-05,-8e-05,-1e-05,-1e-05,0.0,1e-05,-2e-05,0
20695,-4e-05,-7e-05,-8e-05,-1e-05,-1e-05,0.0,1e-05,-2e-05,0
20696,-4e-05,-7e-05,-8e-05,-1e-05,-1e-05,0.0,1e-05,-2e-05,0
20697,-4e-05,-7e-05,-8e-05,-1e-05,-1e-05,0.0,1e-05,-2e-05,0
20698,-4e-05,-7e-05,-8e-05,-1e-05,-1e-05,0.0,1e-05,-2e-05,0
20699,-4e-05,-7e-05,-8e-05,-1e-05,-1e-05,0.0,1e-05,-2e-05,0
20700,-4e-05,-7e-05,-8e-05,-1e-05,-1e-05,0.0,1e-05,-2e-05,0
20701,-4e-05,-7e-05,-8e-05,-1e-05,-1e-05,0.0,1e-05,-2e-05,0
20702,-2e-05,-1e-05,0.0,-9e-05,-2e-05,-1e-05,0.0,1e-05,0
20703,-2e-05,-1e-05,0.0,-9e-05,-2e-05,-1e-05,0.0,1e-05,0
20704,-2e-05,-1e-05,0.0,-9e-05,-2e-05,-1e-05,0.0,1e-05,0
20705,-2e-05,-1e-05,0.0,-9e-05,-2e-05,-1e-05,0.0,1e-05,0
20706,-2e-05,-1e-05,0.0,-9e-05,-2e-05,-1e-05,0.0,1e-05,0
20707,-2e-05,-1e-05,0.0,-9e-05,-2e-05,-1e-05,0.0,1e-05,0
20708,1e-05,2e-05,4e-05,0.0002,4e-05,-1e-05,-1e-05,-1e-05,0
20709,2e-05,3e-05,6e-05,1e-05,-2e-05,-1e-05,-2e-05,-1e-05,0
20710,2e-05,3e-05,6e-05,1e-05,-2e-05,-1e-05,-2e-05,-1e-05,0
20711,2e-05,3e-05,6e-05,1e-05,-2e-05,-1e-05,-2e-05,-1e-05,0
20712,2e-05,3e-05,6e-05,1e-05,-2e-05,-1e-05,-2e-05,-1e-05,0
20713,2e-05,3e-05,6e-05,1e-05,-2e-05,-1e-05,-2e-05,-1e-05,0
20714,2e-05,3e-05,6e-05,1e-05,-2e-05,-1e-05,-2e-05,-1e-05,0
20715,2e-05,3e-05,6e-05,1e-05,-2e-05,-1e-05,-2e-05,-1e-05,0
20716,2e-05,3e-05,6e-05,1e-05,-2e-05,-1e-05,-2e-05,-1e-05,0
20717,2e-05,3e-05,6e-05,1e-05,-2e-05,-1e-05,-2e-05,-1e-05,0
20718,2e-05,3e-05,6e-05,1e-05,-2e-05,-1e-05,-2e-05,-1e-05,0
20719,2e-05,3e-05,6e-05,1e-05,-2e-05,-1e-05,-2e-05,-1e-05,0
20720,2e-05,3e-05,6e-05,1e-05,-2e-05,-1e-05,-2e-05,-1e-05,0
20721,2e-05,3e-05,6e-05,1e-05,-2e-05,-1e-05,-2e-05,-1e-05,0
20722,2e-05,3e-05,6e-05,1e-05,-2e-05,-1e-05,-2e-05,-1e-05,0
20723,2e-05,3e-05,6e-05,1e-05,-2e-05,-1e-05,-2e-05,-1e-05,0
20724,2e-05,3e-05,6e-05,1e-05,-2e-05,-1e-05,-2e-05,-1e-05,0
20725,-2e-05,-4e-05,-4e-05,-1e-05,-2e-05,-3e-05,2e-05,-2e-05,0
20726,1e-05,-1e-05,-2e-05,-2e-05,1e-05,0.0,-2e-05,-1e-05,0
20727,1e-05,-1e-05,-2e-05,-2e-05,1e-05,0.0,-2e-05,-1e-05,0
20728,1e-05,-1e-05,-2e-05,-2e-05,1e-05,0.0,-2e-05,-1e-05,0
20729,1e-05,-1e-05,-2e-05,-2e-05,1e-05,0.0,-2e-05,-1e-05,0
20730,1e-05,-1e-05,-2e-05,-2e-05,1e-05,0.0,-2e-05,-1e-05,0
20731,1e-05,-1e-05,-2e-05,-2e-05,1e-05,0.0,-2e-05,-1e-05,0
20732,1e-05,-1e-05,-2e-05,-2e-05,1e-05,0.0,-2e-05,-1e-05,0
20733,1e-05,-1e-05,-2e-05,-2e-05,1e-05,0.0,-2e-05,-1e-05,0
20734,1e-05,-1e-05,-2e-05,-2e-05,1e-05,0.0,-2e-05,-1e-05,0
20735,1e-05,-1e-05,-2e-05,-2e-05,1e-05,0.0,-2e-05,-1e-05,0
20736,1e-05,-1e-05,-2e-05,-2e-05,1e-05,0.0,-2e-05,-1e-05,0
20739,1e-05,-1e-05,-2e-05,-2e-05,1e-05,0.0,-2e-05,-1e-05,0
20740,1e-05,-1e-05,-2e-05,-2e-05,1e-05,0.0,-2e-05,-1e-05,0
20741,1e-05,-1e-05,-2e-05,-2e-05,1e-05,0.0,-2e-05,-1e-05,0
20742,1e-05,-1e-05,-2e-05,-2e-05,1e-05,0.0,-2e-05,-1e-05,0
20743,1e-05,-1e-05,-2e-05,-2e-05,1e-05,0.0,-2e-05,-1e-05,0
20744,1e-05,-1e-05,-2e-05,-2e-05,1e-05,0.0,-2e-05,-1e-05,0
20745,1e-05,-1e-05,-2e-05,-2e-05,1e-05,0.0,-2e-05,-1e-05,0
20746,1e-05,-1e-05,-2e-05,-2e-05,1e-05,0.0,-2e-05,-1e-05,0
20747,3e-05,2e-05,4e-05,1e-05,2e-05,1e-05,-1e-05,1e-05,0
20748,3e-05,2e-05,4e-05,1e-05,2e-05,1e-05,-1e-05,1e-05,0
20749,1e-05,0.0,2e-05,1e-05,0.0,0.0,-3e-05,1e-05,0
20750,1e-05,0.0,2e-05,1e-05,0.0,0.0,-3e-05,1e-05,0
20751,1e-05,0.0,2e-05,1e-05,0.0,0.0,-3e-05,1e-05,0
20752,1e-05,0.0,2e-05,1e-05,0.0,0.0,-3e-05,1e-05,0
20753,1e-05,0.0,2e-05,1e-05,0.0,0.0,-3e-05,1e-05,0
20754,1e-05,0.0,2e-05,1e-05,0.0,0.0,-3e-05,1e-05,0
20755,1e-05,0.0,2e-05,1e-05,0.0,0.0,-3e-05,1e-05,0
20756,1e-05,0.0,2e-05,1e-05,0.0,0.0,-3e-05,1e-05,0
20757,1e-05,0.0,2e-05,1e-05,0.0,0.0,-3e-05,1e-05,0
20758,1e-05,0.0,2e-05,1e-05,0.0,0.0,-3e-05,1e-05,0
20759,1e-05,0.0,2e-05,1e-05,0.0,0.0,-3e-05,1e-05,0
20760,1e-05,0.0,2e-05,1e-05,0.0,0.0,-3e-05,1e-05,0
20761,1e-05,0.0,2e-05,1e-05,0.0,0.0,-3e-05,1e-05,0
20762,-1e-05,-1e-05,-1e-05,0.0,-2e-05,-1e-05,-1e-05,0.0,0
20763,-1e-05,-1e-05,-1e-05,0.0,-2e-05,-1e-05,-1e-05,0.0,0
20764,-1e-05,-1e-05,-1e-05,0.0,-2e-05,-1e-05,-1e-05,0.0,0
20765,-1e-05,-1e-05,-1e-05,0.0,-2e-05,-1e-05,-1e-05,0.0,0
20766,-1e-05,-1e-05,-1e-05,0.0,-2e-05,-1e-05,-1e-05,0.0,0
20767,-1e-05,-1e-05,-1e-05,0.0,-2e-05,-1e-05,-1e-05,0.0,0
20768,1e-05,1e-05,0.0,-3e-05,-2e-05,-3e-05,0.0,-1e-05,0
20769,-2e-05,0.0,1e-05,-4e-05,-1e-05,2e-05,0.0,-1e-05,0
20770,-2e-05,0.0,1e-05,-4e-05,-1e-05,2e-05,0.0,-1e-05,0
20771,-2e-05,0.0,1e-05,-4e-05,-1e-05,2e-05,0.0,-1e-05,0
20772,-2e-05,0.0,1e-05,-4e-05,-1e-05,2e-05,0.0,-1e-05,0
20773,-2e-05,0.0,1e-05,-4e-05,-1e-05,2e-05,0.0,-1e-05,0
20774,-2e-05,0.0,1e-05,-4e-05,-1e-05,2e-05,0.0,-1e-05,0
20775,-2e-05,0.0,1e-05,-4e-05,-1e-05,2e-05,0.0,-1e-05,0
20776,-2e-05,0.0,1e-05,-4e-05,-1e-05,2e-05,0.0,-1e-05,0
20777,-2e-05,0.0,1e-05,-4e-05,-1e-05,2e-05,0.0,-1e-05,0
20778,-2e-05,0.0,1e-05,-4e-05,-1e-05,2e-05,0.0,-1e-05,0
20779,-2e-05,0.0,1e-05,-4e-05,-1e-05,2e-05,0.0,-1e-05,0
20780,-2e-05,0.0,1e-05,-4e-05,-1e-05,2e-05,0.0,-1e-05,0
20781,-2e-05,0.0,1e-05,-4e-05,-1e-05,2e-05,0.0,-1e-05,0
20782,-2e-05,0.0,1e-05,-4e-05,-1e-05,2e-05,0.0,-1e-05,0
20783,-2e-05,0.0,1e-05,-4e-05,-1e-05,2e-05,0.0,-1e-05,0
20784,-2e-05,0.0,1e-05,-4e-05,-1e-05,2e-05,0.0,-1e-05,0
20785,-2e-05,-7e-05,-8e-05,-2e-05,-2e-05,-2e-05,0.0,-3e-05,0
20786,-2e-05,-4e-05,-4e-05,-3e-05,-3e-05,-1e-05,-2e-05,0.0,0
20789,-2e-05,-4e-05,-4e-05,-3e-05,-3e-05,-1e-05,-2e-05,0.0,0
20790,-2e-05,-4e-05,-4e-05,-3e-05,-3e-05,-1e-05,-2e-05,0.0,0
20791,-2e-05,-4e-05,-4e-05,-3e-05,-3e-05,-1e-05,-2e-05,0.0,0
20792,-1e-05,4e-05,2e-05,3e-05,1e-05,0.0,-2e-05,0.0,0
20793,-1e-05,4e-05,2e-05,3e-05,1e-05,0.0,-2e-05,0.0,0
20794,-1e-05,4e-05,2e-05,3e-05,1e-05,0.0,-2e-05,0.0,0
20795,-1e-05,4e-05,2e-05,3e-05,1e-05,0.0,-2e-05,0.0,0
20796,-1e-05,4e-05,2e-05,3e-05,1e-05,0.0,-2e-05,0.0,0
20797,-1e-05,4e-05,2e-05,3e-05,1e-05,0.0,-2e-05,0.0,0
20798,-1e-05,4e-05,2e-05,3e-05,1e-05,0.0,-2e-05,0.0,0
20799,-1e-05,4e-05,2e-05,3e-05,1e-05,0.0,-2e-05,0.0,0
20800,-1e-05,4e-05,2e-05,3e-05,1e-05,0.0,-2e-05,0.0,0
20801,-1e-05,4e-05,2e-05,3e-05,1e-05,0.0,-2e-05,0.0,0
20802,-1e-05,4e-05,2e-05,3e-05,1e-05,0.0,-2e-05,0.0,0
20803,-1e-05,4e-05,2e-05,3e-05,1e-05,0.0,-2e-05,0.0,0
20804,-1e-05,4e-05,2e-05,3e-05,1e-05,0.0,-2e-05,0.0,0
20805,-1e-05,4e-05,2e-05,3e-05,1e-05,0.0,-2e-05,0.0,0
20806,-1e-05,4e-05,2e-05,3e-05,1e-05,0.0,-2e-05,0.0,0
20807,-1e-05,-1e-05,4e-05,0.00011,2e-05,1e-05,1e-05,1e-05,0
20808,-3e-05,-5e-05,-4e-05,-6e-05,-3e-05,0.0,-1e-05,-3e-05,0
20809,-1e-05,-2e-05,-5e-05,-0.00011,-1e-05,-2e-05,0.0,-2e-05,0
20810,-1e-05,-2e-05,-5e-05,-0.00011,-1e-05,-2e-05,0.0,-2e-05,0
20811,-1e-05,-2e-05,-5e-05,-0.00011,-1e-05,-2e-05,0.0,-2e-05,0
20812,-1e-05,-2e-05,-5e-05,-0.00011,-1e-05,-2e-05,0.0,-2e-05,0
20813,-1e-05,-2e-05,-5e-05,-0.00011,-1e-05,-2e-05,0.0,-2e-05,0
20814,-1e-05,-2e-05,-5e-05,-0.00011,-1e-05,-2e-05,0.0,-2e-05,0
20815,-1e-05,-2e-05,-5e-05,-0.00011,-1e-05,-2e-05,0.0,-2e-05,0
20816,-1e-05,-2e-05,-5e-05,-0.00011,-1e-05,-2e-05,0.0,-2e-05,0
20817,-1e-05,-2e-05,-5e-05,-0.00011,-1e-05,-2e-05,0.0,-2e-05,0
20818,-1e-05,-2e-05,-5e-05,-0.00011,-1e-05,-2e-05,0.0,-2e-05,0
20819,-1e-05,-2e-05,-5e-05,-0.00011,-1e-05,-2e-05,0.0,-2e-05,0
20820,-1e-05,-2e-05,-5e-05,-0.00011,-1e-05,-2e-05,0.0,-2e-05,0
20821,-1e-05,-2e-05,-5e-05,-0.00011,-1e-05,-2e-05,0.0,-2e-05,0
20822,-2e-05,-3e-05,-2e-05,-1e-05,-3e-05,0.0,0.0,-2e-05,0
20823,-2e-05,-3e-05,-2e-05,-1e-05,-3e-05,0.0,0.0,-2e-05,0
20824,-2e-05,-3e-05,-2e-05,-1e-05,-3e-05,0.0,0.0,-2e-05,0
20825,-2e-05,-3e-05,-2e-05,-1e-05,-3e-05,0.0,0.0,-2e-05,0
20826,-2e-05,-3e-05,-2e-05,-1e-05,-3e-05,0.0,0.0,-2e-05,0
20827,-2e-05,-3e-05,-2e-05,-1e-05,-3e-05,0.0,0.0,-2e-05,0
20828,0.0,-1e-05,1e-05,-3e-05,-1e-05,0.0,-1e-05,0.0,0
20829,0.0,4e-05,5e-05,7e-05,3e-05,0.0,-1e-05,0.0,0
20830,0.0,4e-05,5e-05,7e-05,3e-05,0.0,-1e-05,0.0,0
20831,0.0,4e-05,5e-05,7e-05,3e-05,0.0,-1e-05,0.0,0
20832,0.0,4e-05,5e-05,7e-05,3e-05,0.0,-1e-05,0.0,0
20833,0.0,4e-05,5e-05,7e-05,3e-05,0.0,-1e-05,0.0,0
20834,0.0,4e-05,5e-05,7e-05,3e-05,0.0,-1e-05,0.0,0
20835,0.0,4e-05,5e-05,7e-05,3e-05,0.0,-1e-05,0.0,0
20836,0.0,4e-05,5e-05,7e-05,3e-05,0.0,-1e-05,0.0,0
20839,0.0,4e-05,5e-05,7e-05,3e-05,0.0,-1e-05,0.0,0
20840,0.0,4e-05,5e-05,7e-05,3e-05,0.0,-1e-05,0.0,0
20841,0.0,4e-05,5e-05,7e-05,3e-05,0.0,-1e-05,0.0,0
20842,0.0,4e-05,5e-05,7e-05,3e-05,0.0,-1e-05,0.0,0
20843,0.0,4e-05,5e-05,7e-05,3e-05,0.0,-1e-05,0.0,0
20844,0.0,4e-05,5e-05,7e-05,3e-05,0.0,-1e-05,0.0,0
20845,0.0,2e-05,-3e-05,-9e-05,1e-05,-3e-05,-1e-05,-1e-05,0
20847,-1e-05,-1e-05,4e-05,3e-05,-1e-05,-2e-05,-1e-05,-1e-05,0
20848,-1e-05,-1e-05,4e-05,3e-05,-1e-05,-2e-05,-1e-05,-1e-05,0
20849,-1e-05,-1e-05,4e-05,3e-05,-1e-05,-2e-05,-1e-05,-1e-05,0
20850,-1e-05,-1e-05,4e-05,3e-05,-1e-05,-2e-05,-1e-05,-1e-05,0
20851,-1e-05,-1e-05,4e-05,3e-05,-1e-05,-2e-05,-1e-05,-1e-05,0
20852,-1e-05,-1e-05,4e-05,3e-05,-1e-05,-2e-05,-1e-05,-1e-05,0
20853,-1e-05,-1e-05,4e-05,3e-05,-1e-05,-2e-05,-1e-05,-1e-05,0
20854,-1e-05,-1e-05,4e-05,3e-05,-1e-05,-2e-05,-1e-05,-1e-05,0
20855,-1e-05,-1e-05,4e-05,3e-05,-1e-05,-2e-05,-1e-05,-1e-05,0
20856,-1e-05,-1e-05,4e-05,3e-05,-1e-05,-2e-05,-1e-05,-1e-05,0
20857,-1e-05,-1e-05,4e-05,3e-05,-1e-05,-2e-05,-1e-05,-1e-05,0
20858,-1e-05,-1e-05,4e-05,3e-05,-1e-05,-2e-05,-1e-05,-1e-05,0
20859,-1e-05,-1e-05,4e-05,3e-05,-1e-05,-2e-05,-1e-05,-1e-05,0
20860,-1e-05,-1e-05,4e-05,3e-05,-1e-05,-2e-05,-1e-05,-1e-05,0
20861,-1e-05,-1e-05,4e-05,3e-05,-1e-05,-2e-05,-1e-05,-1e-05,0
20862,-1e-05,-1e-05,4e-05,3e-05,-1e-05,-2e-05,-1e-05,-1e-05,0
20863,-1e-05,-1e-05,4e-05,3e-05,-1e-05,-2e-05,-1e-05,-1e-05,0
20864,-1e-05,-1e-05,4e-05,3e-05,-1e-05,-2e-05,-1e-05,-1e-05,0
20865,-1e-05,-1e-05,4e-05,3e-05,-1e-05,-2e-05,-1e-05,-1e-05,0
20866,-1e-05,-1e-05,4e-05,3e-05,-1e-05,-2e-05,-1e-05,-1e-05,0
20867,-1e-05,-1e-05,4e-05,3e-05,-1e-05,-2e-05,-1e-05,-1e-05,0
20868,-1e-05,-1e-05,4e-05,3e-05,-1e-05,-2e-05,-1e-05,-1e-05,0
20869,-3e-05,-4e-05,-5e-05,-2e-05,-4e-05,0.0,-1e-05,0.0,0
20870,-1e-05,1e-05,1e-05,7e-05,1e-05,-1e-05,-1e-05,1e-05,0
20871,-1e-05,1e-05,1e-05,7e-05,1e-05,-1e-05,-1e-05,1e-05,0
20872,-1e-05,1e-05,1e-05,7e-05,1e-05,-1e-05,-1e-05,1e-05,0
20873,-1e-05,1e-05,1e-05,7e-05,1e-05,-1e-05,-1e-05,1e-05,0
20874,-1e-05,1e-05,1e-05,7e-05,1e-05,-1e-05,-1e-05,1e-05,0
20875,-1e-05,1e-05,1e-05,7e-05,1e-05,-1e-05,-1e-05,1e-05,0
20876,-1e-05,1e-05,1e-05,7e-05,1e-05,-1e-05,-1e-05,1e-05,0
20877,-1e-05,1e-05,1e-05,7e-05,1e-05,-1e-05,-1e-05,1e-05,0
20878,-1e-05,1e-05,1e-05,7e-05,1e-05,-1e-05,-1e-05,1e-05,0
20879,-1e-05,1e-05,1e-05,7e-05,1e-05,-1e-05,-1e-05,1e-05,0
20880,-1e-05,1e-05,1e-05,7e-05,1e-05,-1e-05,-1e-05,1e-05,0
20881,-1e-05,1e-05,1e-05,7e-05,1e-05,-1e-05,-1e-05,1e-05,0
20882,1e-05,3e-05,2e-05,6e-05,1e-05,-2e-05,0.0,-1e-05,0
20883,1e-05,3e-05,2e-05,6e-05,1e-05,-2e-05,0.0,-1e-05,0
20884,1e-05,3e-05,2e-05,6e-05,1e-05,-2e-05,0.0,-1e-05,0
20885,1e-05,3e-05,2e-05,6e-05,1e-05,-2e-05,0.0,-1e-05,0
20886,1e-05,3e-05,2e-05,6e-05,1e-05,-2e-05,0.0,-1e-05,0
20889,-3e-05,-7e-05,-0.00011,-7e-05,-3e-05,2e-05,0.0,-2e-05,0
20890,-3e-05,-7e-05,-0.00011,-7e-05,-3e-05,2e-05,0.0,-2e-05,0
20891,-3e-05,-7e-05,-0.00011,-7e-05,-3e-05,2e-05,0.0,-2e-05,0
20892,-3e-05,-7e-05,-0.00011,-7e-05,-3e-05,2e-05,0.0,-2e-05,0
20893,-3e-05,-7e-05,-0.00011,-7e-05,-3e-05,2e-05,0.0,-2e-05,0
20894,-3e-05,-7e-05,-0.00011,-7e-05,-3e-05,2e-05,0.0,-2e-05,0
20895,-3e-05,-7e-05,-0.00011,-7e-05,-3e-05,2e-05,0.0,-2e-05,0
20896,-3e-05,-7e-05,-0.00011,-7e-05,-3e-05,2e-05,0.0,-2e-05,0
20897,-3e-05,-7e-05,-0.00011,-7e-05,-3e-05,2e-05,0.0,-2e-05,0
20898,-3e-05,-7e-05,-0.00011,-7e-05,-3e-05,2e-05,0.0,-2e-05,0
20899,-3e-05,-7e-05,-0.00011,-7e-05,-3e-05,2e-05,0.0,-2e-05,0
20900,-3e-05,-7e-05,-0.00011,-7e-05,-3e-05,2e-05,0.0,-2e-05,0
20901,-3e-05,-7e-05,-0.00011,-7e-05,-3e-05,2e-05,0.0,-2e-05,0
20902,-3e-05,-7e-05,-0.00011,-7e-05,-3e-05,2e-05,0.0,-2e-05,0
20903,-3e-05,-7e-05,-0.00011,-7e-05,-3e-05,2e-05,0.0,-2e-05,0
20904,-3e-05,-7e-05,-0.00011,-7e-05,-3e-05,2e-05,0.0,-2e-05,0
20905,-3e-05,-7e-05,-0.00011,-7e-05,-3e-05,2e-05,0.0,-2e-05,0
20906,-3e-05,-7e-05,-0.00011,-7e-05,-3e-05,2e-05,0.0,-2e-05,0
20907,-3e-05,-7e-05,-0.00011,-7e-05,-3e-05,2e-05,0.0,-2e-05,0
20908,-3e-05,-7e-05,-0.00011,-7e-05,-3e-05,2e-05,0.0,-2e-05,0
20909,-3e-05,-7e-05,-0.00011,-7e-05,-3e-05,2e-05,0.0,-2e-05,0
20910,-3e-05,-7e-05,-0.00011,-7e-05,-3e-05,2e-05,0.0,-2e-05,0
20911,-3e-05,-7e-05,-0.00011,-7e-05,-3e-05,2e-05,0.0,-2e-05,0
20912,-3e-05,-7e-05,-0.00011,-7e-05,-3e-05,2e-05,0.0,-2e-05,0
20913,0.0,-1e-05,0.0,0.00015,2e-05,0.0,-1e-05,-2e-05,0
20914,0.0,-1e-05,0.0,0.00015,2e-05,0.0,-1e-05,-2e-05,0
20915,0.0,-1e-05,0.0,0.00015,2e-05,0.0,-1e-05,-2e-05,0
20916,0.0,-1e-05,0.0,0.00015,2e-05,0.0,-1e-05,-2e-05,0
20917,0.0,-1e-05,0.0,0.00015,2e-05,0.0,-1e-05,-2e-05,0
20918,2e-05,1e-05,1e-05,-6e-05,0.0,-1e-05,-1e-05,0.0,0
20919,0.0,2e-05,4e-05,3e-05,0.0,-2e-05,-1e-05,-1e-05,0
20920,0.0,2e-05,4e-05,3e-05,0.0,-2e-05,-1e-05,-1e-05,0
20921,0.0,2e-05,4e-05,3e-05,0.0,-2e-05,-1e-05,-1e-05,0
20922,0.0,2e-05,4e-05,3e-05,0.0,-2e-05,-1e-05,-1e-05,0
20923,0.0,2e-05,4e-05,3e-05,0.0,-2e-05,-1e-05,-1e-05,0
20924,0.0,2e-05,4e-05,3e-05,0.0,-2e-05,-1e-05,-1e-05,0
20925,0.0,2e-05,4e-05,3e-05,0.0,-2e-05,-1e-05,-1e-05,0
20926,0.0,2e-05,4e-05,3e-05,0.0,-2e-05,-1e-05,-1e-05,0
20927,-3e-05,0.0,-3e-05,-8e-05,-1e-05,-3e-05,0.0,-2e-05,0
20928,-3e-05,0.0,-3e-05,-8e-05,-1e-05,-3e-05,0.0,-2e-05,0
20929,0.0,-3e-05,-2e-05,-6e-05,-1e-05,1e-05,0.0,-2e-05,0
20930,0.0,-3e-05,-2e-05,-6e-05,-1e-05,1e-05,0.0,-2e-05,0
20931,0.0,-3e-05,-2e-05,-6e-05,-1e-05,1e-05,0.0,-2e-05,0
20932,0.0,-3e-05,-2e-05,-6e-05,-1e-05,1e-05,0.0,-2e-05,0
20933,0.0,-3e-05,-2e-05,-6e-05,-1e-05,1e-05,0.0,-2e-05,0
20934,0.0,-3e-05,-2e-05,-6e-05,-1e-05,1e-05,0.0,-2e-05,0
20935,0.0,-3e-05,-2e-05,-6e-05,-1e-05,1e-05,0.0,-2e-05,0
20936,0.0,-3e-05,-2e-05,-6e-05,-1e-05,1e-05,0.0,-2e-05,0
20939,0.0,-3e-05,-2e-05,-6e-05,-1e-05,1e-05,0.0,-2e-05,0
20940,0.0,-3e-05,-2e-05,-6e-05,-1e-05,1e-05,0.0,-2e-05,0
20941,0.0,-3e-05,-2e-05,-6e-05,-1e-05,1e-05,0.0,-2e-05,0
20942,0.0,-3e-05,-2e-05,-6e-05,-1e-05,1e-05,0.0,-2e-05,0
20943,0.0,-3e-05,-2e-05,-6e-05,-1e-05,1e-05,0.0,-2e-05,0
20944,0.0,-3e-05,-2e-05,-6e-05,-1e-05,1e-05,0.0,-2e-05,0
20945,0.0,-3e-05,-2e-05,-6e-05,-1e-05,1e-05,0.0,-2e-05,0
20946,0.0,-3e-05,-2e-05,-6e-05,-1e-05,1e-05,0.0,-2e-05,0
20947,0.0,-3e-05,-2e-05,-6e-05,-1e-05,1e-05,0.0,-2e-05,0
20948,0.0,-3e-05,-2e-05,-6e-05,-1e-05,1e-05,0.0,-2e-05,0
20949,0.0,-3e-05,-2e-05,-6e-05,-1e-05,1e-05,0.0,-2e-05,0
20950,2e-05,-1e-05,-1e-05,7e-05,0.0,-1e-05,0.0,2e-05,0
20951,-2e-05,-3e-05,-2e-05,0.0,-1e-05,-1e-05,1e-05,0.0,0
20952,-2e-05,-3e-05,-2e-05,0.0,-1e-05,-1e-05,1e-05,0.0,0
20953,-2e-05,-3e-05,-2e-05,0.0,-1e-05,-1e-05,1e-05,0.0,0
20954,-2e-05,-3e-05,-2e-05,0.0,-1e-05,-1e-05,1e-05,0.0,0
20955,-2e-05,-3e-05,-2e-05,0.0,-1e-05,-1e-05,1e-05,0.0,0
20956,-2e-05,-3e-05,-2e-05,0.0,-1e-05,-1e-05,1e-05,0.0,0
20957,-2e-05,-3e-05,-2e-05,0.0,-1e-05,-1e-05,1e-05,0.0,0
20958,-2e-05,-3e-05,-2e-05,0.0,-1e-05,-1e-05,1e-05,0.0,0
20959,-2e-05,-3e-05,-2e-05,0.0,-1e-05,-1e-05,1e-05,0.0,0
20960,-2e-05,-3e-05,-2e-05,0.0,-1e-05,-1e-05,1e-05,0.0,0
20961,-2e-05,-3e-05,-2e-05,0.0,-1e-05,-1e-05,1e-05,0.0,0
20962,-2e-05,-3e-05,-2e-05,0.0,-1e-05,-1e-05,1e-05,0.0,0
20963,-2e-05,-3e-05,-2e-05,0.0,-1e-05,-1e-05,1e-05,0.0,0
20964,-2e-05,-3e-05,-2e-05,0.0,-1e-05,-1e-05,1e-05,0.0,0
20965,1e-05,-1e-05,1e-05,-1e-05,1e-05,-1e-05,-1e-05,0.0,0
20966,-4e-05,-5e-05,-0.00012,-5e-05,-1e-05,-2e-05,-1e-05,-4e-05,0
20967,-2e-05,-4e-05,-4e-05,-9e-05,-3e-05,-2e-05,-2e-05,1e-05,0
20968,-2e-05,-4e-05,-4e-05,-9e-05,-3e-05,-2e-05,-2e-05,1e-05,0
20969,-2e-05,-4e-05,-4e-05,-9e-05,-3e-05,-2e-05,-2e-05,1e-05,0
20970,-2e-05,-4e-05,-4e-05,-9e-05,-3e-05,-2e-05,-2e-05,1e-05,0
20971,-2e-05,-4e-05,-4e-05,-9e-05,-3e-05,-2e-05,-2e-05,1e-05,0
20972,-2e-05,-4e-05,-4e-05,-9e-05,-3e-05,-2e-05,-2e-05,1e-05,0
20973,-2e-05,-4e-05,-4e-05,-9e-05,-3e-05,-2e-05,-2e-05,1e-05,0
20974,-2e-05,-4e-05,-4e-05,-9e-05,-3e-05,-2e-05,-2e-05,1e-05,0
20975,-2e-05,-4e-05,-4e-05,-9e-05,-3e-05,-2e-05,-2e-05,1e-05,0
20976,-2e-05,-4e-05,-4e-05,-9e-05,-3e-05,-2e-05,-2e-05,1e-05,0
20977,-2e-05,-4e-05,-4e-05,-9e-05,-3e-05,-2e-05,-2e-05,1e-05,0
20978,-2e-05,-4e-05,-4e-05,-9e-05,-3e-05,-2e-05,-2e-05,1e-05,0
20979,-2e-05,-4e-05,-4e-05,-9e-05,-3e-05,-2e-05,-2e-05,1e-05,0
20982,-2e-05,-4e-05,-4e-05,-9e-05,-3e-05,-2e-05,-2e-05,1e-05,0
20983,-2e-05,-4e-05,-4e-05,-9e-05,-3e-05,-2e-05,-2e-05,1e-05,0
20984,-2e-05,-4e-05,-4e-05,-9e-05,-3e-05,-2e-05,-2e-05,1e-05,0
20985,-2e-05,-4e-05,-4e-05,-9e-05,-3e-05,-2e-05,-2e-05,1e-05,0
20986,-2e-05,-4e-05,-4e-05,-9e-05,-3e-05,-2e-05,-2e-05,1e-05,0
20989,-2e-05,-4e-05,-4e-05,-9e-05,-3e-05,-2e-05,-2e-05,1e-05,0
20990,-2e-05,-4e-05,-4e-05,-9e-05,-3e-05,-2e-05,-2e-05,1e-05,0
20991,-2e-05,-4e-05,-4e-05,-9e-05,-3e-05,-2e-05,-2e-05,1e-05,0
20992,-2e-05,-4e-05,-4e-05,-9e-05,-3e-05,-2e-05,-2e-05,1e-05,0
20993,-2e-05,-4e-05,-4e-05,-9e-05,-3e-05,-2e-05,-2e-05,1e-05,0
20994,-2e-05,-4e-05,-4e-05,-9e-05,-3e-05,-2e-05,-2e-05,1e-05,0
20995,-2e-05,-4e-05,-4e-05,-9e-05,-3e-05,-2e-05,-2e-05,1e-05,0
20996,-2e-05,-4e-05,-4e-05,-9e-05,-3e-05,-2e-05,-2e-05,1e-05,0
20997,-2e-05,-4e-05,-4e-05,-9e-05,-3e-05,-2e-05,-2e-05,1e-05,0
20998,-2e-05,-4e-05,-4e-05,-9e-05,-3e-05,-2e-05,-2e-05,1e-05,0
20999,-2e-05,-4e-05,-4e-05,-9e-05,-3e-05,-2e-05,-2e-05,1e-05,0
21000,-2e-05,-4e-05,-4e-05,-9e-05,-3e-05,-2e-05,-2e-05,1e-05,0
21001,-2e-05,-4e-05,-4e-05,-9e-05,-3e-05,-2e-05,-2e-05,1e-05,0
21002,-2e-05,-4e-05,-4e-05,-9e-05,-3e-05,-2e-05,-2e-05,1e-05,0
21003,1e-05,1e-05,-1e-05,-8e-05,-2e-05,-1e-05,-2e-05,-1e-05,0
21004,1e-05,1e-05,-1e-05,-8e-05,-2e-05,-1e-05,-2e-05,-1e-05,0
21005,-5e-05,-6e-05,-7e-05,-3e-05,-5e-05,-1e-05,0.0,-2e-05,0
21006,-5e-05,-6e-05,-7e-05,-3e-05,-5e-05,-1e-05,0.0,-2e-05,0
21007,-5e-05,-6e-05,-7e-05,-3e-05,-5e-05,-1e-05,0.0,-2e-05,0
21008,-5e-05,-6e-05,-7e-05,-3e-05,-5e-05,-1e-05,0.0,-2e-05,0
21009,-5e-05,-6e-05,-7e-05,-3e-05,-5e-05,-1e-05,0.0,-2e-05,0
21010,1e-05,0.0,-1e-05,-3e-05,-1e-05,-1e-05,-1e-05,0.0,0
21011,1e-05,0.0,-1e-05,-3e-05,-1e-05,-1e-05,-1e-05,0.0,0
21012,1e-05,0.0,-1e-05,-3e-05,-1e-05,-1e-05,-1e-05,0.0,0
21013,1e-05,0.0,-1e-05,-3e-05,-1e-05,-1e-05,-1e-05,0.0,0
21014,1e-05,0.0,-1e-05,-3e-05,-1e-05,-1e-05,-1e-05,0.0,0
21015,1e-05,0.0,-1e-05,-3e-05,-1e-05,-1e-05,-1e-05,0.0,0
21016,1e-05,0.0,-1e-05,-3e-05,-1e-05,-1e-05,-1e-05,0.0,0
21017,1e-05,0.0,-1e-05,-3e-05,-1e-05,-1e-05,-1e-05,0.0,0
21018,1e-05,0.0,-1e-05,-3e-05,-1e-05,-1e-05,-1e-05,0.0,0
21019,1e-05,0.0,-1e-05,-3e-05,-1e-05,-1e-05,-1e-05,0.0,0
21020,1e-05,0.0,-1e-05,-3e-05,-1e-05,-1e-05,-1e-05,0.0,0
21021,1e-05,0.0,-1e-05,-3e-05,-1e-05,-1e-05,-1e-05,0.0,0
21022,1e-05,0.0,-1e-05,-3e-05,-1e-05,-1e-05,-1e-05,0.0,0
21023,1e-05,0.0,-1e-05,-3e-05,-1e-05,-1e-05,-1e-05,0.0,0
21024,1e-05,0.0,-1e-05,-3e-05,-1e-05,-1e-05,-1e-05,0.0,0
21025,1e-05,0.0,-1e-05,-3e-05,-1e-05,-1e-05,-1e-05,0.0,0
21026,1e-05,0.0,-1e-05,-3e-05,-1e-05,-1e-05,-1e-05,0.0,0
21027,1e-05,0.0,-1e-05,-3e-05,-1e-05,-1e-05,-1e-05,0.0,0
21028,1e-05,0.0,-1e-05,-3e-05,-1e-05,-1e-05,-1e-05,0.0,0
21029,1e-05,0.0,-1e-05,-3e-05,-1e-05,-1e-05,-1e-05,0.0,0
21030,1e-05,0.0,-1e-05,-3e-05,-1e-05,-1e-05,-1e-05,0.0,0
21031,1e-05,0.0,-1e-05,-3e-05,-1e-05,-1e-05,-1e-05,0.0,0
21032,-4e-05,-2e-05,-2e-05,1e-05,-2e-05,-2e-05,-1e-05,-2e-05,0
21033,-4e-05,-2e-05,-2e-05,1e-05,-2e-05,-2e-05,-1e-05,-2e-05,0
21034,1e-05,4e-05,4e-05,4e-05,0.0,0.0,-2e-05,-2e-05,0
21035,1e-05,4e-05,4e-05,4e-05,0.0,0.0,-2e-05,-2e-05,0
21036,1e-05,4e-05,4e-05,4e-05,0.0,0.0,-2e-05,-2e-05,0
21039,1e-05,4e-05,4e-05,4e-05,0.0,0.0,-2e-05,-2e-05,0
21040,1e-05,4e-05,4e-05,4e-05,0.0,0.0,-2e-05,-2e-05,0
21041,1e-05,4e-05,4e-05,4e-05,0.0,0.0,-2e-05,-2e-05,0
21042,1e-05,4e-05,4e-05,4e-05,0.0,0.0,-2e-05,-2e-05,0
21043,1e-05,4e-05,4e-05,4e-05,0.0,0.0,-2e-05,-2e-05,0
21044,1e-05,4e-05,4e-05,4e-05,0.0,0.0,-2e-05,-2e-05,0
21045,1e-05,4e-05,4e-05,4e-05,0.0,0.0,-2e-05,-2e-05,0
21046,1e-05,4e-05,4e-05,4e-05,0.0,0.0,-2e-05,-2e-05,0
21047,-1e-05,-1e-05,-2e-05,-5e-05,-2e-05,-1e-05,-1e-05,-3e-05,0
21048,-1e-05,-1e-05,-2e-05,-5e-05,-2e-05,-1e-05,-1e-05,-3e-05,0
21049,-1e-05,4e-05,5e-05,0.00021,5e-05,-1e-05,-1e-05,-1e-05,0
21050,-1e-05,4e-05,5e-05,0.00021,5e-05,-1e-05,-1e-05,-1e-05,0
21051,-1e-05,4e-05,5e-05,0.00021,5e-05,-1e-05,-1e-05,-1e-05,0
21052,-1e-05,4e-05,5e-05,0.00021,5e-05,-1e-05,-1e-05,-1e-05,0
21053,-1e-05,4e-05,5e-05,0.00021,5e-05,-1e-05,-1e-05,-1e-05,0
21054,-1e-05,4e-05,5e-05,0.00021,5e-05,-1e-05,-1e-05,-1e-05,0
21055,-1e-05,4e-05,5e-05,0.00021,5e-05,-1e-05,-1e-05,-1e-05,0
21056,-1e-05,4e-05,5e-05,0.00021,5e-05,-1e-05,-1e-05,-1e-05,0
21057,-1e-05,4e-05,5e-05,0.00021,5e-05,-1e-05,-1e-05,-1e-05,0
21058,-1e-05,4e-05,5e-05,0.00021,5e-05,-1e-05,-1e-05,-1e-05,0
21059,-1e-05,4e-05,5e-05,0.00021,5e-05,-1e-05,-1e-05,-1e-05,0
21060,-1e-05,4e-05,5e-05,0.00021,5e-05,-1e-05,-1e-05,-1e-05,0
21061,-1e-05,4e-05,5e-05,0.00021,5e-05,-1e-05,-1e-05,-1e-05,0
21062,-1e-05,4e-05,5e-05,0.00021,5e-05,-1e-05,-1e-05,-1e-05,0
21063,-1e-05,4e-05,5e-05,0.00021,5e-05,-1e-05,-1e-05,-1e-05,0
21064,-1e-05,4e-05,5e-05,0.00021,5e-05,-1e-05,-1e-05,-1e-05,0
21065,-1e-05,4e-05,5e-05,0.00021,5e-05,-1e-05,-1e-05,-1e-05,0
21066,-1e-05,4e-05,5e-05,0.00021,5e-05,-1e-05,-1e-05,-1e-05,0
21067,-1e-05,4e-05,5e-05,0.00021,5e-05,-1e-05,-1e-05,-1e-05,0
21068,-1e-05,4e-05,5e-05,0.00021,5e-05,-1e-05,-1e-05,-1e-05,0
21069,-1e-05,4e-05,5e-05,0.00021,5e-05,-1e-05,-1e-05,-1e-05,0
21070,0.0,-1e-05,4e-05,5e-05,2e-05,1e-05,0.0,1e-05,0
21071,0.0,-1e-05,4e-05,5e-05,2e-05,1e-05,0.0,1e-05,0
21072,0.0,-1e-05,4e-05,5e-05,2e-05,1e-05,0.0,1e-05,0
21073,0.0,-1e-05,4e-05,5e-05,2e-05,1e-05,0.0,1e-05,0
21074,0.0,-1e-05,4e-05,5e-05,2e-05,1e-05,0.0,1e-05,0
21075,0.0,-1e-05,4e-05,5e-05,2e-05,1e-05,0.0,1e-05,0
21076,-3e-05,-1e-05,-4e-05,-0.00013,-4e-05,0.0,-1e-05,-1e-05,0
21077,-3e-05,-1e-05,-4e-05,-0.00013,-4e-05,0.0,-1e-05,-1e-05,0
21078,-3e-05,-1e-05,-4e-05,-0.00013,-4e-05,0.0,-1e-05,-1e-05,0
21079,-3e-05,-1e-05,-4e-05,-0.00013,-4e-05,0.0,-1e-05,-1e-05,0
21080,-3e-05,-1e-05,-4e-05,-0.00013,-4e-05,0.0,-1e-05,-1e-05,0
21081,-3e-05,-1e-05,-4e-05,-0.00013,-4e-05,0.0,-1e-05,-1e-05,0
21082,-3e-05,-1e-05,-4e-05,-0.00013,-4e-05,0.0,-1e-05,-1e-05,0
21083,-3e-05,-1e-05,-4e-05,-0.00013,-4e-05,0.0,-1e-05,-1e-05,0
21084,-3e-05,-1e-05,-4e-05,-0.00013,-4e-05,0.0,-1e-05,-1e-05,0
21085,-1e-05,-1e-05,0.0,-3e-05,-2e-05,-1e-05,-2e-05,-1e-05,0
21087,-1e-05,-3e-05,0.0,-2e-05,0.0,0.0,-2e-05,-1e-05,0
21089,-1e-05,-3e-05,0.0,-2e-05,0.0,0.0,-2e-05,-1e-05,0
21090,-1e-05,-3e-05,0.0,-2e-05,0.0,0.0,-2e-05,-1e-05,0
21091,-1e-05,-3e-05,0.0,-2e-05,0.0,0.0,-2e-05,-1e-05,0
21092,-1e-05,-3e-05,0.0,-2e-05,0.0,0.0,-2e-05,-1e-05,0
21093,-1e-05,-3e-05,0.0,-2e-05,0.0,0.0,-2e-05,-1e-05,0
21094,-1e-05,-3e-05,0.0,-2e-05,0.0,0.0,-2e-05,-1e-05,0
21095,-1e-05,-3e-05,0.0,-2e-05,0.0,0.0,-2e-05,-1e-05,0
21096,-1e-05,-3e-05,0.0,-2e-05,0.0,0.0,-2e-05,-1e-05,0
21097,-1e-05,-3e-05,0.0,-2e-05,0.0,0.0,-2e-05,-1e-05,0
21098,-1e-05,-3e-05,0.0,-2e-05,0.0,0.0,-2e-05,-1e-05,0
21099,-1e-05,-3e-05,0.0,-2e-05,0.0,0.0,-2e-05,-1e-05,0
21100,-1e-05,-3e-05,0.0,-2e-05,0.0,0.0,-2e-05,-1e-05,0
21101,-1e-05,-3e-05,0.0,-2e-05,0.0,0.0,-2e-05,-1e-05,0
21102,-1e-05,-3e-05,0.0,-2e-05,0.0,0.0,-2e-05,-1e-05,0
21103,-1e-05,-3e-05,0.0,-2e-05,0.0,0.0,-2e-05,-1e-05,0
21104,-1e-05,-3e-05,0.0,-2e-05,0.0,0.0,-2e-05,-1e-05,0
21105,-1e-05,-3e-05,0.0,-2e-05,0.0,0.0,-2e-05,-1e-05,0
21106,-1e-05,-3e-05,0.0,-2e-05,0.0,0.0,-2e-05,-1e-05,0
21107,-1e-05,-3e-05,0.0,-2e-05,0.0,0.0,-2e-05,-1e-05,0
21108,-1e-05,0.0,2e-05,-6e-05,-1e-05,-3e-05,-1e-05,-2e-05,0
21109,-1e-05,0.0,2e-05,-6e-05,-1e-05,-3e-05,-1e-05,-2e-05,0
21110,-1e-05,0.0,2e-05,-6e-05,-1e-05,-3e-05,-1e-05,-2e-05,0
21111,-1e-05,0.0,2e-05,-6e-05,-1e-05,-3e-05,-1e-05,-2e-05,0
21112,-1e-05,0.0,2e-05,-6e-05,-1e-05,-3e-05,-1e-05,-2e-05,0
21113,-1e-05,0.0,2e-05,-6e-05,-1e-05,-3e-05,-1e-05,-2e-05,0
21114,-1e-05,0.0,2e-05,-6e-05,-1e-05,-3e-05,-1e-05,-2e-05,0
21115,-1e-05,0.0,2e-05,-6e-05,-1e-05,-3e-05,-1e-05,-2e-05,0
21116,-1e-05,0.0,2e-05,-6e-05,-1e-05,-3e-05,-1e-05,-2e-05,0
21117,-1e-05,0.0,2e-05,-6e-05,-1e-05,-3e-05,-1e-05,-2e-05,0
21118,-1e-05,0.0,2e-05,-6e-05,-1e-05,-3e-05,-1e-05,-2e-05,0
21119,-1e-05,0.0,2e-05,-6e-05,-1e-05,-3e-05,-1e-05,-2e-05,0
21120,-1e-05,0.0,2e-05,-6e-05,-1e-05,-3e-05,-1e-05,-2e-05,0
21121,-1e-05,0.0,2e-05,-6e-05,-1e-05,-3e-05,-1e-05,-2e-05,0
21122,1e-05,1e-05,1e-05,2e-05,-1e-05,0.0,1e-05,1e-05,0
21123,-3e-05,-3e-05,-5e-05,-3e-05,0.0,-1e-05,-3e-05,0.0,0
21124,-3e-05,-3e-05,-5e-05,-3e-05,0.0,-1e-05,-3e-05,0.0,0
21125,-3e-05,-3e-05,-5e-05,-3e-05,0.0,-1e-05,-3e-05,0.0,0
21126,-3e-05,-3e-05,-5e-05,-3e-05,0.0,-1e-05,-3e-05,0.0,0
21127,-3e-05,-3e-05,-5e-05,-3e-05,0.0,-1e-05,-3e-05,0.0,0
21128,-3e-05,-3e-05,-5e-05,-3e-05,0.0,-1e-05,-3e-05,0.0,0
21129,-3e-05,-3e-05,-5e-05,-3e-05,0.0,-1e-05,-3e-05,0.0,0
21130,-1e-05,3e-05,1e-05,0.0,1e-05,-1e-05,-1e-05,-2e-05,0
21131,-1e-05,3e-05,1e-05,0.0,1e-05,-1e-05,-1e-05,-2e-05,0
21132,-1e-05,3e-05,1e-05,0.0,1e-05,-1e-05,-1e-05,-2e-05,0
21133,-1e-05,3e-05,1e-05,0.0,1e-05,-1e-05,-1e-05,-2e-05,0
21134,-1e-05,3e-05,1e-05,0.0,1e-05,-1e-05,-1e-05,-2e-05,0
21135,-1e-05,3e-05,1e-05,0.0,1e-05,-1e-05,-1e-05,-2e-05,0
21136,-1e-05,3e-05,1e-05,0.0,1e-05,-1e-05,-1e-05,-2e-05,0
21139,-1e-05,3e-05,1e-05,0.0,1e-05,-1e-05,-1e-05,-2e-05,0
21140,-1e-05,3e-05,1e-05,0.0,1e-05,-1e-05,-1e-05,-2e-05,0
21141,-1e-05,3e-05,1e-05,0.0,1e-05,-1e-05,-1e-05,-2e-05,0
21142,-1e-05,3e-05,1e-05,0.0,1e-05,-1e-05,-1e-05,-2e-05,0
21143,-1e-05,3e-05,1e-05,0.0,1e-05,-1e-05,-1e-05,-2e-05,0
21144,-1e-05,3e-05,1e-05,0.0,1e-05,-1e-05,-1e-05,-2e-05,0
21145,-1e-05,3e-05,1e-05,0.0,1e-05,-1e-05,-1e-05,-2e-05,0
21146,-1e-05,3e-05,1e-05,0.0,1e-05,-1e-05,-1e-05,-2e-05,0
21147,-1e-05,3e-05,1e-05,0.0,1e-05,-1e-05,-1e-05,-2e-05,0
21148,-1e-05,3e-05,1e-05,0.0,1e-05,-1e-05,-1e-05,-2e-05,0
21149,-1e-05,3e-05,1e-05,0.0,1e-05,-1e-05,-1e-05,-2e-05,0
21150,-1e-05,3e-05,1e-05,0.0,1e-05,-1e-05,-1e-05,-2e-05,0
21151,-1e-05,3e-05,1e-05,0.0,1e-05,-1e-05,-1e-05,-2e-05,0
21152,-1e-05,3e-05,1e-05,0.0,1e-05,-1e-05,-1e-05,-2e-05,0
21153,-1e-05,3e-05,1e-05,0.0,1e-05,-1e-05,-1e-05,-2e-05,0
21154,-1e-05,3e-05,1e-05,0.0,1e-05,-1e-05,-1e-05,-2e-05,0
21155,-1e-05,3e-05,1e-05,0.0,1e-05,-1e-05,-1e-05,-2e-05,0
21156,-1e-05,3e-05,1e-05,0.0,1e-05,-1e-05,-1e-05,-2e-05,0
21157,-1e-05,3e-05,1e-05,0.0,1e-05,-1e-05,-1e-05,-2e-05,0
21158,-1e-05,3e-05,1e-05,0.0,1e-05,-1e-05,-1e-05,-2e-05,0
21159,-1e-05,3e-05,1e-05,0.0,1e-05,-1e-05,-1e-05,-2e-05,0
21160,-3e-05,-7e-05,-8e-05,-6e-05,-2e-05,1e-05,0.0,-1e-05,0
21161,-3e-05,-7e-05,-8e-05,-6e-05,-2e-05,1e-05,0.0,-1e-05,0
21162,1e-05,0.0,-1e-05,-3e-05,-1e-05,1e-05,0.0,-2e-05,0
21163,1e-05,0.0,-1e-05,-3e-05,-1e-05,1e-05,0.0,-2e-05,0
21164,1e-05,0.0,-1e-05,-3e-05,-1e-05,1e-05,0.0,-2e-05,0
21165,1e-05,0.0,-1e-05,-3e-05,-1e-05,1e-05,0.0,-2e-05,0
21166,1e-05,0.0,-1e-05,-3e-05,-1e-05,1e-05,0.0,-2e-05,0
21167,-1e-05,2e-05,3e-05,0.00022,2e-05,1e-05,0.0,-3e-05,0
21168,-1e-05,2e-05,3e-05,0.00022,2e-05,1e-05,0.0,-3e-05,0
21169,-2e-05,-4e-05,-4e-05,-3e-05,-2e-05,0.0,0.0,1e-05,0
21170,-2e-05,-4e-05,-4e-05,-3e-05,-2e-05,0.0,0.0,1e-05,0
21171,-2e-05,-4e-05,-4e-05,-3e-05,-2e-05,0.0,0.0,1e-05,0
21172,-2e-05,-4e-05,-4e-05,-3e-05,-2e-05,0.0,0.0,1e-05,0
21173,-2e-05,-4e-05,-4e-05,-3e-05,-2e-05,0.0,0.0,1e-05,0
21174,-2e-05,-4e-05,-4e-05,-3e-05,-2e-05,0.0,0.0,1e-05,0
21175,-2e-05,-4e-05,-4e-05,-3e-05,-2e-05,0.0,0.0,1e-05,0
21176,-2e-05,-4e-05,-4e-05,-3e-05,-2e-05,0.0,0.0,1e-05,0
21177,-2e-05,-4e-05,-4e-05,-3e-05,-2e-05,0.0,0.0,1e-05,0
21178,-2e-05,-4e-05,-4e-05,-3e-05,-2e-05,0.0,0.0,1e-05,0
21179,-2e-05,-4e-05,-4e-05,-3e-05,-2e-05,0.0,0.0,1e-05,0
21180,-2e-05,-4e-05,-4e-05,-3e-05,-2e-05,0.0,0.0,1e-05,0
21181,-2e-05,-4e-05,-4e-05,-3e-05,-2e-05,0.0,0.0,1e-05,0
21182,-2e-05,-4e-05,-4e-05,-3e-05,-2e-05,0.0,0.0,1e-05,0
21183,-2e-05,-4e-05,-4e-05,-3e-05,-2e-05,0.0,0.0,1e-05,0
21184,-2e-05,-4e-05,-4e-05,-3e-05,-2e-05,0.0,0.0,1e-05,0
21185,-2e-05,-4e-05,-4e-05,-3e-05,-2e-05,0.0,0.0,1e-05,0
21186,-2e-05,-4e-05,-4e-05,-3e-05,-2e-05,0.0,0.0,1e-05,0
21189,-2e-05,-4e-05,-4e-05,-3e-05,-2e-05,0.0,0.0,1e-05,0
21190,-2e-05,-4e-05,-4e-05,-3e-05,-2e-05,0.0,0.0,1e-05,0
21191,-2e-05,-4e-05,-4e-05,-3e-05,-2e-05,0.0,0.0,1e-05,0
21192,-2e-05,-4e-05,-4e-05,-3e-05,-2e-05,0.0,0.0,1e-05,0
21193,-2e-05,-4e-05,-4e-05,-3e-05,-2e-05,0.0,0.0,1e-05,0
21194,-2e-05,-4e-05,-4e-05,-3e-05,-2e-05,0.0,0.0,1e-05,0
21195,-2e-05,-4e-05,-4e-05,-3e-05,-2e-05,0.0,0.0,1e-05,0
21196,-2e-05,-4e-05,-4e-05,-3e-05,-2e-05,0.0,0.0,1e-05,0
21197,-3e-05,-6e-05,-8e-05,-0.00014,-3e-05,-1e-05,0.0,-4e-05,0
21198,0.0,-1e-05,3e-05,7e-05,3e-05,-1e-05,0.0,1e-05,0
21199,0.0,-1e-05,2e-05,0.0,-2e-05,-1e-05,-1e-05,-1e-05,0
21200,0.0,-1e-05,2e-05,0.0,-2e-05,-1e-05,-1e-05,-1e-05,0
21201,0.0,-1e-05,2e-05,0.0,-2e-05,-1e-05,-1e-05,-1e-05,0
21202,0.0,-1e-05,2e-05,0.0,-2e-05,-1e-05,-1e-05,-1e-05,0
21203,0.0,-1e-05,2e-05,0.0,-2e-05,-1e-05,-1e-05,-1e-05,0
21204,0.0,-1e-05,2e-05,0.0,-2e-05,-1e-05,-1e-05,-1e-05,0
21205,-1e-05,-3e-05,-6e-05,-8e-05,-4e-05,-1e-05,-1e-05,-1e-05,0
21206,0.0,-1e-05,1e-05,-3e-05,-1e-05,-1e-05,-2e-05,-1e-05,0
21207,0.0,-1e-05,1e-05,-3e-05,-1e-05,-1e-05,-2e-05,-1e-05,0
21208,0.0,-1e-05,1e-05,-3e-05,-1e-05,-1e-05,-2e-05,-1e-05,0
21209,0.0,-1e-05,1e-05,-3e-05,-1e-05,-1e-05,-2e-05,-1e-05,0
21210,0.0,-1e-05,1e-05,-3e-05,-1e-05,-1e-05,-2e-05,-1e-05,0
21211,0.0,-1e-05,1e-05,-3e-05,-1e-05,-1e-05,-2e-05,-1e-05,0
21212,0.0,-1e-05,1e-05,-3e-05,-1e-05,-1e-05,-2e-05,-1e-05,0
21213,0.0,-1e-05,1e-05,-3e-05,-1e-05,-1e-05,-2e-05,-1e-05,0
21214,0.0,-1e-05,1e-05,-3e-05,-1e-05,-1e-05,-2e-05,-1e-05,0
21215,0.0,-1e-05,1e-05,-3e-05,-1e-05,-1e-05,-2e-05,-1e-05,0
21216,0.0,-1e-05,1e-05,-3e-05,-1e-05,-1e-05,-2e-05,-1e-05,0
21217,0.0,-1e-05,1e-05,-3e-05,-1e-05,-1e-05,-2e-05,-1e-05,0
21218,0.0,-1e-05,1e-05,-3e-05,-1e-05,-1e-05,-2e-05,-1e-05,0
21219,0.0,-1e-05,1e-05,-3e-05,-1e-05,-1e-05,-2e-05,-1e-05,0
21220,0.0,-1e-05,1e-05,-3e-05,-1e-05,-1e-05,-2e-05,-1e-05,0
21221,0.0,-1e-05,1e-05,-3e-05,-1e-05,-1e-05,-2e-05,-1e-05,0
21222,0.0,-1e-05,1e-05,-3e-05,-1e-05,-1e-05,-2e-05,-1e-05,0
21223,0.0,-1e-05,1e-05,-3e-05,-1e-05,-1e-05,-2e-05,-1e-05,0
21224,0.0,-1e-05,1e-05,-3e-05,-1e-05,-1e-05,-2e-05,-1e-05,0
21225,0.0,-1e-05,1e-05,-3e-05,-1e-05,-1e-05,-2e-05,-1e-05,0
21226,0.0,-1e-05,1e-05,-3e-05,-1e-05,-1e-05,-2e-05,-1e-05,0
21227,0.0,-1e-05,1e-05,-3e-05,-1e-05,-1e-05,-2e-05,-1e-05,0
21228,-2e-05,-5e-05,-9e-05,-7e-05,-2e-05,0.0,1e-05,1e-05,0
21229,-1e-05,-1e-05,-4e-05,-3e-05,-1e-05,1e-05,-2e-05,-1e-05,0
21230,-1e-05,-1e-05,-4e-05,-3e-05,-1e-05,1e-05,-2e-05,-1e-05,0
21231,-1e-05,-1e-05,-4e-05,-3e-05,-1e-05,1e-05,-2e-05,-1e-05,0
21232,-1e-05,-1e-05,-4e-05,-3e-05,-1e-05,1e-05,-2e-05,-1e-05,0
21233,-1e-05,-1e-05,-4e-05,-3e-05,-1e-05,1e-05,-2e-05,-1e-05,0
21234,-1e-05,-1e-05,-4e-05,-3e-05,-1e-05,1e-05,-2e-05,-1e-05,0
21235,-1e-05,-1e-05,-4e-05,-3e-05,-1e-05,1e-05,-2e-05,-1e-05,0
21236,-1e-05,-1e-05,-4e-05,-3e-05,-1e-05,1e-05,-2e-05,-1e-05,0
21239,-1e-05,-1e-05,-4e-05,-3e-05,-1e-05,1e-05,-2e-05,-1e-05,0
21240,-1e-05,-1e-05,-4e-05,-3e-05,-1e-05,1e-05,-2e-05,-1e-05,0
21241,0.0,3e-05,6e-05,5e-05,1e-05,-1e-05,-1e-05,-1e-05,0
21242,0.0,3e-05,6e-05,5e-05,1e-05,-1e-05,-1e-05,-1e-05,0
21243,0.0,3e-05,6e-05,5e-05,1e-05,-1e-05,-1e-05,-1e-05,0
21244,0.0,3e-05,6e-05,5e-05,1e-05,-1e-05,-1e-05,-1e-05,0
21245,0.0,3e-05,6e-05,5e-05,1e-05,-1e-05,-1e-05,-1e-05,0
21246,0.0,3e-05,6e-05,5e-05,1e-05,-1e-05,-1e-05,-1e-05,0
21247,0.0,3e-05,6e-05,5e-05,1e-05,-1e-05,-1e-05,-1e-05,0
21248,0.0,3e-05,6e-05,5e-05,1e-05,-1e-05,-1e-05,-1e-05,0
21249,0.0,3e-05,6e-05,5e-05,1e-05,-1e-05,-1e-05,-1e-05,0
21250,-1e-05,2e-05,2e-05,3e-05,1e-05,-1e-05,0.0,-1e-05,0
21251,-1e-05,2e-05,2e-05,3e-05,1e-05,-1e-05,0.0,-1e-05,0
21252,-1e-05,2e-05,2e-05,3e-05,1e-05,-1e-05,0.0,-1e-05,0
21253,-1e-05,2e-05,2e-05,3e-05,1e-05,-1e-05,0.0,-1e-05,0
21254,-1e-05,2e-05,2e-05,3e-05,1e-05,-1e-05,0.0,-1e-05,0
21255,-1e-05,2e-05,2e-05,3e-05,1e-05,-1e-05,0.0,-1e-05,0
21256,-1e-05,2e-05,2e-05,3e-05,1e-05,-1e-05,0.0,-1e-05,0
21257,-1e-05,2e-05,2e-05,3e-05,1e-05,-1e-05,0.0,-1e-05,0
21258,-1e-05,2e-05,2e-05,3e-05,1e-05,-1e-05,0.0,-1e-05,0
21259,-1e-05,2e-05,2e-05,3e-05,1e-05,-1e-05,0.0,-1e-05,0
21260,-1e-05,2e-05,2e-05,3e-05,1e-05,-1e-05,0.0,-1e-05,0
21261,-1e-05,2e-05,2e-05,3e-05,1e-05,-1e-05,0.0,-1e-05,0
21262,-1e-05,2e-05,2e-05,3e-05,1e-05,-1e-05,0.0,-1e-05,0
21263,-1e-05,2e-05,2e-05,3e-05,1e-05,-1e-05,0.0,-1e-05,0
21264,-1e-05,2e-05,2e-05,3e-05,1e-05,-1e-05,0.0,-1e-05,0
21265,-1e-05,2e-05,2e-05,3e-05,1e-05,-1e-05,0.0,-1e-05,0
21266,-2e-05,-4e-05,-6e-05,-8e-05,-4e-05,-1e-05,-2e-05,-4e-05,0
21267,-2e-05,1e-05,4e-05,-2e-05,-1e-05,0.0,-2e-05,0.0,0
21268,-2e-05,1e-05,4e-05,-2e-05,-1e-05,0.0,-2e-05,0.0,0
21269,-2e-05,1e-05,4e-05,-2e-05,-1e-05,0.0,-2e-05,0.0,0
21270,-2e-05,1e-05,4e-05,-2e-05,-1e-05,0.0,-2e-05,0.0,0
21271,-2e-05,1e-05,4e-05,-2e-05,-1e-05,0.0,-2e-05,0.0,0
21272,-2e-05,1e-05,4e-05,-2e-05,-1e-05,0.0,-2e-05,0.0,0
21273,-2e-05,1e-05,4e-05,-2e-05,-1e-05,0.0,-2e-05,0.0,0
21274,-2e-05,1e-05,4e-05,-2e-05,-1e-05,0.0,-2e-05,0.0,0
21275,-2e-05,1e-05,4e-05,-2e-05,-1e-05,0.0,-2e-05,0.0,0
21276,-2e-05,1e-05,4e-05,-2e-05,-1e-05,0.0,-2e-05,0.0,0
21277,-2e-05,1e-05,4e-05,-2e-05,-1e-05,0.0,-2e-05,0.0,0
21278,-2e-05,1e-05,4e-05,-2e-05,-1e-05,0.0,-2e-05,0.0,0
21279,-2e-05,1e-05,4e-05,-2e-05,-1e-05,0.0,-2e-05,0.0,0
21280,-2e-05,1e-05,4e-05,-2e-05,-1e-05,0.0,-2e-05,0.0,0
21281,-2e-05,1e-05,4e-05,-2e-05,-1e-05,0.0,-2e-05,0.0,0
21282,-2e-05,1e-05,4e-05,-2e-05,-1e-05,0.0,-2e-05,0.0,0
21283,-2e-05,1e-05,4e-05,-2e-05,-1e-05,0.0,-2e-05,0.0,0
21284,-2e-05,1e-05,4e-05,-2e-05,-1e-05,0.0,-2e-05,0.0,0
21285,-2e-05,1e-05,4e-05,-2e-05,-1e-05,0.0,-2e-05,0.0,0
21286,-2e-05,1e-05,4e-05,-2e-05,-1e-05,0.0,-2e-05,0.0,0
21289,1e-05,0.0,-1e-05,0.0,0.0,1e-05,0.0,1e-05,0
21290,1e-05,0.0,-1e-05,0.0,0.0,1e-05,0.0,1e-05,0
21291,1e-05,0.0,-1e-05,0.0,0.0,1e-05,0.0,1e-05,0
21292,1e-05,0.0,-1e-05,0.0,0.0,1e-05,0.0,1e-05,0
21293,1e-05,0.0,-1e-05,0.0,0.0,1e-05,0.0,1e-05,0
21294,1e-05,0.0,-1e-05,0.0,0.0,1e-05,0.0,1e-05,0
21296,1e-05,0.0,-1e-05,0.0,0.0,1e-05,0.0,1e-05,0
21297,1e-05,0.0,-1e-05,0.0,0.0,1e-05,0.0,1e-05,0
21298,1e-05,0.0,-1e-05,0.0,0.0,1e-05,0.0,1e-05,0
21299,1e-05,0.0,-1e-05,0.0,0.0,1e-05,0.0,1e-05,0
21300,1e-05,0.0,-1e-05,0.0,0.0,1e-05,0.0,1e-05,0
21301,1e-05,0.0,-1e-05,0.0,0.0,1e-05,0.0,1e-05,0
21302,1e-05,0.0,-1e-05,0.0,0.0,1e-05,0.0,1e-05,0
21303,1e-05,0.0,-1e-05,0.0,0.0,1e-05,0.0,1e-05,0
21304,1e-05,0.0,-1e-05,0.0,0.0,1e-05,0.0,1e-05,0
21305,1e-05,0.0,-1e-05,0.0,0.0,1e-05,0.0,1e-05,0
21306,1e-05,0.0,-1e-05,0.0,0.0,1e-05,0.0,1e-05,0
21307,1e-05,0.0,-1e-05,0.0,0.0,1e-05,0.0,1e-05,0
21308,1e-05,0.0,-1e-05,0.0,0.0,1e-05,0.0,1e-05,0
21309,1e-05,0.0,-1e-05,0.0,0.0,1e-05,0.0,1e-05,0
21310,-2e-05,-1e-05,-2e-05,-4e-05,-5e-05,-1e-05,-3e-05,-1e-05,0
21311,-2e-05,-1e-05,-2e-05,-4e-05,-5e-05,-1e-05,-3e-05,-1e-05,0
21312,-2e-05,-2e-05,0.0,1e-05,-1e-05,0.0,0.0,-1e-05,0
21313,-2e-05,-2e-05,0.0,1e-05,-1e-05,0.0,0.0,-1e-05,0
21314,-2e-05,-2e-05,0.0,1e-05,-1e-05,0.0,0.0,-1e-05,0
21315,-2e-05,-2e-05,0.0,1e-05,-1e-05,0.0,0.0,-1e-05,0
21316,-2e-05,-2e-05,0.0,1e-05,-1e-05,0.0,0.0,-1e-05,0
21317,-2e-05,-2e-05,0.0,1e-05,-1e-05,0.0,0.0,-1e-05,0
21318,-2e-05,-2e-05,0.0,1e-05,-1e-05,0.0,0.0,-1e-05,0
21319,-2e-05,-2e-05,0.0,1e-05,-1e-05,0.0,0.0,-1e-05,0
21320,-2e-05,-2e-05,0.0,1e-05,-1e-05,0.0,0.0,-1e-05,0
21321,-2e-05,-2e-05,0.0,1e-05,-1e-05,0.0,0.0,-1e-05,0
21322,-2e-05,-2e-05,0.0,1e-05,-1e-05,0.0,0.0,-1e-05,0
21323,-2e-05,-2e-05,0.0,1e-05,-1e-05,0.0,0.0,-1e-05,0
21324,-2e-05,-2e-05,0.0,1e-05,-1e-05,0.0,0.0,-1e-05,0
21325,0.0,3e-05,3e-05,-4e-05,0.0,-2e-05,0.0,-1e-05,0
21326,0.0,2e-05,3e-05,1e-05,-1e-05,-1e-05,-1e-05,-2e-05,0
21328,0.0,2e-05,3e-05,1e-05,-1e-05,-1e-05,-1e-05,-2e-05,0
21329,0.0,2e-05,3e-05,1e-05,-1e-05,-1e-05,-1e-05,-2e-05,0
21330,0.0,2e-05,3e-05,1e-05,-1e-05,-1e-05,-1e-05,-2e-05,0
21331,0.0,2e-05,3e-05,1e-05,-1e-05,-1e-05,-1e-05,-2e-05,0
21332,0.0,2e-05,3e-05,1e-05,-1e-05,-1e-05,-1e-05,-2e-05,0
21333,0.0,2e-05,3e-05,1e-05,-1e-05,-1e-05,-1e-05,-2e-05,0
21334,0.0,2e-05,3e-05,1e-05,-1e-05,-1e-05,-1e-05,-2e-05,0
21335,0.0,2e-05,3e-05,1e-05,-1e-05,-1e-05,-1e-05,-2e-05,0
21336,0.0,2e-05,3e-05,1e-05,-1e-05,-1e-05,-1e-05,-2e-05,0
21339,0.0,2e-05,3e-05,1e-05,-1e-05,-1e-05,-1e-05,-2e-05,0
21340,0.0,2e-05,3e-05,1e-05,-1e-05,-1e-05,-1e-05,-2e-05,0
21341,0.0,2e-05,3e-05,1e-05,-1e-05,-1e-05,-1e-05,-2e-05,0
21342,0.0,2e-05,3e-05,1e-05,-1e-05,-1e-05,-1e-05,-2e-05,0
21343,0.0,2e-05,3e-05,1e-05,-1e-05,-1e-05,-1e-05,-2e-05,0
21344,0.0,2e-05,3e-05,1e-05,-1e-05,-1e-05,-1e-05,-2e-05,0
21345,0.0,2e-05,3e-05,1e-05,-1e-05,-1e-05,-1e-05,-2e-05,0
21346,0.0,2e-05,3e-05,1e-05,-1e-05,-1e-05,-1e-05,-2e-05,0
21347,0.0,2e-05,3e-05,1e-05,-1e-05,-1e-05,-1e-05,-2e-05,0
21348,-5e-05,-8e-05,-9e-05,-2e-05,-2e-05,-3e-05,-1e-05,-2e-05,0
21349,-3e-05,-4e-05,-7e-05,-7e-05,-2e-05,-1e-05,-1e-05,-1e-05,0
21350,-3e-05,-4e-05,-7e-05,-7e-05,-2e-05,-1e-05,-1e-05,-1e-05,0
21351,-3e-05,-4e-05,-7e-05,-7e-05,-2e-05,-1e-05,-1e-05,-1e-05,0
21352,-3e-05,-4e-05,-7e-05,-7e-05,-2e-05,-1e-05,-1e-05,-1e-05,0
21353,-3e-05,-4e-05,-7e-05,-7e-05,-2e-05,-1e-05,-1e-05,-1e-05,0
21354,-3e-05,-4e-05,-7e-05,-7e-05,-2e-05,-1e-05,-1e-05,-1e-05,0
21355,-3e-05,-4e-05,-7e-05,-7e-05,-2e-05,-1e-05,-1e-05,-1e-05,0
21356,-3e-05,-4e-05,-7e-05,-7e-05,-2e-05,-1e-05,-1e-05,-1e-05,0
21357,-3e-05,-4e-05,-7e-05,-7e-05,-2e-05,-1e-05,-1e-05,-1e-05,0
21358,-3e-05,-4e-05,-7e-05,-7e-05,-2e-05,-1e-05,-1e-05,-1e-05,0
21359,-3e-05,-4e-05,-7e-05,-7e-05,-2e-05,-1e-05,-1e-05,-1e-05,0
21360,-3e-05,-4e-05,-7e-05,-7e-05,-2e-05,-1e-05,-1e-05,-1e-05,0
21361,-3e-05,-4e-05,-7e-05,-7e-05,-2e-05,-1e-05,-1e-05,-1e-05,0
21362,-3e-05,-4e-05,-7e-05,-7e-05,-2e-05,-1e-05,-1e-05,-1e-05,0
21363,-3e-05,-4e-05,-7e-05,-7e-05,-2e-05,-1e-05,-1e-05,-1e-05,0
21364,-3e-05,-4e-05,-7e-05,-7e-05,-2e-05,-1e-05,-1e-05,-1e-05,0
21365,-3e-05,-4e-05,-7e-05,-7e-05,-2e-05,-1e-05,-1e-05,-1e-05,0
21366,-3e-05,-4e-05,-7e-05,-7e-05,-2e-05,-1e-05,-1e-05,-1e-05,0
21367,-3e-05,-4e-05,-7e-05,-7e-05,-2e-05,-1e-05,-1e-05,-1e-05,0
21368,-3e-05,-4e-05,-7e-05,-7e-05,-2e-05,-1e-05,-1e-05,-1e-05,0
21369,-3e-05,-4e-05,-7e-05,-7e-05,-2e-05,-1e-05,-1e-05,-1e-05,0
21370,1e-05,0.0,4e-05,1e-05,1e-05,-1e-05,-1e-05,-1e-05,0
21371,-2e-05,-4e-05,-4e-05,-3e-05,-2e-05,-2e-05,-2e-05,0.0,0
21372,-3e-05,0.0,-1e-05,-3e-05,-2e-05,0.0,0.0,-2e-05,0
21373,-3e-05,0.0,-1e-05,-3e-05,-2e-05,0.0,0.0,-2e-05,0
21374,-3e-05,0.0,-1e-05,-3e-05,-2e-05,0.0,0.0,-2e-05,0
21375,-3e-05,0.0,-1e-05,-3e-05,-2e-05,0.0,0.0,-2e-05,0
21376,-3e-05,0.0,-1e-05,-3e-05,-2e-05,0.0,0.0,-2e-05,0
21377,-3e-05,0.0,-1e-05,-3e-05,-2e-05,0.0,0.0,-2e-05,0
21378,-3e-05,0.0,-1e-05,-3e-05,-2e-05,0.0,0.0,-2e-05,0
21379,-3e-05,0.0,-1e-05,-3e-05,-2e-05,0.0,0.0,-2e-05,0
21380,-3e-05,0.0,-1e-05,-3e-05,-2e-05,0.0,0.0,-2e-05,0
21381,-3e-05,0.0,-1e-05,-3e-05,-2e-05,0.0,0.0,-2e-05,0
21382,-3e-05,0.0,-1e-05,-3e-05,-2e-05,0.0,0.0,-2e-05,0
21383,-3e-05,0.0,-1e-05,-3e-05,-2e-05,0.0,0.0,-2e-05,0
21384,-3e-05,0.0,-1e-05,-3e-05,-2e-05,0.0,0.0,-2e-05,0
21385,-2e-05,-6e-05,-0.0001,-6e-05,-3e-05,-1e-05,1e-05,3e-05,0
21386,-7e-05,-6e-05,-9e-05,-9e-05,-4e-05,-2e-05,-2e-05,-2e-05,0
21389,-2e-05,-3e-05,-6e-05,-4e-05,-1e-05,1e-05,-2e-05,-1e-05,0
21390,-2e-05,-3e-05,-6e-05,-4e-05,-1e-05,1e-05,-2e-05,-1e-05,0
21391,-2e-05,-3e-05,-6e-05,-4e-05,-1e-05,1e-05,-2e-05,-1e-05,0
21392,-2e-05,-3e-05,-6e-05,-4e-05,-1e-05,1e-05,-2e-05,-1e-05,0
21393,-2e-05,-3e-05,-6e-05,-4e-05,-1e-05,1e-05,-2e-05,-1e-05,0
21394,-2e-05,-3e-05,-6e-05,-4e-05,-1e-05,1e-05,-2e-05,-1e-05,0
21395,-2e-05,-3e-05,-6e-05,-4e-05,-1e-05,1e-05,-2e-05,-1e-05,0
21396,-2e-05,-3e-05,-6e-05,-4e-05,-1e-05,1e-05,-2e-05,-1e-05,0
21397,-2e-05,-3e-05,-6e-05,-4e-05,-1e-05,1e-05,-2e-05,-1e-05,0
21398,-2e-05,-3e-05,-6e-05,-4e-05,-1e-05,1e-05,-2e-05,-1e-05,0
21399,-2e-05,-3e-05,-6e-05,-4e-05,-1e-05,1e-05,-2e-05,-1e-05,0
21400,-2e-05,-3e-05,-6e-05,-4e-05,-1e-05,1e-05,-2e-05,-1e-05,0
21401,-2e-05,-3e-05,-6e-05,-4e-05,-1e-05,1e-05,-2e-05,-1e-05,0
21402,-2e-05,-3e-05,-6e-05,-4e-05,-1e-05,1e-05,-2e-05,-1e-05,0
21403,-2e-05,-3e-05,-6e-05,-4e-05,-1e-05,1e-05,-2e-05,-1e-05,0
21404,-2e-05,-3e-05,-6e-05,-4e-05,-1e-05,1e-05,-2e-05,-1e-05,0
21405,-2e-05,-3e-05,-6e-05,-4e-05,-1e-05,1e-05,-2e-05,-1e-05,0
21406,-2e-05,-3e-05,-6e-05,-4e-05,-1e-05,1e-05,-2e-05,-1e-05,0
21407,0.0,-1e-05,2e-05,8e-05,-4e-05,-2e-05,0.0,-2e-05,0
21408,2e-05,4e-05,7e-05,0.00016,9e-05,1e-05,-1e-05,0.0,0
21409,-3e-05,-3e-05,-4e-05,-4e-05,0.0,0.0,-1e-05,1e-05,0
21410,-3e-05,-3e-05,-4e-05,-4e-05,0.0,0.0,-1e-05,1e-05,0
21411,-3e-05,-3e-05,-4e-05,-4e-05,0.0,0.0,-1e-05,1e-05,0
21412,-3e-05,-3e-05,-4e-05,-4e-05,0.0,0.0,-1e-05,1e-05,0
21413,-3e-05,-3e-05,-4e-05,-4e-05,0.0,0.0,-1e-05,1e-05,0
21414,-3e-05,-3e-05,-4e-05,-4e-05,0.0,0.0,-1e-05,1e-05,0
21415,-3e-05,-3e-05,-4e-05,-4e-05,0.0,0.0,-1e-05,1e-05,0
21416,-3e-05,-3e-05,-4e-05,-4e-05,0.0,0.0,-1e-05,1e-05,0
21417,-3e-05,-3e-05,-4e-05,-4e-05,0.0,0.0,-1e-05,1e-05,0
21418,-3e-05,-3e-05,-4e-05,-4e-05,0.0,0.0,-1e-05,1e-05,0
21419,-3e-05,-3e-05,-4e-05,-4e-05,0.0,0.0,-1e-05,1e-05,0
21420,-3e-05,-3e-05,-4e-05,-4e-05,0.0,0.0,-1e-05,1e-05,0
21421,-3e-05,-3e-05,-4e-05,-4e-05,0.0,0.0,-1e-05,1e-05,0
21422,-3e-05,-3e-05,-4e-05,-4e-05,0.0,0.0,-1e-05,1e-05,0
21423,-3e-05,-3e-05,-4e-05,-4e-05,0.0,0.0,-1e-05,1e-05,0
21424,-3e-05,-3e-05,-4e-05,-4e-05,0.0,0.0,-1e-05,1e-05,0
21425,-3e-05,-3e-05,-4e-05,-4e-05,0.0,0.0,-1e-05,1e-05,0
21426,-3e-05,-3e-05,-4e-05,-4e-05,0.0,0.0,-1e-05,1e-05,0
21427,-3e-05,-3e-05,-4e-05,-4e-05,0.0,0.0,-1e-05,1e-05,0
21428,-3e-05,-3e-05,-4e-05,-4e-05,0.0,0.0,-1e-05,1e-05,0
21429,-3e-05,-3e-05,-4e-05,-4e-05,0.0,0.0,-1e-05,1e-05,0
21430,0.0,2e-05,0.0,-4e-05,-2e-05,-2e-05,0.0,-2e-05,0
21431,-1e-05,-5e-05,-5e-05,0.0,-1e-05,0.0,-1e-05,2e-05,0
21432,-1e-05,-5e-05,-5e-05,0.0,-1e-05,0.0,-1e-05,2e-05,0
21433,-1e-05,-5e-05,-5e-05,0.0,-1e-05,0.0,-1e-05,2e-05,0
21434,-1e-05,-5e-05,-5e-05,0.0,-1e-05,0.0,-1e-05,2e-05,0
21435,-1e-05,-5e-05,-5e-05,0.0,-1e-05,0.0,-1e-05,2e-05,0
21436,-1e-05,-5e-05,-5e-05,0.0,-1e-05,0.0,-1e-05,2e-05,0
21439,-1e-05,-5e-05,-5e-05,0.0,-1e-05,0.0,-1e-05,2e-05,0
21440,-1e-05,-5e-05,-5e-05,0.0,-1e-05,0.0,-1e-05,2e-05,0
21441,-1e-05,-5e-05,-5e-05,0.0,-1e-05,0.0,-1e-05,2e-05,0
21442,-1e-05,-5e-05,-5e-05,0.0,-1e-05,0.0,-1e-05,2e-05,0
21443,-1e-05,-5e-05,-5e-05,0.0,-1e-05,0.0,-1e-05,2e-05,0
21444,-1e-05,-5e-05,-5e-05,0.0,-1e-05,0.0,-1e-05,2e-05,0
21445,-1e-05,-2e-05,-6e-05,-3e-05,-2e-05,-1e-05,0.0,-1e-05,0
21446,-3e-05,-3e-05,-2e-05,-1e-05,0.0,-2e-05,-1e-05,-1e-05,0
21447,3e-05,3e-05,6e-05,5e-05,0.0,2e-05,0.0,-1e-05,0
21448,3e-05,3e-05,6e-05,5e-05,0.0,2e-05,0.0,-1e-05,0
21449,3e-05,3e-05,6e-05,5e-05,0.0,2e-05,0.0,-1e-05,0
21450,3e-05,3e-05,6e-05,5e-05,0.0,2e-05,0.0,-1e-05,0
21451,3e-05,3e-05,6e-05,5e-05,0.0,2e-05,0.0,-1e-05,0
21452,3e-05,3e-05,6e-05,5e-05,0.0,2e-05,0.0,-1e-05,0
21453,3e-05,3e-05,6e-05,5e-05,0.0,2e-05,0.0,-1e-05,0
21454,3e-05,3e-05,6e-05,5e-05,0.0,2e-05,0.0,-1e-05,0
21455,3e-05,3e-05,6e-05,5e-05,0.0,2e-05,0.0,-1e-05,0
21456,3e-05,3e-05,6e-05,5e-05,0.0,2e-05,0.0,-1e-05,0
21457,3e-05,3e-05,6e-05,5e-05,0.0,2e-05,0.0,-1e-05,0
21458,3e-05,3e-05,6e-05,5e-05,0.0,2e-05,0.0,-1e-05,0
21459,3e-05,3e-05,6e-05,5e-05,0.0,2e-05,0.0,-1e-05,0
21460,3e-05,3e-05,6e-05,5e-05,0.0,2e-05,0.0,-1e-05,0
21461,3e-05,3e-05,6e-05,5e-05,0.0,2e-05,0.0,-1e-05,0
21462,3e-05,3e-05,6e-05,5e-05,0.0,2e-05,0.0,-1e-05,0
21463,3e-05,3e-05,6e-05,5e-05,0.0,2e-05,0.0,-1e-05,0
21464,3e-05,3e-05,6e-05,5e-05,0.0,2e-05,0.0,-1e-05,0
21465,3e-05,3e-05,6e-05,5e-05,0.0,2e-05,0.0,-1e-05,0
21466,3e-05,3e-05,6e-05,5e-05,0.0,2e-05,0.0,-1e-05,0
21467,3e-05,3e-05,6e-05,5e-05,0.0,2e-05,0.0,-1e-05,0
21468,3e-05,3e-05,6e-05,5e-05,0.0,2e-05,0.0,-1e-05,0
21469,3e-05,3e-05,6e-05,5e-05,0.0,2e-05,0.0,-1e-05,0
21470,3e-05,3e-05,6e-05,5e-05,0.0,2e-05,0.0,-1e-05,0
21471,3e-05,3e-05,6e-05,5e-05,0.0,2e-05,0.0,-1e-05,0
21472,3e-05,3e-05,6e-05,5e-05,0.0,2e-05,0.0,-1e-05,0
21473,3e-05,3e-05,6e-05,5e-05,0.0,2e-05,0.0,-1e-05,0
21474,-1e-05,2e-05,4e-05,0.0001,1e-05,-1e-05,-1e-05,-1e-05,0
21475,-1e-05,2e-05,4e-05,0.0001,1e-05,-1e-05,-1e-05,-1e-05,0
21476,-1e-05,2e-05,4e-05,0.0001,1e-05,-1e-05,-1e-05,-1e-05,0
21477,-1e-05,2e-05,4e-05,0.0001,1e-05,-1e-05,-1e-05,-1e-05,0
21478,-1e-05,2e-05,4e-05,0.0001,1e-05,-1e-05,-1e-05,-1e-05,0
21479,-1e-05,2e-05,4e-05,0.0001,1e-05,-1e-05,-1e-05,-1e-05,0
21480,-1e-05,2e-05,4e-05,0.0001,1e-05,-1e-05,-1e-05,-1e-05,0
21481,-1e-05,2e-05,4e-05,0.0001,1e-05,-1e-05,-1e-05,-1e-05,0
21482,2e-05,4e-05,4e-05,-1e-05,0.0,-2e-05,-2e-05,0.0,0
21483,-5e-05,-0.00011,-0.0001,-5e-05,-2e-05,1e-05,-1e-05,-2e-05,0
21484,-5e-05,-0.00011,-0.0001,-5e-05,-2e-05,1e-05,-1e-05,-2e-05,0
21485,-5e-05,-0.00011,-0.0001,-5e-05,-2e-05,1e-05,-1e-05,-2e-05,0
21486,-5e-05,-0.00011,-0.0001,-5e-05,-2e-05,1e-05,-1e-05,-2e-05,0
21489,-5e-05,-0.00011,-0.0001,-5e-05,-2e-05,1e-05,-1e-05,-2e-05,0
21490,1e-05,0.0,3e-05,-0.00015,-2e-05,0.0,-1e-05,0.0,0
21491,-3e-05,-1e-05,4e-05,0.0,-2e-05,-1e-05,-2e-05,-3e-05,0
21492,-3e-05,-1e-05,4e-05,0.0,-2e-05,-1e-05,-2e-05,-3e-05,0
21493,-3e-05,-1e-05,4e-05,0.0,-2e-05,-1e-05,-2e-05,-3e-05,0
21494,-3e-05,-1e-05,4e-05,0.0,-2e-05,-1e-05,-2e-05,-3e-05,0
21495,-3e-05,-1e-05,4e-05,0.0,-2e-05,-1e-05,-2e-05,-3e-05,0
21496,-3e-05,-1e-05,4e-05,0.0,-2e-05,-1e-05,-2e-05,-3e-05,0
21497,-3e-05,-1e-05,4e-05,0.0,-2e-05,-1e-05,-2e-05,-3e-05,0
21498,-3e-05,-1e-05,4e-05,0.0,-2e-05,-1e-05,-2e-05,-3e-05,0
21499,-3e-05,-1e-05,4e-05,0.0,-2e-05,-1e-05,-2e-05,-3e-05,0
21500,-3e-05,-1e-05,4e-05,0.0,-2e-05,-1e-05,-2e-05,-3e-05,0
21501,-3e-05,-1e-05,4e-05,0.0,-2e-05,-1e-05,-2e-05,-3e-05,0
21502,-3e-05,-1e-05,4e-05,0.0,-2e-05,-1e-05,-2e-05,-3e-05,0
21503,-3e-05,-1e-05,4e-05,0.0,-2e-05,-1e-05,-2e-05,-3e-05,0
21504,-3e-05,-1e-05,4e-05,0.0,-2e-05,-1e-05,-2e-05,-3e-05,0
21505,-1e-05,1e-05,3e-05,1e-05,1e-05,-1e-05,0.0,0.0,0
21506,-1e-05,1e-05,3e-05,1e-05,1e-05,-1e-05,0.0,0.0,0
21507,1e-05,5e-05,3e-05,-7e-05,0.0,1e-05,-4e-05,0.0,0
21508,1e-05,5e-05,3e-05,-7e-05,0.0,1e-05,-4e-05,0.0,0
21509,1e-05,5e-05,3e-05,-7e-05,0.0,1e-05,-4e-05,0.0,0
21510,1e-05,5e-05,3e-05,-7e-05,0.0,1e-05,-4e-05,0.0,0
21511,1e-05,5e-05,3e-05,-7e-05,0.0,1e-05,-4e-05,0.0,0
21512,1e-05,5e-05,3e-05,-7e-05,0.0,1e-05,-4e-05,0.0,0
21513,1e-05,5e-05,3e-05,-7e-05,0.0,1e-05,-4e-05,0.0,0
21514,1e-05,5e-05,3e-05,-7e-05,0.0,1e-05,-4e-05,0.0,0
21515,1e-05,5e-05,3e-05,-7e-05,0.0,1e-05,-4e-05,0.0,0
21516,1e-05,5e-05,3e-05,-7e-05,0.0,1e-05,-4e-05,0.0,0
21517,1e-05,5e-05,3e-05,-7e-05,0.0,1e-05,-4e-05,0.0,0
21518,1e-05,5e-05,3e-05,-7e-05,0.0,1e-05,-4e-05,0.0,0
21519,1e-05,5e-05,3e-05,-7e-05,0.0,1e-05,-4e-05,0.0,0
21520,1e-05,5e-05,3e-05,-7e-05,0.0,1e-05,-4e-05,0.0,0
21521,1e-05,5e-05,3e-05,-7e-05,0.0,1e-05,-4e-05,0.0,0
21522,1e-05,5e-05,3e-05,-7e-05,0.0,1e-05,-4e-05,0.0,0
21523,1e-05,5e-05,3e-05,-7e-05,0.0,1e-05,-4e-05,0.0,0
21524,1e-05,5e-05,3e-05,-7e-05,0.0,1e-05,-4e-05,0.0,0
21525,1e-05,5e-05,3e-05,-7e-05,0.0,1e-05,-4e-05,0.0,0
21526,1e-05,5e-05,3e-05,-7e-05,0.0,1e-05,-4e-05,0.0,0
21527,-4e-05,-8e-05,-0.0001,-2e-05,-4e-05,-2e-05,-1e-05,-4e-05,0
21528,-4e-05,-8e-05,-0.0001,-2e-05,-4e-05,-2e-05,-1e-05,-4e-05,0
21529,-4e-05,-8e-05,-0.0001,-2e-05,-4e-05,-2e-05,-1e-05,-4e-05,0
21530,0.0,-1e-05,0.0,8e-05,0.0,1e-05,0.0,-1e-05,0
21531,0.0,-1e-05,0.0,8e-05,0.0,1e-05,0.0,-1e-05,0
21532,0.0,-1e-05,0.0,8e-05,0.0,1e-05,0.0,-1e-05,0
21533,0.0,-1e-05,0.0,8e-05,0.0,1e-05,0.0,-1e-05,0
21534,0.0,-1e-05,0.0,8e-05,0.0,1e-05,0.0,-1e-05,0
21535,0.0,-1e-05,0.0,8e-05,0.0,1e-05,0.0,-1e-05,0
21536,0.0,-1e-05,0.0,8e-05,0.0,1e-05,0.0,-1e-05,0
21538,0.0,-1e-05,0.0,8e-05,0.0,1e-05,0.0,-1e-05,0
21540,0.0,-1e-05,0.0,8e-05,0.0,1e-05,0.0,-1e-05,0
21541,0.0,-1e-05,0.0,8e-05,0.0,1e-05,0.0,-1e-05,0
21543,0.0,-1e-05,0.0,8e-05,0.0,1e-05,0.0,-1e-05,0
21544,0.0,-1e-05,0.0,8e-05,0.0,1e-05,0.0,-1e-05,0
21545,0.0,-1e-05,0.0,8e-05,0.0,1e-05,0.0,-1e-05,0
21546,0.0,-1e-05,0.0,8e-05,0.0,1e-05,0.0,-1e-05,0
21547,0.0,-1e-05,0.0,8e-05,0.0,1e-05,0.0,-1e-05,0
21548,0.0,-1e-05,0.0,8e-05,0.0,1e-05,0.0,-1e-05,0
21549,0.0,-1e-05,0.0,8e-05,0.0,1e-05,0.0,-1e-05,0
21550,0.0,-1e-05,0.0,8e-05,0.0,1e-05,0.0,-1e-05,0
21551,0.0,-1e-05,0.0,8e-05,0.0,1e-05,0.0,-1e-05,0
21552,0.0,-1e-05,0.0,8e-05,0.0,1e-05,0.0,-1e-05,0
21553,0.0,-1e-05,0.0,8e-05,0.0,1e-05,0.0,-1e-05,0
21554,0.0,-1e-05,0.0,8e-05,0.0,1e-05,0.0,-1e-05,0
21555,0.0,-1e-05,0.0,8e-05,0.0,1e-05,0.0,-1e-05,0
21556,0.0,-1e-05,0.0,8e-05,0.0,1e-05,0.0,-1e-05,0
21557,3e-05,7e-05,9e-05,1e-05,1e-05,-1e-05,-1e-05,1e-05,0
21558,0.0,2e-05,-1e-05,0.0,-1e-05,-2e-05,-2e-05,0.0,0
21559,2e-05,5e-05,7e-05,5e-05,2e-05,-1e-05,-3e-05,-2e-05,0
21560,2e-05,5e-05,7e-05,5e-05,2e-05,-1e-05,-3e-05,-2e-05,0
21561,2e-05,5e-05,7e-05,5e-05,2e-05,-1e-05,-3e-05,-2e-05,0
21562,2e-05,5e-05,7e-05,5e-05,2e-05,-1e-05,-3e-05,-2e-05,0
21563,2e-05,5e-05,7e-05,5e-05,2e-05,-1e-05,-3e-05,-2e-05,0
21564,-6e-05,-9e-05,-0.00011,-0.00017,-6e-05,-2e-05,1e-05,-3e-05,0
21565,-6e-05,-9e-05,-0.00011,-0.00017,-6e-05,-2e-05,1e-05,-3e-05,0
21566,-6e-05,-9e-05,-0.00011,-0.00017,-6e-05,-2e-05,1e-05,-3e-05,0
21567,-6e-05,-9e-05,-0.00011,-0.00017,-6e-05,-2e-05,1e-05,-3e-05,0
21568,-6e-05,-9e-05,-0.00011,-0.00017,-6e-05,-2e-05,1e-05,-3e-05,0
21569,-6e-05,-9e-05,-0.00011,-0.00017,-6e-05,-2e-05,1e-05,-3e-05,0
21570,-6e-05,-9e-05,-0.00011,-0.00017,-6e-05,-2e-05,1e-05,-3e-05,0
21571,-1e-05,-3e-05,-4e-05,1e-05,3e-05,2e-05,-1e-05,-2e-05,0
21572,-1e-05,-3e-05,-4e-05,1e-05,3e-05,2e-05,-1e-05,-2e-05,0
21573,-1e-05,-3e-05,-4e-05,1e-05,3e-05,2e-05,-1e-05,-2e-05,0
21574,-1e-05,-3e-05,-4e-05,1e-05,3e-05,2e-05,-1e-05,-2e-05,0
21575,-1e-05,-3e-05,-4e-05,1e-05,3e-05,2e-05,-1e-05,-2e-05,0
21576,-1e-05,-3e-05,-4e-05,1e-05,3e-05,2e-05,-1e-05,-2e-05,0
21577,-1e-05,-3e-05,-4e-05,1e-05,3e-05,2e-05,-1e-05,-2e-05,0
21578,-1e-05,-3e-05,-4e-05,1e-05,3e-05,2e-05,-1e-05,-2e-05,0
21579,-1e-05,-3e-05,-4e-05,1e-05,3e-05,2e-05,-1e-05,-2e-05,0
21580,-1e-05,-3e-05,-4e-05,1e-05,3e-05,2e-05,-1e-05,-2e-05,0
21581,-1e-05,-3e-05,-4e-05,1e-05,3e-05,2e-05,-1e-05,-2e-05,0
21582,-1e-05,-3e-05,-4e-05,1e-05,3e-05,2e-05,-1e-05,-2e-05,0
21583,-1e-05,-3e-05,-4e-05,1e-05,3e-05,2e-05,-1e-05,-2e-05,0
21584,-1e-05,-3e-05,-4e-05,1e-05,3e-05,2e-05,-1e-05,-2e-05,0
21585,-1e-05,-3e-05,-4e-05,1e-05,3e-05,2e-05,-1e-05,-2e-05,0
21586,-1e-05,-3e-05,-4e-05,1e-05,3e-05,2e-05,-1e-05,-2e-05,0
21589,1e-05,2e-05,6e-05,5e-05,1e-05,0.0,-3e-05,0.0,0
21590,1e-05,2e-05,6e-05,5e-05,1e-05,0.0,-3e-05,0.0,0
21591,-1e-05,1e-05,0.0,-4e-05,-4e-05,-1e-05,0.0,-2e-05,0
21592,-1e-05,1e-05,0.0,-4e-05,-4e-05,-1e-05,0.0,-2e-05,0
21593,-1e-05,1e-05,0.0,-4e-05,-4e-05,-1e-05,0.0,-2e-05,0
21594,-1e-05,1e-05,0.0,-4e-05,-4e-05,-1e-05,0.0,-2e-05,0
21595,-1e-05,1e-05,0.0,-4e-05,-4e-05,-1e-05,0.0,-2e-05,0
21596,-1e-05,1e-05,0.0,-4e-05,-4e-05,-1e-05,0.0,-2e-05,0
21597,-1e-05,1e-05,0.0,-4e-05,-4e-05,-1e-05,0.0,-2e-05,0
21598,-1e-05,1e-05,0.0,-4e-05,-4e-05,-1e-05,0.0,-2e-05,0
21599,-1e-05,1e-05,0.0,-4e-05,-4e-05,-1e-05,0.0,-2e-05,0
21600,-1e-05,1e-05,0.0,-4e-05,-4e-05,-1e-05,0.0,-2e-05,0
21601,-1e-05,1e-05,0.0,-4e-05,-4e-05,-1e-05,0.0,-2e-05,0
21602,-1e-05,1e-05,0.0,-4e-05,-4e-05,-1e-05,0.0,-2e-05,0
21603,-1e-05,1e-05,0.0,-4e-05,-4e-05,-1e-05,0.0,-2e-05,0
21604,-1e-05,1e-05,0.0,-4e-05,-4e-05,-1e-05,0.0,-2e-05,0
21605,-1e-05,1e-05,0.0,-4e-05,-4e-05,-1e-05,0.0,-2e-05,0
21606,-1e-05,1e-05,0.0,-4e-05,-4e-05,-1e-05,0.0,-2e-05,0
21607,-1e-05,1e-05,0.0,-4e-05,-4e-05,-1e-05,0.0,-2e-05,0
21608,-1e-05,1e-05,0.0,-4e-05,-4e-05,-1e-05,0.0,-2e-05,0
21609,-1e-05,1e-05,0.0,-4e-05,-4e-05,-1e-05,0.0,-2e-05,0
21610,-2e-05,-2e-05,-2e-05,0.0,-1e-05,-1e-05,-1e-05,-1e-05,0
21611,-2e-05,-3e-05,-3e-05,-4e-05,-2e-05,-3e-05,-1e-05,0.0,0
21612,-3e-05,-3e-05,-5e-05,7e-05,1e-05,3e-05,-1e-05,-1e-05,0
21613,-3e-05,-3e-05,-5e-05,7e-05,1e-05,3e-05,-1e-05,-1e-05,0
21614,-3e-05,-3e-05,-5e-05,7e-05,1e-05,3e-05,-1e-05,-1e-05,0
21615,-3e-05,-3e-05,-5e-05,7e-05,1e-05,3e-05,-1e-05,-1e-05,0
21616,-3e-05,-3e-05,-5e-05,7e-05,1e-05,3e-05,-1e-05,-1e-05,0
21617,-3e-05,-3e-05,-5e-05,7e-05,1e-05,3e-05,-1e-05,-1e-05,0
21618,-3e-05,-3e-05,-5e-05,7e-05,1e-05,3e-05,-1e-05,-1e-05,0
21619,-3e-05,-3e-05,-5e-05,7e-05,1e-05,3e-05,-1e-05,-1e-05,0
21620,-3e-05,-3e-05,-5e-05,7e-05,1e-05,3e-05,-1e-05,-1e-05,0
21621,-3e-05,-3e-05,-5e-05,7e-05,1e-05,3e-05,-1e-05,-1e-05,0
21622,-3e-05,-3e-05,-5e-05,7e-05,1e-05,3e-05,-1e-05,-1e-05,0
21623,-3e-05,-3e-05,-5e-05,7e-05,1e-05,3e-05,-1e-05,-1e-05,0
21624,1e-05,2e-05,6e-05,6e-05,-2e-05,0.0,-3e-05,0.0,0
21625,1e-05,2e-05,6e-05,6e-05,-2e-05,0.0,-3e-05,0.0,0
21626,1e-05,2e-05,6e-05,6e-05,-2e-05,0.0,-3e-05,0.0,0
21627,1e-05,2e-05,6e-05,6e-05,-2e-05,0.0,-3e-05,0.0,0
21628,1e-05,2e-05,6e-05,6e-05,-2e-05,0.0,-3e-05,0.0,0
21629,1e-05,2e-05,6e-05,6e-05,-2e-05,0.0,-3e-05,0.0,0
21630,1e-05,2e-05,6e-05,6e-05,-2e-05,0.0,-3e-05,0.0,0
21631,1e-05,2e-05,6e-05,6e-05,-2e-05,0.0,-3e-05,0.0,0
21632,-3e-05,-1e-05,1e-05,-7e-05,-1e-05,0.0,0.0,0.0,0
21633,-3e-05,-1e-05,1e-05,-7e-05,-1e-05,0.0,0.0,0.0,0
21634,-3e-05,-1e-05,1e-05,-7e-05,-1e-05,0.0,0.0,0.0,0
21635,-3e-05,-1e-05,1e-05,-7e-05,-1e-05,0.0,0.0,0.0,0
21636,-3e-05,-1e-05,1e-05,-7e-05,-1e-05,0.0,0.0,0.0,0
21639,-3e-05,-1e-05,1e-05,-7e-05,-1e-05,0.0,0.0,0.0,0
21640,-3e-05,-1e-05,1e-05,-7e-05,-1e-05,0.0,0.0,0.0,0
21641,-3e-05,-1e-05,1e-05,-7e-05,-1e-05,0.0,0.0,0.0,0
21642,-3e-05,-1e-05,1e-05,-7e-05,-1e-05,0.0,0.0,0.0,0
21643,-3e-05,-1e-05,1e-05,-7e-05,-1e-05,0.0,0.0,0.0,0
21644,-3e-05,-1e-05,1e-05,-7e-05,-1e-05,0.0,0.0,0.0,0
21645,-3e-05,-1e-05,1e-05,-7e-05,-1e-05,0.0,0.0,0.0,0
21646,-3e-05,-1e-05,1e-05,-7e-05,-1e-05,0.0,0.0,0.0,0
21647,-3e-05,-1e-05,1e-05,-7e-05,-1e-05,0.0,0.0,0.0,0
21648,-1e-05,-4e-05,-5e-05,-6e-05,-4e-05,0.0,0.0,-1e-05,0
21649,-1e-05,1e-05,3e-05,1e-05,1e-05,2e-05,-1e-05,0.0,0
21650,-1e-05,1e-05,3e-05,1e-05,1e-05,2e-05,-1e-05,0.0,0
21651,-1e-05,1e-05,3e-05,1e-05,1e-05,2e-05,-1e-05,0.0,0
21652,-1e-05,1e-05,3e-05,1e-05,1e-05,2e-05,-1e-05,0.0,0
21653,-1e-05,1e-05,3e-05,1e-05,1e-05,2e-05,-1e-05,0.0,0
21654,-1e-05,1e-05,3e-05,1e-05,1e-05,2e-05,-1e-05,0.0,0
21655,-1e-05,1e-05,3e-05,1e-05,1e-05,2e-05,-1e-05,0.0,0
21656,-1e-05,1e-05,3e-05,1e-05,1e-05,2e-05,-1e-05,0.0,0
21657,-1e-05,1e-05,3e-05,1e-05,1e-05,2e-05,-1e-05,0.0,0
21658,-1e-05,1e-05,3e-05,1e-05,1e-05,2e-05,-1e-05,0.0,0
21659,-1e-05,1e-05,3e-05,1e-05,1e-05,2e-05,-1e-05,0.0,0
21660,-1e-05,1e-05,3e-05,1e-05,1e-05,2e-05,-1e-05,0.0,0
21661,-1e-05,1e-05,3e-05,1e-05,1e-05,2e-05,-1e-05,0.0,0
21662,-1e-05,1e-05,3e-05,1e-05,1e-05,2e-05,-1e-05,0.0,0
21663,-1e-05,1e-05,3e-05,1e-05,1e-05,2e-05,-1e-05,0.0,0
21664,-1e-05,1e-05,3e-05,1e-05,1e-05,2e-05,-1e-05,0.0,0
21665,-1e-05,1e-05,3e-05,1e-05,1e-05,2e-05,-1e-05,0.0,0
21666,-1e-05,1e-05,3e-05,1e-05,1e-05,2e-05,-1e-05,0.0,0
21667,-1e-05,1e-05,3e-05,1e-05,1e-05,2e-05,-1e-05,0.0,0
21668,-1e-05,1e-05,3e-05,1e-05,1e-05,2e-05,-1e-05,0.0,0
21669,-1e-05,1e-05,3e-05,1e-05,1e-05,2e-05,-1e-05,0.0,0
21670,2e-05,2e-05,2e-05,-3e-05,-1e-05,-3e-05,-1e-05,-1e-05,0
21671,2e-05,2e-05,2e-05,-3e-05,-1e-05,-3e-05,-1e-05,-1e-05,0
21672,0.0,0.0,0.0,-0.0001,1e-05,-1e-05,-1e-05,-2e-05,0
21673,0.0,0.0,0.0,-0.0001,1e-05,-1e-05,-1e-05,-2e-05,0
21674,0.0,0.0,0.0,-0.0001,1e-05,-1e-05,-1e-05,-2e-05,0
21675,0.0,0.0,0.0,-0.0001,1e-05,-1e-05,-1e-05,-2e-05,0
21676,0.0,0.0,0.0,-0.0001,1e-05,-1e-05,-1e-05,-2e-05,0
21677,0.0,0.0,0.0,-0.0001,1e-05,-1e-05,-1e-05,-2e-05,0
21678,0.0,0.0,0.0,-0.0001,1e-05,-1e-05,-1e-05,-2e-05,0
21679,0.0,0.0,0.0,-0.0001,1e-05,-1e-05,-1e-05,-2e-05,0
21680,0.0,0.0,0.0,-0.0001,1e-05,-1e-05,-1e-05,-2e-05,0
21681,0.0,0.0,0.0,-0.0001,1e-05,-1e-05,-1e-05,-2e-05,0
21682,0.0,0.0,0.0,-0.0001,1e-05,-1e-05,-1e-05,-2e-05,0
21683,0.0,0.0,0.0,-0.0001,1e-05,-1e-05,-1e-05,-2e-05,0
21684,-1e-05,1e-05,2e-05,-2e-05,0.0,-2e-05,-2e-05,-1e-05,0
21685,-1e-05,1e-05,2e-05,-2e-05,0.0,-2e-05,-2e-05,-1e-05,0
21686,-1e-05,1e-05,2e-05,-2e-05,0.0,-2e-05,-2e-05,-1e-05,0
21688,-1e-05,1e-05,2e-05,-2e-05,0.0,-2e-05,-2e-05,-1e-05,0
21689,-1e-05,1e-05,2e-05,-2e-05,0.0,-2e-05,-2e-05,-1e-05,0
21690,-1e-05,1e-05,2e-05,-2e-05,0.0,-2e-05,-2e-05,-1e-05,0
21691,0.0,-1e-05,-3e-05,2e-05,-2e-05,2e-05,-1e-05,1e-05,0
21692,0.0,-1e-05,-3e-05,2e-05,-2e-05,2e-05,-1e-05,1e-05,0
21693,0.0,-1e-05,-3e-05,2e-05,-2e-05,2e-05,-1e-05,1e-05,0
21694,0.0,-1e-05,-3e-05,2e-05,-2e-05,2e-05,-1e-05,1e-05,0
21695,0.0,-1e-05,-3e-05,2e-05,-2e-05,2e-05,-1e-05,1e-05,0
21696,0.0,-1e-05,-3e-05,2e-05,-2e-05,2e-05,-1e-05,1e-05,0
21697,0.0,-1e-05,-3e-05,2e-05,-2e-05,2e-05,-1e-05,1e-05,0
21698,0.0,-1e-05,-3e-05,2e-05,-2e-05,2e-05,-1e-05,1e-05,0
21699,0.0,-1e-05,-3e-05,2e-05,-2e-05,2e-05,-1e-05,1e-05,0
21700,0.0,-1e-05,-3e-05,2e-05,-2e-05,2e-05,-1e-05,1e-05,0
21701,0.0,-1e-05,-3e-05,2e-05,-2e-05,2e-05,-1e-05,1e-05,0
21702,0.0,-1e-05,-3e-05,2e-05,-2e-05,2e-05,-1e-05,1e-05,0
21703,0.0,-1e-05,-3e-05,2e-05,-2e-05,2e-05,-1e-05,1e-05,0
21704,0.0,-1e-05,-3e-05,2e-05,-2e-05,2e-05,-1e-05,1e-05,0
21705,0.0,-1e-05,-3e-05,2e-05,-2e-05,2e-05,-1e-05,1e-05,0
21706,0.0,-1e-05,-3e-05,2e-05,-2e-05,2e-05,-1e-05,1e-05,0
21707,0.0,2e-05,-1e-05,0.0,-2e-05,-1e-05,0.0,1e-05,0
21708,0.0,2e-05,-1e-05,0.0,-2e-05,-1e-05,0.0,1e-05,0
21709,0.0,-2e-05,-5e-05,-8e-05,-5e-05,-1e-05,0.0,-2e-05,0
21710,0.0,-2e-05,-5e-05,-8e-05,-5e-05,-1e-05,0.0,-2e-05,0
21711,0.0,-2e-05,-5e-05,-8e-05,-5e-05,-1e-05,0.0,-2e-05,0
21712,0.0,-2e-05,-5e-05,-8e-05,-5e-05,-1e-05,0.0,-2e-05,0
21713,0.0,-2e-05,-5e-05,-8e-05,-5e-05,-1e-05,0.0,-2e-05,0
21714,0.0,-2e-05,-5e-05,-8e-05,-5e-05,-1e-05,0.0,-2e-05,0
21715,0.0,-2e-05,-5e-05,-8e-05,-5e-05,-1e-05,0.0,-2e-05,0
21716,0.0,-2e-05,-5e-05,-8e-05,-5e-05,-1e-05,0.0,-2e-05,0
21717,0.0,-2e-05,-5e-05,-8e-05,-5e-05,-1e-05,0.0,-2e-05,0
21718,0.0,-2e-05,-5e-05,-8e-05,-5e-05,-1e-05,0.0,-2e-05,0
21719,0.0,-2e-05,-5e-05,-8e-05,-5e-05,-1e-05,0.0,-2e-05,0
21720,0.0,-2e-05,-5e-05,-8e-05,-5e-05,-1e-05,0.0,-2e-05,0
21721,0.0,-2e-05,-5e-05,-8e-05,-5e-05,-1e-05,0.0,-2e-05,0
21722,0.0,-2e-05,-5e-05,-8e-05,-5e-05,-1e-05,0.0,-2e-05,0
21723,0.0,-2e-05,-5e-05,-8e-05,-5e-05,-1e-05,0.0,-2e-05,0
21724,0.0,-2e-05,-5e-05,-8e-05,-5e-05,-1e-05,0.0,-2e-05,0
21725,0.0,-2e-05,-5e-05,-8e-05,-5e-05,-1e-05,0.0,-2e-05,0
21726,0.0,-2e-05,-5e-05,-8e-05,-5e-05,-1e-05,0.0,-2e-05,0
21727,0.0,-2e-05,-5e-05,-8e-05,-5e-05,-1e-05,0.0,-2e-05,0
21728,0.0,-2e-05,-5e-05,-8e-05,-5e-05,-1e-05,0.0,-2e-05,0
21729,0.0,-2e-05,-5e-05,-8e-05,-5e-05,-1e-05,0.0,-2e-05,0
21730,1e-05,1e-05,1e-05,6e-05,0.0,-1e-05,-1e-05,-3e-05,0
21731,-1e-05,-5e-05,-8e-05,-8e-05,5e-05,-3e-05,-2e-05,-2e-05,0
21732,-1e-05,-5e-05,-8e-05,-8e-05,5e-05,-3e-05,-2e-05,-2e-05,0
21733,-1e-05,-5e-05,-8e-05,-8e-05,5e-05,-3e-05,-2e-05,-2e-05,0
21734,-1e-05,-5e-05,-8e-05,-8e-05,5e-05,-3e-05,-2e-05,-2e-05,0
21735,-1e-05,-5e-05,-8e-05,-8e-05,5e-05,-3e-05,-2e-05,-2e-05,0
21736,-1e-05,-5e-05,-8e-05,-8e-05,5e-05,-3e-05,-2e-05,-2e-05,0
21738,-1e-05,-5e-05,-8e-05,-8e-05,5e-05,-3e-05,-2e-05,-2e-05,0
21739,-1e-05,-5e-05,-8e-05,-8e-05,5e-05,-3e-05,-2e-05,-2e-05,0
21740,-1e-05,-5e-05,-8e-05,-8e-05,5e-05,-3e-05,-2e-05,-2e-05,0
21741,-1e-05,-5e-05,-8e-05,-8e-05,5e-05,-3e-05,-2e-05,-2e-05,0
21742,-1e-05,-5e-05,-8e-05,-8e-05,5e-05,-3e-05,-2e-05,-2e-05,0
21743,-1e-05,-5e-05,-8e-05,-8e-05,5e-05,-3e-05,-2e-05,-2e-05,0
21744,-1e-05,2e-05,2e-05,8e-05,0.0,-2e-05,0.0,0.0,0
21745,-1e-05,2e-05,2e-05,8e-05,0.0,-2e-05,0.0,0.0,0
21746,-1e-05,2e-05,2e-05,8e-05,0.0,-2e-05,0.0,0.0,0
21747,-1e-05,2e-05,2e-05,8e-05,0.0,-2e-05,0.0,0.0,0
21748,-1e-05,2e-05,2e-05,8e-05,0.0,-2e-05,0.0,0.0,0
21749,-1e-05,2e-05,2e-05,8e-05,0.0,-2e-05,0.0,0.0,0
21750,-1e-05,2e-05,2e-05,8e-05,0.0,-2e-05,0.0,0.0,0
21751,-1e-05,2e-05,2e-05,8e-05,0.0,-2e-05,0.0,0.0,0
21752,-1e-05,2e-05,2e-05,8e-05,0.0,-2e-05,0.0,0.0,0
21753,-1e-05,2e-05,2e-05,8e-05,0.0,-2e-05,0.0,0.0,0
21754,-1e-05,2e-05,2e-05,8e-05,0.0,-2e-05,0.0,0.0,0
21755,-1e-05,2e-05,2e-05,8e-05,0.0,-2e-05,0.0,0.0,0
21756,-1e-05,2e-05,2e-05,8e-05,0.0,-2e-05,0.0,0.0,0
21757,-1e-05,2e-05,2e-05,8e-05,0.0,-2e-05,0.0,0.0,0
21758,-5e-05,-3e-05,-1e-05,-3e-05,0.00021,2e-05,-3e-05,-1e-05,0
21759,-5e-05,-3e-05,-1e-05,-3e-05,0.00021,2e-05,-3e-05,-1e-05,0
21760,-5e-05,-3e-05,-1e-05,-3e-05,0.00021,2e-05,-3e-05,-1e-05,0
21761,-5e-05,-3e-05,-1e-05,-3e-05,0.00021,2e-05,-3e-05,-1e-05,0
21762,-5e-05,-3e-05,-1e-05,-3e-05,0.00021,2e-05,-3e-05,-1e-05,0
21763,-5e-05,-3e-05,-1e-05,-3e-05,0.00021,2e-05,-3e-05,-1e-05,0
21764,-5e-05,-3e-05,-1e-05,-3e-05,0.00021,2e-05,-3e-05,-1e-05,0
21765,-5e-05,-3e-05,-1e-05,-3e-05,0.00021,2e-05,-3e-05,-1e-05,0
21766,-5e-05,-3e-05,-1e-05,-3e-05,0.00021,2e-05,-3e-05,-1e-05,0
21767,-1e-05,-4e-05,-3e-05,0.0,-3e-05,-1e-05,0.0,-1e-05,0
21768,-1e-05,-4e-05,-3e-05,0.0,-3e-05,-1e-05,0.0,-1e-05,0
21769,3e-05,1e-05,4e-05,1e-05,-5e-05,0.0,-2e-05,-1e-05,0
21770,3e-05,1e-05,4e-05,1e-05,-5e-05,0.0,-2e-05,-1e-05,0
21771,3e-05,1e-05,4e-05,1e-05,-5e-05,0.0,-2e-05,-1e-05,0
21772,3e-05,1e-05,4e-05,1e-05,-5e-05,0.0,-2e-05,-1e-05,0
21773,3e-05,1e-05,4e-05,1e-05,-5e-05,0.0,-2e-05,-1e-05,0
21774,3e-05,1e-05,4e-05,1e-05,-5e-05,0.0,-2e-05,-1e-05,0
21775,3e-05,1e-05,4e-05,1e-05,-5e-05,0.0,-2e-05,-1e-05,0
21776,3e-05,1e-05,4e-05,1e-05,-5e-05,0.0,-2e-05,-1e-05,0
21777,3e-05,1e-05,4e-05,1e-05,-5e-05,0.0,-2e-05,-1e-05,0
21778,3e-05,1e-05,4e-05,1e-05,-5e-05,0.0,-2e-05,-1e-05,0
21779,3e-05,1e-05,4e-05,1e-05,-5e-05,0.0,-2e-05,-1e-05,0
21780,3e-05,1e-05,4e-05,1e-05,-5e-05,0.0,-2e-05,-1e-05,0
21781,3e-05,1e-05,4e-05,1e-05,-5e-05,0.0,-2e-05,-1e-05,0
21782,3e-05,1e-05,4e-05,1e-05,-5e-05,0.0,-2e-05,-1e-05,0
21783,3e-05,1e-05,4e-05,1e-05,-5e-05,0.0,-2e-05,-1e-05,0
21784,3e-05,1e-05,4e-05,1e-05,-5e-05,0.0,-2e-05,-1e-05,0
21785,3e-05,1e-05,4e-05,1e-05,-5e-05,0.0,-2e-05,-1e-05,0
21786,3e-05,1e-05,4e-05,1e-05,-5e-05,0.0,-2e-05,-1e-05,0
21789,3e-05,1e-05,4e-05,1e-05,-5e-05,0.0,-2e-05,-1e-05,0
21790,3e-05,1e-05,4e-05,1e-05,-5e-05,0.0,-2e-05,-1e-05,0
21791,3e-05,1e-05,4e-05,1e-05,-5e-05,0.0,-2e-05,-1e-05,0
21792,3e-05,1e-05,4e-05,1e-05,-5e-05,0.0,-2e-05,-1e-05,0
21793,3e-05,1e-05,4e-05,1e-05,-5e-05,0.0,-2e-05,-1e-05,0
21794,3e-05,1e-05,4e-05,1e-05,-5e-05,0.0,-2e-05,-1e-05,0
21795,3e-05,1e-05,4e-05,1e-05,-5e-05,0.0,-2e-05,-1e-05,0
21796,3e-05,1e-05,4e-05,1e-05,-5e-05,0.0,-2e-05,-1e-05,0
21797,-3e-05,-3e-05,1e-05,1e-05,0.0,0.0,1e-05,0.0,0
21798,0.0,-2e-05,-2e-05,-8e-05,2e-05,-2e-05,1e-05,-1e-05,0
21799,-1e-05,-1e-05,-9e-05,-0.00015,-9e-05,0.0,-1e-05,-1e-05,0
21800,-1e-05,-1e-05,-9e-05,-0.00015,-9e-05,0.0,-1e-05,-1e-05,0
21801,-1e-05,-1e-05,-9e-05,-0.00015,-9e-05,0.0,-1e-05,-1e-05,0
21802,-1e-05,-1e-05,-9e-05,-0.00015,-9e-05,0.0,-1e-05,-1e-05,0
21803,-1e-05,-1e-05,-9e-05,-0.00015,-9e-05,0.0,-1e-05,-1e-05,0
21804,0.0,0.0,3e-05,-5e-05,-5e-05,-1e-05,-1e-05,0.0,0
21805,0.0,0.0,3e-05,-5e-05,-5e-05,-1e-05,-1e-05,0.0,0
21806,0.0,0.0,3e-05,-5e-05,-5e-05,-1e-05,-1e-05,0.0,0
21807,0.0,0.0,3e-05,-5e-05,-5e-05,-1e-05,-1e-05,0.0,0
21808,0.0,0.0,3e-05,-5e-05,-5e-05,-1e-05,-1e-05,0.0,0
21809,0.0,0.0,3e-05,-5e-05,-5e-05,-1e-05,-1e-05,0.0,0
21810,0.0,0.0,3e-05,-5e-05,-5e-05,-1e-05,-1e-05,0.0,0
21811,-3e-05,-5e-05,-5e-05,-4e-05,-5e-05,1e-05,0.0,-1e-05,0
21812,-3e-05,-5e-05,-5e-05,-4e-05,-5e-05,1e-05,0.0,-1e-05,0
21813,-3e-05,-5e-05,-5e-05,-4e-05,-5e-05,1e-05,0.0,-1e-05,0
21814,-3e-05,-5e-05,-5e-05,-4e-05,-5e-05,1e-05,0.0,-1e-05,0
21815,-3e-05,-5e-05,-5e-05,-4e-05,-5e-05,1e-05,0.0,-1e-05,0
21816,-3e-05,-5e-05,-5e-05,-4e-05,-5e-05,1e-05,0.0,-1e-05,0
21817,-3e-05,-5e-05,-5e-05,-4e-05,-5e-05,1e-05,0.0,-1e-05,0
21818,-3e-05,-5e-05,-5e-05,-4e-05,-5e-05,1e-05,0.0,-1e-05,0
21819,-3e-05,-5e-05,-5e-05,-4e-05,-5e-05,1e-05,0.0,-1e-05,0
21820,-3e-05,-5e-05,-5e-05,-4e-05,-5e-05,1e-05,0.0,-1e-05,0
21821,-3e-05,-5e-05,-5e-05,-4e-05,-5e-05,1e-05,0.0,-1e-05,0
21822,-3e-05,-5e-05,-5e-05,-4e-05,-5e-05,1e-05,0.0,-1e-05,0
21823,-3e-05,-5e-05,-5e-05,-4e-05,-5e-05,1e-05,0.0,-1e-05,0
21824,-3e-05,-5e-05,-5e-05,-4e-05,-5e-05,1e-05,0.0,-1e-05,0
21825,-3e-05,-5e-05,-5e-05,-4e-05,-5e-05,1e-05,0.0,-1e-05,0
21826,-3e-05,-5e-05,-5e-05,-4e-05,-5e-05,1e-05,0.0,-1e-05,0
21827,-1e-05,-2e-05,-3e-05,-1e-05,-1e-05,-2e-05,-1e-05,-1e-05,0
21828,1e-05,0.0,0.0,4e-05,-3e-05,-3e-05,-1e-05,0.0,0
21829,2e-05,3e-05,5e-05,-5e-05,2e-05,2e-05,-2e-05,1e-05,0
21830,2e-05,3e-05,5e-05,-5e-05,2e-05,2e-05,-2e-05,1e-05,0
21831,2e-05,3e-05,5e-05,-5e-05,2e-05,2e-05,-2e-05,1e-05,0
21832,2e-05,3e-05,5e-05,-5e-05,2e-05,2e-05,-2e-05,1e-05,0
21833,2e-05,3e-05,5e-05,-5e-05,2e-05,2e-05,-2e-05,1e-05,0
21834,2e-05,3e-05,5e-05,-5e-05,2e-05,2e-05,-2e-05,1e-05,0
21835,2e-05,3e-05,5e-05,-5e-05,2e-05,2e-05,-2e-05,1e-05,0
21836,2e-05,3e-05,5e-05,-5e-05,2e-05,2e-05,-2e-05,1e-05,0
21839,2e-05,3e-05,5e-05,-5e-05,2e-05,2e-05,-2e-05,1e-05,0
21840,2e-05,3e-05,5e-05,-5e-05,2e-05,2e-05,-2e-05,1e-05,0
21841,2e-05,3e-05,5e-05,-5e-05,2e-05,2e-05,-2e-05,1e-05,0
21842,2e-05,3e-05,5e-05,-5e-05,2e-05,2e-05,-2e-05,1e-05,0
21843,2e-05,3e-05,5e-05,-5e-05,2e-05,2e-05,-2e-05,1e-05,0
21844,2e-05,3e-05,5e-05,-5e-05,2e-05,2e-05,-2e-05,1e-05,0
21845,2e-05,3e-05,5e-05,-5e-05,2e-05,2e-05,-2e-05,1e-05,0
21846,2e-05,3e-05,5e-05,-5e-05,2e-05,2e-05,-2e-05,1e-05,0
21847,2e-05,3e-05,5e-05,-5e-05,2e-05,2e-05,-2e-05,1e-05,0
21848,2e-05,3e-05,5e-05,-5e-05,2e-05,2e-05,-2e-05,1e-05,0
21849,2e-05,3e-05,5e-05,-5e-05,2e-05,2e-05,-2e-05,1e-05,0
21850,0.0,-3e-05,-2e-05,1e-05,-5e-05,1e-05,0.0,0.0,0
21851,1e-05,1e-05,1e-05,6e-05,-9e-05,-1e-05,-1e-05,-3e-05,0
21852,1e-05,1e-05,1e-05,6e-05,-9e-05,-1e-05,-1e-05,-3e-05,0
21853,1e-05,1e-05,1e-05,6e-05,-9e-05,-1e-05,-1e-05,-3e-05,0
21854,1e-05,1e-05,1e-05,6e-05,-9e-05,-1e-05,-1e-05,-3e-05,0
21855,1e-05,1e-05,1e-05,6e-05,-9e-05,-1e-05,-1e-05,-3e-05,0
21856,1e-05,1e-05,1e-05,6e-05,-9e-05,-1e-05,-1e-05,-3e-05,0
21857,1e-05,1e-05,1e-05,6e-05,-9e-05,-1e-05,-1e-05,-3e-05,0
21858,1e-05,1e-05,1e-05,6e-05,-9e-05,-1e-05,-1e-05,-3e-05,0
21859,1e-05,1e-05,1e-05,6e-05,-9e-05,-1e-05,-1e-05,-3e-05,0
21860,1e-05,1e-05,1e-05,6e-05,-9e-05,-1e-05,-1e-05,-3e-05,0
21861,1e-05,1e-05,1e-05,6e-05,-9e-05,-1e-05,-1e-05,-3e-05,0
21862,1e-05,1e-05,1e-05,6e-05,-9e-05,-1e-05,-1e-05,-3e-05,0
21863,1e-05,1e-05,1e-05,6e-05,-9e-05,-1e-05,-1e-05,-3e-05,0
21864,1e-05,1e-05,1e-05,6e-05,-9e-05,-1e-05,-1e-05,-3e-05,0
21865,1e-05,1e-05,1e-05,6e-05,-9e-05,-1e-05,-1e-05,-3e-05,0
21866,1e-05,1e-05,1e-05,6e-05,-9e-05,-1e-05,-1e-05,-3e-05,0
21867,1e-05,1e-05,1e-05,6e-05,-9e-05,-1e-05,-1e-05,-3e-05,0
21868,1e-05,1e-05,1e-05,6e-05,-9e-05,-1e-05,-1e-05,-3e-05,0
21869,1e-05,1e-05,1e-05,6e-05,-9e-05,-1e-05,-1e-05,-3e-05,0
21870,1e-05,1e-05,1e-05,6e-05,-9e-05,-1e-05,-1e-05,-3e-05,0
21871,1e-05,1e-05,1e-05,6e-05,-9e-05,-1e-05,-1e-05,-3e-05,0
21872,1e-05,1e-05,1e-05,6e-05,-9e-05,-1e-05,-1e-05,-3e-05,0
21873,1e-05,1e-05,1e-05,6e-05,-9e-05,-1e-05,-1e-05,-3e-05,0
21874,1e-05,1e-05,1e-05,6e-05,-9e-05,-1e-05,-1e-05,-3e-05,0
21875,1e-05,1e-05,1e-05,6e-05,-9e-05,-1e-05,-1e-05,-3e-05,0
21876,1e-05,1e-05,1e-05,6e-05,-9e-05,-1e-05,-1e-05,-3e-05,0
21877,1e-05,1e-05,1e-05,6e-05,-9e-05,-1e-05,-1e-05,-3e-05,0
21878,1e-05,1e-05,1e-05,6e-05,-9e-05,-1e-05,-1e-05,-3e-05,0
21879,1e-05,1e-05,1e-05,6e-05,-9e-05,-1e-05,-1e-05,-3e-05,0
21880,0.0,-1e-05,1e-05,5e-05,-2e-05,0.0,0.0,2e-05,0
21881,-2e-05,-3e-05,-1e-05,1e-05,-2e-05,1e-05,-1e-05,0.0,0
21883,-2e-05,-3e-05,-1e-05,1e-05,-2e-05,1e-05,-1e-05,0.0,0
21884,-2e-05,-3e-05,-1e-05,1e-05,-2e-05,1e-05,-1e-05,0.0,0
21885,-2e-05,-3e-05,-1e-05,1e-05,-2e-05,1e-05,-1e-05,0.0,0
21886,-2e-05,-3e-05,-1e-05,1e-05,-2e-05,1e-05,-1e-05,0.0,0
21889,0.00011,3e-05,-3e-05,-4e-05,-6e-05,0.0,0.0,0.0,0
21890,0.00011,3e-05,-3e-05,-4e-05,-6e-05,0.0,0.0,0.0,0
21891,0.00011,3e-05,-3e-05,-4e-05,-6e-05,0.0,0.0,0.0,0
21892,0.00011,3e-05,-3e-05,-4e-05,-6e-05,0.0,0.0,0.0,0
21893,0.00011,3e-05,-3e-05,-4e-05,-6e-05,0.0,0.0,0.0,0
21894,0.00011,3e-05,-3e-05,-4e-05,-6e-05,0.0,0.0,0.0,0
21895,0.00011,3e-05,-3e-05,-4e-05,-6e-05,0.0,0.0,0.0,0
21896,0.00011,3e-05,-3e-05,-4e-05,-6e-05,0.0,0.0,0.0,0
21897,0.00011,3e-05,-3e-05,-4e-05,-6e-05,0.0,0.0,0.0,0
21898,0.00011,3e-05,-3e-05,-4e-05,-6e-05,0.0,0.0,0.0,0
21899,0.00011,3e-05,-3e-05,-4e-05,-6e-05,0.0,0.0,0.0,0
21900,0.00011,3e-05,-3e-05,-4e-05,-6e-05,0.0,0.0,0.0,0
21901,0.00011,3e-05,-3e-05,-4e-05,-6e-05,0.0,0.0,0.0,0
21902,0.00011,3e-05,-3e-05,-4e-05,-6e-05,0.0,0.0,0.0,0
21903,0.00011,3e-05,-3e-05,-4e-05,-6e-05,0.0,0.0,0.0,0
21904,0.00011,3e-05,-3e-05,-4e-05,-6e-05,0.0,0.0,0.0,0
21905,0.00011,3e-05,-3e-05,-4e-05,-6e-05,0.0,0.0,0.0,0
21906,0.00011,3e-05,-3e-05,-4e-05,-6e-05,0.0,0.0,0.0,0
21907,0.00011,3e-05,-3e-05,-4e-05,-6e-05,0.0,0.0,0.0,0
21908,0.00011,3e-05,-3e-05,-4e-05,-6e-05,0.0,0.0,0.0,0
21909,0.00011,3e-05,-3e-05,-4e-05,-6e-05,0.0,0.0,0.0,0
21910,-4e-05,1e-05,1e-05,-8e-05,-0.00012,-1e-05,-3e-05,-1e-05,0
21911,-0.0001,-2e-05,-2e-05,-4e-05,-9e-05,-6e-05,-2e-05,-3e-05,0
21913,-0.0001,-2e-05,-2e-05,-4e-05,-9e-05,-6e-05,-2e-05,-3e-05,0
21914,-0.0001,-2e-05,-2e-05,-4e-05,-9e-05,-6e-05,-2e-05,-3e-05,0
21915,-0.0001,-2e-05,-2e-05,-4e-05,-9e-05,-6e-05,-2e-05,-3e-05,0
21916,-0.0001,-2e-05,-2e-05,-4e-05,-9e-05,-6e-05,-2e-05,-3e-05,0
21917,-0.0001,-2e-05,-2e-05,-4e-05,-9e-05,-6e-05,-2e-05,-3e-05,0
21918,-0.0001,-2e-05,-2e-05,-4e-05,-9e-05,-6e-05,-2e-05,-3e-05,0
21919,-0.0001,-2e-05,-2e-05,-4e-05,-9e-05,-6e-05,-2e-05,-3e-05,0
21920,-0.0001,-2e-05,-2e-05,-4e-05,-9e-05,-6e-05,-2e-05,-3e-05,0
21921,-0.0001,-2e-05,-2e-05,-4e-05,-9e-05,-6e-05,-2e-05,-3e-05,0
21922,-0.0001,-2e-05,-2e-05,-4e-05,-9e-05,-6e-05,-2e-05,-3e-05,0
21923,-8e-05,0.0,-2e-05,6e-05,0.00021,7e-05,1e-05,-1e-05,0
21924,-8e-05,0.0,-2e-05,6e-05,0.00021,7e-05,1e-05,-1e-05,0
21925,-8e-05,0.0,-2e-05,6e-05,0.00021,7e-05,1e-05,-1e-05,0
21926,-8e-05,0.0,-2e-05,6e-05,0.00021,7e-05,1e-05,-1e-05,0
21927,-8e-05,0.0,-2e-05,6e-05,0.00021,7e-05,1e-05,-1e-05,0
21928,-8e-05,0.0,-2e-05,6e-05,0.00021,7e-05,1e-05,-1e-05,0
21929,-8e-05,0.0,-2e-05,6e-05,0.00021,7e-05,1e-05,-1e-05,0
21930,-8e-05,0.0,-2e-05,6e-05,0.00021,7e-05,1e-05,-1e-05,0
21931,-8e-05,0.0,-2e-05,6e-05,0.00021,7e-05,1e-05,-1e-05,0
21933,3e-05,-3e-05,1e-05,0.0001,-0.00026,-3e-05,0.0,-2e-05,0
21934,3e-05,-3e-05,1e-05,0.0001,-0.00026,-3e-05,0.0,-2e-05,0
21935,3e-05,-3e-05,1e-05,0.0001,-0.00026,-3e-05,0.0,-2e-05,0
21936,3e-05,-3e-05,1e-05,0.0001,-0.00026,-3e-05,0.0,-2e-05,0
21938,3e-05,-3e-05,1e-05,0.0001,-0.00026,-3e-05,0.0,-2e-05,0
21939,3e-05,-3e-05,1e-05,0.0001,-0.00026,-3e-05,0.0,-2e-05,0
21940,3e-05,-3e-05,1e-05,0.0001,-0.00026,-3e-05,0.0,-2e-05,0
21941,3e-05,-3e-05,1e-05,0.0001,-0.00026,-3e-05,0.0,-2e-05,0
21942,3e-05,-3e-05,1e-05,0.0001,-0.00026,-3e-05,0.0,-2e-05,0
21943,3e-05,-3e-05,1e-05,0.0001,-0.00026,-3e-05,0.0,-2e-05,0
21944,3e-05,-3e-05,1e-05,0.0001,-0.00026,-3e-05,0.0,-2e-05,0
21945,3e-05,-3e-05,1e-05,0.0001,-0.00026,-3e-05,0.0,-2e-05,0
21946,3e-05,-3e-05,1e-05,0.0001,-0.00026,-3e-05,0.0,-2e-05,0
21947,3e-05,-3e-05,1e-05,0.0001,-0.00026,-3e-05,0.0,-2e-05,0
21948,-7e-05,-4e-05,-9e-05,-0.00026,-0.00015,-7e-05,-3e-05,-5e-05,0
21949,-0.00027,-3e-05,0.0001,0.00026,8e-05,3e-05,0.0,-2e-05,0
21950,-0.00027,-3e-05,0.0001,0.00026,8e-05,3e-05,0.0,-2e-05,0
21951,-0.00027,-3e-05,0.0001,0.00026,8e-05,3e-05,0.0,-2e-05,0
21952,-0.00027,-3e-05,0.0001,0.00026,8e-05,3e-05,0.0,-2e-05,0
21953,-0.00027,-3e-05,0.0001,0.00026,8e-05,3e-05,0.0,-2e-05,0
21954,-0.00027,-3e-05,0.0001,0.00026,8e-05,3e-05,0.0,-2e-05,0
21955,-0.00027,-3e-05,0.0001,0.00026,8e-05,3e-05,0.0,-2e-05,0
21956,-0.00027,-3e-05,0.0001,0.00026,8e-05,3e-05,0.0,-2e-05,0
21957,-0.00027,-3e-05,0.0001,0.00026,8e-05,3e-05,0.0,-2e-05,0
21958,-0.00027,-3e-05,0.0001,0.00026,8e-05,3e-05,0.0,-2e-05,0
21959,-0.00027,-3e-05,0.0001,0.00026,8e-05,3e-05,0.0,-2e-05,0
21960,-0.00027,-3e-05,0.0001,0.00026,8e-05,3e-05,0.0,-2e-05,0
21961,-0.00027,-3e-05,0.0001,0.00026,8e-05,3e-05,0.0,-2e-05,0
21962,-0.00027,-3e-05,0.0001,0.00026,8e-05,3e-05,0.0,-2e-05,0
21963,-0.00027,-3e-05,0.0001,0.00026,8e-05,3e-05,0.0,-2e-05,0
21964,-0.00027,-3e-05,0.0001,0.00026,8e-05,3e-05,0.0,-2e-05,0
21965,-0.00027,-3e-05,0.0001,0.00026,8e-05,3e-05,0.0,-2e-05,0
21966,-0.00027,-3e-05,0.0001,0.00026,8e-05,3e-05,0.0,-2e-05,0
21967,-0.00027,-3e-05,0.0001,0.00026,8e-05,3e-05,0.0,-2e-05,0
21968,-0.00027,-3e-05,0.0001,0.00026,8e-05,3e-05,0.0,-2e-05,0
21969,-0.00027,-3e-05,0.0001,0.00026,8e-05,3e-05,0.0,-2e-05,0
21970,0.0004,9e-05,-1e-05,-7e-05,9e-05,3e-05,2e-05,7e-05,0
21971,0.00032,0.0,8e-05,-6e-05,0.00027,0.0,2e-05,5e-05,0
21972,0.00032,0.0,8e-05,-6e-05,0.00027,0.0,2e-05,5e-05,0
21973,0.00032,0.0,8e-05,-6e-05,0.00027,0.0,2e-05,5e-05,0
21974,0.00032,0.0,8e-05,-6e-05,0.00027,0.0,2e-05,5e-05,0
21975,0.00032,0.0,8e-05,-6e-05,0.00027,0.0,2e-05,5e-05,0
21976,0.00032,0.0,8e-05,-6e-05,0.00027,0.0,2e-05,5e-05,0
21977,0.00032,0.0,8e-05,-6e-05,0.00027,0.0,2e-05,5e-05,0
21978,0.00032,0.0,8e-05,-6e-05,0.00027,0.0,2e-05,5e-05,0
21979,0.00032,0.0,8e-05,-6e-05,0.00027,0.0,2e-05,5e-05,0
21980,0.00032,0.0,8e-05,-6e-05,0.00027,0.0,2e-05,5e-05,0
21981,0.00032,0.0,8e-05,-6e-05,0.00027,0.0,2e-05,5e-05,0
21982,0.00032,0.0,8e-05,-6e-05,0.00027,0.0,2e-05,5e-05,0
21983,0.00032,0.0,8e-05,-6e-05,0.00027,0.0,2e-05,5e-05,0
21984,0.00032,0.0,8e-05,-6e-05,0.00027,0.0,2e-05,5e-05,0
21985,0.00032,0.0,8e-05,-6e-05,0.00027,0.0,2e-05,5e-05,0
21986,0.00032,0.0,8e-05,-6e-05,0.00027,0.0,2e-05,5e-05,0
21988,0.00032,0.0,8e-05,-6e-05,0.00027,0.0,2e-05,5e-05,0
21989,0.00032,0.0,8e-05,-6e-05,0.00027,0.0,2e-05,5e-05,0
21990,0.00032,0.0,8e-05,-6e-05,0.00027,0.0,2e-05,5e-05,0
21991,0.00032,0.0,8e-05,-6e-05,0.00027,0.0,2e-05,5e-05,0
21992,-0.00014,-8e-05,-1e-05,-5e-05,-0.0002,-3e-05,-2e-05,-5e-05,0
21993,-0.00014,-8e-05,-1e-05,-5e-05,-0.0002,-3e-05,-2e-05,-5e-05,0
21994,-4e-05,-2e-05,1e-05,2e-05,0.00033,0.00012,3e-05,1e-05,0
21995,-4e-05,-2e-05,1e-05,2e-05,0.00033,0.00012,3e-05,1e-05,0
21996,-4e-05,-2e-05,1e-05,2e-05,0.00033,0.00012,3e-05,1e-05,0
21997,-4e-05,-2e-05,1e-05,2e-05,0.00033,0.00012,3e-05,1e-05,0
21998,-4e-05,-2e-05,1e-05,2e-05,0.00033,0.00012,3e-05,1e-05,0
21999,-4e-05,-2e-05,1e-05,2e-05,0.00033,0.00012,3e-05,1e-05,0
22000,-4e-05,-2e-05,1e-05,2e-05,0.00033,0.00012,3e-05,1e-05,0
22001,-4e-05,-2e-05,1e-05,2e-05,0.00033,0.00012,3e-05,1e-05,0
22002,-4e-05,-2e-05,1e-05,2e-05,0.00033,0.00012,3e-05,1e-05,0
22004,-4e-05,-2e-05,1e-05,2e-05,0.00033,0.00012,3e-05,1e-05,0
22005,-4e-05,-2e-05,1e-05,2e-05,0.00033,0.00012,3e-05,1e-05,0
22006,-4e-05,-2e-05,1e-05,2e-05,0.00033,0.00012,3e-05,1e-05,0
22007,0.00017,-2e-05,2e-05,0.00014,0.00013,-8e-05,-5e-05,0.0,0
22008,0.00017,-2e-05,2e-05,0.00014,0.00013,-8e-05,-5e-05,0.0,0
22009,4e-05,0.0,-0.0001,-0.00023,0.0002,-9e-05,-5e-05,-6e-05,0
22010,4e-05,0.0,-0.0001,-0.00023,0.0002,-9e-05,-5e-05,-6e-05,0
22011,4e-05,0.0,-0.0001,-0.00023,0.0002,-9e-05,-5e-05,-6e-05,0
22012,4e-05,0.0,-0.0001,-0.00023,0.0002,-9e-05,-5e-05,-6e-05,0
22013,4e-05,0.0,-0.0001,-0.00023,0.0002,-9e-05,-5e-05,-6e-05,0
22014,4e-05,0.0,-0.0001,-0.00023,0.0002,-9e-05,-5e-05,-6e-05,0
22015,4e-05,0.0,-0.0001,-0.00023,0.0002,-9e-05,-5e-05,-6e-05,0
22016,4e-05,0.0,-0.0001,-0.00023,0.0002,-9e-05,-5e-05,-6e-05,0
22017,4e-05,0.0,-0.0001,-0.00023,0.0002,-9e-05,-5e-05,-6e-05,0
22018,4e-05,0.0,-0.0001,-0.00023,0.0002,-9e-05,-5e-05,-6e-05,0
22019,4e-05,0.0,-0.0001,-0.00023,0.0002,-9e-05,-5e-05,-6e-05,0
22020,4e-05,0.0,-0.0001,-0.00023,0.0002,-9e-05,-5e-05,-6e-05,0
22021,4e-05,0.0,-0.0001,-0.00023,0.0002,-9e-05,-5e-05,-6e-05,0
22022,4e-05,0.0,-0.0001,-0.00023,0.0002,-9e-05,-5e-05,-6e-05,0
22023,4e-05,0.0,-0.0001,-0.00023,0.0002,-9e-05,-5e-05,-6e-05,0
22024,4e-05,0.0,-0.0001,-0.00023,0.0002,-9e-05,-5e-05,-6e-05,0
22025,4e-05,0.0,-0.0001,-0.00023,0.0002,-9e-05,-5e-05,-6e-05,0
22026,4e-05,0.0,-0.0001,-0.00023,0.0002,-9e-05,-5e-05,-6e-05,0
22027,4e-05,0.0,-0.0001,-0.00023,0.0002,-9e-05,-5e-05,-6e-05,0
22028,4e-05,0.0,-0.0001,-0.00023,0.0002,-9e-05,-5e-05,-6e-05,0
22029,5e-05,4e-05,3e-05,0.00015,0.00026,0.00024,8e-05,4e-05,0
22030,-6e-05,6e-05,3e-05,2e-05,4e-05,0.0,-6e-05,-5e-05,0
22031,-6e-05,6e-05,3e-05,2e-05,4e-05,0.0,-6e-05,-5e-05,0
22032,-6e-05,6e-05,3e-05,2e-05,4e-05,0.0,-6e-05,-5e-05,0
22033,-6e-05,6e-05,3e-05,2e-05,4e-05,0.0,-6e-05,-5e-05,0
22034,-6e-05,6e-05,3e-05,2e-05,4e-05,0.0,-6e-05,-5e-05,0
22035,-6e-05,6e-05,3e-05,2e-05,4e-05,0.0,-6e-05,-5e-05,0
22036,0.00011,-8e-05,-0.00011,6e-05,0.00065,-7e-05,-5e-05,-2e-05,0
22038,0.00011,-8e-05,-0.00011,6e-05,0.00065,-7e-05,-5e-05,-2e-05,0
22039,0.00011,-8e-05,-0.00011,6e-05,0.00065,-7e-05,-5e-05,-2e-05,0
22040,0.00011,-8e-05,-0.00011,6e-05,0.00065,-7e-05,-5e-05,-2e-05,0
22041,0.00011,-8e-05,-0.00011,6e-05,0.00065,-7e-05,-5e-05,-2e-05,0
22042,0.00011,-8e-05,-0.00011,6e-05,0.00065,-7e-05,-5e-05,-2e-05,0
22043,-0.00042,-0.00011,-0.00013,-0.00029,-0.00036,-8e-05,-4e-05,-6e-05,0
22044,0.00035,0.0,0.0001,0.00052,7e-05,1e-05,4e-05,3e-05,0
22045,0.00035,0.0,0.0001,0.00052,7e-05,1e-05,4e-05,3e-05,0
22046,0.00035,0.0,0.0001,0.00052,7e-05,1e-05,4e-05,3e-05,0
22047,0.00035,0.0,0.0001,0.00052,7e-05,1e-05,4e-05,3e-05,0
22048,0.00035,0.0,0.0001,0.00052,7e-05,1e-05,4e-05,3e-05,0
22049,0.00035,0.0,0.0001,0.00052,7e-05,1e-05,4e-05,3e-05,0
22050,0.00035,0.0,0.0001,0.00052,7e-05,1e-05,4e-05,3e-05,0
22051,0.00035,0.0,0.0001,0.00052,7e-05,1e-05,4e-05,3e-05,0
22052,-0.00018,-4e-05,4e-05,-0.00017,-0.00067,-2e-05,-3e-05,-2e-05,0
22054,-0.00018,-4e-05,4e-05,-0.00017,-0.00067,-2e-05,-3e-05,-2e-05,0
22055,-0.00018,-4e-05,4e-05,-0.00017,-0.00067,-2e-05,-3e-05,-2e-05,0
22056,-0.00018,-4e-05,4e-05,-0.00017,-0.00067,-2e-05,-3e-05,-2e-05,0
22057,-0.00018,-4e-05,4e-05,-0.00017,-0.00067,-2e-05,-3e-05,-2e-05,0
22058,-0.00018,-4e-05,4e-05,-0.00017,-0.00067,-2e-05,-3e-05,-2e-05,0
22059,-0.00018,-4e-05,4e-05,-0.00017,-0.00067,-2e-05,-3e-05,-2e-05,0
22060,-0.00018,-4e-05,4e-05,-0.00017,-0.00067,-2e-05,-3e-05,-2e-05,0
22061,-0.00018,-4e-05,4e-05,-0.00017,-0.00067,-2e-05,-3e-05,-2e-05,0
22062,-0.00018,-4e-05,4e-05,-0.00017,-0.00067,-2e-05,-3e-05,-2e-05,0
22063,-0.00018,-4e-05,4e-05,-0.00017,-0.00067,-2e-05,-3e-05,-2e-05,0
22064,-0.00018,-4e-05,4e-05,-0.00017,-0.00067,-2e-05,-3e-05,-2e-05,0
22065,-0.00018,-4e-05,4e-05,-0.00017,-0.00067,-2e-05,-3e-05,-2e-05,0
22066,-0.00018,-4e-05,4e-05,-0.00017,-0.00067,-2e-05,-3e-05,-2e-05,0
22067,-0.00018,-4e-05,4e-05,-0.00017,-0.00067,-2e-05,-3e-05,-2e-05,0
22068,-0.00035,-0.00017,-0.0002,8e-05,-0.00039,-6e-05,-5e-05,-5e-05,0
22069,-0.00035,-0.00017,-0.0002,8e-05,-0.00039,-6e-05,-5e-05,-5e-05,0
22070,-0.00035,-0.00017,-0.0002,8e-05,-0.00039,-6e-05,-5e-05,-5e-05,0
22071,-0.00035,-0.00017,-0.0002,8e-05,-0.00039,-6e-05,-5e-05,-5e-05,0
22072,-0.00035,-0.00017,-0.0002,8e-05,-0.00039,-6e-05,-5e-05,-5e-05,0
22073,7e-05,-1e-05,2e-05,-9e-05,-8e-05,1e-05,1e-05,-1e-05,0
22074,0.0002,8e-05,-5e-05,6e-05,0.00066,4e-05,-4e-05,-3e-05,0
22075,0.0002,8e-05,-5e-05,6e-05,0.00066,4e-05,-4e-05,-3e-05,0
22076,0.0002,8e-05,-5e-05,6e-05,0.00066,4e-05,-4e-05,-3e-05,0
22077,0.0002,8e-05,-5e-05,6e-05,0.00066,4e-05,-4e-05,-3e-05,0
22078,0.0002,8e-05,-5e-05,6e-05,0.00066,4e-05,-4e-05,-3e-05,0
22079,0.0002,8e-05,-5e-05,6e-05,0.00066,4e-05,-4e-05,-3e-05,0
22080,0.0002,8e-05,-5e-05,6e-05,0.00066,4e-05,-4e-05,-3e-05,0
22081,0.0002,8e-05,-5e-05,6e-05,0.00066,4e-05,-4e-05,-3e-05,0
22082,0.0002,8e-05,-5e-05,6e-05,0.00066,4e-05,-4e-05,-3e-05,0
22083,0.0002,8e-05,-5e-05,6e-05,0.00066,4e-05,-4e-05,-3e-05,0
22084,0.0002,8e-05,-5e-05,6e-05,0.00066,4e-05,-4e-05,-3e-05,0
22085,0.0002,8e-05,-5e-05,6e-05,0.00066,4e-05,-4e-05,-3e-05,0
22086,0.0002,8e-05,-5e-05,6e-05,0.00066,4e-05,-4e-05,-3e-05,0
22088,0.0002,8e-05,-5e-05,6e-05,0.00066,4e-05,-4e-05,-3e-05,0
22089,-0.00047,-0.00029,-0.00015,-0.00014,0.0002,-0.00016,-3e-05,-4e-05,0
22090,2e-05,0.00011,0.00011,-8e-05,-0.00017,-4e-05,-5e-05,0.0,0
22091,2e-05,0.00011,0.00011,-8e-05,-0.00017,-4e-05,-5e-05,0.0,0
22092,2e-05,0.00011,0.00011,-8e-05,-0.00017,-4e-05,-5e-05,0.0,0
22093,2e-05,0.00011,0.00011,-8e-05,-0.00017,-4e-05,-5e-05,0.0,0
22094,2e-05,0.00011,0.00011,-8e-05,-0.00017,-4e-05,-5e-05,0.0,0
22095,2e-05,0.00011,0.00011,-8e-05,-0.00017,-4e-05,-5e-05,0.0,0
22096,-8e-05,-5e-05,-0.00011,-0.00029,-0.00053,-0.00012,-2e-05,0.0,0
22097,-8e-05,-5e-05,-0.00011,-0.00029,-0.00053,-0.00012,-2e-05,0.0,0
22098,-8e-05,-5e-05,-0.00011,-0.00029,-0.00053,-0.00012,-2e-05,0.0,0
22099,-8e-05,-5e-05,-0.00011,-0.00029,-0.00053,-0.00012,-2e-05,0.0,0
22100,-8e-05,-5e-05,-0.00011,-0.00029,-0.00053,-0.00012,-2e-05,0.0,0
22101,-8e-05,-5e-05,-0.00011,-0.00029,-0.00053,-0.00012,-2e-05,0.0,0
22102,-8e-05,-5e-05,-0.00011,-0.00029,-0.00053,-0.00012,-2e-05,0.0,0
22104,-8e-05,-5e-05,-0.00011,-0.00029,-0.00053,-0.00012,-2e-05,0.0,0
22105,-8e-05,-5e-05,-0.00011,-0.00029,-0.00053,-0.00012,-2e-05,0.0,0
22106,-8e-05,-5e-05,-0.00011,-0.00029,-0.00053,-0.00012,-2e-05,0.0,0
22107,-8e-05,-5e-05,-0.00011,-0.00029,-0.00053,-0.00012,-2e-05,0.0,0
22108,-8e-05,-5e-05,-0.00011,-0.00029,-0.00053,-0.00012,-2e-05,0.0,0
22109,-8e-05,-5e-05,-0.00011,-0.00029,-0.00053,-0.00012,-2e-05,0.0,0
22110,-8e-05,-5e-05,-0.00011,-0.00029,-0.00053,-0.00012,-2e-05,0.0,0
22111,-8e-05,-5e-05,-0.00011,-0.00029,-0.00053,-0.00012,-2e-05,0.0,0
22112,0.00011,1e-05,3e-05,0.00069,0.00069,4e-05,5e-05,4e-05,0
22113,0.00011,1e-05,3e-05,0.00069,0.00069,4e-05,5e-05,4e-05,0
22114,0.00046,5e-05,5e-05,0.00022,-0.00036,6e-05,-5e-05,2e-05,0
22115,0.00046,5e-05,5e-05,0.00022,-0.00036,6e-05,-5e-05,2e-05,0
22116,0.00046,5e-05,5e-05,0.00022,-0.00036,6e-05,-5e-05,2e-05,0
22117,0.00046,5e-05,5e-05,0.00022,-0.00036,6e-05,-5e-05,2e-05,0
22118,0.00046,5e-05,5e-05,0.00022,-0.00036,6e-05,-5e-05,2e-05,0
22119,0.00046,5e-05,5e-05,0.00022,-0.00036,6e-05,-5e-05,2e-05,0
22120,0.00046,5e-05,5e-05,0.00022,-0.00036,6e-05,-5e-05,2e-05,0
22121,0.00046,5e-05,5e-05,0.00022,-0.00036,6e-05,-5e-05,2e-05,0
22122,0.00046,5e-05,5e-05,0.00022,-0.00036,6e-05,-5e-05,2e-05,0
22123,0.00046,5e-05,5e-05,0.00022,-0.00036,6e-05,-5e-05,2e-05,0
22124,0.00046,5e-05,5e-05,0.00022,-0.00036,6e-05,-5e-05,2e-05,0
22125,0.00046,5e-05,5e-05,0.00022,-0.00036,6e-05,-5e-05,2e-05,0
22126,0.00046,5e-05,5e-05,0.00022,-0.00036,6e-05,-5e-05,2e-05,0
22127,-0.00012,-7e-05,-0.00021,-0.00053,-0.00018,-0.0002,-7e-05,-6e-05,0
22128,-0.00012,-7e-05,-0.00021,-0.00053,-0.00018,-0.0002,-7e-05,-6e-05,0
22129,-0.00033,-0.0001,-1e-05,0.00031,-0.00085,0.0,-2e-05,-4e-05,0
22130,-0.00033,-0.0001,-1e-05,0.00031,-0.00085,0.0,-2e-05,-4e-05,0
22131,-0.00033,-0.0001,-1e-05,0.00031,-0.00085,0.0,-2e-05,-4e-05,0
22132,-0.00033,-0.0001,-1e-05,0.00031,-0.00085,0.0,-2e-05,-4e-05,0
22133,-0.00033,-0.0001,-1e-05,0.00031,-0.00085,0.0,-2e-05,-4e-05,0
22134,-0.00033,-0.0001,-1e-05,0.00031,-0.00085,0.0,-2e-05,-4e-05,0
22135,-0.00033,-0.0001,-1e-05,0.00031,-0.00085,0.0,-2e-05,-4e-05,0
22136,-0.00033,-0.0001,-1e-05,0.00031,-0.00085,0.0,-2e-05,-4e-05,0
22138,-0.00033,-0.0001,-1e-05,0.00031,-0.00085,0.0,-2e-05,-4e-05,0
22139,-0.00033,-0.0001,-1e-05,0.00031,-0.00085,0.0,-2e-05,-4e-05,0
22140,-0.00033,-0.0001,-1e-05,0.00031,-0.00085,0.0,-2e-05,-4e-05,0
22141,-0.00033,-0.0001,-1e-05,0.00031,-0.00085,0.0,-2e-05,-4e-05,0
22142,-0.00033,-0.0001,-1e-05,0.00031,-0.00085,0.0,-2e-05,-4e-05,0
22143,-0.00033,-0.0001,-1e-05,0.00031,-0.00085,0.0,-2e-05,-4e-05,0
22144,-0.00033,-0.0001,-1e-05,0.00031,-0.00085,0.0,-2e-05,-4e-05,0
22145,-0.00033,-0.0001,-1e-05,0.00031,-0.00085,0.0,-2e-05,-4e-05,0
22146,-0.00033,-0.0001,-1e-05,0.00031,-0.00085,0.0,-2e-05,-4e-05,0
22147,-0.00033,-0.0001,-1e-05,0.00031,-0.00085,0.0,-2e-05,-4e-05,0
22148,-0.00033,-0.0001,-1e-05,0.00031,-0.00085,0.0,-2e-05,-4e-05,0
22149,-0.00024,-5e-05,6e-05,-0.00014,0.0005,-1e-05,-1e-05,-3e-05,0
22150,-0.00024,-5e-05,6e-05,-0.00014,0.0005,-1e-05,-1e-05,-3e-05,0
22151,-0.00024,-5e-05,6e-05,-0.00014,0.0005,-1e-05,-1e-05,-3e-05,0
22152,-0.00024,-5e-05,6e-05,-0.00014,0.0005,-1e-05,-1e-05,-3e-05,0
22154,-0.00024,-5e-05,6e-05,-0.00014,0.0005,-1e-05,-1e-05,-3e-05,0
22155,-0.00024,-5e-05,6e-05,-0.00014,0.0005,-1e-05,-1e-05,-3e-05,0
22156,-0.00024,-5e-05,6e-05,-0.00014,0.0005,-1e-05,-1e-05,-3e-05,0
22157,-0.0002,4e-05,0.00022,9e-05,0.00045,0.00027,7e-05,1e-05,0
22158,-0.0002,4e-05,0.00022,9e-05,0.00045,0.00027,7e-05,1e-05,0
22159,-0.0002,4e-05,0.00022,9e-05,0.00045,0.00027,7e-05,1e-05,0
22160,-0.0002,4e-05,0.00022,9e-05,0.00045,0.00027,7e-05,1e-05,0
22161,-0.0002,4e-05,0.00022,9e-05,0.00045,0.00027,7e-05,1e-05,0
22162,-0.0002,4e-05,0.00022,9e-05,0.00045,0.00027,7e-05,1e-05,0
22163,-3e-05,1e-05,0.0001,-2e-05,-0.00078,4e-05,2e-05,2e-05,0
22164,-3e-05,1e-05,0.0001,-2e-05,-0.00078,4e-05,2e-05,2e-05,0
22165,-3e-05,1e-05,0.0001,-2e-05,-0.00078,4e-05,2e-05,2e-05,0
22166,-3e-05,1e-05,0.0001,-2e-05,-0.00078,4e-05,2e-05,2e-05,0
22167,-3e-05,1e-05,0.0001,-2e-05,-0.00078,4e-05,2e-05,2e-05,0
22168,-3e-05,1e-05,0.0001,-2e-05,-0.00078,4e-05,2e-05,2e-05,0
22169,-3e-05,1e-05,0.0001,-2e-05,-0.00078,4e-05,2e-05,2e-05,0
22170,-3e-05,1e-05,0.0001,-2e-05,-0.00078,4e-05,2e-05,2e-05,0
22171,-3e-05,1e-05,0.0001,-2e-05,-0.00078,4e-05,2e-05,2e-05,0
22172,5e-05,-3e-05,-0.00018,-6e-05,-8e-05,-5e-05,-2e-05,4e-05,0
22174,5e-05,-3e-05,-0.00018,-6e-05,-8e-05,-5e-05,-2e-05,4e-05,0
22175,5e-05,-3e-05,-0.00018,-6e-05,-8e-05,-5e-05,-2e-05,4e-05,0
22176,5e-05,-3e-05,-0.00018,-6e-05,-8e-05,-5e-05,-2e-05,4e-05,0
22177,5e-05,-3e-05,-0.00018,-6e-05,-8e-05,-5e-05,-2e-05,4e-05,0
22178,5e-05,-3e-05,-0.00018,-6e-05,-8e-05,-5e-05,-2e-05,4e-05,0
22179,5e-05,-3e-05,-0.00018,-6e-05,-8e-05,-5e-05,-2e-05,4e-05,0
22180,5e-05,-3e-05,-0.00018,-6e-05,-8e-05,-5e-05,-2e-05,4e-05,0
22181,5e-05,-3e-05,-0.00018,-6e-05,-8e-05,-5e-05,-2e-05,4e-05,0
22182,5e-05,-3e-05,-0.00018,-6e-05,-8e-05,-5e-05,-2e-05,4e-05,0
22183,5e-05,-3e-05,-0.00018,-6e-05,-8e-05,-5e-05,-2e-05,4e-05,0
22184,5e-05,-3e-05,-0.00018,-6e-05,-8e-05,-5e-05,-2e-05,4e-05,0
22185,5e-05,-3e-05,-0.00018,-6e-05,-8e-05,-5e-05,-2e-05,4e-05,0
22186,5e-05,-3e-05,-0.00018,-6e-05,-8e-05,-5e-05,-2e-05,4e-05,0
22189,-9e-05,2e-05,-9e-05,-5e-05,0.00079,5e-05,-3e-05,-4e-05,0
22190,-9e-05,2e-05,-9e-05,-5e-05,0.00079,5e-05,-3e-05,-4e-05,0
22191,-9e-05,2e-05,-9e-05,-5e-05,0.00079,5e-05,-3e-05,-4e-05,0
22192,-9e-05,2e-05,-9e-05,-5e-05,0.00079,5e-05,-3e-05,-4e-05,0
22193,-9e-05,2e-05,-9e-05,-5e-05,0.00079,5e-05,-3e-05,-4e-05,0
22194,-9e-05,2e-05,-9e-05,-5e-05,0.00079,5e-05,-3e-05,-4e-05,0
22195,-9e-05,2e-05,-9e-05,-5e-05,0.00079,5e-05,-3e-05,-4e-05,0
22196,-9e-05,2e-05,-9e-05,-5e-05,0.00079,5e-05,-3e-05,-4e-05,0
22197,-9e-05,2e-05,-9e-05,-5e-05,0.00079,5e-05,-3e-05,-4e-05,0
22198,-9e-05,2e-05,-9e-05,-5e-05,0.00079,5e-05,-3e-05,-4e-05,0
22199,-9e-05,2e-05,-9e-05,-5e-05,0.00079,5e-05,-3e-05,-4e-05,0
22200,-9e-05,2e-05,-9e-05,-5e-05,0.00079,5e-05,-3e-05,-4e-05,0
22201,-9e-05,2e-05,-9e-05,-5e-05,0.00079,5e-05,-3e-05,-4e-05,0
22202,-9e-05,2e-05,-9e-05,-5e-05,0.00079,5e-05,-3e-05,-4e-05,0
22204,-9e-05,2e-05,-9e-05,-5e-05,0.00079,5e-05,-3e-05,-4e-05,0
22205,-9e-05,2e-05,-9e-05,-5e-05,0.00079,5e-05,-3e-05,-4e-05,0
22206,-9e-05,2e-05,-9e-05,-5e-05,0.00079,5e-05,-3e-05,-4e-05,0
22207,-9e-05,2e-05,-9e-05,-5e-05,0.00079,5e-05,-3e-05,-4e-05,0
22208,-9e-05,2e-05,-9e-05,-5e-05,0.00079,5e-05,-3e-05,-4e-05,0
22209,-9e-05,2e-05,-9e-05,-5e-05,0.00079,5e-05,-3e-05,-4e-05,0
22210,-0.00013,-0.00015,-0.00021,-0.00025,-0.0005,-7e-05,0.0,-3e-05,0
22211,-0.00018,0.00015,0.00014,-1e-05,-0.00055,-5e-05,-1e-05,-3e-05,0
22212,-0.00018,0.00015,0.00014,-1e-05,-0.00055,-5e-05,-1e-05,-3e-05,0
22213,-0.00018,0.00015,0.00014,-1e-05,-0.00055,-5e-05,-1e-05,-3e-05,0
22214,-0.00018,0.00015,0.00014,-1e-05,-0.00055,-5e-05,-1e-05,-3e-05,0
22215,-0.00018,0.00015,0.00014,-1e-05,-0.00055,-5e-05,-1e-05,-3e-05,0
22216,-0.00018,0.00015,0.00014,-1e-05,-0.00055,-5e-05,-1e-05,-3e-05,0
22217,-0.00018,0.00015,0.00014,-1e-05,-0.00055,-5e-05,-1e-05,-3e-05,0
22218,-0.00018,0.00015,0.00014,-1e-05,-0.00055,-5e-05,-1e-05,-3e-05,0
22219,-0.00018,0.00015,0.00014,-1e-05,-0.00055,-5e-05,-1e-05,-3e-05,0
22220,-0.00018,0.00015,0.00014,-1e-05,-0.00055,-5e-05,-1e-05,-3e-05,0
22221,-0.00018,0.00015,0.00014,-1e-05,-0.00055,-5e-05,-1e-05,-3e-05,0
22222,-0.00018,0.00015,0.00014,-1e-05,-0.00055,-5e-05,-1e-05,-3e-05,0
22223,-0.00018,0.00015,0.00014,-1e-05,-0.00055,-5e-05,-1e-05,-3e-05,0
22224,-0.00018,0.00015,0.00014,-1e-05,-0.00055,-5e-05,-1e-05,-3e-05,0
22225,-0.00018,0.00015,0.00014,-1e-05,-0.00055,-5e-05,-1e-05,-3e-05,0
22226,-0.00018,0.00015,0.00014,-1e-05,-0.00055,-5e-05,-1e-05,-3e-05,0
22227,-0.00018,0.00015,0.00014,-1e-05,-0.00055,-5e-05,-1e-05,-3e-05,0
22228,-0.00018,0.00015,0.00014,-1e-05,-0.00055,-5e-05,-1e-05,-3e-05,0
22229,-0.00018,0.00015,0.00014,-1e-05,-0.00055,-5e-05,-1e-05,-3e-05,0
22230,-0.00018,0.00015,0.00014,-1e-05,-0.00055,-5e-05,-1e-05,-3e-05,0
22231,-0.00018,0.00015,0.00014,-1e-05,-0.00055,-5e-05,-1e-05,-3e-05,0
22232,1e-05,5e-05,0.00021,0.00029,-0.00037,9e-05,7e-05,2e-05,0
22233,1e-05,5e-05,0.00021,0.00029,-0.00037,9e-05,7e-05,2e-05,0
22234,-7e-05,2e-05,2e-05,-0.0008,-0.0009,1e-05,-1e-05,2e-05,0
22235,-7e-05,2e-05,2e-05,-0.0008,-0.0009,1e-05,-1e-05,2e-05,0
22236,-7e-05,2e-05,2e-05,-0.0008,-0.0009,1e-05,-1e-05,2e-05,0
22238,-7e-05,2e-05,2e-05,-0.0008,-0.0009,1e-05,-1e-05,2e-05,0
22239,-7e-05,2e-05,2e-05,-0.0008,-0.0009,1e-05,-1e-05,2e-05,0
22240,-7e-05,2e-05,2e-05,-0.0008,-0.0009,1e-05,-1e-05,2e-05,0
22241,-7e-05,2e-05,2e-05,-0.0008,-0.0009,1e-05,-1e-05,2e-05,0
22242,-7e-05,2e-05,2e-05,-0.0008,-0.0009,1e-05,-1e-05,2e-05,0
22243,-7e-05,2e-05,2e-05,-0.0008,-0.0009,1e-05,-1e-05,2e-05,0
22244,-7e-05,2e-05,2e-05,-0.0008,-0.0009,1e-05,-1e-05,2e-05,0
22245,-7e-05,2e-05,2e-05,-0.0008,-0.0009,1e-05,-1e-05,2e-05,0
22246,-7e-05,2e-05,2e-05,-0.0008,-0.0009,1e-05,-1e-05,2e-05,0
22247,-3e-05,-3e-05,4e-05,0.00035,0.00042,-0.00013,-4e-05,-3e-05,0
22248,-3e-05,-3e-05,4e-05,0.00035,0.00042,-0.00013,-4e-05,-3e-05,0
22249,-3e-05,-3e-05,4e-05,0.00035,0.00042,-0.00013,-4e-05,-3e-05,0
22250,-3e-05,-3e-05,4e-05,0.00035,0.00042,-0.00013,-4e-05,-3e-05,0
22251,-3e-05,-3e-05,4e-05,0.00035,0.00042,-0.00013,-4e-05,-3e-05,0
22252,-3e-05,-3e-05,4e-05,0.00035,0.00042,-0.00013,-4e-05,-3e-05,0
22254,6e-05,-0.00025,-0.00023,0.00011,0.00046,-4e-05,-6e-05,-3e-05,0
22255,6e-05,-0.00025,-0.00023,0.00011,0.00046,-4e-05,-6e-05,-3e-05,0
22256,6e-05,-0.00025,-0.00023,0.00011,0.00046,-4e-05,-6e-05,-3e-05,0
22257,6e-05,-0.00025,-0.00023,0.00011,0.00046,-4e-05,-6e-05,-3e-05,0
22258,6e-05,-0.00025,-0.00023,0.00011,0.00046,-4e-05,-6e-05,-3e-05,0
22259,6e-05,-0.00025,-0.00023,0.00011,0.00046,-4e-05,-6e-05,-3e-05,0
22260,6e-05,-0.00025,-0.00023,0.00011,0.00046,-4e-05,-6e-05,-3e-05,0
22261,6e-05,-0.00025,-0.00023,0.00011,0.00046,-4e-05,-6e-05,-3e-05,0
22262,6e-05,-0.00025,-0.00023,0.00011,0.00046,-4e-05,-6e-05,-3e-05,0
22263,6e-05,-0.00025,-0.00023,0.00011,0.00046,-4e-05,-6e-05,-3e-05,0
22264,6e-05,-0.00025,-0.00023,0.00011,0.00046,-4e-05,-6e-05,-3e-05,0
22265,6e-05,-0.00025,-0.00023,0.00011,0.00046,-4e-05,-6e-05,-3e-05,0
22266,6e-05,-0.00025,-0.00023,0.00011,0.00046,-4e-05,-6e-05,-3e-05,0
22267,6e-05,-0.00025,-0.00023,0.00011,0.00046,-4e-05,-6e-05,-3e-05,0
22268,6e-05,-0.00025,-0.00023,0.00011,0.00046,-4e-05,-6e-05,-3e-05,0
22269,6e-05,-0.00025,-0.00023,0.00011,0.00046,-4e-05,-6e-05,-3e-05,0
22270,-0.00014,-0.00021,-0.00034,0.00035,0.00085,-6e-05,-7e-05,-6e-05,0
22271,-3e-05,-3e-05,-0.0001,0.00041,0.00106,0.00016,-3e-05,-7e-05,0
22272,-3e-05,-3e-05,-0.0001,0.00041,0.00106,0.00016,-3e-05,-7e-05,0
22273,-3e-05,-3e-05,-0.0001,0.00041,0.00106,0.00016,-3e-05,-7e-05,0
22274,-3e-05,-3e-05,-0.0001,0.00041,0.00106,0.00016,-3e-05,-7e-05,0
22275,-3e-05,-3e-05,-0.0001,0.00041,0.00106,0.00016,-3e-05,-7e-05,0
22276,-3e-05,-3e-05,-0.0001,0.00041,0.00106,0.00016,-3e-05,-7e-05,0
22277,-3e-05,-3e-05,-0.0001,0.00041,0.00106,0.00016,-3e-05,-7e-05,0
22278,-3e-05,-3e-05,-0.0001,0.00041,0.00106,0.00016,-3e-05,-7e-05,0
22279,-3e-05,-3e-05,-0.0001,0.00041,0.00106,0.00016,-3e-05,-7e-05,0
22280,-3e-05,-3e-05,-0.0001,0.00041,0.00106,0.00016,-3e-05,-7e-05,0
22281,-3e-05,-3e-05,-0.0001,0.00041,0.00106,0.00016,-3e-05,-7e-05,0
22282,-3e-05,-3e-05,-0.0001,0.00041,0.00106,0.00016,-3e-05,-7e-05,0
22283,6e-05,2e-05,-0.00023,-0.00059,-6e-05,7e-05,0.0,-2e-05,0
22284,6e-05,2e-05,-0.00023,-0.00059,-6e-05,7e-05,0.0,-2e-05,0
22285,6e-05,2e-05,-0.00023,-0.00059,-6e-05,7e-05,0.0,-2e-05,0
22286,6e-05,2e-05,-0.00023,-0.00059,-6e-05,7e-05,0.0,-2e-05,0
22288,6e-05,2e-05,-0.00023,-0.00059,-6e-05,7e-05,0.0,-2e-05,0
22289,6e-05,2e-05,-0.00023,-0.00059,-6e-05,7e-05,0.0,-2e-05,0
22290,6e-05,2e-05,-0.00023,-0.00059,-6e-05,7e-05,0.0,-2e-05,0
22291,6e-05,2e-05,-0.00023,-0.00059,-6e-05,7e-05,0.0,-2e-05,0
22292,-0.00021,5e-05,0.00027,0.00059,-9e-05,0.00026,1e-05,-3e-05,0
22293,-0.00021,5e-05,0.00027,0.00059,-9e-05,0.00026,1e-05,-3e-05,0
22294,-0.00021,5e-05,0.00027,0.00059,-9e-05,0.00026,1e-05,-3e-05,0
22295,-0.00021,5e-05,0.00027,0.00059,-9e-05,0.00026,1e-05,-3e-05,0
22296,-0.00021,5e-05,0.00027,0.00059,-9e-05,0.00026,1e-05,-3e-05,0
22297,-0.00021,5e-05,0.00027,0.00059,-9e-05,0.00026,1e-05,-3e-05,0
22298,-0.00021,5e-05,0.00027,0.00059,-9e-05,0.00026,1e-05,-3e-05,0
22299,-0.00021,5e-05,0.00027,0.00059,-9e-05,0.00026,1e-05,-3e-05,0
22300,-0.00021,5e-05,0.00027,0.00059,-9e-05,0.00026,1e-05,-3e-05,0
22301,-0.00021,5e-05,0.00027,0.00059,-9e-05,0.00026,1e-05,-3e-05,0
22302,-0.00021,5e-05,0.00027,0.00059,-9e-05,0.00026,1e-05,-3e-05,0
22304,-0.00021,5e-05,0.00027,0.00059,-9e-05,0.00026,1e-05,-3e-05,0
22305,-0.00021,5e-05,0.00027,0.00059,-9e-05,0.00026,1e-05,-3e-05,0
22306,-0.00021,5e-05,0.00027,0.00059,-9e-05,0.00026,1e-05,-3e-05,0
22307,0.00014,0.00014,0.00027,0.00073,0.00043,-7e-05,2e-05,7e-05,0
22308,0.00014,0.00014,0.00027,0.00073,0.00043,-7e-05,2e-05,7e-05,0
22309,8e-05,-5e-05,3e-05,-0.0002,-0.00022,-0.0002,-1e-05,1e-05,0
22310,8e-05,-5e-05,3e-05,-0.0002,-0.00022,-0.0002,-1e-05,1e-05,0
22311,8e-05,-5e-05,3e-05,-0.0002,-0.00022,-0.0002,-1e-05,1e-05,0
22312,8e-05,-5e-05,3e-05,-0.0002,-0.00022,-0.0002,-1e-05,1e-05,0
22313,8e-05,-5e-05,3e-05,-0.0002,-0.00022,-0.0002,-1e-05,1e-05,0
22314,8e-05,-5e-05,3e-05,-0.0002,-0.00022,-0.0002,-1e-05,1e-05,0
22315,8e-05,-5e-05,3e-05,-0.0002,-0.00022,-0.0002,-1e-05,1e-05,0
22316,8e-05,-5e-05,3e-05,-0.0002,-0.00022,-0.0002,-1e-05,1e-05,0
22317,8e-05,-5e-05,3e-05,-0.0002,-0.00022,-0.0002,-1e-05,1e-05,0
22318,8e-05,-5e-05,3e-05,-0.0002,-0.00022,-0.0002,-1e-05,1e-05,0
22319,8e-05,-5e-05,3e-05,-0.0002,-0.00022,-0.0002,-1e-05,1e-05,0
22320,8e-05,-5e-05,3e-05,-0.0002,-0.00022,-0.0002,-1e-05,1e-05,0
22321,8e-05,-5e-05,3e-05,-0.0002,-0.00022,-0.0002,-1e-05,1e-05,0
22322,8e-05,-5e-05,3e-05,-0.0002,-0.00022,-0.0002,-1e-05,1e-05,0
22323,8e-05,-5e-05,3e-05,-0.0002,-0.00022,-0.0002,-1e-05,1e-05,0
22324,8e-05,-5e-05,3e-05,-0.0002,-0.00022,-0.0002,-1e-05,1e-05,0
22325,8e-05,-5e-05,3e-05,-0.0002,-0.00022,-0.0002,-1e-05,1e-05,0
22326,8e-05,-5e-05,3e-05,-0.0002,-0.00022,-0.0002,-1e-05,1e-05,0
22327,8e-05,-5e-05,3e-05,-0.0002,-0.00022,-0.0002,-1e-05,1e-05,0
22328,8e-05,-5e-05,3e-05,-0.0002,-0.00022,-0.0002,-1e-05,1e-05,0
22329,8e-05,-5e-05,3e-05,-0.0002,-0.00022,-0.0002,-1e-05,1e-05,0
22330,0.00018,-6e-05,-6e-05,-0.00032,-0.00022,3e-05,-2e-05,-3e-05,0
22331,0.00023,-0.00016,-0.00029,-0.00066,-0.00019,-9e-05,0.0,3e-05,0
22332,0.00023,-0.00016,-0.00029,-0.00066,-0.00019,-9e-05,0.0,3e-05,0
22333,0.00023,-0.00016,-0.00029,-0.00066,-0.00019,-9e-05,0.0,3e-05,0
22334,0.00023,-0.00016,-0.00029,-0.00066,-0.00019,-9e-05,0.0,3e-05,0
22335,0.00023,-0.00016,-0.00029,-0.00066,-0.00019,-9e-05,0.0,3e-05,0
22336,0.00023,-0.00016,-0.00029,-0.00066,-0.00019,-9e-05,0.0,3e-05,0
22338,0.00023,-0.00016,-0.00029,-0.00066,-0.00019,-9e-05,0.0,3e-05,0
22339,0.00023,-0.00016,-0.00029,-0.00066,-0.00019,-9e-05,0.0,3e-05,0
22340,0.00023,-0.00016,-0.00029,-0.00066,-0.00019,-9e-05,0.0,3e-05,0
22341,0.00023,-0.00016,-0.00029,-0.00066,-0.00019,-9e-05,0.0,3e-05,0
22342,0.00023,-0.00016,-0.00029,-0.00066,-0.00019,-9e-05,0.0,3e-05,0
22343,0.00023,-0.00016,-0.00029,-0.00066,-0.00019,-9e-05,0.0,3e-05,0
22344,0.00023,-0.00016,-0.00029,-0.00066,-0.00019,-9e-05,0.0,3e-05,0
22345,0.00023,-0.00016,-0.00029,-0.00066,-0.00019,-9e-05,0.0,3e-05,0
22346,0.00023,-0.00016,-0.00029,-0.00066,-0.00019,-9e-05,0.0,3e-05,0
22347,0.00023,-0.00016,-0.00029,-0.00066,-0.00019,-9e-05,0.0,3e-05,0
22348,0.00023,-0.00016,-0.00029,-0.00066,-0.00019,-9e-05,0.0,3e-05,0
22349,0.00023,-0.00016,-0.00029,-0.00066,-0.00019,-9e-05,0.0,3e-05,0
22350,0.00023,-0.00016,-0.00029,-0.00066,-0.00019,-9e-05,0.0,3e-05,0
22351,0.00023,-0.00016,-0.00029,-0.00066,-0.00019,-9e-05,0.0,3e-05,0
22352,-3e-05,0.0001,0.0002,-0.00032,-0.00062,0.00066,-8e-05,3e-05,0
22354,-5e-05,-4e-05,-0.00025,-0.00037,-0.00018,-0.00027,-6e-05,-5e-05,0
22355,-5e-05,-4e-05,-0.00025,-0.00037,-0.00018,-0.00027,-6e-05,-5e-05,0
22356,-5e-05,-4e-05,-0.00025,-0.00037,-0.00018,-0.00027,-6e-05,-5e-05,0
22357,-5e-05,-4e-05,-0.00025,-0.00037,-0.00018,-0.00027,-6e-05,-5e-05,0
22358,-5e-05,-4e-05,-0.00025,-0.00037,-0.00018,-0.00027,-6e-05,-5e-05,0
22359,-5e-05,-4e-05,-0.00025,-0.00037,-0.00018,-0.00027,-6e-05,-5e-05,0
22360,-5e-05,-4e-05,-0.00025,-0.00037,-0.00018,-0.00027,-6e-05,-5e-05,0
22361,-5e-05,-4e-05,-0.00025,-0.00037,-0.00018,-0.00027,-6e-05,-5e-05,0
22362,-5e-05,-4e-05,-0.00025,-0.00037,-0.00018,-0.00027,-6e-05,-5e-05,0
22363,-5e-05,-4e-05,-0.00025,-0.00037,-0.00018,-0.00027,-6e-05,-5e-05,0
22364,-5e-05,-4e-05,-0.00025,-0.00037,-0.00018,-0.00027,-6e-05,-5e-05,0
22365,-5e-05,-4e-05,-0.00025,-0.00037,-0.00018,-0.00027,-6e-05,-5e-05,0
22366,-0.00044,-6e-05,0.00012,0.00018,-0.00036,0.00017,7e-05,1e-05,0
22367,0.00026,-6e-05,-0.0003,-0.00069,-0.00045,-0.00046,-0.00014,-3e-05,0
22369,0.00026,-6e-05,-0.0003,-0.00069,-0.00045,-0.00046,-0.00014,-3e-05,0
22370,0.00026,-6e-05,-0.0003,-0.00069,-0.00045,-0.00046,-0.00014,-3e-05,0
22371,0.00026,-6e-05,-0.0003,-0.00069,-0.00045,-0.00046,-0.00014,-3e-05,0
22372,0.00026,-6e-05,-0.0003,-0.00069,-0.00045,-0.00046,-0.00014,-3e-05,0
22373,0.00011,-0.00011,-0.00038,-0.00022,-0.00012,-8e-05,-6e-05,-6e-05,0
22374,0.00011,-0.00011,-0.00038,-0.00022,-0.00012,-8e-05,-6e-05,-6e-05,0
22375,0.00011,-0.00011,-0.00038,-0.00022,-0.00012,-8e-05,-6e-05,-6e-05,0
22376,0.00011,-0.00011,-0.00038,-0.00022,-0.00012,-8e-05,-6e-05,-6e-05,0
22377,0.00011,-0.00011,-0.00038,-0.00022,-0.00012,-8e-05,-6e-05,-6e-05,0
22378,0.00011,-0.00011,-0.00038,-0.00022,-0.00012,-8e-05,-6e-05,-6e-05,0
22379,0.00011,-0.00011,-0.00038,-0.00022,-0.00012,-8e-05,-6e-05,-6e-05,0
22380,0.00011,-0.00011,-0.00038,-0.00022,-0.00012,-8e-05,-6e-05,-6e-05,0
22381,0.00011,-0.00011,-0.00038,-0.00022,-0.00012,-8e-05,-6e-05,-6e-05,0
22382,0.00011,-0.00011,-0.00038,-0.00022,-0.00012,-8e-05,-6e-05,-6e-05,0
22383,0.00011,-0.00011,-0.00038,-0.00022,-0.00012,-8e-05,-6e-05,-6e-05,0
22384,0.00011,-0.00011,-0.00038,-0.00022,-0.00012,-8e-05,-6e-05,-6e-05,0
22385,0.00011,-0.00011,-0.00038,-0.00022,-0.00012,-8e-05,-6e-05,-6e-05,0
22386,0.00011,-0.00011,-0.00038,-0.00022,-0.00012,-8e-05,-6e-05,-6e-05,0
22388,0.00011,-0.00011,-0.00038,-0.00022,-0.00012,-8e-05,-6e-05,-6e-05,0
22389,0.00011,-0.00011,-0.00038,-0.00022,-0.00012,-8e-05,-6e-05,-6e-05,0
22390,-6e-05,4e-05,0.00015,-0.00046,-0.00022,8e-05,0.0001,4e-05,0
22391,-0.0002,0.00016,0.00016,0.00028,0.00026,-0.00012,0.0,1e-05,0
22392,-0.0002,0.00016,0.00016,0.00028,0.00026,-0.00012,0.0,1e-05,0
22393,-0.0002,0.00016,0.00016,0.00028,0.00026,-0.00012,0.0,1e-05,0
22394,-0.0002,0.00016,0.00016,0.00028,0.00026,-0.00012,0.0,1e-05,0
22395,-0.0002,0.00016,0.00016,0.00028,0.00026,-0.00012,0.0,1e-05,0
22396,-0.0002,0.00016,0.00016,0.00028,0.00026,-0.00012,0.0,1e-05,0
22397,-0.0002,0.00016,0.00016,0.00028,0.00026,-0.00012,0.0,1e-05,0
22398,-0.0002,0.00016,0.00016,0.00028,0.00026,-0.00012,0.0,1e-05,0
22399,-0.0002,0.00016,0.00016,0.00028,0.00026,-0.00012,0.0,1e-05,0
22400,-0.0002,0.00016,0.00016,0.00028,0.00026,-0.00012,0.0,1e-05,0
22401,-0.0002,0.00016,0.00016,0.00028,0.00026,-0.00012,0.0,1e-05,0
22402,-0.0002,0.00016,0.00016,0.00028,0.00026,-0.00012,0.0,1e-05,0
22403,-0.0002,0.00016,0.00016,0.00028,0.00026,-0.00012,0.0,1e-05,0
22404,-0.0002,0.00016,0.00016,0.00028,0.00026,-0.00012,0.0,1e-05,0
22405,-0.0002,0.00016,0.00016,0.00028,0.00026,-0.00012,0.0,1e-05,0
22406,-0.0002,0.00016,0.00016,0.00028,0.00026,-0.00012,0.0,1e-05,0
22407,-0.0002,0.00016,0.00016,0.00028,0.00026,-0.00012,0.0,1e-05,0
22408,-0.0002,0.00016,0.00016,0.00028,0.00026,-0.00012,0.0,1e-05,0
22409,-0.0002,0.00016,0.00016,0.00028,0.00026,-0.00012,0.0,1e-05,0
22410,-0.0002,0.00016,0.00016,0.00028,0.00026,-0.00012,0.0,1e-05,0
22411,-0.0002,0.00016,0.00016,0.00028,0.00026,-0.00012,0.0,1e-05,0
22412,-0.00016,1e-05,-0.00013,-0.00029,-0.00018,0.0,5e-05,3e-05,0
22413,-0.00016,1e-05,-0.00013,-0.00029,-0.00018,0.0,5e-05,3e-05,0
22414,0.00036,0.00015,0.00018,0.00011,0.0004,0.00033,6e-05,5e-05,0
22415,0.00036,0.00015,0.00018,0.00011,0.0004,0.00033,6e-05,5e-05,0
22416,0.00036,0.00015,0.00018,0.00011,0.0004,0.00033,6e-05,5e-05,0
22417,0.00036,0.00015,0.00018,0.00011,0.0004,0.00033,6e-05,5e-05,0
22418,0.00036,0.00015,0.00018,0.00011,0.0004,0.00033,6e-05,5e-05,0
22419,0.00036,0.00015,0.00018,0.00011,0.0004,0.00033,6e-05,5e-05,0
22420,0.00036,0.00015,0.00018,0.00011,0.0004,0.00033,6e-05,5e-05,0
22421,0.00036,0.00015,0.00018,0.00011,0.0004,0.00033,6e-05,5e-05,0
22422,0.00036,0.00015,0.00018,0.00011,0.0004,0.00033,6e-05,5e-05,0
22423,0.00036,0.00015,0.00018,0.00011,0.0004,0.00033,6e-05,5e-05,0
22424,0.00036,0.00015,0.00018,0.00011,0.0004,0.00033,6e-05,5e-05,0
22425,0.00036,0.00015,0.00018,0.00011,0.0004,0.00033,6e-05,5e-05,0
22426,0.00036,0.00015,0.00018,0.00011,0.0004,0.00033,6e-05,5e-05,0
22427,0.00024,-0.00014,-0.0006,3e-05,0.0001,-7e-05,-4e-05,0.0,0
22428,0.00024,-0.00014,-0.0006,3e-05,0.0001,-7e-05,-4e-05,0.0,0
22429,-0.00023,1e-05,0.00018,0.0007,0.00016,0.00035,7e-05,-4e-05,0
22430,-0.00023,1e-05,0.00018,0.0007,0.00016,0.00035,7e-05,-4e-05,0
22431,-0.00023,1e-05,0.00018,0.0007,0.00016,0.00035,7e-05,-4e-05,0
22432,-0.00023,1e-05,0.00018,0.0007,0.00016,0.00035,7e-05,-4e-05,0
22433,-0.00023,1e-05,0.00018,0.0007,0.00016,0.00035,7e-05,-4e-05,0
22434,-0.00023,1e-05,0.00018,0.0007,0.00016,0.00035,7e-05,-4e-05,0
22435,-0.00023,1e-05,0.00018,0.0007,0.00016,0.00035,7e-05,-4e-05,0
22436,-0.00023,1e-05,0.00018,0.0007,0.00016,0.00035,7e-05,-4e-05,0
22438,-0.00023,1e-05,0.00018,0.0007,0.00016,0.00035,7e-05,-4e-05,0
22439,-0.00023,1e-05,0.00018,0.0007,0.00016,0.00035,7e-05,-4e-05,0
22440,-0.00023,1e-05,0.00018,0.0007,0.00016,0.00035,7e-05,-4e-05,0
22441,-0.00023,1e-05,0.00018,0.0007,0.00016,0.00035,7e-05,-4e-05,0
22442,-0.00023,1e-05,0.00018,0.0007,0.00016,0.00035,7e-05,-4e-05,0
22443,-0.00023,1e-05,0.00018,0.0007,0.00016,0.00035,7e-05,-4e-05,0
22444,-0.00023,1e-05,0.00018,0.0007,0.00016,0.00035,7e-05,-4e-05,0
22445,-0.00023,1e-05,0.00018,0.0007,0.00016,0.00035,7e-05,-4e-05,0
22446,-0.00023,1e-05,0.00018,0.0007,0.00016,0.00035,7e-05,-4e-05,0
22447,-0.00023,1e-05,0.00018,0.0007,0.00016,0.00035,7e-05,-4e-05,0
22448,-0.00023,1e-05,0.00018,0.0007,0.00016,0.00035,7e-05,-4e-05,0
22449,-0.00023,1e-05,0.00018,0.0007,0.00016,0.00035,7e-05,-4e-05,0
22450,-0.00023,1e-05,0.00018,0.0007,0.00016,0.00035,7e-05,-4e-05,0
22451,-0.00024,-0.00023,-0.00073,-0.00021,0.00034,-0.00023,-9e-05,-0.00011,0
22452,-0.00024,-0.00023,-0.00073,-0.00021,0.00034,-0.00023,-9e-05,-0.00011,0
22453,-0.00078,-0.0001,-0.00024,-0.00088,-0.00108,-0.00035,-2e-05,-9e-05,0
22454,-0.00078,-0.0001,-0.00024,-0.00088,-0.00108,-0.00035,-2e-05,-9e-05,0
22455,-0.00078,-0.0001,-0.00024,-0.00088,-0.00108,-0.00035,-2e-05,-9e-05,0
22456,-0.00078,-0.0001,-0.00024,-0.00088,-0.00108,-0.00035,-2e-05,-9e-05,0
22457,-0.00078,-0.0001,-0.00024,-0.00088,-0.00108,-0.00035,-2e-05,-9e-05,0
22458,-0.00078,-0.0001,-0.00024,-0.00088,-0.00108,-0.00035,-2e-05,-9e-05,0
22459,-0.00078,-0.0001,-0.00024,-0.00088,-0.00108,-0.00035,-2e-05,-9e-05,0
22460,-0.00078,-0.0001,-0.00024,-0.00088,-0.00108,-0.00035,-2e-05,-9e-05,0
22461,-0.00078,-0.0001,-0.00024,-0.00088,-0.00108,-0.00035,-2e-05,-9e-05,0
22462,-0.00078,-0.0001,-0.00024,-0.00088,-0.00108,-0.00035,-2e-05,-9e-05,0
22463,-0.00078,-0.0001,-0.00024,-0.00088,-0.00108,-0.00035,-2e-05,-9e-05,0
22464,-0.00078,-0.0001,-0.00024,-0.00088,-0.00108,-0.00035,-2e-05,-9e-05,0
22465,-0.00078,-0.0001,-0.00024,-0.00088,-0.00108,-0.00035,-2e-05,-9e-05,0
22466,-0.00078,-0.0001,-0.00024,-0.00088,-0.00108,-0.00035,-2e-05,-9e-05,0
22467,-0.00078,-0.0001,-0.00024,-0.00088,-0.00108,-0.00035,-2e-05,-9e-05,0
22468,-0.00078,-0.0001,-0.00024,-0.00088,-0.00108,-0.00035,-2e-05,-9e-05,0
22469,-0.00078,-0.0001,-0.00024,-0.00088,-0.00108,-0.00035,-2e-05,-9e-05,0
22470,-0.00078,-0.0001,-0.00024,-0.00088,-0.00108,-0.00035,-2e-05,-9e-05,0
22471,-0.00078,-0.0001,-0.00024,-0.00088,-0.00108,-0.00035,-2e-05,-9e-05,0
22472,-0.00014,0.00018,0.00035,0.00117,0.00072,-1e-05,-5e-05,-8e-05,0
22473,-0.00014,0.00018,0.00035,0.00117,0.00072,-1e-05,-5e-05,-8e-05,0
22474,0.00066,0.00021,0.00018,-0.00021,-0.00017,-0.00015,2e-05,3e-05,0
22475,0.00066,0.00021,0.00018,-0.00021,-0.00017,-0.00015,2e-05,3e-05,0
22476,0.00066,0.00021,0.00018,-0.00021,-0.00017,-0.00015,2e-05,3e-05,0
22477,0.00066,0.00021,0.00018,-0.00021,-0.00017,-0.00015,2e-05,3e-05,0
22478,0.00066,0.00021,0.00018,-0.00021,-0.00017,-0.00015,2e-05,3e-05,0
22479,0.00066,0.00021,0.00018,-0.00021,-0.00017,-0.00015,2e-05,3e-05,0
22480,0.00066,0.00021,0.00018,-0.00021,-0.00017,-0.00015,2e-05,3e-05,0
22481,0.00066,0.00021,0.00018,-0.00021,-0.00017,-0.00015,2e-05,3e-05,0
22482,0.00066,0.00021,0.00018,-0.00021,-0.00017,-0.00015,2e-05,3e-05,0
22483,0.00066,0.00021,0.00018,-0.00021,-0.00017,-0.00015,2e-05,3e-05,0
22484,0.00066,0.00021,0.00018,-0.00021,-0.00017,-0.00015,2e-05,3e-05,0
22485,0.00066,0.00021,0.00018,-0.00021,-0.00017,-0.00015,2e-05,3e-05,0
22486,-9e-05,-0.00013,-6e-05,-0.00033,-0.00026,-3e-05,-1e-05,0.00011,0
22488,-0.00028,0.00022,0.00037,-0.00028,-0.00083,-3e-05,1e-05,-0.00012,0
22489,-0.00028,0.00022,0.00037,-0.00028,-0.00083,-3e-05,1e-05,-0.00012,0
22490,-0.00028,0.00022,0.00037,-0.00028,-0.00083,-3e-05,1e-05,-0.00012,0
22491,-0.00028,0.00022,0.00037,-0.00028,-0.00083,-3e-05,1e-05,-0.00012,0
22492,-0.00028,0.00022,0.00037,-0.00028,-0.00083,-3e-05,1e-05,-0.00012,0
22493,-0.00028,0.00022,0.00037,-0.00028,-0.00083,-3e-05,1e-05,-0.00012,0
22494,-0.00027,-0.00021,-0.00029,-0.00044,-0.00047,-0.00025,-1e-05,-7e-05,0
22495,-0.00027,-0.00021,-0.00029,-0.00044,-0.00047,-0.00025,-1e-05,-7e-05,0
22496,-0.00027,-0.00021,-0.00029,-0.00044,-0.00047,-0.00025,-1e-05,-7e-05,0
22497,-0.00027,-0.00021,-0.00029,-0.00044,-0.00047,-0.00025,-1e-05,-7e-05,0
22498,-0.00027,-0.00021,-0.00029,-0.00044,-0.00047,-0.00025,-1e-05,-7e-05,0
22499,-0.00027,-0.00021,-0.00029,-0.00044,-0.00047,-0.00025,-1e-05,-7e-05,0
22500,-0.00027,-0.00021,-0.00029,-0.00044,-0.00047,-0.00025,-1e-05,-7e-05,0
22501,-0.00027,-0.00021,-0.00029,-0.00044,-0.00047,-0.00025,-1e-05,-7e-05,0
22502,-0.00027,-0.00021,-0.00029,-0.00044,-0.00047,-0.00025,-1e-05,-7e-05,0
22503,-0.00027,-0.00021,-0.00029,-0.00044,-0.00047,-0.00025,-1e-05,-7e-05,0
22504,-0.00027,-0.00021,-0.00029,-0.00044,-0.00047,-0.00025,-1e-05,-7e-05,0
22505,-0.00027,-0.00021,-0.00029,-0.00044,-0.00047,-0.00025,-1e-05,-7e-05,0
22506,-0.00027,-0.00021,-0.00029,-0.00044,-0.00047,-0.00025,-1e-05,-7e-05,0
22507,-0.00027,-0.00021,-0.00029,-0.00044,-0.00047,-0.00025,-1e-05,-7e-05,0
22508,-0.00027,-0.00021,-0.00029,-0.00044,-0.00047,-0.00025,-1e-05,-7e-05,0
22509,-0.00027,-0.00021,-0.00029,-0.00044,-0.00047,-0.00025,-1e-05,-7e-05,0
22510,0.00017,-5e-05,0.0003,-3e-05,-0.00081,-2e-05,2e-05,6e-05,0
22511,-7e-05,-2e-05,-4e-05,-0.00037,-2e-05,-1e-05,-2e-05,1e-05,0
22512,-7e-05,-2e-05,-4e-05,-0.00037,-2e-05,-1e-05,-2e-05,1e-05,0
22513,-7e-05,-2e-05,-4e-05,-0.00037,-2e-05,-1e-05,-2e-05,1e-05,0
22514,-7e-05,-2e-05,-4e-05,-0.00037,-2e-05,-1e-05,-2e-05,1e-05,0
22515,-7e-05,-2e-05,-4e-05,-0.00037,-2e-05,-1e-05,-2e-05,1e-05,0
22516,-7e-05,-2e-05,-4e-05,-0.00037,-2e-05,-1e-05,-2e-05,1e-05,0
22517,-7e-05,-2e-05,-4e-05,-0.00037,-2e-05,-1e-05,-2e-05,1e-05,0
22518,-7e-05,-2e-05,-4e-05,-0.00037,-2e-05,-1e-05,-2e-05,1e-05,0
22519,-7e-05,-2e-05,-4e-05,-0.00037,-2e-05,-1e-05,-2e-05,1e-05,0
22520,-7e-05,-2e-05,-4e-05,-0.00037,-2e-05,-1e-05,-2e-05,1e-05,0
22521,-7e-05,-2e-05,-4e-05,-0.00037,-2e-05,-1e-05,-2e-05,1e-05,0
22522,-7e-05,-2e-05,-4e-05,-0.00037,-2e-05,-1e-05,-2e-05,1e-05,0
22523,-7e-05,-2e-05,-4e-05,-0.00037,-2e-05,-1e-05,-2e-05,1e-05,0
22524,-7e-05,-2e-05,-4e-05,-0.00037,-2e-05,-1e-05,-2e-05,1e-05,0
22525,-7e-05,-2e-05,-4e-05,-0.00037,-2e-05,-1e-05,-2e-05,1e-05,0
22526,-7e-05,-2e-05,-4e-05,-0.00037,-2e-05,-1e-05,-2e-05,1e-05,0
22527,-7e-05,-2e-05,-4e-05,-0.00037,-2e-05,-1e-05,-2e-05,1e-05,0
22528,-7e-05,-2e-05,-4e-05,-0.00037,-2e-05,-1e-05,-2e-05,1e-05,0
22529,-7e-05,-2e-05,-4e-05,-0.00037,-2e-05,-1e-05,-2e-05,1e-05,0
22530,-7e-05,-2e-05,-4e-05,-0.00037,-2e-05,-1e-05,-2e-05,1e-05,0
22531,-7e-05,-2e-05,-4e-05,-0.00037,-2e-05,-1e-05,-2e-05,1e-05,0
22532,0.00013,0.0001,0.00021,0.00042,-0.00012,-0.0001,2e-05,4e-05,0
22533,0.00013,0.0001,0.00021,0.00042,-0.00012,-0.0001,2e-05,4e-05,0
22534,-0.00047,-6e-05,0.0003,0.00102,0.00082,0.00014,-1e-05,-4e-05,0
22535,-0.00047,-6e-05,0.0003,0.00102,0.00082,0.00014,-1e-05,-4e-05,0
22536,-0.00047,-6e-05,0.0003,0.00102,0.00082,0.00014,-1e-05,-4e-05,0
22539,-0.00047,-6e-05,0.0003,0.00102,0.00082,0.00014,-1e-05,-4e-05,0
22540,-0.00047,-6e-05,0.0003,0.00102,0.00082,0.00014,-1e-05,-4e-05,0
22541,-0.00047,-6e-05,0.0003,0.00102,0.00082,0.00014,-1e-05,-4e-05,0
22542,-0.00047,-6e-05,0.0003,0.00102,0.00082,0.00014,-1e-05,-4e-05,0
22543,-0.00047,-6e-05,0.0003,0.00102,0.00082,0.00014,-1e-05,-4e-05,0
22544,-0.00047,-6e-05,0.0003,0.00102,0.00082,0.00014,-1e-05,-4e-05,0
22545,-0.00047,-6e-05,0.0003,0.00102,0.00082,0.00014,-1e-05,-4e-05,0
22546,-0.00047,-6e-05,0.0003,0.00102,0.00082,0.00014,-1e-05,-4e-05,0
22547,-0.00023,-8e-05,0.00015,-0.00022,0.00061,-8e-05,-2e-05,-1e-05,0
22548,-0.00023,-8e-05,0.00015,-0.00022,0.00061,-8e-05,-2e-05,-1e-05,0
22549,-0.00023,-8e-05,0.00015,-0.00022,0.00061,-8e-05,-2e-05,-1e-05,0
22550,-0.00023,-8e-05,0.00015,-0.00022,0.00061,-8e-05,-2e-05,-1e-05,0
22551,-0.00023,-8e-05,0.00015,-0.00022,0.00061,-8e-05,-2e-05,-1e-05,0
22552,-0.00023,-8e-05,0.00015,-0.00022,0.00061,-8e-05,-2e-05,-1e-05,0
22553,0.0,-0.00012,-0.00028,-0.00073,7e-05,-0.00032,-8e-05,-6e-05,0
22554,0.00033,0.00028,5e-05,-0.00062,-0.00056,0.00026,5e-05,0.0001,0
22555,0.00033,0.00028,5e-05,-0.00062,-0.00056,0.00026,5e-05,0.0001,0
22556,0.00033,0.00028,5e-05,-0.00062,-0.00056,0.00026,5e-05,0.0001,0
22557,0.00033,0.00028,5e-05,-0.00062,-0.00056,0.00026,5e-05,0.0001,0
22558,0.00033,0.00028,5e-05,-0.00062,-0.00056,0.00026,5e-05,0.0001,0
22559,0.00033,0.00028,5e-05,-0.00062,-0.00056,0.00026,5e-05,0.0001,0
22560,0.00033,0.00028,5e-05,-0.00062,-0.00056,0.00026,5e-05,0.0001,0
22561,0.00033,0.00028,5e-05,-0.00062,-0.00056,0.00026,5e-05,0.0001,0
22562,0.00033,0.00028,5e-05,-0.00062,-0.00056,0.00026,5e-05,0.0001,0
22563,0.00033,0.00028,5e-05,-0.00062,-0.00056,0.00026,5e-05,0.0001,0
22564,0.00033,0.00028,5e-05,-0.00062,-0.00056,0.00026,5e-05,0.0001,0
22565,0.00033,0.00028,5e-05,-0.00062,-0.00056,0.00026,5e-05,0.0001,0
22566,0.00033,0.00028,5e-05,-0.00062,-0.00056,0.00026,5e-05,0.0001,0
22567,0.00033,0.00028,5e-05,-0.00062,-0.00056,0.00026,5e-05,0.0001,0
22568,0.00033,0.00028,5e-05,-0.00062,-0.00056,0.00026,5e-05,0.0001,0
22569,0.00033,0.00028,5e-05,-0.00062,-0.00056,0.00026,5e-05,0.0001,0
22570,6e-05,-5e-05,0.00013,0.00011,0.00053,0.0002,4e-05,0.0,0
22571,-5e-05,1e-05,-0.00026,1e-05,0.00011,-0.00022,-5e-05,-4e-05,0
22572,0.00014,-0.0001,0.00015,0.00025,7e-05,-0.00012,8e-05,7e-05,0
22573,0.00014,-0.0001,0.00015,0.00025,7e-05,-0.00012,8e-05,7e-05,0
22574,0.00014,-0.0001,0.00015,0.00025,7e-05,-0.00012,8e-05,7e-05,0
22575,0.00014,-0.0001,0.00015,0.00025,7e-05,-0.00012,8e-05,7e-05,0
22576,0.00014,-0.0001,0.00015,0.00025,7e-05,-0.00012,8e-05,7e-05,0
22577,0.00014,-0.0001,0.00015,0.00025,7e-05,-0.00012,8e-05,7e-05,0
22578,0.00014,-0.0001,0.00015,0.00025,7e-05,-0.00012,8e-05,7e-05,0
22579,0.00014,-0.0001,0.00015,0.00025,7e-05,-0.00012,8e-05,7e-05,0
22580,0.00014,-0.0001,0.00015,0.00025,7e-05,-0.00012,8e-05,7e-05,0
22581,0.00014,-0.0001,0.00015,0.00025,7e-05,-0.00012,8e-05,7e-05,0
22582,0.00014,-0.0001,0.00015,0.00025,7e-05,-0.00012,8e-05,7e-05,0
22583,0.00014,-0.0001,0.00015,0.00025,7e-05,-0.00012,8e-05,7e-05,0
22584,0.00014,-0.0001,0.00015,0.00025,7e-05,-0.00012,8e-05,7e-05,0
22585,0.00014,-0.0001,0.00015,0.00025,7e-05,-0.00012,8e-05,7e-05,0
22586,0.00014,-0.0001,0.00015,0.00025,7e-05,-0.00012,8e-05,7e-05,0
22589,0.00014,-0.0001,0.00015,0.00025,7e-05,-0.00012,8e-05,7e-05,0
22590,0.00014,-0.0001,0.00015,0.00025,7e-05,-0.00012,8e-05,7e-05,0
22591,0.00014,-0.0001,0.00015,0.00025,7e-05,-0.00012,8e-05,7e-05,0
22592,0.00014,-0.0001,0.00015,0.00025,7e-05,-0.00012,8e-05,7e-05,0
22593,6e-05,3e-05,-1e-05,0.00076,0.00092,-4e-05,0.0,2e-05,0
22594,-3e-05,-6e-05,0.0,-0.00018,-0.00052,-6e-05,-8e-05,-5e-05,0
22595,-3e-05,-6e-05,0.0,-0.00018,-0.00052,-6e-05,-8e-05,-5e-05,0
22596,-3e-05,-6e-05,0.0,-0.00018,-0.00052,-6e-05,-8e-05,-5e-05,0
22597,-3e-05,-6e-05,0.0,-0.00018,-0.00052,-6e-05,-8e-05,-5e-05,0
22598,-3e-05,-6e-05,0.0,-0.00018,-0.00052,-6e-05,-8e-05,-5e-05,0
22599,-3e-05,-6e-05,0.0,-0.00018,-0.00052,-6e-05,-8e-05,-5e-05,0
22600,-3e-05,-6e-05,0.0,-0.00018,-0.00052,-6e-05,-8e-05,-5e-05,0
22601,-3e-05,-6e-05,0.0,-0.00018,-0.00052,-6e-05,-8e-05,-5e-05,0
22602,-3e-05,-6e-05,0.0,-0.00018,-0.00052,-6e-05,-8e-05,-5e-05,0
22603,-3e-05,-6e-05,0.0,-0.00018,-0.00052,-6e-05,-8e-05,-5e-05,0
22604,-3e-05,-6e-05,0.0,-0.00018,-0.00052,-6e-05,-8e-05,-5e-05,0
22605,-3e-05,-6e-05,0.0,-0.00018,-0.00052,-6e-05,-8e-05,-5e-05,0
22606,-3e-05,-6e-05,0.0,-0.00018,-0.00052,-6e-05,-8e-05,-5e-05,0
22607,-0.00012,-5e-05,-8e-05,6e-05,-5e-05,-3e-05,-1e-05,-3e-05,0
22608,-0.00012,-5e-05,-8e-05,6e-05,-5e-05,-3e-05,-1e-05,-3e-05,0
22609,-0.00012,-5e-05,-8e-05,6e-05,-5e-05,-3e-05,-1e-05,-3e-05,0
22610,-0.00012,-5e-05,-8e-05,6e-05,-5e-05,-3e-05,-1e-05,-3e-05,0
22611,-0.00012,-5e-05,-8e-05,6e-05,-5e-05,-3e-05,-1e-05,-3e-05,0
22612,-0.00012,-5e-05,-8e-05,6e-05,-5e-05,-3e-05,-1e-05,-3e-05,0
22613,0.0,-7e-05,-0.00013,6e-05,0.00017,0.00012,1e-05,1e-05,0
22614,9e-05,8e-05,6e-05,0.00035,-7e-05,-6e-05,-5e-05,3e-05,0
22615,9e-05,8e-05,6e-05,0.00035,-7e-05,-6e-05,-5e-05,3e-05,0
22616,9e-05,8e-05,6e-05,0.00035,-7e-05,-6e-05,-5e-05,3e-05,0
22617,9e-05,8e-05,6e-05,0.00035,-7e-05,-6e-05,-5e-05,3e-05,0
22618,9e-05,8e-05,6e-05,0.00035,-7e-05,-6e-05,-5e-05,3e-05,0
22619,9e-05,8e-05,6e-05,0.00035,-7e-05,-6e-05,-5e-05,3e-05,0
22620,9e-05,8e-05,6e-05,0.00035,-7e-05,-6e-05,-5e-05,3e-05,0
22621,9e-05,8e-05,6e-05,0.00035,-7e-05,-6e-05,-5e-05,3e-05,0
22622,9e-05,8e-05,6e-05,0.00035,-7e-05,-6e-05,-5e-05,3e-05,0
22623,9e-05,8e-05,6e-05,0.00035,-7e-05,-6e-05,-5e-05,3e-05,0
22624,9e-05,8e-05,6e-05,0.00035,-7e-05,-6e-05,-5e-05,3e-05,0
22625,9e-05,8e-05,6e-05,0.00035,-7e-05,-6e-05,-5e-05,3e-05,0
22626,9e-05,8e-05,6e-05,0.00035,-7e-05,-6e-05,-5e-05,3e-05,0
22627,9e-05,8e-05,6e-05,0.00035,-7e-05,-6e-05,-5e-05,3e-05,0
22628,9e-05,8e-05,6e-05,0.00035,-7e-05,-6e-05,-5e-05,3e-05,0
22629,9e-05,8e-05,6e-05,0.00035,-7e-05,-6e-05,-5e-05,3e-05,0
22630,2e-05,-9e-05,-9e-05,-0.00023,0.00019,-2e-05,-2e-05,-2e-05,0
22631,5e-05,-8e-05,-0.00015,0.00074,0.00046,0.00015,4e-05,4e-05,0
22633,5e-05,-8e-05,-0.00015,0.00074,0.00046,0.00015,4e-05,4e-05,0
22634,5e-05,-8e-05,-0.00015,0.00074,0.00046,0.00015,4e-05,4e-05,0
22635,5e-05,-8e-05,-0.00015,0.00074,0.00046,0.00015,4e-05,4e-05,0
22636,5e-05,-8e-05,-0.00015,0.00074,0.00046,0.00015,4e-05,4e-05,0
22638,5e-05,-8e-05,-0.00015,0.00074,0.00046,0.00015,4e-05,4e-05,0
22639,5e-05,-8e-05,-0.00015,0.00074,0.00046,0.00015,4e-05,4e-05,0
22640,5e-05,-8e-05,-0.00015,0.00074,0.00046,0.00015,4e-05,4e-05,0
22641,5e-05,-8e-05,-0.00015,0.00074,0.00046,0.00015,4e-05,4e-05,0
22642,5e-05,-8e-05,-0.00015,0.00074,0.00046,0.00015,4e-05,4e-05,0
22643,5e-05,-8e-05,-0.00015,0.00074,0.00046,0.00015,4e-05,4e-05,0
22644,5e-05,-8e-05,-0.00015,0.00074,0.00046,0.00015,4e-05,4e-05,0
22645,5e-05,-8e-05,-0.00015,0.00074,0.00046,0.00015,4e-05,4e-05,0
22646,5e-05,-8e-05,-0.00015,0.00074,0.00046,0.00015,4e-05,4e-05,0
22647,5e-05,-8e-05,-0.00015,0.00074,0.00046,0.00015,4e-05,4e-05,0
22648,5e-05,-8e-05,-0.00015,0.00074,0.00046,0.00015,4e-05,4e-05,0
22649,5e-05,-8e-05,-0.00015,0.00074,0.00046,0.00015,4e-05,4e-05,0
22650,5e-05,-8e-05,-0.00015,0.00074,0.00046,0.00015,4e-05,4e-05,0
22651,5e-05,-8e-05,-0.00015,0.00074,0.00046,0.00015,4e-05,4e-05,0
22652,0.00033,0.00024,0.00014,-0.00047,-0.00072,-0.00011,-8e-05,-3e-05,0
22653,0.00033,0.00024,0.00014,-0.00047,-0.00072,-0.00011,-8e-05,-3e-05,0
22654,5e-05,8e-05,-0.00015,-1e-05,0.00014,-1e-05,-7e-05,1e-05,0
22655,5e-05,8e-05,-0.00015,-1e-05,0.00014,-1e-05,-7e-05,1e-05,0
22656,5e-05,8e-05,-0.00015,-1e-05,0.00014,-1e-05,-7e-05,1e-05,0
22657,5e-05,8e-05,-0.00015,-1e-05,0.00014,-1e-05,-7e-05,1e-05,0
22658,5e-05,8e-05,-0.00015,-1e-05,0.00014,-1e-05,-7e-05,1e-05,0
22659,5e-05,8e-05,-0.00015,-1e-05,0.00014,-1e-05,-7e-05,1e-05,0
22661,5e-05,8e-05,-0.00015,-1e-05,0.00014,-1e-05,-7e-05,1e-05,5
22662,5e-05,8e-05,-0.00015,-1e-05,0.00014,-1e-05,-7e-05,1e-05,5
22663,5e-05,8e-05,-0.00015,-1e-05,0.00014,-1e-05,-7e-05,1e-05,5
22664,5e-05,8e-05,-0.00015,-1e-05,0.00014,-1e-05,-7e-05,1e-05,5
22665,5e-05,8e-05,-0.00015,-1e-05,0.00014,-1e-05,-7e-05,1e-05,5
22666,5e-05,8e-05,-0.00015,-1e-05,0.00014,-1e-05,-7e-05,1e-05,5
22667,-8e-05,-0.00011,-9e-05,0.00062,0.00063,0.00054,-1e-05,2e-05,5
22668,-8e-05,-0.00011,-9e-05,0.00062,0.00063,0.00054,-1e-05,2e-05,5
22669,-8e-05,-0.00011,-9e-05,0.00062,0.00063,0.00054,-1e-05,2e-05,5
22670,-8e-05,-0.00011,-9e-05,0.00062,0.00063,0.00054,-1e-05,2e-05,5
22671,-8e-05,-0.00011,-9e-05,0.00062,0.00063,0.00054,-1e-05,2e-05,5
22672,-8e-05,-0.00011,-9e-05,0.00062,0.00063,0.00054,-1e-05,2e-05,5
22673,-2e-05,5e-05,0.00024,0.00049,0.00066,6e-05,1e-05,-3e-05,5
22674,-2e-05,5e-05,0.00024,0.00049,0.00066,6e-05,1e-05,-3e-05,5
22675,-2e-05,5e-05,0.00024,0.00049,0.00066,6e-05,1e-05,-3e-05,5
22676,-2e-05,5e-05,0.00024,0.00049,0.00066,6e-05,1e-05,-3e-05,5
22677,-2e-05,5e-05,0.00024,0.00049,0.00066,6e-05,1e-05,-3e-05,5
22678,-2e-05,5e-05,0.00024,0.00049,0.00066,6e-05,1e-05,-3e-05,5
22679,-2e-05,5e-05,0.00024,0.00049,0.00066,6e-05,1e-05,-3e-05,5
22680,-2e-05,5e-05,0.00024,0.00049,0.00066,6e-05,1e-05,-3e-05,5
22681,-2e-05,5e-05,0.00024,0.00049,0.00066,6e-05,1e-05,-3e-05,5
22682,-2e-05,5e-05,0.00024,0.00049,0.00066,6e-05,1e-05,-3e-05,5
22683,-2e-05,5e-05,0.00024,0.00049,0.00066,6e-05,1e-05,-3e-05,5
22684,-2e-05,5e-05,0.00024,0.00049,0.00066,6e-05,1e-05,-3e-05,5
22685,-2e-05,5e-05,0.00024,0.00049,0.00066,6e-05,1e-05,-3e-05,5
22686,-2e-05,5e-05,0.00024,0.00049,0.00066,6e-05,1e-05,-3e-05,5
22688,-2e-05,5e-05,0.00024,0.00049,0.00066,6e-05,1e-05,-3e-05,5
22689,-2e-05,5e-05,0.00024,0.00049,0.00066,6e-05,1e-05,-3e-05,5
22690,-0.0001,6e-05,0.00012,-0.00041,-0.00026,-0.00021,-0.00012,-5e-05,5
22691,-0.0001,6e-05,0.00012,-0.00041,-0.00026,-0.00021,-0.00012,-5e-05,5
22692,-0.0001,-7e-05,-0.00016,-0.00017,-0.00011,-3e-05,-1e-05,-2e-05,5
22693,-0.0001,-7e-05,-0.00016,-0.00017,-0.00011,-3e-05,-1e-05,-2e-05,5
22694,-0.0001,-7e-05,-0.00016,-0.00017,-0.00011,-3e-05,-1e-05,-2e-05,5
22695,-0.0001,-7e-05,-0.00016,-0.00017,-0.00011,-3e-05,-1e-05,-2e-05,5
22696,-0.0001,-7e-05,-0.00016,-0.00017,-0.00011,-3e-05,-1e-05,-2e-05,5
22697,-0.0001,-7e-05,-0.00016,-0.00017,-0.00011,-3e-05,-1e-05,-2e-05,5
22698,-0.0001,-7e-05,-0.00016,-0.00017,-0.00011,-3e-05,-1e-05,-2e-05,5
22699,-0.0001,-7e-05,-0.00016,-0.00017,-0.00011,-3e-05,-1e-05,-2e-05,5
22700,-0.0001,-7e-05,-0.00016,-0.00017,-0.00011,-3e-05,-1e-05,-2e-05,5
22701,-0.0001,-7e-05,-0.00016,-0.00017,-0.00011,-3e-05,-1e-05,-2e-05,5
22702,-0.0001,-7e-05,-0.00016,-0.00017,-0.00011,-3e-05,-1e-05,-2e-05,5
22703,-0.0001,-7e-05,-0.00016,-0.00017,-0.00011,-3e-05,-1e-05,-2e-05,5
22704,-0.0001,-7e-05,-0.00016,-0.00017,-0.00011,-3e-05,-1e-05,-2e-05,5
22705,-0.0001,-7e-05,-0.00016,-0.00017,-0.00011,-3e-05,-1e-05,-2e-05,5
22706,-0.0001,-7e-05,-0.00016,-0.00017,-0.00011,-3e-05,-1e-05,-2e-05,5
22707,-0.0001,-7e-05,-0.00016,-0.00017,-0.00011,-3e-05,-1e-05,-2e-05,5
22708,-0.0001,-7e-05,-0.00016,-0.00017,-0.00011,-3e-05,-1e-05,-2e-05,5
22709,-0.0001,-7e-05,-0.00016,-0.00017,-0.00011,-3e-05,-1e-05,-2e-05,5
22710,-0.0001,-7e-05,-0.00016,-0.00017,-0.00011,-3e-05,-1e-05,-2e-05,5
22711,-0.0001,-7e-05,-0.00016,-0.00017,-0.00011,-3e-05,-1e-05,-2e-05,5
22712,-0.00012,-0.00011,-0.00024,-0.00074,-0.00013,2e-05,3e-05,-4e-05,5
22713,-0.00012,-0.00011,-0.00024,-0.00074,-0.00013,2e-05,3e-05,-4e-05,5
22714,-0.00022,-9e-05,3e-05,0.00052,0.00038,-2e-05,-6e-05,-7e-05,5
22715,-0.00022,-9e-05,3e-05,0.00052,0.00038,-2e-05,-6e-05,-7e-05,5
22716,-0.00022,-9e-05,3e-05,0.00052,0.00038,-2e-05,-6e-05,-7e-05,5
22717,-0.00022,-9e-05,3e-05,0.00052,0.00038,-2e-05,-6e-05,-7e-05,5
22718,-0.00022,-9e-05,3e-05,0.00052,0.00038,-2e-05,-6e-05,-7e-05,5
22719,-0.00022,-9e-05,3e-05,0.00052,0.00038,-2e-05,-6e-05,-7e-05,5
22720,-0.00022,-9e-05,3e-05,0.00052,0.00038,-2e-05,-6e-05,-7e-05,5
22721,-0.00022,-9e-05,3e-05,0.00052,0.00038,-2e-05,-6e-05,-7e-05,5
22722,-0.00022,-9e-05,3e-05,0.00052,0.00038,-2e-05,-6e-05,-7e-05,5
22723,-0.00022,-9e-05,3e-05,0.00052,0.00038,-2e-05,-6e-05,-7e-05,5
22724,-0.00022,-9e-05,3e-05,0.00052,0.00038,-2e-05,-6e-05,-7e-05,5
22725,-0.00022,-9e-05,3e-05,0.00052,0.00038,-2e-05,-6e-05,-7e-05,5
22726,0.0002,2e-05,4e-05,0.00013,0.0002,-2e-05,-3e-05,4e-05,5
22727,0.00014,-3e-05,-6e-05,-0.00072,-0.0005,-0.00013,9e-05,3e-05,5
22728,0.00014,-3e-05,-6e-05,-0.00072,-0.0005,-0.00013,9e-05,3e-05,5
22729,0.00014,-3e-05,-6e-05,-0.00072,-0.0005,-0.00013,9e-05,3e-05,5
22730,0.00014,-3e-05,-6e-05,-0.00072,-0.0005,-0.00013,9e-05,3e-05,5
22731,0.00014,-3e-05,-6e-05,-0.00072,-0.0005,-0.00013,9e-05,3e-05,5
22732,0.00014,-3e-05,-6e-05,-0.00072,-0.0005,-0.00013,9e-05,3e-05,5
22733,-0.00046,-5e-05,-0.00016,-0.00015,-0.0008,-3e-05,2e-05,-0.00011,5
22734,-0.00046,-5e-05,-0.00016,-0.00015,-0.0008,-3e-05,2e-05,-0.00011,5
22735,-0.00046,-5e-05,-0.00016,-0.00015,-0.0008,-3e-05,2e-05,-0.00011,5
22736,-0.00046,-5e-05,-0.00016,-0.00015,-0.0008,-3e-05,2e-05,-0.00011,5
22738,-0.00046,-5e-05,-0.00016,-0.00015,-0.0008,-3e-05,2e-05,-0.00011,5
22739,-0.00046,-5e-05,-0.00016,-0.00015,-0.0008,-3e-05,2e-05,-0.00011,5
22740,-0.00046,-5e-05,-0.00016,-0.00015,-0.0008,-3e-05,2e-05,-0.00011,5
22741,-0.00046,-5e-05,-0.00016,-0.00015,-0.0008,-3e-05,2e-05,-0.00011,5
22742,-0.00046,-5e-05,-0.00016,-0.00015,-0.0008,-3e-05,2e-05,-0.00011,5
22743,-0.00046,-5e-05,-0.00016,-0.00015,-0.0008,-3e-05,2e-05,-0.00011,5
22744,-0.00046,-5e-05,-0.00016,-0.00015,-0.0008,-3e-05,2e-05,-0.00011,5
22745,-0.00046,-5e-05,-0.00016,-0.00015,-0.0008,-3e-05,2e-05,-0.00011,5
22746,-0.00046,-5e-05,-0.00016,-0.00015,-0.0008,-3e-05,2e-05,-0.00011,5
22747,-0.00046,-5e-05,-0.00016,-0.00015,-0.0008,-3e-05,2e-05,-0.00011,5
22748,-0.00046,-5e-05,-0.00016,-0.00015,-0.0008,-3e-05,2e-05,-0.00011,5
22749,-0.00046,-5e-05,-0.00016,-0.00015,-0.0008,-3e-05,2e-05,-0.00011,5
22750,-0.00046,-5e-05,-0.00016,-0.00015,-0.0008,-3e-05,2e-05,-0.00011,5
22751,7e-05,6e-05,-0.00017,0.00079,-0.00036,0.0002,-9e-05,-3e-05,5
22752,0.00016,-1e-05,0.00013,-0.00036,0.00022,-0.00012,-5e-05,7e-05,5
22753,0.00016,-1e-05,0.00013,-0.00036,0.00022,-0.00012,-5e-05,7e-05,5
22754,0.00016,-1e-05,0.00013,-0.00036,0.00022,-0.00012,-5e-05,7e-05,5
22755,0.00016,-1e-05,0.00013,-0.00036,0.00022,-0.00012,-5e-05,7e-05,5
22756,0.00016,-1e-05,0.00013,-0.00036,0.00022,-0.00012,-5e-05,7e-05,5
22757,0.00016,-1e-05,0.00013,-0.00036,0.00022,-0.00012,-5e-05,7e-05,5
22758,0.00016,-1e-05,0.00013,-0.00036,0.00022,-0.00012,-5e-05,7e-05,5
22759,0.00016,-1e-05,0.00013,-0.00036,0.00022,-0.00012,-5e-05,7e-05,5
22760,0.00016,-1e-05,0.00013,-0.00036,0.00022,-0.00012,-5e-05,7e-05,5
22761,0.00016,-1e-05,0.00013,-0.00036,0.00022,-0.00012,-5e-05,7e-05,5
22762,0.00016,-1e-05,0.00013,-0.00036,0.00022,-0.00012,-5e-05,7e-05,5
22763,0.00016,-1e-05,0.00013,-0.00036,0.00022,-0.00012,-5e-05,7e-05,5
22764,0.00016,-1e-05,0.00013,-0.00036,0.00022,-0.00012,-5e-05,7e-05,5
22765,0.00016,-1e-05,0.00013,-0.00036,0.00022,-0.00012,-5e-05,7e-05,5
22766,0.00016,-1e-05,0.00013,-0.00036,0.00022,-0.00012,-5e-05,7e-05,5
22767,0.00016,-1e-05,0.00013,-0.00036,0.00022,-0.00012,-5e-05,7e-05,5
22768,0.00016,-1e-05,0.00013,-0.00036,0.00022,-0.00012,-5e-05,7e-05,5
22769,0.00016,-1e-05,0.00013,-0.00036,0.00022,-0.00012,-5e-05,7e-05,5
22770,0.00016,-1e-05,0.00013,-0.00036,0.00022,-0.00012,-5e-05,7e-05,5
22771,0.00016,-1e-05,0.00013,-0.00036,0.00022,-0.00012,-5e-05,7e-05,5
22772,0.00029,-4e-05,-0.00018,-0.00061,-0.00107,-2e-05,4e-05,3e-05,5
22773,0.00029,-4e-05,-0.00018,-0.00061,-0.00107,-2e-05,4e-05,3e-05,5
22774,0.00027,3e-05,0.00017,-7e-05,-0.00048,-0.00026,-1e-05,3e-05,5
22775,0.00027,3e-05,0.00017,-7e-05,-0.00048,-0.00026,-1e-05,3e-05,5
22776,0.00027,3e-05,0.00017,-7e-05,-0.00048,-0.00026,-1e-05,3e-05,5
22777,0.00027,3e-05,0.00017,-7e-05,-0.00048,-0.00026,-1e-05,3e-05,5
22778,0.00027,3e-05,0.00017,-7e-05,-0.00048,-0.00026,-1e-05,3e-05,5
22779,0.00027,3e-05,0.00017,-7e-05,-0.00048,-0.00026,-1e-05,3e-05,5
22780,0.00027,3e-05,0.00017,-7e-05,-0.00048,-0.00026,-1e-05,3e-05,5
22781,0.00027,3e-05,0.00017,-7e-05,-0.00048,-0.00026,-1e-05,3e-05,5
22782,0.00027,3e-05,0.00017,-7e-05,-0.00048,-0.00026,-1e-05,3e-05,5
22783,0.00027,3e-05,0.00017,-7e-05,-0.00048,-0.00026,-1e-05,3e-05,5
22784,0.00027,3e-05,0.00017,-7e-05,-0.00048,-0.00026,-1e-05,3e-05,5
22785,0.00027,3e-05,0.00017,-7e-05,-0.00048,-0.00026,-1e-05,3e-05,5
22786,-8e-05,5e-05,7e-05,0.00023,0.00032,0.00018,0.0001,2e-05,5
22788,-7e-05,6e-05,5e-05,0.00045,0.00071,0.00018,-4e-05,3e-05,5
22789,-7e-05,6e-05,5e-05,0.00045,0.00071,0.00018,-4e-05,3e-05,5
22790,-7e-05,6e-05,5e-05,0.00045,0.00071,0.00018,-4e-05,3e-05,5
22791,-7e-05,6e-05,5e-05,0.00045,0.00071,0.00018,-4e-05,3e-05,5
22792,-7e-05,6e-05,5e-05,0.00045,0.00071,0.00018,-4e-05,3e-05,5
22793,6e-05,-0.00012,-0.00021,-0.00021,0.00038,-0.00025,0.0,-1e-05,5
22794,6e-05,-0.00012,-0.00021,-0.00021,0.00038,-0.00025,0.0,-1e-05,5
22795,6e-05,-0.00012,-0.00021,-0.00021,0.00038,-0.00025,0.0,-1e-05,5
22796,6e-05,-0.00012,-0.00021,-0.00021,0.00038,-0.00025,0.0,-1e-05,5
22797,6e-05,-0.00012,-0.00021,-0.00021,0.00038,-0.00025,0.0,-1e-05,5
22798,6e-05,-0.00012,-0.00021,-0.00021,0.00038,-0.00025,0.0,-1e-05,5
22799,6e-05,-0.00012,-0.00021,-0.00021,0.00038,-0.00025,0.0,-1e-05,5
22800,6e-05,-0.00012,-0.00021,-0.00021,0.00038,-0.00025,0.0,-1e-05,5
22801,6e-05,-0.00012,-0.00021,-0.00021,0.00038,-0.00025,0.0,-1e-05,5
22802,6e-05,-0.00012,-0.00021,-0.00021,0.00038,-0.00025,0.0,-1e-05,5
22803,6e-05,-0.00012,-0.00021,-0.00021,0.00038,-0.00025,0.0,-1e-05,5
22804,6e-05,-0.00012,-0.00021,-0.00021,0.00038,-0.00025,0.0,-1e-05,5
22805,6e-05,-0.00012,-0.00021,-0.00021,0.00038,-0.00025,0.0,-1e-05,5
22806,6e-05,-0.00012,-0.00021,-0.00021,0.00038,-0.00025,0.0,-1e-05,5
22807,6e-05,-0.00012,-0.00021,-0.00021,0.00038,-0.00025,0.0,-1e-05,5
22808,6e-05,-0.00012,-0.00021,-0.00021,0.00038,-0.00025,0.0,-1e-05,5
22809,6e-05,-0.00012,-0.00021,-0.00021,0.00038,-0.00025,0.0,-1e-05,5
22810,-8e-05,9e-05,-3e-05,0.0003,0.00045,-0.00014,-2e-05,2e-05,5
22811,-2e-05,-9e-05,-0.00024,0.00025,0.0001,0.00017,5e-05,-1e-05,5
22812,-2e-05,-9e-05,-0.00024,0.00025,0.0001,0.00017,5e-05,-1e-05,5
22813,-2e-05,-9e-05,-0.00024,0.00025,0.0001,0.00017,5e-05,-1e-05,5
22814,-2e-05,-9e-05,-0.00024,0.00025,0.0001,0.00017,5e-05,-1e-05,5
22815,-2e-05,-9e-05,-0.00024,0.00025,0.0001,0.00017,5e-05,-1e-05,5
22816,-2e-05,-9e-05,-0.00024,0.00025,0.0001,0.00017,5e-05,-1e-05,5
22817,-2e-05,-9e-05,-0.00024,0.00025,0.0001,0.00017,5e-05,-1e-05,5
22818,-2e-05,-9e-05,-0.00024,0.00025,0.0001,0.00017,5e-05,-1e-05,5
22819,-2e-05,-9e-05,-0.00024,0.00025,0.0001,0.00017,5e-05,-1e-05,5
22820,-2e-05,-9e-05,-0.00024,0.00025,0.0001,0.00017,5e-05,-1e-05,5
22821,-2e-05,-9e-05,-0.00024,0.00025,0.0001,0.00017,5e-05,-1e-05,5
22822,-2e-05,-9e-05,-0.00024,0.00025,0.0001,0.00017,5e-05,-1e-05,5
22823,-2e-05,-9e-05,-0.00024,0.00025,0.0001,0.00017,5e-05,-1e-05,5
22824,-2e-05,-9e-05,-0.00024,0.00025,0.0001,0.00017,5e-05,-1e-05,5
22825,-2e-05,-9e-05,-0.00024,0.00025,0.0001,0.00017,5e-05,-1e-05,5
22826,-2e-05,-9e-05,-0.00024,0.00025,0.0001,0.00017,5e-05,-1e-05,5
22827,-2e-05,-9e-05,-0.00024,0.00025,0.0001,0.00017,5e-05,-1e-05,5
22828,-2e-05,-9e-05,-0.00024,0.00025,0.0001,0.00017,5e-05,-1e-05,5
22829,-2e-05,-9e-05,-0.00024,0.00025,0.0001,0.00017,5e-05,-1e-05,5
22830,-2e-05,-9e-05,-0.00024,0.00025,0.0001,0.00017,5e-05,-1e-05,5
22831,-2e-05,-9e-05,-0.00024,0.00025,0.0001,0.00017,5e-05,-1e-05,5
22832,-0.0002,1e-05,-3e-05,0.00018,-8e-05,-7e-05,2e-05,-4e-05,5
22833,-0.0002,1e-05,-3e-05,0.00018,-8e-05,-7e-05,2e-05,-4e-05,5
22834,0.00025,-1e-05,0.00021,0.00062,0.00021,0.00018,0.0,3e-05,5
22835,0.00025,-1e-05,0.00021,0.00062,0.00021,0.00018,0.0,3e-05,5
22836,0.00025,-1e-05,0.00021,0.00062,0.00021,0.00018,0.0,3e-05,5
22838,0.00025,-1e-05,0.00021,0.00062,0.00021,0.00018,0.0,3e-05,5
22839,0.00025,-1e-05,0.00021,0.00062,0.00021,0.00018,0.0,3e-05,5
22840,0.00025,-1e-05,0.00021,0.00062,0.00021,0.00018,0.0,3e-05,5
22841,0.00025,-1e-05,0.00021,0.00062,0.00021,0.00018,0.0,3e-05,5
22842,0.00025,-1e-05,0.00021,0.00062,0.00021,0.00018,0.0,3e-05,5
22843,0.00025,-1e-05,0.00021,0.00062,0.00021,0.00018,0.0,3e-05,5
22844,0.00025,-1e-05,0.00021,0.00062,0.00021,0.00018,0.0,3e-05,5
22845,0.00025,-1e-05,0.00021,0.00062,0.00021,0.00018,0.0,3e-05,5
22846,0.00027,0.00018,-4e-05,0.00073,0.00075,4e-05,3e-05,1e-05,5
22847,0.00027,0.00018,-4e-05,0.00073,0.00075,4e-05,3e-05,1e-05,5
22848,0.00027,0.00018,-4e-05,0.00073,0.00075,4e-05,3e-05,1e-05,5
22849,0.00027,0.00018,-4e-05,0.00073,0.00075,4e-05,3e-05,1e-05,5
22850,0.00027,0.00018,-4e-05,0.00073,0.00075,4e-05,3e-05,1e-05,5
22851,0.00027,0.00018,-4e-05,0.00073,0.00075,4e-05,3e-05,1e-05,5
22852,0.00027,0.00018,-4e-05,0.00073,0.00075,4e-05,3e-05,1e-05,5
22853,0.00027,0.00018,-4e-05,0.00073,0.00075,4e-05,3e-05,1e-05,5
22854,0.00027,0.00018,-4e-05,0.00073,0.00075,4e-05,3e-05,1e-05,5
22855,-0.00017,-9e-05,1e-05,-0.00011,-0.00032,-3e-05,-1e-05,-0.00012,5
22856,-0.00017,-9e-05,1e-05,-0.00011,-0.00032,-3e-05,-1e-05,-0.00012,5
22857,-0.00017,-9e-05,1e-05,-0.00011,-0.00032,-3e-05,-1e-05,-0.00012,5
22858,-0.00017,-9e-05,1e-05,-0.00011,-0.00032,-3e-05,-1e-05,-0.00012,5
22859,-0.00017,-9e-05,1e-05,-0.00011,-0.00032,-3e-05,-1e-05,-0.00012,5
22860,-0.00017,-9e-05,1e-05,-0.00011,-0.00032,-3e-05,-1e-05,-0.00012,5
22861,-0.00017,-9e-05,1e-05,-0.00011,-0.00032,-3e-05,-1e-05,-0.00012,5
22862,-0.00017,-9e-05,1e-05,-0.00011,-0.00032,-3e-05,-1e-05,-0.00012,5
22863,-0.00017,-9e-05,1e-05,-0.00011,-0.00032,-3e-05,-1e-05,-0.00012,5
22864,-0.00017,-9e-05,1e-05,-0.00011,-0.00032,-3e-05,-1e-05,-0.00012,5
22865,-0.00017,-9e-05,1e-05,-0.00011,-0.00032,-3e-05,-1e-05,-0.00012,5
22866,-0.00017,-9e-05,1e-05,-0.00011,-0.00032,-3e-05,-1e-05,-0.00012,5
22867,-0.00017,-9e-05,1e-05,-0.00011,-0.00032,-3e-05,-1e-05,-0.00012,5
22868,-0.00017,-9e-05,1e-05,-0.00011,-0.00032,-3e-05,-1e-05,-0.00012,5
22869,-0.00017,-9e-05,1e-05,-0.00011,-0.00032,-3e-05,-1e-05,-0.00012,5
22870,1e-05,-6e-05,-2e-05,-0.00111,-0.00089,-0.00021,-1e-05,-0.0001,5
22871,-0.00022,5e-05,-6e-05,0.00057,-2e-05,2e-05,1e-05,-0.00012,5
22873,-0.00022,5e-05,-6e-05,0.00057,-2e-05,2e-05,1e-05,-0.00012,5
22874,-0.00022,5e-05,-6e-05,0.00057,-2e-05,2e-05,1e-05,-0.00012,5
22875,-0.00022,5e-05,-6e-05,0.00057,-2e-05,2e-05,1e-05,-0.00012,5
22876,-0.00022,5e-05,-6e-05,0.00057,-2e-05,2e-05,1e-05,-0.00012,5
22877,-0.00022,5e-05,-6e-05,0.00057,-2e-05,2e-05,1e-05,-0.00012,5
22878,-0.00022,5e-05,-6e-05,0.00057,-2e-05,2e-05,1e-05,-0.00012,5
22879,-0.00022,5e-05,-6e-05,0.00057,-2e-05,2e-05,1e-05,-0.00012,5
22880,-0.00022,5e-05,-6e-05,0.00057,-2e-05,2e-05,1e-05,-0.00012,5
22881,-0.00022,5e-05,-6e-05,0.00057,-2e-05,2e-05,1e-05,-0.00012,5
22882,-0.00022,5e-05,-6e-05,0.00057,-2e-05,2e-05,1e-05,-0.00012,5
22883,-0.00022,5e-05,-6e-05,0.00057,-2e-05,2e-05,1e-05,-0.00012,5
22884,-0.00022,5e-05,-6e-05,0.00057,-2e-05,2e-05,1e-05,-0.00012,5
22885,-0.00022,5e-05,-6e-05,0.00057,-2e-05,2e-05,1e-05,-0.00012,5
22886,-0.00022,5e-05,-6e-05,0.00057,-2e-05,2e-05,1e-05,-0.00012,5
22888,-0.00022,5e-05,-6e-05,0.00057,-2e-05,2e-05,1e-05,-0.00012,5
22889,-0.00022,5e-05,-6e-05,0.00057,-2e-05,2e-05,1e-05,-0.00012,5
22890,-0.00022,5e-05,-6e-05,0.00057,-2e-05,2e-05,1e-05,-0.00012,5
22891,-0.00022,5e-05,-6e-05,0.00057,-2e-05,2e-05,1e-05,-0.00012,5
22892,-2e-05,-0.00015,-0.00044,-0.00057,-0.0004,4e-05,-0.0001,-3e-05,5
22893,-2e-05,-0.00015,-0.00044,-0.00057,-0.0004,4e-05,-0.0001,-3e-05,5
22894,0.00013,0.00018,0.00027,-0.00042,0.00014,-4e-05,-2e-05,5e-05,5
22895,0.00013,0.00018,0.00027,-0.00042,0.00014,-4e-05,-2e-05,5e-05,5
22896,0.00013,0.00018,0.00027,-0.00042,0.00014,-4e-05,-2e-05,5e-05,5
22897,0.00013,0.00018,0.00027,-0.00042,0.00014,-4e-05,-2e-05,5e-05,5
22898,0.00013,0.00018,0.00027,-0.00042,0.00014,-4e-05,-2e-05,5e-05,5
22899,0.00013,0.00018,0.00027,-0.00042,0.00014,-4e-05,-2e-05,5e-05,5
22900,0.00013,0.00018,0.00027,-0.00042,0.00014,-4e-05,-2e-05,5e-05,5
22901,0.00013,0.00018,0.00027,-0.00042,0.00014,-4e-05,-2e-05,5e-05,5
22902,0.00013,0.00018,0.00027,-0.00042,0.00014,-4e-05,-2e-05,5e-05,5
22903,0.00013,0.00018,0.00027,-0.00042,0.00014,-4e-05,-2e-05,5e-05,5
22904,0.00013,0.00018,0.00027,-0.00042,0.00014,-4e-05,-2e-05,5e-05,5
22905,0.00013,0.00018,0.00027,-0.00042,0.00014,-4e-05,-2e-05,5e-05,5
22906,0.00021,5e-05,0.00034,0.00012,-0.00087,0.00025,0.00011,1e-05,5
22907,0.00021,5e-05,0.00034,0.00012,-0.00087,0.00025,0.00011,1e-05,5
22908,0.00021,5e-05,0.00034,0.00012,-0.00087,0.00025,0.00011,1e-05,5
22909,0.00021,5e-05,0.00034,0.00012,-0.00087,0.00025,0.00011,1e-05,5
22910,0.00021,5e-05,0.00034,0.00012,-0.00087,0.00025,0.00011,1e-05,5
22911,0.00021,5e-05,0.00034,0.00012,-0.00087,0.00025,0.00011,1e-05,5
22912,0.00021,5e-05,0.00034,0.00012,-0.00087,0.00025,0.00011,1e-05,5
22913,0.00021,5e-05,0.00034,0.00012,-0.00087,0.00025,0.00011,1e-05,5
22914,0.00021,5e-05,0.00034,0.00012,-0.00087,0.00025,0.00011,1e-05,5
22915,-6e-05,-3e-05,-5e-05,-0.00053,6e-05,-0.00028,-0.00013,-5e-05,5
22916,-6e-05,-3e-05,-5e-05,-0.00053,6e-05,-0.00028,-0.00013,-5e-05,5
22917,-6e-05,-3e-05,-5e-05,-0.00053,6e-05,-0.00028,-0.00013,-5e-05,5
22918,-6e-05,-3e-05,-5e-05,-0.00053,6e-05,-0.00028,-0.00013,-5e-05,5
22919,-6e-05,-3e-05,-5e-05,-0.00053,6e-05,-0.00028,-0.00013,-5e-05,5
22920,-6e-05,-3e-05,-5e-05,-0.00053,6e-05,-0.00028,-0.00013,-5e-05,5
22921,-6e-05,-3e-05,-5e-05,-0.00053,6e-05,-0.00028,-0.00013,-5e-05,5
22922,-6e-05,-3e-05,-5e-05,-0.00053,6e-05,-0.00028,-0.00013,-5e-05,5
22923,-6e-05,-3e-05,-5e-05,-0.00053,6e-05,-0.00028,-0.00013,-5e-05,5
22924,-6e-05,-3e-05,-5e-05,-0.00053,6e-05,-0.00028,-0.00013,-5e-05,5
22925,-6e-05,-3e-05,-5e-05,-0.00053,6e-05,-0.00028,-0.00013,-5e-05,5
22926,-6e-05,-3e-05,-5e-05,-0.00053,6e-05,-0.00028,-0.00013,-5e-05,5
22927,-6e-05,-3e-05,-5e-05,-0.00053,6e-05,-0.00028,-0.00013,-5e-05,5
22928,-6e-05,-3e-05,-5e-05,-0.00053,6e-05,-0.00028,-0.00013,-5e-05,5
22929,-6e-05,-3e-05,-5e-05,-0.00053,6e-05,-0.00028,-0.00013,-5e-05,5
22930,-0.00016,-9e-05,4e-05,0.00059,0.00029,7e-05,-6e-05,-2e-05,5
22931,3e-05,2e-05,-8e-05,-0.00029,0.00039,-1e-05,1e-05,-1e-05,5
22932,3e-05,2e-05,-8e-05,-0.00029,0.00039,-1e-05,1e-05,-1e-05,5
22933,3e-05,2e-05,-8e-05,-0.00029,0.00039,-1e-05,1e-05,-1e-05,5
22934,3e-05,2e-05,-8e-05,-0.00029,0.00039,-1e-05,1e-05,-1e-05,5
22935,3e-05,2e-05,-8e-05,-0.00029,0.00039,-1e-05,1e-05,-1e-05,5
22936,3e-05,2e-05,-8e-05,-0.00029,0.00039,-1e-05,1e-05,-1e-05,5
22938,3e-05,2e-05,-8e-05,-0.00029,0.00039,-1e-05,1e-05,-1e-05,5
22939,3e-05,2e-05,-8e-05,-0.00029,0.00039,-1e-05,1e-05,-1e-05,5
22940,3e-05,2e-05,-8e-05,-0.00029,0.00039,-1e-05,1e-05,-1e-05,5
22941,3e-05,2e-05,-8e-05,-0.00029,0.00039,-1e-05,1e-05,-1e-05,5
22942,3e-05,2e-05,-8e-05,-0.00029,0.00039,-1e-05,1e-05,-1e-05,5
22943,3e-05,2e-05,-8e-05,-0.00029,0.00039,-1e-05,1e-05,-1e-05,5
22944,3e-05,2e-05,-8e-05,-0.00029,0.00039,-1e-05,1e-05,-1e-05,5
22945,3e-05,2e-05,-8e-05,-0.00029,0.00039,-1e-05,1e-05,-1e-05,5
22946,3e-05,2e-05,-8e-05,-0.00029,0.00039,-1e-05,1e-05,-1e-05,5
22947,3e-05,2e-05,-8e-05,-0.00029,0.00039,-1e-05,1e-05,-1e-05,5
22948,3e-05,2e-05,-8e-05,-0.00029,0.00039,-1e-05,1e-05,-1e-05,5
22949,3e-05,2e-05,-8e-05,-0.00029,0.00039,-1e-05,1e-05,-1e-05,5
22950,3e-05,2e-05,-8e-05,-0.00029,0.00039,-1e-05,1e-05,-1e-05,5
22951,3e-05,2e-05,-8e-05,-0.00029,0.00039,-1e-05,1e-05,-1e-05,5
22952,-0.00025,-8e-05,-8e-05,-6e-05,-0.00025,-0.00014,-1e-05,-1e-05,5
22953,-0.00025,-8e-05,-8e-05,-6e-05,-0.00025,-0.00014,-1e-05,-1e-05,5
22954,-0.00015,-9e-05,-3e-05,0.00028,0.00029,0.00021,1e-05,4e-05,5
22955,-0.00015,-9e-05,-3e-05,0.00028,0.00029,0.00021,1e-05,4e-05,5
22956,-0.00015,-9e-05,-3e-05,0.00028,0.00029,0.00021,1e-05,4e-05,5
22957,-0.00015,-9e-05,-3e-05,0.00028,0.00029,0.00021,1e-05,4e-05,5
22958,-0.00015,-9e-05,-3e-05,0.00028,0.00029,0.00021,1e-05,4e-05,5
22959,-0.00015,-9e-05,-3e-05,0.00028,0.00029,0.00021,1e-05,4e-05,5
22960,-0.00015,-9e-05,-3e-05,0.00028,0.00029,0.00021,1e-05,4e-05,5
22961,-0.00015,-9e-05,-3e-05,0.00028,0.00029,0.00021,1e-05,4e-05,5
22962,-0.00015,-9e-05,-3e-05,0.00028,0.00029,0.00021,1e-05,4e-05,5
22963,-0.00015,-9e-05,-3e-05,0.00028,0.00029,0.00021,1e-05,4e-05,5
22964,-0.00015,-9e-05,-3e-05,0.00028,0.00029,0.00021,1e-05,4e-05,5
22965,-0.00015,-9e-05,-3e-05,0.00028,0.00029,0.00021,1e-05,4e-05,5
22966,-4e-05,-5e-05,-0.00012,7e-05,0.00044,-0.00017,1e-05,-2e-05,5
22968,-4e-05,-5e-05,-0.00012,7e-05,0.00044,-0.00017,1e-05,-2e-05,5
22969,-4e-05,-5e-05,-0.00012,7e-05,0.00044,-0.00017,1e-05,-2e-05,5
22970,-4e-05,-5e-05,-0.00012,7e-05,0.00044,-0.00017,1e-05,-2e-05,5
22971,-4e-05,-5e-05,-0.00012,7e-05,0.00044,-0.00017,1e-05,-2e-05,5
22972,-4e-05,-5e-05,-0.00012,7e-05,0.00044,-0.00017,1e-05,-2e-05,5
22973,-4e-05,-5e-05,-0.00012,7e-05,0.00044,-0.00017,1e-05,-2e-05,5
22974,-4e-05,-5e-05,-0.00012,7e-05,0.00044,-0.00017,1e-05,-2e-05,5
22975,0.00044,1e-05,-0.00015,0.00034,0.00031,-1e-05,0.0,8e-05,5
22976,0.00044,1e-05,-0.00015,0.00034,0.00031,-1e-05,0.0,8e-05,5
22977,0.00044,1e-05,-0.00015,0.00034,0.00031,-1e-05,0.0,8e-05,5
22978,0.00044,1e-05,-0.00015,0.00034,0.00031,-1e-05,0.0,8e-05,5
22979,0.00044,1e-05,-0.00015,0.00034,0.00031,-1e-05,0.0,8e-05,5
22980,0.00044,1e-05,-0.00015,0.00034,0.00031,-1e-05,0.0,8e-05,5
22981,0.00044,1e-05,-0.00015,0.00034,0.00031,-1e-05,0.0,8e-05,5
22982,0.00044,1e-05,-0.00015,0.00034,0.00031,-1e-05,0.0,8e-05,5
22983,0.00044,1e-05,-0.00015,0.00034,0.00031,-1e-05,0.0,8e-05,5
22984,0.00044,1e-05,-0.00015,0.00034,0.00031,-1e-05,0.0,8e-05,5
22985,0.00044,1e-05,-0.00015,0.00034,0.00031,-1e-05,0.0,8e-05,5
22986,0.00044,1e-05,-0.00015,0.00034,0.00031,-1e-05,0.0,8e-05,5
22988,0.00044,1e-05,-0.00015,0.00034,0.00031,-1e-05,0.0,8e-05,5
22989,0.00044,1e-05,-0.00015,0.00034,0.00031,-1e-05,0.0,8e-05,5
22990,-0.00031,0.0,4e-05,0.00032,0.00062,-0.00012,-2e-05,-0.00012,5
22991,-1e-05,2e-05,0.00014,-0.00084,-0.00118,0.0001,0.00013,7e-05,5
22992,-1e-05,2e-05,0.00014,-0.00084,-0.00118,0.0001,0.00013,7e-05,5
22993,-1e-05,2e-05,0.00014,-0.00084,-0.00118,0.0001,0.00013,7e-05,5
22994,-1e-05,2e-05,0.00014,-0.00084,-0.00118,0.0001,0.00013,7e-05,5
22995,-1e-05,2e-05,0.00014,-0.00084,-0.00118,0.0001,0.00013,7e-05,5
22996,-1e-05,2e-05,0.00014,-0.00084,-0.00118,0.0001,0.00013,7e-05,5
22997,-1e-05,2e-05,0.00014,-0.00084,-0.00118,0.0001,0.00013,7e-05,5
22998,-1e-05,2e-05,0.00014,-0.00084,-0.00118,0.0001,0.00013,7e-05,5
22999,-1e-05,2e-05,0.00014,-0.00084,-0.00118,0.0001,0.00013,7e-05,5
23000,-1e-05,2e-05,0.00014,-0.00084,-0.00118,0.0001,0.00013,7e-05,5
23001,-1e-05,2e-05,0.00014,-0.00084,-0.00118,0.0001,0.00013,7e-05,5
23002,-1e-05,2e-05,0.00014,-0.00084,-0.00118,0.0001,0.00013,7e-05,5
23003,-1e-05,2e-05,0.00014,-0.00084,-0.00118,0.0001,0.00013,7e-05,5
23004,-1e-05,2e-05,0.00014,-0.00084,-0.00118,0.0001,0.00013,7e-05,5
23005,-1e-05,2e-05,0.00014,-0.00084,-0.00118,0.0001,0.00013,7e-05,5
23006,-1e-05,2e-05,0.00014,-0.00084,-0.00118,0.0001,0.00013,7e-05,5
23007,-1e-05,2e-05,0.00014,-0.00084,-0.00118,0.0001,0.00013,7e-05,5
23008,-1e-05,2e-05,0.00014,-0.00084,-0.00118,0.0001,0.00013,7e-05,5
23009,-1e-05,2e-05,0.00014,-0.00084,-0.00118,0.0001,0.00013,7e-05,5
23010,-1e-05,2e-05,0.00014,-0.00084,-0.00118,0.0001,0.00013,7e-05,5
23011,-1e-05,2e-05,0.00014,-0.00084,-0.00118,0.0001,0.00013,7e-05,5
23012,0.00016,7e-05,-9e-05,-0.00099,-0.0008,1e-05,7e-05,8e-05,5
23013,0.00016,7e-05,-9e-05,-0.00099,-0.0008,1e-05,7e-05,8e-05,5
23014,-0.00012,-3e-05,-9e-05,0.00019,0.0002,0.00012,-5e-05,-7e-05,5
23015,-0.00012,-3e-05,-9e-05,0.00019,0.0002,0.00012,-5e-05,-7e-05,5
23016,-0.00012,-3e-05,-9e-05,0.00019,0.0002,0.00012,-5e-05,-7e-05,5
23017,-0.00012,-3e-05,-9e-05,0.00019,0.0002,0.00012,-5e-05,-7e-05,5
23018,-0.00012,-3e-05,-9e-05,0.00019,0.0002,0.00012,-5e-05,-7e-05,5
23019,-0.00012,-3e-05,-9e-05,0.00019,0.0002,0.00012,-5e-05,-7e-05,5
23020,-0.00012,-3e-05,-9e-05,0.00019,0.0002,0.00012,-5e-05,-7e-05,5
23021,-0.00012,-3e-05,-9e-05,0.00019,0.0002,0.00012,-5e-05,-7e-05,5
23022,-0.00012,-3e-05,-9e-05,0.00019,0.0002,0.00012,-5e-05,-7e-05,5
23023,-0.00012,-3e-05,-9e-05,0.00019,0.0002,0.00012,-5e-05,-7e-05,5
23024,-0.00012,-3e-05,-9e-05,0.00019,0.0002,0.00012,-5e-05,-7e-05,5
23025,-0.00012,-3e-05,-9e-05,0.00019,0.0002,0.00012,-5e-05,-7e-05,5
23026,-0.0001,-7e-05,9e-05,-0.00075,-0.00031,-8e-05,1e-05,1e-05,5
23027,-0.0001,-7e-05,9e-05,-0.00075,-0.00031,-8e-05,1e-05,1e-05,5
23028,-0.0001,-7e-05,9e-05,-0.00075,-0.00031,-8e-05,1e-05,1e-05,5
23029,-0.0001,-7e-05,9e-05,-0.00075,-0.00031,-8e-05,1e-05,1e-05,5
23030,-0.0001,-7e-05,9e-05,-0.00075,-0.00031,-8e-05,1e-05,1e-05,5
23031,-0.0001,-7e-05,9e-05,-0.00075,-0.00031,-8e-05,1e-05,1e-05,5
23032,-0.0001,-7e-05,9e-05,-0.00075,-0.00031,-8e-05,1e-05,1e-05,5
23033,-0.0001,-7e-05,9e-05,-0.00075,-0.00031,-8e-05,1e-05,1e-05,5
23034,-0.0001,-7e-05,9e-05,-0.00075,-0.00031,-8e-05,1e-05,1e-05,5
23035,-6e-05,-6e-05,-1e-05,-1e-05,-9e-05,9e-05,-3e-05,-2e-05,5
23036,-6e-05,-6e-05,-1e-05,-1e-05,-9e-05,9e-05,-3e-05,-2e-05,5
23038,-6e-05,-6e-05,-1e-05,-1e-05,-9e-05,9e-05,-3e-05,-2e-05,5
23039,-6e-05,-6e-05,-1e-05,-1e-05,-9e-05,9e-05,-3e-05,-2e-05,5
23040,-6e-05,-6e-05,-1e-05,-1e-05,-9e-05,9e-05,-3e-05,-2e-05,5
23041,-6e-05,-6e-05,-1e-05,-1e-05,-9e-05,9e-05,-3e-05,-2e-05,5
23042,-6e-05,-6e-05,-1e-05,-1e-05,-9e-05,9e-05,-3e-05,-2e-05,5
23043,-6e-05,-6e-05,-1e-05,-1e-05,-9e-05,9e-05,-3e-05,-2e-05,5
23044,-6e-05,-6e-05,-1e-05,-1e-05,-9e-05,9e-05,-3e-05,-2e-05,5
23045,-6e-05,-6e-05,-1e-05,-1e-05,-9e-05,9e-05,-3e-05,-2e-05,5
23046,-6e-05,-6e-05,-1e-05,-1e-05,-9e-05,9e-05,-3e-05,-2e-05,5
23047,-6e-05,-6e-05,-1e-05,-1e-05,-9e-05,9e-05,-3e-05,-2e-05,5
23048,-6e-05,-6e-05,-1e-05,-1e-05,-9e-05,9e-05,-3e-05,-2e-05,5
23049,-6e-05,-6e-05,-1e-05,-1e-05,-9e-05,9e-05,-3e-05,-2e-05,5
23050,-2e-05,1e-05,0.0001,0.00018,0.00028,-2e-05,-8e-05,-1e-05,5
23051,-0.00057,-0.0002,-0.00023,1e-05,-4e-05,-0.00027,-3e-05,-0.00014,5
23052,0.00046,2e-05,-0.00022,-0.00061,-0.00015,-0.00016,-8e-05,0.0,5
23053,0.00046,2e-05,-0.00022,-0.00061,-0.00015,-0.00016,-8e-05,0.0,5
23054,0.00046,2e-05,-0.00022,-0.00061,-0.00015,-0.00016,-8e-05,0.0,5
23055,0.00046,2e-05,-0.00022,-0.00061,-0.00015,-0.00016,-8e-05,0.0,5
23056,0.00046,2e-05,-0.00022,-0.00061,-0.00015,-0.00016,-8e-05,0.0,5
23057,0.00046,2e-05,-0.00022,-0.00061,-0.00015,-0.00016,-8e-05,0.0,5
23058,0.00046,2e-05,-0.00022,-0.00061,-0.00015,-0.00016,-8e-05,0.0,5
23059,0.00046,2e-05,-0.00022,-0.00061,-0.00015,-0.00016,-8e-05,0.0,5
23060,0.00046,2e-05,-0.00022,-0.00061,-0.00015,-0.00016,-8e-05,0.0,5
23061,0.00046,2e-05,-0.00022,-0.00061,-0.00015,-0.00016,-8e-05,0.0,5
23062,0.00046,2e-05,-0.00022,-0.00061,-0.00015,-0.00016,-8e-05,0.0,5
23063,0.00046,2e-05,-0.00022,-0.00061,-0.00015,-0.00016,-8e-05,0.0,5
23064,0.00046,2e-05,-0.00022,-0.00061,-0.00015,-0.00016,-8e-05,0.0,5
23065,0.00046,2e-05,-0.00022,-0.00061,-0.00015,-0.00016,-8e-05,0.0,5
23066,0.00046,2e-05,-0.00022,-0.00061,-0.00015,-0.00016,-8e-05,0.0,5
23067,0.00046,2e-05,-0.00022,-0.00061,-0.00015,-0.00016,-8e-05,0.0,5
23068,0.00046,2e-05,-0.00022,-0.00061,-0.00015,-0.00016,-8e-05,0.0,5
23069,0.00046,2e-05,-0.00022,-0.00061,-0.00015,-0.00016,-8e-05,0.0,5
23070,0.00046,2e-05,-0.00022,-0.00061,-0.00015,-0.00016,-8e-05,0.0,5
23071,0.00046,2e-05,-0.00022,-0.00061,-0.00015,-0.00016,-8e-05,0.0,5
23072,-3e-05,1e-05,-7e-05,0.00014,-1e-05,-0.00016,-8e-05,-2e-05,5
23073,-3e-05,1e-05,-7e-05,0.00014,-1e-05,-0.00016,-8e-05,-2e-05,5
23074,0.0,-0.00014,-0.00029,-0.00016,-0.00032,-7e-05,-1e-05,2e-05,5
23075,0.0,-0.00014,-0.00029,-0.00016,-0.00032,-7e-05,-1e-05,2e-05,5
23076,0.0,-0.00014,-0.00029,-0.00016,-0.00032,-7e-05,-1e-05,2e-05,5
23077,0.0,-0.00014,-0.00029,-0.00016,-0.00032,-7e-05,-1e-05,2e-05,5
23078,0.0,-0.00014,-0.00029,-0.00016,-0.00032,-7e-05,-1e-05,2e-05,5
23079,0.0,-0.00014,-0.00029,-0.00016,-0.00032,-7e-05,-1e-05,2e-05,5
23080,0.0,-0.00014,-0.00029,-0.00016,-0.00032,-7e-05,-1e-05,2e-05,5
23081,0.0,-0.00014,-0.00029,-0.00016,-0.00032,-7e-05,-1e-05,2e-05,5
23082,0.0,-0.00014,-0.00029,-0.00016,-0.00032,-7e-05,-1e-05,2e-05,5
23083,0.0,-0.00014,-0.00029,-0.00016,-0.00032,-7e-05,-1e-05,2e-05,5
23084,0.0,-0.00014,-0.00029,-0.00016,-0.00032,-7e-05,-1e-05,2e-05,5
23085,0.0,-0.00014,-0.00029,-0.00016,-0.00032,-7e-05,-1e-05,2e-05,5
23086,0.00045,0.00013,0.00017,0.00051,0.00038,-0.00012,0.00012,0.00011,5
23088,0.00045,0.00013,0.00017,0.00051,0.00038,-0.00012,0.00012,0.00011,5
23089,0.00045,0.00013,0.00017,0.00051,0.00038,-0.00012,0.00012,0.00011,5
23090,0.00045,0.00013,0.00017,0.00051,0.00038,-0.00012,0.00012,0.00011,5
23091,0.00045,0.00013,0.00017,0.00051,0.00038,-0.00012,0.00012,0.00011,5
23092,0.00045,0.00013,0.00017,0.00051,0.00038,-0.00012,0.00012,0.00011,5
23093,0.00045,0.00013,0.00017,0.00051,0.00038,-0.00012,0.00012,0.00011,5
23094,0.00045,0.00013,0.00017,0.00051,0.00038,-0.00012,0.00012,0.00011,5
23095,-0.00023,-5e-05,0.0,0.00032,2e-05,-6e-05,-0.00011,-8e-05,5
23096,-0.00023,-5e-05,0.0,0.00032,2e-05,-6e-05,-0.00011,-8e-05,5
23097,-0.00023,-5e-05,0.0,0.00032,2e-05,-6e-05,-0.00011,-8e-05,5
23098,-0.00023,-5e-05,0.0,0.00032,2e-05,-6e-05,-0.00011,-8e-05,5
23099,-0.00023,-5e-05,0.0,0.00032,2e-05,-6e-05,-0.00011,-8e-05,5
23100,-0.00023,-5e-05,0.0,0.00032,2e-05,-6e-05,-0.00011,-8e-05,5
23101,-0.00023,-5e-05,0.0,0.00032,2e-05,-6e-05,-0.00011,-8e-05,5
23102,-0.00023,-5e-05,0.0,0.00032,2e-05,-6e-05,-0.00011,-8e-05,5
23103,-0.00023,-5e-05,0.0,0.00032,2e-05,-6e-05,-0.00011,-8e-05,5
23104,-0.00023,-5e-05,0.0,0.00032,2e-05,-6e-05,-0.00011,-8e-05,5
23105,-0.00023,-5e-05,0.0,0.00032,2e-05,-6e-05,-0.00011,-8e-05,5
23106,-0.00023,-5e-05,0.0,0.00032,2e-05,-6e-05,-0.00011,-8e-05,5
23107,-0.00023,-5e-05,0.0,0.00032,2e-05,-6e-05,-0.00011,-8e-05,5
23108,-0.00023,-5e-05,0.0,0.00032,2e-05,-6e-05,-0.00011,-8e-05,5
23109,-0.00027,1e-05,-8e-05,0.00044,1e-05,0.00025,-9e-05,-7e-05,5
23110,-8e-05,7e-05,0.00028,0.00074,-6e-05,7e-05,0.00015,4e-05,5
23111,-8e-05,7e-05,0.00028,0.00074,-6e-05,7e-05,0.00015,4e-05,5
23112,-8e-05,7e-05,0.00028,0.00074,-6e-05,7e-05,0.00015,4e-05,5
23113,-8e-05,7e-05,0.00028,0.00074,-6e-05,7e-05,0.00015,4e-05,5
23114,-8e-05,7e-05,0.00028,0.00074,-6e-05,7e-05,0.00015,4e-05,5
23115,-8e-05,7e-05,0.00028,0.00074,-6e-05,7e-05,0.00015,4e-05,5
23116,-8e-05,7e-05,0.00028,0.00074,-6e-05,7e-05,0.00015,4e-05,5
23117,-8e-05,7e-05,0.00028,0.00074,-6e-05,7e-05,0.00015,4e-05,5
23118,-8e-05,7e-05,0.00028,0.00074,-6e-05,7e-05,0.00015,4e-05,5
23119,-8e-05,7e-05,0.00028,0.00074,-6e-05,7e-05,0.00015,4e-05,5
23120,-8e-05,7e-05,0.00028,0.00074,-6e-05,7e-05,0.00015,4e-05,5
23121,-8e-05,7e-05,0.00028,0.00074,-6e-05,7e-05,0.00015,4e-05,5
23122,-8e-05,7e-05,0.00028,0.00074,-6e-05,7e-05,0.00015,4e-05,5
23123,-8e-05,7e-05,0.00028,0.00074,-6e-05,7e-05,0.00015,4e-05,5
23124,-8e-05,7e-05,0.00028,0.00074,-6e-05,7e-05,0.00015,4e-05,5
23125,-8e-05,7e-05,0.00028,0.00074,-6e-05,7e-05,0.00015,4e-05,5
23126,-8e-05,7e-05,0.00028,0.00074,-6e-05,7e-05,0.00015,4e-05,5
23127,-8e-05,7e-05,0.00028,0.00074,-6e-05,7e-05,0.00015,4e-05,5
23128,-8e-05,7e-05,0.00028,0.00074,-6e-05,7e-05,0.00015,4e-05,5
23129,-8e-05,7e-05,0.00028,0.00074,-6e-05,7e-05,0.00015,4e-05,5
23130,-8e-05,7e-05,0.00028,0.00074,-6e-05,7e-05,0.00015,4e-05,5
23131,-0.00016,-6e-05,-0.0001,-0.00031,-0.0001,-0.00015,-8e-05,-6e-05,5
23132,-1e-05,-6e-05,-8e-05,-0.00058,-0.00039,-5e-05,-3e-05,-5e-05,5
23133,-1e-05,-6e-05,-8e-05,-0.00058,-0.00039,-5e-05,-3e-05,-5e-05,5
23134,-1e-05,-6e-05,-8e-05,-0.00058,-0.00039,-5e-05,-3e-05,-5e-05,5
23135,-1e-05,-6e-05,-8e-05,-0.00058,-0.00039,-5e-05,-3e-05,-5e-05,5
23136,-1e-05,-6e-05,-8e-05,-0.00058,-0.00039,-5e-05,-3e-05,-5e-05,5
23138,-1e-05,-6e-05,-8e-05,-0.00058,-0.00039,-5e-05,-3e-05,-5e-05,5
23139,-1e-05,-6e-05,-8e-05,-0.00058,-0.00039,-5e-05,-3e-05,-5e-05,5
23140,-1e-05,-6e-05,-8e-05,-0.00058,-0.00039,-5e-05,-3e-05,-5e-05,5
23141,-1e-05,-6e-05,-8e-05,-0.00058,-0.00039,-5e-05,-3e-05,-5e-05,5
23142,-1e-05,-6e-05,-8e-05,-0.00058,-0.00039,-5e-05,-3e-05,-5e-05,5
23143,-1e-05,-6e-05,-8e-05,-0.00058,-0.00039,-5e-05,-3e-05,-5e-05,5
23144,-1e-05,-6e-05,-8e-05,-0.00058,-0.00039,-5e-05,-3e-05,-5e-05,5
23145,-1e-05,-6e-05,-8e-05,-0.00058,-0.00039,-5e-05,-3e-05,-5e-05,5
23146,-1e-05,-6e-05,-8e-05,-0.00058,-0.00039,-5e-05,-3e-05,-5e-05,5
23147,-1e-05,-6e-05,-8e-05,-0.00058,-0.00039,-5e-05,-3e-05,-5e-05,5
23148,-1e-05,-6e-05,-8e-05,-0.00058,-0.00039,-5e-05,-3e-05,-5e-05,5
23149,-1e-05,-6e-05,-8e-05,-0.00058,-0.00039,-5e-05,-3e-05,-5e-05,5
23150,-1e-05,-6e-05,-8e-05,-0.00058,-0.00039,-5e-05,-3e-05,-5e-05,5
23151,-1e-05,-6e-05,-8e-05,-0.00058,-0.00039,-5e-05,-3e-05,-5e-05,5
23152,-1e-05,-6e-05,-8e-05,-0.00058,-0.00039,-5e-05,-3e-05,-5e-05,5
23153,-1e-05,-6e-05,-8e-05,-0.00058,-0.00039,-5e-05,-3e-05,-5e-05,5
23154,-3e-05,9e-05,-1e-05,-0.00048,-0.00052,2e-05,2e-05,1e-05,5
23155,3e-05,-0.00012,-3e-05,-0.00043,0.00019,-7e-05,-7e-05,-7e-05,5
23156,3e-05,-0.00012,-3e-05,-0.00043,0.00019,-7e-05,-7e-05,-7e-05,5
23157,3e-05,-0.00012,-3e-05,-0.00043,0.00019,-7e-05,-7e-05,-7e-05,5
23158,3e-05,-0.00012,-3e-05,-0.00043,0.00019,-7e-05,-7e-05,-7e-05,5
23159,3e-05,-0.00012,-3e-05,-0.00043,0.00019,-7e-05,-7e-05,-7e-05,5
23160,3e-05,-0.00012,-3e-05,-0.00043,0.00019,-7e-05,-7e-05,-7e-05,5
23161,3e-05,-0.00012,-3e-05,-0.00043,0.00019,-7e-05,-7e-05,-7e-05,5
23162,3e-05,-0.00012,-3e-05,-0.00043,0.00019,-7e-05,-7e-05,-7e-05,5
23163,3e-05,-0.00012,-3e-05,-0.00043,0.00019,-7e-05,-7e-05,-7e-05,5
23164,3e-05,-0.00012,-3e-05,-0.00043,0.00019,-7e-05,-7e-05,-7e-05,5
23165,3e-05,-0.00012,-3e-05,-0.00043,0.00019,-7e-05,-7e-05,-7e-05,5
23166,3e-05,-0.00012,-3e-05,-0.00043,0.00019,-7e-05,-7e-05,-7e-05,5
23167,3e-05,-0.00012,-3e-05,-0.00043,0.00019,-7e-05,-7e-05,-7e-05,5
23168,3e-05,-0.00012,-3e-05,-0.00043,0.00019,-7e-05,-7e-05,-7e-05,5
23169,3e-05,-0.00012,-3e-05,-0.00043,0.00019,-7e-05,-7e-05,-7e-05,5
23170,4e-05,-1e-05,2e-05,0.00046,0.00065,0.00017,2e-05,1e-05,5
23171,-0.00019,-8e-05,-4e-05,0.00069,0.00095,0.00019,2e-05,-4e-05,5
23172,-0.00019,-8e-05,-4e-05,0.00069,0.00095,0.00019,2e-05,-4e-05,5
23173,-0.00019,-8e-05,-4e-05,0.00069,0.00095,0.00019,2e-05,-4e-05,5
23174,-0.00019,-8e-05,-4e-05,0.00069,0.00095,0.00019,2e-05,-4e-05,5
23175,-0.00019,-8e-05,-4e-05,0.00069,0.00095,0.00019,2e-05,-4e-05,5
23176,-0.00019,-8e-05,-4e-05,0.00069,0.00095,0.00019,2e-05,-4e-05,5
23177,-0.00019,-8e-05,-4e-05,0.00069,0.00095,0.00019,2e-05,-4e-05,5
23178,-0.00019,-8e-05,-4e-05,0.00069,0.00095,0.00019,2e-05,-4e-05,5
23179,-0.00019,-8e-05,-4e-05,0.00069,0.00095,0.00019,2e-05,-4e-05,5
23180,-0.00019,-8e-05,-4e-05,0.00069,0.00095,0.00019,2e-05,-4e-05,5
23181,-0.00019,-8e-05,-4e-05,0.00069,0.00095,0.00019,2e-05,-4e-05,5
23182,-0.00019,-8e-05,-4e-05,0.00069,0.00095,0.00019,2e-05,-4e-05,5
23183,-0.00019,-8e-05,-4e-05,0.00069,0.00095,0.00019,2e-05,-4e-05,5
23184,-0.00019,-8e-05,-4e-05,0.00069,0.00095,0.00019,2e-05,-4e-05,5
23185,-0.00019,-8e-05,-4e-05,0.00069,0.00095,0.00019,2e-05,-4e-05,5
23186,-0.00019,-8e-05,-4e-05,0.00069,0.00095,0.00019,2e-05,-4e-05,5
23188,-0.00019,-8e-05,-4e-05,0.00069,0.00095,0.00019,2e-05,-4e-05,5
23189,-0.00019,-8e-05,-4e-05,0.00069,0.00095,0.00019,2e-05,-4e-05,5
23190,-0.00019,-8e-05,-4e-05,0.00069,0.00095,0.00019,2e-05,-4e-05,5
23191,-8e-05,-0.00011,-0.00033,-0.00048,-0.00049,-5e-05,3e-05,-1e-05,5
23192,0.0001,0.00013,0.00027,-3e-05,-2e-05,3e-05,3e-05,5e-05,5
23193,0.0001,0.00013,0.00027,-3e-05,-2e-05,3e-05,3e-05,5e-05,5
23194,0.0001,0.00013,0.00027,-3e-05,-2e-05,3e-05,3e-05,5e-05,5
23195,0.0001,0.00013,0.00027,-3e-05,-2e-05,3e-05,3e-05,5e-05,5
23196,0.0001,0.00013,0.00027,-3e-05,-2e-05,3e-05,3e-05,5e-05,5
23197,0.0001,0.00013,0.00027,-3e-05,-2e-05,3e-05,3e-05,5e-05,5
23198,0.0001,0.00013,0.00027,-3e-05,-2e-05,3e-05,3e-05,5e-05,5
23199,0.0001,0.00013,0.00027,-3e-05,-2e-05,3e-05,3e-05,5e-05,5
23200,0.0001,0.00013,0.00027,-3e-05,-2e-05,3e-05,3e-05,5e-05,5
23201,0.0001,0.00013,0.00027,-3e-05,-2e-05,3e-05,3e-05,5e-05,5
23202,0.0001,0.00013,0.00027,-3e-05,-2e-05,3e-05,3e-05,5e-05,5
23203,0.0001,0.00013,0.00027,-3e-05,-2e-05,3e-05,3e-05,5e-05,5
23204,0.0001,0.00013,0.00027,-3e-05,-2e-05,3e-05,3e-05,5e-05,5
23205,0.0001,0.00013,0.00027,-3e-05,-2e-05,3e-05,3e-05,5e-05,5
23206,0.0001,0.00013,0.00027,-3e-05,-2e-05,3e-05,3e-05,5e-05,5
23207,0.0001,0.00013,0.00027,-3e-05,-2e-05,3e-05,3e-05,5e-05,5
23208,0.0001,0.00013,0.00027,-3e-05,-2e-05,3e-05,3e-05,5e-05,5
23209,0.0001,0.00013,0.00027,-3e-05,-2e-05,3e-05,3e-05,5e-05,5
23210,0.0001,0.00013,0.00027,-3e-05,-2e-05,3e-05,3e-05,5e-05,5
23211,0.0001,0.00013,0.00027,-3e-05,-2e-05,3e-05,3e-05,5e-05,5
23212,0.0001,0.00013,0.00027,-3e-05,-2e-05,3e-05,3e-05,5e-05,5
23213,0.0001,0.00013,0.00027,-3e-05,-2e-05,3e-05,3e-05,5e-05,5
23214,-0.00022,-0.00014,-0.00012,0.00034,-0.00012,-4e-05,-4e-05,-5e-05,5
23215,-0.00017,-6e-05,-4e-05,-0.00039,-0.00037,-0.0001,0.0,-4e-05,5
23216,-0.00017,-6e-05,-4e-05,-0.00039,-0.00037,-0.0001,0.0,-4e-05,5
23217,-0.00017,-6e-05,-4e-05,-0.00039,-0.00037,-0.0001,0.0,-4e-05,5
23218,-0.00017,-6e-05,-4e-05,-0.00039,-0.00037,-0.0001,0.0,-4e-05,5
23219,-0.00017,-6e-05,-4e-05,-0.00039,-0.00037,-0.0001,0.0,-4e-05,5
23220,-0.00017,-6e-05,-4e-05,-0.00039,-0.00037,-0.0001,0.0,-4e-05,5
23221,-0.00017,-6e-05,-4e-05,-0.00039,-0.00037,-0.0001,0.0,-4e-05,5
23222,-0.00017,-6e-05,-4e-05,-0.00039,-0.00037,-0.0001,0.0,-4e-05,5
23223,-0.00017,-6e-05,-4e-05,-0.00039,-0.00037,-0.0001,0.0,-4e-05,5
23224,-0.00017,-6e-05,-4e-05,-0.00039,-0.00037,-0.0001,0.0,-4e-05,5
23225,-0.00017,-6e-05,-4e-05,-0.00039,-0.00037,-0.0001,0.0,-4e-05,5
23226,-0.00017,-6e-05,-4e-05,-0.00039,-0.00037,-0.0001,0.0,-4e-05,5
23227,-0.00017,-6e-05,-4e-05,-0.00039,-0.00037,-0.0001,0.0,-4e-05,5
23228,-0.00017,-6e-05,-4e-05,-0.00039,-0.00037,-0.0001,0.0,-4e-05,5
23229,4e-05,7e-05,-0.0002,-0.00047,0.00012,-0.00014,-3e-05,-5e-05,5
23230,0.0002,0.0001,-8e-05,-2e-05,-0.00021,7e-05,0.0,7e-05,5
23231,0.0002,0.0001,-8e-05,-2e-05,-0.00021,7e-05,0.0,7e-05,5
23232,0.0002,0.0001,-8e-05,-2e-05,-0.00021,7e-05,0.0,7e-05,5
23233,0.0002,0.0001,-8e-05,-2e-05,-0.00021,7e-05,0.0,7e-05,5
23234,0.0002,0.0001,-8e-05,-2e-05,-0.00021,7e-05,0.0,7e-05,5
23235,0.0002,0.0001,-8e-05,-2e-05,-0.00021,7e-05,0.0,7e-05,5
23236,0.0002,0.0001,-8e-05,-2e-05,-0.00021,7e-05,0.0,7e-05,5
23238,0.0002,0.0001,-8e-05,-2e-05,-0.00021,7e-05,0.0,7e-05,5
23239,0.0002,0.0001,-8e-05,-2e-05,-0.00021,7e-05,0.0,7e-05,5
23240,0.0002,0.0001,-8e-05,-2e-05,-0.00021,7e-05,0.0,7e-05,5
23241,0.0002,0.0001,-8e-05,-2e-05,-0.00021,7e-05,0.0,7e-05,5
23242,0.0002,0.0001,-8e-05,-2e-05,-0.00021,7e-05,0.0,7e-05,5
23243,0.0002,0.0001,-8e-05,-2e-05,-0.00021,7e-05,0.0,7e-05,5
23244,0.0002,0.0001,-8e-05,-2e-05,-0.00021,7e-05,0.0,7e-05,5
23245,0.0002,0.0001,-8e-05,-2e-05,-0.00021,7e-05,0.0,7e-05,5
23246,0.0002,0.0001,-8e-05,-2e-05,-0.00021,7e-05,0.0,7e-05,5
23247,0.0002,0.0001,-8e-05,-2e-05,-0.00021,7e-05,0.0,7e-05,5
23248,0.0002,0.0001,-8e-05,-2e-05,-0.00021,7e-05,0.0,7e-05,5
23249,0.0002,0.0001,-8e-05,-2e-05,-0.00021,7e-05,0.0,7e-05,5
23250,0.0002,0.0001,-8e-05,-2e-05,-0.00021,7e-05,0.0,7e-05,5
23251,0.0002,0.0001,-8e-05,-2e-05,-0.00021,7e-05,0.0,7e-05,5
23252,9e-05,1e-05,-0.0002,6e-05,-0.00036,-5e-05,4e-05,5e-05,5
23253,9e-05,1e-05,-0.0002,6e-05,-0.00036,-5e-05,4e-05,5e-05,5
23254,9e-05,1e-05,-0.0002,6e-05,-0.00036,-5e-05,4e-05,5e-05,5
23255,9e-05,1e-05,-0.0002,6e-05,-0.00036,-5e-05,4e-05,5e-05,5
23256,9e-05,1e-05,-0.0002,6e-05,-0.00036,-5e-05,4e-05,5e-05,5
23257,9e-05,1e-05,-0.0002,6e-05,-0.00036,-5e-05,4e-05,5e-05,5
23258,9e-05,1e-05,-0.0002,6e-05,-0.00036,-5e-05,4e-05,5e-05,5
23259,9e-05,1e-05,-0.0002,6e-05,-0.00036,-5e-05,4e-05,5e-05,5
23260,9e-05,1e-05,-0.0002,6e-05,-0.00036,-5e-05,4e-05,5e-05,5
23261,9e-05,1e-05,-0.0002,6e-05,-0.00036,-5e-05,4e-05,5e-05,5
23262,9e-05,1e-05,-0.0002,6e-05,-0.00036,-5e-05,4e-05,5e-05,5
23263,9e-05,1e-05,-0.0002,6e-05,-0.00036,-5e-05,4e-05,5e-05,5
23264,9e-05,1e-05,-0.0002,6e-05,-0.00036,-5e-05,4e-05,5e-05,5
23265,9e-05,1e-05,-0.0002,6e-05,-0.00036,-5e-05,4e-05,5e-05,5
23266,9e-05,1e-05,-0.0002,6e-05,-0.00036,-5e-05,4e-05,5e-05,5
23267,9e-05,1e-05,-0.0002,6e-05,-0.00036,-5e-05,4e-05,5e-05,5
23268,9e-05,1e-05,-0.0002,6e-05,-0.00036,-5e-05,4e-05,5e-05,5
23269,9e-05,1e-05,-0.0002,6e-05,-0.00036,-5e-05,4e-05,5e-05,5
23270,9e-05,1e-05,-0.0002,6e-05,-0.00036,-5e-05,4e-05,5e-05,5
23271,9e-05,1e-05,-0.0002,6e-05,-0.00036,-5e-05,4e-05,5e-05,5
23272,9e-05,1e-05,-0.0002,6e-05,-0.00036,-5e-05,4e-05,5e-05,5
23273,9e-05,1e-05,-0.0002,6e-05,-0.00036,-5e-05,4e-05,5e-05,5
23274,0.0003,-1e-05,-0.00012,-0.00048,-0.00021,4e-05,-5e-05,2e-05,5
23275,-9e-05,3e-05,-1e-05,9e-05,-0.00026,-8e-05,5e-05,1e-05,5
23276,-9e-05,3e-05,-1e-05,9e-05,-0.00026,-8e-05,5e-05,1e-05,5
23277,-9e-05,3e-05,-1e-05,9e-05,-0.00026,-8e-05,5e-05,1e-05,5
23278,-9e-05,3e-05,-1e-05,9e-05,-0.00026,-8e-05,5e-05,1e-05,5
23279,-9e-05,3e-05,-1e-05,9e-05,-0.00026,-8e-05,5e-05,1e-05,5
23280,-9e-05,3e-05,-1e-05,9e-05,-0.00026,-8e-05,5e-05,1e-05,5
23281,-9e-05,3e-05,-1e-05,9e-05,-0.00026,-8e-05,5e-05,1e-05,5
23282,-9e-05,3e-05,-1e-05,9e-05,-0.00026,-8e-05,5e-05,1e-05,5
23283,-9e-05,3e-05,-1e-05,9e-05,-0.00026,-8e-05,5e-05,1e-05,5
23284,-9e-05,3e-05,-1e-05,9e-05,-0.00026,-8e-05,5e-05,1e-05,5
23285,-9e-05,3e-05,-1e-05,9e-05,-0.00026,-8e-05,5e-05,1e-05,5
23286,-9e-05,3e-05,-1e-05,9e-05,-0.00026,-8e-05,5e-05,1e-05,5
23288,-9e-05,3e-05,-1e-05,9e-05,-0.00026,-8e-05,5e-05,1e-05,5
23289,-9e-05,3e-05,-1e-05,9e-05,-0.00026,-8e-05,5e-05,1e-05,5
23290,-9e-05,3e-05,-1e-05,9e-05,-0.00026,-8e-05,5e-05,1e-05,5
23291,-9e-05,-8e-05,-0.00013,0.00032,0.00055,-0.00016,-0.00011,-8e-05,5
23292,-9e-05,-8e-05,-0.00013,0.00032,0.00055,-0.00016,-0.00011,-8e-05,5
23293,-9e-05,-8e-05,-0.00013,0.00032,0.00055,-0.00016,-0.00011,-8e-05,5
23294,-9e-05,-8e-05,-0.00013,0.00032,0.00055,-0.00016,-0.00011,-8e-05,5
23295,-9e-05,-8e-05,-0.00013,0.00032,0.00055,-0.00016,-0.00011,-8e-05,5
23296,-0.00012,1e-05,0.00026,0.0005,-0.00045,7e-05,4e-05,2e-05,5
23297,0.00021,6e-05,-1e-05,-0.00038,-9e-05,-0.00011,-5e-05,6e-05,5
23298,0.00021,6e-05,-1e-05,-0.00038,-9e-05,-0.00011,-5e-05,6e-05,5
23299,0.00021,6e-05,-1e-05,-0.00038,-9e-05,-0.00011,-5e-05,6e-05,5
23300,0.00021,6e-05,-1e-05,-0.00038,-9e-05,-0.00011,-5e-05,6e-05,5
23301,0.00021,6e-05,-1e-05,-0.00038,-9e-05,-0.00011,-5e-05,6e-05,5
23302,0.00021,6e-05,-1e-05,-0.00038,-9e-05,-0.00011,-5e-05,6e-05,5
23303,0.00021,6e-05,-1e-05,-0.00038,-9e-05,-0.00011,-5e-05,6e-05,5
23304,0.00021,6e-05,-1e-05,-0.00038,-9e-05,-0.00011,-5e-05,6e-05,5
23305,0.00021,6e-05,-1e-05,-0.00038,-9e-05,-0.00011,-5e-05,6e-05,5
23306,0.00021,6e-05,-1e-05,-0.00038,-9e-05,-0.00011,-5e-05,6e-05,5
23307,0.00021,6e-05,-1e-05,-0.00038,-9e-05,-0.00011,-5e-05,6e-05,5
23308,0.00021,6e-05,-1e-05,-0.00038,-9e-05,-0.00011,-5e-05,6e-05,5
23309,0.00021,6e-05,-1e-05,-0.00038,-9e-05,-0.00011,-5e-05,6e-05,5
23310,0.00021,6e-05,-1e-05,-0.00038,-9e-05,-0.00011,-5e-05,6e-05,5
23311,-0.00012,-1e-05,7e-05,-0.00046,-0.00029,4e-05,0.0,-0.00013,5
23312,3e-05,1e-05,9e-05,-7e-05,0.00015,9e-05,2e-05,4e-05,5
23313,3e-05,1e-05,9e-05,-7e-05,0.00015,9e-05,2e-05,4e-05,5
23314,3e-05,1e-05,9e-05,-7e-05,0.00015,9e-05,2e-05,4e-05,5
23315,3e-05,1e-05,9e-05,-7e-05,0.00015,9e-05,2e-05,4e-05,5
23316,3e-05,1e-05,9e-05,-7e-05,0.00015,9e-05,2e-05,4e-05,5
23317,3e-05,1e-05,9e-05,-7e-05,0.00015,9e-05,2e-05,4e-05,5
23318,3e-05,1e-05,9e-05,-7e-05,0.00015,9e-05,2e-05,4e-05,5
23319,3e-05,1e-05,9e-05,-7e-05,0.00015,9e-05,2e-05,4e-05,5
23320,3e-05,1e-05,9e-05,-7e-05,0.00015,9e-05,2e-05,4e-05,5
23321,3e-05,1e-05,9e-05,-7e-05,0.00015,9e-05,2e-05,4e-05,5
23322,3e-05,1e-05,9e-05,-7e-05,0.00015,9e-05,2e-05,4e-05,5
23323,3e-05,1e-05,9e-05,-7e-05,0.00015,9e-05,2e-05,4e-05,5
23324,3e-05,1e-05,9e-05,-7e-05,0.00015,9e-05,2e-05,4e-05,5
23325,3e-05,1e-05,9e-05,-7e-05,0.00015,9e-05,2e-05,4e-05,5
23326,3e-05,1e-05,9e-05,-7e-05,0.00015,9e-05,2e-05,4e-05,5
23327,3e-05,1e-05,9e-05,-7e-05,0.00015,9e-05,2e-05,4e-05,5
23328,3e-05,1e-05,9e-05,-7e-05,0.00015,9e-05,2e-05,4e-05,5
23329,3e-05,1e-05,9e-05,-7e-05,0.00015,9e-05,2e-05,4e-05,5
23330,3e-05,1e-05,9e-05,-7e-05,0.00015,9e-05,2e-05,4e-05,5
23331,3e-05,1e-05,9e-05,-7e-05,0.00015,9e-05,2e-05,4e-05,5
23332,3e-05,1e-05,9e-05,-7e-05,0.00015,9e-05,2e-05,4e-05,5
23333,3e-05,1e-05,9e-05,-7e-05,0.00015,9e-05,2e-05,4e-05,5
23334,-7e-05,1e-05,1e-05,0.00043,-2e-05,-2e-05,0.0,-1e-05,5
23335,-0.00022,5e-05,2e-05,0.00043,0.00082,-3e-05,1e-05,-5e-05,5
23336,-0.00022,5e-05,2e-05,0.00043,0.00082,-3e-05,1e-05,-5e-05,5
23338,-0.00022,5e-05,2e-05,0.00043,0.00082,-3e-05,1e-05,-5e-05,5
23339,-0.00022,5e-05,2e-05,0.00043,0.00082,-3e-05,1e-05,-5e-05,5
23340,-0.00022,5e-05,2e-05,0.00043,0.00082,-3e-05,1e-05,-5e-05,5
23341,-0.00022,5e-05,2e-05,0.00043,0.00082,-3e-05,1e-05,-5e-05,5
23342,-0.00022,5e-05,2e-05,0.00043,0.00082,-3e-05,1e-05,-5e-05,5
23343,-0.00022,5e-05,2e-05,0.00043,0.00082,-3e-05,1e-05,-5e-05,5
23344,-0.00022,5e-05,2e-05,0.00043,0.00082,-3e-05,1e-05,-5e-05,5
23345,-0.00022,5e-05,2e-05,0.00043,0.00082,-3e-05,1e-05,-5e-05,5
23346,-0.00022,5e-05,2e-05,0.00043,0.00082,-3e-05,1e-05,-5e-05,5
23347,-0.00022,5e-05,2e-05,0.00043,0.00082,-3e-05,1e-05,-5e-05,5
23348,-0.00022,5e-05,2e-05,0.00043,0.00082,-3e-05,1e-05,-5e-05,5
23349,0.00011,-4e-05,-0.00021,-0.0007,-0.00049,1e-05,9e-05,5e-05,5
23350,-0.00017,-0.00012,3e-05,-0.00038,-0.0007,-0.00012,5e-05,-4e-05,5
23351,-0.00017,-0.00012,3e-05,-0.00038,-0.0007,-0.00012,5e-05,-4e-05,5
23352,-0.00017,-0.00012,3e-05,-0.00038,-0.0007,-0.00012,5e-05,-4e-05,5
23353,-0.00017,-0.00012,3e-05,-0.00038,-0.0007,-0.00012,5e-05,-4e-05,5
23354,-0.00017,-0.00012,3e-05,-0.00038,-0.0007,-0.00012,5e-05,-4e-05,5
23355,-0.00017,-0.00012,3e-05,-0.00038,-0.0007,-0.00012,5e-05,-4e-05,5
23356,-0.00017,-0.00012,3e-05,-0.00038,-0.0007,-0.00012,5e-05,-4e-05,5
23357,-0.00017,-0.00012,3e-05,-0.00038,-0.0007,-0.00012,5e-05,-4e-05,5
23358,-0.00017,-0.00012,3e-05,-0.00038,-0.0007,-0.00012,5e-05,-4e-05,5
23359,-0.00017,-0.00012,3e-05,-0.00038,-0.0007,-0.00012,5e-05,-4e-05,5
23360,-0.00017,-0.00012,3e-05,-0.00038,-0.0007,-0.00012,5e-05,-4e-05,5
23361,-0.00017,-0.00012,3e-05,-0.00038,-0.0007,-0.00012,5e-05,-4e-05,5
23362,-0.00017,-0.00012,3e-05,-0.00038,-0.0007,-0.00012,5e-05,-4e-05,5
23363,-0.00017,-0.00012,3e-05,-0.00038,-0.0007,-0.00012,5e-05,-4e-05,5
23364,-0.00017,-0.00012,3e-05,-0.00038,-0.0007,-0.00012,5e-05,-4e-05,5
23365,-0.00017,-0.00012,3e-05,-0.00038,-0.0007,-0.00012,5e-05,-4e-05,5
23366,-0.00017,-0.00012,3e-05,-0.00038,-0.0007,-0.00012,5e-05,-4e-05,5
23367,-0.00017,-0.00012,3e-05,-0.00038,-0.0007,-0.00012,5e-05,-4e-05,5
23368,-0.00017,-0.00012,3e-05,-0.00038,-0.0007,-0.00012,5e-05,-4e-05,5
23369,-0.00017,-0.00012,3e-05,-0.00038,-0.0007,-0.00012,5e-05,-4e-05,5
23370,-0.00017,-0.00012,3e-05,-0.00038,-0.0007,-0.00012,5e-05,-4e-05,5
23371,7e-05,4e-05,-6e-05,0.00018,-0.00028,9e-05,5e-05,6e-05,5
23372,0.0,-1e-05,-2e-05,-7e-05,0.00021,0.0,-5e-05,-5e-05,5
23373,0.0,-1e-05,-2e-05,-7e-05,0.00021,0.0,-5e-05,-5e-05,5
23374,0.0,-1e-05,-2e-05,-7e-05,0.00021,0.0,-5e-05,-5e-05,5
23375,0.0,-1e-05,-2e-05,-7e-05,0.00021,0.0,-5e-05,-5e-05,5
23376,0.0,-1e-05,-2e-05,-7e-05,0.00021,0.0,-5e-05,-5e-05,5
23377,0.0,-1e-05,-2e-05,-7e-05,0.00021,0.0,-5e-05,-5e-05,5
23378,0.0,-1e-05,-2e-05,-7e-05,0.00021,0.0,-5e-05,-5e-05,5
23379,0.0,-1e-05,-2e-05,-7e-05,0.00021,0.0,-5e-05,-5e-05,5
23380,0.0,-1e-05,-2e-05,-7e-05,0.00021,0.0,-5e-05,-5e-05,5
23381,0.0,-1e-05,-2e-05,-7e-05,0.00021,0.0,-5e-05,-5e-05,5
23382,0.0,-1e-05,-2e-05,-7e-05,0.00021,0.0,-5e-05,-5e-05,5
23383,0.0,-1e-05,-2e-05,-7e-05,0.00021,0.0,-5e-05,-5e-05,5
23384,0.0,-1e-05,-2e-05,-7e-05,0.00021,0.0,-5e-05,-5e-05,5
23385,0.0,-1e-05,-2e-05,-7e-05,0.00021,0.0,-5e-05,-5e-05,5
23387,0.0,-1e-05,-2e-05,-7e-05,0.00021,0.0,-5e-05,-5e-05,5
23389,0.0,-1e-05,-2e-05,-7e-05,0.00021,0.0,-5e-05,-5e-05,5
23390,0.0,-1e-05,-2e-05,-7e-05,0.00021,0.0,-5e-05,-5e-05,5
23391,0.0,-1e-05,-2e-05,-7e-05,0.00021,0.0,-5e-05,-5e-05,5
23392,0.0,-1e-05,-2e-05,-7e-05,0.00021,0.0,-5e-05,-5e-05,5
23393,0.0,-1e-05,-2e-05,-7e-05,0.00021,0.0,-5e-05,-5e-05,5
23394,-6e-05,-7e-05,-6e-05,-6e-05,-0.0005,-8e-05,0.0,2e-05,5
23395,0.00017,6e-05,0.00011,6e-05,0.00055,9e-05,-5e-05,-1e-05,5
23396,0.00017,6e-05,0.00011,6e-05,0.00055,9e-05,-5e-05,-1e-05,5
23397,0.00017,6e-05,0.00011,6e-05,0.00055,9e-05,-5e-05,-1e-05,5
23398,0.00017,6e-05,0.00011,6e-05,0.00055,9e-05,-5e-05,-1e-05,5
23399,0.00017,6e-05,0.00011,6e-05,0.00055,9e-05,-5e-05,-1e-05,5
23400,0.00017,6e-05,0.00011,6e-05,0.00055,9e-05,-5e-05,-1e-05,5
23401,0.00017,6e-05,0.00011,6e-05,0.00055,9e-05,-5e-05,-1e-05,5
23402,0.00017,6e-05,0.00011,6e-05,0.00055,9e-05,-5e-05,-1e-05,5
23403,0.00017,6e-05,0.00011,6e-05,0.00055,9e-05,-5e-05,-1e-05,5
23404,0.00017,6e-05,0.00011,6e-05,0.00055,9e-05,-5e-05,-1e-05,5
23405,0.00017,6e-05,0.00011,6e-05,0.00055,9e-05,-5e-05,-1e-05,5
23406,0.00017,6e-05,0.00011,6e-05,0.00055,9e-05,-5e-05,-1e-05,5
23407,0.00017,6e-05,0.00011,6e-05,0.00055,9e-05,-5e-05,-1e-05,5
23408,0.00017,6e-05,0.00011,6e-05,0.00055,9e-05,-5e-05,-1e-05,5
23409,0.00013,6e-05,1e-05,0.00025,0.0,-2e-05,-2e-05,-5e-05,5
23410,-7e-05,-2e-05,0.00014,0.00021,-4e-05,0.00014,7e-05,2e-05,5
23411,-7e-05,-2e-05,0.00014,0.00021,-4e-05,0.00014,7e-05,2e-05,5
23412,-7e-05,-2e-05,0.00014,0.00021,-4e-05,0.00014,7e-05,2e-05,5
23413,-7e-05,-2e-05,0.00014,0.00021,-4e-05,0.00014,7e-05,2e-05,5
23414,-7e-05,-2e-05,0.00014,0.00021,-4e-05,0.00014,7e-05,2e-05,5
23415,-7e-05,-2e-05,0.00014,0.00021,-4e-05,0.00014,7e-05,2e-05,5
23416,-7e-05,-2e-05,0.00014,0.00021,-4e-05,0.00014,7e-05,2e-05,5
23417,-7e-05,-2e-05,0.00014,0.00021,-4e-05,0.00014,7e-05,2e-05,5
23418,-7e-05,-2e-05,0.00014,0.00021,-4e-05,0.00014,7e-05,2e-05,5
23419,-7e-05,-2e-05,0.00014,0.00021,-4e-05,0.00014,7e-05,2e-05,5
23420,-7e-05,-2e-05,0.00014,0.00021,-4e-05,0.00014,7e-05,2e-05,5
23421,-7e-05,-2e-05,0.00014,0.00021,-4e-05,0.00014,7e-05,2e-05,5
23422,-7e-05,-2e-05,0.00014,0.00021,-4e-05,0.00014,7e-05,2e-05,5
23423,-7e-05,-2e-05,0.00014,0.00021,-4e-05,0.00014,7e-05,2e-05,5
23424,-7e-05,-2e-05,0.00014,0.00021,-4e-05,0.00014,7e-05,2e-05,5
23425,-7e-05,-2e-05,0.00014,0.00021,-4e-05,0.00014,7e-05,2e-05,5
23426,-7e-05,-2e-05,0.00014,0.00021,-4e-05,0.00014,7e-05,2e-05,5
23427,-7e-05,-2e-05,0.00014,0.00021,-4e-05,0.00014,7e-05,2e-05,5
23428,-7e-05,-2e-05,0.00014,0.00021,-4e-05,0.00014,7e-05,2e-05,5
23429,-7e-05,-2e-05,0.00014,0.00021,-4e-05,0.00014,7e-05,2e-05,5
23430,-7e-05,-2e-05,0.00014,0.00021,-4e-05,0.00014,7e-05,2e-05,5
23431,2e-05,-6e-05,-0.00016,0.00019,0.00026,-8e-05,-1e-05,-6e-05,5
23432,-5e-05,-8e-05,-6e-05,-9e-05,-0.0003,-0.00013,-6e-05,-8e-05,5
23433,-5e-05,-8e-05,-6e-05,-9e-05,-0.0003,-0.00013,-6e-05,-8e-05,5
23434,-5e-05,-8e-05,-6e-05,-9e-05,-0.0003,-0.00013,-6e-05,-8e-05,5
23435,-5e-05,-8e-05,-6e-05,-9e-05,-0.0003,-0.00013,-6e-05,-8e-05,5
23437,-5e-05,-8e-05,-6e-05,-9e-05,-0.0003,-0.00013,-6e-05,-8e-05,5
23439,-5e-05,-8e-05,-6e-05,-9e-05,-0.0003,-0.00013,-6e-05,-8e-05,5
23440,-5e-05,-8e-05,-6e-05,-9e-05,-0.0003,-0.00013,-6e-05,-8e-05,5
23441,-5e-05,-8e-05,-6e-05,-9e-05,-0.0003,-0.00013,-6e-05,-8e-05,5
23442,-5e-05,-8e-05,-6e-05,-9e-05,-0.0003,-0.00013,-6e-05,-8e-05,5
23443,-5e-05,-8e-05,-6e-05,-9e-05,-0.0003,-0.00013,-6e-05,-8e-05,5
23444,-5e-05,-8e-05,-6e-05,-9e-05,-0.0003,-0.00013,-6e-05,-8e-05,5
23445,-5e-05,-8e-05,-6e-05,-9e-05,-0.0003,-0.00013,-6e-05,-8e-05,5
23446,-5e-05,-8e-05,-6e-05,-9e-05,-0.0003,-0.00013,-6e-05,-8e-05,5
23447,-5e-05,-8e-05,-6e-05,-9e-05,-0.0003,-0.00013,-6e-05,-8e-05,5
23448,-5e-05,-8e-05,-6e-05,-9e-05,-0.0003,-0.00013,-6e-05,-8e-05,5
23449,-5e-05,-8e-05,-6e-05,-9e-05,-0.0003,-0.00013,-6e-05,-8e-05,5
23450,-5e-05,-8e-05,-6e-05,-9e-05,-0.0003,-0.00013,-6e-05,-8e-05,5
23451,-5e-05,-8e-05,-6e-05,-9e-05,-0.0003,-0.00013,-6e-05,-8e-05,5
23452,-5e-05,-8e-05,-6e-05,-9e-05,-0.0003,-0.00013,-6e-05,-8e-05,5
23453,-5e-05,-8e-05,-6e-05,-9e-05,-0.0003,-0.00013,-6e-05,-8e-05,5
23454,5e-05,-3e-05,-1e-05,0.00054,0.00015,2e-05,-1e-05,-3e-05,5
23455,-0.0001,-2e-05,0.0,-0.00011,-0.0002,7e-05,-6e-05,-2e-05,5
23456,-0.0001,-2e-05,0.0,-0.00011,-0.0002,7e-05,-6e-05,-2e-05,5
23457,-0.0001,-2e-05,0.0,-0.00011,-0.0002,7e-05,-6e-05,-2e-05,5
23458,-0.0001,-2e-05,0.0,-0.00011,-0.0002,7e-05,-6e-05,-2e-05,5
23459,-0.0001,-2e-05,0.0,-0.00011,-0.0002,7e-05,-6e-05,-2e-05,5
23460,-0.0001,-2e-05,0.0,-0.00011,-0.0002,7e-05,-6e-05,-2e-05,5
23461,-0.0001,-2e-05,0.0,-0.00011,-0.0002,7e-05,-6e-05,-2e-05,5
23462,-0.0001,-2e-05,0.0,-0.00011,-0.0002,7e-05,-6e-05,-2e-05,5
23463,-0.0001,-2e-05,0.0,-0.00011,-0.0002,7e-05,-6e-05,-2e-05,5
23464,-0.0001,-2e-05,0.0,-0.00011,-0.0002,7e-05,-6e-05,-2e-05,5
23465,-0.0001,-2e-05,0.0,-0.00011,-0.0002,7e-05,-6e-05,-2e-05,5
23466,-0.0001,-2e-05,0.0,-0.00011,-0.0002,7e-05,-6e-05,-2e-05,5
23467,-0.0001,-2e-05,0.0,-0.00011,-0.0002,7e-05,-6e-05,-2e-05,5
23468,-0.0001,-2e-05,0.0,-0.00011,-0.0002,7e-05,-6e-05,-2e-05,5
23469,-0.0001,-2e-05,0.0,-0.00011,-0.0002,7e-05,-6e-05,-2e-05,5
23470,0.00031,1e-05,0.00012,0.00022,-0.00022,8e-05,-2e-05,8e-05,5
23471,0.00031,1e-05,0.00012,0.00022,-0.00022,8e-05,-2e-05,8e-05,5
23472,0.00031,1e-05,0.00012,0.00022,-0.00022,8e-05,-2e-05,8e-05,5
23473,0.00031,1e-05,0.00012,0.00022,-0.00022,8e-05,-2e-05,8e-05,5
23474,0.00031,1e-05,0.00012,0.00022,-0.00022,8e-05,-2e-05,8e-05,5
23475,0.00031,1e-05,0.00012,0.00022,-0.00022,8e-05,-2e-05,8e-05,5
23476,0.00031,1e-05,0.00012,0.00022,-0.00022,8e-05,-2e-05,8e-05,5
23477,0.00031,1e-05,0.00012,0.00022,-0.00022,8e-05,-2e-05,8e-05,5
23478,0.00031,1e-05,0.00012,0.00022,-0.00022,8e-05,-2e-05,8e-05,5
23479,0.00031,1e-05,0.00012,0.00022,-0.00022,8e-05,-2e-05,8e-05,5
23480,0.00031,1e-05,0.00012,0.00022,-0.00022,8e-05,-2e-05,8e-05,5
23481,0.00031,1e-05,0.00012,0.00022,-0.00022,8e-05,-2e-05,8e-05,5
23482,0.00031,1e-05,0.00012,0.00022,-0.00022,8e-05,-2e-05,8e-05,5
23483,0.00031,1e-05,0.00012,0.00022,-0.00022,8e-05,-2e-05,8e-05,5
23484,0.00031,1e-05,0.00012,0.00022,-0.00022,8e-05,-2e-05,8e-05,5
23485,0.00031,1e-05,0.00012,0.00022,-0.00022,8e-05,-2e-05,8e-05,5
23486,0.00031,1e-05,0.00012,0.00022,-0.00022,8e-05,-2e-05,8e-05,5
23488,0.00031,1e-05,0.00012,0.00022,-0.00022,8e-05,-2e-05,8e-05,5
23489,0.00031,1e-05,0.00012,0.00022,-0.00022,8e-05,-2e-05,8e-05,5
23490,0.00031,1e-05,0.00012,0.00022,-0.00022,8e-05,-2e-05,8e-05,5
23491,-0.00026,-0.00014,-0.00011,-0.00052,-0.00024,-0.00018,-7e-05,-9e-05,5
23492,-0.00011,3e-05,0.00014,0.0001,0.00026,0.0,0.0,-2e-05,5
23493,-0.00011,3e-05,0.00014,0.0001,0.00026,0.0,0.0,-2e-05,5
23494,-0.00011,3e-05,0.00014,0.0001,0.00026,0.0,0.0,-2e-05,5
23495,-0.00011,3e-05,0.00014,0.0001,0.00026,0.0,0.0,-2e-05,5
23496,-0.00011,3e-05,0.00014,0.0001,0.00026,0.0,0.0,-2e-05,5
23497,-0.00011,3e-05,0.00014,0.0001,0.00026,0.0,0.0,-2e-05,5
23498,-0.00011,3e-05,0.00014,0.0001,0.00026,0.0,0.0,-2e-05,5
23499,-0.00011,3e-05,0.00014,0.0001,0.00026,0.0,0.0,-2e-05,5
23500,-0.00011,3e-05,0.00014,0.0001,0.00026,0.0,0.0,-2e-05,5
23501,-0.00011,3e-05,0.00014,0.0001,0.00026,0.0,0.0,-2e-05,5
23502,-0.00011,3e-05,0.00014,0.0001,0.00026,0.0,0.0,-2e-05,5
23503,-0.00011,3e-05,0.00014,0.0001,0.00026,0.0,0.0,-2e-05,5
23504,-0.00011,3e-05,0.00014,0.0001,0.00026,0.0,0.0,-2e-05,5
23505,-0.00011,3e-05,0.00014,0.0001,0.00026,0.0,0.0,-2e-05,5
23506,-0.00011,3e-05,0.00014,0.0001,0.00026,0.0,0.0,-2e-05,5
23507,-0.00011,3e-05,0.00014,0.0001,0.00026,0.0,0.0,-2e-05,5
23508,-0.00011,3e-05,0.00014,0.0001,0.00026,0.0,0.0,-2e-05,5
23509,-0.00011,3e-05,0.00014,0.0001,0.00026,0.0,0.0,-2e-05,5
23510,-0.00011,3e-05,0.00014,0.0001,0.00026,0.0,0.0,-2e-05,5
23511,-0.00011,3e-05,0.00014,0.0001,0.00026,0.0,0.0,-2e-05,5
23512,-0.00011,3e-05,0.00014,0.0001,0.00026,0.0,0.0,-2e-05,5
23513,-0.00011,3e-05,0.00014,0.0001,0.00026,0.0,0.0,-2e-05,5
23514,-0.00011,-4e-05,3e-05,-0.00014,-7e-05,1e-05,-4e-05,1e-05,5
23515,1e-05,1e-05,-9e-05,4e-05,-0.00015,-3e-05,3e-05,1e-05,5
23516,1e-05,1e-05,-9e-05,4e-05,-0.00015,-3e-05,3e-05,1e-05,5
23517,1e-05,1e-05,-9e-05,4e-05,-0.00015,-3e-05,3e-05,1e-05,5
23518,1e-05,1e-05,-9e-05,4e-05,-0.00015,-3e-05,3e-05,1e-05,5
23519,1e-05,1e-05,-9e-05,4e-05,-0.00015,-3e-05,3e-05,1e-05,5
23520,1e-05,1e-05,-9e-05,4e-05,-0.00015,-3e-05,3e-05,1e-05,5
23521,1e-05,1e-05,-9e-05,4e-05,-0.00015,-3e-05,3e-05,1e-05,5
23522,1e-05,1e-05,-9e-05,4e-05,-0.00015,-3e-05,3e-05,1e-05,5
23523,1e-05,1e-05,-9e-05,4e-05,-0.00015,-3e-05,3e-05,1e-05,5
23524,1e-05,1e-05,-9e-05,4e-05,-0.00015,-3e-05,3e-05,1e-05,5
23525,1e-05,1e-05,-9e-05,4e-05,-0.00015,-3e-05,3e-05,1e-05,5
23526,1e-05,1e-05,-9e-05,4e-05,-0.00015,-3e-05,3e-05,1e-05,5
23527,1e-05,1e-05,-9e-05,4e-05,-0.00015,-3e-05,3e-05,1e-05,5
23528,1e-05,1e-05,-9e-05,4e-05,-0.00015,-3e-05,3e-05,1e-05,5
23529,1e-05,-6e-05,5e-05,-1e-05,-9e-05,-6e-05,0.0,1e-05,5
23530,4e-05,-7e-05,-5e-05,0.00047,0.00094,8e-05,9e-05,2e-05,5
23531,4e-05,-7e-05,-5e-05,0.00047,0.00094,8e-05,9e-05,2e-05,5
23532,4e-05,-7e-05,-5e-05,0.00047,0.00094,8e-05,9e-05,2e-05,5
23533,4e-05,-7e-05,-5e-05,0.00047,0.00094,8e-05,9e-05,2e-05,5
23534,4e-05,-7e-05,-5e-05,0.00047,0.00094,8e-05,9e-05,2e-05,5
23535,4e-05,-7e-05,-5e-05,0.00047,0.00094,8e-05,9e-05,2e-05,5
23536,4e-05,-7e-05,-5e-05,0.00047,0.00094,8e-05,9e-05,2e-05,5
23538,4e-05,-7e-05,-5e-05,0.00047,0.00094,8e-05,9e-05,2e-05,5
23539,4e-05,-7e-05,-5e-05,0.00047,0.00094,8e-05,9e-05,2e-05,5
23540,4e-05,-7e-05,-5e-05,0.00047,0.00094,8e-05,9e-05,2e-05,5
23541,4e-05,-7e-05,-5e-05,0.00047,0.00094,8e-05,9e-05,2e-05,5
23542,4e-05,-7e-05,-5e-05,0.00047,0.00094,8e-05,9e-05,2e-05,5
23543,4e-05,-7e-05,-5e-05,0.00047,0.00094,8e-05,9e-05,2e-05,5
23544,4e-05,-7e-05,-5e-05,0.00047,0.00094,8e-05,9e-05,2e-05,5
23545,4e-05,-7e-05,-5e-05,0.00047,0.00094,8e-05,9e-05,2e-05,5
23546,4e-05,-7e-05,-5e-05,0.00047,0.00094,8e-05,9e-05,2e-05,5
23547,4e-05,-7e-05,-5e-05,0.00047,0.00094,8e-05,9e-05,2e-05,5
23548,4e-05,-7e-05,-5e-05,0.00047,0.00094,8e-05,9e-05,2e-05,5
23549,4e-05,-7e-05,-5e-05,0.00047,0.00094,8e-05,9e-05,2e-05,5
23550,4e-05,-7e-05,-5e-05,0.00047,0.00094,8e-05,9e-05,2e-05,5
23551,-0.00011,-3e-05,6e-05,-0.00015,0.00031,5e-05,-4e-05,-4e-05,5
23552,9e-05,-4e-05,-3e-05,-0.00078,-0.0006,-4e-05,2e-05,4e-05,5
23553,0.00023,0.0001,2e-05,-0.00052,-7e-05,-4e-05,-8e-05,-2e-05,5
23554,0.00023,0.0001,2e-05,-0.00052,-7e-05,-4e-05,-8e-05,-2e-05,5
23555,0.00023,0.0001,2e-05,-0.00052,-7e-05,-4e-05,-8e-05,-2e-05,5
23556,0.00023,0.0001,2e-05,-0.00052,-7e-05,-4e-05,-8e-05,-2e-05,5
23557,0.00023,0.0001,2e-05,-0.00052,-7e-05,-4e-05,-8e-05,-2e-05,5
23558,0.00023,0.0001,2e-05,-0.00052,-7e-05,-4e-05,-8e-05,-2e-05,5
23559,0.00023,0.0001,2e-05,-0.00052,-7e-05,-4e-05,-8e-05,-2e-05,5
23560,0.00023,0.0001,2e-05,-0.00052,-7e-05,-4e-05,-8e-05,-2e-05,5
23561,0.00023,0.0001,2e-05,-0.00052,-7e-05,-4e-05,-8e-05,-2e-05,5
23562,0.00023,0.0001,2e-05,-0.00052,-7e-05,-4e-05,-8e-05,-2e-05,5
23563,0.00023,0.0001,2e-05,-0.00052,-7e-05,-4e-05,-8e-05,-2e-05,5
23564,0.00023,0.0001,2e-05,-0.00052,-7e-05,-4e-05,-8e-05,-2e-05,5
23565,0.00023,0.0001,2e-05,-0.00052,-7e-05,-4e-05,-8e-05,-2e-05,5
23566,0.00023,0.0001,2e-05,-0.00052,-7e-05,-4e-05,-8e-05,-2e-05,5
23567,0.00023,0.0001,2e-05,-0.00052,-7e-05,-4e-05,-8e-05,-2e-05,5
23568,0.00023,0.0001,2e-05,-0.00052,-7e-05,-4e-05,-8e-05,-2e-05,5
23569,0.00023,0.0001,2e-05,-0.00052,-7e-05,-4e-05,-8e-05,-2e-05,5
23570,0.00023,0.0001,2e-05,-0.00052,-7e-05,-4e-05,-8e-05,-2e-05,5
23571,0.00023,0.0001,2e-05,-0.00052,-7e-05,-4e-05,-8e-05,-2e-05,5
23572,0.00023,0.0001,2e-05,-0.00052,-7e-05,-4e-05,-8e-05,-2e-05,5
23573,0.00023,0.0001,2e-05,-0.00052,-7e-05,-4e-05,-8e-05,-2e-05,5
23574,0.00023,0.0001,2e-05,-0.00052,-7e-05,-4e-05,-8e-05,-2e-05,5
23575,-8e-05,-5e-05,-0.0002,-0.00024,-0.00019,-1e-05,-5e-05,1e-05,5
23576,-8e-05,-5e-05,-0.0002,-0.00024,-0.00019,-1e-05,-5e-05,1e-05,5
23577,-8e-05,-5e-05,-0.0002,-0.00024,-0.00019,-1e-05,-5e-05,1e-05,5
23578,-8e-05,-5e-05,-0.0002,-0.00024,-0.00019,-1e-05,-5e-05,1e-05,5
23579,-8e-05,-5e-05,-0.0002,-0.00024,-0.00019,-1e-05,-5e-05,1e-05,5
23580,-8e-05,-5e-05,-0.0002,-0.00024,-0.00019,-1e-05,-5e-05,1e-05,5
23581,-8e-05,-5e-05,-0.0002,-0.00024,-0.00019,-1e-05,-5e-05,1e-05,5
23582,-8e-05,-5e-05,-0.0002,-0.00024,-0.00019,-1e-05,-5e-05,1e-05,5
23583,-8e-05,-5e-05,-0.0002,-0.00024,-0.00019,-1e-05,-5e-05,1e-05,5
23584,-8e-05,-5e-05,-0.0002,-0.00024,-0.00019,-1e-05,-5e-05,1e-05,5
23585,-8e-05,-5e-05,-0.0002,-0.00024,-0.00019,-1e-05,-5e-05,1e-05,5
23586,-8e-05,-5e-05,-0.0002,-0.00024,-0.00019,-1e-05,-5e-05,1e-05,5
23588,-8e-05,-5e-05,-0.0002,-0.00024,-0.00019,-1e-05,-5e-05,1e-05,5
23589,-0.00014,-0.00011,2e-05,0.00041,0.00035,-6e-05,-2e-05,-2e-05,5
23590,-0.00015,-4e-05,0.0,-1e-05,-0.0003,1e-05,-3e-05,-6e-05,5
23591,-0.00015,-4e-05,0.0,-1e-05,-0.0003,1e-05,-3e-05,-6e-05,5
23592,-0.00015,-4e-05,0.0,-1e-05,-0.0003,1e-05,-3e-05,-6e-05,5
23593,-0.00015,-4e-05,0.0,-1e-05,-0.0003,1e-05,-3e-05,-6e-05,5
23594,-0.00015,-4e-05,0.0,-1e-05,-0.0003,1e-05,-3e-05,-6e-05,5
23595,-0.00015,-4e-05,0.0,-1e-05,-0.0003,1e-05,-3e-05,-6e-05,5
23596,-0.00015,-4e-05,0.0,-1e-05,-0.0003,1e-05,-3e-05,-6e-05,5
23597,-0.00015,-4e-05,0.0,-1e-05,-0.0003,1e-05,-3e-05,-6e-05,5
23598,-0.00015,-4e-05,0.0,-1e-05,-0.0003,1e-05,-3e-05,-6e-05,5
23599,-0.00015,-4e-05,0.0,-1e-05,-0.0003,1e-05,-3e-05,-6e-05,5
23600,-0.00015,-4e-05,0.0,-1e-05,-0.0003,1e-05,-3e-05,-6e-05,5
23601,-0.00015,-4e-05,0.0,-1e-05,-0.0003,1e-05,-3e-05,-6e-05,5
23602,-0.00015,-4e-05,0.0,-1e-05,-0.0003,1e-05,-3e-05,-6e-05,5
23603,-0.00015,-4e-05,0.0,-1e-05,-0.0003,1e-05,-3e-05,-6e-05,5
23604,-0.00015,-4e-05,0.0,-1e-05,-0.0003,1e-05,-3e-05,-6e-05,5
23605,-0.00015,-4e-05,0.0,-1e-05,-0.0003,1e-05,-3e-05,-6e-05,5
23606,-0.00015,-4e-05,0.0,-1e-05,-0.0003,1e-05,-3e-05,-6e-05,5
23607,-0.00015,-4e-05,0.0,-1e-05,-0.0003,1e-05,-3e-05,-6e-05,5
23608,-0.00015,-4e-05,0.0,-1e-05,-0.0003,1e-05,-3e-05,-6e-05,5
23609,-0.00015,-4e-05,0.0,-1e-05,-0.0003,1e-05,-3e-05,-6e-05,5
23610,-0.00015,-4e-05,0.0,-1e-05,-0.0003,1e-05,-3e-05,-6e-05,5
23611,0.00022,-5e-05,-0.00013,-7e-05,0.00013,-2e-05,0.0,5e-05,5
23612,-4e-05,0.0,2e-05,0.0001,0.0003,3e-05,-6e-05,-1e-05,5
23613,-4e-05,0.0,2e-05,0.0001,0.0003,3e-05,-6e-05,-1e-05,5
23614,-4e-05,0.0,2e-05,0.0001,0.0003,3e-05,-6e-05,-1e-05,5
23615,-4e-05,0.0,2e-05,0.0001,0.0003,3e-05,-6e-05,-1e-05,5
23616,-4e-05,0.0,2e-05,0.0001,0.0003,3e-05,-6e-05,-1e-05,5
23617,-4e-05,0.0,2e-05,0.0001,0.0003,3e-05,-6e-05,-1e-05,5
23618,-4e-05,0.0,2e-05,0.0001,0.0003,3e-05,-6e-05,-1e-05,5
23619,-4e-05,0.0,2e-05,0.0001,0.0003,3e-05,-6e-05,-1e-05,5
23620,-4e-05,0.0,2e-05,0.0001,0.0003,3e-05,-6e-05,-1e-05,5
23621,-4e-05,0.0,2e-05,0.0001,0.0003,3e-05,-6e-05,-1e-05,5
23622,-4e-05,0.0,2e-05,0.0001,0.0003,3e-05,-6e-05,-1e-05,5
23623,-4e-05,0.0,2e-05,0.0001,0.0003,3e-05,-6e-05,-1e-05,5
23625,-4e-05,0.0,2e-05,0.0001,0.0003,3e-05,-6e-05,-1e-05,5
23626,-4e-05,0.0,2e-05,0.0001,0.0003,3e-05,-6e-05,-1e-05,5
23627,-4e-05,0.0,2e-05,0.0001,0.0003,3e-05,-6e-05,-1e-05,5
23628,-4e-05,0.0,2e-05,0.0001,0.0003,3e-05,-6e-05,-1e-05,5
23629,-4e-05,0.0,2e-05,0.0001,0.0003,3e-05,-6e-05,-1e-05,5
23630,-4e-05,0.0,2e-05,0.0001,0.0003,3e-05,-6e-05,-1e-05,5
23631,-4e-05,0.0,2e-05,0.0001,0.0003,3e-05,-6e-05,-1e-05,5
23632,-4e-05,0.0,2e-05,0.0001,0.0003,3e-05,-6e-05,-1e-05,5
23633,-4e-05,0.0,2e-05,0.0001,0.0003,3e-05,-6e-05,-1e-05,5
23634,-4e-05,0.0,2e-05,0.0001,0.0003,3e-05,-6e-05,-1e-05,5
23635,-4e-05,0.0,2e-05,0.0001,0.0003,3e-05,-6e-05,-1e-05,5
23636,8e-05,-0.0001,-2e-05,0.00014,6e-05,-5e-05,-4e-05,0.0,5
23639,-5e-05,5e-05,-6e-05,-0.00041,-0.0004,-0.00012,-3e-05,-6e-05,5
23640,-5e-05,5e-05,-6e-05,-0.00041,-0.0004,-0.00012,-3e-05,-6e-05,5
23641,-5e-05,5e-05,-6e-05,-0.00041,-0.0004,-0.00012,-3e-05,-6e-05,5
23642,-5e-05,5e-05,-6e-05,-0.00041,-0.0004,-0.00012,-3e-05,-6e-05,5
23643,-5e-05,5e-05,-6e-05,-0.00041,-0.0004,-0.00012,-3e-05,-6e-05,5
23644,-5e-05,5e-05,-6e-05,-0.00041,-0.0004,-0.00012,-3e-05,-6e-05,5
23645,-5e-05,5e-05,-6e-05,-0.00041,-0.0004,-0.00012,-3e-05,-6e-05,5
23646,-5e-05,5e-05,-6e-05,-0.00041,-0.0004,-0.00012,-3e-05,-6e-05,5
23647,-5e-05,5e-05,-6e-05,-0.00041,-0.0004,-0.00012,-3e-05,-6e-05,5
23648,-5e-05,5e-05,-6e-05,-0.00041,-0.0004,-0.00012,-3e-05,-6e-05,5
23649,-5e-05,5e-05,-6e-05,-0.00041,-0.0004,-0.00012,-3e-05,-6e-05,5
23650,-1e-05,0.0001,3e-05,-0.00034,0.00037,-0.00012,-4e-05,-1e-05,5
23651,6e-05,2e-05,-3e-05,2e-05,-0.00023,-5e-05,4e-05,4e-05,5
23652,6e-05,2e-05,-3e-05,2e-05,-0.00023,-5e-05,4e-05,4e-05,5
23653,6e-05,2e-05,-3e-05,2e-05,-0.00023,-5e-05,4e-05,4e-05,5
23654,6e-05,2e-05,-3e-05,2e-05,-0.00023,-5e-05,4e-05,4e-05,5
23655,6e-05,2e-05,-3e-05,2e-05,-0.00023,-5e-05,4e-05,4e-05,5
23656,6e-05,2e-05,-3e-05,2e-05,-0.00023,-5e-05,4e-05,4e-05,5
23657,6e-05,2e-05,-3e-05,2e-05,-0.00023,-5e-05,4e-05,4e-05,5
23658,6e-05,2e-05,-3e-05,2e-05,-0.00023,-5e-05,4e-05,4e-05,5
23659,6e-05,2e-05,-3e-05,2e-05,-0.00023,-5e-05,4e-05,4e-05,5
23660,6e-05,2e-05,-3e-05,2e-05,-0.00023,-5e-05,4e-05,4e-05,5
23661,6e-05,2e-05,-3e-05,2e-05,-0.00023,-5e-05,4e-05,4e-05,5
23662,6e-05,2e-05,-3e-05,2e-05,-0.00023,-5e-05,4e-05,4e-05,5
23663,6e-05,2e-05,-3e-05,2e-05,-0.00023,-5e-05,4e-05,4e-05,5
23664,6e-05,2e-05,-3e-05,2e-05,-0.00023,-5e-05,4e-05,4e-05,5
23665,6e-05,2e-05,-3e-05,2e-05,-0.00023,-5e-05,4e-05,4e-05,5
23666,6e-05,2e-05,-3e-05,2e-05,-0.00023,-5e-05,4e-05,4e-05,5
23667,6e-05,2e-05,-3e-05,2e-05,-0.00023,-5e-05,4e-05,4e-05,5
23668,6e-05,2e-05,-3e-05,2e-05,-0.00023,-5e-05,4e-05,4e-05,5
23669,6e-05,2e-05,-3e-05,2e-05,-0.00023,-5e-05,4e-05,4e-05,5
23670,6e-05,2e-05,-3e-05,2e-05,-0.00023,-5e-05,4e-05,4e-05,5
23671,6e-05,2e-05,-3e-05,2e-05,-0.00023,-5e-05,4e-05,4e-05,5
23672,-0.00016,-3e-05,0.0,-0.00013,-0.00019,0.0,-2e-05,-3e-05,5
23673,-0.00015,-8e-05,-7e-05,7e-05,9e-05,0.00012,0.0,-5e-05,5
23674,-0.00015,-8e-05,-7e-05,7e-05,9e-05,0.00012,0.0,-5e-05,5
23675,-0.00015,-8e-05,-7e-05,7e-05,9e-05,0.00012,0.0,-5e-05,5
23676,-0.00015,-8e-05,-7e-05,7e-05,9e-05,0.00012,0.0,-5e-05,5
23677,-0.00015,-8e-05,-7e-05,7e-05,9e-05,0.00012,0.0,-5e-05,5
23678,-0.00015,-8e-05,-7e-05,7e-05,9e-05,0.00012,0.0,-5e-05,5
23679,-0.00015,-8e-05,-7e-05,7e-05,9e-05,0.00012,0.0,-5e-05,5
23680,-0.00015,-8e-05,-7e-05,7e-05,9e-05,0.00012,0.0,-5e-05,5
23681,-0.00015,-8e-05,-7e-05,7e-05,9e-05,0.00012,0.0,-5e-05,5
23682,-0.00015,-8e-05,-7e-05,7e-05,9e-05,0.00012,0.0,-5e-05,5
23683,-0.00015,-8e-05,-7e-05,7e-05,9e-05,0.00012,0.0,-5e-05,5
23684,-0.00015,-8e-05,-7e-05,7e-05,9e-05,0.00012,0.0,-5e-05,5
23685,-0.00015,-8e-05,-7e-05,7e-05,9e-05,0.00012,0.0,-5e-05,5
23686,-0.00015,-8e-05,-7e-05,7e-05,9e-05,0.00012,0.0,-5e-05,5
23689,-0.00015,-8e-05,-7e-05,7e-05,9e-05,0.00012,0.0,-5e-05,5
23690,-0.00015,-8e-05,-7e-05,7e-05,9e-05,0.00012,0.0,-5e-05,5
23691,-0.00015,-8e-05,-7e-05,7e-05,9e-05,0.00012,0.0,-5e-05,5
23692,-0.00015,-8e-05,-7e-05,7e-05,9e-05,0.00012,0.0,-5e-05,5
23693,-0.00015,-8e-05,-7e-05,7e-05,9e-05,0.00012,0.0,-5e-05,5
23694,-0.00015,-8e-05,-7e-05,7e-05,9e-05,0.00012,0.0,-5e-05,5
23695,-0.00015,-8e-05,-7e-05,7e-05,9e-05,0.00012,0.0,-5e-05,5
23696,-0.00015,-8e-05,-7e-05,7e-05,9e-05,0.00012,0.0,-5e-05,5
23697,-0.00015,-8e-05,-7e-05,7e-05,9e-05,0.00012,0.0,-5e-05,5
23698,-0.00015,-8e-05,-7e-05,7e-05,9e-05,0.00012,0.0,-5e-05,5
23699,-0.00015,-8e-05,-7e-05,7e-05,9e-05,0.00012,0.0,-5e-05,5
23700,-0.00015,-8e-05,-7e-05,7e-05,9e-05,0.00012,0.0,-5e-05,5
23701,-0.00015,-8e-05,-7e-05,7e-05,9e-05,0.00012,0.0,-5e-05,5
23702,-0.00015,-8e-05,-7e-05,7e-05,9e-05,0.00012,0.0,-5e-05,5
23703,4e-05,4e-05,7e-05,0.00017,6e-05,0.0,-4e-05,0.0,5
23704,0.0,-6e-05,-0.00015,-9e-05,9e-05,-0.00013,-4e-05,-2e-05,5
23705,-0.00012,-8e-05,-0.00016,0.00018,-0.0003,0.0,0.0,-5e-05,5
23706,-0.00012,-8e-05,-0.00016,0.00018,-0.0003,0.0,0.0,-5e-05,5
23707,-0.00012,-8e-05,-0.00016,0.00018,-0.0003,0.0,0.0,-5e-05,5
23708,-0.00012,-8e-05,-0.00016,0.00018,-0.0003,0.0,0.0,-5e-05,5
23709,-0.00012,-8e-05,-0.00016,0.00018,-0.0003,0.0,0.0,-5e-05,5
23710,-4e-05,-3e-05,-8e-05,1e-05,0.00039,0.00013,3e-05,0.0,5
23711,9e-05,3e-05,8e-05,-0.00027,-0.00017,-0.00017,-6e-05,-2e-05,5
23712,9e-05,3e-05,8e-05,-0.00027,-0.00017,-0.00017,-6e-05,-2e-05,5
23713,9e-05,3e-05,8e-05,-0.00027,-0.00017,-0.00017,-6e-05,-2e-05,5
23714,9e-05,3e-05,8e-05,-0.00027,-0.00017,-0.00017,-6e-05,-2e-05,5
23715,9e-05,3e-05,8e-05,-0.00027,-0.00017,-0.00017,-6e-05,-2e-05,5
23716,9e-05,3e-05,8e-05,-0.00027,-0.00017,-0.00017,-6e-05,-2e-05,5
23717,9e-05,3e-05,8e-05,-0.00027,-0.00017,-0.00017,-6e-05,-2e-05,5
23718,9e-05,3e-05,8e-05,-0.00027,-0.00017,-0.00017,-6e-05,-2e-05,5
23719,9e-05,3e-05,8e-05,-0.00027,-0.00017,-0.00017,-6e-05,-2e-05,5
23720,9e-05,3e-05,8e-05,-0.00027,-0.00017,-0.00017,-6e-05,-2e-05,5
23721,9e-05,3e-05,8e-05,-0.00027,-0.00017,-0.00017,-6e-05,-2e-05,5
23722,9e-05,3e-05,8e-05,-0.00027,-0.00017,-0.00017,-6e-05,-2e-05,5
23723,9e-05,3e-05,8e-05,-0.00027,-0.00017,-0.00017,-6e-05,-2e-05,5
23724,9e-05,3e-05,8e-05,-0.00027,-0.00017,-0.00017,-6e-05,-2e-05,5
23725,9e-05,3e-05,8e-05,-0.00027,-0.00017,-0.00017,-6e-05,-2e-05,5
23726,9e-05,3e-05,8e-05,-0.00027,-0.00017,-0.00017,-6e-05,-2e-05,5
23727,9e-05,3e-05,8e-05,-0.00027,-0.00017,-0.00017,-6e-05,-2e-05,5
23728,9e-05,3e-05,8e-05,-0.00027,-0.00017,-0.00017,-6e-05,-2e-05,5
23729,9e-05,3e-05,8e-05,-0.00027,-0.00017,-0.00017,-6e-05,-2e-05,5
23730,9e-05,3e-05,8e-05,-0.00027,-0.00017,-0.00017,-6e-05,-2e-05,5
23731,9e-05,3e-05,8e-05,-0.00027,-0.00017,-0.00017,-6e-05,-2e-05,5
23732,8e-05,5e-05,0.00017,0.00045,0.00013,1e-05,0.0,0.0,5
23733,-0.00061,2e-05,0.0001,-7e-05,8e-05,0.0,1e-05,-9e-05,5
23734,-0.00061,2e-05,0.0001,-7e-05,8e-05,0.0,1e-05,-9e-05,5
23735,-0.00061,2e-05,0.0001,-7e-05,8e-05,0.0,1e-05,-9e-05,5
23736,-0.00061,2e-05,0.0001,-7e-05,8e-05,0.0,1e-05,-9e-05,5
23739,-0.00061,2e-05,0.0001,-7e-05,8e-05,0.0,1e-05,-9e-05,5
23740,-0.00061,2e-05,0.0001,-7e-05,8e-05,0.0,1e-05,-9e-05,5
23741,-0.00061,2e-05,0.0001,-7e-05,8e-05,0.0,1e-05,-9e-05,5
23742,-0.00061,2e-05,0.0001,-7e-05,8e-05,0.0,1e-05,-9e-05,5
23743,-0.00061,2e-05,0.0001,-7e-05,8e-05,0.0,1e-05,-9e-05,5
23744,-0.00061,2e-05,0.0001,-7e-05,8e-05,0.0,1e-05,-9e-05,5
23745,-0.00061,2e-05,0.0001,-7e-05,8e-05,0.0,1e-05,-9e-05,5
23746,-0.00061,2e-05,0.0001,-7e-05,8e-05,0.0,1e-05,-9e-05,5
23747,-0.00061,2e-05,0.0001,-7e-05,8e-05,0.0,1e-05,-9e-05,5
23748,-0.00061,2e-05,0.0001,-7e-05,8e-05,0.0,1e-05,-9e-05,5
23749,-0.00061,2e-05,0.0001,-7e-05,8e-05,0.0,1e-05,-9e-05,5
23750,-0.00061,2e-05,0.0001,-7e-05,8e-05,0.0,1e-05,-9e-05,5
23751,-0.00061,2e-05,0.0001,-7e-05,8e-05,0.0,1e-05,-9e-05,5
23752,-0.00061,2e-05,0.0001,-7e-05,8e-05,0.0,1e-05,-9e-05,5
23753,-0.00061,2e-05,0.0001,-7e-05,8e-05,0.0,1e-05,-9e-05,5
23754,-0.00061,2e-05,0.0001,-7e-05,8e-05,0.0,1e-05,-9e-05,5
23755,-0.00061,2e-05,0.0001,-7e-05,8e-05,0.0,1e-05,-9e-05,5
23756,-0.00015,-9e-05,-0.00013,0.00022,0.00011,-6e-05,-4e-05,-5e-05,5
23757,-0.00015,-9e-05,-0.00013,0.00022,0.00011,-6e-05,-4e-05,-5e-05,5
23758,-0.00015,-9e-05,-0.00013,0.00022,0.00011,-6e-05,-4e-05,-5e-05,5
23759,-0.00015,-9e-05,-0.00013,0.00022,0.00011,-6e-05,-4e-05,-5e-05,5
23760,-0.00015,-9e-05,-0.00013,0.00022,0.00011,-6e-05,-4e-05,-5e-05,5
23761,-0.00015,-9e-05,-0.00013,0.00022,0.00011,-6e-05,-4e-05,-5e-05,5
23762,-0.00015,-9e-05,-0.00013,0.00022,0.00011,-6e-05,-4e-05,-5e-05,5
23763,-0.00015,-9e-05,-0.00013,0.00022,0.00011,-6e-05,-4e-05,-5e-05,5
23764,-0.00015,-9e-05,-0.00013,0.00022,0.00011,-6e-05,-4e-05,-5e-05,5
23765,-0.00015,-9e-05,-0.00013,0.00022,0.00011,-6e-05,-4e-05,-5e-05,5
23766,-0.00015,-9e-05,-0.00013,0.00022,0.00011,-6e-05,-4e-05,-5e-05,5
23767,-0.00015,-9e-05,-0.00013,0.00022,0.00011,-6e-05,-4e-05,-5e-05,5
23768,-0.00015,-9e-05,-0.00013,0.00022,0.00011,-6e-05,-4e-05,-5e-05,5
23769,-0.00015,-9e-05,-0.00013,0.00022,0.00011,-6e-05,-4e-05,-5e-05,5
23770,-0.00012,0.0,0.0,0.00035,9e-05,-2e-05,2e-05,-3e-05,5
23771,-0.00012,0.0,0.0,0.00035,9e-05,-2e-05,2e-05,-3e-05,5
23772,0.00024,2e-05,1e-05,-0.00011,5e-05,0.00012,3e-05,6e-05,5
23773,0.00024,2e-05,1e-05,-0.00011,5e-05,0.00012,3e-05,6e-05,5
23774,0.00024,2e-05,1e-05,-0.00011,5e-05,0.00012,3e-05,6e-05,5
23775,0.00024,2e-05,1e-05,-0.00011,5e-05,0.00012,3e-05,6e-05,5
23776,0.00024,2e-05,1e-05,-0.00011,5e-05,0.00012,3e-05,6e-05,5
23777,0.00024,2e-05,1e-05,-0.00011,5e-05,0.00012,3e-05,6e-05,5
23778,0.00024,2e-05,1e-05,-0.00011,5e-05,0.00012,3e-05,6e-05,5
23779,0.00024,2e-05,1e-05,-0.00011,5e-05,0.00012,3e-05,6e-05,5
23780,0.00024,2e-05,1e-05,-0.00011,5e-05,0.00012,3e-05,6e-05,5
23781,0.00024,2e-05,1e-05,-0.00011,5e-05,0.00012,3e-05,6e-05,5
23782,0.00024,2e-05,1e-05,-0.00011,5e-05,0.00012,3e-05,6e-05,5
23783,0.00024,2e-05,1e-05,-0.00011,5e-05,0.00012,3e-05,6e-05,5
23784,0.00024,2e-05,1e-05,-0.00011,5e-05,0.00012,3e-05,6e-05,5
23785,0.00024,2e-05,1e-05,-0.00011,5e-05,0.00012,3e-05,6e-05,5
23786,0.00024,2e-05,1e-05,-0.00011,5e-05,0.00012,3e-05,6e-05,5
23789,0.00024,2e-05,1e-05,-0.00011,5e-05,0.00012,3e-05,6e-05,5
23790,0.00024,2e-05,1e-05,-0.00011,5e-05,0.00012,3e-05,6e-05,5
23791,0.00024,2e-05,1e-05,-0.00011,5e-05,0.00012,3e-05,6e-05,5
23792,-0.00025,-4e-05,0.0,-0.00019,0.00016,-0.00012,-3e-05,-7e-05,5
23793,1e-05,-0.0001,-0.00012,0.00028,0.00068,1e-05,-4e-05,-3e-05,5
23794,1e-05,-0.0001,-0.00012,0.00028,0.00068,1e-05,-4e-05,-3e-05,5
23795,1e-05,-0.0001,-0.00012,0.00028,0.00068,1e-05,-4e-05,-3e-05,5
23796,1e-05,-0.0001,-0.00012,0.00028,0.00068,1e-05,-4e-05,-3e-05,5
23797,1e-05,-0.0001,-0.00012,0.00028,0.00068,1e-05,-4e-05,-3e-05,5
23798,1e-05,-0.0001,-0.00012,0.00028,0.00068,1e-05,-4e-05,-3e-05,5
23799,1e-05,-0.0001,-0.00012,0.00028,0.00068,1e-05,-4e-05,-3e-05,5
23800,1e-05,-0.0001,-0.00012,0.00028,0.00068,1e-05,-4e-05,-3e-05,5
23801,1e-05,-0.0001,-0.00012,0.00028,0.00068,1e-05,-4e-05,-3e-05,5
23802,1e-05,-0.0001,-0.00012,0.00028,0.00068,1e-05,-4e-05,-3e-05,5
23803,1e-05,-0.0001,-0.00012,0.00028,0.00068,1e-05,-4e-05,-3e-05,5
23804,1e-05,-0.0001,-0.00012,0.00028,0.00068,1e-05,-4e-05,-3e-05,5
23805,1e-05,-0.0001,-0.00012,0.00028,0.00068,1e-05,-4e-05,-3e-05,5
23806,1e-05,-0.0001,-0.00012,0.00028,0.00068,1e-05,-4e-05,-3e-05,5
23807,1e-05,-0.0001,-0.00012,0.00028,0.00068,1e-05,-4e-05,-3e-05,5
23808,1e-05,-0.0001,-0.00012,0.00028,0.00068,1e-05,-4e-05,-3e-05,5
23809,1e-05,-0.0001,-0.00012,0.00028,0.00068,1e-05,-4e-05,-3e-05,5
23810,1e-05,-0.0001,-0.00012,0.00028,0.00068,1e-05,-4e-05,-3e-05,5
23811,1e-05,-0.0001,-0.00012,0.00028,0.00068,1e-05,-4e-05,-3e-05,5
23812,1e-05,-0.0001,-0.00012,0.00028,0.00068,1e-05,-4e-05,-3e-05,5
23813,1e-05,-0.0001,-0.00012,0.00028,0.00068,1e-05,-4e-05,-3e-05,5
23814,1e-05,-0.0001,-0.00012,0.00028,0.00068,1e-05,-4e-05,-3e-05,5
23815,1e-05,-0.0001,-0.00012,0.00028,0.00068,1e-05,-4e-05,-3e-05,5
23816,-1e-05,-6e-05,-0.00015,-4e-05,2e-05,5e-05,-1e-05,0.0,5
23817,-1e-05,-6e-05,-0.00015,-4e-05,2e-05,5e-05,-1e-05,0.0,5
23818,-1e-05,-6e-05,-0.00015,-4e-05,2e-05,5e-05,-1e-05,0.0,5
23819,-1e-05,-6e-05,-0.00015,-4e-05,2e-05,5e-05,-1e-05,0.0,5
23820,-1e-05,-6e-05,-0.00015,-4e-05,2e-05,5e-05,-1e-05,0.0,5
23821,-1e-05,-6e-05,-0.00015,-4e-05,2e-05,5e-05,-1e-05,0.0,5
23822,-1e-05,-6e-05,-0.00015,-4e-05,2e-05,5e-05,-1e-05,0.0,5
23823,-1e-05,-6e-05,-0.00015,-4e-05,2e-05,5e-05,-1e-05,0.0,5
23824,-1e-05,-6e-05,-0.00015,-4e-05,2e-05,5e-05,-1e-05,0.0,5
23825,-1e-05,-6e-05,-0.00015,-4e-05,2e-05,5e-05,-1e-05,0.0,5
23826,-1e-05,-6e-05,-0.00015,-4e-05,2e-05,5e-05,-1e-05,0.0,5
23827,-1e-05,-6e-05,-0.00015,-4e-05,2e-05,5e-05,-1e-05,0.0,5
23828,-1e-05,-6e-05,-0.00015,-4e-05,2e-05,5e-05,-1e-05,0.0,5
23829,-6e-05,-9e-05,-7e-05,3e-05,-0.00042,-3e-05,-3e-05,-2e-05,5
23830,-6e-05,-9e-05,-7e-05,3e-05,-0.00042,-3e-05,-3e-05,-2e-05,5
23831,-6e-05,-9e-05,-7e-05,3e-05,-0.00042,-3e-05,-3e-05,-2e-05,5
23832,-6e-05,-9e-05,-7e-05,3e-05,-0.00042,-3e-05,-3e-05,-2e-05,5
23833,-6e-05,-9e-05,-7e-05,3e-05,-0.00042,-3e-05,-3e-05,-2e-05,5
23834,-6e-05,-9e-05,-7e-05,3e-05,-0.00042,-3e-05,-3e-05,-2e-05,5
23835,-6e-05,-9e-05,-7e-05,3e-05,-0.00042,-3e-05,-3e-05,-2e-05,5
23836,-6e-05,-9e-05,-7e-05,3e-05,-0.00042,-3e-05,-3e-05,-2e-05,5
23839,-4e-05,8e-05,0.00028,0.00035,3e-05,2e-05,-1e-05,-1e-05,5
23840,-4e-05,8e-05,0.00028,0.00035,3e-05,2e-05,-1e-05,-1e-05,5
23841,-4e-05,8e-05,0.00028,0.00035,3e-05,2e-05,-1e-05,-1e-05,5
23842,-4e-05,8e-05,0.00028,0.00035,3e-05,2e-05,-1e-05,-1e-05,5
23843,-4e-05,8e-05,0.00028,0.00035,3e-05,2e-05,-1e-05,-1e-05,5
23844,-4e-05,8e-05,0.00028,0.00035,3e-05,2e-05,-1e-05,-1e-05,5
23845,-4e-05,8e-05,0.00028,0.00035,3e-05,2e-05,-1e-05,-1e-05,5
23846,-4e-05,8e-05,0.00028,0.00035,3e-05,2e-05,-1e-05,-1e-05,5
23847,-4e-05,8e-05,0.00028,0.00035,3e-05,2e-05,-1e-05,-1e-05,5
23848,-4e-05,8e-05,0.00028,0.00035,3e-05,2e-05,-1e-05,-1e-05,5
23849,-4e-05,8e-05,0.00028,0.00035,3e-05,2e-05,-1e-05,-1e-05,5
23850,-4e-05,8e-05,0.00028,0.00035,3e-05,2e-05,-1e-05,-1e-05,5
23852,-7e-05,-2e-05,8e-05,-0.00014,0.00052,-5e-05,-2e-05,-1e-05,5
23853,6e-05,-4e-05,0.0,-0.00056,-0.00018,-4e-05,-2e-05,0.0,5
23854,6e-05,-4e-05,0.0,-0.00056,-0.00018,-4e-05,-2e-05,0.0,5
23855,6e-05,-4e-05,0.0,-0.00056,-0.00018,-4e-05,-2e-05,0.0,5
23856,6e-05,-4e-05,0.0,-0.00056,-0.00018,-4e-05,-2e-05,0.0,5
23857,6e-05,-4e-05,0.0,-0.00056,-0.00018,-4e-05,-2e-05,0.0,5
23858,6e-05,-4e-05,0.0,-0.00056,-0.00018,-4e-05,-2e-05,0.0,5
23859,6e-05,-4e-05,0.0,-0.00056,-0.00018,-4e-05,-2e-05,0.0,5
23860,6e-05,-4e-05,0.0,-0.00056,-0.00018,-4e-05,-2e-05,0.0,5
23861,6e-05,-4e-05,0.0,-0.00056,-0.00018,-4e-05,-2e-05,0.0,5
23862,6e-05,-4e-05,0.0,-0.00056,-0.00018,-4e-05,-2e-05,0.0,5
23863,6e-05,-4e-05,0.0,-0.00056,-0.00018,-4e-05,-2e-05,0.0,5
23864,6e-05,-4e-05,0.0,-0.00056,-0.00018,-4e-05,-2e-05,0.0,5
23865,6e-05,-4e-05,0.0,-0.00056,-0.00018,-4e-05,-2e-05,0.0,5
23866,6e-05,-4e-05,0.0,-0.00056,-0.00018,-4e-05,-2e-05,0.0,5
23867,6e-05,-4e-05,0.0,-0.00056,-0.00018,-4e-05,-2e-05,0.0,5
23868,6e-05,-4e-05,0.0,-0.00056,-0.00018,-4e-05,-2e-05,0.0,5
23869,6e-05,-4e-05,0.0,-0.00056,-0.00018,-4e-05,-2e-05,0.0,5
23870,6e-05,-4e-05,0.0,-0.00056,-0.00018,-4e-05,-2e-05,0.0,5
23871,6e-05,-4e-05,0.0,-0.00056,-0.00018,-4e-05,-2e-05,0.0,5
23872,6e-05,-4e-05,0.0,-0.00056,-0.00018,-4e-05,-2e-05,0.0,5
23873,6e-05,-4e-05,0.0,-0.00056,-0.00018,-4e-05,-2e-05,0.0,5
23874,6e-05,-4e-05,0.0,-0.00056,-0.00018,-4e-05,-2e-05,0.0,5
23875,6e-05,-4e-05,0.0,-0.00056,-0.00018,-4e-05,-2e-05,0.0,5
23876,0.00017,-5e-05,1e-05,0.00026,-1e-05,-1e-05,2e-05,7e-05,5
23877,0.00017,-5e-05,1e-05,0.00026,-1e-05,-1e-05,2e-05,7e-05,5
23878,0.00017,-5e-05,1e-05,0.00026,-1e-05,-1e-05,2e-05,7e-05,5
23879,0.00017,-5e-05,1e-05,0.00026,-1e-05,-1e-05,2e-05,7e-05,5
23880,0.00017,-5e-05,1e-05,0.00026,-1e-05,-1e-05,2e-05,7e-05,5
23881,0.00017,-5e-05,1e-05,0.00026,-1e-05,-1e-05,2e-05,7e-05,5
23882,0.00017,-5e-05,1e-05,0.00026,-1e-05,-1e-05,2e-05,7e-05,5
23883,0.00017,-5e-05,1e-05,0.00026,-1e-05,-1e-05,2e-05,7e-05,5
23884,0.00017,-5e-05,1e-05,0.00026,-1e-05,-1e-05,2e-05,7e-05,5
23885,0.00017,-5e-05,1e-05,0.00026,-1e-05,-1e-05,2e-05,7e-05,5
23886,0.00017,-5e-05,1e-05,0.00026,-1e-05,-1e-05,2e-05,7e-05,5
23888,0.00017,-5e-05,1e-05,0.00026,-1e-05,-1e-05,2e-05,7e-05,5
23889,-9e-05,-1e-05,-7e-05,-3e-05,-0.00012,-4e-05,1e-05,-2e-05,5
23890,-9e-05,-1e-05,-7e-05,-3e-05,-0.00012,-4e-05,1e-05,-2e-05,5
23891,-9e-05,-1e-05,-7e-05,-3e-05,-0.00012,-4e-05,1e-05,-2e-05,5
23892,-9e-05,-1e-05,-7e-05,-3e-05,-0.00012,-4e-05,1e-05,-2e-05,5
23893,-9e-05,-1e-05,-7e-05,-3e-05,-0.00012,-4e-05,1e-05,-2e-05,5
23894,-9e-05,-1e-05,-7e-05,-3e-05,-0.00012,-4e-05,1e-05,-2e-05,5
23895,-9e-05,-1e-05,-7e-05,-3e-05,-0.00012,-4e-05,1e-05,-2e-05,5
23896,-9e-05,-1e-05,-7e-05,-3e-05,-0.00012,-4e-05,1e-05,-2e-05,5
23897,-0.00011,-7e-05,-0.00016,0.00021,0.00055,1e-05,-3e-05,-6e-05,5
23898,-4e-05,-2e-05,2e-05,-0.00023,-0.00048,0.00012,5e-05,3e-05,5
23899,-4e-05,-2e-05,2e-05,-0.00023,-0.00048,0.00012,5e-05,3e-05,5
23900,-4e-05,-2e-05,2e-05,-0.00023,-0.00048,0.00012,5e-05,3e-05,5
23901,-4e-05,-2e-05,2e-05,-0.00023,-0.00048,0.00012,5e-05,3e-05,5
23902,-4e-05,-2e-05,2e-05,-0.00023,-0.00048,0.00012,5e-05,3e-05,5
23903,-4e-05,-2e-05,2e-05,-0.00023,-0.00048,0.00012,5e-05,3e-05,5
23904,-4e-05,-2e-05,2e-05,-0.00023,-0.00048,0.00012,5e-05,3e-05,5
23905,-4e-05,-2e-05,2e-05,-0.00023,-0.00048,0.00012,5e-05,3e-05,5
23906,-4e-05,-2e-05,2e-05,-0.00023,-0.00048,0.00012,5e-05,3e-05,5
23907,-4e-05,-2e-05,2e-05,-0.00023,-0.00048,0.00012,5e-05,3e-05,5
23908,-4e-05,-2e-05,2e-05,-0.00023,-0.00048,0.00012,5e-05,3e-05,5
23909,-4e-05,-2e-05,2e-05,-0.00023,-0.00048,0.00012,5e-05,3e-05,5
23910,-4e-05,-2e-05,2e-05,-0.00023,-0.00048,0.00012,5e-05,3e-05,5
23911,-4e-05,-2e-05,2e-05,-0.00023,-0.00048,0.00012,5e-05,3e-05,5
23912,9e-05,-2e-05,-3e-05,0.00014,0.00059,-0.00018,-0.0001,-2e-05,5
23913,-1e-05,2e-05,-4e-05,3e-05,0.00016,-1e-05,-6e-05,-5e-05,5
23914,-1e-05,2e-05,-4e-05,3e-05,0.00016,-1e-05,-6e-05,-5e-05,5
23915,-1e-05,2e-05,-4e-05,3e-05,0.00016,-1e-05,-6e-05,-5e-05,5
23916,-1e-05,2e-05,-4e-05,3e-05,0.00016,-1e-05,-6e-05,-5e-05,5
23917,-1e-05,2e-05,-4e-05,3e-05,0.00016,-1e-05,-6e-05,-5e-05,5
23918,-1e-05,2e-05,-4e-05,3e-05,0.00016,-1e-05,-6e-05,-5e-05,5
23919,-1e-05,2e-05,-4e-05,3e-05,0.00016,-1e-05,-6e-05,-5e-05,5
23920,-1e-05,2e-05,-4e-05,3e-05,0.00016,-1e-05,-6e-05,-5e-05,5
23921,-1e-05,2e-05,-4e-05,3e-05,0.00016,-1e-05,-6e-05,-5e-05,5
23922,-1e-05,2e-05,-4e-05,3e-05,0.00016,-1e-05,-6e-05,-5e-05,5
23923,-1e-05,2e-05,-4e-05,3e-05,0.00016,-1e-05,-6e-05,-5e-05,5
23924,-1e-05,2e-05,-4e-05,3e-05,0.00016,-1e-05,-6e-05,-5e-05,5
23925,-1e-05,2e-05,-4e-05,3e-05,0.00016,-1e-05,-6e-05,-5e-05,5
23926,-1e-05,2e-05,-4e-05,3e-05,0.00016,-1e-05,-6e-05,-5e-05,5
23927,-1e-05,2e-05,-4e-05,3e-05,0.00016,-1e-05,-6e-05,-5e-05,5
23928,-1e-05,2e-05,-4e-05,3e-05,0.00016,-1e-05,-6e-05,-5e-05,5
23929,-1e-05,2e-05,-4e-05,3e-05,0.00016,-1e-05,-6e-05,-5e-05,5
23930,-1e-05,2e-05,-4e-05,3e-05,0.00016,-1e-05,-6e-05,-5e-05,5
23931,-1e-05,2e-05,-4e-05,3e-05,0.00016,-1e-05,-6e-05,-5e-05,5
23932,-1e-05,2e-05,-4e-05,3e-05,0.00016,-1e-05,-6e-05,-5e-05,5
23933,-1e-05,2e-05,-4e-05,3e-05,0.00016,-1e-05,-6e-05,-5e-05,5
23934,-1e-05,2e-05,-4e-05,3e-05,0.00016,-1e-05,-6e-05,-5e-05,5
23935,-1e-05,2e-05,-4e-05,3e-05,0.00016,-1e-05,-6e-05,-5e-05,5
23936,3e-05,5e-05,0.00011,-0.00012,0.0,0.00012,3e-05,-2e-05,5
23939,0.0001,0.0,2e-05,0.00047,-0.00018,-0.00014,-5e-05,-1e-05,5
23940,0.0001,0.0,2e-05,0.00047,-0.00018,-0.00014,-5e-05,-1e-05,5
23941,0.0001,0.0,2e-05,0.00047,-0.00018,-0.00014,-5e-05,-1e-05,5
23942,0.0001,0.0,2e-05,0.00047,-0.00018,-0.00014,-5e-05,-1e-05,5
23943,0.0001,0.0,2e-05,0.00047,-0.00018,-0.00014,-5e-05,-1e-05,5
23944,0.0001,0.0,2e-05,0.00047,-0.00018,-0.00014,-5e-05,-1e-05,5
23945,0.0001,0.0,2e-05,0.00047,-0.00018,-0.00014,-5e-05,-1e-05,5
23946,0.0001,0.0,2e-05,0.00047,-0.00018,-0.00014,-5e-05,-1e-05,5
23947,0.0001,0.0,2e-05,0.00047,-0.00018,-0.00014,-5e-05,-1e-05,5
23948,0.0001,0.0,2e-05,0.00047,-0.00018,-0.00014,-5e-05,-1e-05,5
23949,-0.00019,-0.00011,1e-05,0.0002,-5e-05,0.0,1e-05,-5e-05,5
23950,-0.00019,-0.00011,1e-05,0.0002,-5e-05,0.0,1e-05,-5e-05,5
23951,-0.00019,-0.00011,1e-05,0.0002,-5e-05,0.0,1e-05,-5e-05,5
23952,-0.00019,-0.00011,1e-05,0.0002,-5e-05,0.0,1e-05,-5e-05,5
23953,-0.00019,-0.00011,1e-05,0.0002,-5e-05,0.0,1e-05,-5e-05,5
23954,-0.00019,-0.00011,1e-05,0.0002,-5e-05,0.0,1e-05,-5e-05,5
23955,-0.00019,-0.00011,1e-05,0.0002,-5e-05,0.0,1e-05,-5e-05,5
23956,-0.00019,-0.00011,1e-05,0.0002,-5e-05,0.0,1e-05,-5e-05,5
23957,-5e-05,-4e-05,-0.00015,-7e-05,-0.00022,-9e-05,-5e-05,-4e-05,5
23958,-5e-05,-4e-05,-0.00015,-7e-05,-0.00022,-9e-05,-5e-05,-4e-05,5
23959,-5e-05,-4e-05,-0.00015,-7e-05,-0.00022,-9e-05,-5e-05,-4e-05,5
23960,-5e-05,-4e-05,-0.00015,-7e-05,-0.00022,-9e-05,-5e-05,-4e-05,5
23961,-5e-05,-4e-05,-0.00015,-7e-05,-0.00022,-9e-05,-5e-05,-4e-05,5
23962,-5e-05,-4e-05,-0.00015,-7e-05,-0.00022,-9e-05,-5e-05,-4e-05,5
23963,-5e-05,-4e-05,-0.00015,-7e-05,-0.00022,-9e-05,-5e-05,-4e-05,5
23964,-5e-05,-4e-05,-0.00015,-7e-05,-0.00022,-9e-05,-5e-05,-4e-05,5
23965,-5e-05,-4e-05,-0.00015,-7e-05,-0.00022,-9e-05,-5e-05,-4e-05,5
23966,-5e-05,-4e-05,-0.00015,-7e-05,-0.00022,-9e-05,-5e-05,-4e-05,5
23967,-5e-05,-4e-05,-0.00015,-7e-05,-0.00022,-9e-05,-5e-05,-4e-05,5
23968,-5e-05,-4e-05,-0.00015,-7e-05,-0.00022,-9e-05,-5e-05,-4e-05,5
23969,-5e-05,-4e-05,-0.00015,-7e-05,-0.00022,-9e-05,-5e-05,-4e-05,5
23970,-5e-05,-4e-05,-0.00015,-7e-05,-0.00022,-9e-05,-5e-05,-4e-05,5
23971,-5e-05,-4e-05,-0.00015,-7e-05,-0.00022,-9e-05,-5e-05,-4e-05,5
23972,-5e-05,-4e-05,-0.00015,-7e-05,-0.00022,-9e-05,-5e-05,-4e-05,5
23973,-0.00011,-3e-05,-1e-05,-0.00023,-0.00022,-7e-05,0.0,-6e-05,5
23974,-0.00011,-3e-05,-1e-05,-0.00023,-0.00022,-7e-05,0.0,-6e-05,5
23975,-0.00011,-3e-05,-1e-05,-0.00023,-0.00022,-7e-05,0.0,-6e-05,5
23976,-0.00011,-3e-05,-1e-05,-0.00023,-0.00022,-7e-05,0.0,-6e-05,5
23977,-0.00011,-3e-05,-1e-05,-0.00023,-0.00022,-7e-05,0.0,-6e-05,5
23978,-0.00011,-3e-05,-1e-05,-0.00023,-0.00022,-7e-05,0.0,-6e-05,5
23979,-0.00011,-3e-05,-1e-05,-0.00023,-0.00022,-7e-05,0.0,-6e-05,5
23980,-0.00011,-3e-05,-1e-05,-0.00023,-0.00022,-7e-05,0.0,-6e-05,5
23981,-0.00011,-3e-05,-1e-05,-0.00023,-0.00022,-7e-05,0.0,-6e-05,5
23982,-0.00011,-3e-05,-1e-05,-0.00023,-0.00022,-7e-05,0.0,-6e-05,5
23983,-0.00011,-3e-05,-1e-05,-0.00023,-0.00022,-7e-05,0.0,-6e-05,5
23984,-0.00011,-3e-05,-1e-05,-0.00023,-0.00022,-7e-05,0.0,-6e-05,5
23985,-0.00011,-3e-05,-1e-05,-0.00023,-0.00022,-7e-05,0.0,-6e-05,5
23986,-0.00011,-3e-05,-1e-05,-0.00023,-0.00022,-7e-05,0.0,-6e-05,5
23988,-0.00011,-3e-05,-1e-05,-0.00023,-0.00022,-7e-05,0.0,-6e-05,5
23990,-0.00011,-3e-05,-1e-05,-0.00023,-0.00022,-7e-05,0.0,-6e-05,5
23991,-0.00011,-3e-05,-1e-05,-0.00023,-0.00022,-7e-05,0.0,-6e-05,5
23992,-0.00011,-3e-05,-1e-05,-0.00023,-0.00022,-7e-05,0.0,-6e-05,5
23993,-0.00011,-3e-05,-1e-05,-0.00023,-0.00022,-7e-05,0.0,-6e-05,5
23994,-0.00011,-3e-05,-1e-05,-0.00023,-0.00022,-7e-05,0.0,-6e-05,5
23995,-0.00011,-3e-05,-1e-05,-0.00023,-0.00022,-7e-05,0.0,-6e-05,5
23996,-4e-05,-3e-05,-8e-05,0.00074,0.00019,7e-05,-2e-05,-2e-05,5
23997,0.00022,0.0,1e-05,-0.00028,-1e-05,-3e-05,4e-05,7e-05,5
23998,0.00022,0.0,1e-05,-0.00028,-1e-05,-3e-05,4e-05,7e-05,5
23999,0.00022,0.0,1e-05,-0.00028,-1e-05,-3e-05,4e-05,7e-05,5
24000,0.00022,0.0,1e-05,-0.00028,-1e-05,-3e-05,4e-05,7e-05,5
24001,0.00022,0.0,1e-05,-0.00028,-1e-05,-3e-05,4e-05,7e-05,5
24002,0.00022,0.0,1e-05,-0.00028,-1e-05,-3e-05,4e-05,7e-05,5
24003,0.00022,0.0,1e-05,-0.00028,-1e-05,-3e-05,4e-05,7e-05,5
24004,0.00022,0.0,1e-05,-0.00028,-1e-05,-3e-05,4e-05,7e-05,5
24005,0.00022,0.0,1e-05,-0.00028,-1e-05,-3e-05,4e-05,7e-05,5
24006,0.00022,0.0,1e-05,-0.00028,-1e-05,-3e-05,4e-05,7e-05,5
24007,0.00022,0.0,1e-05,-0.00028,-1e-05,-3e-05,4e-05,7e-05,5
24008,0.00022,0.0,1e-05,-0.00028,-1e-05,-3e-05,4e-05,7e-05,5
24009,0.00022,0.0,1e-05,-0.00028,-1e-05,-3e-05,4e-05,7e-05,5
24010,0.00022,0.0,1e-05,-0.00028,-1e-05,-3e-05,4e-05,7e-05,5
24011,0.00022,0.0,1e-05,-0.00028,-1e-05,-3e-05,4e-05,7e-05,5
24012,0.00022,0.0,1e-05,-0.00028,-1e-05,-3e-05,4e-05,7e-05,5
24013,0.00022,0.0,1e-05,-0.00028,-1e-05,-3e-05,4e-05,7e-05,5
24014,0.00022,0.0,1e-05,-0.00028,-1e-05,-3e-05,4e-05,7e-05,5
24015,0.00022,0.0,1e-05,-0.00028,-1e-05,-3e-05,4e-05,7e-05,5
24016,0.00022,0.0,1e-05,-0.00028,-1e-05,-3e-05,4e-05,7e-05,5
24017,0.00022,0.0,1e-05,-0.00028,-1e-05,-3e-05,4e-05,7e-05,5
24018,3e-05,-4e-05,-7e-05,-0.00033,-0.00043,-0.00016,-4e-05,0.0,5
24019,-5e-05,-2e-05,0.00016,0.00017,0.00027,0.0,-1e-05,-1e-05,5
24020,-5e-05,-2e-05,0.00016,0.00017,0.00027,0.0,-1e-05,-1e-05,5
24021,-5e-05,-2e-05,0.00016,0.00017,0.00027,0.0,-1e-05,-1e-05,5
24022,-5e-05,-2e-05,0.00016,0.00017,0.00027,0.0,-1e-05,-1e-05,5
24023,-5e-05,-2e-05,0.00016,0.00017,0.00027,0.0,-1e-05,-1e-05,5
24024,-5e-05,-2e-05,0.00016,0.00017,0.00027,0.0,-1e-05,-1e-05,5
24025,-5e-05,-2e-05,0.00016,0.00017,0.00027,0.0,-1e-05,-1e-05,5
24026,-5e-05,-2e-05,0.00016,0.00017,0.00027,0.0,-1e-05,-1e-05,5
24027,-5e-05,-2e-05,0.00016,0.00017,0.00027,0.0,-1e-05,-1e-05,5
24028,-5e-05,-2e-05,0.00016,0.00017,0.00027,0.0,-1e-05,-1e-05,5
24029,-5e-05,-2e-05,0.00016,0.00017,0.00027,0.0,-1e-05,-1e-05,5
24030,-5e-05,-2e-05,0.00016,0.00017,0.00027,0.0,-1e-05,-1e-05,5
24031,-5e-05,-2e-05,0.00016,0.00017,0.00027,0.0,-1e-05,-1e-05,5
24032,0.00022,5e-05,7e-05,-0.0001,-3e-05,3e-05,1e-05,4e-05,5
24033,6e-05,4e-05,7e-05,0.0001,0.00014,0.00012,1e-05,2e-05,5
24034,6e-05,4e-05,7e-05,0.0001,0.00014,0.00012,1e-05,2e-05,5
24035,6e-05,4e-05,7e-05,0.0001,0.00014,0.00012,1e-05,2e-05,5
24036,6e-05,4e-05,7e-05,0.0001,0.00014,0.00012,1e-05,2e-05,5
24038,6e-05,4e-05,7e-05,0.0001,0.00014,0.00012,1e-05,2e-05,5
24039,6e-05,4e-05,7e-05,0.0001,0.00014,0.00012,1e-05,2e-05,5
24040,6e-05,4e-05,7e-05,0.0001,0.00014,0.00012,1e-05,2e-05,5
24041,6e-05,4e-05,7e-05,0.0001,0.00014,0.00012,1e-05,2e-05,5
24042,6e-05,4e-05,7e-05,0.0001,0.00014,0.00012,1e-05,2e-05,5
24043,6e-05,4e-05,7e-05,0.0001,0.00014,0.00012,1e-05,2e-05,5
24044,6e-05,4e-05,7e-05,0.0001,0.00014,0.00012,1e-05,2e-05,5
24045,6e-05,4e-05,7e-05,0.0001,0.00014,0.00012,1e-05,2e-05,5
24046,6e-05,4e-05,7e-05,0.0001,0.00014,0.00012,1e-05,2e-05,5
24047,6e-05,4e-05,7e-05,0.0001,0.00014,0.00012,1e-05,2e-05,5
24048,6e-05,4e-05,7e-05,0.0001,0.00014,0.00012,1e-05,2e-05,5
24049,6e-05,4e-05,7e-05,0.0001,0.00014,0.00012,1e-05,2e-05,5
24050,6e-05,4e-05,7e-05,0.0001,0.00014,0.00012,1e-05,2e-05,5
24051,6e-05,4e-05,7e-05,0.0001,0.00014,0.00012,1e-05,2e-05,5
24052,6e-05,4e-05,7e-05,0.0001,0.00014,0.00012,1e-05,2e-05,5
24054,6e-05,4e-05,7e-05,0.0001,0.00014,0.00012,1e-05,2e-05,5
24055,6e-05,4e-05,7e-05,0.0001,0.00014,0.00012,1e-05,2e-05,5
24056,-8e-05,-5e-05,-0.00031,-0.00037,-5e-05,1e-05,-1e-05,-5e-05,5
24057,-8e-05,-5e-05,-0.00031,-0.00037,-5e-05,1e-05,-1e-05,-5e-05,5
24058,-8e-05,-5e-05,-0.00031,-0.00037,-5e-05,1e-05,-1e-05,-5e-05,5
24059,-8e-05,-5e-05,-0.00031,-0.00037,-5e-05,1e-05,-1e-05,-5e-05,5
24060,-8e-05,-5e-05,-0.00031,-0.00037,-5e-05,1e-05,-1e-05,-5e-05,5
24061,-8e-05,-5e-05,-0.00031,-0.00037,-5e-05,1e-05,-1e-05,-5e-05,5
24062,-8e-05,-5e-05,-0.00031,-0.00037,-5e-05,1e-05,-1e-05,-5e-05,5
24063,-8e-05,-5e-05,-0.00031,-0.00037,-5e-05,1e-05,-1e-05,-5e-05,5
24064,-8e-05,-5e-05,-0.00031,-0.00037,-5e-05,1e-05,-1e-05,-5e-05,5
24065,-8e-05,-5e-05,-0.00031,-0.00037,-5e-05,1e-05,-1e-05,-5e-05,5
24066,-8e-05,-5e-05,-0.00031,-0.00037,-5e-05,1e-05,-1e-05,-5e-05,5
24067,-8e-05,-5e-05,-0.00031,-0.00037,-5e-05,1e-05,-1e-05,-5e-05,5
24068,-8e-05,-5e-05,-0.00031,-0.00037,-5e-05,1e-05,-1e-05,-5e-05,5
24069,0.00012,-8e-05,-0.00022,-0.00034,-0.00022,1e-05,-1e-05,2e-05,5
24070,0.00012,-8e-05,-0.00022,-0.00034,-0.00022,1e-05,-1e-05,2e-05,5
24071,0.00012,-8e-05,-0.00022,-0.00034,-0.00022,1e-05,-1e-05,2e-05,5
24072,0.00012,-8e-05,-0.00022,-0.00034,-0.00022,1e-05,-1e-05,2e-05,5
24073,0.00012,-8e-05,-0.00022,-0.00034,-0.00022,1e-05,-1e-05,2e-05,5
24074,0.00012,-8e-05,-0.00022,-0.00034,-0.00022,1e-05,-1e-05,2e-05,5
24075,0.00012,-8e-05,-0.00022,-0.00034,-0.00022,1e-05,-1e-05,2e-05,5
24076,0.00012,-8e-05,-0.00022,-0.00034,-0.00022,1e-05,-1e-05,2e-05,5
24077,0.00012,-8e-05,-0.00022,-0.00034,-0.00022,1e-05,-1e-05,2e-05,5
24078,-6e-05,3e-05,6e-05,-0.00018,6e-05,2e-05,1e-05,2e-05,5
24079,-6e-05,3e-05,6e-05,-0.00018,6e-05,2e-05,1e-05,2e-05,5
24080,-6e-05,3e-05,6e-05,-0.00018,6e-05,2e-05,1e-05,2e-05,5
24081,-6e-05,3e-05,6e-05,-0.00018,6e-05,2e-05,1e-05,2e-05,5
24082,-6e-05,3e-05,6e-05,-0.00018,6e-05,2e-05,1e-05,2e-05,5
24083,-6e-05,3e-05,6e-05,-0.00018,6e-05,2e-05,1e-05,2e-05,5
24084,-6e-05,3e-05,6e-05,-0.00018,6e-05,2e-05,1e-05,2e-05,5
24085,-6e-05,3e-05,6e-05,-0.00018,6e-05,2e-05,1e-05,2e-05,5
24086,-6e-05,3e-05,6e-05,-0.00018,6e-05,2e-05,1e-05,2e-05,5
24088,-6e-05,3e-05,6e-05,-0.00018,6e-05,2e-05,1e-05,2e-05,5
24089,-6e-05,3e-05,6e-05,-0.00018,6e-05,2e-05,1e-05,2e-05,5
24090,-6e-05,3e-05,6e-05,-0.00018,6e-05,2e-05,1e-05,2e-05,5
24091,-6e-05,3e-05,6e-05,-0.00018,6e-05,2e-05,1e-05,2e-05,5
24092,-9e-05,-0.00012,-0.0002,-0.00027,7e-05,-3e-05,-2e-05,-6e-05,5
24093,3e-05,-2e-05,0.0,2e-05,-0.00014,-0.00016,-4e-05,-3e-05,5
24094,3e-05,-2e-05,0.0,2e-05,-0.00014,-0.00016,-4e-05,-3e-05,5
24095,3e-05,-2e-05,0.0,2e-05,-0.00014,-0.00016,-4e-05,-3e-05,5
24096,3e-05,-2e-05,0.0,2e-05,-0.00014,-0.00016,-4e-05,-3e-05,5
24097,3e-05,-2e-05,0.0,2e-05,-0.00014,-0.00016,-4e-05,-3e-05,5
24098,3e-05,-2e-05,0.0,2e-05,-0.00014,-0.00016,-4e-05,-3e-05,5
24099,3e-05,-2e-05,0.0,2e-05,-0.00014,-0.00016,-4e-05,-3e-05,5
24100,3e-05,-2e-05,0.0,2e-05,-0.00014,-0.00016,-4e-05,-3e-05,5
24101,3e-05,-2e-05,0.0,2e-05,-0.00014,-0.00016,-4e-05,-3e-05,5
24102,3e-05,-2e-05,0.0,2e-05,-0.00014,-0.00016,-4e-05,-3e-05,5
24104,3e-05,-2e-05,0.0,2e-05,-0.00014,-0.00016,-4e-05,-3e-05,5
24105,3e-05,-2e-05,0.0,2e-05,-0.00014,-0.00016,-4e-05,-3e-05,5
24106,3e-05,-2e-05,0.0,2e-05,-0.00014,-0.00016,-4e-05,-3e-05,5
24107,3e-05,-2e-05,0.0,2e-05,-0.00014,-0.00016,-4e-05,-3e-05,5
24108,3e-05,-2e-05,0.0,2e-05,-0.00014,-0.00016,-4e-05,-3e-05,5
24109,3e-05,-2e-05,0.0,2e-05,-0.00014,-0.00016,-4e-05,-3e-05,5
24110,3e-05,-2e-05,0.0,2e-05,-0.00014,-0.00016,-4e-05,-3e-05,5
24111,3e-05,-2e-05,0.0,2e-05,-0.00014,-0.00016,-4e-05,-3e-05,5
24112,3e-05,-2e-05,0.0,2e-05,-0.00014,-0.00016,-4e-05,-3e-05,5
24113,3e-05,-2e-05,0.0,2e-05,-0.00014,-0.00016,-4e-05,-3e-05,5
24114,3e-05,-2e-05,0.0,2e-05,-0.00014,-0.00016,-4e-05,-3e-05,5
24115,3e-05,-2e-05,0.0,2e-05,-0.00014,-0.00016,-4e-05,-3e-05,5
24116,-7e-05,0.0,8e-05,-0.00032,-0.00037,-8e-05,-2e-05,-2e-05,5
24117,-8e-05,-2e-05,1e-05,0.00019,-0.00015,-0.00017,-3e-05,-7e-05,5
24118,-8e-05,-2e-05,1e-05,0.00019,-0.00015,-0.00017,-3e-05,-7e-05,5
24119,-8e-05,-2e-05,1e-05,0.00019,-0.00015,-0.00017,-3e-05,-7e-05,5
24120,-8e-05,-2e-05,1e-05,0.00019,-0.00015,-0.00017,-3e-05,-7e-05,5
24121,-8e-05,-2e-05,1e-05,0.00019,-0.00015,-0.00017,-3e-05,-7e-05,5
24122,-8e-05,-2e-05,1e-05,0.00019,-0.00015,-0.00017,-3e-05,-7e-05,5
24123,-8e-05,-2e-05,1e-05,0.00019,-0.00015,-0.00017,-3e-05,-7e-05,5
24124,-8e-05,-2e-05,1e-05,0.00019,-0.00015,-0.00017,-3e-05,-7e-05,5
24125,-8e-05,-2e-05,1e-05,0.00019,-0.00015,-0.00017,-3e-05,-7e-05,5
24126,-8e-05,-2e-05,1e-05,0.00019,-0.00015,-0.00017,-3e-05,-7e-05,5
24127,-8e-05,-2e-05,1e-05,0.00019,-0.00015,-0.00017,-3e-05,-7e-05,5
24128,-8e-05,-2e-05,1e-05,0.00019,-0.00015,-0.00017,-3e-05,-7e-05,5
24129,3e-05,0.0,-2e-05,-0.0002,-9e-05,-0.00016,-7e-05,-2e-05,5
24130,3e-05,0.0,-2e-05,-0.0002,-9e-05,-0.00016,-7e-05,-2e-05,5
24131,3e-05,0.0,-2e-05,-0.0002,-9e-05,-0.00016,-7e-05,-2e-05,5
24132,3e-05,0.0,-2e-05,-0.0002,-9e-05,-0.00016,-7e-05,-2e-05,5
24133,3e-05,0.0,-2e-05,-0.0002,-9e-05,-0.00016,-7e-05,-2e-05,5
24134,3e-05,0.0,-2e-05,-0.0002,-9e-05,-0.00016,-7e-05,-2e-05,5
24135,3e-05,0.0,-2e-05,-0.0002,-9e-05,-0.00016,-7e-05,-2e-05,5
24136,3e-05,0.0,-2e-05,-0.0002,-9e-05,-0.00016,-7e-05,-2e-05,5
24139,8e-05,0.0,-5e-05,0.00012,4e-05,2e-05,0.0,2e-05,5
24140,8e-05,0.0,-5e-05,0.00012,4e-05,2e-05,0.0,2e-05,5
24141,8e-05,0.0,-5e-05,0.00012,4e-05,2e-05,0.0,2e-05,5
24142,8e-05,0.0,-5e-05,0.00012,4e-05,2e-05,0.0,2e-05,5
24143,8e-05,0.0,-5e-05,0.00012,4e-05,2e-05,0.0,2e-05,5
24144,8e-05,0.0,-5e-05,0.00012,4e-05,2e-05,0.0,2e-05,5
24145,8e-05,0.0,-5e-05,0.00012,4e-05,2e-05,0.0,2e-05,5
24146,8e-05,0.0,-5e-05,0.00012,4e-05,2e-05,0.0,2e-05,5
24147,8e-05,0.0,-5e-05,0.00012,4e-05,2e-05,0.0,2e-05,5
24148,8e-05,0.0,-5e-05,0.00012,4e-05,2e-05,0.0,2e-05,5
24149,8e-05,0.0,-5e-05,0.00012,4e-05,2e-05,0.0,2e-05,5
24150,8e-05,0.0,-5e-05,0.00012,4e-05,2e-05,0.0,2e-05,5
24151,8e-05,0.0,-5e-05,0.00012,4e-05,2e-05,0.0,2e-05,5
24152,-0.00042,-0.00013,-9e-05,-0.0002,-0.00027,-0.00016,-5e-05,-0.00015,5
24154,-0.00012,1e-05,-6e-05,-5e-05,-0.00021,0.00012,-3e-05,1e-05,5
24155,-0.00012,1e-05,-6e-05,-5e-05,-0.00021,0.00012,-3e-05,1e-05,5
24156,-0.00012,1e-05,-6e-05,-5e-05,-0.00021,0.00012,-3e-05,1e-05,5
24157,-0.00012,1e-05,-6e-05,-5e-05,-0.00021,0.00012,-3e-05,1e-05,5
24158,-0.00012,1e-05,-6e-05,-5e-05,-0.00021,0.00012,-3e-05,1e-05,5
24159,-0.00012,1e-05,-6e-05,-5e-05,-0.00021,0.00012,-3e-05,1e-05,5
24160,-0.00012,1e-05,-6e-05,-5e-05,-0.00021,0.00012,-3e-05,1e-05,5
24161,-0.00012,1e-05,-6e-05,-5e-05,-0.00021,0.00012,-3e-05,1e-05,5
24162,-0.00012,1e-05,-6e-05,-5e-05,-0.00021,0.00012,-3e-05,1e-05,5
24163,-0.00012,1e-05,-6e-05,-5e-05,-0.00021,0.00012,-3e-05,1e-05,5
24164,-0.00012,1e-05,-6e-05,-5e-05,-0.00021,0.00012,-3e-05,1e-05,5
24165,-0.00012,1e-05,-6e-05,-5e-05,-0.00021,0.00012,-3e-05,1e-05,5
24166,-0.00012,1e-05,-6e-05,-5e-05,-0.00021,0.00012,-3e-05,1e-05,5
24167,-0.00012,1e-05,-6e-05,-5e-05,-0.00021,0.00012,-3e-05,1e-05,5
24168,-0.00012,1e-05,-6e-05,-5e-05,-0.00021,0.00012,-3e-05,1e-05,5
24169,-0.00012,1e-05,-6e-05,-5e-05,-0.00021,0.00012,-3e-05,1e-05,5
24170,-0.00012,1e-05,-6e-05,-5e-05,-0.00021,0.00012,-3e-05,1e-05,5
24171,-0.00012,1e-05,-6e-05,-5e-05,-0.00021,0.00012,-3e-05,1e-05,5
24172,-0.00012,1e-05,-6e-05,-5e-05,-0.00021,0.00012,-3e-05,1e-05,5
24173,-0.00012,1e-05,-6e-05,-5e-05,-0.00021,0.00012,-3e-05,1e-05,5
24174,-0.00012,1e-05,-6e-05,-5e-05,-0.00021,0.00012,-3e-05,1e-05,5
24175,-0.00012,1e-05,-6e-05,-5e-05,-0.00021,0.00012,-3e-05,1e-05,5
24176,0.00022,7e-05,6e-05,2e-05,0.00014,6e-05,-1e-05,3e-05,5
24177,0.00022,7e-05,6e-05,2e-05,0.00014,6e-05,-1e-05,3e-05,5
24178,0.00022,7e-05,6e-05,2e-05,0.00014,6e-05,-1e-05,3e-05,5
24179,0.00022,7e-05,6e-05,2e-05,0.00014,6e-05,-1e-05,3e-05,5
24180,0.00022,7e-05,6e-05,2e-05,0.00014,6e-05,-1e-05,3e-05,5
24181,0.00022,7e-05,6e-05,2e-05,0.00014,6e-05,-1e-05,3e-05,5
24182,0.00022,7e-05,6e-05,2e-05,0.00014,6e-05,-1e-05,3e-05,5
24183,0.00022,7e-05,6e-05,2e-05,0.00014,6e-05,-1e-05,3e-05,5
24184,0.00022,7e-05,6e-05,2e-05,0.00014,6e-05,-1e-05,3e-05,5
24185,0.00022,7e-05,6e-05,2e-05,0.00014,6e-05,-1e-05,3e-05,5
24186,0.00022,7e-05,6e-05,2e-05,0.00014,6e-05,-1e-05,3e-05,5
24188,0.00022,7e-05,6e-05,2e-05,0.00014,6e-05,-1e-05,3e-05,5
24189,0.00022,7e-05,6e-05,2e-05,0.00014,6e-05,-1e-05,3e-05,5
24190,-4e-05,0.0,2e-05,0.00047,0.00054,-2e-05,-5e-05,-4e-05,5
24191,-4e-05,0.0,2e-05,0.00047,0.00054,-2e-05,-5e-05,-4e-05,5
24192,-4e-05,0.0,2e-05,0.00047,0.00054,-2e-05,-5e-05,-4e-05,5
24193,-4e-05,0.0,2e-05,0.00047,0.00054,-2e-05,-5e-05,-4e-05,5
24194,-4e-05,0.0,2e-05,0.00047,0.00054,-2e-05,-5e-05,-4e-05,5
24195,-4e-05,0.0,2e-05,0.00047,0.00054,-2e-05,-5e-05,-4e-05,5
24196,-4e-05,0.0,2e-05,0.00047,0.00054,-2e-05,-5e-05,-4e-05,5
24197,6e-05,-5e-05,-0.00011,-0.00025,-3e-05,-5e-05,-2e-05,2e-05,5
24198,6e-05,-5e-05,-0.00011,-0.00025,-3e-05,-5e-05,-2e-05,2e-05,5
24199,6e-05,-5e-05,-0.00011,-0.00025,-3e-05,-5e-05,-2e-05,2e-05,5
24200,6e-05,-5e-05,-0.00011,-0.00025,-3e-05,-5e-05,-2e-05,2e-05,5
24201,6e-05,-5e-05,-0.00011,-0.00025,-3e-05,-5e-05,-2e-05,2e-05,5
24202,6e-05,-5e-05,-0.00011,-0.00025,-3e-05,-5e-05,-2e-05,2e-05,5
24204,6e-05,-5e-05,-0.00011,-0.00025,-3e-05,-5e-05,-2e-05,2e-05,5
24205,6e-05,-5e-05,-0.00011,-0.00025,-3e-05,-5e-05,-2e-05,2e-05,5
24206,6e-05,-5e-05,-0.00011,-0.00025,-3e-05,-5e-05,-2e-05,2e-05,5
24207,6e-05,-5e-05,-0.00011,-0.00025,-3e-05,-5e-05,-2e-05,2e-05,5
24208,6e-05,-5e-05,-0.00011,-0.00025,-3e-05,-5e-05,-2e-05,2e-05,5
24209,6e-05,-5e-05,-0.00011,-0.00025,-3e-05,-5e-05,-2e-05,2e-05,5
24210,6e-05,-5e-05,-0.00011,-0.00025,-3e-05,-5e-05,-2e-05,2e-05,5
24211,6e-05,-5e-05,-0.00011,-0.00025,-3e-05,-5e-05,-2e-05,2e-05,5
24212,6e-05,-5e-05,-0.00011,-0.00025,-3e-05,-5e-05,-2e-05,2e-05,5
24213,6e-05,-5e-05,-0.00011,-0.00025,-3e-05,-5e-05,-2e-05,2e-05,5
24214,6e-05,-5e-05,-0.00011,-0.00025,-3e-05,-5e-05,-2e-05,2e-05,5
24215,6e-05,-5e-05,-0.00011,-0.00025,-3e-05,-5e-05,-2e-05,2e-05,5
24216,6e-05,-5e-05,-0.00011,-0.00025,-3e-05,-5e-05,-2e-05,2e-05,5
24217,6e-05,-5e-05,-0.00011,-0.00025,-3e-05,-5e-05,-2e-05,2e-05,5
24218,6e-05,-5e-05,-0.00011,-0.00025,-3e-05,-5e-05,-2e-05,2e-05,5
24219,6e-05,-5e-05,-0.00011,-0.00025,-3e-05,-5e-05,-2e-05,2e-05,5
24220,6e-05,-5e-05,-0.00011,-0.00025,-3e-05,-5e-05,-2e-05,2e-05,5
24221,-0.00025,-4e-05,-3e-05,-6e-05,-0.00041,9e-05,1e-05,-0.0001,5
24222,-0.00025,-4e-05,-3e-05,-6e-05,-0.00041,9e-05,1e-05,-0.0001,5
24223,-0.00025,-4e-05,-3e-05,-6e-05,-0.00041,9e-05,1e-05,-0.0001,5
24224,-0.00025,-4e-05,-3e-05,-6e-05,-0.00041,9e-05,1e-05,-0.0001,5
24225,-0.00025,-4e-05,-3e-05,-6e-05,-0.00041,9e-05,1e-05,-0.0001,5
24226,-0.00025,-4e-05,-3e-05,-6e-05,-0.00041,9e-05,1e-05,-0.0001,5
24227,-0.00025,-4e-05,-3e-05,-6e-05,-0.00041,9e-05,1e-05,-0.0001,5
24228,-0.00025,-4e-05,-3e-05,-6e-05,-0.00041,9e-05,1e-05,-0.0001,5
24229,-0.00025,-4e-05,-3e-05,-6e-05,-0.00041,9e-05,1e-05,-0.0001,5
24230,-0.00025,-4e-05,-3e-05,-6e-05,-0.00041,9e-05,1e-05,-0.0001,5
24231,-0.00025,-4e-05,-3e-05,-6e-05,-0.00041,9e-05,1e-05,-0.0001,5
24232,-0.00025,-4e-05,-3e-05,-6e-05,-0.00041,9e-05,1e-05,-0.0001,5
24233,-0.00025,-4e-05,-3e-05,-6e-05,-0.00041,9e-05,1e-05,-0.0001,5
24234,-0.00025,-4e-05,-3e-05,-6e-05,-0.00041,9e-05,1e-05,-0.0001,5
24235,-0.00025,-4e-05,-3e-05,-6e-05,-0.00041,9e-05,1e-05,-0.0001,5
24236,0.00025,7e-05,4e-05,-0.00021,-0.00075,-0.00014,-2e-05,2e-05,5
24238,0.00025,7e-05,4e-05,-0.00021,-0.00075,-0.00014,-2e-05,2e-05,5
24239,0.00025,7e-05,4e-05,-0.00021,-0.00075,-0.00014,-2e-05,2e-05,5
24240,0.00025,7e-05,4e-05,-0.00021,-0.00075,-0.00014,-2e-05,2e-05,5
24241,0.00025,7e-05,4e-05,-0.00021,-0.00075,-0.00014,-2e-05,2e-05,5
24242,0.00025,7e-05,4e-05,-0.00021,-0.00075,-0.00014,-2e-05,2e-05,5
24243,0.00025,7e-05,4e-05,-0.00021,-0.00075,-0.00014,-2e-05,2e-05,5
24244,0.00025,7e-05,4e-05,-0.00021,-0.00075,-0.00014,-2e-05,2e-05,5
24245,0.00025,7e-05,4e-05,-0.00021,-0.00075,-0.00014,-2e-05,2e-05,5
24246,0.00025,7e-05,4e-05,-0.00021,-0.00075,-0.00014,-2e-05,2e-05,5
24247,0.00025,7e-05,4e-05,-0.00021,-0.00075,-0.00014,-2e-05,2e-05,5
24248,0.00025,7e-05,4e-05,-0.00021,-0.00075,-0.00014,-2e-05,2e-05,5
24249,0.00025,7e-05,4e-05,-0.00021,-0.00075,-0.00014,-2e-05,2e-05,5
24250,0.00025,7e-05,4e-05,-0.00021,-0.00075,-0.00014,-2e-05,2e-05,5
24251,0.00025,7e-05,4e-05,-0.00021,-0.00075,-0.00014,-2e-05,2e-05,5
24252,0.00025,7e-05,4e-05,-0.00021,-0.00075,-0.00014,-2e-05,2e-05,5
24254,0.00025,7e-05,4e-05,-0.00021,-0.00075,-0.00014,-2e-05,2e-05,5
24255,0.00025,7e-05,4e-05,-0.00021,-0.00075,-0.00014,-2e-05,2e-05,5
24257,0.00025,7e-05,4e-05,-0.00021,-0.00075,-0.00014,-2e-05,2e-05,5
24258,0.00025,7e-05,4e-05,-0.00021,-0.00075,-0.00014,-2e-05,2e-05,5
24259,-0.00017,6e-05,0.00012,0.00026,0.0002,2e-05,0.0,-0.0001,5
24260,-0.00017,6e-05,0.00012,0.00026,0.0002,2e-05,0.0,-0.0001,5
24261,-0.00017,6e-05,0.00012,0.00026,0.0002,2e-05,0.0,-0.0001,5
24262,-0.00017,6e-05,0.00012,0.00026,0.0002,2e-05,0.0,-0.0001,5
24263,-0.00017,6e-05,0.00012,0.00026,0.0002,2e-05,0.0,-0.0001,5
24264,-0.00017,6e-05,0.00012,0.00026,0.0002,2e-05,0.0,-0.0001,5
24265,-0.00017,6e-05,0.00012,0.00026,0.0002,2e-05,0.0,-0.0001,5
24266,-0.00017,6e-05,0.00012,0.00026,0.0002,2e-05,0.0,-0.0001,5
24267,-0.00017,6e-05,0.00012,0.00026,0.0002,2e-05,0.0,-0.0001,5
24268,-0.00017,6e-05,0.00012,0.00026,0.0002,2e-05,0.0,-0.0001,5
24269,-0.00017,6e-05,0.00012,0.00026,0.0002,2e-05,0.0,-0.0001,5
24270,-0.00017,6e-05,0.00012,0.00026,0.0002,2e-05,0.0,-0.0001,5
24271,-0.00017,6e-05,0.00012,0.00026,0.0002,2e-05,0.0,-0.0001,5
24272,-0.00017,6e-05,0.00012,0.00026,0.0002,2e-05,0.0,-0.0001,5
24273,-0.0001,-4e-05,-1e-05,-8e-05,-0.00044,2e-05,-1e-05,-4e-05,5
24274,7e-05,0.0,9e-05,4e-05,0.00064,-0.0001,1e-05,2e-05,5
24275,7e-05,0.0,9e-05,4e-05,0.00064,-0.0001,1e-05,2e-05,5
24276,7e-05,0.0,9e-05,4e-05,0.00064,-0.0001,1e-05,2e-05,5
24277,7e-05,0.0,9e-05,4e-05,0.00064,-0.0001,1e-05,2e-05,5
24278,7e-05,0.0,9e-05,4e-05,0.00064,-0.0001,1e-05,2e-05,5
24279,7e-05,0.0,9e-05,4e-05,0.00064,-0.0001,1e-05,2e-05,5
24280,7e-05,0.0,9e-05,4e-05,0.00064,-0.0001,1e-05,2e-05,5
24281,7e-05,0.0,9e-05,4e-05,0.00064,-0.0001,1e-05,2e-05,5
24282,7e-05,0.0,9e-05,4e-05,0.00064,-0.0001,1e-05,2e-05,5
24283,7e-05,0.0,9e-05,4e-05,0.00064,-0.0001,1e-05,2e-05,5
24284,7e-05,0.0,9e-05,4e-05,0.00064,-0.0001,1e-05,2e-05,5
24285,7e-05,0.0,9e-05,4e-05,0.00064,-0.0001,1e-05,2e-05,5
24286,7e-05,0.0,9e-05,4e-05,0.00064,-0.0001,1e-05,2e-05,5
24288,7e-05,0.0,9e-05,4e-05,0.00064,-0.0001,1e-05,2e-05,5
24289,7e-05,0.0,9e-05,4e-05,0.00064,-0.0001,1e-05,2e-05,5
24290,7e-05,0.0,9e-05,4e-05,0.00064,-0.0001,1e-05,2e-05,5
24291,7e-05,0.0,9e-05,4e-05,0.00064,-0.0001,1e-05,2e-05,5
24292,7e-05,0.0,9e-05,4e-05,0.00064,-0.0001,1e-05,2e-05,5
24293,7e-05,0.0,9e-05,4e-05,0.00064,-0.0001,1e-05,2e-05,5
24294,7e-05,0.0,9e-05,4e-05,0.00064,-0.0001,1e-05,2e-05,5
24295,7e-05,0.0,9e-05,4e-05,0.00064,-0.0001,1e-05,2e-05,5
24296,3e-05,-2e-05,-3e-05,-0.0001,-0.00016,-8e-05,-6e-05,-5e-05,5
24297,-2e-05,-3e-05,1e-05,6e-05,1e-05,0.0,0.0,0.0,5
24298,-2e-05,-3e-05,1e-05,6e-05,1e-05,0.0,0.0,0.0,5
24299,-2e-05,-3e-05,1e-05,6e-05,1e-05,0.0,0.0,0.0,5
24300,-2e-05,-3e-05,1e-05,6e-05,1e-05,0.0,0.0,0.0,5
24301,-2e-05,-3e-05,1e-05,6e-05,1e-05,0.0,0.0,0.0,5
24302,-2e-05,-3e-05,1e-05,6e-05,1e-05,0.0,0.0,0.0,5
24304,-2e-05,-3e-05,1e-05,6e-05,1e-05,0.0,0.0,0.0,5
24305,-2e-05,-3e-05,1e-05,6e-05,1e-05,0.0,0.0,0.0,5
24306,-2e-05,-3e-05,1e-05,6e-05,1e-05,0.0,0.0,0.0,5
24307,-2e-05,-3e-05,1e-05,6e-05,1e-05,0.0,0.0,0.0,5
24308,-2e-05,-3e-05,1e-05,6e-05,1e-05,0.0,0.0,0.0,5
24309,-2e-05,-3e-05,1e-05,6e-05,1e-05,0.0,0.0,0.0,5
24310,-2e-05,-3e-05,1e-05,6e-05,1e-05,0.0,0.0,0.0,5
24311,-2e-05,-3e-05,1e-05,6e-05,1e-05,0.0,0.0,0.0,5
24312,-2e-05,-3e-05,1e-05,6e-05,1e-05,0.0,0.0,0.0,5
24313,-2e-05,-3e-05,1e-05,6e-05,1e-05,0.0,0.0,0.0,5
24314,-2e-05,-3e-05,1e-05,6e-05,1e-05,0.0,0.0,0.0,5
24315,-2e-05,-3e-05,1e-05,6e-05,1e-05,0.0,0.0,0.0,5
24316,-2e-05,-3e-05,1e-05,6e-05,1e-05,0.0,0.0,0.0,5
24317,-2e-05,-3e-05,1e-05,6e-05,1e-05,0.0,0.0,0.0,5
24318,-0.0001,-5e-05,-8e-05,0.00055,3e-05,0.0,-3e-05,-1e-05,5
24319,-2e-05,-3e-05,-1e-05,-0.00016,0.0004,5e-05,-1e-05,1e-05,5
24320,-2e-05,-3e-05,-1e-05,-0.00016,0.0004,5e-05,-1e-05,1e-05,5
24321,-2e-05,-3e-05,-1e-05,-0.00016,0.0004,5e-05,-1e-05,1e-05,5
24322,-2e-05,-3e-05,-1e-05,-0.00016,0.0004,5e-05,-1e-05,1e-05,5
24323,-2e-05,-3e-05,-1e-05,-0.00016,0.0004,5e-05,-1e-05,1e-05,5
24324,-2e-05,-3e-05,-1e-05,-0.00016,0.0004,5e-05,-1e-05,1e-05,5
24325,-2e-05,-3e-05,-1e-05,-0.00016,0.0004,5e-05,-1e-05,1e-05,5
24326,-2e-05,-3e-05,-1e-05,-0.00016,0.0004,5e-05,-1e-05,1e-05,5
24327,-2e-05,-3e-05,-1e-05,-0.00016,0.0004,5e-05,-1e-05,1e-05,5
24328,-2e-05,-3e-05,-1e-05,-0.00016,0.0004,5e-05,-1e-05,1e-05,5
24329,-2e-05,-3e-05,-1e-05,-0.00016,0.0004,5e-05,-1e-05,1e-05,5
24330,-2e-05,-3e-05,-1e-05,-0.00016,0.0004,5e-05,-1e-05,1e-05,5
24331,-2e-05,-3e-05,-1e-05,-0.00016,0.0004,5e-05,-1e-05,1e-05,5
24332,4e-05,-1e-05,0.0,-0.00018,-0.00027,-6e-05,-1e-05,-2e-05,5
24333,1e-05,-6e-05,-5e-05,0.00016,-0.00025,6e-05,0.0,-1e-05,5
24334,1e-05,-6e-05,-5e-05,0.00016,-0.00025,6e-05,0.0,-1e-05,5
24335,1e-05,-6e-05,-5e-05,0.00016,-0.00025,6e-05,0.0,-1e-05,5
24336,1e-05,-6e-05,-5e-05,0.00016,-0.00025,6e-05,0.0,-1e-05,5
24338,1e-05,-6e-05,-5e-05,0.00016,-0.00025,6e-05,0.0,-1e-05,5
24339,1e-05,-6e-05,-5e-05,0.00016,-0.00025,6e-05,0.0,-1e-05,5
24340,1e-05,-6e-05,-5e-05,0.00016,-0.00025,6e-05,0.0,-1e-05,5
24341,1e-05,-6e-05,-5e-05,0.00016,-0.00025,6e-05,0.0,-1e-05,5
24342,1e-05,-6e-05,-5e-05,0.00016,-0.00025,6e-05,0.0,-1e-05,5
24343,1e-05,-6e-05,-5e-05,0.00016,-0.00025,6e-05,0.0,-1e-05,5
24344,1e-05,-6e-05,-5e-05,0.00016,-0.00025,6e-05,0.0,-1e-05,5
24345,1e-05,-6e-05,-5e-05,0.00016,-0.00025,6e-05,0.0,-1e-05,5
24346,1e-05,-6e-05,-5e-05,0.00016,-0.00025,6e-05,0.0,-1e-05,5
24347,1e-05,-6e-05,-5e-05,0.00016,-0.00025,6e-05,0.0,-1e-05,5
24348,1e-05,-6e-05,-5e-05,0.00016,-0.00025,6e-05,0.0,-1e-05,5
24349,1e-05,-6e-05,-5e-05,0.00016,-0.00025,6e-05,0.0,-1e-05,5
24350,1e-05,-6e-05,-5e-05,0.00016,-0.00025,6e-05,0.0,-1e-05,5
24351,1e-05,-6e-05,-5e-05,0.00016,-0.00025,6e-05,0.0,-1e-05,5
24352,1e-05,-6e-05,-5e-05,0.00016,-0.00025,6e-05,0.0,-1e-05,5
24354,1e-05,-6e-05,-5e-05,0.00016,-0.00025,6e-05,0.0,-1e-05,5
24355,1e-05,-6e-05,-5e-05,0.00016,-0.00025,6e-05,0.0,-1e-05,5
24356,-2e-05,0.0,2e-05,-0.00026,5e-05,0.0,-1e-05,1e-05,5
24357,-0.00015,0.0001,0.00015,-0.00045,-0.00034,-2e-05,3e-05,1e-05,5
24358,-0.00015,0.0001,0.00015,-0.00045,-0.00034,-2e-05,3e-05,1e-05,5
24359,-0.00015,0.0001,0.00015,-0.00045,-0.00034,-2e-05,3e-05,1e-05,5
24360,-0.00015,0.0001,0.00015,-0.00045,-0.00034,-2e-05,3e-05,1e-05,5
24361,-0.00015,0.0001,0.00015,-0.00045,-0.00034,-2e-05,3e-05,1e-05,5
24362,-0.00015,0.0001,0.00015,-0.00045,-0.00034,-2e-05,3e-05,1e-05,5
24363,-0.00015,0.0001,0.00015,-0.00045,-0.00034,-2e-05,3e-05,1e-05,5
24364,-0.00015,0.0001,0.00015,-0.00045,-0.00034,-2e-05,3e-05,1e-05,5
24365,-0.00015,0.0001,0.00015,-0.00045,-0.00034,-2e-05,3e-05,1e-05,5
24366,-0.00015,0.0001,0.00015,-0.00045,-0.00034,-2e-05,3e-05,1e-05,5
24367,-0.00015,0.0001,0.00015,-0.00045,-0.00034,-2e-05,3e-05,1e-05,5
24368,-0.00015,0.0001,0.00015,-0.00045,-0.00034,-2e-05,3e-05,1e-05,5
24369,-0.00015,0.0001,0.00015,-0.00045,-0.00034,-2e-05,3e-05,1e-05,5
24370,-0.00015,0.0001,0.00015,-0.00045,-0.00034,-2e-05,3e-05,1e-05,5
24371,-0.00015,0.0001,0.00015,-0.00045,-0.00034,-2e-05,3e-05,1e-05,5
24372,-0.00015,0.0001,0.00015,-0.00045,-0.00034,-2e-05,3e-05,1e-05,5
24373,-0.00015,0.0001,0.00015,-0.00045,-0.00034,-2e-05,3e-05,1e-05,5
24374,-0.00015,0.0001,0.00015,-0.00045,-0.00034,-2e-05,3e-05,1e-05,5
24375,-0.00015,0.0001,0.00015,-0.00045,-0.00034,-2e-05,3e-05,1e-05,5
24376,-0.00015,0.0001,0.00015,-0.00045,-0.00034,-2e-05,3e-05,1e-05,5
24377,-0.00015,0.0001,0.00015,-0.00045,-0.00034,-2e-05,3e-05,1e-05,5
24378,6e-05,-1e-05,-5e-05,0.0002,-0.00011,5e-05,-2e-05,-2e-05,5
24379,2e-05,-1e-05,-6e-05,-9e-05,7e-05,0.00011,2e-05,-2e-05,5
24380,2e-05,-1e-05,-6e-05,-9e-05,7e-05,0.00011,2e-05,-2e-05,5
24381,2e-05,-1e-05,-6e-05,-9e-05,7e-05,0.00011,2e-05,-2e-05,5
24382,2e-05,-1e-05,-6e-05,-9e-05,7e-05,0.00011,2e-05,-2e-05,5
24383,2e-05,-1e-05,-6e-05,-9e-05,7e-05,0.00011,2e-05,-2e-05,5
24384,2e-05,-1e-05,-6e-05,-9e-05,7e-05,0.00011,2e-05,-2e-05,5
24385,2e-05,-1e-05,-6e-05,-9e-05,7e-05,0.00011,2e-05,-2e-05,5
24386,2e-05,-1e-05,-6e-05,-9e-05,7e-05,0.00011,2e-05,-2e-05,5
24388,2e-05,-1e-05,-6e-05,-9e-05,7e-05,0.00011,2e-05,-2e-05,5
24389,2e-05,-1e-05,-6e-05,-9e-05,7e-05,0.00011,2e-05,-2e-05,5
24390,2e-05,-1e-05,-6e-05,-9e-05,7e-05,0.00011,2e-05,-2e-05,5
24391,2e-05,-1e-05,-6e-05,-9e-05,7e-05,0.00011,2e-05,-2e-05,5
24392,-7e-05,-7e-05,-8e-05,0.0001,-6e-05,-9e-05,-6e-05,-1e-05,5
24393,0.0002,7e-05,0.0001,-5e-05,-9e-05,4e-05,4e-05,5e-05,5
24394,0.0002,7e-05,0.0001,-5e-05,-9e-05,4e-05,4e-05,5e-05,5
24395,0.0002,7e-05,0.0001,-5e-05,-9e-05,4e-05,4e-05,5e-05,5
24396,0.0002,7e-05,0.0001,-5e-05,-9e-05,4e-05,4e-05,5e-05,5
24397,0.0002,7e-05,0.0001,-5e-05,-9e-05,4e-05,4e-05,5e-05,5
24398,0.0002,7e-05,0.0001,-5e-05,-9e-05,4e-05,4e-05,5e-05,5
24399,0.0002,7e-05,0.0001,-5e-05,-9e-05,4e-05,4e-05,5e-05,5
24400,0.0002,7e-05,0.0001,-5e-05,-9e-05,4e-05,4e-05,5e-05,5
24401,0.0002,7e-05,0.0001,-5e-05,-9e-05,4e-05,4e-05,5e-05,5
24402,0.0002,7e-05,0.0001,-5e-05,-9e-05,4e-05,4e-05,5e-05,5
24404,0.0002,7e-05,0.0001,-5e-05,-9e-05,4e-05,4e-05,5e-05,5
24405,0.0002,7e-05,0.0001,-5e-05,-9e-05,4e-05,4e-05,5e-05,5
24406,0.0002,7e-05,0.0001,-5e-05,-9e-05,4e-05,4e-05,5e-05,5
24407,0.0002,7e-05,0.0001,-5e-05,-9e-05,4e-05,4e-05,5e-05,5
24408,0.0002,7e-05,0.0001,-5e-05,-9e-05,4e-05,4e-05,5e-05,5
24409,0.0002,7e-05,0.0001,-5e-05,-9e-05,4e-05,4e-05,5e-05,5
24410,0.0002,7e-05,0.0001,-5e-05,-9e-05,4e-05,4e-05,5e-05,5
24411,0.0002,7e-05,0.0001,-5e-05,-9e-05,4e-05,4e-05,5e-05,5
24412,0.0002,7e-05,0.0001,-5e-05,-9e-05,4e-05,4e-05,5e-05,5
24413,0.0002,7e-05,0.0001,-5e-05,-9e-05,4e-05,4e-05,5e-05,5
24414,0.0002,7e-05,0.0001,-5e-05,-9e-05,4e-05,4e-05,5e-05,5
24415,0.0002,7e-05,0.0001,-5e-05,-9e-05,4e-05,4e-05,5e-05,5
24416,-0.00015,3e-05,6e-05,0.00022,7e-05,-5e-05,-5e-05,-2e-05,5
24417,-0.00015,3e-05,6e-05,0.00022,7e-05,-5e-05,-5e-05,-2e-05,5
24418,-0.00015,3e-05,6e-05,0.00022,7e-05,-5e-05,-5e-05,-2e-05,5
24419,-0.00015,3e-05,6e-05,0.00022,7e-05,-5e-05,-5e-05,-2e-05,5
24420,-0.00015,3e-05,6e-05,0.00022,7e-05,-5e-05,-5e-05,-2e-05,5
24421,-0.00015,3e-05,6e-05,0.00022,7e-05,-5e-05,-5e-05,-2e-05,5
24422,-0.00015,3e-05,6e-05,0.00022,7e-05,-5e-05,-5e-05,-2e-05,5
24423,-0.00015,3e-05,6e-05,0.00022,7e-05,-5e-05,-5e-05,-2e-05,5
24424,-0.00015,3e-05,6e-05,0.00022,7e-05,-5e-05,-5e-05,-2e-05,5
24425,-0.00015,3e-05,6e-05,0.00022,7e-05,-5e-05,-5e-05,-2e-05,5
24426,-0.00015,3e-05,6e-05,0.00022,7e-05,-5e-05,-5e-05,-2e-05,5
24427,-0.00015,3e-05,6e-05,0.00022,7e-05,-5e-05,-5e-05,-2e-05,5
24428,-0.00015,3e-05,6e-05,0.00022,7e-05,-5e-05,-5e-05,-2e-05,5
24429,-0.00015,3e-05,6e-05,0.00022,7e-05,-5e-05,-5e-05,-2e-05,5
24430,-0.00015,3e-05,6e-05,0.00022,7e-05,-5e-05,-5e-05,-2e-05,5
24431,-0.00015,3e-05,6e-05,0.00022,7e-05,-5e-05,-5e-05,-2e-05,5
24432,-0.00015,3e-05,6e-05,0.00022,7e-05,-5e-05,-5e-05,-2e-05,5
24433,-0.00015,3e-05,6e-05,0.00022,7e-05,-5e-05,-5e-05,-2e-05,5
24434,-0.00015,3e-05,6e-05,0.00022,7e-05,-5e-05,-5e-05,-2e-05,5
24435,-0.00015,3e-05,6e-05,0.00022,7e-05,-5e-05,-5e-05,-2e-05,5
24436,-0.00015,3e-05,6e-05,0.00022,7e-05,-5e-05,-5e-05,-2e-05,5
24438,-8e-05,0.0,-9e-05,-7e-05,4e-05,1e-05,2e-05,2e-05,5
24439,8e-05,-7e-05,-0.00015,-0.00033,0.00027,-0.00019,-7e-05,-3e-05,5
24440,8e-05,-7e-05,-0.00015,-0.00033,0.00027,-0.00019,-7e-05,-3e-05,5
24441,8e-05,-7e-05,-0.00015,-0.00033,0.00027,-0.00019,-7e-05,-3e-05,5
24442,8e-05,-7e-05,-0.00015,-0.00033,0.00027,-0.00019,-7e-05,-3e-05,5
24443,8e-05,-7e-05,-0.00015,-0.00033,0.00027,-0.00019,-7e-05,-3e-05,5
24444,8e-05,-7e-05,-0.00015,-0.00033,0.00027,-0.00019,-7e-05,-3e-05,5
24445,8e-05,-7e-05,-0.00015,-0.00033,0.00027,-0.00019,-7e-05,-3e-05,5
24446,8e-05,-7e-05,-0.00015,-0.00033,0.00027,-0.00019,-7e-05,-3e-05,5
24447,8e-05,-7e-05,-0.00015,-0.00033,0.00027,-0.00019,-7e-05,-3e-05,5
24448,8e-05,-7e-05,-0.00015,-0.00033,0.00027,-0.00019,-7e-05,-3e-05,5
24449,8e-05,-7e-05,-0.00015,-0.00033,0.00027,-0.00019,-7e-05,-3e-05,5
24450,8e-05,-7e-05,-0.00015,-0.00033,0.00027,-0.00019,-7e-05,-3e-05,5
24451,8e-05,-7e-05,-0.00015,-0.00033,0.00027,-0.00019,-7e-05,-3e-05,5
24452,-2e-05,2e-05,0.0002,2e-05,-2e-05,0.00013,5e-05,0.0,5
24453,-0.00015,-0.00011,-0.00029,7e-05,8e-05,-3e-05,-2e-05,-5e-05,5
24454,-0.00015,-0.00011,-0.00029,7e-05,8e-05,-3e-05,-2e-05,-5e-05,5
24455,-0.00015,-0.00011,-0.00029,7e-05,8e-05,-3e-05,-2e-05,-5e-05,5
24456,-0.00015,-0.00011,-0.00029,7e-05,8e-05,-3e-05,-2e-05,-5e-05,5
24457,-0.00015,-0.00011,-0.00029,7e-05,8e-05,-3e-05,-2e-05,-5e-05,5
24458,-0.00015,-0.00011,-0.00029,7e-05,8e-05,-3e-05,-2e-05,-5e-05,5
24459,-0.00015,-0.00011,-0.00029,7e-05,8e-05,-3e-05,-2e-05,-5e-05,5
24460,-0.00015,-0.00011,-0.00029,7e-05,8e-05,-3e-05,-2e-05,-5e-05,5
24461,-0.00015,-0.00011,-0.00029,7e-05,8e-05,-3e-05,-2e-05,-5e-05,5
24462,-0.00015,-0.00011,-0.00029,7e-05,8e-05,-3e-05,-2e-05,-5e-05,5
24463,-0.00015,-0.00011,-0.00029,7e-05,8e-05,-3e-05,-2e-05,-5e-05,5
24464,-0.00015,-0.00011,-0.00029,7e-05,8e-05,-3e-05,-2e-05,-5e-05,5
24465,-0.00015,-0.00011,-0.00029,7e-05,8e-05,-3e-05,-2e-05,-5e-05,5
24466,-0.00015,-0.00011,-0.00029,7e-05,8e-05,-3e-05,-2e-05,-5e-05,5
24467,-0.00015,-0.00011,-0.00029,7e-05,8e-05,-3e-05,-2e-05,-5e-05,5
24468,-0.00015,-0.00011,-0.00029,7e-05,8e-05,-3e-05,-2e-05,-5e-05,5
24469,-0.00015,-0.00011,-0.00029,7e-05,8e-05,-3e-05,-2e-05,-5e-05,5
24470,-0.00015,-0.00011,-0.00029,7e-05,8e-05,-3e-05,-2e-05,-5e-05,5
24471,-0.00015,-0.00011,-0.00029,7e-05,8e-05,-3e-05,-2e-05,-5e-05,5
24472,-0.00015,-0.00011,-0.00029,7e-05,8e-05,-3e-05,-2e-05,-5e-05,5
24473,-0.00015,-0.00011,-0.00029,7e-05,8e-05,-3e-05,-2e-05,-5e-05,5
24474,-0.00015,-0.00011,-0.00029,7e-05,8e-05,-3e-05,-2e-05,-5e-05,5
24475,-0.00015,-0.00011,-0.00029,7e-05,8e-05,-3e-05,-2e-05,-5e-05,5
24476,-5e-05,-8e-05,-3e-05,9e-05,0.00027,-7e-05,-4e-05,-3e-05,5
24477,-5e-05,-8e-05,-3e-05,9e-05,0.00027,-7e-05,-4e-05,-3e-05,5
24479,-5e-05,-8e-05,-3e-05,9e-05,0.00027,-7e-05,-4e-05,-3e-05,5
24480,-5e-05,-8e-05,-3e-05,9e-05,0.00027,-7e-05,-4e-05,-3e-05,5
24481,-5e-05,-8e-05,-3e-05,9e-05,0.00027,-7e-05,-4e-05,-3e-05,5
24482,-5e-05,-8e-05,-3e-05,9e-05,0.00027,-7e-05,-4e-05,-3e-05,5
24483,-5e-05,-8e-05,-3e-05,9e-05,0.00027,-7e-05,-4e-05,-3e-05,5
24484,-5e-05,-8e-05,-3e-05,9e-05,0.00027,-7e-05,-4e-05,-3e-05,5
24485,-5e-05,-8e-05,-3e-05,9e-05,0.00027,-7e-05,-4e-05,-3e-05,0
24488,-5e-05,-8e-05,-3e-05,9e-05,0.00027,-7e-05,-4e-05,-3e-05,0
24489,-5e-05,-8e-05,-3e-05,9e-05,0.00027,-7e-05,-4e-05,-3e-05,0
24490,-5e-05,-8e-05,-3e-05,9e-05,0.00027,-7e-05,-4e-05,-3e-05,0
24491,-5e-05,-8e-05,-3e-05,9e-05,0.00027,-7e-05,-4e-05,-3e-05,0
24492,-5e-05,-8e-05,-3e-05,9e-05,0.00027,-7e-05,-4e-05,-3e-05,0
24493,-5e-05,-8e-05,-3e-05,9e-05,0.00027,-7e-05,-4e-05,-3e-05,0
24494,-5e-05,-8e-05,-3e-05,9e-05,0.00027,-7e-05,-4e-05,-3e-05,0
24495,-5e-05,-8e-05,-3e-05,9e-05,0.00027,-7e-05,-4e-05,-3e-05,0
24496,-5e-05,-8e-05,-3e-05,9e-05,0.00027,-7e-05,-4e-05,-3e-05,0
24497,-5e-05,-8e-05,-3e-05,9e-05,0.00027,-7e-05,-4e-05,-3e-05,0
24498,2e-05,7e-05,-2e-05,0.00027,0.00035,-1e-05,-1e-05,-3e-05,0
24499,0.00013,4e-05,3e-05,0.00038,-7e-05,-2e-05,-1e-05,2e-05,0
24500,0.00013,4e-05,3e-05,0.00038,-7e-05,-2e-05,-1e-05,2e-05,0
24501,0.00013,4e-05,3e-05,0.00038,-7e-05,-2e-05,-1e-05,2e-05,0
24502,0.00013,4e-05,3e-05,0.00038,-7e-05,-2e-05,-1e-05,2e-05,0
24504,0.00013,4e-05,3e-05,0.00038,-7e-05,-2e-05,-1e-05,2e-05,0
24505,0.00013,4e-05,3e-05,0.00038,-7e-05,-2e-05,-1e-05,2e-05,0
24506,0.00013,4e-05,3e-05,0.00038,-7e-05,-2e-05,-1e-05,2e-05,0
24507,0.00013,4e-05,3e-05,0.00038,-7e-05,-2e-05,-1e-05,2e-05,0
24508,0.00013,4e-05,3e-05,0.00038,-7e-05,-2e-05,-1e-05,2e-05,0
24509,0.00013,4e-05,3e-05,0.00038,-7e-05,-2e-05,-1e-05,2e-05,0
24510,0.00013,4e-05,3e-05,0.00038,-7e-05,-2e-05,-1e-05,2e-05,0
24511,0.00013,4e-05,3e-05,0.00038,-7e-05,-2e-05,-1e-05,2e-05,0
24512,1e-05,-2e-05,-4e-05,9e-05,-0.00016,7e-05,-2e-05,3e-05,0
24513,0.00018,-5e-05,-0.00023,0.00031,0.00018,2e-05,1e-05,2e-05,0
24514,0.00018,-5e-05,-0.00023,0.00031,0.00018,2e-05,1e-05,2e-05,0
24515,0.00018,-5e-05,-0.00023,0.00031,0.00018,2e-05,1e-05,2e-05,0
24516,0.00018,-5e-05,-0.00023,0.00031,0.00018,2e-05,1e-05,2e-05,0
24517,0.00018,-5e-05,-0.00023,0.00031,0.00018,2e-05,1e-05,2e-05,0
24518,0.00018,-5e-05,-0.00023,0.00031,0.00018,2e-05,1e-05,2e-05,0
24519,0.00018,-5e-05,-0.00023,0.00031,0.00018,2e-05,1e-05,2e-05,0
24520,0.00018,-5e-05,-0.00023,0.00031,0.00018,2e-05,1e-05,2e-05,0
24521,0.00018,-5e-05,-0.00023,0.00031,0.00018,2e-05,1e-05,2e-05,0
24522,0.00018,-5e-05,-0.00023,0.00031,0.00018,2e-05,1e-05,2e-05,0
24523,0.00018,-5e-05,-0.00023,0.00031,0.00018,2e-05,1e-05,2e-05,0
24524,0.00018,-5e-05,-0.00023,0.00031,0.00018,2e-05,1e-05,2e-05,0
24525,0.00018,-5e-05,-0.00023,0.00031,0.00018,2e-05,1e-05,2e-05,0
24526,0.00018,-5e-05,-0.00023,0.00031,0.00018,2e-05,1e-05,2e-05,0
24527,0.00018,-5e-05,-0.00023,0.00031,0.00018,2e-05,1e-05,2e-05,0
24528,0.00018,-5e-05,-0.00023,0.00031,0.00018,2e-05,1e-05,2e-05,0
24529,0.00018,-5e-05,-0.00023,0.00031,0.00018,2e-05,1e-05,2e-05,0
24530,0.00018,-5e-05,-0.00023,0.00031,0.00018,2e-05,1e-05,2e-05,0
24531,0.00018,-5e-05,-0.00023,0.00031,0.00018,2e-05,1e-05,2e-05,0
24532,0.00018,-5e-05,-0.00023,0.00031,0.00018,2e-05,1e-05,2e-05,0
24533,0.00018,-5e-05,-0.00023,0.00031,0.00018,2e-05,1e-05,2e-05,0
24534,0.00018,-5e-05,-0.00023,0.00031,0.00018,2e-05,1e-05,2e-05,0
24535,0.00018,-5e-05,-0.00023,0.00031,0.00018,2e-05,1e-05,2e-05,0
24536,-0.0001,0.0,0.0,-0.00031,-0.00039,1e-05,0.0,-2e-05,0
24538,-0.0001,0.0,0.0,-0.00031,-0.00039,1e-05,0.0,-2e-05,0
24539,-0.0001,0.0,0.0,-0.00031,-0.00039,1e-05,0.0,-2e-05,0
24540,-0.0001,0.0,0.0,-0.00031,-0.00039,1e-05,0.0,-2e-05,0
24541,-0.0001,0.0,0.0,-0.00031,-0.00039,1e-05,0.0,-2e-05,0
24542,-0.0001,0.0,0.0,-0.00031,-0.00039,1e-05,0.0,-2e-05,0
24543,-0.0001,0.0,0.0,-0.00031,-0.00039,1e-05,0.0,-2e-05,0
24544,-0.0001,0.0,0.0,-0.00031,-0.00039,1e-05,0.0,-2e-05,0
24545,-0.0001,0.0,0.0,-0.00031,-0.00039,1e-05,0.0,-2e-05,0
24546,-0.0001,0.0,0.0,-0.00031,-0.00039,1e-05,0.0,-2e-05,0
24547,-0.0001,0.0,0.0,-0.00031,-0.00039,1e-05,0.0,-2e-05,0
24548,-0.0001,0.0,0.0,-0.00031,-0.00039,1e-05,0.0,-2e-05,0
24549,-0.0001,0.0,0.0,-0.00031,-0.00039,1e-05,0.0,-2e-05,0
24550,-0.0001,0.0,0.0,-0.00031,-0.00039,1e-05,0.0,-2e-05,0
24551,-0.0001,0.0,0.0,-0.00031,-0.00039,1e-05,0.0,-2e-05,0
24552,-0.0001,0.0,0.0,-0.00031,-0.00039,1e-05,0.0,-2e-05,0
24554,-0.0001,0.0,0.0,-0.00031,-0.00039,1e-05,0.0,-2e-05,0
24555,-0.0001,0.0,0.0,-0.00031,-0.00039,1e-05,0.0,-2e-05,0
24556,-0.0001,0.0,0.0,-0.00031,-0.00039,1e-05,0.0,-2e-05,0
24557,-0.0001,0.0,0.0,-0.00031,-0.00039,1e-05,0.0,-2e-05,0
24558,1e-05,-2e-05,-3e-05,5e-05,0.00024,-0.00018,-6e-05,-6e-05,0
24559,-0.00011,-7e-05,3e-05,0.00016,3e-05,-2e-05,-5e-05,-4e-05,0
24560,-0.00011,-7e-05,3e-05,0.00016,3e-05,-2e-05,-5e-05,-4e-05,0
24561,-0.00011,-7e-05,3e-05,0.00016,3e-05,-2e-05,-5e-05,-4e-05,0
24562,-0.00011,-7e-05,3e-05,0.00016,3e-05,-2e-05,-5e-05,-4e-05,0
24563,-0.00011,-7e-05,3e-05,0.00016,3e-05,-2e-05,-5e-05,-4e-05,0
24564,-0.00011,-7e-05,3e-05,0.00016,3e-05,-2e-05,-5e-05,-4e-05,0
24565,-0.00011,-7e-05,3e-05,0.00016,3e-05,-2e-05,-5e-05,-4e-05,0
24566,-0.00011,-7e-05,3e-05,0.00016,3e-05,-2e-05,-5e-05,-4e-05,0
24567,-0.00011,-7e-05,3e-05,0.00016,3e-05,-2e-05,-5e-05,-4e-05,0
24568,-0.00011,-7e-05,3e-05,0.00016,3e-05,-2e-05,-5e-05,-4e-05,0
24569,-0.00011,-7e-05,3e-05,0.00016,3e-05,-2e-05,-5e-05,-4e-05,0
24570,-0.00011,-7e-05,3e-05,0.00016,3e-05,-2e-05,-5e-05,-4e-05,0
24571,-0.00011,-7e-05,3e-05,0.00016,3e-05,-2e-05,-5e-05,-4e-05,0
24572,1e-05,-2e-05,4e-05,1e-05,-0.00013,-2e-05,-1e-05,0.0,0
24573,-1e-05,2e-05,5e-05,-0.0003,-0.00027,-3e-05,1e-05,0.0,0
24574,-1e-05,2e-05,5e-05,-0.0003,-0.00027,-3e-05,1e-05,0.0,0
24575,-1e-05,2e-05,5e-05,-0.0003,-0.00027,-3e-05,1e-05,0.0,0
24576,-1e-05,2e-05,5e-05,-0.0003,-0.00027,-3e-05,1e-05,0.0,0
24577,-1e-05,2e-05,5e-05,-0.0003,-0.00027,-3e-05,1e-05,0.0,0
24578,-1e-05,2e-05,5e-05,-0.0003,-0.00027,-3e-05,1e-05,0.0,0
24579,-1e-05,2e-05,5e-05,-0.0003,-0.00027,-3e-05,1e-05,0.0,0
24580,-1e-05,2e-05,5e-05,-0.0003,-0.00027,-3e-05,1e-05,0.0,0
24581,-1e-05,2e-05,5e-05,-0.0003,-0.00027,-3e-05,1e-05,0.0,0
24582,-1e-05,2e-05,5e-05,-0.0003,-0.00027,-3e-05,1e-05,0.0,0
24583,-1e-05,2e-05,5e-05,-0.0003,-0.00027,-3e-05,1e-05,0.0,0
24584,-1e-05,2e-05,5e-05,-0.0003,-0.00027,-3e-05,1e-05,0.0,0
24585,-1e-05,2e-05,5e-05,-0.0003,-0.00027,-3e-05,1e-05,0.0,0
24586,-1e-05,2e-05,5e-05,-0.0003,-0.00027,-3e-05,1e-05,0.0,0
24588,-1e-05,2e-05,5e-05,-0.0003,-0.00027,-3e-05,1e-05,0.0,0
24589,-1e-05,2e-05,5e-05,-0.0003,-0.00027,-3e-05,1e-05,0.0,0
24590,-1e-05,2e-05,5e-05,-0.0003,-0.00027,-3e-05,1e-05,0.0,0
24591,-1e-05,2e-05,5e-05,-0.0003,-0.00027,-3e-05,1e-05,0.0,0
24592,-1e-05,2e-05,5e-05,-0.0003,-0.00027,-3e-05,1e-05,0.0,0
24593,-1e-05,2e-05,5e-05,-0.0003,-0.00027,-3e-05,1e-05,0.0,0
24594,-1e-05,2e-05,5e-05,-0.0003,-0.00027,-3e-05,1e-05,0.0,0
24595,-1e-05,2e-05,5e-05,-0.0003,-0.00027,-3e-05,1e-05,0.0,0
24596,6e-05,2e-05,3e-05,-6e-05,-0.00019,8e-05,1e-05,3e-05,0
24597,6e-05,2e-05,3e-05,-6e-05,-0.00019,8e-05,1e-05,3e-05,0
24599,6e-05,2e-05,3e-05,-6e-05,-0.00019,8e-05,1e-05,3e-05,0
24600,6e-05,2e-05,3e-05,-6e-05,-0.00019,8e-05,1e-05,3e-05,0
24601,6e-05,2e-05,3e-05,-6e-05,-0.00019,8e-05,1e-05,3e-05,0
24602,6e-05,2e-05,3e-05,-6e-05,-0.00019,8e-05,1e-05,3e-05,0
24604,6e-05,2e-05,3e-05,-6e-05,-0.00019,8e-05,1e-05,3e-05,0
24605,6e-05,2e-05,3e-05,-6e-05,-0.00019,8e-05,1e-05,3e-05,0
24606,6e-05,2e-05,3e-05,-6e-05,-0.00019,8e-05,1e-05,3e-05,0
24607,6e-05,2e-05,3e-05,-6e-05,-0.00019,8e-05,1e-05,3e-05,0
24608,6e-05,2e-05,3e-05,-6e-05,-0.00019,8e-05,1e-05,3e-05,0
24609,6e-05,2e-05,3e-05,-6e-05,-0.00019,8e-05,1e-05,3e-05,0
24610,6e-05,2e-05,3e-05,-6e-05,-0.00019,8e-05,1e-05,3e-05,0
24611,6e-05,2e-05,3e-05,-6e-05,-0.00019,8e-05,1e-05,3e-05,0
24612,6e-05,2e-05,3e-05,-6e-05,-0.00019,8e-05,1e-05,3e-05,0
24613,6e-05,2e-05,3e-05,-6e-05,-0.00019,8e-05,1e-05,3e-05,0
24614,6e-05,2e-05,3e-05,-6e-05,-0.00019,8e-05,1e-05,3e-05,0
24615,6e-05,2e-05,3e-05,-6e-05,-0.00019,8e-05,1e-05,3e-05,0
24616,6e-05,2e-05,3e-05,-6e-05,-0.00019,8e-05,1e-05,3e-05,0
24617,6e-05,2e-05,3e-05,-6e-05,-0.00019,8e-05,1e-05,3e-05,0
24618,5e-05,-1e-05,-2e-05,-0.00031,0.00017,-4e-05,0.0,2e-05,0
24619,-0.0001,-4e-05,-5e-05,-1e-05,0.00044,-1e-05,-3e-05,-3e-05,0
24620,-0.0001,-4e-05,-5e-05,-1e-05,0.00044,-1e-05,-3e-05,-3e-05,0
24621,-0.0001,-4e-05,-5e-05,-1e-05,0.00044,-1e-05,-3e-05,-3e-05,0
24622,-0.0001,-4e-05,-5e-05,-1e-05,0.00044,-1e-05,-3e-05,-3e-05,0
24623,-0.0001,-4e-05,-5e-05,-1e-05,0.00044,-1e-05,-3e-05,-3e-05,0
24624,-0.0001,-4e-05,-5e-05,-1e-05,0.00044,-1e-05,-3e-05,-3e-05,0
24625,-0.0001,-4e-05,-5e-05,-1e-05,0.00044,-1e-05,-3e-05,-3e-05,0
24626,-0.0001,-4e-05,-5e-05,-1e-05,0.00044,-1e-05,-3e-05,-3e-05,0
24627,-0.0001,-4e-05,-5e-05,-1e-05,0.00044,-1e-05,-3e-05,-3e-05,0
24628,-0.0001,-4e-05,-5e-05,-1e-05,0.00044,-1e-05,-3e-05,-3e-05,0
24629,-0.0001,-4e-05,-5e-05,-1e-05,0.00044,-1e-05,-3e-05,-3e-05,0
24630,-0.0001,-4e-05,-5e-05,-1e-05,0.00044,-1e-05,-3e-05,-3e-05,0
24631,-0.0001,-4e-05,-5e-05,-1e-05,0.00044,-1e-05,-3e-05,-3e-05,0
24632,0.00019,2e-05,1e-05,-0.00012,0.00032,4e-05,0.0,1e-05,0
24633,-0.00018,3e-05,0.00015,-0.00011,-9e-05,-3e-05,-2e-05,-5e-05,0
24634,-0.00018,3e-05,0.00015,-0.00011,-9e-05,-3e-05,-2e-05,-5e-05,0
24635,-0.00018,3e-05,0.00015,-0.00011,-9e-05,-3e-05,-2e-05,-5e-05,0
24636,-0.00018,3e-05,0.00015,-0.00011,-9e-05,-3e-05,-2e-05,-5e-05,0
24638,-0.00018,3e-05,0.00015,-0.00011,-9e-05,-3e-05,-2e-05,-5e-05,0
24639,-0.00018,3e-05,0.00015,-0.00011,-9e-05,-3e-05,-2e-05,-5e-05,0
24640,-0.00018,3e-05,0.00015,-0.00011,-9e-05,-3e-05,-2e-05,-5e-05,0
24641,-0.00018,3e-05,0.00015,-0.00011,-9e-05,-3e-05,-2e-05,-5e-05,0
24642,-0.00018,3e-05,0.00015,-0.00011,-9e-05,-3e-05,-2e-05,-5e-05,0
24643,-0.00018,3e-05,0.00015,-0.00011,-9e-05,-3e-05,-2e-05,-5e-05,0
24644,-0.00018,3e-05,0.00015,-0.00011,-9e-05,-3e-05,-2e-05,-5e-05,0
24645,-0.00018,3e-05,0.00015,-0.00011,-9e-05,-3e-05,-2e-05,-5e-05,0
24646,-0.00018,3e-05,0.00015,-0.00011,-9e-05,-3e-05,-2e-05,-5e-05,0
24647,-0.00018,3e-05,0.00015,-0.00011,-9e-05,-3e-05,-2e-05,-5e-05,0
24648,-0.00018,3e-05,0.00015,-0.00011,-9e-05,-3e-05,-2e-05,-5e-05,0
24649,-0.00018,3e-05,0.00015,-0.00011,-9e-05,-3e-05,-2e-05,-5e-05,0
24650,-0.00018,3e-05,0.00015,-0.00011,-9e-05,-3e-05,-2e-05,-5e-05,0
24651,-0.00018,3e-05,0.00015,-0.00011,-9e-05,-3e-05,-2e-05,-5e-05,0
24652,-0.00018,3e-05,0.00015,-0.00011,-9e-05,-3e-05,-2e-05,-5e-05,0
24654,-0.00018,3e-05,0.00015,-0.00011,-9e-05,-3e-05,-2e-05,-5e-05,0
24655,-0.00018,3e-05,0.00015,-0.00011,-9e-05,-3e-05,-2e-05,-5e-05,0
24656,4e-05,5e-05,6e-05,3e-05,-0.00023,-2e-05,-1e-05,3e-05,0
24657,4e-05,5e-05,6e-05,3e-05,-0.00023,-2e-05,-1e-05,3e-05,0
24658,4e-05,5e-05,6e-05,3e-05,-0.00023,-2e-05,-1e-05,3e-05,0
24659,4e-05,5e-05,6e-05,3e-05,-0.00023,-2e-05,-1e-05,3e-05,0
24660,4e-05,5e-05,6e-05,3e-05,-0.00023,-2e-05,-1e-05,3e-05,0
24661,4e-05,5e-05,6e-05,3e-05,-0.00023,-2e-05,-1e-05,3e-05,0
24662,4e-05,5e-05,6e-05,3e-05,-0.00023,-2e-05,-1e-05,3e-05,0
24663,4e-05,5e-05,6e-05,3e-05,-0.00023,-2e-05,-1e-05,3e-05,0
24664,4e-05,5e-05,6e-05,3e-05,-0.00023,-2e-05,-1e-05,3e-05,0
24665,4e-05,5e-05,6e-05,3e-05,-0.00023,-2e-05,-1e-05,3e-05,0
24666,4e-05,5e-05,6e-05,3e-05,-0.00023,-2e-05,-1e-05,3e-05,0
24667,4e-05,5e-05,6e-05,3e-05,-0.00023,-2e-05,-1e-05,3e-05,0
24668,4e-05,5e-05,6e-05,3e-05,-0.00023,-2e-05,-1e-05,3e-05,0
24669,4e-05,5e-05,6e-05,3e-05,-0.00023,-2e-05,-1e-05,3e-05,0
24670,4e-05,5e-05,6e-05,3e-05,-0.00023,-2e-05,-1e-05,3e-05,0
24671,4e-05,5e-05,6e-05,3e-05,-0.00023,-2e-05,-1e-05,3e-05,0
24672,4e-05,5e-05,6e-05,3e-05,-0.00023,-2e-05,-1e-05,3e-05,0
24673,4e-05,5e-05,6e-05,3e-05,-0.00023,-2e-05,-1e-05,3e-05,0
24674,4e-05,5e-05,6e-05,3e-05,-0.00023,-2e-05,-1e-05,3e-05,0
24675,4e-05,5e-05,6e-05,3e-05,-0.00023,-2e-05,-1e-05,3e-05,0
24676,4e-05,5e-05,6e-05,3e-05,-0.00023,-2e-05,-1e-05,3e-05,0
24677,4e-05,5e-05,6e-05,3e-05,-0.00023,-2e-05,-1e-05,3e-05,0
24678,0.00016,2e-05,2e-05,-2e-05,-1e-05,-8e-05,-2e-05,0.0,0
24679,-3e-05,-3e-05,-3e-05,2e-05,-4e-05,-4e-05,-2e-05,-3e-05,0
24680,-3e-05,-3e-05,-3e-05,2e-05,-4e-05,-4e-05,-2e-05,-3e-05,0
24681,-3e-05,-3e-05,-3e-05,2e-05,-4e-05,-4e-05,-2e-05,-3e-05,0
24682,-3e-05,-3e-05,-3e-05,2e-05,-4e-05,-4e-05,-2e-05,-3e-05,0
24683,-3e-05,-3e-05,-3e-05,2e-05,-4e-05,-4e-05,-2e-05,-3e-05,0
24684,-3e-05,-3e-05,-3e-05,2e-05,-4e-05,-4e-05,-2e-05,-3e-05,0
24685,-3e-05,-3e-05,-3e-05,2e-05,-4e-05,-4e-05,-2e-05,-3e-05,0
24686,-3e-05,-3e-05,-3e-05,2e-05,-4e-05,-4e-05,-2e-05,-3e-05,0
24688,-3e-05,-3e-05,-3e-05,2e-05,-4e-05,-4e-05,-2e-05,-3e-05,0
24689,-3e-05,-3e-05,-3e-05,2e-05,-4e-05,-4e-05,-2e-05,-3e-05,0
24690,-3e-05,-3e-05,-3e-05,2e-05,-4e-05,-4e-05,-2e-05,-3e-05,0
24691,-3e-05,-3e-05,-3e-05,2e-05,-4e-05,-4e-05,-2e-05,-3e-05,0
24692,6e-05,1e-05,0.0,3e-05,6e-05,2e-05,1e-05,1e-05,0
24693,-3e-05,-5e-05,-7e-05,-0.00036,-0.00032,-5e-05,1e-05,-2e-05,0
24694,-3e-05,-5e-05,-7e-05,-0.00036,-0.00032,-5e-05,1e-05,-2e-05,0
24695,-3e-05,-5e-05,-7e-05,-0.00036,-0.00032,-5e-05,1e-05,-2e-05,0
24696,-3e-05,-5e-05,-7e-05,-0.00036,-0.00032,-5e-05,1e-05,-2e-05,0
24697,-3e-05,-5e-05,-7e-05,-0.00036,-0.00032,-5e-05,1e-05,-2e-05,0
24698,-3e-05,-5e-05,-7e-05,-0.00036,-0.00032,-5e-05,1e-05,-2e-05,0
24699,-3e-05,-5e-05,-7e-05,-0.00036,-0.00032,-5e-05,1e-05,-2e-05,0
24700,-3e-05,-5e-05,-7e-05,-0.00036,-0.00032,-5e-05,1e-05,-2e-05,0
24701,-3e-05,-5e-05,-7e-05,-0.00036,-0.00032,-5e-05,1e-05,-2e-05,0
24702,-3e-05,-5e-05,-7e-05,-0.00036,-0.00032,-5e-05,1e-05,-2e-05,0
24704,-3e-05,-5e-05,-7e-05,-0.00036,-0.00032,-5e-05,1e-05,-2e-05,0
24705,-3e-05,-5e-05,-7e-05,-0.00036,-0.00032,-5e-05,1e-05,-2e-05,0
24706,-3e-05,-5e-05,-7e-05,-0.00036,-0.00032,-5e-05,1e-05,-2e-05,0
24707,-3e-05,-5e-05,-7e-05,-0.00036,-0.00032,-5e-05,1e-05,-2e-05,0
24708,-3e-05,-5e-05,-7e-05,-0.00036,-0.00032,-5e-05,1e-05,-2e-05,0
24709,-3e-05,-5e-05,-7e-05,-0.00036,-0.00032,-5e-05,1e-05,-2e-05,0
24710,-3e-05,-5e-05,-7e-05,-0.00036,-0.00032,-5e-05,1e-05,-2e-05,0
24711,-3e-05,-5e-05,-7e-05,-0.00036,-0.00032,-5e-05,1e-05,-2e-05,0
24712,-3e-05,-5e-05,-7e-05,-0.00036,-0.00032,-5e-05,1e-05,-2e-05,0
24713,-3e-05,-5e-05,-7e-05,-0.00036,-0.00032,-5e-05,1e-05,-2e-05,0
24714,-3e-05,-5e-05,-7e-05,-0.00036,-0.00032,-5e-05,1e-05,-2e-05,0
24715,-3e-05,-5e-05,-7e-05,-0.00036,-0.00032,-5e-05,1e-05,-2e-05,0
24716,0.0,-3e-05,3e-05,7e-05,0.00015,-3e-05,-1e-05,0.0,0
24717,0.0,-3e-05,3e-05,7e-05,0.00015,-3e-05,-1e-05,0.0,0
24718,0.0,-3e-05,3e-05,7e-05,0.00015,-3e-05,-1e-05,0.0,0
24719,0.0,-3e-05,3e-05,7e-05,0.00015,-3e-05,-1e-05,0.0,0
24720,0.0,-3e-05,3e-05,7e-05,0.00015,-3e-05,-1e-05,0.0,0
24721,0.0,-3e-05,3e-05,7e-05,0.00015,-3e-05,-1e-05,0.0,0
24722,0.0,-3e-05,3e-05,7e-05,0.00015,-3e-05,-1e-05,0.0,0
24723,0.0,-3e-05,3e-05,7e-05,0.00015,-3e-05,-1e-05,0.0,0
24724,0.0,-3e-05,3e-05,7e-05,0.00015,-3e-05,-1e-05,0.0,0
24725,0.0,-3e-05,3e-05,7e-05,0.00015,-3e-05,-1e-05,0.0,0
24726,0.0,-3e-05,3e-05,7e-05,0.00015,-3e-05,-1e-05,0.0,0
24727,0.0,-3e-05,3e-05,7e-05,0.00015,-3e-05,-1e-05,0.0,0
24728,0.0,-3e-05,3e-05,7e-05,0.00015,-3e-05,-1e-05,0.0,0
24729,0.0,-3e-05,3e-05,7e-05,0.00015,-3e-05,-1e-05,0.0,0
24730,0.0,-3e-05,3e-05,7e-05,0.00015,-3e-05,-1e-05,0.0,0
24731,0.0,-3e-05,3e-05,7e-05,0.00015,-3e-05,-1e-05,0.0,0
24732,0.0,-3e-05,3e-05,7e-05,0.00015,-3e-05,-1e-05,0.0,0
24733,0.0,-3e-05,3e-05,7e-05,0.00015,-3e-05,-1e-05,0.0,0
24734,0.0,-3e-05,3e-05,7e-05,0.00015,-3e-05,-1e-05,0.0,0
24735,0.0,-3e-05,3e-05,7e-05,0.00015,-3e-05,-1e-05,0.0,0
24736,0.0,-3e-05,3e-05,7e-05,0.00015,-3e-05,-1e-05,0.0,0
24739,4e-05,0.0,-2e-05,2e-05,0.00011,0.0,-1e-05,-1e-05,0
24740,4e-05,0.0,-2e-05,2e-05,0.00011,0.0,-1e-05,-1e-05,0
24741,4e-05,0.0,-2e-05,2e-05,0.00011,0.0,-1e-05,-1e-05,0
24742,4e-05,0.0,-2e-05,2e-05,0.00011,0.0,-1e-05,-1e-05,0
24743,4e-05,0.0,-2e-05,2e-05,0.00011,0.0,-1e-05,-1e-05,0
24744,4e-05,0.0,-2e-05,2e-05,0.00011,0.0,-1e-05,-1e-05,0
24745,4e-05,0.0,-2e-05,2e-05,0.00011,0.0,-1e-05,-1e-05,0
24746,4e-05,0.0,-2e-05,2e-05,0.00011,0.0,-1e-05,-1e-05,0
24747,4e-05,0.0,-2e-05,2e-05,0.00011,0.0,-1e-05,-1e-05,0
24748,4e-05,0.0,-2e-05,2e-05,0.00011,0.0,-1e-05,-1e-05,0
24749,4e-05,0.0,-2e-05,2e-05,0.00011,0.0,-1e-05,-1e-05,0
24750,4e-05,0.0,-2e-05,2e-05,0.00011,0.0,-1e-05,-1e-05,0
24751,4e-05,0.0,-2e-05,2e-05,0.00011,0.0,-1e-05,-1e-05,0
24752,0.0,-2e-05,-5e-05,9e-05,-0.00011,-5e-05,-1e-05,-1e-05,0
24754,0.00018,0.0,-2e-05,0.00011,8e-05,1e-05,0.0,8e-05,0
24755,0.00018,0.0,-2e-05,0.00011,8e-05,1e-05,0.0,8e-05,0
24756,0.00018,0.0,-2e-05,0.00011,8e-05,1e-05,0.0,8e-05,0
24757,0.00018,0.0,-2e-05,0.00011,8e-05,1e-05,0.0,8e-05,0
24758,0.00018,0.0,-2e-05,0.00011,8e-05,1e-05,0.0,8e-05,0
24759,0.00018,0.0,-2e-05,0.00011,8e-05,1e-05,0.0,8e-05,0
24760,0.00018,0.0,-2e-05,0.00011,8e-05,1e-05,0.0,8e-05,0
24761,0.00018,0.0,-2e-05,0.00011,8e-05,1e-05,0.0,8e-05,0
24762,0.00018,0.0,-2e-05,0.00011,8e-05,1e-05,0.0,8e-05,0
24763,0.00018,0.0,-2e-05,0.00011,8e-05,1e-05,0.0,8e-05,0
24764,0.00018,0.0,-2e-05,0.00011,8e-05,1e-05,0.0,8e-05,0
24765,0.00018,0.0,-2e-05,0.00011,8e-05,1e-05,0.0,8e-05,0
24766,0.00018,0.0,-2e-05,0.00011,8e-05,1e-05,0.0,8e-05,0
24767,0.00018,0.0,-2e-05,0.00011,8e-05,1e-05,0.0,8e-05,0
24768,0.00018,0.0,-2e-05,0.00011,8e-05,1e-05,0.0,8e-05,0
24769,0.00018,0.0,-2e-05,0.00011,8e-05,1e-05,0.0,8e-05,0
24770,0.00018,0.0,-2e-05,0.00011,8e-05,1e-05,0.0,8e-05,0
24771,0.00018,0.0,-2e-05,0.00011,8e-05,1e-05,0.0,8e-05,0
24772,0.00018,0.0,-2e-05,0.00011,8e-05,1e-05,0.0,8e-05,0
24773,0.00018,0.0,-2e-05,0.00011,8e-05,1e-05,0.0,8e-05,0
24774,0.00018,0.0,-2e-05,0.00011,8e-05,1e-05,0.0,8e-05,0
24775,0.00018,0.0,-2e-05,0.00011,8e-05,1e-05,0.0,8e-05,0
24776,8e-05,1e-05,5e-05,4e-05,8e-05,-2e-05,-1e-05,0.0,0
24777,8e-05,1e-05,5e-05,4e-05,8e-05,-2e-05,-1e-05,0.0,0
24778,8e-05,1e-05,5e-05,4e-05,8e-05,-2e-05,-1e-05,0.0,0
24779,8e-05,1e-05,5e-05,4e-05,8e-05,-2e-05,-1e-05,0.0,0
24780,8e-05,1e-05,5e-05,4e-05,8e-05,-2e-05,-1e-05,0.0,0
24781,8e-05,1e-05,5e-05,4e-05,8e-05,-2e-05,-1e-05,0.0,0
24782,8e-05,1e-05,5e-05,4e-05,8e-05,-2e-05,-1e-05,0.0,0
24783,8e-05,1e-05,5e-05,4e-05,8e-05,-2e-05,-1e-05,0.0,0
24784,8e-05,1e-05,5e-05,4e-05,8e-05,-2e-05,-1e-05,0.0,0
24785,8e-05,1e-05,5e-05,4e-05,8e-05,-2e-05,-1e-05,0.0,0
24786,8e-05,1e-05,5e-05,4e-05,8e-05,-2e-05,-1e-05,0.0,0
24788,8e-05,1e-05,5e-05,4e-05,8e-05,-2e-05,-1e-05,0.0,0
24789,8e-05,1e-05,5e-05,4e-05,8e-05,-2e-05,-1e-05,0.0,0
24790,8e-05,1e-05,5e-05,4e-05,8e-05,-2e-05,-1e-05,0.0,0
24791,8e-05,1e-05,5e-05,4e-05,8e-05,-2e-05,-1e-05,0.0,0
24792,8e-05,1e-05,5e-05,4e-05,8e-05,-2e-05,-1e-05,0.0,0
24793,8e-05,1e-05,5e-05,4e-05,8e-05,-2e-05,-1e-05,0.0,0
24794,8e-05,1e-05,5e-05,4e-05,8e-05,-2e-05,-1e-05,0.0,0
24795,8e-05,1e-05,5e-05,4e-05,8e-05,-2e-05,-1e-05,0.0,0
24796,8e-05,1e-05,5e-05,4e-05,8e-05,-2e-05,-1e-05,0.0,0
24797,8e-05,1e-05,5e-05,4e-05,8e-05,-2e-05,-1e-05,0.0,0
24798,-2e-05,-4e-05,-3e-05,4e-05,-0.00016,-2e-05,-1e-05,1e-05,0
24799,-6e-05,1e-05,3e-05,0.00017,0.00014,2e-05,-1e-05,-4e-05,0
24800,-6e-05,1e-05,3e-05,0.00017,0.00014,2e-05,-1e-05,-4e-05,0
24801,-6e-05,1e-05,3e-05,0.00017,0.00014,2e-05,-1e-05,-4e-05,0
24802,-6e-05,1e-05,3e-05,0.00017,0.00014,2e-05,-1e-05,-4e-05,0
24804,-6e-05,1e-05,3e-05,0.00017,0.00014,2e-05,-1e-05,-4e-05,0
24805,-6e-05,1e-05,3e-05,0.00017,0.00014,2e-05,-1e-05,-4e-05,0
24806,-6e-05,1e-05,3e-05,0.00017,0.00014,2e-05,-1e-05,-4e-05,0
24807,-6e-05,1e-05,3e-05,0.00017,0.00014,2e-05,-1e-05,-4e-05,0
24808,-6e-05,1e-05,3e-05,0.00017,0.00014,2e-05,-1e-05,-4e-05,0
24809,-6e-05,1e-05,3e-05,0.00017,0.00014,2e-05,-1e-05,-4e-05,0
24810,-6e-05,1e-05,3e-05,0.00017,0.00014,2e-05,-1e-05,-4e-05,0
24811,-6e-05,1e-05,3e-05,0.00017,0.00014,2e-05,-1e-05,-4e-05,0
24812,-5e-05,-2e-05,0.0,4e-05,-9e-05,-2e-05,0.0,-3e-05,0
24813,-5e-05,-2e-05,0.0,4e-05,-9e-05,-2e-05,0.0,-3e-05,0
24814,-5e-05,-2e-05,0.0,4e-05,-9e-05,-2e-05,0.0,-3e-05,0
24815,-5e-05,-2e-05,0.0,4e-05,-9e-05,-2e-05,0.0,-3e-05,0
24816,-5e-05,-2e-05,0.0,4e-05,-9e-05,-2e-05,0.0,-3e-05,0
24817,-5e-05,-2e-05,0.0,4e-05,-9e-05,-2e-05,0.0,-3e-05,0
24818,-5e-05,-2e-05,0.0,4e-05,-9e-05,-2e-05,0.0,-3e-05,0
24819,-5e-05,-2e-05,0.0,4e-05,-9e-05,-2e-05,0.0,-3e-05,0
24820,-5e-05,-2e-05,0.0,4e-05,-9e-05,-2e-05,0.0,-3e-05,0
24821,-6e-05,-1e-05,2e-05,-2e-05,-7e-05,-5e-05,-1e-05,-4e-05,0
24822,-6e-05,-1e-05,2e-05,-2e-05,-7e-05,-5e-05,-1e-05,-4e-05,0
24823,-6e-05,-1e-05,2e-05,-2e-05,-7e-05,-5e-05,-1e-05,-4e-05,0
24824,-6e-05,-1e-05,2e-05,-2e-05,-7e-05,-5e-05,-1e-05,-4e-05,0
24825,-6e-05,-1e-05,2e-05,-2e-05,-7e-05,-5e-05,-1e-05,-4e-05,0
24826,-6e-05,-1e-05,2e-05,-2e-05,-7e-05,-5e-05,-1e-05,-4e-05,0
24827,-6e-05,-1e-05,2e-05,-2e-05,-7e-05,-5e-05,-1e-05,-4e-05,0
24828,-6e-05,-1e-05,2e-05,-2e-05,-7e-05,-5e-05,-1e-05,-4e-05,0
24829,-6e-05,-1e-05,2e-05,-2e-05,-7e-05,-5e-05,-1e-05,-4e-05,0
24830,-6e-05,-1e-05,2e-05,-2e-05,-7e-05,-5e-05,-1e-05,-4e-05,0
24831,-6e-05,-1e-05,2e-05,-2e-05,-7e-05,-5e-05,-1e-05,-4e-05,0
24832,-6e-05,-1e-05,2e-05,-2e-05,-7e-05,-5e-05,-1e-05,-4e-05,0
24833,-6e-05,-1e-05,2e-05,-2e-05,-7e-05,-5e-05,-1e-05,-4e-05,0
24834,-6e-05,-1e-05,2e-05,-2e-05,-7e-05,-5e-05,-1e-05,-4e-05,0
24835,-6e-05,-1e-05,2e-05,-2e-05,-7e-05,-5e-05,-1e-05,-4e-05,0
24836,-3e-05,-4e-05,-4e-05,9e-05,2e-05,0.0,-2e-05,1e-05,0
24839,-6e-05,-4e-05,2e-05,2e-05,-0.00018,-2e-05,1e-05,-2e-05,0
24840,-6e-05,-4e-05,2e-05,2e-05,-0.00018,-2e-05,1e-05,-2e-05,0
24841,-6e-05,-4e-05,2e-05,2e-05,-0.00018,-2e-05,1e-05,-2e-05,0
24842,-6e-05,-4e-05,2e-05,2e-05,-0.00018,-2e-05,1e-05,-2e-05,0
24843,-6e-05,-4e-05,2e-05,2e-05,-0.00018,-2e-05,1e-05,-2e-05,0
24844,-6e-05,-4e-05,2e-05,2e-05,-0.00018,-2e-05,1e-05,-2e-05,0
24845,-6e-05,-4e-05,2e-05,2e-05,-0.00018,-2e-05,1e-05,-2e-05,0
24846,-6e-05,-4e-05,2e-05,2e-05,-0.00018,-2e-05,1e-05,-2e-05,0
24847,-6e-05,-4e-05,2e-05,2e-05,-0.00018,-2e-05,1e-05,-2e-05,0
24848,-6e-05,-4e-05,2e-05,2e-05,-0.00018,-2e-05,1e-05,-2e-05,0
24849,-6e-05,-4e-05,2e-05,2e-05,-0.00018,-2e-05,1e-05,-2e-05,0
24850,-6e-05,-4e-05,2e-05,2e-05,-0.00018,-2e-05,1e-05,-2e-05,0
24851,-6e-05,-4e-05,2e-05,2e-05,-0.00018,-2e-05,1e-05,-2e-05,0
24852,-6e-05,-4e-05,2e-05,2e-05,-0.00018,-2e-05,1e-05,-2e-05,0
24854,-6e-05,-4e-05,2e-05,2e-05,-0.00018,-2e-05,1e-05,-2e-05,0
24855,-6e-05,-4e-05,2e-05,2e-05,-0.00018,-2e-05,1e-05,-2e-05,0
24856,-6e-05,-4e-05,2e-05,2e-05,-0.00018,-2e-05,1e-05,-2e-05,0
24857,-6e-05,-4e-05,2e-05,2e-05,-0.00018,-2e-05,1e-05,-2e-05,0
24858,-6e-05,-4e-05,2e-05,2e-05,-0.00018,-2e-05,1e-05,-2e-05,0
24859,9e-05,2e-05,2e-05,0.0,0.00031,1e-05,1e-05,4e-05,0
24860,-5e-05,-2e-05,-3e-05,2e-05,-0.00014,0.0,-1e-05,-2e-05,0
24861,-5e-05,-2e-05,-3e-05,2e-05,-0.00014,0.0,-1e-05,-2e-05,0
24862,-5e-05,-2e-05,-3e-05,2e-05,-0.00014,0.0,-1e-05,-2e-05,0
24863,-5e-05,-2e-05,-3e-05,2e-05,-0.00014,0.0,-1e-05,-2e-05,0
24864,-5e-05,-2e-05,-3e-05,2e-05,-0.00014,0.0,-1e-05,-2e-05,0
24865,-5e-05,-2e-05,-3e-05,2e-05,-0.00014,0.0,-1e-05,-2e-05,0
24866,-5e-05,-2e-05,-3e-05,2e-05,-0.00014,0.0,-1e-05,-2e-05,0
24867,-5e-05,-2e-05,-3e-05,2e-05,-0.00014,0.0,-1e-05,-2e-05,0
24868,-5e-05,-2e-05,-3e-05,2e-05,-0.00014,0.0,-1e-05,-2e-05,0
24869,-5e-05,-2e-05,-3e-05,2e-05,-0.00014,0.0,-1e-05,-2e-05,0
24870,-5e-05,-2e-05,-3e-05,2e-05,-0.00014,0.0,-1e-05,-2e-05,0
24871,-5e-05,-2e-05,-3e-05,2e-05,-0.00014,0.0,-1e-05,-2e-05,0
24872,2e-05,-1e-05,-2e-05,9e-05,-4e-05,-1e-05,-1e-05,-2e-05,0
24873,2e-05,-1e-05,-2e-05,9e-05,-4e-05,-1e-05,-1e-05,-2e-05,0
24874,2e-05,-1e-05,-2e-05,9e-05,-4e-05,-1e-05,-1e-05,-2e-05,0
24875,2e-05,-1e-05,-2e-05,9e-05,-4e-05,-1e-05,-1e-05,-2e-05,0
24876,2e-05,-1e-05,-2e-05,9e-05,-4e-05,-1e-05,-1e-05,-2e-05,0
24877,2e-05,-1e-05,-2e-05,9e-05,-4e-05,-1e-05,-1e-05,-2e-05,0
24878,2e-05,-1e-05,-2e-05,9e-05,-4e-05,-1e-05,-1e-05,-2e-05,0
24879,2e-05,-1e-05,-2e-05,9e-05,-4e-05,-1e-05,-1e-05,-2e-05,0
24880,2e-05,-1e-05,-2e-05,9e-05,-4e-05,-1e-05,-1e-05,-2e-05,0
24881,0.00017,2e-05,3e-05,0.00022,0.00033,1e-05,-2e-05,5e-05,0
24882,0.00017,2e-05,3e-05,0.00022,0.00033,1e-05,-2e-05,5e-05,0
24883,0.00017,2e-05,3e-05,0.00022,0.00033,1e-05,-2e-05,5e-05,0
24884,0.00017,2e-05,3e-05,0.00022,0.00033,1e-05,-2e-05,5e-05,0
24885,0.00017,2e-05,3e-05,0.00022,0.00033,1e-05,-2e-05,5e-05,0
24886,0.00017,2e-05,3e-05,0.00022,0.00033,1e-05,-2e-05,5e-05,0
24888,0.00017,2e-05,3e-05,0.00022,0.00033,1e-05,-2e-05,5e-05,0
24889,0.00017,2e-05,3e-05,0.00022,0.00033,1e-05,-2e-05,5e-05,0
24890,0.00017,2e-05,3e-05,0.00022,0.00033,1e-05,-2e-05,5e-05,0
24891,0.00017,2e-05,3e-05,0.00022,0.00033,1e-05,-2e-05,5e-05,0
24892,0.00017,2e-05,3e-05,0.00022,0.00033,1e-05,-2e-05,5e-05,0
24893,0.00017,2e-05,3e-05,0.00022,0.00033,1e-05,-2e-05,5e-05,0
24894,0.00017,2e-05,3e-05,0.00022,0.00033,1e-05,-2e-05,5e-05,0
24895,0.00017,2e-05,3e-05,0.00022,0.00033,1e-05,-2e-05,5e-05,0
24896,-1e-05,2e-05,0.0,-3e-05,-0.00011,0.0,-3e-05,-1e-05,0
24897,-8e-05,-8e-05,-0.00013,-0.00012,0.0,2e-05,0.0,1e-05,0
24898,-8e-05,-8e-05,-0.00013,-0.00012,0.0,2e-05,0.0,1e-05,0
24899,-8e-05,-8e-05,-0.00013,-0.00012,0.0,2e-05,0.0,1e-05,0
24900,-8e-05,-8e-05,-0.00013,-0.00012,0.0,2e-05,0.0,1e-05,0
24901,-8e-05,-8e-05,-0.00013,-0.00012,0.0,2e-05,0.0,1e-05,0
24902,-8e-05,-8e-05,-0.00013,-0.00012,0.0,2e-05,0.0,1e-05,0
24904,-8e-05,-8e-05,-0.00013,-0.00012,0.0,2e-05,0.0,1e-05,0
24905,-8e-05,-8e-05,-0.00013,-0.00012,0.0,2e-05,0.0,1e-05,0
24906,-8e-05,-8e-05,-0.00013,-0.00012,0.0,2e-05,0.0,1e-05,0
24907,-8e-05,-8e-05,-0.00013,-0.00012,0.0,2e-05,0.0,1e-05,0
24908,-8e-05,-8e-05,-0.00013,-0.00012,0.0,2e-05,0.0,1e-05,0
24909,-8e-05,-8e-05,-0.00013,-0.00012,0.0,2e-05,0.0,1e-05,0
24910,-8e-05,-8e-05,-0.00013,-0.00012,0.0,2e-05,0.0,1e-05,0
24911,-8e-05,-8e-05,-0.00013,-0.00012,0.0,2e-05,0.0,1e-05,0
24912,-8e-05,-8e-05,-0.00013,-0.00012,0.0,2e-05,0.0,1e-05,0
24913,-8e-05,-8e-05,-0.00013,-0.00012,0.0,2e-05,0.0,1e-05,0
24914,-8e-05,-8e-05,-0.00013,-0.00012,0.0,2e-05,0.0,1e-05,0
24915,-8e-05,-8e-05,-0.00013,-0.00012,0.0,2e-05,0.0,1e-05,0
24916,-8e-05,-8e-05,-0.00013,-0.00012,0.0,2e-05,0.0,1e-05,0
24917,-8e-05,-8e-05,-0.00013,-0.00012,0.0,2e-05,0.0,1e-05,0
24918,5e-05,3e-05,1e-05,-1e-05,-0.00016,-5e-05,-1e-05,0.0,0
24919,5e-05,3e-05,1e-05,-1e-05,-0.00016,-5e-05,-1e-05,0.0,0
24920,-6e-05,-3e-05,-3e-05,-5e-05,-6e-05,-8e-05,-1e-05,-3e-05,0
24921,-6e-05,-3e-05,-3e-05,-5e-05,-6e-05,-8e-05,-1e-05,-3e-05,0
24922,-6e-05,-3e-05,-3e-05,-5e-05,-6e-05,-8e-05,-1e-05,-3e-05,0
24923,-6e-05,-3e-05,-3e-05,-5e-05,-6e-05,-8e-05,-1e-05,-3e-05,0
24924,-6e-05,-3e-05,-3e-05,-5e-05,-6e-05,-8e-05,-1e-05,-3e-05,0
24925,-6e-05,-3e-05,-3e-05,-5e-05,-6e-05,-8e-05,-1e-05,-3e-05,0
24926,-6e-05,-3e-05,-3e-05,-5e-05,-6e-05,-8e-05,-1e-05,-3e-05,0
24927,-6e-05,-3e-05,-3e-05,-5e-05,-6e-05,-8e-05,-1e-05,-3e-05,0
24928,-6e-05,-3e-05,-3e-05,-5e-05,-6e-05,-8e-05,-1e-05,-3e-05,0
24929,-6e-05,-3e-05,-3e-05,-5e-05,-6e-05,-8e-05,-1e-05,-3e-05,0
24930,-6e-05,-3e-05,-3e-05,-5e-05,-6e-05,-8e-05,-1e-05,-3e-05,0
24931,-6e-05,-3e-05,-3e-05,-5e-05,-6e-05,-8e-05,-1e-05,-3e-05,0
24932,-8e-05,-3e-05,-2e-05,5e-05,-0.0001,-2e-05,-2e-05,-2e-05,0
24933,-8e-05,-3e-05,-2e-05,5e-05,-0.0001,-2e-05,-2e-05,-2e-05,0
24934,-8e-05,-3e-05,-2e-05,5e-05,-0.0001,-2e-05,-2e-05,-2e-05,0
24935,-8e-05,-3e-05,-2e-05,5e-05,-0.0001,-2e-05,-2e-05,-2e-05,0
24936,-8e-05,-3e-05,-2e-05,5e-05,-0.0001,-2e-05,-2e-05,-2e-05,0
24938,-8e-05,-3e-05,-2e-05,5e-05,-0.0001,-2e-05,-2e-05,-2e-05,0
24939,-8e-05,-3e-05,-2e-05,5e-05,-0.0001,-2e-05,-2e-05,-2e-05,0
24940,-8e-05,-3e-05,-2e-05,5e-05,-0.0001,-2e-05,-2e-05,-2e-05,0
24941,-6e-05,0.0,-4e-05,-3e-05,7e-05,-1e-05,-2e-05,-2e-05,0
24942,-6e-05,0.0,-4e-05,-3e-05,7e-05,-1e-05,-2e-05,-2e-05,0
24943,-6e-05,0.0,-4e-05,-3e-05,7e-05,-1e-05,-2e-05,-2e-05,0
24944,-6e-05,0.0,-4e-05,-3e-05,7e-05,-1e-05,-2e-05,-2e-05,0
24945,-6e-05,0.0,-4e-05,-3e-05,7e-05,-1e-05,-2e-05,-2e-05,0
24946,-6e-05,0.0,-4e-05,-3e-05,7e-05,-1e-05,-2e-05,-2e-05,0
24947,-6e-05,0.0,-4e-05,-3e-05,7e-05,-1e-05,-2e-05,-2e-05,0
24948,-6e-05,0.0,-4e-05,-3e-05,7e-05,-1e-05,-2e-05,-2e-05,0
24949,-6e-05,0.0,-4e-05,-3e-05,7e-05,-1e-05,-2e-05,-2e-05,0
24950,-6e-05,0.0,-4e-05,-3e-05,7e-05,-1e-05,-2e-05,-2e-05,0
24951,-6e-05,0.0,-4e-05,-3e-05,7e-05,-1e-05,-2e-05,-2e-05,0
24952,-6e-05,0.0,-4e-05,-3e-05,7e-05,-1e-05,-2e-05,-2e-05,0
24954,-6e-05,0.0,-4e-05,-3e-05,7e-05,-1e-05,-2e-05,-2e-05,0
24955,-6e-05,0.0,-4e-05,-3e-05,7e-05,-1e-05,-2e-05,-2e-05,0
24956,-4e-05,-4e-05,0.0,-7e-05,-4e-05,-5e-05,2e-05,-1e-05,0
24957,2e-05,-1e-05,-1e-05,4e-05,-7e-05,2e-05,-3e-05,-2e-05,0
24958,2e-05,-1e-05,-1e-05,4e-05,-7e-05,2e-05,-3e-05,-2e-05,0
24959,2e-05,-1e-05,-1e-05,4e-05,-7e-05,2e-05,-3e-05,-2e-05,0
24960,2e-05,-1e-05,-1e-05,4e-05,-7e-05,2e-05,-3e-05,-2e-05,0
24961,2e-05,-1e-05,-1e-05,4e-05,-7e-05,2e-05,-3e-05,-2e-05,0
24962,2e-05,-1e-05,-1e-05,4e-05,-7e-05,2e-05,-3e-05,-2e-05,0
24963,2e-05,-1e-05,-1e-05,4e-05,-7e-05,2e-05,-3e-05,-2e-05,0
24964,2e-05,-1e-05,-1e-05,4e-05,-7e-05,2e-05,-3e-05,-2e-05,0
24965,2e-05,-1e-05,-1e-05,4e-05,-7e-05,2e-05,-3e-05,-2e-05,0
24966,2e-05,-1e-05,-1e-05,4e-05,-7e-05,2e-05,-3e-05,-2e-05,0
24967,2e-05,-1e-05,-1e-05,4e-05,-7e-05,2e-05,-3e-05,-2e-05,0
24968,2e-05,-1e-05,-1e-05,4e-05,-7e-05,2e-05,-3e-05,-2e-05,0
24969,2e-05,-1e-05,-1e-05,4e-05,-7e-05,2e-05,-3e-05,-2e-05,0
24970,2e-05,-1e-05,-1e-05,4e-05,-7e-05,2e-05,-3e-05,-2e-05,0
24971,2e-05,-1e-05,-1e-05,4e-05,-7e-05,2e-05,-3e-05,-2e-05,0
24972,2e-05,-1e-05,-1e-05,4e-05,-7e-05,2e-05,-3e-05,-2e-05,0
24973,2e-05,-1e-05,-1e-05,4e-05,-7e-05,2e-05,-3e-05,-2e-05,0
24974,2e-05,-1e-05,-1e-05,4e-05,-7e-05,2e-05,-3e-05,-2e-05,0
24975,2e-05,-1e-05,-1e-05,4e-05,-7e-05,2e-05,-3e-05,-2e-05,0
24976,2e-05,-1e-05,-1e-05,4e-05,-7e-05,2e-05,-3e-05,-2e-05,0
24977,2e-05,-1e-05,-1e-05,4e-05,-7e-05,2e-05,-3e-05,-2e-05,0
24978,-2e-05,0.0,3e-05,-3e-05,-1e-05,-1e-05,-3e-05,-3e-05,0
24979,-2e-05,0.0,3e-05,-3e-05,-1e-05,-1e-05,-3e-05,-3e-05,0
24980,-3e-05,-1e-05,-2e-05,-5e-05,6e-05,5e-05,1e-05,-2e-05,0
24981,-3e-05,-1e-05,-2e-05,-5e-05,6e-05,5e-05,1e-05,-2e-05,0
24982,-3e-05,-1e-05,-2e-05,-5e-05,6e-05,5e-05,1e-05,-2e-05,0
24983,-3e-05,-1e-05,-2e-05,-5e-05,6e-05,5e-05,1e-05,-2e-05,0
24984,-3e-05,-1e-05,-2e-05,-5e-05,6e-05,5e-05,1e-05,-2e-05,0
24985,-3e-05,-1e-05,-2e-05,-5e-05,6e-05,5e-05,1e-05,-2e-05,0
24986,-3e-05,-1e-05,-2e-05,-5e-05,6e-05,5e-05,1e-05,-2e-05,0
24988,-3e-05,-1e-05,-2e-05,-5e-05,6e-05,5e-05,1e-05,-2e-05,0
24989,-3e-05,-1e-05,-2e-05,-5e-05,6e-05,5e-05,1e-05,-2e-05,0
24990,-3e-05,-1e-05,-2e-05,-5e-05,6e-05,5e-05,1e-05,-2e-05,0
24991,-3e-05,-1e-05,-2e-05,-5e-05,6e-05,5e-05,1e-05,-2e-05,0
24992,-3e-05,-1e-05,-2e-05,2e-05,-3e-05,-2e-05,0.0,-1e-05,0
24993,-3e-05,-1e-05,-2e-05,2e-05,-3e-05,-2e-05,0.0,-1e-05,0
24994,-3e-05,-1e-05,-2e-05,2e-05,-3e-05,-2e-05,0.0,-1e-05,0
24995,-3e-05,-1e-05,-2e-05,2e-05,-3e-05,-2e-05,0.0,-1e-05,0
24996,-3e-05,-1e-05,-2e-05,2e-05,-3e-05,-2e-05,0.0,-1e-05,0
24997,-3e-05,-1e-05,-2e-05,2e-05,-3e-05,-2e-05,0.0,-1e-05,0
24998,-3e-05,-1e-05,-2e-05,2e-05,-3e-05,-2e-05,0.0,-1e-05,0
24999,-3e-05,-1e-05,-2e-05,2e-05,-3e-05,-2e-05,0.0,-1e-05,0
25000,-3e-05,-1e-05,-2e-05,2e-05,-3e-05,-2e-05,0.0,-1e-05,0
25001,-1e-05,3e-05,0.0,-5e-05,-0.0002,0.0,-3e-05,-3e-05,0
25002,-1e-05,3e-05,0.0,-5e-05,-0.0002,0.0,-3e-05,-3e-05,0
25004,-1e-05,3e-05,0.0,-5e-05,-0.0002,0.0,-3e-05,-3e-05,0
25005,-1e-05,3e-05,0.0,-5e-05,-0.0002,0.0,-3e-05,-3e-05,0
25006,-1e-05,3e-05,0.0,-5e-05,-0.0002,0.0,-3e-05,-3e-05,0
25007,-1e-05,3e-05,0.0,-5e-05,-0.0002,0.0,-3e-05,-3e-05,0
25008,-1e-05,3e-05,0.0,-5e-05,-0.0002,0.0,-3e-05,-3e-05,0
25009,-1e-05,3e-05,0.0,-5e-05,-0.0002,0.0,-3e-05,-3e-05,0
25010,-1e-05,3e-05,0.0,-5e-05,-0.0002,0.0,-3e-05,-3e-05,0
25011,-1e-05,3e-05,0.0,-5e-05,-0.0002,0.0,-3e-05,-3e-05,0
25012,-1e-05,3e-05,0.0,-5e-05,-0.0002,0.0,-3e-05,-3e-05,0
25013,-1e-05,3e-05,0.0,-5e-05,-0.0002,0.0,-3e-05,-3e-05,0
25014,-1e-05,3e-05,0.0,-5e-05,-0.0002,0.0,-3e-05,-3e-05,0
25015,-1e-05,3e-05,0.0,-5e-05,-0.0002,0.0,-3e-05,-3e-05,0
25016,-1e-05,-1e-05,1e-05,0.0,3e-05,-4e-05,-2e-05,-1e-05,0
25017,0.0,0.0,1e-05,-1e-05,-3e-05,2e-05,0.0,0.0,0
25018,0.0,0.0,1e-05,-1e-05,-3e-05,2e-05,0.0,0.0,0
25019,0.0,0.0,1e-05,-1e-05,-3e-05,2e-05,0.0,0.0,0
25020,0.0,0.0,1e-05,-1e-05,-3e-05,2e-05,0.0,0.0,0
25021,0.0,0.0,1e-05,-1e-05,-3e-05,2e-05,0.0,0.0,0
25022,0.0,0.0,1e-05,-1e-05,-3e-05,2e-05,0.0,0.0,0
25023,0.0,0.0,1e-05,-1e-05,-3e-05,2e-05,0.0,0.0,0
25024,0.0,0.0,1e-05,-1e-05,-3e-05,2e-05,0.0,0.0,0
25025,0.0,0.0,1e-05,-1e-05,-3e-05,2e-05,0.0,0.0,0
25026,0.0,0.0,1e-05,-1e-05,-3e-05,2e-05,0.0,0.0,0
25027,0.0,0.0,1e-05,-1e-05,-3e-05,2e-05,0.0,0.0,0
25028,0.0,0.0,1e-05,-1e-05,-3e-05,2e-05,0.0,0.0,0
25029,0.0,0.0,1e-05,-1e-05,-3e-05,2e-05,0.0,0.0,0
25030,0.0,0.0,1e-05,-1e-05,-3e-05,2e-05,0.0,0.0,0
25031,0.0,0.0,1e-05,-1e-05,-3e-05,2e-05,0.0,0.0,0
25033,0.0,0.0,1e-05,-1e-05,-3e-05,2e-05,0.0,0.0,0
25034,0.0,0.0,1e-05,-1e-05,-3e-05,2e-05,0.0,0.0,0
25035,0.0,0.0,1e-05,-1e-05,-3e-05,2e-05,0.0,0.0,0
25036,0.0,0.0,1e-05,-1e-05,-3e-05,2e-05,0.0,0.0,0
25038,0.0,0.0,1e-05,-1e-05,-3e-05,2e-05,0.0,0.0,0
25039,0.0,0.0,1e-05,-1e-05,-3e-05,2e-05,0.0,0.0,0
25040,-1e-05,0.0,0.0,0.0,1e-05,4e-05,1e-05,-1e-05,0
25041,-3e-05,-2e-05,-1e-05,-2e-05,-3e-05,-1e-05,0.0,-1e-05,0
25042,-3e-05,-2e-05,-1e-05,-2e-05,-3e-05,-1e-05,0.0,-1e-05,0
25043,-3e-05,-2e-05,-1e-05,-2e-05,-3e-05,-1e-05,0.0,-1e-05,0
25044,-3e-05,-2e-05,-1e-05,-2e-05,-3e-05,-1e-05,0.0,-1e-05,0
25045,-3e-05,-2e-05,-1e-05,-2e-05,-3e-05,-1e-05,0.0,-1e-05,0
25046,-3e-05,-2e-05,-1e-05,-2e-05,-3e-05,-1e-05,0.0,-1e-05,0
25047,-3e-05,-2e-05,-1e-05,-2e-05,-3e-05,-1e-05,0.0,-1e-05,0
25048,-3e-05,-2e-05,-1e-05,-2e-05,-3e-05,-1e-05,0.0,-1e-05,0
25049,-3e-05,-2e-05,-1e-05,-2e-05,-3e-05,-1e-05,0.0,-1e-05,0
25050,-3e-05,-2e-05,-1e-05,-2e-05,-3e-05,-1e-05,0.0,-1e-05,0
25051,-3e-05,-2e-05,-1e-05,-2e-05,-3e-05,-1e-05,0.0,-1e-05,0
25052,-1e-05,0.0,1e-05,8e-05,0.00014,-1e-05,1e-05,-1e-05,0
25054,-1e-05,0.0,1e-05,8e-05,0.00014,-1e-05,1e-05,-1e-05,0
25055,-1e-05,0.0,1e-05,8e-05,0.00014,-1e-05,1e-05,-1e-05,0
25056,-1e-05,0.0,1e-05,8e-05,0.00014,-1e-05,1e-05,-1e-05,0
25057,-1e-05,0.0,1e-05,8e-05,0.00014,-1e-05,1e-05,-1e-05,0
25058,-1e-05,0.0,1e-05,8e-05,0.00014,-1e-05,1e-05,-1e-05,0
25059,-1e-05,0.0,1e-05,8e-05,0.00014,-1e-05,1e-05,-1e-05,0
25060,-1e-05,0.0,1e-05,8e-05,0.00014,-1e-05,1e-05,-1e-05,0
25061,-2e-05,-1e-05,-1e-05,-9e-05,0.0,-2e-05,-1e-05,-2e-05,0
25062,-2e-05,-1e-05,-1e-05,-9e-05,0.0,-2e-05,-1e-05,-2e-05,0
25063,-2e-05,-1e-05,-1e-05,-9e-05,0.0,-2e-05,-1e-05,-2e-05,0
25064,-2e-05,-1e-05,-1e-05,-9e-05,0.0,-2e-05,-1e-05,-2e-05,0
25065,-2e-05,-1e-05,-1e-05,-9e-05,0.0,-2e-05,-1e-05,-2e-05,0
25066,-2e-05,-1e-05,-1e-05,-9e-05,0.0,-2e-05,-1e-05,-2e-05,0
25067,-2e-05,-1e-05,-1e-05,-9e-05,0.0,-2e-05,-1e-05,-2e-05,0
25068,-2e-05,-1e-05,-1e-05,-9e-05,0.0,-2e-05,-1e-05,-2e-05,0
25069,-2e-05,-1e-05,-1e-05,-9e-05,0.0,-2e-05,-1e-05,-2e-05,0
25070,-2e-05,-1e-05,-1e-05,-9e-05,0.0,-2e-05,-1e-05,-2e-05,0
25071,-2e-05,-1e-05,-1e-05,-9e-05,0.0,-2e-05,-1e-05,-2e-05,0
25072,-2e-05,-1e-05,-1e-05,-9e-05,0.0,-2e-05,-1e-05,-2e-05,0
25073,-2e-05,-1e-05,-1e-05,-9e-05,0.0,-2e-05,-1e-05,-2e-05,0
25074,-2e-05,-1e-05,-1e-05,-9e-05,0.0,-2e-05,-1e-05,-2e-05,0
25075,-3e-05,-2e-05,-3e-05,-1e-05,-6e-05,-1e-05,0.0,0.0,0
25076,-4e-05,-4e-05,-5e-05,1e-05,3e-05,0.0,1e-05,-2e-05,0
25077,-3e-05,-1e-05,-6e-05,0.0,-8e-05,-3e-05,-1e-05,-3e-05,0
25078,-3e-05,-1e-05,-6e-05,0.0,-8e-05,-3e-05,-1e-05,-3e-05,0
25079,-3e-05,-1e-05,-6e-05,0.0,-8e-05,-3e-05,-1e-05,-3e-05,0
25080,-3e-05,-1e-05,-6e-05,0.0,-8e-05,-3e-05,-1e-05,-3e-05,0
25081,-3e-05,-1e-05,-6e-05,0.0,-8e-05,-3e-05,-1e-05,-3e-05,0
25082,-3e-05,-1e-05,-6e-05,0.0,-8e-05,-3e-05,-1e-05,-3e-05,0
25083,-3e-05,-1e-05,-6e-05,0.0,-8e-05,-3e-05,-1e-05,-3e-05,0
25084,-3e-05,-1e-05,-6e-05,0.0,-8e-05,-3e-05,-1e-05,-3e-05,0
25085,-3e-05,-1e-05,-6e-05,0.0,-8e-05,-3e-05,-1e-05,-3e-05,0
25086,-3e-05,-1e-05,-6e-05,0.0,-8e-05,-3e-05,-1e-05,-3e-05,0
25088,-3e-05,-1e-05,-6e-05,0.0,-8e-05,-3e-05,-1e-05,-3e-05,0
25089,-3e-05,-1e-05,-6e-05,0.0,-8e-05,-3e-05,-1e-05,-3e-05,0
25090,-3e-05,-1e-05,-6e-05,0.0,-8e-05,-3e-05,-1e-05,-3e-05,0
25091,-3e-05,-1e-05,-6e-05,0.0,-8e-05,-3e-05,-1e-05,-3e-05,0
25092,-3e-05,-1e-05,-6e-05,0.0,-8e-05,-3e-05,-1e-05,-3e-05,0
25093,-3e-05,-1e-05,-6e-05,0.0,-8e-05,-3e-05,-1e-05,-3e-05,0
25094,-3e-05,-1e-05,-6e-05,0.0,-8e-05,-3e-05,-1e-05,-3e-05,0
25095,-3e-05,-1e-05,-6e-05,0.0,-8e-05,-3e-05,-1e-05,-3e-05,0
25096,-3e-05,-1e-05,-6e-05,0.0,-8e-05,-3e-05,-1e-05,-3e-05,0
25097,-3e-05,-1e-05,-6e-05,0.0,-8e-05,-3e-05,-1e-05,-3e-05,0
25098,-3e-05,-5e-05,-9e-05,-7e-05,2e-05,3e-05,1e-05,0.0,0
25099,-3e-05,-5e-05,-9e-05,-7e-05,2e-05,3e-05,1e-05,0.0,0
25100,-1e-05,2e-05,3e-05,0.00012,-0.00028,4e-05,3e-05,1e-05,0
25102,-1e-05,2e-05,3e-05,0.00012,-0.00028,4e-05,3e-05,1e-05,0
25103,-1e-05,2e-05,3e-05,0.00012,-0.00028,4e-05,3e-05,1e-05,0
25104,-1e-05,2e-05,3e-05,0.00012,-0.00028,4e-05,3e-05,1e-05,0
25105,-1e-05,2e-05,3e-05,0.00012,-0.00028,4e-05,3e-05,1e-05,0
25106,-1e-05,2e-05,3e-05,0.00012,-0.00028,4e-05,3e-05,1e-05,0
25107,-1e-05,2e-05,3e-05,0.00012,-0.00028,4e-05,3e-05,1e-05,0
25108,-1e-05,2e-05,3e-05,0.00012,-0.00028,4e-05,3e-05,1e-05,0
25109,-1e-05,2e-05,3e-05,0.00012,-0.00028,4e-05,3e-05,1e-05,0
25110,-1e-05,2e-05,3e-05,0.00012,-0.00028,4e-05,3e-05,1e-05,0
25111,-1e-05,2e-05,3e-05,0.00012,-0.00028,4e-05,3e-05,1e-05,0
25112,1e-05,1e-05,0.0,-1e-05,-1e-05,5e-05,0.0,1e-05,0
25113,1e-05,1e-05,0.0,-1e-05,-1e-05,5e-05,0.0,1e-05,0
25114,1e-05,1e-05,0.0,-1e-05,-1e-05,5e-05,0.0,1e-05,0
25115,1e-05,1e-05,0.0,-1e-05,-1e-05,5e-05,0.0,1e-05,0
25116,1e-05,1e-05,0.0,-1e-05,-1e-05,5e-05,0.0,1e-05,0
25117,1e-05,1e-05,0.0,-1e-05,-1e-05,5e-05,0.0,1e-05,0
25118,1e-05,1e-05,0.0,-1e-05,-1e-05,5e-05,0.0,1e-05,0
25119,1e-05,1e-05,0.0,-1e-05,-1e-05,5e-05,0.0,1e-05,0
25120,1e-05,1e-05,0.0,-1e-05,-1e-05,5e-05,0.0,1e-05,0
25121,-1e-05,-3e-05,-6e-05,-0.00011,6e-05,-5e-05,-2e-05,-2e-05,0
25122,-1e-05,-3e-05,-6e-05,-0.00011,6e-05,-5e-05,-2e-05,-2e-05,0
25123,-1e-05,-3e-05,-6e-05,-0.00011,6e-05,-5e-05,-2e-05,-2e-05,0
25124,-1e-05,-3e-05,-6e-05,-0.00011,6e-05,-5e-05,-2e-05,-2e-05,0
25125,-1e-05,-3e-05,-6e-05,-0.00011,6e-05,-5e-05,-2e-05,-2e-05,0
25126,-1e-05,-3e-05,-6e-05,-0.00011,6e-05,-5e-05,-2e-05,-2e-05,0
25127,-1e-05,-3e-05,-6e-05,-0.00011,6e-05,-5e-05,-2e-05,-2e-05,0
25128,-1e-05,-3e-05,-6e-05,-0.00011,6e-05,-5e-05,-2e-05,-2e-05,0
25129,-1e-05,-3e-05,-6e-05,-0.00011,6e-05,-5e-05,-2e-05,-2e-05,0
25130,-1e-05,-3e-05,-6e-05,-0.00011,6e-05,-5e-05,-2e-05,-2e-05,0
25131,-1e-05,-3e-05,-6e-05,-0.00011,6e-05,-5e-05,-2e-05,-2e-05,0
25132,-1e-05,-3e-05,-6e-05,-0.00011,6e-05,-5e-05,-2e-05,-2e-05,0
25133,-1e-05,-3e-05,-6e-05,-0.00011,6e-05,-5e-05,-2e-05,-2e-05,0
25134,-1e-05,-3e-05,-6e-05,-0.00011,6e-05,-5e-05,-2e-05,-2e-05,0
25135,-3e-05,-1e-05,-2e-05,1e-05,-6e-05,2e-05,-3e-05,0.0,0
25136,-3e-05,-1e-05,-2e-05,1e-05,-6e-05,2e-05,-3e-05,0.0,0
25138,-3e-05,-1e-05,-2e-05,1e-05,-6e-05,2e-05,-3e-05,0.0,0
25139,-3e-05,-1e-05,-2e-05,1e-05,-6e-05,2e-05,-3e-05,0.0,0
25140,-3e-05,-1e-05,-2e-05,1e-05,-6e-05,2e-05,-3e-05,0.0,0
25141,-3e-05,-1e-05,-2e-05,1e-05,-6e-05,2e-05,-3e-05,0.0,0
25142,-2e-05,-3e-05,-3e-05,-2e-05,4e-05,-3e-05,0.0,0.0,0
25143,-2e-05,-3e-05,-3e-05,-2e-05,4e-05,-3e-05,0.0,0.0,0
25144,-2e-05,-3e-05,-3e-05,-2e-05,4e-05,-3e-05,0.0,0.0,0
25145,-2e-05,-3e-05,-3e-05,-2e-05,4e-05,-3e-05,0.0,0.0,0
25146,-2e-05,-3e-05,-3e-05,-2e-05,4e-05,-3e-05,0.0,0.0,0
25147,-2e-05,-3e-05,-3e-05,-2e-05,4e-05,-3e-05,0.0,0.0,0
25148,-2e-05,-3e-05,-3e-05,-2e-05,4e-05,-3e-05,0.0,0.0,0
25149,-2e-05,-3e-05,-3e-05,-2e-05,4e-05,-3e-05,0.0,0.0,0
25150,-2e-05,-3e-05,-3e-05,-2e-05,4e-05,-3e-05,0.0,0.0,0
25151,-2e-05,-3e-05,-3e-05,-2e-05,4e-05,-3e-05,0.0,0.0,0
25152,-2e-05,-3e-05,-3e-05,-2e-05,4e-05,-3e-05,0.0,0.0,0
25154,-2e-05,-3e-05,-3e-05,-2e-05,4e-05,-3e-05,0.0,0.0,0
25155,-2e-05,-3e-05,-3e-05,-2e-05,4e-05,-3e-05,0.0,0.0,0
25156,-2e-05,-3e-05,-3e-05,-2e-05,4e-05,-3e-05,0.0,0.0,0
25157,-2e-05,-3e-05,-3e-05,-2e-05,4e-05,-3e-05,0.0,0.0,0
25158,-1e-05,-2e-05,-3e-05,-0.0001,-7e-05,-4e-05,-2e-05,-4e-05,0
25159,-1e-05,-2e-05,-3e-05,-0.0001,-7e-05,-4e-05,-2e-05,-4e-05,0
25160,-4e-05,-4e-05,-4e-05,-2e-05,8e-05,-4e-05,-1e-05,-1e-05,0
25161,-4e-05,-4e-05,-4e-05,-2e-05,8e-05,-4e-05,-1e-05,-1e-05,0
25162,-4e-05,-4e-05,-4e-05,-2e-05,8e-05,-4e-05,-1e-05,-1e-05,0
25163,-4e-05,-4e-05,-4e-05,-2e-05,8e-05,-4e-05,-1e-05,-1e-05,0
25164,-4e-05,-4e-05,-4e-05,-2e-05,8e-05,-4e-05,-1e-05,-1e-05,0
25165,-4e-05,-4e-05,-4e-05,-2e-05,8e-05,-4e-05,-1e-05,-1e-05,0
25166,-4e-05,-4e-05,-4e-05,-2e-05,8e-05,-4e-05,-1e-05,-1e-05,0
25167,-4e-05,-4e-05,-4e-05,-2e-05,8e-05,-4e-05,-1e-05,-1e-05,0
25168,-4e-05,-4e-05,-4e-05,-2e-05,8e-05,-4e-05,-1e-05,-1e-05,0
25169,-4e-05,-4e-05,-4e-05,-2e-05,8e-05,-4e-05,-1e-05,-1e-05,0
25170,-4e-05,-4e-05,-4e-05,-2e-05,8e-05,-4e-05,-1e-05,-1e-05,0
25171,-4e-05,-4e-05,-4e-05,-2e-05,8e-05,-4e-05,-1e-05,-1e-05,0
25172,-4e-05,-4e-05,-4e-05,-2e-05,8e-05,-4e-05,-1e-05,-1e-05,0
25173,-4e-05,-4e-05,-4e-05,-2e-05,8e-05,-4e-05,-1e-05,-1e-05,0
25174,-4e-05,-4e-05,-4e-05,-2e-05,8e-05,-4e-05,-1e-05,-1e-05,0
25175,-4e-05,-4e-05,-4e-05,-2e-05,8e-05,-4e-05,-1e-05,-1e-05,0
25176,-4e-05,-4e-05,-4e-05,-2e-05,8e-05,-4e-05,-1e-05,-1e-05,0
25177,-4e-05,-4e-05,-4e-05,-2e-05,8e-05,-4e-05,-1e-05,-1e-05,0
25178,-4e-05,-4e-05,-4e-05,-2e-05,8e-05,-4e-05,-1e-05,-1e-05,0
25179,-4e-05,-4e-05,-4e-05,-2e-05,8e-05,-4e-05,-1e-05,-1e-05,0
25180,-4e-05,-4e-05,-4e-05,-2e-05,8e-05,-4e-05,-1e-05,-1e-05,0
25181,-1e-05,-2e-05,-2e-05,-4e-05,0.0,-4e-05,-1e-05,-2e-05,0
25182,-1e-05,-2e-05,0.0,6e-05,1e-05,5e-05,0.0,2e-05,0
25183,-1e-05,-2e-05,0.0,6e-05,1e-05,5e-05,0.0,2e-05,0
25184,-1e-05,-2e-05,0.0,6e-05,1e-05,5e-05,0.0,2e-05,0
25185,-1e-05,-2e-05,0.0,6e-05,1e-05,5e-05,0.0,2e-05,0
25186,-1e-05,-2e-05,0.0,6e-05,1e-05,5e-05,0.0,2e-05,0
25188,-1e-05,-2e-05,0.0,6e-05,1e-05,5e-05,0.0,2e-05,0
25189,-1e-05,-2e-05,0.0,6e-05,1e-05,5e-05,0.0,2e-05,0
25190,-1e-05,-2e-05,0.0,6e-05,1e-05,5e-05,0.0,2e-05,0
25191,-1e-05,-2e-05,0.0,6e-05,1e-05,5e-05,0.0,2e-05,0
25192,-1e-05,-2e-05,0.0,6e-05,1e-05,5e-05,0.0,2e-05,0
25193,-1e-05,-2e-05,0.0,6e-05,1e-05,5e-05,0.0,2e-05,0
25194,-1e-05,-2e-05,0.0,6e-05,1e-05,5e-05,0.0,2e-05,0
25195,-1e-05,-2e-05,0.0,6e-05,1e-05,5e-05,0.0,2e-05,0
25196,-1e-05,0.0,0.0,0.0001,1e-05,-2e-05,-2e-05,-2e-05,0
25197,-1e-05,0.0,0.0,0.0001,1e-05,-2e-05,-2e-05,-2e-05,0
25198,-1e-05,0.0,0.0,0.0001,1e-05,-2e-05,-2e-05,-2e-05,0
25199,-1e-05,0.0,0.0,0.0001,1e-05,-2e-05,-2e-05,-2e-05,0
25200,-1e-05,0.0,0.0,0.0001,1e-05,-2e-05,-2e-05,-2e-05,0
25201,-1e-05,0.0,0.0,0.0001,1e-05,-2e-05,-2e-05,-2e-05,0
25202,-1e-05,-2e-05,-6e-05,-0.00015,0.00012,-4e-05,-2e-05,-2e-05,0
25204,-1e-05,-2e-05,-6e-05,-0.00015,0.00012,-4e-05,-2e-05,-2e-05,0
25205,-1e-05,-2e-05,-6e-05,-0.00015,0.00012,-4e-05,-2e-05,-2e-05,0
25206,-1e-05,-2e-05,-6e-05,-0.00015,0.00012,-4e-05,-2e-05,-2e-05,0
25207,-1e-05,-2e-05,-6e-05,-0.00015,0.00012,-4e-05,-2e-05,-2e-05,0
25208,-1e-05,-2e-05,-6e-05,-0.00015,0.00012,-4e-05,-2e-05,-2e-05,0
25209,-1e-05,-2e-05,-6e-05,-0.00015,0.00012,-4e-05,-2e-05,-2e-05,0
25210,-1e-05,-2e-05,-6e-05,-0.00015,0.00012,-4e-05,-2e-05,-2e-05,0
25211,-1e-05,-2e-05,-6e-05,-0.00015,0.00012,-4e-05,-2e-05,-2e-05,0
25212,-1e-05,-2e-05,-6e-05,-0.00015,0.00012,-4e-05,-2e-05,-2e-05,0
25213,-1e-05,-2e-05,-6e-05,-0.00015,0.00012,-4e-05,-2e-05,-2e-05,0
25214,-1e-05,-2e-05,-6e-05,-0.00015,0.00012,-4e-05,-2e-05,-2e-05,0
25215,-1e-05,-2e-05,-6e-05,-0.00015,0.00012,-4e-05,-2e-05,-2e-05,0
25216,-1e-05,-2e-05,-6e-05,-0.00015,0.00012,-4e-05,-2e-05,-2e-05,0
25217,-1e-05,-2e-05,-6e-05,-0.00015,0.00012,-4e-05,-2e-05,-2e-05,0
25218,1e-05,2e-05,-3e-05,-0.00016,-0.0001,2e-05,-4e-05,-1e-05,0
25219,1e-05,2e-05,-3e-05,-0.00016,-0.0001,2e-05,-4e-05,-1e-05,0
25220,-1e-05,-4e-05,-1e-05,-1e-05,-5e-05,-2e-05,-1e-05,1e-05,0
25221,-1e-05,-4e-05,-1e-05,-1e-05,-5e-05,-2e-05,-1e-05,1e-05,0
25222,-1e-05,-4e-05,-1e-05,-1e-05,-5e-05,-2e-05,-1e-05,1e-05,0
25223,-1e-05,-4e-05,-1e-05,-1e-05,-5e-05,-2e-05,-1e-05,1e-05,0
25224,-1e-05,-4e-05,-1e-05,-1e-05,-5e-05,-2e-05,-1e-05,1e-05,0
25225,-1e-05,-4e-05,-1e-05,-1e-05,-5e-05,-2e-05,-1e-05,1e-05,0
25226,-1e-05,-4e-05,-1e-05,-1e-05,-5e-05,-2e-05,-1e-05,1e-05,0
25227,-1e-05,-4e-05,-1e-05,-1e-05,-5e-05,-2e-05,-1e-05,1e-05,0
25228,-1e-05,-4e-05,-1e-05,-1e-05,-5e-05,-2e-05,-1e-05,1e-05,0
25229,-1e-05,-4e-05,-1e-05,-1e-05,-5e-05,-2e-05,-1e-05,1e-05,0
25230,-1e-05,-4e-05,-1e-05,-1e-05,-5e-05,-2e-05,-1e-05,1e-05,0
25231,-1e-05,-4e-05,-1e-05,-1e-05,-5e-05,-2e-05,-1e-05,1e-05,0
25232,-1e-05,-4e-05,-1e-05,-1e-05,-5e-05,-2e-05,-1e-05,1e-05,0
25233,-1e-05,-4e-05,-1e-05,-1e-05,-5e-05,-2e-05,-1e-05,1e-05,0
25234,-1e-05,-4e-05,-1e-05,-1e-05,-5e-05,-2e-05,-1e-05,1e-05,0
25235,-1e-05,-4e-05,-1e-05,-1e-05,-5e-05,-2e-05,-1e-05,1e-05,0
25236,-1e-05,-4e-05,-1e-05,-1e-05,-5e-05,-2e-05,-1e-05,1e-05,0
25238,-1e-05,-4e-05,-1e-05,-1e-05,-5e-05,-2e-05,-1e-05,1e-05,0
25239,-1e-05,-4e-05,-1e-05,-1e-05,-5e-05,-2e-05,-1e-05,1e-05,0
25240,-1e-05,-4e-05,-1e-05,-1e-05,-5e-05,-2e-05,-1e-05,1e-05,0
25241,0.0,0.0,-1e-05,0.0,0.0,1e-05,-2e-05,-2e-05,0
25243,2e-05,1e-05,0.0,-1e-05,1e-05,-3e-05,0.0,-2e-05,0
25244,2e-05,1e-05,0.0,-1e-05,1e-05,-3e-05,0.0,-2e-05,0
25245,2e-05,1e-05,0.0,-1e-05,1e-05,-3e-05,0.0,-2e-05,0
25246,2e-05,1e-05,0.0,-1e-05,1e-05,-3e-05,0.0,-2e-05,0
25247,2e-05,1e-05,0.0,-1e-05,1e-05,-3e-05,0.0,-2e-05,0
25248,2e-05,1e-05,0.0,-1e-05,1e-05,-3e-05,0.0,-2e-05,0
25249,2e-05,1e-05,0.0,-1e-05,1e-05,-3e-05,0.0,-2e-05,0
25250,2e-05,1e-05,0.0,-1e-05,1e-05,-3e-05,0.0,-2e-05,0
25251,2e-05,1e-05,0.0,-1e-05,1e-05,-3e-05,0.0,-2e-05,0
25252,2e-05,1e-05,0.0,-1e-05,1e-05,-3e-05,0.0,-2e-05,0
25254,2e-05,1e-05,0.0,-1e-05,1e-05,-3e-05,0.0,-2e-05,0
25255,0.0,-4e-05,-2e-05,-1e-05,-5e-05,0.0,-2e-05,-1e-05,0
25256,0.0,-4e-05,-2e-05,-1e-05,-5e-05,0.0,-2e-05,-1e-05,0
25257,0.0,-4e-05,-2e-05,-1e-05,-5e-05,0.0,-2e-05,-1e-05,0
25258,0.0,-4e-05,-2e-05,-1e-05,-5e-05,0.0,-2e-05,-1e-05,0
25259,0.0,-4e-05,-2e-05,-1e-05,-5e-05,0.0,-2e-05,-1e-05,0
25260,0.0,-4e-05,-2e-05,-1e-05,-5e-05,0.0,-2e-05,-1e-05,0
25261,0.0,-4e-05,-2e-05,-1e-05,-5e-05,0.0,-2e-05,-1e-05,0
25262,-1e-05,-1e-05,1e-05,1e-05,2e-05,-1e-05,-1e-05,-1e-05,0
25263,-1e-05,-1e-05,1e-05,1e-05,2e-05,-1e-05,-1e-05,-1e-05,0
25264,-1e-05,-1e-05,1e-05,1e-05,2e-05,-1e-05,-1e-05,-1e-05,0
25265,-1e-05,-1e-05,1e-05,1e-05,2e-05,-1e-05,-1e-05,-1e-05,0
25266,-1e-05,-1e-05,1e-05,1e-05,2e-05,-1e-05,-1e-05,-1e-05,0
25267,-1e-05,-1e-05,1e-05,1e-05,2e-05,-1e-05,-1e-05,-1e-05,0
25268,-1e-05,-1e-05,1e-05,1e-05,2e-05,-1e-05,-1e-05,-1e-05,0
25269,-1e-05,-1e-05,1e-05,1e-05,2e-05,-1e-05,-1e-05,-1e-05,0
25270,-1e-05,-1e-05,1e-05,1e-05,2e-05,-1e-05,-1e-05,-1e-05,0
25271,-1e-05,-1e-05,1e-05,1e-05,2e-05,-1e-05,-1e-05,-1e-05,0
25272,-1e-05,-1e-05,1e-05,1e-05,2e-05,-1e-05,-1e-05,-1e-05,0
25273,-1e-05,-1e-05,1e-05,1e-05,2e-05,-1e-05,-1e-05,-1e-05,0
25274,-1e-05,-1e-05,1e-05,1e-05,2e-05,-1e-05,-1e-05,-1e-05,0
25275,-1e-05,-1e-05,1e-05,1e-05,2e-05,-1e-05,-1e-05,-1e-05,0
25276,-1e-05,-1e-05,1e-05,1e-05,2e-05,-1e-05,-1e-05,-1e-05,0
25277,-1e-05,-1e-05,1e-05,1e-05,2e-05,-1e-05,-1e-05,-1e-05,0
25278,-2e-05,3e-05,3e-05,-1e-05,-9e-05,-1e-05,1e-05,-1e-05,0
25279,-2e-05,3e-05,3e-05,-1e-05,-9e-05,-1e-05,1e-05,-1e-05,0
25280,1e-05,1e-05,5e-05,0.0,-1e-05,-1e-05,-3e-05,-3e-05,0
25281,1e-05,1e-05,5e-05,0.0,-1e-05,-1e-05,-3e-05,-3e-05,0
25282,1e-05,1e-05,5e-05,0.0,-1e-05,-1e-05,-3e-05,-3e-05,0
25283,1e-05,1e-05,5e-05,0.0,-1e-05,-1e-05,-3e-05,-3e-05,0
25284,1e-05,1e-05,5e-05,0.0,-1e-05,-1e-05,-3e-05,-3e-05,0
25285,1e-05,1e-05,5e-05,0.0,-1e-05,-1e-05,-3e-05,-3e-05,0
25286,1e-05,1e-05,5e-05,0.0,-1e-05,-1e-05,-3e-05,-3e-05,0
25288,1e-05,1e-05,5e-05,0.0,-1e-05,-1e-05,-3e-05,-3e-05,0
25289,1e-05,1e-05,5e-05,0.0,-1e-05,-1e-05,-3e-05,-3e-05,0
25290,1e-05,1e-05,5e-05,0.0,-1e-05,-1e-05,-3e-05,-3e-05,0
25291,1e-05,1e-05,5e-05,0.0,-1e-05,-1e-05,-3e-05,-3e-05,0
25292,1e-05,1e-05,5e-05,0.0,-1e-05,-1e-05,-3e-05,-3e-05,0
25293,1e-05,1e-05,5e-05,0.0,-1e-05,-1e-05,-3e-05,-3e-05,0
25294,1e-05,1e-05,5e-05,0.0,-1e-05,-1e-05,-3e-05,-3e-05,0
25295,1e-05,1e-05,5e-05,0.0,-1e-05,-1e-05,-3e-05,-3e-05,0
25296,1e-05,1e-05,5e-05,0.0,-1e-05,-1e-05,-3e-05,-3e-05,0
25297,1e-05,1e-05,5e-05,0.0,-1e-05,-1e-05,-3e-05,-3e-05,0
25298,1e-05,1e-05,5e-05,0.0,-1e-05,-1e-05,-3e-05,-3e-05,0
25299,1e-05,1e-05,5e-05,0.0,-1e-05,-1e-05,-3e-05,-3e-05,0
25300,1e-05,1e-05,5e-05,0.0,-1e-05,-1e-05,-3e-05,-3e-05,0
25301,-1e-05,1e-05,1e-05,-0.00015,-4e-05,-4e-05,-5e-05,0.0,0
25302,-1e-05,1e-05,1e-05,-0.00015,-4e-05,-4e-05,-5e-05,0.0,0
25304,-1e-05,1e-05,1e-05,-0.00015,-4e-05,-4e-05,-5e-05,0.0,0
25305,-1e-05,1e-05,1e-05,-0.00015,-4e-05,-4e-05,-5e-05,0.0,0
25306,-1e-05,1e-05,1e-05,-0.00015,-4e-05,-4e-05,-5e-05,0.0,0
25307,-2e-05,-2e-05,-5e-05,8e-05,0.0,1e-05,-1e-05,1e-05,0
25308,-1e-05,0.0,-2e-05,0.0,-2e-05,1e-05,-1e-05,-1e-05,0
25310,-1e-05,0.0,-2e-05,0.0,-2e-05,1e-05,-1e-05,-1e-05,0
25311,-1e-05,0.0,-2e-05,0.0,-2e-05,1e-05,-1e-05,-1e-05,0
25312,-1e-05,0.0,-2e-05,0.0,-2e-05,1e-05,-1e-05,-1e-05,0
25313,-1e-05,0.0,-2e-05,0.0,-2e-05,1e-05,-1e-05,-1e-05,0
25314,-1e-05,0.0,-2e-05,0.0,-2e-05,1e-05,-1e-05,-1e-05,0
25315,-3e-05,-3e-05,-3e-05,-0.0001,1e-05,1e-05,-1e-05,-1e-05,0
25316,-3e-05,-3e-05,-3e-05,-0.0001,1e-05,1e-05,-1e-05,-1e-05,0
25317,-3e-05,-3e-05,-3e-05,-0.0001,1e-05,1e-05,-1e-05,-1e-05,0
25318,-3e-05,-3e-05,-3e-05,-0.0001,1e-05,1e-05,-1e-05,-1e-05,0
25319,-3e-05,-3e-05,-3e-05,-0.0001,1e-05,1e-05,-1e-05,-1e-05,0
25320,-3e-05,-3e-05,-3e-05,-0.0001,1e-05,1e-05,-1e-05,-1e-05,0
25321,-3e-05,-3e-05,-3e-05,-0.0001,1e-05,1e-05,-1e-05,-1e-05,0
25322,-1e-05,-2e-05,0.0,0.00029,6e-05,-1e-05,-1e-05,-1e-05,0
25323,-1e-05,-2e-05,0.0,0.00029,6e-05,-1e-05,-1e-05,-1e-05,0
25324,-1e-05,-2e-05,0.0,0.00029,6e-05,-1e-05,-1e-05,-1e-05,0
25325,-1e-05,-2e-05,0.0,0.00029,6e-05,-1e-05,-1e-05,-1e-05,0
25326,-1e-05,-2e-05,0.0,0.00029,6e-05,-1e-05,-1e-05,-1e-05,0
25327,-1e-05,-2e-05,0.0,0.00029,6e-05,-1e-05,-1e-05,-1e-05,0
25328,-1e-05,-2e-05,0.0,0.00029,6e-05,-1e-05,-1e-05,-1e-05,0
25329,-1e-05,-2e-05,0.0,0.00029,6e-05,-1e-05,-1e-05,-1e-05,0
25330,-1e-05,-2e-05,0.0,0.00029,6e-05,-1e-05,-1e-05,-1e-05,0
25331,-1e-05,-2e-05,0.0,0.00029,6e-05,-1e-05,-1e-05,-1e-05,0
25332,-1e-05,-2e-05,0.0,0.00029,6e-05,-1e-05,-1e-05,-1e-05,0
25333,-1e-05,-2e-05,0.0,0.00029,6e-05,-1e-05,-1e-05,-1e-05,0
25334,-1e-05,-2e-05,0.0,0.00029,6e-05,-1e-05,-1e-05,-1e-05,0
25335,-1e-05,-2e-05,0.0,0.00029,6e-05,-1e-05,-1e-05,-1e-05,0
25336,-1e-05,-2e-05,0.0,0.00029,6e-05,-1e-05,-1e-05,-1e-05,0
25338,0.0,0.0,2e-05,1e-05,0.0,2e-05,1e-05,-2e-05,0
25339,0.0,0.0,2e-05,1e-05,0.0,2e-05,1e-05,-2e-05,0
25340,-4e-05,-7e-05,-7e-05,-0.00017,-6e-05,4e-05,0.0,-2e-05,0
25341,-4e-05,-7e-05,-7e-05,-0.00017,-6e-05,4e-05,0.0,-2e-05,0
25342,-4e-05,-7e-05,-7e-05,-0.00017,-6e-05,4e-05,0.0,-2e-05,0
25343,-4e-05,-7e-05,-7e-05,-0.00017,-6e-05,4e-05,0.0,-2e-05,0
25344,-4e-05,-7e-05,-7e-05,-0.00017,-6e-05,4e-05,0.0,-2e-05,0
25345,-4e-05,-7e-05,-7e-05,-0.00017,-6e-05,4e-05,0.0,-2e-05,0
25346,-4e-05,-7e-05,-7e-05,-0.00017,-6e-05,4e-05,0.0,-2e-05,0
25347,-4e-05,-7e-05,-7e-05,-0.00017,-6e-05,4e-05,0.0,-2e-05,0
25350,-4e-05,-7e-05,-7e-05,-0.00017,-6e-05,4e-05,0.0,-2e-05,0
25351,-4e-05,-7e-05,-7e-05,-0.00017,-6e-05,4e-05,0.0,-2e-05,0
25352,-4e-05,-7e-05,-7e-05,-0.00017,-6e-05,4e-05,0.0,-2e-05,0
25353,-4e-05,-7e-05,-7e-05,-0.00017,-6e-05,4e-05,0.0,-2e-05,0
25354,-4e-05,-7e-05,-7e-05,-0.00017,-6e-05,4e-05,0.0,-2e-05,0
25355,-4e-05,-7e-05,-7e-05,-0.00017,-6e-05,4e-05,0.0,-2e-05,0
25356,-4e-05,-7e-05,-7e-05,-0.00017,-6e-05,4e-05,0.0,-2e-05,0
25357,-4e-05,-7e-05,-7e-05,-0.00017,-6e-05,4e-05,0.0,-2e-05,0
25358,-4e-05,-7e-05,-7e-05,-0.00017,-6e-05,4e-05,0.0,-2e-05,0
25359,-4e-05,-7e-05,-7e-05,-0.00017,-6e-05,4e-05,0.0,-2e-05,0
25360,-4e-05,-7e-05,-7e-05,-0.00017,-6e-05,4e-05,0.0,-2e-05,0
25361,-4e-05,-7e-05,-7e-05,-0.00017,-6e-05,4e-05,0.0,-2e-05,0
25362,-4e-05,-7e-05,-7e-05,-0.00017,-6e-05,4e-05,0.0,-2e-05,0
25363,-4e-05,-7e-05,-7e-05,-0.00017,-6e-05,4e-05,0.0,-2e-05,0
25364,-4e-05,-7e-05,-7e-05,-0.00017,-6e-05,4e-05,0.0,-2e-05,0
25365,-4e-05,-7e-05,-7e-05,-0.00017,-6e-05,4e-05,0.0,-2e-05,0
25366,-4e-05,-7e-05,-7e-05,-0.00017,-6e-05,4e-05,0.0,-2e-05,0
25367,-4e-05,-7e-05,-7e-05,-0.00017,-6e-05,4e-05,0.0,-2e-05,0
25368,0.0,-1e-05,-2e-05,0.0,1e-05,0.0,-2e-05,-1e-05,0
25369,0.0,-1e-05,-2e-05,0.0,1e-05,0.0,-2e-05,-1e-05,0
25370,-1e-05,0.0,1e-05,-2e-05,-2e-05,-3e-05,-1e-05,-1e-05,0
25371,-1e-05,0.0,1e-05,-2e-05,-2e-05,-3e-05,-1e-05,-1e-05,0
25372,-1e-05,0.0,1e-05,-2e-05,-2e-05,-3e-05,-1e-05,-1e-05,0
25373,-1e-05,0.0,1e-05,-2e-05,-2e-05,-3e-05,-1e-05,-1e-05,0
25374,-1e-05,0.0,1e-05,-2e-05,-2e-05,-3e-05,-1e-05,-1e-05,0
25375,-2e-05,-6e-05,-6e-05,-1e-05,-1e-05,1e-05,-1e-05,-2e-05,0
25376,-2e-05,-6e-05,-6e-05,-1e-05,-1e-05,1e-05,-1e-05,-2e-05,0
25377,-2e-05,-6e-05,-6e-05,-1e-05,-1e-05,1e-05,-1e-05,-2e-05,0
25378,-2e-05,-6e-05,-6e-05,-1e-05,-1e-05,1e-05,-1e-05,-2e-05,0
25379,-2e-05,-6e-05,-6e-05,-1e-05,-1e-05,1e-05,-1e-05,-2e-05,0
25380,-2e-05,-6e-05,-6e-05,-1e-05,-1e-05,1e-05,-1e-05,-2e-05,0
25381,-2e-05,-6e-05,-6e-05,-1e-05,-1e-05,1e-05,-1e-05,-2e-05,0
25382,-1e-05,-1e-05,-1e-05,1e-05,-2e-05,-3e-05,-2e-05,-1e-05,0
25383,-1e-05,-1e-05,-1e-05,1e-05,-2e-05,-3e-05,-2e-05,-1e-05,0
25384,-1e-05,-1e-05,-1e-05,1e-05,-2e-05,-3e-05,-2e-05,-1e-05,0
25385,-1e-05,-1e-05,-1e-05,1e-05,-2e-05,-3e-05,-2e-05,-1e-05,0
25386,-1e-05,-1e-05,-1e-05,1e-05,-2e-05,-3e-05,-2e-05,-1e-05,0
25388,-1e-05,-1e-05,-1e-05,1e-05,-2e-05,-3e-05,-2e-05,-1e-05,0
25389,-1e-05,-1e-05,-1e-05,1e-05,-2e-05,-3e-05,-2e-05,-1e-05,0
25390,-1e-05,-1e-05,-1e-05,1e-05,-2e-05,-3e-05,-2e-05,-1e-05,0
25391,-1e-05,-1e-05,-1e-05,1e-05,-2e-05,-3e-05,-2e-05,-1e-05,0
25392,-1e-05,-1e-05,-1e-05,1e-05,-2e-05,-3e-05,-2e-05,-1e-05,0
25393,-1e-05,-1e-05,-1e-05,1e-05,-2e-05,-3e-05,-2e-05,-1e-05,0
25394,-1e-05,-1e-05,-1e-05,1e-05,-2e-05,-3e-05,-2e-05,-1e-05,0
25395,-1e-05,-1e-05,-1e-05,1e-05,-2e-05,-3e-05,-2e-05,-1e-05,0
25396,-1e-05,-1e-05,-1e-05,1e-05,-2e-05,-3e-05,-2e-05,-1e-05,0
25397,0.0,2e-05,2e-05,5e-05,-1e-05,-3e-05,-2e-05,-1e-05,0
25398,0.0,2e-05,2e-05,5e-05,-1e-05,-3e-05,-2e-05,-1e-05,0
25399,0.0,2e-05,2e-05,5e-05,-1e-05,-3e-05,-2e-05,-1e-05,0
25400,0.0,2e-05,2e-05,5e-05,-1e-05,-3e-05,-2e-05,-1e-05,0
25401,0.0,2e-05,2e-05,5e-05,-1e-05,-3e-05,-2e-05,-1e-05,0
25402,0.0,2e-05,2e-05,5e-05,-1e-05,-3e-05,-2e-05,-1e-05,0
25404,0.0,2e-05,2e-05,5e-05,-1e-05,-3e-05,-2e-05,-1e-05,0
25405,0.0,2e-05,2e-05,5e-05,-1e-05,-3e-05,-2e-05,-1e-05,0
25406,-2e-05,-2e-05,-4e-05,-6e-05,-5e-05,-1e-05,0.0,-1e-05,0
25407,-2e-05,-2e-05,-4e-05,-6e-05,-5e-05,-1e-05,0.0,-1e-05,0
25408,-2e-05,-2e-05,-4e-05,-6e-05,-5e-05,-1e-05,0.0,-1e-05,0
25409,-2e-05,-2e-05,-4e-05,-6e-05,-5e-05,-1e-05,0.0,-1e-05,0
25410,-2e-05,-2e-05,-4e-05,-6e-05,-5e-05,-1e-05,0.0,-1e-05,0
25411,-2e-05,-2e-05,-4e-05,-6e-05,-5e-05,-1e-05,0.0,-1e-05,0
25412,-2e-05,-2e-05,-4e-05,-6e-05,-5e-05,-1e-05,0.0,-1e-05,0
25413,-2e-05,-2e-05,-4e-05,-6e-05,-5e-05,-1e-05,0.0,-1e-05,0
25414,-2e-05,-2e-05,-4e-05,-6e-05,-5e-05,-1e-05,0.0,-1e-05,0
25415,-2e-05,-2e-05,-4e-05,-6e-05,-5e-05,-1e-05,0.0,-1e-05,0
25416,-2e-05,-2e-05,-4e-05,-6e-05,-5e-05,-1e-05,0.0,-1e-05,0
25417,-2e-05,-2e-05,-4e-05,-6e-05,-5e-05,-1e-05,0.0,-1e-05,0
25418,-2e-05,-2e-05,-4e-05,-6e-05,-5e-05,-1e-05,0.0,-1e-05,0
25419,-2e-05,-2e-05,-4e-05,-6e-05,-5e-05,-1e-05,0.0,-1e-05,0
25420,-2e-05,-2e-05,-4e-05,-6e-05,-5e-05,-1e-05,0.0,-1e-05,0
25421,0.0,-3e-05,-3e-05,2e-05,-1e-05,-2e-05,-1e-05,1e-05,0
25422,0.0,1e-05,3e-05,0.0,-4e-05,0.0,-2e-05,0.0,0
25423,0.0,1e-05,3e-05,0.0,-4e-05,0.0,-2e-05,0.0,0
25424,0.0,1e-05,3e-05,0.0,-4e-05,0.0,-2e-05,0.0,0
25425,0.0,1e-05,3e-05,0.0,-4e-05,0.0,-2e-05,0.0,0
25426,0.0,1e-05,3e-05,0.0,-4e-05,0.0,-2e-05,0.0,0
25427,0.0,1e-05,3e-05,0.0,-4e-05,0.0,-2e-05,0.0,0
25428,0.0,1e-05,3e-05,0.0,-4e-05,0.0,-2e-05,0.0,0
25429,0.0,1e-05,3e-05,0.0,-4e-05,0.0,-2e-05,0.0,0
25430,0.0,1e-05,3e-05,0.0,-4e-05,0.0,-2e-05,0.0,0
25431,0.0,1e-05,3e-05,0.0,-4e-05,0.0,-2e-05,0.0,0
25432,0.0,1e-05,3e-05,0.0,-4e-05,0.0,-2e-05,0.0,0
25433,0.0,1e-05,3e-05,0.0,-4e-05,0.0,-2e-05,0.0,0
25434,0.0,1e-05,3e-05,0.0,-4e-05,0.0,-2e-05,0.0,0
25435,-4e-05,-3e-05,-2e-05,-1e-05,2e-05,2e-05,0.0,-3e-05,0
25436,-4e-05,-3e-05,-2e-05,-1e-05,2e-05,2e-05,0.0,-3e-05,0
25438,-4e-05,-3e-05,-2e-05,-1e-05,2e-05,2e-05,0.0,-3e-05,0
25439,-4e-05,-3e-05,-2e-05,-1e-05,2e-05,2e-05,0.0,-3e-05,0
25440,-4e-05,-3e-05,-2e-05,-1e-05,2e-05,2e-05,0.0,-3e-05,0
25441,-4e-05,-3e-05,-2e-05,-1e-05,2e-05,2e-05,0.0,-3e-05,0
25442,1e-05,3e-05,3e-05,-2e-05,0.0,-8e-05,-2e-05,0.0,0
25443,1e-05,3e-05,3e-05,-2e-05,0.0,-8e-05,-2e-05,0.0,0
25444,1e-05,3e-05,3e-05,-2e-05,0.0,-8e-05,-2e-05,0.0,0
25445,1e-05,3e-05,3e-05,-2e-05,0.0,-8e-05,-2e-05,0.0,0
25446,1e-05,3e-05,3e-05,-2e-05,0.0,-8e-05,-2e-05,0.0,0
25447,1e-05,3e-05,3e-05,-2e-05,0.0,-8e-05,-2e-05,0.0,0
25448,1e-05,3e-05,3e-05,-2e-05,0.0,-8e-05,-2e-05,0.0,0
25449,1e-05,3e-05,3e-05,-2e-05,0.0,-8e-05,-2e-05,0.0,0
25450,1e-05,3e-05,3e-05,-2e-05,0.0,-8e-05,-2e-05,0.0,0
25451,1e-05,3e-05,3e-05,-2e-05,0.0,-8e-05,-2e-05,0.0,0
25452,1e-05,3e-05,3e-05,-2e-05,0.0,-8e-05,-2e-05,0.0,0
25454,1e-05,3e-05,3e-05,-2e-05,0.0,-8e-05,-2e-05,0.0,0
25455,1e-05,3e-05,3e-05,-2e-05,0.0,-8e-05,-2e-05,0.0,0
25456,1e-05,3e-05,3e-05,-2e-05,0.0,-8e-05,-2e-05,0.0,0
25457,1e-05,3e-05,3e-05,-2e-05,0.0,-8e-05,-2e-05,0.0,0
25458,-4e-05,-4e-05,-4e-05,6e-05,2e-05,0.0,-1e-05,-2e-05,0
25459,-4e-05,-4e-05,-4e-05,6e-05,2e-05,0.0,-1e-05,-2e-05,0
25460,0.0,2e-05,0.0,-0.0001,-2e-05,-2e-05,-1e-05,-1e-05,0
25461,0.0,2e-05,0.0,-0.0001,-2e-05,-2e-05,-1e-05,-1e-05,0
25462,0.0,2e-05,0.0,-0.0001,-2e-05,-2e-05,-1e-05,-1e-05,0
25463,0.0,2e-05,0.0,-0.0001,-2e-05,-2e-05,-1e-05,-1e-05,0
25464,0.0,2e-05,0.0,-0.0001,-2e-05,-2e-05,-1e-05,-1e-05,0
25465,0.0,2e-05,0.0,-0.0001,-2e-05,-2e-05,-1e-05,-1e-05,0
25466,0.0,2e-05,0.0,-0.0001,-2e-05,-2e-05,-1e-05,-1e-05,0
25467,0.0,2e-05,0.0,-0.0001,-2e-05,-2e-05,-1e-05,-1e-05,0
25468,0.0,2e-05,0.0,-0.0001,-2e-05,-2e-05,-1e-05,-1e-05,0
25469,0.0,2e-05,0.0,-0.0001,-2e-05,-2e-05,-1e-05,-1e-05,0
25471,0.0,2e-05,0.0,-0.0001,-2e-05,-2e-05,-1e-05,-1e-05,0
25472,0.0,2e-05,0.0,-0.0001,-2e-05,-2e-05,-1e-05,-1e-05,0
25473,0.0,2e-05,0.0,-0.0001,-2e-05,-2e-05,-1e-05,-1e-05,0
25474,0.0,2e-05,0.0,-0.0001,-2e-05,-2e-05,-1e-05,-1e-05,0
25475,0.0,2e-05,0.0,-0.0001,-2e-05,-2e-05,-1e-05,-1e-05,0
25476,0.0,2e-05,0.0,-0.0001,-2e-05,-2e-05,-1e-05,-1e-05,0
25477,0.0,2e-05,0.0,-0.0001,-2e-05,-2e-05,-1e-05,-1e-05,0
25478,0.0,2e-05,0.0,-0.0001,-2e-05,-2e-05,-1e-05,-1e-05,0
25479,0.0,2e-05,0.0,-0.0001,-2e-05,-2e-05,-1e-05,-1e-05,0
25480,0.0,2e-05,0.0,-0.0001,-2e-05,-2e-05,-1e-05,-1e-05,0
25481,0.0,2e-05,0.0,-0.0001,-2e-05,-2e-05,-1e-05,-1e-05,0
25482,0.0,2e-05,0.0,-0.0001,-2e-05,-2e-05,-1e-05,-1e-05,0
25483,0.0,2e-05,0.0,-0.0001,-2e-05,-2e-05,-1e-05,-1e-05,0
25484,0.0,2e-05,0.0,-0.0001,-2e-05,-2e-05,-1e-05,-1e-05,0
25485,0.0,2e-05,0.0,-0.0001,-2e-05,-2e-05,-1e-05,-1e-05,0
25486,0.0,2e-05,0.0,-0.0001,-2e-05,-2e-05,-1e-05,-1e-05,0
25488,0.0,-1e-05,-2e-05,-0.00015,-6e-05,-3e-05,-2e-05,0.0,0
25489,0.0,-1e-05,-2e-05,-0.00015,-6e-05,-3e-05,-2e-05,0.0,0
25490,-1e-05,0.0,0.0,-7e-05,2e-05,0.0,-2e-05,0.0,0
25491,-1e-05,0.0,0.0,-7e-05,2e-05,0.0,-2e-05,0.0,0
25492,-1e-05,0.0,0.0,-7e-05,2e-05,0.0,-2e-05,0.0,0
25493,-1e-05,0.0,0.0,-7e-05,2e-05,0.0,-2e-05,0.0,0
25495,0.0,2e-05,2e-05,8e-05,2e-05,2e-05,-1e-05,0.0,0
25496,0.0,2e-05,2e-05,8e-05,2e-05,2e-05,-1e-05,0.0,0
25497,0.0,2e-05,2e-05,8e-05,2e-05,2e-05,-1e-05,0.0,0
25498,0.0,2e-05,2e-05,8e-05,2e-05,2e-05,-1e-05,0.0,0
25499,0.0,2e-05,2e-05,8e-05,2e-05,2e-05,-1e-05,0.0,0
25500,0.0,2e-05,2e-05,8e-05,2e-05,2e-05,-1e-05,0.0,0
25501,0.0,2e-05,2e-05,8e-05,2e-05,2e-05,-1e-05,0.0,0
25502,0.0,-3e-05,-5e-05,-4e-05,-1e-05,1e-05,-1e-05,0.0,0
25504,0.0,-3e-05,-5e-05,-4e-05,-1e-05,1e-05,-1e-05,0.0,0
25505,0.0,-3e-05,-5e-05,-4e-05,-1e-05,1e-05,-1e-05,0.0,0
25506,0.0,-3e-05,-5e-05,-4e-05,-1e-05,1e-05,-1e-05,0.0,0
25507,0.0,-3e-05,-5e-05,-4e-05,-1e-05,1e-05,-1e-05,0.0,0
25508,0.0,-3e-05,-5e-05,-4e-05,-1e-05,1e-05,-1e-05,0.0,0
25509,0.0,-3e-05,-5e-05,-4e-05,-1e-05,1e-05,-1e-05,0.0,0
25510,0.0,-3e-05,-5e-05,-4e-05,-1e-05,1e-05,-1e-05,0.0,0
25511,0.0,-3e-05,-5e-05,-4e-05,-1e-05,1e-05,-1e-05,0.0,0
25512,0.0,-3e-05,-5e-05,-4e-05,-1e-05,1e-05,-1e-05,0.0,0
25513,0.0,-3e-05,-5e-05,-4e-05,-1e-05,1e-05,-1e-05,0.0,0
25514,0.0,-3e-05,-5e-05,-4e-05,-1e-05,1e-05,-1e-05,0.0,0
25515,0.0,-3e-05,-5e-05,-4e-05,-1e-05,1e-05,-1e-05,0.0,0
25516,0.0,-3e-05,-5e-05,-4e-05,-1e-05,1e-05,-1e-05,0.0,0
25517,0.0,-3e-05,-5e-05,-4e-05,-1e-05,1e-05,-1e-05,0.0,0
25518,0.0,-3e-05,-5e-05,-4e-05,-1e-05,1e-05,-1e-05,0.0,0
25519,-2e-05,-4e-05,-5e-05,3e-05,2e-05,-1e-05,0.0,0.0,0
25520,0.0,-3e-05,-3e-05,1e-05,2e-05,0.0,-1e-05,-1e-05,0
25521,0.0,-3e-05,-3e-05,1e-05,2e-05,0.0,-1e-05,-1e-05,0
25522,0.0,-3e-05,-3e-05,1e-05,2e-05,0.0,-1e-05,-1e-05,0
25523,0.0,-3e-05,-3e-05,1e-05,2e-05,0.0,-1e-05,-1e-05,0
25524,0.0,-3e-05,-3e-05,1e-05,2e-05,0.0,-1e-05,-1e-05,0
25525,0.0,-3e-05,-3e-05,1e-05,2e-05,0.0,-1e-05,-1e-05,0
25526,0.0,-3e-05,-3e-05,1e-05,2e-05,0.0,-1e-05,-1e-05,0
25527,0.0,-3e-05,-3e-05,1e-05,2e-05,0.0,-1e-05,-1e-05,0
25528,0.0,-3e-05,-3e-05,1e-05,2e-05,0.0,-1e-05,-1e-05,0
25529,0.0,-3e-05,-3e-05,1e-05,2e-05,0.0,-1e-05,-1e-05,0
25530,0.0,-3e-05,-3e-05,1e-05,2e-05,0.0,-1e-05,-1e-05,0
25531,0.0,-3e-05,-3e-05,1e-05,2e-05,0.0,-1e-05,-1e-05,0
25532,0.0,-3e-05,-3e-05,1e-05,2e-05,0.0,-1e-05,-1e-05,0
25533,0.0,-3e-05,-3e-05,1e-05,2e-05,0.0,-1e-05,-1e-05,0
25534,0.0,-3e-05,-3e-05,1e-05,2e-05,0.0,-1e-05,-1e-05,0
25535,0.0,-3e-05,-3e-05,1e-05,2e-05,0.0,-1e-05,-1e-05,0
25536,0.0,-3e-05,-3e-05,1e-05,2e-05,0.0,-1e-05,-1e-05,0
25538,0.0,-3e-05,-3e-05,1e-05,2e-05,0.0,-1e-05,-1e-05,0
25539,0.0,-3e-05,-3e-05,1e-05,2e-05,0.0,-1e-05,-1e-05,0
25540,0.0,-3e-05,-3e-05,1e-05,2e-05,0.0,-1e-05,-1e-05,0
25541,0.0,-3e-05,-3e-05,1e-05,2e-05,0.0,-1e-05,-1e-05,0
25542,0.0,-3e-05,-3e-05,1e-05,2e-05,0.0,-1e-05,-1e-05,0
25543,0.0,-3e-05,-3e-05,1e-05,2e-05,0.0,-1e-05,-1e-05,0
25544,0.0,-3e-05,-3e-05,1e-05,2e-05,0.0,-1e-05,-1e-05,0
25545,0.0,-3e-05,-3e-05,1e-05,2e-05,0.0,-1e-05,-1e-05,0
25546,0.0,-3e-05,-3e-05,1e-05,2e-05,0.0,-1e-05,-1e-05,0
25547,0.0,-3e-05,-3e-05,1e-05,2e-05,0.0,-1e-05,-1e-05,0
25548,1e-05,3e-05,1e-05,-3e-05,-3e-05,-2e-05,-1e-05,-2e-05,0
25549,1e-05,3e-05,1e-05,-3e-05,-3e-05,-2e-05,-1e-05,-2e-05,0
25550,0.0,2e-05,4e-05,8e-05,0.0,2e-05,1e-05,0.0,0
25551,0.0,2e-05,4e-05,8e-05,0.0,2e-05,1e-05,0.0,0
25552,0.0,2e-05,4e-05,8e-05,0.0,2e-05,1e-05,0.0,0
25553,0.0,2e-05,4e-05,8e-05,0.0,2e-05,1e-05,0.0,0
25554,0.0,2e-05,4e-05,8e-05,0.0,2e-05,1e-05,0.0,0
25555,-2e-05,-5e-05,-4e-05,-3e-05,-3e-05,-2e-05,-1e-05,0.0,0
25556,-2e-05,-5e-05,-4e-05,-3e-05,-3e-05,-2e-05,-1e-05,0.0,0
25557,-2e-05,-5e-05,-4e-05,-3e-05,-3e-05,-2e-05,-1e-05,0.0,0
25558,-2e-05,-5e-05,-4e-05,-3e-05,-3e-05,-2e-05,-1e-05,0.0,0
25559,-2e-05,-5e-05,-4e-05,-3e-05,-3e-05,-2e-05,-1e-05,0.0,0
25560,-2e-05,-5e-05,-4e-05,-3e-05,-3e-05,-2e-05,-1e-05,0.0,0
25561,-2e-05,-5e-05,-4e-05,-3e-05,-3e-05,-2e-05,-1e-05,0.0,0
25562,-1e-05,2e-05,2e-05,2e-05,-1e-05,-2e-05,-1e-05,-1e-05,0
25563,-1e-05,2e-05,2e-05,2e-05,-1e-05,-2e-05,-1e-05,-1e-05,0
25564,-1e-05,2e-05,2e-05,2e-05,-1e-05,-2e-05,-1e-05,-1e-05,0
25565,-1e-05,2e-05,2e-05,2e-05,-1e-05,-2e-05,-1e-05,-1e-05,0
25566,-1e-05,2e-05,2e-05,2e-05,-1e-05,-2e-05,-1e-05,-1e-05,0
25567,-1e-05,2e-05,2e-05,2e-05,-1e-05,-2e-05,-1e-05,-1e-05,0
25568,-1e-05,2e-05,2e-05,2e-05,-1e-05,-2e-05,-1e-05,-1e-05,0
25569,-1e-05,2e-05,2e-05,2e-05,-1e-05,-2e-05,-1e-05,-1e-05,0
25570,-1e-05,2e-05,2e-05,2e-05,-1e-05,-2e-05,-1e-05,-1e-05,0
25571,-1e-05,2e-05,2e-05,2e-05,-1e-05,-2e-05,-1e-05,-1e-05,0
25572,-1e-05,2e-05,2e-05,2e-05,-1e-05,-2e-05,-1e-05,-1e-05,0
25573,-1e-05,2e-05,2e-05,2e-05,-1e-05,-2e-05,-1e-05,-1e-05,0
25574,-1e-05,2e-05,2e-05,2e-05,-1e-05,-2e-05,-1e-05,-1e-05,0
25575,-1e-05,2e-05,2e-05,2e-05,-1e-05,-2e-05,-1e-05,-1e-05,0
25576,-1e-05,2e-05,2e-05,2e-05,-1e-05,-2e-05,-1e-05,-1e-05,0
25577,-1e-05,2e-05,2e-05,2e-05,-1e-05,-2e-05,-1e-05,-1e-05,0
25578,0.0,-4e-05,-4e-05,3e-05,-2e-05,-1e-05,-1e-05,-1e-05,0
25579,0.0,-4e-05,-4e-05,3e-05,-2e-05,-1e-05,-1e-05,-1e-05,0
25580,-1e-05,-3e-05,0.0,9e-05,1e-05,-1e-05,0.0,-3e-05,0
25581,-1e-05,-3e-05,0.0,9e-05,1e-05,-1e-05,0.0,-3e-05,0
25582,-1e-05,-3e-05,0.0,9e-05,1e-05,-1e-05,0.0,-3e-05,0
25583,-1e-05,-3e-05,0.0,9e-05,1e-05,-1e-05,0.0,-3e-05,0
25584,-1e-05,-3e-05,0.0,9e-05,1e-05,-1e-05,0.0,-3e-05,0
25585,-1e-05,-3e-05,0.0,9e-05,1e-05,-1e-05,0.0,-3e-05,0
25586,-1e-05,-3e-05,0.0,9e-05,1e-05,-1e-05,0.0,-3e-05,0
25588,-1e-05,-3e-05,0.0,9e-05,1e-05,-1e-05,0.0,-3e-05,0
25590,-1e-05,-3e-05,0.0,9e-05,1e-05,-1e-05,0.0,-3e-05,0
25591,-1e-05,-3e-05,0.0,9e-05,1e-05,-1e-05,0.0,-3e-05,0
25592,-1e-05,-3e-05,0.0,9e-05,1e-05,-1e-05,0.0,-3e-05,0
25593,-1e-05,-3e-05,0.0,9e-05,1e-05,-1e-05,0.0,-3e-05,0
25594,-1e-05,-3e-05,0.0,9e-05,1e-05,-1e-05,0.0,-3e-05,0
25595,-1e-05,-3e-05,0.0,9e-05,1e-05,-1e-05,0.0,-3e-05,0
25596,-1e-05,-3e-05,0.0,9e-05,1e-05,-1e-05,0.0,-3e-05,0
25597,-1e-05,-3e-05,0.0,9e-05,1e-05,-1e-05,0.0,-3e-05,0
25598,-1e-05,-3e-05,0.0,9e-05,1e-05,-1e-05,0.0,-3e-05,0
25599,-1e-05,-3e-05,0.0,9e-05,1e-05,-1e-05,0.0,-3e-05,0
25600,-1e-05,-3e-05,0.0,9e-05,1e-05,-1e-05,0.0,-3e-05,0
25601,0.0,4e-05,5e-05,-1e-05,1e-05,0.0,-1e-05,2e-05,0
25602,-4e-05,-6e-05,-6e-05,0.00014,-4e-05,-2e-05,-1e-05,-2e-05,0
25603,-4e-05,-6e-05,-6e-05,0.00014,-4e-05,-2e-05,-1e-05,-2e-05,0
25604,-4e-05,-6e-05,-6e-05,0.00014,-4e-05,-2e-05,-1e-05,-2e-05,0
25605,-4e-05,-6e-05,-6e-05,0.00014,-4e-05,-2e-05,-1e-05,-2e-05,0
25606,-4e-05,-6e-05,-6e-05,0.00014,-4e-05,-2e-05,-1e-05,-2e-05,0
25607,-4e-05,-6e-05,-6e-05,0.00014,-4e-05,-2e-05,-1e-05,-2e-05,0
25608,-4e-05,-6e-05,-6e-05,0.00014,-4e-05,-2e-05,-1e-05,-2e-05,0
25609,-4e-05,-6e-05,-6e-05,0.00014,-4e-05,-2e-05,-1e-05,-2e-05,0
25610,-4e-05,-6e-05,-6e-05,0.00014,-4e-05,-2e-05,-1e-05,-2e-05,0
25611,-4e-05,-6e-05,-6e-05,0.00014,-4e-05,-2e-05,-1e-05,-2e-05,0
25612,-4e-05,-6e-05,-6e-05,0.00014,-4e-05,-2e-05,-1e-05,-2e-05,0
25613,-4e-05,-6e-05,-6e-05,0.00014,-4e-05,-2e-05,-1e-05,-2e-05,0
25614,-4e-05,-6e-05,-6e-05,0.00014,-4e-05,-2e-05,-1e-05,-2e-05,0
25615,0.0,1e-05,5e-05,0.00011,5e-05,2e-05,0.0,-2e-05,0
25616,0.0,1e-05,5e-05,0.00011,5e-05,2e-05,0.0,-2e-05,0
25617,0.0,1e-05,5e-05,0.00011,5e-05,2e-05,0.0,-2e-05,0
25618,0.0,1e-05,5e-05,0.00011,5e-05,2e-05,0.0,-2e-05,0
25619,0.0,1e-05,5e-05,0.00011,5e-05,2e-05,0.0,-2e-05,0
25620,0.0,1e-05,5e-05,0.00011,5e-05,2e-05,0.0,-2e-05,0
25621,0.0,1e-05,5e-05,0.00011,5e-05,2e-05,0.0,-2e-05,0
25622,1e-05,1e-05,0.0,-0.00014,-1e-05,0.0,0.0,-1e-05,0
25623,1e-05,1e-05,0.0,-0.00014,-1e-05,0.0,0.0,-1e-05,0
25624,1e-05,1e-05,0.0,-0.00014,-1e-05,0.0,0.0,-1e-05,0
25625,1e-05,1e-05,0.0,-0.00014,-1e-05,0.0,0.0,-1e-05,0
25626,1e-05,1e-05,0.0,-0.00014,-1e-05,0.0,0.0,-1e-05,0
25627,1e-05,1e-05,0.0,-0.00014,-1e-05,0.0,0.0,-1e-05,0
25628,1e-05,1e-05,0.0,-0.00014,-1e-05,0.0,0.0,-1e-05,0
25629,1e-05,1e-05,0.0,-0.00014,-1e-05,0.0,0.0,-1e-05,0
25631,1e-05,1e-05,0.0,-0.00014,-1e-05,0.0,0.0,-1e-05,0
25632,1e-05,1e-05,0.0,-0.00014,-1e-05,0.0,0.0,-1e-05,0
25633,1e-05,1e-05,0.0,-0.00014,-1e-05,0.0,0.0,-1e-05,0
25634,1e-05,1e-05,0.0,-0.00014,-1e-05,0.0,0.0,-1e-05,0
25635,1e-05,1e-05,0.0,-0.00014,-1e-05,0.0,0.0,-1e-05,0
25636,1e-05,1e-05,0.0,-0.00014,-1e-05,0.0,0.0,-1e-05,0
25639,0.0,-1e-05,-2e-05,-4e-05,-2e-05,0.0,-2e-05,-1e-05,0
25640,0.0,-1e-05,-2e-05,-4e-05,-2e-05,0.0,-2e-05,-1e-05,0
25641,0.0,-1e-05,-2e-05,-4e-05,-2e-05,0.0,-2e-05,-1e-05,0
25642,0.0,-1e-05,-2e-05,-4e-05,-2e-05,0.0,-2e-05,-1e-05,0
25643,0.0,-1e-05,-2e-05,-4e-05,-2e-05,0.0,-2e-05,-1e-05,0
25644,0.0,-1e-05,-2e-05,-4e-05,-2e-05,0.0,-2e-05,-1e-05,0
25645,0.0,-1e-05,-2e-05,-4e-05,-2e-05,0.0,-2e-05,-1e-05,0
25646,0.0,1e-05,2e-05,-1e-05,-1e-05,-6e-05,-1e-05,-2e-05,0
25647,0.0,1e-05,2e-05,-1e-05,-1e-05,-6e-05,-1e-05,-2e-05,0
25648,0.0,1e-05,2e-05,-1e-05,-1e-05,-6e-05,-1e-05,-2e-05,0
25649,0.0,1e-05,2e-05,-1e-05,-1e-05,-6e-05,-1e-05,-2e-05,0
25650,0.0,1e-05,2e-05,-1e-05,-1e-05,-6e-05,-1e-05,-2e-05,0
25651,0.0,1e-05,2e-05,-1e-05,-1e-05,-6e-05,-1e-05,-2e-05,0
25652,0.0,1e-05,2e-05,-1e-05,-1e-05,-6e-05,-1e-05,-2e-05,0
25653,0.0,1e-05,2e-05,-1e-05,-1e-05,-6e-05,-1e-05,-2e-05,0
25654,0.0,1e-05,2e-05,-1e-05,-1e-05,-6e-05,-1e-05,-2e-05,0
25655,0.0,1e-05,2e-05,-1e-05,-1e-05,-6e-05,-1e-05,-2e-05,0
25656,0.0,1e-05,2e-05,-1e-05,-1e-05,-6e-05,-1e-05,-2e-05,0
25657,0.0,1e-05,2e-05,-1e-05,-1e-05,-6e-05,-1e-05,-2e-05,0
25658,0.0,1e-05,2e-05,-1e-05,-1e-05,-6e-05,-1e-05,-2e-05,0
25659,0.0,1e-05,2e-05,-1e-05,-1e-05,-6e-05,-1e-05,-2e-05,0
25660,0.0,1e-05,2e-05,-1e-05,-1e-05,-6e-05,-1e-05,-2e-05,0
25661,-1e-05,1e-05,2e-05,-5e-05,0.0,-2e-05,-1e-05,-3e-05,0
25662,-3e-05,-1e-05,-6e-05,-4e-05,-1e-05,0.0,-3e-05,-3e-05,0
25663,-3e-05,-1e-05,-6e-05,-4e-05,-1e-05,0.0,-3e-05,-3e-05,0
25664,-3e-05,-1e-05,-6e-05,-4e-05,-1e-05,0.0,-3e-05,-3e-05,0
25665,-3e-05,-1e-05,-6e-05,-4e-05,-1e-05,0.0,-3e-05,-3e-05,0
25666,-3e-05,-1e-05,-6e-05,-4e-05,-1e-05,0.0,-3e-05,-3e-05,0
25667,-3e-05,-1e-05,-6e-05,-4e-05,-1e-05,0.0,-3e-05,-3e-05,0
25668,-3e-05,-1e-05,-6e-05,-4e-05,-1e-05,0.0,-3e-05,-3e-05,0
25669,-3e-05,-1e-05,-6e-05,-4e-05,-1e-05,0.0,-3e-05,-3e-05,0
25670,-3e-05,-1e-05,-6e-05,-4e-05,-1e-05,0.0,-3e-05,-3e-05,0
25671,-3e-05,-1e-05,-6e-05,-4e-05,-1e-05,0.0,-3e-05,-3e-05,0
25672,-3e-05,-1e-05,-6e-05,-4e-05,-1e-05,0.0,-3e-05,-3e-05,0
25673,-3e-05,-1e-05,-6e-05,-4e-05,-1e-05,0.0,-3e-05,-3e-05,0
25674,0.0,3e-05,4e-05,1e-05,-1e-05,1e-05,-1e-05,-1e-05,0
25675,0.0,3e-05,4e-05,1e-05,-1e-05,1e-05,-1e-05,-1e-05,0
25676,0.0,3e-05,4e-05,1e-05,-1e-05,1e-05,-1e-05,-1e-05,0
25677,0.0,3e-05,4e-05,1e-05,-1e-05,1e-05,-1e-05,-1e-05,0
25678,0.0,3e-05,4e-05,1e-05,-1e-05,1e-05,-1e-05,-1e-05,0
25679,0.0,3e-05,4e-05,1e-05,-1e-05,1e-05,-1e-05,-1e-05,0
25680,0.0,3e-05,4e-05,1e-05,-1e-05,1e-05,-1e-05,-1e-05,0
25681,0.0,3e-05,4e-05,1e-05,-1e-05,1e-05,-1e-05,-1e-05,0
25682,0.0,3e-05,4e-05,1e-05,-1e-05,1e-05,-1e-05,-1e-05,0
25683,-3e-05,-3e-05,-5e-05,-9e-05,-2e-05,0.0,0.0,1e-05,0
25684,-3e-05,-3e-05,-5e-05,-9e-05,-2e-05,0.0,0.0,1e-05,0
25685,-3e-05,-3e-05,-5e-05,-9e-05,-2e-05,0.0,0.0,1e-05,0
25686,-3e-05,-3e-05,-5e-05,-9e-05,-2e-05,0.0,0.0,1e-05,0
25688,-3e-05,-3e-05,-5e-05,-9e-05,-2e-05,0.0,0.0,1e-05,0
25689,-3e-05,-3e-05,-5e-05,-9e-05,-2e-05,0.0,0.0,1e-05,0
25690,-3e-05,-3e-05,-5e-05,-9e-05,-2e-05,0.0,0.0,1e-05,0
25691,-3e-05,-3e-05,-5e-05,-9e-05,-2e-05,0.0,0.0,1e-05,0
25692,-3e-05,-3e-05,-5e-05,-9e-05,-2e-05,0.0,0.0,1e-05,0
25693,-3e-05,-3e-05,-5e-05,-9e-05,-2e-05,0.0,0.0,1e-05,0
25694,-3e-05,-3e-05,-5e-05,-9e-05,-2e-05,0.0,0.0,1e-05,0
25695,-3e-05,-3e-05,-5e-05,-9e-05,-2e-05,0.0,0.0,1e-05,0
25696,-3e-05,-3e-05,-5e-05,-9e-05,-2e-05,0.0,0.0,1e-05,0
25697,-3e-05,-3e-05,-5e-05,-9e-05,-2e-05,0.0,0.0,1e-05,0
25698,-2e-05,0.0,-2e-05,-9e-05,-2e-05,1e-05,1e-05,-1e-05,0
25699,-2e-05,0.0,-2e-05,-9e-05,-2e-05,1e-05,1e-05,-1e-05,0
25700,-1e-05,-4e-05,-2e-05,-1e-05,0.0,2e-05,-1e-05,1e-05,0
25701,-1e-05,-4e-05,-2e-05,-1e-05,0.0,2e-05,-1e-05,1e-05,0
25702,-1e-05,-4e-05,-2e-05,-1e-05,0.0,2e-05,-1e-05,1e-05,0
25703,-1e-05,-4e-05,-2e-05,-1e-05,0.0,2e-05,-1e-05,1e-05,0
25704,-1e-05,-4e-05,-2e-05,-1e-05,0.0,2e-05,-1e-05,1e-05,0
25705,-1e-05,-4e-05,-2e-05,-1e-05,0.0,2e-05,-1e-05,1e-05,0
25706,-1e-05,-4e-05,-2e-05,-1e-05,0.0,2e-05,-1e-05,1e-05,0
25707,-1e-05,-4e-05,-2e-05,-1e-05,0.0,2e-05,-1e-05,1e-05,0
25708,-1e-05,-4e-05,-2e-05,-1e-05,0.0,2e-05,-1e-05,1e-05,0
25709,-1e-05,-4e-05,-2e-05,-1e-05,0.0,2e-05,-1e-05,1e-05,0
25710,-1e-05,-4e-05,-2e-05,-1e-05,0.0,2e-05,-1e-05,1e-05,0
25711,-1e-05,-4e-05,-2e-05,-1e-05,0.0,2e-05,-1e-05,1e-05,0
25712,-1e-05,-4e-05,-2e-05,-1e-05,0.0,2e-05,-1e-05,1e-05,0
25713,-1e-05,-4e-05,-2e-05,-1e-05,0.0,2e-05,-1e-05,1e-05,0
25714,-1e-05,-4e-05,-2e-05,-1e-05,0.0,2e-05,-1e-05,1e-05,0
25715,-1e-05,-4e-05,-2e-05,-1e-05,0.0,2e-05,-1e-05,1e-05,0
25716,-1e-05,-4e-05,-2e-05,-1e-05,0.0,2e-05,-1e-05,1e-05,0
25717,-1e-05,-4e-05,-2e-05,-1e-05,0.0,2e-05,-1e-05,1e-05,0
25718,-1e-05,-4e-05,-2e-05,-1e-05,0.0,2e-05,-1e-05,1e-05,0
25719,-1e-05,-4e-05,-2e-05,-1e-05,0.0,2e-05,-1e-05,1e-05,0
25720,-1e-05,-4e-05,-2e-05,-1e-05,0.0,2e-05,-1e-05,1e-05,0
25721,0.0,-3e-05,-6e-05,-7e-05,0.0,7e-05,0.0,-1e-05,0
25722,0.0,-1e-05,1e-05,-3e-05,1e-05,1e-05,0.0,0.0,0
25723,0.0,-1e-05,1e-05,-3e-05,1e-05,1e-05,0.0,0.0,0
25724,0.0,-1e-05,1e-05,-3e-05,1e-05,1e-05,0.0,0.0,0
25725,0.0,-1e-05,1e-05,-3e-05,1e-05,1e-05,0.0,0.0,0
25726,0.0,-1e-05,1e-05,-3e-05,1e-05,1e-05,0.0,0.0,0
25727,0.0,-1e-05,1e-05,-3e-05,1e-05,1e-05,0.0,0.0,0
25728,0.0,-1e-05,1e-05,-3e-05,1e-05,1e-05,0.0,0.0,0
25729,0.0,-1e-05,1e-05,-3e-05,1e-05,1e-05,0.0,0.0,0
25730,0.0,-1e-05,1e-05,-3e-05,1e-05,1e-05,0.0,0.0,0
25731,0.0,-1e-05,1e-05,-3e-05,1e-05,1e-05,0.0,0.0,0
25732,0.0,-1e-05,1e-05,-3e-05,1e-05,1e-05,0.0,0.0,0
25733,0.0,-1e-05,1e-05,-3e-05,1e-05,1e-05,0.0,0.0,0
25734,-1e-05,-3e-05,-2e-05,-3e-05,-4e-05,-3e-05,-4e-05,1e-05,0
25735,-1e-05,-3e-05,-2e-05,-3e-05,-4e-05,-3e-05,-4e-05,1e-05,0
25736,-1e-05,-3e-05,-2e-05,-3e-05,-4e-05,-3e-05,-4e-05,1e-05,0
25738,-1e-05,-3e-05,-2e-05,-3e-05,-4e-05,-3e-05,-4e-05,1e-05,0
25739,-1e-05,-3e-05,-2e-05,-3e-05,-4e-05,-3e-05,-4e-05,1e-05,0
25740,-1e-05,-3e-05,-2e-05,-3e-05,-4e-05,-3e-05,-4e-05,1e-05,0
25741,-1e-05,-3e-05,-2e-05,-3e-05,-4e-05,-3e-05,-4e-05,1e-05,0
25742,-1e-05,-3e-05,-2e-05,-3e-05,-4e-05,-3e-05,-4e-05,1e-05,0
25743,1e-05,1e-05,1e-05,2e-05,1e-05,2e-05,0.0,-1e-05,0
25744,1e-05,1e-05,1e-05,2e-05,1e-05,2e-05,0.0,-1e-05,0
25745,1e-05,1e-05,1e-05,2e-05,1e-05,2e-05,0.0,-1e-05,0
25746,1e-05,1e-05,1e-05,2e-05,1e-05,2e-05,0.0,-1e-05,0
25747,1e-05,1e-05,1e-05,2e-05,1e-05,2e-05,0.0,-1e-05,0
25748,1e-05,1e-05,1e-05,2e-05,1e-05,2e-05,0.0,-1e-05,0
25749,1e-05,1e-05,1e-05,2e-05,1e-05,2e-05,0.0,-1e-05,0
25750,1e-05,1e-05,1e-05,2e-05,1e-05,2e-05,0.0,-1e-05,0
25751,1e-05,1e-05,1e-05,2e-05,1e-05,2e-05,0.0,-1e-05,0
25752,1e-05,1e-05,1e-05,2e-05,1e-05,2e-05,0.0,-1e-05,0
25753,1e-05,1e-05,1e-05,2e-05,1e-05,2e-05,0.0,-1e-05,0
25754,1e-05,1e-05,1e-05,2e-05,1e-05,2e-05,0.0,-1e-05,0
25755,1e-05,1e-05,1e-05,2e-05,1e-05,2e-05,0.0,-1e-05,0
25756,1e-05,1e-05,1e-05,2e-05,1e-05,2e-05,0.0,-1e-05,0
25757,1e-05,1e-05,1e-05,2e-05,1e-05,2e-05,0.0,-1e-05,0
25758,0.0,-1e-05,0.0,1e-05,1e-05,-2e-05,-1e-05,0.0,0
25759,0.0,-1e-05,0.0,1e-05,1e-05,-2e-05,-1e-05,0.0,0
25760,0.0,1e-05,3e-05,-4e-05,-3e-05,-3e-05,0.0,-1e-05,0
25761,0.0,1e-05,3e-05,-4e-05,-3e-05,-3e-05,0.0,-1e-05,0
25762,0.0,1e-05,3e-05,-4e-05,-3e-05,-3e-05,0.0,-1e-05,0
25763,0.0,1e-05,3e-05,-4e-05,-3e-05,-3e-05,0.0,-1e-05,0
25764,0.0,1e-05,3e-05,-4e-05,-3e-05,-3e-05,0.0,-1e-05,0
25765,0.0,1e-05,3e-05,-4e-05,-3e-05,-3e-05,0.0,-1e-05,0
25766,0.0,1e-05,3e-05,-4e-05,-3e-05,-3e-05,0.0,-1e-05,0
25767,0.0,1e-05,3e-05,-4e-05,-3e-05,-3e-05,0.0,-1e-05,0
25768,0.0,1e-05,3e-05,-4e-05,-3e-05,-3e-05,0.0,-1e-05,0
25769,0.0,1e-05,3e-05,-4e-05,-3e-05,-3e-05,0.0,-1e-05,0
25770,0.0,1e-05,3e-05,-4e-05,-3e-05,-3e-05,0.0,-1e-05,0
25771,0.0,1e-05,3e-05,-4e-05,-3e-05,-3e-05,0.0,-1e-05,0
25772,0.0,1e-05,3e-05,-4e-05,-3e-05,-3e-05,0.0,-1e-05,0
25773,0.0,1e-05,3e-05,-4e-05,-3e-05,-3e-05,0.0,-1e-05,0
25774,0.0,1e-05,3e-05,-4e-05,-3e-05,-3e-05,0.0,-1e-05,0
25775,0.0,1e-05,3e-05,-4e-05,-3e-05,-3e-05,0.0,-1e-05,0
25776,0.0,1e-05,3e-05,-4e-05,-3e-05,-3e-05,0.0,-1e-05,0
25777,0.0,1e-05,3e-05,-4e-05,-3e-05,-3e-05,0.0,-1e-05,0
25778,0.0,1e-05,3e-05,-4e-05,-3e-05,-3e-05,0.0,-1e-05,0
25779,0.0,1e-05,3e-05,-4e-05,-3e-05,-3e-05,0.0,-1e-05,0
25780,0.0,1e-05,3e-05,-4e-05,-3e-05,-3e-05,0.0,-1e-05,0
25781,0.0,1e-05,3e-05,-4e-05,-3e-05,-3e-05,0.0,-1e-05,0
25782,0.0,1e-05,3e-05,-4e-05,-3e-05,-3e-05,0.0,-1e-05,0
25783,0.0,1e-05,3e-05,-4e-05,-3e-05,-3e-05,0.0,-1e-05,0
25784,0.0,1e-05,3e-05,-4e-05,-3e-05,-3e-05,0.0,-1e-05,0
25785,0.0,1e-05,3e-05,-4e-05,-3e-05,-3e-05,0.0,-1e-05,0
25786,0.0,1e-05,3e-05,-4e-05,-3e-05,-3e-05,0.0,-1e-05,0
25788,-1e-05,-2e-05,-2e-05,4e-05,4e-05,3e-05,-2e-05,-1e-05,0
25789,-1e-05,-2e-05,-2e-05,4e-05,4e-05,3e-05,-2e-05,-1e-05,0
25790,0.0,-4e-05,-8e-05,-0.00027,-7e-05,-2e-05,-1e-05,0.0,0
25791,0.0,-4e-05,-8e-05,-0.00027,-7e-05,-2e-05,-1e-05,0.0,0
25792,0.0,-4e-05,-8e-05,-0.00027,-7e-05,-2e-05,-1e-05,0.0,0
25793,0.0,-4e-05,-8e-05,-0.00027,-7e-05,-2e-05,-1e-05,0.0,0
25794,-3e-05,2e-05,2e-05,0.0,0.0,2e-05,-2e-05,0.0,0
25795,-3e-05,2e-05,2e-05,0.0,0.0,2e-05,-2e-05,0.0,0
25796,-3e-05,2e-05,2e-05,0.0,0.0,2e-05,-2e-05,0.0,0
25797,-3e-05,2e-05,2e-05,0.0,0.0,2e-05,-2e-05,0.0,0
25798,-3e-05,2e-05,2e-05,0.0,0.0,2e-05,-2e-05,0.0,0
25799,-3e-05,2e-05,2e-05,0.0,0.0,2e-05,-2e-05,0.0,0
25800,-3e-05,2e-05,2e-05,0.0,0.0,2e-05,-2e-05,0.0,0
25801,-3e-05,2e-05,2e-05,0.0,0.0,2e-05,-2e-05,0.0,0
25802,-3e-05,2e-05,2e-05,0.0,0.0,2e-05,-2e-05,0.0,0
25803,-1e-05,0.0,1e-05,0.0,-2e-05,-1e-05,1e-05,-2e-05,0
25804,-1e-05,0.0,1e-05,0.0,-2e-05,-1e-05,1e-05,-2e-05,0
25805,-1e-05,0.0,1e-05,0.0,-2e-05,-1e-05,1e-05,-2e-05,0
25806,-1e-05,0.0,1e-05,0.0,-2e-05,-1e-05,1e-05,-2e-05,0
25807,-1e-05,0.0,1e-05,0.0,-2e-05,-1e-05,1e-05,-2e-05,0
25808,-1e-05,0.0,1e-05,0.0,-2e-05,-1e-05,1e-05,-2e-05,0
25809,-1e-05,0.0,1e-05,0.0,-2e-05,-1e-05,1e-05,-2e-05,0
25810,-1e-05,0.0,1e-05,0.0,-2e-05,-1e-05,1e-05,-2e-05,0
25811,-1e-05,0.0,1e-05,0.0,-2e-05,-1e-05,1e-05,-2e-05,0
25812,-1e-05,0.0,1e-05,0.0,-2e-05,-1e-05,1e-05,-2e-05,0
25813,-1e-05,0.0,1e-05,0.0,-2e-05,-1e-05,1e-05,-2e-05,0
25814,-1e-05,0.0,1e-05,0.0,-2e-05,-1e-05,1e-05,-2e-05,0
25815,-1e-05,0.0,1e-05,0.0,-2e-05,-1e-05,1e-05,-2e-05,0
25816,-1e-05,0.0,1e-05,0.0,-2e-05,-1e-05,1e-05,-2e-05,0
25817,-1e-05,0.0,1e-05,0.0,-2e-05,-1e-05,1e-05,-2e-05,0
25818,2e-05,6e-05,6e-05,6e-05,0.0,-1e-05,-2e-05,0.0,0
25819,2e-05,6e-05,6e-05,6e-05,0.0,-1e-05,-2e-05,0.0,0
25820,-4e-05,-7e-05,-8e-05,-5e-05,-5e-05,-4e-05,-1e-05,-4e-05,0
25821,-4e-05,-7e-05,-8e-05,-5e-05,-5e-05,-4e-05,-1e-05,-4e-05,0
25822,-4e-05,-7e-05,-8e-05,-5e-05,-5e-05,-4e-05,-1e-05,-4e-05,0
25823,-4e-05,-7e-05,-8e-05,-5e-05,-5e-05,-4e-05,-1e-05,-4e-05,0
25824,-4e-05,-7e-05,-8e-05,-5e-05,-5e-05,-4e-05,-1e-05,-4e-05,0
25825,-4e-05,-7e-05,-8e-05,-5e-05,-5e-05,-4e-05,-1e-05,-4e-05,0
25826,-4e-05,-7e-05,-8e-05,-5e-05,-5e-05,-4e-05,-1e-05,-4e-05,0
25827,-4e-05,-7e-05,-8e-05,-5e-05,-5e-05,-4e-05,-1e-05,-4e-05,0
25828,-4e-05,-7e-05,-8e-05,-5e-05,-5e-05,-4e-05,-1e-05,-4e-05,0
25829,-4e-05,-7e-05,-8e-05,-5e-05,-5e-05,-4e-05,-1e-05,-4e-05,0
25830,-4e-05,-7e-05,-8e-05,-5e-05,-5e-05,-4e-05,-1e-05,-4e-05,0
25831,-4e-05,-7e-05,-8e-05,-5e-05,-5e-05,-4e-05,-1e-05,-4e-05,0
25832,-4e-05,-7e-05,-8e-05,-5e-05,-5e-05,-4e-05,-1e-05,-4e-05,0
25833,-4e-05,-7e-05,-8e-05,-5e-05,-5e-05,-4e-05,-1e-05,-4e-05,0
25834,-4e-05,-7e-05,-8e-05,-5e-05,-5e-05,-4e-05,-1e-05,-4e-05,0
25835,-4e-05,-7e-05,-8e-05,-5e-05,-5e-05,-4e-05,-1e-05,-4e-05,0
25836,-4e-05,-7e-05,-8e-05,-5e-05,-5e-05,-4e-05,-1e-05,-4e-05,0
25838,-4e-05,-7e-05,-8e-05,-5e-05,-5e-05,-4e-05,-1e-05,-4e-05,0
25839,-4e-05,-7e-05,-8e-05,-5e-05,-5e-05,-4e-05,-1e-05,-4e-05,0
25840,-4e-05,-7e-05,-8e-05,-5e-05,-5e-05,-4e-05,-1e-05,-4e-05,0
25841,-1e-05,-1e-05,-2e-05,-4e-05,-3e-05,1e-05,0.0,0.0,0
25842,1e-05,1e-05,0.0,6e-05,5e-05,2e-05,-1e-05,0.0,0
25843,1e-05,1e-05,0.0,6e-05,5e-05,2e-05,-1e-05,0.0,0
25844,1e-05,1e-05,0.0,6e-05,5e-05,2e-05,-1e-05,0.0,0
25845,1e-05,1e-05,0.0,6e-05,5e-05,2e-05,-1e-05,0.0,0
25846,1e-05,1e-05,0.0,6e-05,5e-05,2e-05,-1e-05,0.0,0
25847,1e-05,1e-05,0.0,6e-05,5e-05,2e-05,-1e-05,0.0,0
25848,1e-05,1e-05,0.0,6e-05,5e-05,2e-05,-1e-05,0.0,0
25849,1e-05,1e-05,0.0,6e-05,5e-05,2e-05,-1e-05,0.0,0
25850,1e-05,1e-05,0.0,6e-05,5e-05,2e-05,-1e-05,0.0,0
25851,1e-05,1e-05,0.0,6e-05,5e-05,2e-05,-1e-05,0.0,0
25852,1e-05,1e-05,0.0,6e-05,5e-05,2e-05,-1e-05,0.0,0
25853,1e-05,1e-05,0.0,6e-05,5e-05,2e-05,-1e-05,0.0,0
25854,-1e-05,-1e-05,-2e-05,-6e-05,-3e-05,0.0,-1e-05,0.0,0
25855,-1e-05,-1e-05,-2e-05,-6e-05,-3e-05,0.0,-1e-05,0.0,0
25856,-1e-05,-1e-05,-2e-05,-6e-05,-3e-05,0.0,-1e-05,0.0,0
25857,-1e-05,-1e-05,-2e-05,-6e-05,-3e-05,0.0,-1e-05,0.0,0
25858,-1e-05,-1e-05,-2e-05,-6e-05,-3e-05,0.0,-1e-05,0.0,0
25859,-1e-05,-1e-05,-2e-05,-6e-05,-3e-05,0.0,-1e-05,0.0,0
25860,-1e-05,-1e-05,-2e-05,-6e-05,-3e-05,0.0,-1e-05,0.0,0
25861,-1e-05,-1e-05,-2e-05,-6e-05,-3e-05,0.0,-1e-05,0.0,0
25862,-1e-05,-1e-05,-2e-05,-6e-05,-3e-05,0.0,-1e-05,0.0,0
25863,-1e-05,2e-05,-1e-05,7e-05,2e-05,-1e-05,-1e-05,1e-05,0
25864,-1e-05,2e-05,-1e-05,7e-05,2e-05,-1e-05,-1e-05,1e-05,0
25865,-1e-05,2e-05,-1e-05,7e-05,2e-05,-1e-05,-1e-05,1e-05,0
25866,-1e-05,2e-05,-1e-05,7e-05,2e-05,-1e-05,-1e-05,1e-05,0
25867,-1e-05,2e-05,-1e-05,7e-05,2e-05,-1e-05,-1e-05,1e-05,0
25868,-1e-05,2e-05,-1e-05,7e-05,2e-05,-1e-05,-1e-05,1e-05,0
25869,-1e-05,2e-05,-1e-05,7e-05,2e-05,-1e-05,-1e-05,1e-05,0
25870,-1e-05,2e-05,-1e-05,7e-05,2e-05,-1e-05,-1e-05,1e-05,0
25871,-1e-05,2e-05,-1e-05,7e-05,2e-05,-1e-05,-1e-05,1e-05,0
25872,-1e-05,2e-05,-1e-05,7e-05,2e-05,-1e-05,-1e-05,1e-05,0
25873,-1e-05,2e-05,-1e-05,7e-05,2e-05,-1e-05,-1e-05,1e-05,0
25874,-1e-05,2e-05,-1e-05,7e-05,2e-05,-1e-05,-1e-05,1e-05,0
25875,-1e-05,2e-05,-1e-05,7e-05,2e-05,-1e-05,-1e-05,1e-05,0
25876,-1e-05,2e-05,-1e-05,7e-05,2e-05,-1e-05,-1e-05,1e-05,0
25877,-1e-05,2e-05,-1e-05,7e-05,2e-05,-1e-05,-1e-05,1e-05,0
25878,0.0,-3e-05,-4e-05,-5e-05,-2e-05,0.0,1e-05,-2e-05,0
25879,0.0,-3e-05,-4e-05,-5e-05,-2e-05,0.0,1e-05,-2e-05,0
25880,-1e-05,-1e-05,-4e-05,7e-05,-2e-05,1e-05,-4e-05,-3e-05,0
25881,-1e-05,-1e-05,-4e-05,7e-05,-2e-05,1e-05,-4e-05,-3e-05,0
25882,-1e-05,-1e-05,-4e-05,7e-05,-2e-05,1e-05,-4e-05,-3e-05,0
25883,-1e-05,-1e-05,-4e-05,7e-05,-2e-05,1e-05,-4e-05,-3e-05,0
25884,-1e-05,-1e-05,-4e-05,7e-05,-2e-05,1e-05,-4e-05,-3e-05,0
25885,-1e-05,-1e-05,-4e-05,7e-05,-2e-05,1e-05,-4e-05,-3e-05,0
25886,-1e-05,-1e-05,-4e-05,7e-05,-2e-05,1e-05,-4e-05,-3e-05,0
25888,-1e-05,-1e-05,-4e-05,7e-05,-2e-05,1e-05,-4e-05,-3e-05,0
25889,-1e-05,-1e-05,-4e-05,7e-05,-2e-05,1e-05,-4e-05,-3e-05,0
25890,-1e-05,-1e-05,-4e-05,7e-05,-2e-05,1e-05,-4e-05,-3e-05,0
25891,-1e-05,-1e-05,-4e-05,7e-05,-2e-05,1e-05,-4e-05,-3e-05,0
25892,-1e-05,-1e-05,-4e-05,7e-05,-2e-05,1e-05,-4e-05,-3e-05,0
25893,-1e-05,-1e-05,-4e-05,7e-05,-2e-05,1e-05,-4e-05,-3e-05,0
25894,-1e-05,-1e-05,-4e-05,7e-05,-2e-05,1e-05,-4e-05,-3e-05,0
25895,-1e-05,-1e-05,-4e-05,7e-05,-2e-05,1e-05,-4e-05,-3e-05,0
25896,-1e-05,-1e-05,-4e-05,7e-05,-2e-05,1e-05,-4e-05,-3e-05,0
25897,-1e-05,-1e-05,-4e-05,7e-05,-2e-05,1e-05,-4e-05,-3e-05,0
25898,-1e-05,-1e-05,-4e-05,7e-05,-2e-05,1e-05,-4e-05,-3e-05,0
25899,-1e-05,-1e-05,-4e-05,7e-05,-2e-05,1e-05,-4e-05,-3e-05,0
25900,-1e-05,-1e-05,-4e-05,7e-05,-2e-05,1e-05,-4e-05,-3e-05,0
25901,-3e-05,0.0,0.0,4e-05,-1e-05,-2e-05,-1e-05,-1e-05,0
25902,0.0,0.0,1e-05,-1e-05,-1e-05,-1e-05,-2e-05,-2e-05,0
25903,0.0,0.0,1e-05,-1e-05,-1e-05,-1e-05,-2e-05,-2e-05,0
25904,0.0,0.0,1e-05,-1e-05,-1e-05,-1e-05,-2e-05,-2e-05,0
25905,0.0,0.0,1e-05,-1e-05,-1e-05,-1e-05,-2e-05,-2e-05,0
25906,0.0,0.0,1e-05,-1e-05,-1e-05,-1e-05,-2e-05,-2e-05,0
25907,0.0,0.0,1e-05,-1e-05,-1e-05,-1e-05,-2e-05,-2e-05,0
25908,0.0,0.0,1e-05,-1e-05,-1e-05,-1e-05,-2e-05,-2e-05,0
25909,0.0,0.0,1e-05,-1e-05,-1e-05,-1e-05,-2e-05,-2e-05,0
25910,0.0,0.0,1e-05,-1e-05,-1e-05,-1e-05,-2e-05,-2e-05,0
25911,0.0,0.0,1e-05,-1e-05,-1e-05,-1e-05,-2e-05,-2e-05,0
25912,0.0,0.0,1e-05,-1e-05,-1e-05,-1e-05,-2e-05,-2e-05,0
25913,0.0,0.0,1e-05,-1e-05,-1e-05,-1e-05,-2e-05,-2e-05,0
25914,0.0,-4e-05,-2e-05,1e-05,0.0,-1e-05,0.0,0.0,0
25915,0.0,-4e-05,-2e-05,1e-05,0.0,-1e-05,0.0,0.0,0
25916,0.0,-4e-05,-2e-05,1e-05,0.0,-1e-05,0.0,0.0,0
25917,0.0,-4e-05,-2e-05,1e-05,0.0,-1e-05,0.0,0.0,0
25918,0.0,-4e-05,-2e-05,1e-05,0.0,-1e-05,0.0,0.0,0
25919,0.0,-4e-05,-2e-05,1e-05,0.0,-1e-05,0.0,0.0,0
25920,0.0,-4e-05,-2e-05,1e-05,0.0,-1e-05,0.0,0.0,0
25921,0.0,-4e-05,-2e-05,1e-05,0.0,-1e-05,0.0,0.0,0
25922,0.0,-4e-05,-2e-05,1e-05,0.0,-1e-05,0.0,0.0,0
25923,-6e-05,-7e-05,-4e-05,-6e-05,-4e-05,3e-05,0.0,-2e-05,0
25924,-6e-05,-7e-05,-4e-05,-6e-05,-4e-05,3e-05,0.0,-2e-05,0
25925,-6e-05,-7e-05,-4e-05,-6e-05,-4e-05,3e-05,0.0,-2e-05,0
25926,-6e-05,-7e-05,-4e-05,-6e-05,-4e-05,3e-05,0.0,-2e-05,0
25927,-6e-05,-7e-05,-4e-05,-6e-05,-4e-05,3e-05,0.0,-2e-05,0
25928,-6e-05,-7e-05,-4e-05,-6e-05,-4e-05,3e-05,0.0,-2e-05,0
25929,-6e-05,-7e-05,-4e-05,-6e-05,-4e-05,3e-05,0.0,-2e-05,0
25930,-6e-05,-7e-05,-4e-05,-6e-05,-4e-05,3e-05,0.0,-2e-05,0
25931,-6e-05,-7e-05,-4e-05,-6e-05,-4e-05,3e-05,0.0,-2e-05,0
25932,-6e-05,-7e-05,-4e-05,-6e-05,-4e-05,3e-05,0.0,-2e-05,0
25933,-6e-05,-7e-05,-4e-05,-6e-05,-4e-05,3e-05,0.0,-2e-05,0
25934,-6e-05,-7e-05,-4e-05,-6e-05,-4e-05,3e-05,0.0,-2e-05,0
25935,-6e-05,-7e-05,-4e-05,-6e-05,-4e-05,3e-05,0.0,-2e-05,0
25936,-6e-05,-7e-05,-4e-05,-6e-05,-4e-05,3e-05,0.0,-2e-05,0
25938,-1e-05,1e-05,-1e-05,-0.00012,-1e-05,-1e-05,-1e-05,-1e-05,0
25939,-1e-05,1e-05,-1e-05,-0.00012,-1e-05,-1e-05,-1e-05,-1e-05,0
25940,0.0,0.0,1e-05,0.0001,-2e-05,-3e-05,-1e-05,0.0,0
25941,0.0,0.0,1e-05,0.0001,-2e-05,-3e-05,-1e-05,0.0,0
25942,0.0,0.0,1e-05,0.0001,-2e-05,-3e-05,-1e-05,0.0,0
25943,0.0,0.0,1e-05,0.0001,-2e-05,-3e-05,-1e-05,0.0,0
25944,0.0,0.0,1e-05,0.0001,-2e-05,-3e-05,-1e-05,0.0,0
25945,0.0,0.0,1e-05,0.0001,-2e-05,-3e-05,-1e-05,0.0,0
25946,0.0,0.0,1e-05,0.0001,-2e-05,-3e-05,-1e-05,0.0,0
25947,0.0,0.0,1e-05,0.0001,-2e-05,-3e-05,-1e-05,0.0,0
25948,0.0,0.0,1e-05,0.0001,-2e-05,-3e-05,-1e-05,0.0,0
25949,0.0,0.0,1e-05,0.0001,-2e-05,-3e-05,-1e-05,0.0,0
25950,0.0,0.0,1e-05,0.0001,-2e-05,-3e-05,-1e-05,0.0,0
25951,0.0,0.0,1e-05,0.0001,-2e-05,-3e-05,-1e-05,0.0,0
25952,0.0,0.0,1e-05,0.0001,-2e-05,-3e-05,-1e-05,0.0,0
25953,0.0,0.0,1e-05,0.0001,-2e-05,-3e-05,-1e-05,0.0,0
25954,0.0,0.0,1e-05,0.0001,-2e-05,-3e-05,-1e-05,0.0,0
25955,0.0,0.0,1e-05,0.0001,-2e-05,-3e-05,-1e-05,0.0,0
25956,0.0,0.0,1e-05,0.0001,-2e-05,-3e-05,-1e-05,0.0,0
25957,0.0,0.0,1e-05,0.0001,-2e-05,-3e-05,-1e-05,0.0,0
25959,0.0,0.0,1e-05,0.0001,-2e-05,-3e-05,-1e-05,0.0,0
25960,0.0,0.0,1e-05,0.0001,-2e-05,-3e-05,-1e-05,0.0,0
25961,-2e-05,-2e-05,-2e-05,-8e-05,-2e-05,3e-05,-1e-05,-2e-05,0
25962,-2e-05,-2e-05,-2e-05,-8e-05,-2e-05,3e-05,-1e-05,-2e-05,0
25963,2e-05,5e-05,4e-05,1e-05,2e-05,-3e-05,-2e-05,0.0,0
25964,2e-05,5e-05,4e-05,1e-05,2e-05,-3e-05,-2e-05,0.0,0
25965,2e-05,5e-05,4e-05,1e-05,2e-05,-3e-05,-2e-05,0.0,0
25966,2e-05,5e-05,4e-05,1e-05,2e-05,-3e-05,-2e-05,0.0,0
25967,2e-05,5e-05,4e-05,1e-05,2e-05,-3e-05,-2e-05,0.0,0
25968,2e-05,5e-05,4e-05,1e-05,2e-05,-3e-05,-2e-05,0.0,0
25969,2e-05,5e-05,4e-05,1e-05,2e-05,-3e-05,-2e-05,0.0,0
25970,2e-05,5e-05,4e-05,1e-05,2e-05,-3e-05,-2e-05,0.0,0
25971,2e-05,5e-05,4e-05,1e-05,2e-05,-3e-05,-2e-05,0.0,0
25972,2e-05,5e-05,4e-05,1e-05,2e-05,-3e-05,-2e-05,0.0,0
25973,2e-05,5e-05,4e-05,1e-05,2e-05,-3e-05,-2e-05,0.0,0
25974,-4e-05,-7e-05,-8e-05,-8e-05,-3e-05,0.0,-1e-05,-3e-05,0
25975,-4e-05,-7e-05,-8e-05,-8e-05,-3e-05,0.0,-1e-05,-3e-05,0
25976,-4e-05,-7e-05,-8e-05,-8e-05,-3e-05,0.0,-1e-05,-3e-05,0
25977,-4e-05,-7e-05,-8e-05,-8e-05,-3e-05,0.0,-1e-05,-3e-05,0
25978,-4e-05,-7e-05,-8e-05,-8e-05,-3e-05,0.0,-1e-05,-3e-05,0
25979,-4e-05,-7e-05,-8e-05,-8e-05,-3e-05,0.0,-1e-05,-3e-05,0
25980,-4e-05,-7e-05,-8e-05,-8e-05,-3e-05,0.0,-1e-05,-3e-05,0
25981,-4e-05,-7e-05,-8e-05,-8e-05,-3e-05,0.0,-1e-05,-3e-05,0
25982,-4e-05,-7e-05,-8e-05,-8e-05,-3e-05,0.0,-1e-05,-3e-05,0
25983,0.0,1e-05,-1e-05,0.0,0.0,0.0,-1e-05,1e-05,0
25984,0.0,1e-05,-1e-05,0.0,0.0,0.0,-1e-05,1e-05,0
25985,0.0,1e-05,-1e-05,0.0,0.0,0.0,-1e-05,1e-05,0
25986,0.0,1e-05,-1e-05,0.0,0.0,0.0,-1e-05,1e-05,0
25988,0.0,1e-05,-1e-05,0.0,0.0,0.0,-1e-05,1e-05,0
25989,0.0,1e-05,-1e-05,0.0,0.0,0.0,-1e-05,1e-05,0
25990,0.0,1e-05,-1e-05,0.0,0.0,0.0,-1e-05,1e-05,0
25991,0.0,1e-05,-1e-05,0.0,0.0,0.0,-1e-05,1e-05,0
25992,0.0,1e-05,-1e-05,0.0,0.0,0.0,-1e-05,1e-05,0
25993,0.0,1e-05,-1e-05,0.0,0.0,0.0,-1e-05,1e-05,0
25994,0.0,1e-05,-1e-05,0.0,0.0,0.0,-1e-05,1e-05,0
25995,0.0,1e-05,-1e-05,0.0,0.0,0.0,-1e-05,1e-05,0
25996,0.0,1e-05,-1e-05,0.0,0.0,0.0,-1e-05,1e-05,0
25997,0.0,1e-05,-1e-05,0.0,0.0,0.0,-1e-05,1e-05,0
25998,0.0,2e-05,4e-05,4e-05,-1e-05,-2e-05,-2e-05,-1e-05,0
25999,0.0,2e-05,4e-05,4e-05,-1e-05,-2e-05,-2e-05,-1e-05,0
26000,1e-05,0.0,0.0,-1e-05,1e-05,-1e-05,0.0,-1e-05,0
26001,1e-05,0.0,0.0,-1e-05,1e-05,-1e-05,0.0,-1e-05,0
26002,1e-05,0.0,0.0,-1e-05,1e-05,-1e-05,0.0,-1e-05,0
26003,1e-05,0.0,0.0,-1e-05,1e-05,-1e-05,0.0,-1e-05,0
26004,1e-05,0.0,0.0,-1e-05,1e-05,-1e-05,0.0,-1e-05,0
26005,1e-05,0.0,0.0,-1e-05,1e-05,-1e-05,0.0,-1e-05,0
26006,1e-05,0.0,0.0,-1e-05,1e-05,-1e-05,0.0,-1e-05,0
26007,1e-05,0.0,0.0,-1e-05,1e-05,-1e-05,0.0,-1e-05,0
26008,1e-05,0.0,0.0,-1e-05,1e-05,-1e-05,0.0,-1e-05,0
26009,1e-05,0.0,0.0,-1e-05,1e-05,-1e-05,0.0,-1e-05,0
26010,1e-05,0.0,0.0,-1e-05,1e-05,-1e-05,0.0,-1e-05,0
26011,1e-05,0.0,0.0,-1e-05,1e-05,-1e-05,0.0,-1e-05,0
26012,1e-05,0.0,0.0,-1e-05,1e-05,-1e-05,0.0,-1e-05,0
26013,1e-05,0.0,0.0,-1e-05,1e-05,-1e-05,0.0,-1e-05,0
26014,1e-05,0.0,0.0,-1e-05,1e-05,-1e-05,0.0,-1e-05,0
26015,1e-05,0.0,0.0,-1e-05,1e-05,-1e-05,0.0,-1e-05,0
26016,1e-05,0.0,0.0,-1e-05,1e-05,-1e-05,0.0,-1e-05,0
26017,1e-05,0.0,0.0,-1e-05,1e-05,-1e-05,0.0,-1e-05,0
26018,1e-05,0.0,0.0,-1e-05,1e-05,-1e-05,0.0,-1e-05,0
26019,1e-05,0.0,0.0,-1e-05,1e-05,-1e-05,0.0,-1e-05,0
26020,1e-05,0.0,0.0,-1e-05,1e-05,-1e-05,0.0,-1e-05,0
26021,1e-05,0.0,0.0,-1e-05,1e-05,-1e-05,0.0,-1e-05,0
26022,1e-05,0.0,0.0,-1e-05,1e-05,-1e-05,0.0,-1e-05,0
26023,1e-05,0.0,0.0,-1e-05,1e-05,-1e-05,0.0,-1e-05,0
26024,1e-05,0.0,0.0,-1e-05,1e-05,-1e-05,0.0,-1e-05,0
26025,1e-05,0.0,0.0,-1e-05,1e-05,-1e-05,0.0,-1e-05,0
26026,1e-05,0.0,0.0,-1e-05,1e-05,-1e-05,0.0,-1e-05,0
26027,1e-05,0.0,0.0,-1e-05,1e-05,-1e-05,0.0,-1e-05,0
26028,1e-05,1e-05,1e-05,7e-05,1e-05,0.0,1e-05,-2e-05,0
26029,1e-05,1e-05,1e-05,7e-05,1e-05,0.0,1e-05,-2e-05,0
26030,-4e-05,-4e-05,-5e-05,-4e-05,0.00011,0.0,-1e-05,-3e-05,0
26031,-4e-05,-4e-05,-5e-05,-4e-05,0.00011,0.0,-1e-05,-3e-05,0
26032,-4e-05,-4e-05,-5e-05,-4e-05,0.00011,0.0,-1e-05,-3e-05,0
26033,-4e-05,-4e-05,-5e-05,-4e-05,0.00011,0.0,-1e-05,-3e-05,0
26034,-1e-05,-2e-05,-4e-05,1e-05,1e-05,1e-05,-1e-05,0.0,0
26035,-1e-05,-2e-05,-4e-05,1e-05,1e-05,1e-05,-1e-05,0.0,0
26036,-1e-05,-2e-05,-4e-05,1e-05,1e-05,1e-05,-1e-05,0.0,0
26038,-1e-05,-2e-05,-4e-05,1e-05,1e-05,1e-05,-1e-05,0.0,0
26039,-1e-05,-2e-05,-4e-05,1e-05,1e-05,1e-05,-1e-05,0.0,0
26040,-1e-05,-2e-05,-4e-05,1e-05,1e-05,1e-05,-1e-05,0.0,0
26041,-1e-05,-2e-05,-4e-05,1e-05,1e-05,1e-05,-1e-05,0.0,0
26042,-1e-05,-2e-05,-4e-05,1e-05,1e-05,1e-05,-1e-05,0.0,0
26043,0.0,-1e-05,0.0,3e-05,-3e-05,0.0,-1e-05,-1e-05,0
26044,0.0,-1e-05,0.0,3e-05,-3e-05,0.0,-1e-05,-1e-05,0
26045,0.0,-1e-05,0.0,3e-05,-3e-05,0.0,-1e-05,-1e-05,0
26046,0.0,-1e-05,0.0,3e-05,-3e-05,0.0,-1e-05,-1e-05,0
26047,0.0,-1e-05,0.0,3e-05,-3e-05,0.0,-1e-05,-1e-05,0
26048,0.0,-1e-05,0.0,3e-05,-3e-05,0.0,-1e-05,-1e-05,0
26049,0.0,-1e-05,0.0,3e-05,-3e-05,0.0,-1e-05,-1e-05,0
26050,0.0,-1e-05,0.0,3e-05,-3e-05,0.0,-1e-05,-1e-05,0
26051,0.0,-1e-05,0.0,3e-05,-3e-05,0.0,-1e-05,-1e-05,0
26052,0.0,-1e-05,0.0,3e-05,-3e-05,0.0,-1e-05,-1e-05,0
26053,0.0,-1e-05,0.0,3e-05,-3e-05,0.0,-1e-05,-1e-05,0
26054,0.0,-1e-05,0.0,3e-05,-3e-05,0.0,-1e-05,-1e-05,0
26055,0.0,-1e-05,0.0,3e-05,-3e-05,0.0,-1e-05,-1e-05,0
26056,0.0,-1e-05,0.0,3e-05,-3e-05,0.0,-1e-05,-1e-05,0
26057,0.0,-1e-05,0.0,3e-05,-3e-05,0.0,-1e-05,-1e-05,0
26058,0.0,3e-05,3e-05,4e-05,1e-05,1e-05,-1e-05,-1e-05,0
26059,0.0,3e-05,3e-05,4e-05,1e-05,1e-05,-1e-05,-1e-05,0
26060,0.0,3e-05,3e-05,4e-05,1e-05,1e-05,-1e-05,-1e-05,0
26061,0.0,3e-05,3e-05,4e-05,1e-05,1e-05,-1e-05,-1e-05,0
26062,0.0,3e-05,3e-05,4e-05,1e-05,1e-05,-1e-05,-1e-05,0
26063,0.0,3e-05,3e-05,4e-05,1e-05,1e-05,-1e-05,-1e-05,0
26064,0.0,3e-05,3e-05,4e-05,1e-05,1e-05,-1e-05,-1e-05,0
26065,0.0,3e-05,3e-05,4e-05,1e-05,1e-05,-1e-05,-1e-05,0
26066,-4e-05,-6e-05,-5e-05,-3e-05,-4e-05,-2e-05,0.0,0.0,0
26067,-4e-05,-6e-05,-5e-05,-3e-05,-4e-05,-2e-05,0.0,0.0,0
26068,-4e-05,-6e-05,-5e-05,-3e-05,-4e-05,-2e-05,0.0,0.0,0
26069,-4e-05,-6e-05,-5e-05,-3e-05,-4e-05,-2e-05,0.0,0.0,0
26070,-4e-05,-6e-05,-5e-05,-3e-05,-4e-05,-2e-05,0.0,0.0,0
26071,-4e-05,-6e-05,-5e-05,-3e-05,-4e-05,-2e-05,0.0,0.0,0
26072,-4e-05,-6e-05,-5e-05,-3e-05,-4e-05,-2e-05,0.0,0.0,0
26073,-4e-05,-6e-05,-5e-05,-3e-05,-4e-05,-2e-05,0.0,0.0,0
26074,-4e-05,-6e-05,-5e-05,-3e-05,-4e-05,-2e-05,0.0,0.0,0
26075,-4e-05,-6e-05,-5e-05,-3e-05,-4e-05,-2e-05,0.0,0.0,0
26076,-4e-05,-6e-05,-5e-05,-3e-05,-4e-05,-2e-05,0.0,0.0,0
26077,-4e-05,-6e-05,-5e-05,-3e-05,-4e-05,-2e-05,0.0,0.0,0
26078,-4e-05,-6e-05,-5e-05,-3e-05,-4e-05,-2e-05,0.0,0.0,0
26079,-4e-05,-6e-05,-5e-05,-3e-05,-4e-05,-2e-05,0.0,0.0,0
26080,-4e-05,-6e-05,-5e-05,-3e-05,-4e-05,-2e-05,0.0,0.0,0
26081,0.0,1e-05,4e-05,0.00014,5e-05,3e-05,-1e-05,0.0,0
26082,0.0,1e-05,4e-05,0.00014,5e-05,3e-05,-1e-05,0.0,0
26083,-3e-05,-6e-05,-4e-05,-3e-05,-4e-05,-2e-05,-1e-05,1e-05,0
26084,-3e-05,-6e-05,-4e-05,-3e-05,-4e-05,-2e-05,-1e-05,1e-05,0
26085,-3e-05,-6e-05,-4e-05,-3e-05,-4e-05,-2e-05,-1e-05,1e-05,0
26086,-3e-05,-6e-05,-4e-05,-3e-05,-4e-05,-2e-05,-1e-05,1e-05,0
26088,-3e-05,-6e-05,-4e-05,-3e-05,-4e-05,-2e-05,-1e-05,1e-05,0
26089,-3e-05,-6e-05,-4e-05,-3e-05,-4e-05,-2e-05,-1e-05,1e-05,0
26090,-3e-05,-6e-05,-4e-05,-3e-05,-4e-05,-2e-05,-1e-05,1e-05,0
26091,-3e-05,-6e-05,-4e-05,-3e-05,-4e-05,-2e-05,-1e-05,1e-05,0
26092,-3e-05,-6e-05,-4e-05,-3e-05,-4e-05,-2e-05,-1e-05,1e-05,0
26093,-3e-05,-6e-05,-4e-05,-3e-05,-4e-05,-2e-05,-1e-05,1e-05,0
26094,-3e-05,-6e-05,-4e-05,-3e-05,-4e-05,-2e-05,-1e-05,1e-05,0
26095,-3e-05,-6e-05,-4e-05,-3e-05,-4e-05,-2e-05,-1e-05,1e-05,0
26096,-3e-05,-6e-05,-4e-05,-3e-05,-4e-05,-2e-05,-1e-05,1e-05,0
26097,-3e-05,-6e-05,-4e-05,-3e-05,-4e-05,-2e-05,-1e-05,1e-05,0
26098,-3e-05,-6e-05,-4e-05,-3e-05,-4e-05,-2e-05,-1e-05,1e-05,0
26099,-3e-05,-6e-05,-4e-05,-3e-05,-4e-05,-2e-05,-1e-05,1e-05,0
26100,-3e-05,-6e-05,-4e-05,-3e-05,-4e-05,-2e-05,-1e-05,1e-05,0
26101,-3e-05,-6e-05,-4e-05,-3e-05,-4e-05,-2e-05,-1e-05,1e-05,0
26102,-3e-05,-6e-05,-4e-05,-3e-05,-4e-05,-2e-05,-1e-05,1e-05,0
26103,-1e-05,-2e-05,-1e-05,0.00029,-1e-05,-2e-05,-4e-05,-2e-05,0
26104,-1e-05,-2e-05,-1e-05,0.00029,-1e-05,-2e-05,-4e-05,-2e-05,0
26105,0.0,2e-05,4e-05,1e-05,-1e-05,0.0,-2e-05,0.0,0
26106,0.0,2e-05,4e-05,1e-05,-1e-05,0.0,-2e-05,0.0,0
26107,0.0,2e-05,4e-05,1e-05,-1e-05,0.0,-2e-05,0.0,0
26108,0.0,2e-05,4e-05,1e-05,-1e-05,0.0,-2e-05,0.0,0
26109,0.0,2e-05,4e-05,1e-05,-1e-05,0.0,-2e-05,0.0,0
26110,0.0,2e-05,4e-05,1e-05,-1e-05,0.0,-2e-05,0.0,0
26111,0.0,2e-05,4e-05,1e-05,-1e-05,0.0,-2e-05,0.0,0
26112,0.0,2e-05,4e-05,1e-05,-1e-05,0.0,-2e-05,0.0,0
26113,0.0,2e-05,4e-05,1e-05,-1e-05,0.0,-2e-05,0.0,0
26114,0.0,2e-05,4e-05,1e-05,-1e-05,0.0,-2e-05,0.0,0
26115,0.0,2e-05,4e-05,1e-05,-1e-05,0.0,-2e-05,0.0,0
26116,0.0,2e-05,4e-05,1e-05,-1e-05,0.0,-2e-05,0.0,0
26117,0.0,2e-05,4e-05,1e-05,-1e-05,0.0,-2e-05,0.0,0
26118,-5e-05,-5e-05,-7e-05,-0.00018,-5e-05,-1e-05,-1e-05,0.0,0
26119,-5e-05,-5e-05,-7e-05,-0.00018,-5e-05,-1e-05,-1e-05,0.0,0
26120,2e-05,2e-05,-2e-05,-9e-05,-6e-05,0.0,-1e-05,-2e-05,0
26121,2e-05,2e-05,-2e-05,-9e-05,-6e-05,0.0,-1e-05,-2e-05,0
26122,2e-05,2e-05,-2e-05,-9e-05,-6e-05,0.0,-1e-05,-2e-05,0
26123,2e-05,2e-05,-2e-05,-9e-05,-6e-05,0.0,-1e-05,-2e-05,0
26124,2e-05,2e-05,-2e-05,-9e-05,-6e-05,0.0,-1e-05,-2e-05,0
26125,2e-05,2e-05,-2e-05,-9e-05,-6e-05,0.0,-1e-05,-2e-05,0
26126,2e-05,2e-05,-2e-05,-9e-05,-6e-05,0.0,-1e-05,-2e-05,0
26127,2e-05,2e-05,-2e-05,-9e-05,-6e-05,0.0,-1e-05,-2e-05,0
26128,2e-05,2e-05,-2e-05,-9e-05,-6e-05,0.0,-1e-05,-2e-05,0
26129,2e-05,2e-05,-2e-05,-9e-05,-6e-05,0.0,-1e-05,-2e-05,0
26130,2e-05,2e-05,-2e-05,-9e-05,-6e-05,0.0,-1e-05,-2e-05,0
26131,2e-05,2e-05,-2e-05,-9e-05,-6e-05,0.0,-1e-05,-2e-05,0
26132,2e-05,2e-05,-2e-05,-9e-05,-6e-05,0.0,-1e-05,-2e-05,0
26133,2e-05,2e-05,-2e-05,-9e-05,-6e-05,0.0,-1e-05,-2e-05,0
26134,2e-05,2e-05,-2e-05,-9e-05,-6e-05,0.0,-1e-05,-2e-05,0
26135,2e-05,2e-05,-2e-05,-9e-05,-6e-05,0.0,-1e-05,-2e-05,0
26136,2e-05,2e-05,-2e-05,-9e-05,-6e-05,0.0,-1e-05,-2e-05,0
26138,2e-05,2e-05,-2e-05,-9e-05,-6e-05,0.0,-1e-05,-2e-05,0
26139,2e-05,2e-05,-2e-05,-9e-05,-6e-05,0.0,-1e-05,-2e-05,0
26140,2e-05,2e-05,-2e-05,-9e-05,-6e-05,0.0,-1e-05,-2e-05,0
26141,-2e-05,0.0,-2e-05,-3e-05,1e-05,1e-05,-2e-05,-4e-05,0
26142,2e-05,1e-05,3e-05,-3e-05,-1e-05,0.0,-1e-05,0.0,0
26143,2e-05,1e-05,3e-05,-3e-05,-1e-05,0.0,-1e-05,0.0,0
26144,2e-05,1e-05,3e-05,-3e-05,-1e-05,0.0,-1e-05,0.0,0
26145,2e-05,1e-05,3e-05,-3e-05,-1e-05,0.0,-1e-05,0.0,0
26146,2e-05,1e-05,3e-05,-3e-05,-1e-05,0.0,-1e-05,0.0,0
26147,2e-05,1e-05,3e-05,-3e-05,-1e-05,0.0,-1e-05,0.0,0
26148,2e-05,1e-05,3e-05,-3e-05,-1e-05,0.0,-1e-05,0.0,0
26149,2e-05,1e-05,3e-05,-3e-05,-1e-05,0.0,-1e-05,0.0,0
26150,2e-05,1e-05,3e-05,-3e-05,-1e-05,0.0,-1e-05,0.0,0
26151,2e-05,1e-05,3e-05,-3e-05,-1e-05,0.0,-1e-05,0.0,0
26152,2e-05,1e-05,3e-05,-3e-05,-1e-05,0.0,-1e-05,0.0,0
26153,2e-05,1e-05,3e-05,-3e-05,-1e-05,0.0,-1e-05,0.0,0
26154,2e-05,1e-05,3e-05,-3e-05,-1e-05,0.0,-1e-05,0.0,0
26155,2e-05,1e-05,3e-05,-3e-05,-1e-05,0.0,-1e-05,0.0,0
26156,2e-05,1e-05,3e-05,-3e-05,-1e-05,0.0,-1e-05,0.0,0
26157,2e-05,1e-05,3e-05,-3e-05,-1e-05,0.0,-1e-05,0.0,0
26158,2e-05,1e-05,3e-05,-3e-05,-1e-05,0.0,-1e-05,0.0,0
26159,2e-05,1e-05,3e-05,-3e-05,-1e-05,0.0,-1e-05,0.0,0
26160,2e-05,1e-05,3e-05,-3e-05,-1e-05,0.0,-1e-05,0.0,0
26161,2e-05,1e-05,3e-05,-3e-05,-1e-05,0.0,-1e-05,0.0,0
26162,2e-05,1e-05,3e-05,-3e-05,-1e-05,0.0,-1e-05,0.0,0
26163,-3e-05,-1e-05,-5e-05,-8e-05,-2e-05,-3e-05,-1e-05,0.0,0
26164,-3e-05,-1e-05,-5e-05,-8e-05,-2e-05,-3e-05,-1e-05,0.0,0
26165,-4e-05,-5e-05,-4e-05,2e-05,2e-05,-3e-05,-1e-05,-1e-05,0
26166,-4e-05,-5e-05,-4e-05,2e-05,2e-05,-3e-05,-1e-05,-1e-05,0
26167,-4e-05,-5e-05,-4e-05,2e-05,2e-05,-3e-05,-1e-05,-1e-05,0
26168,-4e-05,-5e-05,-4e-05,2e-05,2e-05,-3e-05,-1e-05,-1e-05,0
26169,-4e-05,-5e-05,-4e-05,2e-05,2e-05,-3e-05,-1e-05,-1e-05,0
26170,-4e-05,-5e-05,-4e-05,2e-05,2e-05,-3e-05,-1e-05,-1e-05,0
26171,-4e-05,-5e-05,-4e-05,2e-05,2e-05,-3e-05,-1e-05,-1e-05,0
26172,-4e-05,-5e-05,-4e-05,2e-05,2e-05,-3e-05,-1e-05,-1e-05,0
26173,-4e-05,-5e-05,-4e-05,2e-05,2e-05,-3e-05,-1e-05,-1e-05,0
26174,-4e-05,-5e-05,-4e-05,2e-05,2e-05,-3e-05,-1e-05,-1e-05,0
26175,-4e-05,-5e-05,-4e-05,2e-05,2e-05,-3e-05,-1e-05,-1e-05,0
26176,-4e-05,-5e-05,-4e-05,2e-05,2e-05,-3e-05,-1e-05,-1e-05,0
26177,-4e-05,-5e-05,-4e-05,2e-05,2e-05,-3e-05,-1e-05,-1e-05,0
26178,2e-05,3e-05,4e-05,4e-05,0.0,-1e-05,-2e-05,0.0,0
26179,2e-05,3e-05,4e-05,4e-05,0.0,-1e-05,-2e-05,0.0,0
26180,0.0,0.0,-1e-05,-3e-05,1e-05,-2e-05,-1e-05,-2e-05,0
26181,0.0,0.0,-1e-05,-3e-05,1e-05,-2e-05,-1e-05,-2e-05,0
26182,0.0,0.0,-1e-05,-3e-05,1e-05,-2e-05,-1e-05,-2e-05,0
26183,0.0,0.0,-1e-05,-3e-05,1e-05,-2e-05,-1e-05,-2e-05,0
26184,0.0,0.0,-1e-05,-3e-05,1e-05,-2e-05,-1e-05,-2e-05,0
26185,0.0,0.0,-1e-05,-3e-05,1e-05,-2e-05,-1e-05,-2e-05,0
26186,0.0,0.0,-1e-05,-3e-05,1e-05,-2e-05,-1e-05,-2e-05,0
26188,0.0,0.0,-1e-05,-3e-05,1e-05,-2e-05,-1e-05,-2e-05,0
26189,0.0,0.0,-1e-05,-3e-05,1e-05,-2e-05,-1e-05,-2e-05,0
26190,0.0,0.0,-1e-05,-3e-05,1e-05,-2e-05,-1e-05,-2e-05,0
26191,0.0,0.0,-1e-05,-3e-05,1e-05,-2e-05,-1e-05,-2e-05,0
26192,0.0,0.0,-1e-05,-3e-05,1e-05,-2e-05,-1e-05,-2e-05,0
26193,0.0,0.0,-1e-05,-3e-05,1e-05,-2e-05,-1e-05,-2e-05,0
26194,0.0,0.0,-1e-05,-3e-05,1e-05,-2e-05,-1e-05,-2e-05,0
26195,0.0,0.0,-1e-05,-3e-05,1e-05,-2e-05,-1e-05,-2e-05,0
26196,0.0,0.0,-1e-05,-3e-05,1e-05,-2e-05,-1e-05,-2e-05,0
26197,0.0,0.0,-1e-05,-3e-05,1e-05,-2e-05,-1e-05,-2e-05,0
26198,0.0,0.0,-1e-05,-3e-05,1e-05,-2e-05,-1e-05,-2e-05,0
26199,0.0,0.0,-1e-05,-3e-05,1e-05,-2e-05,-1e-05,-2e-05,0
26200,0.0,0.0,-1e-05,-3e-05,1e-05,-2e-05,-1e-05,-2e-05,0
26201,0.0,-5e-05,-2e-05,-0.00012,-1e-05,0.0,0.0,-2e-05,0
26202,-2e-05,-1e-05,-1e-05,8e-05,-3e-05,-1e-05,-1e-05,0.0,0
26203,-2e-05,-1e-05,-1e-05,8e-05,-3e-05,-1e-05,-1e-05,0.0,0
26204,-2e-05,-1e-05,-1e-05,8e-05,-3e-05,-1e-05,-1e-05,0.0,0
26205,-2e-05,-1e-05,-1e-05,8e-05,-3e-05,-1e-05,-1e-05,0.0,0
26206,-2e-05,-1e-05,-1e-05,8e-05,-3e-05,-1e-05,-1e-05,0.0,0
26207,-2e-05,-1e-05,-1e-05,8e-05,-3e-05,-1e-05,-1e-05,0.0,0
26208,-2e-05,-1e-05,-1e-05,8e-05,-3e-05,-1e-05,-1e-05,0.0,0
26209,-2e-05,-1e-05,-1e-05,8e-05,-3e-05,-1e-05,-1e-05,0.0,0
26210,-2e-05,-1e-05,-1e-05,8e-05,-3e-05,-1e-05,-1e-05,0.0,0
26211,-2e-05,-1e-05,-1e-05,8e-05,-3e-05,-1e-05,-1e-05,0.0,0
26212,-2e-05,-1e-05,-1e-05,8e-05,-3e-05,-1e-05,-1e-05,0.0,0
26213,-2e-05,-1e-05,-1e-05,8e-05,-3e-05,-1e-05,-1e-05,0.0,0
26214,-2e-05,-1e-05,-1e-05,8e-05,-3e-05,-1e-05,-1e-05,0.0,0
26215,-2e-05,-1e-05,-1e-05,8e-05,-3e-05,-1e-05,-1e-05,0.0,0
26216,-2e-05,-1e-05,-1e-05,8e-05,-3e-05,-1e-05,-1e-05,0.0,0
26217,-2e-05,-1e-05,-1e-05,8e-05,-3e-05,-1e-05,-1e-05,0.0,0
26218,-2e-05,-1e-05,-1e-05,8e-05,-3e-05,-1e-05,-1e-05,0.0,0
26219,-2e-05,-1e-05,-1e-05,8e-05,-3e-05,-1e-05,-1e-05,0.0,0
26220,-2e-05,-1e-05,-1e-05,8e-05,-3e-05,-1e-05,-1e-05,0.0,0
26221,-2e-05,-1e-05,-1e-05,8e-05,-3e-05,-1e-05,-1e-05,0.0,0
26222,-2e-05,-1e-05,-1e-05,8e-05,-3e-05,-1e-05,-1e-05,0.0,0
26223,-4e-05,-1e-05,-1e-05,1e-05,-2e-05,-2e-05,-2e-05,-1e-05,0
26224,0.0,1e-05,2e-05,-1e-05,0.0,-1e-05,0.0,0.0,0
26225,0.0,0.0,0.0,-3e-05,-2e-05,1e-05,-1e-05,1e-05,0
26226,0.0,0.0,0.0,-3e-05,-2e-05,1e-05,-1e-05,1e-05,0
26227,0.0,0.0,0.0,-3e-05,-2e-05,1e-05,-1e-05,1e-05,0
26228,0.0,0.0,0.0,-3e-05,-2e-05,1e-05,-1e-05,1e-05,0
26229,0.0,0.0,0.0,-3e-05,-2e-05,1e-05,-1e-05,1e-05,0
26230,0.0,0.0,0.0,-3e-05,-2e-05,1e-05,-1e-05,1e-05,0
26231,0.0,0.0,0.0,-3e-05,-2e-05,1e-05,-1e-05,1e-05,0
26232,0.0,0.0,0.0,-3e-05,-2e-05,1e-05,-1e-05,1e-05,0
26233,0.0,0.0,0.0,-3e-05,-2e-05,1e-05,-1e-05,1e-05,0
26234,0.0,0.0,0.0,-3e-05,-2e-05,1e-05,-1e-05,1e-05,0
26235,0.0,0.0,0.0,-3e-05,-2e-05,1e-05,-1e-05,1e-05,0
26236,0.0,0.0,0.0,-3e-05,-2e-05,1e-05,-1e-05,1e-05,0
26238,0.0,0.0,0.0,-3e-05,-2e-05,1e-05,-1e-05,1e-05,0
26239,0.0,-2e-05,0.0,0.00032,4e-05,-1e-05,-2e-05,-1e-05,0
26240,-1e-05,4e-05,3e-05,2e-05,-1e-05,-1e-05,-1e-05,-1e-05,0
26241,-1e-05,4e-05,3e-05,2e-05,-1e-05,-1e-05,-1e-05,-1e-05,0
26242,-1e-05,4e-05,3e-05,2e-05,-1e-05,-1e-05,-1e-05,-1e-05,0
26243,-1e-05,4e-05,3e-05,2e-05,-1e-05,-1e-05,-1e-05,-1e-05,0
26244,-1e-05,4e-05,3e-05,2e-05,-1e-05,-1e-05,-1e-05,-1e-05,0
26245,-1e-05,4e-05,3e-05,2e-05,-1e-05,-1e-05,-1e-05,-1e-05,0
26246,-1e-05,4e-05,3e-05,2e-05,-1e-05,-1e-05,-1e-05,-1e-05,0
26247,-1e-05,4e-05,3e-05,2e-05,-1e-05,-1e-05,-1e-05,-1e-05,0
26248,-1e-05,4e-05,3e-05,2e-05,-1e-05,-1e-05,-1e-05,-1e-05,0
26249,-1e-05,4e-05,3e-05,2e-05,-1e-05,-1e-05,-1e-05,-1e-05,0
26250,-1e-05,4e-05,3e-05,2e-05,-1e-05,-1e-05,-1e-05,-1e-05,0
26251,-1e-05,4e-05,3e-05,2e-05,-1e-05,-1e-05,-1e-05,-1e-05,0
26252,-1e-05,4e-05,3e-05,2e-05,-1e-05,-1e-05,-1e-05,-1e-05,0
26253,-1e-05,4e-05,3e-05,2e-05,-1e-05,-1e-05,-1e-05,-1e-05,0
26254,-1e-05,4e-05,3e-05,2e-05,-1e-05,-1e-05,-1e-05,-1e-05,0
26255,-1e-05,4e-05,3e-05,2e-05,-1e-05,-1e-05,-1e-05,-1e-05,0
26256,-1e-05,4e-05,3e-05,2e-05,-1e-05,-1e-05,-1e-05,-1e-05,0
26257,-1e-05,4e-05,3e-05,2e-05,-1e-05,-1e-05,-1e-05,-1e-05,0
26258,-1e-05,4e-05,3e-05,2e-05,-1e-05,-1e-05,-1e-05,-1e-05,0
26259,-1e-05,4e-05,3e-05,2e-05,-1e-05,-1e-05,-1e-05,-1e-05,0
26260,-1e-05,-3e-05,1e-05,6e-05,0.0,-1e-05,-1e-05,0.0,0
26261,-3e-05,-4e-05,-0.0001,-0.00025,-0.0001,1e-05,-1e-05,-3e-05,0
26262,0.0,0.0,0.0,0.0,0.0,-2e-05,-1e-05,-1e-05,0
26263,0.0,0.0,0.0,0.0,0.0,-2e-05,-1e-05,-1e-05,0
26264,0.0,0.0,0.0,0.0,0.0,-2e-05,-1e-05,-1e-05,0
26265,0.0,0.0,0.0,0.0,0.0,-2e-05,-1e-05,-1e-05,0
26266,0.0,0.0,0.0,0.0,0.0,-2e-05,-1e-05,-1e-05,0
26267,0.0,0.0,0.0,0.0,0.0,-2e-05,-1e-05,-1e-05,0
26268,0.0,0.0,0.0,0.0,0.0,-2e-05,-1e-05,-1e-05,0
26269,0.0,0.0,0.0,0.0,0.0,-2e-05,-1e-05,-1e-05,0
26270,0.0,0.0,0.0,0.0,0.0,-2e-05,-1e-05,-1e-05,0
26271,0.0,0.0,0.0,0.0,0.0,-2e-05,-1e-05,-1e-05,0
26272,0.0,0.0,0.0,0.0,0.0,-2e-05,-1e-05,-1e-05,0
26273,0.0,0.0,0.0,0.0,0.0,-2e-05,-1e-05,-1e-05,0
26274,0.0,0.0,0.0,0.0,0.0,-2e-05,-1e-05,-1e-05,0
26275,0.0,0.0,0.0,0.0,0.0,-2e-05,-1e-05,-1e-05,0
26276,0.0,0.0,0.0,0.0,0.0,-2e-05,-1e-05,-1e-05,0
26277,0.0,0.0,0.0,0.0,0.0,-2e-05,-1e-05,-1e-05,0
26278,0.0,0.0,0.0,0.0,0.0,-2e-05,-1e-05,-1e-05,0
26279,0.0,0.0,0.0,0.0,0.0,-2e-05,-1e-05,-1e-05,0
26280,0.0,0.0,0.0,0.0,0.0,-2e-05,-1e-05,-1e-05,0
26281,0.0,0.0,0.0,0.0,0.0,-2e-05,-1e-05,-1e-05,0
26282,0.0,0.0,0.0,0.0,0.0,-2e-05,-1e-05,-1e-05,0
26283,-2e-05,0.0,3e-05,0.0,-1e-05,-1e-05,-1e-05,0.0,0
26284,-2e-05,0.0,3e-05,0.0,-1e-05,-1e-05,-1e-05,0.0,0
26285,1e-05,2e-05,1e-05,-5e-05,-3e-05,-2e-05,0.0,-3e-05,0
26286,1e-05,2e-05,1e-05,-5e-05,-3e-05,-2e-05,0.0,-3e-05,0
26288,1e-05,2e-05,1e-05,-5e-05,-3e-05,-2e-05,0.0,-3e-05,0
26289,1e-05,2e-05,1e-05,-5e-05,-3e-05,-2e-05,0.0,-3e-05,0
26290,1e-05,2e-05,1e-05,-5e-05,-3e-05,-2e-05,0.0,-3e-05,0
26291,1e-05,2e-05,1e-05,-5e-05,-3e-05,-2e-05,0.0,-3e-05,0
26292,1e-05,2e-05,1e-05,-5e-05,-3e-05,-2e-05,0.0,-3e-05,0
26293,1e-05,2e-05,1e-05,-5e-05,-3e-05,-2e-05,0.0,-3e-05,0
26294,1e-05,2e-05,1e-05,-5e-05,-3e-05,-2e-05,0.0,-3e-05,0
26295,1e-05,2e-05,1e-05,-5e-05,-3e-05,-2e-05,0.0,-3e-05,0
26296,1e-05,2e-05,1e-05,-5e-05,-3e-05,-2e-05,0.0,-3e-05,0
26297,1e-05,2e-05,1e-05,-5e-05,-3e-05,-2e-05,0.0,-3e-05,0
26298,-3e-05,-4e-05,-2e-05,5e-05,3e-05,2e-05,2e-05,-1e-05,0
26299,-3e-05,-4e-05,-2e-05,5e-05,3e-05,2e-05,2e-05,-1e-05,0
26300,-3e-05,-4e-05,-2e-05,5e-05,3e-05,2e-05,2e-05,-1e-05,0
26301,-3e-05,-4e-05,-2e-05,5e-05,3e-05,2e-05,2e-05,-1e-05,0
26302,-3e-05,-4e-05,-2e-05,5e-05,3e-05,2e-05,2e-05,-1e-05,0
26303,-3e-05,-4e-05,-2e-05,5e-05,3e-05,2e-05,2e-05,-1e-05,0
26304,-1e-05,0.0,0.0,-5e-05,-1e-05,-2e-05,-2e-05,-1e-05,0
26305,-1e-05,0.0,0.0,-5e-05,-1e-05,-2e-05,-2e-05,-1e-05,0
26306,-1e-05,0.0,0.0,-5e-05,-1e-05,-2e-05,-2e-05,-1e-05,0
26307,-1e-05,0.0,0.0,-5e-05,-1e-05,-2e-05,-2e-05,-1e-05,0
26308,-1e-05,0.0,0.0,-5e-05,-1e-05,-2e-05,-2e-05,-1e-05,0
26309,-1e-05,0.0,0.0,-5e-05,-1e-05,-2e-05,-2e-05,-1e-05,0
26310,-1e-05,0.0,0.0,-5e-05,-1e-05,-2e-05,-2e-05,-1e-05,0
26311,-1e-05,0.0,0.0,-5e-05,-1e-05,-2e-05,-2e-05,-1e-05,0
26312,-1e-05,0.0,0.0,-5e-05,-1e-05,-2e-05,-2e-05,-1e-05,0
26314,-1e-05,0.0,0.0,-5e-05,-1e-05,-2e-05,-2e-05,-1e-05,0
26315,-1e-05,0.0,0.0,-5e-05,-1e-05,-2e-05,-2e-05,-1e-05,0
26316,-1e-05,0.0,0.0,-5e-05,-1e-05,-2e-05,-2e-05,-1e-05,0
26317,-1e-05,0.0,0.0,-5e-05,-1e-05,-2e-05,-2e-05,-1e-05,0
26318,-1e-05,0.0,0.0,-5e-05,-1e-05,-2e-05,-2e-05,-1e-05,0
26319,-1e-05,0.0,0.0,-5e-05,-1e-05,-2e-05,-2e-05,-1e-05,0
26320,-1e-05,0.0,0.0,-5e-05,-1e-05,-2e-05,-2e-05,-1e-05,0
26321,-4e-05,-5e-05,-2e-05,0.0001,2e-05,0.0,0.0,-1e-05,0
26322,0.0,0.0,0.0,1e-05,-1e-05,-2e-05,-2e-05,-1e-05,0
26323,0.0,0.0,0.0,1e-05,-1e-05,-2e-05,-2e-05,-1e-05,0
26324,0.0,0.0,0.0,1e-05,-1e-05,-2e-05,-2e-05,-1e-05,0
26325,0.0,0.0,0.0,1e-05,-1e-05,-2e-05,-2e-05,-1e-05,0
26326,0.0,0.0,0.0,1e-05,-1e-05,-2e-05,-2e-05,-1e-05,0
26327,0.0,0.0,0.0,1e-05,-1e-05,-2e-05,-2e-05,-1e-05,0
26328,0.0,0.0,0.0,1e-05,-1e-05,-2e-05,-2e-05,-1e-05,0
26329,0.0,0.0,0.0,1e-05,-1e-05,-2e-05,-2e-05,-1e-05,0
26330,0.0,0.0,0.0,1e-05,-1e-05,-2e-05,-2e-05,-1e-05,0
26331,0.0,0.0,0.0,1e-05,-1e-05,-2e-05,-2e-05,-1e-05,0
26332,0.0,0.0,0.0,1e-05,-1e-05,-2e-05,-2e-05,-1e-05,0
26333,0.0,0.0,0.0,1e-05,-1e-05,-2e-05,-2e-05,-1e-05,0
26334,0.0,0.0,0.0,1e-05,-1e-05,-2e-05,-2e-05,-1e-05,0
26335,0.0,0.0,0.0,1e-05,-1e-05,-2e-05,-2e-05,-1e-05,0
26336,0.0,0.0,0.0,1e-05,-1e-05,-2e-05,-2e-05,-1e-05,0
26338,0.0,0.0,0.0,1e-05,-1e-05,-2e-05,-2e-05,-1e-05,0
26339,0.0,0.0,0.0,1e-05,-1e-05,-2e-05,-2e-05,-1e-05,0
26340,0.0,0.0,0.0,1e-05,-1e-05,-2e-05,-2e-05,-1e-05,0
26341,0.0,0.0,0.0,1e-05,-1e-05,-2e-05,-2e-05,-1e-05,0
26342,0.0,0.0,0.0,1e-05,-1e-05,-2e-05,-2e-05,-1e-05,0
26343,2e-05,5e-05,6e-05,-9e-05,-2e-05,0.0,-1e-05,-1e-05,0
26344,2e-05,5e-05,6e-05,-9e-05,-2e-05,0.0,-1e-05,-1e-05,0
26345,-5e-05,-9e-05,-0.00012,-2e-05,-2e-05,2e-05,-1e-05,-1e-05,0
26346,-5e-05,-9e-05,-0.00012,-2e-05,-2e-05,2e-05,-1e-05,-1e-05,0
26347,-5e-05,-9e-05,-0.00012,-2e-05,-2e-05,2e-05,-1e-05,-1e-05,0
26348,-5e-05,-9e-05,-0.00012,-2e-05,-2e-05,2e-05,-1e-05,-1e-05,0
26349,-5e-05,-9e-05,-0.00012,-2e-05,-2e-05,2e-05,-1e-05,-1e-05,0
26350,-5e-05,-9e-05,-0.00012,-2e-05,-2e-05,2e-05,-1e-05,-1e-05,0
26351,-5e-05,-9e-05,-0.00012,-2e-05,-2e-05,2e-05,-1e-05,-1e-05,0
26352,-5e-05,-9e-05,-0.00012,-2e-05,-2e-05,2e-05,-1e-05,-1e-05,0
26353,-5e-05,-9e-05,-0.00012,-2e-05,-2e-05,2e-05,-1e-05,-1e-05,0
26354,-5e-05,-9e-05,-0.00012,-2e-05,-2e-05,2e-05,-1e-05,-1e-05,0
26355,-5e-05,-9e-05,-0.00012,-2e-05,-2e-05,2e-05,-1e-05,-1e-05,0
26356,-5e-05,-9e-05,-0.00012,-2e-05,-2e-05,2e-05,-1e-05,-1e-05,0
26357,-5e-05,-9e-05,-0.00012,-2e-05,-2e-05,2e-05,-1e-05,-1e-05,0
26358,0.0,1e-05,0.0,-6e-05,-1e-05,1e-05,-2e-05,-1e-05,0
26359,0.0,1e-05,0.0,-6e-05,-1e-05,1e-05,-2e-05,-1e-05,0
26360,0.0,1e-05,0.0,-6e-05,-1e-05,1e-05,-2e-05,-1e-05,0
26361,0.0,1e-05,0.0,-6e-05,-1e-05,1e-05,-2e-05,-1e-05,0
26362,0.0,1e-05,0.0,-6e-05,-1e-05,1e-05,-2e-05,-1e-05,0
26364,0.0,1e-05,0.0,-6e-05,-1e-05,1e-05,-2e-05,-1e-05,0
26365,-1e-05,-2e-05,1e-05,0.0,3e-05,-3e-05,-2e-05,0.0,0
26366,-1e-05,-2e-05,1e-05,0.0,3e-05,-3e-05,-2e-05,0.0,0
26367,-1e-05,-2e-05,1e-05,0.0,3e-05,-3e-05,-2e-05,0.0,0
26368,-1e-05,-2e-05,1e-05,0.0,3e-05,-3e-05,-2e-05,0.0,0
26369,-1e-05,-2e-05,1e-05,0.0,3e-05,-3e-05,-2e-05,0.0,0
26370,-1e-05,-2e-05,1e-05,0.0,3e-05,-3e-05,-2e-05,0.0,0
26371,-1e-05,-2e-05,1e-05,0.0,3e-05,-3e-05,-2e-05,0.0,0
26372,-1e-05,-2e-05,1e-05,0.0,3e-05,-3e-05,-2e-05,0.0,0
26373,-1e-05,-2e-05,1e-05,0.0,3e-05,-3e-05,-2e-05,0.0,0
26374,-1e-05,-2e-05,1e-05,0.0,3e-05,-3e-05,-2e-05,0.0,0
26375,-1e-05,-2e-05,1e-05,0.0,3e-05,-3e-05,-2e-05,0.0,0
26376,-1e-05,-2e-05,1e-05,0.0,3e-05,-3e-05,-2e-05,0.0,0
26377,-1e-05,-2e-05,1e-05,0.0,3e-05,-3e-05,-2e-05,0.0,0
26378,-1e-05,-2e-05,1e-05,0.0,3e-05,-3e-05,-2e-05,0.0,0
26379,-1e-05,-2e-05,1e-05,0.0,3e-05,-3e-05,-2e-05,0.0,0
26380,0.0,1e-05,-4e-05,4e-05,0.0,2e-05,-2e-05,0.0,0
26381,0.0,-1e-05,1e-05,-4e-05,-1e-05,0.0,-1e-05,-2e-05,0
26382,0.0,-3e-05,-3e-05,-6e-05,-5e-05,-1e-05,0.0,-3e-05,0
26383,0.0,-3e-05,-3e-05,-6e-05,-5e-05,-1e-05,0.0,-3e-05,0
26384,0.0,-3e-05,-3e-05,-6e-05,-5e-05,-1e-05,0.0,-3e-05,0
26385,0.0,-3e-05,-3e-05,-6e-05,-5e-05,-1e-05,0.0,-3e-05,0
26386,0.0,-3e-05,-3e-05,-6e-05,-5e-05,-1e-05,0.0,-3e-05,0
26388,0.0,-3e-05,-3e-05,-6e-05,-5e-05,-1e-05,0.0,-3e-05,0
26389,0.0,-3e-05,-3e-05,-6e-05,-5e-05,-1e-05,0.0,-3e-05,0
26390,0.0,-3e-05,-3e-05,-6e-05,-5e-05,-1e-05,0.0,-3e-05,0
26391,0.0,-3e-05,-3e-05,-6e-05,-5e-05,-1e-05,0.0,-3e-05,0
26392,0.0,-3e-05,-3e-05,-6e-05,-5e-05,-1e-05,0.0,-3e-05,0
26393,0.0,-3e-05,-3e-05,-6e-05,-5e-05,-1e-05,0.0,-3e-05,0
26394,0.0,-3e-05,-3e-05,-6e-05,-5e-05,-1e-05,0.0,-3e-05,0
26395,0.0,-3e-05,-3e-05,-6e-05,-5e-05,-1e-05,0.0,-3e-05,0
26396,0.0,-3e-05,-3e-05,-6e-05,-5e-05,-1e-05,0.0,-3e-05,0
26397,0.0,-3e-05,-3e-05,-6e-05,-5e-05,-1e-05,0.0,-3e-05,0
26398,0.0,-3e-05,-3e-05,-6e-05,-5e-05,-1e-05,0.0,-3e-05,0
26399,0.0,-3e-05,-3e-05,-6e-05,-5e-05,-1e-05,0.0,-3e-05,0
26400,0.0,-3e-05,-3e-05,-6e-05,-5e-05,-1e-05,0.0,-3e-05,0
26401,0.0,-3e-05,-3e-05,-6e-05,-5e-05,-1e-05,0.0,-3e-05,0
26402,0.0,-3e-05,-3e-05,-6e-05,-5e-05,-1e-05,0.0,-3e-05,0
26403,0.0,0.0,0.0,-4e-05,-2e-05,-1e-05,-2e-05,-1e-05,0
26404,0.0,0.0,0.0,-4e-05,-2e-05,-1e-05,-2e-05,-1e-05,0
26405,2e-05,-1e-05,-1e-05,-2e-05,-3e-05,-1e-05,2e-05,1e-05,0
26406,2e-05,-1e-05,-1e-05,-2e-05,-3e-05,-1e-05,2e-05,1e-05,0
26407,2e-05,-1e-05,-1e-05,-2e-05,-3e-05,-1e-05,2e-05,1e-05,0
26408,2e-05,-1e-05,-1e-05,-2e-05,-3e-05,-1e-05,2e-05,1e-05,0
26409,2e-05,-1e-05,-1e-05,-2e-05,-3e-05,-1e-05,2e-05,1e-05,0
26410,2e-05,-1e-05,-1e-05,-2e-05,-3e-05,-1e-05,2e-05,1e-05,0
26411,2e-05,-1e-05,-1e-05,-2e-05,-3e-05,-1e-05,2e-05,1e-05,0
26412,2e-05,-1e-05,-1e-05,-2e-05,-3e-05,-1e-05,2e-05,1e-05,0
26413,2e-05,-1e-05,-1e-05,-2e-05,-3e-05,-1e-05,2e-05,1e-05,0
26414,2e-05,-1e-05,-1e-05,-2e-05,-3e-05,-1e-05,2e-05,1e-05,0
26415,2e-05,-1e-05,-1e-05,-2e-05,-3e-05,-1e-05,2e-05,1e-05,0
26416,2e-05,-1e-05,-1e-05,-2e-05,-3e-05,-1e-05,2e-05,1e-05,0
26417,2e-05,-1e-05,-1e-05,-2e-05,-3e-05,-1e-05,2e-05,1e-05,0
26418,2e-05,2e-05,0.0,-5e-05,-3e-05,0.0,1e-05,-1e-05,0
26419,2e-05,2e-05,0.0,-5e-05,-3e-05,0.0,1e-05,-1e-05,0
26420,2e-05,2e-05,0.0,-5e-05,-3e-05,0.0,1e-05,-1e-05,0
26421,2e-05,2e-05,0.0,-5e-05,-3e-05,0.0,1e-05,-1e-05,0
26422,2e-05,2e-05,0.0,-5e-05,-3e-05,0.0,1e-05,-1e-05,0
26423,2e-05,2e-05,0.0,-5e-05,-3e-05,0.0,1e-05,-1e-05,0
26424,0.0,0.0,-1e-05,-0.00017,-2e-05,-4e-05,-2e-05,0.0,0
26425,0.0,0.0,-1e-05,-0.00017,-2e-05,-4e-05,-2e-05,0.0,0
26426,0.0,0.0,-1e-05,-0.00017,-2e-05,-4e-05,-2e-05,0.0,0
26427,0.0,0.0,-1e-05,-0.00017,-2e-05,-4e-05,-2e-05,0.0,0
26428,0.0,0.0,-1e-05,-0.00017,-2e-05,-4e-05,-2e-05,0.0,0
26429,0.0,0.0,-1e-05,-0.00017,-2e-05,-4e-05,-2e-05,0.0,0
26430,0.0,0.0,-1e-05,-0.00017,-2e-05,-4e-05,-2e-05,0.0,0
26431,0.0,0.0,-1e-05,-0.00017,-2e-05,-4e-05,-2e-05,0.0,0
26432,0.0,0.0,-1e-05,-0.00017,-2e-05,-4e-05,-2e-05,0.0,0
26433,0.0,0.0,-1e-05,-0.00017,-2e-05,-4e-05,-2e-05,0.0,0
26434,0.0,0.0,-1e-05,-0.00017,-2e-05,-4e-05,-2e-05,0.0,0
26435,0.0,0.0,-1e-05,-0.00017,-2e-05,-4e-05,-2e-05,0.0,0
26436,0.0,0.0,-1e-05,-0.00017,-2e-05,-4e-05,-2e-05,0.0,0
26438,0.0,0.0,-1e-05,-0.00017,-2e-05,-4e-05,-2e-05,0.0,0
26439,0.0,0.0,-1e-05,-0.00017,-2e-05,-4e-05,-2e-05,0.0,0
26440,-4e-05,-1e-05,-2e-05,5e-05,-2e-05,-3e-05,0.0,0.0,0
26441,-1e-05,0.0,-3e-05,-0.00011,-1e-05,0.0,-4e-05,-1e-05,0
26442,-1e-05,-2e-05,-4e-05,3e-05,-1e-05,-5e-05,0.0,-2e-05,0
26443,-1e-05,-2e-05,-4e-05,3e-05,-1e-05,-5e-05,0.0,-2e-05,0
26444,-1e-05,-2e-05,-4e-05,3e-05,-1e-05,-5e-05,0.0,-2e-05,0
26445,-1e-05,-2e-05,-4e-05,3e-05,-1e-05,-5e-05,0.0,-2e-05,0
26446,-1e-05,-2e-05,-4e-05,3e-05,-1e-05,-5e-05,0.0,-2e-05,0
26447,-1e-05,-2e-05,-4e-05,3e-05,-1e-05,-5e-05,0.0,-2e-05,0
26448,-1e-05,-2e-05,-4e-05,3e-05,-1e-05,-5e-05,0.0,-2e-05,0
26449,-1e-05,-2e-05,-4e-05,3e-05,-1e-05,-5e-05,0.0,-2e-05,0
26450,-1e-05,-2e-05,-4e-05,3e-05,-1e-05,-5e-05,0.0,-2e-05,0
26451,-1e-05,-2e-05,-4e-05,3e-05,-1e-05,-5e-05,0.0,-2e-05,0
26452,-1e-05,-2e-05,-4e-05,3e-05,-1e-05,-5e-05,0.0,-2e-05,0
26453,-1e-05,-2e-05,-4e-05,3e-05,-1e-05,-5e-05,0.0,-2e-05,0
26454,-1e-05,-2e-05,-4e-05,3e-05,-1e-05,-5e-05,0.0,-2e-05,0
26455,-1e-05,-2e-05,-4e-05,3e-05,-1e-05,-5e-05,0.0,-2e-05,0
26456,-1e-05,-2e-05,-4e-05,3e-05,-1e-05,-5e-05,0.0,-2e-05,0
26457,-1e-05,-2e-05,-4e-05,3e-05,-1e-05,-5e-05,0.0,-2e-05,0
26458,-1e-05,-2e-05,-4e-05,3e-05,-1e-05,-5e-05,0.0,-2e-05,0
26459,-1e-05,-2e-05,-4e-05,3e-05,-1e-05,-5e-05,0.0,-2e-05,0
26460,-1e-05,-2e-05,-4e-05,3e-05,-1e-05,-5e-05,0.0,-2e-05,0
26461,-1e-05,-2e-05,-4e-05,3e-05,-1e-05,-5e-05,0.0,-2e-05,0
26462,-1e-05,-2e-05,-4e-05,3e-05,-1e-05,-5e-05,0.0,-2e-05,0
26463,-1e-05,-4e-05,-3e-05,-0.00016,-4e-05,-1e-05,0.0,-1e-05,0
26464,-1e-05,-1e-05,1e-05,6e-05,1e-05,-2e-05,0.0,0.0,0
26465,0.0,1e-05,1e-05,0.0,1e-05,2e-05,-2e-05,0.0,0
26466,0.0,1e-05,1e-05,0.0,1e-05,2e-05,-2e-05,0.0,0
26467,0.0,1e-05,1e-05,0.0,1e-05,2e-05,-2e-05,0.0,0
26468,0.0,1e-05,1e-05,0.0,1e-05,2e-05,-2e-05,0.0,0
26469,0.0,1e-05,1e-05,0.0,1e-05,2e-05,-2e-05,0.0,0
26470,0.0,1e-05,1e-05,0.0,1e-05,2e-05,-2e-05,0.0,0
26471,0.0,1e-05,1e-05,0.0,1e-05,2e-05,-2e-05,0.0,0
26472,0.0,1e-05,1e-05,0.0,1e-05,2e-05,-2e-05,0.0,0
26473,0.0,1e-05,1e-05,0.0,1e-05,2e-05,-2e-05,0.0,0
26474,0.0,1e-05,1e-05,0.0,1e-05,2e-05,-2e-05,0.0,0
26475,0.0,1e-05,1e-05,0.0,1e-05,2e-05,-2e-05,0.0,0
26476,0.0,1e-05,1e-05,0.0,1e-05,2e-05,-2e-05,0.0,0
26477,0.0,1e-05,1e-05,0.0,1e-05,2e-05,-2e-05,0.0,0
26478,-3e-05,-3e-05,-4e-05,-5e-05,-3e-05,0.0,1e-05,-1e-05,0
26479,-3e-05,-3e-05,-4e-05,-5e-05,-3e-05,0.0,1e-05,-1e-05,0
26480,-3e-05,-3e-05,-4e-05,-5e-05,-3e-05,0.0,1e-05,-1e-05,0
26481,-3e-05,-3e-05,-4e-05,-5e-05,-3e-05,0.0,1e-05,-1e-05,0
26482,-3e-05,-3e-05,-4e-05,-5e-05,-3e-05,0.0,1e-05,-1e-05,0
26483,-3e-05,-3e-05,-4e-05,-5e-05,-3e-05,0.0,1e-05,-1e-05,0
26484,-2e-05,-3e-05,-2e-05,6e-05,0.0,-2e-05,-1e-05,-2e-05,0
26485,-2e-05,-3e-05,-2e-05,6e-05,0.0,-2e-05,-1e-05,-2e-05,0
26486,-2e-05,-3e-05,-2e-05,6e-05,0.0,-2e-05,-1e-05,-2e-05,0
26488,-2e-05,-3e-05,-2e-05,6e-05,0.0,-2e-05,-1e-05,-2e-05,0
26489,-2e-05,-3e-05,-2e-05,6e-05,0.0,-2e-05,-1e-05,-2e-05,0
26490,-2e-05,-3e-05,-2e-05,6e-05,0.0,-2e-05,-1e-05,-2e-05,0
26491,-2e-05,-3e-05,-2e-05,6e-05,0.0,-2e-05,-1e-05,-2e-05,0
26492,-2e-05,-3e-05,-2e-05,6e-05,0.0,-2e-05,-1e-05,-2e-05,0
26493,-2e-05,-3e-05,-2e-05,6e-05,0.0,-2e-05,-1e-05,-2e-05,0
26494,-2e-05,-3e-05,-2e-05,6e-05,0.0,-2e-05,-1e-05,-2e-05,0
26495,-2e-05,-3e-05,-2e-05,6e-05,0.0,-2e-05,-1e-05,-2e-05,0
26496,-2e-05,-3e-05,-2e-05,6e-05,0.0,-2e-05,-1e-05,-2e-05,0
26497,-2e-05,-3e-05,-2e-05,6e-05,0.0,-2e-05,-1e-05,-2e-05,0
26498,-2e-05,-3e-05,-2e-05,6e-05,0.0,-2e-05,-1e-05,-2e-05,0
26499,-2e-05,-3e-05,-2e-05,6e-05,0.0,-2e-05,-1e-05,-2e-05,0
26500,-2e-05,-3e-05,-2e-05,6e-05,0.0,-2e-05,-1e-05,-2e-05,0
26501,-1e-05,-1e-05,-2e-05,4e-05,1e-05,1e-05,-2e-05,0.0,0
26502,-1e-05,-1e-05,-2e-05,4e-05,1e-05,1e-05,-2e-05,0.0,0
26503,-1e-05,3e-05,2e-05,1e-05,-2e-05,-2e-05,-1e-05,1e-05,0
26504,-1e-05,3e-05,2e-05,1e-05,-2e-05,-2e-05,-1e-05,1e-05,0
26505,-1e-05,3e-05,2e-05,1e-05,-2e-05,-2e-05,-1e-05,1e-05,0
26506,-1e-05,3e-05,2e-05,1e-05,-2e-05,-2e-05,-1e-05,1e-05,0
26507,-1e-05,3e-05,2e-05,1e-05,-2e-05,-2e-05,-1e-05,1e-05,0
26508,-1e-05,3e-05,2e-05,1e-05,-2e-05,-2e-05,-1e-05,1e-05,0
26509,-1e-05,3e-05,2e-05,1e-05,-2e-05,-2e-05,-1e-05,1e-05,0
26510,-1e-05,3e-05,2e-05,1e-05,-2e-05,-2e-05,-1e-05,1e-05,0
26511,-1e-05,3e-05,2e-05,1e-05,-2e-05,-2e-05,-1e-05,1e-05,0
26512,-1e-05,3e-05,2e-05,1e-05,-2e-05,-2e-05,-1e-05,1e-05,0
26513,-1e-05,3e-05,2e-05,1e-05,-2e-05,-2e-05,-1e-05,1e-05,0
26514,-1e-05,3e-05,2e-05,1e-05,-2e-05,-2e-05,-1e-05,1e-05,0
26515,-1e-05,3e-05,2e-05,1e-05,-2e-05,-2e-05,-1e-05,1e-05,0
26516,-1e-05,3e-05,2e-05,1e-05,-2e-05,-2e-05,-1e-05,1e-05,0
26517,-1e-05,3e-05,2e-05,1e-05,-2e-05,-2e-05,-1e-05,1e-05,0
26518,-1e-05,3e-05,2e-05,1e-05,-2e-05,-2e-05,-1e-05,1e-05,0
26519,-1e-05,3e-05,2e-05,1e-05,-2e-05,-2e-05,-1e-05,1e-05,0
26520,-1e-05,3e-05,2e-05,1e-05,-2e-05,-2e-05,-1e-05,1e-05,0
26521,-1e-05,3e-05,2e-05,1e-05,-2e-05,-2e-05,-1e-05,1e-05,0
26522,-1e-05,3e-05,2e-05,1e-05,-2e-05,-2e-05,-1e-05,1e-05,0
26523,-1e-05,1e-05,1e-05,2e-05,0.0,-1e-05,-2e-05,-1e-05,0
26524,-1e-05,1e-05,1e-05,2e-05,0.0,-1e-05,-2e-05,-1e-05,0
26525,-3e-05,-2e-05,-1e-05,1e-05,-2e-05,-1e-05,0.0,-2e-05,0
26526,-3e-05,-2e-05,-1e-05,1e-05,-2e-05,-1e-05,0.0,-2e-05,0
26527,-3e-05,-2e-05,-1e-05,1e-05,-2e-05,-1e-05,0.0,-2e-05,0
26528,-3e-05,-2e-05,-1e-05,1e-05,-2e-05,-1e-05,0.0,-2e-05,0
26529,-3e-05,-2e-05,-1e-05,1e-05,-2e-05,-1e-05,0.0,-2e-05,0
26530,-3e-05,-2e-05,-1e-05,1e-05,-2e-05,-1e-05,0.0,-2e-05,0
26531,-3e-05,-2e-05,-1e-05,1e-05,-2e-05,-1e-05,0.0,-2e-05,0
26532,-3e-05,-2e-05,-1e-05,1e-05,-2e-05,-1e-05,0.0,-2e-05,0
26533,-3e-05,-2e-05,-1e-05,1e-05,-2e-05,-1e-05,0.0,-2e-05,0
26534,-3e-05,-2e-05,-1e-05,1e-05,-2e-05,-1e-05,0.0,-2e-05,0
26535,-3e-05,-2e-05,-1e-05,1e-05,-2e-05,-1e-05,0.0,-2e-05,0
26536,-3e-05,-2e-05,-1e-05,1e-05,-2e-05,-1e-05,0.0,-2e-05,0
26539,-2e-05,-7e-05,-4e-05,0.00016,0.0,1e-05,-1e-05,0.0,0
26540,-2e-05,-7e-05,-4e-05,0.00016,0.0,1e-05,-1e-05,0.0,0
26541,-2e-05,-7e-05,-4e-05,0.00016,0.0,1e-05,-1e-05,0.0,0
26542,-2e-05,-7e-05,-4e-05,0.00016,0.0,1e-05,-1e-05,0.0,0
26543,-2e-05,-7e-05,-4e-05,0.00016,0.0,1e-05,-1e-05,0.0,0
26544,1e-05,2e-05,2e-05,-7e-05,-2e-05,-2e-05,0.0,-1e-05,0
26545,1e-05,2e-05,2e-05,-7e-05,-2e-05,-2e-05,0.0,-1e-05,0
26546,1e-05,2e-05,2e-05,-7e-05,-2e-05,-2e-05,0.0,-1e-05,0
26547,1e-05,2e-05,2e-05,-7e-05,-2e-05,-2e-05,0.0,-1e-05,0
26548,1e-05,2e-05,2e-05,-7e-05,-2e-05,-2e-05,0.0,-1e-05,0
26549,1e-05,2e-05,2e-05,-7e-05,-2e-05,-2e-05,0.0,-1e-05,0
26550,1e-05,2e-05,2e-05,-7e-05,-2e-05,-2e-05,0.0,-1e-05,0
26551,1e-05,2e-05,2e-05,-7e-05,-2e-05,-2e-05,0.0,-1e-05,0
26552,1e-05,2e-05,2e-05,-7e-05,-2e-05,-2e-05,0.0,-1e-05,0
26553,1e-05,2e-05,2e-05,-7e-05,-2e-05,-2e-05,0.0,-1e-05,0
26554,1e-05,2e-05,2e-05,-7e-05,-2e-05,-2e-05,0.0,-1e-05,0
26555,1e-05,2e-05,2e-05,-7e-05,-2e-05,-2e-05,0.0,-1e-05,0
26556,1e-05,2e-05,2e-05,-7e-05,-2e-05,-2e-05,0.0,-1e-05,0
26557,1e-05,2e-05,2e-05,-7e-05,-2e-05,-2e-05,0.0,-1e-05,0
26558,1e-05,2e-05,2e-05,-7e-05,-2e-05,-2e-05,0.0,-1e-05,0
26559,1e-05,2e-05,2e-05,-7e-05,-2e-05,-2e-05,0.0,-1e-05,0
26560,1e-05,1e-05,2e-05,-1e-05,-1e-05,0.0,0.0,-1e-05,0
26561,-2e-05,-5e-05,-7e-05,-0.00023,-5e-05,3e-05,-2e-05,-1e-05,0
26562,-1e-05,-2e-05,-2e-05,6e-05,-1e-05,-1e-05,0.0,0.0,0
26563,-1e-05,-2e-05,-2e-05,6e-05,-1e-05,-1e-05,0.0,0.0,0
26564,-1e-05,-2e-05,-2e-05,6e-05,-1e-05,-1e-05,0.0,0.0,0
26565,-1e-05,-2e-05,-2e-05,6e-05,-1e-05,-1e-05,0.0,0.0,0
26566,-1e-05,-2e-05,-2e-05,6e-05,-1e-05,-1e-05,0.0,0.0,0
26567,-1e-05,-2e-05,-2e-05,6e-05,-1e-05,-1e-05,0.0,0.0,0
26568,-1e-05,-2e-05,-2e-05,6e-05,-1e-05,-1e-05,0.0,0.0,0
26569,-1e-05,-2e-05,-2e-05,6e-05,-1e-05,-1e-05,0.0,0.0,0
26570,-1e-05,-2e-05,-2e-05,6e-05,-1e-05,-1e-05,0.0,0.0,0
26571,-1e-05,-2e-05,-2e-05,6e-05,-1e-05,-1e-05,0.0,0.0,0
26572,-1e-05,-2e-05,-2e-05,6e-05,-1e-05,-1e-05,0.0,0.0,0
26573,-1e-05,-2e-05,-2e-05,6e-05,-1e-05,-1e-05,0.0,0.0,0
26574,-1e-05,-2e-05,-2e-05,6e-05,-1e-05,-1e-05,0.0,0.0,0
26575,-1e-05,-2e-05,-2e-05,6e-05,-1e-05,-1e-05,0.0,0.0,0
26576,-1e-05,-2e-05,-2e-05,6e-05,-1e-05,-1e-05,0.0,0.0,0
26577,-1e-05,-2e-05,-2e-05,6e-05,-1e-05,-1e-05,0.0,0.0,0
26578,-1e-05,-2e-05,-2e-05,6e-05,-1e-05,-1e-05,0.0,0.0,0
26579,-1e-05,-2e-05,-2e-05,6e-05,-1e-05,-1e-05,0.0,0.0,0
26580,-1e-05,-2e-05,-2e-05,6e-05,-1e-05,-1e-05,0.0,0.0,0
26581,-1e-05,-2e-05,-2e-05,6e-05,-1e-05,-1e-05,0.0,0.0,0
26582,-1e-05,-2e-05,-2e-05,6e-05,-1e-05,-1e-05,0.0,0.0,0
26583,0.0,-1e-05,2e-05,-2e-05,0.0,-1e-05,-2e-05,0.0,0
26584,0.0,-1e-05,2e-05,-2e-05,0.0,-1e-05,-2e-05,0.0,0
26585,-2e-05,-3e-05,-1e-05,1e-05,0.0,-1e-05,-1e-05,0.0,0
26586,-2e-05,-3e-05,-1e-05,1e-05,0.0,-1e-05,-1e-05,0.0,0
26588,-2e-05,-3e-05,-1e-05,1e-05,0.0,-1e-05,-1e-05,0.0,0
26589,-2e-05,-3e-05,-1e-05,1e-05,0.0,-1e-05,-1e-05,0.0,0
26590,-2e-05,-3e-05,-1e-05,1e-05,0.0,-1e-05,-1e-05,0.0,0
26591,-2e-05,-3e-05,-1e-05,1e-05,0.0,-1e-05,-1e-05,0.0,0
26592,-2e-05,-3e-05,-1e-05,1e-05,0.0,-1e-05,-1e-05,0.0,0
26593,-2e-05,-3e-05,-1e-05,1e-05,0.0,-1e-05,-1e-05,0.0,0
26594,-2e-05,-3e-05,-1e-05,1e-05,0.0,-1e-05,-1e-05,0.0,0
26595,-2e-05,-3e-05,-1e-05,1e-05,0.0,-1e-05,-1e-05,0.0,0
26596,-2e-05,-3e-05,-1e-05,1e-05,0.0,-1e-05,-1e-05,0.0,0
26597,-2e-05,-3e-05,-1e-05,1e-05,0.0,-1e-05,-1e-05,0.0,0
26598,-2e-05,-2e-05,-6e-05,-3e-05,0.0,0.0,1e-05,-1e-05,0
26599,-2e-05,-2e-05,-6e-05,-3e-05,0.0,0.0,1e-05,-1e-05,0
26600,-2e-05,-2e-05,-6e-05,-3e-05,0.0,0.0,1e-05,-1e-05,0
26601,-2e-05,-2e-05,-6e-05,-3e-05,0.0,0.0,1e-05,-1e-05,0
26602,-2e-05,-2e-05,-6e-05,-3e-05,0.0,0.0,1e-05,-1e-05,0
26603,-2e-05,-2e-05,-6e-05,-3e-05,0.0,0.0,1e-05,-1e-05,0
26604,0.0,2e-05,3e-05,0.00011,6e-05,-1e-05,0.0,-2e-05,0
26605,0.0,2e-05,3e-05,0.00011,6e-05,-1e-05,0.0,-2e-05,0
26606,0.0,2e-05,3e-05,0.00011,6e-05,-1e-05,0.0,-2e-05,0
26607,0.0,2e-05,3e-05,0.00011,6e-05,-1e-05,0.0,-2e-05,0
26608,0.0,2e-05,3e-05,0.00011,6e-05,-1e-05,0.0,-2e-05,0
26609,0.0,2e-05,3e-05,0.00011,6e-05,-1e-05,0.0,-2e-05,0
26610,0.0,2e-05,3e-05,0.00011,6e-05,-1e-05,0.0,-2e-05,0
26611,0.0,2e-05,3e-05,0.00011,6e-05,-1e-05,0.0,-2e-05,0
26612,0.0,2e-05,3e-05,0.00011,6e-05,-1e-05,0.0,-2e-05,0
26613,0.0,2e-05,3e-05,0.00011,6e-05,-1e-05,0.0,-2e-05,0
26614,0.0,2e-05,3e-05,0.00011,6e-05,-1e-05,0.0,-2e-05,0
26615,0.0,2e-05,3e-05,0.00011,6e-05,-1e-05,0.0,-2e-05,0
26616,0.0,2e-05,3e-05,0.00011,6e-05,-1e-05,0.0,-2e-05,0
26617,0.0,2e-05,3e-05,0.00011,6e-05,-1e-05,0.0,-2e-05,0
26618,0.0,2e-05,3e-05,0.00011,6e-05,-1e-05,0.0,-2e-05,0
26619,0.0,2e-05,3e-05,0.00011,6e-05,-1e-05,0.0,-2e-05,0
26620,-2e-05,-5e-05,-6e-05,-1e-05,-2e-05,3e-05,1e-05,0.0,0
26621,0.0,1e-05,5e-05,4e-05,0.0,-3e-05,-2e-05,-1e-05,0
26622,-3e-05,-5e-05,-7e-05,-2e-05,-2e-05,-2e-05,-2e-05,-2e-05,0
26623,-3e-05,-5e-05,-7e-05,-2e-05,-2e-05,-2e-05,-2e-05,-2e-05,0
26624,-3e-05,-5e-05,-7e-05,-2e-05,-2e-05,-2e-05,-2e-05,-2e-05,0
26625,-3e-05,-5e-05,-7e-05,-2e-05,-2e-05,-2e-05,-2e-05,-2e-05,0
26626,-3e-05,-5e-05,-7e-05,-2e-05,-2e-05,-2e-05,-2e-05,-2e-05,0
26627,-3e-05,-5e-05,-7e-05,-2e-05,-2e-05,-2e-05,-2e-05,-2e-05,0
26628,-3e-05,-5e-05,-7e-05,-2e-05,-2e-05,-2e-05,-2e-05,-2e-05,0
26629,-3e-05,-5e-05,-7e-05,-2e-05,-2e-05,-2e-05,-2e-05,-2e-05,0
26630,-3e-05,-5e-05,-7e-05,-2e-05,-2e-05,-2e-05,-2e-05,-2e-05,0
26631,-3e-05,-5e-05,-7e-05,-2e-05,-2e-05,-2e-05,-2e-05,-2e-05,0
26632,-3e-05,-5e-05,-7e-05,-2e-05,-2e-05,-2e-05,-2e-05,-2e-05,0
26633,-3e-05,-5e-05,-7e-05,-2e-05,-2e-05,-2e-05,-2e-05,-2e-05,0
26634,-3e-05,-5e-05,-7e-05,-2e-05,-2e-05,-2e-05,-2e-05,-2e-05,0
26635,-3e-05,-5e-05,-7e-05,-2e-05,-2e-05,-2e-05,-2e-05,-2e-05,0
26636,-3e-05,-5e-05,-7e-05,-2e-05,-2e-05,-2e-05,-2e-05,-2e-05,0
26638,-3e-05,-5e-05,-7e-05,-2e-05,-2e-05,-2e-05,-2e-05,-2e-05,0
26639,-3e-05,-5e-05,-7e-05,-2e-05,-2e-05,-2e-05,-2e-05,-2e-05,0
26640,-3e-05,-5e-05,-7e-05,-2e-05,-2e-05,-2e-05,-2e-05,-2e-05,0
26641,-3e-05,-5e-05,-7e-05,-2e-05,-2e-05,-2e-05,-2e-05,-2e-05,0
26642,-3e-05,-5e-05,-7e-05,-2e-05,-2e-05,-2e-05,-2e-05,-2e-05,0
26643,0.0,-2e-05,0.0,-3e-05,-3e-05,-2e-05,-2e-05,-1e-05,0
26644,0.0,-2e-05,0.0,-3e-05,-3e-05,-2e-05,-2e-05,-1e-05,0
26645,0.0,-3e-05,-2e-05,2e-05,-4e-05,0.0,-1e-05,1e-05,0
26646,0.0,-3e-05,-2e-05,2e-05,-4e-05,0.0,-1e-05,1e-05,0
26647,0.0,-3e-05,-2e-05,2e-05,-4e-05,0.0,-1e-05,1e-05,0
26648,0.0,-3e-05,-2e-05,2e-05,-4e-05,0.0,-1e-05,1e-05,0
26649,0.0,-3e-05,-2e-05,2e-05,-4e-05,0.0,-1e-05,1e-05,0
26650,0.0,-3e-05,-2e-05,2e-05,-4e-05,0.0,-1e-05,1e-05,0
26651,0.0,-3e-05,-2e-05,2e-05,-4e-05,0.0,-1e-05,1e-05,0
26652,0.0,-3e-05,-2e-05,2e-05,-4e-05,0.0,-1e-05,1e-05,0
26653,0.0,-3e-05,-2e-05,2e-05,-4e-05,0.0,-1e-05,1e-05,0
26654,0.0,-3e-05,-2e-05,2e-05,-4e-05,0.0,-1e-05,1e-05,0
26655,0.0,-3e-05,-2e-05,2e-05,-4e-05,0.0,-1e-05,1e-05,0
26656,0.0,-3e-05,-2e-05,2e-05,-4e-05,0.0,-1e-05,1e-05,0
26657,-1e-05,2e-05,-1e-05,-0.00011,-2e-05,-3e-05,-1e-05,-2e-05,0
26658,-1e-05,2e-05,-1e-05,-0.00011,-2e-05,-3e-05,-1e-05,-2e-05,0
26659,-1e-05,2e-05,-1e-05,-0.00011,-2e-05,-3e-05,-1e-05,-2e-05,0
26660,-1e-05,2e-05,-1e-05,-0.00011,-2e-05,-3e-05,-1e-05,-2e-05,0
26661,-1e-05,2e-05,-1e-05,-0.00011,-2e-05,-3e-05,-1e-05,-2e-05,0
26662,-1e-05,2e-05,-1e-05,-0.00011,-2e-05,-3e-05,-1e-05,-2e-05,0
26663,-1e-05,2e-05,-1e-05,-0.00011,-2e-05,-3e-05,-1e-05,-2e-05,0
26664,-1e-05,2e-05,-1e-05,-0.00011,-2e-05,-3e-05,-1e-05,-2e-05,0
26665,-1e-05,2e-05,-1e-05,-0.00011,-2e-05,-3e-05,-1e-05,-2e-05,0
26666,-1e-05,2e-05,-1e-05,-0.00011,-2e-05,-3e-05,-1e-05,-2e-05,0
26667,-1e-05,2e-05,-1e-05,-0.00011,-2e-05,-3e-05,-1e-05,-2e-05,0
26668,-1e-05,2e-05,-1e-05,-0.00011,-2e-05,-3e-05,-1e-05,-2e-05,0
26669,-1e-05,2e-05,-1e-05,-0.00011,-2e-05,-3e-05,-1e-05,-2e-05,0
26670,-1e-05,2e-05,-1e-05,-0.00011,-2e-05,-3e-05,-1e-05,-2e-05,0
26671,-1e-05,2e-05,-1e-05,-0.00011,-2e-05,-3e-05,-1e-05,-2e-05,0
26672,-1e-05,2e-05,-1e-05,-0.00011,-2e-05,-3e-05,-1e-05,-2e-05,0
26673,-4e-05,-7e-05,-0.0001,-9e-05,-3e-05,-2e-05,-1e-05,-3e-05,0
26674,-4e-05,-7e-05,-0.0001,-9e-05,-3e-05,-2e-05,-1e-05,-3e-05,0
26675,-4e-05,-7e-05,-0.0001,-9e-05,-3e-05,-2e-05,-1e-05,-3e-05,0
26676,-4e-05,-7e-05,-0.0001,-9e-05,-3e-05,-2e-05,-1e-05,-3e-05,0
26677,-4e-05,-7e-05,-0.0001,-9e-05,-3e-05,-2e-05,-1e-05,-3e-05,0
26678,-4e-05,-7e-05,-0.0001,-9e-05,-3e-05,-2e-05,-1e-05,-3e-05,0
26679,-4e-05,-7e-05,-0.0001,-9e-05,-3e-05,-2e-05,-1e-05,-3e-05,0
26680,0.0,2e-05,0.0,2e-05,-1e-05,-2e-05,-1e-05,-1e-05,0
26681,-1e-05,-5e-05,-4e-05,-2e-05,-4e-05,-1e-05,1e-05,0.0,0
26682,1e-05,1e-05,5e-05,-1e-05,0.0,-1e-05,1e-05,-2e-05,0
26683,1e-05,1e-05,5e-05,-1e-05,0.0,-1e-05,1e-05,-2e-05,0
26684,1e-05,1e-05,5e-05,-1e-05,0.0,-1e-05,1e-05,-2e-05,0
26685,1e-05,1e-05,5e-05,-1e-05,0.0,-1e-05,1e-05,-2e-05,0
26686,1e-05,1e-05,5e-05,-1e-05,0.0,-1e-05,1e-05,-2e-05,0
26688,1e-05,1e-05,5e-05,-1e-05,0.0,-1e-05,1e-05,-2e-05,0
26689,1e-05,1e-05,5e-05,-1e-05,0.0,-1e-05,1e-05,-2e-05,0
26690,1e-05,1e-05,5e-05,-1e-05,0.0,-1e-05,1e-05,-2e-05,0
26691,1e-05,1e-05,5e-05,-1e-05,0.0,-1e-05,1e-05,-2e-05,0
26692,1e-05,1e-05,5e-05,-1e-05,0.0,-1e-05,1e-05,-2e-05,0
26693,1e-05,1e-05,5e-05,-1e-05,0.0,-1e-05,1e-05,-2e-05,0
26694,1e-05,1e-05,5e-05,-1e-05,0.0,-1e-05,1e-05,-2e-05,0
26695,1e-05,1e-05,5e-05,-1e-05,0.0,-1e-05,1e-05,-2e-05,0
26696,1e-05,1e-05,5e-05,-1e-05,0.0,-1e-05,1e-05,-2e-05,0
26697,1e-05,1e-05,5e-05,-1e-05,0.0,-1e-05,1e-05,-2e-05,0
26698,1e-05,1e-05,5e-05,-1e-05,0.0,-1e-05,1e-05,-2e-05,0
26699,1e-05,1e-05,5e-05,-1e-05,0.0,-1e-05,1e-05,-2e-05,0
26700,1e-05,1e-05,5e-05,-1e-05,0.0,-1e-05,1e-05,-2e-05,0
26701,1e-05,1e-05,5e-05,-1e-05,0.0,-1e-05,1e-05,-2e-05,0
26702,1e-05,1e-05,5e-05,-1e-05,0.0,-1e-05,1e-05,-2e-05,0
26703,-2e-05,-7e-05,-9e-05,-0.00013,-4e-05,-2e-05,-1e-05,0.0,0
26704,-2e-05,-7e-05,-9e-05,-0.00013,-4e-05,-2e-05,-1e-05,0.0,0
26705,1e-05,4e-05,3e-05,7e-05,3e-05,1e-05,-2e-05,-2e-05,0
26706,1e-05,4e-05,3e-05,7e-05,3e-05,1e-05,-2e-05,-2e-05,0
26707,1e-05,4e-05,3e-05,7e-05,3e-05,1e-05,-2e-05,-2e-05,0
26708,1e-05,4e-05,3e-05,7e-05,3e-05,1e-05,-2e-05,-2e-05,0
26709,1e-05,4e-05,3e-05,7e-05,3e-05,1e-05,-2e-05,-2e-05,0
26710,1e-05,4e-05,3e-05,7e-05,3e-05,1e-05,-2e-05,-2e-05,0
26711,1e-05,4e-05,3e-05,7e-05,3e-05,1e-05,-2e-05,-2e-05,0
26712,1e-05,4e-05,3e-05,7e-05,3e-05,1e-05,-2e-05,-2e-05,0
26713,1e-05,4e-05,3e-05,7e-05,3e-05,1e-05,-2e-05,-2e-05,0
26714,1e-05,4e-05,3e-05,7e-05,3e-05,1e-05,-2e-05,-2e-05,0
26715,1e-05,4e-05,3e-05,7e-05,3e-05,1e-05,-2e-05,-2e-05,0
26716,1e-05,4e-05,3e-05,7e-05,3e-05,1e-05,-2e-05,-2e-05,0
26717,0.0,0.0,1e-05,2e-05,0.0,-1e-05,1e-05,-3e-05,0
26718,0.0,0.0,1e-05,2e-05,0.0,-1e-05,1e-05,-3e-05,0
26719,0.0,0.0,1e-05,2e-05,0.0,-1e-05,1e-05,-3e-05,0
26720,0.0,0.0,1e-05,2e-05,0.0,-1e-05,1e-05,-3e-05,0
26721,0.0,0.0,1e-05,2e-05,0.0,-1e-05,1e-05,-3e-05,0
26722,0.0,0.0,1e-05,2e-05,0.0,-1e-05,1e-05,-3e-05,0
26723,0.0,0.0,1e-05,2e-05,0.0,-1e-05,1e-05,-3e-05,0
26724,0.0,0.0,1e-05,2e-05,0.0,-1e-05,1e-05,-3e-05,0
26725,0.0,0.0,1e-05,2e-05,0.0,-1e-05,1e-05,-3e-05,0
26726,-2e-05,1e-05,-1e-05,-2e-05,-1e-05,-2e-05,1e-05,0.0,0
26727,-2e-05,1e-05,-1e-05,-2e-05,-1e-05,-2e-05,1e-05,0.0,0
26728,-2e-05,1e-05,-1e-05,-2e-05,-1e-05,-2e-05,1e-05,0.0,0
26729,-2e-05,1e-05,-1e-05,-2e-05,-1e-05,-2e-05,1e-05,0.0,0
26730,-2e-05,1e-05,-1e-05,-2e-05,-1e-05,-2e-05,1e-05,0.0,0
26731,-2e-05,1e-05,-1e-05,-2e-05,-1e-05,-2e-05,1e-05,0.0,0
26732,-2e-05,1e-05,-1e-05,-2e-05,-1e-05,-2e-05,1e-05,0.0,0
26733,-2e-05,1e-05,-1e-05,-2e-05,-1e-05,-2e-05,1e-05,0.0,0
26734,-2e-05,1e-05,-1e-05,-2e-05,-1e-05,-2e-05,1e-05,0.0,0
26735,-2e-05,1e-05,-1e-05,-2e-05,-1e-05,-2e-05,1e-05,0.0,0
26736,-2e-05,1e-05,-1e-05,-2e-05,-1e-05,-2e-05,1e-05,0.0,0
26738,-2e-05,1e-05,-1e-05,-2e-05,-1e-05,-2e-05,1e-05,0.0,0
26739,-2e-05,1e-05,-1e-05,-2e-05,-1e-05,-2e-05,1e-05,0.0,0
26740,0.0,-2e-05,0.0,7e-05,2e-05,-2e-05,0.0,0.0,0
26741,-3e-05,-3e-05,-2e-05,-4e-05,0.0,-1e-05,-1e-05,0.0,0
26742,0.0,-1e-05,0.0,1e-05,-2e-05,-1e-05,-1e-05,-1e-05,0
26743,0.0,-1e-05,0.0,1e-05,-2e-05,-1e-05,-1e-05,-1e-05,0
26744,0.0,-1e-05,0.0,1e-05,-2e-05,-1e-05,-1e-05,-1e-05,0
26745,0.0,-1e-05,0.0,1e-05,-2e-05,-1e-05,-1e-05,-1e-05,0
26746,0.0,-1e-05,0.0,1e-05,-2e-05,-1e-05,-1e-05,-1e-05,0
26747,0.0,-1e-05,0.0,1e-05,-2e-05,-1e-05,-1e-05,-1e-05,0
26748,0.0,-1e-05,0.0,1e-05,-2e-05,-1e-05,-1e-05,-1e-05,0
26749,0.0,-1e-05,0.0,1e-05,-2e-05,-1e-05,-1e-05,-1e-05,0
26750,0.0,-1e-05,0.0,1e-05,-2e-05,-1e-05,-1e-05,-1e-05,0
26751,0.0,-1e-05,0.0,1e-05,-2e-05,-1e-05,-1e-05,-1e-05,0
26752,0.0,-1e-05,0.0,1e-05,-2e-05,-1e-05,-1e-05,-1e-05,0
26753,0.0,-1e-05,0.0,1e-05,-2e-05,-1e-05,-1e-05,-1e-05,0
26754,0.0,-1e-05,0.0,1e-05,-2e-05,-1e-05,-1e-05,-1e-05,0
26755,0.0,-1e-05,0.0,1e-05,-2e-05,-1e-05,-1e-05,-1e-05,0
26756,0.0,-1e-05,0.0,1e-05,-2e-05,-1e-05,-1e-05,-1e-05,0
26757,0.0,-1e-05,0.0,1e-05,-2e-05,-1e-05,-1e-05,-1e-05,0
26758,0.0,-1e-05,0.0,1e-05,-2e-05,-1e-05,-1e-05,-1e-05,0
26759,0.0,-1e-05,0.0,1e-05,-2e-05,-1e-05,-1e-05,-1e-05,0
26760,0.0,-1e-05,0.0,1e-05,-2e-05,-1e-05,-1e-05,-1e-05,0
26761,0.0,-1e-05,0.0,1e-05,-2e-05,-1e-05,-1e-05,-1e-05,0
26762,0.0,-1e-05,0.0,1e-05,-2e-05,-1e-05,-1e-05,-1e-05,0
26763,-1e-05,-1e-05,0.0,1e-05,-2e-05,1e-05,-1e-05,-1e-05,0
26764,-1e-05,-1e-05,0.0,1e-05,-2e-05,1e-05,-1e-05,-1e-05,0
26765,-3e-05,-1e-05,-1e-05,2e-05,-3e-05,-1e-05,-2e-05,0.0,0
26766,-3e-05,-1e-05,-1e-05,2e-05,-3e-05,-1e-05,-2e-05,0.0,0
26767,-3e-05,-1e-05,-1e-05,2e-05,-3e-05,-1e-05,-2e-05,0.0,0
26768,-3e-05,-1e-05,-1e-05,2e-05,-3e-05,-1e-05,-2e-05,0.0,0
26769,-3e-05,-1e-05,-1e-05,2e-05,-3e-05,-1e-05,-2e-05,0.0,0
26770,-3e-05,-1e-05,-1e-05,2e-05,-3e-05,-1e-05,-2e-05,0.0,0
26771,-3e-05,-1e-05,-1e-05,2e-05,-3e-05,-1e-05,-2e-05,0.0,0
26772,-3e-05,-1e-05,-1e-05,2e-05,-3e-05,-1e-05,-2e-05,0.0,0
26773,-3e-05,-1e-05,-1e-05,2e-05,-3e-05,-1e-05,-2e-05,0.0,0
26774,-3e-05,-1e-05,-1e-05,2e-05,-3e-05,-1e-05,-2e-05,0.0,0
26775,-3e-05,-1e-05,-1e-05,2e-05,-3e-05,-1e-05,-2e-05,0.0,0
26776,-3e-05,-1e-05,-1e-05,2e-05,-3e-05,-1e-05,-2e-05,0.0,0
26777,0.0,2e-05,3e-05,7e-05,1e-05,0.0,-2e-05,1e-05,0
26778,0.0,2e-05,3e-05,7e-05,1e-05,0.0,-2e-05,1e-05,0
26779,0.0,2e-05,3e-05,7e-05,1e-05,0.0,-2e-05,1e-05,0
26780,0.0,2e-05,3e-05,7e-05,1e-05,0.0,-2e-05,1e-05,0
26781,0.0,2e-05,3e-05,7e-05,1e-05,0.0,-2e-05,1e-05,0
26782,0.0,2e-05,3e-05,7e-05,1e-05,0.0,-2e-05,1e-05,0
26783,0.0,2e-05,3e-05,7e-05,1e-05,0.0,-2e-05,1e-05,0
26784,0.0,2e-05,3e-05,7e-05,1e-05,0.0,-2e-05,1e-05,0
26785,0.0,2e-05,3e-05,7e-05,1e-05,0.0,-2e-05,1e-05,0
26786,0.0,2e-05,3e-05,7e-05,1e-05,0.0,-2e-05,1e-05,0
26788,0.0,2e-05,3e-05,7e-05,1e-05,0.0,-2e-05,1e-05,0
26789,0.0,2e-05,3e-05,7e-05,1e-05,0.0,-2e-05,1e-05,0
26790,0.0,2e-05,3e-05,7e-05,1e-05,0.0,-2e-05,1e-05,0
26791,0.0,2e-05,3e-05,7e-05,1e-05,0.0,-2e-05,1e-05,0
26792,0.0,2e-05,3e-05,7e-05,1e-05,0.0,-2e-05,1e-05,0
26793,-3e-05,-6e-05,-9e-05,6e-05,1e-05,-1e-05,0.0,0.0,0
26794,-3e-05,-6e-05,-9e-05,6e-05,1e-05,-1e-05,0.0,0.0,0
26795,-3e-05,-6e-05,-9e-05,6e-05,1e-05,-1e-05,0.0,0.0,0
26796,-3e-05,-6e-05,-9e-05,6e-05,1e-05,-1e-05,0.0,0.0,0
26797,-3e-05,-6e-05,-9e-05,6e-05,1e-05,-1e-05,0.0,0.0,0
26798,-3e-05,-6e-05,-9e-05,6e-05,1e-05,-1e-05,0.0,0.0,0
26799,-3e-05,-6e-05,-9e-05,6e-05,1e-05,-1e-05,0.0,0.0,0
26800,-2e-05,-1e-05,2e-05,5e-05,0.0,0.0,0.0,-2e-05,0
26801,0.0,0.0,-1e-05,-5e-05,-1e-05,1e-05,-1e-05,-3e-05,0
26802,1e-05,2e-05,3e-05,0.0,2e-05,-3e-05,-4e-05,-1e-05,0
26803,1e-05,2e-05,3e-05,0.0,2e-05,-3e-05,-4e-05,-1e-05,0
26804,1e-05,2e-05,3e-05,0.0,2e-05,-3e-05,-4e-05,-1e-05,0
26805,1e-05,2e-05,3e-05,0.0,2e-05,-3e-05,-4e-05,-1e-05,0
26806,1e-05,2e-05,3e-05,0.0,2e-05,-3e-05,-4e-05,-1e-05,0
26807,1e-05,2e-05,3e-05,0.0,2e-05,-3e-05,-4e-05,-1e-05,0
26808,1e-05,2e-05,3e-05,0.0,2e-05,-3e-05,-4e-05,-1e-05,0
26809,1e-05,2e-05,3e-05,0.0,2e-05,-3e-05,-4e-05,-1e-05,0
26810,1e-05,2e-05,3e-05,0.0,2e-05,-3e-05,-4e-05,-1e-05,0
26811,1e-05,2e-05,3e-05,0.0,2e-05,-3e-05,-4e-05,-1e-05,0
26812,1e-05,2e-05,3e-05,0.0,2e-05,-3e-05,-4e-05,-1e-05,0
26813,1e-05,2e-05,3e-05,0.0,2e-05,-3e-05,-4e-05,-1e-05,0
26814,1e-05,2e-05,3e-05,0.0,2e-05,-3e-05,-4e-05,-1e-05,0
26815,1e-05,2e-05,3e-05,0.0,2e-05,-3e-05,-4e-05,-1e-05,0
26816,1e-05,2e-05,3e-05,0.0,2e-05,-3e-05,-4e-05,-1e-05,0
26817,1e-05,2e-05,3e-05,0.0,2e-05,-3e-05,-4e-05,-1e-05,0
26818,1e-05,2e-05,3e-05,0.0,2e-05,-3e-05,-4e-05,-1e-05,0
26819,1e-05,2e-05,3e-05,0.0,2e-05,-3e-05,-4e-05,-1e-05,0
26820,1e-05,2e-05,3e-05,0.0,2e-05,-3e-05,-4e-05,-1e-05,0
26821,1e-05,2e-05,3e-05,0.0,2e-05,-3e-05,-4e-05,-1e-05,0
26822,1e-05,2e-05,3e-05,0.0,2e-05,-3e-05,-4e-05,-1e-05,0
26823,-1e-05,2e-05,1e-05,-1e-05,1e-05,0.0,0.0,-1e-05,0
26824,-1e-05,2e-05,1e-05,-1e-05,1e-05,0.0,0.0,-1e-05,0
26825,1e-05,2e-05,1e-05,-6e-05,-1e-05,-1e-05,-1e-05,1e-05,0
26826,1e-05,2e-05,1e-05,-6e-05,-1e-05,-1e-05,-1e-05,1e-05,0
26827,1e-05,2e-05,1e-05,-6e-05,-1e-05,-1e-05,-1e-05,1e-05,0
26828,1e-05,2e-05,1e-05,-6e-05,-1e-05,-1e-05,-1e-05,1e-05,0
26829,1e-05,2e-05,1e-05,-6e-05,-1e-05,-1e-05,-1e-05,1e-05,0
26830,1e-05,2e-05,1e-05,-6e-05,-1e-05,-1e-05,-1e-05,1e-05,0
26831,1e-05,2e-05,1e-05,-6e-05,-1e-05,-1e-05,-1e-05,1e-05,0
26832,1e-05,2e-05,1e-05,-6e-05,-1e-05,-1e-05,-1e-05,1e-05,0
26833,1e-05,2e-05,1e-05,-6e-05,-1e-05,-1e-05,-1e-05,1e-05,0
26834,1e-05,2e-05,1e-05,-6e-05,-1e-05,-1e-05,-1e-05,1e-05,0
26835,1e-05,2e-05,1e-05,-6e-05,-1e-05,-1e-05,-1e-05,1e-05,0
26836,1e-05,2e-05,1e-05,-6e-05,-1e-05,-1e-05,-1e-05,1e-05,0
26838,0.0,-2e-05,-3e-05,1e-05,-1e-05,-1e-05,-2e-05,0.0,0
26840,0.0,-2e-05,-3e-05,1e-05,-1e-05,-1e-05,-2e-05,0.0,0
26841,0.0,-2e-05,-3e-05,1e-05,-1e-05,-1e-05,-2e-05,0.0,0
26842,0.0,-2e-05,-3e-05,1e-05,-1e-05,-1e-05,-2e-05,0.0,0
26843,0.0,-2e-05,-3e-05,1e-05,-1e-05,-1e-05,-2e-05,0.0,0
26844,0.0,-2e-05,-3e-05,1e-05,-1e-05,-1e-05,-2e-05,0.0,0
26845,0.0,-2e-05,-3e-05,1e-05,-1e-05,-1e-05,-2e-05,0.0,0
26846,-1e-05,-1e-05,-5e-05,-5e-05,-3e-05,-3e-05,-1e-05,-3e-05,0
26847,-1e-05,-1e-05,-5e-05,-5e-05,-3e-05,-3e-05,-1e-05,-3e-05,0
26848,-1e-05,-1e-05,-5e-05,-5e-05,-3e-05,-3e-05,-1e-05,-3e-05,0
26849,-1e-05,-1e-05,-5e-05,-5e-05,-3e-05,-3e-05,-1e-05,-3e-05,0
26850,-1e-05,-1e-05,-5e-05,-5e-05,-3e-05,-3e-05,-1e-05,-3e-05,0
26851,-1e-05,-1e-05,-5e-05,-5e-05,-3e-05,-3e-05,-1e-05,-3e-05,0
26852,-1e-05,-1e-05,-5e-05,-5e-05,-3e-05,-3e-05,-1e-05,-3e-05,0
26853,-1e-05,-1e-05,-5e-05,-5e-05,-3e-05,-3e-05,-1e-05,-3e-05,0
26854,-1e-05,-1e-05,-5e-05,-5e-05,-3e-05,-3e-05,-1e-05,-3e-05,0
26855,-1e-05,-1e-05,-5e-05,-5e-05,-3e-05,-3e-05,-1e-05,-3e-05,0
26856,-1e-05,-1e-05,-5e-05,-5e-05,-3e-05,-3e-05,-1e-05,-3e-05,0
26857,-1e-05,-1e-05,-5e-05,-5e-05,-3e-05,-3e-05,-1e-05,-3e-05,0
26858,-1e-05,-1e-05,-5e-05,-5e-05,-3e-05,-3e-05,-1e-05,-3e-05,0
26859,-1e-05,-1e-05,-5e-05,-5e-05,-3e-05,-3e-05,-1e-05,-3e-05,0
26860,0.0,3e-05,1e-05,-4e-05,0.0,-1e-05,-2e-05,-1e-05,0
26861,-2e-05,-2e-05,-4e-05,-5e-05,-2e-05,-2e-05,0.0,-1e-05,0
26862,-3e-05,-3e-05,-2e-05,-6e-05,-4e-05,-2e-05,0.0,-1e-05,0
26863,-3e-05,-3e-05,-2e-05,-6e-05,-4e-05,-2e-05,0.0,-1e-05,0
26864,-3e-05,-3e-05,-2e-05,-6e-05,-4e-05,-2e-05,0.0,-1e-05,0
26865,-3e-05,-3e-05,-2e-05,-6e-05,-4e-05,-2e-05,0.0,-1e-05,0
26866,-3e-05,-3e-05,-2e-05,-6e-05,-4e-05,-2e-05,0.0,-1e-05,0
26867,-3e-05,-3e-05,-2e-05,-6e-05,-4e-05,-2e-05,0.0,-1e-05,0
26868,-3e-05,-3e-05,-2e-05,-6e-05,-4e-05,-2e-05,0.0,-1e-05,0
26869,-3e-05,-3e-05,-2e-05,-6e-05,-4e-05,-2e-05,0.0,-1e-05,0
26870,-3e-05,-3e-05,-2e-05,-6e-05,-4e-05,-2e-05,0.0,-1e-05,0
26871,-3e-05,-3e-05,-2e-05,-6e-05,-4e-05,-2e-05,0.0,-1e-05,0
26872,-3e-05,-3e-05,-2e-05,-6e-05,-4e-05,-2e-05,0.0,-1e-05,0
26873,-3e-05,-3e-05,-2e-05,-6e-05,-4e-05,-2e-05,0.0,-1e-05,0
26874,-3e-05,-3e-05,-2e-05,-6e-05,-4e-05,-2e-05,0.0,-1e-05,0
26875,-3e-05,-3e-05,-2e-05,-6e-05,-4e-05,-2e-05,0.0,-1e-05,0
26876,-3e-05,-3e-05,-2e-05,-6e-05,-4e-05,-2e-05,0.0,-1e-05,0
26877,-3e-05,-3e-05,-2e-05,-6e-05,-4e-05,-2e-05,0.0,-1e-05,0
26878,-3e-05,-3e-05,-2e-05,-6e-05,-4e-05,-2e-05,0.0,-1e-05,0
26879,-3e-05,-3e-05,-2e-05,-6e-05,-4e-05,-2e-05,0.0,-1e-05,0
26880,-3e-05,-3e-05,-2e-05,-6e-05,-4e-05,-2e-05,0.0,-1e-05,0
26881,-3e-05,-3e-05,-2e-05,-6e-05,-4e-05,-2e-05,0.0,-1e-05,0
26882,-3e-05,-3e-05,-2e-05,-6e-05,-4e-05,-2e-05,0.0,-1e-05,0
26883,-1e-05,-2e-05,1e-05,-3e-05,0.0,1e-05,-1e-05,-2e-05,0
26884,-1e-05,-2e-05,1e-05,-3e-05,0.0,1e-05,-1e-05,-2e-05,0
26885,-1e-05,1e-05,0.0,-9e-05,-2e-05,1e-05,-1e-05,-2e-05,0
26886,-1e-05,1e-05,0.0,-9e-05,-2e-05,1e-05,-1e-05,-2e-05,0
26888,-1e-05,1e-05,0.0,-9e-05,-2e-05,1e-05,-1e-05,-2e-05,0
26889,-1e-05,1e-05,0.0,-9e-05,-2e-05,1e-05,-1e-05,-2e-05,0
26890,-1e-05,1e-05,0.0,-9e-05,-2e-05,1e-05,-1e-05,-2e-05,0
26891,-1e-05,1e-05,0.0,-9e-05,-2e-05,1e-05,-1e-05,-2e-05,0
26892,-1e-05,1e-05,0.0,-9e-05,-2e-05,1e-05,-1e-05,-2e-05,0
26893,-1e-05,1e-05,0.0,-9e-05,-2e-05,1e-05,-1e-05,-2e-05,0
26894,-1e-05,1e-05,0.0,-9e-05,-2e-05,1e-05,-1e-05,-2e-05,0
26895,-1e-05,1e-05,0.0,-9e-05,-2e-05,1e-05,-1e-05,-2e-05,0
26896,-1e-05,1e-05,0.0,-9e-05,-2e-05,1e-05,-1e-05,-2e-05,0
26897,-2e-05,-2e-05,-1e-05,-1e-05,-1e-05,-2e-05,-1e-05,-2e-05,0
26898,-2e-05,-2e-05,-1e-05,-1e-05,-1e-05,-2e-05,-1e-05,-2e-05,0
26899,-2e-05,-2e-05,-1e-05,-1e-05,-1e-05,-2e-05,-1e-05,-2e-05,0
26900,-2e-05,-2e-05,-1e-05,-1e-05,-1e-05,-2e-05,-1e-05,-2e-05,0
26901,-2e-05,-2e-05,-1e-05,-1e-05,-1e-05,-2e-05,-1e-05,-2e-05,0
26902,-2e-05,-2e-05,-1e-05,-1e-05,-1e-05,-2e-05,-1e-05,-2e-05,0
26903,-2e-05,-2e-05,-1e-05,-1e-05,-1e-05,-2e-05,-1e-05,-2e-05,0
26904,-2e-05,-2e-05,-1e-05,-1e-05,-1e-05,-2e-05,-1e-05,-2e-05,0
26905,-2e-05,-2e-05,-1e-05,-1e-05,-1e-05,-2e-05,-1e-05,-2e-05,0
26906,-2e-05,-2e-05,-1e-05,-1e-05,-1e-05,-2e-05,-1e-05,-2e-05,0
26907,-2e-05,-2e-05,-1e-05,-1e-05,-1e-05,-2e-05,-1e-05,-2e-05,0
26908,-2e-05,-2e-05,-1e-05,-1e-05,-1e-05,-2e-05,-1e-05,-2e-05,0
26909,-2e-05,-2e-05,-1e-05,-1e-05,-1e-05,-2e-05,-1e-05,-2e-05,0
26910,-2e-05,-2e-05,-1e-05,-1e-05,-1e-05,-2e-05,-1e-05,-2e-05,0
26911,-2e-05,-2e-05,-1e-05,-1e-05,-1e-05,-2e-05,-1e-05,-2e-05,0
26912,-2e-05,-2e-05,-1e-05,-1e-05,-1e-05,-2e-05,-1e-05,-2e-05,0
26913,2e-05,0.0,2e-05,-2e-05,-3e-05,-3e-05,0.0,-1e-05,0
26914,2e-05,0.0,2e-05,-2e-05,-3e-05,-3e-05,0.0,-1e-05,0
26915,2e-05,0.0,2e-05,-2e-05,-3e-05,-3e-05,0.0,-1e-05,0
26916,2e-05,0.0,2e-05,-2e-05,-3e-05,-3e-05,0.0,-1e-05,0
26917,2e-05,0.0,2e-05,-2e-05,-3e-05,-3e-05,0.0,-1e-05,0
26918,2e-05,0.0,2e-05,-2e-05,-3e-05,-3e-05,0.0,-1e-05,0
26919,2e-05,0.0,2e-05,-2e-05,-3e-05,-3e-05,0.0,-1e-05,0
26920,-1e-05,-3e-05,-3e-05,1e-05,2e-05,1e-05,-3e-05,-1e-05,0
26921,-1e-05,-1e-05,-2e-05,-7e-05,-2e-05,1e-05,0.0,1e-05,0
26922,-1e-05,-4e-05,0.0,2e-05,1e-05,-2e-05,1e-05,0.0,0
26923,-1e-05,-4e-05,0.0,2e-05,1e-05,-2e-05,1e-05,0.0,0
26924,-1e-05,-4e-05,0.0,2e-05,1e-05,-2e-05,1e-05,0.0,0
26925,-1e-05,-4e-05,0.0,2e-05,1e-05,-2e-05,1e-05,0.0,0
26926,-1e-05,-4e-05,0.0,2e-05,1e-05,-2e-05,1e-05,0.0,0
26927,-1e-05,-4e-05,0.0,2e-05,1e-05,-2e-05,1e-05,0.0,0
26928,-1e-05,-4e-05,0.0,2e-05,1e-05,-2e-05,1e-05,0.0,0
26929,-1e-05,-4e-05,0.0,2e-05,1e-05,-2e-05,1e-05,0.0,0
26930,-1e-05,-4e-05,0.0,2e-05,1e-05,-2e-05,1e-05,0.0,0
26931,-1e-05,-4e-05,0.0,2e-05,1e-05,-2e-05,1e-05,0.0,0
26932,-1e-05,-4e-05,0.0,2e-05,1e-05,-2e-05,1e-05,0.0,0
26933,-1e-05,-4e-05,0.0,2e-05,1e-05,-2e-05,1e-05,0.0,0
26934,-1e-05,-4e-05,0.0,2e-05,1e-05,-2e-05,1e-05,0.0,0
26935,-1e-05,-4e-05,0.0,2e-05,1e-05,-2e-05,1e-05,0.0,0
26936,-1e-05,-4e-05,0.0,2e-05,1e-05,-2e-05,1e-05,0.0,0
26938,-1e-05,-4e-05,0.0,2e-05,1e-05,-2e-05,1e-05,0.0,0
26939,-1e-05,-4e-05,0.0,2e-05,1e-05,-2e-05,1e-05,0.0,0
26940,-1e-05,-4e-05,0.0,2e-05,1e-05,-2e-05,1e-05,0.0,0
26941,-1e-05,-4e-05,0.0,2e-05,1e-05,-2e-05,1e-05,0.0,0
26942,-1e-05,-4e-05,0.0,2e-05,1e-05,-2e-05,1e-05,0.0,0
26943,-1e-05,-4e-05,0.0,2e-05,1e-05,-2e-05,1e-05,0.0,0
26944,-1e-05,-4e-05,0.0,2e-05,1e-05,-2e-05,1e-05,0.0,0
26945,-1e-05,-4e-05,0.0,2e-05,1e-05,-2e-05,1e-05,0.0,0
26946,-1e-05,-4e-05,0.0,2e-05,1e-05,-2e-05,1e-05,0.0,0
26947,-1e-05,-4e-05,0.0,2e-05,1e-05,-2e-05,1e-05,0.0,0
26948,-1e-05,-4e-05,0.0,2e-05,1e-05,-2e-05,1e-05,0.0,0
26949,-1e-05,-4e-05,0.0,2e-05,1e-05,-2e-05,1e-05,0.0,0
26950,-1e-05,-4e-05,0.0,2e-05,1e-05,-2e-05,1e-05,0.0,0
26951,0.0,5e-05,3e-05,0.0,2e-05,0.0,-2e-05,-1e-05,0
26952,-3e-05,-4e-05,-2e-05,-3e-05,-3e-05,0.0,0.0,0.0,0
26953,-3e-05,-4e-05,-2e-05,-3e-05,-3e-05,0.0,0.0,0.0,0
26954,-3e-05,-4e-05,-2e-05,-3e-05,-3e-05,0.0,0.0,0.0,0
26955,-3e-05,-4e-05,-2e-05,-3e-05,-3e-05,0.0,0.0,0.0,0
26956,-3e-05,-4e-05,-2e-05,-3e-05,-3e-05,0.0,0.0,0.0,0
26957,-2e-05,-4e-05,-5e-05,0.0001,0.0,0.0,0.0,0.0,0
26958,-2e-05,-4e-05,-5e-05,0.0001,0.0,0.0,0.0,0.0,0
26959,-2e-05,-4e-05,-5e-05,0.0001,0.0,0.0,0.0,0.0,0
26960,-2e-05,-4e-05,-5e-05,0.0001,0.0,0.0,0.0,0.0,0
26961,-2e-05,-4e-05,-5e-05,0.0001,0.0,0.0,0.0,0.0,0
26962,-2e-05,-4e-05,-5e-05,0.0001,0.0,0.0,0.0,0.0,0
26963,-2e-05,-4e-05,-5e-05,0.0001,0.0,0.0,0.0,0.0,0
26964,-2e-05,-4e-05,-5e-05,0.0001,0.0,0.0,0.0,0.0,0
26965,-2e-05,-4e-05,-5e-05,0.0001,0.0,0.0,0.0,0.0,0
26966,-2e-05,-4e-05,-5e-05,0.0001,0.0,0.0,0.0,0.0,0
26967,-2e-05,-4e-05,-5e-05,0.0001,0.0,0.0,0.0,0.0,0
26968,-2e-05,-4e-05,-5e-05,0.0001,0.0,0.0,0.0,0.0,0
26969,-2e-05,-4e-05,-5e-05,0.0001,0.0,0.0,0.0,0.0,0
26970,-2e-05,-4e-05,-5e-05,0.0001,0.0,0.0,0.0,0.0,0
26971,-2e-05,-4e-05,-5e-05,0.0001,0.0,0.0,0.0,0.0,0
26972,-2e-05,-4e-05,-5e-05,0.0001,0.0,0.0,0.0,0.0,0
26973,3e-05,5e-05,9e-05,8e-05,2e-05,0.0,-1e-05,0.0,0
26974,3e-05,5e-05,9e-05,8e-05,2e-05,0.0,-1e-05,0.0,0
26975,3e-05,5e-05,9e-05,8e-05,2e-05,0.0,-1e-05,0.0,0
26976,3e-05,5e-05,9e-05,8e-05,2e-05,0.0,-1e-05,0.0,0
26977,3e-05,5e-05,9e-05,8e-05,2e-05,0.0,-1e-05,0.0,0
26978,3e-05,5e-05,9e-05,8e-05,2e-05,0.0,-1e-05,0.0,0
26979,3e-05,5e-05,9e-05,8e-05,2e-05,0.0,-1e-05,0.0,0
26980,3e-05,5e-05,9e-05,8e-05,2e-05,0.0,-1e-05,0.0,0
26981,3e-05,5e-05,9e-05,8e-05,2e-05,0.0,-1e-05,0.0,0
26982,3e-05,5e-05,9e-05,8e-05,2e-05,0.0,-1e-05,0.0,0
26983,3e-05,5e-05,9e-05,8e-05,2e-05,0.0,-1e-05,0.0,0
26984,3e-05,5e-05,9e-05,8e-05,2e-05,0.0,-1e-05,0.0,0
26985,3e-05,5e-05,9e-05,8e-05,2e-05,0.0,-1e-05,0.0,0
26986,3e-05,5e-05,9e-05,8e-05,2e-05,0.0,-1e-05,0.0,0
26988,-2e-05,-6e-05,-3e-05,0.0,-2e-05,0.0,-2e-05,0.0,0
26989,-2e-05,-6e-05,-3e-05,0.0,-2e-05,0.0,-2e-05,0.0,0
26990,-1e-05,-1e-05,-1e-05,-4e-05,-1e-05,1e-05,0.0,-1e-05,0
26991,-1e-05,-1e-05,-1e-05,-4e-05,-1e-05,1e-05,0.0,-1e-05,0
26992,-1e-05,-1e-05,-1e-05,-4e-05,-1e-05,1e-05,0.0,-1e-05,0
26993,-1e-05,-1e-05,-1e-05,-4e-05,-1e-05,1e-05,0.0,-1e-05,0
26994,-1e-05,-1e-05,-1e-05,-4e-05,-1e-05,1e-05,0.0,-1e-05,0
26995,-1e-05,-1e-05,-1e-05,-4e-05,-1e-05,1e-05,0.0,-1e-05,0
26996,-1e-05,-1e-05,-1e-05,-4e-05,-1e-05,1e-05,0.0,-1e-05,0
26997,-1e-05,-1e-05,-1e-05,-4e-05,-1e-05,1e-05,0.0,-1e-05,0
26998,-1e-05,-1e-05,-1e-05,-4e-05,-1e-05,1e-05,0.0,-1e-05,0
26999,-1e-05,-1e-05,-1e-05,-4e-05,-1e-05,1e-05,0.0,-1e-05,0
27000,-1e-05,-1e-05,-1e-05,-4e-05,-1e-05,1e-05,0.0,-1e-05,0
27001,-1e-05,-1e-05,-1e-05,-4e-05,-1e-05,1e-05,0.0,-1e-05,0
27002,-1e-05,-1e-05,-1e-05,-4e-05,-1e-05,1e-05,0.0,-1e-05,0
27003,0.0,1e-05,0.0,-1e-05,-2e-05,-2e-05,-1e-05,-1e-05,0
27004,0.0,1e-05,0.0,-1e-05,-2e-05,-2e-05,-1e-05,-1e-05,0
27005,-2e-05,-3e-05,-5e-05,-5e-05,-3e-05,-2e-05,-2e-05,-2e-05,0
27006,-2e-05,-3e-05,-5e-05,-5e-05,-3e-05,-2e-05,-2e-05,-2e-05,0
27007,-2e-05,-3e-05,-5e-05,-5e-05,-3e-05,-2e-05,-2e-05,-2e-05,0
27008,-2e-05,-3e-05,-5e-05,-5e-05,-3e-05,-2e-05,-2e-05,-2e-05,0
27009,-2e-05,-3e-05,-5e-05,-5e-05,-3e-05,-2e-05,-2e-05,-2e-05,0
27010,-2e-05,-3e-05,-5e-05,-5e-05,-3e-05,-2e-05,-2e-05,-2e-05,0
27011,-2e-05,-3e-05,-5e-05,-5e-05,-3e-05,-2e-05,-2e-05,-2e-05,0
27012,-2e-05,-3e-05,-5e-05,-5e-05,-3e-05,-2e-05,-2e-05,-2e-05,0
27013,-2e-05,-3e-05,-5e-05,-5e-05,-3e-05,-2e-05,-2e-05,-2e-05,0
27014,-2e-05,-3e-05,-5e-05,-5e-05,-3e-05,-2e-05,-2e-05,-2e-05,0
27015,-2e-05,-3e-05,-5e-05,-5e-05,-3e-05,-2e-05,-2e-05,-2e-05,0
27016,-2e-05,-3e-05,-5e-05,-5e-05,-3e-05,-2e-05,-2e-05,-2e-05,0
27017,-2e-05,-3e-05,-5e-05,-5e-05,-3e-05,-2e-05,-2e-05,-2e-05,0
27018,-2e-05,-3e-05,-5e-05,-5e-05,-3e-05,-2e-05,-2e-05,-2e-05,0
27019,-2e-05,-3e-05,-5e-05,-5e-05,-3e-05,-2e-05,-2e-05,-2e-05,0
27020,-2e-05,-3e-05,-5e-05,-5e-05,-3e-05,-2e-05,-2e-05,-2e-05,0
27021,-2e-05,-3e-05,-5e-05,-5e-05,-3e-05,-2e-05,-2e-05,-2e-05,0
27022,-2e-05,-3e-05,-5e-05,-5e-05,-3e-05,-2e-05,-2e-05,-2e-05,0
27023,-2e-05,-3e-05,-5e-05,-5e-05,-3e-05,-2e-05,-2e-05,-2e-05,0
27024,-2e-05,-3e-05,-5e-05,-5e-05,-3e-05,-2e-05,-2e-05,-2e-05,0
27025,1e-05,0.0,0.0,-2e-05,-1e-05,-2e-05,-2e-05,0.0,0
27026,1e-05,0.0,0.0,-2e-05,-1e-05,-2e-05,-2e-05,0.0,0
27027,1e-05,0.0,0.0,-2e-05,-1e-05,-2e-05,-2e-05,0.0,0
27028,1e-05,0.0,0.0,-2e-05,-1e-05,-2e-05,-2e-05,0.0,0
27029,1e-05,0.0,0.0,-2e-05,-1e-05,-2e-05,-2e-05,0.0,0
27030,1e-05,0.0,0.0,-2e-05,-1e-05,-2e-05,-2e-05,0.0,0
27031,1e-05,0.0,0.0,-2e-05,-1e-05,-2e-05,-2e-05,0.0,0
27032,1e-05,0.0,0.0,-2e-05,-1e-05,-2e-05,-2e-05,0.0,0
27033,1e-05,0.0,-1e-05,2e-05,-3e-05,-2e-05,-2e-05,-1e-05,0
27034,1e-05,0.0,-1e-05,2e-05,-3e-05,-2e-05,-2e-05,-1e-05,0
27035,1e-05,0.0,-1e-05,2e-05,-3e-05,-2e-05,-2e-05,-1e-05,0
27036,1e-05,0.0,-1e-05,2e-05,-3e-05,-2e-05,-2e-05,-1e-05,0
27038,1e-05,0.0,-1e-05,2e-05,-3e-05,-2e-05,-2e-05,-1e-05,0
27039,1e-05,0.0,-1e-05,2e-05,-3e-05,-2e-05,-2e-05,-1e-05,0
27040,0.0,1e-05,1e-05,1e-05,1e-05,-1e-05,-2e-05,-2e-05,0
27041,2e-05,2e-05,3e-05,3e-05,2e-05,-2e-05,0.0,-2e-05,0
27042,-4e-05,-6e-05,-5e-05,0.00017,3e-05,-2e-05,-2e-05,-2e-05,0
27043,-4e-05,-6e-05,-5e-05,0.00017,3e-05,-2e-05,-2e-05,-2e-05,0
27044,-4e-05,-6e-05,-5e-05,0.00017,3e-05,-2e-05,-2e-05,-2e-05,0
27045,-4e-05,-6e-05,-5e-05,0.00017,3e-05,-2e-05,-2e-05,-2e-05,0
27046,-4e-05,-6e-05,-5e-05,0.00017,3e-05,-2e-05,-2e-05,-2e-05,0
27047,-4e-05,-6e-05,-5e-05,0.00017,3e-05,-2e-05,-2e-05,-2e-05,0
27048,-4e-05,-6e-05,-5e-05,0.00017,3e-05,-2e-05,-2e-05,-2e-05,0
27049,-4e-05,-6e-05,-5e-05,0.00017,3e-05,-2e-05,-2e-05,-2e-05,0
27050,-4e-05,-6e-05,-5e-05,0.00017,3e-05,-2e-05,-2e-05,-2e-05,0
27051,-4e-05,-6e-05,-5e-05,0.00017,3e-05,-2e-05,-2e-05,-2e-05,0
27052,-4e-05,-6e-05,-5e-05,0.00017,3e-05,-2e-05,-2e-05,-2e-05,0
27053,-4e-05,-6e-05,-5e-05,0.00017,3e-05,-2e-05,-2e-05,-2e-05,0
27054,-4e-05,-6e-05,-5e-05,0.00017,3e-05,-2e-05,-2e-05,-2e-05,0
27055,-4e-05,-6e-05,-5e-05,0.00017,3e-05,-2e-05,-2e-05,-2e-05,0
27056,-4e-05,-6e-05,-5e-05,0.00017,3e-05,-2e-05,-2e-05,-2e-05,0
27057,-4e-05,-6e-05,-5e-05,0.00017,3e-05,-2e-05,-2e-05,-2e-05,0
27058,-4e-05,-6e-05,-5e-05,0.00017,3e-05,-2e-05,-2e-05,-2e-05,0
27059,-4e-05,-6e-05,-5e-05,0.00017,3e-05,-2e-05,-2e-05,-2e-05,0
27060,-4e-05,-6e-05,-5e-05,0.00017,3e-05,-2e-05,-2e-05,-2e-05,0
27061,-4e-05,-6e-05,-5e-05,0.00017,3e-05,-2e-05,-2e-05,-2e-05,0
27062,-4e-05,-6e-05,-5e-05,0.00017,3e-05,-2e-05,-2e-05,-2e-05,0
27063,-4e-05,-6e-05,-5e-05,0.00017,3e-05,-2e-05,-2e-05,-2e-05,0
27064,-4e-05,-6e-05,-5e-05,0.00017,3e-05,-2e-05,-2e-05,-2e-05,0
27065,-4e-05,-6e-05,-5e-05,0.00017,3e-05,-2e-05,-2e-05,-2e-05,0
27066,-4e-05,-6e-05,-5e-05,0.00017,3e-05,-2e-05,-2e-05,-2e-05,0
27067,-4e-05,-6e-05,-5e-05,0.00017,3e-05,-2e-05,-2e-05,-2e-05,0
27068,-4e-05,-6e-05,-5e-05,0.00017,3e-05,-2e-05,-2e-05,-2e-05,0
27069,-4e-05,-6e-05,-5e-05,0.00017,3e-05,-2e-05,-2e-05,-2e-05,0
27070,-4e-05,-6e-05,-5e-05,0.00017,3e-05,-2e-05,-2e-05,-2e-05,0
27071,-2e-05,2e-05,2e-05,1e-05,-1e-05,-1e-05,-2e-05,-2e-05,0
27072,1e-05,-2e-05,5e-05,0.00045,8e-05,-1e-05,2e-05,-1e-05,0
27073,1e-05,-2e-05,5e-05,0.00045,8e-05,-1e-05,2e-05,-1e-05,0
27074,1e-05,-2e-05,5e-05,0.00045,8e-05,-1e-05,2e-05,-1e-05,0
27075,1e-05,-2e-05,5e-05,0.00045,8e-05,-1e-05,2e-05,-1e-05,0
27076,1e-05,-2e-05,5e-05,0.00045,8e-05,-1e-05,2e-05,-1e-05,0
27077,1e-05,-2e-05,5e-05,0.00045,8e-05,-1e-05,2e-05,-1e-05,0
27078,1e-05,-2e-05,5e-05,0.00045,8e-05,-1e-05,2e-05,-1e-05,0
27079,1e-05,-2e-05,5e-05,0.00045,8e-05,-1e-05,2e-05,-1e-05,0
27080,1e-05,-2e-05,5e-05,0.00045,8e-05,-1e-05,2e-05,-1e-05,0
27081,1e-05,-2e-05,5e-05,0.00045,8e-05,-1e-05,2e-05,-1e-05,0
27082,1e-05,-2e-05,5e-05,0.00045,8e-05,-1e-05,2e-05,-1e-05,0
27083,1e-05,-2e-05,5e-05,0.00045,8e-05,-1e-05,2e-05,-1e-05,0
27084,1e-05,-2e-05,5e-05,0.00045,8e-05,-1e-05,2e-05,-1e-05,0
27085,1e-05,-2e-05,5e-05,0.00045,8e-05,-1e-05,2e-05,-1e-05,0
27086,1e-05,-2e-05,5e-05,0.00045,8e-05,-1e-05,2e-05,-1e-05,0
27088,1e-05,-2e-05,5e-05,0.00045,8e-05,-1e-05,2e-05,-1e-05,0
27089,1e-05,-2e-05,5e-05,0.00045,8e-05,-1e-05,2e-05,-1e-05,0
27090,1e-05,-2e-05,5e-05,0.00045,8e-05,-1e-05,2e-05,-1e-05,0
27091,1e-05,-2e-05,5e-05,0.00045,8e-05,-1e-05,2e-05,-1e-05,0
27092,1e-05,-2e-05,5e-05,0.00045,8e-05,-1e-05,2e-05,-1e-05,0
27093,-4e-05,-6e-05,-4e-05,6e-05,-1e-05,1e-05,0.0,1e-05,0
27094,-4e-05,-6e-05,-4e-05,6e-05,-1e-05,1e-05,0.0,1e-05,0
27095,0.0,2e-05,-1e-05,-0.00015,-5e-05,-1e-05,-4e-05,0.0,0
27096,0.0,2e-05,-1e-05,-0.00015,-5e-05,-1e-05,-4e-05,0.0,0
27097,0.0,2e-05,-1e-05,-0.00015,-5e-05,-1e-05,-4e-05,0.0,0
27098,0.0,2e-05,-1e-05,-0.00015,-5e-05,-1e-05,-4e-05,0.0,0
27099,0.0,2e-05,-1e-05,-0.00015,-5e-05,-1e-05,-4e-05,0.0,0
27100,2e-05,1e-05,2e-05,5e-05,-2e-05,-2e-05,-2e-05,0.0,0
27101,0.0,-1e-05,-1e-05,-5e-05,0.0,-1e-05,1e-05,-2e-05,0
27102,-2e-05,-1e-05,-1e-05,-0.00012,-5e-05,-4e-05,0.0,0.0,0
27103,-2e-05,-1e-05,-1e-05,-0.00012,-5e-05,-4e-05,0.0,0.0,0
27104,-2e-05,-1e-05,-1e-05,-0.00012,-5e-05,-4e-05,0.0,0.0,0
27105,-2e-05,-1e-05,-1e-05,-0.00012,-5e-05,-4e-05,0.0,0.0,0
27106,-2e-05,-1e-05,-1e-05,-0.00012,-5e-05,-4e-05,0.0,0.0,0
27107,-2e-05,-1e-05,-1e-05,-0.00012,-5e-05,-4e-05,0.0,0.0,0
27108,-2e-05,-1e-05,-1e-05,-0.00012,-5e-05,-4e-05,0.0,0.0,0
27109,-2e-05,-1e-05,-1e-05,-0.00012,-5e-05,-4e-05,0.0,0.0,0
27110,-2e-05,-1e-05,-1e-05,-0.00012,-5e-05,-4e-05,0.0,0.0,0
27111,-2e-05,-1e-05,-1e-05,-0.00012,-5e-05,-4e-05,0.0,0.0,0
27112,-2e-05,-1e-05,-1e-05,-0.00012,-5e-05,-4e-05,0.0,0.0,0
27113,-2e-05,-1e-05,-1e-05,-0.00012,-5e-05,-4e-05,0.0,0.0,0
27114,-2e-05,-1e-05,-1e-05,-0.00012,-5e-05,-4e-05,0.0,0.0,0
27115,-2e-05,-1e-05,-1e-05,-0.00012,-5e-05,-4e-05,0.0,0.0,0
27116,-2e-05,-1e-05,-1e-05,-0.00012,-5e-05,-4e-05,0.0,0.0,0
27117,-2e-05,-1e-05,-1e-05,-0.00012,-5e-05,-4e-05,0.0,0.0,0
27118,-2e-05,-1e-05,-1e-05,-0.00012,-5e-05,-4e-05,0.0,0.0,0
27119,-2e-05,-1e-05,-1e-05,-0.00012,-5e-05,-4e-05,0.0,0.0,0
27120,-2e-05,-1e-05,-1e-05,-0.00012,-5e-05,-4e-05,0.0,0.0,0
27121,-2e-05,-1e-05,-1e-05,-0.00012,-5e-05,-4e-05,0.0,0.0,0
27122,-2e-05,-1e-05,-1e-05,-0.00012,-5e-05,-4e-05,0.0,0.0,0
27123,-2e-05,-4e-05,-7e-05,2e-05,-3e-05,0.0,-3e-05,-2e-05,0
27124,-2e-05,-4e-05,-7e-05,2e-05,-3e-05,0.0,-3e-05,-2e-05,0
27125,0.0,1e-05,0.0,-6e-05,-2e-05,-1e-05,-3e-05,1e-05,0
27126,0.0,1e-05,0.0,-6e-05,-2e-05,-1e-05,-3e-05,1e-05,0
27127,0.0,1e-05,0.0,-6e-05,-2e-05,-1e-05,-3e-05,1e-05,0
27128,0.0,1e-05,0.0,-6e-05,-2e-05,-1e-05,-3e-05,1e-05,0
27129,0.0,1e-05,0.0,-6e-05,-2e-05,-1e-05,-3e-05,1e-05,0
27130,0.0,1e-05,0.0,-6e-05,-2e-05,-1e-05,-3e-05,1e-05,0
27131,0.0,1e-05,0.0,-6e-05,-2e-05,-1e-05,-3e-05,1e-05,0
27132,0.0,1e-05,0.0,-6e-05,-2e-05,-1e-05,-3e-05,1e-05,0
27133,0.0,1e-05,0.0,-6e-05,-2e-05,-1e-05,-3e-05,1e-05,0
27134,0.0,1e-05,0.0,-6e-05,-2e-05,-1e-05,-3e-05,1e-05,0
27135,0.0,1e-05,0.0,-6e-05,-2e-05,-1e-05,-3e-05,1e-05,0
27136,0.0,1e-05,0.0,-6e-05,-2e-05,-1e-05,-3e-05,1e-05,0
27138,0.0,1e-05,0.0,-6e-05,-2e-05,-1e-05,-3e-05,1e-05,0
27139,0.0,1e-05,0.0,-6e-05,-2e-05,-1e-05,-3e-05,1e-05,0
27140,0.0,1e-05,0.0,-6e-05,-2e-05,-1e-05,-3e-05,1e-05,0
27141,0.0,1e-05,0.0,-6e-05,-2e-05,-1e-05,-3e-05,1e-05,0
27142,0.0,1e-05,0.0,-6e-05,-2e-05,-1e-05,-3e-05,1e-05,0
27143,0.0,1e-05,0.0,-6e-05,-2e-05,-1e-05,-3e-05,1e-05,0
27144,0.0,1e-05,0.0,-6e-05,-2e-05,-1e-05,-3e-05,1e-05,0
27145,-3e-05,-4e-05,-3e-05,-6e-05,-4e-05,-1e-05,-1e-05,0.0,0
27146,-3e-05,-4e-05,-3e-05,-6e-05,-4e-05,-1e-05,-1e-05,0.0,0
27147,-3e-05,-4e-05,-3e-05,-6e-05,-4e-05,-1e-05,-1e-05,0.0,0
27148,-3e-05,-4e-05,-3e-05,-6e-05,-4e-05,-1e-05,-1e-05,0.0,0
27149,-3e-05,-4e-05,-3e-05,-6e-05,-4e-05,-1e-05,-1e-05,0.0,0
27150,-3e-05,-4e-05,-3e-05,-6e-05,-4e-05,-1e-05,-1e-05,0.0,0
27151,-3e-05,-4e-05,-3e-05,-6e-05,-4e-05,-1e-05,-1e-05,0.0,0
27152,0.0,-2e-05,-4e-05,-0.00011,-2e-05,-1e-05,-1e-05,0.0,0
27153,0.0,-2e-05,-4e-05,-0.00011,-2e-05,-1e-05,-1e-05,0.0,0
27154,0.0,-2e-05,-4e-05,-0.00011,-2e-05,-1e-05,-1e-05,0.0,0
27155,0.0,-2e-05,-4e-05,-0.00011,-2e-05,-1e-05,-1e-05,0.0,0
27156,0.0,-2e-05,-4e-05,-0.00011,-2e-05,-1e-05,-1e-05,0.0,0
27157,0.0,-2e-05,-4e-05,-0.00011,-2e-05,-1e-05,-1e-05,0.0,0
27158,0.0,-2e-05,-4e-05,-0.00011,-2e-05,-1e-05,-1e-05,0.0,0
27159,0.0,-2e-05,-4e-05,-0.00011,-2e-05,-1e-05,-1e-05,0.0,0
27160,0.0,2e-05,2e-05,1e-05,2e-05,-1e-05,0.0,0.0,0
27161,0.0,2e-05,2e-05,1e-05,2e-05,-1e-05,0.0,0.0,0
27162,0.0,2e-05,2e-05,1e-05,2e-05,-1e-05,0.0,0.0,0
27163,0.0,2e-05,2e-05,1e-05,2e-05,-1e-05,0.0,0.0,0
27164,0.0,2e-05,2e-05,1e-05,2e-05,-1e-05,0.0,0.0,0
27165,0.0,2e-05,2e-05,1e-05,2e-05,-1e-05,0.0,0.0,0
27166,0.0,2e-05,2e-05,1e-05,2e-05,-1e-05,0.0,0.0,0
27167,-1e-05,1e-05,3e-05,-7e-05,-2e-05,-1e-05,-1e-05,-1e-05,0
27168,-1e-05,1e-05,3e-05,-7e-05,-2e-05,-1e-05,-1e-05,-1e-05,0
27169,-1e-05,1e-05,3e-05,-7e-05,-2e-05,-1e-05,-1e-05,-1e-05,0
27170,-1e-05,1e-05,3e-05,-7e-05,-2e-05,-1e-05,-1e-05,-1e-05,0
27171,-1e-05,1e-05,3e-05,-7e-05,-2e-05,-1e-05,-1e-05,-1e-05,0
27172,-1e-05,1e-05,3e-05,-7e-05,-2e-05,-1e-05,-1e-05,-1e-05,0
27173,-1e-05,1e-05,3e-05,-7e-05,-2e-05,-1e-05,-1e-05,-1e-05,0
27174,-1e-05,1e-05,3e-05,-7e-05,-2e-05,-1e-05,-1e-05,-1e-05,0
27175,-1e-05,1e-05,3e-05,-7e-05,-2e-05,-1e-05,-1e-05,-1e-05,0
27176,-1e-05,1e-05,3e-05,-7e-05,-2e-05,-1e-05,-1e-05,-1e-05,0
27177,-1e-05,1e-05,3e-05,-7e-05,-2e-05,-1e-05,-1e-05,-1e-05,0
27178,-1e-05,1e-05,3e-05,-7e-05,-2e-05,-1e-05,-1e-05,-1e-05,0
27179,-1e-05,1e-05,3e-05,-7e-05,-2e-05,-1e-05,-1e-05,-1e-05,0
27180,-1e-05,1e-05,3e-05,-7e-05,-2e-05,-1e-05,-1e-05,-1e-05,0
27181,-1e-05,1e-05,3e-05,-7e-05,-2e-05,-1e-05,-1e-05,-1e-05,0
27182,-1e-05,1e-05,3e-05,-7e-05,-2e-05,-1e-05,-1e-05,-1e-05,0
27183,-1e-05,1e-05,3e-05,-7e-05,-2e-05,-1e-05,-1e-05,-1e-05,0
27184,-1e-05,1e-05,3e-05,-7e-05,-2e-05,-1e-05,-1e-05,-1e-05,0
27185,-1e-05,1e-05,3e-05,-7e-05,-2e-05,-1e-05,-1e-05,-1e-05,0
27186,-1e-05,1e-05,3e-05,-7e-05,-2e-05,-1e-05,-1e-05,-1e-05,0
27188,-1e-05,1e-05,3e-05,-7e-05,-2e-05,-1e-05,-1e-05,-1e-05,0
27189,-1e-05,1e-05,3e-05,-7e-05,-2e-05,-1e-05,-1e-05,-1e-05,0
27190,-1e-05,1e-05,3e-05,-7e-05,-2e-05,-1e-05,-1e-05,-1e-05,0
27191,0.0,0.0,0.0,1e-05,-1e-05,-3e-05,0.0,-1e-05,0
27192,-1e-05,-3e-05,-3e-05,-6e-05,0.0,-1e-05,1e-05,-2e-05,0
27193,-1e-05,-3e-05,-3e-05,-6e-05,0.0,-1e-05,1e-05,-2e-05,0
27194,-1e-05,-3e-05,-3e-05,-6e-05,0.0,-1e-05,1e-05,-2e-05,0
27195,-1e-05,-3e-05,-3e-05,-6e-05,0.0,-1e-05,1e-05,-2e-05,0
27196,-1e-05,-3e-05,-3e-05,-6e-05,0.0,-1e-05,1e-05,-2e-05,0
27197,-1e-05,-3e-05,-3e-05,-6e-05,0.0,-1e-05,1e-05,-2e-05,0
27198,-1e-05,-3e-05,-3e-05,-6e-05,0.0,-1e-05,1e-05,-2e-05,0
27199,-1e-05,-3e-05,-3e-05,-6e-05,0.0,-1e-05,1e-05,-2e-05,0
27200,-1e-05,-3e-05,-3e-05,-6e-05,0.0,-1e-05,1e-05,-2e-05,0
27201,-1e-05,-3e-05,-3e-05,-6e-05,0.0,-1e-05,1e-05,-2e-05,0
27202,-1e-05,-3e-05,-3e-05,-6e-05,0.0,-1e-05,1e-05,-2e-05,0
27203,-1e-05,-3e-05,-3e-05,-6e-05,0.0,-1e-05,1e-05,-2e-05,0
27204,-1e-05,-3e-05,-3e-05,-6e-05,0.0,-1e-05,1e-05,-2e-05,0
27205,-1e-05,-3e-05,-3e-05,-6e-05,0.0,-1e-05,1e-05,-2e-05,0
27206,-1e-05,-3e-05,-3e-05,-6e-05,0.0,-1e-05,1e-05,-2e-05,0
27207,-1e-05,-3e-05,-3e-05,-6e-05,0.0,-1e-05,1e-05,-2e-05,0
27208,-1e-05,-3e-05,-3e-05,-6e-05,0.0,-1e-05,1e-05,-2e-05,0
27209,-1e-05,-3e-05,-3e-05,-6e-05,0.0,-1e-05,1e-05,-2e-05,0
27210,-1e-05,-3e-05,-3e-05,-6e-05,0.0,-1e-05,1e-05,-2e-05,0
27211,-1e-05,-3e-05,-3e-05,-6e-05,0.0,-1e-05,1e-05,-2e-05,0
27212,-1e-05,-3e-05,-3e-05,-6e-05,0.0,-1e-05,1e-05,-2e-05,0
27213,1e-05,-3e-05,-4e-05,-2e-05,-2e-05,0.0,-1e-05,1e-05,0
27214,1e-05,-3e-05,-4e-05,-2e-05,-2e-05,0.0,-1e-05,1e-05,0
27215,1e-05,2e-05,7e-05,0.00034,8e-05,1e-05,-1e-05,-1e-05,0
27216,1e-05,2e-05,7e-05,0.00034,8e-05,1e-05,-1e-05,-1e-05,0
27217,1e-05,2e-05,7e-05,0.00034,8e-05,1e-05,-1e-05,-1e-05,0
27218,1e-05,2e-05,7e-05,0.00034,8e-05,1e-05,-1e-05,-1e-05,0
27219,1e-05,2e-05,7e-05,0.00034,8e-05,1e-05,-1e-05,-1e-05,0
27220,1e-05,2e-05,7e-05,0.00034,8e-05,1e-05,-1e-05,-1e-05,0
27221,1e-05,2e-05,7e-05,0.00034,8e-05,1e-05,-1e-05,-1e-05,0
27222,1e-05,2e-05,7e-05,0.00034,8e-05,1e-05,-1e-05,-1e-05,0
27223,1e-05,2e-05,7e-05,0.00034,8e-05,1e-05,-1e-05,-1e-05,0
27224,1e-05,2e-05,7e-05,0.00034,8e-05,1e-05,-1e-05,-1e-05,0
27225,1e-05,2e-05,7e-05,0.00034,8e-05,1e-05,-1e-05,-1e-05,0
27226,1e-05,2e-05,7e-05,0.00034,8e-05,1e-05,-1e-05,-1e-05,0
27227,1e-05,2e-05,7e-05,0.00034,8e-05,1e-05,-1e-05,-1e-05,0
27228,1e-05,2e-05,0.0,-1e-05,0.0,0.0,-2e-05,-1e-05,0
27229,1e-05,2e-05,0.0,-1e-05,0.0,0.0,-2e-05,-1e-05,0
27230,-3e-05,-5e-05,-0.0001,-0.00013,-7e-05,-3e-05,-1e-05,-2e-05,0
27231,-3e-05,-5e-05,-0.0001,-0.00013,-7e-05,-3e-05,-1e-05,-2e-05,0
27232,-3e-05,-5e-05,-0.0001,-0.00013,-7e-05,-3e-05,-1e-05,-2e-05,0
27233,-3e-05,-5e-05,-0.0001,-0.00013,-7e-05,-3e-05,-1e-05,-2e-05,0
27234,-3e-05,-5e-05,-0.0001,-0.00013,-7e-05,-3e-05,-1e-05,-2e-05,0
27235,-3e-05,-5e-05,-0.0001,-0.00013,-7e-05,-3e-05,-1e-05,-2e-05,0
27236,-3e-05,-5e-05,-0.0001,-0.00013,-7e-05,-3e-05,-1e-05,-2e-05,0
27238,-3e-05,-5e-05,-0.0001,-0.00013,-7e-05,-3e-05,-1e-05,-2e-05,0
27239,-3e-05,-5e-05,-0.0001,-0.00013,-7e-05,-3e-05,-1e-05,-2e-05,0
27240,-3e-05,-5e-05,-0.0001,-0.00013,-7e-05,-3e-05,-1e-05,-2e-05,0
27241,-3e-05,-5e-05,-0.0001,-0.00013,-7e-05,-3e-05,-1e-05,-2e-05,0
27242,-3e-05,-5e-05,-0.0001,-0.00013,-7e-05,-3e-05,-1e-05,-2e-05,0
27243,-1e-05,2e-05,5e-05,-1e-05,-1e-05,0.0,-2e-05,0.0,0
27244,-1e-05,2e-05,5e-05,-1e-05,-1e-05,0.0,-2e-05,0.0,0
27245,-1e-05,2e-05,5e-05,-1e-05,-1e-05,0.0,-2e-05,0.0,0
27246,-1e-05,2e-05,5e-05,-1e-05,-1e-05,0.0,-2e-05,0.0,0
27247,-1e-05,2e-05,5e-05,-1e-05,-1e-05,0.0,-2e-05,0.0,0
27248,-1e-05,2e-05,5e-05,-1e-05,-1e-05,0.0,-2e-05,0.0,0
27249,-1e-05,2e-05,5e-05,-1e-05,-1e-05,0.0,-2e-05,0.0,0
27250,-1e-05,2e-05,5e-05,-1e-05,-1e-05,0.0,-2e-05,0.0,0
27251,-1e-05,2e-05,5e-05,-1e-05,-1e-05,0.0,-2e-05,0.0,0
27252,-1e-05,2e-05,5e-05,-1e-05,-1e-05,0.0,-2e-05,0.0,0
27253,-1e-05,2e-05,5e-05,-1e-05,-1e-05,0.0,-2e-05,0.0,0
27254,-1e-05,2e-05,5e-05,-1e-05,-1e-05,0.0,-2e-05,0.0,0
27255,-1e-05,2e-05,5e-05,-1e-05,-1e-05,0.0,-2e-05,0.0,0
27256,-1e-05,2e-05,5e-05,-1e-05,-1e-05,0.0,-2e-05,0.0,0
27257,-1e-05,2e-05,5e-05,-1e-05,-1e-05,0.0,-2e-05,0.0,0
27258,-3e-05,0.0,-1e-05,-4e-05,-5e-05,-2e-05,0.0,0.0,0
27259,-3e-05,0.0,-1e-05,-4e-05,-5e-05,-2e-05,0.0,0.0,0
27260,-3e-05,0.0,-1e-05,-4e-05,-5e-05,-2e-05,0.0,0.0,0
27261,-3e-05,0.0,-1e-05,-4e-05,-5e-05,-2e-05,0.0,0.0,0
27262,-3e-05,0.0,-1e-05,-4e-05,-5e-05,-2e-05,0.0,0.0,0
27263,-3e-05,0.0,-1e-05,-4e-05,-5e-05,-2e-05,0.0,0.0,0
27264,-3e-05,0.0,-1e-05,-4e-05,-5e-05,-2e-05,0.0,0.0,0
27265,-3e-05,-2e-05,-8e-05,-0.0001,-2e-05,0.0,-2e-05,0.0,0
27266,-1e-05,-2e-05,-4e-05,-6e-05,-4e-05,-2e-05,-2e-05,-3e-05,0
27267,1e-05,-1e-05,-1e-05,-9e-05,-1e-05,0.0,0.0,0.0,0
27268,1e-05,-1e-05,-1e-05,-9e-05,-1e-05,0.0,0.0,0.0,0
27269,1e-05,-1e-05,-1e-05,-9e-05,-1e-05,0.0,0.0,0.0,0
27270,1e-05,-1e-05,-1e-05,-9e-05,-1e-05,0.0,0.0,0.0,0
27271,1e-05,-1e-05,-1e-05,-9e-05,-1e-05,0.0,0.0,0.0,0
27272,1e-05,-1e-05,-1e-05,-9e-05,-1e-05,0.0,0.0,0.0,0
27273,1e-05,-1e-05,-1e-05,-9e-05,-1e-05,0.0,0.0,0.0,0
27274,1e-05,-1e-05,-1e-05,-9e-05,-1e-05,0.0,0.0,0.0,0
27275,1e-05,-1e-05,-1e-05,-9e-05,-1e-05,0.0,0.0,0.0,0
27276,1e-05,-1e-05,-1e-05,-9e-05,-1e-05,0.0,0.0,0.0,0
27277,1e-05,-1e-05,-1e-05,-9e-05,-1e-05,0.0,0.0,0.0,0
27278,1e-05,-1e-05,-1e-05,-9e-05,-1e-05,0.0,0.0,0.0,0
27279,1e-05,-1e-05,-1e-05,-9e-05,-1e-05,0.0,0.0,0.0,0
27280,-1e-05,2e-05,3e-05,1e-05,-4e-05,-2e-05,0.0,1e-05,0
27281,-1e-05,2e-05,3e-05,1e-05,-4e-05,-2e-05,0.0,1e-05,0
27282,-1e-05,2e-05,3e-05,1e-05,-4e-05,-2e-05,0.0,1e-05,0
27283,-1e-05,2e-05,3e-05,1e-05,-4e-05,-2e-05,0.0,1e-05,0
27284,-1e-05,2e-05,3e-05,1e-05,-4e-05,-2e-05,0.0,1e-05,0
27285,-1e-05,2e-05,3e-05,1e-05,-4e-05,-2e-05,0.0,1e-05,0
27286,-1e-05,2e-05,3e-05,1e-05,-4e-05,-2e-05,0.0,1e-05,0
27288,-4e-05,-5e-05,-8e-05,-0.00014,-3e-05,-2e-05,0.0,-2e-05,0
27289,-4e-05,-5e-05,-8e-05,-0.00014,-3e-05,-2e-05,0.0,-2e-05,0
27290,-4e-05,-5e-05,-8e-05,-0.00014,-3e-05,-2e-05,0.0,-2e-05,0
27291,-4e-05,-5e-05,-8e-05,-0.00014,-3e-05,-2e-05,0.0,-2e-05,0
27292,-4e-05,-5e-05,-8e-05,-0.00014,-3e-05,-2e-05,0.0,-2e-05,0
27293,-4e-05,-5e-05,-8e-05,-0.00014,-3e-05,-2e-05,0.0,-2e-05,0
27294,-4e-05,-5e-05,-8e-05,-0.00014,-3e-05,-2e-05,0.0,-2e-05,0
27295,-4e-05,-5e-05,-8e-05,-0.00014,-3e-05,-2e-05,0.0,-2e-05,0
27296,-4e-05,-5e-05,-8e-05,-0.00014,-3e-05,-2e-05,0.0,-2e-05,0
27297,-4e-05,-5e-05,-8e-05,-0.00014,-3e-05,-2e-05,0.0,-2e-05,0
27298,-4e-05,-5e-05,-8e-05,-0.00014,-3e-05,-2e-05,0.0,-2e-05,0
27299,-4e-05,-5e-05,-8e-05,-0.00014,-3e-05,-2e-05,0.0,-2e-05,0
27300,-4e-05,-5e-05,-8e-05,-0.00014,-3e-05,-2e-05,0.0,-2e-05,0
27301,-4e-05,-5e-05,-8e-05,-0.00014,-3e-05,-2e-05,0.0,-2e-05,0
27302,-4e-05,-5e-05,-8e-05,-0.00014,-3e-05,-2e-05,0.0,-2e-05,0
27303,-4e-05,-5e-05,-8e-05,-0.00014,-3e-05,-2e-05,0.0,-2e-05,0
27304,-4e-05,-5e-05,-8e-05,-0.00014,-3e-05,-2e-05,0.0,-2e-05,0
27305,-4e-05,-5e-05,-8e-05,-0.00014,-3e-05,-2e-05,0.0,-2e-05,0
27306,-4e-05,-5e-05,-8e-05,-0.00014,-3e-05,-2e-05,0.0,-2e-05,0
27307,-4e-05,-5e-05,-8e-05,-0.00014,-3e-05,-2e-05,0.0,-2e-05,0
27308,-4e-05,-5e-05,-8e-05,-0.00014,-3e-05,-2e-05,0.0,-2e-05,0
27309,-4e-05,-5e-05,-8e-05,-0.00014,-3e-05,-2e-05,0.0,-2e-05,0
27310,-4e-05,-5e-05,-8e-05,-0.00014,-3e-05,-2e-05,0.0,-2e-05,0
27311,0.0,0.0,-2e-05,3e-05,0.0,0.0,0.0,-2e-05,0
27312,0.0,0.0,0.0,-6e-05,-2e-05,-1e-05,1e-05,0.0,0
27313,0.0,0.0,0.0,-6e-05,-2e-05,-1e-05,1e-05,0.0,0
27314,0.0,0.0,0.0,-6e-05,-2e-05,-1e-05,1e-05,0.0,0
27315,0.0,0.0,0.0,-6e-05,-2e-05,-1e-05,1e-05,0.0,0
27316,0.0,0.0,0.0,-6e-05,-2e-05,-1e-05,1e-05,0.0,0
27317,0.0,0.0,0.0,-6e-05,-2e-05,-1e-05,1e-05,0.0,0
27318,0.0,0.0,0.0,-6e-05,-2e-05,-1e-05,1e-05,0.0,0
27319,0.0,0.0,0.0,-6e-05,-2e-05,-1e-05,1e-05,0.0,0
27320,0.0,0.0,0.0,-6e-05,-2e-05,-1e-05,1e-05,0.0,0
27321,0.0,0.0,0.0,-6e-05,-2e-05,-1e-05,1e-05,0.0,0
27322,0.0,0.0,0.0,-6e-05,-2e-05,-1e-05,1e-05,0.0,0
27323,0.0,0.0,0.0,-6e-05,-2e-05,-1e-05,1e-05,0.0,0
27324,0.0,0.0,0.0,-6e-05,-2e-05,-1e-05,1e-05,0.0,0
27325,0.0,0.0,0.0,-6e-05,-2e-05,-1e-05,1e-05,0.0,0
27326,0.0,0.0,0.0,-6e-05,-2e-05,-1e-05,1e-05,0.0,0
27327,0.0,0.0,0.0,-6e-05,-2e-05,-1e-05,1e-05,0.0,0
27328,0.0,0.0,0.0,-6e-05,-2e-05,-1e-05,1e-05,0.0,0
27329,0.0,0.0,0.0,-6e-05,-2e-05,-1e-05,1e-05,0.0,0
27330,0.0,0.0,0.0,-6e-05,-2e-05,-1e-05,1e-05,0.0,0
27331,0.0,0.0,0.0,-6e-05,-2e-05,-1e-05,1e-05,0.0,0
27332,0.0,0.0,0.0,-6e-05,-2e-05,-1e-05,1e-05,0.0,0
27333,-4e-05,-5e-05,-3e-05,-3e-05,-3e-05,-2e-05,-2e-05,-2e-05,0
27334,-4e-05,-5e-05,-3e-05,-3e-05,-3e-05,-2e-05,-2e-05,-2e-05,0
27335,0.0,-1e-05,-1e-05,-9e-05,0.0,-3e-05,-2e-05,-3e-05,0
27336,0.0,-1e-05,-1e-05,-9e-05,0.0,-3e-05,-2e-05,-3e-05,0
27338,0.0,-1e-05,-1e-05,-9e-05,0.0,-3e-05,-2e-05,-3e-05,0
27339,0.0,-1e-05,-1e-05,-9e-05,0.0,-3e-05,-2e-05,-3e-05,0
27340,0.0,-1e-05,-1e-05,-9e-05,0.0,-3e-05,-2e-05,-3e-05,0
27341,0.0,-1e-05,-1e-05,-9e-05,0.0,-3e-05,-2e-05,-3e-05,0
27342,0.0,-1e-05,-1e-05,-9e-05,0.0,-3e-05,-2e-05,-3e-05,0
27343,0.0,-1e-05,-1e-05,-9e-05,0.0,-3e-05,-2e-05,-3e-05,0
27344,0.0,-1e-05,-1e-05,-9e-05,0.0,-3e-05,-2e-05,-3e-05,0
27345,0.0,-1e-05,-1e-05,-9e-05,0.0,-3e-05,-2e-05,-3e-05,0
27346,0.0,-1e-05,-1e-05,-9e-05,0.0,-3e-05,-2e-05,-3e-05,0
27347,0.0,-1e-05,-1e-05,-9e-05,0.0,-3e-05,-2e-05,-3e-05,0
27348,-2e-05,1e-05,2e-05,0.00028,3e-05,0.0,0.0,0.0,0
27349,-2e-05,1e-05,2e-05,0.00028,3e-05,0.0,0.0,0.0,0
27350,0.0,-2e-05,-4e-05,-2e-05,-2e-05,-3e-05,0.0,0.0,0
27351,0.0,-2e-05,-4e-05,-2e-05,-2e-05,-3e-05,0.0,0.0,0
27352,0.0,-2e-05,-4e-05,-2e-05,-2e-05,-3e-05,0.0,0.0,0
27353,0.0,-2e-05,-4e-05,-2e-05,-2e-05,-3e-05,0.0,0.0,0
27354,0.0,-2e-05,-4e-05,-2e-05,-2e-05,-3e-05,0.0,0.0,0
27355,0.0,-2e-05,-4e-05,-2e-05,-2e-05,-3e-05,0.0,0.0,0
27356,0.0,-2e-05,-4e-05,-2e-05,-2e-05,-3e-05,0.0,0.0,0
27357,0.0,-2e-05,-4e-05,-2e-05,-2e-05,-3e-05,0.0,0.0,0
27358,0.0,-2e-05,-4e-05,-2e-05,-2e-05,-3e-05,0.0,0.0,0
27359,0.0,-2e-05,-4e-05,-2e-05,-2e-05,-3e-05,0.0,0.0,0
27360,0.0,-2e-05,-4e-05,-2e-05,-2e-05,-3e-05,0.0,0.0,0
27361,0.0,-2e-05,-4e-05,-2e-05,-2e-05,-3e-05,0.0,0.0,0
27362,0.0,-2e-05,-4e-05,-2e-05,-2e-05,-3e-05,0.0,0.0,0
27363,0.0,-2e-05,-4e-05,-2e-05,-2e-05,-3e-05,0.0,0.0,0
27364,0.0,-2e-05,-4e-05,-2e-05,-2e-05,-3e-05,0.0,0.0,0
27365,0.0,-2e-05,-4e-05,-2e-05,-2e-05,-3e-05,0.0,0.0,0
27366,0.0,-2e-05,-4e-05,-2e-05,-2e-05,-3e-05,0.0,0.0,0
27367,0.0,-2e-05,-4e-05,-2e-05,-2e-05,-3e-05,0.0,0.0,0
27368,0.0,-2e-05,-4e-05,-2e-05,-2e-05,-3e-05,0.0,0.0,0
27369,0.0,-2e-05,-4e-05,-2e-05,-2e-05,-3e-05,0.0,0.0,0
27370,-1e-05,-2e-05,1e-05,-3e-05,-1e-05,-1e-05,-2e-05,0.0,0
27371,-1e-05,-3e-05,0.0,3e-05,-2e-05,-3e-05,-1e-05,-1e-05,0
27372,0.0,3e-05,0.0,0.0,-2e-05,-7e-05,-2e-05,-1e-05,0
27373,0.0,3e-05,0.0,0.0,-2e-05,-7e-05,-2e-05,-1e-05,0
27374,0.0,3e-05,0.0,0.0,-2e-05,-7e-05,-2e-05,-1e-05,0
27375,0.0,3e-05,0.0,0.0,-2e-05,-7e-05,-2e-05,-1e-05,0
27376,0.0,3e-05,0.0,0.0,-2e-05,-7e-05,-2e-05,-1e-05,0
27377,0.0,3e-05,0.0,0.0,-2e-05,-7e-05,-2e-05,-1e-05,0
27378,0.0,3e-05,0.0,0.0,-2e-05,-7e-05,-2e-05,-1e-05,0
27379,0.0,3e-05,0.0,0.0,-2e-05,-7e-05,-2e-05,-1e-05,0
27380,0.0,3e-05,0.0,0.0,-2e-05,-7e-05,-2e-05,-1e-05,0
27381,0.0,3e-05,0.0,0.0,-2e-05,-7e-05,-2e-05,-1e-05,0
27382,0.0,3e-05,0.0,0.0,-2e-05,-7e-05,-2e-05,-1e-05,0
27383,0.0,3e-05,0.0,0.0,-2e-05,-7e-05,-2e-05,-1e-05,0
27384,0.0,3e-05,0.0,0.0,-2e-05,-7e-05,-2e-05,-1e-05,0
27385,1e-05,2e-05,2e-05,1e-05,-1e-05,0.0,-2e-05,-2e-05,0
27386,-1e-05,1e-05,-2e-05,-3e-05,-3e-05,-2e-05,-1e-05,-3e-05,0
27388,0.0,-3e-05,-3e-05,-2e-05,-2e-05,1e-05,0.0,-1e-05,0
27389,0.0,-3e-05,-3e-05,-2e-05,-2e-05,1e-05,0.0,-1e-05,0
27390,0.0,-3e-05,-3e-05,-2e-05,-2e-05,1e-05,0.0,-1e-05,0
27391,0.0,-3e-05,-3e-05,-2e-05,-2e-05,1e-05,0.0,-1e-05,0
27392,0.0,-3e-05,-3e-05,-2e-05,-2e-05,1e-05,0.0,-1e-05,0
27393,0.0,-3e-05,-3e-05,-2e-05,-2e-05,1e-05,0.0,-1e-05,0
27394,0.0,-3e-05,-3e-05,-2e-05,-2e-05,1e-05,0.0,-1e-05,0
27395,0.0,-3e-05,-3e-05,-2e-05,-2e-05,1e-05,0.0,-1e-05,0
27396,0.0,-3e-05,-3e-05,-2e-05,-2e-05,1e-05,0.0,-1e-05,0
27397,0.0,-3e-05,-3e-05,-2e-05,-2e-05,1e-05,0.0,-1e-05,0
27398,0.0,-3e-05,-3e-05,-2e-05,-2e-05,1e-05,0.0,-1e-05,0
27399,0.0,-3e-05,-3e-05,-2e-05,-2e-05,1e-05,0.0,-1e-05,0
27400,-2e-05,2e-05,-2e-05,-9e-05,-3e-05,-2e-05,0.0,0.0,0
27401,0.0,-4e-05,0.0,8e-05,0.0,0.0,-1e-05,0.0,0
27402,0.0,-4e-05,0.0,8e-05,0.0,0.0,-1e-05,0.0,0
27403,0.0,-4e-05,0.0,8e-05,0.0,0.0,-1e-05,0.0,0
27404,0.0,-4e-05,0.0,8e-05,0.0,0.0,-1e-05,0.0,0
27405,0.0,-4e-05,0.0,8e-05,0.0,0.0,-1e-05,0.0,0
27406,0.0,-4e-05,0.0,8e-05,0.0,0.0,-1e-05,0.0,0
27407,2e-05,0.0,2e-05,-2e-05,-2e-05,-1e-05,-1e-05,1e-05,0
27408,2e-05,0.0,2e-05,-2e-05,-2e-05,-1e-05,-1e-05,1e-05,0
27409,2e-05,0.0,2e-05,-2e-05,-2e-05,-1e-05,-1e-05,1e-05,0
27410,2e-05,0.0,2e-05,-2e-05,-2e-05,-1e-05,-1e-05,1e-05,0
27411,2e-05,0.0,2e-05,-2e-05,-2e-05,-1e-05,-1e-05,1e-05,0
27412,2e-05,0.0,2e-05,-2e-05,-2e-05,-1e-05,-1e-05,1e-05,0
27413,2e-05,0.0,2e-05,-2e-05,-2e-05,-1e-05,-1e-05,1e-05,0
27414,2e-05,0.0,2e-05,-2e-05,-2e-05,-1e-05,-1e-05,1e-05,0
27415,2e-05,0.0,2e-05,-2e-05,-2e-05,-1e-05,-1e-05,1e-05,0
27416,2e-05,0.0,2e-05,-2e-05,-2e-05,-1e-05,-1e-05,1e-05,0
27417,2e-05,0.0,2e-05,-2e-05,-2e-05,-1e-05,-1e-05,1e-05,0
27418,2e-05,0.0,2e-05,-2e-05,-2e-05,-1e-05,-1e-05,1e-05,0
27419,2e-05,0.0,2e-05,-2e-05,-2e-05,-1e-05,-1e-05,1e-05,0
27420,2e-05,0.0,2e-05,-2e-05,-2e-05,-1e-05,-1e-05,1e-05,0
27421,2e-05,0.0,2e-05,-2e-05,-2e-05,-1e-05,-1e-05,1e-05,0
27422,2e-05,0.0,2e-05,-2e-05,-2e-05,-1e-05,-1e-05,1e-05,0
27423,-5e-05,-7e-05,-0.00011,-0.00013,-3e-05,-1e-05,1e-05,-2e-05,0
27424,-3e-05,-2e-05,-2e-05,-6e-05,-3e-05,0.0,-1e-05,0.0,0
27425,-1e-05,-2e-05,0.0,2e-05,-1e-05,-2e-05,0.0,-2e-05,0
27426,-1e-05,-2e-05,0.0,2e-05,-1e-05,-2e-05,0.0,-2e-05,0
27427,-1e-05,-2e-05,0.0,2e-05,-1e-05,-2e-05,0.0,-2e-05,0
27428,-1e-05,-2e-05,0.0,2e-05,-1e-05,-2e-05,0.0,-2e-05,0
27429,-1e-05,-2e-05,0.0,2e-05,-1e-05,-2e-05,0.0,-2e-05,0
27430,-1e-05,-2e-05,0.0,2e-05,-1e-05,-2e-05,0.0,-2e-05,0
27431,-1e-05,-2e-05,0.0,2e-05,-1e-05,-2e-05,0.0,-2e-05,0
27432,-1e-05,-2e-05,0.0,2e-05,-1e-05,-2e-05,0.0,-2e-05,0
27433,-1e-05,-2e-05,0.0,2e-05,-1e-05,-2e-05,0.0,-2e-05,0
27434,-1e-05,-2e-05,0.0,2e-05,-1e-05,-2e-05,0.0,-2e-05,0
27435,-1e-05,-2e-05,0.0,2e-05,-1e-05,-2e-05,0.0,-2e-05,0
27436,-1e-05,-2e-05,0.0,2e-05,-1e-05,-2e-05,0.0,-2e-05,0
27438,-1e-05,-2e-05,0.0,2e-05,-1e-05,-2e-05,0.0,-2e-05,0
27439,-1e-05,-2e-05,0.0,2e-05,-1e-05,-2e-05,0.0,-2e-05,0
27440,-1e-05,-2e-05,0.0,2e-05,-1e-05,-2e-05,0.0,-2e-05,0
27441,-1e-05,-2e-05,0.0,2e-05,-1e-05,-2e-05,0.0,-2e-05,0
27442,-1e-05,-2e-05,0.0,2e-05,-1e-05,-2e-05,0.0,-2e-05,0
27443,-1e-05,-2e-05,0.0,2e-05,-1e-05,-2e-05,0.0,-2e-05,0
27444,-1e-05,-2e-05,0.0,2e-05,-1e-05,-2e-05,0.0,-2e-05,0
27445,0.0,1e-05,-1e-05,-4e-05,-2e-05,-1e-05,-1e-05,-2e-05,0
27446,3e-05,4e-05,6e-05,0.00013,4e-05,-2e-05,-1e-05,0.0,0
27447,-2e-05,-2e-05,-6e-05,-3e-05,-3e-05,-2e-05,0.0,-3e-05,0
27448,-2e-05,-2e-05,-6e-05,-3e-05,-3e-05,-2e-05,0.0,-3e-05,0
27449,-2e-05,-2e-05,-6e-05,-3e-05,-3e-05,-2e-05,0.0,-3e-05,0
27450,-2e-05,-2e-05,-6e-05,-3e-05,-3e-05,-2e-05,0.0,-3e-05,0
27451,-2e-05,-2e-05,-6e-05,-3e-05,-3e-05,-2e-05,0.0,-3e-05,0
27452,-2e-05,-2e-05,-6e-05,-3e-05,-3e-05,-2e-05,0.0,-3e-05,0
27453,-2e-05,-2e-05,-6e-05,-3e-05,-3e-05,-2e-05,0.0,-3e-05,0
27454,-2e-05,-2e-05,-6e-05,-3e-05,-3e-05,-2e-05,0.0,-3e-05,0
27455,-2e-05,-2e-05,-6e-05,-3e-05,-3e-05,-2e-05,0.0,-3e-05,0
27456,-2e-05,-2e-05,-6e-05,-3e-05,-3e-05,-2e-05,0.0,-3e-05,0
27457,-2e-05,-2e-05,-6e-05,-3e-05,-3e-05,-2e-05,0.0,-3e-05,0
27458,-2e-05,-2e-05,-6e-05,-3e-05,-3e-05,-2e-05,0.0,-3e-05,0
27459,-2e-05,-2e-05,-6e-05,-3e-05,-3e-05,-2e-05,0.0,-3e-05,0
27460,-2e-05,-2e-05,-6e-05,-3e-05,-3e-05,-2e-05,0.0,-3e-05,0
27461,-2e-05,-2e-05,-6e-05,-3e-05,-3e-05,-2e-05,0.0,-3e-05,0
27462,-2e-05,-2e-05,-6e-05,-3e-05,-3e-05,-2e-05,0.0,-3e-05,0
27463,-2e-05,-2e-05,-6e-05,-3e-05,-3e-05,-2e-05,0.0,-3e-05,0
27464,-2e-05,-2e-05,-6e-05,-3e-05,-3e-05,-2e-05,0.0,-3e-05,0
27465,-2e-05,-2e-05,-6e-05,-3e-05,-3e-05,-2e-05,0.0,-3e-05,0
27466,-2e-05,-2e-05,-6e-05,-3e-05,-3e-05,-2e-05,0.0,-3e-05,0
27467,-2e-05,-2e-05,-6e-05,-3e-05,-3e-05,-2e-05,0.0,-3e-05,0
27468,1e-05,0.0,3e-05,7e-05,1e-05,1e-05,-2e-05,-1e-05,0
27469,-2e-05,-3e-05,-3e-05,-7e-05,-3e-05,-2e-05,1e-05,-1e-05,0
27470,-1e-05,2e-05,4e-05,0.00012,0.0,-1e-05,-1e-05,0.0,0
27471,-1e-05,2e-05,4e-05,0.00012,0.0,-1e-05,-1e-05,0.0,0
27472,-1e-05,2e-05,4e-05,0.00012,0.0,-1e-05,-1e-05,0.0,0
27473,-1e-05,2e-05,4e-05,0.00012,0.0,-1e-05,-1e-05,0.0,0
27474,-1e-05,2e-05,4e-05,0.00012,0.0,-1e-05,-1e-05,0.0,0
27475,-1e-05,2e-05,4e-05,0.00012,0.0,-1e-05,-1e-05,0.0,0
27476,-1e-05,2e-05,4e-05,0.00012,0.0,-1e-05,-1e-05,0.0,0
27477,-1e-05,2e-05,4e-05,0.00012,0.0,-1e-05,-1e-05,0.0,0
27478,-1e-05,2e-05,4e-05,0.00012,0.0,-1e-05,-1e-05,0.0,0
27479,-1e-05,2e-05,4e-05,0.00012,0.0,-1e-05,-1e-05,0.0,0
27480,-1e-05,2e-05,4e-05,0.00012,0.0,-1e-05,-1e-05,0.0,0
27481,-1e-05,2e-05,4e-05,0.00012,0.0,-1e-05,-1e-05,0.0,0
27482,-1e-05,2e-05,4e-05,0.00012,0.0,-1e-05,-1e-05,0.0,0
27483,1e-05,0.0,-2e-05,-6e-05,-2e-05,1e-05,0.0,-1e-05,0
27484,1e-05,0.0,-2e-05,-6e-05,-2e-05,1e-05,0.0,-1e-05,0
27485,-2e-05,-1e-05,0.0,-5e-05,0.0,-3e-05,-2e-05,-2e-05,0
27486,-2e-05,-1e-05,0.0,-5e-05,0.0,-3e-05,-2e-05,-2e-05,0
27488,-2e-05,-1e-05,0.0,-5e-05,0.0,-3e-05,-2e-05,-2e-05,0
27489,-2e-05,-1e-05,0.0,-5e-05,0.0,-3e-05,-2e-05,-2e-05,0
27490,-2e-05,-1e-05,0.0,-5e-05,0.0,-3e-05,-2e-05,-2e-05,0
27491,-2e-05,-1e-05,0.0,-5e-05,0.0,-3e-05,-2e-05,-2e-05,0
27492,-2e-05,-1e-05,0.0,-5e-05,0.0,-3e-05,-2e-05,-2e-05,0
27493,-2e-05,-1e-05,0.0,-5e-05,0.0,-3e-05,-2e-05,-2e-05,0
27494,-2e-05,-1e-05,0.0,-5e-05,0.0,-3e-05,-2e-05,-2e-05,0
27495,-2e-05,-1e-05,0.0,-5e-05,0.0,-3e-05,-2e-05,-2e-05,0
27496,-2e-05,-1e-05,0.0,-5e-05,0.0,-3e-05,-2e-05,-2e-05,0
27497,-2e-05,-1e-05,0.0,-5e-05,0.0,-3e-05,-2e-05,-2e-05,0
27498,-2e-05,-1e-05,0.0,-5e-05,0.0,-3e-05,-2e-05,-2e-05,0
27499,-2e-05,-1e-05,0.0,-5e-05,0.0,-3e-05,-2e-05,-2e-05,0
27500,-2e-05,-1e-05,0.0,-5e-05,0.0,-3e-05,-2e-05,-2e-05,0
27501,-2e-05,-1e-05,0.0,-5e-05,0.0,-3e-05,-2e-05,-2e-05,0
27502,-2e-05,-1e-05,0.0,-5e-05,0.0,-3e-05,-2e-05,-2e-05,0
27503,-2e-05,-1e-05,0.0,-5e-05,0.0,-3e-05,-2e-05,-2e-05,0
27504,-2e-05,-1e-05,0.0,-5e-05,0.0,-3e-05,-2e-05,-2e-05,0
27505,-1e-05,-7e-05,-5e-05,0.0,-3e-05,-2e-05,-2e-05,0.0,0
27506,-1e-05,0.0,2e-05,2e-05,1e-05,-1e-05,-3e-05,-1e-05,0
27507,-1e-05,-2e-05,-2e-05,-2e-05,-2e-05,0.0,0.0,-1e-05,0
27508,-1e-05,-2e-05,-2e-05,-2e-05,-2e-05,0.0,0.0,-1e-05,0
27509,-1e-05,-2e-05,-2e-05,-2e-05,-2e-05,0.0,0.0,-1e-05,0
27510,-1e-05,-2e-05,-2e-05,-2e-05,-2e-05,0.0,0.0,-1e-05,0
27511,-1e-05,-2e-05,-2e-05,-2e-05,-2e-05,0.0,0.0,-1e-05,0
27512,-1e-05,-2e-05,-2e-05,-2e-05,-2e-05,0.0,0.0,-1e-05,0
27513,-1e-05,-2e-05,-2e-05,-2e-05,-2e-05,0.0,0.0,-1e-05,0
27514,-1e-05,-2e-05,-2e-05,-2e-05,-2e-05,0.0,0.0,-1e-05,0
27515,-1e-05,-2e-05,-2e-05,-2e-05,-2e-05,0.0,0.0,-1e-05,0
27516,-1e-05,-2e-05,-2e-05,-2e-05,-2e-05,0.0,0.0,-1e-05,0
27517,-1e-05,-2e-05,-2e-05,-2e-05,-2e-05,0.0,0.0,-1e-05,0
27518,-1e-05,-2e-05,-2e-05,-2e-05,-2e-05,0.0,0.0,-1e-05,0
27519,-1e-05,-2e-05,-2e-05,-2e-05,-2e-05,0.0,0.0,-1e-05,0
27520,-1e-05,-2e-05,-2e-05,-2e-05,-2e-05,0.0,0.0,-1e-05,0
27521,-1e-05,-2e-05,-2e-05,-2e-05,-2e-05,0.0,0.0,-1e-05,0
27522,-1e-05,-2e-05,-2e-05,-2e-05,-2e-05,0.0,0.0,-1e-05,0
27523,-1e-05,-2e-05,-2e-05,-2e-05,-2e-05,0.0,0.0,-1e-05,0
27524,-1e-05,-2e-05,-2e-05,-2e-05,-2e-05,0.0,0.0,-1e-05,0
27525,-1e-05,-2e-05,-2e-05,-2e-05,-2e-05,0.0,0.0,-1e-05,0
27526,-1e-05,-2e-05,-2e-05,-2e-05,-2e-05,0.0,0.0,-1e-05,0
27527,-1e-05,-2e-05,-2e-05,-2e-05,-2e-05,0.0,0.0,-1e-05,0
27528,0.0,-1e-05,0.0,0.0,1e-05,-1e-05,0.0,-1e-05,0
27529,0.0,-1e-05,0.0,0.0,1e-05,-1e-05,0.0,-1e-05,0
27530,1e-05,-1e-05,-2e-05,1e-05,1e-05,-2e-05,-2e-05,-1e-05,0
27531,1e-05,-1e-05,-2e-05,1e-05,1e-05,-2e-05,-2e-05,-1e-05,0
27532,1e-05,-1e-05,-2e-05,1e-05,1e-05,-2e-05,-2e-05,-1e-05,0
27533,1e-05,-1e-05,-2e-05,1e-05,1e-05,-2e-05,-2e-05,-1e-05,0
27534,1e-05,-1e-05,-2e-05,1e-05,1e-05,-2e-05,-2e-05,-1e-05,0
27535,1e-05,-1e-05,-2e-05,1e-05,1e-05,-2e-05,-2e-05,-1e-05,0
27536,1e-05,-1e-05,-2e-05,1e-05,1e-05,-2e-05,-2e-05,-1e-05,0
27538,1e-05,-1e-05,-2e-05,1e-05,1e-05,-2e-05,-2e-05,-1e-05,0
27539,1e-05,-1e-05,-2e-05,1e-05,1e-05,-2e-05,-2e-05,-1e-05,0
27540,1e-05,-1e-05,-2e-05,1e-05,1e-05,-2e-05,-2e-05,-1e-05,0
27541,1e-05,-1e-05,-2e-05,1e-05,1e-05,-2e-05,-2e-05,-1e-05,0
27542,1e-05,-1e-05,-2e-05,1e-05,1e-05,-2e-05,-2e-05,-1e-05,0
27543,-1e-05,-1e-05,0.0,-6e-05,-4e-05,2e-05,0.0,1e-05,0
27544,-1e-05,-1e-05,0.0,-6e-05,-4e-05,2e-05,0.0,1e-05,0
27545,0.0,1e-05,2e-05,2e-05,8e-05,-2e-05,-2e-05,0.0,0
27546,0.0,1e-05,2e-05,2e-05,8e-05,-2e-05,-2e-05,0.0,0
27547,0.0,1e-05,2e-05,2e-05,8e-05,-2e-05,-2e-05,0.0,0
27548,0.0,1e-05,2e-05,2e-05,8e-05,-2e-05,-2e-05,0.0,0
27549,0.0,1e-05,2e-05,2e-05,8e-05,-2e-05,-2e-05,0.0,0
27550,0.0,1e-05,2e-05,2e-05,8e-05,-2e-05,-2e-05,0.0,0
27551,0.0,1e-05,2e-05,2e-05,8e-05,-2e-05,-2e-05,0.0,0
27552,0.0,1e-05,2e-05,2e-05,8e-05,-2e-05,-2e-05,0.0,0
27553,0.0,1e-05,2e-05,2e-05,8e-05,-2e-05,-2e-05,0.0,0
27554,0.0,1e-05,2e-05,2e-05,8e-05,-2e-05,-2e-05,0.0,0
27555,0.0,1e-05,2e-05,2e-05,8e-05,-2e-05,-2e-05,0.0,0
27556,0.0,1e-05,2e-05,2e-05,8e-05,-2e-05,-2e-05,0.0,0
27557,0.0,1e-05,2e-05,2e-05,8e-05,-2e-05,-2e-05,0.0,0
27558,0.0,1e-05,2e-05,2e-05,8e-05,-2e-05,-2e-05,0.0,0
27559,0.0,1e-05,2e-05,2e-05,8e-05,-2e-05,-2e-05,0.0,0
27560,0.0,1e-05,2e-05,2e-05,8e-05,-2e-05,-2e-05,0.0,0
27561,0.0,1e-05,2e-05,2e-05,8e-05,-2e-05,-2e-05,0.0,0
27562,0.0,1e-05,2e-05,2e-05,8e-05,-2e-05,-2e-05,0.0,0
27563,0.0,1e-05,2e-05,2e-05,8e-05,-2e-05,-2e-05,0.0,0
27564,0.0,1e-05,2e-05,2e-05,8e-05,-2e-05,-2e-05,0.0,0
27565,1e-05,1e-05,2e-05,3e-05,2e-05,-1e-05,-2e-05,0.0,0
27566,-1e-05,-2e-05,0.0,0.0,-2e-05,-2e-05,0.0,0.0,0
27567,-4e-05,-5e-05,-8e-05,-5e-05,-7e-05,2e-05,1e-05,0.0,0
27568,-4e-05,-5e-05,-8e-05,-5e-05,-7e-05,2e-05,1e-05,0.0,0
27569,-4e-05,-5e-05,-8e-05,-5e-05,-7e-05,2e-05,1e-05,0.0,0
27570,-4e-05,-5e-05,-8e-05,-5e-05,-7e-05,2e-05,1e-05,0.0,0
27571,-4e-05,-5e-05,-8e-05,-5e-05,-7e-05,2e-05,1e-05,0.0,0
27572,-4e-05,-5e-05,-8e-05,-5e-05,-7e-05,2e-05,1e-05,0.0,0
27573,-4e-05,-5e-05,-8e-05,-5e-05,-7e-05,2e-05,1e-05,0.0,0
27574,-4e-05,-5e-05,-8e-05,-5e-05,-7e-05,2e-05,1e-05,0.0,0
27575,-4e-05,-5e-05,-8e-05,-5e-05,-7e-05,2e-05,1e-05,0.0,0
27576,-4e-05,-5e-05,-8e-05,-5e-05,-7e-05,2e-05,1e-05,0.0,0
27577,-4e-05,-5e-05,-8e-05,-5e-05,-7e-05,2e-05,1e-05,0.0,0
27578,-4e-05,-5e-05,-8e-05,-5e-05,-7e-05,2e-05,1e-05,0.0,0
27579,-4e-05,-5e-05,-8e-05,-5e-05,-7e-05,2e-05,1e-05,0.0,0
27580,-4e-05,-5e-05,-8e-05,-5e-05,-7e-05,2e-05,1e-05,0.0,0
27581,-4e-05,-5e-05,-8e-05,-5e-05,-7e-05,2e-05,1e-05,0.0,0
27582,-4e-05,-5e-05,-8e-05,-5e-05,-7e-05,2e-05,1e-05,0.0,0
27583,-4e-05,-5e-05,-8e-05,-5e-05,-7e-05,2e-05,1e-05,0.0,0
27584,-4e-05,-5e-05,-8e-05,-5e-05,-7e-05,2e-05,1e-05,0.0,0
27585,-4e-05,-5e-05,-8e-05,-5e-05,-7e-05,2e-05,1e-05,0.0,0
27586,-4e-05,-5e-05,-8e-05,-5e-05,-7e-05,2e-05,1e-05,0.0,0
27588,0.0,-1e-05,0.0,-2e-05,-1e-05,-2e-05,-1e-05,-1e-05,0
27589,0.0,-1e-05,0.0,-2e-05,-1e-05,-2e-05,-1e-05,-1e-05,0
27590,1e-05,2e-05,3e-05,1e-05,-2e-05,-1e-05,1e-05,0.0,0
27591,1e-05,2e-05,3e-05,1e-05,-2e-05,-1e-05,1e-05,0.0,0
27592,1e-05,2e-05,3e-05,1e-05,-2e-05,-1e-05,1e-05,0.0,0
27593,1e-05,2e-05,3e-05,1e-05,-2e-05,-1e-05,1e-05,0.0,0
27594,1e-05,2e-05,3e-05,1e-05,-2e-05,-1e-05,1e-05,0.0,0
27595,1e-05,2e-05,3e-05,1e-05,-2e-05,-1e-05,1e-05,0.0,0
27596,1e-05,2e-05,3e-05,1e-05,-2e-05,-1e-05,1e-05,0.0,0
27597,1e-05,2e-05,3e-05,1e-05,-2e-05,-1e-05,1e-05,0.0,0
27598,1e-05,2e-05,3e-05,1e-05,-2e-05,-1e-05,1e-05,0.0,0
27599,1e-05,2e-05,3e-05,1e-05,-2e-05,-1e-05,1e-05,0.0,0
27600,1e-05,2e-05,3e-05,1e-05,-2e-05,-1e-05,1e-05,0.0,0
27602,1e-05,2e-05,3e-05,1e-05,-2e-05,-1e-05,1e-05,0.0,0
27603,-2e-05,-6e-05,-6e-05,-3e-05,-4e-05,-2e-05,1e-05,2e-05,0
27604,-2e-05,-6e-05,-6e-05,-3e-05,-4e-05,-2e-05,1e-05,2e-05,0
27605,-2e-05,-6e-05,-6e-05,-3e-05,-4e-05,-2e-05,1e-05,2e-05,0
27606,-2e-05,-6e-05,-6e-05,-3e-05,-4e-05,-2e-05,1e-05,2e-05,0
27607,-2e-05,-6e-05,-6e-05,-3e-05,-4e-05,-2e-05,1e-05,2e-05,0
27608,-2e-05,-6e-05,-6e-05,-3e-05,-4e-05,-2e-05,1e-05,2e-05,0
27609,-2e-05,-6e-05,-6e-05,-3e-05,-4e-05,-2e-05,1e-05,2e-05,0
27610,-2e-05,-6e-05,-6e-05,-3e-05,-4e-05,-2e-05,1e-05,2e-05,0
27611,-3e-05,0.0,0.0,-3e-05,-4e-05,5e-05,-2e-05,-4e-05,0
27612,-3e-05,0.0,0.0,-3e-05,-4e-05,5e-05,-2e-05,-4e-05,0
27613,-3e-05,0.0,0.0,-3e-05,-4e-05,5e-05,-2e-05,-4e-05,0
27614,-3e-05,0.0,0.0,-3e-05,-4e-05,5e-05,-2e-05,-4e-05,0
27615,-3e-05,0.0,0.0,-3e-05,-4e-05,5e-05,-2e-05,-4e-05,0
27616,-3e-05,0.0,0.0,-3e-05,-4e-05,5e-05,-2e-05,-4e-05,0
27617,-3e-05,0.0,0.0,-3e-05,-4e-05,5e-05,-2e-05,-4e-05,0
27618,-3e-05,0.0,0.0,-3e-05,-4e-05,5e-05,-2e-05,-4e-05,0
27619,-3e-05,0.0,0.0,-3e-05,-4e-05,5e-05,-2e-05,-4e-05,0
27620,-3e-05,0.0,0.0,-3e-05,-4e-05,5e-05,-2e-05,-4e-05,0
27621,-3e-05,0.0,0.0,-3e-05,-4e-05,5e-05,-2e-05,-4e-05,0
27622,-3e-05,0.0,0.0,-3e-05,-4e-05,5e-05,-2e-05,-4e-05,0
27623,-3e-05,0.0,0.0,-3e-05,-4e-05,5e-05,-2e-05,-4e-05,0
27624,-3e-05,0.0,0.0,-3e-05,-4e-05,5e-05,-2e-05,-4e-05,0
27625,-3e-05,0.0,0.0,-3e-05,-4e-05,5e-05,-2e-05,-4e-05,0
27626,0.0,3e-05,0.0,1e-05,-6e-05,-1e-05,-1e-05,-1e-05,0
27627,-1e-05,-1e-05,-3e-05,-4e-05,-3e-05,-0.00019,-4e-05,1e-05,0
27628,-2e-05,-3e-05,-2e-05,-2e-05,-0.00025,0.00036,6e-05,-1e-05,0
27629,-2e-05,-3e-05,-2e-05,-2e-05,-0.00025,0.00036,6e-05,-1e-05,0
27630,-2e-05,-3e-05,-2e-05,-2e-05,-0.00025,0.00036,6e-05,-1e-05,0
27631,-2e-05,-3e-05,-2e-05,-2e-05,-0.00025,0.00036,6e-05,-1e-05,0
27632,-2e-05,-3e-05,-2e-05,-2e-05,-0.00025,0.00036,6e-05,-1e-05,0
27633,-2e-05,-3e-05,-2e-05,-2e-05,-0.00025,0.00036,6e-05,-1e-05,0
27634,-2e-05,-3e-05,-2e-05,-2e-05,-0.00025,0.00036,6e-05,-1e-05,0
27635,-2e-05,-3e-05,-2e-05,-2e-05,-0.00025,0.00036,6e-05,-1e-05,0
27636,-2e-05,-3e-05,-2e-05,-2e-05,-0.00025,0.00036,6e-05,-1e-05,0
27638,-2e-05,-3e-05,-2e-05,-2e-05,-0.00025,0.00036,6e-05,-1e-05,0
27639,-2e-05,-3e-05,-2e-05,-2e-05,-0.00025,0.00036,6e-05,-1e-05,0
27640,-2e-05,-3e-05,-2e-05,-2e-05,-0.00025,0.00036,6e-05,-1e-05,0
27641,-2e-05,-3e-05,-2e-05,-2e-05,-0.00025,0.00036,6e-05,-1e-05,0
27642,-2e-05,-3e-05,-2e-05,-2e-05,-0.00025,0.00036,6e-05,-1e-05,0
27643,-2e-05,-3e-05,-2e-05,-2e-05,-0.00025,0.00036,6e-05,-1e-05,0
27644,-2e-05,-3e-05,-2e-05,-2e-05,-0.00025,0.00036,6e-05,-1e-05,0
27645,-2e-05,-3e-05,-2e-05,-2e-05,-0.00025,0.00036,6e-05,-1e-05,0
27646,-2e-05,-3e-05,-2e-05,-2e-05,-0.00025,0.00036,6e-05,-1e-05,0
27647,-2e-05,-3e-05,-2e-05,-2e-05,-0.00025,0.00036,6e-05,-1e-05,0
27648,1e-05,4e-05,7e-05,0.00011,8e-05,0.00014,-3e-05,-0.0003,0
27649,1e-05,4e-05,7e-05,0.00011,8e-05,0.00014,-3e-05,-0.0003,0
27650,-3e-05,-4e-05,-3e-05,-1e-05,-0.0001,7e-05,0.00011,-9e-05,0
27651,-3e-05,-4e-05,-3e-05,-1e-05,-0.0001,7e-05,0.00011,-9e-05,0
27652,-3e-05,-4e-05,-3e-05,-1e-05,-0.0001,7e-05,0.00011,-9e-05,0
27653,-3e-05,-4e-05,-3e-05,-1e-05,-0.0001,7e-05,0.00011,-9e-05,0
27654,-3e-05,-4e-05,-3e-05,-1e-05,-0.0001,7e-05,0.00011,-9e-05,0
27655,-3e-05,-4e-05,-3e-05,-1e-05,-0.0001,7e-05,0.00011,-9e-05,0
27656,-3e-05,-4e-05,-3e-05,-1e-05,-0.0001,7e-05,0.00011,-9e-05,0
27657,-3e-05,-4e-05,-3e-05,-1e-05,-0.0001,7e-05,0.00011,-9e-05,0
27658,-3e-05,-4e-05,-3e-05,-1e-05,-0.0001,7e-05,0.00011,-9e-05,0
27659,-3e-05,-4e-05,-3e-05,-1e-05,-0.0001,7e-05,0.00011,-9e-05,0
27660,-3e-05,-4e-05,-3e-05,-1e-05,-0.0001,7e-05,0.00011,-9e-05,0
27661,-3e-05,-4e-05,-3e-05,-1e-05,-0.0001,7e-05,0.00011,-9e-05,0
27662,-3e-05,-4e-05,-3e-05,-1e-05,-0.0001,7e-05,0.00011,-9e-05,0
27663,-2e-05,-5e-05,-5e-05,-3e-05,3e-05,-0.0001,9e-05,0.00034,0
27664,-2e-05,-5e-05,-5e-05,-3e-05,3e-05,-0.0001,9e-05,0.00034,0
27665,7e-05,-1e-05,-2e-05,-3e-05,0.00011,-0.00027,-0.00011,9e-05,0
27666,7e-05,-1e-05,-2e-05,-3e-05,0.00011,-0.00027,-0.00011,9e-05,0
27667,7e-05,-1e-05,-2e-05,-3e-05,0.00011,-0.00027,-0.00011,9e-05,0
27668,7e-05,-1e-05,-2e-05,-3e-05,0.00011,-0.00027,-0.00011,9e-05,0
27669,7e-05,-1e-05,-2e-05,-3e-05,0.00011,-0.00027,-0.00011,9e-05,0
27670,7e-05,-1e-05,-2e-05,-3e-05,0.00011,-0.00027,-0.00011,9e-05,0
27671,7e-05,-1e-05,-2e-05,-3e-05,0.00011,-0.00027,-0.00011,9e-05,0
27672,7e-05,-1e-05,-2e-05,-3e-05,0.00011,-0.00027,-0.00011,9e-05,0
27673,7e-05,-1e-05,-2e-05,-3e-05,0.00011,-0.00027,-0.00011,9e-05,0
27674,7e-05,-1e-05,-2e-05,-3e-05,0.00011,-0.00027,-0.00011,9e-05,0
27675,7e-05,-1e-05,-2e-05,-3e-05,0.00011,-0.00027,-0.00011,9e-05,0
27676,7e-05,-1e-05,-2e-05,-3e-05,0.00011,-0.00027,-0.00011,9e-05,0
27677,7e-05,-1e-05,-2e-05,-3e-05,0.00011,-0.00027,-0.00011,9e-05,0
27678,7e-05,-1e-05,-2e-05,-3e-05,0.00011,-0.00027,-0.00011,9e-05,0
27679,7e-05,-1e-05,-2e-05,-3e-05,0.00011,-0.00027,-0.00011,9e-05,0
27680,7e-05,-1e-05,-2e-05,-3e-05,0.00011,-0.00027,-0.00011,9e-05,0
27681,7e-05,-1e-05,-2e-05,-3e-05,0.00011,-0.00027,-0.00011,9e-05,0
27682,7e-05,-1e-05,-2e-05,-3e-05,0.00011,-0.00027,-0.00011,9e-05,0
27683,7e-05,-1e-05,-2e-05,-3e-05,0.00011,-0.00027,-0.00011,9e-05,0
27684,-5e-05,-2e-05,0.0,6e-05,-9e-05,0.00015,5e-05,-0.00023,0
27685,-2e-05,0.0,0.0,-3e-05,-0.00014,6e-05,-2e-05,0.00019,0
27686,-2e-05,0.0,0.0,-3e-05,-0.00014,6e-05,-2e-05,0.00019,0
27688,-2e-05,0.0,0.0,-3e-05,-0.00014,6e-05,-2e-05,0.00019,0
27689,-2e-05,0.0,0.0,-3e-05,-0.00014,6e-05,-2e-05,0.00019,0
27690,-2e-05,0.0,0.0,-3e-05,-0.00014,6e-05,-2e-05,0.00019,0
27691,-2e-05,0.0,0.0,-3e-05,-0.00014,6e-05,-2e-05,0.00019,0
27692,-2e-05,0.0,0.0,-3e-05,-0.00014,6e-05,-2e-05,0.00019,0
27693,-8e-05,-2e-05,1e-05,-4e-05,-0.00014,0.00023,-8e-05,2e-05,0
27694,-8e-05,-2e-05,1e-05,-4e-05,-0.00014,0.00023,-8e-05,2e-05,0
27695,-8e-05,-2e-05,1e-05,-4e-05,-0.00014,0.00023,-8e-05,2e-05,0
27696,-8e-05,-2e-05,1e-05,-4e-05,-0.00014,0.00023,-8e-05,2e-05,0
27697,-8e-05,-2e-05,1e-05,-4e-05,-0.00014,0.00023,-8e-05,2e-05,0
27698,-8e-05,-2e-05,1e-05,-4e-05,-0.00014,0.00023,-8e-05,2e-05,0
27699,7e-05,4e-05,5e-05,6e-05,-9e-05,0.0002,0.00019,0.00051,0
27700,7e-05,4e-05,5e-05,6e-05,-9e-05,0.0002,0.00019,0.00051,0
27701,7e-05,4e-05,5e-05,6e-05,-9e-05,0.0002,0.00019,0.00051,0
27702,7e-05,4e-05,5e-05,6e-05,-9e-05,0.0002,0.00019,0.00051,0
27703,7e-05,4e-05,5e-05,6e-05,-9e-05,0.0002,0.00019,0.00051,0
27704,7e-05,4e-05,5e-05,6e-05,-9e-05,0.0002,0.00019,0.00051,0
27705,7e-05,4e-05,5e-05,6e-05,-9e-05,0.0002,0.00019,0.00051,0
27706,7e-05,4e-05,5e-05,6e-05,-9e-05,0.0002,0.00019,0.00051,0
27707,7e-05,4e-05,5e-05,6e-05,-9e-05,0.0002,0.00019,0.00051,0
27708,1e-05,1e-05,-1e-05,5e-05,0.00017,-8e-05,-2e-05,8e-05,0
27709,1e-05,1e-05,-1e-05,5e-05,0.00017,-8e-05,-2e-05,8e-05,0
27710,1e-05,1e-05,-1e-05,5e-05,0.00017,-8e-05,-2e-05,8e-05,0
27711,1e-05,1e-05,-1e-05,5e-05,0.00017,-8e-05,-2e-05,8e-05,0
27712,1e-05,1e-05,-1e-05,5e-05,0.00017,-8e-05,-2e-05,8e-05,0
27713,1e-05,1e-05,-1e-05,5e-05,0.00017,-8e-05,-2e-05,8e-05,0
27714,1e-05,1e-05,-1e-05,5e-05,0.00017,-8e-05,-2e-05,8e-05,0
27715,1e-05,1e-05,-1e-05,5e-05,0.00017,-8e-05,-2e-05,8e-05,0
27716,1e-05,1e-05,-1e-05,5e-05,0.00017,-8e-05,-2e-05,8e-05,0
27717,1e-05,1e-05,-1e-05,5e-05,0.00017,-8e-05,-2e-05,8e-05,0
27718,1e-05,1e-05,-1e-05,5e-05,0.00017,-8e-05,-2e-05,8e-05,0
27719,1e-05,1e-05,-1e-05,5e-05,0.00017,-8e-05,-2e-05,8e-05,0
27720,1e-05,1e-05,-1e-05,5e-05,0.00017,-8e-05,-2e-05,8e-05,0
27721,1e-05,1e-05,-1e-05,5e-05,0.00017,-8e-05,-2e-05,8e-05,0
27722,1e-05,1e-05,-1e-05,5e-05,0.00017,-8e-05,-2e-05,8e-05,0
27723,-4e-05,-2e-05,-2e-05,2e-05,0.00015,0.00069,6e-05,-0.00016,0
27724,-4e-05,-2e-05,-2e-05,2e-05,0.00015,0.00069,6e-05,-0.00016,0
27725,1e-05,-3e-05,-5e-05,-0.0001,-0.00046,-1e-05,-0.00019,-0.00018,0
27726,1e-05,-3e-05,-5e-05,-0.0001,-0.00046,-1e-05,-0.00019,-0.00018,0
27727,1e-05,-3e-05,-5e-05,-0.0001,-0.00046,-1e-05,-0.00019,-0.00018,0
27728,1e-05,-3e-05,-5e-05,-0.0001,-0.00046,-1e-05,-0.00019,-0.00018,0
27729,1e-05,-3e-05,-5e-05,-0.0001,-0.00046,-1e-05,-0.00019,-0.00018,0
27730,1e-05,-3e-05,-5e-05,-0.0001,-0.00046,-1e-05,-0.00019,-0.00018,0
27731,1e-05,-3e-05,-5e-05,-0.0001,-0.00046,-1e-05,-0.00019,-0.00018,0
27732,1e-05,-3e-05,-5e-05,-0.0001,-0.00046,-1e-05,-0.00019,-0.00018,0
27733,1e-05,-3e-05,-5e-05,-0.0001,-0.00046,-1e-05,-0.00019,-0.00018,0
27734,1e-05,-3e-05,-5e-05,-0.0001,-0.00046,-1e-05,-0.00019,-0.00018,0
27735,1e-05,-3e-05,-5e-05,-0.0001,-0.00046,-1e-05,-0.00019,-0.00018,0
27736,1e-05,-3e-05,-5e-05,-0.0001,-0.00046,-1e-05,-0.00019,-0.00018,0
27738,1e-05,-3e-05,-5e-05,-0.0001,-0.00046,-1e-05,-0.00019,-0.00018,0
27739,1e-05,-3e-05,-5e-05,-0.0001,-0.00046,-1e-05,-0.00019,-0.00018,0
27740,1e-05,-3e-05,-5e-05,-0.0001,-0.00046,-1e-05,-0.00019,-0.00018,0
27741,1e-05,-3e-05,-5e-05,-0.0001,-0.00046,-1e-05,-0.00019,-0.00018,0
27742,1e-05,-3e-05,-5e-05,-0.0001,-0.00046,-1e-05,-0.00019,-0.00018,0
27743,1e-05,-3e-05,-5e-05,-0.0001,-0.00046,-1e-05,-0.00019,-0.00018,0
27744,1e-05,-3e-05,-5e-05,-0.0001,-0.00046,-1e-05,-0.00019,-0.00018,0
27745,5e-05,0.0001,0.00015,0.00023,0.00043,-0.0002,0.00037,-1e-05,0
27746,1e-05,-4e-05,-8e-05,-0.00013,-0.00016,-0.00028,-0.00017,0.0001,0
27747,-3e-05,0.0,-2e-05,-0.00011,-0.00036,-0.00072,-0.00014,-0.00081,0
27748,-3e-05,0.0,-2e-05,-0.00011,-0.00036,-0.00072,-0.00014,-0.00081,0
27749,-3e-05,0.0,-2e-05,-0.00011,-0.00036,-0.00072,-0.00014,-0.00081,0
27750,-3e-05,0.0,-2e-05,-0.00011,-0.00036,-0.00072,-0.00014,-0.00081,0
27751,-3e-05,0.0,-2e-05,-0.00011,-0.00036,-0.00072,-0.00014,-0.00081,0
27752,-3e-05,0.0,-2e-05,-0.00011,-0.00036,-0.00072,-0.00014,-0.00081,0
27754,-3e-05,0.0,-2e-05,-0.00011,-0.00036,-0.00072,-0.00014,-0.00081,0
27755,-3e-05,0.0,-2e-05,-0.00011,-0.00036,-0.00072,-0.00014,-0.00081,0
27756,-3e-05,0.0,-2e-05,-0.00011,-0.00036,-0.00072,-0.00014,-0.00081,0
27757,-3e-05,0.0,-2e-05,-0.00011,-0.00036,-0.00072,-0.00014,-0.00081,0
27758,-3e-05,0.0,-2e-05,-0.00011,-0.00036,-0.00072,-0.00014,-0.00081,0
27759,-4e-05,-3e-05,-3e-05,-0.0001,-6e-05,-0.00038,-0.00014,-0.00076,0
27760,-4e-05,-3e-05,-3e-05,-0.0001,-6e-05,-0.00038,-0.00014,-0.00076,0
27761,-4e-05,-3e-05,-3e-05,-0.0001,-6e-05,-0.00038,-0.00014,-0.00076,0
27762,-4e-05,-3e-05,-3e-05,-0.0001,-6e-05,-0.00038,-0.00014,-0.00076,0
27763,-4e-05,-3e-05,-3e-05,-0.0001,-6e-05,-0.00038,-0.00014,-0.00076,0
27764,-4e-05,-3e-05,-3e-05,-0.0001,-6e-05,-0.00038,-0.00014,-0.00076,0
27765,-4e-05,-3e-05,-3e-05,-0.0001,-6e-05,-0.00038,-0.00014,-0.00076,0
27766,-4e-05,-3e-05,-3e-05,-0.0001,-6e-05,-0.00038,-0.00014,-0.00076,0
27767,-7e-05,-3e-05,1e-05,-2e-05,-0.00011,0.00039,0.0001,-0.0004,0
27769,6e-05,4e-05,8e-05,0.00012,0.00023,0.0002,0.00033,0.00097,0
27770,6e-05,4e-05,8e-05,0.00012,0.00023,0.0002,0.00033,0.00097,0
27771,6e-05,4e-05,8e-05,0.00012,0.00023,0.0002,0.00033,0.00097,0
27772,6e-05,4e-05,8e-05,0.00012,0.00023,0.0002,0.00033,0.00097,0
27773,6e-05,4e-05,8e-05,0.00012,0.00023,0.0002,0.00033,0.00097,0
27774,6e-05,4e-05,8e-05,0.00012,0.00023,0.0002,0.00033,0.00097,0
27775,6e-05,4e-05,8e-05,0.00012,0.00023,0.0002,0.00033,0.00097,0
27776,6e-05,4e-05,8e-05,0.00012,0.00023,0.0002,0.00033,0.00097,0
27777,6e-05,4e-05,8e-05,0.00012,0.00023,0.0002,0.00033,0.00097,0
27778,6e-05,4e-05,8e-05,0.00012,0.00023,0.0002,0.00033,0.00097,0
27779,6e-05,4e-05,8e-05,0.00012,0.00023,0.0002,0.00033,0.00097,0
27780,6e-05,4e-05,8e-05,0.00012,0.00023,0.0002,0.00033,0.00097,0
27781,6e-05,4e-05,8e-05,0.00012,0.00023,0.0002,0.00033,0.00097,0
27782,6e-05,4e-05,8e-05,0.00012,0.00023,0.0002,0.00033,0.00097,0
27783,6e-05,5e-05,4e-05,0.00015,0.00028,0.00041,-0.00032,-0.00061,0
27784,6e-05,5e-05,4e-05,0.00015,0.00028,0.00041,-0.00032,-0.00061,0
27785,-1e-05,4e-05,3e-05,0.00023,0.00088,0.00115,0.00016,-0.00017,0
27786,-1e-05,4e-05,3e-05,0.00023,0.00088,0.00115,0.00016,-0.00017,0
27788,-1e-05,4e-05,3e-05,0.00023,0.00088,0.00115,0.00016,-0.00017,0
27789,-1e-05,4e-05,3e-05,0.00023,0.00088,0.00115,0.00016,-0.00017,0
27790,-1e-05,4e-05,3e-05,0.00023,0.00088,0.00115,0.00016,-0.00017,0
27791,-1e-05,4e-05,3e-05,0.00023,0.00088,0.00115,0.00016,-0.00017,0
27792,-1e-05,4e-05,3e-05,0.00023,0.00088,0.00115,0.00016,-0.00017,0
27793,-1e-05,4e-05,3e-05,0.00023,0.00088,0.00115,0.00016,-0.00017,0
27794,-1e-05,4e-05,3e-05,0.00023,0.00088,0.00115,0.00016,-0.00017,0
27795,-1e-05,4e-05,3e-05,0.00023,0.00088,0.00115,0.00016,-0.00017,0
27796,-1e-05,4e-05,3e-05,0.00023,0.00088,0.00115,0.00016,-0.00017,0
27797,-1e-05,4e-05,3e-05,0.00023,0.00088,0.00115,0.00016,-0.00017,0
27798,-1e-05,4e-05,3e-05,0.00023,0.00088,0.00115,0.00016,-0.00017,0
27799,-1e-05,4e-05,3e-05,0.00023,0.00088,0.00115,0.00016,-0.00017,0
27800,-1e-05,4e-05,3e-05,0.00023,0.00088,0.00115,0.00016,-0.00017,0
27801,-1e-05,4e-05,3e-05,0.00023,0.00088,0.00115,0.00016,-0.00017,0
27803,-1e-05,4e-05,3e-05,0.00023,0.00088,0.00115,0.00016,-0.00017,0
27804,-1e-05,4e-05,3e-05,0.00023,0.00088,0.00115,0.00016,-0.00017,0
27805,-8e-05,-8e-05,-0.0001,-0.00024,-0.00062,-0.00084,-0.00032,7e-05,0
27806,-4e-05,0.0,1e-05,-1e-05,0.00046,0.00024,0.00015,-6e-05,0
27807,-6e-05,-5e-05,-1e-05,-0.00013,-0.00037,-0.00094,-0.0002,0.0005,0
27808,-6e-05,-5e-05,-1e-05,-0.00013,-0.00037,-0.00094,-0.0002,0.0005,0
27809,-6e-05,-5e-05,-1e-05,-0.00013,-0.00037,-0.00094,-0.0002,0.0005,0
27810,-6e-05,-5e-05,-1e-05,-0.00013,-0.00037,-0.00094,-0.0002,0.0005,0
27811,-6e-05,-5e-05,-1e-05,-0.00013,-0.00037,-0.00094,-0.0002,0.0005,0
27812,-6e-05,-5e-05,-1e-05,-0.00013,-0.00037,-0.00094,-0.0002,0.0005,0
27813,-6e-05,-5e-05,-1e-05,-0.00013,-0.00037,-0.00094,-0.0002,0.0005,0
27814,-6e-05,-5e-05,-1e-05,-0.00013,-0.00037,-0.00094,-0.0002,0.0005,0
27815,-6e-05,-5e-05,-1e-05,-0.00013,-0.00037,-0.00094,-0.0002,0.0005,0
27816,-6e-05,-5e-05,-1e-05,-0.00013,-0.00037,-0.00094,-0.0002,0.0005,0
27817,-6e-05,-5e-05,-1e-05,-0.00013,-0.00037,-0.00094,-0.0002,0.0005,0
27818,-6e-05,-5e-05,-1e-05,-0.00013,-0.00037,-0.00094,-0.0002,0.0005,0
27819,0.0001,-1e-05,-4e-05,3e-05,-5e-05,-0.00066,0.0,0.00084,0
27820,0.0001,-1e-05,-4e-05,3e-05,-5e-05,-0.00066,0.0,0.00084,0
27821,0.0001,-1e-05,-4e-05,3e-05,-5e-05,-0.00066,0.0,0.00084,0
27822,0.0001,-1e-05,-4e-05,3e-05,-5e-05,-0.00066,0.0,0.00084,0
27823,0.0001,-1e-05,-4e-05,3e-05,-5e-05,-0.00066,0.0,0.00084,0
27824,0.0001,-1e-05,-4e-05,3e-05,-5e-05,-0.00066,0.0,0.00084,0
27825,0.0001,-1e-05,-4e-05,3e-05,-5e-05,-0.00066,0.0,0.00084,0
27826,0.0001,-1e-05,-4e-05,3e-05,-5e-05,-0.00066,0.0,0.00084,0
27827,0.0001,-1e-05,-4e-05,3e-05,-5e-05,-0.00066,0.0,0.00084,0
27828,-2e-05,1e-05,4e-05,-2e-05,-3e-05,-0.00028,4e-05,0.00046,0
27829,-2e-05,1e-05,4e-05,-2e-05,-3e-05,-0.00028,4e-05,0.00046,0
27830,-2e-05,1e-05,4e-05,-2e-05,-3e-05,-0.00028,4e-05,0.00046,0
27831,-2e-05,1e-05,4e-05,-2e-05,-3e-05,-0.00028,4e-05,0.00046,0
27832,-2e-05,1e-05,4e-05,-2e-05,-3e-05,-0.00028,4e-05,0.00046,0
27833,-2e-05,1e-05,4e-05,-2e-05,-3e-05,-0.00028,4e-05,0.00046,0
27834,-2e-05,1e-05,4e-05,-2e-05,-3e-05,-0.00028,4e-05,0.00046,0
27835,-2e-05,1e-05,4e-05,-2e-05,-3e-05,-0.00028,4e-05,0.00046,0
27836,-2e-05,1e-05,4e-05,-2e-05,-3e-05,-0.00028,4e-05,0.00046,0
27838,-2e-05,1e-05,4e-05,-2e-05,-3e-05,-0.00028,4e-05,0.00046,0
27839,-2e-05,1e-05,4e-05,-2e-05,-3e-05,-0.00028,4e-05,0.00046,0
27840,-2e-05,1e-05,4e-05,-2e-05,-3e-05,-0.00028,4e-05,0.00046,0
27841,-2e-05,1e-05,4e-05,-2e-05,-3e-05,-0.00028,4e-05,0.00046,0
27842,-2e-05,1e-05,4e-05,-2e-05,-3e-05,-0.00028,4e-05,0.00046,0
27843,5e-05,4e-05,3e-05,7e-05,0.00014,-0.0003,-0.00048,-0.00015,0
27844,5e-05,4e-05,3e-05,7e-05,0.00014,-0.0003,-0.00048,-0.00015,0
27845,7e-05,-2e-05,-1e-05,5e-05,0.00019,-0.00078,6e-05,0.00072,0
27846,7e-05,-2e-05,-1e-05,5e-05,0.00019,-0.00078,6e-05,0.00072,0
27847,7e-05,-2e-05,-1e-05,5e-05,0.00019,-0.00078,6e-05,0.00072,0
27848,7e-05,-2e-05,-1e-05,5e-05,0.00019,-0.00078,6e-05,0.00072,0
27849,7e-05,-2e-05,-1e-05,5e-05,0.00019,-0.00078,6e-05,0.00072,0
27850,7e-05,-2e-05,-1e-05,5e-05,0.00019,-0.00078,6e-05,0.00072,0
27851,7e-05,-2e-05,-1e-05,5e-05,0.00019,-0.00078,6e-05,0.00072,0
27852,7e-05,-2e-05,-1e-05,5e-05,0.00019,-0.00078,6e-05,0.00072,0
27854,7e-05,-2e-05,-1e-05,5e-05,0.00019,-0.00078,6e-05,0.00072,0
27855,7e-05,-2e-05,-1e-05,5e-05,0.00019,-0.00078,6e-05,0.00072,0
27856,7e-05,-2e-05,-1e-05,5e-05,0.00019,-0.00078,6e-05,0.00072,0
27857,7e-05,-2e-05,-1e-05,5e-05,0.00019,-0.00078,6e-05,0.00072,0
27858,7e-05,-2e-05,-1e-05,5e-05,0.00019,-0.00078,6e-05,0.00072,0
27859,7e-05,-2e-05,-1e-05,5e-05,0.00019,-0.00078,6e-05,0.00072,0
27860,7e-05,-2e-05,-1e-05,5e-05,0.00019,-0.00078,6e-05,0.00072,0
27861,7e-05,-2e-05,-1e-05,5e-05,0.00019,-0.00078,6e-05,0.00072,0
27862,7e-05,-2e-05,-1e-05,5e-05,0.00019,-0.00078,6e-05,0.00072,0
27863,7e-05,-2e-05,-1e-05,5e-05,0.00019,-0.00078,6e-05,0.00072,0
27864,7e-05,-2e-05,-1e-05,5e-05,0.00019,-0.00078,6e-05,0.00072,0
27865,7e-05,-2e-05,-1e-05,5e-05,0.00019,-0.00078,6e-05,0.00072,0
27866,-2e-05,1e-05,-1e-05,-7e-05,-0.00026,0.00069,7e-05,-0.00028,0
27867,-7e-05,-4e-05,-2e-05,0.00015,0.00081,0.0005,0.00016,0.00016,0
27868,-0.00012,-5e-05,-8e-05,-0.00015,-6e-05,-0.00015,0.0003,-0.00028,0
27869,-0.00012,-5e-05,-8e-05,-0.00015,-6e-05,-0.00015,0.0003,-0.00028,0
27870,-0.00012,-5e-05,-8e-05,-0.00015,-6e-05,-0.00015,0.0003,-0.00028,0
27871,-0.00012,-5e-05,-8e-05,-0.00015,-6e-05,-0.00015,0.0003,-0.00028,0
27872,-0.00012,-5e-05,-8e-05,-0.00015,-6e-05,-0.00015,0.0003,-0.00028,0
27873,-0.00012,-5e-05,-8e-05,-0.00015,-6e-05,-0.00015,0.0003,-0.00028,0
27874,-0.00012,-5e-05,-8e-05,-0.00015,-6e-05,-0.00015,0.0003,-0.00028,0
27875,-0.00012,-5e-05,-8e-05,-0.00015,-6e-05,-0.00015,0.0003,-0.00028,0
27876,-0.00012,-5e-05,-8e-05,-0.00015,-6e-05,-0.00015,0.0003,-0.00028,0
27877,-0.00012,-5e-05,-8e-05,-0.00015,-6e-05,-0.00015,0.0003,-0.00028,0
27878,-0.00012,-5e-05,-8e-05,-0.00015,-6e-05,-0.00015,0.0003,-0.00028,0
27879,-3e-05,0.0,1e-05,8e-05,0.00015,0.0002,0.00019,0.00074,0
27880,-3e-05,0.0,1e-05,8e-05,0.00015,0.0002,0.00019,0.00074,0
27881,-3e-05,0.0,1e-05,8e-05,0.00015,0.0002,0.00019,0.00074,0
27882,-3e-05,0.0,1e-05,8e-05,0.00015,0.0002,0.00019,0.00074,0
27883,-3e-05,0.0,1e-05,8e-05,0.00015,0.0002,0.00019,0.00074,0
27884,-3e-05,0.0,1e-05,8e-05,0.00015,0.0002,0.00019,0.00074,0
27885,-3e-05,0.0,1e-05,8e-05,0.00015,0.0002,0.00019,0.00074,0
27886,-3e-05,0.0,1e-05,8e-05,0.00015,0.0002,0.00019,0.00074,0
27889,7e-05,-1e-05,-7e-05,-8e-05,-0.00027,0.0005,-0.00029,-0.00062,0
27890,7e-05,-1e-05,-7e-05,-8e-05,-0.00027,0.0005,-0.00029,-0.00062,0
27891,7e-05,-1e-05,-7e-05,-8e-05,-0.00027,0.0005,-0.00029,-0.00062,0
27892,7e-05,-1e-05,-7e-05,-8e-05,-0.00027,0.0005,-0.00029,-0.00062,0
27893,7e-05,-1e-05,-7e-05,-8e-05,-0.00027,0.0005,-0.00029,-0.00062,0
27894,7e-05,-1e-05,-7e-05,-8e-05,-0.00027,0.0005,-0.00029,-0.00062,0
27895,7e-05,-1e-05,-7e-05,-8e-05,-0.00027,0.0005,-0.00029,-0.00062,0
27896,7e-05,-1e-05,-7e-05,-8e-05,-0.00027,0.0005,-0.00029,-0.00062,0
27897,7e-05,-1e-05,-7e-05,-8e-05,-0.00027,0.0005,-0.00029,-0.00062,0
27898,7e-05,-1e-05,-7e-05,-8e-05,-0.00027,0.0005,-0.00029,-0.00062,0
27899,7e-05,-1e-05,-7e-05,-8e-05,-0.00027,0.0005,-0.00029,-0.00062,0
27900,7e-05,-1e-05,-7e-05,-8e-05,-0.00027,0.0005,-0.00029,-0.00062,0
27901,7e-05,-1e-05,-7e-05,-8e-05,-0.00027,0.0005,-0.00029,-0.00062,0
27902,7e-05,-1e-05,-7e-05,-8e-05,-0.00027,0.0005,-0.00029,-0.00062,0
27904,-4e-05,-4e-05,-4e-05,9e-05,0.00028,2e-05,-0.0002,0.00042,0
27905,-0.00011,-0.00011,-0.00012,-0.00013,-0.00022,-0.00022,-0.00016,-0.001,0
27906,-0.00011,-0.00011,-0.00012,-0.00013,-0.00022,-0.00022,-0.00016,-0.001,0
27907,-0.00011,-0.00011,-0.00012,-0.00013,-0.00022,-0.00022,-0.00016,-0.001,0
27908,-0.00011,-0.00011,-0.00012,-0.00013,-0.00022,-0.00022,-0.00016,-0.001,0
27909,-0.00011,-0.00011,-0.00012,-0.00013,-0.00022,-0.00022,-0.00016,-0.001,0
27910,-0.00011,-0.00011,-0.00012,-0.00013,-0.00022,-0.00022,-0.00016,-0.001,0
27911,-0.00011,-0.00011,-0.00012,-0.00013,-0.00022,-0.00022,-0.00016,-0.001,0
27912,-0.00011,-0.00011,-0.00012,-0.00013,-0.00022,-0.00022,-0.00016,-0.001,0
27913,-0.00011,-0.00011,-0.00012,-0.00013,-0.00022,-0.00022,-0.00016,-0.001,0
27914,-0.00011,-0.00011,-0.00012,-0.00013,-0.00022,-0.00022,-0.00016,-0.001,0
27915,-0.00011,-0.00011,-0.00012,-0.00013,-0.00022,-0.00022,-0.00016,-0.001,0
27916,-0.00011,-0.00011,-0.00012,-0.00013,-0.00022,-0.00022,-0.00016,-0.001,0
27917,-0.00011,-0.00011,-0.00012,-0.00013,-0.00022,-0.00022,-0.00016,-0.001,0
27918,-0.00011,-0.00011,-0.00012,-0.00013,-0.00022,-0.00022,-0.00016,-0.001,0
27919,-0.00011,-0.00011,-0.00012,-0.00013,-0.00022,-0.00022,-0.00016,-0.001,0
27920,-0.00011,-0.00011,-0.00012,-0.00013,-0.00022,-0.00022,-0.00016,-0.001,0
27921,-0.00011,-0.00011,-0.00012,-0.00013,-0.00022,-0.00022,-0.00016,-0.001,0
27922,-0.00011,-0.00011,-0.00012,-0.00013,-0.00022,-0.00022,-0.00016,-0.001,0
27923,-0.00011,-0.00011,-0.00012,-0.00013,-0.00022,-0.00022,-0.00016,-0.001,0
27924,-0.00011,-0.00011,-0.00012,-0.00013,-0.00022,-0.00022,-0.00016,-0.001,0
27925,6e-05,2e-05,3e-05,-2e-05,0.0,-0.00021,-1e-05,-0.00012,0
27926,-0.00012,-8e-05,-7e-05,-0.00011,-0.00039,-0.00126,-0.0002,-0.0004,0
27927,1e-05,-2e-05,-2e-05,-2e-05,-0.00016,-0.00075,-5e-05,0.00017,0
27928,1e-05,-2e-05,-2e-05,-2e-05,-0.00016,-0.00075,-5e-05,0.00017,0
27929,1e-05,-2e-05,-2e-05,-2e-05,-0.00016,-0.00075,-5e-05,0.00017,0
27930,1e-05,-2e-05,-2e-05,-2e-05,-0.00016,-0.00075,-5e-05,0.00017,0
27931,1e-05,-2e-05,-2e-05,-2e-05,-0.00016,-0.00075,-5e-05,0.00017,0
27932,1e-05,-2e-05,-2e-05,-2e-05,-0.00016,-0.00075,-5e-05,0.00017,0
27933,1e-05,-2e-05,-2e-05,-2e-05,-0.00016,-0.00075,-5e-05,0.00017,0
27934,1e-05,-2e-05,-2e-05,-2e-05,-0.00016,-0.00075,-5e-05,0.00017,0
27935,1e-05,-2e-05,-2e-05,-2e-05,-0.00016,-0.00075,-5e-05,0.00017,0
27936,1e-05,-2e-05,-2e-05,-2e-05,-0.00016,-0.00075,-5e-05,0.00017,0
27938,1e-05,-2e-05,-2e-05,-2e-05,-0.00016,-0.00075,-5e-05,0.00017,0
27939,-0.00017,-0.00013,-0.00015,-0.00018,-2e-05,0.0005,0.00029,6e-05,0
27940,-0.00017,-0.00013,-0.00015,-0.00018,-2e-05,0.0005,0.00029,6e-05,0
27941,-0.00017,-0.00013,-0.00015,-0.00018,-2e-05,0.0005,0.00029,6e-05,0
27942,-0.00017,-0.00013,-0.00015,-0.00018,-2e-05,0.0005,0.00029,6e-05,0
27943,-0.00017,-0.00013,-0.00015,-0.00018,-2e-05,0.0005,0.00029,6e-05,0
27944,-0.00017,-0.00013,-0.00015,-0.00018,-2e-05,0.0005,0.00029,6e-05,0
27945,-0.00017,-0.00013,-0.00015,-0.00018,-2e-05,0.0005,0.00029,6e-05,0
27946,-0.00017,-0.00013,-0.00015,-0.00018,-2e-05,0.0005,0.00029,6e-05,0
27947,-0.00017,-0.00013,-0.00015,-0.00018,-2e-05,0.0005,0.00029,6e-05,0
27948,4e-05,1e-05,2e-05,5e-05,-0.00011,-0.0003,4e-05,-0.0003,0
27949,4e-05,1e-05,2e-05,5e-05,-0.00011,-0.0003,4e-05,-0.0003,0
27950,4e-05,1e-05,2e-05,5e-05,-0.00011,-0.0003,4e-05,-0.0003,0
27951,4e-05,1e-05,2e-05,5e-05,-0.00011,-0.0003,4e-05,-0.0003,0
27952,4e-05,1e-05,2e-05,5e-05,-0.00011,-0.0003,4e-05,-0.0003,0
27953,4e-05,1e-05,2e-05,5e-05,-0.00011,-0.0003,4e-05,-0.0003,0
27954,4e-05,1e-05,2e-05,5e-05,-0.00011,-0.0003,4e-05,-0.0003,0
27955,4e-05,1e-05,2e-05,5e-05,-0.00011,-0.0003,4e-05,-0.0003,0
27956,4e-05,1e-05,2e-05,5e-05,-0.00011,-0.0003,4e-05,-0.0003,0
27957,4e-05,1e-05,2e-05,5e-05,-0.00011,-0.0003,4e-05,-0.0003,0
27958,4e-05,1e-05,2e-05,5e-05,-0.00011,-0.0003,4e-05,-0.0003,0
27959,4e-05,1e-05,2e-05,5e-05,-0.00011,-0.0003,4e-05,-0.0003,0
27960,4e-05,1e-05,2e-05,5e-05,-0.00011,-0.0003,4e-05,-0.0003,0
27961,4e-05,1e-05,2e-05,5e-05,-0.00011,-0.0003,4e-05,-0.0003,0
27962,4e-05,1e-05,2e-05,5e-05,-0.00011,-0.0003,4e-05,-0.0003,0
27963,4e-05,1e-05,2e-05,5e-05,-0.00011,-0.0003,4e-05,-0.0003,0
27964,-0.0001,-1e-05,0.0,-7e-05,0.0003,0.00023,0.00028,-5e-05,0
27965,-6e-05,-1e-05,4e-05,0.0001,0.0002,0.00035,0.00011,-0.00062,0
27966,-4e-05,-3e-05,-6e-05,-0.00028,-0.00063,-0.00029,-0.00016,0.00047,0
27967,-4e-05,-3e-05,-6e-05,-0.00028,-0.00063,-0.00029,-0.00016,0.00047,0
27968,-4e-05,-3e-05,-6e-05,-0.00028,-0.00063,-0.00029,-0.00016,0.00047,0
27969,-4e-05,-3e-05,-6e-05,-0.00028,-0.00063,-0.00029,-0.00016,0.00047,0
27970,-4e-05,-3e-05,-6e-05,-0.00028,-0.00063,-0.00029,-0.00016,0.00047,0
27971,-4e-05,-3e-05,-6e-05,-0.00028,-0.00063,-0.00029,-0.00016,0.00047,0
27972,-4e-05,-3e-05,-6e-05,-0.00028,-0.00063,-0.00029,-0.00016,0.00047,0
27973,-4e-05,-3e-05,-6e-05,-0.00028,-0.00063,-0.00029,-0.00016,0.00047,0
27974,-4e-05,-3e-05,-6e-05,-0.00028,-0.00063,-0.00029,-0.00016,0.00047,0
27975,-4e-05,-3e-05,-6e-05,-0.00028,-0.00063,-0.00029,-0.00016,0.00047,0
27976,-4e-05,-3e-05,-6e-05,-0.00028,-0.00063,-0.00029,-0.00016,0.00047,0
27977,-4e-05,-3e-05,-6e-05,-0.00028,-0.00063,-0.00029,-0.00016,0.00047,0
27978,-4e-05,-3e-05,-6e-05,-0.00028,-0.00063,-0.00029,-0.00016,0.00047,0
27979,-4e-05,-3e-05,-6e-05,-0.00028,-0.00063,-0.00029,-0.00016,0.00047,0
27980,-4e-05,-3e-05,-6e-05,-0.00028,-0.00063,-0.00029,-0.00016,0.00047,0
27981,-4e-05,-3e-05,-6e-05,-0.00028,-0.00063,-0.00029,-0.00016,0.00047,0
27982,-4e-05,-3e-05,-6e-05,-0.00028,-0.00063,-0.00029,-0.00016,0.00047,0
27983,-4e-05,-3e-05,-6e-05,-0.00028,-0.00063,-0.00029,-0.00016,0.00047,0
27984,-4e-05,-3e-05,-6e-05,-0.00028,-0.00063,-0.00029,-0.00016,0.00047,0
27985,-4e-05,-3e-05,-6e-05,-0.00028,-0.00063,-0.00029,-0.00016,0.00047,0
27987,-0.0002,-4e-05,0.0,-6e-05,-6e-05,-0.00046,-0.00021,-0.00091,0
27989,-0.0002,-4e-05,0.0,-6e-05,-6e-05,-0.00046,-0.00021,-0.00091,0
27990,-0.0002,-4e-05,0.0,-6e-05,-6e-05,-0.00046,-0.00021,-0.00091,0
27991,-0.0002,-4e-05,0.0,-6e-05,-6e-05,-0.00046,-0.00021,-0.00091,0
27992,-0.0002,-4e-05,0.0,-6e-05,-6e-05,-0.00046,-0.00021,-0.00091,0
27993,-0.0002,-4e-05,0.0,-6e-05,-6e-05,-0.00046,-0.00021,-0.00091,0
27994,-0.0002,-4e-05,0.0,-6e-05,-6e-05,-0.00046,-0.00021,-0.00091,0
27995,-0.0002,-4e-05,0.0,-6e-05,-6e-05,-0.00046,-0.00021,-0.00091,0
27996,-0.0002,-4e-05,0.0,-6e-05,-6e-05,-0.00046,-0.00021,-0.00091,0
27997,-0.0002,-4e-05,0.0,-6e-05,-6e-05,-0.00046,-0.00021,-0.00091,0
27998,-0.0002,-4e-05,0.0,-6e-05,-6e-05,-0.00046,-0.00021,-0.00091,0
27999,-2e-05,0.0,-2e-05,-0.00018,-0.00081,-0.00025,-3e-05,-0.0003,0
28000,-2e-05,0.0,-2e-05,-0.00018,-0.00081,-0.00025,-3e-05,-0.0003,0
28001,-2e-05,0.0,-2e-05,-0.00018,-0.00081,-0.00025,-3e-05,-0.0003,0
28002,-2e-05,0.0,-2e-05,-0.00018,-0.00081,-0.00025,-3e-05,-0.0003,0
28003,-2e-05,0.0,-2e-05,-0.00018,-0.00081,-0.00025,-3e-05,-0.0003,0
28004,-2e-05,0.0,-2e-05,-0.00018,-0.00081,-0.00025,-3e-05,-0.0003,0
28005,-2e-05,0.0,-2e-05,-0.00018,-0.00081,-0.00025,-3e-05,-0.0003,0
28006,-2e-05,0.0,-2e-05,-0.00018,-0.00081,-0.00025,-3e-05,-0.0003,0
28007,-2e-05,0.0,-2e-05,-0.00018,-0.00081,-0.00025,-3e-05,-0.0003,0
28008,0.0001,8e-05,0.00011,0.00033,0.0002,-9e-05,3e-05,0.00028,0
28009,0.0001,8e-05,0.00011,0.00033,0.0002,-9e-05,3e-05,0.00028,0
28010,0.0001,8e-05,0.00011,0.00033,0.0002,-9e-05,3e-05,0.00028,0
28011,0.0001,8e-05,0.00011,0.00033,0.0002,-9e-05,3e-05,0.00028,0
28012,0.0001,8e-05,0.00011,0.00033,0.0002,-9e-05,3e-05,0.00028,0
28013,0.0001,8e-05,0.00011,0.00033,0.0002,-9e-05,3e-05,0.00028,0
28014,0.0001,8e-05,0.00011,0.00033,0.0002,-9e-05,3e-05,0.00028,0
28015,0.0001,8e-05,0.00011,0.00033,0.0002,-9e-05,3e-05,0.00028,0
28016,0.0001,8e-05,0.00011,0.00033,0.0002,-9e-05,3e-05,0.00028,0
28017,0.0001,8e-05,0.00011,0.00033,0.0002,-9e-05,3e-05,0.00028,0
28018,0.0001,8e-05,0.00011,0.00033,0.0002,-9e-05,3e-05,0.00028,0
28019,0.0001,8e-05,0.00011,0.00033,0.0002,-9e-05,3e-05,0.00028,0
28020,0.0001,8e-05,0.00011,0.00033,0.0002,-9e-05,3e-05,0.00028,0
28021,0.0001,8e-05,0.00011,0.00033,0.0002,-9e-05,3e-05,0.00028,0
28022,0.0001,8e-05,0.00011,0.00033,0.0002,-9e-05,3e-05,0.00028,0
28023,-4e-05,-3e-05,1e-05,5e-05,-0.00034,-4e-05,-5e-05,-0.00027,0
28024,0.00011,5e-05,3e-05,0.0001,0.00034,0.00023,0.00013,0.0001,0
28025,0.0001,0.0,-4e-05,-3e-05,0.00022,0.00027,6e-05,-5e-05,0
28026,0.0001,0.0,-4e-05,-3e-05,0.00022,0.00027,6e-05,-5e-05,0
28027,0.0001,0.0,-4e-05,-3e-05,0.00022,0.00027,6e-05,-5e-05,0
28028,0.0001,0.0,-4e-05,-3e-05,0.00022,0.00027,6e-05,-5e-05,0
28029,0.0001,0.0,-4e-05,-3e-05,0.00022,0.00027,6e-05,-5e-05,0
28030,0.0001,0.0,-4e-05,-3e-05,0.00022,0.00027,6e-05,-5e-05,0
28031,0.0001,0.0,-4e-05,-3e-05,0.00022,0.00027,6e-05,-5e-05,0
28032,0.0001,0.0,-4e-05,-3e-05,0.00022,0.00027,6e-05,-5e-05,0
28033,0.0001,0.0,-4e-05,-3e-05,0.00022,0.00027,6e-05,-5e-05,0
28034,0.0001,0.0,-4e-05,-3e-05,0.00022,0.00027,6e-05,-5e-05,0
28035,0.0001,0.0,-4e-05,-3e-05,0.00022,0.00027,6e-05,-5e-05,0
28037,0.0001,0.0,-4e-05,-3e-05,0.00022,0.00027,6e-05,-5e-05,0
28039,0.0001,0.0,-4e-05,-3e-05,0.00022,0.00027,6e-05,-5e-05,0
28040,0.0001,0.0,-4e-05,-3e-05,0.00022,0.00027,6e-05,-5e-05,0
28041,0.0001,0.0,-4e-05,-3e-05,0.00022,0.00027,6e-05,-5e-05,0
28042,0.0001,0.0,-4e-05,-3e-05,0.00022,0.00027,6e-05,-5e-05,0
28043,0.0001,0.0,-4e-05,-3e-05,0.00022,0.00027,6e-05,-5e-05,0
28044,0.0001,0.0,-4e-05,-3e-05,0.00022,0.00027,6e-05,-5e-05,0
28045,-7e-05,0.0,-2e-05,7e-05,-0.00013,-0.00057,0.00024,0.00027,0
28046,-5e-05,0.0,0.0,-6e-05,-0.0002,-0.00044,2e-05,-0.00019,0
28047,1e-05,2e-05,3e-05,0.00021,0.00066,0.0004,0.00026,0.00045,0
28048,1e-05,2e-05,3e-05,0.00021,0.00066,0.0004,0.00026,0.00045,0
28049,1e-05,2e-05,3e-05,0.00021,0.00066,0.0004,0.00026,0.00045,0
28050,1e-05,2e-05,3e-05,0.00021,0.00066,0.0004,0.00026,0.00045,0
28051,1e-05,2e-05,3e-05,0.00021,0.00066,0.0004,0.00026,0.00045,0
28052,1e-05,2e-05,3e-05,0.00021,0.00066,0.0004,0.00026,0.00045,0
28053,1e-05,2e-05,3e-05,0.00021,0.00066,0.0004,0.00026,0.00045,0
28054,1e-05,2e-05,3e-05,0.00021,0.00066,0.0004,0.00026,0.00045,0
28055,1e-05,2e-05,3e-05,0.00021,0.00066,0.0004,0.00026,0.00045,0
28056,1e-05,2e-05,3e-05,0.00021,0.00066,0.0004,0.00026,0.00045,0
28057,1e-05,2e-05,3e-05,0.00021,0.00066,0.0004,0.00026,0.00045,0
28058,1e-05,2e-05,3e-05,0.00021,0.00066,0.0004,0.00026,0.00045,0
28059,1e-05,2e-05,3e-05,0.00021,0.00066,0.0004,0.00026,0.00045,0
28060,1e-05,2e-05,3e-05,0.00021,0.00066,0.0004,0.00026,0.00045,0
28061,1e-05,2e-05,3e-05,0.00021,0.00066,0.0004,0.00026,0.00045,0
28062,1e-05,2e-05,3e-05,0.00021,0.00066,0.0004,0.00026,0.00045,0
28063,1e-05,2e-05,3e-05,0.00021,0.00066,0.0004,0.00026,0.00045,0
28064,1e-05,2e-05,3e-05,0.00021,0.00066,0.0004,0.00026,0.00045,0
28065,1e-05,2e-05,3e-05,0.00021,0.00066,0.0004,0.00026,0.00045,0
28066,1e-05,2e-05,3e-05,0.00021,0.00066,0.0004,0.00026,0.00045,0
28067,1e-05,2e-05,3e-05,0.00021,0.00066,0.0004,0.00026,0.00045,0
28068,5e-05,-5e-05,-4e-05,-3e-05,0.00015,3e-05,-0.00018,0.00043,0
28069,5e-05,-5e-05,-4e-05,-3e-05,0.00015,3e-05,-0.00018,0.00043,0
28070,-8e-05,-1e-05,4e-05,0.00012,0.00056,0.0003,-0.00042,-0.00051,0
28071,-8e-05,-1e-05,4e-05,0.00012,0.00056,0.0003,-0.00042,-0.00051,0
28072,-8e-05,-1e-05,4e-05,0.00012,0.00056,0.0003,-0.00042,-0.00051,0
28073,-8e-05,-1e-05,4e-05,0.00012,0.00056,0.0003,-0.00042,-0.00051,0
28074,-8e-05,-1e-05,4e-05,0.00012,0.00056,0.0003,-0.00042,-0.00051,0
28075,-8e-05,-1e-05,4e-05,0.00012,0.00056,0.0003,-0.00042,-0.00051,0
28076,-8e-05,-1e-05,4e-05,0.00012,0.00056,0.0003,-0.00042,-0.00051,0
28077,-8e-05,-1e-05,4e-05,0.00012,0.00056,0.0003,-0.00042,-0.00051,0
28078,-8e-05,-1e-05,4e-05,0.00012,0.00056,0.0003,-0.00042,-0.00051,0
28079,-8e-05,-1e-05,4e-05,0.00012,0.00056,0.0003,-0.00042,-0.00051,0
28080,-8e-05,-1e-05,4e-05,0.00012,0.00056,0.0003,-0.00042,-0.00051,0
28081,-8e-05,-1e-05,4e-05,0.00012,0.00056,0.0003,-0.00042,-0.00051,0
28082,-8e-05,-1e-05,4e-05,0.00012,0.00056,0.0003,-0.00042,-0.00051,0
28083,2e-05,7e-05,0.00012,0.00027,0.00065,6e-05,0.00015,-0.00035,0
28084,2e-05,7e-05,0.00012,0.00027,0.00065,6e-05,0.00015,-0.00035,0
28085,-0.0001,-7e-05,-7e-05,-0.0001,-2e-05,0.00024,8e-05,0.00026,0
28087,-0.0001,-7e-05,-7e-05,-0.0001,-2e-05,0.00024,8e-05,0.00026,0
28089,-0.0001,-7e-05,-7e-05,-0.0001,-2e-05,0.00024,8e-05,0.00026,0
28090,-0.0001,-7e-05,-7e-05,-0.0001,-2e-05,0.00024,8e-05,0.00026,0
28091,-0.0001,-7e-05,-7e-05,-0.0001,-2e-05,0.00024,8e-05,0.00026,0
28092,-0.0001,-7e-05,-7e-05,-0.0001,-2e-05,0.00024,8e-05,0.00026,0
28093,-0.0001,-7e-05,-7e-05,-0.0001,-2e-05,0.00024,8e-05,0.00026,0
28094,-0.0001,-7e-05,-7e-05,-0.0001,-2e-05,0.00024,8e-05,0.00026,0
28095,-0.0001,-7e-05,-7e-05,-0.0001,-2e-05,0.00024,8e-05,0.00026,0
28096,-0.0001,-7e-05,-7e-05,-0.0001,-2e-05,0.00024,8e-05,0.00026,0
28097,-0.0001,-7e-05,-7e-05,-0.0001,-2e-05,0.00024,8e-05,0.00026,0
28098,-0.0001,-7e-05,-7e-05,-0.0001,-2e-05,0.00024,8e-05,0.00026,0
28099,-0.0001,-7e-05,-7e-05,-0.0001,-2e-05,0.00024,8e-05,0.00026,0
28100,-0.0001,-7e-05,-7e-05,-0.0001,-2e-05,0.00024,8e-05,0.00026,0
28101,-0.0001,-7e-05,-7e-05,-0.0001,-2e-05,0.00024,8e-05,0.00026,0
28102,-0.0001,-7e-05,-7e-05,-0.0001,-2e-05,0.00024,8e-05,0.00026,0
28103,-0.0001,-7e-05,-7e-05,-0.0001,-2e-05,0.00024,8e-05,0.00026,0
28104,-0.0001,-7e-05,-7e-05,-0.0001,-2e-05,0.00024,8e-05,0.00026,0
28105,-2e-05,-5e-05,-9e-05,-0.0002,0.0001,0.00032,0.0001,0.00022,0
28106,0.00011,-4e-05,-2e-05,0.00018,-0.00017,-0.00112,-0.00024,0.00127,0
28107,0.00013,4e-05,2e-05,1e-05,0.00027,0.00049,0.00014,-0.00063,0
28108,0.00013,4e-05,2e-05,1e-05,0.00027,0.00049,0.00014,-0.00063,0
28109,0.00013,4e-05,2e-05,1e-05,0.00027,0.00049,0.00014,-0.00063,0
28110,0.00013,4e-05,2e-05,1e-05,0.00027,0.00049,0.00014,-0.00063,0
28111,0.00013,4e-05,2e-05,1e-05,0.00027,0.00049,0.00014,-0.00063,0
28112,0.00013,4e-05,2e-05,1e-05,0.00027,0.00049,0.00014,-0.00063,0
28113,0.00013,4e-05,2e-05,1e-05,0.00027,0.00049,0.00014,-0.00063,0
28114,0.00013,4e-05,2e-05,1e-05,0.00027,0.00049,0.00014,-0.00063,0
28115,0.00013,4e-05,2e-05,1e-05,0.00027,0.00049,0.00014,-0.00063,0
28116,0.00013,4e-05,2e-05,1e-05,0.00027,0.00049,0.00014,-0.00063,0
28117,0.00013,4e-05,2e-05,1e-05,0.00027,0.00049,0.00014,-0.00063,0
28118,0.00013,4e-05,2e-05,1e-05,0.00027,0.00049,0.00014,-0.00063,0
28119,0.00013,4e-05,2e-05,1e-05,0.00027,0.00049,0.00014,-0.00063,0
28120,0.00013,4e-05,2e-05,1e-05,0.00027,0.00049,0.00014,-0.00063,0
28121,0.00013,4e-05,2e-05,1e-05,0.00027,0.00049,0.00014,-0.00063,0
28122,0.00013,4e-05,2e-05,1e-05,0.00027,0.00049,0.00014,-0.00063,0
28123,0.00013,4e-05,2e-05,1e-05,0.00027,0.00049,0.00014,-0.00063,0
28124,0.00013,4e-05,2e-05,1e-05,0.00027,0.00049,0.00014,-0.00063,0
28125,0.00013,4e-05,2e-05,1e-05,0.00027,0.00049,0.00014,-0.00063,0
28126,0.00013,4e-05,2e-05,1e-05,0.00027,0.00049,0.00014,-0.00063,0
28127,0.00013,4e-05,2e-05,1e-05,0.00027,0.00049,0.00014,-0.00063,0
28128,2e-05,-1e-05,0.0,5e-05,0.00024,0.00026,0.00021,2e-05,0
28129,2e-05,-1e-05,0.0,5e-05,0.00024,0.00026,0.00021,2e-05,0
28130,2e-05,9e-05,0.00012,0.00011,-0.00019,3e-05,0.00073,-0.00015,0
28131,2e-05,9e-05,0.00012,0.00011,-0.00019,3e-05,0.00073,-0.00015,0
28132,2e-05,9e-05,0.00012,0.00011,-0.00019,3e-05,0.00073,-0.00015,0
28133,2e-05,9e-05,0.00012,0.00011,-0.00019,3e-05,0.00073,-0.00015,0
28134,2e-05,9e-05,0.00012,0.00011,-0.00019,3e-05,0.00073,-0.00015,0
28135,2e-05,9e-05,0.00012,0.00011,-0.00019,3e-05,0.00073,-0.00015,0
28137,2e-05,9e-05,0.00012,0.00011,-0.00019,3e-05,0.00073,-0.00015,0
28139,2e-05,9e-05,0.00012,0.00011,-0.00019,3e-05,0.00073,-0.00015,0
28140,2e-05,9e-05,0.00012,0.00011,-0.00019,3e-05,0.00073,-0.00015,0
28141,2e-05,9e-05,0.00012,0.00011,-0.00019,3e-05,0.00073,-0.00015,0
28142,2e-05,9e-05,0.00012,0.00011,-0.00019,3e-05,0.00073,-0.00015,0
28143,-7e-05,-3e-05,-6e-05,-0.00018,-0.00016,-0.00037,-0.00017,-0.00026,0
28144,-7e-05,-3e-05,-6e-05,-0.00018,-0.00016,-0.00037,-0.00017,-0.00026,0
28145,3e-05,3e-05,0.0,-6e-05,-0.0007,-0.00087,-0.00022,-0.00047,0
28146,3e-05,3e-05,0.0,-6e-05,-0.0007,-0.00087,-0.00022,-0.00047,0
28147,3e-05,3e-05,0.0,-6e-05,-0.0007,-0.00087,-0.00022,-0.00047,0
28148,3e-05,3e-05,0.0,-6e-05,-0.0007,-0.00087,-0.00022,-0.00047,0
28149,3e-05,3e-05,0.0,-6e-05,-0.0007,-0.00087,-0.00022,-0.00047,0
28150,3e-05,3e-05,0.0,-6e-05,-0.0007,-0.00087,-0.00022,-0.00047,0
28151,3e-05,3e-05,0.0,-6e-05,-0.0007,-0.00087,-0.00022,-0.00047,0
28152,3e-05,3e-05,0.0,-6e-05,-0.0007,-0.00087,-0.00022,-0.00047,0
28153,3e-05,3e-05,0.0,-6e-05,-0.0007,-0.00087,-0.00022,-0.00047,0
28154,3e-05,3e-05,0.0,-6e-05,-0.0007,-0.00087,-0.00022,-0.00047,0
28155,3e-05,3e-05,0.0,-6e-05,-0.0007,-0.00087,-0.00022,-0.00047,0
28156,3e-05,3e-05,0.0,-6e-05,-0.0007,-0.00087,-0.00022,-0.00047,0
28157,3e-05,3e-05,0.0,-6e-05,-0.0007,-0.00087,-0.00022,-0.00047,0
28158,3e-05,3e-05,0.0,-6e-05,-0.0007,-0.00087,-0.00022,-0.00047,0
28159,3e-05,3e-05,0.0,-6e-05,-0.0007,-0.00087,-0.00022,-0.00047,0
28160,3e-05,3e-05,0.0,-6e-05,-0.0007,-0.00087,-0.00022,-0.00047,0
28161,3e-05,3e-05,0.0,-6e-05,-0.0007,-0.00087,-0.00022,-0.00047,0
28162,3e-05,3e-05,0.0,-6e-05,-0.0007,-0.00087,-0.00022,-0.00047,0
28163,3e-05,3e-05,0.0,-6e-05,-0.0007,-0.00087,-0.00022,-0.00047,0
28164,3e-05,3e-05,0.0,-6e-05,-0.0007,-0.00087,-0.00022,-0.00047,0
28165,-3e-05,0.0,6e-05,0.00011,-0.00035,-0.00078,-1e-05,0.00017,0
28166,4e-05,1e-05,-1e-05,-6e-05,-0.00019,0.00056,2e-05,-7e-05,0
28167,-0.0002,-0.00014,-0.00015,-0.00026,-0.00019,-0.00039,-0.0004,-0.0005,0
28168,-0.0002,-0.00014,-0.00015,-0.00026,-0.00019,-0.00039,-0.0004,-0.0005,0
28169,-0.0002,-0.00014,-0.00015,-0.00026,-0.00019,-0.00039,-0.0004,-0.0005,0
28170,-0.0002,-0.00014,-0.00015,-0.00026,-0.00019,-0.00039,-0.0004,-0.0005,0
28171,-0.0002,-0.00014,-0.00015,-0.00026,-0.00019,-0.00039,-0.0004,-0.0005,0
28172,-0.0002,-0.00014,-0.00015,-0.00026,-0.00019,-0.00039,-0.0004,-0.0005,0
28173,-0.0002,-0.00014,-0.00015,-0.00026,-0.00019,-0.00039,-0.0004,-0.0005,0
28174,-0.0002,-0.00014,-0.00015,-0.00026,-0.00019,-0.00039,-0.0004,-0.0005,0
28175,-0.0002,-0.00014,-0.00015,-0.00026,-0.00019,-0.00039,-0.0004,-0.0005,0
28176,-0.0002,-0.00014,-0.00015,-0.00026,-0.00019,-0.00039,-0.0004,-0.0005,0
28177,-0.0002,-0.00014,-0.00015,-0.00026,-0.00019,-0.00039,-0.0004,-0.0005,0
28178,-0.0002,-0.00014,-0.00015,-0.00026,-0.00019,-0.00039,-0.0004,-0.0005,0
28179,-0.0002,-0.00014,-0.00015,-0.00026,-0.00019,-0.00039,-0.0004,-0.0005,0
28180,-0.0002,-0.00014,-0.00015,-0.00026,-0.00019,-0.00039,-0.0004,-0.0005,0
28181,-0.0002,-0.00014,-0.00015,-0.00026,-0.00019,-0.00039,-0.0004,-0.0005,0
28182,-0.0002,-0.00014,-0.00015,-0.00026,-0.00019,-0.00039,-0.0004,-0.0005,0
28183,-0.0002,-0.00014,-0.00015,-0.00026,-0.00019,-0.00039,-0.0004,-0.0005,0
28184,-0.0002,-0.00014,-0.00015,-0.00026,-0.00019,-0.00039,-0.0004,-0.0005,0
28185,-0.0002,-0.00014,-0.00015,-0.00026,-0.00019,-0.00039,-0.0004,-0.0005,0
28186,-0.0002,-0.00014,-0.00015,-0.00026,-0.00019,-0.00039,-0.0004,-0.0005,0
28189,6e-05,-5e-05,-0.00011,-0.0002,-0.00064,-0.00086,4e-05,-3e-05,0
28190,0.0,-2e-05,-7e-05,3e-05,0.00045,0.00063,0.00023,0.00059,0
28191,0.0,-2e-05,-7e-05,3e-05,0.00045,0.00063,0.00023,0.00059,0
28192,0.0,-2e-05,-7e-05,3e-05,0.00045,0.00063,0.00023,0.00059,0
28193,0.0,-2e-05,-7e-05,3e-05,0.00045,0.00063,0.00023,0.00059,0
28194,0.0,-2e-05,-7e-05,3e-05,0.00045,0.00063,0.00023,0.00059,0
28195,0.0,-2e-05,-7e-05,3e-05,0.00045,0.00063,0.00023,0.00059,0
28196,0.0,-2e-05,-7e-05,3e-05,0.00045,0.00063,0.00023,0.00059,0
28197,0.0,-2e-05,-7e-05,3e-05,0.00045,0.00063,0.00023,0.00059,0
28198,0.0,-2e-05,-7e-05,3e-05,0.00045,0.00063,0.00023,0.00059,0
28199,0.0,-2e-05,-7e-05,3e-05,0.00045,0.00063,0.00023,0.00059,0
28200,0.0,-2e-05,-7e-05,3e-05,0.00045,0.00063,0.00023,0.00059,0
28201,0.0,-2e-05,-7e-05,3e-05,0.00045,0.00063,0.00023,0.00059,0
28202,-5e-05,-3e-05,4e-05,0.00013,0.00035,0.00037,-0.00023,0.00011,0
28203,-2e-05,0.0,0.0,-0.00012,-0.00017,6e-05,-0.00021,0.00029,0
28204,-2e-05,0.0,0.0,-0.00012,-0.00017,6e-05,-0.00021,0.00029,0
28205,-2e-05,0.0,0.0,-0.00012,-0.00017,6e-05,-0.00021,0.00029,0
28206,-2e-05,0.0,0.0,-0.00012,-0.00017,6e-05,-0.00021,0.00029,0
28207,-2e-05,0.0,0.0,-0.00012,-0.00017,6e-05,-0.00021,0.00029,0
28208,-2e-05,0.0,0.0,-0.00012,-0.00017,6e-05,-0.00021,0.00029,0
28209,3e-05,-6e-05,-7e-05,5e-05,0.00017,3e-05,-7e-05,0.00031,0
28210,3e-05,-6e-05,-7e-05,5e-05,0.00017,3e-05,-7e-05,0.00031,0
28211,3e-05,-6e-05,-7e-05,5e-05,0.00017,3e-05,-7e-05,0.00031,0
28212,3e-05,-6e-05,-7e-05,5e-05,0.00017,3e-05,-7e-05,0.00031,0
28213,3e-05,-6e-05,-7e-05,5e-05,0.00017,3e-05,-7e-05,0.00031,0
28214,3e-05,-6e-05,-7e-05,5e-05,0.00017,3e-05,-7e-05,0.00031,0
28215,3e-05,-6e-05,-7e-05,5e-05,0.00017,3e-05,-7e-05,0.00031,0
28216,3e-05,-6e-05,-7e-05,5e-05,0.00017,3e-05,-7e-05,0.00031,0
28217,3e-05,-6e-05,-7e-05,5e-05,0.00017,3e-05,-7e-05,0.00031,0
28218,3e-05,-6e-05,-7e-05,5e-05,0.00017,3e-05,-7e-05,0.00031,0
28219,3e-05,-6e-05,-7e-05,5e-05,0.00017,3e-05,-7e-05,0.00031,0
28220,3e-05,-6e-05,-7e-05,5e-05,0.00017,3e-05,-7e-05,0.00031,0
28221,3e-05,-6e-05,-7e-05,5e-05,0.00017,3e-05,-7e-05,0.00031,0
28222,3e-05,-6e-05,-7e-05,5e-05,0.00017,3e-05,-7e-05,0.00031,0
28223,3e-05,-6e-05,-7e-05,5e-05,0.00017,3e-05,-7e-05,0.00031,0
28224,3e-05,-6e-05,-7e-05,5e-05,0.00017,3e-05,-7e-05,0.00031,0
28225,-2e-05,2e-05,-2e-05,7e-05,0.00034,0.00054,0.00038,0.00038,0
28226,-8e-05,-3e-05,-3e-05,-9e-05,-0.00014,-0.00047,-3e-05,-0.00051,0
28227,-1e-05,-3e-05,-2e-05,-8e-05,-0.00019,-9e-05,-0.00024,0.0001,0
28228,-1e-05,-3e-05,-2e-05,-8e-05,-0.00019,-9e-05,-0.00024,0.0001,0
28229,-1e-05,-3e-05,-2e-05,-8e-05,-0.00019,-9e-05,-0.00024,0.0001,0
28230,-1e-05,-3e-05,-2e-05,-8e-05,-0.00019,-9e-05,-0.00024,0.0001,0
28231,-1e-05,-3e-05,-2e-05,-8e-05,-0.00019,-9e-05,-0.00024,0.0001,0
28232,-1e-05,-3e-05,-2e-05,-8e-05,-0.00019,-9e-05,-0.00024,0.0001,0
28233,-1e-05,-3e-05,-2e-05,-8e-05,-0.00019,-9e-05,-0.00024,0.0001,0
28234,-1e-05,-3e-05,-2e-05,-8e-05,-0.00019,-9e-05,-0.00024,0.0001,0
28235,-1e-05,-3e-05,-2e-05,-8e-05,-0.00019,-9e-05,-0.00024,0.0001,0
28236,-1e-05,-3e-05,-2e-05,-8e-05,-0.00019,-9e-05,-0.00024,0.0001,0
28239,-1e-05,-3e-05,-2e-05,-8e-05,-0.00019,-9e-05,-0.00024,0.0001,0
28240,-1e-05,-3e-05,-2e-05,-8e-05,-0.00019,-9e-05,-0.00024,0.0001,0
28241,-1e-05,-3e-05,-2e-05,-8e-05,-0.00019,-9e-05,-0.00024,0.0001,0
28242,-1e-05,-3e-05,-2e-05,-8e-05,-0.00019,-9e-05,-0.00024,0.0001,0
28243,-1e-05,-3e-05,-2e-05,-8e-05,-0.00019,-9e-05,-0.00024,0.0001,0
28244,-1e-05,-3e-05,-2e-05,-8e-05,-0.00019,-9e-05,-0.00024,0.0001,0
28245,-1e-05,-3e-05,-2e-05,-8e-05,-0.00019,-9e-05,-0.00024,0.0001,0
28246,-1e-05,-3e-05,-2e-05,-8e-05,-0.00019,-9e-05,-0.00024,0.0001,0
28247,-1e-05,-3e-05,-2e-05,-8e-05,-0.00019,-9e-05,-0.00024,0.0001,0
28248,1e-05,-3e-05,-6e-05,-0.00013,-0.00015,-4e-05,-0.00034,-0.00043,0
28249,1e-05,-3e-05,-6e-05,-0.00013,-0.00015,-4e-05,-0.00034,-0.00043,0
28250,-1e-05,0.0,0.0,8e-05,0.00027,9e-05,0.00033,0.00062,0
28251,-1e-05,0.0,0.0,8e-05,0.00027,9e-05,0.00033,0.00062,0
28252,-1e-05,0.0,0.0,8e-05,0.00027,9e-05,0.00033,0.00062,0
28253,-1e-05,0.0,0.0,8e-05,0.00027,9e-05,0.00033,0.00062,0
28254,-1e-05,0.0,0.0,8e-05,0.00027,9e-05,0.00033,0.00062,0
28255,-1e-05,0.0,0.0,8e-05,0.00027,9e-05,0.00033,0.00062,0
28256,-1e-05,0.0,0.0,8e-05,0.00027,9e-05,0.00033,0.00062,0
28257,-1e-05,0.0,0.0,8e-05,0.00027,9e-05,0.00033,0.00062,0
28258,-1e-05,0.0,0.0,8e-05,0.00027,9e-05,0.00033,0.00062,0
28259,-1e-05,0.0,0.0,8e-05,0.00027,9e-05,0.00033,0.00062,0
28260,-1e-05,0.0,0.0,8e-05,0.00027,9e-05,0.00033,0.00062,0
28261,-1e-05,0.0,0.0,8e-05,0.00027,9e-05,0.00033,0.00062,0
28262,0.0,2e-05,4e-05,3e-05,0.00018,0.00015,5e-05,-0.00092,0
28263,-3e-05,-8e-05,-7e-05,-0.0001,0.00015,-0.00048,-0.00012,0.00021,0
28264,-3e-05,-8e-05,-7e-05,-0.0001,0.00015,-0.00048,-0.00012,0.00021,0
28265,-3e-05,-8e-05,-7e-05,-0.0001,0.00015,-0.00048,-0.00012,0.00021,0
28266,-3e-05,-8e-05,-7e-05,-0.0001,0.00015,-0.00048,-0.00012,0.00021,0
28267,-3e-05,-8e-05,-7e-05,-0.0001,0.00015,-0.00048,-0.00012,0.00021,0
28268,-3e-05,-8e-05,-7e-05,-0.0001,0.00015,-0.00048,-0.00012,0.00021,0
28269,0.00013,4e-05,5e-05,1e-05,-0.00022,0.00058,8e-05,0.00076,0
28270,0.00013,4e-05,5e-05,1e-05,-0.00022,0.00058,8e-05,0.00076,0
28271,0.00013,4e-05,5e-05,1e-05,-0.00022,0.00058,8e-05,0.00076,0
28272,0.00013,4e-05,5e-05,1e-05,-0.00022,0.00058,8e-05,0.00076,0
28273,0.00013,4e-05,5e-05,1e-05,-0.00022,0.00058,8e-05,0.00076,0
28274,0.00013,4e-05,5e-05,1e-05,-0.00022,0.00058,8e-05,0.00076,0
28275,0.00013,4e-05,5e-05,1e-05,-0.00022,0.00058,8e-05,0.00076,0
28276,0.00013,4e-05,5e-05,1e-05,-0.00022,0.00058,8e-05,0.00076,0
28277,0.00013,4e-05,5e-05,1e-05,-0.00022,0.00058,8e-05,0.00076,0
28278,0.00013,4e-05,5e-05,1e-05,-0.00022,0.00058,8e-05,0.00076,0
28279,0.00013,4e-05,5e-05,1e-05,-0.00022,0.00058,8e-05,0.00076,0
28280,0.00013,4e-05,5e-05,1e-05,-0.00022,0.00058,8e-05,0.00076,0
28281,0.00013,4e-05,5e-05,1e-05,-0.00022,0.00058,8e-05,0.00076,0
28282,0.00013,4e-05,5e-05,1e-05,-0.00022,0.00058,8e-05,0.00076,0
28283,0.00013,4e-05,5e-05,1e-05,-0.00022,0.00058,8e-05,0.00076,0
28284,0.00013,4e-05,5e-05,1e-05,-0.00022,0.00058,8e-05,0.00076,0
28285,-1e-05,-2e-05,-3e-05,2e-05,-8e-05,0.0,6e-05,0.00052,0
28287,-2e-05,-1e-05,-2e-05,-6e-05,-0.00038,-0.0005,-0.00023,-0.00031,0
28289,-2e-05,-1e-05,-2e-05,-6e-05,-0.00038,-0.0005,-0.00023,-0.00031,0
28290,-2e-05,-1e-05,-2e-05,-6e-05,-0.00038,-0.0005,-0.00023,-0.00031,0
28291,-2e-05,-1e-05,-2e-05,-6e-05,-0.00038,-0.0005,-0.00023,-0.00031,0
28292,-2e-05,-1e-05,-2e-05,-6e-05,-0.00038,-0.0005,-0.00023,-0.00031,0
28293,-2e-05,-1e-05,-2e-05,-6e-05,-0.00038,-0.0005,-0.00023,-0.00031,0
28294,-2e-05,-1e-05,-2e-05,-6e-05,-0.00038,-0.0005,-0.00023,-0.00031,0
28295,-2e-05,-1e-05,-2e-05,-6e-05,-0.00038,-0.0005,-0.00023,-0.00031,0
28296,-2e-05,-1e-05,-2e-05,-6e-05,-0.00038,-0.0005,-0.00023,-0.00031,0
28297,-2e-05,-1e-05,-2e-05,-6e-05,-0.00038,-0.0005,-0.00023,-0.00031,0
28298,-2e-05,-1e-05,-2e-05,-6e-05,-0.00038,-0.0005,-0.00023,-0.00031,0
28299,-2e-05,-1e-05,-2e-05,-6e-05,-0.00038,-0.0005,-0.00023,-0.00031,0
28300,-2e-05,-1e-05,-2e-05,-6e-05,-0.00038,-0.0005,-0.00023,-0.00031,0
28301,-2e-05,-1e-05,-2e-05,-6e-05,-0.00038,-0.0005,-0.00023,-0.00031,0
28302,-2e-05,-1e-05,-2e-05,-6e-05,-0.00038,-0.0005,-0.00023,-0.00031,0
28303,-2e-05,-1e-05,-2e-05,-6e-05,-0.00038,-0.0005,-0.00023,-0.00031,0
28304,-2e-05,-1e-05,-2e-05,-6e-05,-0.00038,-0.0005,-0.00023,-0.00031,0
28305,-2e-05,-1e-05,-2e-05,-6e-05,-0.00038,-0.0005,-0.00023,-0.00031,0
28306,-2e-05,-1e-05,-2e-05,-6e-05,-0.00038,-0.0005,-0.00023,-0.00031,0
28307,-2e-05,-1e-05,-2e-05,-6e-05,-0.00038,-0.0005,-0.00023,-0.00031,0
28308,-3e-05,-1e-05,0.0,5e-05,0.00059,0.0005,0.00011,-0.00011,0
28309,-3e-05,-1e-05,0.0,5e-05,0.00059,0.0005,0.00011,-0.00011,0
28310,-1e-05,2e-05,1e-05,-8e-05,-5e-05,-0.00034,-4e-05,-0.00026,0
28311,-1e-05,2e-05,1e-05,-8e-05,-5e-05,-0.00034,-4e-05,-0.00026,0
28312,-1e-05,2e-05,1e-05,-8e-05,-5e-05,-0.00034,-4e-05,-0.00026,0
28313,-1e-05,2e-05,1e-05,-8e-05,-5e-05,-0.00034,-4e-05,-0.00026,0
28314,-1e-05,2e-05,1e-05,-8e-05,-5e-05,-0.00034,-4e-05,-0.00026,0
28315,-1e-05,2e-05,1e-05,-8e-05,-5e-05,-0.00034,-4e-05,-0.00026,0
28316,-1e-05,2e-05,1e-05,-8e-05,-5e-05,-0.00034,-4e-05,-0.00026,0
28317,-1e-05,2e-05,1e-05,-8e-05,-5e-05,-0.00034,-4e-05,-0.00026,0
28318,-1e-05,2e-05,1e-05,-8e-05,-5e-05,-0.00034,-4e-05,-0.00026,0
28319,-1e-05,2e-05,1e-05,-8e-05,-5e-05,-0.00034,-4e-05,-0.00026,0
28320,-1e-05,2e-05,1e-05,-8e-05,-5e-05,-0.00034,-4e-05,-0.00026,0
28321,-1e-05,2e-05,1e-05,-8e-05,-5e-05,-0.00034,-4e-05,-0.00026,0
28322,-1e-05,-1e-05,0.0,-1e-05,4e-05,-0.00047,5e-05,0.00024,0
28323,-1e-05,-1e-05,0.0,-1e-05,4e-05,-0.00047,5e-05,0.00024,0
28324,-1e-05,-1e-05,0.0,-1e-05,4e-05,-0.00047,5e-05,0.00024,0
28326,-1e-05,-1e-05,0.0,-1e-05,4e-05,-0.00047,5e-05,0.00024,6
28327,-1e-05,-1e-05,0.0,-1e-05,4e-05,-0.00047,5e-05,0.00024,6
28328,-1e-05,-1e-05,0.0,-1e-05,4e-05,-0.00047,5e-05,0.00024,6
28329,2e-05,-4e-05,-3e-05,-8e-05,0.00028,7e-05,-9e-05,0.00033,6
28330,2e-05,-4e-05,-3e-05,-8e-05,0.00028,7e-05,-9e-05,0.00033,6
28331,2e-05,-4e-05,-3e-05,-8e-05,0.00028,7e-05,-9e-05,0.00033,6
28332,2e-05,-4e-05,-3e-05,-8e-05,0.00028,7e-05,-9e-05,0.00033,6
28333,2e-05,-4e-05,-3e-05,-8e-05,0.00028,7e-05,-9e-05,0.00033,6
28334,2e-05,-4e-05,-3e-05,-8e-05,0.00028,7e-05,-9e-05,0.00033,6
28335,2e-05,-4e-05,-3e-05,-8e-05,0.00028,7e-05,-9e-05,0.00033,6
28336,2e-05,-4e-05,-3e-05,-8e-05,0.00028,7e-05,-9e-05,0.00033,6
28338,2e-05,-4e-05,-3e-05,-8e-05,0.00028,7e-05,-9e-05,0.00033,6
28339,2e-05,-4e-05,-3e-05,-8e-05,0.00028,7e-05,-9e-05,0.00033,6
28340,2e-05,-4e-05,-3e-05,-8e-05,0.00028,7e-05,-9e-05,0.00033,6
28341,2e-05,-4e-05,-3e-05,-8e-05,0.00028,7e-05,-9e-05,0.00033,6
28342,2e-05,-4e-05,-3e-05,-8e-05,0.00028,7e-05,-9e-05,0.00033,6
28343,2e-05,-4e-05,-3e-05,-8e-05,0.00028,7e-05,-9e-05,0.00033,6
28344,2e-05,-4e-05,-3e-05,-8e-05,0.00028,7e-05,-9e-05,0.00033,6
28345,-2e-05,-3e-05,0.0,-7e-05,-0.00026,0.00018,0.0,-1e-05,6
28346,-2e-05,-3e-05,0.0,-7e-05,-0.00026,0.00018,0.0,-1e-05,6
28347,0.0001,6e-05,8e-05,8e-05,-0.00017,0.00106,-0.00016,0.00052,6
28348,0.0001,6e-05,8e-05,8e-05,-0.00017,0.00106,-0.00016,0.00052,6
28349,0.0001,6e-05,8e-05,8e-05,-0.00017,0.00106,-0.00016,0.00052,6
28350,0.0001,6e-05,8e-05,8e-05,-0.00017,0.00106,-0.00016,0.00052,6
28351,0.0001,6e-05,8e-05,8e-05,-0.00017,0.00106,-0.00016,0.00052,6
28352,0.0001,6e-05,8e-05,8e-05,-0.00017,0.00106,-0.00016,0.00052,6
28353,0.0001,6e-05,8e-05,8e-05,-0.00017,0.00106,-0.00016,0.00052,6
28354,0.0001,6e-05,8e-05,8e-05,-0.00017,0.00106,-0.00016,0.00052,6
28355,0.0001,6e-05,8e-05,8e-05,-0.00017,0.00106,-0.00016,0.00052,6
28356,0.0001,6e-05,8e-05,8e-05,-0.00017,0.00106,-0.00016,0.00052,6
28357,0.0001,6e-05,8e-05,8e-05,-0.00017,0.00106,-0.00016,0.00052,6
28358,0.0001,6e-05,8e-05,8e-05,-0.00017,0.00106,-0.00016,0.00052,6
28359,0.0001,6e-05,8e-05,8e-05,-0.00017,0.00106,-0.00016,0.00052,6
28360,0.0001,6e-05,8e-05,8e-05,-0.00017,0.00106,-0.00016,0.00052,6
28361,0.0001,6e-05,8e-05,8e-05,-0.00017,0.00106,-0.00016,0.00052,6
28362,0.0001,6e-05,8e-05,8e-05,-0.00017,0.00106,-0.00016,0.00052,6
28363,0.0001,6e-05,8e-05,8e-05,-0.00017,0.00106,-0.00016,0.00052,6
28364,0.0001,6e-05,8e-05,8e-05,-0.00017,0.00106,-0.00016,0.00052,6
28365,0.0001,6e-05,8e-05,8e-05,-0.00017,0.00106,-0.00016,0.00052,6
28366,0.0001,6e-05,8e-05,8e-05,-0.00017,0.00106,-0.00016,0.00052,6
28367,0.0001,6e-05,8e-05,8e-05,-0.00017,0.00106,-0.00016,0.00052,6
28368,-6e-05,-6e-05,-8e-05,-9e-05,-0.00039,-0.00034,-2e-05,0.00019,6
28369,-0.00012,-1e-05,1e-05,4e-05,-7e-05,-0.00029,0.00019,2e-05,6
28370,-0.00012,-1e-05,1e-05,4e-05,-7e-05,-0.00029,0.00019,2e-05,6
28371,-0.00012,-1e-05,1e-05,4e-05,-7e-05,-0.00029,0.00019,2e-05,6
28372,-0.00012,-1e-05,1e-05,4e-05,-7e-05,-0.00029,0.00019,2e-05,6
28373,-0.00012,-1e-05,1e-05,4e-05,-7e-05,-0.00029,0.00019,2e-05,6
28374,-0.00012,-1e-05,1e-05,4e-05,-7e-05,-0.00029,0.00019,2e-05,6
28375,-0.00012,-1e-05,1e-05,4e-05,-7e-05,-0.00029,0.00019,2e-05,6
28376,-0.00012,-1e-05,1e-05,4e-05,-7e-05,-0.00029,0.00019,2e-05,6
28377,-0.00012,-1e-05,1e-05,4e-05,-7e-05,-0.00029,0.00019,2e-05,6
28378,-0.00012,-1e-05,1e-05,4e-05,-7e-05,-0.00029,0.00019,2e-05,6
28379,-0.00012,-1e-05,1e-05,4e-05,-7e-05,-0.00029,0.00019,2e-05,6
28380,-0.00012,-1e-05,1e-05,4e-05,-7e-05,-0.00029,0.00019,2e-05,6
28381,-0.00012,-1e-05,1e-05,4e-05,-7e-05,-0.00029,0.00019,2e-05,6
28382,8e-05,0.0,0.0,-7e-05,-0.00035,-0.0002,-0.00024,-0.00018,6
28383,-2e-05,2e-05,3e-05,0.00012,7e-05,0.00023,0.00013,-0.0002,6
28384,-2e-05,2e-05,3e-05,0.00012,7e-05,0.00023,0.00013,-0.0002,6
28385,-2e-05,2e-05,3e-05,0.00012,7e-05,0.00023,0.00013,-0.0002,6
28386,-2e-05,2e-05,3e-05,0.00012,7e-05,0.00023,0.00013,-0.0002,6
28388,-2e-05,2e-05,3e-05,0.00012,7e-05,0.00023,0.00013,-0.0002,6
28389,-2e-05,2e-05,3e-05,0.00012,7e-05,0.00023,0.00013,-0.0002,6
28390,-2e-05,-4e-05,-3e-05,-7e-05,-0.0002,-0.00046,-6e-05,-0.00031,6
28391,-2e-05,-4e-05,-3e-05,-7e-05,-0.0002,-0.00046,-6e-05,-0.00031,6
28393,-2e-05,-4e-05,-3e-05,-7e-05,-0.0002,-0.00046,-6e-05,-0.00031,6
28394,-2e-05,-4e-05,-3e-05,-7e-05,-0.0002,-0.00046,-6e-05,-0.00031,6
28395,-2e-05,-4e-05,-3e-05,-7e-05,-0.0002,-0.00046,-6e-05,-0.00031,6
28396,-2e-05,-4e-05,-3e-05,-7e-05,-0.0002,-0.00046,-6e-05,-0.00031,6
28397,-2e-05,-4e-05,-3e-05,-7e-05,-0.0002,-0.00046,-6e-05,-0.00031,6
28398,-2e-05,-4e-05,-3e-05,-7e-05,-0.0002,-0.00046,-6e-05,-0.00031,6
28399,-2e-05,-4e-05,-3e-05,-7e-05,-0.0002,-0.00046,-6e-05,-0.00031,6
28400,-2e-05,-4e-05,-3e-05,-7e-05,-0.0002,-0.00046,-6e-05,-0.00031,6
28401,-2e-05,-4e-05,-3e-05,-7e-05,-0.0002,-0.00046,-6e-05,-0.00031,6
28402,-2e-05,-4e-05,-3e-05,-7e-05,-0.0002,-0.00046,-6e-05,-0.00031,6
28403,-2e-05,-4e-05,-3e-05,-7e-05,-0.0002,-0.00046,-6e-05,-0.00031,6
28404,-2e-05,-4e-05,-3e-05,-7e-05,-0.0002,-0.00046,-6e-05,-0.00031,6
28405,-2e-05,7e-05,7e-05,0.00017,0.00048,0.00032,0.00037,7e-05,6
28406,-5e-05,-1e-05,1e-05,-2e-05,-0.00059,-0.00041,-0.00024,1e-05,6
28407,-5e-05,-1e-05,1e-05,-2e-05,-0.00059,-0.00041,-0.00024,1e-05,6
28408,-5e-05,-1e-05,1e-05,-2e-05,-0.00059,-0.00041,-0.00024,1e-05,6
28409,-5e-05,-1e-05,1e-05,-2e-05,-0.00059,-0.00041,-0.00024,1e-05,6
28410,-5e-05,-1e-05,1e-05,-2e-05,-0.00059,-0.00041,-0.00024,1e-05,6
28411,-5e-05,-1e-05,1e-05,-2e-05,-0.00059,-0.00041,-0.00024,1e-05,6
28412,-5e-05,-1e-05,1e-05,-2e-05,-0.00059,-0.00041,-0.00024,1e-05,6
28413,-5e-05,-1e-05,1e-05,-2e-05,-0.00059,-0.00041,-0.00024,1e-05,6
28414,-5e-05,-1e-05,1e-05,-2e-05,-0.00059,-0.00041,-0.00024,1e-05,6
28415,-5e-05,-1e-05,1e-05,-2e-05,-0.00059,-0.00041,-0.00024,1e-05,6
28416,-5e-05,-1e-05,1e-05,-2e-05,-0.00059,-0.00041,-0.00024,1e-05,6
28417,-5e-05,-1e-05,1e-05,-2e-05,-0.00059,-0.00041,-0.00024,1e-05,6
28418,-5e-05,-1e-05,1e-05,-2e-05,-0.00059,-0.00041,-0.00024,1e-05,6
28419,-5e-05,-1e-05,1e-05,-2e-05,-0.00059,-0.00041,-0.00024,1e-05,6
28420,-5e-05,-1e-05,1e-05,-2e-05,-0.00059,-0.00041,-0.00024,1e-05,6
28421,-5e-05,-1e-05,1e-05,-2e-05,-0.00059,-0.00041,-0.00024,1e-05,6
28422,-5e-05,-1e-05,1e-05,-2e-05,-0.00059,-0.00041,-0.00024,1e-05,6
28423,-5e-05,-1e-05,1e-05,-2e-05,-0.00059,-0.00041,-0.00024,1e-05,6
28424,-5e-05,-1e-05,1e-05,-2e-05,-0.00059,-0.00041,-0.00024,1e-05,6
28425,-5e-05,-1e-05,1e-05,-2e-05,-0.00059,-0.00041,-0.00024,1e-05,6
28426,-5e-05,-1e-05,1e-05,-2e-05,-0.00059,-0.00041,-0.00024,1e-05,6
28427,6e-05,0.0,0.0,5e-05,0.00022,8e-05,-7e-05,-0.00026,6
28428,9e-05,3e-05,1e-05,2e-05,0.00015,0.00016,-4e-05,-0.00051,6
28429,9e-05,3e-05,1e-05,2e-05,0.00015,0.00016,-4e-05,-0.00051,6
28430,9e-05,3e-05,1e-05,2e-05,0.00015,0.00016,-4e-05,-0.00051,6
28431,9e-05,3e-05,1e-05,2e-05,0.00015,0.00016,-4e-05,-0.00051,6
28432,9e-05,3e-05,1e-05,2e-05,0.00015,0.00016,-4e-05,-0.00051,6
28433,9e-05,3e-05,1e-05,2e-05,0.00015,0.00016,-4e-05,-0.00051,6
28434,9e-05,3e-05,1e-05,2e-05,0.00015,0.00016,-4e-05,-0.00051,6
28435,9e-05,3e-05,1e-05,2e-05,0.00015,0.00016,-4e-05,-0.00051,6
28436,9e-05,3e-05,1e-05,2e-05,0.00015,0.00016,-4e-05,-0.00051,6
28438,9e-05,3e-05,1e-05,2e-05,0.00015,0.00016,-4e-05,-0.00051,6
28439,9e-05,3e-05,1e-05,2e-05,0.00015,0.00016,-4e-05,-0.00051,6
28440,9e-05,3e-05,1e-05,2e-05,0.00015,0.00016,-4e-05,-0.00051,6
28441,9e-05,3e-05,1e-05,2e-05,0.00015,0.00016,-4e-05,-0.00051,6
28442,-2e-05,-3e-05,-4e-05,4e-05,0.00047,0.00063,6e-05,5e-05,6
28443,-2e-05,-3e-05,-4e-05,4e-05,0.00047,0.00063,6e-05,5e-05,6
28444,-2e-05,-3e-05,-4e-05,4e-05,0.00047,0.00063,6e-05,5e-05,6
28445,-2e-05,-3e-05,-4e-05,4e-05,0.00047,0.00063,6e-05,5e-05,6
28446,-2e-05,-3e-05,-4e-05,4e-05,0.00047,0.00063,6e-05,5e-05,6
28447,-2e-05,-3e-05,-4e-05,4e-05,0.00047,0.00063,6e-05,5e-05,6
28448,-2e-05,-3e-05,-4e-05,4e-05,0.00047,0.00063,6e-05,5e-05,6
28449,-2e-05,-3e-05,-4e-05,4e-05,0.00047,0.00063,6e-05,5e-05,6
28450,-2e-05,1e-05,-2e-05,2e-05,2e-05,0.00016,0.0,-6e-05,6
28451,-2e-05,1e-05,-2e-05,2e-05,2e-05,0.00016,0.0,-6e-05,6
28452,-2e-05,1e-05,-2e-05,2e-05,2e-05,0.00016,0.0,-6e-05,6
28453,-2e-05,1e-05,-2e-05,2e-05,2e-05,0.00016,0.0,-6e-05,6
28454,-2e-05,1e-05,-2e-05,2e-05,2e-05,0.00016,0.0,-6e-05,6
28455,-2e-05,1e-05,-2e-05,2e-05,2e-05,0.00016,0.0,-6e-05,6
28456,-2e-05,1e-05,-2e-05,2e-05,2e-05,0.00016,0.0,-6e-05,6
28457,-2e-05,1e-05,-2e-05,2e-05,2e-05,0.00016,0.0,-6e-05,6
28458,-2e-05,1e-05,-2e-05,2e-05,2e-05,0.00016,0.0,-6e-05,6
28459,-2e-05,1e-05,-2e-05,2e-05,2e-05,0.00016,0.0,-6e-05,6
28460,-2e-05,1e-05,-2e-05,2e-05,2e-05,0.00016,0.0,-6e-05,6
28461,-2e-05,1e-05,-2e-05,2e-05,2e-05,0.00016,0.0,-6e-05,6
28462,-2e-05,1e-05,-2e-05,2e-05,2e-05,0.00016,0.0,-6e-05,6
28463,-2e-05,1e-05,-2e-05,2e-05,2e-05,0.00016,0.0,-6e-05,6
28464,-2e-05,1e-05,-2e-05,2e-05,2e-05,0.00016,0.0,-6e-05,6
28465,-2e-05,6e-05,8e-05,0.00014,0.00016,0.00035,0.00036,4e-05,6
28466,-2e-05,6e-05,8e-05,0.00014,0.00016,0.00035,0.00036,4e-05,6
28467,-2e-05,6e-05,8e-05,0.00014,0.00016,0.00035,0.00036,4e-05,6
28468,-2e-05,6e-05,8e-05,0.00014,0.00016,0.00035,0.00036,4e-05,6
28469,-2e-05,6e-05,8e-05,0.00014,0.00016,0.00035,0.00036,4e-05,6
28470,-2e-05,6e-05,8e-05,0.00014,0.00016,0.00035,0.00036,4e-05,6
28471,-2e-05,6e-05,8e-05,0.00014,0.00016,0.00035,0.00036,4e-05,6
28472,-2e-05,6e-05,8e-05,0.00014,0.00016,0.00035,0.00036,4e-05,6
28473,-2e-05,6e-05,8e-05,0.00014,0.00016,0.00035,0.00036,4e-05,6
28474,-2e-05,6e-05,8e-05,0.00014,0.00016,0.00035,0.00036,4e-05,6
28475,-2e-05,6e-05,8e-05,0.00014,0.00016,0.00035,0.00036,4e-05,6
28476,-2e-05,6e-05,8e-05,0.00014,0.00016,0.00035,0.00036,4e-05,6
28477,-2e-05,6e-05,8e-05,0.00014,0.00016,0.00035,0.00036,4e-05,6
28478,-2e-05,6e-05,8e-05,0.00014,0.00016,0.00035,0.00036,4e-05,6
28479,-2e-05,6e-05,8e-05,0.00014,0.00016,0.00035,0.00036,4e-05,6
28480,-2e-05,6e-05,8e-05,0.00014,0.00016,0.00035,0.00036,4e-05,6
28481,-2e-05,6e-05,8e-05,0.00014,0.00016,0.00035,0.00036,4e-05,6
28482,-2e-05,6e-05,8e-05,0.00014,0.00016,0.00035,0.00036,4e-05,6
28483,-2e-05,6e-05,8e-05,0.00014,0.00016,0.00035,0.00036,4e-05,6
28484,-2e-05,6e-05,8e-05,0.00014,0.00016,0.00035,0.00036,4e-05,6
28485,-2e-05,6e-05,8e-05,0.00014,0.00016,0.00035,0.00036,4e-05,6
28486,-2e-05,6e-05,8e-05,0.00014,0.00016,0.00035,0.00036,4e-05,6
28489,-0.00011,-5e-05,-6e-05,-7e-05,2e-05,-9e-05,-4e-05,0.00039,6
28490,-0.00011,-5e-05,-6e-05,-7e-05,2e-05,-9e-05,-4e-05,0.00039,6
28491,-0.00011,-5e-05,-6e-05,-7e-05,2e-05,-9e-05,-4e-05,0.00039,6
28492,-0.00011,-5e-05,-6e-05,-7e-05,2e-05,-9e-05,-4e-05,0.00039,6
28493,-0.00011,-5e-05,-6e-05,-7e-05,2e-05,-9e-05,-4e-05,0.00039,6
28494,-0.00011,-5e-05,-6e-05,-7e-05,2e-05,-9e-05,-4e-05,0.00039,6
28495,-0.00011,-5e-05,-6e-05,-7e-05,2e-05,-9e-05,-4e-05,0.00039,6
28496,-0.00011,-5e-05,-6e-05,-7e-05,2e-05,-9e-05,-4e-05,0.00039,6
28497,-0.00011,-5e-05,-6e-05,-7e-05,2e-05,-9e-05,-4e-05,0.00039,6
28498,-0.00011,-5e-05,-6e-05,-7e-05,2e-05,-9e-05,-4e-05,0.00039,6
28499,-0.00011,-5e-05,-6e-05,-7e-05,2e-05,-9e-05,-4e-05,0.00039,6
28500,-0.00011,-5e-05,-6e-05,-7e-05,2e-05,-9e-05,-4e-05,0.00039,6
28501,-0.00011,-5e-05,-6e-05,-7e-05,2e-05,-9e-05,-4e-05,0.00039,6
28502,6e-05,-3e-05,-5e-05,-5e-05,0.00021,0.00021,7e-05,0.00047,6
28503,6e-05,-3e-05,-5e-05,-5e-05,0.00021,0.00021,7e-05,0.00047,6
28504,6e-05,-3e-05,-5e-05,-5e-05,0.00021,0.00021,7e-05,0.00047,6
28505,6e-05,-3e-05,-5e-05,-5e-05,0.00021,0.00021,7e-05,0.00047,6
28506,6e-05,-3e-05,-5e-05,-5e-05,0.00021,0.00021,7e-05,0.00047,6
28507,6e-05,-3e-05,-5e-05,-5e-05,0.00021,0.00021,7e-05,0.00047,6
28508,6e-05,-3e-05,-5e-05,-5e-05,0.00021,0.00021,7e-05,0.00047,6
28509,6e-05,-3e-05,-5e-05,-5e-05,0.00021,0.00021,7e-05,0.00047,6
28510,-0.00011,-6e-05,-7e-05,-0.00014,-0.00016,-0.00042,-3e-05,0.00026,6
28511,-0.00011,-6e-05,-7e-05,-0.00014,-0.00016,-0.00042,-3e-05,0.00026,6
28512,-0.00011,-6e-05,-7e-05,-0.00014,-0.00016,-0.00042,-3e-05,0.00026,6
28513,-0.00011,-6e-05,-7e-05,-0.00014,-0.00016,-0.00042,-3e-05,0.00026,6
28514,-0.00011,-6e-05,-7e-05,-0.00014,-0.00016,-0.00042,-3e-05,0.00026,6
28515,-0.00011,-6e-05,-7e-05,-0.00014,-0.00016,-0.00042,-3e-05,0.00026,6
28516,-0.00011,-6e-05,-7e-05,-0.00014,-0.00016,-0.00042,-3e-05,0.00026,6
28517,-0.00011,-6e-05,-7e-05,-0.00014,-0.00016,-0.00042,-3e-05,0.00026,6
28518,-0.00011,-6e-05,-7e-05,-0.00014,-0.00016,-0.00042,-3e-05,0.00026,6
28519,-0.00011,-6e-05,-7e-05,-0.00014,-0.00016,-0.00042,-3e-05,0.00026,6
28520,-0.00011,-6e-05,-7e-05,-0.00014,-0.00016,-0.00042,-3e-05,0.00026,6
28521,-0.00011,-6e-05,-7e-05,-0.00014,-0.00016,-0.00042,-3e-05,0.00026,6
28522,-0.00011,-6e-05,-7e-05,-0.00014,-0.00016,-0.00042,-3e-05,0.00026,6
28523,-0.00011,-6e-05,-7e-05,-0.00014,-0.00016,-0.00042,-3e-05,0.00026,6
28524,-0.00011,-6e-05,-7e-05,-0.00014,-0.00016,-0.00042,-3e-05,0.00026,6
28525,-1e-05,-1e-05,-3e-05,-5e-05,-0.0001,0.00015,0.0,5e-05,6
28526,-9e-05,-4e-05,-1e-05,9e-05,0.00018,6e-05,6e-05,-0.00014,6
28527,-9e-05,-4e-05,-1e-05,9e-05,0.00018,6e-05,6e-05,-0.00014,6
28528,-9e-05,-4e-05,-1e-05,9e-05,0.00018,6e-05,6e-05,-0.00014,6
28529,-9e-05,-4e-05,-1e-05,9e-05,0.00018,6e-05,6e-05,-0.00014,6
28530,-9e-05,-4e-05,-1e-05,9e-05,0.00018,6e-05,6e-05,-0.00014,6
28531,-9e-05,-4e-05,-1e-05,9e-05,0.00018,6e-05,6e-05,-0.00014,6
28532,-9e-05,-4e-05,-1e-05,9e-05,0.00018,6e-05,6e-05,-0.00014,6
28533,-9e-05,-4e-05,-1e-05,9e-05,0.00018,6e-05,6e-05,-0.00014,6
28534,-9e-05,-4e-05,-1e-05,9e-05,0.00018,6e-05,6e-05,-0.00014,6
28535,-9e-05,-4e-05,-1e-05,9e-05,0.00018,6e-05,6e-05,-0.00014,6
28536,-9e-05,-4e-05,-1e-05,9e-05,0.00018,6e-05,6e-05,-0.00014,6
28539,-9e-05,-4e-05,-1e-05,9e-05,0.00018,6e-05,6e-05,-0.00014,6
28540,-9e-05,-4e-05,-1e-05,9e-05,0.00018,6e-05,6e-05,-0.00014,6
28541,-9e-05,-4e-05,-1e-05,9e-05,0.00018,6e-05,6e-05,-0.00014,6
28542,-9e-05,-4e-05,-1e-05,9e-05,0.00018,6e-05,6e-05,-0.00014,6
28543,-9e-05,-4e-05,-1e-05,9e-05,0.00018,6e-05,6e-05,-0.00014,6
28544,-9e-05,-4e-05,-1e-05,9e-05,0.00018,6e-05,6e-05,-0.00014,6
28545,-9e-05,-4e-05,-1e-05,9e-05,0.00018,6e-05,6e-05,-0.00014,6
28546,-9e-05,-4e-05,-1e-05,9e-05,0.00018,6e-05,6e-05,-0.00014,6
28547,3e-05,0.0,-1e-05,-3e-05,-0.00021,-0.00062,-0.0001,-0.00013,6
28548,-4e-05,-1e-05,-3e-05,-6e-05,3e-05,-0.00017,0.00012,-0.0001,6
28549,-4e-05,-1e-05,-3e-05,-6e-05,3e-05,-0.00017,0.00012,-0.0001,6
28550,-4e-05,-1e-05,-3e-05,-6e-05,3e-05,-0.00017,0.00012,-0.0001,6
28551,-4e-05,-1e-05,-3e-05,-6e-05,3e-05,-0.00017,0.00012,-0.0001,6
28552,-4e-05,-1e-05,-3e-05,-6e-05,3e-05,-0.00017,0.00012,-0.0001,6
28553,-4e-05,-1e-05,-3e-05,-6e-05,3e-05,-0.00017,0.00012,-0.0001,6
28554,-4e-05,-1e-05,-3e-05,-6e-05,3e-05,-0.00017,0.00012,-0.0001,6
28556,-4e-05,-1e-05,-3e-05,-6e-05,3e-05,-0.00017,0.00012,-0.0001,6
28557,-4e-05,-1e-05,-3e-05,-6e-05,3e-05,-0.00017,0.00012,-0.0001,6
28558,-4e-05,-1e-05,-3e-05,-6e-05,3e-05,-0.00017,0.00012,-0.0001,6
28559,-4e-05,-1e-05,-3e-05,-6e-05,3e-05,-0.00017,0.00012,-0.0001,6
28560,-4e-05,-1e-05,-3e-05,-6e-05,3e-05,-0.00017,0.00012,-0.0001,6
28561,-4e-05,-1e-05,-3e-05,-6e-05,3e-05,-0.00017,0.00012,-0.0001,6
28562,0.0,0.0,0.0,2e-05,1e-05,0.00054,0.00029,0.0006,6
28563,0.0,0.0,0.0,2e-05,1e-05,0.00054,0.00029,0.0006,6
28564,0.0,0.0,0.0,2e-05,1e-05,0.00054,0.00029,0.0006,6
28565,0.0,0.0,0.0,2e-05,1e-05,0.00054,0.00029,0.0006,6
28566,0.0,0.0,0.0,2e-05,1e-05,0.00054,0.00029,0.0006,6
28567,0.0,0.0,0.0,2e-05,1e-05,0.00054,0.00029,0.0006,6
28568,0.0,0.0,0.0,2e-05,1e-05,0.00054,0.00029,0.0006,6
28569,0.0,0.0,0.0,2e-05,1e-05,0.00054,0.00029,0.0006,6
28570,0.00013,7e-05,0.0001,0.00011,0.00024,0.00069,-4e-05,0.00051,6
28571,5e-05,-2e-05,-4e-05,4e-05,0.00035,-9e-05,-0.00011,-0.00015,6
28572,5e-05,-2e-05,-4e-05,4e-05,0.00035,-9e-05,-0.00011,-0.00015,6
28573,5e-05,-2e-05,-4e-05,4e-05,0.00035,-9e-05,-0.00011,-0.00015,6
28574,5e-05,-2e-05,-4e-05,4e-05,0.00035,-9e-05,-0.00011,-0.00015,6
28575,5e-05,-2e-05,-4e-05,4e-05,0.00035,-9e-05,-0.00011,-0.00015,6
28576,5e-05,-2e-05,-4e-05,4e-05,0.00035,-9e-05,-0.00011,-0.00015,6
28577,5e-05,-2e-05,-4e-05,4e-05,0.00035,-9e-05,-0.00011,-0.00015,6
28578,5e-05,-2e-05,-4e-05,4e-05,0.00035,-9e-05,-0.00011,-0.00015,6
28579,5e-05,-2e-05,-4e-05,4e-05,0.00035,-9e-05,-0.00011,-0.00015,6
28580,5e-05,-2e-05,-4e-05,4e-05,0.00035,-9e-05,-0.00011,-0.00015,6
28581,5e-05,-2e-05,-4e-05,4e-05,0.00035,-9e-05,-0.00011,-0.00015,6
28582,5e-05,-2e-05,-4e-05,4e-05,0.00035,-9e-05,-0.00011,-0.00015,6
28583,5e-05,-2e-05,-4e-05,4e-05,0.00035,-9e-05,-0.00011,-0.00015,6
28584,5e-05,-2e-05,-4e-05,4e-05,0.00035,-9e-05,-0.00011,-0.00015,6
28585,2e-05,-1e-05,-1e-05,-1e-05,0.00016,0.00024,-4e-05,6e-05,6
28586,2e-05,-1e-05,-1e-05,-1e-05,0.00016,0.00024,-4e-05,6e-05,6
28588,2e-05,-1e-05,-1e-05,-1e-05,0.00016,0.00024,-4e-05,6e-05,6
28589,2e-05,-1e-05,-1e-05,-1e-05,0.00016,0.00024,-4e-05,6e-05,6
28590,2e-05,-1e-05,-1e-05,-1e-05,0.00016,0.00024,-4e-05,6e-05,6
28591,2e-05,-1e-05,-1e-05,-1e-05,0.00016,0.00024,-4e-05,6e-05,6
28592,2e-05,-1e-05,-1e-05,-1e-05,0.00016,0.00024,-4e-05,6e-05,6
28593,2e-05,-1e-05,-1e-05,-1e-05,0.00016,0.00024,-4e-05,6e-05,6
28594,2e-05,-1e-05,-1e-05,-1e-05,0.00016,0.00024,-4e-05,6e-05,6
28595,2e-05,-1e-05,-1e-05,-1e-05,0.00016,0.00024,-4e-05,6e-05,6
28596,2e-05,-1e-05,-1e-05,-1e-05,0.00016,0.00024,-4e-05,6e-05,6
28597,2e-05,-1e-05,-1e-05,-1e-05,0.00016,0.00024,-4e-05,6e-05,6
28598,2e-05,-1e-05,-1e-05,-1e-05,0.00016,0.00024,-4e-05,6e-05,6
28599,2e-05,-1e-05,-1e-05,-1e-05,0.00016,0.00024,-4e-05,6e-05,6
28600,2e-05,-1e-05,-1e-05,-1e-05,0.00016,0.00024,-4e-05,6e-05,6
28601,2e-05,-1e-05,-1e-05,-1e-05,0.00016,0.00024,-4e-05,6e-05,6
28602,2e-05,-1e-05,-1e-05,-1e-05,0.00016,0.00024,-4e-05,6e-05,6
28603,2e-05,-1e-05,-1e-05,-1e-05,0.00016,0.00024,-4e-05,6e-05,6
28604,2e-05,-1e-05,-1e-05,-1e-05,0.00016,0.00024,-4e-05,6e-05,6
28606,2e-05,-1e-05,-1e-05,-1e-05,0.00016,0.00024,-4e-05,6e-05,6
28607,-0.0001,1e-05,6e-05,9e-05,9e-05,-0.00089,-0.00036,-0.00089,6
28608,1e-05,-1e-05,-3e-05,0.0,-5e-05,-0.00032,-0.00023,-0.00065,6
28609,1e-05,-1e-05,-3e-05,0.0,-5e-05,-0.00032,-0.00023,-0.00065,6
28610,1e-05,-1e-05,-3e-05,0.0,-5e-05,-0.00032,-0.00023,-0.00065,6
28611,1e-05,-1e-05,-3e-05,0.0,-5e-05,-0.00032,-0.00023,-0.00065,6
28612,1e-05,-1e-05,-3e-05,0.0,-5e-05,-0.00032,-0.00023,-0.00065,6
28613,1e-05,-1e-05,-3e-05,0.0,-5e-05,-0.00032,-0.00023,-0.00065,6
28614,1e-05,-1e-05,-3e-05,0.0,-5e-05,-0.00032,-0.00023,-0.00065,6
28615,1e-05,-1e-05,-3e-05,0.0,-5e-05,-0.00032,-0.00023,-0.00065,6
28616,1e-05,-1e-05,-3e-05,0.0,-5e-05,-0.00032,-0.00023,-0.00065,6
28617,1e-05,-1e-05,-3e-05,0.0,-5e-05,-0.00032,-0.00023,-0.00065,6
28618,1e-05,-1e-05,-3e-05,0.0,-5e-05,-0.00032,-0.00023,-0.00065,6
28619,1e-05,-1e-05,-3e-05,0.0,-5e-05,-0.00032,-0.00023,-0.00065,6
28620,1e-05,-1e-05,-3e-05,0.0,-5e-05,-0.00032,-0.00023,-0.00065,6
28621,1e-05,-1e-05,-3e-05,0.0,-5e-05,-0.00032,-0.00023,-0.00065,6
28622,9e-05,0.0,-3e-05,-8e-05,-0.0001,5e-05,0.00023,0.00077,6
28623,9e-05,0.0,-3e-05,-8e-05,-0.0001,5e-05,0.00023,0.00077,6
28624,9e-05,0.0,-3e-05,-8e-05,-0.0001,5e-05,0.00023,0.00077,6
28625,9e-05,0.0,-3e-05,-8e-05,-0.0001,5e-05,0.00023,0.00077,6
28626,9e-05,0.0,-3e-05,-8e-05,-0.0001,5e-05,0.00023,0.00077,6
28627,9e-05,0.0,-3e-05,-8e-05,-0.0001,5e-05,0.00023,0.00077,6
28628,9e-05,0.0,-3e-05,-8e-05,-0.0001,5e-05,0.00023,0.00077,6
28629,9e-05,0.0,-3e-05,-8e-05,-0.0001,5e-05,0.00023,0.00077,6
28630,1e-05,0.0,2e-05,1e-05,-0.00019,-0.00031,3e-05,0.00014,6
28631,1e-05,0.0,2e-05,1e-05,-0.00019,-0.00031,3e-05,0.00014,6
28632,1e-05,0.0,2e-05,1e-05,-0.00019,-0.00031,3e-05,0.00014,6
28633,1e-05,0.0,2e-05,1e-05,-0.00019,-0.00031,3e-05,0.00014,6
28634,1e-05,0.0,2e-05,1e-05,-0.00019,-0.00031,3e-05,0.00014,6
28635,1e-05,0.0,2e-05,1e-05,-0.00019,-0.00031,3e-05,0.00014,6
28636,1e-05,0.0,2e-05,1e-05,-0.00019,-0.00031,3e-05,0.00014,6
28639,1e-05,0.0,2e-05,1e-05,-0.00019,-0.00031,3e-05,0.00014,6
28640,1e-05,0.0,2e-05,1e-05,-0.00019,-0.00031,3e-05,0.00014,6
28641,1e-05,0.0,2e-05,1e-05,-0.00019,-0.00031,3e-05,0.00014,6
28642,1e-05,0.0,2e-05,1e-05,-0.00019,-0.00031,3e-05,0.00014,6
28643,1e-05,0.0,2e-05,1e-05,-0.00019,-0.00031,3e-05,0.00014,6
28644,1e-05,0.0,2e-05,1e-05,-0.00019,-0.00031,3e-05,0.00014,6
28645,0.0,-1e-05,1e-05,-6e-05,-3e-05,0.00014,0.0,0.0001,6
28646,0.0,-1e-05,1e-05,-6e-05,-3e-05,0.00014,0.0,0.0001,6
28647,0.0,-1e-05,1e-05,-6e-05,-3e-05,0.00014,0.0,0.0001,6
28648,0.0,-1e-05,1e-05,-6e-05,-3e-05,0.00014,0.0,0.0001,6
28649,0.0,-1e-05,1e-05,-6e-05,-3e-05,0.00014,0.0,0.0001,6
28650,0.0,-1e-05,1e-05,-6e-05,-3e-05,0.00014,0.0,0.0001,6
28651,0.0,-1e-05,1e-05,-6e-05,-3e-05,0.00014,0.0,0.0001,6
28652,0.0,-1e-05,1e-05,-6e-05,-3e-05,0.00014,0.0,0.0001,6
28653,0.0,-1e-05,1e-05,-6e-05,-3e-05,0.00014,0.0,0.0001,6
28654,0.0,-1e-05,1e-05,-6e-05,-3e-05,0.00014,0.0,0.0001,6
28655,0.0,-1e-05,1e-05,-6e-05,-3e-05,0.00014,0.0,0.0001,6
28656,0.0,-1e-05,1e-05,-6e-05,-3e-05,0.00014,0.0,0.0001,6
28657,0.0,-1e-05,1e-05,-6e-05,-3e-05,0.00014,0.0,0.0001,6
28658,0.0,-1e-05,1e-05,-6e-05,-3e-05,0.00014,0.0,0.0001,6
28659,0.0,-1e-05,1e-05,-6e-05,-3e-05,0.00014,0.0,0.0001,6
28660,0.0,-1e-05,1e-05,-6e-05,-3e-05,0.00014,0.0,0.0001,6
28661,0.0,-1e-05,1e-05,-6e-05,-3e-05,0.00014,0.0,0.0001,6
28662,0.0,-1e-05,1e-05,-6e-05,-3e-05,0.00014,0.0,0.0001,6
28663,0.0,-1e-05,1e-05,-6e-05,-3e-05,0.00014,0.0,0.0001,6
28664,0.0,-1e-05,1e-05,-6e-05,-3e-05,0.00014,0.0,0.0001,6
28665,0.0,-1e-05,1e-05,-6e-05,-3e-05,0.00014,0.0,0.0001,6
28666,0.0,-1e-05,1e-05,-6e-05,-3e-05,0.00014,0.0,0.0001,6
28667,1e-05,-2e-05,2e-05,0.00014,0.00031,-8e-05,-4e-05,0.00011,6
28668,-1e-05,0.0,0.0,8e-05,7e-05,0.00038,-0.00015,-8e-05,6
28669,-1e-05,0.0,0.0,8e-05,7e-05,0.00038,-0.00015,-8e-05,6
28670,-1e-05,0.0,0.0,8e-05,7e-05,0.00038,-0.00015,-8e-05,6
28671,-1e-05,0.0,0.0,8e-05,7e-05,0.00038,-0.00015,-8e-05,6
28672,-1e-05,0.0,0.0,8e-05,7e-05,0.00038,-0.00015,-8e-05,6
28673,-1e-05,0.0,0.0,8e-05,7e-05,0.00038,-0.00015,-8e-05,6
28674,-1e-05,0.0,0.0,8e-05,7e-05,0.00038,-0.00015,-8e-05,6
28675,-1e-05,0.0,0.0,8e-05,7e-05,0.00038,-0.00015,-8e-05,6
28676,-1e-05,0.0,0.0,8e-05,7e-05,0.00038,-0.00015,-8e-05,6
28677,-1e-05,0.0,0.0,8e-05,7e-05,0.00038,-0.00015,-8e-05,6
28678,-1e-05,0.0,0.0,8e-05,7e-05,0.00038,-0.00015,-8e-05,6
28679,-1e-05,0.0,0.0,8e-05,7e-05,0.00038,-0.00015,-8e-05,6
28680,-1e-05,0.0,0.0,8e-05,7e-05,0.00038,-0.00015,-8e-05,6
28681,-1e-05,0.0,0.0,8e-05,7e-05,0.00038,-0.00015,-8e-05,6
28682,2e-05,-1e-05,-5e-05,-0.00011,-6e-05,-4e-05,-0.00015,-0.00015,6
28683,2e-05,-1e-05,-5e-05,-0.00011,-6e-05,-4e-05,-0.00015,-0.00015,6
28684,2e-05,-1e-05,-5e-05,-0.00011,-6e-05,-4e-05,-0.00015,-0.00015,6
28685,2e-05,-1e-05,-5e-05,-0.00011,-6e-05,-4e-05,-0.00015,-0.00015,6
28686,2e-05,-1e-05,-5e-05,-0.00011,-6e-05,-4e-05,-0.00015,-0.00015,6
28689,2e-05,-1e-05,-5e-05,-0.00011,-6e-05,-4e-05,-0.00015,-0.00015,6
28690,2e-05,-1e-05,-5e-05,-0.00011,-6e-05,-4e-05,-0.00015,-0.00015,6
28691,2e-05,-1e-05,-5e-05,-0.00011,-6e-05,-4e-05,-0.00015,-0.00015,6
28692,2e-05,-1e-05,-5e-05,-0.00011,-6e-05,-4e-05,-0.00015,-0.00015,6
28693,2e-05,-1e-05,-5e-05,-0.00011,-6e-05,-4e-05,-0.00015,-0.00015,6
28694,2e-05,-1e-05,-5e-05,-0.00011,-6e-05,-4e-05,-0.00015,-0.00015,6
28695,2e-05,-1e-05,-5e-05,-0.00011,-6e-05,-4e-05,-0.00015,-0.00015,6
28696,2e-05,-1e-05,-5e-05,-0.00011,-6e-05,-4e-05,-0.00015,-0.00015,6
28697,-1e-05,-1e-05,-3e-05,-6e-05,-0.00017,-5e-05,4e-05,8e-05,6
28698,-1e-05,-1e-05,-3e-05,-6e-05,-0.00017,-5e-05,4e-05,8e-05,6
28699,-1e-05,-1e-05,-3e-05,-6e-05,-0.00017,-5e-05,4e-05,8e-05,6
28700,-1e-05,-1e-05,-3e-05,-6e-05,-0.00017,-5e-05,4e-05,8e-05,6
28701,-1e-05,-1e-05,-3e-05,-6e-05,-0.00017,-5e-05,4e-05,8e-05,6
28702,-1e-05,-1e-05,-3e-05,-6e-05,-0.00017,-5e-05,4e-05,8e-05,6
28703,-1e-05,-1e-05,-3e-05,-6e-05,-0.00017,-5e-05,4e-05,8e-05,6
28704,-1e-05,-1e-05,-3e-05,-6e-05,-0.00017,-5e-05,4e-05,8e-05,6
28705,9e-05,2e-05,2e-05,5e-05,0.0001,0.0001,-1e-05,-6e-05,6
28706,5e-05,0.0,-2e-05,-1e-05,2e-05,-9e-05,-8e-05,8e-05,6
28707,5e-05,0.0,-2e-05,-1e-05,2e-05,-9e-05,-8e-05,8e-05,6
28708,5e-05,0.0,-2e-05,-1e-05,2e-05,-9e-05,-8e-05,8e-05,6
28709,5e-05,0.0,-2e-05,-1e-05,2e-05,-9e-05,-8e-05,8e-05,6
28710,5e-05,0.0,-2e-05,-1e-05,2e-05,-9e-05,-8e-05,8e-05,6
28711,5e-05,0.0,-2e-05,-1e-05,2e-05,-9e-05,-8e-05,8e-05,6
28712,5e-05,0.0,-2e-05,-1e-05,2e-05,-9e-05,-8e-05,8e-05,6
28713,5e-05,0.0,-2e-05,-1e-05,2e-05,-9e-05,-8e-05,8e-05,6
28714,5e-05,0.0,-2e-05,-1e-05,2e-05,-9e-05,-8e-05,8e-05,6
28715,5e-05,0.0,-2e-05,-1e-05,2e-05,-9e-05,-8e-05,8e-05,6
28716,5e-05,0.0,-2e-05,-1e-05,2e-05,-9e-05,-8e-05,8e-05,6
28717,5e-05,0.0,-2e-05,-1e-05,2e-05,-9e-05,-8e-05,8e-05,6
28718,5e-05,0.0,-2e-05,-1e-05,2e-05,-9e-05,-8e-05,8e-05,6
28719,5e-05,0.0,-2e-05,-1e-05,2e-05,-9e-05,-8e-05,8e-05,6
28720,5e-05,0.0,-2e-05,-1e-05,2e-05,-9e-05,-8e-05,8e-05,6
28721,5e-05,0.0,-2e-05,-1e-05,2e-05,-9e-05,-8e-05,8e-05,6
28722,5e-05,0.0,-2e-05,-1e-05,2e-05,-9e-05,-8e-05,8e-05,6
28723,5e-05,0.0,-2e-05,-1e-05,2e-05,-9e-05,-8e-05,8e-05,6
28724,5e-05,0.0,-2e-05,-1e-05,2e-05,-9e-05,-8e-05,8e-05,6
28725,5e-05,0.0,-2e-05,-1e-05,2e-05,-9e-05,-8e-05,8e-05,6
28726,5e-05,0.0,-2e-05,-1e-05,2e-05,-9e-05,-8e-05,8e-05,6
28727,-7e-05,0.0,-3e-05,-6e-05,-0.00021,-0.00029,-0.00014,-0.0007,6
28728,-1e-05,1e-05,2e-05,0.00013,0.00055,9e-05,5e-05,-0.00039,6
28729,-1e-05,1e-05,2e-05,0.00013,0.00055,9e-05,5e-05,-0.00039,6
28730,-1e-05,1e-05,2e-05,0.00013,0.00055,9e-05,5e-05,-0.00039,6
28731,-1e-05,1e-05,2e-05,0.00013,0.00055,9e-05,5e-05,-0.00039,6
28732,-1e-05,1e-05,2e-05,0.00013,0.00055,9e-05,5e-05,-0.00039,6
28733,-1e-05,1e-05,2e-05,0.00013,0.00055,9e-05,5e-05,-0.00039,6
28734,-1e-05,1e-05,2e-05,0.00013,0.00055,9e-05,5e-05,-0.00039,6
28735,-1e-05,1e-05,2e-05,0.00013,0.00055,9e-05,5e-05,-0.00039,6
28736,-1e-05,1e-05,2e-05,0.00013,0.00055,9e-05,5e-05,-0.00039,6
28738,-1e-05,1e-05,2e-05,0.00013,0.00055,9e-05,5e-05,-0.00039,6
28739,-1e-05,1e-05,2e-05,0.00013,0.00055,9e-05,5e-05,-0.00039,6
28740,-1e-05,1e-05,2e-05,0.00013,0.00055,9e-05,5e-05,-0.00039,6
28741,-1e-05,1e-05,2e-05,0.00013,0.00055,9e-05,5e-05,-0.00039,6
28742,6e-05,-3e-05,-4e-05,2e-05,-4e-05,0.00024,-4e-05,0.0,6
28743,6e-05,-3e-05,-4e-05,2e-05,-4e-05,0.00024,-4e-05,0.0,6
28744,6e-05,-3e-05,-4e-05,2e-05,-4e-05,0.00024,-4e-05,0.0,6
28745,6e-05,-3e-05,-4e-05,2e-05,-4e-05,0.00024,-4e-05,0.0,6
28746,6e-05,-3e-05,-4e-05,2e-05,-4e-05,0.00024,-4e-05,0.0,6
28747,6e-05,-3e-05,-4e-05,2e-05,-4e-05,0.00024,-4e-05,0.0,6
28748,6e-05,-3e-05,-4e-05,2e-05,-4e-05,0.00024,-4e-05,0.0,6
28749,6e-05,-3e-05,-4e-05,2e-05,-4e-05,0.00024,-4e-05,0.0,6
28750,2e-05,1e-05,0.0,-4e-05,-1e-05,0.0003,-2e-05,-7e-05,6
28751,2e-05,1e-05,0.0,-4e-05,-1e-05,0.0003,-2e-05,-7e-05,6
28752,2e-05,1e-05,0.0,-4e-05,-1e-05,0.0003,-2e-05,-7e-05,6
28753,2e-05,1e-05,0.0,-4e-05,-1e-05,0.0003,-2e-05,-7e-05,6
28754,2e-05,1e-05,0.0,-4e-05,-1e-05,0.0003,-2e-05,-7e-05,6
28755,2e-05,1e-05,0.0,-4e-05,-1e-05,0.0003,-2e-05,-7e-05,6
28756,2e-05,1e-05,0.0,-4e-05,-1e-05,0.0003,-2e-05,-7e-05,6
28757,2e-05,1e-05,0.0,-4e-05,-1e-05,0.0003,-2e-05,-7e-05,6
28758,2e-05,1e-05,0.0,-4e-05,-1e-05,0.0003,-2e-05,-7e-05,6
28759,2e-05,1e-05,0.0,-4e-05,-1e-05,0.0003,-2e-05,-7e-05,6
28760,2e-05,1e-05,0.0,-4e-05,-1e-05,0.0003,-2e-05,-7e-05,6
28761,2e-05,1e-05,0.0,-4e-05,-1e-05,0.0003,-2e-05,-7e-05,6
28762,2e-05,1e-05,0.0,-4e-05,-1e-05,0.0003,-2e-05,-7e-05,6
28763,2e-05,1e-05,0.0,-4e-05,-1e-05,0.0003,-2e-05,-7e-05,6
28764,2e-05,1e-05,0.0,-4e-05,-1e-05,0.0003,-2e-05,-7e-05,6
28765,-8e-05,-1e-05,-1e-05,-8e-05,-0.00017,0.00033,0.0001,-8e-05,6
28766,7e-05,1e-05,-1e-05,1e-05,5e-05,0.00027,0.00016,0.00044,6
28767,7e-05,1e-05,-1e-05,1e-05,5e-05,0.00027,0.00016,0.00044,6
28768,7e-05,1e-05,-1e-05,1e-05,5e-05,0.00027,0.00016,0.00044,6
28769,7e-05,1e-05,-1e-05,1e-05,5e-05,0.00027,0.00016,0.00044,6
28770,7e-05,1e-05,-1e-05,1e-05,5e-05,0.00027,0.00016,0.00044,6
28771,7e-05,1e-05,-1e-05,1e-05,5e-05,0.00027,0.00016,0.00044,6
28772,7e-05,1e-05,-1e-05,1e-05,5e-05,0.00027,0.00016,0.00044,6
28773,7e-05,1e-05,-1e-05,1e-05,5e-05,0.00027,0.00016,0.00044,6
28774,7e-05,1e-05,-1e-05,1e-05,5e-05,0.00027,0.00016,0.00044,6
28775,7e-05,1e-05,-1e-05,1e-05,5e-05,0.00027,0.00016,0.00044,6
28776,7e-05,1e-05,-1e-05,1e-05,5e-05,0.00027,0.00016,0.00044,6
28777,7e-05,1e-05,-1e-05,1e-05,5e-05,0.00027,0.00016,0.00044,6
28778,7e-05,1e-05,-1e-05,1e-05,5e-05,0.00027,0.00016,0.00044,6
28779,7e-05,1e-05,-1e-05,1e-05,5e-05,0.00027,0.00016,0.00044,6
28780,7e-05,1e-05,-1e-05,1e-05,5e-05,0.00027,0.00016,0.00044,6
28781,7e-05,1e-05,-1e-05,1e-05,5e-05,0.00027,0.00016,0.00044,6
28782,7e-05,1e-05,-1e-05,1e-05,5e-05,0.00027,0.00016,0.00044,6
28783,7e-05,1e-05,-1e-05,1e-05,5e-05,0.00027,0.00016,0.00044,6
28784,7e-05,1e-05,-1e-05,1e-05,5e-05,0.00027,0.00016,0.00044,6
28785,7e-05,1e-05,-1e-05,1e-05,5e-05,0.00027,0.00016,0.00044,6
28786,7e-05,1e-05,-1e-05,1e-05,5e-05,0.00027,0.00016,0.00044,6
28789,-6e-05,-3e-05,-1e-05,-0.0001,-0.00036,-0.00038,-7e-05,-8e-05,6
28790,-6e-05,-3e-05,-1e-05,-0.0001,-0.00036,-0.00038,-7e-05,-8e-05,6
28791,-6e-05,-3e-05,-1e-05,-0.0001,-0.00036,-0.00038,-7e-05,-8e-05,6
28792,-6e-05,-3e-05,-1e-05,-0.0001,-0.00036,-0.00038,-7e-05,-8e-05,6
28793,-6e-05,-3e-05,-1e-05,-0.0001,-0.00036,-0.00038,-7e-05,-8e-05,6
28794,-6e-05,-3e-05,-1e-05,-0.0001,-0.00036,-0.00038,-7e-05,-8e-05,6
28795,-6e-05,-3e-05,-1e-05,-0.0001,-0.00036,-0.00038,-7e-05,-8e-05,6
28796,-6e-05,-3e-05,-1e-05,-0.0001,-0.00036,-0.00038,-7e-05,-8e-05,6
28797,-6e-05,-3e-05,-1e-05,-0.0001,-0.00036,-0.00038,-7e-05,-8e-05,6
28798,-6e-05,-3e-05,-1e-05,-0.0001,-0.00036,-0.00038,-7e-05,-8e-05,6
28799,-6e-05,-3e-05,-1e-05,-0.0001,-0.00036,-0.00038,-7e-05,-8e-05,6
28800,-6e-05,-3e-05,-1e-05,-0.0001,-0.00036,-0.00038,-7e-05,-8e-05,6
28801,-6e-05,-3e-05,-1e-05,-0.0001,-0.00036,-0.00038,-7e-05,-8e-05,6
28802,-2e-05,-2e-05,-2e-05,-6e-05,-0.00021,-8e-05,-2e-05,-0.00014,6
28803,-2e-05,-2e-05,-2e-05,-6e-05,-0.00021,-8e-05,-2e-05,-0.00014,6
28804,-2e-05,-2e-05,-2e-05,-6e-05,-0.00021,-8e-05,-2e-05,-0.00014,6
28805,-2e-05,-2e-05,-2e-05,-6e-05,-0.00021,-8e-05,-2e-05,-0.00014,6
28806,-2e-05,-2e-05,-2e-05,-6e-05,-0.00021,-8e-05,-2e-05,-0.00014,6
28807,-2e-05,-2e-05,-2e-05,-6e-05,-0.00021,-8e-05,-2e-05,-0.00014,6
28808,-2e-05,-2e-05,-2e-05,-6e-05,-0.00021,-8e-05,-2e-05,-0.00014,6
28809,-2e-05,-2e-05,-2e-05,-6e-05,-0.00021,-8e-05,-2e-05,-0.00014,6
28810,-4e-05,1e-05,-1e-05,-4e-05,5e-05,-3e-05,-0.0001,-0.00054,6
28811,-4e-05,1e-05,-1e-05,-4e-05,5e-05,-3e-05,-0.0001,-0.00054,6
28812,-4e-05,1e-05,-1e-05,-4e-05,5e-05,-3e-05,-0.0001,-0.00054,6
28813,-4e-05,1e-05,-1e-05,-4e-05,5e-05,-3e-05,-0.0001,-0.00054,6
28814,-4e-05,1e-05,-1e-05,-4e-05,5e-05,-3e-05,-0.0001,-0.00054,6
28815,-4e-05,1e-05,-1e-05,-4e-05,5e-05,-3e-05,-0.0001,-0.00054,6
28816,-4e-05,1e-05,-1e-05,-4e-05,5e-05,-3e-05,-0.0001,-0.00054,6
28817,-4e-05,1e-05,-1e-05,-4e-05,5e-05,-3e-05,-0.0001,-0.00054,6
28818,-4e-05,1e-05,-1e-05,-4e-05,5e-05,-3e-05,-0.0001,-0.00054,6
28819,-4e-05,1e-05,-1e-05,-4e-05,5e-05,-3e-05,-0.0001,-0.00054,6
28820,-4e-05,1e-05,-1e-05,-4e-05,5e-05,-3e-05,-0.0001,-0.00054,6
28821,-4e-05,1e-05,-1e-05,-4e-05,5e-05,-3e-05,-0.0001,-0.00054,6
28822,-4e-05,1e-05,-1e-05,-4e-05,5e-05,-3e-05,-0.0001,-0.00054,6
28823,-4e-05,1e-05,-1e-05,-4e-05,5e-05,-3e-05,-0.0001,-0.00054,6
28824,-4e-05,1e-05,-1e-05,-4e-05,5e-05,-3e-05,-0.0001,-0.00054,6
28825,-1e-05,-1e-05,-2e-05,-2e-05,2e-05,6e-05,-0.0001,0.0,6
28826,0.0,2e-05,3e-05,0.00014,0.00021,-0.00017,-2e-05,0.00019,6
28827,0.0,2e-05,3e-05,0.00014,0.00021,-0.00017,-2e-05,0.00019,6
28828,0.0,2e-05,3e-05,0.00014,0.00021,-0.00017,-2e-05,0.00019,6
28829,0.0,2e-05,3e-05,0.00014,0.00021,-0.00017,-2e-05,0.00019,6
28830,0.0,2e-05,3e-05,0.00014,0.00021,-0.00017,-2e-05,0.00019,6
28831,0.0,2e-05,3e-05,0.00014,0.00021,-0.00017,-2e-05,0.00019,6
28832,0.0,2e-05,3e-05,0.00014,0.00021,-0.00017,-2e-05,0.00019,6
28833,0.0,2e-05,3e-05,0.00014,0.00021,-0.00017,-2e-05,0.00019,6
28834,0.0,2e-05,3e-05,0.00014,0.00021,-0.00017,-2e-05,0.00019,6
28835,0.0,2e-05,3e-05,0.00014,0.00021,-0.00017,-2e-05,0.00019,6
28836,0.0,2e-05,3e-05,0.00014,0.00021,-0.00017,-2e-05,0.00019,6
28838,0.0,2e-05,3e-05,0.00014,0.00021,-0.00017,-2e-05,0.00019,6
28839,0.0,2e-05,3e-05,0.00014,0.00021,-0.00017,-2e-05,0.00019,6
28840,0.0,2e-05,3e-05,0.00014,0.00021,-0.00017,-2e-05,0.00019,6
28841,0.0,2e-05,3e-05,0.00014,0.00021,-0.00017,-2e-05,0.00019,6
28842,0.0,2e-05,3e-05,0.00014,0.00021,-0.00017,-2e-05,0.00019,6
28843,0.0,2e-05,3e-05,0.00014,0.00021,-0.00017,-2e-05,0.00019,6
28844,0.0,2e-05,3e-05,0.00014,0.00021,-0.00017,-2e-05,0.00019,6
28845,0.0,2e-05,3e-05,0.00014,0.00021,-0.00017,-2e-05,0.00019,6
28846,0.0,2e-05,3e-05,0.00014,0.00021,-0.00017,-2e-05,0.00019,6
28847,2e-05,6e-05,6e-05,0.0,-0.00037,-0.00029,-1e-05,-0.00014,6
28848,-6e-05,-3e-05,-7e-05,-5e-05,-9e-05,-8e-05,5e-05,3e-05,6
28849,-6e-05,-3e-05,-7e-05,-5e-05,-9e-05,-8e-05,5e-05,3e-05,6
28850,-6e-05,-3e-05,-7e-05,-5e-05,-9e-05,-8e-05,5e-05,3e-05,6
28851,-6e-05,-3e-05,-7e-05,-5e-05,-9e-05,-8e-05,5e-05,3e-05,6
28852,-6e-05,-3e-05,-7e-05,-5e-05,-9e-05,-8e-05,5e-05,3e-05,6
28853,-6e-05,-3e-05,-7e-05,-5e-05,-9e-05,-8e-05,5e-05,3e-05,6
28854,-6e-05,-3e-05,-7e-05,-5e-05,-9e-05,-8e-05,5e-05,3e-05,6
28855,-6e-05,-3e-05,-7e-05,-5e-05,-9e-05,-8e-05,5e-05,3e-05,6
28856,-6e-05,-3e-05,-7e-05,-5e-05,-9e-05,-8e-05,5e-05,3e-05,6
28857,-6e-05,-3e-05,-7e-05,-5e-05,-9e-05,-8e-05,5e-05,3e-05,6
28858,-6e-05,-3e-05,-7e-05,-5e-05,-9e-05,-8e-05,5e-05,3e-05,6
28859,-6e-05,-3e-05,-7e-05,-5e-05,-9e-05,-8e-05,5e-05,3e-05,6
28860,-6e-05,-3e-05,-7e-05,-5e-05,-9e-05,-8e-05,5e-05,3e-05,6
28861,-6e-05,-3e-05,-7e-05,-5e-05,-9e-05,-8e-05,5e-05,3e-05,6
28862,3e-05,0.0,0.0,-4e-05,-8e-05,0.00014,3e-05,0.00025,6
28863,3e-05,0.0,0.0,-4e-05,-8e-05,0.00014,3e-05,0.00025,6
28864,3e-05,0.0,0.0,-4e-05,-8e-05,0.00014,3e-05,0.00025,6
28865,3e-05,0.0,0.0,-4e-05,-8e-05,0.00014,3e-05,0.00025,6
28866,3e-05,0.0,0.0,-4e-05,-8e-05,0.00014,3e-05,0.00025,6
28867,3e-05,0.0,0.0,-4e-05,-8e-05,0.00014,3e-05,0.00025,6
28868,3e-05,0.0,0.0,-4e-05,-8e-05,0.00014,3e-05,0.00025,6
28869,-5e-05,0.0,0.0,-3e-05,-3e-05,-0.00021,4e-05,-0.00055,6
28870,1e-05,-1e-05,-1e-05,-4e-05,-3e-05,-0.00012,-5e-05,0.00038,6
28871,1e-05,-1e-05,-1e-05,-4e-05,-3e-05,-0.00012,-5e-05,0.00038,6
28872,1e-05,-1e-05,-1e-05,-4e-05,-3e-05,-0.00012,-5e-05,0.00038,6
28873,1e-05,-1e-05,-1e-05,-4e-05,-3e-05,-0.00012,-5e-05,0.00038,6
28874,1e-05,-1e-05,-1e-05,-4e-05,-3e-05,-0.00012,-5e-05,0.00038,6
28875,1e-05,-1e-05,-1e-05,-4e-05,-3e-05,-0.00012,-5e-05,0.00038,6
28876,1e-05,-1e-05,-1e-05,-4e-05,-3e-05,-0.00012,-5e-05,0.00038,6
28877,1e-05,-1e-05,-1e-05,-4e-05,-3e-05,-0.00012,-5e-05,0.00038,6
28878,1e-05,-1e-05,-1e-05,-4e-05,-3e-05,-0.00012,-5e-05,0.00038,6
28879,1e-05,-1e-05,-1e-05,-4e-05,-3e-05,-0.00012,-5e-05,0.00038,6
28880,1e-05,-1e-05,-1e-05,-4e-05,-3e-05,-0.00012,-5e-05,0.00038,6
28881,1e-05,-1e-05,-1e-05,-4e-05,-3e-05,-0.00012,-5e-05,0.00038,6
28882,1e-05,-1e-05,-1e-05,-4e-05,-3e-05,-0.00012,-5e-05,0.00038,6
28883,1e-05,-1e-05,-1e-05,-4e-05,-3e-05,-0.00012,-5e-05,0.00038,6
28884,1e-05,-1e-05,-1e-05,-4e-05,-3e-05,-0.00012,-5e-05,0.00038,6
28885,-4e-05,-1e-05,-3e-05,-3e-05,1e-05,0.0001,-5e-05,0.00025,6
28886,1e-05,-3e-05,-1e-05,-7e-05,-0.00019,-0.00012,-7e-05,-0.00074,6
28888,1e-05,-3e-05,-1e-05,-7e-05,-0.00019,-0.00012,-7e-05,-0.00074,6
28889,1e-05,-3e-05,-1e-05,-7e-05,-0.00019,-0.00012,-7e-05,-0.00074,6
28890,1e-05,-3e-05,-1e-05,-7e-05,-0.00019,-0.00012,-7e-05,-0.00074,6
28891,1e-05,-3e-05,-1e-05,-7e-05,-0.00019,-0.00012,-7e-05,-0.00074,6
28892,1e-05,-3e-05,-1e-05,-7e-05,-0.00019,-0.00012,-7e-05,-0.00074,6
28893,1e-05,-3e-05,-1e-05,-7e-05,-0.00019,-0.00012,-7e-05,-0.00074,6
28894,1e-05,-3e-05,-1e-05,-7e-05,-0.00019,-0.00012,-7e-05,-0.00074,6
28895,1e-05,-3e-05,-1e-05,-7e-05,-0.00019,-0.00012,-7e-05,-0.00074,6
28896,1e-05,-3e-05,-1e-05,-7e-05,-0.00019,-0.00012,-7e-05,-0.00074,6
28897,1e-05,-3e-05,-1e-05,-7e-05,-0.00019,-0.00012,-7e-05,-0.00074,6
28898,1e-05,-3e-05,-1e-05,-7e-05,-0.00019,-0.00012,-7e-05,-0.00074,6
28899,1e-05,-3e-05,-1e-05,-7e-05,-0.00019,-0.00012,-7e-05,-0.00074,6
28900,1e-05,-3e-05,-1e-05,-7e-05,-0.00019,-0.00012,-7e-05,-0.00074,6
28901,1e-05,-3e-05,-1e-05,-7e-05,-0.00019,-0.00012,-7e-05,-0.00074,6
28902,1e-05,-3e-05,-1e-05,-7e-05,-0.00019,-0.00012,-7e-05,-0.00074,6
28903,1e-05,-3e-05,-1e-05,-7e-05,-0.00019,-0.00012,-7e-05,-0.00074,6
28904,1e-05,-3e-05,-1e-05,-7e-05,-0.00019,-0.00012,-7e-05,-0.00074,6
28905,1e-05,-3e-05,-1e-05,-7e-05,-0.00019,-0.00012,-7e-05,-0.00074,6
28906,1e-05,-3e-05,-1e-05,-7e-05,-0.00019,-0.00012,-7e-05,-0.00074,6
28907,1e-05,-3e-05,-1e-05,-7e-05,-0.00019,-0.00012,-7e-05,-0.00074,6
28908,0.0,-2e-05,0.0,-3e-05,-6e-05,-2e-05,-4e-05,-0.00012,6
28909,-4e-05,-6e-05,-8e-05,-0.00012,-0.00031,-0.00015,-0.00011,-0.00023,6
28910,-4e-05,-6e-05,-8e-05,-0.00012,-0.00031,-0.00015,-0.00011,-0.00023,6
28911,-4e-05,-6e-05,-8e-05,-0.00012,-0.00031,-0.00015,-0.00011,-0.00023,6
28912,-4e-05,-6e-05,-8e-05,-0.00012,-0.00031,-0.00015,-0.00011,-0.00023,6
28913,-4e-05,-6e-05,-8e-05,-0.00012,-0.00031,-0.00015,-0.00011,-0.00023,6
28914,-4e-05,-6e-05,-8e-05,-0.00012,-0.00031,-0.00015,-0.00011,-0.00023,6
28915,-4e-05,-6e-05,-8e-05,-0.00012,-0.00031,-0.00015,-0.00011,-0.00023,6
28916,-4e-05,-6e-05,-8e-05,-0.00012,-0.00031,-0.00015,-0.00011,-0.00023,6
28917,-4e-05,-6e-05,-8e-05,-0.00012,-0.00031,-0.00015,-0.00011,-0.00023,6
28918,-4e-05,-6e-05,-8e-05,-0.00012,-0.00031,-0.00015,-0.00011,-0.00023,6
28919,-4e-05,-6e-05,-8e-05,-0.00012,-0.00031,-0.00015,-0.00011,-0.00023,6
28920,-4e-05,-6e-05,-8e-05,-0.00012,-0.00031,-0.00015,-0.00011,-0.00023,6
28921,-4e-05,-6e-05,-8e-05,-0.00012,-0.00031,-0.00015,-0.00011,-0.00023,6
28923,0.0,2e-05,4e-05,0.0001,6e-05,0.00027,6e-05,-0.00016,6
28924,0.0,2e-05,4e-05,0.0001,6e-05,0.00027,6e-05,-0.00016,6
28925,0.0,2e-05,4e-05,0.0001,6e-05,0.00027,6e-05,-0.00016,6
28926,0.0,2e-05,4e-05,0.0001,6e-05,0.00027,6e-05,-0.00016,6
28927,0.0,2e-05,4e-05,0.0001,6e-05,0.00027,6e-05,-0.00016,6
28928,0.0,2e-05,4e-05,0.0001,6e-05,0.00027,6e-05,-0.00016,6
28929,0.0,2e-05,4e-05,0.0001,6e-05,0.00027,6e-05,-0.00016,6
28930,-3e-05,-2e-05,-4e-05,-9e-05,-9e-05,0.00013,4e-05,0.00032,6
28931,-3e-05,-2e-05,-4e-05,-9e-05,-9e-05,0.00013,4e-05,0.00032,6
28932,-3e-05,-2e-05,-4e-05,-9e-05,-9e-05,0.00013,4e-05,0.00032,6
28933,-3e-05,-2e-05,-4e-05,-9e-05,-9e-05,0.00013,4e-05,0.00032,6
28934,-3e-05,-2e-05,-4e-05,-9e-05,-9e-05,0.00013,4e-05,0.00032,6
28935,-3e-05,-2e-05,-4e-05,-9e-05,-9e-05,0.00013,4e-05,0.00032,6
28936,-3e-05,-2e-05,-4e-05,-9e-05,-9e-05,0.00013,4e-05,0.00032,6
28938,-3e-05,-2e-05,-4e-05,-9e-05,-9e-05,0.00013,4e-05,0.00032,6
28939,-3e-05,-2e-05,-4e-05,-9e-05,-9e-05,0.00013,4e-05,0.00032,6
28940,-3e-05,-2e-05,-4e-05,-9e-05,-9e-05,0.00013,4e-05,0.00032,6
28941,-3e-05,-2e-05,-4e-05,-9e-05,-9e-05,0.00013,4e-05,0.00032,6
28942,-3e-05,-2e-05,-4e-05,-9e-05,-9e-05,0.00013,4e-05,0.00032,6
28943,-3e-05,-2e-05,-4e-05,-9e-05,-9e-05,0.00013,4e-05,0.00032,6
28944,-3e-05,-2e-05,-4e-05,-9e-05,-9e-05,0.00013,4e-05,0.00032,6
28945,-2e-05,-4e-05,-5e-05,-5e-05,6e-05,-0.00017,-5e-05,9e-05,6
28946,-4e-05,-2e-05,1e-05,3e-05,3e-05,-0.00028,-0.00013,-0.00045,6
28947,-4e-05,-2e-05,1e-05,3e-05,3e-05,-0.00028,-0.00013,-0.00045,6
28948,-4e-05,-2e-05,1e-05,3e-05,3e-05,-0.00028,-0.00013,-0.00045,6
28949,-4e-05,-2e-05,1e-05,3e-05,3e-05,-0.00028,-0.00013,-0.00045,6
28950,-4e-05,-2e-05,1e-05,3e-05,3e-05,-0.00028,-0.00013,-0.00045,6
28951,-4e-05,-2e-05,1e-05,3e-05,3e-05,-0.00028,-0.00013,-0.00045,6
28952,-4e-05,-2e-05,1e-05,3e-05,3e-05,-0.00028,-0.00013,-0.00045,6
28953,-4e-05,-2e-05,1e-05,3e-05,3e-05,-0.00028,-0.00013,-0.00045,6
28954,-4e-05,-2e-05,1e-05,3e-05,3e-05,-0.00028,-0.00013,-0.00045,6
28955,-4e-05,-2e-05,1e-05,3e-05,3e-05,-0.00028,-0.00013,-0.00045,6
28956,-4e-05,-2e-05,1e-05,3e-05,3e-05,-0.00028,-0.00013,-0.00045,6
28957,-4e-05,-2e-05,1e-05,3e-05,3e-05,-0.00028,-0.00013,-0.00045,6
28958,-4e-05,-2e-05,1e-05,3e-05,3e-05,-0.00028,-0.00013,-0.00045,6
28959,-4e-05,-2e-05,1e-05,3e-05,3e-05,-0.00028,-0.00013,-0.00045,6
28960,-4e-05,-2e-05,1e-05,3e-05,3e-05,-0.00028,-0.00013,-0.00045,6
28961,-4e-05,-2e-05,1e-05,3e-05,3e-05,-0.00028,-0.00013,-0.00045,6
28962,-4e-05,-2e-05,1e-05,3e-05,3e-05,-0.00028,-0.00013,-0.00045,6
28963,-4e-05,-2e-05,1e-05,3e-05,3e-05,-0.00028,-0.00013,-0.00045,6
28964,-4e-05,-2e-05,1e-05,3e-05,3e-05,-0.00028,-0.00013,-0.00045,6
28965,-4e-05,-2e-05,1e-05,3e-05,3e-05,-0.00028,-0.00013,-0.00045,6
28966,-4e-05,-2e-05,1e-05,3e-05,3e-05,-0.00028,-0.00013,-0.00045,6
28967,-4e-05,-2e-05,1e-05,3e-05,3e-05,-0.00028,-0.00013,-0.00045,6
28968,-4e-05,-2e-05,1e-05,3e-05,3e-05,-0.00028,-0.00013,-0.00045,6
28969,-4e-05,-2e-05,1e-05,3e-05,3e-05,-0.00028,-0.00013,-0.00045,6
28970,-4e-05,-2e-05,1e-05,3e-05,3e-05,-0.00028,-0.00013,-0.00045,6
28971,-4e-05,-2e-05,1e-05,3e-05,3e-05,-0.00028,-0.00013,-0.00045,6
28972,-4e-05,-2e-05,1e-05,3e-05,3e-05,-0.00028,-0.00013,-0.00045,6
28973,-4e-05,-2e-05,1e-05,3e-05,3e-05,-0.00028,-0.00013,-0.00045,6
28974,-4e-05,-2e-05,1e-05,3e-05,3e-05,-0.00028,-0.00013,-0.00045,6
28975,-4e-05,-1e-05,-5e-05,-5e-05,-3e-05,-0.00011,-0.00012,-0.00071,6
28976,-6e-05,-4e-05,-5e-05,1e-05,0.00023,-2e-05,-0.00012,-0.0001,6
28977,-6e-05,-4e-05,-5e-05,1e-05,0.00023,-2e-05,-0.00012,-0.0001,6
28978,-6e-05,-4e-05,-5e-05,1e-05,0.00023,-2e-05,-0.00012,-0.0001,6
28979,-6e-05,-4e-05,-5e-05,1e-05,0.00023,-2e-05,-0.00012,-0.0001,6
28980,-6e-05,-4e-05,-5e-05,1e-05,0.00023,-2e-05,-0.00012,-0.0001,6
28981,-6e-05,-4e-05,-5e-05,1e-05,0.00023,-2e-05,-0.00012,-0.0001,6
28982,-6e-05,-4e-05,-5e-05,1e-05,0.00023,-2e-05,-0.00012,-0.0001,6
28983,-6e-05,-4e-05,-5e-05,1e-05,0.00023,-2e-05,-0.00012,-0.0001,6
28984,-6e-05,-4e-05,-5e-05,1e-05,0.00023,-2e-05,-0.00012,-0.0001,6
28985,-6e-05,-4e-05,-5e-05,1e-05,0.00023,-2e-05,-0.00012,-0.0001,6
28986,-6e-05,-4e-05,-5e-05,1e-05,0.00023,-2e-05,-0.00012,-0.0001,6
28988,-6e-05,-4e-05,-5e-05,1e-05,0.00023,-2e-05,-0.00012,-0.0001,6
28989,-6e-05,-4e-05,-5e-05,1e-05,0.00023,-2e-05,-0.00012,-0.0001,6
28990,-6e-05,-4e-05,-5e-05,1e-05,0.00023,-2e-05,-0.00012,-0.0001,6
28991,-6e-05,-4e-05,-5e-05,1e-05,0.00023,-2e-05,-0.00012,-0.0001,6
28992,-6e-05,-4e-05,-5e-05,1e-05,0.00023,-2e-05,-0.00012,-0.0001,6
28993,-6e-05,-4e-05,-5e-05,1e-05,0.00023,-2e-05,-0.00012,-0.0001,6
28994,-6e-05,-4e-05,-5e-05,1e-05,0.00023,-2e-05,-0.00012,-0.0001,6
28995,-6e-05,-4e-05,-5e-05,1e-05,0.00023,-2e-05,-0.00012,-0.0001,6
28996,-6e-05,-4e-05,-5e-05,1e-05,0.00023,-2e-05,-0.00012,-0.0001,6
28997,-6e-05,-4e-05,-5e-05,1e-05,0.00023,-2e-05,-0.00012,-0.0001,6
28998,5e-05,0.0,3e-05,4e-05,-1e-05,-0.00041,6e-05,2e-05,6
28999,1e-05,2e-05,1e-05,0.0,1e-05,0.00015,0.00012,0.00019,6
29000,1e-05,2e-05,1e-05,0.0,1e-05,0.00015,0.00012,0.00019,6
29001,1e-05,2e-05,1e-05,0.0,1e-05,0.00015,0.00012,0.00019,6
29002,1e-05,2e-05,1e-05,0.0,1e-05,0.00015,0.00012,0.00019,6
29003,1e-05,2e-05,1e-05,0.0,1e-05,0.00015,0.00012,0.00019,6
29004,1e-05,2e-05,1e-05,0.0,1e-05,0.00015,0.00012,0.00019,6
29005,-0.00012,-8e-05,-6e-05,0.0,0.0001,0.00012,9e-05,0.00062,6
29006,-0.00012,-8e-05,-6e-05,0.0,0.0001,0.00012,9e-05,0.00062,6
29007,-0.00012,-8e-05,-6e-05,0.0,0.0001,0.00012,9e-05,0.00062,6
29008,-0.00012,-8e-05,-6e-05,0.0,0.0001,0.00012,9e-05,0.00062,6
29009,-0.00012,-8e-05,-6e-05,0.0,0.0001,0.00012,9e-05,0.00062,6
29010,-0.00012,-8e-05,-6e-05,0.0,0.0001,0.00012,9e-05,0.00062,6
29011,-0.00012,-8e-05,-6e-05,0.0,0.0001,0.00012,9e-05,0.00062,6
29012,-2e-05,-3e-05,-1e-05,3e-05,0.00013,7e-05,4e-05,0.00037,6
29013,-2e-05,-3e-05,-1e-05,3e-05,0.00013,7e-05,4e-05,0.00037,6
29014,-2e-05,-3e-05,-1e-05,3e-05,0.00013,7e-05,4e-05,0.00037,6
29015,-2e-05,-3e-05,-1e-05,3e-05,0.00013,7e-05,4e-05,0.00037,6
29017,-2e-05,-3e-05,-1e-05,3e-05,0.00013,7e-05,4e-05,0.00037,6
29018,-2e-05,-3e-05,-1e-05,3e-05,0.00013,7e-05,4e-05,0.00037,6
29019,-2e-05,-3e-05,-1e-05,3e-05,0.00013,7e-05,4e-05,0.00037,6
29020,-2e-05,-3e-05,-1e-05,3e-05,0.00013,7e-05,4e-05,0.00037,6
29021,-2e-05,-3e-05,-1e-05,3e-05,0.00013,7e-05,4e-05,0.00037,6
29022,-2e-05,-3e-05,-1e-05,3e-05,0.00013,7e-05,4e-05,0.00037,6
29023,-2e-05,-3e-05,-1e-05,3e-05,0.00013,7e-05,4e-05,0.00037,6
29024,-2e-05,-3e-05,-1e-05,3e-05,0.00013,7e-05,4e-05,0.00037,6
29025,-2e-05,-3e-05,-1e-05,3e-05,0.00013,7e-05,4e-05,0.00037,6
29026,-2e-05,-3e-05,-1e-05,3e-05,0.00013,7e-05,4e-05,0.00037,6
29027,-2e-05,-3e-05,-1e-05,3e-05,0.00013,7e-05,4e-05,0.00037,6
29028,-1e-05,2e-05,1e-05,5e-05,0.00035,0.00056,-4e-05,-0.00068,6
29029,-1e-05,2e-05,1e-05,5e-05,0.00035,0.00056,-4e-05,-0.00068,6
29030,-1e-05,2e-05,1e-05,5e-05,0.00035,0.00056,-4e-05,-0.00068,6
29031,-1e-05,2e-05,1e-05,5e-05,0.00035,0.00056,-4e-05,-0.00068,6
29032,-1e-05,2e-05,1e-05,5e-05,0.00035,0.00056,-4e-05,-0.00068,6
29033,-1e-05,2e-05,1e-05,5e-05,0.00035,0.00056,-4e-05,-0.00068,6
29034,-1e-05,2e-05,1e-05,5e-05,0.00035,0.00056,-4e-05,-0.00068,6
29035,-3e-05,-1e-05,-3e-05,-0.0001,-0.00025,-5e-05,8e-05,0.00041,6
29036,-3e-05,-1e-05,-3e-05,-0.0001,-0.00025,-5e-05,8e-05,0.00041,6
29038,-3e-05,-1e-05,-3e-05,-0.0001,-0.00025,-5e-05,8e-05,0.00041,6
29039,-3e-05,-1e-05,-3e-05,-0.0001,-0.00025,-5e-05,8e-05,0.00041,6
29040,-3e-05,-1e-05,-3e-05,-0.0001,-0.00025,-5e-05,8e-05,0.00041,6
29041,-3e-05,-1e-05,-3e-05,-0.0001,-0.00025,-5e-05,8e-05,0.00041,6
29042,-3e-05,-1e-05,-3e-05,-0.0001,-0.00025,-5e-05,8e-05,0.00041,6
29043,-3e-05,-1e-05,-3e-05,-0.0001,-0.00025,-5e-05,8e-05,0.00041,6
29044,-3e-05,-1e-05,-3e-05,-0.0001,-0.00025,-5e-05,8e-05,0.00041,6
29045,-3e-05,-1e-05,-3e-05,-0.0001,-0.00025,-5e-05,8e-05,0.00041,6
29046,-3e-05,-1e-05,-3e-05,-0.0001,-0.00025,-5e-05,8e-05,0.00041,6
29047,-3e-05,-1e-05,-3e-05,-0.0001,-0.00025,-5e-05,8e-05,0.00041,6
29048,-3e-05,-1e-05,-3e-05,-0.0001,-0.00025,-5e-05,8e-05,0.00041,6
29049,-3e-05,-1e-05,-3e-05,-0.0001,-0.00025,-5e-05,8e-05,0.00041,6
29050,1e-05,0.0,1e-05,0.00013,0.00029,0.00021,-8e-05,-0.00058,6
29051,2e-05,1e-05,0.0,-4e-05,-7e-05,5e-05,-2e-05,-0.00012,6
29052,2e-05,1e-05,0.0,-4e-05,-7e-05,5e-05,-2e-05,-0.00012,6
29053,2e-05,1e-05,0.0,-4e-05,-7e-05,5e-05,-2e-05,-0.00012,6
29054,2e-05,1e-05,0.0,-4e-05,-7e-05,5e-05,-2e-05,-0.00012,6
29055,2e-05,1e-05,0.0,-4e-05,-7e-05,5e-05,-2e-05,-0.00012,6
29056,2e-05,1e-05,0.0,-4e-05,-7e-05,5e-05,-2e-05,-0.00012,6
29057,2e-05,1e-05,0.0,-4e-05,-7e-05,5e-05,-2e-05,-0.00012,6
29058,2e-05,1e-05,0.0,-4e-05,-7e-05,5e-05,-2e-05,-0.00012,6
29059,2e-05,1e-05,0.0,-4e-05,-7e-05,5e-05,-2e-05,-0.00012,6
29060,2e-05,1e-05,0.0,-4e-05,-7e-05,5e-05,-2e-05,-0.00012,6
29061,2e-05,1e-05,0.0,-4e-05,-7e-05,5e-05,-2e-05,-0.00012,6
29062,2e-05,1e-05,0.0,-4e-05,-7e-05,5e-05,-2e-05,-0.00012,6
29063,2e-05,1e-05,0.0,-4e-05,-7e-05,5e-05,-2e-05,-0.00012,6
29064,2e-05,1e-05,0.0,-4e-05,-7e-05,5e-05,-2e-05,-0.00012,6
29065,1e-05,1e-05,2e-05,7e-05,9e-05,-0.00011,-5e-05,0.00044,6
29066,1e-05,-2e-05,-1e-05,4e-05,-6e-05,0.00023,4e-05,5e-05,6
29067,1e-05,-2e-05,-1e-05,4e-05,-6e-05,0.00023,4e-05,5e-05,6
29068,1e-05,-2e-05,-1e-05,4e-05,-6e-05,0.00023,4e-05,5e-05,6
29069,1e-05,-2e-05,-1e-05,4e-05,-6e-05,0.00023,4e-05,5e-05,6
29070,1e-05,-2e-05,-1e-05,4e-05,-6e-05,0.00023,4e-05,5e-05,6
29071,1e-05,-2e-05,-1e-05,4e-05,-6e-05,0.00023,4e-05,5e-05,6
29072,1e-05,-2e-05,-1e-05,4e-05,-6e-05,0.00023,4e-05,5e-05,6
29073,1e-05,-2e-05,-1e-05,4e-05,-6e-05,0.00023,4e-05,5e-05,6
29074,1e-05,-2e-05,-1e-05,4e-05,-6e-05,0.00023,4e-05,5e-05,6
29075,1e-05,-2e-05,-1e-05,4e-05,-6e-05,0.00023,4e-05,5e-05,6
29076,1e-05,-2e-05,-1e-05,4e-05,-6e-05,0.00023,4e-05,5e-05,6
29077,1e-05,-2e-05,-1e-05,4e-05,-6e-05,0.00023,4e-05,5e-05,6
29078,1e-05,-2e-05,-1e-05,4e-05,-6e-05,0.00023,4e-05,5e-05,6
29079,1e-05,-2e-05,-1e-05,4e-05,-6e-05,0.00023,4e-05,5e-05,6
29080,1e-05,-2e-05,-1e-05,4e-05,-6e-05,0.00023,4e-05,5e-05,6
29081,1e-05,-2e-05,-1e-05,4e-05,-6e-05,0.00023,4e-05,5e-05,6
29082,1e-05,-2e-05,-1e-05,4e-05,-6e-05,0.00023,4e-05,5e-05,6
29083,1e-05,-2e-05,-1e-05,4e-05,-6e-05,0.00023,4e-05,5e-05,6
29084,1e-05,-2e-05,-1e-05,4e-05,-6e-05,0.00023,4e-05,5e-05,6
29085,1e-05,-2e-05,-1e-05,4e-05,-6e-05,0.00023,4e-05,5e-05,6
29086,1e-05,-2e-05,-1e-05,4e-05,-6e-05,0.00023,4e-05,5e-05,6
29089,-2e-05,-1e-05,3e-05,2e-05,0.00013,-0.00023,-0.00014,0.00016,6
29090,-2e-05,-1e-05,3e-05,2e-05,0.00013,-0.00023,-0.00014,0.00016,6
29091,-2e-05,-1e-05,3e-05,2e-05,0.00013,-0.00023,-0.00014,0.00016,6
29092,-2e-05,-1e-05,3e-05,2e-05,0.00013,-0.00023,-0.00014,0.00016,6
29093,-2e-05,-1e-05,3e-05,2e-05,0.00013,-0.00023,-0.00014,0.00016,6
29094,-2e-05,-1e-05,3e-05,2e-05,0.00013,-0.00023,-0.00014,0.00016,6
29095,-2e-05,-1e-05,3e-05,2e-05,0.00013,-0.00023,-0.00014,0.00016,6
29096,-2e-05,-1e-05,3e-05,2e-05,0.00013,-0.00023,-0.00014,0.00016,6
29097,-2e-05,-1e-05,3e-05,2e-05,0.00013,-0.00023,-0.00014,0.00016,6
29098,-2e-05,-1e-05,3e-05,2e-05,0.00013,-0.00023,-0.00014,0.00016,6
29099,-2e-05,-1e-05,3e-05,2e-05,0.00013,-0.00023,-0.00014,0.00016,6
29100,-2e-05,-1e-05,3e-05,2e-05,0.00013,-0.00023,-0.00014,0.00016,6
29101,-2e-05,-1e-05,3e-05,2e-05,0.00013,-0.00023,-0.00014,0.00016,6
29102,-2e-05,-1e-05,3e-05,2e-05,0.00013,-0.00023,-0.00014,0.00016,6
29103,-2e-05,-1e-05,3e-05,2e-05,0.00013,-0.00023,-0.00014,0.00016,6
29104,-2e-05,-1e-05,3e-05,2e-05,0.00013,-0.00023,-0.00014,0.00016,6
29105,-2e-05,-1e-05,3e-05,2e-05,0.00013,-0.00023,-0.00014,0.00016,6
29106,-2e-05,-1e-05,3e-05,2e-05,0.00013,-0.00023,-0.00014,0.00016,6
29107,-2e-05,-1e-05,3e-05,2e-05,0.00013,-0.00023,-0.00014,0.00016,6
29108,-2e-05,-1e-05,3e-05,2e-05,0.00013,-0.00023,-0.00014,0.00016,6
29109,-2e-05,-1e-05,3e-05,2e-05,0.00013,-0.00023,-0.00014,0.00016,6
29110,4e-05,4e-05,4e-05,9e-05,0.0,0.00033,0.00016,0.00011,6
29111,4e-05,2e-05,2e-05,-1e-05,0.00011,0.00033,9e-05,0.00021,6
29112,4e-05,2e-05,2e-05,-1e-05,0.00011,0.00033,9e-05,0.00021,6
29113,4e-05,2e-05,2e-05,-1e-05,0.00011,0.00033,9e-05,0.00021,6
29114,4e-05,2e-05,2e-05,-1e-05,0.00011,0.00033,9e-05,0.00021,6
29115,4e-05,2e-05,2e-05,-1e-05,0.00011,0.00033,9e-05,0.00021,6
29116,4e-05,2e-05,2e-05,-1e-05,0.00011,0.00033,9e-05,0.00021,6
29117,4e-05,2e-05,2e-05,-1e-05,0.00011,0.00033,9e-05,0.00021,6
29118,4e-05,2e-05,2e-05,-1e-05,0.00011,0.00033,9e-05,0.00021,6
29119,4e-05,2e-05,2e-05,-1e-05,0.00011,0.00033,9e-05,0.00021,6
29120,4e-05,2e-05,2e-05,-1e-05,0.00011,0.00033,9e-05,0.00021,6
29121,4e-05,2e-05,2e-05,-1e-05,0.00011,0.00033,9e-05,0.00021,6
29122,4e-05,2e-05,2e-05,-1e-05,0.00011,0.00033,9e-05,0.00021,6
29123,4e-05,2e-05,2e-05,-1e-05,0.00011,0.00033,9e-05,0.00021,6
29124,4e-05,2e-05,2e-05,-1e-05,0.00011,0.00033,9e-05,0.00021,6
29125,4e-05,2e-05,2e-05,-1e-05,0.00011,0.00033,9e-05,0.00021,6
29126,4e-05,2e-05,2e-05,-1e-05,0.00011,0.00033,9e-05,0.00021,6
29127,4e-05,2e-05,2e-05,-1e-05,0.00011,0.00033,9e-05,0.00021,6
29128,4e-05,2e-05,2e-05,-1e-05,0.00011,0.00033,9e-05,0.00021,6
29129,4e-05,2e-05,2e-05,-1e-05,0.00011,0.00033,9e-05,0.00021,6
29130,4e-05,2e-05,2e-05,-1e-05,0.00011,0.00033,9e-05,0.00021,6
29131,4e-05,2e-05,2e-05,-1e-05,0.00011,0.00033,9e-05,0.00021,6
29132,4e-05,2e-05,2e-05,-1e-05,0.00011,0.00033,9e-05,0.00021,6
29133,3e-05,2e-05,4e-05,-2e-05,6e-05,-4e-05,-0.00019,0.00024,6
29134,0.0,-4e-05,-3e-05,0.00017,0.00016,-7e-05,8e-05,0.00079,6
29135,0.0,-4e-05,-3e-05,0.00017,0.00016,-7e-05,8e-05,0.00079,6
29136,0.0,-4e-05,-3e-05,0.00017,0.00016,-7e-05,8e-05,0.00079,6
29138,0.0,-4e-05,-3e-05,0.00017,0.00016,-7e-05,8e-05,0.00079,6
29139,0.0,-4e-05,-3e-05,0.00017,0.00016,-7e-05,8e-05,0.00079,6
29140,0.0,-4e-05,-3e-05,0.00017,0.00016,-7e-05,8e-05,0.00079,6
29141,0.0,-4e-05,-3e-05,0.00017,0.00016,-7e-05,8e-05,0.00079,6
29142,0.0,-4e-05,-3e-05,0.00017,0.00016,-7e-05,8e-05,0.00079,6
29143,0.0,-4e-05,-3e-05,0.00017,0.00016,-7e-05,8e-05,0.00079,6
29144,0.0,-4e-05,-3e-05,0.00017,0.00016,-7e-05,8e-05,0.00079,6
29145,0.0,-4e-05,-3e-05,0.00017,0.00016,-7e-05,8e-05,0.00079,6
29146,0.0,-4e-05,-3e-05,0.00017,0.00016,-7e-05,8e-05,0.00079,6
29147,0.0,-4e-05,-3e-05,0.00017,0.00016,-7e-05,8e-05,0.00079,6
29148,4e-05,1e-05,-1e-05,0.0,-0.00013,0.0001,-0.00014,0.00034,6
29149,4e-05,1e-05,-1e-05,0.0,-0.00013,0.0001,-0.00014,0.00034,6
29150,4e-05,1e-05,-1e-05,0.0,-0.00013,0.0001,-0.00014,0.00034,6
29151,4e-05,1e-05,-1e-05,0.0,-0.00013,0.0001,-0.00014,0.00034,6
29152,4e-05,1e-05,-1e-05,0.0,-0.00013,0.0001,-0.00014,0.00034,6
29153,4e-05,1e-05,-1e-05,0.0,-0.00013,0.0001,-0.00014,0.00034,6
29154,-2e-05,-1e-05,-1e-05,-4e-05,-0.00012,-0.00018,-8e-05,-1e-05,6
29155,1e-05,1e-05,2e-05,6e-05,0.00028,0.00061,6e-05,-0.0003,6
29156,1e-05,1e-05,2e-05,6e-05,0.00028,0.00061,6e-05,-0.0003,6
29157,1e-05,1e-05,2e-05,6e-05,0.00028,0.00061,6e-05,-0.0003,6
29158,1e-05,1e-05,2e-05,6e-05,0.00028,0.00061,6e-05,-0.0003,6
29159,1e-05,1e-05,2e-05,6e-05,0.00028,0.00061,6e-05,-0.0003,6
29160,1e-05,1e-05,2e-05,6e-05,0.00028,0.00061,6e-05,-0.0003,6
29161,1e-05,1e-05,2e-05,6e-05,0.00028,0.00061,6e-05,-0.0003,6
29162,1e-05,1e-05,2e-05,6e-05,0.00028,0.00061,6e-05,-0.0003,6
29163,1e-05,1e-05,2e-05,6e-05,0.00028,0.00061,6e-05,-0.0003,6
29164,1e-05,1e-05,2e-05,6e-05,0.00028,0.00061,6e-05,-0.0003,6
29165,1e-05,1e-05,2e-05,6e-05,0.00028,0.00061,6e-05,-0.0003,6
29166,1e-05,1e-05,2e-05,6e-05,0.00028,0.00061,6e-05,-0.0003,6
29167,1e-05,1e-05,2e-05,6e-05,0.00028,0.00061,6e-05,-0.0003,6
29168,1e-05,1e-05,2e-05,6e-05,0.00028,0.00061,6e-05,-0.0003,6
29169,1e-05,1e-05,2e-05,6e-05,0.00028,0.00061,6e-05,-0.0003,6
29170,-5e-05,-4e-05,0.0,-4e-05,0.00014,1e-05,-0.00012,-0.00022,6
29171,4e-05,2e-05,2e-05,0.0,0.00033,-0.00023,-0.00014,-0.00051,6
29172,4e-05,2e-05,2e-05,0.0,0.00033,-0.00023,-0.00014,-0.00051,6
29173,4e-05,2e-05,2e-05,0.0,0.00033,-0.00023,-0.00014,-0.00051,6
29174,4e-05,2e-05,2e-05,0.0,0.00033,-0.00023,-0.00014,-0.00051,6
29175,4e-05,2e-05,2e-05,0.0,0.00033,-0.00023,-0.00014,-0.00051,6
29176,4e-05,2e-05,2e-05,0.0,0.00033,-0.00023,-0.00014,-0.00051,6
29177,4e-05,2e-05,2e-05,0.0,0.00033,-0.00023,-0.00014,-0.00051,6
29178,4e-05,2e-05,2e-05,0.0,0.00033,-0.00023,-0.00014,-0.00051,6
29179,4e-05,2e-05,2e-05,0.0,0.00033,-0.00023,-0.00014,-0.00051,6
29180,4e-05,2e-05,2e-05,0.0,0.00033,-0.00023,-0.00014,-0.00051,6
29181,4e-05,2e-05,2e-05,0.0,0.00033,-0.00023,-0.00014,-0.00051,6
29182,4e-05,2e-05,2e-05,0.0,0.00033,-0.00023,-0.00014,-0.00051,6
29183,4e-05,2e-05,2e-05,0.0,0.00033,-0.00023,-0.00014,-0.00051,6
29184,4e-05,2e-05,2e-05,0.0,0.00033,-0.00023,-0.00014,-0.00051,6
29185,-5e-05,-6e-05,-6e-05,-2e-05,0.00027,0.00045,-0.00014,4e-05,6
29186,-2e-05,-4e-05,-3e-05,-9e-05,-0.00047,-1e-05,0.00013,-0.00015,6
29188,-2e-05,-4e-05,-3e-05,-9e-05,-0.00047,-1e-05,0.00013,-0.00015,6
29189,-2e-05,-4e-05,-3e-05,-9e-05,-0.00047,-1e-05,0.00013,-0.00015,6
29190,-2e-05,-4e-05,-3e-05,-9e-05,-0.00047,-1e-05,0.00013,-0.00015,6
29191,-2e-05,-4e-05,-3e-05,-9e-05,-0.00047,-1e-05,0.00013,-0.00015,6
29192,-2e-05,-4e-05,-3e-05,-9e-05,-0.00047,-1e-05,0.00013,-0.00015,6
29193,-2e-05,-4e-05,-3e-05,-9e-05,-0.00047,-1e-05,0.00013,-0.00015,6
29194,-2e-05,-4e-05,-3e-05,-9e-05,-0.00047,-1e-05,0.00013,-0.00015,6
29195,-2e-05,-4e-05,-3e-05,-9e-05,-0.00047,-1e-05,0.00013,-0.00015,6
29196,-2e-05,-4e-05,-3e-05,-9e-05,-0.00047,-1e-05,0.00013,-0.00015,6
29197,-2e-05,-4e-05,-3e-05,-9e-05,-0.00047,-1e-05,0.00013,-0.00015,6
29198,-2e-05,-4e-05,-3e-05,-9e-05,-0.00047,-1e-05,0.00013,-0.00015,6
29199,-2e-05,-4e-05,-3e-05,-9e-05,-0.00047,-1e-05,0.00013,-0.00015,6
29200,-2e-05,-4e-05,-3e-05,-9e-05,-0.00047,-1e-05,0.00013,-0.00015,6
29201,-2e-05,-4e-05,-3e-05,-9e-05,-0.00047,-1e-05,0.00013,-0.00015,6
29202,-2e-05,-4e-05,-3e-05,-9e-05,-0.00047,-1e-05,0.00013,-0.00015,6
29203,-2e-05,-4e-05,-3e-05,-9e-05,-0.00047,-1e-05,0.00013,-0.00015,6
29204,-2e-05,-4e-05,-3e-05,-9e-05,-0.00047,-1e-05,0.00013,-0.00015,6
29205,-2e-05,-4e-05,-3e-05,-9e-05,-0.00047,-1e-05,0.00013,-0.00015,6
29206,-2e-05,-4e-05,-3e-05,-9e-05,-0.00047,-1e-05,0.00013,-0.00015,6
29207,-1e-05,3e-05,7e-05,5e-05,0.00017,-6e-05,0.00011,-2e-05,6
29208,-4e-05,-2e-05,-1e-05,3e-05,0.0002,-0.00015,6e-05,5e-05,6
29209,-4e-05,-2e-05,-1e-05,3e-05,0.0002,-0.00015,6e-05,5e-05,6
29210,-4e-05,-2e-05,-1e-05,3e-05,0.0002,-0.00015,6e-05,5e-05,6
29211,-4e-05,-2e-05,-1e-05,3e-05,0.0002,-0.00015,6e-05,5e-05,6
29212,-4e-05,-2e-05,-1e-05,3e-05,0.0002,-0.00015,6e-05,5e-05,6
29213,-4e-05,-2e-05,-1e-05,3e-05,0.0002,-0.00015,6e-05,5e-05,6
29214,-4e-05,-2e-05,-1e-05,3e-05,0.0002,-0.00015,6e-05,5e-05,6
29215,-4e-05,-2e-05,-1e-05,3e-05,0.0002,-0.00015,6e-05,5e-05,6
29216,-4e-05,-2e-05,-1e-05,3e-05,0.0002,-0.00015,6e-05,5e-05,6
29217,-4e-05,-2e-05,-1e-05,3e-05,0.0002,-0.00015,6e-05,5e-05,6
29218,-4e-05,-2e-05,-1e-05,3e-05,0.0002,-0.00015,6e-05,5e-05,6
29219,-4e-05,-2e-05,-1e-05,3e-05,0.0002,-0.00015,6e-05,5e-05,6
29220,-4e-05,-2e-05,-1e-05,3e-05,0.0002,-0.00015,6e-05,5e-05,6
29221,-4e-05,-2e-05,-1e-05,3e-05,0.0002,-0.00015,6e-05,5e-05,6
29222,-4e-05,-2e-05,-1e-05,3e-05,0.0002,-0.00015,6e-05,5e-05,6
29223,-4e-05,-2e-05,-1e-05,3e-05,0.0002,-0.00015,6e-05,5e-05,6
29224,-4e-05,-2e-05,-1e-05,3e-05,0.0002,-0.00015,6e-05,5e-05,6
29225,-4e-05,-2e-05,-1e-05,3e-05,0.0002,-0.00015,6e-05,5e-05,6
29226,-4e-05,-2e-05,-1e-05,3e-05,0.0002,-0.00015,6e-05,5e-05,6
29227,-4e-05,-2e-05,-1e-05,3e-05,0.0002,-0.00015,6e-05,5e-05,6
29228,-4e-05,-2e-05,-1e-05,3e-05,0.0002,-0.00015,6e-05,5e-05,6
29229,-4e-05,-2e-05,-1e-05,3e-05,0.0002,-0.00015,6e-05,5e-05,6
29230,0.0,1e-05,-2e-05,1e-05,0.00017,-0.0002,-0.00011,-1e-05,6
29231,6e-05,1e-05,1e-05,-0.0001,-0.00016,1e-05,-6e-05,-0.0004,6
29232,6e-05,1e-05,1e-05,-0.0001,-0.00016,1e-05,-6e-05,-0.0004,6
29233,6e-05,1e-05,1e-05,-0.0001,-0.00016,1e-05,-6e-05,-0.0004,6
29234,6e-05,1e-05,1e-05,-0.0001,-0.00016,1e-05,-6e-05,-0.0004,6
29235,6e-05,1e-05,1e-05,-0.0001,-0.00016,1e-05,-6e-05,-0.0004,6
29236,6e-05,1e-05,1e-05,-0.0001,-0.00016,1e-05,-6e-05,-0.0004,6
29238,6e-05,1e-05,1e-05,-0.0001,-0.00016,1e-05,-6e-05,-0.0004,6
29239,6e-05,1e-05,1e-05,-0.0001,-0.00016,1e-05,-6e-05,-0.0004,6
29240,6e-05,1e-05,1e-05,-0.0001,-0.00016,1e-05,-6e-05,-0.0004,6
29241,6e-05,1e-05,1e-05,-0.0001,-0.00016,1e-05,-6e-05,-0.0004,6
29242,6e-05,1e-05,1e-05,-0.0001,-0.00016,1e-05,-6e-05,-0.0004,6
29243,6e-05,1e-05,1e-05,-0.0001,-0.00016,1e-05,-6e-05,-0.0004,6
29244,6e-05,1e-05,1e-05,-0.0001,-0.00016,1e-05,-6e-05,-0.0004,6
29245,6e-05,1e-05,1e-05,-0.0001,-0.00016,1e-05,-6e-05,-0.0004,6
29246,6e-05,1e-05,1e-05,-0.0001,-0.00016,1e-05,-6e-05,-0.0004,6
29247,6e-05,1e-05,1e-05,-0.0001,-0.00016,1e-05,-6e-05,-0.0004,6
29248,6e-05,1e-05,1e-05,-0.0001,-0.00016,1e-05,-6e-05,-0.0004,6
29249,6e-05,1e-05,1e-05,-0.0001,-0.00016,1e-05,-6e-05,-0.0004,6
29250,6e-05,1e-05,1e-05,-0.0001,-0.00016,1e-05,-6e-05,-0.0004,6
29251,6e-05,1e-05,1e-05,-0.0001,-0.00016,1e-05,-6e-05,-0.0004,6
29252,6e-05,1e-05,1e-05,-0.0001,-0.00016,1e-05,-6e-05,-0.0004,6
29253,-3e-05,-1e-05,1e-05,-3e-05,-0.00029,-4e-05,-1e-05,-0.00036,6
29254,-3e-05,0.0,-1e-05,-2e-05,-3e-05,-0.00024,-0.00017,-9e-05,6
29255,-3e-05,0.0,-1e-05,-2e-05,-3e-05,-0.00024,-0.00017,-9e-05,6
29256,-3e-05,0.0,-1e-05,-2e-05,-3e-05,-0.00024,-0.00017,-9e-05,6
29257,-3e-05,0.0,-1e-05,-2e-05,-3e-05,-0.00024,-0.00017,-9e-05,6
29258,-3e-05,0.0,-1e-05,-2e-05,-3e-05,-0.00024,-0.00017,-9e-05,6
29259,-3e-05,0.0,-1e-05,-2e-05,-3e-05,-0.00024,-0.00017,-9e-05,6
29260,-3e-05,0.0,-1e-05,-2e-05,-3e-05,-0.00024,-0.00017,-9e-05,6
29261,-3e-05,0.0,-1e-05,-2e-05,-3e-05,-0.00024,-0.00017,-9e-05,6
29262,-3e-05,0.0,-1e-05,-2e-05,-3e-05,-0.00024,-0.00017,-9e-05,6
29263,-3e-05,0.0,-1e-05,-2e-05,-3e-05,-0.00024,-0.00017,-9e-05,6
29264,-3e-05,0.0,-1e-05,-2e-05,-3e-05,-0.00024,-0.00017,-9e-05,6
29265,-3e-05,0.0,-1e-05,-2e-05,-3e-05,-0.00024,-0.00017,-9e-05,6
29266,-3e-05,0.0,-1e-05,-2e-05,-3e-05,-0.00024,-0.00017,-9e-05,6
29267,-3e-05,0.0,-1e-05,-2e-05,-3e-05,-0.00024,-0.00017,-9e-05,6
29268,-3e-05,0.0,-1e-05,-2e-05,-3e-05,-0.00024,-0.00017,-9e-05,6
29269,-3e-05,0.0,-1e-05,-2e-05,-3e-05,-0.00024,-0.00017,-9e-05,6
29270,-3e-05,0.0,-1e-05,-2e-05,-3e-05,-0.00024,-0.00017,-9e-05,6
29271,-3e-05,0.0,-1e-05,-2e-05,-3e-05,-0.00024,-0.00017,-9e-05,6
29272,-3e-05,0.0,-1e-05,-2e-05,-3e-05,-0.00024,-0.00017,-9e-05,6
29273,-3e-05,0.0,-1e-05,-2e-05,-3e-05,-0.00024,-0.00017,-9e-05,6
29274,-3e-05,0.0,-1e-05,-2e-05,-3e-05,-0.00024,-0.00017,-9e-05,6
29275,-3e-05,2e-05,3e-05,-4e-05,-0.00012,-0.00015,0.00011,-0.00011,6
29276,4e-05,3e-05,3e-05,0.0,-0.00016,-0.00014,-1e-05,-7e-05,6
29277,4e-05,3e-05,3e-05,0.0,-0.00016,-0.00014,-1e-05,-7e-05,6
29278,4e-05,3e-05,3e-05,0.0,-0.00016,-0.00014,-1e-05,-7e-05,6
29279,4e-05,3e-05,3e-05,0.0,-0.00016,-0.00014,-1e-05,-7e-05,6
29280,4e-05,3e-05,3e-05,0.0,-0.00016,-0.00014,-1e-05,-7e-05,6
29281,4e-05,3e-05,3e-05,0.0,-0.00016,-0.00014,-1e-05,-7e-05,6
29282,4e-05,3e-05,3e-05,0.0,-0.00016,-0.00014,-1e-05,-7e-05,6
29283,4e-05,3e-05,3e-05,0.0,-0.00016,-0.00014,-1e-05,-7e-05,6
29284,4e-05,3e-05,3e-05,0.0,-0.00016,-0.00014,-1e-05,-7e-05,6
29285,4e-05,3e-05,3e-05,0.0,-0.00016,-0.00014,-1e-05,-7e-05,6
29286,4e-05,3e-05,3e-05,0.0,-0.00016,-0.00014,-1e-05,-7e-05,6
29288,4e-05,3e-05,3e-05,0.0,-0.00016,-0.00014,-1e-05,-7e-05,6
29289,4e-05,3e-05,3e-05,0.0,-0.00016,-0.00014,-1e-05,-7e-05,6
29290,2e-05,-1e-05,0.0,-1e-05,-6e-05,-9e-05,8e-05,-6e-05,6
29291,0.0,1e-05,1e-05,-1e-05,-9e-05,-0.00019,-0.0002,-0.00031,6
29292,0.0,1e-05,1e-05,-1e-05,-9e-05,-0.00019,-0.0002,-0.00031,6
29293,0.0,1e-05,1e-05,-1e-05,-9e-05,-0.00019,-0.0002,-0.00031,6
29294,0.0,1e-05,1e-05,-1e-05,-9e-05,-0.00019,-0.0002,-0.00031,6
29295,0.0,1e-05,1e-05,-1e-05,-9e-05,-0.00019,-0.0002,-0.00031,6
29296,0.0,1e-05,1e-05,-1e-05,-9e-05,-0.00019,-0.0002,-0.00031,6
29297,0.0,1e-05,1e-05,-1e-05,-9e-05,-0.00019,-0.0002,-0.00031,6
29298,0.0,1e-05,1e-05,-1e-05,-9e-05,-0.00019,-0.0002,-0.00031,6
29299,0.0,1e-05,1e-05,-1e-05,-9e-05,-0.00019,-0.0002,-0.00031,6
29300,0.0,1e-05,1e-05,-1e-05,-9e-05,-0.00019,-0.0002,-0.00031,6
29301,0.0,1e-05,1e-05,-1e-05,-9e-05,-0.00019,-0.0002,-0.00031,6
29302,0.0,1e-05,1e-05,-1e-05,-9e-05,-0.00019,-0.0002,-0.00031,6
29303,0.0,1e-05,1e-05,-1e-05,-9e-05,-0.00019,-0.0002,-0.00031,6
29304,0.0,1e-05,1e-05,-1e-05,-9e-05,-0.00019,-0.0002,-0.00031,6
29305,0.00012,3e-05,3e-05,0.0,-3e-05,0.00016,-0.00038,-0.0004,6
29306,-4e-05,-3e-05,-2e-05,-1e-05,9e-05,0.00016,0.00024,0.00029,6
29307,-4e-05,-3e-05,-2e-05,-1e-05,9e-05,0.00016,0.00024,0.00029,6
29308,-4e-05,-3e-05,-2e-05,-1e-05,9e-05,0.00016,0.00024,0.00029,6
29309,-4e-05,-3e-05,-2e-05,-1e-05,9e-05,0.00016,0.00024,0.00029,6
29310,-4e-05,-3e-05,-2e-05,-1e-05,9e-05,0.00016,0.00024,0.00029,6
29311,-4e-05,-3e-05,-2e-05,-1e-05,9e-05,0.00016,0.00024,0.00029,6
29312,-4e-05,-3e-05,-2e-05,-1e-05,9e-05,0.00016,0.00024,0.00029,6
29313,-4e-05,-3e-05,-2e-05,-1e-05,9e-05,0.00016,0.00024,0.00029,6
29314,-4e-05,-3e-05,-2e-05,-1e-05,9e-05,0.00016,0.00024,0.00029,6
29315,-4e-05,-3e-05,-2e-05,-1e-05,9e-05,0.00016,0.00024,0.00029,6
29316,-4e-05,-3e-05,-2e-05,-1e-05,9e-05,0.00016,0.00024,0.00029,6
29317,-4e-05,-3e-05,-2e-05,-1e-05,9e-05,0.00016,0.00024,0.00029,6
29318,-4e-05,-3e-05,-2e-05,-1e-05,9e-05,0.00016,0.00024,0.00029,6
29319,-4e-05,-3e-05,-2e-05,-1e-05,9e-05,0.00016,0.00024,0.00029,6
29320,-4e-05,-3e-05,-2e-05,-1e-05,9e-05,0.00016,0.00024,0.00029,6
29321,-4e-05,-3e-05,-2e-05,-1e-05,9e-05,0.00016,0.00024,0.00029,6
29322,-4e-05,-3e-05,-2e-05,-1e-05,9e-05,0.00016,0.00024,0.00029,6
29323,-4e-05,-3e-05,-2e-05,-1e-05,9e-05,0.00016,0.00024,0.00029,6
29324,-4e-05,-3e-05,-2e-05,-1e-05,9e-05,0.00016,0.00024,0.00029,6
29325,-4e-05,-3e-05,-2e-05,-1e-05,9e-05,0.00016,0.00024,0.00029,6
29326,-4e-05,-3e-05,-2e-05,-1e-05,9e-05,0.00016,0.00024,0.00029,6
29327,-0.00019,-6e-05,-5e-05,5e-05,0.0002,2e-05,0.00022,-0.00032,6
29328,-4e-05,-4e-05,-3e-05,-6e-05,2e-05,-7e-05,-2e-05,9e-05,6
29329,-4e-05,-4e-05,-3e-05,-6e-05,2e-05,-7e-05,-2e-05,9e-05,6
29330,-4e-05,-4e-05,-3e-05,-6e-05,2e-05,-7e-05,-2e-05,9e-05,6
29331,-4e-05,-4e-05,-3e-05,-6e-05,2e-05,-7e-05,-2e-05,9e-05,6
29332,-4e-05,-4e-05,-3e-05,-6e-05,2e-05,-7e-05,-2e-05,9e-05,6
29333,-4e-05,-4e-05,-3e-05,-6e-05,2e-05,-7e-05,-2e-05,9e-05,6
29334,-4e-05,-4e-05,-3e-05,-6e-05,2e-05,-7e-05,-2e-05,9e-05,6
29335,-4e-05,-4e-05,-3e-05,-6e-05,2e-05,-7e-05,-2e-05,9e-05,6
29336,-4e-05,-4e-05,-3e-05,-6e-05,2e-05,-7e-05,-2e-05,9e-05,6
29338,-4e-05,-4e-05,-3e-05,-6e-05,2e-05,-7e-05,-2e-05,9e-05,6
29339,-4e-05,-4e-05,-3e-05,-6e-05,2e-05,-7e-05,-2e-05,9e-05,6
29340,-4e-05,-4e-05,-3e-05,-6e-05,2e-05,-7e-05,-2e-05,9e-05,6
29341,-4e-05,-4e-05,-3e-05,-6e-05,2e-05,-7e-05,-2e-05,9e-05,6
29342,-4e-05,-4e-05,-3e-05,-6e-05,2e-05,-7e-05,-2e-05,9e-05,6
29343,-4e-05,-4e-05,-3e-05,-6e-05,2e-05,-7e-05,-2e-05,9e-05,6
29344,-4e-05,-4e-05,-3e-05,-6e-05,2e-05,-7e-05,-2e-05,9e-05,6
29345,-4e-05,-4e-05,-3e-05,-6e-05,2e-05,-7e-05,-2e-05,9e-05,6
29346,-4e-05,-4e-05,-3e-05,-6e-05,2e-05,-7e-05,-2e-05,9e-05,6
29347,-4e-05,-4e-05,-3e-05,-6e-05,2e-05,-7e-05,-2e-05,9e-05,6
29348,-4e-05,-4e-05,-3e-05,-6e-05,2e-05,-7e-05,-2e-05,9e-05,6
29349,-4e-05,-4e-05,-3e-05,-6e-05,2e-05,-7e-05,-2e-05,9e-05,6
29350,-4e-05,-4e-05,-3e-05,-6e-05,2e-05,-7e-05,-2e-05,9e-05,6
29351,3e-05,-4e-05,-6e-05,1e-05,0.0004,0.00067,8e-05,0.00041,6
29352,-6e-05,-1e-05,0.0,-4e-05,-2e-05,-9e-05,4e-05,0.00013,6
29354,-6e-05,-1e-05,0.0,-4e-05,-2e-05,-9e-05,4e-05,0.00013,6
29355,-6e-05,-1e-05,0.0,-4e-05,-2e-05,-9e-05,4e-05,0.00013,6
29356,-6e-05,-1e-05,0.0,-4e-05,-2e-05,-9e-05,4e-05,0.00013,6
29357,-6e-05,-1e-05,0.0,-4e-05,-2e-05,-9e-05,4e-05,0.00013,6
29358,-6e-05,-1e-05,0.0,-4e-05,-2e-05,-9e-05,4e-05,0.00013,6
29359,-6e-05,-1e-05,0.0,-4e-05,-2e-05,-9e-05,4e-05,0.00013,6
29360,-6e-05,-1e-05,0.0,-4e-05,-2e-05,-9e-05,4e-05,0.00013,6
29361,-6e-05,-1e-05,0.0,-4e-05,-2e-05,-9e-05,4e-05,0.00013,6
29362,-6e-05,-1e-05,0.0,-4e-05,-2e-05,-9e-05,4e-05,0.00013,6
29363,-6e-05,-1e-05,0.0,-4e-05,-2e-05,-9e-05,4e-05,0.00013,6
29364,-6e-05,-1e-05,0.0,-4e-05,-2e-05,-9e-05,4e-05,0.00013,6
29365,5e-05,4e-05,2e-05,-3e-05,-0.00012,9e-05,-0.00021,-0.00025,6
29366,5e-05,4e-05,2e-05,-3e-05,-0.00012,9e-05,-0.00021,-0.00025,6
29367,5e-05,4e-05,2e-05,-3e-05,-0.00012,9e-05,-0.00021,-0.00025,6
29368,5e-05,4e-05,2e-05,-3e-05,-0.00012,9e-05,-0.00021,-0.00025,6
29369,5e-05,4e-05,2e-05,-3e-05,-0.00012,9e-05,-0.00021,-0.00025,6
29370,5e-05,4e-05,2e-05,-3e-05,-0.00012,9e-05,-0.00021,-0.00025,6
29371,5e-05,4e-05,2e-05,-3e-05,-0.00012,9e-05,-0.00021,-0.00025,6
29372,5e-05,4e-05,2e-05,-3e-05,-0.00012,9e-05,-0.00021,-0.00025,6
29373,5e-05,4e-05,2e-05,-3e-05,-0.00012,9e-05,-0.00021,-0.00025,6
29374,5e-05,4e-05,2e-05,-3e-05,-0.00012,9e-05,-0.00021,-0.00025,6
29375,5e-05,4e-05,2e-05,-3e-05,-0.00012,9e-05,-0.00021,-0.00025,6
29376,5e-05,4e-05,2e-05,-3e-05,-0.00012,9e-05,-0.00021,-0.00025,6
29377,5e-05,4e-05,2e-05,-3e-05,-0.00012,9e-05,-0.00021,-0.00025,6
29378,5e-05,4e-05,2e-05,-3e-05,-0.00012,9e-05,-0.00021,-0.00025,6
29379,5e-05,4e-05,2e-05,-3e-05,-0.00012,9e-05,-0.00021,-0.00025,6
29380,5e-05,4e-05,2e-05,-3e-05,-0.00012,9e-05,-0.00021,-0.00025,6
29381,5e-05,4e-05,2e-05,-3e-05,-0.00012,9e-05,-0.00021,-0.00025,6
29382,5e-05,4e-05,2e-05,-3e-05,-0.00012,9e-05,-0.00021,-0.00025,6
29383,5e-05,4e-05,2e-05,-3e-05,-0.00012,9e-05,-0.00021,-0.00025,6
29384,5e-05,4e-05,2e-05,-3e-05,-0.00012,9e-05,-0.00021,-0.00025,6
29385,5e-05,4e-05,2e-05,-3e-05,-0.00012,9e-05,-0.00021,-0.00025,6
29386,5e-05,4e-05,2e-05,-3e-05,-0.00012,9e-05,-0.00021,-0.00025,6
29389,-4e-05,-1e-05,0.0,0.0,-4e-05,-0.00013,-1e-05,-0.00013,6
29390,-8e-05,-4e-05,-3e-05,-5e-05,7e-05,2e-05,0.00014,0.0004,6
29392,-8e-05,-4e-05,-3e-05,-5e-05,7e-05,2e-05,0.00014,0.0004,6
29393,-8e-05,-4e-05,-3e-05,-5e-05,7e-05,2e-05,0.00014,0.0004,6
29394,-8e-05,-4e-05,-3e-05,-5e-05,7e-05,2e-05,0.00014,0.0004,6
29395,-8e-05,-4e-05,-3e-05,-5e-05,7e-05,2e-05,0.00014,0.0004,6
29396,-8e-05,-4e-05,-3e-05,-5e-05,7e-05,2e-05,0.00014,0.0004,6
29397,-8e-05,-4e-05,-3e-05,-5e-05,7e-05,2e-05,0.00014,0.0004,6
29398,-8e-05,-4e-05,-3e-05,-5e-05,7e-05,2e-05,0.00014,0.0004,6
29399,-8e-05,-4e-05,-3e-05,-5e-05,7e-05,2e-05,0.00014,0.0004,6
29400,-8e-05,-4e-05,-3e-05,-5e-05,7e-05,2e-05,0.00014,0.0004,6
29401,-8e-05,-4e-05,-3e-05,-5e-05,7e-05,2e-05,0.00014,0.0004,6
29402,-8e-05,-4e-05,-3e-05,-5e-05,7e-05,2e-05,0.00014,0.0004,6
29404,-8e-05,-4e-05,-3e-05,-5e-05,7e-05,2e-05,0.00014,0.0004,6
29405,-8e-05,-4e-05,-3e-05,-5e-05,7e-05,2e-05,0.00014,0.0004,6
29406,-8e-05,-4e-05,-3e-05,-5e-05,7e-05,2e-05,0.00014,0.0004,6
29407,-8e-05,-4e-05,-3e-05,-5e-05,7e-05,2e-05,0.00014,0.0004,6
29408,-8e-05,-4e-05,-3e-05,-5e-05,7e-05,2e-05,0.00014,0.0004,6
29409,-8e-05,-4e-05,-3e-05,-5e-05,7e-05,2e-05,0.00014,0.0004,6
29410,-8e-05,-4e-05,-3e-05,-5e-05,7e-05,2e-05,0.00014,0.0004,6
29411,-4e-05,-5e-05,-5e-05,-7e-05,-0.00019,-0.00038,-5e-05,0.00017,6
29412,9e-05,3e-05,2e-05,0.00011,6e-05,0.00036,-9e-05,0.00022,6
29413,9e-05,3e-05,2e-05,0.00011,6e-05,0.00036,-9e-05,0.00022,6
29414,9e-05,3e-05,2e-05,0.00011,6e-05,0.00036,-9e-05,0.00022,6
29415,9e-05,3e-05,2e-05,0.00011,6e-05,0.00036,-9e-05,0.00022,6
29416,9e-05,3e-05,2e-05,0.00011,6e-05,0.00036,-9e-05,0.00022,6
29417,9e-05,3e-05,2e-05,0.00011,6e-05,0.00036,-9e-05,0.00022,6
29418,9e-05,3e-05,2e-05,0.00011,6e-05,0.00036,-9e-05,0.00022,6
29419,9e-05,3e-05,2e-05,0.00011,6e-05,0.00036,-9e-05,0.00022,6
29420,9e-05,3e-05,2e-05,0.00011,6e-05,0.00036,-9e-05,0.00022,6
29421,9e-05,3e-05,2e-05,0.00011,6e-05,0.00036,-9e-05,0.00022,6
29422,9e-05,3e-05,2e-05,0.00011,6e-05,0.00036,-9e-05,0.00022,6
29423,9e-05,3e-05,2e-05,0.00011,6e-05,0.00036,-9e-05,0.00022,6
29424,9e-05,3e-05,2e-05,0.00011,6e-05,0.00036,-9e-05,0.00022,6
29425,9e-05,3e-05,2e-05,0.00011,6e-05,0.00036,-9e-05,0.00022,6
29426,9e-05,3e-05,2e-05,0.00011,6e-05,0.00036,-9e-05,0.00022,6
29427,9e-05,3e-05,2e-05,0.00011,6e-05,0.00036,-9e-05,0.00022,6
29428,9e-05,3e-05,2e-05,0.00011,6e-05,0.00036,-9e-05,0.00022,6
29429,9e-05,3e-05,2e-05,0.00011,6e-05,0.00036,-9e-05,0.00022,6
29430,9e-05,3e-05,2e-05,0.00011,6e-05,0.00036,-9e-05,0.00022,6
29431,9e-05,3e-05,2e-05,0.00011,6e-05,0.00036,-9e-05,0.00022,6
29432,9e-05,3e-05,2e-05,0.00011,6e-05,0.00036,-9e-05,0.00022,6
29433,-1e-05,2e-05,3e-05,8e-05,0.0002,0.00015,0.0001,6e-05,6
29434,-2e-05,-2e-05,-3e-05,-7e-05,-0.00026,3e-05,0.0,0.00012,6
29435,-2e-05,-2e-05,-3e-05,-7e-05,-0.00026,3e-05,0.0,0.00012,6
29436,-2e-05,-2e-05,-3e-05,-7e-05,-0.00026,3e-05,0.0,0.00012,6
29438,-2e-05,-2e-05,-3e-05,-7e-05,-0.00026,3e-05,0.0,0.00012,6
29439,-2e-05,-2e-05,-3e-05,-7e-05,-0.00026,3e-05,0.0,0.00012,6
29440,-2e-05,-2e-05,-3e-05,-7e-05,-0.00026,3e-05,0.0,0.00012,6
29441,-2e-05,-2e-05,-3e-05,-7e-05,-0.00026,3e-05,0.0,0.00012,6
29442,-2e-05,-2e-05,-3e-05,-7e-05,-0.00026,3e-05,0.0,0.00012,6
29443,-2e-05,-2e-05,-3e-05,-7e-05,-0.00026,3e-05,0.0,0.00012,6
29444,-2e-05,-2e-05,-3e-05,-7e-05,-0.00026,3e-05,0.0,0.00012,6
29445,-2e-05,-2e-05,-3e-05,-7e-05,-0.00026,3e-05,0.0,0.00012,6
29446,-2e-05,-2e-05,-3e-05,-7e-05,-0.00026,3e-05,0.0,0.00012,6
29447,-1e-05,-2e-05,0.0,4e-05,3e-05,-3e-05,-8e-05,-0.00023,6
29448,-1e-05,-2e-05,-1e-05,0.0,-9e-05,0.00015,0.00025,0.00044,6
29449,-1e-05,-2e-05,-1e-05,0.0,-9e-05,0.00015,0.00025,0.00044,6
29450,-1e-05,-2e-05,-1e-05,0.0,-9e-05,0.00015,0.00025,0.00044,6
29451,-1e-05,-2e-05,-1e-05,0.0,-9e-05,0.00015,0.00025,0.00044,6
29452,-1e-05,-2e-05,-1e-05,0.0,-9e-05,0.00015,0.00025,0.00044,6
29453,-1e-05,-2e-05,-1e-05,0.0,-9e-05,0.00015,0.00025,0.00044,6
29454,-1e-05,-2e-05,-1e-05,0.0,-9e-05,0.00015,0.00025,0.00044,6
29455,-1e-05,-2e-05,-1e-05,0.0,-9e-05,0.00015,0.00025,0.00044,6
29456,-1e-05,-2e-05,-1e-05,0.0,-9e-05,0.00015,0.00025,0.00044,6
29457,-1e-05,-2e-05,-1e-05,0.0,-9e-05,0.00015,0.00025,0.00044,6
29458,-1e-05,-2e-05,-1e-05,0.0,-9e-05,0.00015,0.00025,0.00044,6
29459,-1e-05,-2e-05,-1e-05,0.0,-9e-05,0.00015,0.00025,0.00044,6
29460,-1e-05,-2e-05,-1e-05,0.0,-9e-05,0.00015,0.00025,0.00044,6
29461,-1e-05,-2e-05,-1e-05,0.0,-9e-05,0.00015,0.00025,0.00044,6
29462,-1e-05,-2e-05,-1e-05,0.0,-9e-05,0.00015,0.00025,0.00044,6
29463,-1e-05,-2e-05,-1e-05,0.0,-9e-05,0.00015,0.00025,0.00044,6
29464,-1e-05,-2e-05,-1e-05,0.0,-9e-05,0.00015,0.00025,0.00044,6
29465,-1e-05,-2e-05,-1e-05,0.0,-9e-05,0.00015,0.00025,0.00044,6
29466,-1e-05,-2e-05,-1e-05,0.0,-9e-05,0.00015,0.00025,0.00044,6
29467,-1e-05,-2e-05,-1e-05,0.0,-9e-05,0.00015,0.00025,0.00044,6
29468,-1e-05,-2e-05,-1e-05,0.0,-9e-05,0.00015,0.00025,0.00044,6
29469,-1e-05,-2e-05,-1e-05,0.0,-9e-05,0.00015,0.00025,0.00044,6
29470,-4e-05,-6e-05,-5e-05,-2e-05,0.00011,-9e-05,3e-05,-0.00022,6
29471,-0.00011,-2e-05,-2e-05,-2e-05,0.00012,-5e-05,-8e-05,-3e-05,6
29472,-0.00011,-2e-05,-2e-05,-2e-05,0.00012,-5e-05,-8e-05,-3e-05,6
29473,-0.00011,-2e-05,-2e-05,-2e-05,0.00012,-5e-05,-8e-05,-3e-05,6
29474,-0.00011,-2e-05,-2e-05,-2e-05,0.00012,-5e-05,-8e-05,-3e-05,6
29475,-0.00011,-2e-05,-2e-05,-2e-05,0.00012,-5e-05,-8e-05,-3e-05,6
29476,-0.00011,-2e-05,-2e-05,-2e-05,0.00012,-5e-05,-8e-05,-3e-05,6
29477,-0.00011,-2e-05,-2e-05,-2e-05,0.00012,-5e-05,-8e-05,-3e-05,6
29478,-0.00011,-2e-05,-2e-05,-2e-05,0.00012,-5e-05,-8e-05,-3e-05,6
29479,-0.00011,-2e-05,-2e-05,-2e-05,0.00012,-5e-05,-8e-05,-3e-05,6
29480,-0.00011,-2e-05,-2e-05,-2e-05,0.00012,-5e-05,-8e-05,-3e-05,6
29481,-0.00011,-2e-05,-2e-05,-2e-05,0.00012,-5e-05,-8e-05,-3e-05,6
29482,-0.00011,-2e-05,-2e-05,-2e-05,0.00012,-5e-05,-8e-05,-3e-05,6
29483,-0.00011,-2e-05,-2e-05,-2e-05,0.00012,-5e-05,-8e-05,-3e-05,6
29484,-0.00011,-2e-05,-2e-05,-2e-05,0.00012,-5e-05,-8e-05,-3e-05,6
29485,-1e-05,1e-05,1e-05,-3e-05,0.00028,0.00021,-1e-05,-0.00054,6
29486,-1e-05,-2e-05,-2e-05,-9e-05,-0.00014,-0.00028,-7e-05,-0.00013,6
29488,-1e-05,-2e-05,-2e-05,-9e-05,-0.00014,-0.00028,-7e-05,-0.00013,6
29489,-1e-05,-2e-05,-2e-05,-9e-05,-0.00014,-0.00028,-7e-05,-0.00013,6
29490,-1e-05,-2e-05,-2e-05,-9e-05,-0.00014,-0.00028,-7e-05,-0.00013,6
29491,-1e-05,-2e-05,-2e-05,-9e-05,-0.00014,-0.00028,-7e-05,-0.00013,6
29492,-1e-05,-2e-05,-2e-05,-9e-05,-0.00014,-0.00028,-7e-05,-0.00013,6
29493,-1e-05,-2e-05,-2e-05,-9e-05,-0.00014,-0.00028,-7e-05,-0.00013,6
29494,-1e-05,-2e-05,-2e-05,-9e-05,-0.00014,-0.00028,-7e-05,-0.00013,6
29495,-1e-05,-2e-05,-2e-05,-9e-05,-0.00014,-0.00028,-7e-05,-0.00013,6
29496,-1e-05,-2e-05,-2e-05,-9e-05,-0.00014,-0.00028,-7e-05,-0.00013,6
29497,-1e-05,-2e-05,-2e-05,-9e-05,-0.00014,-0.00028,-7e-05,-0.00013,6
29498,-1e-05,-2e-05,-2e-05,-9e-05,-0.00014,-0.00028,-7e-05,-0.00013,6
29499,-1e-05,-2e-05,-2e-05,-9e-05,-0.00014,-0.00028,-7e-05,-0.00013,6
29500,-1e-05,-2e-05,-2e-05,-9e-05,-0.00014,-0.00028,-7e-05,-0.00013,6
29501,-1e-05,-2e-05,-2e-05,-9e-05,-0.00014,-0.00028,-7e-05,-0.00013,6
29502,-1e-05,-2e-05,-2e-05,-9e-05,-0.00014,-0.00028,-7e-05,-0.00013,6
29504,-1e-05,-2e-05,-2e-05,-9e-05,-0.00014,-0.00028,-7e-05,-0.00013,6
29505,-1e-05,-2e-05,-2e-05,-9e-05,-0.00014,-0.00028,-7e-05,-0.00013,6
29506,-1e-05,-2e-05,-2e-05,-9e-05,-0.00014,-0.00028,-7e-05,-0.00013,6
29507,-1e-05,-2e-05,-2e-05,-9e-05,-0.00014,-0.00028,-7e-05,-0.00013,6
29508,-1e-05,2e-05,5e-05,8e-05,0.00011,-0.00043,-4e-05,-0.00042,6
29509,-1e-05,2e-05,5e-05,8e-05,0.00011,-0.00043,-4e-05,-0.00042,6
29510,-1e-05,2e-05,5e-05,8e-05,0.00011,-0.00043,-4e-05,-0.00042,6
29511,-1e-05,2e-05,5e-05,8e-05,0.00011,-0.00043,-4e-05,-0.00042,6
29512,-1e-05,2e-05,5e-05,8e-05,0.00011,-0.00043,-4e-05,-0.00042,6
29513,-1e-05,2e-05,5e-05,8e-05,0.00011,-0.00043,-4e-05,-0.00042,6
29514,-1e-05,2e-05,5e-05,8e-05,0.00011,-0.00043,-4e-05,-0.00042,6
29515,-1e-05,2e-05,5e-05,8e-05,0.00011,-0.00043,-4e-05,-0.00042,6
29516,-1e-05,2e-05,5e-05,8e-05,0.00011,-0.00043,-4e-05,-0.00042,6
29517,-1e-05,2e-05,5e-05,8e-05,0.00011,-0.00043,-4e-05,-0.00042,6
29518,-1e-05,2e-05,5e-05,8e-05,0.00011,-0.00043,-4e-05,-0.00042,6
29519,-1e-05,2e-05,5e-05,8e-05,0.00011,-0.00043,-4e-05,-0.00042,6
29520,-1e-05,2e-05,5e-05,8e-05,0.00011,-0.00043,-4e-05,-0.00042,6
29521,-1e-05,2e-05,5e-05,8e-05,0.00011,-0.00043,-4e-05,-0.00042,6
29522,-1e-05,2e-05,5e-05,8e-05,0.00011,-0.00043,-4e-05,-0.00042,6
29523,-1e-05,2e-05,5e-05,8e-05,0.00011,-0.00043,-4e-05,-0.00042,6
29524,-1e-05,2e-05,5e-05,8e-05,0.00011,-0.00043,-4e-05,-0.00042,6
29525,-1e-05,2e-05,5e-05,8e-05,0.00011,-0.00043,-4e-05,-0.00042,6
29526,-1e-05,2e-05,5e-05,8e-05,0.00011,-0.00043,-4e-05,-0.00042,6
29527,-1e-05,2e-05,5e-05,8e-05,0.00011,-0.00043,-4e-05,-0.00042,6
29528,-1e-05,2e-05,5e-05,8e-05,0.00011,-0.00043,-4e-05,-0.00042,6
29529,-1e-05,2e-05,5e-05,8e-05,0.00011,-0.00043,-4e-05,-0.00042,6
29530,-1e-05,2e-05,5e-05,8e-05,0.00011,-0.00043,-4e-05,-0.00042,6
29531,2e-05,-2e-05,-7e-05,-9e-05,-0.00033,-1e-05,-3e-05,0.00016,6
29532,-1e-05,-2e-05,1e-05,7e-05,0.00012,0.00054,9e-05,3e-05,6
29533,-1e-05,-2e-05,1e-05,7e-05,0.00012,0.00054,9e-05,3e-05,6
29534,-1e-05,-2e-05,1e-05,7e-05,0.00012,0.00054,9e-05,3e-05,6
29535,-1e-05,-2e-05,1e-05,7e-05,0.00012,0.00054,9e-05,3e-05,6
29536,-1e-05,-2e-05,1e-05,7e-05,0.00012,0.00054,9e-05,3e-05,6
29538,-1e-05,-2e-05,1e-05,7e-05,0.00012,0.00054,9e-05,3e-05,6
29539,-1e-05,-2e-05,1e-05,7e-05,0.00012,0.00054,9e-05,3e-05,6
29540,-1e-05,-2e-05,1e-05,7e-05,0.00012,0.00054,9e-05,3e-05,6
29541,-1e-05,-2e-05,1e-05,7e-05,0.00012,0.00054,9e-05,3e-05,6
29542,-1e-05,-2e-05,1e-05,7e-05,0.00012,0.00054,9e-05,3e-05,6
29543,-1e-05,-2e-05,1e-05,7e-05,0.00012,0.00054,9e-05,3e-05,6
29544,-1e-05,-2e-05,1e-05,7e-05,0.00012,0.00054,9e-05,3e-05,6
29545,-1e-05,-2e-05,1e-05,7e-05,0.00012,0.00054,9e-05,3e-05,6
29546,-1e-05,-2e-05,1e-05,7e-05,0.00012,0.00054,9e-05,3e-05,6
29547,-1e-05,-2e-05,1e-05,7e-05,0.00012,0.00054,9e-05,3e-05,6
29548,-1e-05,-2e-05,1e-05,7e-05,0.00012,0.00054,9e-05,3e-05,6
29549,-1e-05,-2e-05,1e-05,7e-05,0.00012,0.00054,9e-05,3e-05,6
29550,-1e-05,-2e-05,1e-05,7e-05,0.00012,0.00054,9e-05,3e-05,6
29551,-1e-05,-2e-05,1e-05,7e-05,0.00012,0.00054,9e-05,3e-05,6
29552,-1e-05,-2e-05,1e-05,7e-05,0.00012,0.00054,9e-05,3e-05,6
29554,-5e-05,1e-05,0.0,-4e-05,-0.00013,-7e-05,-4e-05,-0.0002,6
29555,-5e-05,1e-05,0.0,-4e-05,-0.00013,-7e-05,-4e-05,-0.0002,6
29556,-5e-05,1e-05,0.0,-4e-05,-0.00013,-7e-05,-4e-05,-0.0002,6
29557,-5e-05,1e-05,0.0,-4e-05,-0.00013,-7e-05,-4e-05,-0.0002,6
29558,-5e-05,1e-05,0.0,-4e-05,-0.00013,-7e-05,-4e-05,-0.0002,6
29559,-5e-05,1e-05,0.0,-4e-05,-0.00013,-7e-05,-4e-05,-0.0002,6
29560,-5e-05,1e-05,0.0,-4e-05,-0.00013,-7e-05,-4e-05,-0.0002,6
29561,-5e-05,1e-05,0.0,-4e-05,-0.00013,-7e-05,-4e-05,-0.0002,6
29562,-5e-05,1e-05,0.0,-4e-05,-0.00013,-7e-05,-4e-05,-0.0002,6
29563,-5e-05,1e-05,0.0,-4e-05,-0.00013,-7e-05,-4e-05,-0.0002,6
29564,-5e-05,1e-05,0.0,-4e-05,-0.00013,-7e-05,-4e-05,-0.0002,6
29565,-5e-05,1e-05,0.0,-4e-05,-0.00013,-7e-05,-4e-05,-0.0002,6
29566,-5e-05,1e-05,0.0,-4e-05,-0.00013,-7e-05,-4e-05,-0.0002,6
29567,-6e-05,-2e-05,-1e-05,0.0,0.00019,0.00011,3e-05,4e-05,6
29568,3e-05,-1e-05,-1e-05,5e-05,0.00014,0.00048,0.00016,0.00015,6
29569,3e-05,-1e-05,-1e-05,5e-05,0.00014,0.00048,0.00016,0.00015,6
29570,3e-05,-1e-05,-1e-05,5e-05,0.00014,0.00048,0.00016,0.00015,6
29571,3e-05,-1e-05,-1e-05,5e-05,0.00014,0.00048,0.00016,0.00015,6
29572,3e-05,-1e-05,-1e-05,5e-05,0.00014,0.00048,0.00016,0.00015,6
29573,3e-05,-1e-05,-1e-05,5e-05,0.00014,0.00048,0.00016,0.00015,6
29574,3e-05,-1e-05,-1e-05,5e-05,0.00014,0.00048,0.00016,0.00015,6
29575,3e-05,-1e-05,-1e-05,5e-05,0.00014,0.00048,0.00016,0.00015,6
29576,3e-05,-1e-05,-1e-05,5e-05,0.00014,0.00048,0.00016,0.00015,6
29577,3e-05,-1e-05,-1e-05,5e-05,0.00014,0.00048,0.00016,0.00015,6
29578,3e-05,-1e-05,-1e-05,5e-05,0.00014,0.00048,0.00016,0.00015,6
29579,3e-05,-1e-05,-1e-05,5e-05,0.00014,0.00048,0.00016,0.00015,6
29580,3e-05,-1e-05,-1e-05,5e-05,0.00014,0.00048,0.00016,0.00015,6
29581,3e-05,-1e-05,-1e-05,5e-05,0.00014,0.00048,0.00016,0.00015,6
29582,3e-05,-1e-05,-1e-05,5e-05,0.00014,0.00048,0.00016,0.00015,6
29583,3e-05,-1e-05,-1e-05,5e-05,0.00014,0.00048,0.00016,0.00015,6
29584,3e-05,-1e-05,-1e-05,5e-05,0.00014,0.00048,0.00016,0.00015,6
29585,3e-05,-1e-05,-1e-05,5e-05,0.00014,0.00048,0.00016,0.00015,6
29586,3e-05,-1e-05,-1e-05,5e-05,0.00014,0.00048,0.00016,0.00015,6
29588,3e-05,-1e-05,-1e-05,5e-05,0.00014,0.00048,0.00016,0.00015,6
29589,3e-05,-1e-05,-1e-05,5e-05,0.00014,0.00048,0.00016,0.00015,6
29590,3e-05,4e-05,2e-05,3e-05,0.00021,0.00011,-2e-05,-0.00023,6
29591,3e-05,4e-05,2e-05,3e-05,0.00021,0.00011,-2e-05,-0.00023,6
29592,-3e-05,-2e-05,-1e-05,-4e-05,0.00011,9e-05,-9e-05,-0.00018,6
29593,-3e-05,-2e-05,-1e-05,-4e-05,0.00011,9e-05,-9e-05,-0.00018,6
29594,-3e-05,-2e-05,-1e-05,-4e-05,0.00011,9e-05,-9e-05,-0.00018,6
29595,-3e-05,-2e-05,-1e-05,-4e-05,0.00011,9e-05,-9e-05,-0.00018,6
29596,-3e-05,-2e-05,-1e-05,-4e-05,0.00011,9e-05,-9e-05,-0.00018,6
29597,-3e-05,-2e-05,-1e-05,-4e-05,0.00011,9e-05,-9e-05,-0.00018,6
29598,-3e-05,-2e-05,-1e-05,-4e-05,0.00011,9e-05,-9e-05,-0.00018,6
29599,-3e-05,-2e-05,-1e-05,-4e-05,0.00011,9e-05,-9e-05,-0.00018,6
29600,-3e-05,-2e-05,-1e-05,-4e-05,0.00011,9e-05,-9e-05,-0.00018,6
29601,-3e-05,-2e-05,-1e-05,-4e-05,0.00011,9e-05,-9e-05,-0.00018,6
29602,-3e-05,-2e-05,-1e-05,-4e-05,0.00011,9e-05,-9e-05,-0.00018,6
29604,-3e-05,-2e-05,-1e-05,-4e-05,0.00011,9e-05,-9e-05,-0.00018,6
29605,-3e-05,-2e-05,-1e-05,-4e-05,0.00011,9e-05,-9e-05,-0.00018,6
29606,-8e-05,-5e-05,-6e-05,-0.00011,9e-05,-0.00011,-2e-05,-1e-05,6
29607,-8e-05,-5e-05,-6e-05,-0.00011,9e-05,-0.00011,-2e-05,-1e-05,6
29608,-8e-05,-5e-05,-6e-05,-0.00011,9e-05,-0.00011,-2e-05,-1e-05,6
29609,-8e-05,-5e-05,-6e-05,-0.00011,9e-05,-0.00011,-2e-05,-1e-05,6
29610,-8e-05,-5e-05,-6e-05,-0.00011,9e-05,-0.00011,-2e-05,-1e-05,6
29611,-8e-05,-5e-05,-6e-05,-0.00011,9e-05,-0.00011,-2e-05,-1e-05,6
29612,0.0,0.0,0.0,5e-05,7e-05,-0.00063,0.0,4e-05,6
29613,0.0,0.0,0.0,5e-05,7e-05,-0.00063,0.0,4e-05,6
29614,0.0,0.0,0.0,5e-05,7e-05,-0.00063,0.0,4e-05,6
29615,0.0,0.0,0.0,5e-05,7e-05,-0.00063,0.0,4e-05,6
29616,0.0,0.0,0.0,5e-05,7e-05,-0.00063,0.0,4e-05,6
29617,0.0,0.0,0.0,5e-05,7e-05,-0.00063,0.0,4e-05,6
29618,0.0,0.0,0.0,5e-05,7e-05,-0.00063,0.0,4e-05,6
29619,0.0,0.0,0.0,5e-05,7e-05,-0.00063,0.0,4e-05,6
29620,0.0,0.0,0.0,5e-05,7e-05,-0.00063,0.0,4e-05,6
29621,0.0,0.0,0.0,5e-05,7e-05,-0.00063,0.0,4e-05,6
29622,0.0,0.0,0.0,5e-05,7e-05,-0.00063,0.0,4e-05,6
29623,0.0,0.0,0.0,5e-05,7e-05,-0.00063,0.0,4e-05,6
29624,0.0,0.0,0.0,5e-05,7e-05,-0.00063,0.0,4e-05,6
29625,0.0,0.0,0.0,5e-05,7e-05,-0.00063,0.0,4e-05,6
29626,0.0,0.0,0.0,5e-05,7e-05,-0.00063,0.0,4e-05,6
29627,2e-05,1e-05,-3e-05,-5e-05,-0.00014,-0.00067,-0.0002,-3e-05,6
29628,-2e-05,-5e-05,-7e-05,-0.00012,-0.0005,-0.00026,-0.0002,0.00017,6
29629,-2e-05,-5e-05,-7e-05,-0.00012,-0.0005,-0.00026,-0.0002,0.00017,6
29630,-2e-05,-5e-05,-7e-05,-0.00012,-0.0005,-0.00026,-0.0002,0.00017,6
29631,-2e-05,-5e-05,-7e-05,-0.00012,-0.0005,-0.00026,-0.0002,0.00017,6
29632,-2e-05,-5e-05,-7e-05,-0.00012,-0.0005,-0.00026,-0.0002,0.00017,6
29633,-2e-05,-5e-05,-7e-05,-0.00012,-0.0005,-0.00026,-0.0002,0.00017,6
29634,-2e-05,-5e-05,-7e-05,-0.00012,-0.0005,-0.00026,-0.0002,0.00017,6
29635,-2e-05,-5e-05,-7e-05,-0.00012,-0.0005,-0.00026,-0.0002,0.00017,6
29636,-2e-05,-5e-05,-7e-05,-0.00012,-0.0005,-0.00026,-0.0002,0.00017,6
29638,-2e-05,-5e-05,-7e-05,-0.00012,-0.0005,-0.00026,-0.0002,0.00017,6
29639,-2e-05,-5e-05,-7e-05,-0.00012,-0.0005,-0.00026,-0.0002,0.00017,6
29640,-2e-05,-5e-05,-7e-05,-0.00012,-0.0005,-0.00026,-0.0002,0.00017,6
29641,-2e-05,-5e-05,-7e-05,-0.00012,-0.0005,-0.00026,-0.0002,0.00017,6
29642,-2e-05,-5e-05,-7e-05,-0.00012,-0.0005,-0.00026,-0.0002,0.00017,6
29643,-2e-05,-5e-05,-7e-05,-0.00012,-0.0005,-0.00026,-0.0002,0.00017,6
29644,-2e-05,-5e-05,-7e-05,-0.00012,-0.0005,-0.00026,-0.0002,0.00017,6
29645,-2e-05,-5e-05,-7e-05,-0.00012,-0.0005,-0.00026,-0.0002,0.00017,6
29646,-2e-05,-5e-05,-7e-05,-0.00012,-0.0005,-0.00026,-0.0002,0.00017,6
29647,-2e-05,-5e-05,-7e-05,-0.00012,-0.0005,-0.00026,-0.0002,0.00017,6
29648,-2e-05,-5e-05,-7e-05,-0.00012,-0.0005,-0.00026,-0.0002,0.00017,6
29649,-2e-05,-5e-05,-7e-05,-0.00012,-0.0005,-0.00026,-0.0002,0.00017,6
29650,-2e-05,-5e-05,-7e-05,-0.00012,-0.0005,-0.00026,-0.0002,0.00017,6
29651,1e-05,-2e-05,-1e-05,-3e-05,6e-05,0.00022,-4e-05,0.00022,6
29652,-1e-05,-3e-05,-4e-05,-0.00012,-0.00031,-0.00013,-6e-05,0.00014,6
29654,-1e-05,-3e-05,-4e-05,-0.00012,-0.00031,-0.00013,-6e-05,0.00014,6
29655,-1e-05,-3e-05,-4e-05,-0.00012,-0.00031,-0.00013,-6e-05,0.00014,6
29656,-1e-05,-3e-05,-4e-05,-0.00012,-0.00031,-0.00013,-6e-05,0.00014,6
29657,-1e-05,-3e-05,-4e-05,-0.00012,-0.00031,-0.00013,-6e-05,0.00014,6
29658,-1e-05,-3e-05,-4e-05,-0.00012,-0.00031,-0.00013,-6e-05,0.00014,6
29659,-1e-05,-3e-05,-4e-05,-0.00012,-0.00031,-0.00013,-6e-05,0.00014,6
29660,-1e-05,-3e-05,-4e-05,-0.00012,-0.00031,-0.00013,-6e-05,0.00014,6
29661,-1e-05,-3e-05,-4e-05,-0.00012,-0.00031,-0.00013,-6e-05,0.00014,6
29662,-1e-05,-3e-05,-4e-05,-0.00012,-0.00031,-0.00013,-6e-05,0.00014,6
29663,-1e-05,-3e-05,-4e-05,-0.00012,-0.00031,-0.00013,-6e-05,0.00014,6
29664,3e-05,0.0,1e-05,0.00013,0.00011,0.00045,0.0,-2e-05,6
29665,3e-05,0.0,1e-05,0.00013,0.00011,0.00045,0.0,-2e-05,6
29666,3e-05,0.0,1e-05,0.00013,0.00011,0.00045,0.0,-2e-05,6
29667,3e-05,0.0,1e-05,0.00013,0.00011,0.00045,0.0,-2e-05,6
29668,3e-05,0.0,1e-05,0.00013,0.00011,0.00045,0.0,-2e-05,6
29669,3e-05,0.0,1e-05,0.00013,0.00011,0.00045,0.0,-2e-05,6
29670,3e-05,0.0,1e-05,0.00013,0.00011,0.00045,0.0,-2e-05,6
29671,3e-05,0.0,1e-05,0.00013,0.00011,0.00045,0.0,-2e-05,6
29672,-2e-05,0.0,0.0,2e-05,-6e-05,-0.00033,-3e-05,-0.00017,6
29673,-2e-05,0.0,0.0,2e-05,-6e-05,-0.00033,-3e-05,-0.00017,6
29674,-2e-05,0.0,0.0,2e-05,-6e-05,-0.00033,-3e-05,-0.00017,6
29675,-2e-05,0.0,0.0,2e-05,-6e-05,-0.00033,-3e-05,-0.00017,6
29676,-2e-05,0.0,0.0,2e-05,-6e-05,-0.00033,-3e-05,-0.00017,6
29677,-2e-05,0.0,0.0,2e-05,-6e-05,-0.00033,-3e-05,-0.00017,6
29678,-2e-05,0.0,0.0,2e-05,-6e-05,-0.00033,-3e-05,-0.00017,6
29679,-2e-05,0.0,0.0,2e-05,-6e-05,-0.00033,-3e-05,-0.00017,6
29680,-2e-05,0.0,0.0,2e-05,-6e-05,-0.00033,-3e-05,-0.00017,6
29681,-2e-05,0.0,0.0,2e-05,-6e-05,-0.00033,-3e-05,-0.00017,6
29682,-2e-05,0.0,0.0,2e-05,-6e-05,-0.00033,-3e-05,-0.00017,6
29683,-2e-05,0.0,0.0,2e-05,-6e-05,-0.00033,-3e-05,-0.00017,6
29684,-2e-05,0.0,0.0,2e-05,-6e-05,-0.00033,-3e-05,-0.00017,6
29685,-2e-05,0.0,0.0,2e-05,-6e-05,-0.00033,-3e-05,-0.00017,6
29686,-2e-05,0.0,0.0,2e-05,-6e-05,-0.00033,-3e-05,-0.00017,6
29689,-3e-05,-4e-05,-7e-05,-0.0001,7e-05,0.00011,-9e-05,0.00012,6
29690,-3e-05,-4e-05,-7e-05,-0.0001,7e-05,0.00011,-9e-05,0.00012,6
29691,-3e-05,-4e-05,-7e-05,-0.0001,7e-05,0.00011,-9e-05,0.00012,6
29692,-3e-05,-4e-05,-7e-05,-0.0001,7e-05,0.00011,-9e-05,0.00012,6
29693,-3e-05,-4e-05,-7e-05,-0.0001,7e-05,0.00011,-9e-05,0.00012,6
29694,-3e-05,-4e-05,-7e-05,-0.0001,7e-05,0.00011,-9e-05,0.00012,6
29695,-3e-05,-4e-05,-7e-05,-0.0001,7e-05,0.00011,-9e-05,0.00012,6
29696,-3e-05,-4e-05,-7e-05,-0.0001,7e-05,0.00011,-9e-05,0.00012,6
29697,-3e-05,-4e-05,-7e-05,-0.0001,7e-05,0.00011,-9e-05,0.00012,6
29698,-3e-05,-4e-05,-7e-05,-0.0001,7e-05,0.00011,-9e-05,0.00012,6
29699,-3e-05,-4e-05,-7e-05,-0.0001,7e-05,0.00011,-9e-05,0.00012,6
29700,-3e-05,-4e-05,-7e-05,-0.0001,7e-05,0.00011,-9e-05,0.00012,6
29701,-3e-05,-4e-05,-7e-05,-0.0001,7e-05,0.00011,-9e-05,0.00012,6
29702,-3e-05,-4e-05,-7e-05,-0.0001,7e-05,0.00011,-9e-05,0.00012,6
29704,-3e-05,-4e-05,-7e-05,-0.0001,7e-05,0.00011,-9e-05,0.00012,6
29705,-3e-05,-4e-05,-7e-05,-0.0001,7e-05,0.00011,-9e-05,0.00012,6
29706,-3e-05,-4e-05,-7e-05,-0.0001,7e-05,0.00011,-9e-05,0.00012,6
29707,-3e-05,-4e-05,-7e-05,-0.0001,7e-05,0.00011,-9e-05,0.00012,6
29708,-3e-05,-4e-05,-7e-05,-0.0001,7e-05,0.00011,-9e-05,0.00012,6
29709,-3e-05,-4e-05,-7e-05,-0.0001,7e-05,0.00011,-9e-05,0.00012,6
29710,4e-05,3e-05,5e-05,7e-05,-0.00021,0.00027,0.0,-0.00013,6
29711,-1e-05,-4e-05,-5e-05,-0.00016,-0.0003,-0.00054,-0.00012,7e-05,6
29712,-1e-05,-4e-05,-5e-05,-0.00016,-0.0003,-0.00054,-0.00012,7e-05,6
29713,-1e-05,-4e-05,-5e-05,-0.00016,-0.0003,-0.00054,-0.00012,7e-05,6
29714,-1e-05,-4e-05,-5e-05,-0.00016,-0.0003,-0.00054,-0.00012,7e-05,6
29715,-1e-05,-4e-05,-5e-05,-0.00016,-0.0003,-0.00054,-0.00012,7e-05,6
29716,-1e-05,-4e-05,-5e-05,-0.00016,-0.0003,-0.00054,-0.00012,7e-05,6
29717,-1e-05,-4e-05,-5e-05,-0.00016,-0.0003,-0.00054,-0.00012,7e-05,6
29718,-1e-05,-4e-05,-5e-05,-0.00016,-0.0003,-0.00054,-0.00012,7e-05,6
29719,-1e-05,-4e-05,-5e-05,-0.00016,-0.0003,-0.00054,-0.00012,7e-05,6
29720,-1e-05,-4e-05,-5e-05,-0.00016,-0.0003,-0.00054,-0.00012,7e-05,6
29721,-1e-05,-4e-05,-5e-05,-0.00016,-0.0003,-0.00054,-0.00012,7e-05,6
29722,-1e-05,-4e-05,-5e-05,-0.00016,-0.0003,-0.00054,-0.00012,7e-05,6
29723,-1e-05,-4e-05,-5e-05,-0.00016,-0.0003,-0.00054,-0.00012,7e-05,6
29724,0.0,2e-05,4e-05,3e-05,-0.00017,-6e-05,-0.00028,-0.00028,6
29725,0.0,2e-05,4e-05,3e-05,-0.00017,-6e-05,-0.00028,-0.00028,6
29726,0.0,2e-05,4e-05,3e-05,-0.00017,-6e-05,-0.00028,-0.00028,6
29727,0.0,2e-05,4e-05,3e-05,-0.00017,-6e-05,-0.00028,-0.00028,6
29728,0.0,2e-05,4e-05,3e-05,-0.00017,-6e-05,-0.00028,-0.00028,6
29729,0.0,2e-05,4e-05,3e-05,-0.00017,-6e-05,-0.00028,-0.00028,6
29730,0.0,2e-05,4e-05,3e-05,-0.00017,-6e-05,-0.00028,-0.00028,6
29731,0.0,2e-05,4e-05,3e-05,-0.00017,-6e-05,-0.00028,-0.00028,6
29732,-6e-05,-3e-05,0.0,0.0,0.0001,0.00029,7e-05,-0.00088,6
29733,-6e-05,-3e-05,0.0,0.0,0.0001,0.00029,7e-05,-0.00088,6
29734,-6e-05,-3e-05,0.0,0.0,0.0001,0.00029,7e-05,-0.00088,6
29735,-6e-05,-3e-05,0.0,0.0,0.0001,0.00029,7e-05,-0.00088,6
29736,-6e-05,-3e-05,0.0,0.0,0.0001,0.00029,7e-05,-0.00088,6
29738,-6e-05,-3e-05,0.0,0.0,0.0001,0.00029,7e-05,-0.00088,6
29739,-6e-05,-3e-05,0.0,0.0,0.0001,0.00029,7e-05,-0.00088,6
29740,-6e-05,-3e-05,0.0,0.0,0.0001,0.00029,7e-05,-0.00088,6
29741,-6e-05,-3e-05,0.0,0.0,0.0001,0.00029,7e-05,-0.00088,6
29742,-6e-05,-3e-05,0.0,0.0,0.0001,0.00029,7e-05,-0.00088,6
29743,-6e-05,-3e-05,0.0,0.0,0.0001,0.00029,7e-05,-0.00088,6
29744,-6e-05,-3e-05,0.0,0.0,0.0001,0.00029,7e-05,-0.00088,6
29745,-6e-05,-3e-05,0.0,0.0,0.0001,0.00029,7e-05,-0.00088,6
29746,-6e-05,-3e-05,0.0,0.0,0.0001,0.00029,7e-05,-0.00088,6
29747,-4e-05,-5e-05,-6e-05,-3e-05,6e-05,0.0001,-8e-05,0.00012,6
29748,1e-05,2e-05,2e-05,4e-05,3e-05,2e-05,8e-05,0.00012,6
29749,1e-05,2e-05,2e-05,4e-05,3e-05,2e-05,8e-05,0.00012,6
29750,1e-05,2e-05,2e-05,4e-05,3e-05,2e-05,8e-05,0.00012,6
29751,1e-05,2e-05,2e-05,4e-05,3e-05,2e-05,8e-05,0.00012,6
29752,1e-05,2e-05,2e-05,4e-05,3e-05,2e-05,8e-05,0.00012,6
29754,1e-05,2e-05,2e-05,4e-05,3e-05,2e-05,8e-05,0.00012,6
29755,1e-05,2e-05,2e-05,4e-05,3e-05,2e-05,8e-05,0.00012,6
29756,1e-05,2e-05,2e-05,4e-05,3e-05,2e-05,8e-05,0.00012,6
29757,1e-05,2e-05,2e-05,4e-05,3e-05,2e-05,8e-05,0.00012,6
29758,1e-05,2e-05,2e-05,4e-05,3e-05,2e-05,8e-05,0.00012,6
29759,1e-05,2e-05,2e-05,4e-05,3e-05,2e-05,8e-05,0.00012,6
29760,1e-05,2e-05,2e-05,4e-05,3e-05,2e-05,8e-05,0.00012,6
29761,1e-05,2e-05,2e-05,4e-05,3e-05,2e-05,8e-05,0.00012,6
29762,1e-05,2e-05,2e-05,4e-05,3e-05,2e-05,8e-05,0.00012,6
29763,1e-05,2e-05,2e-05,4e-05,3e-05,2e-05,8e-05,0.00012,6
29764,1e-05,2e-05,2e-05,4e-05,3e-05,2e-05,8e-05,0.00012,6
29765,1e-05,2e-05,2e-05,4e-05,3e-05,2e-05,8e-05,0.00012,6
29766,1e-05,2e-05,2e-05,4e-05,3e-05,2e-05,8e-05,0.00012,6
29767,1e-05,2e-05,2e-05,4e-05,3e-05,2e-05,8e-05,0.00012,6
29768,1e-05,2e-05,2e-05,4e-05,3e-05,2e-05,8e-05,0.00012,6
29769,1e-05,2e-05,2e-05,4e-05,3e-05,2e-05,8e-05,0.00012,6
29770,-3e-05,-4e-05,-2e-05,0.0,6e-05,-0.00011,6e-05,0.00012,6
29771,0.0,-2e-05,-4e-05,-2e-05,1e-05,7e-05,2e-05,-4e-05,6
29772,0.0,-2e-05,-4e-05,-2e-05,1e-05,7e-05,2e-05,-4e-05,6
29773,0.0,-2e-05,-4e-05,-2e-05,1e-05,7e-05,2e-05,-4e-05,6
29774,0.0,-2e-05,-4e-05,-2e-05,1e-05,7e-05,2e-05,-4e-05,6
29775,0.0,-2e-05,-4e-05,-2e-05,1e-05,7e-05,2e-05,-4e-05,6
29776,0.0,-2e-05,-4e-05,-2e-05,1e-05,7e-05,2e-05,-4e-05,6
29777,0.0,-2e-05,-4e-05,-2e-05,1e-05,7e-05,2e-05,-4e-05,6
29778,0.0,-2e-05,-4e-05,-2e-05,1e-05,7e-05,2e-05,-4e-05,6
29779,0.0,-2e-05,-4e-05,-2e-05,1e-05,7e-05,2e-05,-4e-05,6
29780,0.0,-2e-05,-4e-05,-2e-05,1e-05,7e-05,2e-05,-4e-05,6
29781,0.0,-2e-05,-4e-05,-2e-05,1e-05,7e-05,2e-05,-4e-05,6
29782,0.0,-2e-05,-4e-05,-2e-05,1e-05,7e-05,2e-05,-4e-05,6
29783,0.0,-2e-05,-4e-05,-2e-05,1e-05,7e-05,2e-05,-4e-05,6
29784,-1e-05,-4e-05,-3e-05,-3e-05,0.00012,-0.00014,0.0,1e-05,6
29785,-1e-05,-4e-05,-3e-05,-3e-05,0.00012,-0.00014,0.0,1e-05,6
29786,-1e-05,-4e-05,-3e-05,-3e-05,0.00012,-0.00014,0.0,1e-05,6
29788,-1e-05,-4e-05,-3e-05,-3e-05,0.00012,-0.00014,0.0,1e-05,6
29789,-1e-05,-4e-05,-3e-05,-3e-05,0.00012,-0.00014,0.0,1e-05,6
29790,-1e-05,-4e-05,-3e-05,-3e-05,0.00012,-0.00014,0.0,1e-05,6
29791,-1e-05,-4e-05,-3e-05,-3e-05,0.00012,-0.00014,0.0,1e-05,6
29792,-1e-05,-4e-05,-3e-05,-3e-05,0.00012,-0.00014,0.0,1e-05,6
29793,0.0,2e-05,4e-05,7e-05,0.0001,1e-05,0.0002,-0.0004,6
29794,0.0,2e-05,4e-05,7e-05,0.0001,1e-05,0.0002,-0.0004,6
29795,0.0,2e-05,4e-05,7e-05,0.0001,1e-05,0.0002,-0.0004,6
29796,0.0,2e-05,4e-05,7e-05,0.0001,1e-05,0.0002,-0.0004,6
29797,0.0,2e-05,4e-05,7e-05,0.0001,1e-05,0.0002,-0.0004,6
29798,0.0,2e-05,4e-05,7e-05,0.0001,1e-05,0.0002,-0.0004,6
29799,0.0,2e-05,4e-05,7e-05,0.0001,1e-05,0.0002,-0.0004,6
29800,0.0,2e-05,4e-05,7e-05,0.0001,1e-05,0.0002,-0.0004,6
29801,0.0,2e-05,4e-05,7e-05,0.0001,1e-05,0.0002,-0.0004,6
29802,0.0,2e-05,4e-05,7e-05,0.0001,1e-05,0.0002,-0.0004,6
29804,0.0,2e-05,4e-05,7e-05,0.0001,1e-05,0.0002,-0.0004,6
29805,0.0,2e-05,4e-05,7e-05,0.0001,1e-05,0.0002,-0.0004,6
29806,0.0,2e-05,4e-05,7e-05,0.0001,1e-05,0.0002,-0.0004,6
29807,-1e-05,-1e-05,-3e-05,-2e-05,0.00015,-7e-05,6e-05,6e-05,6
29808,-1e-05,4e-05,6e-05,6e-05,-2e-05,6e-05,-7e-05,-0.00022,6
29809,5e-05,0.0,-1e-05,4e-05,0.00032,0.00012,-1e-05,0.00016,6
29810,5e-05,0.0,-1e-05,4e-05,0.00032,0.00012,-1e-05,0.00016,6
29811,5e-05,0.0,-1e-05,4e-05,0.00032,0.00012,-1e-05,0.00016,6
29812,5e-05,0.0,-1e-05,4e-05,0.00032,0.00012,-1e-05,0.00016,6
29813,5e-05,0.0,-1e-05,4e-05,0.00032,0.00012,-1e-05,0.00016,6
29814,5e-05,0.0,-1e-05,4e-05,0.00032,0.00012,-1e-05,0.00016,6
29815,5e-05,0.0,-1e-05,4e-05,0.00032,0.00012,-1e-05,0.00016,6
29816,5e-05,0.0,-1e-05,4e-05,0.00032,0.00012,-1e-05,0.00016,6
29817,5e-05,0.0,-1e-05,4e-05,0.00032,0.00012,-1e-05,0.00016,6
29818,5e-05,0.0,-1e-05,4e-05,0.00032,0.00012,-1e-05,0.00016,6
29819,5e-05,0.0,-1e-05,4e-05,0.00032,0.00012,-1e-05,0.00016,6
29820,5e-05,0.0,-1e-05,4e-05,0.00032,0.00012,-1e-05,0.00016,6
29821,5e-05,0.0,-1e-05,4e-05,0.00032,0.00012,-1e-05,0.00016,6
29822,5e-05,0.0,-1e-05,4e-05,0.00032,0.00012,-1e-05,0.00016,6
29823,5e-05,0.0,-1e-05,4e-05,0.00032,0.00012,-1e-05,0.00016,6
29824,5e-05,0.0,-1e-05,4e-05,0.00032,0.00012,-1e-05,0.00016,6
29825,5e-05,0.0,-1e-05,4e-05,0.00032,0.00012,-1e-05,0.00016,6
29826,5e-05,0.0,-1e-05,4e-05,0.00032,0.00012,-1e-05,0.00016,6
29827,5e-05,0.0,-1e-05,4e-05,0.00032,0.00012,-1e-05,0.00016,6
29828,5e-05,0.0,-1e-05,4e-05,0.00032,0.00012,-1e-05,0.00016,6
29829,5e-05,0.0,-1e-05,4e-05,0.00032,0.00012,-1e-05,0.00016,6
29830,-6e-05,-3e-05,-3e-05,3e-05,-6e-05,-0.00017,0.00013,-0.00046,6
29831,7e-05,5e-05,5e-05,4e-05,-0.00026,2e-05,-0.00023,-5e-05,6
29832,7e-05,5e-05,5e-05,4e-05,-0.00026,2e-05,-0.00023,-5e-05,6
29833,7e-05,5e-05,5e-05,4e-05,-0.00026,2e-05,-0.00023,-5e-05,6
29834,7e-05,5e-05,5e-05,4e-05,-0.00026,2e-05,-0.00023,-5e-05,6
29835,7e-05,5e-05,5e-05,4e-05,-0.00026,2e-05,-0.00023,-5e-05,6
29836,7e-05,5e-05,5e-05,4e-05,-0.00026,2e-05,-0.00023,-5e-05,6
29838,7e-05,5e-05,5e-05,4e-05,-0.00026,2e-05,-0.00023,-5e-05,6
29839,7e-05,5e-05,5e-05,4e-05,-0.00026,2e-05,-0.00023,-5e-05,6
29840,7e-05,5e-05,5e-05,4e-05,-0.00026,2e-05,-0.00023,-5e-05,6
29841,7e-05,5e-05,5e-05,4e-05,-0.00026,2e-05,-0.00023,-5e-05,6
29842,7e-05,5e-05,5e-05,4e-05,-0.00026,2e-05,-0.00023,-5e-05,6
29843,7e-05,5e-05,5e-05,4e-05,-0.00026,2e-05,-0.00023,-5e-05,6
29844,-2e-05,0.0,-1e-05,0.0,-0.00017,-2e-05,0.00013,4e-05,6
29845,-2e-05,0.0,-1e-05,0.0,-0.00017,-2e-05,0.00013,4e-05,6
29846,-2e-05,0.0,-1e-05,0.0,-0.00017,-2e-05,0.00013,4e-05,6
29847,-2e-05,0.0,-1e-05,0.0,-0.00017,-2e-05,0.00013,4e-05,6
29848,-2e-05,0.0,-1e-05,0.0,-0.00017,-2e-05,0.00013,4e-05,6
29849,-2e-05,0.0,-1e-05,0.0,-0.00017,-2e-05,0.00013,4e-05,6
29850,-2e-05,0.0,-1e-05,0.0,-0.00017,-2e-05,0.00013,4e-05,6
29851,-2e-05,0.0,-1e-05,0.0,-0.00017,-2e-05,0.00013,4e-05,6
29852,1e-05,2e-05,4e-05,5e-05,-4e-05,-4e-05,-4e-05,0.00032,6
29854,1e-05,2e-05,4e-05,5e-05,-4e-05,-4e-05,-4e-05,0.00032,6
29855,1e-05,2e-05,4e-05,5e-05,-4e-05,-4e-05,-4e-05,0.00032,6
29856,1e-05,2e-05,4e-05,5e-05,-4e-05,-4e-05,-4e-05,0.00032,6
29857,1e-05,2e-05,4e-05,5e-05,-4e-05,-4e-05,-4e-05,0.00032,6
29858,1e-05,2e-05,4e-05,5e-05,-4e-05,-4e-05,-4e-05,0.00032,6
29859,1e-05,2e-05,4e-05,5e-05,-4e-05,-4e-05,-4e-05,0.00032,6
29860,1e-05,2e-05,4e-05,5e-05,-4e-05,-4e-05,-4e-05,0.00032,6
29861,1e-05,2e-05,4e-05,5e-05,-4e-05,-4e-05,-4e-05,0.00032,6
29862,1e-05,2e-05,4e-05,5e-05,-4e-05,-4e-05,-4e-05,0.00032,6
29863,1e-05,2e-05,4e-05,5e-05,-4e-05,-4e-05,-4e-05,0.00032,6
29864,1e-05,2e-05,4e-05,5e-05,-4e-05,-4e-05,-4e-05,0.00032,6
29865,1e-05,2e-05,4e-05,5e-05,-4e-05,-4e-05,-4e-05,0.00032,6
29866,1e-05,2e-05,4e-05,5e-05,-4e-05,-4e-05,-4e-05,0.00032,6
29867,2e-05,-1e-05,0.0,1e-05,0.00016,0.00017,-4e-05,-0.0001,6
29868,-4e-05,-5e-05,-5e-05,3e-05,9e-05,7e-05,1e-05,4e-05,6
29869,-4e-05,-5e-05,-5e-05,3e-05,9e-05,7e-05,1e-05,4e-05,6
29870,-4e-05,-5e-05,-5e-05,3e-05,9e-05,7e-05,1e-05,4e-05,6
29871,-4e-05,-5e-05,-5e-05,3e-05,9e-05,7e-05,1e-05,4e-05,6
29872,-4e-05,-5e-05,-5e-05,3e-05,9e-05,7e-05,1e-05,4e-05,6
29873,-4e-05,-5e-05,-5e-05,3e-05,9e-05,7e-05,1e-05,4e-05,6
29874,-4e-05,-5e-05,-5e-05,3e-05,9e-05,7e-05,1e-05,4e-05,6
29875,-4e-05,-5e-05,-5e-05,3e-05,9e-05,7e-05,1e-05,4e-05,6
29876,-4e-05,-5e-05,-5e-05,3e-05,9e-05,7e-05,1e-05,4e-05,6
29877,-4e-05,-5e-05,-5e-05,3e-05,9e-05,7e-05,1e-05,4e-05,6
29878,-4e-05,-5e-05,-5e-05,3e-05,9e-05,7e-05,1e-05,4e-05,6
29879,-4e-05,-5e-05,-5e-05,3e-05,9e-05,7e-05,1e-05,4e-05,6
29880,-4e-05,-5e-05,-5e-05,3e-05,9e-05,7e-05,1e-05,4e-05,6
29881,-4e-05,-5e-05,-5e-05,3e-05,9e-05,7e-05,1e-05,4e-05,6
29882,-4e-05,-5e-05,-5e-05,3e-05,9e-05,7e-05,1e-05,4e-05,6
29883,-4e-05,-5e-05,-5e-05,3e-05,9e-05,7e-05,1e-05,4e-05,6
29884,-4e-05,-5e-05,-5e-05,3e-05,9e-05,7e-05,1e-05,4e-05,6
29885,-4e-05,-5e-05,-5e-05,3e-05,9e-05,7e-05,1e-05,4e-05,6
29886,-4e-05,-5e-05,-5e-05,3e-05,9e-05,7e-05,1e-05,4e-05,6
29888,-4e-05,-5e-05,-5e-05,3e-05,9e-05,7e-05,1e-05,4e-05,6
29889,-4e-05,-5e-05,-5e-05,3e-05,9e-05,7e-05,1e-05,4e-05,6
29890,2e-05,2e-05,-1e-05,-3e-05,-0.0001,-0.00046,-0.00026,-7e-05,6
29891,-4e-05,0.0,0.0,-6e-05,-8e-05,0.00028,7e-05,0.00032,6
29892,-4e-05,0.0,0.0,-6e-05,-8e-05,0.00028,7e-05,0.00032,6
29893,-4e-05,0.0,0.0,-6e-05,-8e-05,0.00028,7e-05,0.00032,6
29894,-4e-05,0.0,0.0,-6e-05,-8e-05,0.00028,7e-05,0.00032,6
29895,-4e-05,0.0,0.0,-6e-05,-8e-05,0.00028,7e-05,0.00032,6
29896,-4e-05,0.0,0.0,-6e-05,-8e-05,0.00028,7e-05,0.00032,6
29897,-4e-05,0.0,0.0,-6e-05,-8e-05,0.00028,7e-05,0.00032,6
29898,-4e-05,0.0,0.0,-6e-05,-8e-05,0.00028,7e-05,0.00032,6
29899,-4e-05,0.0,0.0,-6e-05,-8e-05,0.00028,7e-05,0.00032,6
29900,-4e-05,0.0,0.0,-6e-05,-8e-05,0.00028,7e-05,0.00032,6
29901,-4e-05,0.0,0.0,-6e-05,-8e-05,0.00028,7e-05,0.00032,6
29902,-4e-05,0.0,0.0,-6e-05,-8e-05,0.00028,7e-05,0.00032,6
29904,-4e-05,0.0,0.0,-6e-05,-8e-05,0.00028,7e-05,0.00032,6
29905,-3e-05,-5e-05,-6e-05,-3e-05,-7e-05,0.0001,-5e-05,-0.00013,6
29906,-3e-05,-5e-05,-6e-05,-3e-05,-7e-05,0.0001,-5e-05,-0.00013,6
29907,-3e-05,-5e-05,-6e-05,-3e-05,-7e-05,0.0001,-5e-05,-0.00013,6
29908,-3e-05,-5e-05,-6e-05,-3e-05,-7e-05,0.0001,-5e-05,-0.00013,6
29909,-3e-05,-5e-05,-6e-05,-3e-05,-7e-05,0.0001,-5e-05,-0.00013,6
29910,-3e-05,-5e-05,-6e-05,-3e-05,-7e-05,0.0001,-5e-05,-0.00013,6
29911,-3e-05,-5e-05,-6e-05,-3e-05,-7e-05,0.0001,-5e-05,-0.00013,6
29912,-3e-05,-5e-05,-6e-05,-3e-05,-7e-05,0.0001,-5e-05,-0.00013,6
29913,-3e-05,-5e-05,-6e-05,-3e-05,-7e-05,0.0001,-5e-05,-0.00013,6
29914,-3e-05,-5e-05,-6e-05,-3e-05,-7e-05,0.0001,-5e-05,-0.00013,6
29915,-3e-05,-5e-05,-6e-05,-3e-05,-7e-05,0.0001,-5e-05,-0.00013,6
29916,-3e-05,-5e-05,-6e-05,-3e-05,-7e-05,0.0001,-5e-05,-0.00013,6
29917,-3e-05,-5e-05,-6e-05,-3e-05,-7e-05,0.0001,-5e-05,-0.00013,6
29918,-3e-05,-5e-05,-6e-05,-3e-05,-7e-05,0.0001,-5e-05,-0.00013,6
29919,-3e-05,-5e-05,-6e-05,-3e-05,-7e-05,0.0001,-5e-05,-0.00013,6
29920,-4e-05,0.0,1e-05,3e-05,0.00027,0.00051,5e-05,-0.00011,6
29921,-4e-05,0.0,1e-05,3e-05,0.00027,0.00051,5e-05,-0.00011,6
29922,-4e-05,0.0,1e-05,3e-05,0.00027,0.00051,5e-05,-0.00011,6
29923,-4e-05,0.0,1e-05,3e-05,0.00027,0.00051,5e-05,-0.00011,6
29924,-4e-05,0.0,1e-05,3e-05,0.00027,0.00051,5e-05,-0.00011,6
29925,-4e-05,0.0,1e-05,3e-05,0.00027,0.00051,5e-05,-0.00011,6
29926,-4e-05,0.0,1e-05,3e-05,0.00027,0.00051,5e-05,-0.00011,6
29927,-3e-05,0.0,1e-05,0.0,8e-05,-0.00032,5e-05,0.00022,6
29928,-4e-05,-2e-05,0.0,-3e-05,8e-05,-4e-05,9e-05,0.00024,6
29929,-4e-05,-2e-05,0.0,-3e-05,8e-05,-4e-05,9e-05,0.00024,6
29930,-4e-05,-2e-05,0.0,-3e-05,8e-05,-4e-05,9e-05,0.00024,6
29931,-4e-05,-2e-05,0.0,-3e-05,8e-05,-4e-05,9e-05,0.00024,6
29932,-4e-05,-2e-05,0.0,-3e-05,8e-05,-4e-05,9e-05,0.00024,6
29933,-4e-05,-2e-05,0.0,-3e-05,8e-05,-4e-05,9e-05,0.00024,6
29934,-4e-05,-2e-05,0.0,-3e-05,8e-05,-4e-05,9e-05,0.00024,6
29935,-4e-05,-2e-05,0.0,-3e-05,8e-05,-4e-05,9e-05,0.00024,6
29936,-4e-05,-2e-05,0.0,-3e-05,8e-05,-4e-05,9e-05,0.00024,6
29938,-4e-05,-2e-05,0.0,-3e-05,8e-05,-4e-05,9e-05,0.00024,6
29940,-4e-05,-2e-05,0.0,-3e-05,8e-05,-4e-05,9e-05,0.00024,6
29941,-4e-05,-2e-05,0.0,-3e-05,8e-05,-4e-05,9e-05,0.00024,6
29942,-4e-05,-2e-05,0.0,-3e-05,8e-05,-4e-05,9e-05,0.00024,6
29943,-4e-05,-2e-05,0.0,-3e-05,8e-05,-4e-05,9e-05,0.00024,6
29944,-4e-05,-2e-05,0.0,-3e-05,8e-05,-4e-05,9e-05,0.00024,6
29945,-4e-05,-2e-05,0.0,-3e-05,8e-05,-4e-05,9e-05,0.00024,6
29946,-4e-05,-2e-05,0.0,-3e-05,8e-05,-4e-05,9e-05,0.00024,6
29947,-4e-05,-2e-05,0.0,-3e-05,8e-05,-4e-05,9e-05,0.00024,6
29948,-4e-05,-2e-05,0.0,-3e-05,8e-05,-4e-05,9e-05,0.00024,6
29949,-4e-05,-2e-05,0.0,-3e-05,8e-05,-4e-05,9e-05,0.00024,6
29950,-4e-05,-3e-05,-4e-05,-8e-05,-0.00038,-0.00018,0.00011,-0.00037,6
29951,-1e-05,0.0,0.0,-4e-05,-0.0003,-0.00014,-0.00011,-0.00052,6
29952,-1e-05,0.0,0.0,-4e-05,-0.0003,-0.00014,-0.00011,-0.00052,6
29954,-1e-05,0.0,0.0,-4e-05,-0.0003,-0.00014,-0.00011,-0.00052,6
29955,-1e-05,0.0,0.0,-4e-05,-0.0003,-0.00014,-0.00011,-0.00052,6
29956,-1e-05,0.0,0.0,-4e-05,-0.0003,-0.00014,-0.00011,-0.00052,6
29957,-1e-05,0.0,0.0,-4e-05,-0.0003,-0.00014,-0.00011,-0.00052,6
29958,-1e-05,0.0,0.0,-4e-05,-0.0003,-0.00014,-0.00011,-0.00052,6
29959,-1e-05,0.0,0.0,-4e-05,-0.0003,-0.00014,-0.00011,-0.00052,6
29960,-1e-05,0.0,0.0,-4e-05,-0.0003,-0.00014,-0.00011,-0.00052,6
29961,-1e-05,0.0,0.0,-4e-05,-0.0003,-0.00014,-0.00011,-0.00052,6
29962,-1e-05,0.0,0.0,-4e-05,-0.0003,-0.00014,-0.00011,-0.00052,6
29963,-1e-05,0.0,0.0,-4e-05,-0.0003,-0.00014,-0.00011,-0.00052,6
29964,-1e-05,0.0,0.0,-4e-05,-0.0003,-0.00014,-0.00011,-0.00052,6
29965,-1e-05,0.0,0.0,-4e-05,-0.0003,-0.00014,-0.00011,-0.00052,6
29966,-1e-05,0.0,0.0,-4e-05,-0.0003,-0.00014,-0.00011,-0.00052,6
29967,-1e-05,0.0,0.0,-4e-05,-0.0003,-0.00014,-0.00011,-0.00052,6
29968,-1e-05,0.0,0.0,-4e-05,-0.0003,-0.00014,-0.00011,-0.00052,6
29969,-1e-05,0.0,0.0,-4e-05,-0.0003,-0.00014,-0.00011,-0.00052,6
29970,-1e-05,0.0,0.0,-4e-05,-0.0003,-0.00014,-0.00011,-0.00052,6
29971,-1e-05,0.0,0.0,-4e-05,-0.0003,-0.00014,-0.00011,-0.00052,6
29972,-1e-05,0.0,0.0,-4e-05,-0.0003,-0.00014,-0.00011,-0.00052,6
29973,-5e-05,-3e-05,-2e-05,-7e-05,-0.00026,-0.00023,0.00039,0.00054,6
29974,4e-05,2e-05,6e-05,0.00013,0.00059,0.00011,4e-05,-9e-05,6
29975,4e-05,2e-05,6e-05,0.00013,0.00059,0.00011,4e-05,-9e-05,6
29976,4e-05,2e-05,6e-05,0.00013,0.00059,0.00011,4e-05,-9e-05,6
29977,4e-05,2e-05,6e-05,0.00013,0.00059,0.00011,4e-05,-9e-05,6
29978,4e-05,2e-05,6e-05,0.00013,0.00059,0.00011,4e-05,-9e-05,6
29979,4e-05,2e-05,6e-05,0.00013,0.00059,0.00011,4e-05,-9e-05,6
29980,4e-05,2e-05,6e-05,0.00013,0.00059,0.00011,4e-05,-9e-05,6
29981,4e-05,2e-05,6e-05,0.00013,0.00059,0.00011,4e-05,-9e-05,6
29982,4e-05,2e-05,6e-05,0.00013,0.00059,0.00011,4e-05,-9e-05,6
29983,4e-05,2e-05,6e-05,0.00013,0.00059,0.00011,4e-05,-9e-05,6
29984,4e-05,2e-05,6e-05,0.00013,0.00059,0.00011,4e-05,-9e-05,6
29985,4e-05,2e-05,6e-05,0.00013,0.00059,0.00011,4e-05,-9e-05,6
29986,4e-05,2e-05,6e-05,0.00013,0.00059,0.00011,4e-05,-9e-05,6
29989,-3e-05,-4e-05,-4e-05,-9e-05,-0.00019,-0.00023,-0.00011,-0.00011,6
29990,-3e-05,-4e-05,-4e-05,-9e-05,-0.00019,-0.00023,-0.00011,-0.00011,6
29991,-3e-05,-4e-05,-4e-05,-9e-05,-0.00019,-0.00023,-0.00011,-0.00011,6
29992,-3e-05,-4e-05,-4e-05,-9e-05,-0.00019,-0.00023,-0.00011,-0.00011,6
29993,-3e-05,-4e-05,-4e-05,-9e-05,-0.00019,-0.00023,-0.00011,-0.00011,6
29994,-3e-05,-4e-05,-4e-05,-9e-05,-0.00019,-0.00023,-0.00011,-0.00011,6
29995,-3e-05,-4e-05,-4e-05,-9e-05,-0.00019,-0.00023,-0.00011,-0.00011,6
29996,-3e-05,-4e-05,-4e-05,-9e-05,-0.00019,-0.00023,-0.00011,-0.00011,6
29997,-3e-05,-4e-05,-4e-05,-9e-05,-0.00019,-0.00023,-0.00011,-0.00011,6
29998,-3e-05,-4e-05,-4e-05,-9e-05,-0.00019,-0.00023,-0.00011,-0.00011,6
29999,-3e-05,-4e-05,-4e-05,-9e-05,-0.00019,-0.00023,-0.00011,-0.00011,6
30000,-3e-05,-4e-05,-4e-05,-9e-05,-0.00019,-0.00023,-0.00011,-0.00011,6
30001,-3e-05,-4e-05,-4e-05,-9e-05,-0.00019,-0.00023,-0.00011,-0.00011,6
30002,-3e-05,-4e-05,-4e-05,-9e-05,-0.00019,-0.00023,-0.00011,-0.00011,6
30004,-3e-05,-4e-05,-4e-05,-9e-05,-0.00019,-0.00023,-0.00011,-0.00011,6
30005,-3e-05,-4e-05,-4e-05,-9e-05,-0.00019,-0.00023,-0.00011,-0.00011,6
30006,-3e-05,-4e-05,-4e-05,-9e-05,-0.00019,-0.00023,-0.00011,-0.00011,6
30007,-3e-05,-4e-05,-4e-05,-9e-05,-0.00019,-0.00023,-0.00011,-0.00011,6
30008,-3e-05,-4e-05,-4e-05,-9e-05,-0.00019,-0.00023,-0.00011,-0.00011,6
30009,-3e-05,-4e-05,-4e-05,-9e-05,-0.00019,-0.00023,-0.00011,-0.00011,6
30010,2e-05,-3e-05,1e-05,2e-05,0.0,7e-05,-0.00016,2e-05,6
30011,1e-05,0.0,-2e-05,3e-05,4e-05,0.00015,-8e-05,8e-05,6
30012,1e-05,0.0,-2e-05,3e-05,4e-05,0.00015,-8e-05,8e-05,6
30013,1e-05,0.0,-2e-05,3e-05,4e-05,0.00015,-8e-05,8e-05,6
30014,1e-05,0.0,-2e-05,3e-05,4e-05,0.00015,-8e-05,8e-05,6
30015,1e-05,0.0,-2e-05,3e-05,4e-05,0.00015,-8e-05,8e-05,6
30016,1e-05,0.0,-2e-05,3e-05,4e-05,0.00015,-8e-05,8e-05,6
30017,1e-05,0.0,-2e-05,3e-05,4e-05,0.00015,-8e-05,8e-05,6
30018,1e-05,0.0,-2e-05,3e-05,4e-05,0.00015,-8e-05,8e-05,6
30019,1e-05,0.0,-2e-05,3e-05,4e-05,0.00015,-8e-05,8e-05,6
30020,1e-05,0.0,-2e-05,3e-05,4e-05,0.00015,-8e-05,8e-05,6
30021,1e-05,0.0,-2e-05,3e-05,4e-05,0.00015,-8e-05,8e-05,6
30022,1e-05,0.0,-2e-05,3e-05,4e-05,0.00015,-8e-05,8e-05,6
30023,1e-05,0.0,-2e-05,3e-05,4e-05,0.00015,-8e-05,8e-05,6
30024,1e-05,0.0,-2e-05,3e-05,4e-05,0.00015,-8e-05,8e-05,6
30025,1e-05,0.0,-2e-05,3e-05,4e-05,0.00015,-8e-05,8e-05,6
30026,1e-05,0.0,-2e-05,3e-05,4e-05,0.00015,-8e-05,8e-05,6
30027,1e-05,0.0,-2e-05,3e-05,4e-05,0.00015,-8e-05,8e-05,6
30029,1e-05,0.0,-2e-05,3e-05,4e-05,0.00015,-8e-05,8e-05,6
30030,1e-05,0.0,-2e-05,3e-05,4e-05,0.00015,-8e-05,8e-05,6
30031,1e-05,0.0,-2e-05,3e-05,4e-05,0.00015,-8e-05,8e-05,6
30032,1e-05,0.0,-2e-05,3e-05,4e-05,0.00015,-8e-05,8e-05,6
30033,-3e-05,-6e-05,-7e-05,-0.00011,-0.00032,0.00011,0.0,1e-05,6
30034,-4e-05,-5e-05,-4e-05,-9e-05,-0.00032,-0.0004,-9e-05,3e-05,6
30035,-4e-05,-5e-05,-4e-05,-9e-05,-0.00032,-0.0004,-9e-05,3e-05,6
30043,-4e-05,-5e-05,-4e-05,-9e-05,-0.00032,-0.0004,-9e-05,3e-05,6
30044,-4e-05,-5e-05,-4e-05,-9e-05,-0.00032,-0.0004,-9e-05,3e-05,6
30045,-4e-05,-5e-05,-4e-05,-9e-05,-0.00032,-0.0004,-9e-05,3e-05,6
30046,-4e-05,-5e-05,-4e-05,-9e-05,-0.00032,-0.0004,-9e-05,3e-05,6
30047,-4e-05,-5e-05,-4e-05,-9e-05,-0.00032,-0.0004,-9e-05,3e-05,6
30048,-3e-05,-1e-05,2e-05,6e-05,0.00041,2e-05,4e-05,0.00023,6
30049,-3e-05,-1e-05,-5e-05,1e-05,0.00021,-1e-05,1e-05,-2e-05,6
30050,-3e-05,-1e-05,-5e-05,1e-05,0.00021,-1e-05,1e-05,-2e-05,6
30051,-3e-05,-1e-05,-5e-05,1e-05,0.00021,-1e-05,1e-05,-2e-05,6
30052,-3e-05,-1e-05,-5e-05,1e-05,0.00021,-1e-05,1e-05,-2e-05,6
30054,-3e-05,-1e-05,-5e-05,1e-05,0.00021,-1e-05,1e-05,-2e-05,6
30055,-3e-05,-1e-05,-5e-05,1e-05,0.00021,-1e-05,1e-05,-2e-05,6
30056,-3e-05,-1e-05,-5e-05,1e-05,0.00021,-1e-05,1e-05,-2e-05,6
30057,-3e-05,-1e-05,-5e-05,1e-05,0.00021,-1e-05,1e-05,-2e-05,6
30058,-3e-05,-1e-05,-5e-05,1e-05,0.00021,-1e-05,1e-05,-2e-05,6
30059,-3e-05,-1e-05,-5e-05,1e-05,0.00021,-1e-05,1e-05,-2e-05,6
30060,-3e-05,-1e-05,-5e-05,1e-05,0.00021,-1e-05,1e-05,-2e-05,6
30061,-3e-05,-1e-05,-5e-05,1e-05,0.00021,-1e-05,1e-05,-2e-05,6
30062,-3e-05,-1e-05,-5e-05,1e-05,0.00021,-1e-05,1e-05,-2e-05,6
30063,-3e-05,-1e-05,-5e-05,1e-05,0.00021,-1e-05,1e-05,-2e-05,6
30064,-3e-05,-1e-05,-5e-05,1e-05,0.00021,-1e-05,1e-05,-2e-05,6
30065,-3e-05,-1e-05,-5e-05,1e-05,0.00021,-1e-05,1e-05,-2e-05,6
30066,-3e-05,-1e-05,-5e-05,1e-05,0.00021,-1e-05,1e-05,-2e-05,6
30067,-3e-05,-1e-05,-5e-05,1e-05,0.00021,-1e-05,1e-05,-2e-05,6
30068,-3e-05,-1e-05,-5e-05,1e-05,0.00021,-1e-05,1e-05,-2e-05,6
30069,-3e-05,-1e-05,-5e-05,1e-05,0.00021,-1e-05,1e-05,-2e-05,6
30070,0.0,3e-05,3e-05,7e-05,0.0002,0.00014,-9e-05,1e-05,6
30071,2e-05,0.0,0.0,-3e-05,-0.00015,-0.00018,0.0,5e-05,6
30072,2e-05,0.0,0.0,-3e-05,-0.00015,-0.00018,0.0,5e-05,6
30073,2e-05,0.0,0.0,-3e-05,-0.00015,-0.00018,0.0,5e-05,6
30074,2e-05,0.0,0.0,-3e-05,-0.00015,-0.00018,0.0,5e-05,6
30075,2e-05,0.0,0.0,-3e-05,-0.00015,-0.00018,0.0,5e-05,6
30076,2e-05,0.0,0.0,-3e-05,-0.00015,-0.00018,0.0,5e-05,6
30077,2e-05,0.0,0.0,-3e-05,-0.00015,-0.00018,0.0,5e-05,6
30078,2e-05,0.0,0.0,-3e-05,-0.00015,-0.00018,0.0,5e-05,6
30079,2e-05,0.0,0.0,-3e-05,-0.00015,-0.00018,0.0,5e-05,6
30080,2e-05,0.0,0.0,-3e-05,-0.00015,-0.00018,0.0,5e-05,6
30081,2e-05,0.0,0.0,-3e-05,-0.00015,-0.00018,0.0,5e-05,6
30082,2e-05,0.0,0.0,-3e-05,-0.00015,-0.00018,0.0,5e-05,6
30083,2e-05,0.0,0.0,-3e-05,-0.00015,-0.00018,0.0,5e-05,6
30084,2e-05,0.0,0.0,-3e-05,-0.00015,-0.00018,0.0,5e-05,6
30085,2e-05,0.0,0.0,-3e-05,-0.00015,-0.00018,0.0,5e-05,6
30086,2e-05,0.0,0.0,-3e-05,-0.00015,-0.00018,0.0,5e-05,6
30088,2e-05,0.0,0.0,-3e-05,-0.00015,-0.00018,0.0,5e-05,6
30089,2e-05,0.0,0.0,-3e-05,-0.00015,-0.00018,0.0,5e-05,6
30090,2e-05,0.0,0.0,-3e-05,-0.00015,-0.00018,0.0,5e-05,6
30091,2e-05,0.0,0.0,-3e-05,-0.00015,-0.00018,0.0,5e-05,6
30092,2e-05,0.0,0.0,-3e-05,-0.00015,-0.00018,0.0,5e-05,6
30093,2e-05,0.0,0.0,-3e-05,-0.00015,-0.00018,0.0,5e-05,6
30094,-2e-05,-5e-05,-3e-05,-3e-05,-0.00016,-0.00018,-3e-05,-7e-05,6
30095,-2e-05,-5e-05,-3e-05,-3e-05,-0.00016,-0.00018,-3e-05,-7e-05,6
30096,-2e-05,-5e-05,-3e-05,-3e-05,-0.00016,-0.00018,-3e-05,-7e-05,6
30097,-2e-05,-5e-05,-3e-05,-3e-05,-0.00016,-0.00018,-3e-05,-7e-05,6
30098,-2e-05,-5e-05,-3e-05,-3e-05,-0.00016,-0.00018,-3e-05,-7e-05,6
30099,-2e-05,-5e-05,-3e-05,-3e-05,-0.00016,-0.00018,-3e-05,-7e-05,6
30100,-2e-05,-5e-05,-3e-05,-3e-05,-0.00016,-0.00018,-3e-05,-7e-05,6
30101,-2e-05,-5e-05,-3e-05,-3e-05,-0.00016,-0.00018,-3e-05,-7e-05,6
30102,-2e-05,-5e-05,-3e-05,-3e-05,-0.00016,-0.00018,-3e-05,-7e-05,6
30104,-2e-05,-5e-05,-3e-05,-3e-05,-0.00016,-0.00018,-3e-05,-7e-05,6
30105,-2e-05,-5e-05,-3e-05,-3e-05,-0.00016,-0.00018,-3e-05,-7e-05,6
30106,-3e-05,-3e-05,-3e-05,1e-05,4e-05,-8e-05,-1e-05,8e-05,6
30107,0.0,1e-05,-1e-05,0.0,1e-05,0.00012,-6e-05,-6e-05,6
30108,0.0,1e-05,-1e-05,0.0,1e-05,0.00012,-6e-05,-6e-05,6
30109,0.0,1e-05,-1e-05,0.0,1e-05,0.00012,-6e-05,-6e-05,6
30110,0.0,1e-05,-1e-05,0.0,1e-05,0.00012,-6e-05,-6e-05,6
30111,0.0,1e-05,-1e-05,0.0,1e-05,0.00012,-6e-05,-6e-05,6
30112,0.0,1e-05,-1e-05,0.0,1e-05,0.00012,-6e-05,-6e-05,6
30113,0.0,1e-05,-1e-05,0.0,1e-05,0.00012,-6e-05,-6e-05,6
30114,0.0,1e-05,-1e-05,0.0,1e-05,0.00012,-6e-05,-6e-05,6
30115,-2e-05,-3e-05,-6e-05,-4e-05,-6e-05,-0.00035,-4e-05,5e-05,6
30116,-2e-05,1e-05,1e-05,2e-05,0.00021,0.00026,4e-05,-1e-05,6
30117,-2e-05,1e-05,1e-05,2e-05,0.00021,0.00026,4e-05,-1e-05,6
30118,-2e-05,1e-05,1e-05,2e-05,0.00021,0.00026,4e-05,-1e-05,6
30119,-2e-05,1e-05,1e-05,2e-05,0.00021,0.00026,4e-05,-1e-05,6
30120,-2e-05,1e-05,1e-05,2e-05,0.00021,0.00026,4e-05,-1e-05,6
30121,-2e-05,1e-05,1e-05,2e-05,0.00021,0.00026,4e-05,-1e-05,6
30122,-2e-05,1e-05,1e-05,2e-05,0.00021,0.00026,4e-05,-1e-05,6
30123,-2e-05,1e-05,1e-05,2e-05,0.00021,0.00026,4e-05,-1e-05,6
30124,-2e-05,1e-05,1e-05,2e-05,0.00021,0.00026,4e-05,-1e-05,6
30125,-2e-05,1e-05,1e-05,2e-05,0.00021,0.00026,4e-05,-1e-05,6
30126,-2e-05,1e-05,1e-05,2e-05,0.00021,0.00026,4e-05,-1e-05,6
30127,-2e-05,1e-05,1e-05,2e-05,0.00021,0.00026,4e-05,-1e-05,6
30128,-2e-05,1e-05,1e-05,2e-05,0.00021,0.00026,4e-05,-1e-05,6
30129,-2e-05,1e-05,1e-05,2e-05,0.00021,0.00026,4e-05,-1e-05,6
30130,0.0,0.0,-2e-05,-5e-05,-0.00013,0.00011,-0.00016,-1e-05,6
30131,-2e-05,0.0,-2e-05,-2e-05,-1e-05,9e-05,-5e-05,-0.00014,6
30132,-3e-05,-7e-05,-0.00011,-9e-05,-2e-05,-5e-05,5e-05,4e-05,6
30133,-3e-05,-7e-05,-0.00011,-9e-05,-2e-05,-5e-05,5e-05,4e-05,6
30134,-3e-05,-7e-05,-0.00011,-9e-05,-2e-05,-5e-05,5e-05,4e-05,6
30135,-3e-05,-7e-05,-0.00011,-9e-05,-2e-05,-5e-05,5e-05,4e-05,6
30136,-3e-05,-7e-05,-0.00011,-9e-05,-2e-05,-5e-05,5e-05,4e-05,6
30138,-3e-05,-7e-05,-0.00011,-9e-05,-2e-05,-5e-05,5e-05,4e-05,6
30139,-3e-05,-7e-05,-0.00011,-9e-05,-2e-05,-5e-05,5e-05,4e-05,6
30140,-3e-05,-7e-05,-0.00011,-9e-05,-2e-05,-5e-05,5e-05,4e-05,6
30141,-3e-05,-7e-05,-0.00011,-9e-05,-2e-05,-5e-05,5e-05,4e-05,6
30142,-3e-05,-7e-05,-0.00011,-9e-05,-2e-05,-5e-05,5e-05,4e-05,6
30143,-3e-05,-7e-05,-0.00011,-9e-05,-2e-05,-5e-05,5e-05,4e-05,6
30144,-3e-05,-7e-05,-0.00011,-9e-05,-2e-05,-5e-05,5e-05,4e-05,6
30145,-3e-05,-7e-05,-0.00011,-9e-05,-2e-05,-5e-05,5e-05,4e-05,6
30146,-3e-05,-7e-05,-0.00011,-9e-05,-2e-05,-5e-05,5e-05,4e-05,6
30147,-3e-05,-7e-05,-0.00011,-9e-05,-2e-05,-5e-05,5e-05,4e-05,6
30148,-3e-05,-7e-05,-0.00011,-9e-05,-2e-05,-5e-05,5e-05,4e-05,6
30149,-3e-05,-7e-05,-0.00011,-9e-05,-2e-05,-5e-05,5e-05,4e-05,6
30150,-3e-05,-7e-05,-0.00011,-9e-05,-2e-05,-5e-05,5e-05,4e-05,6
30151,-3e-05,-7e-05,-0.00011,-9e-05,-2e-05,-5e-05,5e-05,4e-05,6
30152,-3e-05,-7e-05,-0.00011,-9e-05,-2e-05,-5e-05,5e-05,4e-05,6
30154,-1e-05,-1e-05,-1e-05,-3e-05,7e-05,-0.00012,-8e-05,-0.00015,6
30155,-1e-05,-1e-05,-1e-05,-3e-05,7e-05,-0.00012,-8e-05,-0.00015,6
30156,-1e-05,-1e-05,-1e-05,-3e-05,7e-05,-0.00012,-8e-05,-0.00015,6
30157,-1e-05,-1e-05,-1e-05,-3e-05,7e-05,-0.00012,-8e-05,-0.00015,6
30158,-1e-05,-1e-05,-1e-05,-3e-05,7e-05,-0.00012,-8e-05,-0.00015,6
30159,1e-05,3e-05,3e-05,-1e-05,-3e-05,0.0,-8e-05,-0.00032,6
30160,1e-05,3e-05,3e-05,-1e-05,-3e-05,0.0,-8e-05,-0.00032,6
30161,1e-05,3e-05,3e-05,-1e-05,-3e-05,0.0,-8e-05,-0.00032,6
30162,1e-05,3e-05,3e-05,-1e-05,-3e-05,0.0,-8e-05,-0.00032,6
30163,1e-05,3e-05,3e-05,-1e-05,-3e-05,0.0,-8e-05,-0.00032,6
30164,1e-05,3e-05,3e-05,-1e-05,-3e-05,0.0,-8e-05,-0.00032,6
30165,1e-05,3e-05,3e-05,-1e-05,-3e-05,0.0,-8e-05,-0.00032,6
30166,1e-05,3e-05,3e-05,-1e-05,-3e-05,0.0,-8e-05,-0.00032,6
30167,-1e-05,-2e-05,-1e-05,3e-05,4e-05,0.00015,-4e-05,-6e-05,6
30168,-1e-05,-2e-05,-1e-05,3e-05,4e-05,0.00015,-4e-05,-6e-05,6
30169,-1e-05,-2e-05,-1e-05,3e-05,4e-05,0.00015,-4e-05,-6e-05,6
30170,-1e-05,-2e-05,-1e-05,3e-05,4e-05,0.00015,-4e-05,-6e-05,6
30171,-1e-05,-2e-05,-1e-05,3e-05,4e-05,0.00015,-4e-05,-6e-05,6
30172,-1e-05,-2e-05,-1e-05,3e-05,4e-05,0.00015,-4e-05,-6e-05,6
30173,-1e-05,-2e-05,-1e-05,3e-05,4e-05,0.00015,-4e-05,-6e-05,6
30174,-1e-05,-2e-05,-1e-05,3e-05,4e-05,0.00015,-4e-05,-6e-05,6
30175,-3e-05,-5e-05,-5e-05,-3e-05,0.00012,0.00034,0.00012,-1e-05,6
30176,-1e-05,1e-05,1e-05,0.0,-5e-05,0.00019,0.0,-8e-05,6
30177,-1e-05,1e-05,1e-05,0.0,-5e-05,0.00019,0.0,-8e-05,6
30178,-1e-05,1e-05,1e-05,0.0,-5e-05,0.00019,0.0,-8e-05,6
30179,-1e-05,1e-05,1e-05,0.0,-5e-05,0.00019,0.0,-8e-05,6
30180,-1e-05,1e-05,1e-05,0.0,-5e-05,0.00019,0.0,-8e-05,6
30181,-1e-05,1e-05,1e-05,0.0,-5e-05,0.00019,0.0,-8e-05,6
30182,-1e-05,1e-05,1e-05,0.0,-5e-05,0.00019,0.0,-8e-05,6
30183,-1e-05,1e-05,1e-05,0.0,-5e-05,0.00019,0.0,-8e-05,6
30184,-1e-05,1e-05,1e-05,0.0,-5e-05,0.00019,0.0,-8e-05,6
30185,-1e-05,1e-05,1e-05,0.0,-5e-05,0.00019,0.0,-8e-05,6
30186,-1e-05,1e-05,1e-05,0.0,-5e-05,0.00019,0.0,-8e-05,6
30188,-1e-05,1e-05,1e-05,0.0,-5e-05,0.00019,0.0,-8e-05,6
30189,-1e-05,1e-05,1e-05,0.0,-5e-05,0.00019,0.0,-8e-05,6
30190,0.0,-1e-05,-1e-05,1e-05,0.00032,0.0,1e-05,-0.0002,6
30191,-1e-05,-1e-05,-1e-05,-7e-05,-0.0001,-0.00034,-0.00031,-0.00017,6
30192,5e-05,2e-05,4e-05,5e-05,8e-05,5e-05,0.0001,0.00027,6
30193,5e-05,2e-05,4e-05,5e-05,8e-05,5e-05,0.0001,0.00027,6
30194,5e-05,2e-05,4e-05,5e-05,8e-05,5e-05,0.0001,0.00027,6
30195,5e-05,2e-05,4e-05,5e-05,8e-05,5e-05,0.0001,0.00027,6
30196,5e-05,2e-05,4e-05,5e-05,8e-05,5e-05,0.0001,0.00027,6
30197,5e-05,2e-05,4e-05,5e-05,8e-05,5e-05,0.0001,0.00027,6
30198,5e-05,2e-05,4e-05,5e-05,8e-05,5e-05,0.0001,0.00027,6
30199,5e-05,2e-05,4e-05,5e-05,8e-05,5e-05,0.0001,0.00027,6
30200,5e-05,2e-05,4e-05,5e-05,8e-05,5e-05,0.0001,0.00027,6
30201,5e-05,2e-05,4e-05,5e-05,8e-05,5e-05,0.0001,0.00027,6
30202,5e-05,2e-05,4e-05,5e-05,8e-05,5e-05,0.0001,0.00027,6
30204,5e-05,2e-05,4e-05,5e-05,8e-05,5e-05,0.0001,0.00027,6
30205,5e-05,2e-05,4e-05,5e-05,8e-05,5e-05,0.0001,0.00027,6
30206,5e-05,2e-05,4e-05,5e-05,8e-05,5e-05,0.0001,0.00027,6
30207,5e-05,2e-05,4e-05,5e-05,8e-05,5e-05,0.0001,0.00027,6
30208,5e-05,2e-05,4e-05,5e-05,8e-05,5e-05,0.0001,0.00027,6
30209,5e-05,2e-05,4e-05,5e-05,8e-05,5e-05,0.0001,0.00027,6
30210,5e-05,2e-05,4e-05,5e-05,8e-05,5e-05,0.0001,0.00027,6
30211,5e-05,2e-05,4e-05,5e-05,8e-05,5e-05,0.0001,0.00027,6
30212,5e-05,2e-05,4e-05,5e-05,8e-05,5e-05,0.0001,0.00027,6
30213,-2e-05,-5e-05,-4e-05,-6e-05,-0.00019,9e-05,5e-05,0.00026,6
30214,-2e-05,-5e-05,-4e-05,-6e-05,-0.00019,9e-05,5e-05,0.00026,6
30215,-3e-05,-1e-05,-2e-05,-6e-05,-2e-05,-9e-05,-4e-05,0.00014,6
30216,-3e-05,-1e-05,-2e-05,-6e-05,-2e-05,-9e-05,-4e-05,0.00014,6
30217,-3e-05,-1e-05,-2e-05,-6e-05,-2e-05,-9e-05,-4e-05,0.00014,6
30218,-3e-05,-1e-05,-2e-05,-6e-05,-2e-05,-9e-05,-4e-05,0.00014,6
30219,-3e-05,-1e-05,-2e-05,-6e-05,-2e-05,-9e-05,-4e-05,0.00014,6
30220,-3e-05,-1e-05,-2e-05,-6e-05,-2e-05,-9e-05,-4e-05,0.00014,6
30221,-3e-05,-1e-05,-2e-05,-6e-05,-2e-05,-9e-05,-4e-05,0.00014,6
30222,-3e-05,-1e-05,-2e-05,-6e-05,-2e-05,-9e-05,-4e-05,0.00014,6
30223,-3e-05,-1e-05,-2e-05,-6e-05,-2e-05,-9e-05,-4e-05,0.00014,6
30224,-3e-05,-1e-05,-2e-05,-6e-05,-2e-05,-9e-05,-4e-05,0.00014,6
30225,-3e-05,-1e-05,-2e-05,-6e-05,-2e-05,-9e-05,-4e-05,0.00014,6
30226,-3e-05,-1e-05,-2e-05,-6e-05,-2e-05,-9e-05,-4e-05,0.00014,6
30227,-2e-05,1e-05,0.0,-3e-05,-0.00011,0.00017,9e-05,-7e-05,6
30228,-2e-05,1e-05,0.0,-3e-05,-0.00011,0.00017,9e-05,-7e-05,6
30229,-2e-05,1e-05,0.0,-3e-05,-0.00011,0.00017,9e-05,-7e-05,6
30230,-2e-05,1e-05,0.0,-3e-05,-0.00011,0.00017,9e-05,-7e-05,6
30231,-2e-05,1e-05,0.0,-3e-05,-0.00011,0.00017,9e-05,-7e-05,6
30232,-2e-05,1e-05,0.0,-3e-05,-0.00011,0.00017,9e-05,-7e-05,6
30233,-2e-05,1e-05,0.0,-3e-05,-0.00011,0.00017,9e-05,-7e-05,6
30234,-2e-05,1e-05,0.0,-3e-05,-0.00011,0.00017,9e-05,-7e-05,6
30235,-2e-05,1e-05,0.0,-3e-05,-0.00011,0.00017,9e-05,-7e-05,6
30236,-2e-05,1e-05,0.0,-3e-05,-0.00011,0.00017,9e-05,-7e-05,6
30238,-2e-05,1e-05,0.0,-3e-05,-0.00011,0.00017,9e-05,-7e-05,6
30239,-2e-05,1e-05,0.0,-3e-05,-0.00011,0.00017,9e-05,-7e-05,6
30240,-2e-05,1e-05,0.0,-3e-05,-0.00011,0.00017,9e-05,-7e-05,6
30241,-2e-05,1e-05,0.0,-3e-05,-0.00011,0.00017,9e-05,-7e-05,6
30242,-2e-05,-5e-05,-7e-05,2e-05,0.00018,0.0003,0.00011,0.00027,6
30243,-2e-05,-5e-05,-7e-05,2e-05,0.00018,0.0003,0.00011,0.00027,6
30244,-2e-05,-5e-05,-7e-05,2e-05,0.00018,0.0003,0.00011,0.00027,6
30245,-2e-05,-5e-05,-7e-05,2e-05,0.00018,0.0003,0.00011,0.00027,6
30246,-2e-05,-5e-05,-7e-05,2e-05,0.00018,0.0003,0.00011,0.00027,6
30247,-2e-05,-5e-05,-7e-05,2e-05,0.00018,0.0003,0.00011,0.00027,6
30248,-2e-05,-5e-05,-7e-05,2e-05,0.00018,0.0003,0.00011,0.00027,6
30249,-2e-05,-5e-05,-7e-05,2e-05,0.00018,0.0003,0.00011,0.00027,6
30250,1e-05,0.0,0.0,-6e-05,-0.00012,-0.00016,-6e-05,-0.00019,6
30251,1e-05,0.0,0.0,-6e-05,-0.00012,-0.00016,-6e-05,-0.00019,6
30252,2e-05,3e-05,4e-05,3e-05,0.0,-0.00013,-7e-05,9e-05,6
30254,2e-05,3e-05,4e-05,3e-05,0.0,-0.00013,-7e-05,9e-05,6
30255,2e-05,3e-05,4e-05,3e-05,0.0,-0.00013,-7e-05,9e-05,6
30256,2e-05,3e-05,4e-05,3e-05,0.0,-0.00013,-7e-05,9e-05,6
30257,2e-05,3e-05,4e-05,3e-05,0.0,-0.00013,-7e-05,9e-05,6
30258,2e-05,3e-05,4e-05,3e-05,0.0,-0.00013,-7e-05,9e-05,6
30259,2e-05,3e-05,4e-05,3e-05,0.0,-0.00013,-7e-05,9e-05,6
30260,2e-05,3e-05,4e-05,3e-05,0.0,-0.00013,-7e-05,9e-05,6
30261,2e-05,3e-05,4e-05,3e-05,0.0,-0.00013,-7e-05,9e-05,6
30262,2e-05,3e-05,4e-05,3e-05,0.0,-0.00013,-7e-05,9e-05,6
30263,2e-05,3e-05,4e-05,3e-05,0.0,-0.00013,-7e-05,9e-05,6
30264,2e-05,3e-05,4e-05,3e-05,0.0,-0.00013,-7e-05,9e-05,6
30265,2e-05,3e-05,4e-05,3e-05,0.0,-0.00013,-7e-05,9e-05,6
30266,2e-05,3e-05,4e-05,3e-05,0.0,-0.00013,-7e-05,9e-05,6
30267,2e-05,3e-05,4e-05,3e-05,0.0,-0.00013,-7e-05,9e-05,6
30268,2e-05,3e-05,4e-05,3e-05,0.0,-0.00013,-7e-05,9e-05,6
30269,2e-05,3e-05,4e-05,3e-05,0.0,-0.00013,-7e-05,9e-05,6
30270,2e-05,3e-05,4e-05,3e-05,0.0,-0.00013,-7e-05,9e-05,6
30271,2e-05,3e-05,4e-05,3e-05,0.0,-0.00013,-7e-05,9e-05,6
30272,2e-05,3e-05,4e-05,3e-05,0.0,-0.00013,-7e-05,9e-05,6
30273,0.0,-1e-05,-1e-05,3e-05,-3e-05,-6e-05,4e-05,0.00017,6
30274,-2e-05,-4e-05,-2e-05,2e-05,7e-05,0.00017,0.00011,-3e-05,6
30275,-1e-05,0.0,0.0,-6e-05,-0.00037,0.0001,-4e-05,-0.00014,6
30276,-1e-05,0.0,0.0,-6e-05,-0.00037,0.0001,-4e-05,-0.00014,6
30277,-1e-05,0.0,0.0,-6e-05,-0.00037,0.0001,-4e-05,-0.00014,6
30278,-1e-05,0.0,0.0,-6e-05,-0.00037,0.0001,-4e-05,-0.00014,6
30279,-1e-05,0.0,0.0,-6e-05,-0.00037,0.0001,-4e-05,-0.00014,6
30280,-1e-05,0.0,0.0,-6e-05,-0.00037,0.0001,-4e-05,-0.00014,6
30281,-1e-05,0.0,0.0,-6e-05,-0.00037,0.0001,-4e-05,-0.00014,6
30282,-1e-05,0.0,0.0,-6e-05,-0.00037,0.0001,-4e-05,-0.00014,6
30283,-1e-05,0.0,0.0,-6e-05,-0.00037,0.0001,-4e-05,-0.00014,6
30284,-1e-05,0.0,0.0,-6e-05,-0.00037,0.0001,-4e-05,-0.00014,6
30285,-1e-05,0.0,0.0,-6e-05,-0.00037,0.0001,-4e-05,-0.00014,6
30286,-1e-05,0.0,0.0,-6e-05,-0.00037,0.0001,-4e-05,-0.00014,6
30289,3e-05,-2e-05,-2e-05,-3e-05,-0.0001,-9e-05,-0.00019,-7e-05,6
30290,3e-05,-2e-05,-2e-05,-3e-05,-0.0001,-9e-05,-0.00019,-7e-05,6
30291,3e-05,-2e-05,-2e-05,-3e-05,-0.0001,-9e-05,-0.00019,-7e-05,6
30292,3e-05,-2e-05,-2e-05,-3e-05,-0.0001,-9e-05,-0.00019,-7e-05,6
30293,3e-05,-2e-05,-2e-05,-3e-05,-0.0001,-9e-05,-0.00019,-7e-05,6
30294,-2e-05,-3e-05,-5e-05,-5e-05,-8e-05,-2e-05,1e-05,2e-05,6
30295,-1e-05,-1e-05,1e-05,-3e-05,-0.00013,9e-05,3e-05,0.00022,6
30296,-1e-05,-1e-05,1e-05,-3e-05,-0.00013,9e-05,3e-05,0.00022,6
30297,-1e-05,-1e-05,1e-05,-3e-05,-0.00013,9e-05,3e-05,0.00022,6
30298,-1e-05,-1e-05,1e-05,-3e-05,-0.00013,9e-05,3e-05,0.00022,6
30299,-1e-05,-1e-05,1e-05,-3e-05,-0.00013,9e-05,3e-05,0.00022,6
30300,-1e-05,-1e-05,1e-05,-3e-05,-0.00013,9e-05,3e-05,0.00022,6
30301,-1e-05,-1e-05,1e-05,-3e-05,-0.00013,9e-05,3e-05,0.00022,6
30302,-1e-05,-1e-05,1e-05,-3e-05,-0.00013,9e-05,3e-05,0.00022,6
30304,-1e-05,-1e-05,1e-05,-3e-05,-0.00013,9e-05,3e-05,0.00022,6
30305,-1e-05,-1e-05,1e-05,-3e-05,-0.00013,9e-05,3e-05,0.00022,6
30306,-1e-05,-1e-05,1e-05,-3e-05,-0.00013,9e-05,3e-05,0.00022,6
30307,-1e-05,-1e-05,1e-05,-3e-05,-0.00013,9e-05,3e-05,0.00022,6
30308,-1e-05,-1e-05,1e-05,-3e-05,-0.00013,9e-05,3e-05,0.00022,6
30309,-1e-05,-1e-05,1e-05,-3e-05,-0.00013,9e-05,3e-05,0.00022,6
30310,-1e-05,-1e-05,1e-05,-3e-05,-0.00013,9e-05,3e-05,0.00022,6
30311,-1e-05,-1e-05,1e-05,-3e-05,-0.00013,9e-05,3e-05,0.00022,6
30312,-1e-05,-1e-05,1e-05,-3e-05,-0.00013,9e-05,3e-05,0.00022,6
30313,-1e-05,-1e-05,1e-05,-3e-05,-0.00013,9e-05,3e-05,0.00022,6
30314,-1e-05,-1e-05,1e-05,-3e-05,-0.00013,9e-05,3e-05,0.00022,6
30315,-1e-05,-1e-05,1e-05,-3e-05,-0.00013,9e-05,3e-05,0.00022,6
30316,-1e-05,-1e-05,1e-05,-3e-05,-0.00013,9e-05,3e-05,0.00022,6
30317,-1e-05,-1e-05,1e-05,-3e-05,-0.00013,9e-05,3e-05,0.00022,6
30318,-2e-05,-1e-05,1e-05,6e-05,1e-05,4e-05,1e-05,-0.00046,6
30319,0.0,-4e-05,-5e-05,-2e-05,0.00016,0.0003,-5e-05,0.00023,6
30320,-6e-05,-3e-05,-3e-05,-5e-05,-6e-05,-0.00026,5e-05,-0.00018,6
30321,-6e-05,-3e-05,-3e-05,-5e-05,-6e-05,-0.00026,5e-05,-0.00018,6
30322,-6e-05,-3e-05,-3e-05,-5e-05,-6e-05,-0.00026,5e-05,-0.00018,6
30323,-6e-05,-3e-05,-3e-05,-5e-05,-6e-05,-0.00026,5e-05,-0.00018,6
30324,-6e-05,-3e-05,-3e-05,-5e-05,-6e-05,-0.00026,5e-05,-0.00018,6
30325,-6e-05,-3e-05,-3e-05,-5e-05,-6e-05,-0.00026,5e-05,-0.00018,6
30326,-6e-05,-3e-05,-3e-05,-5e-05,-6e-05,-0.00026,5e-05,-0.00018,6
30327,-6e-05,-3e-05,-3e-05,-5e-05,-6e-05,-0.00026,5e-05,-0.00018,6
30328,-6e-05,-3e-05,-3e-05,-5e-05,-6e-05,-0.00026,5e-05,-0.00018,6
30329,-6e-05,-3e-05,-3e-05,-5e-05,-6e-05,-0.00026,5e-05,-0.00018,6
30330,-6e-05,-3e-05,-3e-05,-5e-05,-6e-05,-0.00026,5e-05,-0.00018,6
30331,-6e-05,-3e-05,-3e-05,-5e-05,-6e-05,-0.00026,5e-05,-0.00018,6
30332,-6e-05,-3e-05,-3e-05,-5e-05,-6e-05,-0.00026,5e-05,-0.00018,6
30333,-1e-05,1e-05,2e-05,7e-05,0.00034,0.00018,4e-05,2e-05,6
30334,-1e-05,1e-05,2e-05,7e-05,0.00034,0.00018,4e-05,2e-05,6
30335,-6e-05,-8e-05,-0.0001,-0.0001,-0.00017,-0.00028,-4e-05,-0.00023,6
30336,-6e-05,-8e-05,-0.0001,-0.0001,-0.00017,-0.00028,-4e-05,-0.00023,6
30338,-6e-05,-8e-05,-0.0001,-0.0001,-0.00017,-0.00028,-4e-05,-0.00023,6
30339,-6e-05,-8e-05,-0.0001,-0.0001,-0.00017,-0.00028,-4e-05,-0.00023,6
30340,-6e-05,-8e-05,-0.0001,-0.0001,-0.00017,-0.00028,-4e-05,-0.00023,6
30341,-6e-05,-8e-05,-0.0001,-0.0001,-0.00017,-0.00028,-4e-05,-0.00023,6
30342,-6e-05,-8e-05,-0.0001,-0.0001,-0.00017,-0.00028,-4e-05,-0.00023,6
30343,-6e-05,-8e-05,-0.0001,-0.0001,-0.00017,-0.00028,-4e-05,-0.00023,6
30344,-6e-05,-8e-05,-0.0001,-0.0001,-0.00017,-0.00028,-4e-05,-0.00023,6
30345,-6e-05,-8e-05,-0.0001,-0.0001,-0.00017,-0.00028,-4e-05,-0.00023,6
30346,-6e-05,-8e-05,-0.0001,-0.0001,-0.00017,-0.00028,-4e-05,-0.00023,6
30347,-1e-05,-2e-05,-2e-05,-9e-05,-0.0003,-0.0008,3e-05,0.0005,6
30348,-1e-05,-2e-05,-2e-05,-9e-05,-0.0003,-0.0008,3e-05,0.0005,6
30349,-1e-05,-2e-05,-2e-05,-9e-05,-0.0003,-0.0008,3e-05,0.0005,6
30350,-1e-05,-2e-05,-2e-05,-9e-05,-0.0003,-0.0008,3e-05,0.0005,6
30351,-1e-05,-2e-05,-2e-05,-9e-05,-0.0003,-0.0008,3e-05,0.0005,6
30352,-1e-05,-2e-05,-2e-05,-9e-05,-0.0003,-0.0008,3e-05,0.0005,6
30354,-1e-05,-2e-05,-2e-05,-9e-05,-0.0003,-0.0008,3e-05,0.0005,6
30355,-1e-05,-2e-05,-2e-05,-9e-05,-0.0003,-0.0008,3e-05,0.0005,6
30356,-1e-05,-2e-05,-2e-05,-9e-05,-0.0003,-0.0008,3e-05,0.0005,6
30357,-1e-05,-2e-05,-2e-05,-9e-05,-0.0003,-0.0008,3e-05,0.0005,0
30358,-1e-05,-2e-05,-2e-05,-9e-05,-0.0003,-0.0008,3e-05,0.0005,0
30359,-1e-05,-2e-05,-2e-05,-9e-05,-0.0003,-0.0008,3e-05,0.0005,0
30360,-1e-05,-2e-05,-2e-05,-9e-05,-0.0003,-0.0008,3e-05,0.0005,0
30361,-1e-05,-2e-05,-2e-05,-9e-05,-0.0003,-0.0008,3e-05,0.0005,0
30362,3e-05,3e-05,4e-05,0.0001,0.00042,0.00043,5e-05,6e-05,0
30363,3e-05,3e-05,4e-05,0.0001,0.00042,0.00043,5e-05,6e-05,0
30364,3e-05,3e-05,4e-05,0.0001,0.00042,0.00043,5e-05,6e-05,0
30365,3e-05,3e-05,4e-05,0.0001,0.00042,0.00043,5e-05,6e-05,0
30366,3e-05,3e-05,4e-05,0.0001,0.00042,0.00043,5e-05,6e-05,0
30367,3e-05,3e-05,4e-05,0.0001,0.00042,0.00043,5e-05,6e-05,0
30368,3e-05,3e-05,4e-05,0.0001,0.00042,0.00043,5e-05,6e-05,0
30369,3e-05,3e-05,4e-05,0.0001,0.00042,0.00043,5e-05,6e-05,0
30370,-1e-05,-2e-05,-1e-05,-7e-05,-0.00015,0.00032,-0.00011,0.0,0
30371,0.0,-3e-05,-4e-05,-2e-05,-0.0001,0.0,0.0,0.00022,0
30372,-5e-05,-1e-05,-1e-05,-4e-05,-6e-05,-5e-05,-2e-05,-0.00014,0
30373,-5e-05,-1e-05,-1e-05,-4e-05,-6e-05,-5e-05,-2e-05,-0.00014,0
30374,-5e-05,-1e-05,-1e-05,-4e-05,-6e-05,-5e-05,-2e-05,-0.00014,0
30375,-5e-05,-1e-05,-1e-05,-4e-05,-6e-05,-5e-05,-2e-05,-0.00014,0
30376,-5e-05,-1e-05,-1e-05,-4e-05,-6e-05,-5e-05,-2e-05,-0.00014,0
30377,-5e-05,-1e-05,-1e-05,-4e-05,-6e-05,-5e-05,-2e-05,-0.00014,0
30378,-5e-05,-1e-05,-1e-05,-4e-05,-6e-05,-5e-05,-2e-05,-0.00014,0
30379,-5e-05,-1e-05,-1e-05,-4e-05,-6e-05,-5e-05,-2e-05,-0.00014,0
30380,-5e-05,-1e-05,-1e-05,-4e-05,-6e-05,-5e-05,-2e-05,-0.00014,0
30381,-5e-05,-1e-05,-1e-05,-4e-05,-6e-05,-5e-05,-2e-05,-0.00014,0
30382,-5e-05,-1e-05,-1e-05,-4e-05,-6e-05,-5e-05,-2e-05,-0.00014,0
30383,-5e-05,-1e-05,-1e-05,-4e-05,-6e-05,-5e-05,-2e-05,-0.00014,0
30384,-5e-05,-1e-05,-1e-05,-4e-05,-6e-05,-5e-05,-2e-05,-0.00014,0
30385,-5e-05,-1e-05,-1e-05,-4e-05,-6e-05,-5e-05,-2e-05,-0.00014,0
30386,-5e-05,-1e-05,-1e-05,-4e-05,-6e-05,-5e-05,-2e-05,-0.00014,0
30388,-5e-05,-1e-05,-1e-05,-4e-05,-6e-05,-5e-05,-2e-05,-0.00014,0
30389,-5e-05,-1e-05,-1e-05,-4e-05,-6e-05,-5e-05,-2e-05,-0.00014,0
30390,-5e-05,-1e-05,-1e-05,-4e-05,-6e-05,-5e-05,-2e-05,-0.00014,0
30391,-5e-05,-1e-05,-1e-05,-4e-05,-6e-05,-5e-05,-2e-05,-0.00014,0
30392,-5e-05,-1e-05,-1e-05,-4e-05,-6e-05,-5e-05,-2e-05,-0.00014,0
30393,-4e-05,-3e-05,-5e-05,-5e-05,-3e-05,0.00032,6e-05,-0.00028,0
30394,-1e-05,-2e-05,-5e-05,-5e-05,-3e-05,2e-05,1e-05,0.00013,0
30395,-1e-05,1e-05,3e-05,4e-05,2e-05,-9e-05,-4e-05,-1e-05,0
30396,-1e-05,1e-05,3e-05,4e-05,2e-05,-9e-05,-4e-05,-1e-05,0
30397,-1e-05,1e-05,3e-05,4e-05,2e-05,-9e-05,-4e-05,-1e-05,0
30398,-1e-05,1e-05,3e-05,4e-05,2e-05,-9e-05,-4e-05,-1e-05,0
30399,-1e-05,1e-05,3e-05,4e-05,2e-05,-9e-05,-4e-05,-1e-05,0
30400,-1e-05,1e-05,3e-05,4e-05,2e-05,-9e-05,-4e-05,-1e-05,0
30401,-1e-05,1e-05,3e-05,4e-05,2e-05,-9e-05,-4e-05,-1e-05,0
30402,-1e-05,1e-05,3e-05,4e-05,2e-05,-9e-05,-4e-05,-1e-05,0
30404,-1e-05,1e-05,3e-05,4e-05,2e-05,-9e-05,-4e-05,-1e-05,0
30405,-1e-05,1e-05,3e-05,4e-05,2e-05,-9e-05,-4e-05,-1e-05,0
30406,-1e-05,1e-05,3e-05,4e-05,2e-05,-9e-05,-4e-05,-1e-05,0
30407,1e-05,2e-05,2e-05,3e-05,-2e-05,0.00037,-1e-05,-0.00018,0
30408,1e-05,2e-05,2e-05,3e-05,-2e-05,0.00037,-1e-05,-0.00018,0
30409,1e-05,2e-05,2e-05,3e-05,-2e-05,0.00037,-1e-05,-0.00018,0
30410,1e-05,2e-05,2e-05,3e-05,-2e-05,0.00037,-1e-05,-0.00018,0
30411,1e-05,2e-05,2e-05,3e-05,-2e-05,0.00037,-1e-05,-0.00018,0
30412,1e-05,2e-05,2e-05,3e-05,-2e-05,0.00037,-1e-05,-0.00018,0
30413,1e-05,2e-05,2e-05,3e-05,-2e-05,0.00037,-1e-05,-0.00018,0
30414,-2e-05,-2e-05,0.0,1e-05,-0.00015,-0.00015,-0.00016,-0.00025,0
30415,-2e-05,-2e-05,0.0,1e-05,-0.00015,-0.00015,-0.00016,-0.00025,0
30416,-2e-05,-2e-05,0.0,1e-05,-0.00015,-0.00015,-0.00016,-0.00025,0
30417,-2e-05,-2e-05,0.0,1e-05,-0.00015,-0.00015,-0.00016,-0.00025,0
30418,-2e-05,-2e-05,0.0,1e-05,-0.00015,-0.00015,-0.00016,-0.00025,0
30419,-2e-05,-2e-05,0.0,1e-05,-0.00015,-0.00015,-0.00016,-0.00025,0
30420,-2e-05,-2e-05,0.0,1e-05,-0.00015,-0.00015,-0.00016,-0.00025,0
30421,-2e-05,-2e-05,0.0,1e-05,-0.00015,-0.00015,-0.00016,-0.00025,0
30422,-2e-05,-2e-05,0.0,1e-05,-0.00015,-0.00015,-0.00016,-0.00025,0
30423,-2e-05,-2e-05,0.0,1e-05,-0.00015,-0.00015,-0.00016,-0.00025,0
30424,-2e-05,-2e-05,0.0,1e-05,-0.00015,-0.00015,-0.00016,-0.00025,0
30425,-2e-05,-2e-05,0.0,1e-05,-0.00015,-0.00015,-0.00016,-0.00025,0
30426,-2e-05,-2e-05,0.0,1e-05,-0.00015,-0.00015,-0.00016,-0.00025,0
30427,-2e-05,-2e-05,0.0,1e-05,-0.00015,-0.00015,-0.00016,-0.00025,0
30428,-2e-05,-2e-05,0.0,1e-05,-0.00015,-0.00015,-0.00016,-0.00025,0
30429,-2e-05,-2e-05,0.0,1e-05,-0.00015,-0.00015,-0.00016,-0.00025,0
30430,-2e-05,1e-05,3e-05,-2e-05,-0.00011,-0.00031,5e-05,0.00015,0
30431,-2e-05,-3e-05,-1e-05,1e-05,0.00012,0.00039,3e-05,-4e-05,0
30432,0.0,0.0,-2e-05,-2e-05,5e-05,-0.00015,-1e-05,7e-05,0
30433,0.0,0.0,-2e-05,-2e-05,5e-05,-0.00015,-1e-05,7e-05,0
30434,0.0,0.0,-2e-05,-2e-05,5e-05,-0.00015,-1e-05,7e-05,0
30435,0.0,0.0,-2e-05,-2e-05,5e-05,-0.00015,-1e-05,7e-05,0
30436,0.0,0.0,-2e-05,-2e-05,5e-05,-0.00015,-1e-05,7e-05,0
30438,0.0,0.0,-2e-05,-2e-05,5e-05,-0.00015,-1e-05,7e-05,0
30439,0.0,0.0,-2e-05,-2e-05,5e-05,-0.00015,-1e-05,7e-05,0
30440,0.0,0.0,-2e-05,-2e-05,5e-05,-0.00015,-1e-05,7e-05,0
30441,0.0,0.0,-2e-05,-2e-05,5e-05,-0.00015,-1e-05,7e-05,0
30442,0.0,0.0,-2e-05,-2e-05,5e-05,-0.00015,-1e-05,7e-05,0
30443,0.0,0.0,-2e-05,-2e-05,5e-05,-0.00015,-1e-05,7e-05,0
30444,0.0,0.0,-2e-05,-2e-05,5e-05,-0.00015,-1e-05,7e-05,0
30445,0.0,0.0,-2e-05,-2e-05,5e-05,-0.00015,-1e-05,7e-05,0
30446,0.0,0.0,-2e-05,-2e-05,5e-05,-0.00015,-1e-05,7e-05,0
30447,0.0,0.0,-2e-05,-2e-05,5e-05,-0.00015,-1e-05,7e-05,0
30448,0.0,0.0,-2e-05,-2e-05,5e-05,-0.00015,-1e-05,7e-05,0
30449,0.0,0.0,-2e-05,-2e-05,5e-05,-0.00015,-1e-05,7e-05,0
30450,0.0,0.0,-2e-05,-2e-05,5e-05,-0.00015,-1e-05,7e-05,0
30451,0.0,0.0,-2e-05,-2e-05,5e-05,-0.00015,-1e-05,7e-05,0
30452,0.0,0.0,-2e-05,-2e-05,5e-05,-0.00015,-1e-05,7e-05,0
30454,-3e-05,-2e-05,-2e-05,3e-05,2e-05,-0.00056,1e-05,0.00013,0
30455,-1e-05,0.0,2e-05,7e-05,0.00017,-9e-05,-5e-05,-0.00043,0
30456,-1e-05,0.0,2e-05,7e-05,0.00017,-9e-05,-5e-05,-0.00043,0
30457,-1e-05,0.0,2e-05,7e-05,0.00017,-9e-05,-5e-05,-0.00043,0
30458,-1e-05,0.0,2e-05,7e-05,0.00017,-9e-05,-5e-05,-0.00043,0
30459,-1e-05,0.0,2e-05,7e-05,0.00017,-9e-05,-5e-05,-0.00043,0
30460,-1e-05,0.0,2e-05,7e-05,0.00017,-9e-05,-5e-05,-0.00043,0
30461,-1e-05,0.0,2e-05,7e-05,0.00017,-9e-05,-5e-05,-0.00043,0
30462,-1e-05,0.0,2e-05,7e-05,0.00017,-9e-05,-5e-05,-0.00043,0
30463,-1e-05,0.0,2e-05,7e-05,0.00017,-9e-05,-5e-05,-0.00043,0
30464,-1e-05,0.0,2e-05,7e-05,0.00017,-9e-05,-5e-05,-0.00043,0
30465,-1e-05,0.0,2e-05,7e-05,0.00017,-9e-05,-5e-05,-0.00043,0
30466,-2e-05,-5e-05,-4e-05,-5e-05,-0.00027,-0.00038,5e-05,0.0002,0
30467,-1e-05,0.0,1e-05,-1e-05,-3e-05,0.00019,3e-05,3e-05,0
30468,-1e-05,0.0,1e-05,-1e-05,-3e-05,0.00019,3e-05,3e-05,0
30469,-1e-05,0.0,1e-05,-1e-05,-3e-05,0.00019,3e-05,3e-05,0
30470,-1e-05,0.0,1e-05,-1e-05,-3e-05,0.00019,3e-05,3e-05,0
30471,-1e-05,0.0,1e-05,-1e-05,-3e-05,0.00019,3e-05,3e-05,0
30472,-1e-05,0.0,1e-05,-1e-05,-3e-05,0.00019,3e-05,3e-05,0
30473,-1e-05,0.0,1e-05,-1e-05,-3e-05,0.00019,3e-05,3e-05,0
30474,-1e-05,0.0,1e-05,-1e-05,-3e-05,0.00019,3e-05,3e-05,0
30475,-1e-05,0.0,1e-05,-1e-05,-3e-05,0.00019,3e-05,3e-05,0
30476,-1e-05,0.0,1e-05,-1e-05,-3e-05,0.00019,3e-05,3e-05,0
30477,-1e-05,0.0,1e-05,-1e-05,-3e-05,0.00019,3e-05,3e-05,0
30478,-1e-05,0.0,1e-05,-1e-05,-3e-05,0.00019,3e-05,3e-05,0
30479,-1e-05,0.0,1e-05,-1e-05,-3e-05,0.00019,3e-05,3e-05,0
30480,-1e-05,0.0,1e-05,-1e-05,-3e-05,0.00019,3e-05,3e-05,0
30481,-1e-05,0.0,1e-05,-1e-05,-3e-05,0.00019,3e-05,3e-05,0
30482,1e-05,-2e-05,-4e-05,-8e-05,-0.00011,0.00018,2e-05,8e-05,0
30483,3e-05,3e-05,4e-05,0.0001,0.00021,0.0,2e-05,0.00031,0
30484,3e-05,3e-05,4e-05,0.0001,0.00021,0.0,2e-05,0.00031,0
30485,3e-05,3e-05,4e-05,0.0001,0.00021,0.0,2e-05,0.00031,0
30486,3e-05,3e-05,4e-05,0.0001,0.00021,0.0,2e-05,0.00031,0
30488,3e-05,3e-05,4e-05,0.0001,0.00021,0.0,2e-05,0.00031,0
30489,3e-05,3e-05,4e-05,0.0001,0.00021,0.0,2e-05,0.00031,0
30490,2e-05,1e-05,2e-05,2e-05,-6e-05,0.00012,9e-05,-9e-05,0
30491,2e-05,1e-05,2e-05,2e-05,-6e-05,0.00012,9e-05,-9e-05,0
30492,-1e-05,-3e-05,-4e-05,-2e-05,-1e-05,-0.00022,-0.00037,-0.00013,0
30493,-1e-05,-3e-05,-4e-05,-2e-05,-1e-05,-0.00022,-0.00037,-0.00013,0
30494,-1e-05,-3e-05,-4e-05,-2e-05,-1e-05,-0.00022,-0.00037,-0.00013,0
30495,-1e-05,-3e-05,-4e-05,-2e-05,-1e-05,-0.00022,-0.00037,-0.00013,0
30496,-1e-05,-3e-05,-4e-05,-2e-05,-1e-05,-0.00022,-0.00037,-0.00013,0
30497,-1e-05,-3e-05,-4e-05,-2e-05,-1e-05,-0.00022,-0.00037,-0.00013,0
30498,-1e-05,-3e-05,-4e-05,-2e-05,-1e-05,-0.00022,-0.00037,-0.00013,0
30499,-1e-05,-3e-05,-4e-05,-2e-05,-1e-05,-0.00022,-0.00037,-0.00013,0
30500,-1e-05,-3e-05,-4e-05,-2e-05,-1e-05,-0.00022,-0.00037,-0.00013,0
30501,-1e-05,-3e-05,-4e-05,-2e-05,-1e-05,-0.00022,-0.00037,-0.00013,0
30502,-1e-05,-3e-05,-4e-05,-2e-05,-1e-05,-0.00022,-0.00037,-0.00013,0
30503,-1e-05,-3e-05,-4e-05,-2e-05,-1e-05,-0.00022,-0.00037,-0.00013,0
30504,-1e-05,-3e-05,-4e-05,-2e-05,-1e-05,-0.00022,-0.00037,-0.00013,0
30505,-1e-05,-3e-05,-4e-05,-2e-05,-1e-05,-0.00022,-0.00037,-0.00013,0
30506,-1e-05,-3e-05,-4e-05,-2e-05,-1e-05,-0.00022,-0.00037,-0.00013,0
30507,-1e-05,-3e-05,-4e-05,-2e-05,-1e-05,-0.00022,-0.00037,-0.00013,0
30508,-1e-05,-3e-05,-4e-05,-2e-05,-1e-05,-0.00022,-0.00037,-0.00013,0
30509,-1e-05,-3e-05,-4e-05,-2e-05,-1e-05,-0.00022,-0.00037,-0.00013,0
30510,-1e-05,-3e-05,-4e-05,-2e-05,-1e-05,-0.00022,-0.00037,-0.00013,0
30511,-1e-05,-3e-05,-4e-05,-2e-05,-1e-05,-0.00022,-0.00037,-0.00013,0
30512,-1e-05,-3e-05,-4e-05,-2e-05,-1e-05,-0.00022,-0.00037,-0.00013,0
30513,1e-05,-3e-05,-4e-05,-1e-05,3e-05,-0.00017,-4e-05,0.00027,0
30514,1e-05,-3e-05,-4e-05,-1e-05,3e-05,-0.00017,-4e-05,0.00027,0
30515,1e-05,-3e-05,-4e-05,-1e-05,3e-05,-0.00017,-4e-05,0.00027,0
30516,1e-05,-3e-05,-4e-05,-1e-05,3e-05,-0.00017,-4e-05,0.00027,0
30517,1e-05,-3e-05,-4e-05,-1e-05,3e-05,-0.00017,-4e-05,0.00027,0
30518,1e-05,-3e-05,-4e-05,-1e-05,3e-05,-0.00017,-4e-05,0.00027,0
30519,0.0,1e-05,0.0,0.0,0.00047,0.00011,0.00011,4e-05,0
30520,0.0,1e-05,0.0,0.0,0.00047,0.00011,0.00011,4e-05,0
30521,0.0,1e-05,0.0,0.0,0.00047,0.00011,0.00011,4e-05,0
30522,0.0,1e-05,0.0,0.0,0.00047,0.00011,0.00011,4e-05,0
30523,0.0,1e-05,0.0,0.0,0.00047,0.00011,0.00011,4e-05,0
30524,0.0,1e-05,0.0,0.0,0.00047,0.00011,0.00011,4e-05,0
30525,0.0,1e-05,0.0,0.0,0.00047,0.00011,0.00011,4e-05,0
30526,0.0,1e-05,0.0,0.0,0.00047,0.00011,0.00011,4e-05,0
30527,-4e-05,-5e-05,-3e-05,-5e-05,0.0,-0.00049,-2e-05,-0.0002,0
30528,-4e-05,-5e-05,-3e-05,-5e-05,0.0,-0.00049,-2e-05,-0.0002,0
30529,-4e-05,-5e-05,-3e-05,-5e-05,0.0,-0.00049,-2e-05,-0.0002,0
30530,-4e-05,-5e-05,-3e-05,-5e-05,0.0,-0.00049,-2e-05,-0.0002,0
30531,-4e-05,-5e-05,-3e-05,-5e-05,0.0,-0.00049,-2e-05,-0.0002,0
30532,-4e-05,-5e-05,-3e-05,-5e-05,0.0,-0.00049,-2e-05,-0.0002,0
30533,-4e-05,-5e-05,-3e-05,-5e-05,0.0,-0.00049,-2e-05,-0.0002,0
30534,-4e-05,-5e-05,-3e-05,-5e-05,0.0,-0.00049,-2e-05,-0.0002,0
30535,1e-05,1e-05,3e-05,7e-05,0.00019,0.00023,0.00023,0.00015,0
30536,1e-05,1e-05,2e-05,-0.00012,-0.00047,2e-05,6e-05,0.00012,0
30538,1e-05,1e-05,2e-05,-0.00012,-0.00047,2e-05,6e-05,0.00012,0
30539,1e-05,1e-05,2e-05,-0.00012,-0.00047,2e-05,6e-05,0.00012,0
30540,1e-05,1e-05,2e-05,-0.00012,-0.00047,2e-05,6e-05,0.00012,0
30541,1e-05,1e-05,2e-05,-0.00012,-0.00047,2e-05,6e-05,0.00012,0
30542,1e-05,1e-05,2e-05,-0.00012,-0.00047,2e-05,6e-05,0.00012,0
30543,1e-05,1e-05,2e-05,-0.00012,-0.00047,2e-05,6e-05,0.00012,0
30544,1e-05,1e-05,2e-05,-0.00012,-0.00047,2e-05,6e-05,0.00012,0
30545,1e-05,1e-05,2e-05,-0.00012,-0.00047,2e-05,6e-05,0.00012,0
30546,1e-05,1e-05,2e-05,-0.00012,-0.00047,2e-05,6e-05,0.00012,0
30547,1e-05,1e-05,2e-05,-0.00012,-0.00047,2e-05,6e-05,0.00012,0
30548,1e-05,1e-05,2e-05,-0.00012,-0.00047,2e-05,6e-05,0.00012,0
30549,1e-05,1e-05,2e-05,-0.00012,-0.00047,2e-05,6e-05,0.00012,0
30550,0.0,-2e-05,-4e-05,-4e-05,2e-05,0.0,-5e-05,-0.00028,0
30551,-1e-05,-3e-05,-4e-05,-1e-05,0.00017,0.00035,4e-05,0.00025,0
30552,-4e-05,-4e-05,-3e-05,-4e-05,-0.00033,0.00022,9e-05,5e-05,0
30554,-4e-05,-4e-05,-3e-05,-4e-05,-0.00033,0.00022,9e-05,5e-05,0
30555,-4e-05,-4e-05,-3e-05,-4e-05,-0.00033,0.00022,9e-05,5e-05,0
30556,-4e-05,-4e-05,-3e-05,-4e-05,-0.00033,0.00022,9e-05,5e-05,0
30557,-4e-05,-4e-05,-3e-05,-4e-05,-0.00033,0.00022,9e-05,5e-05,0
30558,-4e-05,-4e-05,-3e-05,-4e-05,-0.00033,0.00022,9e-05,5e-05,0
30559,-4e-05,-4e-05,-3e-05,-4e-05,-0.00033,0.00022,9e-05,5e-05,0
30560,-4e-05,-4e-05,-3e-05,-4e-05,-0.00033,0.00022,9e-05,5e-05,0
30561,-4e-05,-4e-05,-3e-05,-4e-05,-0.00033,0.00022,9e-05,5e-05,0
30562,-4e-05,-4e-05,-3e-05,-4e-05,-0.00033,0.00022,9e-05,5e-05,0
30563,-4e-05,-4e-05,-3e-05,-4e-05,-0.00033,0.00022,9e-05,5e-05,0
30564,-4e-05,-4e-05,-3e-05,-4e-05,-0.00033,0.00022,9e-05,5e-05,0
30565,-4e-05,-4e-05,-3e-05,-4e-05,-0.00033,0.00022,9e-05,5e-05,0
30566,-4e-05,-4e-05,-3e-05,-4e-05,-0.00033,0.00022,9e-05,5e-05,0
30567,-4e-05,-4e-05,-3e-05,-4e-05,-0.00033,0.00022,9e-05,5e-05,0
30568,-4e-05,-4e-05,-3e-05,-4e-05,-0.00033,0.00022,9e-05,5e-05,0
30569,-4e-05,-4e-05,-3e-05,-4e-05,-0.00033,0.00022,9e-05,5e-05,0
30570,-4e-05,-4e-05,-3e-05,-4e-05,-0.00033,0.00022,9e-05,5e-05,0
30571,-4e-05,-4e-05,-3e-05,-4e-05,-0.00033,0.00022,9e-05,5e-05,0
30572,-4e-05,-4e-05,-3e-05,-4e-05,-0.00033,0.00022,9e-05,5e-05,0
30573,3e-05,7e-05,5e-05,8e-05,-0.00027,-0.00016,8e-05,-0.00073,0
30574,3e-05,7e-05,5e-05,8e-05,-0.00027,-0.00016,8e-05,-0.00073,0
30575,0.0,3e-05,3e-05,7e-05,0.00013,-0.00031,3e-05,8e-05,0
30576,0.0,3e-05,3e-05,7e-05,0.00013,-0.00031,3e-05,8e-05,0
30577,0.0,3e-05,3e-05,7e-05,0.00013,-0.00031,3e-05,8e-05,0
30578,0.0,3e-05,3e-05,7e-05,0.00013,-0.00031,3e-05,8e-05,0
30579,0.0,3e-05,3e-05,7e-05,0.00013,-0.00031,3e-05,8e-05,0
30580,0.0,3e-05,3e-05,7e-05,0.00013,-0.00031,3e-05,8e-05,0
30581,0.0,3e-05,3e-05,7e-05,0.00013,-0.00031,3e-05,8e-05,0
30582,0.0,3e-05,3e-05,7e-05,0.00013,-0.00031,3e-05,8e-05,0
30583,0.0,3e-05,3e-05,7e-05,0.00013,-0.00031,3e-05,8e-05,0
30584,0.0,3e-05,3e-05,7e-05,0.00013,-0.00031,3e-05,8e-05,0
30585,0.0,3e-05,3e-05,7e-05,0.00013,-0.00031,3e-05,8e-05,0
30586,-8e-05,-6e-05,-0.0001,-0.00013,-0.0003,7e-05,-0.0001,-0.0003,0
30588,0.0,-1e-05,1e-05,4e-05,0.00052,-0.00015,-4e-05,0.00014,0
30589,0.0,-1e-05,1e-05,4e-05,0.00052,-0.00015,-4e-05,0.00014,0
30590,0.0,-1e-05,1e-05,4e-05,0.00052,-0.00015,-4e-05,0.00014,0
30591,0.0,-1e-05,1e-05,4e-05,0.00052,-0.00015,-4e-05,0.00014,0
30592,0.0,-1e-05,1e-05,4e-05,0.00052,-0.00015,-4e-05,0.00014,0
30593,0.0,-1e-05,1e-05,4e-05,0.00052,-0.00015,-4e-05,0.00014,0
30594,0.0,-1e-05,1e-05,4e-05,0.00052,-0.00015,-4e-05,0.00014,0
30595,1e-05,1e-05,-1e-05,-1e-05,-0.0001,-4e-05,-6e-05,0.0001,0
30596,1e-05,0.0,0.0,-3e-05,-0.00027,6e-05,1e-05,-0.00014,0
30597,1e-05,0.0,0.0,-3e-05,-0.00027,6e-05,1e-05,-0.00014,0
30598,1e-05,0.0,0.0,-3e-05,-0.00027,6e-05,1e-05,-0.00014,0
30599,1e-05,0.0,0.0,-3e-05,-0.00027,6e-05,1e-05,-0.00014,0
30600,1e-05,0.0,0.0,-3e-05,-0.00027,6e-05,1e-05,-0.00014,0
30601,1e-05,0.0,0.0,-3e-05,-0.00027,6e-05,1e-05,-0.00014,0
30602,1e-05,0.0,0.0,-3e-05,-0.00027,6e-05,1e-05,-0.00014,0
30604,1e-05,0.0,0.0,-3e-05,-0.00027,6e-05,1e-05,-0.00014,0
30605,1e-05,0.0,0.0,-3e-05,-0.00027,6e-05,1e-05,-0.00014,0
30606,1e-05,0.0,0.0,-3e-05,-0.00027,6e-05,1e-05,-0.00014,0
30607,1e-05,0.0,0.0,-3e-05,-0.00027,6e-05,1e-05,-0.00014,0
30608,1e-05,0.0,0.0,-3e-05,-0.00027,6e-05,1e-05,-0.00014,0
30609,1e-05,0.0,0.0,-3e-05,-0.00027,6e-05,1e-05,-0.00014,0
30610,-1e-05,0.0,-2e-05,-3e-05,-8e-05,-0.00038,-5e-05,6e-05,0
30611,-4e-05,-4e-05,-5e-05,-4e-05,-1e-05,6e-05,-4e-05,-7e-05,0
30612,-1e-05,0.0,0.0,-5e-05,-3e-05,-1e-05,-6e-05,5e-05,0
30614,-1e-05,0.0,0.0,-5e-05,-3e-05,-1e-05,-6e-05,5e-05,0
30615,-1e-05,0.0,0.0,-5e-05,-3e-05,-1e-05,-6e-05,5e-05,0
30616,-1e-05,0.0,0.0,-5e-05,-3e-05,-1e-05,-6e-05,5e-05,0
30617,-1e-05,0.0,0.0,-5e-05,-3e-05,-1e-05,-6e-05,5e-05,0
30618,-1e-05,0.0,0.0,-5e-05,-3e-05,-1e-05,-6e-05,5e-05,0
30619,-1e-05,0.0,0.0,-5e-05,-3e-05,-1e-05,-6e-05,5e-05,0
30620,-1e-05,0.0,0.0,-5e-05,-3e-05,-1e-05,-6e-05,5e-05,0
30621,-1e-05,0.0,0.0,-5e-05,-3e-05,-1e-05,-6e-05,5e-05,0
30622,-1e-05,0.0,0.0,-5e-05,-3e-05,-1e-05,-6e-05,5e-05,0
30623,-1e-05,0.0,0.0,-5e-05,-3e-05,-1e-05,-6e-05,5e-05,0
30624,-1e-05,0.0,0.0,-5e-05,-3e-05,-1e-05,-6e-05,5e-05,0
30625,-1e-05,0.0,0.0,-5e-05,-3e-05,-1e-05,-6e-05,5e-05,0
30626,-1e-05,0.0,0.0,-5e-05,-3e-05,-1e-05,-6e-05,5e-05,0
30627,-1e-05,0.0,0.0,-5e-05,-3e-05,-1e-05,-6e-05,5e-05,0
30628,-1e-05,0.0,0.0,-5e-05,-3e-05,-1e-05,-6e-05,5e-05,0
30629,-1e-05,0.0,0.0,-5e-05,-3e-05,-1e-05,-6e-05,5e-05,0
30630,-1e-05,0.0,0.0,-5e-05,-3e-05,-1e-05,-6e-05,5e-05,0
30631,-1e-05,0.0,0.0,-5e-05,-3e-05,-1e-05,-6e-05,5e-05,0
30632,-1e-05,0.0,0.0,-5e-05,-3e-05,-1e-05,-6e-05,5e-05,0
30633,-1e-05,0.0,0.0,-5e-05,-3e-05,-1e-05,-6e-05,5e-05,0
30634,-1e-05,0.0,0.0,-5e-05,-3e-05,-1e-05,-6e-05,5e-05,0
30635,-1e-05,0.0,0.0,-5e-05,-3e-05,-1e-05,-6e-05,5e-05,0
30636,-1e-05,0.0,0.0,-5e-05,-3e-05,-1e-05,-6e-05,5e-05,0
30638,-1e-05,0.0,0.0,-5e-05,-3e-05,-1e-05,-6e-05,5e-05,0
30639,-1e-05,0.0,0.0,-5e-05,-3e-05,-1e-05,-6e-05,5e-05,0
30640,1e-05,2e-05,2e-05,6e-05,0.00018,9e-05,6e-05,0.00016,0
30641,-1e-05,1e-05,-2e-05,-5e-05,-0.00014,0.00023,-4e-05,2e-05,0
30642,0.0,-5e-05,-4e-05,-5e-05,0.0,4e-05,0.0,4e-05,0
30643,0.0,-5e-05,-4e-05,-5e-05,0.0,4e-05,0.0,4e-05,0
30644,0.0,-5e-05,-4e-05,-5e-05,0.0,4e-05,0.0,4e-05,0
30645,0.0,-5e-05,-4e-05,-5e-05,0.0,4e-05,0.0,4e-05,0
30646,0.0,-5e-05,-4e-05,-5e-05,0.0,4e-05,0.0,4e-05,0
30647,-2e-05,1e-05,3e-05,3e-05,6e-05,5e-05,0.0,-1e-05,0
30648,-2e-05,1e-05,3e-05,3e-05,6e-05,5e-05,0.0,-1e-05,0
30649,-2e-05,1e-05,3e-05,3e-05,6e-05,5e-05,0.0,-1e-05,0
30650,-2e-05,1e-05,3e-05,3e-05,6e-05,5e-05,0.0,-1e-05,0
30651,-2e-05,1e-05,3e-05,3e-05,6e-05,5e-05,0.0,-1e-05,0
30652,-2e-05,1e-05,3e-05,3e-05,6e-05,5e-05,0.0,-1e-05,0
30654,-2e-05,1e-05,3e-05,3e-05,6e-05,5e-05,0.0,-1e-05,0
30655,-1e-05,-1e-05,-2e-05,-3e-05,-3e-05,-0.00016,-2e-05,3e-05,0
30656,-2e-05,-2e-05,-2e-05,-5e-05,-2e-05,0.00043,3e-05,1e-05,0
30657,-2e-05,-2e-05,-2e-05,-5e-05,-2e-05,0.00043,3e-05,1e-05,0
30658,-2e-05,-2e-05,-2e-05,-5e-05,-2e-05,0.00043,3e-05,1e-05,0
30659,-2e-05,-2e-05,-2e-05,-5e-05,-2e-05,0.00043,3e-05,1e-05,0
30660,-2e-05,-2e-05,-2e-05,-5e-05,-2e-05,0.00043,3e-05,1e-05,0
30661,-2e-05,-2e-05,-2e-05,-5e-05,-2e-05,0.00043,3e-05,1e-05,0
30662,-2e-05,-2e-05,-2e-05,-5e-05,-2e-05,0.00043,3e-05,1e-05,0
30663,-2e-05,-2e-05,-2e-05,-5e-05,-2e-05,0.00043,3e-05,1e-05,0
30664,-2e-05,-2e-05,-2e-05,-5e-05,-2e-05,0.00043,3e-05,1e-05,0
30665,-2e-05,-2e-05,-2e-05,-5e-05,-2e-05,0.00043,3e-05,1e-05,0
30666,-2e-05,-2e-05,-2e-05,-5e-05,-2e-05,0.00043,3e-05,1e-05,0
30667,-2e-05,-2e-05,-2e-05,-5e-05,-2e-05,0.00043,3e-05,1e-05,0
30668,-2e-05,-2e-05,-2e-05,-5e-05,-2e-05,0.00043,3e-05,1e-05,0
30669,-2e-05,-2e-05,-2e-05,-5e-05,-2e-05,0.00043,3e-05,1e-05,0
30670,-2e-05,-2e-05,-2e-05,-5e-05,-2e-05,0.00043,3e-05,1e-05,0
30671,-2e-05,-2e-05,-2e-05,-5e-05,-2e-05,0.00043,3e-05,1e-05,0
30672,-2e-05,-2e-05,-2e-05,-5e-05,-2e-05,0.00043,3e-05,1e-05,0
30673,-2e-05,-2e-05,-2e-05,-5e-05,-2e-05,0.00043,3e-05,1e-05,0
30674,-2e-05,-2e-05,-2e-05,-5e-05,-2e-05,0.00043,3e-05,1e-05,0
30675,-2e-05,-2e-05,-2e-05,-5e-05,-2e-05,0.00043,3e-05,1e-05,0
30676,-2e-05,-2e-05,-2e-05,-5e-05,-2e-05,0.00043,3e-05,1e-05,0
30677,-2e-05,-2e-05,-2e-05,-5e-05,-2e-05,0.00043,3e-05,1e-05,0
30678,-2e-05,-2e-05,-2e-05,-5e-05,-2e-05,0.00043,3e-05,1e-05,0
30679,-3e-05,-5e-05,-5e-05,-4e-05,1e-05,-0.00019,-6e-05,5e-05,0
30680,-3e-05,-3e-05,-3e-05,-5e-05,3e-05,-4e-05,0.0,-4e-05,0
30681,-3e-05,-3e-05,-3e-05,-5e-05,3e-05,-4e-05,0.0,-4e-05,0
30682,-3e-05,-3e-05,-3e-05,-5e-05,3e-05,-4e-05,0.0,-4e-05,0
30683,-3e-05,-3e-05,-3e-05,-5e-05,3e-05,-4e-05,0.0,-4e-05,0
30684,-3e-05,-3e-05,-3e-05,-5e-05,3e-05,-4e-05,0.0,-4e-05,0
30685,-3e-05,-3e-05,-3e-05,-5e-05,3e-05,-4e-05,0.0,-4e-05,0
30686,-3e-05,-3e-05,-3e-05,-5e-05,3e-05,-4e-05,0.0,-4e-05,0
30688,-3e-05,-3e-05,-3e-05,-5e-05,3e-05,-4e-05,0.0,-4e-05,0
30689,-3e-05,-3e-05,-3e-05,-5e-05,3e-05,-4e-05,0.0,-4e-05,0
30690,-3e-05,-3e-05,-3e-05,-5e-05,3e-05,-4e-05,0.0,-4e-05,0
30691,-3e-05,-3e-05,-3e-05,-5e-05,3e-05,-4e-05,0.0,-4e-05,0
30692,-3e-05,-3e-05,-3e-05,-5e-05,3e-05,-4e-05,0.0,-4e-05,0
30693,-3e-05,-3e-05,-3e-05,-5e-05,3e-05,-4e-05,0.0,-4e-05,0
30694,-3e-05,-3e-05,-3e-05,-5e-05,3e-05,-4e-05,0.0,-4e-05,0
30695,-3e-05,-3e-05,-3e-05,-5e-05,3e-05,-4e-05,0.0,-4e-05,0
30696,-3e-05,-3e-05,-3e-05,-5e-05,3e-05,-4e-05,0.0,-4e-05,0
30697,-3e-05,-3e-05,-3e-05,-5e-05,3e-05,-4e-05,0.0,-4e-05,0
30698,-3e-05,-3e-05,-3e-05,-5e-05,3e-05,-4e-05,0.0,-4e-05,0
30699,-3e-05,-3e-05,-3e-05,-5e-05,3e-05,-4e-05,0.0,-4e-05,0
30700,-3e-05,0.0,0.0,-0.00014,-0.00012,-3e-05,-4e-05,1e-05,0
30701,-1e-05,-2e-05,2e-05,0.00018,2e-05,7e-05,0.0,3e-05,0
30702,0.0,-1e-05,0.0,-4e-05,-1e-05,8e-05,2e-05,-4e-05,0
30704,0.0,-1e-05,0.0,-4e-05,-1e-05,8e-05,2e-05,-4e-05,0
30705,0.0,-1e-05,0.0,-4e-05,-1e-05,8e-05,2e-05,-4e-05,0
30706,2e-05,3e-05,0.0,4e-05,-4e-05,6e-05,1e-05,5e-05,0
30707,-2e-05,-3e-05,-4e-05,-0.00014,0.0,-1e-05,-1e-05,1e-05,0
30708,-2e-05,-3e-05,-4e-05,-0.00014,0.0,-1e-05,-1e-05,1e-05,0
30709,-2e-05,-3e-05,-4e-05,-0.00014,0.0,-1e-05,-1e-05,1e-05,0
30710,-2e-05,-3e-05,-4e-05,-0.00014,0.0,-1e-05,-1e-05,1e-05,0
30711,-2e-05,-3e-05,-4e-05,-0.00014,0.0,-1e-05,-1e-05,1e-05,0
30712,-2e-05,-3e-05,-4e-05,-0.00014,0.0,-1e-05,-1e-05,1e-05,0
30713,-2e-05,-3e-05,-4e-05,-0.00014,0.0,-1e-05,-1e-05,1e-05,0
30714,-2e-05,-3e-05,-4e-05,-0.00014,0.0,-1e-05,-1e-05,1e-05,0
30715,0.0,0.0,-7e-05,-0.00013,-4e-05,4e-05,1e-05,-5e-05,0
30716,-3e-05,-2e-05,4e-05,0.00021,0.00014,0.0,-4e-05,-1e-05,0
30717,-3e-05,-2e-05,4e-05,0.00021,0.00014,0.0,-4e-05,-1e-05,0
30718,-3e-05,-2e-05,4e-05,0.00021,0.00014,0.0,-4e-05,-1e-05,0
30719,-3e-05,-2e-05,4e-05,0.00021,0.00014,0.0,-4e-05,-1e-05,0
30720,-3e-05,-2e-05,4e-05,0.00021,0.00014,0.0,-4e-05,-1e-05,0
30721,-3e-05,-2e-05,4e-05,0.00021,0.00014,0.0,-4e-05,-1e-05,0
30722,-3e-05,-2e-05,4e-05,0.00021,0.00014,0.0,-4e-05,-1e-05,0
30723,-3e-05,-2e-05,4e-05,0.00021,0.00014,0.0,-4e-05,-1e-05,0
30724,-3e-05,-2e-05,4e-05,0.00021,0.00014,0.0,-4e-05,-1e-05,0
30725,-3e-05,-2e-05,4e-05,0.00021,0.00014,0.0,-4e-05,-1e-05,0
30726,-3e-05,-2e-05,4e-05,0.00021,0.00014,0.0,-4e-05,-1e-05,0
30727,-3e-05,-2e-05,4e-05,0.00021,0.00014,0.0,-4e-05,-1e-05,0
30728,-3e-05,-2e-05,4e-05,0.00021,0.00014,0.0,-4e-05,-1e-05,0
30729,-3e-05,-2e-05,4e-05,0.00021,0.00014,0.0,-4e-05,-1e-05,0
30730,0.0,2e-05,-2e-05,9e-05,-9e-05,-1e-05,-3e-05,0.0,0
30731,0.0,2e-05,-2e-05,9e-05,-9e-05,-1e-05,-3e-05,0.0,0
30732,0.0,-1e-05,3e-05,0.00025,-8e-05,-0.00024,-2e-05,-1e-05,0
30733,0.0,-1e-05,3e-05,0.00025,-8e-05,-0.00024,-2e-05,-1e-05,0
30734,0.0,-1e-05,3e-05,0.00025,-8e-05,-0.00024,-2e-05,-1e-05,0
30735,0.0,-1e-05,3e-05,0.00025,-8e-05,-0.00024,-2e-05,-1e-05,0
30736,0.0,-1e-05,3e-05,0.00025,-8e-05,-0.00024,-2e-05,-1e-05,0
30738,0.0,-1e-05,3e-05,0.00025,-8e-05,-0.00024,-2e-05,-1e-05,0
30739,0.0,-1e-05,3e-05,0.00025,-8e-05,-0.00024,-2e-05,-1e-05,0
30740,0.0,-1e-05,3e-05,0.00025,-8e-05,-0.00024,-2e-05,-1e-05,0
30741,0.0,-1e-05,3e-05,0.00025,-8e-05,-0.00024,-2e-05,-1e-05,0
30742,0.0,-1e-05,3e-05,0.00025,-8e-05,-0.00024,-2e-05,-1e-05,0
30743,0.0,-1e-05,3e-05,0.00025,-8e-05,-0.00024,-2e-05,-1e-05,0
30744,0.0,-1e-05,3e-05,0.00025,-8e-05,-0.00024,-2e-05,-1e-05,0
30745,0.0,-1e-05,3e-05,0.00025,-8e-05,-0.00024,-2e-05,-1e-05,0
30746,0.0,-1e-05,3e-05,0.00025,-8e-05,-0.00024,-2e-05,-1e-05,0
30747,0.0,-1e-05,3e-05,0.00025,-8e-05,-0.00024,-2e-05,-1e-05,0
30748,0.0,-1e-05,3e-05,0.00025,-8e-05,-0.00024,-2e-05,-1e-05,0
30749,0.0,-1e-05,3e-05,0.00025,-8e-05,-0.00024,-2e-05,-1e-05,0
30750,0.0,-1e-05,3e-05,0.00025,-8e-05,-0.00024,-2e-05,-1e-05,0
30751,0.0,-1e-05,3e-05,0.00025,-8e-05,-0.00024,-2e-05,-1e-05,0
30752,0.0,-1e-05,3e-05,0.00025,-8e-05,-0.00024,-2e-05,-1e-05,0
30754,0.0,-1e-05,3e-05,0.00025,-8e-05,-0.00024,-2e-05,-1e-05,0
30755,-1e-05,1e-05,0.0,0.0,-1e-05,0.00013,1e-05,-2e-05,0
30756,-1e-05,1e-05,0.0,0.0,-1e-05,0.00013,1e-05,-2e-05,0
30757,-1e-05,1e-05,0.0,0.0,-1e-05,0.00013,1e-05,-2e-05,0
30758,-1e-05,1e-05,0.0,0.0,-1e-05,0.00013,1e-05,-2e-05,0
30759,0.0,0.0,0.0,2e-05,9e-05,0.00026,-2e-05,1e-05,0
30760,-1e-05,-3e-05,-5e-05,-0.00019,-1e-05,-4e-05,-1e-05,1e-05,0
30761,-1e-05,-3e-05,-5e-05,-0.00019,-1e-05,-4e-05,-1e-05,1e-05,0
30762,-1e-05,-3e-05,-5e-05,-0.00019,-1e-05,-4e-05,-1e-05,1e-05,0
30763,-1e-05,-3e-05,-5e-05,-0.00019,-1e-05,-4e-05,-1e-05,1e-05,0
30764,-1e-05,-3e-05,-5e-05,-0.00019,-1e-05,-4e-05,-1e-05,1e-05,0
30765,-1e-05,-3e-05,-5e-05,-0.00019,-1e-05,-4e-05,-1e-05,1e-05,0
30766,-1e-05,-3e-05,-5e-05,-0.00019,-1e-05,-4e-05,-1e-05,1e-05,0
30767,0.0,0.0,0.0,7e-05,-0.00011,2e-05,3e-05,2e-05,0
30768,0.0,0.0,0.0,7e-05,-0.00011,2e-05,3e-05,2e-05,0
30769,0.0,0.0,0.0,7e-05,-0.00011,2e-05,3e-05,2e-05,0
30770,0.0,0.0,0.0,7e-05,-0.00011,2e-05,3e-05,2e-05,0
30771,0.0,0.0,0.0,7e-05,-0.00011,2e-05,3e-05,2e-05,0
30772,0.0,0.0,0.0,7e-05,-0.00011,2e-05,3e-05,2e-05,0
30773,0.0,0.0,0.0,7e-05,-0.00011,2e-05,3e-05,2e-05,0
30774,0.0,0.0,0.0,7e-05,-0.00011,2e-05,3e-05,2e-05,0
30775,-2e-05,-3e-05,-5e-05,-0.0001,2e-05,-2e-05,-5e-05,0.0,0
30776,-2e-05,-3e-05,-5e-05,-0.0001,2e-05,-2e-05,-5e-05,0.0,0
30777,-2e-05,-3e-05,-5e-05,-0.0001,2e-05,-2e-05,-5e-05,0.0,0
30778,-2e-05,-3e-05,-5e-05,-0.0001,2e-05,-2e-05,-5e-05,0.0,0
30779,-2e-05,-3e-05,-5e-05,-0.0001,2e-05,-2e-05,-5e-05,0.0,0
30780,-2e-05,-3e-05,-5e-05,-0.0001,2e-05,-2e-05,-5e-05,0.0,0
30781,-2e-05,-3e-05,-5e-05,-0.0001,2e-05,-2e-05,-5e-05,0.0,0
30782,-2e-05,-3e-05,-5e-05,-0.0001,2e-05,-2e-05,-5e-05,0.0,0
30783,-2e-05,-3e-05,-5e-05,-0.0001,2e-05,-2e-05,-5e-05,0.0,0
30784,-2e-05,-3e-05,-5e-05,-0.0001,2e-05,-2e-05,-5e-05,0.0,0
30785,-2e-05,-3e-05,-5e-05,-0.0001,2e-05,-2e-05,-5e-05,0.0,0
30786,-2e-05,-3e-05,-5e-05,-0.0001,2e-05,-2e-05,-5e-05,0.0,0
30788,-2e-05,-3e-05,-5e-05,-0.0001,2e-05,-2e-05,-5e-05,0.0,0
30789,-2e-05,-3e-05,-5e-05,-0.0001,2e-05,-2e-05,-5e-05,0.0,0
30790,-2e-05,-3e-05,-5e-05,-0.0001,2e-05,-2e-05,-5e-05,0.0,0
30791,-2e-05,-3e-05,-5e-05,-0.0001,2e-05,-2e-05,-5e-05,0.0,0
30792,-2e-05,-3e-05,-5e-05,-0.0001,2e-05,-2e-05,-5e-05,0.0,0
30793,-2e-05,-3e-05,-5e-05,-0.0001,2e-05,-2e-05,-5e-05,0.0,0
30794,-2e-05,-3e-05,-5e-05,-0.0001,2e-05,-2e-05,-5e-05,0.0,0
30795,-2e-05,-3e-05,-5e-05,-0.0001,2e-05,-2e-05,-5e-05,0.0,0
30796,-2e-05,-3e-05,-5e-05,-0.0001,2e-05,-2e-05,-5e-05,0.0,0
30797,-2e-05,-3e-05,-5e-05,-0.0001,2e-05,-2e-05,-5e-05,0.0,0
30798,0.0,1e-05,-3e-05,-2e-05,1e-05,0.00038,0.0,0.0,0
30799,0.0,0.0,6e-05,5e-05,-0.00011,-0.00032,-2e-05,0.0,0
30800,1e-05,1e-05,2e-05,0.0001,9e-05,0.0002,4e-05,-1e-05,0
30801,1e-05,1e-05,2e-05,0.0001,9e-05,0.0002,4e-05,-1e-05,0
30802,1e-05,1e-05,2e-05,0.0001,9e-05,0.0002,4e-05,-1e-05,0
30804,1e-05,1e-05,2e-05,0.0001,9e-05,0.0002,4e-05,-1e-05,0
30805,1e-05,1e-05,2e-05,0.0001,9e-05,0.0002,4e-05,-1e-05,0
30806,1e-05,1e-05,2e-05,0.0001,9e-05,0.0002,4e-05,-1e-05,0
30807,1e-05,1e-05,2e-05,0.0001,9e-05,0.0002,4e-05,-1e-05,0
30808,1e-05,1e-05,2e-05,0.0001,9e-05,0.0002,4e-05,-1e-05,0
30809,1e-05,1e-05,2e-05,0.0001,9e-05,0.0002,4e-05,-1e-05,0
30810,1e-05,1e-05,2e-05,0.0001,9e-05,0.0002,4e-05,-1e-05,0
30811,1e-05,1e-05,2e-05,0.0001,9e-05,0.0002,4e-05,-1e-05,0
30812,1e-05,1e-05,2e-05,0.0001,9e-05,0.0002,4e-05,-1e-05,0
30813,-1e-05,-4e-05,-3e-05,-0.00026,-2e-05,-0.00011,-3e-05,-2e-05,0
30814,-1e-05,-4e-05,-3e-05,-0.00026,-2e-05,-0.00011,-3e-05,-2e-05,0
30815,-2e-05,1e-05,8e-05,0.00027,0.0,5e-05,1e-05,-1e-05,0
30816,-2e-05,1e-05,8e-05,0.00027,0.0,5e-05,1e-05,-1e-05,0
30817,-2e-05,1e-05,8e-05,0.00027,0.0,5e-05,1e-05,-1e-05,0
30818,-2e-05,1e-05,8e-05,0.00027,0.0,5e-05,1e-05,-1e-05,0
30819,-2e-05,1e-05,8e-05,0.00027,0.0,5e-05,1e-05,-1e-05,0
30820,-2e-05,1e-05,8e-05,0.00027,0.0,5e-05,1e-05,-1e-05,0
30821,-2e-05,1e-05,8e-05,0.00027,0.0,5e-05,1e-05,-1e-05,0
30822,-2e-05,1e-05,8e-05,0.00027,0.0,5e-05,1e-05,-1e-05,0
30823,-2e-05,1e-05,8e-05,0.00027,0.0,5e-05,1e-05,-1e-05,0
30824,-2e-05,1e-05,8e-05,0.00027,0.0,5e-05,1e-05,-1e-05,0
30825,-2e-05,1e-05,8e-05,0.00027,0.0,5e-05,1e-05,-1e-05,0
30826,1e-05,1e-05,0.0,0.00015,4e-05,8e-05,0.0,1e-05,0
30827,-2e-05,-3e-05,0.0,0.0,3e-05,-0.00011,-1e-05,-2e-05,0
30828,-2e-05,-3e-05,0.0,0.0,3e-05,-0.00011,-1e-05,-2e-05,0
30829,-2e-05,-3e-05,0.0,0.0,3e-05,-0.00011,-1e-05,-2e-05,0
30830,-2e-05,-3e-05,0.0,0.0,3e-05,-0.00011,-1e-05,-2e-05,0
30831,-2e-05,-3e-05,0.0,0.0,3e-05,-0.00011,-1e-05,-2e-05,0
30832,-2e-05,-3e-05,0.0,0.0,3e-05,-0.00011,-1e-05,-2e-05,0
30833,-2e-05,-3e-05,0.0,0.0,3e-05,-0.00011,-1e-05,-2e-05,0
30834,-2e-05,-3e-05,0.0,0.0,3e-05,-0.00011,-1e-05,-2e-05,0
30835,-1e-05,-1e-05,-4e-05,-0.00019,3e-05,2e-05,0.0,-1e-05,0
30836,-3e-05,-4e-05,-0.00012,-0.00026,-7e-05,-9e-05,-2e-05,0.0,0
30838,-3e-05,-4e-05,-0.00012,-0.00026,-7e-05,-9e-05,-2e-05,0.0,0
30839,-3e-05,-4e-05,-0.00012,-0.00026,-7e-05,-9e-05,-2e-05,0.0,0
30840,-3e-05,-4e-05,-0.00012,-0.00026,-7e-05,-9e-05,-2e-05,0.0,0
30841,-3e-05,-4e-05,-0.00012,-0.00026,-7e-05,-9e-05,-2e-05,0.0,0
30842,-3e-05,-4e-05,-0.00012,-0.00026,-7e-05,-9e-05,-2e-05,0.0,0
30843,-3e-05,-4e-05,-0.00012,-0.00026,-7e-05,-9e-05,-2e-05,0.0,0
30844,-3e-05,-4e-05,-0.00012,-0.00026,-7e-05,-9e-05,-2e-05,0.0,0
30845,-3e-05,-4e-05,-0.00012,-0.00026,-7e-05,-9e-05,-2e-05,0.0,0
30846,-3e-05,-4e-05,-0.00012,-0.00026,-7e-05,-9e-05,-2e-05,0.0,0
30847,-3e-05,-4e-05,-0.00012,-0.00026,-7e-05,-9e-05,-2e-05,0.0,0
30848,-3e-05,-4e-05,-0.00012,-0.00026,-7e-05,-9e-05,-2e-05,0.0,0
30849,-3e-05,-4e-05,-0.00012,-0.00026,-7e-05,-9e-05,-2e-05,0.0,0
30850,1e-05,-1e-05,-5e-05,-0.00021,-3e-05,0.00017,2e-05,0.0,0
30851,-1e-05,0.0,5e-05,0.00027,2e-05,-7e-05,-3e-05,-2e-05,0
30852,1e-05,0.0,-7e-05,-0.0003,-6e-05,1e-05,-1e-05,-1e-05,0
30854,1e-05,0.0,-7e-05,-0.0003,-6e-05,1e-05,-1e-05,-1e-05,0
30855,1e-05,0.0,-7e-05,-0.0003,-6e-05,1e-05,-1e-05,-1e-05,0
30856,1e-05,0.0,-7e-05,-0.0003,-6e-05,1e-05,-1e-05,-1e-05,0
30857,1e-05,0.0,-7e-05,-0.0003,-6e-05,1e-05,-1e-05,-1e-05,0
30858,1e-05,0.0,-7e-05,-0.0003,-6e-05,1e-05,-1e-05,-1e-05,0
30859,1e-05,0.0,-7e-05,-0.0003,-6e-05,1e-05,-1e-05,-1e-05,0
30860,1e-05,0.0,-7e-05,-0.0003,-6e-05,1e-05,-1e-05,-1e-05,0
30861,1e-05,0.0,-7e-05,-0.0003,-6e-05,1e-05,-1e-05,-1e-05,0
30862,1e-05,0.0,-7e-05,-0.0003,-6e-05,1e-05,-1e-05,-1e-05,0
30863,1e-05,0.0,-7e-05,-0.0003,-6e-05,1e-05,-1e-05,-1e-05,0
30864,1e-05,0.0,-7e-05,-0.0003,-6e-05,1e-05,-1e-05,-1e-05,0
30865,1e-05,0.0,-7e-05,-0.0003,-6e-05,1e-05,-1e-05,-1e-05,0
30866,1e-05,0.0,-7e-05,-0.0003,-6e-05,1e-05,-1e-05,-1e-05,0
30867,1e-05,0.0,-7e-05,-0.0003,-6e-05,1e-05,-1e-05,-1e-05,0
30868,1e-05,0.0,-7e-05,-0.0003,-6e-05,1e-05,-1e-05,-1e-05,0
30869,1e-05,0.0,-7e-05,-0.0003,-6e-05,1e-05,-1e-05,-1e-05,0
30870,1e-05,0.0,-7e-05,-0.0003,-6e-05,1e-05,-1e-05,-1e-05,0
30871,1e-05,0.0,-7e-05,-0.0003,-6e-05,1e-05,-1e-05,-1e-05,0
30872,1e-05,0.0,-7e-05,-0.0003,-6e-05,1e-05,-1e-05,-1e-05,0
30873,-1e-05,4e-05,0.0001,0.00024,5e-05,4e-05,0.0,2e-05,0
30874,-1e-05,-2e-05,-3e-05,-6e-05,-6e-05,-6e-05,-3e-05,-1e-05,0
30875,-4e-05,-5e-05,-4e-05,0.00019,0.0,-3e-05,0.0,-3e-05,0
30876,-4e-05,-5e-05,-4e-05,0.00019,0.0,-3e-05,0.0,-3e-05,0
30877,-4e-05,-5e-05,-4e-05,0.00019,0.0,-3e-05,0.0,-3e-05,0
30878,-4e-05,-5e-05,-4e-05,0.00019,0.0,-3e-05,0.0,-3e-05,0
30879,-4e-05,-5e-05,-4e-05,0.00019,0.0,-3e-05,0.0,-3e-05,0
30880,-4e-05,-5e-05,-4e-05,0.00019,0.0,-3e-05,0.0,-3e-05,0
30881,-4e-05,-5e-05,-4e-05,0.00019,0.0,-3e-05,0.0,-3e-05,0
30882,-4e-05,-5e-05,-4e-05,0.00019,0.0,-3e-05,0.0,-3e-05,0
30883,-4e-05,-5e-05,-4e-05,0.00019,0.0,-3e-05,0.0,-3e-05,0
30884,-4e-05,-5e-05,-4e-05,0.00019,0.0,-3e-05,0.0,-3e-05,0
30885,-4e-05,-5e-05,-4e-05,0.00019,0.0,-3e-05,0.0,-3e-05,0
30886,-4e-05,-5e-05,-4e-05,0.00019,0.0,-3e-05,0.0,-3e-05,0
30888,-4e-05,-5e-05,-4e-05,0.00019,0.0,-3e-05,0.0,-3e-05,0
30889,-4e-05,-5e-05,-4e-05,0.00019,0.0,-3e-05,0.0,-3e-05,0
30890,-4e-05,-5e-05,-4e-05,0.00019,0.0,-3e-05,0.0,-3e-05,0
30891,-4e-05,-5e-05,-4e-05,0.00019,0.0,-3e-05,0.0,-3e-05,0
30892,-4e-05,-5e-05,-4e-05,0.00019,0.0,-3e-05,0.0,-3e-05,0
30893,-4e-05,-5e-05,-4e-05,0.00019,0.0,-3e-05,0.0,-3e-05,0
30894,-4e-05,-5e-05,-4e-05,0.00019,0.0,-3e-05,0.0,-3e-05,0
30895,-4e-05,-5e-05,-4e-05,0.00019,0.0,-3e-05,0.0,-3e-05,0
30896,1e-05,0.0,-6e-05,-0.00017,-3e-05,-7e-05,-3e-05,-2e-05,0
30897,1e-05,0.0,-1e-05,-2e-05,0.0,-1e-05,-1e-05,2e-05,0
30898,1e-05,0.0,-1e-05,-2e-05,0.0,-1e-05,-1e-05,2e-05,0
30899,1e-05,0.0,-1e-05,-2e-05,0.0,-1e-05,-1e-05,2e-05,0
30900,1e-05,0.0,-1e-05,-2e-05,0.0,-1e-05,-1e-05,2e-05,0
30901,1e-05,0.0,-1e-05,-2e-05,0.0,-1e-05,-1e-05,2e-05,0
30902,1e-05,0.0,-1e-05,-2e-05,0.0,-1e-05,-1e-05,2e-05,0
30904,1e-05,0.0,-1e-05,-2e-05,0.0,-1e-05,-1e-05,2e-05,0
30905,1e-05,0.0,-1e-05,-2e-05,0.0,-1e-05,-1e-05,2e-05,0
30906,1e-05,0.0,-1e-05,-2e-05,0.0,-1e-05,-1e-05,2e-05,0
30907,1e-05,0.0,-1e-05,-2e-05,0.0,-1e-05,-1e-05,2e-05,0
30908,1e-05,0.0,-1e-05,-2e-05,0.0,-1e-05,-1e-05,2e-05,0
30909,1e-05,0.0,-1e-05,-2e-05,0.0,-1e-05,-1e-05,2e-05,0
30910,1e-05,0.0,-1e-05,-2e-05,0.0,-1e-05,-1e-05,2e-05,0
30911,1e-05,0.0,-1e-05,-2e-05,0.0,-1e-05,-1e-05,2e-05,0
30912,1e-05,0.0,-1e-05,-2e-05,0.0,-1e-05,-1e-05,2e-05,0
30913,1e-05,0.0,-1e-05,-2e-05,0.0,-1e-05,-1e-05,2e-05,0
30914,1e-05,0.0,-1e-05,-2e-05,0.0,-1e-05,-1e-05,2e-05,0
30915,1e-05,0.0,-1e-05,-2e-05,0.0,-1e-05,-1e-05,2e-05,0
30916,1e-05,0.0,-1e-05,-2e-05,0.0,-1e-05,-1e-05,2e-05,0
30917,1e-05,0.0,-1e-05,-2e-05,0.0,-1e-05,-1e-05,2e-05,0
30918,-3e-05,-7e-05,-6e-05,-5e-05,-1e-05,-2e-05,-1e-05,0.0,0
30919,-3e-05,-7e-05,-6e-05,-5e-05,-1e-05,-2e-05,-1e-05,0.0,0
30920,-3e-05,0.0,-5e-05,-0.0002,-0.00013,-6e-05,-3e-05,-2e-05,0
30921,-3e-05,0.0,-5e-05,-0.0002,-0.00013,-6e-05,-3e-05,-2e-05,0
30922,-3e-05,0.0,-5e-05,-0.0002,-0.00013,-6e-05,-3e-05,-2e-05,0
30923,-3e-05,0.0,-5e-05,-0.0002,-0.00013,-6e-05,-3e-05,-2e-05,0
30924,-3e-05,0.0,-5e-05,-0.0002,-0.00013,-6e-05,-3e-05,-2e-05,0
30925,-3e-05,0.0,-5e-05,-0.0002,-0.00013,-6e-05,-3e-05,-2e-05,0
30926,-3e-05,0.0,-5e-05,-0.0002,-0.00013,-6e-05,-3e-05,-2e-05,0
30927,-3e-05,0.0,-5e-05,-0.0002,-0.00013,-6e-05,-3e-05,-2e-05,0
30928,-3e-05,0.0,-5e-05,-0.0002,-0.00013,-6e-05,-3e-05,-2e-05,0
30929,-3e-05,0.0,-5e-05,-0.0002,-0.00013,-6e-05,-3e-05,-2e-05,0
30930,-3e-05,0.0,-5e-05,-0.0002,-0.00013,-6e-05,-3e-05,-2e-05,0
30931,-3e-05,0.0,-5e-05,-0.0002,-0.00013,-6e-05,-3e-05,-2e-05,0
30932,-3e-05,0.0,-5e-05,-0.0002,-0.00013,-6e-05,-3e-05,-2e-05,0
30933,-3e-05,0.0,-5e-05,-0.0002,-0.00013,-6e-05,-3e-05,-2e-05,0
30934,-3e-05,0.0,-5e-05,-0.0002,-0.00013,-6e-05,-3e-05,-2e-05,0
30935,-3e-05,0.0,-5e-05,-0.0002,-0.00013,-6e-05,-3e-05,-2e-05,0
30936,-3e-05,0.0,-5e-05,-0.0002,-0.00013,-6e-05,-3e-05,-2e-05,0
30938,-3e-05,0.0,-5e-05,-0.0002,-0.00013,-6e-05,-3e-05,-2e-05,0
30939,-3e-05,0.0,-5e-05,-0.0002,-0.00013,-6e-05,-3e-05,-2e-05,0
30940,1e-05,0.0,-3e-05,-4e-05,4e-05,0.00017,1e-05,0.0,0
30941,1e-05,0.0,-3e-05,-4e-05,4e-05,0.00017,1e-05,0.0,0
30942,0.0,0.0,6e-05,0.00021,8e-05,3e-05,1e-05,-2e-05,0
30943,0.0,0.0,6e-05,0.00021,8e-05,3e-05,1e-05,-2e-05,0
30944,0.0,0.0,6e-05,0.00021,8e-05,3e-05,1e-05,-2e-05,0
30945,0.0,0.0,6e-05,0.00021,8e-05,3e-05,1e-05,-2e-05,0
30946,0.0,0.0,6e-05,0.00021,8e-05,3e-05,1e-05,-2e-05,0
30947,0.0,0.0,6e-05,0.00021,8e-05,3e-05,1e-05,-2e-05,0
30948,0.0,0.0,6e-05,0.00021,8e-05,3e-05,1e-05,-2e-05,0
30949,0.0,0.0,6e-05,0.00021,8e-05,3e-05,1e-05,-2e-05,0
30950,0.0,0.0,6e-05,0.00021,8e-05,3e-05,1e-05,-2e-05,0
30951,0.0,0.0,6e-05,0.00021,8e-05,3e-05,1e-05,-2e-05,0
30952,0.0,0.0,6e-05,0.00021,8e-05,3e-05,1e-05,-2e-05,0
30954,0.0,0.0,6e-05,0.00021,8e-05,3e-05,1e-05,-2e-05,0
30955,-2e-05,-3e-05,-2e-05,6e-05,2e-05,4e-05,0.0,0.0,0
30956,1e-05,-1e-05,0.0,0.00013,1e-05,-4e-05,0.0,0.0,0
30957,-1e-05,-3e-05,-4e-05,-0.00036,-1e-05,-1e-05,-1e-05,0.0,0
30958,-1e-05,-3e-05,-4e-05,-0.00036,-1e-05,-1e-05,-1e-05,0.0,0
30959,-1e-05,-3e-05,-4e-05,-0.00036,-1e-05,-1e-05,-1e-05,0.0,0
30960,-1e-05,-3e-05,-4e-05,-0.00036,-1e-05,-1e-05,-1e-05,0.0,0
30961,-1e-05,-3e-05,-4e-05,-0.00036,-1e-05,-1e-05,-1e-05,0.0,0
30962,-1e-05,-3e-05,-4e-05,-0.00036,-1e-05,-1e-05,-1e-05,0.0,0
30963,-1e-05,-3e-05,-4e-05,-0.00036,-1e-05,-1e-05,-1e-05,0.0,0
30964,-1e-05,-3e-05,-4e-05,-0.00036,-1e-05,-1e-05,-1e-05,0.0,0
30965,-1e-05,-3e-05,-4e-05,-0.00036,-1e-05,-1e-05,-1e-05,0.0,0
30966,-1e-05,-3e-05,-4e-05,-0.00036,-1e-05,-1e-05,-1e-05,0.0,0
30967,-1e-05,-3e-05,-4e-05,-0.00036,-1e-05,-1e-05,-1e-05,0.0,0
30968,-1e-05,-3e-05,-4e-05,-0.00036,-1e-05,-1e-05,-1e-05,0.0,0
30969,-1e-05,-3e-05,-4e-05,-0.00036,-1e-05,-1e-05,-1e-05,0.0,0
30970,0.0,-2e-05,-2e-05,0.00022,-4e-05,-4e-05,-1e-05,-2e-05,0
30971,0.0,-2e-05,-2e-05,0.00022,-4e-05,-4e-05,-1e-05,-2e-05,0
30972,0.0,-2e-05,-2e-05,0.00022,-4e-05,-4e-05,-1e-05,-2e-05,0
30973,0.0,-2e-05,-2e-05,0.00022,-4e-05,-4e-05,-1e-05,-2e-05,0
30974,0.0,-2e-05,-2e-05,0.00022,-4e-05,-4e-05,-1e-05,-2e-05,0
30975,0.0,-2e-05,-2e-05,0.00022,-4e-05,-4e-05,-1e-05,-2e-05,0
30976,0.0,1e-05,4e-05,1e-05,3e-05,1e-05,0.0,-1e-05,0
30977,1e-05,3e-05,5e-05,8e-05,8e-05,1e-05,-1e-05,0.0,0
30978,1e-05,3e-05,5e-05,8e-05,8e-05,1e-05,-1e-05,0.0,0
30979,1e-05,3e-05,5e-05,8e-05,8e-05,1e-05,-1e-05,0.0,0
30980,1e-05,3e-05,5e-05,8e-05,8e-05,1e-05,-1e-05,0.0,0
30981,1e-05,3e-05,5e-05,8e-05,8e-05,1e-05,-1e-05,0.0,0
30982,1e-05,3e-05,5e-05,8e-05,8e-05,1e-05,-1e-05,0.0,0
30983,1e-05,3e-05,5e-05,8e-05,8e-05,1e-05,-1e-05,0.0,0
30984,1e-05,3e-05,5e-05,8e-05,8e-05,1e-05,-1e-05,0.0,0
30985,1e-05,3e-05,5e-05,8e-05,8e-05,1e-05,-1e-05,0.0,0
30986,1e-05,3e-05,5e-05,8e-05,8e-05,1e-05,-1e-05,0.0,0
30988,1e-05,3e-05,5e-05,8e-05,8e-05,1e-05,-1e-05,0.0,0
30989,1e-05,3e-05,5e-05,8e-05,8e-05,1e-05,-1e-05,0.0,0
30990,1e-05,3e-05,5e-05,8e-05,8e-05,1e-05,-1e-05,0.0,0
30991,1e-05,3e-05,5e-05,8e-05,8e-05,1e-05,-1e-05,0.0,0
30992,1e-05,3e-05,5e-05,8e-05,8e-05,1e-05,-1e-05,0.0,0
30993,-3e-05,-5e-05,-6e-05,-0.00022,-6e-05,-2e-05,-1e-05,-2e-05,0
30994,0.0,-1e-05,-7e-05,-0.00021,-0.00019,-0.0001,-2e-05,0.0,0
30995,1e-05,2e-05,2e-05,0.00016,0.00019,0.00012,1e-05,0.0,0
30996,1e-05,2e-05,2e-05,0.00016,0.00019,0.00012,1e-05,0.0,0
30997,1e-05,2e-05,2e-05,0.00016,0.00019,0.00012,1e-05,0.0,0
30998,1e-05,2e-05,2e-05,0.00016,0.00019,0.00012,1e-05,0.0,0
30999,1e-05,2e-05,2e-05,0.00016,0.00019,0.00012,1e-05,0.0,0
31000,1e-05,2e-05,2e-05,0.00016,0.00019,0.00012,1e-05,0.0,0
31001,1e-05,2e-05,2e-05,0.00016,0.00019,0.00012,1e-05,0.0,0
31002,1e-05,2e-05,2e-05,0.00016,0.00019,0.00012,1e-05,0.0,0
31004,1e-05,2e-05,2e-05,0.00016,0.00019,0.00012,1e-05,0.0,0
31005,1e-05,2e-05,2e-05,0.00016,0.00019,0.00012,1e-05,0.0,0
31006,1e-05,2e-05,2e-05,0.00016,0.00019,0.00012,1e-05,0.0,0
31007,1e-05,2e-05,2e-05,0.00016,0.00019,0.00012,1e-05,0.0,0
31008,1e-05,2e-05,2e-05,0.00016,0.00019,0.00012,1e-05,0.0,0
31009,1e-05,2e-05,2e-05,0.00016,0.00019,0.00012,1e-05,0.0,0
31010,1e-05,2e-05,2e-05,0.00016,0.00019,0.00012,1e-05,0.0,0
31011,1e-05,2e-05,2e-05,0.00016,0.00019,0.00012,1e-05,0.0,0
31012,1e-05,2e-05,2e-05,0.00016,0.00019,0.00012,1e-05,0.0,0
31013,1e-05,2e-05,2e-05,0.00016,0.00019,0.00012,1e-05,0.0,0
31014,1e-05,2e-05,2e-05,0.00016,0.00019,0.00012,1e-05,0.0,0
31015,1e-05,2e-05,2e-05,0.00016,0.00019,0.00012,1e-05,0.0,0
31016,-3e-05,-1e-05,-2e-05,-0.00021,-0.00018,-7e-05,-2e-05,-1e-05,0
31017,-3e-05,-1e-05,-2e-05,-0.00021,-0.00018,-7e-05,-2e-05,-1e-05,0
31018,0.0,4e-05,5e-05,-8e-05,-6e-05,4e-05,-2e-05,0.0,0
31019,0.0,4e-05,5e-05,-8e-05,-6e-05,4e-05,-2e-05,0.0,0
31020,0.0,4e-05,5e-05,-8e-05,-6e-05,4e-05,-2e-05,0.0,0
31021,0.0,4e-05,5e-05,-8e-05,-6e-05,4e-05,-2e-05,0.0,0
31022,0.0,4e-05,5e-05,-8e-05,-6e-05,4e-05,-2e-05,0.0,0
31023,0.0,4e-05,5e-05,-8e-05,-6e-05,4e-05,-2e-05,0.0,0
31024,0.0,4e-05,5e-05,-8e-05,-6e-05,4e-05,-2e-05,0.0,0
31025,0.0,4e-05,5e-05,-8e-05,-6e-05,4e-05,-2e-05,0.0,0
31026,0.0,4e-05,5e-05,-8e-05,-6e-05,4e-05,-2e-05,0.0,0
31027,0.0,4e-05,5e-05,-8e-05,-6e-05,4e-05,-2e-05,0.0,0
31028,0.0,4e-05,5e-05,-8e-05,-6e-05,4e-05,-2e-05,0.0,0
31029,0.0,4e-05,5e-05,-8e-05,-6e-05,4e-05,-2e-05,0.0,0
31030,2e-05,2e-05,0.00013,0.00034,2e-05,0.0,-2e-05,0.0,0
31031,2e-05,2e-05,0.00013,0.00034,2e-05,0.0,-2e-05,0.0,0
31032,2e-05,2e-05,0.00013,0.00034,2e-05,0.0,-2e-05,0.0,0
31033,2e-05,2e-05,0.00013,0.00034,2e-05,0.0,-2e-05,0.0,0
31034,2e-05,2e-05,0.00013,0.00034,2e-05,0.0,-2e-05,0.0,0
31035,2e-05,2e-05,0.00013,0.00034,2e-05,0.0,-2e-05,0.0,0
31036,-2e-05,-7e-05,-0.00017,-0.00055,-7e-05,2e-05,0.0,0.0,0
31038,-3e-05,-5e-05,-9e-05,0.00013,-6e-05,-6e-05,0.0,-1e-05,0
31039,-3e-05,-5e-05,-9e-05,0.00013,-6e-05,-6e-05,0.0,-1e-05,0
31040,-3e-05,-5e-05,-9e-05,0.00013,-6e-05,-6e-05,0.0,-1e-05,0
31041,-3e-05,-5e-05,-9e-05,0.00013,-6e-05,-6e-05,0.0,-1e-05,0
31042,-3e-05,-5e-05,-9e-05,0.00013,-6e-05,-6e-05,0.0,-1e-05,0
31043,-3e-05,-5e-05,-9e-05,0.00013,-6e-05,-6e-05,0.0,-1e-05,0
31044,-3e-05,-5e-05,-9e-05,0.00013,-6e-05,-6e-05,0.0,-1e-05,0
31045,-3e-05,-5e-05,-9e-05,0.00013,-6e-05,-6e-05,0.0,-1e-05,0
31046,-3e-05,-5e-05,-9e-05,0.00013,-6e-05,-6e-05,0.0,-1e-05,0
31047,-3e-05,-5e-05,-9e-05,0.00013,-6e-05,-6e-05,0.0,-1e-05,0
31048,-3e-05,-5e-05,-9e-05,0.00013,-6e-05,-6e-05,0.0,-1e-05,0
31049,-3e-05,-5e-05,-9e-05,0.00013,-6e-05,-6e-05,0.0,-1e-05,0
31050,-3e-05,-5e-05,-9e-05,0.00013,-6e-05,-6e-05,0.0,-1e-05,0
31051,-3e-05,-5e-05,-9e-05,0.00013,-6e-05,-6e-05,0.0,-1e-05,0
31052,0.0,2e-05,3e-05,7e-05,4e-05,-1e-05,-1e-05,-2e-05,0
31053,0.0,2e-05,3e-05,7e-05,4e-05,-1e-05,-1e-05,-2e-05,0
31054,0.0,2e-05,3e-05,7e-05,4e-05,-1e-05,-1e-05,-2e-05,0
31055,0.0,2e-05,3e-05,7e-05,4e-05,-1e-05,-1e-05,-2e-05,0
31056,0.0,2e-05,3e-05,7e-05,4e-05,-1e-05,-1e-05,-2e-05,0
31057,0.0,2e-05,3e-05,7e-05,4e-05,-1e-05,-1e-05,-2e-05,0
31058,0.0,2e-05,3e-05,7e-05,4e-05,-1e-05,-1e-05,-2e-05,0
31059,0.0,2e-05,3e-05,7e-05,4e-05,-1e-05,-1e-05,-2e-05,0
31060,0.0,2e-05,5e-05,9e-05,-0.00016,1e-05,-1e-05,1e-05,0
31061,-3e-05,-5e-05,-2e-05,-1e-05,-4e-05,2e-05,-1e-05,-2e-05,0
31062,-3e-05,-5e-05,-2e-05,-1e-05,-4e-05,2e-05,-1e-05,-2e-05,0
31063,-3e-05,-5e-05,-2e-05,-1e-05,-4e-05,2e-05,-1e-05,-2e-05,0
31064,-3e-05,-5e-05,-2e-05,-1e-05,-4e-05,2e-05,-1e-05,-2e-05,0
31065,-3e-05,-5e-05,-2e-05,-1e-05,-4e-05,2e-05,-1e-05,-2e-05,0
31066,-3e-05,-5e-05,-2e-05,-1e-05,-4e-05,2e-05,-1e-05,-2e-05,0
31067,-3e-05,-5e-05,-2e-05,-1e-05,-4e-05,2e-05,-1e-05,-2e-05,0
31068,-3e-05,-5e-05,-2e-05,-1e-05,-4e-05,2e-05,-1e-05,-2e-05,0
31069,-3e-05,-5e-05,-2e-05,-1e-05,-4e-05,2e-05,-1e-05,-2e-05,0
31070,-3e-05,-5e-05,-2e-05,-1e-05,-4e-05,2e-05,-1e-05,-2e-05,0
31071,-3e-05,-5e-05,-2e-05,-1e-05,-4e-05,2e-05,-1e-05,-2e-05,0
31072,-3e-05,-5e-05,-2e-05,-1e-05,-4e-05,2e-05,-1e-05,-2e-05,0
31073,-3e-05,-5e-05,-2e-05,-1e-05,-4e-05,2e-05,-1e-05,-2e-05,0
31074,-3e-05,-5e-05,-2e-05,-1e-05,-4e-05,2e-05,-1e-05,-2e-05,0
31076,-4e-05,0.0,-3e-05,-6e-05,0.0001,-2e-05,-1e-05,0.0,0
31077,-1e-05,0.0,-5e-05,-0.00024,-0.00017,-2e-05,0.0,-3e-05,0
31078,-1e-05,3e-05,0.00016,0.00031,8e-05,-4e-05,-1e-05,0.0,0
31079,-1e-05,3e-05,0.00016,0.00031,8e-05,-4e-05,-1e-05,0.0,0
31080,-1e-05,3e-05,0.00016,0.00031,8e-05,-4e-05,-1e-05,0.0,0
31081,-1e-05,3e-05,0.00016,0.00031,8e-05,-4e-05,-1e-05,0.0,0
31082,-1e-05,3e-05,0.00016,0.00031,8e-05,-4e-05,-1e-05,0.0,0
31083,-1e-05,3e-05,0.00016,0.00031,8e-05,-4e-05,-1e-05,0.0,0
31084,-1e-05,3e-05,0.00016,0.00031,8e-05,-4e-05,-1e-05,0.0,0
31085,-1e-05,3e-05,0.00016,0.00031,8e-05,-4e-05,-1e-05,0.0,0
31086,-1e-05,3e-05,0.00016,0.00031,8e-05,-4e-05,-1e-05,0.0,0
31088,-1e-05,3e-05,0.00016,0.00031,8e-05,-4e-05,-1e-05,0.0,0
31089,-1e-05,3e-05,0.00016,0.00031,8e-05,-4e-05,-1e-05,0.0,0
31090,-1e-05,3e-05,0.00016,0.00031,8e-05,-4e-05,-1e-05,0.0,0
31091,-1e-05,3e-05,0.00016,0.00031,8e-05,-4e-05,-1e-05,0.0,0
31092,-1e-05,3e-05,0.00016,0.00031,8e-05,-4e-05,-1e-05,0.0,0
31093,-1e-05,3e-05,0.00016,0.00031,8e-05,-4e-05,-1e-05,0.0,0
31094,-1e-05,3e-05,0.00016,0.00031,8e-05,-4e-05,-1e-05,0.0,0
31095,-1e-05,3e-05,0.00016,0.00031,8e-05,-4e-05,-1e-05,0.0,0
31096,-1e-05,3e-05,0.00016,0.00031,8e-05,-4e-05,-1e-05,0.0,0
31097,-1e-05,3e-05,0.00016,0.00031,8e-05,-4e-05,-1e-05,0.0,0
31098,-1e-05,-4e-05,-7e-05,-0.00025,-5e-05,-2e-05,-4e-05,0.0,0
31099,-1e-05,2e-05,1e-05,0.0001,-2e-05,-5e-05,-2e-05,-1e-05,0
31100,0.0,-3e-05,-4e-05,2e-05,0.0,-1e-05,3e-05,-2e-05,0
31101,0.0,-3e-05,-4e-05,2e-05,0.0,-1e-05,3e-05,-2e-05,0
31102,0.0,-3e-05,-4e-05,2e-05,0.0,-1e-05,3e-05,-2e-05,0
31104,0.0,-3e-05,-4e-05,2e-05,0.0,-1e-05,3e-05,-2e-05,0
31105,0.0,-3e-05,-4e-05,2e-05,0.0,-1e-05,3e-05,-2e-05,0
31106,0.0,-3e-05,-4e-05,2e-05,0.0,-1e-05,3e-05,-2e-05,0
31107,0.0,-3e-05,-4e-05,2e-05,0.0,-1e-05,3e-05,-2e-05,0
31108,0.0,-3e-05,-4e-05,2e-05,0.0,-1e-05,3e-05,-2e-05,0
31109,0.0,-3e-05,-4e-05,2e-05,0.0,-1e-05,3e-05,-2e-05,0
31110,0.0,-3e-05,-4e-05,2e-05,0.0,-1e-05,3e-05,-2e-05,0
31111,0.0,-3e-05,-4e-05,2e-05,0.0,-1e-05,3e-05,-2e-05,0
31112,0.0,-3e-05,-4e-05,2e-05,0.0,-1e-05,3e-05,-2e-05,0
31113,0.0,-3e-05,-4e-05,2e-05,0.0,-1e-05,3e-05,-2e-05,0
31114,-2e-05,-2e-05,-1e-05,0.0002,-1e-05,-1e-05,-0.0001,0.0,0
31115,0.0,1e-05,3e-05,-0.00028,-5e-05,-1e-05,7e-05,1e-05,0
31116,0.0,1e-05,3e-05,-0.00028,-5e-05,-1e-05,7e-05,1e-05,0
31117,0.0,1e-05,3e-05,-0.00028,-5e-05,-1e-05,7e-05,1e-05,0
31118,0.0,1e-05,3e-05,-0.00028,-5e-05,-1e-05,7e-05,1e-05,0
31119,0.0,1e-05,3e-05,-0.00028,-5e-05,-1e-05,7e-05,1e-05,0
31120,0.0,1e-05,3e-05,-0.00028,-5e-05,-1e-05,7e-05,1e-05,0
31121,0.0,1e-05,3e-05,-0.00028,-5e-05,-1e-05,7e-05,1e-05,0
31122,0.0,1e-05,3e-05,-0.00028,-5e-05,-1e-05,7e-05,1e-05,0
31123,0.0,1e-05,3e-05,-0.00028,-5e-05,-1e-05,7e-05,1e-05,0
31124,0.0,1e-05,3e-05,-0.00028,-5e-05,-1e-05,7e-05,1e-05,0
31125,0.0,1e-05,3e-05,-0.00028,-5e-05,-1e-05,7e-05,1e-05,0
31126,0.0,1e-05,3e-05,-0.00028,-5e-05,-1e-05,7e-05,1e-05,0
31127,0.0,1e-05,3e-05,-0.00028,-5e-05,-1e-05,7e-05,1e-05,0
31128,0.0,1e-05,3e-05,-0.00028,-5e-05,-1e-05,7e-05,1e-05,0
31129,0.0,1e-05,3e-05,-0.00028,-5e-05,-1e-05,7e-05,1e-05,0
31130,0.0,1e-05,3e-05,-0.00028,-5e-05,-1e-05,7e-05,1e-05,0
31131,0.0,1e-05,3e-05,-0.00028,-5e-05,-1e-05,7e-05,1e-05,0
31132,0.0,1e-05,3e-05,-0.00028,-5e-05,-1e-05,7e-05,1e-05,0
31133,0.0,1e-05,3e-05,-0.00028,-5e-05,-1e-05,7e-05,1e-05,0
31134,0.0,1e-05,3e-05,-0.00028,-5e-05,-1e-05,7e-05,1e-05,0
31135,-1e-05,-4e-05,-8e-05,-0.00018,-1e-05,3e-05,-2e-05,-1e-05,0
31136,-1e-05,-4e-05,-8e-05,-0.00018,-1e-05,3e-05,-2e-05,-1e-05,0
31138,-1e-05,0.0,-2e-05,-0.00014,-0.00012,-7e-05,-8e-05,-4e-05,0
31139,-1e-05,0.0,-2e-05,-0.00014,-0.00012,-7e-05,-8e-05,-4e-05,0
31140,-1e-05,0.0,-2e-05,-0.00014,-0.00012,-7e-05,-8e-05,-4e-05,0
31141,-1e-05,0.0,-2e-05,-0.00014,-0.00012,-7e-05,-8e-05,-4e-05,0
31142,-1e-05,0.0,-2e-05,-0.00014,-0.00012,-7e-05,-8e-05,-4e-05,0
31143,-1e-05,0.0,-2e-05,-0.00014,-0.00012,-7e-05,-8e-05,-4e-05,0
31144,-1e-05,0.0,-2e-05,-0.00014,-0.00012,-7e-05,-8e-05,-4e-05,0
31145,-1e-05,0.0,-2e-05,-0.00014,-0.00012,-7e-05,-8e-05,-4e-05,0
31146,-1e-05,0.0,-2e-05,-0.00014,-0.00012,-7e-05,-8e-05,-4e-05,0
31147,-1e-05,0.0,-2e-05,-0.00014,-0.00012,-7e-05,-8e-05,-4e-05,0
31148,-1e-05,0.0,-2e-05,-0.00014,-0.00012,-7e-05,-8e-05,-4e-05,0
31149,-1e-05,0.0,-2e-05,-0.00014,-0.00012,-7e-05,-8e-05,-4e-05,0
31150,-2e-05,-1e-05,-6e-05,-0.0001,-0.00013,-4e-05,2e-05,-1e-05,0
31151,-2e-05,-1e-05,-6e-05,-0.0001,-0.00013,-4e-05,2e-05,-1e-05,0
31152,-2e-05,-1e-05,-6e-05,-0.0001,-0.00013,-4e-05,2e-05,-1e-05,0
31154,-2e-05,-1e-05,-6e-05,-0.0001,-0.00013,-4e-05,2e-05,-1e-05,0
31155,-2e-05,-1e-05,-6e-05,-0.0001,-0.00013,-4e-05,2e-05,-1e-05,0
31156,-2e-05,-1e-05,-6e-05,-0.0001,-0.00013,-4e-05,2e-05,-1e-05,0
31157,0.0,-1e-05,4e-05,0.00024,8e-05,1e-05,-1e-05,-1e-05,0
31158,0.0,-1e-05,4e-05,0.00024,8e-05,1e-05,-1e-05,-1e-05,0
31159,0.0,-1e-05,4e-05,0.00024,8e-05,1e-05,-1e-05,-1e-05,0
31160,0.0,-1e-05,4e-05,0.00024,8e-05,1e-05,-1e-05,-1e-05,0
31161,0.0,-1e-05,4e-05,0.00024,8e-05,1e-05,-1e-05,-1e-05,0
31162,0.0,-1e-05,4e-05,0.00024,8e-05,1e-05,-1e-05,-1e-05,0
31163,0.0,-1e-05,4e-05,0.00024,8e-05,1e-05,-1e-05,-1e-05,0
31164,0.0,-1e-05,4e-05,0.00024,8e-05,1e-05,-1e-05,-1e-05,0
31165,0.0,-1e-05,4e-05,0.00024,8e-05,1e-05,-1e-05,-1e-05,0
31166,0.0,-1e-05,4e-05,0.00024,8e-05,1e-05,-1e-05,-1e-05,0
31167,0.0,-1e-05,4e-05,0.00024,8e-05,1e-05,-1e-05,-1e-05,0
31168,0.0,-1e-05,4e-05,0.00024,8e-05,1e-05,-1e-05,-1e-05,0
31169,0.0,-1e-05,4e-05,0.00024,8e-05,1e-05,-1e-05,-1e-05,0
31170,0.0,-1e-05,4e-05,0.00024,8e-05,1e-05,-1e-05,-1e-05,0
31171,0.0,-1e-05,4e-05,0.00024,8e-05,1e-05,-1e-05,-1e-05,0
31172,0.0,-1e-05,4e-05,0.00024,8e-05,1e-05,-1e-05,-1e-05,0
31173,-1e-05,-1e-05,0.0,-8e-05,-7e-05,-3e-05,1e-05,-2e-05,0
31174,-1e-05,-1e-05,0.0,-8e-05,-7e-05,-3e-05,1e-05,-2e-05,0
31175,-3e-05,-3e-05,-7e-05,-0.0001,-0.00016,0.0,-1e-05,0.0,0
31176,-3e-05,-3e-05,-7e-05,-0.0001,-0.00016,0.0,-1e-05,0.0,0
31177,-3e-05,-3e-05,-7e-05,-0.0001,-0.00016,0.0,-1e-05,0.0,0
31178,-3e-05,-3e-05,-7e-05,-0.0001,-0.00016,0.0,-1e-05,0.0,0
31179,-3e-05,-3e-05,-7e-05,-0.0001,-0.00016,0.0,-1e-05,0.0,0
31180,-3e-05,-3e-05,-7e-05,-0.0001,-0.00016,0.0,-1e-05,0.0,0
31181,-3e-05,-3e-05,-7e-05,-0.0001,-0.00016,0.0,-1e-05,0.0,0
31182,-3e-05,-3e-05,-7e-05,-0.0001,-0.00016,0.0,-1e-05,0.0,0
31183,-3e-05,-3e-05,-7e-05,-0.0001,-0.00016,0.0,-1e-05,0.0,0
31184,-3e-05,-3e-05,-7e-05,-0.0001,-0.00016,0.0,-1e-05,0.0,0
31185,-3e-05,-3e-05,-7e-05,-0.0001,-0.00016,0.0,-1e-05,0.0,0
31186,-3e-05,-3e-05,-7e-05,-0.0001,-0.00016,0.0,-1e-05,0.0,0
31188,-3e-05,-3e-05,-7e-05,-0.0001,-0.00016,0.0,-1e-05,0.0,0
31189,-3e-05,-3e-05,-7e-05,-0.0001,-0.00016,0.0,-1e-05,0.0,0
31190,-3e-05,-3e-05,-7e-05,-0.0001,-0.00016,0.0,-1e-05,0.0,0
31191,-3e-05,-3e-05,-7e-05,-0.0001,-0.00016,0.0,-1e-05,0.0,0
31192,-3e-05,-3e-05,-7e-05,-0.0001,-0.00016,0.0,-1e-05,0.0,0
31193,-3e-05,-3e-05,-7e-05,-0.0001,-0.00016,0.0,-1e-05,0.0,0
31194,-3e-05,-3e-05,-7e-05,-0.0001,-0.00016,0.0,-1e-05,0.0,0
31195,0.0,0.0,0.0,-8e-05,-2e-05,0.0,2e-05,0.0,0
31196,0.0,0.0,0.0,-8e-05,-2e-05,0.0,2e-05,0.0,0
31197,0.0,0.0,0.0,-8e-05,-2e-05,0.0,2e-05,0.0,0
31198,-2e-05,-2e-05,-8e-05,-0.00022,1e-05,3e-05,-3e-05,-2e-05,0
31199,-2e-05,-2e-05,-8e-05,-0.00022,1e-05,3e-05,-3e-05,-2e-05,0
31200,-2e-05,-2e-05,-8e-05,-0.00022,1e-05,3e-05,-3e-05,-2e-05,0
31201,-2e-05,-2e-05,-8e-05,-0.00022,1e-05,3e-05,-3e-05,-2e-05,0
31202,-2e-05,-2e-05,-8e-05,-0.00022,1e-05,3e-05,-3e-05,-2e-05,0
31204,-2e-05,-2e-05,-8e-05,-0.00022,1e-05,3e-05,-3e-05,-2e-05,0
31205,-2e-05,-2e-05,-8e-05,-0.00022,1e-05,3e-05,-3e-05,-2e-05,0
31206,-2e-05,-2e-05,-8e-05,-0.00022,1e-05,3e-05,-3e-05,-2e-05,0
31207,-2e-05,-2e-05,-8e-05,-0.00022,1e-05,3e-05,-3e-05,-2e-05,0
31208,-2e-05,-2e-05,-8e-05,-0.00022,1e-05,3e-05,-3e-05,-2e-05,0
31209,-2e-05,-2e-05,-8e-05,-0.00022,1e-05,3e-05,-3e-05,-2e-05,0
31210,-1e-05,-3e-05,-7e-05,-0.00012,-2e-05,-4e-05,4e-05,-1e-05,0
31211,-1e-05,-3e-05,-7e-05,-0.00012,-2e-05,-4e-05,4e-05,-1e-05,0
31212,-1e-05,-3e-05,-7e-05,-0.00012,-2e-05,-4e-05,4e-05,-1e-05,0
31214,-1e-05,-3e-05,-7e-05,-0.00012,-2e-05,-4e-05,4e-05,-1e-05,0
31215,-1e-05,-3e-05,-7e-05,-0.00012,-2e-05,-4e-05,4e-05,-1e-05,0
31216,-1e-05,-3e-05,-7e-05,-0.00012,-2e-05,-4e-05,4e-05,-1e-05,0
31217,-1e-05,-3e-05,-7e-05,-0.00012,-2e-05,-4e-05,4e-05,-1e-05,0
31218,-2e-05,-1e-05,-2e-05,-3e-05,-1e-05,-2e-05,-4e-05,-3e-05,0
31219,-2e-05,-1e-05,-2e-05,-3e-05,-1e-05,-2e-05,-4e-05,-3e-05,0
31220,-2e-05,-1e-05,-2e-05,-3e-05,-1e-05,-2e-05,-4e-05,-3e-05,0
31221,-2e-05,-1e-05,-2e-05,-3e-05,-1e-05,-2e-05,-4e-05,-3e-05,0
31222,-2e-05,-1e-05,-2e-05,-3e-05,-1e-05,-2e-05,-4e-05,-3e-05,0
31223,-2e-05,-1e-05,-2e-05,-3e-05,-1e-05,-2e-05,-4e-05,-3e-05,0
31224,-2e-05,-1e-05,-2e-05,-3e-05,-1e-05,-2e-05,-4e-05,-3e-05,0
31225,-2e-05,-1e-05,-2e-05,-3e-05,-1e-05,-2e-05,-4e-05,-3e-05,0
31226,-2e-05,-1e-05,-2e-05,-3e-05,-1e-05,-2e-05,-4e-05,-3e-05,0
31227,-2e-05,-1e-05,-2e-05,-3e-05,-1e-05,-2e-05,-4e-05,-3e-05,0
31228,-2e-05,-1e-05,-2e-05,-3e-05,-1e-05,-2e-05,-4e-05,-3e-05,0
31229,-2e-05,-1e-05,-2e-05,-3e-05,-1e-05,-2e-05,-4e-05,-3e-05,0
31230,-2e-05,-1e-05,-2e-05,-3e-05,-1e-05,-2e-05,-4e-05,-3e-05,0
31231,-2e-05,-1e-05,-2e-05,-3e-05,-1e-05,-2e-05,-4e-05,-3e-05,0
31232,-2e-05,-1e-05,-2e-05,-3e-05,-1e-05,-2e-05,-4e-05,-3e-05,0
31233,0.0,0.0,-3e-05,-5e-05,-1e-05,-2e-05,-1e-05,0.0,0
31234,0.0,0.0,-3e-05,-5e-05,-1e-05,-2e-05,-1e-05,0.0,0
31235,1e-05,1e-05,6e-05,-1e-05,1e-05,-3e-05,-1e-05,0.0,0
31236,1e-05,1e-05,6e-05,-1e-05,1e-05,-3e-05,-1e-05,0.0,0
31238,1e-05,1e-05,6e-05,-1e-05,1e-05,-3e-05,-1e-05,0.0,0
31239,1e-05,1e-05,6e-05,-1e-05,1e-05,-3e-05,-1e-05,0.0,0
31240,1e-05,1e-05,6e-05,-1e-05,1e-05,-3e-05,-1e-05,0.0,0
31241,1e-05,1e-05,6e-05,-1e-05,1e-05,-3e-05,-1e-05,0.0,0
31242,1e-05,1e-05,6e-05,-1e-05,1e-05,-3e-05,-1e-05,0.0,0
31243,1e-05,1e-05,6e-05,-1e-05,1e-05,-3e-05,-1e-05,0.0,0
31244,1e-05,1e-05,6e-05,-1e-05,1e-05,-3e-05,-1e-05,0.0,0
31245,1e-05,1e-05,6e-05,-1e-05,1e-05,-3e-05,-1e-05,0.0,0
31246,1e-05,1e-05,6e-05,-1e-05,1e-05,-3e-05,-1e-05,0.0,0
31247,1e-05,1e-05,6e-05,-1e-05,1e-05,-3e-05,-1e-05,0.0,0
31248,1e-05,1e-05,6e-05,-1e-05,1e-05,-3e-05,-1e-05,0.0,0
31249,1e-05,1e-05,6e-05,-1e-05,1e-05,-3e-05,-1e-05,0.0,0
31250,1e-05,1e-05,6e-05,-1e-05,1e-05,-3e-05,-1e-05,0.0,0
31251,1e-05,1e-05,6e-05,-1e-05,1e-05,-3e-05,-1e-05,0.0,0
31252,1e-05,1e-05,6e-05,-1e-05,1e-05,-3e-05,-1e-05,0.0,0
31254,1e-05,1e-05,6e-05,-1e-05,1e-05,-3e-05,-1e-05,0.0,0
31255,1e-05,1e-05,6e-05,-1e-05,1e-05,-3e-05,-1e-05,0.0,0
31256,-2e-05,-1e-05,4e-05,8e-05,6e-05,-1e-05,1e-05,-1e-05,0
31257,0.0,-3e-05,-8e-05,-0.0001,-1e-05,-1e-05,-1e-05,0.0,0
31258,-1e-05,-1e-05,-4e-05,-3e-05,-5e-05,0.0,0.0,1e-05,0
31259,-1e-05,-1e-05,-4e-05,-3e-05,-5e-05,0.0,0.0,1e-05,0
31260,-1e-05,-1e-05,-4e-05,-3e-05,-5e-05,0.0,0.0,1e-05,0
31261,-1e-05,-1e-05,-4e-05,-3e-05,-5e-05,0.0,0.0,1e-05,0
31262,-1e-05,-1e-05,-4e-05,-3e-05,-5e-05,0.0,0.0,1e-05,0
31263,-1e-05,-1e-05,-4e-05,-3e-05,-5e-05,0.0,0.0,1e-05,0
31264,-1e-05,-1e-05,-4e-05,-3e-05,-5e-05,0.0,0.0,1e-05,0
31265,-1e-05,-1e-05,-4e-05,-3e-05,-5e-05,0.0,0.0,1e-05,0
31266,-1e-05,-1e-05,-4e-05,-3e-05,-5e-05,0.0,0.0,1e-05,0
31267,-1e-05,-1e-05,-4e-05,-3e-05,-5e-05,0.0,0.0,1e-05,0
31268,-1e-05,-1e-05,-4e-05,-3e-05,-5e-05,0.0,0.0,1e-05,0
31269,-1e-05,-1e-05,-4e-05,-3e-05,-5e-05,0.0,0.0,1e-05,0
31270,0.0,0.0,2e-05,7e-05,-4e-05,0.0,2e-05,0.0,0
31271,0.0,0.0,2e-05,7e-05,-4e-05,0.0,2e-05,0.0,0
31272,0.0,0.0,2e-05,7e-05,-4e-05,0.0,2e-05,0.0,0
31273,0.0,0.0,2e-05,7e-05,-4e-05,0.0,2e-05,0.0,0
31274,0.0,0.0,2e-05,7e-05,-4e-05,0.0,2e-05,0.0,0
31275,0.0,0.0,2e-05,7e-05,-4e-05,0.0,2e-05,0.0,0
31276,-1e-05,4e-05,0.00012,0.00022,2e-05,2e-05,-2e-05,-2e-05,0
31277,1e-05,-1e-05,-2e-05,-0.00019,7e-05,3e-05,-1e-05,-1e-05,0
31278,1e-05,-1e-05,-2e-05,-0.00019,7e-05,3e-05,-1e-05,-1e-05,0
31279,1e-05,-1e-05,-2e-05,-0.00019,7e-05,3e-05,-1e-05,-1e-05,0
31280,1e-05,-1e-05,-2e-05,-0.00019,7e-05,3e-05,-1e-05,-1e-05,0
31281,1e-05,-1e-05,-2e-05,-0.00019,7e-05,3e-05,-1e-05,-1e-05,0
31282,1e-05,-1e-05,-2e-05,-0.00019,7e-05,3e-05,-1e-05,-1e-05,0
31283,1e-05,-1e-05,-2e-05,-0.00019,7e-05,3e-05,-1e-05,-1e-05,0
31284,1e-05,-1e-05,-2e-05,-0.00019,7e-05,3e-05,-1e-05,-1e-05,0
31285,1e-05,-1e-05,-2e-05,-0.00019,7e-05,3e-05,-1e-05,-1e-05,0
31286,1e-05,-1e-05,-2e-05,-0.00019,7e-05,3e-05,-1e-05,-1e-05,0
31288,1e-05,-1e-05,-2e-05,-0.00019,7e-05,3e-05,-1e-05,-1e-05,0
31289,1e-05,-1e-05,-2e-05,-0.00019,7e-05,3e-05,-1e-05,-1e-05,0
31290,1e-05,-1e-05,-2e-05,-0.00019,7e-05,3e-05,-1e-05,-1e-05,0
31291,1e-05,-1e-05,-2e-05,-0.00019,7e-05,3e-05,-1e-05,-1e-05,0
31292,1e-05,-1e-05,-2e-05,-0.00019,7e-05,3e-05,-1e-05,-1e-05,0
31293,-2e-05,3e-05,5e-05,2e-05,0.0,-2e-05,-1e-05,-1e-05,0
31294,0.0,-1e-05,-4e-05,-0.00015,-4e-05,2e-05,2e-05,0.0,0
31295,-3e-05,0.0,2e-05,1e-05,-4e-05,-2e-05,0.0,0.0,0
31296,-3e-05,0.0,2e-05,1e-05,-4e-05,-2e-05,0.0,0.0,0
31297,-3e-05,0.0,2e-05,1e-05,-4e-05,-2e-05,0.0,0.0,0
31298,-3e-05,0.0,2e-05,1e-05,-4e-05,-2e-05,0.0,0.0,0
31299,-3e-05,0.0,2e-05,1e-05,-4e-05,-2e-05,0.0,0.0,0
31300,-3e-05,0.0,2e-05,1e-05,-4e-05,-2e-05,0.0,0.0,0
31301,-3e-05,0.0,2e-05,1e-05,-4e-05,-2e-05,0.0,0.0,0
31302,-3e-05,0.0,2e-05,1e-05,-4e-05,-2e-05,0.0,0.0,0
31304,-3e-05,0.0,2e-05,1e-05,-4e-05,-2e-05,0.0,0.0,0
31305,-3e-05,0.0,2e-05,1e-05,-4e-05,-2e-05,0.0,0.0,0
31306,-3e-05,0.0,2e-05,1e-05,-4e-05,-2e-05,0.0,0.0,0
31307,-3e-05,0.0,2e-05,1e-05,-4e-05,-2e-05,0.0,0.0,0
31308,-3e-05,0.0,2e-05,1e-05,-4e-05,-2e-05,0.0,0.0,0
31309,-3e-05,0.0,2e-05,1e-05,-4e-05,-2e-05,0.0,0.0,0
31310,-3e-05,0.0,2e-05,1e-05,-4e-05,-2e-05,0.0,0.0,0
31311,-3e-05,0.0,2e-05,1e-05,-4e-05,-2e-05,0.0,0.0,0
31312,-3e-05,0.0,2e-05,1e-05,-4e-05,-2e-05,0.0,0.0,0
31313,-3e-05,0.0,2e-05,1e-05,-4e-05,-2e-05,0.0,0.0,0
31314,-3e-05,0.0,2e-05,1e-05,-4e-05,-2e-05,0.0,0.0,0
31315,0.0,0.0,-5e-05,-0.00014,9e-05,-1e-05,2e-05,-1e-05,0
31316,0.0,0.0,-5e-05,-0.00014,9e-05,-1e-05,2e-05,-1e-05,0
31317,0.0,-1e-05,-4e-05,6e-05,4e-05,2e-05,-2e-05,-1e-05,0
31318,0.0,-1e-05,-4e-05,6e-05,4e-05,2e-05,-2e-05,-1e-05,0
31319,0.0,-1e-05,-4e-05,6e-05,4e-05,2e-05,-2e-05,-1e-05,0
31320,0.0,-1e-05,-4e-05,6e-05,4e-05,2e-05,-2e-05,-1e-05,0
31321,0.0,-1e-05,-4e-05,6e-05,4e-05,2e-05,-2e-05,-1e-05,0
31322,0.0,-1e-05,-4e-05,6e-05,4e-05,2e-05,-2e-05,-1e-05,0
31323,0.0,-1e-05,-4e-05,6e-05,4e-05,2e-05,-2e-05,-1e-05,0
31324,0.0,-1e-05,-4e-05,6e-05,4e-05,2e-05,-2e-05,-1e-05,0
31325,0.0,-1e-05,-4e-05,6e-05,4e-05,2e-05,-2e-05,-1e-05,0
31326,0.0,-1e-05,-4e-05,6e-05,4e-05,2e-05,-2e-05,-1e-05,0
31327,0.0,-1e-05,-4e-05,6e-05,4e-05,2e-05,-2e-05,-1e-05,0
31328,0.0,-1e-05,-4e-05,6e-05,4e-05,2e-05,-2e-05,-1e-05,0
31329,0.0,-1e-05,-4e-05,6e-05,4e-05,2e-05,-2e-05,-1e-05,0
31330,0.0,-1e-05,-3e-05,-0.00015,-0.0001,-3e-05,-3e-05,-2e-05,0
31331,0.0,-1e-05,-3e-05,-0.00015,-0.0001,-3e-05,-3e-05,-2e-05,0
31332,0.0,-1e-05,-3e-05,-0.00015,-0.0001,-3e-05,-3e-05,-2e-05,0
31333,0.0,-1e-05,-3e-05,-0.00015,-0.0001,-3e-05,-3e-05,-2e-05,0
31334,0.0,-1e-05,-3e-05,-0.00015,-0.0001,-3e-05,-3e-05,-2e-05,0
31335,0.0,-1e-05,-3e-05,-0.00015,-0.0001,-3e-05,-3e-05,-2e-05,0
31336,0.0,-1e-05,-3e-05,-0.00015,-0.0001,-3e-05,-3e-05,-2e-05,0
31338,0.0,-2e-05,-1e-05,0.00015,1e-05,-1e-05,-2e-05,-2e-05,0
31339,0.0,-2e-05,-1e-05,0.00015,1e-05,-1e-05,-2e-05,-2e-05,0
31340,0.0,-2e-05,-1e-05,0.00015,1e-05,-1e-05,-2e-05,-2e-05,0
31341,0.0,-2e-05,-1e-05,0.00015,1e-05,-1e-05,-2e-05,-2e-05,0
31342,0.0,-2e-05,-1e-05,0.00015,1e-05,-1e-05,-2e-05,-2e-05,0
31343,0.0,-2e-05,-1e-05,0.00015,1e-05,-1e-05,-2e-05,-2e-05,0
31344,0.0,-2e-05,-1e-05,0.00015,1e-05,-1e-05,-2e-05,-2e-05,0
31345,0.0,-2e-05,-1e-05,0.00015,1e-05,-1e-05,-2e-05,-2e-05,0
31346,0.0,-2e-05,-1e-05,0.00015,1e-05,-1e-05,-2e-05,-2e-05,0
31347,0.0,-2e-05,-1e-05,0.00015,1e-05,-1e-05,-2e-05,-2e-05,0
31348,0.0,-2e-05,-1e-05,0.00015,1e-05,-1e-05,-2e-05,-2e-05,0
31349,0.0,-2e-05,-1e-05,0.00015,1e-05,-1e-05,-2e-05,-2e-05,0
31350,0.0,-2e-05,-1e-05,0.00015,1e-05,-1e-05,-2e-05,-2e-05,0
31351,0.0,-2e-05,-1e-05,0.00015,1e-05,-1e-05,-2e-05,-2e-05,0
31352,0.0,-2e-05,-1e-05,0.00015,1e-05,-1e-05,-2e-05,-2e-05,0
31354,0.0,-2e-05,-1e-05,0.00015,1e-05,-1e-05,-2e-05,-2e-05,0
31355,-3e-05,-3e-05,-7e-05,-0.00013,-5e-05,1e-05,-1e-05,1e-05,0
31356,-3e-05,-3e-05,-7e-05,-0.00013,-5e-05,1e-05,-1e-05,1e-05,0
31357,-3e-05,-3e-05,-7e-05,-0.00013,-5e-05,1e-05,-1e-05,1e-05,0
31358,-3e-05,-3e-05,-7e-05,-0.00013,-5e-05,1e-05,-1e-05,1e-05,0
31359,-3e-05,-3e-05,-7e-05,-0.00013,-5e-05,1e-05,-1e-05,1e-05,0
31360,-3e-05,-3e-05,-7e-05,-0.00013,-5e-05,1e-05,-1e-05,1e-05,0
31361,-3e-05,-3e-05,-7e-05,-0.00013,-5e-05,1e-05,-1e-05,1e-05,0
31362,-3e-05,-3e-05,-7e-05,-0.00013,-5e-05,1e-05,-1e-05,1e-05,0
31363,-3e-05,-3e-05,-7e-05,-0.00013,-5e-05,1e-05,-1e-05,1e-05,0
31364,-3e-05,-3e-05,-7e-05,-0.00013,-5e-05,1e-05,-1e-05,1e-05,0
31365,-3e-05,-3e-05,-7e-05,-0.00013,-5e-05,1e-05,-1e-05,1e-05,0
31366,-3e-05,-3e-05,-7e-05,-0.00013,-5e-05,1e-05,-1e-05,1e-05,0
31367,-3e-05,-3e-05,-7e-05,-0.00013,-5e-05,1e-05,-1e-05,1e-05,0
31368,-3e-05,-3e-05,-7e-05,-0.00013,-5e-05,1e-05,-1e-05,1e-05,0
31369,-3e-05,-3e-05,-7e-05,-0.00013,-5e-05,1e-05,-1e-05,1e-05,0
31370,-3e-05,-3e-05,-7e-05,-0.00013,-5e-05,1e-05,-1e-05,1e-05,0
31371,-3e-05,-3e-05,-7e-05,-0.00013,-5e-05,1e-05,-1e-05,1e-05,0
31372,-3e-05,-3e-05,-7e-05,-0.00013,-5e-05,1e-05,-1e-05,1e-05,0
31373,-3e-05,-3e-05,-7e-05,-0.00013,-5e-05,1e-05,-1e-05,1e-05,0
31374,-3e-05,-3e-05,-7e-05,-0.00013,-5e-05,1e-05,-1e-05,1e-05,0
31375,-3e-05,-3e-05,-7e-05,-0.00013,-5e-05,1e-05,-1e-05,1e-05,0
31376,-1e-05,0.0,3e-05,-3e-05,3e-05,-1e-05,-1e-05,0.0,0
31377,-1e-05,3e-05,3e-05,-7e-05,-3e-05,-5e-05,-4e-05,-2e-05,0
31378,0.0,0.0,-5e-05,0.00021,-1e-05,1e-05,1e-05,0.0,0
31379,0.0,0.0,-5e-05,0.00021,-1e-05,1e-05,1e-05,0.0,0
31380,0.0,0.0,-5e-05,0.00021,-1e-05,1e-05,1e-05,0.0,0
31381,0.0,0.0,-5e-05,0.00021,-1e-05,1e-05,1e-05,0.0,0
31382,0.0,0.0,-5e-05,0.00021,-1e-05,1e-05,1e-05,0.0,0
31383,0.0,0.0,-5e-05,0.00021,-1e-05,1e-05,1e-05,0.0,0
31384,0.0,0.0,-5e-05,0.00021,-1e-05,1e-05,1e-05,0.0,0
31385,0.0,0.0,-5e-05,0.00021,-1e-05,1e-05,1e-05,0.0,0
31386,0.0,0.0,-5e-05,0.00021,-1e-05,1e-05,1e-05,0.0,0
31388,0.0,0.0,-5e-05,0.00021,-1e-05,1e-05,1e-05,0.0,0
31389,0.0,-2e-05,-5e-05,-0.00011,-7e-05,1e-05,-2e-05,-1e-05,0
31390,0.0,-2e-05,-5e-05,-0.00011,-7e-05,1e-05,-2e-05,-1e-05,0
31391,0.0,-2e-05,-5e-05,-0.00011,-7e-05,1e-05,-2e-05,-1e-05,0
31392,0.0,-2e-05,-5e-05,-0.00011,-7e-05,1e-05,-2e-05,-1e-05,0
31393,0.0,-2e-05,-5e-05,-0.00011,-7e-05,1e-05,-2e-05,-1e-05,0
31394,0.0,-2e-05,-5e-05,-0.00011,-7e-05,1e-05,-2e-05,-1e-05,0
31395,0.0,-2e-05,-5e-05,-0.00011,-7e-05,1e-05,-2e-05,-1e-05,0
31396,0.0,-2e-05,-5e-05,-0.00011,-7e-05,1e-05,-2e-05,-1e-05,0
31397,0.0,-2e-05,-5e-05,-0.00011,-7e-05,1e-05,-2e-05,-1e-05,0
31398,-1e-05,0.0,3e-05,1e-05,-4e-05,-2e-05,-1e-05,-3e-05,0
31399,-1e-05,0.0,3e-05,1e-05,-4e-05,-2e-05,-1e-05,-3e-05,0
31400,-1e-05,0.0,3e-05,1e-05,-4e-05,-2e-05,-1e-05,-3e-05,0
31401,-1e-05,0.0,3e-05,1e-05,-4e-05,-2e-05,-1e-05,-3e-05,0
31402,-1e-05,0.0,3e-05,1e-05,-4e-05,-2e-05,-1e-05,-3e-05,0
31404,-1e-05,0.0,3e-05,1e-05,-4e-05,-2e-05,-1e-05,-3e-05,0
31405,-1e-05,0.0,3e-05,1e-05,-4e-05,-2e-05,-1e-05,-3e-05,0
31406,-1e-05,0.0,3e-05,1e-05,-4e-05,-2e-05,-1e-05,-3e-05,0
31407,-1e-05,0.0,3e-05,1e-05,-4e-05,-2e-05,-1e-05,-3e-05,0
31408,-1e-05,0.0,3e-05,1e-05,-4e-05,-2e-05,-1e-05,-3e-05,0
31409,-1e-05,0.0,3e-05,1e-05,-4e-05,-2e-05,-1e-05,-3e-05,0
31410,-1e-05,0.0,3e-05,1e-05,-4e-05,-2e-05,-1e-05,-3e-05,0
31411,-1e-05,0.0,3e-05,1e-05,-4e-05,-2e-05,-1e-05,-3e-05,0
31412,-1e-05,0.0,3e-05,1e-05,-4e-05,-2e-05,-1e-05,-3e-05,0
31413,-1e-05,-5e-05,-6e-05,-8e-05,0.0,2e-05,-2e-05,0.0,0
31414,-1e-05,-5e-05,-6e-05,-8e-05,0.0,2e-05,-2e-05,0.0,0
31415,0.0,-2e-05,-6e-05,-0.00021,-4e-05,-3e-05,-2e-05,-3e-05,0
31416,0.0,-2e-05,-6e-05,-0.00021,-4e-05,-3e-05,-2e-05,-3e-05,0
31417,0.0,-2e-05,-6e-05,-0.00021,-4e-05,-3e-05,-2e-05,-3e-05,0
31418,0.0,-2e-05,-6e-05,-0.00021,-4e-05,-3e-05,-2e-05,-3e-05,0
31419,0.0,-2e-05,-6e-05,-0.00021,-4e-05,-3e-05,-2e-05,-3e-05,0
31420,0.0,-2e-05,-6e-05,-0.00021,-4e-05,-3e-05,-2e-05,-3e-05,0
31421,0.0,-2e-05,-6e-05,-0.00021,-4e-05,-3e-05,-2e-05,-3e-05,0
31422,0.0,-2e-05,-6e-05,-0.00021,-4e-05,-3e-05,-2e-05,-3e-05,0
31423,0.0,-2e-05,-6e-05,-0.00021,-4e-05,-3e-05,-2e-05,-3e-05,0
31424,0.0,-2e-05,-6e-05,-0.00021,-4e-05,-3e-05,-2e-05,-3e-05,0
31425,0.0,-2e-05,-6e-05,-0.00021,-4e-05,-3e-05,-2e-05,-3e-05,0
31426,0.0,-2e-05,-6e-05,-0.00021,-4e-05,-3e-05,-2e-05,-3e-05,0
31427,0.0,-2e-05,-6e-05,-0.00021,-4e-05,-3e-05,-2e-05,-3e-05,0
31428,0.0,-2e-05,-6e-05,-0.00021,-4e-05,-3e-05,-2e-05,-3e-05,0
31429,0.0,-2e-05,-6e-05,-0.00021,-4e-05,-3e-05,-2e-05,-3e-05,0
31430,0.0,-2e-05,-6e-05,-0.00021,-4e-05,-3e-05,-2e-05,-3e-05,0
31431,0.0,-2e-05,-6e-05,-0.00021,-4e-05,-3e-05,-2e-05,-3e-05,0
31432,0.0,-2e-05,-6e-05,-0.00021,-4e-05,-3e-05,-2e-05,-3e-05,0
31433,0.0,-2e-05,-6e-05,-0.00021,-4e-05,-3e-05,-2e-05,-3e-05,0
31434,0.0,-2e-05,-6e-05,-0.00021,-4e-05,-3e-05,-2e-05,-3e-05,0
31435,1e-05,-6e-05,-2e-05,0.00018,1e-05,0.0,0.0,1e-05,0
31436,1e-05,-6e-05,-2e-05,0.00018,1e-05,0.0,0.0,1e-05,0
31438,-2e-05,-1e-05,1e-05,-0.00013,-1e-05,-1e-05,-1e-05,2e-05,0
31440,-2e-05,-1e-05,1e-05,-0.00013,-1e-05,-1e-05,-1e-05,2e-05,0
31441,-2e-05,-1e-05,1e-05,-0.00013,-1e-05,-1e-05,-1e-05,2e-05,0
31442,-2e-05,-1e-05,1e-05,-0.00013,-1e-05,-1e-05,-1e-05,2e-05,0
31443,-2e-05,-1e-05,1e-05,-0.00013,-1e-05,-1e-05,-1e-05,2e-05,0
31444,-2e-05,-1e-05,1e-05,-0.00013,-1e-05,-1e-05,-1e-05,2e-05,0
31445,-2e-05,-1e-05,1e-05,-0.00013,-1e-05,-1e-05,-1e-05,2e-05,0
31446,-2e-05,-1e-05,1e-05,-0.00013,-1e-05,-1e-05,-1e-05,2e-05,0
31447,-2e-05,-1e-05,1e-05,-0.00013,-1e-05,-1e-05,-1e-05,2e-05,0
31448,-2e-05,-1e-05,1e-05,-0.00013,-1e-05,-1e-05,-1e-05,2e-05,0
31449,-2e-05,-1e-05,1e-05,-0.00013,-1e-05,-1e-05,-1e-05,2e-05,0
31450,-2e-05,-1e-05,1e-05,-0.00013,-1e-05,-1e-05,-1e-05,2e-05,0
31451,-2e-05,-1e-05,1e-05,-0.00013,-1e-05,-1e-05,-1e-05,2e-05,0
31452,-2e-05,-1e-05,1e-05,-0.00013,-1e-05,-1e-05,-1e-05,2e-05,0
31454,-2e-05,-1e-05,1e-05,-0.00013,-1e-05,-1e-05,-1e-05,2e-05,0
31455,-2e-05,-1e-05,1e-05,-0.00013,-1e-05,-1e-05,-1e-05,2e-05,0
31456,-2e-05,-1e-05,1e-05,-0.00013,-1e-05,-1e-05,-1e-05,2e-05,0
31457,-2e-05,-1e-05,1e-05,-0.00013,-1e-05,-1e-05,-1e-05,2e-05,0
31458,0.0,3e-05,8e-05,0.00017,4e-05,-3e-05,-1e-05,-1e-05,0
31459,-2e-05,-4e-05,-8e-05,7e-05,0.0,1e-05,-3e-05,-2e-05,0
31460,-1e-05,-3e-05,-0.0001,-0.00019,-6e-05,0.0,-1e-05,1e-05,0
31461,-1e-05,-3e-05,-0.0001,-0.00019,-6e-05,0.0,-1e-05,1e-05,0
31462,-1e-05,-3e-05,-0.0001,-0.00019,-6e-05,0.0,-1e-05,1e-05,0
31463,-1e-05,-3e-05,-0.0001,-0.00019,-6e-05,0.0,-1e-05,1e-05,0
31464,-1e-05,-3e-05,-0.0001,-0.00019,-6e-05,0.0,-1e-05,1e-05,0
31465,-1e-05,-3e-05,-0.0001,-0.00019,-6e-05,0.0,-1e-05,1e-05,0
31466,-1e-05,-3e-05,-0.0001,-0.00019,-6e-05,0.0,-1e-05,1e-05,0
31467,-1e-05,-3e-05,-0.0001,-0.00019,-6e-05,0.0,-1e-05,1e-05,0
31468,-1e-05,-3e-05,-0.0001,-0.00019,-6e-05,0.0,-1e-05,1e-05,0
31469,-1e-05,-3e-05,-0.0001,-0.00019,-6e-05,0.0,-1e-05,1e-05,0
31470,-1e-05,-3e-05,-0.0001,-0.00019,-6e-05,0.0,-1e-05,1e-05,0
31471,-1e-05,-3e-05,-0.0001,-0.00019,-6e-05,0.0,-1e-05,1e-05,0
31472,-1e-05,-3e-05,-0.0001,-0.00019,-6e-05,0.0,-1e-05,1e-05,0
31473,-2e-05,2e-05,9e-05,0.00062,0.0001,1e-05,0.0,0.0,0
31474,-3e-05,-3e-05,-4e-05,-9e-05,2e-05,-1e-05,0.0,0.0,0
31475,-1e-05,0.0,1e-05,5e-05,3e-05,0.0,0.0,-2e-05,0
31476,-1e-05,0.0,1e-05,5e-05,3e-05,0.0,0.0,-2e-05,0
31477,-1e-05,0.0,1e-05,5e-05,3e-05,0.0,0.0,-2e-05,0
31478,-1e-05,0.0,1e-05,5e-05,3e-05,0.0,0.0,-2e-05,0
31479,-1e-05,0.0,1e-05,5e-05,3e-05,0.0,0.0,-2e-05,0
31480,-1e-05,0.0,1e-05,5e-05,3e-05,0.0,0.0,-2e-05,0
31481,-1e-05,0.0,1e-05,5e-05,3e-05,0.0,0.0,-2e-05,0
31482,-1e-05,0.0,1e-05,5e-05,3e-05,0.0,0.0,-2e-05,0
31483,-1e-05,0.0,1e-05,5e-05,3e-05,0.0,0.0,-2e-05,0
31484,-1e-05,0.0,1e-05,5e-05,3e-05,0.0,0.0,-2e-05,0
31485,-1e-05,0.0,1e-05,5e-05,3e-05,0.0,0.0,-2e-05,0
31486,-1e-05,0.0,1e-05,5e-05,3e-05,0.0,0.0,-2e-05,0
31488,-1e-05,0.0,1e-05,5e-05,3e-05,0.0,0.0,-2e-05,0
31489,-1e-05,0.0,1e-05,5e-05,3e-05,0.0,0.0,-2e-05,0
31490,-1e-05,0.0,1e-05,5e-05,3e-05,0.0,0.0,-2e-05,0
31491,-1e-05,0.0,1e-05,5e-05,3e-05,0.0,0.0,-2e-05,0
31492,-1e-05,0.0,1e-05,5e-05,3e-05,0.0,0.0,-2e-05,0
31493,-1e-05,0.0,1e-05,5e-05,3e-05,0.0,0.0,-2e-05,0
31494,-1e-05,0.0,1e-05,5e-05,3e-05,0.0,0.0,-2e-05,0
31495,-1e-05,-4e-05,-3e-05,-0.00016,-4e-05,-1e-05,-1e-05,0.0,0
31496,1e-05,-1e-05,-1e-05,-0.00014,-2e-05,-1e-05,-2e-05,-2e-05,0
31497,1e-05,1e-05,3e-05,3e-05,2e-05,-1e-05,-1e-05,0.0,0
31498,1e-05,1e-05,3e-05,3e-05,2e-05,-1e-05,-1e-05,0.0,0
31499,1e-05,1e-05,3e-05,3e-05,2e-05,-1e-05,-1e-05,0.0,0
31500,1e-05,1e-05,3e-05,3e-05,2e-05,-1e-05,-1e-05,0.0,0
31501,1e-05,1e-05,3e-05,3e-05,2e-05,-1e-05,-1e-05,0.0,0
31502,1e-05,1e-05,3e-05,3e-05,2e-05,-1e-05,-1e-05,0.0,0
31504,1e-05,1e-05,3e-05,3e-05,2e-05,-1e-05,-1e-05,0.0,0
31505,1e-05,1e-05,3e-05,3e-05,2e-05,-1e-05,-1e-05,0.0,0
31506,1e-05,1e-05,3e-05,3e-05,2e-05,-1e-05,-1e-05,0.0,0
31507,1e-05,1e-05,3e-05,3e-05,2e-05,-1e-05,-1e-05,0.0,0
31508,1e-05,1e-05,3e-05,3e-05,2e-05,-1e-05,-1e-05,0.0,0
31509,1e-05,-1e-05,-1e-05,0.00011,0.0,-1e-05,0.0,-1e-05,0
31510,-2e-05,-1e-05,-7e-05,-8e-05,-2e-05,-2e-05,-1e-05,-2e-05,0
31511,-2e-05,-1e-05,-7e-05,-8e-05,-2e-05,-2e-05,-1e-05,-2e-05,0
31512,-2e-05,-1e-05,-7e-05,-8e-05,-2e-05,-2e-05,-1e-05,-2e-05,0
31513,-2e-05,-1e-05,-7e-05,-8e-05,-2e-05,-2e-05,-1e-05,-2e-05,0
31514,-2e-05,-1e-05,-7e-05,-8e-05,-2e-05,-2e-05,-1e-05,-2e-05,0
31515,-2e-05,-1e-05,-7e-05,-8e-05,-2e-05,-2e-05,-1e-05,-2e-05,0
31516,-2e-05,-1e-05,-7e-05,-8e-05,-2e-05,-2e-05,-1e-05,-2e-05,0
31517,-2e-05,-1e-05,-7e-05,-8e-05,-2e-05,-2e-05,-1e-05,-2e-05,0
31518,0.0,-4e-05,-4e-05,-7e-05,-1e-05,-1e-05,-1e-05,-1e-05,0
31519,0.0,-4e-05,-4e-05,-7e-05,-1e-05,-1e-05,-1e-05,-1e-05,0
31520,0.0,-4e-05,-4e-05,-7e-05,-1e-05,-1e-05,-1e-05,-1e-05,0
31521,0.0,-4e-05,-4e-05,-7e-05,-1e-05,-1e-05,-1e-05,-1e-05,0
31522,0.0,-4e-05,-4e-05,-7e-05,-1e-05,-1e-05,-1e-05,-1e-05,0
31523,0.0,-4e-05,-4e-05,-7e-05,-1e-05,-1e-05,-1e-05,-1e-05,0
31524,0.0,-4e-05,-4e-05,-7e-05,-1e-05,-1e-05,-1e-05,-1e-05,0
31525,0.0,-4e-05,-4e-05,-7e-05,-1e-05,-1e-05,-1e-05,-1e-05,0
31526,0.0,-4e-05,-4e-05,-7e-05,-1e-05,-1e-05,-1e-05,-1e-05,0
31527,0.0,-4e-05,-4e-05,-7e-05,-1e-05,-1e-05,-1e-05,-1e-05,0
31528,0.0,-4e-05,-4e-05,-7e-05,-1e-05,-1e-05,-1e-05,-1e-05,0
31529,0.0,-4e-05,-4e-05,-7e-05,-1e-05,-1e-05,-1e-05,-1e-05,0
31530,0.0,-4e-05,-4e-05,-7e-05,-1e-05,-1e-05,-1e-05,-1e-05,0
31531,0.0,-4e-05,-4e-05,-7e-05,-1e-05,-1e-05,-1e-05,-1e-05,0
31532,0.0,-4e-05,-4e-05,-7e-05,-1e-05,-1e-05,-1e-05,-1e-05,0
31533,0.0,2e-05,5e-05,-8e-05,2e-05,-1e-05,-1e-05,-1e-05,0
31534,0.0,-2e-05,-9e-05,-5e-05,-2e-05,-4e-05,0.0,0.0,0
31535,-3e-05,-9e-05,-0.00011,0.00011,-2e-05,-3e-05,-2e-05,-2e-05,0
31536,-3e-05,-9e-05,-0.00011,0.00011,-2e-05,-3e-05,-2e-05,-2e-05,0
31538,-3e-05,-9e-05,-0.00011,0.00011,-2e-05,-3e-05,-2e-05,-2e-05,0
31539,-3e-05,-9e-05,-0.00011,0.00011,-2e-05,-3e-05,-2e-05,-2e-05,0
31540,-3e-05,-9e-05,-0.00011,0.00011,-2e-05,-3e-05,-2e-05,-2e-05,0
31541,-3e-05,-9e-05,-0.00011,0.00011,-2e-05,-3e-05,-2e-05,-2e-05,0
31542,-3e-05,-9e-05,-0.00011,0.00011,-2e-05,-3e-05,-2e-05,-2e-05,0
31543,-3e-05,-9e-05,-0.00011,0.00011,-2e-05,-3e-05,-2e-05,-2e-05,0
31544,-3e-05,-9e-05,-0.00011,0.00011,-2e-05,-3e-05,-2e-05,-2e-05,0
31545,-3e-05,-9e-05,-0.00011,0.00011,-2e-05,-3e-05,-2e-05,-2e-05,0
31546,-3e-05,-9e-05,-0.00011,0.00011,-2e-05,-3e-05,-2e-05,-2e-05,0
31547,-3e-05,-9e-05,-0.00011,0.00011,-2e-05,-3e-05,-2e-05,-2e-05,0
31548,-3e-05,-9e-05,-0.00011,0.00011,-2e-05,-3e-05,-2e-05,-2e-05,0
31549,-3e-05,-9e-05,-0.00011,0.00011,-2e-05,-3e-05,-2e-05,-2e-05,0
31550,-3e-05,-9e-05,-0.00011,0.00011,-2e-05,-3e-05,-2e-05,-2e-05,0
31551,-3e-05,-9e-05,-0.00011,0.00011,-2e-05,-3e-05,-2e-05,-2e-05,0
31552,-3e-05,-9e-05,-0.00011,0.00011,-2e-05,-3e-05,-2e-05,-2e-05,0
31554,-3e-05,-9e-05,-0.00011,0.00011,-2e-05,-3e-05,-2e-05,-2e-05,0
31555,-1e-05,0.0,-4e-05,3e-05,-3e-05,0.0,-1e-05,-3e-05,0
31556,0.0,2e-05,6e-05,-7e-05,-3e-05,0.0,0.0,-1e-05,0
31557,-1e-05,-1e-05,-3e-05,-4e-05,-3e-05,-2e-05,-1e-05,1e-05,0
31558,-1e-05,-1e-05,-3e-05,-4e-05,-3e-05,-2e-05,-1e-05,1e-05,0
31559,-1e-05,-1e-05,-3e-05,-4e-05,-3e-05,-2e-05,-1e-05,1e-05,0
31560,-1e-05,-1e-05,-3e-05,-4e-05,-3e-05,-2e-05,-1e-05,1e-05,0
31561,-1e-05,-1e-05,-3e-05,-4e-05,-3e-05,-2e-05,-1e-05,1e-05,0
31562,-1e-05,-1e-05,-3e-05,-4e-05,-3e-05,-2e-05,-1e-05,1e-05,0
31563,-1e-05,-1e-05,-3e-05,-4e-05,-3e-05,-2e-05,-1e-05,1e-05,0
31564,-1e-05,-1e-05,-3e-05,-4e-05,-3e-05,-2e-05,-1e-05,1e-05,0
31565,-1e-05,-1e-05,-3e-05,-4e-05,-3e-05,-2e-05,-1e-05,1e-05,0
31566,-1e-05,-1e-05,-3e-05,-4e-05,-3e-05,-2e-05,-1e-05,1e-05,0
31567,-1e-05,-1e-05,-3e-05,-4e-05,-3e-05,-2e-05,-1e-05,1e-05,0
31568,-1e-05,-1e-05,-3e-05,-4e-05,-3e-05,-2e-05,-1e-05,1e-05,0
31569,1e-05,-4e-05,0.0,-8e-05,-3e-05,-3e-05,-1e-05,1e-05,0
31570,1e-05,-4e-05,0.0,-8e-05,-3e-05,-3e-05,-1e-05,1e-05,0
31571,1e-05,-4e-05,0.0,-8e-05,-3e-05,-3e-05,-1e-05,1e-05,0
31572,1e-05,-4e-05,0.0,-8e-05,-3e-05,-3e-05,-1e-05,1e-05,0
31573,1e-05,-4e-05,0.0,-8e-05,-3e-05,-3e-05,-1e-05,1e-05,0
31574,1e-05,-4e-05,0.0,-8e-05,-3e-05,-3e-05,-1e-05,1e-05,0
31575,1e-05,-4e-05,0.0,-8e-05,-3e-05,-3e-05,-1e-05,1e-05,0
31576,1e-05,-4e-05,0.0,-8e-05,-3e-05,-3e-05,-1e-05,1e-05,0
31577,1e-05,-4e-05,0.0,-8e-05,-3e-05,-3e-05,-1e-05,1e-05,0
31578,-1e-05,2e-05,2e-05,2e-05,2e-05,1e-05,1e-05,-2e-05,0
31579,-1e-05,2e-05,2e-05,2e-05,2e-05,1e-05,1e-05,-2e-05,0
31580,-1e-05,2e-05,2e-05,2e-05,2e-05,1e-05,1e-05,-2e-05,0
31581,-1e-05,2e-05,2e-05,2e-05,2e-05,1e-05,1e-05,-2e-05,0
31582,-1e-05,2e-05,2e-05,2e-05,2e-05,1e-05,1e-05,-2e-05,0
31583,-1e-05,2e-05,2e-05,2e-05,2e-05,1e-05,1e-05,-2e-05,0
31584,-1e-05,2e-05,2e-05,2e-05,2e-05,1e-05,1e-05,-2e-05,0
31585,-1e-05,2e-05,2e-05,2e-05,2e-05,1e-05,1e-05,-2e-05,0
31586,-1e-05,2e-05,2e-05,2e-05,2e-05,1e-05,1e-05,-2e-05,0
31588,-1e-05,2e-05,2e-05,2e-05,2e-05,1e-05,1e-05,-2e-05,0
31589,-1e-05,2e-05,2e-05,2e-05,2e-05,1e-05,1e-05,-2e-05,0
31590,-1e-05,2e-05,2e-05,2e-05,2e-05,1e-05,1e-05,-2e-05,0
31591,-1e-05,2e-05,2e-05,2e-05,2e-05,1e-05,1e-05,-2e-05,0
31592,-1e-05,2e-05,2e-05,2e-05,2e-05,1e-05,1e-05,-2e-05,0
31593,-3e-05,-2e-05,-5e-05,3e-05,-3e-05,-5e-05,-1e-05,-2e-05,0
31594,0.0,-4e-05,-4e-05,-8e-05,-1e-05,0.0,-1e-05,-1e-05,0
31595,1e-05,1e-05,6e-05,0.0002,5e-05,2e-05,0.0,-2e-05,0
31596,1e-05,1e-05,6e-05,0.0002,5e-05,2e-05,0.0,-2e-05,0
31597,1e-05,1e-05,6e-05,0.0002,5e-05,2e-05,0.0,-2e-05,0
31598,1e-05,1e-05,6e-05,0.0002,5e-05,2e-05,0.0,-2e-05,0
31599,1e-05,1e-05,6e-05,0.0002,5e-05,2e-05,0.0,-2e-05,0
31600,1e-05,1e-05,6e-05,0.0002,5e-05,2e-05,0.0,-2e-05,0
31601,1e-05,1e-05,6e-05,0.0002,5e-05,2e-05,0.0,-2e-05,0
31602,1e-05,1e-05,6e-05,0.0002,5e-05,2e-05,0.0,-2e-05,0
31604,1e-05,1e-05,6e-05,0.0002,5e-05,2e-05,0.0,-2e-05,0
31605,1e-05,1e-05,6e-05,0.0002,5e-05,2e-05,0.0,-2e-05,0
31606,1e-05,1e-05,6e-05,0.0002,5e-05,2e-05,0.0,-2e-05,0
31607,1e-05,1e-05,6e-05,0.0002,5e-05,2e-05,0.0,-2e-05,0
31608,1e-05,1e-05,6e-05,0.0002,5e-05,2e-05,0.0,-2e-05,0
31609,1e-05,1e-05,6e-05,0.0002,5e-05,2e-05,0.0,-2e-05,0
31610,1e-05,1e-05,6e-05,0.0002,5e-05,2e-05,0.0,-2e-05,0
31611,1e-05,1e-05,6e-05,0.0002,5e-05,2e-05,0.0,-2e-05,0
31612,1e-05,1e-05,6e-05,0.0002,5e-05,2e-05,0.0,-2e-05,0
31613,1e-05,1e-05,6e-05,0.0002,5e-05,2e-05,0.0,-2e-05,0
31614,1e-05,1e-05,6e-05,0.0002,5e-05,2e-05,0.0,-2e-05,0
31615,1e-05,1e-05,6e-05,0.0002,5e-05,2e-05,0.0,-2e-05,0
31616,-3e-05,-2e-05,-3e-05,-2e-05,-3e-05,-7e-05,-2e-05,-3e-05,0
31617,-1e-05,0.0,0.0,-4e-05,-1e-05,-1e-05,-2e-05,0.0,0
31618,-1e-05,0.0,0.0,-4e-05,-1e-05,-1e-05,-2e-05,0.0,0
31619,-1e-05,0.0,0.0,-4e-05,-1e-05,-1e-05,-2e-05,0.0,0
31620,-1e-05,0.0,0.0,-4e-05,-1e-05,-1e-05,-2e-05,0.0,0
31621,-1e-05,0.0,0.0,-4e-05,-1e-05,-1e-05,-2e-05,0.0,0
31622,-1e-05,0.0,0.0,-4e-05,-1e-05,-1e-05,-2e-05,0.0,0
31623,-1e-05,0.0,0.0,-4e-05,-1e-05,-1e-05,-2e-05,0.0,0
31624,-1e-05,0.0,0.0,-4e-05,-1e-05,-1e-05,-2e-05,0.0,0
31625,-1e-05,0.0,0.0,-4e-05,-1e-05,-1e-05,-2e-05,0.0,0
31626,-1e-05,0.0,0.0,-4e-05,-1e-05,-1e-05,-2e-05,0.0,0
31627,-1e-05,0.0,0.0,-4e-05,-1e-05,-1e-05,-2e-05,0.0,0
31628,-1e-05,0.0,0.0,-4e-05,-1e-05,-1e-05,-2e-05,0.0,0
31629,-3e-05,-5e-05,-0.0001,2e-05,-2e-05,-2e-05,0.0,0.0,0
31630,-3e-05,-5e-05,-0.0001,2e-05,-2e-05,-2e-05,0.0,0.0,0
31631,-3e-05,-5e-05,-0.0001,2e-05,-2e-05,-2e-05,0.0,0.0,0
31632,-3e-05,-5e-05,-0.0001,2e-05,-2e-05,-2e-05,0.0,0.0,0
31633,-3e-05,-5e-05,-0.0001,2e-05,-2e-05,-2e-05,0.0,0.0,0
31634,-3e-05,-5e-05,-0.0001,2e-05,-2e-05,-2e-05,0.0,0.0,0
31635,-3e-05,-5e-05,-0.0001,2e-05,-2e-05,-2e-05,0.0,0.0,0
31636,-3e-05,-5e-05,-0.0001,2e-05,-2e-05,-2e-05,0.0,0.0,0
31639,1e-05,3e-05,1e-05,-2e-05,-3e-05,2e-05,-1e-05,1e-05,0
31640,1e-05,3e-05,1e-05,-2e-05,-3e-05,2e-05,-1e-05,1e-05,0
31641,1e-05,3e-05,1e-05,-2e-05,-3e-05,2e-05,-1e-05,1e-05,0
31642,1e-05,3e-05,1e-05,-2e-05,-3e-05,2e-05,-1e-05,1e-05,0
31643,1e-05,3e-05,1e-05,-2e-05,-3e-05,2e-05,-1e-05,1e-05,0
31644,1e-05,3e-05,1e-05,-2e-05,-3e-05,2e-05,-1e-05,1e-05,0
31645,1e-05,3e-05,1e-05,-2e-05,-3e-05,2e-05,-1e-05,1e-05,0
31646,1e-05,3e-05,1e-05,-2e-05,-3e-05,2e-05,-1e-05,1e-05,0
31647,1e-05,3e-05,1e-05,-2e-05,-3e-05,2e-05,-1e-05,1e-05,0
31648,1e-05,3e-05,1e-05,-2e-05,-3e-05,2e-05,-1e-05,1e-05,0
31649,1e-05,3e-05,1e-05,-2e-05,-3e-05,2e-05,-1e-05,1e-05,0
31650,1e-05,3e-05,1e-05,-2e-05,-3e-05,2e-05,-1e-05,1e-05,0
31651,1e-05,3e-05,1e-05,-2e-05,-3e-05,2e-05,-1e-05,1e-05,0
31652,1e-05,3e-05,1e-05,-2e-05,-3e-05,2e-05,-1e-05,1e-05,0
31654,-1e-05,1e-05,4e-05,-0.00015,0.0,0.0,0.0,0.0,0
31655,-4e-05,-6e-05,-2e-05,0.00024,-1e-05,1e-05,0.0,-2e-05,0
31656,-4e-05,-6e-05,-2e-05,0.00024,-1e-05,1e-05,0.0,-2e-05,0
31657,-4e-05,-6e-05,-2e-05,0.00024,-1e-05,1e-05,0.0,-2e-05,0
31658,-4e-05,-6e-05,-2e-05,0.00024,-1e-05,1e-05,0.0,-2e-05,0
31659,-4e-05,-6e-05,-2e-05,0.00024,-1e-05,1e-05,0.0,-2e-05,0
31660,-4e-05,-6e-05,-2e-05,0.00024,-1e-05,1e-05,0.0,-2e-05,0
31661,-4e-05,-6e-05,-2e-05,0.00024,-1e-05,1e-05,0.0,-2e-05,0
31662,-4e-05,-6e-05,-2e-05,0.00024,-1e-05,1e-05,0.0,-2e-05,0
31663,-4e-05,-6e-05,-2e-05,0.00024,-1e-05,1e-05,0.0,-2e-05,0
31664,-4e-05,-6e-05,-2e-05,0.00024,-1e-05,1e-05,0.0,-2e-05,0
31665,-4e-05,-6e-05,-2e-05,0.00024,-1e-05,1e-05,0.0,-2e-05,0
31666,-4e-05,-6e-05,-2e-05,0.00024,-1e-05,1e-05,0.0,-2e-05,0
31667,-4e-05,-6e-05,-2e-05,0.00024,-1e-05,1e-05,0.0,-2e-05,0
31668,-4e-05,-6e-05,-2e-05,0.00024,-1e-05,1e-05,0.0,-2e-05,0
31669,-4e-05,-6e-05,-2e-05,0.00024,-1e-05,1e-05,0.0,-2e-05,0
31670,-4e-05,-6e-05,-2e-05,0.00024,-1e-05,1e-05,0.0,-2e-05,0
31671,-4e-05,-6e-05,-2e-05,0.00024,-1e-05,1e-05,0.0,-2e-05,0
31672,-4e-05,-6e-05,-2e-05,0.00024,-1e-05,1e-05,0.0,-2e-05,0
31673,-4e-05,-6e-05,-2e-05,0.00024,-1e-05,1e-05,0.0,-2e-05,0
31674,-4e-05,-6e-05,-2e-05,0.00024,-1e-05,1e-05,0.0,-2e-05,0
31675,0.0,-2e-05,-1e-05,-6e-05,-2e-05,2e-05,1e-05,-2e-05,0
31676,0.0,-2e-05,-1e-05,-6e-05,-2e-05,2e-05,1e-05,-2e-05,0
31677,-4e-05,-4e-05,-8e-05,-0.00013,-2e-05,-4e-05,-2e-05,-1e-05,0
31678,-4e-05,-4e-05,-8e-05,-0.00013,-2e-05,-4e-05,-2e-05,-1e-05,0
31679,-4e-05,-4e-05,-8e-05,-0.00013,-2e-05,-4e-05,-2e-05,-1e-05,0
31680,-4e-05,-4e-05,-8e-05,-0.00013,-2e-05,-4e-05,-2e-05,-1e-05,0
31681,-4e-05,-4e-05,-8e-05,-0.00013,-2e-05,-4e-05,-2e-05,-1e-05,0
31682,-4e-05,-4e-05,-8e-05,-0.00013,-2e-05,-4e-05,-2e-05,-1e-05,0
31683,-4e-05,-4e-05,-8e-05,-0.00013,-2e-05,-4e-05,-2e-05,-1e-05,0
31684,-4e-05,-4e-05,-8e-05,-0.00013,-2e-05,-4e-05,-2e-05,-1e-05,0
31685,-4e-05,-4e-05,-8e-05,-0.00013,-2e-05,-4e-05,-2e-05,-1e-05,0
31686,-4e-05,-4e-05,-8e-05,-0.00013,-2e-05,-4e-05,-2e-05,-1e-05,0
31688,-4e-05,-4e-05,-8e-05,-0.00013,-2e-05,-4e-05,-2e-05,-1e-05,0
31689,-3e-05,0.0,-2e-05,0.0,-8e-05,-3e-05,-1e-05,-1e-05,0
31690,-3e-05,0.0,-2e-05,0.0,-8e-05,-3e-05,-1e-05,-1e-05,0
31691,-3e-05,0.0,-2e-05,0.0,-8e-05,-3e-05,-1e-05,-1e-05,0
31692,-3e-05,0.0,-2e-05,0.0,-8e-05,-3e-05,-1e-05,-1e-05,0
31693,-3e-05,0.0,-2e-05,0.0,-8e-05,-3e-05,-1e-05,-1e-05,0
31694,-3e-05,0.0,-2e-05,0.0,-8e-05,-3e-05,-1e-05,-1e-05,0
31695,-3e-05,0.0,-2e-05,0.0,-8e-05,-3e-05,-1e-05,-1e-05,0
31696,-3e-05,0.0,-2e-05,0.0,-8e-05,-3e-05,-1e-05,-1e-05,0
31697,-3e-05,0.0,-2e-05,0.0,-8e-05,-3e-05,-1e-05,-1e-05,0
31698,-3e-05,0.0,-2e-05,0.0,-8e-05,-3e-05,-1e-05,-1e-05,0
31700,-3e-05,0.0,-2e-05,0.0,-8e-05,-3e-05,-1e-05,-1e-05,0
31701,-3e-05,0.0,-2e-05,0.0,-8e-05,-3e-05,-1e-05,-1e-05,0
31702,-3e-05,0.0,-2e-05,0.0,-8e-05,-3e-05,-1e-05,-1e-05,0
31704,1e-05,-2e-05,-2e-05,-0.00012,-3e-05,0.0,-1e-05,0.0,0
31705,1e-05,-2e-05,-2e-05,-0.00012,-3e-05,0.0,-1e-05,0.0,0
31706,1e-05,-2e-05,-2e-05,-0.00012,-3e-05,0.0,-1e-05,0.0,0
31707,1e-05,-2e-05,-2e-05,-0.00012,-3e-05,0.0,-1e-05,0.0,0
31708,1e-05,-2e-05,-2e-05,-0.00012,-3e-05,0.0,-1e-05,0.0,0
31709,1e-05,-2e-05,-2e-05,-0.00012,-3e-05,0.0,-1e-05,0.0,0
31710,1e-05,-2e-05,-2e-05,-0.00012,-3e-05,0.0,-1e-05,0.0,0
31711,1e-05,-2e-05,-2e-05,-0.00012,-3e-05,0.0,-1e-05,0.0,0
31712,1e-05,-2e-05,-2e-05,-0.00012,-3e-05,0.0,-1e-05,0.0,0
31713,0.0,-1e-05,-3e-05,-0.00016,0.0,-4e-05,-2e-05,-1e-05,0
31714,-1e-05,2e-05,6e-05,0.00024,1e-05,1e-05,-3e-05,0.0,0
31715,-1e-05,1e-05,2e-05,-3e-05,-1e-05,0.0,-1e-05,-1e-05,0
31716,-1e-05,1e-05,2e-05,-3e-05,-1e-05,0.0,-1e-05,-1e-05,0
31717,-1e-05,1e-05,2e-05,-3e-05,-1e-05,0.0,-1e-05,-1e-05,0
31718,-1e-05,1e-05,2e-05,-3e-05,-1e-05,0.0,-1e-05,-1e-05,0
31719,-1e-05,1e-05,2e-05,-3e-05,-1e-05,0.0,-1e-05,-1e-05,0
31720,-1e-05,1e-05,2e-05,-3e-05,-1e-05,0.0,-1e-05,-1e-05,0
31721,-1e-05,1e-05,2e-05,-3e-05,-1e-05,0.0,-1e-05,-1e-05,0
31722,-1e-05,1e-05,2e-05,-3e-05,-1e-05,0.0,-1e-05,-1e-05,0
31723,-1e-05,1e-05,2e-05,-3e-05,-1e-05,0.0,-1e-05,-1e-05,0
31724,-1e-05,1e-05,2e-05,-3e-05,-1e-05,0.0,-1e-05,-1e-05,0
31725,-1e-05,1e-05,2e-05,-3e-05,-1e-05,0.0,-1e-05,-1e-05,0
31726,-1e-05,1e-05,2e-05,-3e-05,-1e-05,0.0,-1e-05,-1e-05,0
31727,-1e-05,1e-05,2e-05,-3e-05,-1e-05,0.0,-1e-05,-1e-05,0
31728,-1e-05,1e-05,2e-05,-3e-05,-1e-05,0.0,-1e-05,-1e-05,0
31729,-1e-05,1e-05,2e-05,-3e-05,-1e-05,0.0,-1e-05,-1e-05,0
31730,-1e-05,1e-05,2e-05,-3e-05,-1e-05,0.0,-1e-05,-1e-05,0
31731,-1e-05,1e-05,2e-05,-3e-05,-1e-05,0.0,-1e-05,-1e-05,0
31732,-1e-05,1e-05,2e-05,-3e-05,-1e-05,0.0,-1e-05,-1e-05,0
31733,-1e-05,1e-05,2e-05,-3e-05,-1e-05,0.0,-1e-05,-1e-05,0
31734,-1e-05,1e-05,2e-05,-3e-05,-1e-05,0.0,-1e-05,-1e-05,0
31735,0.0,0.0,0.0,4e-05,1e-05,-3e-05,1e-05,1e-05,0
31736,0.0,0.0,0.0,4e-05,1e-05,-3e-05,1e-05,1e-05,0
31738,-1e-05,-2e-05,1e-05,-2e-05,1e-05,-1e-05,0.0,0.0,0
31739,-1e-05,-2e-05,1e-05,-2e-05,1e-05,-1e-05,0.0,0.0,0
31740,-1e-05,-2e-05,1e-05,-2e-05,1e-05,-1e-05,0.0,0.0,0
31741,-1e-05,-2e-05,1e-05,-2e-05,1e-05,-1e-05,0.0,0.0,0
31742,-1e-05,-2e-05,1e-05,-2e-05,1e-05,-1e-05,0.0,0.0,0
31743,-1e-05,-2e-05,1e-05,-2e-05,1e-05,-1e-05,0.0,0.0,0
31744,-1e-05,-2e-05,1e-05,-2e-05,1e-05,-1e-05,0.0,0.0,0
31745,-1e-05,-2e-05,1e-05,-2e-05,1e-05,-1e-05,0.0,0.0,0
31746,-1e-05,-2e-05,1e-05,-2e-05,1e-05,-1e-05,0.0,0.0,0
31747,-1e-05,-2e-05,1e-05,-2e-05,1e-05,-1e-05,0.0,0.0,0
31748,-1e-05,-2e-05,1e-05,-2e-05,1e-05,-1e-05,0.0,0.0,0
31749,-2e-05,-4e-05,-6e-05,-9e-05,-2e-05,-1e-05,0.0,-1e-05,0
31750,-2e-05,-4e-05,-6e-05,-9e-05,-2e-05,-1e-05,0.0,-1e-05,0
31751,-2e-05,-4e-05,-6e-05,-9e-05,-2e-05,-1e-05,0.0,-1e-05,0
31752,-2e-05,-4e-05,-6e-05,-9e-05,-2e-05,-1e-05,0.0,-1e-05,0
31754,-2e-05,-4e-05,-6e-05,-9e-05,-2e-05,-1e-05,0.0,-1e-05,0
31755,-2e-05,-4e-05,-6e-05,-9e-05,-2e-05,-1e-05,0.0,-1e-05,0
31756,-2e-05,-4e-05,-6e-05,-9e-05,-2e-05,-1e-05,0.0,-1e-05,0
31757,-2e-05,-4e-05,-6e-05,-9e-05,-2e-05,-1e-05,0.0,-1e-05,0
31758,1e-05,1e-05,4e-05,1e-05,-2e-05,-2e-05,-2e-05,-1e-05,0
31759,1e-05,1e-05,4e-05,1e-05,-2e-05,-2e-05,-2e-05,-1e-05,0
31760,1e-05,1e-05,4e-05,1e-05,-2e-05,-2e-05,-2e-05,-1e-05,0
31761,1e-05,1e-05,4e-05,1e-05,-2e-05,-2e-05,-2e-05,-1e-05,0
31762,1e-05,1e-05,4e-05,1e-05,-2e-05,-2e-05,-2e-05,-1e-05,0
31763,1e-05,1e-05,4e-05,1e-05,-2e-05,-2e-05,-2e-05,-1e-05,0
31764,1e-05,1e-05,4e-05,1e-05,-2e-05,-2e-05,-2e-05,-1e-05,0
31765,1e-05,1e-05,4e-05,1e-05,-2e-05,-2e-05,-2e-05,-1e-05,0
31766,1e-05,1e-05,4e-05,1e-05,-2e-05,-2e-05,-2e-05,-1e-05,0
31767,1e-05,1e-05,4e-05,1e-05,-2e-05,-2e-05,-2e-05,-1e-05,0
31768,1e-05,1e-05,4e-05,1e-05,-2e-05,-2e-05,-2e-05,-1e-05,0
31769,1e-05,1e-05,4e-05,1e-05,-2e-05,-2e-05,-2e-05,-1e-05,0
31770,1e-05,1e-05,4e-05,1e-05,-2e-05,-2e-05,-2e-05,-1e-05,0
31771,1e-05,1e-05,4e-05,1e-05,-2e-05,-2e-05,-2e-05,-1e-05,0
31772,1e-05,1e-05,4e-05,1e-05,-2e-05,-2e-05,-2e-05,-1e-05,0
31773,-1e-05,-1e-05,-1e-05,1e-05,2e-05,1e-05,-1e-05,0.0,0
31774,-1e-05,-2e-05,-3e-05,-0.00011,0.0,-2e-05,0.0,-1e-05,0
31775,-3e-05,-3e-05,-7e-05,8e-05,-1e-05,-2e-05,-1e-05,-1e-05,0
31776,-3e-05,-3e-05,-7e-05,8e-05,-1e-05,-2e-05,-1e-05,-1e-05,0
31777,-3e-05,-3e-05,-7e-05,8e-05,-1e-05,-2e-05,-1e-05,-1e-05,0
31778,-3e-05,-3e-05,-7e-05,8e-05,-1e-05,-2e-05,-1e-05,-1e-05,0
31779,-3e-05,-3e-05,-7e-05,8e-05,-1e-05,-2e-05,-1e-05,-1e-05,0
31780,-3e-05,-3e-05,-7e-05,8e-05,-1e-05,-2e-05,-1e-05,-1e-05,0
31781,-3e-05,-3e-05,-7e-05,8e-05,-1e-05,-2e-05,-1e-05,-1e-05,0
31782,-3e-05,-3e-05,-7e-05,8e-05,-1e-05,-2e-05,-1e-05,-1e-05,0
31783,-3e-05,-3e-05,-7e-05,8e-05,-1e-05,-2e-05,-1e-05,-1e-05,0
31784,-3e-05,-3e-05,-7e-05,8e-05,-1e-05,-2e-05,-1e-05,-1e-05,0
31785,-3e-05,-3e-05,-7e-05,8e-05,-1e-05,-2e-05,-1e-05,-1e-05,0
31786,-3e-05,-3e-05,-7e-05,8e-05,-1e-05,-2e-05,-1e-05,-1e-05,0
31788,-3e-05,-3e-05,-7e-05,8e-05,-1e-05,-2e-05,-1e-05,-1e-05,0
31789,-3e-05,-3e-05,-7e-05,8e-05,-1e-05,-2e-05,-1e-05,-1e-05,0
31790,-3e-05,-3e-05,-7e-05,8e-05,-1e-05,-2e-05,-1e-05,-1e-05,0
31791,-3e-05,-3e-05,-7e-05,8e-05,-1e-05,-2e-05,-1e-05,-1e-05,0
31792,-3e-05,-3e-05,-7e-05,8e-05,-1e-05,-2e-05,-1e-05,-1e-05,0
31793,-3e-05,-3e-05,-7e-05,8e-05,-1e-05,-2e-05,-1e-05,-1e-05,0
31794,-3e-05,-3e-05,-7e-05,8e-05,-1e-05,-2e-05,-1e-05,-1e-05,0
31795,-1e-05,-1e-05,3e-05,1e-05,1e-05,1e-05,-1e-05,-3e-05,0
31796,-1e-05,-1e-05,3e-05,1e-05,1e-05,1e-05,-1e-05,-3e-05,0
31797,-1e-05,-1e-05,-1e-05,-6e-05,-2e-05,0.0,-1e-05,0.0,0
31798,-1e-05,-1e-05,-1e-05,-6e-05,-2e-05,0.0,-1e-05,0.0,0
31799,-1e-05,-1e-05,-1e-05,-6e-05,-2e-05,0.0,-1e-05,0.0,0
31800,-1e-05,-1e-05,-1e-05,-6e-05,-2e-05,0.0,-1e-05,0.0,0
31801,-1e-05,-1e-05,-1e-05,-6e-05,-2e-05,0.0,-1e-05,0.0,0
31802,-1e-05,-1e-05,-1e-05,-6e-05,-2e-05,0.0,-1e-05,0.0,0
31803,-1e-05,-1e-05,-1e-05,-6e-05,-2e-05,0.0,-1e-05,0.0,0
31804,-1e-05,-1e-05,-1e-05,-6e-05,-2e-05,0.0,-1e-05,0.0,0
31805,-1e-05,-1e-05,-1e-05,-6e-05,-2e-05,0.0,-1e-05,0.0,0
31806,-1e-05,-1e-05,-1e-05,-6e-05,-2e-05,0.0,-1e-05,0.0,0
31807,-1e-05,-1e-05,-1e-05,-6e-05,-2e-05,0.0,-1e-05,0.0,0
31808,-1e-05,-1e-05,-1e-05,-6e-05,-2e-05,0.0,-1e-05,0.0,0
31809,-1e-05,-1e-05,-1e-05,-6e-05,-2e-05,0.0,-1e-05,0.0,0
31810,-1e-05,-1e-05,-1e-05,-6e-05,-2e-05,0.0,-1e-05,0.0,0
31811,-1e-05,-1e-05,-1e-05,-6e-05,-2e-05,0.0,-1e-05,0.0,0
31812,-1e-05,-1e-05,-1e-05,-6e-05,-2e-05,0.0,-1e-05,0.0,0
31813,-1e-05,-1e-05,-1e-05,-6e-05,-2e-05,0.0,-1e-05,0.0,0
31814,-1e-05,-1e-05,-1e-05,-6e-05,-2e-05,0.0,-1e-05,0.0,0
31815,-1e-05,-1e-05,-1e-05,-6e-05,-2e-05,0.0,-1e-05,0.0,0
31816,-1e-05,-1e-05,-1e-05,-6e-05,-2e-05,0.0,-1e-05,0.0,0
31817,-2e-05,-1e-05,-3e-05,-1e-05,2e-05,-1e-05,-1e-05,-2e-05,0
31818,-2e-05,-1e-05,-3e-05,-1e-05,2e-05,-1e-05,-1e-05,-2e-05,0
31819,-2e-05,-1e-05,-3e-05,-1e-05,2e-05,-1e-05,-1e-05,-2e-05,0
31820,-2e-05,-1e-05,-3e-05,-1e-05,2e-05,-1e-05,-1e-05,-2e-05,0
31821,-2e-05,-1e-05,-3e-05,-1e-05,2e-05,-1e-05,-1e-05,-2e-05,0
31822,-2e-05,-1e-05,-3e-05,-1e-05,2e-05,-1e-05,-1e-05,-2e-05,0
31823,-2e-05,-1e-05,-3e-05,-1e-05,2e-05,-1e-05,-1e-05,-2e-05,0
31824,-2e-05,-1e-05,-3e-05,-1e-05,2e-05,-1e-05,-1e-05,-2e-05,0
31825,0.0,-2e-05,1e-05,-3e-05,-1e-05,0.0,-1e-05,0.0,0
31826,-1e-05,-2e-05,3e-05,-9e-05,-1e-05,0.0,-1e-05,-1e-05,0
31827,-1e-05,-2e-05,3e-05,-9e-05,-1e-05,0.0,-1e-05,-1e-05,0
31828,-1e-05,-2e-05,3e-05,-9e-05,-1e-05,0.0,-1e-05,-1e-05,0
31829,-1e-05,-2e-05,3e-05,-9e-05,-1e-05,0.0,-1e-05,-1e-05,0
31830,-1e-05,-2e-05,3e-05,-9e-05,-1e-05,0.0,-1e-05,-1e-05,0
31831,-1e-05,-2e-05,3e-05,-9e-05,-1e-05,0.0,-1e-05,-1e-05,0
31832,-1e-05,-2e-05,3e-05,-9e-05,-1e-05,0.0,-1e-05,-1e-05,0
31833,-2e-05,-3e-05,3e-05,0.00027,5e-05,0.0,-1e-05,0.0,0
31834,-1e-05,-1e-05,-1e-05,-0.00025,-6e-05,-1e-05,0.0,-2e-05,0
31835,-1e-05,-3e-05,-6e-05,0.00012,-2e-05,-1e-05,-1e-05,0.0,0
31836,-1e-05,-3e-05,-6e-05,0.00012,-2e-05,-1e-05,-1e-05,0.0,0
31838,-1e-05,-3e-05,-6e-05,0.00012,-2e-05,-1e-05,-1e-05,0.0,0
31839,-1e-05,-3e-05,-6e-05,0.00012,-2e-05,-1e-05,-1e-05,0.0,0
31840,-1e-05,-3e-05,-6e-05,0.00012,-2e-05,-1e-05,-1e-05,0.0,0
31841,-1e-05,-3e-05,-6e-05,0.00012,-2e-05,-1e-05,-1e-05,0.0,0
31842,-1e-05,-3e-05,-6e-05,0.00012,-2e-05,-1e-05,-1e-05,0.0,0
31843,-1e-05,-3e-05,-6e-05,0.00012,-2e-05,-1e-05,-1e-05,0.0,0
31844,-1e-05,-3e-05,-6e-05,0.00012,-2e-05,-1e-05,-1e-05,0.0,0
31845,-1e-05,-3e-05,-6e-05,0.00012,-2e-05,-1e-05,-1e-05,0.0,0
31846,-1e-05,-3e-05,-6e-05,0.00012,-2e-05,-1e-05,-1e-05,0.0,0
31847,-1e-05,-3e-05,-6e-05,0.00012,-2e-05,-1e-05,-1e-05,0.0,0
31848,-1e-05,-3e-05,-6e-05,0.00012,-2e-05,-1e-05,-1e-05,0.0,0
31849,-1e-05,-3e-05,-6e-05,0.00012,-2e-05,-1e-05,-1e-05,0.0,0
31850,-1e-05,-3e-05,-6e-05,0.00012,-2e-05,-1e-05,-1e-05,0.0,0
31851,-1e-05,-3e-05,-6e-05,0.00012,-2e-05,-1e-05,-1e-05,0.0,0
31852,-1e-05,-3e-05,-6e-05,0.00012,-2e-05,-1e-05,-1e-05,0.0,0
31853,-1e-05,-3e-05,-6e-05,0.00012,-2e-05,-1e-05,-1e-05,0.0,0
31854,-1e-05,-3e-05,-6e-05,0.00012,-2e-05,-1e-05,-1e-05,0.0,0
31855,1e-05,0.0,0.0,-0.00011,0.0,0.0,-1e-05,1e-05,0
31856,1e-05,0.0,0.0,-0.00011,0.0,0.0,-1e-05,1e-05,0
31857,-1e-05,-1e-05,-5e-05,-0.00011,0.0,0.0,-1e-05,-1e-05,0
31858,-1e-05,-1e-05,-5e-05,-0.00011,0.0,0.0,-1e-05,-1e-05,0
31859,-1e-05,-1e-05,-5e-05,-0.00011,0.0,0.0,-1e-05,-1e-05,0
31860,-1e-05,-1e-05,-5e-05,-0.00011,0.0,0.0,-1e-05,-1e-05,0
31861,-1e-05,-1e-05,-5e-05,-0.00011,0.0,0.0,-1e-05,-1e-05,0
31862,-1e-05,-1e-05,-5e-05,-0.00011,0.0,0.0,-1e-05,-1e-05,0
31863,-1e-05,-1e-05,-5e-05,-0.00011,0.0,0.0,-1e-05,-1e-05,0
31864,-1e-05,-1e-05,-5e-05,-0.00011,0.0,0.0,-1e-05,-1e-05,0
31865,-1e-05,-1e-05,-5e-05,-0.00011,0.0,0.0,-1e-05,-1e-05,0
31866,-1e-05,-1e-05,-5e-05,-0.00011,0.0,0.0,-1e-05,-1e-05,0
31867,-1e-05,-1e-05,-5e-05,-0.00011,0.0,0.0,-1e-05,-1e-05,0
31868,-1e-05,-1e-05,-5e-05,-0.00011,0.0,0.0,-1e-05,-1e-05,0
31869,-1e-05,-1e-05,-5e-05,-0.00011,0.0,0.0,-1e-05,-1e-05,0
31870,-1e-05,-1e-05,-5e-05,-0.00011,0.0,0.0,-1e-05,-1e-05,0
31871,-1e-05,-1e-05,-5e-05,-0.00011,0.0,0.0,-1e-05,-1e-05,0
31872,-1e-05,-1e-05,-5e-05,-0.00011,0.0,0.0,-1e-05,-1e-05,0
31873,-1e-05,-1e-05,-5e-05,-0.00011,0.0,0.0,-1e-05,-1e-05,0
31874,-1e-05,-1e-05,-5e-05,-0.00011,0.0,0.0,-1e-05,-1e-05,0
31875,-1e-05,-1e-05,-5e-05,-0.00011,0.0,0.0,-1e-05,-1e-05,0
31876,-1e-05,-1e-05,-5e-05,-0.00011,0.0,0.0,-1e-05,-1e-05,0
31877,-1e-05,-1e-05,-5e-05,-0.00011,0.0,0.0,-1e-05,-1e-05,0
31878,-3e-05,-4e-05,-0.0001,-5e-05,-3e-05,-2e-05,-3e-05,0.0,0
31879,-1e-05,1e-05,2e-05,0.00013,1e-05,0.0,0.0,-1e-05,0
31880,-1e-05,-1e-05,-3e-05,-0.00011,0.0,-1e-05,0.0,-2e-05,0
31881,-1e-05,-1e-05,-3e-05,-0.00011,0.0,-1e-05,0.0,-2e-05,0
31882,-1e-05,-1e-05,-3e-05,-0.00011,0.0,-1e-05,0.0,-2e-05,0
31883,-1e-05,-1e-05,-3e-05,-0.00011,0.0,-1e-05,0.0,-2e-05,0
31884,-1e-05,-1e-05,-3e-05,-0.00011,0.0,-1e-05,0.0,-2e-05,0
31885,-1e-05,-1e-05,-3e-05,-0.00011,0.0,-1e-05,0.0,-2e-05,0
31886,-1e-05,-1e-05,-3e-05,-0.00011,0.0,-1e-05,0.0,-2e-05,0
31888,-1e-05,-1e-05,-3e-05,-0.00011,0.0,-1e-05,0.0,-2e-05,0
31889,-1e-05,-1e-05,-3e-05,-0.00011,0.0,-1e-05,0.0,-2e-05,0
31890,-1e-05,-1e-05,-3e-05,-0.00011,0.0,-1e-05,0.0,-2e-05,0
31891,-1e-05,-1e-05,-3e-05,-0.00011,0.0,-1e-05,0.0,-2e-05,0
31892,-1e-05,-1e-05,-3e-05,-0.00011,0.0,-1e-05,0.0,-2e-05,0
31893,0.0,0.0,1e-05,-0.0001,-4e-05,-2e-05,-2e-05,-2e-05,0
31894,-3e-05,-2e-05,-3e-05,2e-05,-2e-05,-3e-05,0.0,-3e-05,0
31895,-2e-05,-1e-05,2e-05,2e-05,-2e-05,-1e-05,-1e-05,-2e-05,0
31896,-2e-05,-1e-05,2e-05,2e-05,-2e-05,-1e-05,-1e-05,-2e-05,0
31897,-2e-05,-1e-05,2e-05,2e-05,-2e-05,-1e-05,-1e-05,-2e-05,0
31898,-2e-05,-1e-05,2e-05,2e-05,-2e-05,-1e-05,-1e-05,-2e-05,0
31899,-2e-05,-1e-05,2e-05,2e-05,-2e-05,-1e-05,-1e-05,-2e-05,0
31900,-2e-05,-1e-05,2e-05,2e-05,-2e-05,-1e-05,-1e-05,-2e-05,0
31901,-2e-05,-1e-05,2e-05,2e-05,-2e-05,-1e-05,-1e-05,-2e-05,0
31902,-2e-05,-1e-05,2e-05,2e-05,-2e-05,-1e-05,-1e-05,-2e-05,0
31903,-2e-05,-1e-05,2e-05,2e-05,-2e-05,-1e-05,-1e-05,-2e-05,0
31904,-2e-05,-1e-05,2e-05,2e-05,-2e-05,-1e-05,-1e-05,-2e-05,0
31905,-2e-05,-1e-05,2e-05,2e-05,-2e-05,-1e-05,-1e-05,-2e-05,0
31906,-2e-05,-1e-05,2e-05,2e-05,-2e-05,-1e-05,-1e-05,-2e-05,0
31907,-2e-05,-1e-05,2e-05,2e-05,-2e-05,-1e-05,-1e-05,-2e-05,0
31908,-2e-05,-1e-05,2e-05,2e-05,-2e-05,-1e-05,-1e-05,-2e-05,0
31909,-2e-05,-1e-05,2e-05,2e-05,-2e-05,-1e-05,-1e-05,-2e-05,0
31910,-2e-05,-1e-05,2e-05,2e-05,-2e-05,-1e-05,-1e-05,-2e-05,0
31911,-2e-05,-1e-05,2e-05,2e-05,-2e-05,-1e-05,-1e-05,-2e-05,0
31912,-2e-05,-1e-05,2e-05,2e-05,-2e-05,-1e-05,-1e-05,-2e-05,0
31913,-2e-05,-1e-05,2e-05,2e-05,-2e-05,-1e-05,-1e-05,-2e-05,0
31914,-2e-05,-1e-05,2e-05,2e-05,-2e-05,-1e-05,-1e-05,-2e-05,0
31915,-2e-05,-1e-05,2e-05,2e-05,-2e-05,-1e-05,-1e-05,-2e-05,0
31916,0.0,0.0,-3e-05,-9e-05,1e-05,1e-05,0.0,0.0,0
31917,-1e-05,1e-05,-1e-05,-2e-05,1e-05,-1e-05,-2e-05,-2e-05,0
31918,-1e-05,1e-05,-1e-05,-2e-05,1e-05,-1e-05,-2e-05,-2e-05,0
31919,-1e-05,1e-05,-1e-05,-2e-05,1e-05,-1e-05,-2e-05,-2e-05,0
31920,-1e-05,1e-05,-1e-05,-2e-05,1e-05,-1e-05,-2e-05,-2e-05,0
31921,-1e-05,1e-05,-1e-05,-2e-05,1e-05,-1e-05,-2e-05,-2e-05,0
31922,-1e-05,1e-05,-1e-05,-2e-05,1e-05,-1e-05,-2e-05,-2e-05,0
31923,-1e-05,1e-05,-1e-05,-2e-05,1e-05,-1e-05,-2e-05,-2e-05,0
31924,-1e-05,1e-05,-1e-05,-2e-05,1e-05,-1e-05,-2e-05,-2e-05,0
31925,-1e-05,1e-05,-1e-05,-2e-05,1e-05,-1e-05,-2e-05,-2e-05,0
31926,-1e-05,1e-05,-1e-05,-2e-05,1e-05,-1e-05,-2e-05,-2e-05,0
31927,-1e-05,1e-05,-1e-05,-2e-05,1e-05,-1e-05,-2e-05,-2e-05,0
31928,-1e-05,1e-05,-1e-05,-2e-05,1e-05,-1e-05,-2e-05,-2e-05,0
31929,-1e-05,1e-05,-1e-05,-2e-05,1e-05,-1e-05,-2e-05,-2e-05,0
31930,-1e-05,1e-05,-1e-05,-2e-05,1e-05,-1e-05,-2e-05,-2e-05,0
31931,-1e-05,1e-05,-1e-05,-2e-05,1e-05,-1e-05,-2e-05,-2e-05,0
31932,-1e-05,1e-05,-1e-05,-2e-05,1e-05,-1e-05,-2e-05,-2e-05,0
31933,-1e-05,1e-05,-1e-05,-2e-05,1e-05,-1e-05,-2e-05,-2e-05,0
31934,-1e-05,1e-05,-1e-05,-2e-05,1e-05,-1e-05,-2e-05,-2e-05,0
31935,-1e-05,1e-05,-1e-05,-2e-05,1e-05,-1e-05,-2e-05,-2e-05,0
31936,-1e-05,1e-05,-1e-05,-2e-05,1e-05,-1e-05,-2e-05,-2e-05,0
31938,-1e-05,1e-05,-1e-05,-2e-05,1e-05,-1e-05,-2e-05,-2e-05,0
31939,-1e-05,1e-05,-1e-05,-2e-05,1e-05,-1e-05,-2e-05,-2e-05,0
31940,-1e-05,1e-05,-1e-05,-2e-05,1e-05,-1e-05,-2e-05,-2e-05,0
31941,-1e-05,1e-05,-1e-05,-2e-05,1e-05,-1e-05,-2e-05,-2e-05,0
31942,-1e-05,1e-05,-1e-05,-2e-05,1e-05,-1e-05,-2e-05,-2e-05,0
31943,-1e-05,1e-05,-1e-05,-2e-05,1e-05,-1e-05,-2e-05,-2e-05,0
31944,-1e-05,1e-05,-1e-05,-2e-05,1e-05,-1e-05,-2e-05,-2e-05,0
31945,-2e-05,-2e-05,-5e-05,-9e-05,-5e-05,-2e-05,0.0,-2e-05,0
31946,-2e-05,-2e-05,-5e-05,-9e-05,-5e-05,-2e-05,0.0,-2e-05,0
31947,0.0,-4e-05,-1e-05,-2e-05,-1e-05,0.0,-1e-05,0.0,0
31948,0.0,-4e-05,-1e-05,-2e-05,-1e-05,0.0,-1e-05,0.0,0
31949,0.0,-4e-05,-1e-05,-2e-05,-1e-05,0.0,-1e-05,0.0,0
31950,0.0,-4e-05,-1e-05,-2e-05,-1e-05,0.0,-1e-05,0.0,0
31951,0.0,-4e-05,-1e-05,-2e-05,-1e-05,0.0,-1e-05,0.0,0
31952,3e-05,1e-05,1e-05,8e-05,0.0,-3e-05,1e-05,0.0,0
31953,3e-05,1e-05,1e-05,8e-05,0.0,-3e-05,1e-05,0.0,0
31954,3e-05,1e-05,1e-05,8e-05,0.0,-3e-05,1e-05,0.0,0
31955,3e-05,1e-05,1e-05,8e-05,0.0,-3e-05,1e-05,0.0,0
31956,3e-05,1e-05,1e-05,8e-05,0.0,-3e-05,1e-05,0.0,0
31957,3e-05,1e-05,1e-05,8e-05,0.0,-3e-05,1e-05,0.0,0
31958,3e-05,1e-05,1e-05,8e-05,0.0,-3e-05,1e-05,0.0,0
31959,3e-05,1e-05,1e-05,8e-05,0.0,-3e-05,1e-05,0.0,0
31960,3e-05,1e-05,1e-05,8e-05,0.0,-3e-05,1e-05,0.0,0
31961,3e-05,1e-05,1e-05,8e-05,0.0,-3e-05,1e-05,0.0,0
31962,3e-05,1e-05,1e-05,8e-05,0.0,-3e-05,1e-05,0.0,0
31963,3e-05,1e-05,1e-05,8e-05,0.0,-3e-05,1e-05,0.0,0
31964,3e-05,1e-05,1e-05,8e-05,0.0,-3e-05,1e-05,0.0,0
31965,3e-05,1e-05,1e-05,8e-05,0.0,-3e-05,1e-05,0.0,0
31966,3e-05,1e-05,1e-05,8e-05,0.0,-3e-05,1e-05,0.0,0
31967,0.0,-1e-05,0.0,-6e-05,-3e-05,-2e-05,0.0,-3e-05,0
31968,0.0,-1e-05,0.0,-6e-05,-3e-05,-2e-05,0.0,-3e-05,0
31969,0.0,-1e-05,0.0,-6e-05,-3e-05,-2e-05,0.0,-3e-05,0
31970,0.0,-1e-05,0.0,-6e-05,-3e-05,-2e-05,0.0,-3e-05,0
31971,0.0,-1e-05,0.0,-6e-05,-3e-05,-2e-05,0.0,-3e-05,0
31972,0.0,-1e-05,0.0,-6e-05,-3e-05,-2e-05,0.0,-3e-05,0
31973,0.0,-1e-05,0.0,-6e-05,-3e-05,-2e-05,0.0,-3e-05,0
31974,0.0,-1e-05,0.0,-6e-05,-3e-05,-2e-05,0.0,-3e-05,0
31975,-1e-05,-1e-05,-2e-05,1e-05,-4e-05,-3e-05,-1e-05,-2e-05,0
31976,-1e-05,-1e-05,-2e-05,1e-05,-4e-05,-3e-05,-1e-05,-2e-05,0
31977,-2e-05,-4e-05,-2e-05,2e-05,0.0,-1e-05,-1e-05,-1e-05,0
31978,-2e-05,-4e-05,-2e-05,2e-05,0.0,-1e-05,-1e-05,-1e-05,0
31979,-2e-05,-4e-05,-2e-05,2e-05,0.0,-1e-05,-1e-05,-1e-05,0
31980,-2e-05,-4e-05,-2e-05,2e-05,0.0,-1e-05,-1e-05,-1e-05,0
31981,-2e-05,-4e-05,-2e-05,2e-05,0.0,-1e-05,-1e-05,-1e-05,0
31982,-2e-05,-4e-05,-2e-05,2e-05,0.0,-1e-05,-1e-05,-1e-05,0
31983,-2e-05,-4e-05,-2e-05,2e-05,0.0,-1e-05,-1e-05,-1e-05,0
31984,-2e-05,-4e-05,-2e-05,2e-05,0.0,-1e-05,-1e-05,-1e-05,0
31985,-2e-05,-4e-05,-2e-05,2e-05,0.0,-1e-05,-1e-05,-1e-05,0
31986,-2e-05,-4e-05,-2e-05,2e-05,0.0,-1e-05,-1e-05,-1e-05,0
31988,-2e-05,-4e-05,-2e-05,2e-05,0.0,-1e-05,-1e-05,-1e-05,0
31989,-2e-05,-4e-05,-2e-05,2e-05,0.0,-1e-05,-1e-05,-1e-05,0
31990,-2e-05,-4e-05,-2e-05,2e-05,0.0,-1e-05,-1e-05,-1e-05,0
31991,-2e-05,-4e-05,-2e-05,2e-05,0.0,-1e-05,-1e-05,-1e-05,0
31992,-2e-05,-4e-05,-2e-05,2e-05,0.0,-1e-05,-1e-05,-1e-05,0
31993,-2e-05,-4e-05,-2e-05,2e-05,0.0,-1e-05,-1e-05,-1e-05,0
31994,-2e-05,-4e-05,-2e-05,2e-05,0.0,-1e-05,-1e-05,-1e-05,0
31995,-2e-05,-4e-05,-2e-05,2e-05,0.0,-1e-05,-1e-05,-1e-05,0
31996,-2e-05,-4e-05,-2e-05,2e-05,0.0,-1e-05,-1e-05,-1e-05,0
31997,-2e-05,-4e-05,-2e-05,2e-05,0.0,-1e-05,-1e-05,-1e-05,0
31998,-1e-05,2e-05,4e-05,3e-05,1e-05,0.0,-1e-05,0.0,0
31999,-1e-05,2e-05,4e-05,3e-05,1e-05,0.0,-1e-05,0.0,0
32000,-1e-05,1e-05,1e-05,-2e-05,-1e-05,-2e-05,-1e-05,-1e-05,0
32001,-1e-05,1e-05,1e-05,-2e-05,-1e-05,-2e-05,-1e-05,-1e-05,0
32002,-1e-05,1e-05,1e-05,-2e-05,-1e-05,-2e-05,-1e-05,-1e-05,0
32003,-1e-05,1e-05,1e-05,-2e-05,-1e-05,-2e-05,-1e-05,-1e-05,0
32004,-1e-05,1e-05,1e-05,-2e-05,-1e-05,-2e-05,-1e-05,-1e-05,0
32005,-1e-05,1e-05,1e-05,-2e-05,-1e-05,-2e-05,-1e-05,-1e-05,0
32006,-1e-05,1e-05,1e-05,-2e-05,-1e-05,-2e-05,-1e-05,-1e-05,0
32007,-1e-05,1e-05,1e-05,-2e-05,-1e-05,-2e-05,-1e-05,-1e-05,0
32008,-1e-05,1e-05,1e-05,-2e-05,-1e-05,-2e-05,-1e-05,-1e-05,0
32009,-1e-05,1e-05,1e-05,-2e-05,-1e-05,-2e-05,-1e-05,-1e-05,0
32010,-1e-05,1e-05,1e-05,-2e-05,-1e-05,-2e-05,-1e-05,-1e-05,0
32011,-1e-05,1e-05,1e-05,-2e-05,-1e-05,-2e-05,-1e-05,-1e-05,0
32012,-2e-05,-5e-05,-3e-05,-2e-05,-3e-05,-2e-05,-1e-05,0.0,0
32013,-2e-05,-5e-05,-3e-05,-2e-05,-3e-05,-2e-05,-1e-05,0.0,0
32014,-2e-05,-5e-05,-3e-05,-2e-05,-3e-05,-2e-05,-1e-05,0.0,0
32015,-2e-05,-5e-05,-3e-05,-2e-05,-3e-05,-2e-05,-1e-05,0.0,0
32016,-2e-05,-5e-05,-3e-05,-2e-05,-3e-05,-2e-05,-1e-05,0.0,0
32017,-2e-05,-5e-05,-3e-05,-2e-05,-3e-05,-2e-05,-1e-05,0.0,0
32018,-2e-05,-5e-05,-3e-05,-2e-05,-3e-05,-2e-05,-1e-05,0.0,0
32019,-2e-05,-5e-05,-3e-05,-2e-05,-3e-05,-2e-05,-1e-05,0.0,0
32020,-2e-05,-5e-05,-3e-05,-2e-05,-3e-05,-2e-05,-1e-05,0.0,0
32021,-2e-05,-5e-05,-3e-05,-2e-05,-3e-05,-2e-05,-1e-05,0.0,0
32022,-2e-05,-5e-05,-3e-05,-2e-05,-3e-05,-2e-05,-1e-05,0.0,0
32023,-2e-05,-5e-05,-3e-05,-2e-05,-3e-05,-2e-05,-1e-05,0.0,0
32024,-2e-05,-5e-05,-3e-05,-2e-05,-3e-05,-2e-05,-1e-05,0.0,0
32025,-2e-05,-5e-05,-3e-05,-2e-05,-3e-05,-2e-05,-1e-05,0.0,0
32026,-2e-05,-4e-05,-4e-05,-0.0001,-5e-05,0.0,-2e-05,-1e-05,0
32027,2e-05,0.0,2e-05,8e-05,2e-05,0.0,-1e-05,-1e-05,0
32028,2e-05,0.0,2e-05,8e-05,2e-05,0.0,-1e-05,-1e-05,0
32029,2e-05,0.0,2e-05,8e-05,2e-05,0.0,-1e-05,-1e-05,0
32030,2e-05,0.0,2e-05,8e-05,2e-05,0.0,-1e-05,-1e-05,0
32031,2e-05,0.0,2e-05,8e-05,2e-05,0.0,-1e-05,-1e-05,0
32032,2e-05,0.0,2e-05,8e-05,2e-05,0.0,-1e-05,-1e-05,0
32033,2e-05,0.0,2e-05,8e-05,2e-05,0.0,-1e-05,-1e-05,0
32034,2e-05,0.0,2e-05,8e-05,2e-05,0.0,-1e-05,-1e-05,0
32035,-2e-05,-1e-05,1e-05,-2e-05,0.0,-2e-05,-1e-05,-2e-05,0
32036,-2e-05,-1e-05,1e-05,-2e-05,0.0,-2e-05,-1e-05,-2e-05,0
32038,-2e-05,-4e-05,-2e-05,-1e-05,-3e-05,1e-05,-1e-05,0.0,0
32039,-2e-05,-4e-05,-2e-05,-1e-05,-3e-05,1e-05,-1e-05,0.0,0
32040,-2e-05,-4e-05,-2e-05,-1e-05,-3e-05,1e-05,-1e-05,0.0,0
32041,-2e-05,-4e-05,-2e-05,-1e-05,-3e-05,1e-05,-1e-05,0.0,0
32042,-2e-05,-4e-05,-2e-05,-1e-05,-3e-05,1e-05,-1e-05,0.0,0
32043,-2e-05,-4e-05,-2e-05,-1e-05,-3e-05,1e-05,-1e-05,0.0,0
32044,-2e-05,-4e-05,-2e-05,-1e-05,-3e-05,1e-05,-1e-05,0.0,0
32045,-2e-05,-4e-05,-2e-05,-1e-05,-3e-05,1e-05,-1e-05,0.0,0
32046,-2e-05,-4e-05,-2e-05,-1e-05,-3e-05,1e-05,-1e-05,0.0,0
32047,-2e-05,-4e-05,-2e-05,-1e-05,-3e-05,1e-05,-1e-05,0.0,0
32048,-2e-05,-4e-05,-2e-05,-1e-05,-3e-05,1e-05,-1e-05,0.0,0
32049,-2e-05,-4e-05,-2e-05,-1e-05,-3e-05,1e-05,-1e-05,0.0,0
32050,-2e-05,-4e-05,-2e-05,-1e-05,-3e-05,1e-05,-1e-05,0.0,0
32051,-2e-05,-4e-05,-2e-05,-1e-05,-3e-05,1e-05,-1e-05,0.0,0
32052,-2e-05,-4e-05,-2e-05,-1e-05,-3e-05,1e-05,-1e-05,0.0,0
32053,-2e-05,-4e-05,-2e-05,-1e-05,-3e-05,1e-05,-1e-05,0.0,0
32054,-2e-05,-4e-05,-2e-05,-1e-05,-3e-05,1e-05,-1e-05,0.0,0
32055,-2e-05,-4e-05,-2e-05,-1e-05,-3e-05,1e-05,-1e-05,0.0,0
32056,-2e-05,-4e-05,-2e-05,-1e-05,-3e-05,1e-05,-1e-05,0.0,0
32057,-2e-05,-4e-05,-2e-05,-1e-05,-3e-05,1e-05,-1e-05,0.0,0
32058,-2e-05,-4e-05,-2e-05,-1e-05,-3e-05,1e-05,-1e-05,0.0,0
32059,-2e-05,-4e-05,-2e-05,-1e-05,-3e-05,1e-05,-1e-05,0.0,0
32060,-2e-05,-4e-05,-2e-05,-1e-05,-3e-05,1e-05,-1e-05,0.0,0
32061,-2e-05,-4e-05,-2e-05,-1e-05,-3e-05,1e-05,-1e-05,0.0,0
32062,-2e-05,-4e-05,-2e-05,-1e-05,-3e-05,1e-05,-1e-05,0.0,0
32063,-2e-05,-4e-05,-2e-05,-1e-05,-3e-05,1e-05,-1e-05,0.0,0
32064,-2e-05,-4e-05,-2e-05,-1e-05,-3e-05,1e-05,-1e-05,0.0,0
32065,-1e-05,1e-05,-1e-05,-8e-05,-3e-05,-1e-05,-1e-05,-1e-05,0
32066,-1e-05,1e-05,-1e-05,-8e-05,-3e-05,-1e-05,-1e-05,-1e-05,0
32067,-1e-05,4e-05,0.0001,0.00028,7e-05,-1e-05,0.0,-1e-05,0
32068,-1e-05,4e-05,0.0001,0.00028,7e-05,-1e-05,0.0,-1e-05,0
32069,-1e-05,4e-05,0.0001,0.00028,7e-05,-1e-05,0.0,-1e-05,0
32070,-1e-05,4e-05,0.0001,0.00028,7e-05,-1e-05,0.0,-1e-05,0
32071,-1e-05,4e-05,0.0001,0.00028,7e-05,-1e-05,0.0,-1e-05,0
32072,-3e-05,-7e-05,-7e-05,-2e-05,-1e-05,-2e-05,0.0,-1e-05,0
32073,-3e-05,-7e-05,-7e-05,-2e-05,-1e-05,-2e-05,0.0,-1e-05,0
32074,-3e-05,-7e-05,-7e-05,-2e-05,-1e-05,-2e-05,0.0,-1e-05,0
32075,-3e-05,-7e-05,-7e-05,-2e-05,-1e-05,-2e-05,0.0,-1e-05,0
32076,-3e-05,-7e-05,-7e-05,-2e-05,-1e-05,-2e-05,0.0,-1e-05,0
32077,-3e-05,-7e-05,-7e-05,-2e-05,-1e-05,-2e-05,0.0,-1e-05,0
32078,-3e-05,-7e-05,-7e-05,-2e-05,-1e-05,-2e-05,0.0,-1e-05,0
32079,2e-05,6e-05,3e-05,5e-05,1e-05,-2e-05,-1e-05,1e-05,0
32080,2e-05,6e-05,3e-05,5e-05,1e-05,-2e-05,-1e-05,1e-05,0
32081,2e-05,6e-05,3e-05,5e-05,1e-05,-2e-05,-1e-05,1e-05,0
32082,2e-05,6e-05,3e-05,5e-05,1e-05,-2e-05,-1e-05,1e-05,0
32083,2e-05,6e-05,3e-05,5e-05,1e-05,-2e-05,-1e-05,1e-05,0
32084,2e-05,6e-05,3e-05,5e-05,1e-05,-2e-05,-1e-05,1e-05,0
32085,2e-05,6e-05,3e-05,5e-05,1e-05,-2e-05,-1e-05,1e-05,0
32086,2e-05,6e-05,3e-05,5e-05,1e-05,-2e-05,-1e-05,1e-05,0
32088,2e-05,6e-05,3e-05,5e-05,1e-05,-2e-05,-1e-05,1e-05,0
32089,2e-05,6e-05,3e-05,5e-05,1e-05,-2e-05,-1e-05,1e-05,0
32090,2e-05,6e-05,3e-05,5e-05,1e-05,-2e-05,-1e-05,1e-05,0
32091,2e-05,6e-05,3e-05,5e-05,1e-05,-2e-05,-1e-05,1e-05,0
32092,2e-05,6e-05,3e-05,5e-05,1e-05,-2e-05,-1e-05,1e-05,0
32093,2e-05,6e-05,3e-05,5e-05,1e-05,-2e-05,-1e-05,1e-05,0
32094,2e-05,6e-05,3e-05,5e-05,1e-05,-2e-05,-1e-05,1e-05,0
32095,-3e-05,-5e-05,-8e-05,-0.0002,-4e-05,-1e-05,1e-05,-2e-05,0
32096,-3e-05,-5e-05,-8e-05,-0.0002,-4e-05,-1e-05,1e-05,-2e-05,0
32097,-1e-05,0.0,0.0,-0.00012,-1e-05,-1e-05,0.0,1e-05,0
32098,-1e-05,0.0,0.0,-0.00012,-1e-05,-1e-05,0.0,1e-05,0
32099,-1e-05,0.0,0.0,-0.00012,-1e-05,-1e-05,0.0,1e-05,0
32100,-1e-05,0.0,0.0,-0.00012,-1e-05,-1e-05,0.0,1e-05,0
32101,-1e-05,0.0,0.0,-0.00012,-1e-05,-1e-05,0.0,1e-05,0
32102,-1e-05,0.0,0.0,-0.00012,-1e-05,-1e-05,0.0,1e-05,0
32103,-1e-05,0.0,0.0,-0.00012,-1e-05,-1e-05,0.0,1e-05,0
32104,-1e-05,0.0,0.0,-0.00012,-1e-05,-1e-05,0.0,1e-05,0
32105,-1e-05,0.0,0.0,-0.00012,-1e-05,-1e-05,0.0,1e-05,0
32106,-1e-05,0.0,0.0,-0.00012,-1e-05,-1e-05,0.0,1e-05,0
32107,-1e-05,0.0,0.0,-0.00012,-1e-05,-1e-05,0.0,1e-05,0
32108,-1e-05,0.0,0.0,-0.00012,-1e-05,-1e-05,0.0,1e-05,0
32109,-1e-05,0.0,0.0,-0.00012,-1e-05,-1e-05,0.0,1e-05,0
32110,-1e-05,0.0,0.0,-0.00012,-1e-05,-1e-05,0.0,1e-05,0
32111,-1e-05,0.0,0.0,-0.00012,-1e-05,-1e-05,0.0,1e-05,0
32112,-1e-05,0.0,0.0,-0.00012,-1e-05,-1e-05,0.0,1e-05,0
32113,-1e-05,0.0,0.0,-0.00012,-1e-05,-1e-05,0.0,1e-05,0
32114,-1e-05,0.0,0.0,-0.00012,-1e-05,-1e-05,0.0,1e-05,0
32115,-1e-05,0.0,0.0,-0.00012,-1e-05,-1e-05,0.0,1e-05,0
32116,-1e-05,0.0,0.0,-0.00012,-1e-05,-1e-05,0.0,1e-05,0
32117,-1e-05,0.0,0.0,-0.00012,-1e-05,-1e-05,0.0,1e-05,0
32118,1e-05,1e-05,3e-05,3e-05,1e-05,-1e-05,0.0,0.0,0
32119,0.0,-2e-05,-3e-05,-4e-05,-4e-05,-1e-05,-1e-05,-3e-05,0
32120,0.0,-2e-05,-3e-05,-4e-05,-4e-05,-1e-05,-1e-05,-3e-05,0
32121,0.0,-2e-05,-3e-05,-4e-05,-4e-05,-1e-05,-1e-05,-3e-05,0
32122,0.0,-2e-05,-3e-05,-4e-05,-4e-05,-1e-05,-1e-05,-3e-05,0
32123,0.0,-2e-05,-3e-05,-4e-05,-4e-05,-1e-05,-1e-05,-3e-05,0
32124,0.0,-2e-05,-3e-05,-4e-05,-4e-05,-1e-05,-1e-05,-3e-05,0
32125,0.0,-2e-05,-3e-05,-4e-05,-4e-05,-1e-05,-1e-05,-3e-05,0
32126,0.0,-2e-05,-3e-05,-4e-05,-4e-05,-1e-05,-1e-05,-3e-05,0
32127,0.0,-2e-05,-3e-05,-4e-05,-4e-05,-1e-05,-1e-05,-3e-05,0
32128,0.0,-2e-05,-3e-05,-4e-05,-4e-05,-1e-05,-1e-05,-3e-05,0
32129,0.0,-2e-05,-3e-05,-4e-05,-4e-05,-1e-05,-1e-05,-3e-05,0
32130,0.0,-2e-05,-3e-05,-4e-05,-4e-05,-1e-05,-1e-05,-3e-05,0
32131,0.0,-2e-05,-3e-05,-4e-05,-4e-05,-1e-05,-1e-05,-3e-05,0
32132,0.0,-2e-05,-2e-05,-1e-05,1e-05,-3e-05,-1e-05,0.0,0
32133,0.0,-2e-05,-2e-05,-1e-05,1e-05,-3e-05,-1e-05,0.0,0
32134,0.0,-2e-05,-2e-05,-1e-05,1e-05,-3e-05,-1e-05,0.0,0
32135,0.0,-2e-05,-2e-05,-1e-05,1e-05,-3e-05,-1e-05,0.0,0
32136,0.0,-2e-05,-2e-05,-1e-05,1e-05,-3e-05,-1e-05,0.0,0
32138,0.0,-2e-05,-2e-05,-1e-05,1e-05,-3e-05,-1e-05,0.0,0
32139,0.0,-2e-05,-2e-05,-1e-05,1e-05,-3e-05,-1e-05,0.0,0
32140,0.0,-2e-05,-2e-05,-1e-05,1e-05,-3e-05,-1e-05,0.0,0
32141,0.0,-2e-05,-2e-05,-1e-05,1e-05,-3e-05,-1e-05,0.0,0
32142,0.0,-2e-05,-2e-05,-1e-05,1e-05,-3e-05,-1e-05,0.0,0
32143,0.0,-2e-05,-2e-05,-1e-05,1e-05,-3e-05,-1e-05,0.0,0
32144,0.0,-2e-05,-2e-05,-1e-05,1e-05,-3e-05,-1e-05,0.0,0
32145,0.0,-2e-05,-2e-05,-1e-05,1e-05,-3e-05,-1e-05,0.0,0
32146,-3e-05,-1e-05,-1e-05,2e-05,1e-05,1e-05,0.0,-2e-05,0
32147,-2e-05,0.0,0.0,-6e-05,-2e-05,-1e-05,-2e-05,-1e-05,0
32148,-2e-05,0.0,0.0,-6e-05,-2e-05,-1e-05,-2e-05,-1e-05,0
32149,-2e-05,0.0,0.0,-6e-05,-2e-05,-1e-05,-2e-05,-1e-05,0
32150,-2e-05,0.0,0.0,-6e-05,-2e-05,-1e-05,-2e-05,-1e-05,0
32151,-2e-05,0.0,0.0,-6e-05,-2e-05,-1e-05,-2e-05,-1e-05,0
32152,-2e-05,0.0,0.0,-6e-05,-2e-05,-1e-05,-2e-05,-1e-05,0
32153,-2e-05,0.0,0.0,-6e-05,-2e-05,-1e-05,-2e-05,-1e-05,0
32154,-2e-05,0.0,0.0,-6e-05,-2e-05,-1e-05,-2e-05,-1e-05,0
32155,0.0,0.0,3e-05,0.0001,0.0,-2e-05,-1e-05,-2e-05,0
32156,0.0,0.0,3e-05,0.0001,0.0,-2e-05,-1e-05,-2e-05,0
32157,2e-05,2e-05,4e-05,1e-05,-3e-05,1e-05,-1e-05,-1e-05,0
32158,2e-05,2e-05,4e-05,1e-05,-3e-05,1e-05,-1e-05,-1e-05,0
32159,2e-05,2e-05,4e-05,1e-05,-3e-05,1e-05,-1e-05,-1e-05,0
32160,2e-05,2e-05,4e-05,1e-05,-3e-05,1e-05,-1e-05,-1e-05,0
32161,2e-05,2e-05,4e-05,1e-05,-3e-05,1e-05,-1e-05,-1e-05,0
32162,2e-05,2e-05,4e-05,1e-05,-3e-05,1e-05,-1e-05,-1e-05,0
32163,2e-05,2e-05,4e-05,1e-05,-3e-05,1e-05,-1e-05,-1e-05,0
32164,2e-05,2e-05,4e-05,1e-05,-3e-05,1e-05,-1e-05,-1e-05,0
32165,2e-05,2e-05,4e-05,1e-05,-3e-05,1e-05,-1e-05,-1e-05,0
32166,2e-05,2e-05,4e-05,1e-05,-3e-05,1e-05,-1e-05,-1e-05,0
32167,2e-05,2e-05,4e-05,1e-05,-3e-05,1e-05,-1e-05,-1e-05,0
32168,2e-05,2e-05,4e-05,1e-05,-3e-05,1e-05,-1e-05,-1e-05,0
32169,2e-05,2e-05,4e-05,1e-05,-3e-05,1e-05,-1e-05,-1e-05,0
32170,2e-05,2e-05,4e-05,1e-05,-3e-05,1e-05,-1e-05,-1e-05,0
32171,2e-05,2e-05,4e-05,1e-05,-3e-05,1e-05,-1e-05,-1e-05,0
32172,2e-05,2e-05,4e-05,1e-05,-3e-05,1e-05,-1e-05,-1e-05,0
32173,2e-05,2e-05,4e-05,1e-05,-3e-05,1e-05,-1e-05,-1e-05,0
32174,2e-05,2e-05,4e-05,1e-05,-3e-05,1e-05,-1e-05,-1e-05,0
32175,2e-05,2e-05,4e-05,1e-05,-3e-05,1e-05,-1e-05,-1e-05,0
32176,2e-05,2e-05,4e-05,1e-05,-3e-05,1e-05,-1e-05,-1e-05,0
32177,2e-05,2e-05,4e-05,1e-05,-3e-05,1e-05,-1e-05,-1e-05,0
32178,-4e-05,-7e-05,-9e-05,-8e-05,-3e-05,-1e-05,-1e-05,-1e-05,0
32179,0.0,0.0,-3e-05,1e-05,1e-05,0.0,1e-05,-1e-05,0
32180,-2e-05,-2e-05,-4e-05,-6e-05,-4e-05,-1e-05,-1e-05,0.0,0
32181,-2e-05,-2e-05,-4e-05,-6e-05,-4e-05,-1e-05,-1e-05,0.0,0
32182,-2e-05,-2e-05,-4e-05,-6e-05,-4e-05,-1e-05,-1e-05,0.0,0
32183,-2e-05,-2e-05,-4e-05,-6e-05,-4e-05,-1e-05,-1e-05,0.0,0
32184,-2e-05,-2e-05,-4e-05,-6e-05,-4e-05,-1e-05,-1e-05,0.0,0
32185,-2e-05,-2e-05,-4e-05,-6e-05,-4e-05,-1e-05,-1e-05,0.0,0
32186,-2e-05,-2e-05,-4e-05,-6e-05,-4e-05,-1e-05,-1e-05,0.0,0
32188,-2e-05,-2e-05,-4e-05,-6e-05,-4e-05,-1e-05,-1e-05,0.0,0
32189,-2e-05,-2e-05,-4e-05,-6e-05,-4e-05,-1e-05,-1e-05,0.0,0
32190,-2e-05,-2e-05,-4e-05,-6e-05,-4e-05,-1e-05,-1e-05,0.0,0
32191,-2e-05,-2e-05,-4e-05,-6e-05,-4e-05,-1e-05,-1e-05,0.0,0
32192,1e-05,3e-05,6e-05,0.00013,0.0,-1e-05,1e-05,-1e-05,0
32193,1e-05,3e-05,6e-05,0.00013,0.0,-1e-05,1e-05,-1e-05,0
32194,1e-05,3e-05,6e-05,0.00013,0.0,-1e-05,1e-05,-1e-05,0
32195,1e-05,3e-05,6e-05,0.00013,0.0,-1e-05,1e-05,-1e-05,0
32196,1e-05,3e-05,6e-05,0.00013,0.0,-1e-05,1e-05,-1e-05,0
32197,1e-05,3e-05,6e-05,0.00013,0.0,-1e-05,1e-05,-1e-05,0
32198,1e-05,3e-05,6e-05,0.00013,0.0,-1e-05,1e-05,-1e-05,0
32199,1e-05,3e-05,6e-05,0.00013,0.0,-1e-05,1e-05,-1e-05,0
32200,1e-05,3e-05,6e-05,0.00013,0.0,-1e-05,1e-05,-1e-05,0
32201,1e-05,3e-05,6e-05,0.00013,0.0,-1e-05,1e-05,-1e-05,0
32202,1e-05,3e-05,6e-05,0.00013,0.0,-1e-05,1e-05,-1e-05,0
32203,1e-05,3e-05,6e-05,0.00013,0.0,-1e-05,1e-05,-1e-05,0
32204,1e-05,3e-05,6e-05,0.00013,0.0,-1e-05,1e-05,-1e-05,0
32205,1e-05,3e-05,6e-05,0.00013,0.0,-1e-05,1e-05,-1e-05,0
32206,1e-05,0.0,1e-05,-5e-05,-1e-05,-2e-05,0.0,0.0,0
32207,-1e-05,-2e-05,-5e-05,-7e-05,-1e-05,-2e-05,1e-05,-1e-05,0
32208,-1e-05,-2e-05,-5e-05,-7e-05,-1e-05,-2e-05,1e-05,-1e-05,0
32209,-1e-05,-2e-05,-5e-05,-7e-05,-1e-05,-2e-05,1e-05,-1e-05,0
32210,-1e-05,-2e-05,-5e-05,-7e-05,-1e-05,-2e-05,1e-05,-1e-05,0
32211,-1e-05,-2e-05,-5e-05,-7e-05,-1e-05,-2e-05,1e-05,-1e-05,0
32212,-1e-05,-2e-05,-5e-05,-7e-05,-1e-05,-2e-05,1e-05,-1e-05,0
32213,-1e-05,-2e-05,-5e-05,-7e-05,-1e-05,-2e-05,1e-05,-1e-05,0
32214,-1e-05,-2e-05,-5e-05,-7e-05,-1e-05,-2e-05,1e-05,-1e-05,0
32215,-1e-05,-2e-05,-5e-05,-7e-05,-1e-05,-2e-05,1e-05,-1e-05,0
32216,-1e-05,-2e-05,-5e-05,-7e-05,-1e-05,-2e-05,1e-05,-1e-05,0
32217,-1e-05,-2e-05,-5e-05,-7e-05,-1e-05,-2e-05,1e-05,-1e-05,0
32218,-1e-05,-2e-05,-5e-05,-7e-05,-1e-05,-2e-05,1e-05,-1e-05,0
32219,-1e-05,-2e-05,-5e-05,-7e-05,-1e-05,-2e-05,1e-05,-1e-05,0
32220,-1e-05,-2e-05,-5e-05,-7e-05,-1e-05,-2e-05,1e-05,-1e-05,0
32221,-1e-05,-2e-05,-5e-05,-7e-05,-1e-05,-2e-05,1e-05,-1e-05,0
32222,-1e-05,-2e-05,-5e-05,-7e-05,-1e-05,-2e-05,1e-05,-1e-05,0
32223,-4e-05,-3e-05,-2e-05,0.00017,1e-05,0.0,-4e-05,-2e-05,0
32224,0.0,1e-05,0.0,2e-05,-1e-05,0.0,0.0,-2e-05,0
32225,0.0,1e-05,0.0,2e-05,-1e-05,0.0,0.0,-2e-05,0
32226,0.0,1e-05,0.0,2e-05,-1e-05,0.0,0.0,-2e-05,0
32227,0.0,1e-05,0.0,2e-05,-1e-05,0.0,0.0,-2e-05,0
32228,0.0,1e-05,0.0,2e-05,-1e-05,0.0,0.0,-2e-05,0
32229,0.0,1e-05,0.0,2e-05,-1e-05,0.0,0.0,-2e-05,0
32230,0.0,1e-05,0.0,2e-05,-1e-05,0.0,0.0,-2e-05,0
32231,0.0,1e-05,0.0,2e-05,-1e-05,0.0,0.0,-2e-05,0
32232,0.0,1e-05,0.0,2e-05,-1e-05,0.0,0.0,-2e-05,0
32233,0.0,1e-05,0.0,2e-05,-1e-05,0.0,0.0,-2e-05,0
32234,0.0,1e-05,0.0,2e-05,-1e-05,0.0,0.0,-2e-05,0
32235,0.0,1e-05,0.0,2e-05,-1e-05,0.0,0.0,-2e-05,0
32236,0.0,1e-05,0.0,2e-05,-1e-05,0.0,0.0,-2e-05,0
32238,0.0,-2e-05,0.0,-7e-05,-3e-05,-2e-05,-2e-05,2e-05,0
32239,-1e-05,-3e-05,-2e-05,-1e-05,-1e-05,0.0,-3e-05,-2e-05,0
32240,-1e-05,-3e-05,-2e-05,-1e-05,-1e-05,0.0,-3e-05,-2e-05,0
32241,-1e-05,-3e-05,-2e-05,-1e-05,-1e-05,0.0,-3e-05,-2e-05,0
32242,-1e-05,-3e-05,-2e-05,-1e-05,-1e-05,0.0,-3e-05,-2e-05,0
32243,-1e-05,-3e-05,-2e-05,-1e-05,-1e-05,0.0,-3e-05,-2e-05,0
32244,-1e-05,-3e-05,-2e-05,-1e-05,-1e-05,0.0,-3e-05,-2e-05,0
32245,-1e-05,-3e-05,-2e-05,-1e-05,-1e-05,0.0,-3e-05,-2e-05,0
32246,-1e-05,-3e-05,-2e-05,-1e-05,-1e-05,0.0,-3e-05,-2e-05,0
32247,-1e-05,-3e-05,-2e-05,-1e-05,-1e-05,0.0,-3e-05,-2e-05,0
32248,-1e-05,-3e-05,-2e-05,-1e-05,-1e-05,0.0,-3e-05,-2e-05,0
32249,-1e-05,-3e-05,-2e-05,-1e-05,-1e-05,0.0,-3e-05,-2e-05,0
32250,-1e-05,-3e-05,-2e-05,-1e-05,-1e-05,0.0,-3e-05,-2e-05,0
32251,-1e-05,-3e-05,-2e-05,-1e-05,-1e-05,0.0,-3e-05,-2e-05,0
32252,3e-05,4e-05,6e-05,0.00015,1e-05,-3e-05,-1e-05,1e-05,0
32253,3e-05,4e-05,6e-05,0.00015,1e-05,-3e-05,-1e-05,1e-05,0
32254,3e-05,4e-05,6e-05,0.00015,1e-05,-3e-05,-1e-05,1e-05,0
32255,3e-05,4e-05,6e-05,0.00015,1e-05,-3e-05,-1e-05,1e-05,0
32256,3e-05,4e-05,6e-05,0.00015,1e-05,-3e-05,-1e-05,1e-05,0
32257,3e-05,4e-05,6e-05,0.00015,1e-05,-3e-05,-1e-05,1e-05,0
32258,3e-05,4e-05,6e-05,0.00015,1e-05,-3e-05,-1e-05,1e-05,0
32259,-2e-05,-3e-05,-1e-05,-3e-05,1e-05,-2e-05,-1e-05,0.0,0
32260,-2e-05,-3e-05,-1e-05,-3e-05,1e-05,-2e-05,-1e-05,0.0,0
32261,-2e-05,-3e-05,-1e-05,-3e-05,1e-05,-2e-05,-1e-05,0.0,0
32262,-2e-05,-3e-05,-1e-05,-3e-05,1e-05,-2e-05,-1e-05,0.0,0
32263,-2e-05,-3e-05,-1e-05,-3e-05,1e-05,-2e-05,-1e-05,0.0,0
32264,-2e-05,-3e-05,-1e-05,-3e-05,1e-05,-2e-05,-1e-05,0.0,0
32265,-2e-05,-3e-05,-1e-05,-3e-05,1e-05,-2e-05,-1e-05,0.0,0
32266,-2e-05,-3e-05,-1e-05,-3e-05,1e-05,-2e-05,-1e-05,0.0,0
32267,-2e-05,-3e-05,-1e-05,-3e-05,1e-05,-2e-05,-1e-05,0.0,0
32268,-2e-05,-3e-05,-1e-05,-3e-05,1e-05,-2e-05,-1e-05,0.0,0
32269,-2e-05,-3e-05,-1e-05,-3e-05,1e-05,-2e-05,-1e-05,0.0,0
32270,-2e-05,-3e-05,-1e-05,-3e-05,1e-05,-2e-05,-1e-05,0.0,0
32271,-2e-05,-3e-05,-1e-05,-3e-05,1e-05,-2e-05,-1e-05,0.0,0
32272,-2e-05,-3e-05,-1e-05,-3e-05,1e-05,-2e-05,-1e-05,0.0,0
32273,-2e-05,-3e-05,-1e-05,-3e-05,1e-05,-2e-05,-1e-05,0.0,0
32274,-2e-05,-3e-05,-1e-05,-3e-05,1e-05,-2e-05,-1e-05,0.0,0
32275,0.0,2e-05,0.0,-6e-05,0.0,-1e-05,2e-05,-2e-05,0
32276,0.0,2e-05,0.0,-6e-05,0.0,-1e-05,2e-05,-2e-05,0
32277,-4e-05,-6e-05,-8e-05,-6e-05,-3e-05,-2e-05,-1e-05,-1e-05,0
32278,-4e-05,-6e-05,-8e-05,-6e-05,-3e-05,-2e-05,-1e-05,-1e-05,0
32279,-4e-05,-6e-05,-8e-05,-6e-05,-3e-05,-2e-05,-1e-05,-1e-05,0
32280,-4e-05,-6e-05,-8e-05,-6e-05,-3e-05,-2e-05,-1e-05,-1e-05,0
32281,-4e-05,-6e-05,-8e-05,-6e-05,-3e-05,-2e-05,-1e-05,-1e-05,0
32282,-4e-05,-6e-05,-8e-05,-6e-05,-3e-05,-2e-05,-1e-05,-1e-05,0
32283,-4e-05,-6e-05,-8e-05,-6e-05,-3e-05,-2e-05,-1e-05,-1e-05,0
32284,-4e-05,-6e-05,-8e-05,-6e-05,-3e-05,-2e-05,-1e-05,-1e-05,0
32285,-4e-05,-6e-05,-8e-05,-6e-05,-3e-05,-2e-05,-1e-05,-1e-05,0
32286,-4e-05,-6e-05,-8e-05,-6e-05,-3e-05,-2e-05,-1e-05,-1e-05,0
32288,-4e-05,-6e-05,-8e-05,-6e-05,-3e-05,-2e-05,-1e-05,-1e-05,0
32289,-4e-05,-6e-05,-8e-05,-6e-05,-3e-05,-2e-05,-1e-05,-1e-05,0
32290,-4e-05,-6e-05,-8e-05,-6e-05,-3e-05,-2e-05,-1e-05,-1e-05,0
32291,-4e-05,-6e-05,-8e-05,-6e-05,-3e-05,-2e-05,-1e-05,-1e-05,0
32292,-4e-05,-6e-05,-8e-05,-6e-05,-3e-05,-2e-05,-1e-05,-1e-05,0
32293,-4e-05,-6e-05,-8e-05,-6e-05,-3e-05,-2e-05,-1e-05,-1e-05,0
32294,-4e-05,-6e-05,-8e-05,-6e-05,-3e-05,-2e-05,-1e-05,-1e-05,0
32295,-4e-05,-6e-05,-8e-05,-6e-05,-3e-05,-2e-05,-1e-05,-1e-05,0
32296,-4e-05,-6e-05,-8e-05,-6e-05,-3e-05,-2e-05,-1e-05,-1e-05,0
32297,-4e-05,-6e-05,-8e-05,-6e-05,-3e-05,-2e-05,-1e-05,-1e-05,0
32298,-1e-05,3e-05,4e-05,0.0,-1e-05,-2e-05,0.0,-1e-05,0
32299,-2e-05,-5e-05,-7e-05,7e-05,2e-05,0.0,-2e-05,0.0,0
32300,-2e-05,-5e-05,-7e-05,7e-05,2e-05,0.0,-2e-05,0.0,0
32301,-2e-05,-5e-05,-7e-05,7e-05,2e-05,0.0,-2e-05,0.0,0
32302,-2e-05,-5e-05,-7e-05,7e-05,2e-05,0.0,-2e-05,0.0,0
32303,-2e-05,-5e-05,-7e-05,7e-05,2e-05,0.0,-2e-05,0.0,0
32304,-2e-05,-5e-05,-7e-05,7e-05,2e-05,0.0,-2e-05,0.0,0
32305,-2e-05,-5e-05,-7e-05,7e-05,2e-05,0.0,-2e-05,0.0,0
32306,-2e-05,-5e-05,-7e-05,7e-05,2e-05,0.0,-2e-05,0.0,0
32307,-2e-05,-5e-05,-7e-05,7e-05,2e-05,0.0,-2e-05,0.0,0
32308,-2e-05,-5e-05,-7e-05,7e-05,2e-05,0.0,-2e-05,0.0,0
32309,-2e-05,-5e-05,-7e-05,7e-05,2e-05,0.0,-2e-05,0.0,0
32310,-2e-05,-5e-05,-7e-05,7e-05,2e-05,0.0,-2e-05,0.0,0
32311,-2e-05,-5e-05,-7e-05,7e-05,2e-05,0.0,-2e-05,0.0,0
32312,0.0,-1e-05,-5e-05,-3e-05,-3e-05,1e-05,-2e-05,-2e-05,0
32313,0.0,-1e-05,-5e-05,-3e-05,-3e-05,1e-05,-2e-05,-2e-05,0
32314,0.0,-1e-05,-5e-05,-3e-05,-3e-05,1e-05,-2e-05,-2e-05,0
32315,0.0,-1e-05,-5e-05,-3e-05,-3e-05,1e-05,-2e-05,-2e-05,0
32316,0.0,-1e-05,-5e-05,-3e-05,-3e-05,1e-05,-2e-05,-2e-05,0
32317,0.0,-1e-05,-5e-05,-3e-05,-3e-05,1e-05,-2e-05,-2e-05,0
32318,0.0,-1e-05,-5e-05,-3e-05,-3e-05,1e-05,-2e-05,-2e-05,0
32319,0.0,-1e-05,-5e-05,-3e-05,-3e-05,1e-05,-2e-05,-2e-05,0
32320,0.0,-1e-05,-5e-05,-3e-05,-3e-05,1e-05,-2e-05,-2e-05,0
32321,0.0,-1e-05,-5e-05,-3e-05,-3e-05,1e-05,-2e-05,-2e-05,0
32322,0.0,-1e-05,-5e-05,-3e-05,-3e-05,1e-05,-2e-05,-2e-05,0
32323,0.0,-1e-05,-5e-05,-3e-05,-3e-05,1e-05,-2e-05,-2e-05,0
32324,0.0,-1e-05,-5e-05,-3e-05,-3e-05,1e-05,-2e-05,-2e-05,0
32325,0.0,-1e-05,-5e-05,-3e-05,-3e-05,1e-05,-2e-05,-2e-05,0
32326,-1e-05,2e-05,2e-05,1e-05,-1e-05,0.0,-2e-05,1e-05,0
32327,0.0,4e-05,2e-05,-1e-05,-2e-05,-2e-05,-2e-05,1e-05,0
32328,0.0,4e-05,2e-05,-1e-05,-2e-05,-2e-05,-2e-05,1e-05,0
32329,0.0,4e-05,2e-05,-1e-05,-2e-05,-2e-05,-2e-05,1e-05,0
32330,0.0,4e-05,2e-05,-1e-05,-2e-05,-2e-05,-2e-05,1e-05,0
32331,0.0,4e-05,2e-05,-1e-05,-2e-05,-2e-05,-2e-05,1e-05,0
32332,0.0,4e-05,2e-05,-1e-05,-2e-05,-2e-05,-2e-05,1e-05,0
32333,0.0,4e-05,2e-05,-1e-05,-2e-05,-2e-05,-2e-05,1e-05,0
32334,0.0,4e-05,2e-05,-1e-05,-2e-05,-2e-05,-2e-05,1e-05,0
32335,0.0,4e-05,2e-05,-1e-05,-2e-05,-2e-05,-2e-05,1e-05,0
32337,0.0,4e-05,2e-05,-1e-05,-2e-05,-2e-05,-2e-05,1e-05,0
32339,0.0,4e-05,2e-05,-1e-05,-2e-05,-2e-05,-2e-05,1e-05,0
32340,0.0,4e-05,2e-05,-1e-05,-2e-05,-2e-05,-2e-05,1e-05,0
32341,0.0,4e-05,2e-05,-1e-05,-2e-05,-2e-05,-2e-05,1e-05,0
32342,0.0,4e-05,2e-05,-1e-05,-2e-05,-2e-05,-2e-05,1e-05,0
32343,-2e-05,-4e-05,-5e-05,-4e-05,-1e-05,-1e-05,-1e-05,-3e-05,0
32344,-1e-05,-4e-05,-5e-05,-9e-05,-4e-05,-1e-05,0.0,-1e-05,0
32345,-1e-05,-4e-05,-5e-05,-9e-05,-4e-05,-1e-05,0.0,-1e-05,0
32346,-1e-05,-4e-05,-5e-05,-9e-05,-4e-05,-1e-05,0.0,-1e-05,0
32347,-1e-05,-4e-05,-5e-05,-9e-05,-4e-05,-1e-05,0.0,-1e-05,0
32348,-1e-05,-4e-05,-5e-05,-9e-05,-4e-05,-1e-05,0.0,-1e-05,0
32349,-1e-05,-4e-05,-5e-05,-9e-05,-4e-05,-1e-05,0.0,-1e-05,0
32350,-1e-05,-4e-05,-5e-05,-9e-05,-4e-05,-1e-05,0.0,-1e-05,0
32351,-1e-05,-4e-05,-5e-05,-9e-05,-4e-05,-1e-05,0.0,-1e-05,0
32352,-1e-05,-4e-05,-5e-05,-9e-05,-4e-05,-1e-05,0.0,-1e-05,0
32353,-1e-05,-4e-05,-5e-05,-9e-05,-4e-05,-1e-05,0.0,-1e-05,0
32354,-1e-05,-4e-05,-5e-05,-9e-05,-4e-05,-1e-05,0.0,-1e-05,0
32355,-1e-05,-4e-05,-5e-05,-9e-05,-4e-05,-1e-05,0.0,-1e-05,0
32356,-1e-05,-4e-05,-5e-05,-9e-05,-4e-05,-1e-05,0.0,-1e-05,0
32357,-1e-05,-4e-05,-5e-05,-9e-05,-4e-05,-1e-05,0.0,-1e-05,0
32358,-1e-05,2e-05,2e-05,0.00038,6e-05,1e-05,-2e-05,-1e-05,0
32359,2e-05,0.0,3e-05,-3e-05,0.0,-1e-05,0.0,-1e-05,0
32360,-1e-05,2e-05,1e-05,-5e-05,-3e-05,0.0,-2e-05,-1e-05,0
32361,-1e-05,2e-05,1e-05,-5e-05,-3e-05,0.0,-2e-05,-1e-05,0
32362,-1e-05,2e-05,1e-05,-5e-05,-3e-05,0.0,-2e-05,-1e-05,0
32363,-1e-05,2e-05,1e-05,-5e-05,-3e-05,0.0,-2e-05,-1e-05,0
32364,-1e-05,2e-05,1e-05,-5e-05,-3e-05,0.0,-2e-05,-1e-05,0
32365,-1e-05,2e-05,1e-05,-5e-05,-3e-05,0.0,-2e-05,-1e-05,0
32366,-1e-05,2e-05,1e-05,-5e-05,-3e-05,0.0,-2e-05,-1e-05,0
32367,-1e-05,2e-05,1e-05,-5e-05,-3e-05,0.0,-2e-05,-1e-05,0
32368,-1e-05,2e-05,1e-05,-5e-05,-3e-05,0.0,-2e-05,-1e-05,0
32369,-1e-05,2e-05,1e-05,-5e-05,-3e-05,0.0,-2e-05,-1e-05,0
32370,-1e-05,2e-05,1e-05,-5e-05,-3e-05,0.0,-2e-05,-1e-05,0
32371,-2e-05,-1e-05,-1e-05,-0.00013,-3e-05,-3e-05,-1e-05,0.0,0
32372,-5e-05,-7e-05,-6e-05,-4e-05,-4e-05,-1e-05,-1e-05,1e-05,0
32373,-5e-05,-7e-05,-6e-05,-4e-05,-4e-05,-1e-05,-1e-05,1e-05,0
32374,-5e-05,-7e-05,-6e-05,-4e-05,-4e-05,-1e-05,-1e-05,1e-05,0
32375,-5e-05,-7e-05,-6e-05,-4e-05,-4e-05,-1e-05,-1e-05,1e-05,0
32376,-5e-05,-7e-05,-6e-05,-4e-05,-4e-05,-1e-05,-1e-05,1e-05,0
32377,-5e-05,-7e-05,-6e-05,-4e-05,-4e-05,-1e-05,-1e-05,1e-05,0
32378,-5e-05,-7e-05,-6e-05,-4e-05,-4e-05,-1e-05,-1e-05,1e-05,0
32379,-5e-05,-7e-05,-6e-05,-4e-05,-4e-05,-1e-05,-1e-05,1e-05,0
32380,0.0,-1e-05,1e-05,1e-05,-1e-05,-2e-05,0.0,-2e-05,0
32381,0.0,-1e-05,1e-05,1e-05,-1e-05,-2e-05,0.0,-2e-05,0
32382,0.0,-1e-05,1e-05,1e-05,-1e-05,-2e-05,0.0,-2e-05,0
32383,0.0,-1e-05,1e-05,1e-05,-1e-05,-2e-05,0.0,-2e-05,0
32384,0.0,-1e-05,1e-05,1e-05,-1e-05,-2e-05,0.0,-2e-05,0
32385,0.0,-1e-05,1e-05,1e-05,-1e-05,-2e-05,0.0,-2e-05,0
32386,0.0,-1e-05,1e-05,1e-05,-1e-05,-2e-05,0.0,-2e-05,0
32388,0.0,-1e-05,1e-05,1e-05,-1e-05,-2e-05,0.0,-2e-05,0
32389,0.0,-1e-05,1e-05,1e-05,-1e-05,-2e-05,0.0,-2e-05,0
32390,0.0,-1e-05,1e-05,1e-05,-1e-05,-2e-05,0.0,-2e-05,0
32391,0.0,-1e-05,1e-05,1e-05,-1e-05,-2e-05,0.0,-2e-05,0
32392,0.0,-1e-05,1e-05,1e-05,-1e-05,-2e-05,0.0,-2e-05,0
32393,0.0,-1e-05,1e-05,1e-05,-1e-05,-2e-05,0.0,-2e-05,0
32394,0.0,-1e-05,1e-05,1e-05,-1e-05,-2e-05,0.0,-2e-05,0
32395,-3e-05,-2e-05,-7e-05,-6e-05,-1e-05,-1e-05,-2e-05,0.0,0
32396,-3e-05,-2e-05,-7e-05,-6e-05,-1e-05,-1e-05,-2e-05,0.0,0
32397,-2e-05,0.0,-2e-05,3e-05,-2e-05,0.0,-1e-05,1e-05,0
32398,-2e-05,0.0,-2e-05,3e-05,-2e-05,0.0,-1e-05,1e-05,0
32399,-2e-05,0.0,-2e-05,3e-05,-2e-05,0.0,-1e-05,1e-05,0
32400,-2e-05,0.0,-2e-05,3e-05,-2e-05,0.0,-1e-05,1e-05,0
32401,-2e-05,0.0,-2e-05,3e-05,-2e-05,0.0,-1e-05,1e-05,0
32402,-2e-05,0.0,-2e-05,3e-05,-2e-05,0.0,-1e-05,1e-05,0
32403,-2e-05,0.0,-2e-05,3e-05,-2e-05,0.0,-1e-05,1e-05,0
32404,-2e-05,0.0,-2e-05,3e-05,-2e-05,0.0,-1e-05,1e-05,0
32405,-2e-05,0.0,-2e-05,3e-05,-2e-05,0.0,-1e-05,1e-05,0
32406,-2e-05,0.0,-2e-05,3e-05,-2e-05,0.0,-1e-05,1e-05,0
32407,-2e-05,0.0,-2e-05,3e-05,-2e-05,0.0,-1e-05,1e-05,0
32408,-2e-05,0.0,-2e-05,3e-05,-2e-05,0.0,-1e-05,1e-05,0
32409,-2e-05,0.0,-2e-05,3e-05,-2e-05,0.0,-1e-05,1e-05,0
32410,-2e-05,0.0,-2e-05,3e-05,-2e-05,0.0,-1e-05,1e-05,0
32411,-2e-05,0.0,-2e-05,3e-05,-2e-05,0.0,-1e-05,1e-05,0
32412,-2e-05,0.0,-2e-05,3e-05,-2e-05,0.0,-1e-05,1e-05,0
32413,-2e-05,0.0,-2e-05,3e-05,-2e-05,0.0,-1e-05,1e-05,0
32414,-2e-05,0.0,-2e-05,3e-05,-2e-05,0.0,-1e-05,1e-05,0
32415,-2e-05,0.0,-2e-05,3e-05,-2e-05,0.0,-1e-05,1e-05,0
32416,-2e-05,0.0,-2e-05,3e-05,-2e-05,0.0,-1e-05,1e-05,0
32417,-2e-05,0.0,-2e-05,3e-05,-2e-05,0.0,-1e-05,1e-05,0
32418,2e-05,4e-05,4e-05,-1e-05,0.0,0.0,-1e-05,-2e-05,0
32419,-2e-05,2e-05,3e-05,2e-05,0.0,-1e-05,0.0,-1e-05,0
32420,-4e-05,-3e-05,-1e-05,4e-05,0.0,-1e-05,0.0,-3e-05,0
32421,-4e-05,-3e-05,-1e-05,4e-05,0.0,-1e-05,0.0,-3e-05,0
32422,-4e-05,-3e-05,-1e-05,4e-05,0.0,-1e-05,0.0,-3e-05,0
32423,-4e-05,-3e-05,-1e-05,4e-05,0.0,-1e-05,0.0,-3e-05,0
32424,-4e-05,-3e-05,-1e-05,4e-05,0.0,-1e-05,0.0,-3e-05,0
32425,-4e-05,-3e-05,-1e-05,4e-05,0.0,-1e-05,0.0,-3e-05,0
32426,-4e-05,-3e-05,-1e-05,4e-05,0.0,-1e-05,0.0,-3e-05,0
32427,-4e-05,-3e-05,-1e-05,4e-05,0.0,-1e-05,0.0,-3e-05,0
32428,-4e-05,-3e-05,-1e-05,4e-05,0.0,-1e-05,0.0,-3e-05,0
32429,-4e-05,-3e-05,-1e-05,4e-05,0.0,-1e-05,0.0,-3e-05,0
32430,-4e-05,-3e-05,-1e-05,4e-05,0.0,-1e-05,0.0,-3e-05,0
32431,-4e-05,-3e-05,-1e-05,4e-05,0.0,-1e-05,0.0,-3e-05,0
32432,-1e-05,-2e-05,-3e-05,-0.00014,-2e-05,-2e-05,-2e-05,-2e-05,0
32433,-1e-05,-2e-05,-3e-05,-0.00014,-2e-05,-2e-05,-2e-05,-2e-05,0
32434,-1e-05,-2e-05,-3e-05,-0.00014,-2e-05,-2e-05,-2e-05,-2e-05,0
32435,-1e-05,-2e-05,-3e-05,-0.00014,-2e-05,-2e-05,-2e-05,-2e-05,0
32436,-1e-05,-2e-05,-3e-05,-0.00014,-2e-05,-2e-05,-2e-05,-2e-05,0
32438,-1e-05,-2e-05,-3e-05,-0.00014,-2e-05,-2e-05,-2e-05,-2e-05,0
32439,-1e-05,-2e-05,-3e-05,-0.00014,-2e-05,-2e-05,-2e-05,-2e-05,0
32440,-1e-05,-2e-05,-3e-05,-0.00014,-2e-05,-2e-05,-2e-05,-2e-05,0
32441,0.0,2e-05,3e-05,-4e-05,-1e-05,-2e-05,0.0,0.0,0
32442,0.0,2e-05,3e-05,-4e-05,-1e-05,-2e-05,0.0,0.0,0
32443,0.0,2e-05,3e-05,-4e-05,-1e-05,-2e-05,0.0,0.0,0
32444,0.0,2e-05,3e-05,-4e-05,-1e-05,-2e-05,0.0,0.0,0
32445,0.0,2e-05,3e-05,-4e-05,-1e-05,-2e-05,0.0,0.0,0
32446,0.0,2e-05,3e-05,-4e-05,-1e-05,-2e-05,0.0,0.0,0
32447,0.0,2e-05,3e-05,-4e-05,-1e-05,-2e-05,0.0,0.0,0
32448,0.0,2e-05,3e-05,-4e-05,-1e-05,-2e-05,0.0,0.0,0
32449,0.0,2e-05,3e-05,-4e-05,-1e-05,-2e-05,0.0,0.0,0
32450,0.0,2e-05,3e-05,-4e-05,-1e-05,-2e-05,0.0,0.0,0
32451,0.0,2e-05,3e-05,-4e-05,-1e-05,-2e-05,0.0,0.0,0
32452,0.0,2e-05,3e-05,-4e-05,-1e-05,-2e-05,0.0,0.0,0
32453,0.0,2e-05,3e-05,-4e-05,-1e-05,-2e-05,0.0,0.0,0
32454,0.0,2e-05,3e-05,-4e-05,-1e-05,-2e-05,0.0,0.0,0
32455,0.0,2e-05,3e-05,-4e-05,-1e-05,-2e-05,0.0,0.0,0
32456,0.0,3e-05,5e-05,5e-05,0.0,-1e-05,-2e-05,-1e-05,0
32457,0.0,3e-05,5e-05,5e-05,0.0,-1e-05,-2e-05,-1e-05,0
32458,0.0,3e-05,5e-05,5e-05,0.0,-1e-05,-2e-05,-1e-05,0
32459,0.0,3e-05,5e-05,5e-05,0.0,-1e-05,-2e-05,-1e-05,0
32460,0.0,3e-05,5e-05,5e-05,0.0,-1e-05,-2e-05,-1e-05,0
32461,-3e-05,-8e-05,-9e-05,-4e-05,-2e-05,-1e-05,-1e-05,0.0,0
32462,-3e-05,-8e-05,-9e-05,-4e-05,-2e-05,-1e-05,-1e-05,0.0,0
32463,-3e-05,-8e-05,-9e-05,-4e-05,-2e-05,-1e-05,-1e-05,0.0,0
32464,-3e-05,-8e-05,-9e-05,-4e-05,-2e-05,-1e-05,-1e-05,0.0,0
32465,-3e-05,-8e-05,-9e-05,-4e-05,-2e-05,-1e-05,-1e-05,0.0,0
32466,-3e-05,-8e-05,-9e-05,-4e-05,-2e-05,-1e-05,-1e-05,0.0,0
32467,-3e-05,-8e-05,-9e-05,-4e-05,-2e-05,-1e-05,-1e-05,0.0,0
32468,-3e-05,-8e-05,-9e-05,-4e-05,-2e-05,-1e-05,-1e-05,0.0,0
32469,-3e-05,-8e-05,-9e-05,-4e-05,-2e-05,-1e-05,-1e-05,0.0,0
32470,-3e-05,-8e-05,-9e-05,-4e-05,-2e-05,-1e-05,-1e-05,0.0,0
32471,-3e-05,-8e-05,-9e-05,-4e-05,-2e-05,-1e-05,-1e-05,0.0,0
32472,-3e-05,-8e-05,-9e-05,-4e-05,-2e-05,-1e-05,-1e-05,0.0,0
32473,-3e-05,-8e-05,-9e-05,-4e-05,-2e-05,-1e-05,-1e-05,0.0,0
32474,-3e-05,-8e-05,-9e-05,-4e-05,-2e-05,-1e-05,-1e-05,0.0,0
32475,-3e-05,-8e-05,-9e-05,-4e-05,-2e-05,-1e-05,-1e-05,0.0,0
32476,-3e-05,-8e-05,-9e-05,-4e-05,-2e-05,-1e-05,-1e-05,0.0,0
32477,-3e-05,-8e-05,-9e-05,-4e-05,-2e-05,-1e-05,-1e-05,0.0,0
32478,-3e-05,-8e-05,-9e-05,-4e-05,-2e-05,-1e-05,-1e-05,0.0,0
32479,-3e-05,-8e-05,-9e-05,-4e-05,-2e-05,-1e-05,-1e-05,0.0,0
32480,-3e-05,-8e-05,-9e-05,-4e-05,-2e-05,-1e-05,-1e-05,0.0,0
32481,-3e-05,-8e-05,-9e-05,-4e-05,-2e-05,-1e-05,-1e-05,0.0,0
32482,-3e-05,-8e-05,-9e-05,-4e-05,-2e-05,-1e-05,-1e-05,0.0,0
32483,-3e-05,-8e-05,-9e-05,-4e-05,-2e-05,-1e-05,-1e-05,0.0,0
32484,-3e-05,-8e-05,-9e-05,-4e-05,-2e-05,-1e-05,-1e-05,0.0,0
32485,-1e-05,0.0,0.0,-0.00016,-2e-05,0.0,-2e-05,0.0,0
32486,-1e-05,0.0,0.0,-0.00016,-2e-05,0.0,-2e-05,0.0,0
32488,1e-05,1e-05,5e-05,0.0,0.0,-2e-05,1e-05,-2e-05,0
32489,1e-05,1e-05,5e-05,0.0,0.0,-2e-05,1e-05,-2e-05,0
32490,1e-05,1e-05,5e-05,0.0,0.0,-2e-05,1e-05,-2e-05,0
32491,1e-05,1e-05,5e-05,0.0,0.0,-2e-05,1e-05,-2e-05,0
32492,1e-05,1e-05,5e-05,0.0,0.0,-2e-05,1e-05,-2e-05,0
32493,1e-05,1e-05,5e-05,0.0,0.0,-2e-05,1e-05,-2e-05,0
32494,1e-05,1e-05,5e-05,0.0,0.0,-2e-05,1e-05,-2e-05,0
32495,1e-05,1e-05,5e-05,0.0,0.0,-2e-05,1e-05,-2e-05,0
32496,1e-05,1e-05,5e-05,0.0,0.0,-2e-05,1e-05,-2e-05,0
32497,1e-05,1e-05,5e-05,0.0,0.0,-2e-05,1e-05,-2e-05,0
32498,1e-05,1e-05,5e-05,0.0,0.0,-2e-05,1e-05,-2e-05,0
32499,1e-05,1e-05,5e-05,0.0,0.0,-2e-05,1e-05,-2e-05,0
32500,-2e-05,-4e-05,-4e-05,-6e-05,-1e-05,-2e-05,-1e-05,0.0,0
32501,-5e-05,-0.0001,-0.0001,-1e-05,-3e-05,-2e-05,0.0,-3e-05,0
32502,-1e-05,-2e-05,-3e-05,0.0,-1e-05,-1e-05,-1e-05,1e-05,0
32503,-1e-05,-2e-05,-3e-05,0.0,-1e-05,-1e-05,-1e-05,1e-05,0
32504,-1e-05,-2e-05,-3e-05,0.0,-1e-05,-1e-05,-1e-05,1e-05,0
32505,-1e-05,-2e-05,-3e-05,0.0,-1e-05,-1e-05,-1e-05,1e-05,0
32506,-1e-05,-2e-05,-3e-05,0.0,-1e-05,-1e-05,-1e-05,1e-05,0
32507,-1e-05,-2e-05,-3e-05,0.0,-1e-05,-1e-05,-1e-05,1e-05,0
32508,-1e-05,-2e-05,-3e-05,0.0,-1e-05,-1e-05,-1e-05,1e-05,0
32509,-1e-05,-2e-05,-3e-05,0.0,-1e-05,-1e-05,-1e-05,1e-05,0
32510,-1e-05,-2e-05,-3e-05,0.0,-1e-05,-1e-05,-1e-05,1e-05,0
32511,-1e-05,-2e-05,-3e-05,0.0,-1e-05,-1e-05,-1e-05,1e-05,0
32512,-1e-05,-2e-05,-3e-05,0.0,-1e-05,-1e-05,-1e-05,1e-05,0
32513,-1e-05,-2e-05,-3e-05,0.0,-1e-05,-1e-05,-1e-05,1e-05,0
32514,-1e-05,-2e-05,-3e-05,0.0,-1e-05,-1e-05,-1e-05,1e-05,0
32515,2e-05,0.0,2e-05,3e-05,0.0,0.0,-1e-05,2e-05,0
32516,2e-05,0.0,2e-05,3e-05,0.0,0.0,-1e-05,2e-05,0
32517,1e-05,1e-05,1e-05,-2e-05,0.0,0.0,-1e-05,-1e-05,0
32518,1e-05,1e-05,1e-05,-2e-05,0.0,0.0,-1e-05,-1e-05,0
32519,1e-05,1e-05,1e-05,-2e-05,0.0,0.0,-1e-05,-1e-05,0
32520,1e-05,1e-05,1e-05,-2e-05,0.0,0.0,-1e-05,-1e-05,0
32521,1e-05,1e-05,1e-05,-2e-05,0.0,0.0,-1e-05,-1e-05,0
32522,1e-05,1e-05,1e-05,-2e-05,0.0,0.0,-1e-05,-1e-05,0
32523,1e-05,1e-05,1e-05,-2e-05,0.0,0.0,-1e-05,-1e-05,0
32524,1e-05,1e-05,1e-05,-2e-05,0.0,0.0,-1e-05,-1e-05,0
32525,1e-05,1e-05,1e-05,-2e-05,0.0,0.0,-1e-05,-1e-05,0
32526,1e-05,1e-05,1e-05,-2e-05,0.0,0.0,-1e-05,-1e-05,0
32527,1e-05,1e-05,1e-05,-2e-05,0.0,0.0,-1e-05,-1e-05,0
32528,1e-05,1e-05,1e-05,-2e-05,0.0,0.0,-1e-05,-1e-05,0
32529,1e-05,1e-05,1e-05,-2e-05,0.0,0.0,-1e-05,-1e-05,0
32530,1e-05,1e-05,1e-05,-2e-05,0.0,0.0,-1e-05,-1e-05,0
32531,1e-05,1e-05,1e-05,-2e-05,0.0,0.0,-1e-05,-1e-05,0
32532,1e-05,1e-05,1e-05,-2e-05,0.0,0.0,-1e-05,-1e-05,0
32533,1e-05,1e-05,1e-05,-2e-05,0.0,0.0,-1e-05,-1e-05,0
32534,1e-05,1e-05,1e-05,-2e-05,0.0,0.0,-1e-05,-1e-05,0
32535,1e-05,1e-05,1e-05,-2e-05,0.0,0.0,-1e-05,-1e-05,0
32536,1e-05,1e-05,1e-05,-2e-05,0.0,0.0,-1e-05,-1e-05,0
32539,0.0,-2e-05,-2e-05,0.0,-2e-05,0.0,-1e-05,-2e-05,0
32540,0.0,-2e-05,-2e-05,0.0,-2e-05,0.0,-1e-05,-2e-05,0
32541,0.0,-2e-05,-2e-05,0.0,-2e-05,0.0,-1e-05,-2e-05,0
32542,0.0,-2e-05,-2e-05,0.0,-2e-05,0.0,-1e-05,-2e-05,0
32543,0.0,-2e-05,-2e-05,0.0,-2e-05,0.0,-1e-05,-2e-05,0
32544,0.0,-2e-05,-2e-05,0.0,-2e-05,0.0,-1e-05,-2e-05,0
32545,0.0,-2e-05,-2e-05,0.0,-2e-05,0.0,-1e-05,-2e-05,0
32546,0.0,-2e-05,-2e-05,0.0,-2e-05,0.0,-1e-05,-2e-05,0
32547,0.0,-2e-05,-2e-05,0.0,-2e-05,0.0,-1e-05,-2e-05,0
32548,0.0,-2e-05,-2e-05,0.0,-2e-05,0.0,-1e-05,-2e-05,0
32549,0.0,-2e-05,-2e-05,0.0,-2e-05,0.0,-1e-05,-2e-05,0
32550,0.0,-2e-05,-2e-05,0.0,-2e-05,0.0,-1e-05,-2e-05,0
32551,0.0,-3e-05,-4e-05,-2e-05,-2e-05,-2e-05,-1e-05,0.0,0
32552,2e-05,2e-05,5e-05,-7e-05,-1e-05,-3e-05,0.0,-2e-05,0
32553,2e-05,2e-05,5e-05,-7e-05,-1e-05,-3e-05,0.0,-2e-05,0
32554,2e-05,2e-05,5e-05,-7e-05,-1e-05,-3e-05,0.0,-2e-05,0
32555,2e-05,2e-05,5e-05,-7e-05,-1e-05,-3e-05,0.0,-2e-05,0
32556,2e-05,2e-05,5e-05,-7e-05,-1e-05,-3e-05,0.0,-2e-05,0
32557,2e-05,2e-05,5e-05,-7e-05,-1e-05,-3e-05,0.0,-2e-05,0
32558,2e-05,2e-05,5e-05,-7e-05,-1e-05,-3e-05,0.0,-2e-05,0
32559,2e-05,2e-05,5e-05,-7e-05,-1e-05,-3e-05,0.0,-2e-05,0
32560,-1e-05,2e-05,4e-05,1e-05,0.0,-2e-05,-1e-05,-3e-05,0
32561,-1e-05,2e-05,4e-05,1e-05,0.0,-2e-05,-1e-05,-3e-05,0
32562,-1e-05,2e-05,4e-05,1e-05,0.0,-2e-05,-1e-05,-3e-05,0
32563,-1e-05,2e-05,4e-05,1e-05,0.0,-2e-05,-1e-05,-3e-05,0
32564,-1e-05,2e-05,4e-05,1e-05,0.0,-2e-05,-1e-05,-3e-05,0
32565,-1e-05,2e-05,4e-05,1e-05,0.0,-2e-05,-1e-05,-3e-05,0
32566,-1e-05,2e-05,4e-05,1e-05,0.0,-2e-05,-1e-05,-3e-05,0
32567,-1e-05,2e-05,4e-05,1e-05,0.0,-2e-05,-1e-05,-3e-05,0
32568,-1e-05,2e-05,4e-05,1e-05,0.0,-2e-05,-1e-05,-3e-05,0
32569,-1e-05,2e-05,4e-05,1e-05,0.0,-2e-05,-1e-05,-3e-05,0
32570,-1e-05,2e-05,4e-05,1e-05,0.0,-2e-05,-1e-05,-3e-05,0
32571,-1e-05,2e-05,4e-05,1e-05,0.0,-2e-05,-1e-05,-3e-05,0
32572,-1e-05,2e-05,4e-05,1e-05,0.0,-2e-05,-1e-05,-3e-05,0
32573,-1e-05,2e-05,4e-05,1e-05,0.0,-2e-05,-1e-05,-3e-05,0
32574,-1e-05,2e-05,4e-05,1e-05,0.0,-2e-05,-1e-05,-3e-05,0
32575,-2e-05,-3e-05,-2e-05,4e-05,0.0,2e-05,0.0,-1e-05,0
32576,-2e-05,-3e-05,-2e-05,4e-05,0.0,2e-05,0.0,-1e-05,0
32577,-1e-05,-2e-05,-3e-05,-2e-05,0.0,-2e-05,-2e-05,-1e-05,0
32578,-1e-05,-2e-05,-3e-05,-2e-05,0.0,-2e-05,-2e-05,-1e-05,0
32579,-1e-05,-2e-05,-3e-05,-2e-05,0.0,-2e-05,-2e-05,-1e-05,0
32580,-1e-05,-2e-05,-3e-05,-2e-05,0.0,-2e-05,-2e-05,-1e-05,0
32581,-1e-05,-2e-05,-3e-05,-2e-05,0.0,-2e-05,-2e-05,-1e-05,0
32582,-1e-05,-2e-05,-3e-05,-2e-05,0.0,-2e-05,-2e-05,-1e-05,0
32583,-1e-05,-2e-05,-3e-05,-2e-05,0.0,-2e-05,-2e-05,-1e-05,0
32584,-1e-05,-2e-05,-3e-05,-2e-05,0.0,-2e-05,-2e-05,-1e-05,0
32585,-1e-05,-2e-05,-3e-05,-2e-05,0.0,-2e-05,-2e-05,-1e-05,0
32586,-1e-05,-2e-05,-3e-05,-2e-05,0.0,-2e-05,-2e-05,-1e-05,0
32588,-1e-05,-2e-05,-3e-05,-2e-05,0.0,-2e-05,-2e-05,-1e-05,0
32589,-1e-05,-2e-05,-3e-05,-2e-05,0.0,-2e-05,-2e-05,-1e-05,0
32590,-1e-05,-2e-05,-3e-05,-2e-05,0.0,-2e-05,-2e-05,-1e-05,0
32591,-1e-05,-2e-05,-3e-05,-2e-05,0.0,-2e-05,-2e-05,-1e-05,0
32592,-1e-05,-2e-05,-3e-05,-2e-05,0.0,-2e-05,-2e-05,-1e-05,0
32593,-1e-05,-2e-05,-3e-05,-2e-05,0.0,-2e-05,-2e-05,-1e-05,0
32594,-1e-05,-2e-05,-3e-05,-2e-05,0.0,-2e-05,-2e-05,-1e-05,0
32595,-1e-05,-2e-05,-3e-05,-2e-05,0.0,-2e-05,-2e-05,-1e-05,0
32596,-1e-05,-2e-05,-3e-05,-2e-05,0.0,-2e-05,-2e-05,-1e-05,0
32597,-1e-05,-2e-05,-3e-05,-2e-05,0.0,-2e-05,-2e-05,-1e-05,0
32598,1e-05,0.0,-9e-05,3e-05,0.0,-1e-05,-1e-05,-1e-05,0
32599,0.0,-2e-05,-3e-05,-4e-05,-1e-05,-1e-05,1e-05,-2e-05,0
32600,0.0,-2e-05,-3e-05,-4e-05,-1e-05,-1e-05,1e-05,-2e-05,0
32601,0.0,-2e-05,-3e-05,-4e-05,-1e-05,-1e-05,1e-05,-2e-05,0
32602,0.0,-2e-05,-3e-05,-4e-05,-1e-05,-1e-05,1e-05,-2e-05,0
32603,0.0,-2e-05,-3e-05,-4e-05,-1e-05,-1e-05,1e-05,-2e-05,0
32604,0.0,-2e-05,-3e-05,-4e-05,-1e-05,-1e-05,1e-05,-2e-05,0
32605,0.0,-2e-05,-3e-05,-4e-05,-1e-05,-1e-05,1e-05,-2e-05,0
32606,0.0,-2e-05,-3e-05,-4e-05,-1e-05,-1e-05,1e-05,-2e-05,0
32607,0.0,-2e-05,-3e-05,-4e-05,-1e-05,-1e-05,1e-05,-2e-05,0
32608,0.0,-2e-05,-3e-05,-4e-05,-1e-05,-1e-05,1e-05,-2e-05,0
32609,0.0,-2e-05,-3e-05,-4e-05,-1e-05,-1e-05,1e-05,-2e-05,0
32610,0.0,-2e-05,-3e-05,-4e-05,-1e-05,-1e-05,1e-05,-2e-05,0
32611,0.0,-2e-05,-3e-05,-4e-05,-1e-05,-1e-05,1e-05,-2e-05,0
32612,0.0,-2e-05,-3e-05,-4e-05,-1e-05,-1e-05,1e-05,-2e-05,0
32613,0.0,-2e-05,-3e-05,-4e-05,-1e-05,-1e-05,1e-05,-2e-05,0
32614,0.0,-2e-05,-3e-05,-4e-05,-1e-05,-1e-05,1e-05,-2e-05,0
32615,0.0,-2e-05,-3e-05,-4e-05,-1e-05,-1e-05,1e-05,-2e-05,0
32616,0.0,-2e-05,-3e-05,-4e-05,-1e-05,-1e-05,1e-05,-2e-05,0
32617,0.0,-2e-05,-3e-05,-4e-05,-1e-05,-1e-05,1e-05,-2e-05,0
32619,0.0,-2e-05,-3e-05,-4e-05,-1e-05,-1e-05,1e-05,-2e-05,0
32620,-2e-05,0.0,-4e-05,-0.0001,-4e-05,-1e-05,-3e-05,-3e-05,0
32621,-2e-05,0.0,-4e-05,-0.0001,-4e-05,-1e-05,-3e-05,-3e-05,0
32622,0.0,2e-05,4e-05,6e-05,0.0,-1e-05,-1e-05,1e-05,0
32623,0.0,2e-05,4e-05,6e-05,0.0,-1e-05,-1e-05,1e-05,0
32624,0.0,2e-05,4e-05,6e-05,0.0,-1e-05,-1e-05,1e-05,0
32625,0.0,2e-05,4e-05,6e-05,0.0,-1e-05,-1e-05,1e-05,0
32626,0.0,2e-05,4e-05,6e-05,0.0,-1e-05,-1e-05,1e-05,0
32627,0.0,2e-05,4e-05,6e-05,0.0,-1e-05,-1e-05,1e-05,0
32628,0.0,2e-05,4e-05,6e-05,0.0,-1e-05,-1e-05,1e-05,0
32629,0.0,2e-05,4e-05,6e-05,0.0,-1e-05,-1e-05,1e-05,0
32630,0.0,2e-05,4e-05,6e-05,0.0,-1e-05,-1e-05,1e-05,0
32631,0.0,2e-05,4e-05,6e-05,0.0,-1e-05,-1e-05,1e-05,0
32632,0.0,2e-05,4e-05,6e-05,0.0,-1e-05,-1e-05,1e-05,0
32633,0.0,2e-05,4e-05,6e-05,0.0,-1e-05,-1e-05,1e-05,0
32634,0.0,2e-05,4e-05,6e-05,0.0,-1e-05,-1e-05,1e-05,0
32635,0.0,2e-05,4e-05,6e-05,0.0,-1e-05,-1e-05,1e-05,0
32636,0.0,1e-05,-1e-05,-2e-05,-1e-05,-3e-05,-1e-05,-2e-05,0
32638,-1e-05,-2e-05,1e-05,4e-05,1e-05,-1e-05,0.0,0.0,0
32640,-1e-05,-2e-05,1e-05,4e-05,1e-05,-1e-05,0.0,0.0,0
32641,-3e-05,-5e-05,-4e-05,-6e-05,-2e-05,0.0,-1e-05,-2e-05,0
32642,-2e-05,-2e-05,-2e-05,-7e-05,-2e-05,-1e-05,-1e-05,-1e-05,0
32643,-2e-05,-2e-05,-2e-05,-7e-05,-2e-05,-1e-05,-1e-05,-1e-05,0
32644,-2e-05,-2e-05,-2e-05,-7e-05,-2e-05,-1e-05,-1e-05,-1e-05,0
32645,-2e-05,-2e-05,-2e-05,-7e-05,-2e-05,-1e-05,-1e-05,-1e-05,0
32646,-2e-05,-2e-05,-2e-05,-7e-05,-2e-05,-1e-05,-1e-05,-1e-05,0
32647,-2e-05,-2e-05,-2e-05,-7e-05,-2e-05,-1e-05,-1e-05,-1e-05,0
32648,-2e-05,-2e-05,-2e-05,-7e-05,-2e-05,-1e-05,-1e-05,-1e-05,0
32649,-2e-05,-2e-05,-2e-05,-7e-05,-2e-05,-1e-05,-1e-05,-1e-05,0
32650,-2e-05,-2e-05,-2e-05,-7e-05,-2e-05,-1e-05,-1e-05,-1e-05,0
32651,-2e-05,-2e-05,-2e-05,-7e-05,-2e-05,-1e-05,-1e-05,-1e-05,0
32652,-2e-05,-2e-05,-2e-05,-7e-05,-2e-05,-1e-05,-1e-05,-1e-05,0
32653,-2e-05,-2e-05,-2e-05,-7e-05,-2e-05,-1e-05,-1e-05,-1e-05,0
32654,-2e-05,-2e-05,-2e-05,-7e-05,-2e-05,-1e-05,-1e-05,-1e-05,0
32655,-2e-05,-2e-05,-2e-05,-7e-05,-2e-05,-1e-05,-1e-05,-1e-05,0
32656,-2e-05,-2e-05,-2e-05,-7e-05,-2e-05,-1e-05,-1e-05,-1e-05,0
32657,-2e-05,-2e-05,-2e-05,-7e-05,-2e-05,-1e-05,-1e-05,-1e-05,0
32658,0.0,1e-05,2e-05,6e-05,0.0,0.0,-2e-05,0.0,0
32659,1e-05,-1e-05,0.0,-5e-05,-5e-05,-2e-05,-2e-05,0.0,0
32660,1e-05,-1e-05,0.0,-5e-05,-5e-05,-2e-05,-2e-05,0.0,0
32661,1e-05,-1e-05,0.0,-5e-05,-5e-05,-2e-05,-2e-05,0.0,0
32662,1e-05,-1e-05,0.0,-5e-05,-5e-05,-2e-05,-2e-05,0.0,0
32663,1e-05,-1e-05,0.0,-5e-05,-5e-05,-2e-05,-2e-05,0.0,0
32664,1e-05,-1e-05,0.0,-5e-05,-5e-05,-2e-05,-2e-05,0.0,0
32665,1e-05,-1e-05,0.0,-5e-05,-5e-05,-2e-05,-2e-05,0.0,0
32666,1e-05,-1e-05,0.0,-5e-05,-5e-05,-2e-05,-2e-05,0.0,0
32667,1e-05,-1e-05,0.0,-5e-05,-5e-05,-2e-05,-2e-05,0.0,0
32668,1e-05,-1e-05,0.0,-5e-05,-5e-05,-2e-05,-2e-05,0.0,0
32669,1e-05,-1e-05,0.0,-5e-05,-5e-05,-2e-05,-2e-05,0.0,0
32670,1e-05,-1e-05,0.0,-5e-05,-5e-05,-2e-05,-2e-05,0.0,0
32671,-3e-05,-4e-05,-3e-05,-3e-05,-2e-05,0.0,-1e-05,0.0,0
32672,-3e-05,0.0,-2e-05,-6e-05,-2e-05,-3e-05,-2e-05,-1e-05,0
32673,-3e-05,0.0,-2e-05,-6e-05,-2e-05,-3e-05,-2e-05,-1e-05,0
32674,-3e-05,0.0,-2e-05,-6e-05,-2e-05,-3e-05,-2e-05,-1e-05,0
32675,-3e-05,0.0,-2e-05,-6e-05,-2e-05,-3e-05,-2e-05,-1e-05,0
32676,-3e-05,0.0,-2e-05,-6e-05,-2e-05,-3e-05,-2e-05,-1e-05,0
32677,-3e-05,0.0,-2e-05,-6e-05,-2e-05,-3e-05,-2e-05,-1e-05,0
32678,-3e-05,0.0,-2e-05,-6e-05,-2e-05,-3e-05,-2e-05,-1e-05,0
32679,-3e-05,0.0,-2e-05,-6e-05,-2e-05,-3e-05,-2e-05,-1e-05,0
32680,-2e-05,-2e-05,-1e-05,4e-05,-1e-05,-2e-05,0.0,-1e-05,0
32681,-2e-05,-2e-05,-1e-05,4e-05,-1e-05,-2e-05,0.0,-1e-05,0
32682,-2e-05,-2e-05,-1e-05,4e-05,-1e-05,-2e-05,0.0,-1e-05,0
32683,-2e-05,-2e-05,-1e-05,4e-05,-1e-05,-2e-05,0.0,-1e-05,0
32684,-2e-05,-2e-05,-1e-05,4e-05,-1e-05,-2e-05,0.0,-1e-05,0
32685,-2e-05,-2e-05,-1e-05,4e-05,-1e-05,-2e-05,0.0,-1e-05,0
32686,-2e-05,-2e-05,-1e-05,4e-05,-1e-05,-2e-05,0.0,-1e-05,0
32688,-2e-05,-2e-05,-1e-05,4e-05,-1e-05,-2e-05,0.0,-1e-05,0
32689,-2e-05,-2e-05,-1e-05,4e-05,-1e-05,-2e-05,0.0,-1e-05,0
32690,-2e-05,-2e-05,-1e-05,4e-05,-1e-05,-2e-05,0.0,-1e-05,0
32691,-2e-05,-2e-05,-1e-05,4e-05,-1e-05,-2e-05,0.0,-1e-05,0
32692,-2e-05,-2e-05,-1e-05,4e-05,-1e-05,-2e-05,0.0,-1e-05,0
32693,-2e-05,-2e-05,-1e-05,4e-05,-1e-05,-2e-05,0.0,-1e-05,0
32694,-1e-05,-2e-05,-2e-05,-2e-05,2e-05,0.0,0.0,-2e-05,0
32695,-1e-05,1e-05,2e-05,6e-05,-1e-05,-1e-05,-2e-05,-2e-05,0
32696,-1e-05,1e-05,2e-05,6e-05,-1e-05,-1e-05,-2e-05,-2e-05,0
32697,-1e-05,1e-05,2e-05,6e-05,-1e-05,-1e-05,-2e-05,-2e-05,0
32698,-1e-05,1e-05,2e-05,6e-05,-1e-05,-1e-05,-2e-05,-2e-05,0
32699,-1e-05,1e-05,2e-05,6e-05,-1e-05,-1e-05,-2e-05,-2e-05,0
32700,-1e-05,1e-05,2e-05,6e-05,-1e-05,-1e-05,-2e-05,-2e-05,0
32701,-1e-05,1e-05,2e-05,6e-05,-1e-05,-1e-05,-2e-05,-2e-05,0
32702,-1e-05,1e-05,2e-05,6e-05,-1e-05,-1e-05,-2e-05,-2e-05,0
32703,-2e-05,-1e-05,0.0,0.0,2e-05,-1e-05,-4e-05,-2e-05,0
32704,-2e-05,-1e-05,0.0,0.0,2e-05,-1e-05,-4e-05,-2e-05,0
32705,-2e-05,-1e-05,0.0,0.0,2e-05,-1e-05,-4e-05,-2e-05,0
32706,-2e-05,-1e-05,0.0,0.0,2e-05,-1e-05,-4e-05,-2e-05,0
32707,-2e-05,-1e-05,0.0,0.0,2e-05,-1e-05,-4e-05,-2e-05,0
32708,-2e-05,-1e-05,0.0,0.0,2e-05,-1e-05,-4e-05,-2e-05,0
32709,-2e-05,-1e-05,0.0,0.0,2e-05,-1e-05,-4e-05,-2e-05,0
32710,-2e-05,-1e-05,0.0,0.0,2e-05,-1e-05,-4e-05,-2e-05,0
32711,-2e-05,-1e-05,0.0,0.0,2e-05,-1e-05,-4e-05,-2e-05,0
32712,-2e-05,-1e-05,0.0,0.0,2e-05,-1e-05,-4e-05,-2e-05,0
32713,-2e-05,-1e-05,0.0,0.0,2e-05,-1e-05,-4e-05,-2e-05,0
32714,-2e-05,-1e-05,0.0,0.0,2e-05,-1e-05,-4e-05,-2e-05,0
32715,-2e-05,-1e-05,0.0,0.0,2e-05,-1e-05,-4e-05,-2e-05,0
32716,-2e-05,-1e-05,0.0,0.0,2e-05,-1e-05,-4e-05,-2e-05,0
32717,-2e-05,-1e-05,0.0,0.0,2e-05,-1e-05,-4e-05,-2e-05,0
32718,-3e-05,-7e-05,-7e-05,-0.00015,-2e-05,0.0,0.0,1e-05,0
32719,-3e-05,-7e-05,-7e-05,-0.00015,-2e-05,0.0,0.0,1e-05,0
32720,0.0,2e-05,0.0,-2e-05,-1e-05,-2e-05,1e-05,0.0,0
32721,0.0,2e-05,0.0,-2e-05,-1e-05,-2e-05,1e-05,0.0,0
32722,0.0,2e-05,0.0,-2e-05,-1e-05,-2e-05,1e-05,0.0,0
32723,0.0,2e-05,0.0,-2e-05,-1e-05,-2e-05,1e-05,0.0,0
32724,0.0,2e-05,0.0,-2e-05,-1e-05,-2e-05,1e-05,0.0,0
32725,0.0,2e-05,0.0,-2e-05,-1e-05,-2e-05,1e-05,0.0,0
32726,0.0,2e-05,0.0,-2e-05,-1e-05,-2e-05,1e-05,0.0,0
32727,0.0,2e-05,0.0,-2e-05,-1e-05,-2e-05,1e-05,0.0,0
32728,0.0,2e-05,0.0,-2e-05,-1e-05,-2e-05,1e-05,0.0,0
32729,0.0,2e-05,0.0,-2e-05,-1e-05,-2e-05,1e-05,0.0,0
32730,0.0,2e-05,0.0,-2e-05,-1e-05,-2e-05,1e-05,0.0,0
32731,0.0,2e-05,0.0,-2e-05,-1e-05,-2e-05,1e-05,0.0,0
32732,0.0,2e-05,0.0,-2e-05,-1e-05,-2e-05,1e-05,0.0,0
32733,0.0,2e-05,0.0,-2e-05,-1e-05,-2e-05,1e-05,0.0,0
32734,0.0,2e-05,0.0,-2e-05,-1e-05,-2e-05,1e-05,0.0,0
32735,0.0,2e-05,0.0,-2e-05,-1e-05,-2e-05,1e-05,0.0,0
32736,0.0,2e-05,0.0,-2e-05,-1e-05,-2e-05,1e-05,0.0,0
32738,0.0,2e-05,0.0,-2e-05,-1e-05,-2e-05,1e-05,0.0,0
32739,0.0,2e-05,0.0,-2e-05,-1e-05,-2e-05,1e-05,0.0,0
32740,0.0,3e-05,4e-05,1e-05,0.0,-1e-05,-2e-05,-1e-05,0
32741,0.0,3e-05,4e-05,1e-05,0.0,-1e-05,-2e-05,-1e-05,0
32742,-2e-05,-4e-05,-4e-05,5e-05,2e-05,1e-05,0.0,-2e-05,0
32743,-2e-05,-4e-05,-4e-05,5e-05,2e-05,1e-05,0.0,-2e-05,0
32744,-2e-05,-4e-05,-4e-05,5e-05,2e-05,1e-05,0.0,-2e-05,0
32745,-2e-05,-4e-05,-4e-05,5e-05,2e-05,1e-05,0.0,-2e-05,0
32746,-2e-05,-4e-05,-4e-05,5e-05,2e-05,1e-05,0.0,-2e-05,0
32747,-2e-05,-4e-05,-4e-05,5e-05,2e-05,1e-05,0.0,-2e-05,0
32748,-2e-05,-4e-05,-4e-05,5e-05,2e-05,1e-05,0.0,-2e-05,0
32749,-2e-05,-4e-05,-4e-05,5e-05,2e-05,1e-05,0.0,-2e-05,0
32750,-2e-05,-4e-05,-4e-05,5e-05,2e-05,1e-05,0.0,-2e-05,0
32751,-2e-05,-4e-05,-4e-05,5e-05,2e-05,1e-05,0.0,-2e-05,0
32752,-2e-05,-4e-05,-4e-05,5e-05,2e-05,1e-05,0.0,-2e-05,0
32753,-2e-05,-4e-05,-4e-05,5e-05,2e-05,1e-05,0.0,-2e-05,0
32754,-2e-05,-4e-05,-4e-05,5e-05,2e-05,1e-05,0.0,-2e-05,0
32755,-2e-05,-4e-05,-4e-05,5e-05,2e-05,1e-05,0.0,-2e-05,0
32756,-1e-05,-2e-05,-6e-05,0.0,1e-05,-2e-05,1e-05,-1e-05,0
32757,0.0,-2e-05,-2e-05,0.00011,-1e-05,0.0,0.0,0.0,0
32758,0.0,-2e-05,-2e-05,0.00011,-1e-05,0.0,0.0,0.0,0
32759,0.0,-2e-05,-2e-05,0.00011,-1e-05,0.0,0.0,0.0,0
32760,0.0,-2e-05,-2e-05,0.00011,-1e-05,0.0,0.0,0.0,0
32761,0.0,-2e-05,-2e-05,0.00011,-1e-05,0.0,0.0,0.0,0
32762,0.0,-2e-05,-2e-05,0.00011,-1e-05,0.0,0.0,0.0,0
32763,0.0,-2e-05,-2e-05,0.00011,-1e-05,0.0,0.0,0.0,0
32764,0.0,-2e-05,-2e-05,0.00011,-1e-05,0.0,0.0,0.0,0
32765,0.0,-2e-05,-2e-05,0.00011,-1e-05,0.0,0.0,0.0,0
32766,0.0,-2e-05,-2e-05,0.00011,-1e-05,0.0,0.0,0.0,0
32767,0.0,-2e-05,-2e-05,0.00011,-1e-05,0.0,0.0,0.0,0
32768,0.0,-2e-05,-2e-05,0.00011,-1e-05,0.0,0.0,0.0,0
32769,0.0,-2e-05,-2e-05,0.00011,-1e-05,0.0,0.0,0.0,0
32770,0.0,-2e-05,-2e-05,0.00011,-1e-05,0.0,0.0,0.0,0
32771,0.0,-2e-05,-2e-05,0.00011,-1e-05,0.0,0.0,0.0,0
32772,0.0,-2e-05,-2e-05,0.00011,-1e-05,0.0,0.0,0.0,0
32773,0.0,-2e-05,-2e-05,0.00011,-1e-05,0.0,0.0,0.0,0
32774,0.0,-2e-05,-2e-05,0.00011,-1e-05,0.0,0.0,0.0,0
32775,0.0,-2e-05,-2e-05,0.00011,-1e-05,0.0,0.0,0.0,0
32776,0.0,-2e-05,-2e-05,0.00011,-1e-05,0.0,0.0,0.0,0
32777,0.0,-2e-05,-2e-05,0.00011,-1e-05,0.0,0.0,0.0,0
32778,2e-05,5e-05,4e-05,3e-05,0.0,0.0,-2e-05,0.0,0
32779,-1e-05,-3e-05,-4e-05,-0.0001,-1e-05,-2e-05,-3e-05,0.0,0
32780,-1e-05,-3e-05,-4e-05,-0.0001,-1e-05,-2e-05,-3e-05,0.0,0
32781,-1e-05,-3e-05,-4e-05,-0.0001,-1e-05,-2e-05,-3e-05,0.0,0
32782,-1e-05,-3e-05,-4e-05,-0.0001,-1e-05,-2e-05,-3e-05,0.0,0
32783,-1e-05,-3e-05,-4e-05,-0.0001,-1e-05,-2e-05,-3e-05,0.0,0
32784,-1e-05,-3e-05,-4e-05,-0.0001,-1e-05,-2e-05,-3e-05,0.0,0
32785,-1e-05,-3e-05,-4e-05,-0.0001,-1e-05,-2e-05,-3e-05,0.0,0
32786,-1e-05,-3e-05,-4e-05,-0.0001,-1e-05,-2e-05,-3e-05,0.0,0
32788,-1e-05,-3e-05,-4e-05,-0.0001,-1e-05,-2e-05,-3e-05,0.0,0
32789,-1e-05,-3e-05,-4e-05,-0.0001,-1e-05,-2e-05,-3e-05,0.0,0
32790,-1e-05,-3e-05,-4e-05,-0.0001,-1e-05,-2e-05,-3e-05,0.0,0
32791,-1e-05,-3e-05,-4e-05,-0.0001,-1e-05,-2e-05,-3e-05,0.0,0
32792,-1e-05,-3e-05,-4e-05,-0.0001,-1e-05,-2e-05,-3e-05,0.0,0
32793,-1e-05,-3e-05,-4e-05,-0.0001,-1e-05,-2e-05,-3e-05,0.0,0
32794,-1e-05,-3e-05,-4e-05,-0.0001,-1e-05,-2e-05,-3e-05,0.0,0
32795,-1e-05,-3e-05,-4e-05,-0.0001,-1e-05,-2e-05,-3e-05,0.0,0
32796,-1e-05,-3e-05,-4e-05,-0.0001,-1e-05,-2e-05,-3e-05,0.0,0
32797,-1e-05,-3e-05,-4e-05,-0.0001,-1e-05,-2e-05,-3e-05,0.0,0
32798,-1e-05,-3e-05,-4e-05,-0.0001,-1e-05,-2e-05,-3e-05,0.0,0
32799,-1e-05,-3e-05,-4e-05,-0.0001,-1e-05,-2e-05,-3e-05,0.0,0
32800,-2e-05,1e-05,2e-05,3e-05,1e-05,0.0,-1e-05,-2e-05,0
32801,-2e-05,1e-05,2e-05,3e-05,1e-05,0.0,-1e-05,-2e-05,0
32802,-2e-05,-4e-05,-7e-05,-0.00011,-5e-05,-1e-05,0.0,-2e-05,0
32803,-2e-05,-4e-05,-7e-05,-0.00011,-5e-05,-1e-05,0.0,-2e-05,0
32804,-2e-05,-4e-05,-7e-05,-0.00011,-5e-05,-1e-05,0.0,-2e-05,0
32805,-2e-05,-4e-05,-7e-05,-0.00011,-5e-05,-1e-05,0.0,-2e-05,0
32806,-2e-05,-4e-05,-7e-05,-0.00011,-5e-05,-1e-05,0.0,-2e-05,0
32807,-2e-05,-4e-05,-7e-05,-0.00011,-5e-05,-1e-05,0.0,-2e-05,0
32808,-2e-05,-4e-05,-7e-05,-0.00011,-5e-05,-1e-05,0.0,-2e-05,0
32809,-2e-05,-4e-05,-7e-05,-0.00011,-5e-05,-1e-05,0.0,-2e-05,0
32810,-2e-05,-4e-05,-7e-05,-0.00011,-5e-05,-1e-05,0.0,-2e-05,0
32811,-2e-05,-4e-05,-7e-05,-0.00011,-5e-05,-1e-05,0.0,-2e-05,0
32812,-2e-05,-4e-05,-7e-05,-0.00011,-5e-05,-1e-05,0.0,-2e-05,0
32813,-2e-05,-4e-05,-7e-05,-0.00011,-5e-05,-1e-05,0.0,-2e-05,0
32814,-2e-05,-4e-05,-7e-05,-0.00011,-5e-05,-1e-05,0.0,-2e-05,0
32815,0.0,-3e-05,0.0,-2e-05,-1e-05,-1e-05,-1e-05,-2e-05,0
32816,0.0,-3e-05,0.0,-2e-05,-1e-05,-1e-05,-1e-05,-2e-05,0
32817,0.0,-3e-05,0.0,-2e-05,-1e-05,-1e-05,-1e-05,-2e-05,0
32818,0.0,-3e-05,0.0,-2e-05,-1e-05,-1e-05,-1e-05,-2e-05,0
32819,0.0,-3e-05,0.0,-2e-05,-1e-05,-1e-05,-1e-05,-2e-05,0
32820,0.0,-3e-05,0.0,-2e-05,-1e-05,-1e-05,-1e-05,-2e-05,0
32821,-2e-05,1e-05,2e-05,-1e-05,0.0,0.0,0.0,-2e-05,0
32822,0.0,4e-05,-2e-05,4e-05,-2e-05,-2e-05,-2e-05,1e-05,0
32823,0.0,4e-05,-2e-05,4e-05,-2e-05,-2e-05,-2e-05,1e-05,0
32824,0.0,4e-05,-2e-05,4e-05,-2e-05,-2e-05,-2e-05,1e-05,0
32825,0.0,4e-05,-2e-05,4e-05,-2e-05,-2e-05,-2e-05,1e-05,0
32826,0.0,4e-05,-2e-05,4e-05,-2e-05,-2e-05,-2e-05,1e-05,0
32827,0.0,4e-05,-2e-05,4e-05,-2e-05,-2e-05,-2e-05,1e-05,0
32828,0.0,4e-05,-2e-05,4e-05,-2e-05,-2e-05,-2e-05,1e-05,0
32829,0.0,4e-05,-2e-05,4e-05,-2e-05,-2e-05,-2e-05,1e-05,0
32830,0.0,4e-05,-2e-05,4e-05,-2e-05,-2e-05,-2e-05,1e-05,0
32831,0.0,4e-05,-2e-05,4e-05,-2e-05,-2e-05,-2e-05,1e-05,0
32832,0.0,4e-05,-2e-05,4e-05,-2e-05,-2e-05,-2e-05,1e-05,0
32833,0.0,4e-05,-2e-05,4e-05,-2e-05,-2e-05,-2e-05,1e-05,0
32834,0.0,4e-05,-2e-05,4e-05,-2e-05,-2e-05,-2e-05,1e-05,0
32835,0.0,4e-05,-2e-05,4e-05,-2e-05,-2e-05,-2e-05,1e-05,0
32837,0.0,4e-05,-2e-05,4e-05,-2e-05,-2e-05,-2e-05,1e-05,0
32840,0.0,1e-05,4e-05,-5e-05,-1e-05,1e-05,-1e-05,-1e-05,0
32841,0.0,1e-05,4e-05,-5e-05,-1e-05,1e-05,-1e-05,-1e-05,0
32842,0.0,1e-05,4e-05,-5e-05,-1e-05,1e-05,-1e-05,-1e-05,0
32843,0.0,1e-05,4e-05,-5e-05,-1e-05,1e-05,-1e-05,-1e-05,0
32844,0.0,1e-05,4e-05,-5e-05,-1e-05,1e-05,-1e-05,-1e-05,0
32845,0.0,1e-05,4e-05,-5e-05,-1e-05,1e-05,-1e-05,-1e-05,0
32846,0.0,1e-05,4e-05,-5e-05,-1e-05,1e-05,-1e-05,-1e-05,0
32847,0.0,1e-05,4e-05,-5e-05,-1e-05,1e-05,-1e-05,-1e-05,0
32848,0.0,1e-05,4e-05,-5e-05,-1e-05,1e-05,-1e-05,-1e-05,0
32849,0.0,1e-05,4e-05,-5e-05,-1e-05,1e-05,-1e-05,-1e-05,0
32850,0.0,1e-05,4e-05,-5e-05,-1e-05,1e-05,-1e-05,-1e-05,0
32851,0.0,1e-05,4e-05,-5e-05,-1e-05,1e-05,-1e-05,-1e-05,0
32852,0.0,1e-05,4e-05,-5e-05,-1e-05,1e-05,-1e-05,-1e-05,0
32853,0.0,1e-05,4e-05,-5e-05,-1e-05,1e-05,-1e-05,-1e-05,0
32854,0.0,1e-05,4e-05,-5e-05,-1e-05,1e-05,-1e-05,-1e-05,0
32855,0.0,1e-05,4e-05,-5e-05,-1e-05,1e-05,-1e-05,-1e-05,0
32856,0.0,1e-05,4e-05,-5e-05,-1e-05,1e-05,-1e-05,-1e-05,0
32857,0.0,1e-05,4e-05,-5e-05,-1e-05,1e-05,-1e-05,-1e-05,0
32858,0.0,1e-05,4e-05,-5e-05,-1e-05,1e-05,-1e-05,-1e-05,0
32859,0.0,1e-05,4e-05,-5e-05,-1e-05,1e-05,-1e-05,-1e-05,0
32860,1e-05,1e-05,2e-05,-1e-05,0.0,-2e-05,0.0,-1e-05,0
32861,1e-05,1e-05,2e-05,-1e-05,0.0,-2e-05,0.0,-1e-05,0
32862,-1e-05,-2e-05,-3e-05,-1e-05,0.0,-2e-05,2e-05,-1e-05,0
32863,-1e-05,-2e-05,-3e-05,-1e-05,0.0,-2e-05,2e-05,-1e-05,0
32864,-1e-05,-2e-05,-3e-05,-1e-05,0.0,-2e-05,2e-05,-1e-05,0
32865,-1e-05,-2e-05,-3e-05,-1e-05,0.0,-2e-05,2e-05,-1e-05,0
32866,-1e-05,-2e-05,-3e-05,-1e-05,0.0,-2e-05,2e-05,-1e-05,0
32867,-1e-05,-2e-05,-3e-05,-1e-05,0.0,-2e-05,2e-05,-1e-05,0
32868,-1e-05,-2e-05,-3e-05,-1e-05,0.0,-2e-05,2e-05,-1e-05,0
32869,-1e-05,-2e-05,-3e-05,-1e-05,0.0,-2e-05,2e-05,-1e-05,0
32870,-1e-05,-2e-05,-3e-05,-1e-05,0.0,-2e-05,2e-05,-1e-05,0
32871,-1e-05,-2e-05,-3e-05,-1e-05,0.0,-2e-05,2e-05,-1e-05,0
32872,-1e-05,-2e-05,-3e-05,-1e-05,0.0,-2e-05,2e-05,-1e-05,0
32873,-1e-05,-2e-05,-3e-05,-1e-05,0.0,-2e-05,2e-05,-1e-05,0
32874,-1e-05,-2e-05,-3e-05,-1e-05,0.0,-2e-05,2e-05,-1e-05,0
32875,-1e-05,-2e-05,-3e-05,-1e-05,0.0,-2e-05,2e-05,-1e-05,0
32876,-1e-05,-2e-05,-3e-05,-1e-05,0.0,-2e-05,2e-05,-1e-05,0
32877,-1e-05,-2e-05,-3e-05,-1e-05,0.0,-2e-05,2e-05,-1e-05,0
32878,-1e-05,-2e-05,-3e-05,-1e-05,0.0,-2e-05,2e-05,-1e-05,0
32879,-1e-05,-2e-05,-3e-05,-1e-05,0.0,-2e-05,2e-05,-1e-05,0
32880,-1e-05,-2e-05,-3e-05,-1e-05,0.0,-2e-05,2e-05,-1e-05,0
32881,-1e-05,-2e-05,-3e-05,-1e-05,0.0,-2e-05,2e-05,-1e-05,0
32882,-1e-05,-2e-05,-3e-05,-1e-05,0.0,-2e-05,2e-05,-1e-05,0
32883,1e-05,2e-05,2e-05,2e-05,-1e-05,1e-05,-1e-05,0.0,0
32884,-1e-05,-2e-05,-1e-05,-3e-05,0.0,0.0,-2e-05,-3e-05,0
32885,-1e-05,-2e-05,-1e-05,-3e-05,0.0,0.0,-2e-05,-3e-05,0
32887,-1e-05,-2e-05,-1e-05,-3e-05,0.0,0.0,-2e-05,-3e-05,0
32889,-1e-05,-2e-05,-1e-05,-3e-05,0.0,0.0,-2e-05,-3e-05,0
32890,-1e-05,-2e-05,-1e-05,-3e-05,0.0,0.0,-2e-05,-3e-05,0
32891,-1e-05,-2e-05,-1e-05,-3e-05,0.0,0.0,-2e-05,-3e-05,0
32892,-1e-05,-2e-05,-1e-05,-3e-05,0.0,0.0,-2e-05,-3e-05,0
32893,-1e-05,-2e-05,-1e-05,-3e-05,0.0,0.0,-2e-05,-3e-05,0
32894,-1e-05,-2e-05,-1e-05,-3e-05,0.0,0.0,-2e-05,-3e-05,0
32895,-1e-05,-2e-05,-1e-05,-3e-05,0.0,0.0,-2e-05,-3e-05,0
32896,-1e-05,-2e-05,-1e-05,-3e-05,0.0,0.0,-2e-05,-3e-05,0
32897,-1e-05,-2e-05,-1e-05,-3e-05,0.0,0.0,-2e-05,-3e-05,0
32898,2e-05,1e-05,2e-05,-1e-05,-2e-05,-2e-05,-2e-05,-1e-05,0
32899,2e-05,1e-05,2e-05,-1e-05,-2e-05,-2e-05,-2e-05,-1e-05,0
32900,-2e-05,-2e-05,-6e-05,-3e-05,0.0,0.0,0.0,-1e-05,0
32901,-2e-05,-2e-05,-6e-05,-3e-05,0.0,0.0,0.0,-1e-05,0
32902,-2e-05,-2e-05,-6e-05,-3e-05,0.0,0.0,0.0,-1e-05,0
32903,-2e-05,-2e-05,-6e-05,-3e-05,0.0,0.0,0.0,-1e-05,0
32904,-2e-05,-2e-05,-6e-05,-3e-05,0.0,0.0,0.0,-1e-05,0
32905,-2e-05,-2e-05,-6e-05,-3e-05,0.0,0.0,0.0,-1e-05,0
32906,-2e-05,-2e-05,-6e-05,-3e-05,0.0,0.0,0.0,-1e-05,0
32907,-2e-05,-2e-05,-6e-05,-3e-05,0.0,0.0,0.0,-1e-05,0
32908,-2e-05,-2e-05,-6e-05,-3e-05,0.0,0.0,0.0,-1e-05,0
32909,-2e-05,-2e-05,-6e-05,-3e-05,0.0,0.0,0.0,-1e-05,0
32910,-2e-05,-2e-05,-6e-05,-3e-05,0.0,0.0,0.0,-1e-05,0
32911,-2e-05,-2e-05,-6e-05,-3e-05,0.0,0.0,0.0,-1e-05,0
32912,-2e-05,-2e-05,-6e-05,-3e-05,0.0,0.0,0.0,-1e-05,0
32913,-2e-05,-2e-05,-6e-05,-3e-05,0.0,0.0,0.0,-1e-05,0
32914,-2e-05,-2e-05,-6e-05,-3e-05,0.0,0.0,0.0,-1e-05,0
32915,-2e-05,-2e-05,-6e-05,-3e-05,0.0,0.0,0.0,-1e-05,0
32916,-2e-05,-2e-05,-6e-05,-3e-05,0.0,0.0,0.0,-1e-05,0
32918,-2e-05,-2e-05,-6e-05,-3e-05,0.0,0.0,0.0,-1e-05,1
32919,-2e-05,-2e-05,-6e-05,-3e-05,0.0,0.0,0.0,-1e-05,1
32920,-2e-05,-2e-05,-6e-05,-3e-05,0.0,0.0,0.0,-1e-05,1
32921,-5e-05,-5e-05,-5e-05,-2e-05,-1e-05,-2e-05,0.0,-1e-05,1
32922,0.0,0.0,3e-05,-4e-05,-1e-05,0.0,-1e-05,-1e-05,1
32923,0.0,0.0,3e-05,-4e-05,-1e-05,0.0,-1e-05,-1e-05,1
32924,0.0,0.0,3e-05,-4e-05,-1e-05,0.0,-1e-05,-1e-05,1
32925,0.0,0.0,3e-05,-4e-05,-1e-05,0.0,-1e-05,-1e-05,1
32926,0.0,0.0,3e-05,-4e-05,-1e-05,0.0,-1e-05,-1e-05,1
32927,0.0,0.0,3e-05,-4e-05,-1e-05,0.0,-1e-05,-1e-05,1
32928,0.0,0.0,3e-05,-4e-05,-1e-05,0.0,-1e-05,-1e-05,1
32929,0.0,0.0,3e-05,-4e-05,-1e-05,0.0,-1e-05,-1e-05,1
32930,0.0,0.0,3e-05,-4e-05,-1e-05,0.0,-1e-05,-1e-05,1
32931,0.0,0.0,3e-05,-4e-05,-1e-05,0.0,-1e-05,-1e-05,1
32932,0.0,0.0,3e-05,-4e-05,-1e-05,0.0,-1e-05,-1e-05,1
32933,0.0,0.0,3e-05,-4e-05,-1e-05,0.0,-1e-05,-1e-05,1
32934,0.0,0.0,3e-05,-4e-05,-1e-05,0.0,-1e-05,-1e-05,1
32935,-2e-05,-1e-05,-1e-05,-6e-05,-3e-05,-2e-05,-2e-05,-2e-05,1
32937,-2e-05,-1e-05,-1e-05,-6e-05,-3e-05,-2e-05,-2e-05,-2e-05,1
32939,-2e-05,-1e-05,-1e-05,-6e-05,-3e-05,-2e-05,-2e-05,-2e-05,1
32940,-2e-05,-1e-05,-1e-05,-6e-05,-3e-05,-2e-05,-2e-05,-2e-05,1
32941,1e-05,2e-05,5e-05,8e-05,3e-05,1e-05,0.0,0.0,1
32942,1e-05,-1e-05,-2e-05,3e-05,-1e-05,0.0,-3e-05,-1e-05,1
32943,1e-05,-1e-05,-2e-05,3e-05,-1e-05,0.0,-3e-05,-1e-05,1
32944,1e-05,-1e-05,-2e-05,3e-05,-1e-05,0.0,-3e-05,-1e-05,1
32945,1e-05,-1e-05,-2e-05,3e-05,-1e-05,0.0,-3e-05,-1e-05,1
32946,1e-05,-1e-05,-2e-05,3e-05,-1e-05,0.0,-3e-05,-1e-05,1
32947,1e-05,-1e-05,-2e-05,3e-05,-1e-05,0.0,-3e-05,-1e-05,1
32948,1e-05,-1e-05,-2e-05,3e-05,-1e-05,0.0,-3e-05,-1e-05,1
32949,1e-05,-1e-05,-2e-05,3e-05,-1e-05,0.0,-3e-05,-1e-05,1
32950,1e-05,-1e-05,-2e-05,3e-05,-1e-05,0.0,-3e-05,-1e-05,1
32951,1e-05,-1e-05,-2e-05,3e-05,-1e-05,0.0,-3e-05,-1e-05,1
32952,1e-05,-1e-05,-2e-05,3e-05,-1e-05,0.0,-3e-05,-1e-05,1
32953,1e-05,-1e-05,-2e-05,3e-05,-1e-05,0.0,-3e-05,-1e-05,1
32954,1e-05,-1e-05,-2e-05,3e-05,-1e-05,0.0,-3e-05,-1e-05,1
32955,1e-05,-1e-05,-2e-05,3e-05,-1e-05,0.0,-3e-05,-1e-05,1
32956,1e-05,-1e-05,-2e-05,3e-05,-1e-05,0.0,-3e-05,-1e-05,1
32957,1e-05,-1e-05,-2e-05,3e-05,-1e-05,0.0,-3e-05,-1e-05,1
32958,-2e-05,-2e-05,-3e-05,-3e-05,-1e-05,-1e-05,-2e-05,0.0,1
32959,-2e-05,-1e-05,0.0,-4e-05,0.0,-2e-05,-2e-05,0.0,1
32960,-2e-05,-1e-05,0.0,-4e-05,0.0,-2e-05,-2e-05,0.0,1
32961,-2e-05,-1e-05,0.0,-4e-05,0.0,-2e-05,-2e-05,0.0,1
32962,-2e-05,-1e-05,0.0,-4e-05,0.0,-2e-05,-2e-05,0.0,1
32963,-2e-05,-1e-05,0.0,-4e-05,0.0,-2e-05,-2e-05,0.0,1
32964,-2e-05,-1e-05,0.0,-4e-05,0.0,-2e-05,-2e-05,0.0,1
32965,-2e-05,-1e-05,0.0,-4e-05,0.0,-2e-05,-2e-05,0.0,1
32966,-2e-05,-1e-05,0.0,-4e-05,0.0,-2e-05,-2e-05,0.0,1
32967,-2e-05,-1e-05,0.0,-4e-05,0.0,-2e-05,-2e-05,0.0,1
32968,-2e-05,-1e-05,0.0,-4e-05,0.0,-2e-05,-2e-05,0.0,1
32969,-2e-05,-1e-05,0.0,-4e-05,0.0,-2e-05,-2e-05,0.0,1
32970,-2e-05,-1e-05,0.0,-4e-05,0.0,-2e-05,-2e-05,0.0,1
32971,-2e-05,-1e-05,0.0,-4e-05,0.0,-2e-05,-2e-05,0.0,1
32972,-2e-05,-1e-05,0.0,-4e-05,0.0,-2e-05,-2e-05,0.0,1
32973,-2e-05,-1e-05,0.0,-4e-05,0.0,-2e-05,-2e-05,0.0,1
32974,-2e-05,-1e-05,0.0,-4e-05,0.0,-2e-05,-2e-05,0.0,1
32975,-2e-05,-1e-05,0.0,-4e-05,0.0,-2e-05,-2e-05,0.0,1
32976,-2e-05,-1e-05,0.0,-4e-05,0.0,-2e-05,-2e-05,0.0,1
32977,-2e-05,-1e-05,0.0,-4e-05,0.0,-2e-05,-2e-05,0.0,1
32978,-2e-05,-1e-05,0.0,-4e-05,0.0,-2e-05,-2e-05,0.0,1
32979,-2e-05,-1e-05,0.0,-4e-05,0.0,-2e-05,-2e-05,0.0,1
32980,1e-05,0.0,-1e-05,3e-05,1e-05,-1e-05,-3e-05,-1e-05,1
32981,1e-05,0.0,-1e-05,3e-05,1e-05,-1e-05,-3e-05,-1e-05,1
32982,2e-05,1e-05,-2e-05,-5e-05,-1e-05,-1e-05,-1e-05,-2e-05,1
32983,2e-05,1e-05,-2e-05,-5e-05,-1e-05,-1e-05,-1e-05,-2e-05,1
32984,2e-05,1e-05,-2e-05,-5e-05,-1e-05,-1e-05,-1e-05,-2e-05,1
32985,2e-05,1e-05,-2e-05,-5e-05,-1e-05,-1e-05,-1e-05,-2e-05,1
32986,2e-05,1e-05,-2e-05,-5e-05,-1e-05,-1e-05,-1e-05,-2e-05,1
32988,2e-05,1e-05,-2e-05,-5e-05,-1e-05,-1e-05,-1e-05,-2e-05,1
32989,2e-05,1e-05,-2e-05,-5e-05,-1e-05,-1e-05,-1e-05,-2e-05,1
32990,2e-05,1e-05,-2e-05,-5e-05,-1e-05,-1e-05,-1e-05,-2e-05,1
32991,2e-05,1e-05,-2e-05,-5e-05,-1e-05,-1e-05,-1e-05,-2e-05,1
32992,2e-05,1e-05,-2e-05,-5e-05,-1e-05,-1e-05,-1e-05,-2e-05,1
32993,2e-05,1e-05,-2e-05,-5e-05,-1e-05,-1e-05,-1e-05,-2e-05,1
32994,2e-05,1e-05,-2e-05,-5e-05,-1e-05,-1e-05,-1e-05,-2e-05,1
32995,2e-05,1e-05,-2e-05,-5e-05,-1e-05,-1e-05,-1e-05,-2e-05,1
32996,2e-05,1e-05,-2e-05,-5e-05,-1e-05,-1e-05,-1e-05,-2e-05,1
32997,2e-05,1e-05,-2e-05,-5e-05,-1e-05,-1e-05,-1e-05,-2e-05,1
32998,2e-05,1e-05,-2e-05,-5e-05,-1e-05,-1e-05,-1e-05,-2e-05,1
32999,2e-05,1e-05,-2e-05,-5e-05,-1e-05,-1e-05,-1e-05,-2e-05,1
33000,2e-05,1e-05,-2e-05,-5e-05,-1e-05,-1e-05,-1e-05,-2e-05,1
33001,2e-05,1e-05,-2e-05,-5e-05,-1e-05,-1e-05,-1e-05,-2e-05,1
33002,2e-05,1e-05,-2e-05,-5e-05,-1e-05,-1e-05,-1e-05,-2e-05,1
33003,-3e-05,-6e-05,-4e-05,-2e-05,-2e-05,0.0,0.0,-2e-05,1
33004,0.0,3e-05,4e-05,6e-05,-2e-05,0.0,-2e-05,0.0,1
33005,0.0,3e-05,4e-05,6e-05,-2e-05,0.0,-2e-05,0.0,1
33006,0.0,3e-05,4e-05,6e-05,-2e-05,0.0,-2e-05,0.0,1
33007,0.0,3e-05,4e-05,6e-05,-2e-05,0.0,-2e-05,0.0,1
33008,0.0,3e-05,4e-05,6e-05,-2e-05,0.0,-2e-05,0.0,1
33009,0.0,3e-05,4e-05,6e-05,-2e-05,0.0,-2e-05,0.0,1
33010,0.0,3e-05,4e-05,6e-05,-2e-05,0.0,-2e-05,0.0,1
33011,0.0,3e-05,4e-05,6e-05,-2e-05,0.0,-2e-05,0.0,1
33012,0.0,3e-05,4e-05,6e-05,-2e-05,0.0,-2e-05,0.0,1
33013,0.0,3e-05,4e-05,6e-05,-2e-05,0.0,-2e-05,0.0,1
33014,0.0,3e-05,4e-05,6e-05,-2e-05,0.0,-2e-05,0.0,1
33015,0.0,3e-05,4e-05,6e-05,-2e-05,0.0,-2e-05,0.0,1
33016,0.0,3e-05,4e-05,6e-05,-2e-05,0.0,-2e-05,0.0,1
33017,0.0,3e-05,4e-05,6e-05,-2e-05,0.0,-2e-05,0.0,1
33018,0.0,-1e-05,0.0,4e-05,2e-05,0.0,1e-05,1e-05,1
33019,0.0,-1e-05,0.0,4e-05,2e-05,0.0,1e-05,1e-05,1
33020,-2e-05,-2e-05,-5e-05,-0.00012,-3e-05,-2e-05,0.0,-4e-05,1
33021,1e-05,-1e-05,-3e-05,0.0,-5e-05,-2e-05,-3e-05,0.0,1
33022,1e-05,-1e-05,-3e-05,0.0,-5e-05,-2e-05,-3e-05,0.0,1
33023,1e-05,-1e-05,-3e-05,0.0,-5e-05,-2e-05,-3e-05,0.0,1
33024,1e-05,-1e-05,-3e-05,0.0,-5e-05,-2e-05,-3e-05,0.0,1
33025,1e-05,-1e-05,-3e-05,0.0,-5e-05,-2e-05,-3e-05,0.0,1
33026,1e-05,-1e-05,-3e-05,0.0,-5e-05,-2e-05,-3e-05,0.0,1
33027,1e-05,-1e-05,-3e-05,0.0,-5e-05,-2e-05,-3e-05,0.0,1
33028,1e-05,-1e-05,-3e-05,0.0,-5e-05,-2e-05,-3e-05,0.0,1
33029,1e-05,-1e-05,-3e-05,0.0,-5e-05,-2e-05,-3e-05,0.0,1
33030,1e-05,-1e-05,-3e-05,0.0,-5e-05,-2e-05,-3e-05,0.0,1
33031,1e-05,-1e-05,-3e-05,0.0,-5e-05,-2e-05,-3e-05,0.0,1
33032,1e-05,-1e-05,-3e-05,0.0,-5e-05,-2e-05,-3e-05,0.0,1
33033,1e-05,-1e-05,-3e-05,0.0,-5e-05,-2e-05,-3e-05,0.0,1
33034,1e-05,-1e-05,-3e-05,0.0,-5e-05,-2e-05,-3e-05,0.0,1
33035,1e-05,-1e-05,-3e-05,0.0,-5e-05,-2e-05,-3e-05,0.0,1
33036,1e-05,-1e-05,-3e-05,0.0,-5e-05,-2e-05,-3e-05,0.0,1
33038,1e-05,-1e-05,-3e-05,0.0,-5e-05,-2e-05,-3e-05,0.0,1
33039,1e-05,-1e-05,-3e-05,0.0,-5e-05,-2e-05,-3e-05,0.0,1
33040,1e-05,-1e-05,-3e-05,0.0,-5e-05,-2e-05,-3e-05,0.0,1
33041,-1e-05,0.0,0.0,1e-05,-1e-05,-1e-05,-1e-05,-1e-05,1
33042,-2e-05,-3e-05,-1e-05,1e-05,-1e-05,-1e-05,0.0,-1e-05,1
33043,-2e-05,-3e-05,-1e-05,1e-05,-1e-05,-1e-05,0.0,-1e-05,1
33044,-2e-05,-3e-05,-1e-05,1e-05,-1e-05,-1e-05,0.0,-1e-05,1
33045,-2e-05,-3e-05,-1e-05,1e-05,-1e-05,-1e-05,0.0,-1e-05,1
33046,-2e-05,-3e-05,-1e-05,1e-05,-1e-05,-1e-05,0.0,-1e-05,1
33047,-2e-05,-3e-05,-1e-05,1e-05,-1e-05,-1e-05,0.0,-1e-05,1
33048,-2e-05,-3e-05,-1e-05,1e-05,-1e-05,-1e-05,0.0,-1e-05,1
33049,-2e-05,-3e-05,-1e-05,1e-05,-1e-05,-1e-05,0.0,-1e-05,1
33050,-2e-05,-3e-05,-1e-05,1e-05,-1e-05,-1e-05,0.0,-1e-05,1
33051,-2e-05,-3e-05,-1e-05,1e-05,-1e-05,-1e-05,0.0,-1e-05,1
33052,-2e-05,-3e-05,-1e-05,1e-05,-1e-05,-1e-05,0.0,-1e-05,1
33053,-2e-05,-3e-05,-1e-05,1e-05,-1e-05,-1e-05,0.0,-1e-05,1
33054,-2e-05,-3e-05,-1e-05,1e-05,-1e-05,-1e-05,0.0,-1e-05,1
33055,0.0,2e-05,1e-05,1e-05,-1e-05,-1e-05,-1e-05,-1e-05,1
33056,0.0,2e-05,1e-05,1e-05,-1e-05,-1e-05,-1e-05,-1e-05,1
33057,0.0,2e-05,1e-05,1e-05,-1e-05,-1e-05,-1e-05,-1e-05,1
33058,0.0,2e-05,1e-05,1e-05,-1e-05,-1e-05,-1e-05,-1e-05,1
33059,0.0,2e-05,1e-05,1e-05,-1e-05,-1e-05,-1e-05,-1e-05,1
33060,0.0,2e-05,1e-05,1e-05,-1e-05,-1e-05,-1e-05,-1e-05,1
33061,-1e-05,-1e-05,-1e-05,-3e-05,-1e-05,-1e-05,-2e-05,-2e-05,1
33062,-1e-05,-1e-05,-1e-05,-3e-05,-1e-05,-1e-05,-2e-05,-2e-05,1
33063,-1e-05,-1e-05,-1e-05,-3e-05,-1e-05,-1e-05,-2e-05,-2e-05,1
33064,-1e-05,-1e-05,-1e-05,-3e-05,-1e-05,-1e-05,-2e-05,-2e-05,1
33065,-1e-05,-1e-05,-1e-05,-3e-05,-1e-05,-1e-05,-2e-05,-2e-05,1
33066,-1e-05,-1e-05,-1e-05,-3e-05,-1e-05,-1e-05,-2e-05,-2e-05,1
33067,-1e-05,-1e-05,-1e-05,-3e-05,-1e-05,-1e-05,-2e-05,-2e-05,1
33068,-1e-05,-1e-05,-1e-05,-3e-05,-1e-05,-1e-05,-2e-05,-2e-05,1
33069,-1e-05,-1e-05,-1e-05,-3e-05,-1e-05,-1e-05,-2e-05,-2e-05,1
33070,-1e-05,-1e-05,-1e-05,-3e-05,-1e-05,-1e-05,-2e-05,-2e-05,1
33071,-1e-05,-1e-05,-1e-05,-3e-05,-1e-05,-1e-05,-2e-05,-2e-05,1
33072,-1e-05,-1e-05,-1e-05,-3e-05,-1e-05,-1e-05,-2e-05,-2e-05,1
33073,-1e-05,-1e-05,-1e-05,-3e-05,-1e-05,-1e-05,-2e-05,-2e-05,1
33074,-1e-05,-1e-05,-1e-05,-3e-05,-1e-05,-1e-05,-2e-05,-2e-05,1
33075,-1e-05,-1e-05,-1e-05,-3e-05,-1e-05,-1e-05,-2e-05,-2e-05,1
33076,-1e-05,-1e-05,-1e-05,-3e-05,-1e-05,-1e-05,-2e-05,-2e-05,1
33077,-1e-05,-1e-05,-1e-05,-3e-05,-1e-05,-1e-05,-2e-05,-2e-05,1
33078,-1e-05,1e-05,-1e-05,-1e-05,-2e-05,0.0,-2e-05,-3e-05,1
33079,-1e-05,1e-05,-1e-05,-1e-05,-2e-05,0.0,-2e-05,-3e-05,1
33080,-4e-05,-3e-05,-3e-05,2e-05,0.0,0.0,-1e-05,-1e-05,1
33081,-4e-05,-3e-05,-3e-05,2e-05,0.0,0.0,-1e-05,-1e-05,1
33082,-4e-05,-3e-05,-3e-05,2e-05,0.0,0.0,-1e-05,-1e-05,1
33083,-4e-05,-3e-05,-3e-05,2e-05,0.0,0.0,-1e-05,-1e-05,1
33084,-4e-05,-3e-05,-3e-05,2e-05,0.0,0.0,-1e-05,-1e-05,1
33085,-4e-05,-3e-05,-3e-05,2e-05,0.0,0.0,-1e-05,-1e-05,1
33086,-4e-05,-3e-05,-3e-05,2e-05,0.0,0.0,-1e-05,-1e-05,1
33088,-4e-05,-3e-05,-3e-05,2e-05,0.0,0.0,-1e-05,-1e-05,1
33089,-4e-05,-3e-05,-3e-05,2e-05,0.0,0.0,-1e-05,-1e-05,1
33090,-4e-05,-3e-05,-3e-05,2e-05,0.0,0.0,-1e-05,-1e-05,1
33091,-4e-05,-3e-05,-3e-05,2e-05,0.0,0.0,-1e-05,-1e-05,1
33092,-4e-05,-3e-05,-3e-05,2e-05,0.0,0.0,-1e-05,-1e-05,1
33093,-4e-05,-3e-05,-3e-05,2e-05,0.0,0.0,-1e-05,-1e-05,1
33094,-4e-05,-3e-05,-3e-05,2e-05,0.0,0.0,-1e-05,-1e-05,1
33095,-4e-05,-3e-05,-3e-05,2e-05,0.0,0.0,-1e-05,-1e-05,1
33096,-4e-05,-3e-05,-3e-05,2e-05,0.0,0.0,-1e-05,-1e-05,1
33097,-4e-05,-3e-05,-3e-05,2e-05,0.0,0.0,-1e-05,-1e-05,1
33098,-4e-05,-3e-05,-3e-05,2e-05,0.0,0.0,-1e-05,-1e-05,1
33099,-4e-05,-3e-05,-3e-05,2e-05,0.0,0.0,-1e-05,-1e-05,1
33100,-1e-05,-3e-05,-1e-05,-1e-05,0.0,0.0,1e-05,1e-05,1
33101,-1e-05,-3e-05,-1e-05,-1e-05,0.0,0.0,1e-05,1e-05,1
33102,0.0,0.0,1e-05,1e-05,-1e-05,-2e-05,0.0,0.0,1
33103,0.0,0.0,1e-05,1e-05,-1e-05,-2e-05,0.0,0.0,1
33104,0.0,0.0,1e-05,1e-05,-1e-05,-2e-05,0.0,0.0,1
33105,0.0,0.0,1e-05,1e-05,-1e-05,-2e-05,0.0,0.0,1
33106,0.0,0.0,1e-05,1e-05,-1e-05,-2e-05,0.0,0.0,1
33107,0.0,0.0,1e-05,1e-05,-1e-05,-2e-05,0.0,0.0,1
33108,0.0,0.0,1e-05,1e-05,-1e-05,-2e-05,0.0,0.0,1
33109,0.0,0.0,1e-05,1e-05,-1e-05,-2e-05,0.0,0.0,1
33110,0.0,0.0,1e-05,1e-05,-1e-05,-2e-05,0.0,0.0,1
33111,0.0,0.0,1e-05,1e-05,-1e-05,-2e-05,0.0,0.0,1
33112,0.0,0.0,1e-05,1e-05,-1e-05,-2e-05,0.0,0.0,1
33113,0.0,0.0,1e-05,1e-05,-1e-05,-2e-05,0.0,0.0,1
33114,0.0,-1e-05,-4e-05,-4e-05,0.0,-2e-05,0.0,-2e-05,1
33115,1e-05,2e-05,2e-05,3e-05,0.0,-2e-05,-1e-05,-1e-05,1
33116,1e-05,2e-05,2e-05,3e-05,0.0,-2e-05,-1e-05,-1e-05,1
33117,1e-05,2e-05,2e-05,3e-05,0.0,-2e-05,-1e-05,-1e-05,1
33118,1e-05,2e-05,2e-05,3e-05,0.0,-2e-05,-1e-05,-1e-05,1
33119,1e-05,2e-05,2e-05,3e-05,0.0,-2e-05,-1e-05,-1e-05,1
33120,1e-05,2e-05,2e-05,3e-05,0.0,-2e-05,-1e-05,-1e-05,1
33121,-3e-05,-5e-05,-4e-05,0.00012,1e-05,1e-05,0.0,-2e-05,1
33122,-3e-05,-5e-05,-4e-05,0.00012,1e-05,1e-05,0.0,-2e-05,1
33123,-3e-05,-5e-05,-4e-05,0.00012,1e-05,1e-05,0.0,-2e-05,1
33124,-3e-05,-5e-05,-4e-05,0.00012,1e-05,1e-05,0.0,-2e-05,1
33125,-3e-05,-5e-05,-4e-05,0.00012,1e-05,1e-05,0.0,-2e-05,1
33126,-3e-05,-5e-05,-4e-05,0.00012,1e-05,1e-05,0.0,-2e-05,1
33127,-3e-05,-5e-05,-4e-05,0.00012,1e-05,1e-05,0.0,-2e-05,1
33128,-3e-05,-5e-05,-4e-05,0.00012,1e-05,1e-05,0.0,-2e-05,1
33129,-3e-05,-5e-05,-4e-05,0.00012,1e-05,1e-05,0.0,-2e-05,1
33130,-3e-05,-5e-05,-4e-05,0.00012,1e-05,1e-05,0.0,-2e-05,1
33131,-3e-05,-5e-05,-4e-05,0.00012,1e-05,1e-05,0.0,-2e-05,1
33132,-3e-05,-5e-05,-4e-05,0.00012,1e-05,1e-05,0.0,-2e-05,1
33133,-3e-05,-5e-05,-4e-05,0.00012,1e-05,1e-05,0.0,-2e-05,1
33134,-3e-05,-5e-05,-4e-05,0.00012,1e-05,1e-05,0.0,-2e-05,1
33135,-3e-05,-5e-05,-4e-05,0.00012,1e-05,1e-05,0.0,-2e-05,1
33136,-3e-05,-5e-05,-4e-05,0.00012,1e-05,1e-05,0.0,-2e-05,1
33139,-1e-05,0.0,-1e-05,5e-05,2e-05,0.0,-1e-05,-1e-05,1
33140,1e-05,1e-05,5e-05,-5e-05,-2e-05,-1e-05,0.0,-1e-05,1
33141,1e-05,1e-05,5e-05,-5e-05,-2e-05,-1e-05,0.0,-1e-05,1
33142,1e-05,1e-05,5e-05,-5e-05,-2e-05,-1e-05,0.0,-1e-05,1
33143,1e-05,1e-05,5e-05,-5e-05,-2e-05,-1e-05,0.0,-1e-05,1
33144,1e-05,1e-05,5e-05,-5e-05,-2e-05,-1e-05,0.0,-1e-05,1
33145,1e-05,1e-05,5e-05,-5e-05,-2e-05,-1e-05,0.0,-1e-05,1
33146,1e-05,1e-05,5e-05,-5e-05,-2e-05,-1e-05,0.0,-1e-05,1
33147,1e-05,1e-05,5e-05,-5e-05,-2e-05,-1e-05,0.0,-1e-05,1
33148,1e-05,1e-05,5e-05,-5e-05,-2e-05,-1e-05,0.0,-1e-05,1
33149,1e-05,1e-05,5e-05,-5e-05,-2e-05,-1e-05,0.0,-1e-05,1
33150,1e-05,1e-05,5e-05,-5e-05,-2e-05,-1e-05,0.0,-1e-05,1
33151,1e-05,1e-05,5e-05,-5e-05,-2e-05,-1e-05,0.0,-1e-05,1
33152,1e-05,1e-05,5e-05,-5e-05,-2e-05,-1e-05,0.0,-1e-05,1
33153,1e-05,1e-05,5e-05,-5e-05,-2e-05,-1e-05,0.0,-1e-05,1
33154,1e-05,1e-05,5e-05,-5e-05,-2e-05,-1e-05,0.0,-1e-05,1
33155,1e-05,1e-05,5e-05,-5e-05,-2e-05,-1e-05,0.0,-1e-05,1
33156,1e-05,1e-05,5e-05,-5e-05,-2e-05,-1e-05,0.0,-1e-05,1
33157,1e-05,1e-05,5e-05,-5e-05,-2e-05,-1e-05,0.0,-1e-05,1
33158,1e-05,1e-05,5e-05,-5e-05,-2e-05,-1e-05,0.0,-1e-05,1
33159,1e-05,1e-05,5e-05,-5e-05,-2e-05,-1e-05,0.0,-1e-05,1
33160,1e-05,1e-05,5e-05,-5e-05,-2e-05,-1e-05,0.0,-1e-05,1
33161,-2e-05,-6e-05,-6e-05,0.00011,-2e-05,-2e-05,0.0,0.0,1
33162,0.0,0.0,-1e-05,-2e-05,0.0,-1e-05,-1e-05,0.0,1
33163,0.0,0.0,-1e-05,-2e-05,0.0,-1e-05,-1e-05,0.0,1
33164,0.0,0.0,-1e-05,-2e-05,0.0,-1e-05,-1e-05,0.0,1
33165,0.0,0.0,-1e-05,-2e-05,0.0,-1e-05,-1e-05,0.0,1
33166,0.0,0.0,-1e-05,-2e-05,0.0,-1e-05,-1e-05,0.0,1
33167,0.0,0.0,-1e-05,-2e-05,0.0,-1e-05,-1e-05,0.0,1
33168,0.0,0.0,-1e-05,-2e-05,0.0,-1e-05,-1e-05,0.0,1
33169,0.0,0.0,-1e-05,-2e-05,0.0,-1e-05,-1e-05,0.0,1
33170,0.0,0.0,-1e-05,-2e-05,0.0,-1e-05,-1e-05,0.0,1
33171,0.0,0.0,-1e-05,-2e-05,0.0,-1e-05,-1e-05,0.0,1
33172,0.0,0.0,-1e-05,-2e-05,0.0,-1e-05,-1e-05,0.0,1
33173,0.0,0.0,-1e-05,-2e-05,0.0,-1e-05,-1e-05,0.0,1
33174,-3e-05,0.0,-1e-05,1e-05,-1e-05,-1e-05,0.0,1e-05,1
33175,1e-05,4e-05,2e-05,-9e-05,-1e-05,-3e-05,-2e-05,-2e-05,1
33176,1e-05,4e-05,2e-05,-9e-05,-1e-05,-3e-05,-2e-05,-2e-05,1
33177,1e-05,4e-05,2e-05,-9e-05,-1e-05,-3e-05,-2e-05,-2e-05,1
33178,1e-05,4e-05,2e-05,-9e-05,-1e-05,-3e-05,-2e-05,-2e-05,1
33179,1e-05,4e-05,2e-05,-9e-05,-1e-05,-3e-05,-2e-05,-2e-05,1
33180,1e-05,4e-05,2e-05,-9e-05,-1e-05,-3e-05,-2e-05,-2e-05,1
33181,2e-05,1e-05,4e-05,9e-05,3e-05,0.0,-1e-05,-1e-05,1
33182,-3e-05,1e-05,1e-05,2e-05,-1e-05,-2e-05,-1e-05,-2e-05,1
33183,-3e-05,1e-05,1e-05,2e-05,-1e-05,-2e-05,-1e-05,-2e-05,1
33184,-3e-05,1e-05,1e-05,2e-05,-1e-05,-2e-05,-1e-05,-2e-05,1
33185,-3e-05,1e-05,1e-05,2e-05,-1e-05,-2e-05,-1e-05,-2e-05,1
33186,-3e-05,1e-05,1e-05,2e-05,-1e-05,-2e-05,-1e-05,-2e-05,1
33189,-3e-05,1e-05,1e-05,2e-05,-1e-05,-2e-05,-1e-05,-2e-05,1
33190,-3e-05,1e-05,1e-05,2e-05,-1e-05,-2e-05,-1e-05,-2e-05,1
33191,-3e-05,1e-05,1e-05,2e-05,-1e-05,-2e-05,-1e-05,-2e-05,1
33192,-3e-05,1e-05,1e-05,2e-05,-1e-05,-2e-05,-1e-05,-2e-05,1
33193,-3e-05,1e-05,1e-05,2e-05,-1e-05,-2e-05,-1e-05,-2e-05,1
33194,-3e-05,1e-05,1e-05,2e-05,-1e-05,-2e-05,-1e-05,-2e-05,1
33195,-3e-05,1e-05,1e-05,2e-05,-1e-05,-2e-05,-1e-05,-2e-05,1
33196,-3e-05,1e-05,1e-05,2e-05,-1e-05,-2e-05,-1e-05,-2e-05,1
33197,-3e-05,1e-05,1e-05,2e-05,-1e-05,-2e-05,-1e-05,-2e-05,1
33198,-4e-05,-4e-05,-5e-05,7e-05,2e-05,0.0,-1e-05,0.0,1
33199,-4e-05,-4e-05,-5e-05,7e-05,2e-05,0.0,-1e-05,0.0,1
33200,0.0,0.0,-1e-05,2e-05,0.0,0.0,1e-05,0.0,1
33201,0.0,0.0,-1e-05,2e-05,0.0,0.0,1e-05,0.0,1
33202,0.0,0.0,-1e-05,2e-05,0.0,0.0,1e-05,0.0,1
33203,0.0,0.0,-1e-05,2e-05,0.0,0.0,1e-05,0.0,1
33204,0.0,0.0,-1e-05,2e-05,0.0,0.0,1e-05,0.0,1
33205,0.0,0.0,-1e-05,2e-05,0.0,0.0,1e-05,0.0,1
33206,0.0,0.0,-1e-05,2e-05,0.0,0.0,1e-05,0.0,1
33207,0.0,0.0,-1e-05,2e-05,0.0,0.0,1e-05,0.0,1
33208,0.0,0.0,-1e-05,2e-05,0.0,0.0,1e-05,0.0,1
33209,0.0,0.0,-1e-05,2e-05,0.0,0.0,1e-05,0.0,1
33210,0.0,0.0,-1e-05,2e-05,0.0,0.0,1e-05,0.0,1
33211,0.0,0.0,-1e-05,2e-05,0.0,0.0,1e-05,0.0,1
33212,0.0,0.0,-1e-05,2e-05,0.0,0.0,1e-05,0.0,1
33213,0.0,0.0,-1e-05,2e-05,0.0,0.0,1e-05,0.0,1
33214,0.0,0.0,-1e-05,2e-05,0.0,0.0,1e-05,0.0,1
33215,0.0,0.0,-1e-05,2e-05,0.0,0.0,1e-05,0.0,1
33216,0.0,0.0,-1e-05,2e-05,0.0,0.0,1e-05,0.0,1
33217,0.0,0.0,-1e-05,2e-05,0.0,0.0,1e-05,0.0,1
33218,0.0,0.0,-1e-05,2e-05,0.0,0.0,1e-05,0.0,1
33219,0.0,0.0,-1e-05,2e-05,0.0,0.0,1e-05,0.0,1
33220,0.0,0.0,-1e-05,2e-05,0.0,0.0,1e-05,0.0,1
33221,-2e-05,-4e-05,-5e-05,-0.00013,-5e-05,0.0,0.0,-1e-05,1
33222,1e-05,4e-05,5e-05,-4e-05,1e-05,1e-05,0.0,-2e-05,1
33223,1e-05,4e-05,5e-05,-4e-05,1e-05,1e-05,0.0,-2e-05,1
33224,1e-05,4e-05,5e-05,-4e-05,1e-05,1e-05,0.0,-2e-05,1
33225,1e-05,4e-05,5e-05,-4e-05,1e-05,1e-05,0.0,-2e-05,1
33226,1e-05,4e-05,5e-05,-4e-05,1e-05,1e-05,0.0,-2e-05,1
33227,1e-05,4e-05,5e-05,-4e-05,1e-05,1e-05,0.0,-2e-05,1
33228,1e-05,4e-05,5e-05,-4e-05,1e-05,1e-05,0.0,-2e-05,1
33229,1e-05,4e-05,5e-05,-4e-05,1e-05,1e-05,0.0,-2e-05,1
33230,1e-05,4e-05,5e-05,-4e-05,1e-05,1e-05,0.0,-2e-05,1
33231,1e-05,4e-05,5e-05,-4e-05,1e-05,1e-05,0.0,-2e-05,1
33232,1e-05,4e-05,5e-05,-4e-05,1e-05,1e-05,0.0,-2e-05,1
33233,1e-05,4e-05,5e-05,-4e-05,1e-05,1e-05,0.0,-2e-05,1
33234,1e-05,4e-05,5e-05,-4e-05,1e-05,1e-05,0.0,-2e-05,1
33235,-3e-05,-4e-05,-5e-05,-6e-05,-2e-05,-1e-05,0.0,-2e-05,1
33236,-3e-05,-4e-05,-5e-05,-6e-05,-2e-05,-1e-05,0.0,-2e-05,1
33238,-3e-05,-4e-05,-5e-05,-6e-05,-2e-05,-1e-05,0.0,-2e-05,1
33239,-3e-05,-4e-05,-5e-05,-6e-05,-2e-05,-1e-05,0.0,-2e-05,1
33240,-3e-05,-4e-05,-5e-05,-6e-05,-2e-05,-1e-05,0.0,-2e-05,1
33241,1e-05,-1e-05,-2e-05,-1e-05,-1e-05,1e-05,1e-05,0.0,1
33242,-2e-05,0.0,0.0,0.0,-1e-05,-1e-05,0.0,-1e-05,1
33243,-2e-05,0.0,0.0,0.0,-1e-05,-1e-05,0.0,-1e-05,1
33244,-2e-05,0.0,0.0,0.0,-1e-05,-1e-05,0.0,-1e-05,1
33245,-2e-05,0.0,0.0,0.0,-1e-05,-1e-05,0.0,-1e-05,1
33246,-2e-05,0.0,0.0,0.0,-1e-05,-1e-05,0.0,-1e-05,1
33247,-2e-05,0.0,0.0,0.0,-1e-05,-1e-05,0.0,-1e-05,1
33248,-2e-05,0.0,0.0,0.0,-1e-05,-1e-05,0.0,-1e-05,1
33249,-2e-05,0.0,0.0,0.0,-1e-05,-1e-05,0.0,-1e-05,1
33250,-2e-05,0.0,0.0,0.0,-1e-05,-1e-05,0.0,-1e-05,1
33251,-2e-05,0.0,0.0,0.0,-1e-05,-1e-05,0.0,-1e-05,1
33252,-2e-05,0.0,0.0,0.0,-1e-05,-1e-05,0.0,-1e-05,1
33253,-2e-05,0.0,0.0,0.0,-1e-05,-1e-05,0.0,-1e-05,1
33254,-2e-05,0.0,0.0,0.0,-1e-05,-1e-05,0.0,-1e-05,1
33255,-2e-05,0.0,0.0,0.0,-1e-05,-1e-05,0.0,-1e-05,1
33256,-2e-05,0.0,0.0,0.0,-1e-05,-1e-05,0.0,-1e-05,1
33257,-2e-05,0.0,0.0,0.0,-1e-05,-1e-05,0.0,-1e-05,1
33258,0.0,1e-05,1e-05,-2e-05,0.0,-1e-05,-2e-05,1e-05,1
33259,0.0,0.0,-1e-05,-6e-05,-2e-05,-2e-05,-1e-05,-2e-05,1
33260,0.0,0.0,-1e-05,-6e-05,-2e-05,-2e-05,-1e-05,-2e-05,1
33261,0.0,0.0,-1e-05,-6e-05,-2e-05,-2e-05,-1e-05,-2e-05,1
33262,0.0,0.0,-1e-05,-6e-05,-2e-05,-2e-05,-1e-05,-2e-05,1
33263,0.0,0.0,-1e-05,-6e-05,-2e-05,-2e-05,-1e-05,-2e-05,1
33264,0.0,0.0,-1e-05,-6e-05,-2e-05,-2e-05,-1e-05,-2e-05,1
33265,0.0,0.0,-1e-05,-6e-05,-2e-05,-2e-05,-1e-05,-2e-05,1
33266,0.0,0.0,-1e-05,-6e-05,-2e-05,-2e-05,-1e-05,-2e-05,1
33267,0.0,0.0,-1e-05,-6e-05,-2e-05,-2e-05,-1e-05,-2e-05,1
33268,0.0,0.0,-1e-05,-6e-05,-2e-05,-2e-05,-1e-05,-2e-05,1
33269,0.0,0.0,-1e-05,-6e-05,-2e-05,-2e-05,-1e-05,-2e-05,1
33270,0.0,0.0,-1e-05,-6e-05,-2e-05,-2e-05,-1e-05,-2e-05,1
33271,0.0,0.0,-1e-05,-6e-05,-2e-05,-2e-05,-1e-05,-2e-05,1
33272,0.0,0.0,-1e-05,-6e-05,-2e-05,-2e-05,-1e-05,-2e-05,1
33273,0.0,0.0,-1e-05,-6e-05,-2e-05,-2e-05,-1e-05,-2e-05,1
33274,0.0,0.0,-1e-05,-6e-05,-2e-05,-2e-05,-1e-05,-2e-05,1
33275,0.0,0.0,-1e-05,-6e-05,-2e-05,-2e-05,-1e-05,-2e-05,1
33276,0.0,0.0,-1e-05,-6e-05,-2e-05,-2e-05,-1e-05,-2e-05,1
33277,0.0,0.0,-1e-05,-6e-05,-2e-05,-2e-05,-1e-05,-2e-05,1
33278,0.0,0.0,-1e-05,-6e-05,-2e-05,-2e-05,-1e-05,-2e-05,1
33279,0.0,0.0,-1e-05,-6e-05,-2e-05,-2e-05,-1e-05,-2e-05,1
33280,-2e-05,-4e-05,-3e-05,1e-05,-2e-05,0.0,0.0,-1e-05,1
33281,-2e-05,-4e-05,-3e-05,1e-05,-2e-05,0.0,0.0,-1e-05,1
33282,-3e-05,-3e-05,-4e-05,-4e-05,-2e-05,-1e-05,0.0,0.0,1
33283,-3e-05,-3e-05,-4e-05,-4e-05,-2e-05,-1e-05,0.0,0.0,1
33284,-3e-05,-3e-05,-4e-05,-4e-05,-2e-05,-1e-05,0.0,0.0,1
33285,-3e-05,-3e-05,-4e-05,-4e-05,-2e-05,-1e-05,0.0,0.0,1
33286,-3e-05,-3e-05,-4e-05,-4e-05,-2e-05,-1e-05,0.0,0.0,1
33288,-3e-05,-3e-05,-4e-05,-4e-05,-2e-05,-1e-05,0.0,0.0,1
33289,-3e-05,-3e-05,-4e-05,-4e-05,-2e-05,-1e-05,0.0,0.0,1
33290,-3e-05,-3e-05,-4e-05,-4e-05,-2e-05,-1e-05,0.0,0.0,1
33291,-3e-05,-3e-05,-4e-05,-4e-05,-2e-05,-1e-05,0.0,0.0,1
33292,-3e-05,-3e-05,-4e-05,-4e-05,-2e-05,-1e-05,0.0,0.0,1
33293,-3e-05,-3e-05,-4e-05,-4e-05,-2e-05,-1e-05,0.0,0.0,1
33294,1e-05,1e-05,1e-05,0.0,-1e-05,0.0,-1e-05,-1e-05,1
33295,1e-05,1e-05,1e-05,0.0,-1e-05,0.0,-1e-05,-1e-05,1
33296,1e-05,1e-05,1e-05,0.0,-1e-05,0.0,-1e-05,-1e-05,1
33297,1e-05,1e-05,1e-05,0.0,-1e-05,0.0,-1e-05,-1e-05,1
33298,1e-05,1e-05,1e-05,0.0,-1e-05,0.0,-1e-05,-1e-05,1
33299,1e-05,1e-05,1e-05,0.0,-1e-05,0.0,-1e-05,-1e-05,1
33300,1e-05,1e-05,1e-05,0.0,-1e-05,0.0,-1e-05,-1e-05,1
33301,1e-05,1e-05,1e-05,0.0,-1e-05,0.0,-1e-05,-1e-05,1
33302,1e-05,1e-05,1e-05,0.0,-1e-05,0.0,-1e-05,-1e-05,1
33303,0.0,-3e-05,-8e-05,-0.0002,-5e-05,-3e-05,-2e-05,-2e-05,1
33304,0.0,-3e-05,-8e-05,-0.0002,-5e-05,-3e-05,-2e-05,-2e-05,1
33305,0.0,-3e-05,-8e-05,-0.0002,-5e-05,-3e-05,-2e-05,-2e-05,1
33306,0.0,-3e-05,-8e-05,-0.0002,-5e-05,-3e-05,-2e-05,-2e-05,1
33307,0.0,-3e-05,-8e-05,-0.0002,-5e-05,-3e-05,-2e-05,-2e-05,1
33308,0.0,-3e-05,-8e-05,-0.0002,-5e-05,-3e-05,-2e-05,-2e-05,1
33309,0.0,-3e-05,-8e-05,-0.0002,-5e-05,-3e-05,-2e-05,-2e-05,1
33310,0.0,-3e-05,-8e-05,-0.0002,-5e-05,-3e-05,-2e-05,-2e-05,1
33311,0.0,-3e-05,-8e-05,-0.0002,-5e-05,-3e-05,-2e-05,-2e-05,1
33312,0.0,-3e-05,-8e-05,-0.0002,-5e-05,-3e-05,-2e-05,-2e-05,1
33313,0.0,-3e-05,-8e-05,-0.0002,-5e-05,-3e-05,-2e-05,-2e-05,1
33314,0.0,-3e-05,-8e-05,-0.0002,-5e-05,-3e-05,-2e-05,-2e-05,1
33315,0.0,-3e-05,-8e-05,-0.0002,-5e-05,-3e-05,-2e-05,-2e-05,1
33316,0.0,-3e-05,-8e-05,-0.0002,-5e-05,-3e-05,-2e-05,-2e-05,1
33317,0.0,-3e-05,-8e-05,-0.0002,-5e-05,-3e-05,-2e-05,-2e-05,1
33318,-1e-05,-2e-05,1e-05,0.00013,2e-05,1e-05,0.0,0.0,1
33319,1e-05,0.0,2e-05,5e-05,0.0,-2e-05,0.0,2e-05,1
33320,1e-05,0.0,2e-05,5e-05,0.0,-2e-05,0.0,2e-05,1
33321,1e-05,0.0,2e-05,5e-05,0.0,-2e-05,0.0,2e-05,1
33322,1e-05,0.0,2e-05,5e-05,0.0,-2e-05,0.0,2e-05,1
33323,1e-05,0.0,2e-05,5e-05,0.0,-2e-05,0.0,2e-05,1
33324,1e-05,0.0,2e-05,5e-05,0.0,-2e-05,0.0,2e-05,1
33325,1e-05,0.0,2e-05,5e-05,0.0,-2e-05,0.0,2e-05,1
33326,1e-05,0.0,2e-05,5e-05,0.0,-2e-05,0.0,2e-05,1
33327,1e-05,0.0,2e-05,5e-05,0.0,-2e-05,0.0,2e-05,1
33328,1e-05,0.0,2e-05,5e-05,0.0,-2e-05,0.0,2e-05,1
33329,1e-05,0.0,2e-05,5e-05,0.0,-2e-05,0.0,2e-05,1
33330,1e-05,0.0,2e-05,5e-05,0.0,-2e-05,0.0,2e-05,1
33331,1e-05,0.0,2e-05,5e-05,0.0,-2e-05,0.0,2e-05,1
33332,1e-05,0.0,2e-05,5e-05,0.0,-2e-05,0.0,2e-05,1
33333,1e-05,0.0,2e-05,5e-05,0.0,-2e-05,0.0,2e-05,1
33334,1e-05,0.0,2e-05,5e-05,0.0,-2e-05,0.0,2e-05,1
33335,1e-05,0.0,2e-05,5e-05,0.0,-2e-05,0.0,2e-05,1
33337,1e-05,0.0,2e-05,5e-05,0.0,-2e-05,0.0,2e-05,1
33339,1e-05,0.0,2e-05,5e-05,0.0,-2e-05,0.0,2e-05,1
33340,0.0,2e-05,3e-05,-8e-05,-1e-05,-2e-05,-2e-05,0.0,1
33341,0.0,2e-05,3e-05,-8e-05,-1e-05,-2e-05,-2e-05,0.0,1
33342,-2e-05,-4e-05,-4e-05,1e-05,-3e-05,-1e-05,-2e-05,-3e-05,1
33343,-2e-05,-4e-05,-4e-05,1e-05,-3e-05,-1e-05,-2e-05,-3e-05,1
33344,-2e-05,-4e-05,-4e-05,1e-05,-3e-05,-1e-05,-2e-05,-3e-05,1
33345,-2e-05,-4e-05,-4e-05,1e-05,-3e-05,-1e-05,-2e-05,-3e-05,1
33346,-2e-05,-4e-05,-4e-05,1e-05,-3e-05,-1e-05,-2e-05,-3e-05,1
33347,-2e-05,-4e-05,-4e-05,1e-05,-3e-05,-1e-05,-2e-05,-3e-05,1
33348,-2e-05,-4e-05,-4e-05,1e-05,-3e-05,-1e-05,-2e-05,-3e-05,1
33349,-2e-05,-4e-05,-4e-05,1e-05,-3e-05,-1e-05,-2e-05,-3e-05,1
33350,-2e-05,-4e-05,-4e-05,1e-05,-3e-05,-1e-05,-2e-05,-3e-05,1
33351,-2e-05,-4e-05,-4e-05,1e-05,-3e-05,-1e-05,-2e-05,-3e-05,1
33352,-2e-05,-4e-05,-4e-05,1e-05,-3e-05,-1e-05,-2e-05,-3e-05,1
33353,-2e-05,-4e-05,-4e-05,1e-05,-3e-05,-1e-05,-2e-05,-3e-05,1
33354,-2e-05,-4e-05,-4e-05,1e-05,-3e-05,-1e-05,-2e-05,-3e-05,1
33355,-1e-05,-1e-05,-2e-05,-0.0001,-1e-05,1e-05,-2e-05,-2e-05,1
33356,-1e-05,-1e-05,-2e-05,-0.0001,-1e-05,1e-05,-2e-05,-2e-05,1
33357,-1e-05,-1e-05,-2e-05,-0.0001,-1e-05,1e-05,-2e-05,-2e-05,1
33358,-1e-05,-1e-05,-2e-05,-0.0001,-1e-05,1e-05,-2e-05,-2e-05,1
33359,-1e-05,-1e-05,-2e-05,-0.0001,-1e-05,1e-05,-2e-05,-2e-05,1
33360,-1e-05,-1e-05,-2e-05,-0.0001,-1e-05,1e-05,-2e-05,-2e-05,1
33361,-1e-05,-1e-05,-2e-05,-0.0001,-1e-05,1e-05,-2e-05,-2e-05,1
33362,-1e-05,-1e-05,-2e-05,-0.0001,-1e-05,1e-05,-2e-05,-2e-05,1
33363,-1e-05,-1e-05,-2e-05,-0.0001,-1e-05,1e-05,-2e-05,-2e-05,1
33364,-1e-05,-1e-05,-2e-05,-0.0001,-1e-05,1e-05,-2e-05,-2e-05,1
33365,-1e-05,-1e-05,-2e-05,-0.0001,-1e-05,1e-05,-2e-05,-2e-05,1
33366,-1e-05,-1e-05,-2e-05,-0.0001,-1e-05,1e-05,-2e-05,-2e-05,1
33367,-1e-05,-1e-05,-2e-05,-0.0001,-1e-05,1e-05,-2e-05,-2e-05,1
33368,-1e-05,-1e-05,-2e-05,-0.0001,-1e-05,1e-05,-2e-05,-2e-05,1
33369,1e-05,0.0,-5e-05,0.0,0.0,-2e-05,-2e-05,2e-05,1
33370,1e-05,0.0,-5e-05,0.0,0.0,-2e-05,-2e-05,2e-05,1
33371,1e-05,0.0,-5e-05,0.0,0.0,-2e-05,-2e-05,2e-05,1
33372,1e-05,0.0,-5e-05,0.0,0.0,-2e-05,-2e-05,2e-05,1
33373,1e-05,0.0,-5e-05,0.0,0.0,-2e-05,-2e-05,2e-05,1
33374,1e-05,0.0,-5e-05,0.0,0.0,-2e-05,-2e-05,2e-05,1
33375,1e-05,0.0,-5e-05,0.0,0.0,-2e-05,-2e-05,2e-05,1
33376,1e-05,0.0,-5e-05,0.0,0.0,-2e-05,-2e-05,2e-05,1
33377,1e-05,0.0,-5e-05,0.0,0.0,-2e-05,-2e-05,2e-05,1
33378,1e-05,3e-05,5e-05,0.0,-2e-05,-1e-05,-2e-05,-2e-05,1
33379,-4e-05,-5e-05,-9e-05,-5e-05,-2e-05,-3e-05,1e-05,0.0,1
33380,-4e-05,-5e-05,-9e-05,-5e-05,-2e-05,-3e-05,1e-05,0.0,1
33381,-4e-05,-5e-05,-9e-05,-5e-05,-2e-05,-3e-05,1e-05,0.0,1
33382,-4e-05,-5e-05,-9e-05,-5e-05,-2e-05,-3e-05,1e-05,0.0,1
33383,-4e-05,-5e-05,-9e-05,-5e-05,-2e-05,-3e-05,1e-05,0.0,1
33384,-4e-05,-5e-05,-9e-05,-5e-05,-2e-05,-3e-05,1e-05,0.0,1
33385,-4e-05,-5e-05,-9e-05,-5e-05,-2e-05,-3e-05,1e-05,0.0,1
33386,-4e-05,-5e-05,-9e-05,-5e-05,-2e-05,-3e-05,1e-05,0.0,1
33389,-4e-05,-5e-05,-9e-05,-5e-05,-2e-05,-3e-05,1e-05,0.0,1
33390,-4e-05,-5e-05,-9e-05,-5e-05,-2e-05,-3e-05,1e-05,0.0,1
33391,-4e-05,-5e-05,-9e-05,-5e-05,-2e-05,-3e-05,1e-05,0.0,1
33392,-4e-05,-5e-05,-9e-05,-5e-05,-2e-05,-3e-05,1e-05,0.0,1
33393,-4e-05,-5e-05,-9e-05,-5e-05,-2e-05,-3e-05,1e-05,0.0,1
33394,-4e-05,-5e-05,-9e-05,-5e-05,-2e-05,-3e-05,1e-05,0.0,1
33395,-4e-05,-5e-05,-9e-05,-5e-05,-2e-05,-3e-05,1e-05,0.0,1
33396,-4e-05,-5e-05,-9e-05,-5e-05,-2e-05,-3e-05,1e-05,0.0,1
33397,-4e-05,-5e-05,-9e-05,-5e-05,-2e-05,-3e-05,1e-05,0.0,1
33398,-4e-05,-5e-05,-9e-05,-5e-05,-2e-05,-3e-05,1e-05,0.0,1
33399,-4e-05,-5e-05,-9e-05,-5e-05,-2e-05,-3e-05,1e-05,0.0,1
33400,-1e-05,-1e-05,0.0,-2e-05,-2e-05,-2e-05,1e-05,-1e-05,1
33401,-1e-05,-1e-05,0.0,-2e-05,-2e-05,-2e-05,1e-05,-1e-05,1
33402,-1e-05,2e-05,7e-05,1e-05,0.0,0.0,-1e-05,-1e-05,1
33403,-1e-05,2e-05,7e-05,1e-05,0.0,0.0,-1e-05,-1e-05,1
33404,-1e-05,2e-05,7e-05,1e-05,0.0,0.0,-1e-05,-1e-05,1
33405,-1e-05,2e-05,7e-05,1e-05,0.0,0.0,-1e-05,-1e-05,1
33406,-1e-05,2e-05,7e-05,1e-05,0.0,0.0,-1e-05,-1e-05,1
33407,-1e-05,2e-05,7e-05,1e-05,0.0,0.0,-1e-05,-1e-05,1
33408,-1e-05,2e-05,7e-05,1e-05,0.0,0.0,-1e-05,-1e-05,1
33409,-1e-05,2e-05,7e-05,1e-05,0.0,0.0,-1e-05,-1e-05,1
33410,-1e-05,2e-05,7e-05,1e-05,0.0,0.0,-1e-05,-1e-05,1
33411,-1e-05,2e-05,7e-05,1e-05,0.0,0.0,-1e-05,-1e-05,1
33412,-1e-05,2e-05,7e-05,1e-05,0.0,0.0,-1e-05,-1e-05,1
33413,-1e-05,2e-05,7e-05,1e-05,0.0,0.0,-1e-05,-1e-05,1
33414,-2e-05,-2e-05,-1e-05,4e-05,1e-05,-3e-05,0.0,-2e-05,1
33415,-2e-05,-2e-05,-1e-05,4e-05,1e-05,-3e-05,0.0,-2e-05,1
33416,-2e-05,-2e-05,-1e-05,4e-05,1e-05,-3e-05,0.0,-2e-05,1
33417,-2e-05,-2e-05,-1e-05,4e-05,1e-05,-3e-05,0.0,-2e-05,1
33418,-2e-05,-2e-05,-1e-05,4e-05,1e-05,-3e-05,0.0,-2e-05,1
33419,-2e-05,-2e-05,-1e-05,4e-05,1e-05,-3e-05,0.0,-2e-05,1
33420,-2e-05,-2e-05,-1e-05,4e-05,1e-05,-3e-05,0.0,-2e-05,1
33421,-2e-05,-2e-05,-1e-05,4e-05,1e-05,-3e-05,0.0,-2e-05,1
33422,-2e-05,-2e-05,-1e-05,4e-05,1e-05,-3e-05,0.0,-2e-05,1
33423,-1e-05,-3e-05,-2e-05,-4e-05,-2e-05,0.0,-2e-05,-2e-05,1
33424,-1e-05,-3e-05,-2e-05,-4e-05,-2e-05,0.0,-2e-05,-2e-05,1
33425,-1e-05,-3e-05,-2e-05,-4e-05,-2e-05,0.0,-2e-05,-2e-05,1
33426,-1e-05,-3e-05,-2e-05,-4e-05,-2e-05,0.0,-2e-05,-2e-05,1
33427,-1e-05,-3e-05,-2e-05,-4e-05,-2e-05,0.0,-2e-05,-2e-05,1
33428,-1e-05,-3e-05,-2e-05,-4e-05,-2e-05,0.0,-2e-05,-2e-05,1
33429,-1e-05,-3e-05,-2e-05,-4e-05,-2e-05,0.0,-2e-05,-2e-05,1
33430,-1e-05,-3e-05,-2e-05,-4e-05,-2e-05,0.0,-2e-05,-2e-05,1
33431,-1e-05,-3e-05,-2e-05,-4e-05,-2e-05,0.0,-2e-05,-2e-05,1
33432,-1e-05,-3e-05,-2e-05,-4e-05,-2e-05,0.0,-2e-05,-2e-05,1
33433,-1e-05,-3e-05,-2e-05,-4e-05,-2e-05,0.0,-2e-05,-2e-05,1
33434,-1e-05,-3e-05,-2e-05,-4e-05,-2e-05,0.0,-2e-05,-2e-05,1
33435,-1e-05,-3e-05,-2e-05,-4e-05,-2e-05,0.0,-2e-05,-2e-05,1
33436,-1e-05,-3e-05,-2e-05,-4e-05,-2e-05,0.0,-2e-05,-2e-05,1
33439,-1e-05,-1e-05,-3e-05,-2e-05,-1e-05,-1e-05,-1e-05,1e-05,1
33440,-1e-05,-2e-05,1e-05,-2e-05,-1e-05,1e-05,0.0,-1e-05,1
33441,-1e-05,-2e-05,1e-05,-2e-05,-1e-05,1e-05,0.0,-1e-05,1
33442,-1e-05,-2e-05,1e-05,-2e-05,-1e-05,1e-05,0.0,-1e-05,1
33443,-1e-05,-2e-05,1e-05,-2e-05,-1e-05,1e-05,0.0,-1e-05,1
33444,-1e-05,-2e-05,1e-05,-2e-05,-1e-05,1e-05,0.0,-1e-05,1
33445,-1e-05,-2e-05,1e-05,-2e-05,-1e-05,1e-05,0.0,-1e-05,1
33446,-1e-05,-2e-05,1e-05,-2e-05,-1e-05,1e-05,0.0,-1e-05,1
33447,-1e-05,-2e-05,1e-05,-2e-05,-1e-05,1e-05,0.0,-1e-05,1
33448,-1e-05,-2e-05,1e-05,-2e-05,-1e-05,1e-05,0.0,-1e-05,1
33449,-1e-05,-2e-05,1e-05,-2e-05,-1e-05,1e-05,0.0,-1e-05,1
33450,-1e-05,-2e-05,1e-05,-2e-05,-1e-05,1e-05,0.0,-1e-05,1
33451,-1e-05,-2e-05,1e-05,-2e-05,-1e-05,1e-05,0.0,-1e-05,1
33452,-1e-05,-2e-05,1e-05,-2e-05,-1e-05,1e-05,0.0,-1e-05,1
33453,-1e-05,-2e-05,1e-05,-2e-05,-1e-05,1e-05,0.0,-1e-05,1
33454,-1e-05,-2e-05,1e-05,-2e-05,-1e-05,1e-05,0.0,-1e-05,1
33455,-1e-05,-2e-05,1e-05,-2e-05,-1e-05,1e-05,0.0,-1e-05,1
33456,-1e-05,-2e-05,1e-05,-2e-05,-1e-05,1e-05,0.0,-1e-05,1
33457,-1e-05,-2e-05,1e-05,-2e-05,-1e-05,1e-05,0.0,-1e-05,1
33458,-1e-05,-2e-05,1e-05,-2e-05,-1e-05,1e-05,0.0,-1e-05,1
33459,-1e-05,-2e-05,1e-05,-2e-05,-1e-05,1e-05,0.0,-1e-05,1
33460,0.0,-1e-05,-5e-05,-0.0001,-1e-05,-4e-05,-1e-05,0.0,1
33461,0.0,-1e-05,-5e-05,-0.0001,-1e-05,-4e-05,-1e-05,0.0,1
33462,-1e-05,-1e-05,0.0,5e-05,0.0,1e-05,1e-05,0.0,1
33463,-1e-05,-1e-05,0.0,5e-05,0.0,1e-05,1e-05,0.0,1
33464,-1e-05,-1e-05,0.0,5e-05,0.0,1e-05,1e-05,0.0,1
33465,-1e-05,-1e-05,0.0,5e-05,0.0,1e-05,1e-05,0.0,1
33466,-1e-05,-1e-05,0.0,5e-05,0.0,1e-05,1e-05,0.0,1
33467,-1e-05,-1e-05,0.0,5e-05,0.0,1e-05,1e-05,0.0,1
33468,-1e-05,-1e-05,0.0,5e-05,0.0,1e-05,1e-05,0.0,1
33469,-1e-05,-1e-05,0.0,5e-05,0.0,1e-05,1e-05,0.0,1
33470,-1e-05,-1e-05,0.0,5e-05,0.0,1e-05,1e-05,0.0,1
33471,-1e-05,-1e-05,0.0,5e-05,0.0,1e-05,1e-05,0.0,1
33472,-1e-05,-1e-05,0.0,5e-05,0.0,1e-05,1e-05,0.0,1
33473,-1e-05,-1e-05,0.0,5e-05,0.0,1e-05,1e-05,0.0,1
33474,-5e-05,-0.0001,-0.00011,-5e-05,-3e-05,-2e-05,-1e-05,-1e-05,1
33475,-5e-05,-0.0001,-0.00011,-5e-05,-3e-05,-2e-05,-1e-05,-1e-05,1
33476,-5e-05,-0.0001,-0.00011,-5e-05,-3e-05,-2e-05,-1e-05,-1e-05,1
33477,-5e-05,-0.0001,-0.00011,-5e-05,-3e-05,-2e-05,-1e-05,-1e-05,1
33478,-5e-05,-0.0001,-0.00011,-5e-05,-3e-05,-2e-05,-1e-05,-1e-05,1
33479,-5e-05,-0.0001,-0.00011,-5e-05,-3e-05,-2e-05,-1e-05,-1e-05,1
33480,-5e-05,-0.0001,-0.00011,-5e-05,-3e-05,-2e-05,-1e-05,-1e-05,1
33481,-5e-05,-0.0001,-0.00011,-5e-05,-3e-05,-2e-05,-1e-05,-1e-05,1
33482,-5e-05,-0.0001,-0.00011,-5e-05,-3e-05,-2e-05,-1e-05,-1e-05,1
33483,0.0,2e-05,2e-05,3e-05,1e-05,0.0,-1e-05,-1e-05,1
33484,0.0,2e-05,2e-05,3e-05,1e-05,0.0,-1e-05,-1e-05,1
33485,0.0,2e-05,2e-05,3e-05,1e-05,0.0,-1e-05,-1e-05,1
33486,0.0,2e-05,2e-05,3e-05,1e-05,0.0,-1e-05,-1e-05,1
33489,0.0,2e-05,2e-05,3e-05,1e-05,0.0,-1e-05,-1e-05,1
33490,0.0,2e-05,2e-05,3e-05,1e-05,0.0,-1e-05,-1e-05,1
33491,0.0,2e-05,2e-05,3e-05,1e-05,0.0,-1e-05,-1e-05,1
33492,0.0,2e-05,2e-05,3e-05,1e-05,0.0,-1e-05,-1e-05,1
33493,0.0,2e-05,2e-05,3e-05,1e-05,0.0,-1e-05,-1e-05,1
33494,0.0,2e-05,2e-05,3e-05,1e-05,0.0,-1e-05,-1e-05,1
33495,0.0,2e-05,2e-05,3e-05,1e-05,0.0,-1e-05,-1e-05,1
33496,0.0,2e-05,2e-05,3e-05,1e-05,0.0,-1e-05,-1e-05,1
33497,0.0,2e-05,2e-05,3e-05,1e-05,0.0,-1e-05,-1e-05,1
33498,0.0,3e-05,7e-05,-7e-05,-1e-05,-4e-05,0.0,2e-05,1
33499,-2e-05,-4e-05,0.0,-0.00011,-1e-05,0.0,-1e-05,0.0,1
33501,-2e-05,-4e-05,0.0,-0.00011,-1e-05,0.0,-1e-05,0.0,1
33502,-2e-05,-4e-05,0.0,-0.00011,-1e-05,0.0,-1e-05,0.0,1
33503,-2e-05,-4e-05,0.0,-0.00011,-1e-05,0.0,-1e-05,0.0,1
33504,-2e-05,-4e-05,0.0,-0.00011,-1e-05,0.0,-1e-05,0.0,1
33505,-2e-05,-4e-05,0.0,-0.00011,-1e-05,0.0,-1e-05,0.0,1
33506,-2e-05,-4e-05,0.0,-0.00011,-1e-05,0.0,-1e-05,0.0,1
33507,-2e-05,-4e-05,0.0,-0.00011,-1e-05,0.0,-1e-05,0.0,1
33508,-2e-05,-4e-05,0.0,-0.00011,-1e-05,0.0,-1e-05,0.0,1
33509,-2e-05,-4e-05,0.0,-0.00011,-1e-05,0.0,-1e-05,0.0,1
33510,-2e-05,-4e-05,0.0,-0.00011,-1e-05,0.0,-1e-05,0.0,1
33511,-2e-05,-4e-05,0.0,-0.00011,-1e-05,0.0,-1e-05,0.0,1
33512,-2e-05,-4e-05,0.0,-0.00011,-1e-05,0.0,-1e-05,0.0,1
33513,-2e-05,-4e-05,0.0,-0.00011,-1e-05,0.0,-1e-05,0.0,1
33514,-2e-05,-4e-05,0.0,-0.00011,-1e-05,0.0,-1e-05,0.0,1
33515,-2e-05,-4e-05,0.0,-0.00011,-1e-05,0.0,-1e-05,0.0,1
33516,-2e-05,-4e-05,0.0,-0.00011,-1e-05,0.0,-1e-05,0.0,1
33517,-2e-05,-4e-05,0.0,-0.00011,-1e-05,0.0,-1e-05,0.0,1
33518,-2e-05,-4e-05,0.0,-0.00011,-1e-05,0.0,-1e-05,0.0,1
33519,-2e-05,-4e-05,0.0,-0.00011,-1e-05,0.0,-1e-05,0.0,1
33520,-1e-05,0.0,1e-05,-2e-05,-2e-05,1e-05,-1e-05,-2e-05,1
33521,-1e-05,0.0,1e-05,-2e-05,-2e-05,1e-05,-1e-05,-2e-05,1
33522,-1e-05,-2e-05,0.0,6e-05,-1e-05,-1e-05,-1e-05,-1e-05,1
33523,-1e-05,-2e-05,0.0,6e-05,-1e-05,-1e-05,-1e-05,-1e-05,1
33524,-1e-05,-2e-05,0.0,6e-05,-1e-05,-1e-05,-1e-05,-1e-05,1
33525,-1e-05,-2e-05,0.0,6e-05,-1e-05,-1e-05,-1e-05,-1e-05,1
33526,-1e-05,-2e-05,0.0,6e-05,-1e-05,-1e-05,-1e-05,-1e-05,1
33527,-1e-05,-2e-05,0.0,6e-05,-1e-05,-1e-05,-1e-05,-1e-05,1
33528,-1e-05,-2e-05,0.0,6e-05,-1e-05,-1e-05,-1e-05,-1e-05,1
33529,-1e-05,-2e-05,0.0,6e-05,-1e-05,-1e-05,-1e-05,-1e-05,1
33530,-1e-05,-2e-05,0.0,6e-05,-1e-05,-1e-05,-1e-05,-1e-05,1
33531,-1e-05,-2e-05,0.0,6e-05,-1e-05,-1e-05,-1e-05,-1e-05,1
33532,-1e-05,-2e-05,0.0,6e-05,-1e-05,-1e-05,-1e-05,-1e-05,1
33533,-1e-05,-2e-05,0.0,6e-05,-1e-05,-1e-05,-1e-05,-1e-05,1
33534,2e-05,1e-05,1e-05,5e-05,0.0,-2e-05,0.0,-1e-05,1
33535,2e-05,1e-05,1e-05,5e-05,0.0,-2e-05,0.0,-1e-05,1
33536,2e-05,1e-05,1e-05,5e-05,0.0,-2e-05,0.0,-1e-05,1
33539,2e-05,1e-05,1e-05,5e-05,0.0,-2e-05,0.0,-1e-05,1
33540,2e-05,1e-05,1e-05,5e-05,0.0,-2e-05,0.0,-1e-05,1
33541,2e-05,1e-05,1e-05,5e-05,0.0,-2e-05,0.0,-1e-05,1
33542,2e-05,1e-05,1e-05,5e-05,0.0,-2e-05,0.0,-1e-05,1
33543,-4e-05,-6e-05,-9e-05,-5e-05,-2e-05,0.0,-1e-05,-2e-05,1
33544,-4e-05,-6e-05,-9e-05,-5e-05,-2e-05,0.0,-1e-05,-2e-05,1
33545,-4e-05,-6e-05,-9e-05,-5e-05,-2e-05,0.0,-1e-05,-2e-05,1
33546,-4e-05,-6e-05,-9e-05,-5e-05,-2e-05,0.0,-1e-05,-2e-05,1
33547,-4e-05,-6e-05,-9e-05,-5e-05,-2e-05,0.0,-1e-05,-2e-05,1
33548,-4e-05,-6e-05,-9e-05,-5e-05,-2e-05,0.0,-1e-05,-2e-05,1
33549,-4e-05,-6e-05,-9e-05,-5e-05,-2e-05,0.0,-1e-05,-2e-05,1
33550,-4e-05,-6e-05,-9e-05,-5e-05,-2e-05,0.0,-1e-05,-2e-05,1
33551,-4e-05,-6e-05,-9e-05,-5e-05,-2e-05,0.0,-1e-05,-2e-05,1
33552,-4e-05,-6e-05,-9e-05,-5e-05,-2e-05,0.0,-1e-05,-2e-05,1
33553,-4e-05,-6e-05,-9e-05,-5e-05,-2e-05,0.0,-1e-05,-2e-05,1
33554,-4e-05,-6e-05,-9e-05,-5e-05,-2e-05,0.0,-1e-05,-2e-05,1
33555,-4e-05,-6e-05,-9e-05,-5e-05,-2e-05,0.0,-1e-05,-2e-05,1
33556,-4e-05,-6e-05,-9e-05,-5e-05,-2e-05,0.0,-1e-05,-2e-05,1
33557,-4e-05,-6e-05,-9e-05,-5e-05,-2e-05,0.0,-1e-05,-2e-05,1
33558,-4e-05,-6e-05,-9e-05,-5e-05,-2e-05,0.0,-1e-05,-2e-05,1
33559,-4e-05,-6e-05,-9e-05,-5e-05,-2e-05,0.0,-1e-05,-2e-05,1
33560,-4e-05,-6e-05,-9e-05,-5e-05,-2e-05,0.0,-1e-05,-2e-05,1
33561,-4e-05,-6e-05,-9e-05,-5e-05,-2e-05,0.0,-1e-05,-2e-05,1
33562,-4e-05,-6e-05,-9e-05,-5e-05,-2e-05,0.0,-1e-05,-2e-05,1
33563,-4e-05,-6e-05,-9e-05,-5e-05,-2e-05,0.0,-1e-05,-2e-05,1
33564,-4e-05,-6e-05,-9e-05,-5e-05,-2e-05,0.0,-1e-05,-2e-05,1
33565,0.0,2e-05,1e-05,6e-05,-1e-05,-1e-05,-1e-05,-2e-05,1
33566,0.0,2e-05,1e-05,6e-05,-1e-05,-1e-05,-1e-05,-2e-05,1
33567,0.0,2e-05,1e-05,6e-05,-1e-05,-1e-05,-1e-05,-2e-05,1
33568,0.0,2e-05,1e-05,6e-05,-1e-05,-1e-05,-1e-05,-2e-05,1
33569,0.0,2e-05,1e-05,6e-05,-1e-05,-1e-05,-1e-05,-2e-05,1
33570,0.0,2e-05,1e-05,6e-05,-1e-05,-1e-05,-1e-05,-2e-05,1
33571,0.0,2e-05,1e-05,6e-05,-1e-05,-1e-05,-1e-05,-2e-05,1
33572,0.0,2e-05,1e-05,6e-05,-1e-05,-1e-05,-1e-05,-2e-05,1
33573,0.0,2e-05,4e-05,-4e-05,-1e-05,-3e-05,-2e-05,-1e-05,1
33574,0.0,2e-05,4e-05,-4e-05,-1e-05,-3e-05,-2e-05,-1e-05,1
33575,0.0,2e-05,4e-05,-4e-05,-1e-05,-3e-05,-2e-05,-1e-05,1
33576,0.0,2e-05,4e-05,-4e-05,-1e-05,-3e-05,-2e-05,-1e-05,1
33577,0.0,2e-05,4e-05,-4e-05,-1e-05,-3e-05,-2e-05,-1e-05,1
33578,0.0,2e-05,4e-05,-4e-05,-1e-05,-3e-05,-2e-05,-1e-05,1
33579,0.0,2e-05,4e-05,-4e-05,-1e-05,-3e-05,-2e-05,-1e-05,1
33580,-2e-05,-2e-05,-1e-05,4e-05,0.0,-1e-05,0.0,0.0,1
33581,-2e-05,-2e-05,-1e-05,4e-05,0.0,-1e-05,0.0,0.0,1
33582,-1e-05,-1e-05,-1e-05,7e-05,0.0,1e-05,-2e-05,-2e-05,1
33583,-1e-05,-1e-05,-1e-05,7e-05,0.0,1e-05,-2e-05,-2e-05,1
33584,-1e-05,-1e-05,-1e-05,7e-05,0.0,1e-05,-2e-05,-2e-05,1
33585,-1e-05,-1e-05,-1e-05,7e-05,0.0,1e-05,-2e-05,-2e-05,1
33586,-1e-05,-1e-05,-1e-05,7e-05,0.0,1e-05,-2e-05,-2e-05,1
33589,-1e-05,-1e-05,-1e-05,7e-05,0.0,1e-05,-2e-05,-2e-05,1
33590,-1e-05,-1e-05,-1e-05,7e-05,0.0,1e-05,-2e-05,-2e-05,1
33591,-1e-05,-1e-05,-1e-05,7e-05,0.0,1e-05,-2e-05,-2e-05,1
33592,-1e-05,-1e-05,-1e-05,7e-05,0.0,1e-05,-2e-05,-2e-05,1
33593,-1e-05,-1e-05,-1e-05,7e-05,0.0,1e-05,-2e-05,-2e-05,1
33594,-3e-05,-3e-05,-1e-05,-1e-05,-2e-05,-2e-05,-1e-05,-3e-05,1
33595,-3e-05,-3e-05,-1e-05,-1e-05,-2e-05,-2e-05,-1e-05,-3e-05,1
33596,-3e-05,-3e-05,-1e-05,-1e-05,-2e-05,-2e-05,-1e-05,-3e-05,1
33597,-3e-05,-3e-05,-1e-05,-1e-05,-2e-05,-2e-05,-1e-05,-3e-05,1
33598,-3e-05,-3e-05,-1e-05,-1e-05,-2e-05,-2e-05,-1e-05,-3e-05,1
33599,-3e-05,-3e-05,-1e-05,-1e-05,-2e-05,-2e-05,-1e-05,-3e-05,1
33600,-3e-05,-3e-05,-1e-05,-1e-05,-2e-05,-2e-05,-1e-05,-3e-05,1
33601,-3e-05,-3e-05,-1e-05,-1e-05,-2e-05,-2e-05,-1e-05,-3e-05,1
33602,-3e-05,-3e-05,-1e-05,-1e-05,-2e-05,-2e-05,-1e-05,-3e-05,1
33603,-3e-05,-3e-05,-1e-05,-1e-05,-2e-05,-2e-05,-1e-05,-3e-05,1
33604,-3e-05,-3e-05,-1e-05,-1e-05,-2e-05,-2e-05,-1e-05,-3e-05,1
33605,-3e-05,-3e-05,-1e-05,-1e-05,-2e-05,-2e-05,-1e-05,-3e-05,1
33606,-3e-05,-3e-05,-1e-05,-1e-05,-2e-05,-2e-05,-1e-05,-3e-05,1
33607,-3e-05,-3e-05,-1e-05,-1e-05,-2e-05,-2e-05,-1e-05,-3e-05,1
33608,-3e-05,-3e-05,-1e-05,-1e-05,-2e-05,-2e-05,-1e-05,-3e-05,1
33609,-1e-05,-2e-05,-2e-05,-0.0001,-4e-05,0.0,-1e-05,-2e-05,1
33610,-1e-05,-2e-05,-2e-05,-0.0001,-4e-05,0.0,-1e-05,-2e-05,1
33611,-1e-05,-2e-05,-2e-05,-0.0001,-4e-05,0.0,-1e-05,-2e-05,1
33612,-1e-05,-2e-05,-2e-05,-0.0001,-4e-05,0.0,-1e-05,-2e-05,1
33613,-1e-05,-2e-05,-2e-05,-0.0001,-4e-05,0.0,-1e-05,-2e-05,1
33614,-1e-05,-2e-05,-2e-05,-0.0001,-4e-05,0.0,-1e-05,-2e-05,1
33615,-1e-05,-2e-05,-2e-05,-0.0001,-4e-05,0.0,-1e-05,-2e-05,1
33616,-1e-05,-2e-05,-2e-05,-0.0001,-4e-05,0.0,-1e-05,-2e-05,1
33617,-1e-05,-2e-05,-2e-05,-0.0001,-4e-05,0.0,-1e-05,-2e-05,1
33618,0.0,0.0,-4e-05,-5e-05,-1e-05,-1e-05,-1e-05,-2e-05,1
33619,-1e-05,-1e-05,-1e-05,4e-05,-1e-05,-3e-05,-1e-05,-1e-05,1
33620,-1e-05,-1e-05,-1e-05,4e-05,-1e-05,-3e-05,-1e-05,-1e-05,1
33621,-1e-05,-1e-05,-1e-05,4e-05,-1e-05,-3e-05,-1e-05,-1e-05,1
33622,-1e-05,-1e-05,-1e-05,4e-05,-1e-05,-3e-05,-1e-05,-1e-05,1
33623,-1e-05,-1e-05,-1e-05,4e-05,-1e-05,-3e-05,-1e-05,-1e-05,1
33624,-1e-05,-1e-05,-1e-05,4e-05,-1e-05,-3e-05,-1e-05,-1e-05,1
33625,-1e-05,-1e-05,-1e-05,4e-05,-1e-05,-3e-05,-1e-05,-1e-05,1
33626,-1e-05,-1e-05,-1e-05,4e-05,-1e-05,-3e-05,-1e-05,-1e-05,1
33627,-1e-05,-1e-05,-1e-05,4e-05,-1e-05,-3e-05,-1e-05,-1e-05,1
33628,-1e-05,-1e-05,-1e-05,4e-05,-1e-05,-3e-05,-1e-05,-1e-05,1
33629,-1e-05,-1e-05,-1e-05,4e-05,-1e-05,-3e-05,-1e-05,-1e-05,1
33630,-1e-05,-1e-05,-1e-05,4e-05,-1e-05,-3e-05,-1e-05,-1e-05,1
33631,-1e-05,-1e-05,-1e-05,4e-05,-1e-05,-3e-05,-1e-05,-1e-05,1
33632,-1e-05,-1e-05,-1e-05,4e-05,-1e-05,-3e-05,-1e-05,-1e-05,1
33633,-1e-05,-1e-05,-1e-05,4e-05,-1e-05,-3e-05,-1e-05,-1e-05,1
33634,-1e-05,-1e-05,-1e-05,4e-05,-1e-05,-3e-05,-1e-05,-1e-05,1
33635,-1e-05,-1e-05,-1e-05,4e-05,-1e-05,-3e-05,-1e-05,-1e-05,1
33636,-1e-05,-1e-05,-1e-05,4e-05,-1e-05,-3e-05,-1e-05,-1e-05,1
33638,-1e-05,-1e-05,-1e-05,4e-05,-1e-05,-3e-05,-1e-05,-1e-05,1
33639,-1e-05,-1e-05,-1e-05,4e-05,-1e-05,-3e-05,-1e-05,-1e-05,1
33640,-2e-05,-2e-05,-4e-05,-5e-05,-2e-05,0.0,-2e-05,0.0,1
33641,-2e-05,-2e-05,-4e-05,-5e-05,-2e-05,0.0,-2e-05,0.0,1
33642,0.0,-1e-05,-2e-05,-4e-05,-1e-05,-3e-05,0.0,-1e-05,1
33643,0.0,-1e-05,-2e-05,-4e-05,-1e-05,-3e-05,0.0,-1e-05,1
33644,0.0,-1e-05,-2e-05,-4e-05,-1e-05,-3e-05,0.0,-1e-05,1
33645,0.0,-1e-05,-2e-05,-4e-05,-1e-05,-3e-05,0.0,-1e-05,1
33646,0.0,-1e-05,-2e-05,-4e-05,-1e-05,-3e-05,0.0,-1e-05,1
33647,0.0,-1e-05,-2e-05,-4e-05,-1e-05,-3e-05,0.0,-1e-05,1
33648,0.0,-1e-05,-2e-05,-4e-05,-1e-05,-3e-05,0.0,-1e-05,1
33649,0.0,-1e-05,-2e-05,-4e-05,-1e-05,-3e-05,0.0,-1e-05,1
33650,0.0,-1e-05,-2e-05,-4e-05,-1e-05,-3e-05,0.0,-1e-05,1
33651,0.0,-1e-05,-2e-05,-4e-05,-1e-05,-3e-05,0.0,-1e-05,1
33652,0.0,-1e-05,-2e-05,-4e-05,-1e-05,-3e-05,0.0,-1e-05,1
33653,0.0,-1e-05,-2e-05,-4e-05,-1e-05,-3e-05,0.0,-1e-05,1
33654,-3e-05,1e-05,3e-05,2e-05,0.0,3e-05,-1e-05,0.0,1
33655,-3e-05,1e-05,3e-05,2e-05,0.0,3e-05,-1e-05,0.0,1
33656,-3e-05,1e-05,3e-05,2e-05,0.0,3e-05,-1e-05,0.0,1
33657,-3e-05,1e-05,3e-05,2e-05,0.0,3e-05,-1e-05,0.0,1
33658,-3e-05,1e-05,3e-05,2e-05,0.0,3e-05,-1e-05,0.0,1
33659,-3e-05,1e-05,3e-05,2e-05,0.0,3e-05,-1e-05,0.0,1
33660,-3e-05,1e-05,3e-05,2e-05,0.0,3e-05,-1e-05,0.0,1
33661,-3e-05,1e-05,3e-05,2e-05,0.0,3e-05,-1e-05,0.0,1
33662,-3e-05,1e-05,3e-05,2e-05,0.0,3e-05,-1e-05,0.0,1
33663,-1e-05,1e-05,-1e-05,-5e-05,-2e-05,-2e-05,-1e-05,0.0,1
33664,-1e-05,1e-05,-1e-05,-5e-05,-2e-05,-2e-05,-1e-05,0.0,1
33665,-1e-05,1e-05,-1e-05,-5e-05,-2e-05,-2e-05,-1e-05,0.0,1
33666,-1e-05,1e-05,-1e-05,-5e-05,-2e-05,-2e-05,-1e-05,0.0,1
33667,-1e-05,1e-05,-1e-05,-5e-05,-2e-05,-2e-05,-1e-05,0.0,1
33668,-1e-05,1e-05,-1e-05,-5e-05,-2e-05,-2e-05,-1e-05,0.0,1
33669,-1e-05,1e-05,-1e-05,-5e-05,-2e-05,-2e-05,-1e-05,0.0,1
33670,-1e-05,1e-05,-1e-05,-5e-05,-2e-05,-2e-05,-1e-05,0.0,1
33671,-1e-05,1e-05,-1e-05,-5e-05,-2e-05,-2e-05,-1e-05,0.0,1
33672,-1e-05,1e-05,-1e-05,-5e-05,-2e-05,-2e-05,-1e-05,0.0,1
33673,-1e-05,1e-05,-1e-05,-5e-05,-2e-05,-2e-05,-1e-05,0.0,1
33674,-1e-05,1e-05,-1e-05,-5e-05,-2e-05,-2e-05,-1e-05,0.0,1
33675,-1e-05,1e-05,-1e-05,-5e-05,-2e-05,-2e-05,-1e-05,0.0,1
33676,-1e-05,1e-05,-1e-05,-5e-05,-2e-05,-2e-05,-1e-05,0.0,1
33677,-1e-05,-1e-05,0.0,2e-05,2e-05,6e-05,-1e-05,-1e-05,1
33678,-1e-05,-2e-05,-2e-05,-2e-05,0.0,-2e-05,-1e-05,0.0,1
33679,-1e-05,-2e-05,-2e-05,-2e-05,0.0,-2e-05,-1e-05,0.0,1
33680,-1e-05,-2e-05,-2e-05,-2e-05,0.0,-2e-05,-1e-05,0.0,1
33681,-1e-05,-2e-05,-2e-05,-2e-05,0.0,-2e-05,-1e-05,0.0,1
33682,-1e-05,-2e-05,-2e-05,-2e-05,0.0,-2e-05,-1e-05,0.0,1
33683,-1e-05,-2e-05,-2e-05,-2e-05,0.0,-2e-05,-1e-05,0.0,1
33684,-1e-05,-2e-05,-2e-05,-2e-05,0.0,-2e-05,-1e-05,0.0,1
33685,-1e-05,-2e-05,-2e-05,-2e-05,0.0,-2e-05,-1e-05,0.0,1
33686,-1e-05,-2e-05,-2e-05,-2e-05,0.0,-2e-05,-1e-05,0.0,1
33688,-1e-05,-2e-05,-2e-05,-2e-05,0.0,-2e-05,-1e-05,0.0,1
33689,-1e-05,-2e-05,-2e-05,-2e-05,0.0,-2e-05,-1e-05,0.0,1
33690,-1e-05,-2e-05,-2e-05,-2e-05,0.0,-2e-05,-1e-05,0.0,1
33691,-1e-05,-2e-05,-2e-05,-2e-05,0.0,-2e-05,-1e-05,0.0,1
33692,-1e-05,-2e-05,-2e-05,-2e-05,0.0,-2e-05,-1e-05,0.0,1
33693,-1e-05,-2e-05,-2e-05,-2e-05,0.0,-2e-05,-1e-05,0.0,1
33694,-1e-05,-2e-05,-2e-05,-2e-05,0.0,-2e-05,-1e-05,0.0,1
33695,-1e-05,-2e-05,-2e-05,-2e-05,0.0,-2e-05,-1e-05,0.0,1
33696,-1e-05,-2e-05,-2e-05,-2e-05,0.0,-2e-05,-1e-05,0.0,1
33697,-1e-05,-2e-05,-2e-05,-2e-05,0.0,-2e-05,-1e-05,0.0,1
33698,-1e-05,-2e-05,-2e-05,-2e-05,0.0,-2e-05,-1e-05,0.0,1
33699,-1e-05,-2e-05,-4e-05,-6e-05,-3e-05,-2e-05,-2e-05,-1e-05,1
33700,-2e-05,-4e-05,-3e-05,8e-05,-2e-05,-2e-05,1e-05,-3e-05,1
33702,-2e-05,-4e-05,-3e-05,8e-05,-2e-05,-2e-05,1e-05,-3e-05,1
33703,-2e-05,-4e-05,-3e-05,8e-05,-2e-05,-2e-05,1e-05,-3e-05,1
33704,-2e-05,-4e-05,-3e-05,8e-05,-2e-05,-2e-05,1e-05,-3e-05,1
33705,-2e-05,-4e-05,-3e-05,8e-05,-2e-05,-2e-05,1e-05,-3e-05,1
33706,-2e-05,-4e-05,-3e-05,8e-05,-2e-05,-2e-05,1e-05,-3e-05,1
33707,-2e-05,-4e-05,-3e-05,8e-05,-2e-05,-2e-05,1e-05,-3e-05,1
33708,-2e-05,-4e-05,-3e-05,8e-05,-2e-05,-2e-05,1e-05,-3e-05,1
33709,-2e-05,-4e-05,-3e-05,8e-05,-2e-05,-2e-05,1e-05,-3e-05,1
33710,-2e-05,-4e-05,-3e-05,8e-05,-2e-05,-2e-05,1e-05,-3e-05,1
33711,-2e-05,-4e-05,-3e-05,8e-05,-2e-05,-2e-05,1e-05,-3e-05,1
33712,-2e-05,-4e-05,-3e-05,8e-05,-2e-05,-2e-05,1e-05,-3e-05,1
33713,-2e-05,-4e-05,-3e-05,8e-05,-2e-05,-2e-05,1e-05,-3e-05,1
33714,-2e-05,-4e-05,-3e-05,8e-05,-2e-05,-2e-05,1e-05,-3e-05,1
33715,-2e-05,-4e-05,-3e-05,8e-05,-2e-05,-2e-05,1e-05,-3e-05,1
33716,-2e-05,-4e-05,-3e-05,8e-05,-2e-05,-2e-05,1e-05,-3e-05,1
33717,-2e-05,-4e-05,-3e-05,8e-05,-2e-05,-2e-05,1e-05,-3e-05,1
33718,-2e-05,-4e-05,-3e-05,8e-05,-2e-05,-2e-05,1e-05,-3e-05,1
33719,-2e-05,-4e-05,-3e-05,8e-05,-2e-05,-2e-05,1e-05,-3e-05,1
33720,-2e-05,-4e-05,-3e-05,8e-05,-2e-05,-2e-05,1e-05,-3e-05,1
33721,-2e-05,-4e-05,-3e-05,8e-05,-2e-05,-2e-05,1e-05,-3e-05,1
33722,-2e-05,-4e-05,-3e-05,8e-05,-2e-05,-2e-05,1e-05,-3e-05,1
33723,-2e-05,-4e-05,-3e-05,8e-05,-2e-05,-2e-05,1e-05,-3e-05,1
33724,-2e-05,-4e-05,-3e-05,8e-05,-2e-05,-2e-05,1e-05,-3e-05,1
33725,-2e-05,-4e-05,-3e-05,8e-05,-2e-05,-2e-05,1e-05,-3e-05,1
33726,-2e-05,-4e-05,-3e-05,8e-05,-2e-05,-2e-05,1e-05,-3e-05,1
33727,-2e-05,-4e-05,-3e-05,8e-05,-2e-05,-2e-05,1e-05,-3e-05,1
33728,-2e-05,-4e-05,-3e-05,8e-05,-2e-05,-2e-05,1e-05,-3e-05,1
33729,-2e-05,-4e-05,-3e-05,8e-05,-2e-05,-2e-05,1e-05,-3e-05,1
33730,-1e-05,0.0,-1e-05,-4e-05,3e-05,1e-05,-2e-05,-1e-05,1
33731,-4e-05,-1e-05,-7e-05,-9e-05,-3e-05,-3e-05,-2e-05,-1e-05,1
33732,-4e-05,-1e-05,-7e-05,-9e-05,-3e-05,-3e-05,-2e-05,-1e-05,1
33733,-4e-05,-1e-05,-7e-05,-9e-05,-3e-05,-3e-05,-2e-05,-1e-05,1
33734,-4e-05,-1e-05,-7e-05,-9e-05,-3e-05,-3e-05,-2e-05,-1e-05,1
33735,-4e-05,-1e-05,-7e-05,-9e-05,-3e-05,-3e-05,-2e-05,-1e-05,1
33736,-4e-05,-1e-05,-7e-05,-9e-05,-3e-05,-3e-05,-2e-05,-1e-05,1
33739,1e-05,2e-05,2e-05,7e-05,1e-05,0.0,0.0,0.0,1
33740,1e-05,2e-05,2e-05,7e-05,1e-05,0.0,0.0,0.0,1
33741,1e-05,2e-05,2e-05,7e-05,1e-05,0.0,0.0,0.0,1
33742,1e-05,2e-05,2e-05,7e-05,1e-05,0.0,0.0,0.0,1
33743,1e-05,2e-05,2e-05,7e-05,1e-05,0.0,0.0,0.0,1
33744,1e-05,2e-05,2e-05,7e-05,1e-05,0.0,0.0,0.0,1
33745,1e-05,2e-05,2e-05,7e-05,1e-05,0.0,0.0,0.0,1
33746,1e-05,2e-05,2e-05,7e-05,1e-05,0.0,0.0,0.0,1
33747,1e-05,2e-05,2e-05,7e-05,1e-05,0.0,0.0,0.0,1
33748,1e-05,2e-05,2e-05,7e-05,1e-05,0.0,0.0,0.0,1
33749,1e-05,2e-05,2e-05,7e-05,1e-05,0.0,0.0,0.0,1
33750,1e-05,2e-05,2e-05,7e-05,1e-05,0.0,0.0,0.0,1
33751,1e-05,2e-05,2e-05,7e-05,1e-05,0.0,0.0,0.0,1
33752,1e-05,2e-05,2e-05,7e-05,1e-05,0.0,0.0,0.0,1
33753,1e-05,2e-05,2e-05,7e-05,1e-05,0.0,0.0,0.0,1
33754,1e-05,2e-05,2e-05,7e-05,1e-05,0.0,0.0,0.0,1
33755,1e-05,2e-05,2e-05,7e-05,1e-05,0.0,0.0,0.0,1
33756,1e-05,2e-05,2e-05,7e-05,1e-05,0.0,0.0,0.0,1
33757,1e-05,2e-05,2e-05,7e-05,1e-05,0.0,0.0,0.0,1
33758,1e-05,2e-05,2e-05,7e-05,1e-05,0.0,0.0,0.0,1
33759,-1e-05,-3e-05,-6e-05,-0.00022,-3e-05,-1e-05,1e-05,-1e-05,1
33760,-1e-05,0.0,2e-05,2e-05,-1e-05,-1e-05,0.0,-2e-05,1
33761,-1e-05,0.0,2e-05,2e-05,-1e-05,-1e-05,0.0,-2e-05,1
33762,-1e-05,0.0,2e-05,2e-05,-1e-05,-1e-05,0.0,-2e-05,1
33763,-1e-05,0.0,2e-05,2e-05,-1e-05,-1e-05,0.0,-2e-05,1
33764,-1e-05,0.0,2e-05,2e-05,-1e-05,-1e-05,0.0,-2e-05,1
33765,-1e-05,0.0,2e-05,2e-05,-1e-05,-1e-05,0.0,-2e-05,1
33766,-1e-05,0.0,2e-05,2e-05,-1e-05,-1e-05,0.0,-2e-05,1
33767,-1e-05,0.0,2e-05,2e-05,-1e-05,-1e-05,0.0,-2e-05,1
33768,-1e-05,0.0,2e-05,2e-05,-1e-05,-1e-05,0.0,-2e-05,1
33769,-1e-05,0.0,2e-05,2e-05,-1e-05,-1e-05,0.0,-2e-05,1
33770,-1e-05,0.0,2e-05,2e-05,-1e-05,-1e-05,0.0,-2e-05,1
33771,-1e-05,0.0,2e-05,2e-05,-1e-05,-1e-05,0.0,-2e-05,1
33772,-1e-05,0.0,2e-05,2e-05,-1e-05,-1e-05,0.0,-2e-05,1
33773,-1e-05,0.0,2e-05,2e-05,-1e-05,-1e-05,0.0,-2e-05,1
33774,-1e-05,0.0,2e-05,2e-05,-1e-05,-1e-05,0.0,-2e-05,1
33775,-1e-05,0.0,2e-05,2e-05,-1e-05,-1e-05,0.0,-2e-05,1
33776,-1e-05,0.0,2e-05,2e-05,-1e-05,-1e-05,0.0,-2e-05,1
33777,-1e-05,0.0,2e-05,2e-05,-1e-05,-1e-05,0.0,-2e-05,1
33778,-1e-05,0.0,2e-05,2e-05,-1e-05,-1e-05,0.0,-2e-05,1
33779,-1e-05,0.0,2e-05,2e-05,-1e-05,-1e-05,0.0,-2e-05,1
33780,-1e-05,0.0,2e-05,2e-05,-1e-05,-1e-05,0.0,-2e-05,1
33781,-1e-05,0.0,2e-05,2e-05,-1e-05,-1e-05,0.0,-2e-05,1
33782,-2e-05,-4e-05,-1e-05,-1e-05,-1e-05,0.0,-1e-05,-2e-05,1
33783,2e-05,3e-05,2e-05,2e-05,1e-05,0.0,-1e-05,-2e-05,1
33784,2e-05,3e-05,2e-05,2e-05,1e-05,0.0,-1e-05,-2e-05,1
33785,2e-05,3e-05,2e-05,2e-05,1e-05,0.0,-1e-05,-2e-05,1
33786,2e-05,3e-05,2e-05,2e-05,1e-05,0.0,-1e-05,-2e-05,1
33788,2e-05,3e-05,2e-05,2e-05,1e-05,0.0,-1e-05,-2e-05,1
33789,2e-05,3e-05,2e-05,2e-05,1e-05,0.0,-1e-05,-2e-05,1
33790,2e-05,3e-05,2e-05,2e-05,1e-05,0.0,-1e-05,-2e-05,1
33791,2e-05,3e-05,2e-05,2e-05,1e-05,0.0,-1e-05,-2e-05,1
33792,2e-05,3e-05,2e-05,2e-05,1e-05,0.0,-1e-05,-2e-05,1
33793,2e-05,3e-05,2e-05,2e-05,1e-05,0.0,-1e-05,-2e-05,1
33794,2e-05,3e-05,2e-05,2e-05,1e-05,0.0,-1e-05,-2e-05,1
33795,2e-05,3e-05,2e-05,2e-05,1e-05,0.0,-1e-05,-2e-05,1
33796,2e-05,3e-05,2e-05,2e-05,1e-05,0.0,-1e-05,-2e-05,1
33797,-2e-05,-2e-05,-1e-05,-2e-05,-3e-05,0.0,-1e-05,2e-05,1
33798,-1e-05,-4e-05,-5e-05,-6e-05,-1e-05,-1e-05,-2e-05,-1e-05,1
33799,-1e-05,-4e-05,-5e-05,-6e-05,-1e-05,-1e-05,-2e-05,-1e-05,1
33800,-1e-05,-4e-05,-5e-05,-6e-05,-1e-05,-1e-05,-2e-05,-1e-05,1
33801,-1e-05,-4e-05,-5e-05,-6e-05,-1e-05,-1e-05,-2e-05,-1e-05,1
33802,-1e-05,-4e-05,-5e-05,-6e-05,-1e-05,-1e-05,-2e-05,-1e-05,1
33803,-1e-05,-4e-05,-5e-05,-6e-05,-1e-05,-1e-05,-2e-05,-1e-05,1
33804,-1e-05,-4e-05,-5e-05,-6e-05,-1e-05,-1e-05,-2e-05,-1e-05,1
33805,-1e-05,-4e-05,-5e-05,-6e-05,-1e-05,-1e-05,-2e-05,-1e-05,1
33806,-1e-05,-4e-05,-5e-05,-6e-05,-1e-05,-1e-05,-2e-05,-1e-05,1
33807,-1e-05,-4e-05,-5e-05,-6e-05,-1e-05,-1e-05,-2e-05,-1e-05,1
33808,-1e-05,-4e-05,-5e-05,-6e-05,-1e-05,-1e-05,-2e-05,-1e-05,1
33809,-1e-05,-4e-05,-5e-05,-6e-05,-1e-05,-1e-05,-2e-05,-1e-05,1
33810,-1e-05,-4e-05,-5e-05,-6e-05,-1e-05,-1e-05,-2e-05,-1e-05,1
33811,-1e-05,-4e-05,-5e-05,-6e-05,-1e-05,-1e-05,-2e-05,-1e-05,1
33812,-1e-05,-4e-05,-5e-05,-6e-05,-1e-05,-1e-05,-2e-05,-1e-05,1
33813,-1e-05,-4e-05,-5e-05,-6e-05,-1e-05,-1e-05,-2e-05,-1e-05,1
33814,-1e-05,-4e-05,-5e-05,-6e-05,-1e-05,-1e-05,-2e-05,-1e-05,1
33815,-1e-05,-4e-05,-5e-05,-6e-05,-1e-05,-1e-05,-2e-05,-1e-05,1
33816,-1e-05,-4e-05,-5e-05,-6e-05,-1e-05,-1e-05,-2e-05,-1e-05,1
33817,-1e-05,-4e-05,-5e-05,-6e-05,-1e-05,-1e-05,-2e-05,-1e-05,1
33818,-1e-05,-4e-05,-5e-05,-6e-05,-1e-05,-1e-05,-2e-05,-1e-05,1
33819,0.0,-1e-05,-2e-05,-4e-05,-2e-05,-2e-05,-1e-05,-4e-05,1
33820,0.0,-1e-05,1e-05,-2e-05,0.0,-1e-05,-1e-05,0.0,1
33822,0.0,-1e-05,1e-05,-2e-05,0.0,-1e-05,-1e-05,0.0,1
33823,0.0,-1e-05,1e-05,-2e-05,0.0,-1e-05,-1e-05,0.0,1
33824,0.0,-1e-05,1e-05,-2e-05,0.0,-1e-05,-1e-05,0.0,1
33825,0.0,-1e-05,1e-05,-2e-05,0.0,-1e-05,-1e-05,0.0,1
33826,0.0,-1e-05,1e-05,-2e-05,0.0,-1e-05,-1e-05,0.0,1
33827,0.0,-1e-05,1e-05,-2e-05,0.0,-1e-05,-1e-05,0.0,1
33828,0.0,-1e-05,1e-05,-2e-05,0.0,-1e-05,-1e-05,0.0,1
33829,0.0,-1e-05,1e-05,-2e-05,0.0,-1e-05,-1e-05,0.0,1
33830,0.0,-1e-05,1e-05,-2e-05,0.0,-1e-05,-1e-05,0.0,1
33831,0.0,-1e-05,1e-05,-2e-05,0.0,-1e-05,-1e-05,0.0,1
33832,0.0,-1e-05,1e-05,-2e-05,0.0,-1e-05,-1e-05,0.0,1
33833,0.0,-1e-05,1e-05,-2e-05,0.0,-1e-05,-1e-05,0.0,1
33834,0.0,-1e-05,1e-05,-2e-05,0.0,-1e-05,-1e-05,0.0,1
33835,0.0,-1e-05,1e-05,-2e-05,0.0,-1e-05,-1e-05,0.0,1
33836,0.0,-1e-05,1e-05,-2e-05,0.0,-1e-05,-1e-05,0.0,1
33838,0.0,-1e-05,1e-05,-2e-05,0.0,-1e-05,-1e-05,0.0,1
33840,0.0,-1e-05,1e-05,-2e-05,0.0,-1e-05,-1e-05,0.0,1
33841,0.0,-1e-05,1e-05,-2e-05,0.0,-1e-05,-1e-05,0.0,1
33842,0.0,-2e-05,0.0,1e-05,-1e-05,-2e-05,-2e-05,-2e-05,1
33843,-3e-05,-4e-05,-5e-05,-6e-05,-2e-05,-2e-05,0.0,0.0,1
33844,-3e-05,-4e-05,-5e-05,-6e-05,-2e-05,-2e-05,0.0,0.0,1
33845,-3e-05,-4e-05,-5e-05,-6e-05,-2e-05,-2e-05,0.0,0.0,1
33846,-3e-05,-4e-05,-5e-05,-6e-05,-2e-05,-2e-05,0.0,0.0,1
33847,-3e-05,-4e-05,-5e-05,-6e-05,-2e-05,-2e-05,0.0,0.0,1
33848,-3e-05,-4e-05,-5e-05,-6e-05,-2e-05,-2e-05,0.0,0.0,1
33849,-3e-05,-4e-05,-5e-05,-6e-05,-2e-05,-2e-05,0.0,0.0,1
33850,-3e-05,-4e-05,-5e-05,-6e-05,-2e-05,-2e-05,0.0,0.0,1
33851,-3e-05,-4e-05,-5e-05,-6e-05,-2e-05,-2e-05,0.0,0.0,1
33852,-3e-05,-4e-05,-5e-05,-6e-05,-2e-05,-2e-05,0.0,0.0,1
33853,-3e-05,-4e-05,-5e-05,-6e-05,-2e-05,-2e-05,0.0,0.0,1
33854,-3e-05,-4e-05,-5e-05,-6e-05,-2e-05,-2e-05,0.0,0.0,1
33855,-3e-05,-4e-05,-5e-05,-6e-05,-2e-05,-2e-05,0.0,0.0,1
33856,-3e-05,-4e-05,-5e-05,-6e-05,-2e-05,-2e-05,0.0,0.0,1
33857,0.0,1e-05,3e-05,2e-05,0.0,-1e-05,-2e-05,0.0,1
33858,-3e-05,-4e-05,-2e-05,-8e-05,-2e-05,-2e-05,0.0,0.0,1
33859,-3e-05,-4e-05,-2e-05,-8e-05,-2e-05,-2e-05,0.0,0.0,1
33860,-3e-05,-4e-05,-2e-05,-8e-05,-2e-05,-2e-05,0.0,0.0,1
33861,-3e-05,-4e-05,-2e-05,-8e-05,-2e-05,-2e-05,0.0,0.0,1
33862,-3e-05,-4e-05,-2e-05,-8e-05,-2e-05,-2e-05,0.0,0.0,1
33863,-3e-05,-4e-05,-2e-05,-8e-05,-2e-05,-2e-05,0.0,0.0,1
33864,-3e-05,-4e-05,-2e-05,-8e-05,-2e-05,-2e-05,0.0,0.0,1
33865,-3e-05,-4e-05,-2e-05,-8e-05,-2e-05,-2e-05,0.0,0.0,1
33866,-3e-05,-4e-05,-2e-05,-8e-05,-2e-05,-2e-05,0.0,0.0,1
33867,-3e-05,-4e-05,-2e-05,-8e-05,-2e-05,-2e-05,0.0,0.0,1
33868,-3e-05,-4e-05,-2e-05,-8e-05,-2e-05,-2e-05,0.0,0.0,1
33869,-3e-05,-4e-05,-2e-05,-8e-05,-2e-05,-2e-05,0.0,0.0,1
33870,-3e-05,-4e-05,-2e-05,-8e-05,-2e-05,-2e-05,0.0,0.0,1
33871,-3e-05,-4e-05,-2e-05,-8e-05,-2e-05,-2e-05,0.0,0.0,1
33872,-3e-05,-4e-05,-2e-05,-8e-05,-2e-05,-2e-05,0.0,0.0,1
33873,-3e-05,-4e-05,-2e-05,-8e-05,-2e-05,-2e-05,0.0,0.0,1
33874,-3e-05,-4e-05,-2e-05,-8e-05,-2e-05,-2e-05,0.0,0.0,1
33875,-3e-05,-4e-05,-2e-05,-8e-05,-2e-05,-2e-05,0.0,0.0,1
33876,-3e-05,-4e-05,-2e-05,-8e-05,-2e-05,-2e-05,0.0,0.0,1
33877,-3e-05,-4e-05,-2e-05,-8e-05,-2e-05,-2e-05,0.0,0.0,1
33878,-3e-05,-4e-05,-2e-05,-8e-05,-2e-05,-2e-05,0.0,0.0,1
33879,-3e-05,-4e-05,-2e-05,-8e-05,-2e-05,-2e-05,0.0,0.0,1
33880,1e-05,-2e-05,-4e-05,-1e-05,0.0,1e-05,-1e-05,-1e-05,1
33881,1e-05,-2e-05,-4e-05,-1e-05,0.0,1e-05,-1e-05,-1e-05,1
33882,1e-05,-2e-05,-4e-05,-1e-05,0.0,1e-05,-1e-05,-1e-05,1
33883,1e-05,-2e-05,-4e-05,-1e-05,0.0,1e-05,-1e-05,-1e-05,1
33884,1e-05,-2e-05,-4e-05,-1e-05,0.0,1e-05,-1e-05,-1e-05,1
33885,1e-05,-2e-05,-4e-05,-1e-05,0.0,1e-05,-1e-05,-1e-05,1
33886,1e-05,-2e-05,-4e-05,-1e-05,0.0,1e-05,-1e-05,-1e-05,1
33889,2e-05,3e-05,7e-05,4e-05,1e-05,-1e-05,-1e-05,1e-05,1
33890,2e-05,3e-05,7e-05,4e-05,1e-05,-1e-05,-1e-05,1e-05,1
33891,2e-05,3e-05,7e-05,4e-05,1e-05,-1e-05,-1e-05,1e-05,1
33892,2e-05,3e-05,7e-05,4e-05,1e-05,-1e-05,-1e-05,1e-05,1
33893,2e-05,3e-05,7e-05,4e-05,1e-05,-1e-05,-1e-05,1e-05,1
33894,2e-05,3e-05,7e-05,4e-05,1e-05,-1e-05,-1e-05,1e-05,1
33895,2e-05,3e-05,7e-05,4e-05,1e-05,-1e-05,-1e-05,1e-05,1
33896,2e-05,3e-05,7e-05,4e-05,1e-05,-1e-05,-1e-05,1e-05,1
33897,2e-05,3e-05,7e-05,4e-05,1e-05,-1e-05,-1e-05,1e-05,1
33898,2e-05,3e-05,7e-05,4e-05,1e-05,-1e-05,-1e-05,1e-05,1
33899,2e-05,3e-05,7e-05,4e-05,1e-05,-1e-05,-1e-05,1e-05,1
33900,2e-05,3e-05,7e-05,4e-05,1e-05,-1e-05,-1e-05,1e-05,1
33901,2e-05,3e-05,7e-05,4e-05,1e-05,-1e-05,-1e-05,1e-05,1
33902,-4e-05,-3e-05,-2e-05,0.0,-2e-05,-2e-05,0.0,-1e-05,1
33903,0.0,-1e-05,-2e-05,2e-05,-1e-05,1e-05,0.0,-2e-05,1
33904,0.0,-1e-05,-2e-05,2e-05,-1e-05,1e-05,0.0,-2e-05,1
33905,0.0,-1e-05,-2e-05,2e-05,-1e-05,1e-05,0.0,-2e-05,1
33906,0.0,-1e-05,-2e-05,2e-05,-1e-05,1e-05,0.0,-2e-05,1
33907,0.0,-1e-05,-2e-05,2e-05,-1e-05,1e-05,0.0,-2e-05,1
33908,0.0,-1e-05,-2e-05,2e-05,-1e-05,1e-05,0.0,-2e-05,1
33909,0.0,-1e-05,-2e-05,2e-05,-1e-05,1e-05,0.0,-2e-05,1
33910,0.0,-1e-05,-2e-05,2e-05,-1e-05,1e-05,0.0,-2e-05,1
33911,0.0,-1e-05,-2e-05,2e-05,-1e-05,1e-05,0.0,-2e-05,1
33912,0.0,-1e-05,-2e-05,2e-05,-1e-05,1e-05,0.0,-2e-05,1
33913,0.0,-1e-05,-2e-05,2e-05,-1e-05,1e-05,0.0,-2e-05,1
33914,0.0,-1e-05,-2e-05,2e-05,-1e-05,1e-05,0.0,-2e-05,1
33915,0.0,-1e-05,-2e-05,2e-05,-1e-05,1e-05,0.0,-2e-05,1
33916,0.0,-1e-05,-2e-05,2e-05,-1e-05,1e-05,0.0,-2e-05,1
33917,1e-05,3e-05,5e-05,0.0001,4e-05,2e-05,-1e-05,0.0,1
33918,0.0,-1e-05,-1e-05,0.0,-1e-05,-1e-05,-1e-05,-3e-05,1
33919,0.0,-1e-05,-1e-05,0.0,-1e-05,-1e-05,-1e-05,-3e-05,1
33920,0.0,-1e-05,-1e-05,0.0,-1e-05,-1e-05,-1e-05,-3e-05,1
33921,0.0,-1e-05,-1e-05,0.0,-1e-05,-1e-05,-1e-05,-3e-05,1
33922,0.0,-1e-05,-1e-05,0.0,-1e-05,-1e-05,-1e-05,-3e-05,1
33923,0.0,-1e-05,-1e-05,0.0,-1e-05,-1e-05,-1e-05,-3e-05,1
33924,0.0,-1e-05,-1e-05,0.0,-1e-05,-1e-05,-1e-05,-3e-05,1
33925,0.0,-1e-05,-1e-05,0.0,-1e-05,-1e-05,-1e-05,-3e-05,1
33926,0.0,-1e-05,-1e-05,0.0,-1e-05,-1e-05,-1e-05,-3e-05,1
33927,0.0,-1e-05,-1e-05,0.0,-1e-05,-1e-05,-1e-05,-3e-05,1
33928,0.0,-1e-05,-1e-05,0.0,-1e-05,-1e-05,-1e-05,-3e-05,1
33929,0.0,-1e-05,-1e-05,0.0,-1e-05,-1e-05,-1e-05,-3e-05,1
33930,0.0,-1e-05,-1e-05,0.0,-1e-05,-1e-05,-1e-05,-3e-05,1
33931,0.0,-1e-05,-1e-05,0.0,-1e-05,-1e-05,-1e-05,-3e-05,1
33932,0.0,-1e-05,-1e-05,0.0,-1e-05,-1e-05,-1e-05,-3e-05,1
33933,0.0,-1e-05,-1e-05,0.0,-1e-05,-1e-05,-1e-05,-3e-05,1
33934,0.0,-1e-05,-1e-05,0.0,-1e-05,-1e-05,-1e-05,-3e-05,1
33935,0.0,-1e-05,-1e-05,0.0,-1e-05,-1e-05,-1e-05,-3e-05,1
33936,0.0,-1e-05,-1e-05,0.0,-1e-05,-1e-05,-1e-05,-3e-05,1
33938,0.0,-1e-05,-1e-05,0.0,-1e-05,-1e-05,-1e-05,-3e-05,1
33939,0.0,-1e-05,-1e-05,0.0,-1e-05,-1e-05,-1e-05,-3e-05,1
33940,-5e-05,-9e-05,-8e-05,0.0,-3e-05,-2e-05,-3e-05,-3e-05,1
33941,-5e-05,-9e-05,-8e-05,0.0,-3e-05,-2e-05,-3e-05,-3e-05,1
33942,-5e-05,-9e-05,-8e-05,0.0,-3e-05,-2e-05,-3e-05,-3e-05,1
33943,-5e-05,-9e-05,-8e-05,0.0,-3e-05,-2e-05,-3e-05,-3e-05,1
33944,-5e-05,-9e-05,-8e-05,0.0,-3e-05,-2e-05,-3e-05,-3e-05,1
33945,-5e-05,-9e-05,-8e-05,0.0,-3e-05,-2e-05,-3e-05,-3e-05,1
33946,-5e-05,-9e-05,-8e-05,0.0,-3e-05,-2e-05,-3e-05,-3e-05,1
33947,-5e-05,-9e-05,-8e-05,0.0,-3e-05,-2e-05,-3e-05,-3e-05,1
33948,-5e-05,-9e-05,-8e-05,0.0,-3e-05,-2e-05,-3e-05,-3e-05,1
33949,-5e-05,-9e-05,-8e-05,0.0,-3e-05,-2e-05,-3e-05,-3e-05,1
33950,-5e-05,-9e-05,-8e-05,0.0,-3e-05,-2e-05,-3e-05,-3e-05,1
33951,-5e-05,-9e-05,-8e-05,0.0,-3e-05,-2e-05,-3e-05,-3e-05,1
33952,-5e-05,-9e-05,-8e-05,0.0,-3e-05,-2e-05,-3e-05,-3e-05,1
33953,-5e-05,-9e-05,-8e-05,0.0,-3e-05,-2e-05,-3e-05,-3e-05,1
33954,-5e-05,-9e-05,-8e-05,0.0,-3e-05,-2e-05,-3e-05,-3e-05,1
33955,-5e-05,-9e-05,-8e-05,0.0,-3e-05,-2e-05,-3e-05,-3e-05,1
33956,-5e-05,-9e-05,-8e-05,0.0,-3e-05,-2e-05,-3e-05,-3e-05,1
33957,-5e-05,-9e-05,-8e-05,0.0,-3e-05,-2e-05,-3e-05,-3e-05,1
33958,-5e-05,-9e-05,-8e-05,0.0,-3e-05,-2e-05,-3e-05,-3e-05,1
33959,-5e-05,-9e-05,-8e-05,0.0,-3e-05,-2e-05,-3e-05,-3e-05,1
33960,-5e-05,-9e-05,-8e-05,0.0,-3e-05,-2e-05,-3e-05,-3e-05,1
33961,-5e-05,-9e-05,-8e-05,0.0,-3e-05,-2e-05,-3e-05,-3e-05,1
33962,-5e-05,-9e-05,-8e-05,0.0,-3e-05,-2e-05,-3e-05,-3e-05,1
33963,-5e-05,-9e-05,-8e-05,0.0,-3e-05,-2e-05,-3e-05,-3e-05,1
33964,-5e-05,-9e-05,-8e-05,0.0,-3e-05,-2e-05,-3e-05,-3e-05,1
33965,-5e-05,-9e-05,-8e-05,0.0,-3e-05,-2e-05,-3e-05,-3e-05,1
33966,-5e-05,-9e-05,-8e-05,0.0,-3e-05,-2e-05,-3e-05,-3e-05,1
33967,-5e-05,-9e-05,-8e-05,0.0,-3e-05,-2e-05,-3e-05,-3e-05,1
33968,-5e-05,-9e-05,-8e-05,0.0,-3e-05,-2e-05,-3e-05,-3e-05,1
33969,-5e-05,-9e-05,-8e-05,0.0,-3e-05,-2e-05,-3e-05,-3e-05,1
33970,0.0,1e-05,1e-05,4e-05,-2e-05,-2e-05,-2e-05,-1e-05,1
33971,-1e-05,0.0,-2e-05,1e-05,-3e-05,0.0,-1e-05,1e-05,1
33972,-1e-05,0.0,-2e-05,1e-05,-3e-05,0.0,-1e-05,1e-05,1
33973,-1e-05,0.0,-2e-05,1e-05,-3e-05,0.0,-1e-05,1e-05,1
33974,-1e-05,0.0,-2e-05,1e-05,-3e-05,0.0,-1e-05,1e-05,1
33975,-1e-05,0.0,-2e-05,1e-05,-3e-05,0.0,-1e-05,1e-05,1
33976,-1e-05,0.0,-2e-05,1e-05,-3e-05,0.0,-1e-05,1e-05,1
33977,2e-05,1e-05,3e-05,-3e-05,-1e-05,-3e-05,-1e-05,-1e-05,1
33978,-5e-05,-6e-05,-8e-05,2e-05,-2e-05,-2e-05,-1e-05,-3e-05,1
33979,-5e-05,-6e-05,-8e-05,2e-05,-2e-05,-2e-05,-1e-05,-3e-05,1
33980,-5e-05,-6e-05,-8e-05,2e-05,-2e-05,-2e-05,-1e-05,-3e-05,1
33981,-5e-05,-6e-05,-8e-05,2e-05,-2e-05,-2e-05,-1e-05,-3e-05,1
33982,-5e-05,-6e-05,-8e-05,2e-05,-2e-05,-2e-05,-1e-05,-3e-05,1
33983,-5e-05,-6e-05,-8e-05,2e-05,-2e-05,-2e-05,-1e-05,-3e-05,1
33984,-5e-05,-6e-05,-8e-05,2e-05,-2e-05,-2e-05,-1e-05,-3e-05,1
33985,-5e-05,-6e-05,-8e-05,2e-05,-2e-05,-2e-05,-1e-05,-3e-05,1
33986,-5e-05,-6e-05,-8e-05,2e-05,-2e-05,-2e-05,-1e-05,-3e-05,1
33988,-5e-05,-6e-05,-8e-05,2e-05,-2e-05,-2e-05,-1e-05,-3e-05,1
33989,-5e-05,-6e-05,-8e-05,2e-05,-2e-05,-2e-05,-1e-05,-3e-05,1
33990,-5e-05,-6e-05,-8e-05,2e-05,-2e-05,-2e-05,-1e-05,-3e-05,1
33991,-5e-05,-6e-05,-8e-05,2e-05,-2e-05,-2e-05,-1e-05,-3e-05,1
33992,-5e-05,-6e-05,-8e-05,2e-05,-2e-05,-2e-05,-1e-05,-3e-05,1
33993,-5e-05,-6e-05,-8e-05,2e-05,-2e-05,-2e-05,-1e-05,-3e-05,1
33994,-5e-05,-6e-05,-8e-05,2e-05,-2e-05,-2e-05,-1e-05,-3e-05,1
33995,-5e-05,-6e-05,-8e-05,2e-05,-2e-05,-2e-05,-1e-05,-3e-05,1
33996,-5e-05,-6e-05,-8e-05,2e-05,-2e-05,-2e-05,-1e-05,-3e-05,1
33997,-5e-05,-6e-05,-8e-05,2e-05,-2e-05,-2e-05,-1e-05,-3e-05,1
33998,-5e-05,-6e-05,-8e-05,2e-05,-2e-05,-2e-05,-1e-05,-3e-05,1
33999,-5e-05,-6e-05,-8e-05,2e-05,-2e-05,-2e-05,-1e-05,-3e-05,1
34000,-5e-05,-6e-05,-8e-05,2e-05,-2e-05,-2e-05,-1e-05,-3e-05,1
34001,-5e-05,-6e-05,-8e-05,2e-05,-2e-05,-2e-05,-1e-05,-3e-05,1
34002,-5e-05,-6e-05,-8e-05,2e-05,-2e-05,-2e-05,-1e-05,-3e-05,1
34003,-5e-05,-6e-05,-8e-05,2e-05,-2e-05,-2e-05,-1e-05,-3e-05,1
34004,-5e-05,-6e-05,-8e-05,2e-05,-2e-05,-2e-05,-1e-05,-3e-05,1
34005,-5e-05,-6e-05,-8e-05,2e-05,-2e-05,-2e-05,-1e-05,-3e-05,1
34006,-5e-05,-6e-05,-8e-05,2e-05,-2e-05,-2e-05,-1e-05,-3e-05,1
34007,-5e-05,-6e-05,-8e-05,2e-05,-2e-05,-2e-05,-1e-05,-3e-05,1
34008,2e-05,2e-05,5e-05,5e-05,0.0,0.0,1e-05,1e-05,1
34009,2e-05,2e-05,5e-05,5e-05,0.0,0.0,1e-05,1e-05,1
34010,2e-05,2e-05,5e-05,5e-05,0.0,0.0,1e-05,1e-05,1
34011,2e-05,2e-05,5e-05,5e-05,0.0,0.0,1e-05,1e-05,1
34012,2e-05,2e-05,5e-05,5e-05,0.0,0.0,1e-05,1e-05,1
34013,2e-05,2e-05,5e-05,5e-05,0.0,0.0,1e-05,1e-05,1
34014,2e-05,2e-05,5e-05,5e-05,0.0,0.0,1e-05,1e-05,1
34015,2e-05,2e-05,5e-05,5e-05,0.0,0.0,1e-05,1e-05,1
34016,2e-05,2e-05,5e-05,5e-05,0.0,0.0,1e-05,1e-05,1
34017,2e-05,2e-05,5e-05,5e-05,0.0,0.0,1e-05,1e-05,1
34018,2e-05,2e-05,5e-05,5e-05,0.0,0.0,1e-05,1e-05,1
34019,2e-05,2e-05,5e-05,5e-05,0.0,0.0,1e-05,1e-05,1
34020,2e-05,2e-05,5e-05,5e-05,0.0,0.0,1e-05,1e-05,1
34021,2e-05,2e-05,5e-05,5e-05,0.0,0.0,1e-05,1e-05,1
34022,-2e-05,-1e-05,-1e-05,0.0,0.0,0.0,-2e-05,-3e-05,1
34023,1e-05,5e-05,7e-05,5e-05,1e-05,-2e-05,-1e-05,1e-05,1
34025,1e-05,5e-05,7e-05,5e-05,1e-05,-2e-05,-1e-05,1e-05,1
34026,1e-05,5e-05,7e-05,5e-05,1e-05,-2e-05,-1e-05,1e-05,1
34027,1e-05,5e-05,7e-05,5e-05,1e-05,-2e-05,-1e-05,1e-05,1
34028,1e-05,5e-05,7e-05,5e-05,1e-05,-2e-05,-1e-05,1e-05,1
34029,1e-05,5e-05,7e-05,5e-05,1e-05,-2e-05,-1e-05,1e-05,1
34030,1e-05,5e-05,7e-05,5e-05,1e-05,-2e-05,-1e-05,1e-05,1
34031,1e-05,5e-05,7e-05,5e-05,1e-05,-2e-05,-1e-05,1e-05,1
34032,1e-05,5e-05,7e-05,5e-05,1e-05,-2e-05,-1e-05,1e-05,1
34033,1e-05,5e-05,7e-05,5e-05,1e-05,-2e-05,-1e-05,1e-05,1
34034,1e-05,5e-05,7e-05,5e-05,1e-05,-2e-05,-1e-05,1e-05,1
34035,1e-05,5e-05,7e-05,5e-05,1e-05,-2e-05,-1e-05,1e-05,1
34036,1e-05,5e-05,7e-05,5e-05,1e-05,-2e-05,-1e-05,1e-05,1
34039,1e-05,5e-05,7e-05,5e-05,1e-05,-2e-05,-1e-05,1e-05,1
34040,0.0,1e-05,-1e-05,-0.0001,-4e-05,0.0,-1e-05,-2e-05,1
34041,0.0,1e-05,-1e-05,-0.0001,-4e-05,0.0,-1e-05,-2e-05,1
34042,0.0,1e-05,-1e-05,-0.0001,-4e-05,0.0,-1e-05,-2e-05,1
34043,0.0,1e-05,-1e-05,-0.0001,-4e-05,0.0,-1e-05,-2e-05,1
34044,0.0,1e-05,-1e-05,-0.0001,-4e-05,0.0,-1e-05,-2e-05,1
34045,0.0,1e-05,-1e-05,-0.0001,-4e-05,0.0,-1e-05,-2e-05,1
34046,0.0,1e-05,-1e-05,-0.0001,-4e-05,0.0,-1e-05,-2e-05,1
34047,0.0,1e-05,-1e-05,-0.0001,-4e-05,0.0,-1e-05,-2e-05,1
34048,0.0,1e-05,-1e-05,-0.0001,-4e-05,0.0,-1e-05,-2e-05,1
34049,0.0,1e-05,-1e-05,-0.0001,-4e-05,0.0,-1e-05,-2e-05,1
34050,0.0,1e-05,-1e-05,-0.0001,-4e-05,0.0,-1e-05,-2e-05,1
34051,0.0,1e-05,-1e-05,-0.0001,-4e-05,0.0,-1e-05,-2e-05,1
34052,0.0,1e-05,-1e-05,-0.0001,-4e-05,0.0,-1e-05,-2e-05,1
34053,0.0,1e-05,-1e-05,-0.0001,-4e-05,0.0,-1e-05,-2e-05,1
34054,0.0,1e-05,-1e-05,-0.0001,-4e-05,0.0,-1e-05,-2e-05,1
34055,0.0,1e-05,-1e-05,-0.0001,-4e-05,0.0,-1e-05,-2e-05,1
34056,0.0,1e-05,-1e-05,-0.0001,-4e-05,0.0,-1e-05,-2e-05,1
34057,0.0,1e-05,-1e-05,-0.0001,-4e-05,0.0,-1e-05,-2e-05,1
34058,0.0,1e-05,-1e-05,-0.0001,-4e-05,0.0,-1e-05,-2e-05,1
34059,0.0,1e-05,-1e-05,-0.0001,-4e-05,0.0,-1e-05,-2e-05,1
34060,-1e-05,-1e-05,1e-05,3e-05,1e-05,-3e-05,0.0,0.0,1
34061,-1e-05,-1e-05,1e-05,3e-05,1e-05,-3e-05,0.0,0.0,1
34062,-1e-05,-1e-05,1e-05,3e-05,1e-05,-3e-05,0.0,0.0,1
34063,-1e-05,-1e-05,1e-05,3e-05,1e-05,-3e-05,0.0,0.0,1
34064,-1e-05,-1e-05,1e-05,3e-05,1e-05,-3e-05,0.0,0.0,1
34065,-1e-05,-1e-05,1e-05,3e-05,1e-05,-3e-05,0.0,0.0,1
34066,-1e-05,-1e-05,1e-05,3e-05,1e-05,-3e-05,0.0,0.0,1
34067,-1e-05,-1e-05,1e-05,3e-05,1e-05,-3e-05,0.0,0.0,1
34068,-1e-05,-1e-05,1e-05,3e-05,1e-05,-3e-05,0.0,0.0,1
34069,-1e-05,-1e-05,1e-05,3e-05,1e-05,-3e-05,0.0,0.0,1
34070,-1e-05,-1e-05,1e-05,3e-05,1e-05,-3e-05,0.0,0.0,1
34071,-1e-05,-1e-05,1e-05,3e-05,1e-05,-3e-05,0.0,0.0,1
34072,-1e-05,-1e-05,1e-05,3e-05,1e-05,-3e-05,0.0,0.0,1
34073,-1e-05,-1e-05,1e-05,3e-05,1e-05,-3e-05,0.0,0.0,1
34074,-1e-05,-1e-05,1e-05,3e-05,1e-05,-3e-05,0.0,0.0,1
34075,-1e-05,-1e-05,1e-05,3e-05,1e-05,-3e-05,0.0,0.0,1
34076,-1e-05,-1e-05,1e-05,3e-05,1e-05,-3e-05,0.0,0.0,1
34077,-1e-05,-1e-05,1e-05,3e-05,1e-05,-3e-05,0.0,0.0,1
34078,-1e-05,-1e-05,1e-05,3e-05,1e-05,-3e-05,0.0,0.0,1
34079,-1e-05,-1e-05,1e-05,3e-05,1e-05,-3e-05,0.0,0.0,1
34080,-1e-05,-1e-05,1e-05,3e-05,1e-05,-3e-05,0.0,0.0,1
34081,-1e-05,-1e-05,1e-05,3e-05,1e-05,-3e-05,0.0,0.0,1
34082,-2e-05,-4e-05,-5e-05,-5e-05,-1e-05,2e-05,0.0,3e-05,1
34083,1e-05,0.0,-1e-05,1e-05,1e-05,-1e-05,-1e-05,-1e-05,1
34084,1e-05,0.0,-1e-05,1e-05,1e-05,-1e-05,-1e-05,-1e-05,1
34085,1e-05,0.0,-1e-05,1e-05,1e-05,-1e-05,-1e-05,-1e-05,1
34086,1e-05,0.0,-1e-05,1e-05,1e-05,-1e-05,-1e-05,-1e-05,1
34088,1e-05,0.0,-1e-05,1e-05,1e-05,-1e-05,-1e-05,-1e-05,1
34090,1e-05,0.0,-1e-05,1e-05,1e-05,-1e-05,-1e-05,-1e-05,1
34091,1e-05,0.0,-1e-05,1e-05,1e-05,-1e-05,-1e-05,-1e-05,1
34092,1e-05,0.0,-1e-05,1e-05,1e-05,-1e-05,-1e-05,-1e-05,1
34093,1e-05,0.0,-1e-05,1e-05,1e-05,-1e-05,-1e-05,-1e-05,1
34094,1e-05,0.0,-1e-05,1e-05,1e-05,-1e-05,-1e-05,-1e-05,1
34095,1e-05,0.0,-1e-05,1e-05,1e-05,-1e-05,-1e-05,-1e-05,1
34096,1e-05,0.0,-1e-05,1e-05,1e-05,-1e-05,-1e-05,-1e-05,1
34097,0.0,0.0,3e-05,-7e-05,-2e-05,-1e-05,-2e-05,-3e-05,1
34098,-3e-05,-3e-05,-4e-05,-6e-05,-4e-05,-1e-05,1e-05,0.0,1
34099,-3e-05,-3e-05,-4e-05,-6e-05,-4e-05,-1e-05,1e-05,0.0,1
34100,-3e-05,-3e-05,-4e-05,-6e-05,-4e-05,-1e-05,1e-05,0.0,1
34101,-3e-05,-3e-05,-4e-05,-6e-05,-4e-05,-1e-05,1e-05,0.0,1
34102,-3e-05,-3e-05,-4e-05,-6e-05,-4e-05,-1e-05,1e-05,0.0,1
34103,-3e-05,-3e-05,-4e-05,-6e-05,-4e-05,-1e-05,1e-05,0.0,1
34104,-3e-05,-3e-05,-4e-05,-6e-05,-4e-05,-1e-05,1e-05,0.0,1
34105,-3e-05,-3e-05,-4e-05,-6e-05,-4e-05,-1e-05,1e-05,0.0,1
34106,-3e-05,-3e-05,-4e-05,-6e-05,-4e-05,-1e-05,1e-05,0.0,1
34107,-3e-05,-3e-05,-4e-05,-6e-05,-4e-05,-1e-05,1e-05,0.0,1
34108,-3e-05,-3e-05,-4e-05,-6e-05,-4e-05,-1e-05,1e-05,0.0,1
34109,-3e-05,-3e-05,-4e-05,-6e-05,-4e-05,-1e-05,1e-05,0.0,1
34110,-3e-05,-3e-05,-4e-05,-6e-05,-4e-05,-1e-05,1e-05,0.0,1
34111,-3e-05,-3e-05,-4e-05,-6e-05,-4e-05,-1e-05,1e-05,0.0,1
34112,-3e-05,-3e-05,-4e-05,-6e-05,-4e-05,-1e-05,1e-05,0.0,1
34113,-3e-05,-3e-05,-4e-05,-6e-05,-4e-05,-1e-05,1e-05,0.0,1
34114,-3e-05,-3e-05,-4e-05,-6e-05,-4e-05,-1e-05,1e-05,0.0,1
34115,-3e-05,-3e-05,-4e-05,-6e-05,-4e-05,-1e-05,1e-05,0.0,1
34116,-3e-05,-3e-05,-4e-05,-6e-05,-4e-05,-1e-05,1e-05,0.0,1
34117,-3e-05,-3e-05,-4e-05,-6e-05,-4e-05,-1e-05,1e-05,0.0,1
34118,-3e-05,-3e-05,-4e-05,-6e-05,-4e-05,-1e-05,1e-05,0.0,1
34119,-3e-05,-3e-05,-4e-05,-6e-05,-4e-05,-1e-05,1e-05,0.0,1
34120,-1e-05,-3e-05,-6e-05,-0.0001,-3e-05,0.0,-3e-05,-1e-05,1
34121,-1e-05,-3e-05,-6e-05,-0.0001,-3e-05,0.0,-3e-05,-1e-05,1
34122,-1e-05,-3e-05,-6e-05,-0.0001,-3e-05,0.0,-3e-05,-1e-05,1
34123,-1e-05,-3e-05,-6e-05,-0.0001,-3e-05,0.0,-3e-05,-1e-05,1
34124,-1e-05,-3e-05,-6e-05,-0.0001,-3e-05,0.0,-3e-05,-1e-05,1
34125,-1e-05,-3e-05,-6e-05,-0.0001,-3e-05,0.0,-3e-05,-1e-05,1
34126,-1e-05,-3e-05,-6e-05,-0.0001,-3e-05,0.0,-3e-05,-1e-05,1
34127,-1e-05,-3e-05,-6e-05,-0.0001,-3e-05,0.0,-3e-05,-1e-05,1
34128,-1e-05,-3e-05,-6e-05,-0.0001,-3e-05,0.0,-3e-05,-1e-05,1
34129,-1e-05,-3e-05,-6e-05,-0.0001,-3e-05,0.0,-3e-05,-1e-05,1
34130,-1e-05,-3e-05,-6e-05,-0.0001,-3e-05,0.0,-3e-05,-1e-05,1
34131,-1e-05,-3e-05,-6e-05,-0.0001,-3e-05,0.0,-3e-05,-1e-05,1
34132,-1e-05,-3e-05,-6e-05,-0.0001,-3e-05,0.0,-3e-05,-1e-05,1
34133,-1e-05,-3e-05,-6e-05,-0.0001,-3e-05,0.0,-3e-05,-1e-05,1
34134,-1e-05,-3e-05,-6e-05,-0.0001,-3e-05,0.0,-3e-05,-1e-05,1
34135,-1e-05,-3e-05,-6e-05,-0.0001,-3e-05,0.0,-3e-05,-1e-05,1
34136,-1e-05,-3e-05,-6e-05,-0.0001,-3e-05,0.0,-3e-05,-1e-05,1
34138,-1e-05,-3e-05,-6e-05,-0.0001,-3e-05,0.0,-3e-05,-1e-05,1
34139,-1e-05,-3e-05,-6e-05,-0.0001,-3e-05,0.0,-3e-05,-1e-05,1
34140,-1e-05,-3e-05,-6e-05,-0.0001,-3e-05,0.0,-3e-05,-1e-05,1
34141,-1e-05,-3e-05,-6e-05,-0.0001,-3e-05,0.0,-3e-05,-1e-05,1
34142,-1e-05,-3e-05,-6e-05,-0.0001,-3e-05,0.0,-3e-05,-1e-05,1
34143,-1e-05,-3e-05,-6e-05,-0.0001,-3e-05,0.0,-3e-05,-1e-05,1
34144,-1e-05,-3e-05,-6e-05,-0.0001,-3e-05,0.0,-3e-05,-1e-05,1
34145,-1e-05,-3e-05,-6e-05,-0.0001,-3e-05,0.0,-3e-05,-1e-05,1
34146,-1e-05,-3e-05,-6e-05,-0.0001,-3e-05,0.0,-3e-05,-1e-05,1
34147,-1e-05,-3e-05,-6e-05,-0.0001,-3e-05,0.0,-3e-05,-1e-05,1
34148,-1e-05,-3e-05,-6e-05,-0.0001,-3e-05,0.0,-3e-05,-1e-05,1
34149,-1e-05,-3e-05,-6e-05,-0.0001,-3e-05,0.0,-3e-05,-1e-05,1
34150,0.0,3e-05,2e-05,2e-05,-1e-05,1e-05,-2e-05,-2e-05,1
34151,1e-05,0.0,1e-05,1e-05,-2e-05,-2e-05,-1e-05,-2e-05,1
34152,1e-05,0.0,1e-05,1e-05,-2e-05,-2e-05,-1e-05,-2e-05,1
34153,1e-05,0.0,1e-05,1e-05,-2e-05,-2e-05,-1e-05,-2e-05,1
34154,1e-05,0.0,1e-05,1e-05,-2e-05,-2e-05,-1e-05,-2e-05,1
34155,1e-05,0.0,1e-05,1e-05,-2e-05,-2e-05,-1e-05,-2e-05,1
34156,1e-05,0.0,1e-05,1e-05,-2e-05,-2e-05,-1e-05,-2e-05,1
34157,1e-05,0.0,1e-05,1e-05,-2e-05,-2e-05,-1e-05,-2e-05,1
34158,1e-05,0.0,1e-05,1e-05,-2e-05,-2e-05,-1e-05,-2e-05,1
34159,1e-05,0.0,1e-05,1e-05,-2e-05,-2e-05,-1e-05,-2e-05,1
34160,1e-05,0.0,1e-05,1e-05,-2e-05,-2e-05,-1e-05,-2e-05,1
34161,1e-05,0.0,1e-05,1e-05,-2e-05,-2e-05,-1e-05,-2e-05,1
34162,1e-05,0.0,1e-05,1e-05,-2e-05,-2e-05,-1e-05,-2e-05,1
34163,1e-05,0.0,1e-05,1e-05,-2e-05,-2e-05,-1e-05,-2e-05,1
34164,1e-05,0.0,1e-05,1e-05,-2e-05,-2e-05,-1e-05,-2e-05,1
34165,-2e-05,-3e-05,-8e-05,2e-05,1e-05,-2e-05,-1e-05,-1e-05,1
34166,-1e-05,-2e-05,-4e-05,-2e-05,0.0,1e-05,-1e-05,-2e-05,1
34167,-1e-05,-2e-05,-4e-05,-2e-05,0.0,1e-05,-1e-05,-2e-05,1
34168,-1e-05,-2e-05,-4e-05,-2e-05,0.0,1e-05,-1e-05,-2e-05,1
34169,-1e-05,-2e-05,-4e-05,-2e-05,0.0,1e-05,-1e-05,-2e-05,1
34170,-1e-05,-2e-05,-4e-05,-2e-05,0.0,1e-05,-1e-05,-2e-05,1
34171,-1e-05,-2e-05,-4e-05,-2e-05,0.0,1e-05,-1e-05,-2e-05,1
34172,-1e-05,-2e-05,-4e-05,-2e-05,0.0,1e-05,-1e-05,-2e-05,1
34173,-1e-05,-2e-05,-4e-05,-2e-05,0.0,1e-05,-1e-05,-2e-05,1
34174,-1e-05,-2e-05,-4e-05,-2e-05,0.0,1e-05,-1e-05,-2e-05,1
34175,-1e-05,-2e-05,-4e-05,-2e-05,0.0,1e-05,-1e-05,-2e-05,1
34176,-1e-05,-2e-05,-4e-05,-2e-05,0.0,1e-05,-1e-05,-2e-05,1
34177,-1e-05,-2e-05,-4e-05,-2e-05,0.0,1e-05,-1e-05,-2e-05,1
34178,-1e-05,-2e-05,-4e-05,-2e-05,0.0,1e-05,-1e-05,-2e-05,1
34179,-1e-05,-2e-05,-4e-05,-2e-05,0.0,1e-05,-1e-05,-2e-05,1
34180,-1e-05,-2e-05,-4e-05,-2e-05,0.0,1e-05,-1e-05,-2e-05,1
34181,-1e-05,-2e-05,-4e-05,-2e-05,0.0,1e-05,-1e-05,-2e-05,1
34182,-1e-05,-2e-05,-4e-05,-2e-05,0.0,1e-05,-1e-05,-2e-05,1
34183,-1e-05,-2e-05,-4e-05,-2e-05,0.0,1e-05,-1e-05,-2e-05,1
34184,-1e-05,-2e-05,-4e-05,-2e-05,0.0,1e-05,-1e-05,-2e-05,1
34185,-1e-05,-2e-05,-4e-05,-2e-05,0.0,1e-05,-1e-05,-2e-05,1
34186,-1e-05,-2e-05,-4e-05,-2e-05,0.0,1e-05,-1e-05,-2e-05,1
34189,0.0,1e-05,4e-05,2e-05,0.0,-2e-05,0.0,1e-05,1
34190,0.0,1e-05,4e-05,2e-05,0.0,-2e-05,0.0,1e-05,1
34191,0.0,1e-05,4e-05,2e-05,0.0,-2e-05,0.0,1e-05,1
34192,0.0,1e-05,4e-05,2e-05,0.0,-2e-05,0.0,1e-05,1
34193,0.0,1e-05,4e-05,2e-05,0.0,-2e-05,0.0,1e-05,1
34194,0.0,1e-05,4e-05,2e-05,0.0,-2e-05,0.0,1e-05,1
34195,0.0,1e-05,4e-05,2e-05,0.0,-2e-05,0.0,1e-05,1
34196,0.0,1e-05,4e-05,2e-05,0.0,-2e-05,0.0,1e-05,1
34197,0.0,1e-05,4e-05,2e-05,0.0,-2e-05,0.0,1e-05,1
34198,0.0,1e-05,4e-05,2e-05,0.0,-2e-05,0.0,1e-05,1
34199,0.0,1e-05,4e-05,2e-05,0.0,-2e-05,0.0,1e-05,1
34200,0.0,1e-05,4e-05,2e-05,0.0,-2e-05,0.0,1e-05,1
34201,0.0,1e-05,4e-05,2e-05,0.0,-2e-05,0.0,1e-05,1
34202,-1e-05,-2e-05,2e-05,0.00017,-1e-05,-4e-05,-2e-05,-2e-05,1
34203,-2e-05,-6e-05,-4e-05,-3e-05,-3e-05,1e-05,-1e-05,-2e-05,1
34204,-2e-05,-6e-05,-4e-05,-3e-05,-3e-05,1e-05,-1e-05,-2e-05,1
34205,-2e-05,-6e-05,-4e-05,-3e-05,-3e-05,1e-05,-1e-05,-2e-05,1
34206,-2e-05,-6e-05,-4e-05,-3e-05,-3e-05,1e-05,-1e-05,-2e-05,1
34207,-2e-05,-6e-05,-4e-05,-3e-05,-3e-05,1e-05,-1e-05,-2e-05,1
34208,-2e-05,-6e-05,-4e-05,-3e-05,-3e-05,1e-05,-1e-05,-2e-05,1
34209,-2e-05,-6e-05,-4e-05,-3e-05,-3e-05,1e-05,-1e-05,-2e-05,1
34210,-2e-05,-6e-05,-4e-05,-3e-05,-3e-05,1e-05,-1e-05,-2e-05,1
34211,-2e-05,-6e-05,-4e-05,-3e-05,-3e-05,1e-05,-1e-05,-2e-05,1
34212,-2e-05,-6e-05,-4e-05,-3e-05,-3e-05,1e-05,-1e-05,-2e-05,1
34213,-2e-05,-6e-05,-4e-05,-3e-05,-3e-05,1e-05,-1e-05,-2e-05,1
34214,-2e-05,-6e-05,-4e-05,-3e-05,-3e-05,1e-05,-1e-05,-2e-05,1
34215,-2e-05,-6e-05,-4e-05,-3e-05,-3e-05,1e-05,-1e-05,-2e-05,1
34216,-2e-05,-6e-05,-4e-05,-3e-05,-3e-05,1e-05,-1e-05,-2e-05,1
34217,-2e-05,-5e-05,-5e-05,-0.00015,-3e-05,-1e-05,-3e-05,0.0,1
34218,-2e-05,0.0,0.0,6e-05,2e-05,-1e-05,-1e-05,-1e-05,1
34219,-2e-05,0.0,0.0,6e-05,2e-05,-1e-05,-1e-05,-1e-05,1
34220,-2e-05,0.0,0.0,6e-05,2e-05,-1e-05,-1e-05,-1e-05,1
34221,-2e-05,0.0,0.0,6e-05,2e-05,-1e-05,-1e-05,-1e-05,1
34222,-2e-05,0.0,0.0,6e-05,2e-05,-1e-05,-1e-05,-1e-05,1
34223,-2e-05,0.0,0.0,6e-05,2e-05,-1e-05,-1e-05,-1e-05,1
34224,-2e-05,0.0,0.0,6e-05,2e-05,-1e-05,-1e-05,-1e-05,1
34225,-2e-05,0.0,0.0,6e-05,2e-05,-1e-05,-1e-05,-1e-05,1
34226,-2e-05,0.0,0.0,6e-05,2e-05,-1e-05,-1e-05,-1e-05,1
34227,-2e-05,0.0,0.0,6e-05,2e-05,-1e-05,-1e-05,-1e-05,1
34228,-2e-05,0.0,0.0,6e-05,2e-05,-1e-05,-1e-05,-1e-05,1
34229,-2e-05,0.0,0.0,6e-05,2e-05,-1e-05,-1e-05,-1e-05,1
34230,-2e-05,0.0,0.0,6e-05,2e-05,-1e-05,-1e-05,-1e-05,1
34231,-2e-05,0.0,0.0,6e-05,2e-05,-1e-05,-1e-05,-1e-05,1
34232,-2e-05,0.0,0.0,6e-05,2e-05,-1e-05,-1e-05,-1e-05,1
34233,-2e-05,0.0,0.0,6e-05,2e-05,-1e-05,-1e-05,-1e-05,1
34234,-2e-05,0.0,0.0,6e-05,2e-05,-1e-05,-1e-05,-1e-05,1
34235,-2e-05,0.0,0.0,6e-05,2e-05,-1e-05,-1e-05,-1e-05,1
34236,-2e-05,0.0,0.0,6e-05,2e-05,-1e-05,-1e-05,-1e-05,1
34239,1e-05,2e-05,5e-05,-5e-05,-4e-05,-1e-05,-2e-05,1e-05,1
34240,1e-05,2e-05,5e-05,-5e-05,-4e-05,-1e-05,-2e-05,1e-05,1
34241,1e-05,2e-05,5e-05,-5e-05,-4e-05,-1e-05,-2e-05,1e-05,1
34242,1e-05,2e-05,5e-05,-5e-05,-4e-05,-1e-05,-2e-05,1e-05,1
34243,1e-05,2e-05,5e-05,-5e-05,-4e-05,-1e-05,-2e-05,1e-05,1
34244,1e-05,2e-05,5e-05,-5e-05,-4e-05,-1e-05,-2e-05,1e-05,1
34245,1e-05,2e-05,5e-05,-5e-05,-4e-05,-1e-05,-2e-05,1e-05,1
34246,1e-05,2e-05,5e-05,-5e-05,-4e-05,-1e-05,-2e-05,1e-05,1
34247,-1e-05,0.0,-1e-05,-8e-05,1e-05,-2e-05,-1e-05,0.0,1
34248,-1e-05,0.0,-1e-05,-8e-05,1e-05,-2e-05,-1e-05,0.0,1
34249,-1e-05,0.0,-1e-05,-8e-05,1e-05,-2e-05,-1e-05,0.0,1
34250,-1e-05,0.0,-1e-05,-8e-05,1e-05,-2e-05,-1e-05,0.0,1
34251,-1e-05,0.0,-1e-05,-8e-05,1e-05,-2e-05,-1e-05,0.0,1
34252,-1e-05,0.0,-1e-05,-8e-05,1e-05,-2e-05,-1e-05,0.0,1
34253,-1e-05,0.0,-1e-05,-8e-05,1e-05,-2e-05,-1e-05,0.0,1
34254,-1e-05,0.0,-1e-05,-8e-05,1e-05,-2e-05,-1e-05,0.0,1
34255,-1e-05,0.0,-1e-05,-8e-05,1e-05,-2e-05,-1e-05,0.0,1
34256,-1e-05,0.0,-1e-05,-8e-05,1e-05,-2e-05,-1e-05,0.0,1
34257,-1e-05,0.0,-1e-05,-8e-05,1e-05,-2e-05,-1e-05,0.0,1
34258,-1e-05,0.0,-1e-05,-8e-05,1e-05,-2e-05,-1e-05,0.0,1
34259,-1e-05,0.0,-1e-05,-8e-05,1e-05,-2e-05,-1e-05,0.0,1
34260,-1e-05,0.0,-1e-05,-8e-05,1e-05,-2e-05,-1e-05,0.0,1
34261,-1e-05,0.0,-1e-05,-8e-05,1e-05,-2e-05,-1e-05,0.0,1
34262,-1e-05,0.0,-1e-05,-8e-05,1e-05,-2e-05,-1e-05,0.0,1
34263,-1e-05,0.0,-1e-05,-8e-05,1e-05,-2e-05,-1e-05,0.0,1
34264,-1e-05,0.0,-1e-05,-8e-05,1e-05,-2e-05,-1e-05,0.0,1
34265,-1e-05,0.0,-1e-05,-8e-05,1e-05,-2e-05,-1e-05,0.0,1
34266,-1e-05,0.0,-1e-05,-8e-05,1e-05,-2e-05,-1e-05,0.0,1
34267,-1e-05,0.0,-1e-05,-8e-05,1e-05,-2e-05,-1e-05,0.0,1
34268,-1e-05,0.0,-1e-05,-8e-05,1e-05,-2e-05,-1e-05,0.0,1
34269,-1e-05,0.0,-1e-05,-8e-05,1e-05,-2e-05,-1e-05,0.0,1
34270,-4e-05,-2e-05,-2e-05,-1e-05,-1e-05,1e-05,0.0,-2e-05,1
34271,0.0,-1e-05,2e-05,-1e-05,-1e-05,-2e-05,-1e-05,-2e-05,1
34272,0.0,-1e-05,2e-05,-1e-05,-1e-05,-2e-05,-1e-05,-2e-05,1
34273,0.0,-1e-05,2e-05,-1e-05,-1e-05,-2e-05,-1e-05,-2e-05,1
34274,0.0,-1e-05,2e-05,-1e-05,-1e-05,-2e-05,-1e-05,-2e-05,1
34275,0.0,-1e-05,2e-05,-1e-05,-1e-05,-2e-05,-1e-05,-2e-05,1
34276,0.0,-1e-05,2e-05,-1e-05,-1e-05,-2e-05,-1e-05,-2e-05,1
34277,-1e-05,1e-05,2e-05,-2e-05,-3e-05,-1e-05,0.0,-1e-05,1
34278,0.0,1e-05,0.0,-4e-05,2e-05,-1e-05,0.0,0.0,1
34279,0.0,1e-05,0.0,-4e-05,2e-05,-1e-05,0.0,0.0,1
34280,0.0,1e-05,0.0,-4e-05,2e-05,-1e-05,0.0,0.0,1
34281,0.0,1e-05,0.0,-4e-05,2e-05,-1e-05,0.0,0.0,1
34282,0.0,1e-05,0.0,-4e-05,2e-05,-1e-05,0.0,0.0,1
34283,0.0,1e-05,0.0,-4e-05,2e-05,-1e-05,0.0,0.0,1
34284,0.0,1e-05,0.0,-4e-05,2e-05,-1e-05,0.0,0.0,1
34285,0.0,1e-05,0.0,-4e-05,2e-05,-1e-05,0.0,0.0,1
34286,0.0,1e-05,0.0,-4e-05,2e-05,-1e-05,0.0,0.0,1
34288,0.0,1e-05,0.0,-4e-05,2e-05,-1e-05,0.0,0.0,1
34289,0.0,1e-05,0.0,-4e-05,2e-05,-1e-05,0.0,0.0,1
34290,0.0,1e-05,0.0,-4e-05,2e-05,-1e-05,0.0,0.0,1
34291,0.0,1e-05,0.0,-4e-05,2e-05,-1e-05,0.0,0.0,1
34292,0.0,1e-05,0.0,-4e-05,2e-05,-1e-05,0.0,0.0,1
34293,0.0,1e-05,0.0,-4e-05,2e-05,-1e-05,0.0,0.0,1
34294,0.0,1e-05,0.0,-4e-05,2e-05,-1e-05,0.0,0.0,1
34295,0.0,1e-05,0.0,-4e-05,2e-05,-1e-05,0.0,0.0,1
34296,0.0,1e-05,0.0,-4e-05,2e-05,-1e-05,0.0,0.0,1
34297,0.0,1e-05,0.0,-4e-05,2e-05,-1e-05,0.0,0.0,1
34298,0.0,1e-05,0.0,-4e-05,2e-05,-1e-05,0.0,0.0,1
34299,0.0,1e-05,0.0,-4e-05,2e-05,-1e-05,0.0,0.0,1
34300,0.0,1e-05,0.0,-4e-05,2e-05,-1e-05,0.0,0.0,1
34301,0.0,1e-05,0.0,-4e-05,2e-05,-1e-05,0.0,0.0,1
34302,0.0,1e-05,0.0,-4e-05,2e-05,-1e-05,0.0,0.0,1
34303,0.0,1e-05,0.0,-4e-05,2e-05,-1e-05,0.0,0.0,1
34304,0.0,1e-05,0.0,-4e-05,2e-05,-1e-05,0.0,0.0,1
34305,0.0,1e-05,0.0,-4e-05,2e-05,-1e-05,0.0,0.0,1
34306,0.0,1e-05,0.0,-4e-05,2e-05,-1e-05,0.0,0.0,1
34307,0.0,1e-05,0.0,-4e-05,2e-05,-1e-05,0.0,0.0,1
34308,0.0,2e-05,2e-05,3e-05,-2e-05,0.0,0.0,-1e-05,1
34309,0.0,2e-05,2e-05,3e-05,-2e-05,0.0,0.0,-1e-05,1
34311,0.0,2e-05,2e-05,3e-05,-2e-05,0.0,0.0,-1e-05,1
34312,0.0,2e-05,2e-05,3e-05,-2e-05,0.0,0.0,-1e-05,1
34313,0.0,2e-05,2e-05,3e-05,-2e-05,0.0,0.0,-1e-05,1
34314,0.0,2e-05,2e-05,3e-05,-2e-05,0.0,0.0,-1e-05,1
34315,0.0,2e-05,2e-05,3e-05,-2e-05,0.0,0.0,-1e-05,1
34316,0.0,2e-05,2e-05,3e-05,-2e-05,0.0,0.0,-1e-05,1
34317,0.0,2e-05,2e-05,3e-05,-2e-05,0.0,0.0,-1e-05,1
34318,0.0,2e-05,2e-05,3e-05,-2e-05,0.0,0.0,-1e-05,1
34319,0.0,2e-05,2e-05,3e-05,-2e-05,0.0,0.0,-1e-05,1
34320,0.0,2e-05,2e-05,3e-05,-2e-05,0.0,0.0,-1e-05,1
34321,0.0,2e-05,2e-05,3e-05,-2e-05,0.0,0.0,-1e-05,1
34322,0.0,-1e-05,1e-05,-7e-05,-2e-05,-2e-05,0.0,-1e-05,1
34323,-4e-05,-5e-05,-6e-05,1e-05,-2e-05,-2e-05,0.0,-1e-05,1
34324,0.0,-1e-05,-1e-05,3e-05,-1e-05,-2e-05,-1e-05,-2e-05,1
34325,0.0,-1e-05,-1e-05,3e-05,-1e-05,-2e-05,-1e-05,-2e-05,1
34326,0.0,-1e-05,-1e-05,3e-05,-1e-05,-2e-05,-1e-05,-2e-05,1
34327,0.0,-1e-05,-1e-05,3e-05,-1e-05,-2e-05,-1e-05,-2e-05,1
34328,0.0,-1e-05,-1e-05,3e-05,-1e-05,-2e-05,-1e-05,-2e-05,1
34329,0.0,-1e-05,-1e-05,3e-05,-1e-05,-2e-05,-1e-05,-2e-05,1
34330,0.0,-1e-05,-1e-05,3e-05,-1e-05,-2e-05,-1e-05,-2e-05,1
34331,0.0,-1e-05,-1e-05,3e-05,-1e-05,-2e-05,-1e-05,-2e-05,1
34332,0.0,-1e-05,-1e-05,3e-05,-1e-05,-2e-05,-1e-05,-2e-05,1
34333,0.0,-1e-05,-1e-05,3e-05,-1e-05,-2e-05,-1e-05,-2e-05,1
34334,0.0,-1e-05,-1e-05,3e-05,-1e-05,-2e-05,-1e-05,-2e-05,1
34335,0.0,-1e-05,-1e-05,3e-05,-1e-05,-2e-05,-1e-05,-2e-05,1
34336,0.0,2e-05,1e-05,-6e-05,-1e-05,0.0,-2e-05,0.0,1
34338,3e-05,4e-05,5e-05,5e-05,0.0,0.0,-1e-05,1e-05,1
34339,3e-05,4e-05,5e-05,5e-05,0.0,0.0,-1e-05,1e-05,1
34340,3e-05,4e-05,5e-05,5e-05,0.0,0.0,-1e-05,1e-05,1
34341,3e-05,4e-05,5e-05,5e-05,0.0,0.0,-1e-05,1e-05,1
34342,3e-05,4e-05,5e-05,5e-05,0.0,0.0,-1e-05,1e-05,1
34343,3e-05,4e-05,5e-05,5e-05,0.0,0.0,-1e-05,1e-05,1
34344,3e-05,4e-05,5e-05,5e-05,0.0,0.0,-1e-05,1e-05,1
34345,-4e-05,-5e-05,-5e-05,1e-05,-2e-05,-2e-05,0.0,3e-05,1
34346,-4e-05,-5e-05,-5e-05,1e-05,-2e-05,-2e-05,0.0,3e-05,1
34347,-4e-05,-5e-05,-5e-05,1e-05,-2e-05,-2e-05,0.0,3e-05,1
34348,-4e-05,-5e-05,-5e-05,1e-05,-2e-05,-2e-05,0.0,3e-05,1
34349,-4e-05,-5e-05,-5e-05,1e-05,-2e-05,-2e-05,0.0,3e-05,1
34350,-4e-05,-5e-05,-5e-05,1e-05,-2e-05,-2e-05,0.0,3e-05,1
34351,-4e-05,-5e-05,-5e-05,1e-05,-2e-05,-2e-05,0.0,3e-05,1
34352,-4e-05,-5e-05,-5e-05,1e-05,-2e-05,-2e-05,0.0,3e-05,1
34353,-4e-05,-5e-05,-5e-05,1e-05,-2e-05,-2e-05,0.0,3e-05,1
34354,-4e-05,-5e-05,-5e-05,1e-05,-2e-05,-2e-05,0.0,3e-05,1
34355,-4e-05,-5e-05,-5e-05,1e-05,-2e-05,-2e-05,0.0,3e-05,1
34356,-4e-05,-5e-05,-5e-05,1e-05,-2e-05,-2e-05,0.0,3e-05,1
34357,-4e-05,-5e-05,-5e-05,1e-05,-2e-05,-2e-05,0.0,3e-05,1
34358,-4e-05,-5e-05,-5e-05,1e-05,-2e-05,-2e-05,0.0,3e-05,1
34359,-3e-05,-3e-05,-3e-05,-3e-05,-1e-05,0.0,1e-05,-2e-05,1
34360,1e-05,2e-05,2e-05,-1e-05,1e-05,-1e-05,-1e-05,-1e-05,1
34361,1e-05,2e-05,2e-05,-1e-05,1e-05,-1e-05,-1e-05,-1e-05,1
34362,1e-05,2e-05,2e-05,-1e-05,1e-05,-1e-05,-1e-05,-1e-05,1
34363,1e-05,2e-05,2e-05,-1e-05,1e-05,-1e-05,-1e-05,-1e-05,1
34364,1e-05,2e-05,2e-05,-1e-05,1e-05,-1e-05,-1e-05,-1e-05,1
34365,1e-05,2e-05,2e-05,-1e-05,1e-05,-1e-05,-1e-05,-1e-05,1
34366,1e-05,2e-05,2e-05,-1e-05,1e-05,-1e-05,-1e-05,-1e-05,1
34367,1e-05,2e-05,2e-05,-1e-05,1e-05,-1e-05,-1e-05,-1e-05,1
34368,1e-05,2e-05,2e-05,-1e-05,1e-05,-1e-05,-1e-05,-1e-05,1
34369,1e-05,2e-05,2e-05,-1e-05,1e-05,-1e-05,-1e-05,-1e-05,1
34370,1e-05,2e-05,2e-05,-1e-05,1e-05,-1e-05,-1e-05,-1e-05,1
34371,1e-05,2e-05,2e-05,-1e-05,1e-05,-1e-05,-1e-05,-1e-05,1
34372,1e-05,2e-05,2e-05,-1e-05,1e-05,-1e-05,-1e-05,-1e-05,1
34373,1e-05,2e-05,2e-05,-1e-05,1e-05,-1e-05,-1e-05,-1e-05,1
34374,1e-05,2e-05,2e-05,-1e-05,1e-05,-1e-05,-1e-05,-1e-05,1
34375,1e-05,2e-05,2e-05,-1e-05,1e-05,-1e-05,-1e-05,-1e-05,1
34376,1e-05,2e-05,2e-05,-1e-05,1e-05,-1e-05,-1e-05,-1e-05,1
34377,1e-05,2e-05,2e-05,-1e-05,1e-05,-1e-05,-1e-05,-1e-05,1
34378,1e-05,2e-05,2e-05,-1e-05,1e-05,-1e-05,-1e-05,-1e-05,1
34379,1e-05,2e-05,2e-05,-1e-05,1e-05,-1e-05,-1e-05,-1e-05,1
34380,1e-05,2e-05,2e-05,-1e-05,1e-05,-1e-05,-1e-05,-1e-05,1
34381,1e-05,2e-05,2e-05,-1e-05,1e-05,-1e-05,-1e-05,-1e-05,1
34382,1e-05,2e-05,2e-05,-1e-05,1e-05,-1e-05,-1e-05,-1e-05,1
34383,1e-05,2e-05,2e-05,-1e-05,1e-05,-1e-05,-1e-05,-1e-05,1
34384,1e-05,2e-05,2e-05,-1e-05,1e-05,-1e-05,-1e-05,-1e-05,1
34385,1e-05,2e-05,2e-05,-1e-05,1e-05,-1e-05,-1e-05,-1e-05,1
34386,1e-05,2e-05,2e-05,-1e-05,1e-05,-1e-05,-1e-05,-1e-05,1
34388,1e-05,2e-05,2e-05,-1e-05,1e-05,-1e-05,-1e-05,-1e-05,1
34389,1e-05,2e-05,2e-05,-1e-05,1e-05,-1e-05,-1e-05,-1e-05,1
34390,1e-05,2e-05,2e-05,-1e-05,1e-05,-1e-05,-1e-05,-1e-05,1
34391,0.0,-1e-05,-1e-05,0.0,0.0,-1e-05,0.0,-2e-05,1
34392,0.0,-1e-05,-1e-05,0.0,0.0,-1e-05,0.0,-2e-05,1
34393,0.0,-1e-05,-1e-05,0.0,0.0,-1e-05,0.0,-2e-05,1
34394,0.0,-1e-05,-1e-05,0.0,0.0,-1e-05,0.0,-2e-05,1
34395,0.0,-1e-05,-1e-05,0.0,0.0,-1e-05,0.0,-2e-05,1
34396,1e-05,3e-05,5e-05,-2e-05,-1e-05,1e-05,-2e-05,-1e-05,1
34397,1e-05,3e-05,5e-05,-2e-05,-1e-05,1e-05,-2e-05,-1e-05,1
34398,1e-05,3e-05,5e-05,-2e-05,-1e-05,1e-05,-2e-05,-1e-05,1
34399,1e-05,3e-05,5e-05,-2e-05,-1e-05,1e-05,-2e-05,-1e-05,1
34400,1e-05,3e-05,5e-05,-2e-05,-1e-05,1e-05,-2e-05,-1e-05,1
34401,1e-05,3e-05,5e-05,-2e-05,-1e-05,1e-05,-2e-05,-1e-05,1
34402,1e-05,3e-05,5e-05,-2e-05,-1e-05,1e-05,-2e-05,-1e-05,1
34403,1e-05,3e-05,5e-05,-2e-05,-1e-05,1e-05,-2e-05,-1e-05,1
34404,1e-05,3e-05,5e-05,-2e-05,-1e-05,1e-05,-2e-05,-1e-05,1
34405,-5e-05,-7e-05,-8e-05,-0.00018,-3e-05,-3e-05,-2e-05,-2e-05,1
34406,-5e-05,-7e-05,-8e-05,-0.00018,-3e-05,-3e-05,-2e-05,-2e-05,1
34407,-5e-05,-7e-05,-8e-05,-0.00018,-3e-05,-3e-05,-2e-05,-2e-05,1
34408,-5e-05,-7e-05,-8e-05,-0.00018,-3e-05,-3e-05,-2e-05,-2e-05,1
34409,-5e-05,-7e-05,-8e-05,-0.00018,-3e-05,-3e-05,-2e-05,-2e-05,1
34410,-5e-05,-7e-05,-8e-05,-0.00018,-3e-05,-3e-05,-2e-05,-2e-05,1
34411,-5e-05,-7e-05,-8e-05,-0.00018,-3e-05,-3e-05,-2e-05,-2e-05,1
34412,-5e-05,-7e-05,-8e-05,-0.00018,-3e-05,-3e-05,-2e-05,-2e-05,1
34413,-5e-05,-7e-05,-8e-05,-0.00018,-3e-05,-3e-05,-2e-05,-2e-05,1
34414,-5e-05,-7e-05,-8e-05,-0.00018,-3e-05,-3e-05,-2e-05,-2e-05,1
34415,-5e-05,-7e-05,-8e-05,-0.00018,-3e-05,-3e-05,-2e-05,-2e-05,1
34416,-5e-05,-7e-05,-8e-05,-0.00018,-3e-05,-3e-05,-2e-05,-2e-05,1
34417,-5e-05,-7e-05,-8e-05,-0.00018,-3e-05,-3e-05,-2e-05,-2e-05,1
34418,-5e-05,-7e-05,-8e-05,-0.00018,-3e-05,-3e-05,-2e-05,-2e-05,1
34419,-5e-05,-7e-05,-8e-05,-0.00018,-3e-05,-3e-05,-2e-05,-2e-05,1
34420,-5e-05,-7e-05,-8e-05,-0.00018,-3e-05,-3e-05,-2e-05,-2e-05,1
34421,-5e-05,-7e-05,-8e-05,-0.00018,-3e-05,-3e-05,-2e-05,-2e-05,1
34422,-5e-05,-7e-05,-8e-05,-0.00018,-3e-05,-3e-05,-2e-05,-2e-05,1
34423,-5e-05,-7e-05,-8e-05,-0.00018,-3e-05,-3e-05,-2e-05,-2e-05,1
34424,-5e-05,-7e-05,-8e-05,-0.00018,-3e-05,-3e-05,-2e-05,-2e-05,1
34425,-5e-05,-7e-05,-8e-05,-0.00018,-3e-05,-3e-05,-2e-05,-2e-05,1
34426,-5e-05,-7e-05,-8e-05,-0.00018,-3e-05,-3e-05,-2e-05,-2e-05,1
34427,-5e-05,-7e-05,-8e-05,-0.00018,-3e-05,-3e-05,-2e-05,-2e-05,1
34428,1e-05,1e-05,2e-05,4e-05,-1e-05,-2e-05,-1e-05,0.0,1
34430,1e-05,1e-05,2e-05,4e-05,-1e-05,-2e-05,-1e-05,0.0,1
34431,1e-05,1e-05,2e-05,4e-05,-1e-05,-2e-05,-1e-05,0.0,1
34432,1e-05,1e-05,2e-05,4e-05,-1e-05,-2e-05,-1e-05,0.0,1
34433,1e-05,1e-05,2e-05,4e-05,-1e-05,-2e-05,-1e-05,0.0,1
34434,1e-05,1e-05,2e-05,4e-05,-1e-05,-2e-05,-1e-05,0.0,1
34435,1e-05,1e-05,2e-05,4e-05,-1e-05,-2e-05,-1e-05,0.0,1
34436,1e-05,1e-05,2e-05,4e-05,-1e-05,-2e-05,-1e-05,0.0,1
34438,1e-05,1e-05,2e-05,4e-05,-1e-05,-2e-05,-1e-05,0.0,1
34439,1e-05,1e-05,2e-05,4e-05,-1e-05,-2e-05,-1e-05,0.0,1
34440,1e-05,1e-05,2e-05,4e-05,-1e-05,-2e-05,-1e-05,0.0,1
34441,1e-05,1e-05,2e-05,4e-05,-1e-05,-2e-05,-1e-05,0.0,1
34442,1e-05,1e-05,2e-05,4e-05,-1e-05,-2e-05,-1e-05,0.0,1
34443,-1e-05,-3e-05,-5e-05,-5e-05,-1e-05,-1e-05,-1e-05,-2e-05,1
34444,-1e-05,-2e-05,-4e-05,-1e-05,-4e-05,-1e-05,0.0,-2e-05,1
34445,-1e-05,-2e-05,-4e-05,-1e-05,-4e-05,-1e-05,0.0,-2e-05,1
34446,-1e-05,-2e-05,-4e-05,-1e-05,-4e-05,-1e-05,0.0,-2e-05,1
34447,-1e-05,-2e-05,-4e-05,-1e-05,-4e-05,-1e-05,0.0,-2e-05,1
34448,-1e-05,-2e-05,-4e-05,-1e-05,-4e-05,-1e-05,0.0,-2e-05,1
34449,-1e-05,-2e-05,-4e-05,-1e-05,-4e-05,-1e-05,0.0,-2e-05,1
34450,-1e-05,-2e-05,-4e-05,-1e-05,-4e-05,-1e-05,0.0,-2e-05,1
34451,-1e-05,-2e-05,-4e-05,-1e-05,-4e-05,-1e-05,0.0,-2e-05,1
34452,-1e-05,-2e-05,-4e-05,-1e-05,-4e-05,-1e-05,0.0,-2e-05,1
34453,-1e-05,-2e-05,-4e-05,-1e-05,-4e-05,-1e-05,0.0,-2e-05,1
34454,-1e-05,-2e-05,-4e-05,-1e-05,-4e-05,-1e-05,0.0,-2e-05,1
34455,-1e-05,-2e-05,-4e-05,-1e-05,-4e-05,-1e-05,0.0,-2e-05,1
34456,-1e-05,-2e-05,-4e-05,-1e-05,-4e-05,-1e-05,0.0,-2e-05,1
34457,-1e-05,-2e-05,-4e-05,-1e-05,-4e-05,-1e-05,0.0,-2e-05,1
34458,-1e-05,-2e-05,-4e-05,-1e-05,-4e-05,-1e-05,0.0,-2e-05,1
34459,-1e-05,-2e-05,-4e-05,-1e-05,-4e-05,-1e-05,0.0,-2e-05,1
34460,-1e-05,-2e-05,-4e-05,-1e-05,-4e-05,-1e-05,0.0,-2e-05,1
34461,-1e-05,-2e-05,-4e-05,-1e-05,-4e-05,-1e-05,0.0,-2e-05,1
34462,-1e-05,-2e-05,-4e-05,-1e-05,-4e-05,-1e-05,0.0,-2e-05,1
34463,-1e-05,-2e-05,-4e-05,-1e-05,-4e-05,-1e-05,0.0,-2e-05,1
34464,0.0,0.0,0.0,4e-05,0.0,1e-05,0.0,-2e-05,1
34465,0.0,0.0,0.0,4e-05,0.0,1e-05,0.0,-2e-05,1
34466,0.0,0.0,0.0,4e-05,0.0,1e-05,0.0,-2e-05,1
34467,0.0,0.0,0.0,4e-05,0.0,1e-05,0.0,-2e-05,1
34468,0.0,0.0,0.0,4e-05,0.0,1e-05,0.0,-2e-05,1
34469,0.0,0.0,0.0,4e-05,0.0,1e-05,0.0,-2e-05,1
34470,0.0,0.0,0.0,4e-05,0.0,1e-05,0.0,-2e-05,1
34471,0.0,0.0,0.0,4e-05,0.0,1e-05,0.0,-2e-05,1
34472,-1e-05,-1e-05,-1e-05,4e-05,4e-05,-1e-05,-2e-05,-1e-05,1
34473,-1e-05,-1e-05,-1e-05,4e-05,4e-05,-1e-05,-2e-05,-1e-05,1
34474,-1e-05,-1e-05,-1e-05,4e-05,4e-05,-1e-05,-2e-05,-1e-05,1
34475,-1e-05,-1e-05,-1e-05,4e-05,4e-05,-1e-05,-2e-05,-1e-05,1
34476,-1e-05,-1e-05,-1e-05,4e-05,4e-05,-1e-05,-2e-05,-1e-05,1
34477,-1e-05,-1e-05,-1e-05,4e-05,4e-05,-1e-05,-2e-05,-1e-05,1
34478,-1e-05,-1e-05,-1e-05,4e-05,4e-05,-1e-05,-2e-05,-1e-05,1
34479,-1e-05,-4e-05,-4e-05,0.0,-1e-05,-3e-05,1e-05,-1e-05,1
34480,1e-05,3e-05,1e-05,-7e-05,-4e-05,-1e-05,-2e-05,-1e-05,1
34481,1e-05,3e-05,1e-05,-7e-05,-4e-05,-1e-05,-2e-05,-1e-05,1
34482,1e-05,3e-05,1e-05,-7e-05,-4e-05,-1e-05,-2e-05,-1e-05,1
34483,1e-05,3e-05,1e-05,-7e-05,-4e-05,-1e-05,-2e-05,-1e-05,1
34484,1e-05,3e-05,1e-05,-7e-05,-4e-05,-1e-05,-2e-05,-1e-05,1
34485,1e-05,3e-05,1e-05,-7e-05,-4e-05,-1e-05,-2e-05,-1e-05,1
34486,1e-05,3e-05,1e-05,-7e-05,-4e-05,-1e-05,-2e-05,-1e-05,1
34488,1e-05,3e-05,1e-05,-7e-05,-4e-05,-1e-05,-2e-05,-1e-05,1
34489,1e-05,3e-05,1e-05,-7e-05,-4e-05,-1e-05,-2e-05,-1e-05,1
34490,1e-05,3e-05,1e-05,-7e-05,-4e-05,-1e-05,-2e-05,-1e-05,1
34491,1e-05,3e-05,1e-05,-7e-05,-4e-05,-1e-05,-2e-05,-1e-05,1
34492,1e-05,3e-05,1e-05,-7e-05,-4e-05,-1e-05,-2e-05,-1e-05,1
34493,1e-05,3e-05,1e-05,-7e-05,-4e-05,-1e-05,-2e-05,-1e-05,1
34494,1e-05,3e-05,1e-05,-7e-05,-4e-05,-1e-05,-2e-05,-1e-05,1
34495,1e-05,3e-05,1e-05,-7e-05,-4e-05,-1e-05,-2e-05,-1e-05,1
34496,1e-05,3e-05,1e-05,-7e-05,-4e-05,-1e-05,-2e-05,-1e-05,1
34497,1e-05,3e-05,1e-05,-7e-05,-4e-05,-1e-05,-2e-05,-1e-05,1
34498,1e-05,3e-05,1e-05,-7e-05,-4e-05,-1e-05,-2e-05,-1e-05,1
34499,1e-05,3e-05,1e-05,-7e-05,-4e-05,-1e-05,-2e-05,-1e-05,1
34500,1e-05,3e-05,1e-05,-7e-05,-4e-05,-1e-05,-2e-05,-1e-05,1
34501,1e-05,3e-05,1e-05,-7e-05,-4e-05,-1e-05,-2e-05,-1e-05,1
34502,1e-05,3e-05,1e-05,-7e-05,-4e-05,-1e-05,-2e-05,-1e-05,1
34503,-3e-05,-3e-05,-8e-05,-0.00012,-6e-05,-1e-05,-1e-05,-3e-05,1
34504,-1e-05,0.0,-2e-05,0.00011,0.0,-1e-05,0.0,1e-05,1
34505,-1e-05,0.0,-2e-05,0.00011,0.0,-1e-05,0.0,1e-05,1
34506,-1e-05,0.0,-2e-05,0.00011,0.0,-1e-05,0.0,1e-05,1
34507,-1e-05,0.0,-2e-05,0.00011,0.0,-1e-05,0.0,1e-05,1
34508,-1e-05,0.0,-2e-05,0.00011,0.0,-1e-05,0.0,1e-05,1
34509,-1e-05,0.0,-2e-05,0.00011,0.0,-1e-05,0.0,1e-05,1
34510,-1e-05,0.0,-2e-05,0.00011,0.0,-1e-05,0.0,1e-05,1
34511,-1e-05,0.0,-2e-05,0.00011,0.0,-1e-05,0.0,1e-05,1
34512,-1e-05,0.0,-2e-05,0.00011,0.0,-1e-05,0.0,1e-05,1
34513,-1e-05,0.0,-2e-05,0.00011,0.0,-1e-05,0.0,1e-05,1
34514,-1e-05,0.0,-2e-05,0.00011,0.0,-1e-05,0.0,1e-05,1
34515,-1e-05,0.0,-2e-05,0.00011,0.0,-1e-05,0.0,1e-05,1
34516,1e-05,-1e-05,5e-05,3e-05,2e-05,-2e-05,-1e-05,0.0,1
34517,1e-05,-1e-05,5e-05,3e-05,2e-05,-2e-05,-1e-05,0.0,1
34518,1e-05,-1e-05,5e-05,3e-05,2e-05,-2e-05,-1e-05,0.0,1
34519,1e-05,-1e-05,5e-05,3e-05,2e-05,-2e-05,-1e-05,0.0,1
34520,1e-05,-1e-05,5e-05,3e-05,2e-05,-2e-05,-1e-05,0.0,1
34521,1e-05,-1e-05,5e-05,3e-05,2e-05,-2e-05,-1e-05,0.0,1
34522,1e-05,-1e-05,5e-05,3e-05,2e-05,-2e-05,-1e-05,0.0,1
34523,1e-05,-1e-05,5e-05,3e-05,2e-05,-2e-05,-1e-05,0.0,1
34524,1e-05,-1e-05,5e-05,3e-05,2e-05,-2e-05,-1e-05,0.0,1
34525,0.0,1e-05,2e-05,-4e-05,-4e-05,0.0,-1e-05,0.0,1
34526,0.0,1e-05,2e-05,-4e-05,-4e-05,0.0,-1e-05,0.0,1
34527,0.0,1e-05,2e-05,-4e-05,-4e-05,0.0,-1e-05,0.0,1
34528,0.0,1e-05,2e-05,-4e-05,-4e-05,0.0,-1e-05,0.0,1
34529,0.0,1e-05,2e-05,-4e-05,-4e-05,0.0,-1e-05,0.0,1
34530,0.0,1e-05,2e-05,-4e-05,-4e-05,0.0,-1e-05,0.0,1
34531,0.0,1e-05,2e-05,-4e-05,-4e-05,0.0,-1e-05,0.0,1
34532,0.0,1e-05,2e-05,-4e-05,-4e-05,0.0,-1e-05,0.0,1
34533,0.0,1e-05,2e-05,-4e-05,-4e-05,0.0,-1e-05,0.0,0
34534,0.0,1e-05,2e-05,-4e-05,-4e-05,0.0,-1e-05,0.0,0
34535,0.0,1e-05,2e-05,-4e-05,-4e-05,0.0,-1e-05,0.0,0
34536,0.0,1e-05,2e-05,-4e-05,-4e-05,0.0,-1e-05,0.0,0
34538,0.0,1e-05,2e-05,-4e-05,-4e-05,0.0,-1e-05,0.0,0
34539,0.0,1e-05,2e-05,-4e-05,-4e-05,0.0,-1e-05,0.0,0
34540,0.0,1e-05,2e-05,-4e-05,-4e-05,0.0,-1e-05,0.0,0
34541,0.0,1e-05,2e-05,-4e-05,-4e-05,0.0,-1e-05,0.0,0
34542,0.0,1e-05,2e-05,-4e-05,-4e-05,0.0,-1e-05,0.0,0
34543,0.0,1e-05,2e-05,-4e-05,-4e-05,0.0,-1e-05,0.0,0
34544,0.0,1e-05,2e-05,-4e-05,-4e-05,0.0,-1e-05,0.0,0
34545,0.0,1e-05,2e-05,-4e-05,-4e-05,0.0,-1e-05,0.0,0
34546,0.0,1e-05,2e-05,-4e-05,-4e-05,0.0,-1e-05,0.0,0
34547,0.0,1e-05,2e-05,-4e-05,-4e-05,0.0,-1e-05,0.0,0
34548,2e-05,5e-05,3e-05,0.0,2e-05,-1e-05,0.0,0.0,0
34549,0.0,-4e-05,0.0,2e-05,0.0,-2e-05,-2e-05,-1e-05,0
34550,0.0,-4e-05,0.0,2e-05,0.0,-2e-05,-2e-05,-1e-05,0
34551,0.0,-4e-05,0.0,2e-05,0.0,-2e-05,-2e-05,-1e-05,0
34552,0.0,-4e-05,0.0,2e-05,0.0,-2e-05,-2e-05,-1e-05,0
34553,0.0,-4e-05,0.0,2e-05,0.0,-2e-05,-2e-05,-1e-05,0
34554,0.0,-4e-05,0.0,2e-05,0.0,-2e-05,-2e-05,-1e-05,0
34555,0.0,-4e-05,0.0,2e-05,0.0,-2e-05,-2e-05,-1e-05,0
34556,0.0,-4e-05,0.0,2e-05,0.0,-2e-05,-2e-05,-1e-05,0
34557,0.0,-4e-05,0.0,2e-05,0.0,-2e-05,-2e-05,-1e-05,0
34558,0.0,-4e-05,0.0,2e-05,0.0,-2e-05,-2e-05,-1e-05,0
34559,0.0,-4e-05,0.0,2e-05,0.0,-2e-05,-2e-05,-1e-05,0
34560,0.0,-4e-05,0.0,2e-05,0.0,-2e-05,-2e-05,-1e-05,0
34561,0.0,-4e-05,0.0,2e-05,0.0,-2e-05,-2e-05,-1e-05,0
34562,0.0,-4e-05,0.0,2e-05,0.0,-2e-05,-2e-05,-1e-05,0
34563,1e-05,0.0,-2e-05,3e-05,-1e-05,-1e-05,0.0,-1e-05,0
34564,1e-05,4e-05,5e-05,1e-05,2e-05,-1e-05,-1e-05,-1e-05,0
34565,1e-05,4e-05,5e-05,1e-05,2e-05,-1e-05,-1e-05,-1e-05,0
34566,1e-05,4e-05,5e-05,1e-05,2e-05,-1e-05,-1e-05,-1e-05,0
34567,1e-05,4e-05,5e-05,1e-05,2e-05,-1e-05,-1e-05,-1e-05,0
34568,1e-05,4e-05,5e-05,1e-05,2e-05,-1e-05,-1e-05,-1e-05,0
34569,1e-05,4e-05,5e-05,1e-05,2e-05,-1e-05,-1e-05,-1e-05,0
34570,1e-05,4e-05,5e-05,1e-05,2e-05,-1e-05,-1e-05,-1e-05,0
34571,1e-05,4e-05,5e-05,1e-05,2e-05,-1e-05,-1e-05,-1e-05,0
34572,1e-05,4e-05,5e-05,1e-05,2e-05,-1e-05,-1e-05,-1e-05,0
34573,1e-05,4e-05,5e-05,1e-05,2e-05,-1e-05,-1e-05,-1e-05,0
34574,1e-05,4e-05,5e-05,1e-05,2e-05,-1e-05,-1e-05,-1e-05,0
34575,1e-05,4e-05,5e-05,1e-05,2e-05,-1e-05,-1e-05,-1e-05,0
34576,1e-05,4e-05,5e-05,1e-05,2e-05,-1e-05,-1e-05,-1e-05,0
34577,1e-05,4e-05,5e-05,1e-05,2e-05,-1e-05,-1e-05,-1e-05,0
34578,1e-05,4e-05,5e-05,1e-05,2e-05,-1e-05,-1e-05,-1e-05,0
34579,1e-05,4e-05,5e-05,1e-05,2e-05,-1e-05,-1e-05,-1e-05,0
34580,1e-05,4e-05,5e-05,1e-05,2e-05,-1e-05,-1e-05,-1e-05,0
34581,1e-05,4e-05,5e-05,1e-05,2e-05,-1e-05,-1e-05,-1e-05,0
34582,1e-05,4e-05,5e-05,1e-05,2e-05,-1e-05,-1e-05,-1e-05,0
34583,1e-05,4e-05,5e-05,1e-05,2e-05,-1e-05,-1e-05,-1e-05,0
34584,1e-05,4e-05,5e-05,1e-05,2e-05,-1e-05,-1e-05,-1e-05,0
34585,-4e-05,-3e-05,-7e-05,-1e-05,-5e-05,-1e-05,-2e-05,-3e-05,0
34586,0.0,-1e-05,5e-05,4e-05,-1e-05,0.0,0.0,0.0,0
34588,0.0,-1e-05,5e-05,4e-05,-1e-05,0.0,0.0,0.0,0
34589,0.0,-1e-05,5e-05,4e-05,-1e-05,0.0,0.0,0.0,0
34590,0.0,-1e-05,5e-05,4e-05,-1e-05,0.0,0.0,0.0,0
34591,0.0,-1e-05,5e-05,4e-05,-1e-05,0.0,0.0,0.0,0
34592,0.0,-1e-05,5e-05,4e-05,-1e-05,0.0,0.0,0.0,0
34593,0.0,-1e-05,5e-05,4e-05,-1e-05,0.0,0.0,0.0,0
34594,0.0,-1e-05,5e-05,4e-05,-1e-05,0.0,0.0,0.0,0
34595,0.0,-1e-05,5e-05,4e-05,-1e-05,0.0,0.0,0.0,0
34596,0.0,-1e-05,5e-05,4e-05,-1e-05,0.0,0.0,0.0,0
34597,0.0,-1e-05,5e-05,4e-05,-1e-05,0.0,0.0,0.0,0
34600,0.0,-1e-05,5e-05,4e-05,-1e-05,0.0,0.0,0.0,0
34601,-2e-05,-3e-05,-7e-05,-5e-05,-1e-05,0.0,-2e-05,0.0,0
34602,-2e-05,-3e-05,-7e-05,-5e-05,-1e-05,0.0,-2e-05,0.0,0
34603,-2e-05,-3e-05,-7e-05,-5e-05,-1e-05,0.0,-2e-05,0.0,0
34604,-2e-05,-3e-05,-7e-05,-5e-05,-1e-05,0.0,-2e-05,0.0,0
34605,-2e-05,-3e-05,-7e-05,-5e-05,-1e-05,0.0,-2e-05,0.0,0
34606,-2e-05,-3e-05,-7e-05,-5e-05,-1e-05,0.0,-2e-05,0.0,0
34607,-2e-05,-3e-05,-7e-05,-5e-05,-1e-05,0.0,-2e-05,0.0,0
34608,-2e-05,-3e-05,-7e-05,-5e-05,-1e-05,0.0,-2e-05,0.0,0
34609,-2e-05,-3e-05,-7e-05,-5e-05,-1e-05,0.0,-2e-05,0.0,0
34610,-2e-05,-3e-05,-7e-05,-5e-05,-1e-05,0.0,-2e-05,0.0,0
34611,-2e-05,-3e-05,-7e-05,-5e-05,-1e-05,0.0,-2e-05,0.0,0
34612,-2e-05,-3e-05,-7e-05,-5e-05,-1e-05,0.0,-2e-05,0.0,0
34613,-2e-05,-3e-05,-7e-05,-5e-05,-1e-05,0.0,-2e-05,0.0,0
34614,-2e-05,-3e-05,-7e-05,-5e-05,-1e-05,0.0,-2e-05,0.0,0
34615,-2e-05,-3e-05,-7e-05,-5e-05,-1e-05,0.0,-2e-05,0.0,0
34616,-2e-05,-3e-05,-7e-05,-5e-05,-1e-05,0.0,-2e-05,0.0,0
34617,-2e-05,-3e-05,-7e-05,-5e-05,-1e-05,0.0,-2e-05,0.0,0
34618,-2e-05,-3e-05,-7e-05,-5e-05,-1e-05,0.0,-2e-05,0.0,0
34619,-2e-05,-3e-05,-7e-05,-5e-05,-1e-05,0.0,-2e-05,0.0,0
34620,-2e-05,-3e-05,-7e-05,-5e-05,-1e-05,0.0,-2e-05,0.0,0
34621,-2e-05,-3e-05,-7e-05,-5e-05,-1e-05,0.0,-2e-05,0.0,0
34622,-2e-05,-3e-05,-7e-05,-5e-05,-1e-05,0.0,-2e-05,0.0,0
34623,-2e-05,-3e-05,-7e-05,-5e-05,-1e-05,0.0,-2e-05,0.0,0
34624,-2e-05,-3e-05,-7e-05,-5e-05,-1e-05,0.0,-2e-05,0.0,0
34625,-2e-05,-3e-05,-7e-05,-5e-05,-1e-05,0.0,-2e-05,0.0,0
34626,-2e-05,-3e-05,-7e-05,-5e-05,-1e-05,0.0,-2e-05,0.0,0
34627,-2e-05,-3e-05,-7e-05,-5e-05,-1e-05,0.0,-2e-05,0.0,0
34628,-2e-05,-3e-05,-7e-05,-5e-05,-1e-05,0.0,-2e-05,0.0,0
34629,-2e-05,-3e-05,-7e-05,-5e-05,-1e-05,0.0,-2e-05,0.0,0
34630,2e-05,4e-05,5e-05,0.00012,1e-05,-1e-05,-2e-05,-1e-05,0
34631,-1e-05,-3e-05,0.0,1e-05,-1e-05,-1e-05,-1e-05,-1e-05,0
34632,-1e-05,-3e-05,0.0,1e-05,-1e-05,-1e-05,-1e-05,-1e-05,0
34633,-1e-05,-3e-05,0.0,1e-05,-1e-05,-1e-05,-1e-05,-1e-05,0
34634,-1e-05,-3e-05,0.0,1e-05,-1e-05,-1e-05,-1e-05,-1e-05,0
34635,-1e-05,-3e-05,0.0,1e-05,-1e-05,-1e-05,-1e-05,-1e-05,0
34636,-1e-05,0.0,-2e-05,2e-05,-2e-05,0.0,-4e-05,-2e-05,0
34638,-1e-05,0.0,-2e-05,2e-05,-2e-05,0.0,-4e-05,-2e-05,0
34639,-1e-05,0.0,-2e-05,2e-05,-2e-05,0.0,-4e-05,-2e-05,0
34640,-1e-05,0.0,-2e-05,2e-05,-2e-05,0.0,-4e-05,-2e-05,0
34641,-1e-05,0.0,-2e-05,2e-05,-2e-05,0.0,-4e-05,-2e-05,0
34642,-1e-05,0.0,-2e-05,2e-05,-2e-05,0.0,-4e-05,-2e-05,0
34643,-1e-05,0.0,-2e-05,2e-05,-2e-05,0.0,-4e-05,-2e-05,0
34644,-1e-05,0.0,-2e-05,2e-05,-2e-05,0.0,-4e-05,-2e-05,0
34645,-1e-05,0.0,0.0,1e-05,0.0,-2e-05,1e-05,-3e-05,0
34646,-1e-05,0.0,0.0,1e-05,0.0,-2e-05,1e-05,-3e-05,0
34647,-1e-05,0.0,0.0,1e-05,0.0,-2e-05,1e-05,-3e-05,0
34648,-1e-05,0.0,0.0,1e-05,0.0,-2e-05,1e-05,-3e-05,0
34649,-1e-05,0.0,0.0,1e-05,0.0,-2e-05,1e-05,-3e-05,0
34650,-1e-05,0.0,0.0,1e-05,0.0,-2e-05,1e-05,-3e-05,0
34651,-1e-05,0.0,0.0,1e-05,0.0,-2e-05,1e-05,-3e-05,0
34652,-1e-05,0.0,0.0,1e-05,0.0,-2e-05,1e-05,-3e-05,0
34653,-1e-05,0.0,0.0,1e-05,0.0,-2e-05,1e-05,-3e-05,0
34654,-1e-05,0.0,0.0,1e-05,0.0,-2e-05,1e-05,-3e-05,0
34655,-1e-05,0.0,0.0,1e-05,0.0,-2e-05,1e-05,-3e-05,0
34656,-1e-05,0.0,0.0,1e-05,0.0,-2e-05,1e-05,-3e-05,0
34657,-1e-05,0.0,0.0,1e-05,0.0,-2e-05,1e-05,-3e-05,0
34658,-1e-05,0.0,0.0,1e-05,0.0,-2e-05,1e-05,-3e-05,0
34659,-1e-05,0.0,0.0,1e-05,0.0,-2e-05,1e-05,-3e-05,0
34660,-1e-05,0.0,0.0,1e-05,0.0,-2e-05,1e-05,-3e-05,0
34661,-1e-05,0.0,0.0,1e-05,0.0,-2e-05,1e-05,-3e-05,0
34662,-1e-05,0.0,0.0,1e-05,0.0,-2e-05,1e-05,-3e-05,0
34663,-1e-05,0.0,0.0,1e-05,0.0,-2e-05,1e-05,-3e-05,0
34664,-1e-05,0.0,0.0,1e-05,0.0,-2e-05,1e-05,-3e-05,0
34665,-1e-05,0.0,0.0,1e-05,0.0,-2e-05,1e-05,-3e-05,0
34666,-1e-05,0.0,0.0,1e-05,0.0,-2e-05,1e-05,-3e-05,0
34667,-1e-05,0.0,0.0,1e-05,0.0,-2e-05,1e-05,-3e-05,0
34668,0.0,1e-05,-2e-05,1e-05,-2e-05,-2e-05,-2e-05,-2e-05,0
34669,0.0,1e-05,-2e-05,1e-05,-2e-05,-2e-05,-2e-05,-2e-05,0
34670,0.0,1e-05,-2e-05,1e-05,-2e-05,-2e-05,-2e-05,-2e-05,0
34671,0.0,1e-05,-2e-05,1e-05,-2e-05,-2e-05,-2e-05,-2e-05,0
34672,0.0,1e-05,-2e-05,1e-05,-2e-05,-2e-05,-2e-05,-2e-05,0
34673,0.0,1e-05,-2e-05,1e-05,-2e-05,-2e-05,-2e-05,-2e-05,0
34674,0.0,1e-05,-2e-05,1e-05,-2e-05,-2e-05,-2e-05,-2e-05,0
34675,0.0,1e-05,-2e-05,1e-05,-2e-05,-2e-05,-2e-05,-2e-05,0
34676,0.0,1e-05,-2e-05,1e-05,-2e-05,-2e-05,-2e-05,-2e-05,0
34677,0.0,1e-05,-2e-05,1e-05,-2e-05,-2e-05,-2e-05,-2e-05,0
34678,0.0,1e-05,-2e-05,1e-05,-2e-05,-2e-05,-2e-05,-2e-05,0
34679,0.0,1e-05,-2e-05,1e-05,-2e-05,-2e-05,-2e-05,-2e-05,0
34680,0.0,1e-05,-2e-05,1e-05,-2e-05,-2e-05,-2e-05,-2e-05,0
34681,0.0,1e-05,-2e-05,1e-05,-2e-05,-2e-05,-2e-05,-2e-05,0
34682,0.0,1e-05,-2e-05,1e-05,-2e-05,-2e-05,-2e-05,-2e-05,0
34683,0.0,-2e-05,-3e-05,-2e-05,-1e-05,0.0,-1e-05,-1e-05,0
34684,0.0,-2e-05,-3e-05,-2e-05,-1e-05,0.0,-1e-05,-1e-05,0
34685,0.0,-2e-05,-3e-05,-2e-05,-1e-05,0.0,-1e-05,-1e-05,0
34686,0.0,-2e-05,-3e-05,-2e-05,-1e-05,0.0,-1e-05,-1e-05,0
34688,0.0,-2e-05,-3e-05,-2e-05,-1e-05,0.0,-1e-05,-1e-05,0
34689,0.0,-2e-05,-3e-05,-2e-05,-1e-05,0.0,-1e-05,-1e-05,0
34690,0.0,-2e-05,-3e-05,-2e-05,-1e-05,0.0,-1e-05,-1e-05,0
34691,0.0,-2e-05,-3e-05,-2e-05,-1e-05,0.0,-1e-05,-1e-05,0
34692,0.0,-2e-05,-3e-05,-2e-05,-1e-05,0.0,-1e-05,-1e-05,0
34693,0.0,-2e-05,-3e-05,-2e-05,-1e-05,0.0,-1e-05,-1e-05,0
34694,0.0,-2e-05,-3e-05,-2e-05,-1e-05,0.0,-1e-05,-1e-05,0
34695,0.0,-2e-05,-3e-05,-2e-05,-1e-05,0.0,-1e-05,-1e-05,0
34696,0.0,-2e-05,-3e-05,-2e-05,-1e-05,0.0,-1e-05,-1e-05,0
34697,0.0,-2e-05,-3e-05,-2e-05,-1e-05,0.0,-1e-05,-1e-05,0
34698,0.0,-2e-05,-3e-05,-2e-05,-1e-05,0.0,-1e-05,-1e-05,0
34699,0.0,-2e-05,-3e-05,-2e-05,-1e-05,0.0,-1e-05,-1e-05,0
34700,0.0,-2e-05,-3e-05,-2e-05,-1e-05,0.0,-1e-05,-1e-05,0
34701,0.0,-2e-05,-3e-05,-2e-05,-1e-05,0.0,-1e-05,-1e-05,0
34702,0.0,-2e-05,-3e-05,-2e-05,-1e-05,0.0,-1e-05,-1e-05,0
34703,0.0,-2e-05,-3e-05,-2e-05,-1e-05,0.0,-1e-05,-1e-05,0
34704,0.0,-2e-05,-3e-05,-2e-05,-1e-05,0.0,-1e-05,-1e-05,0
34705,2e-05,4e-05,2e-05,-3e-05,2e-05,-2e-05,-2e-05,4e-05,0
34706,-2e-05,-3e-05,-4e-05,3e-05,-1e-05,-1e-05,-2e-05,-2e-05,0
34707,-2e-05,-3e-05,-4e-05,3e-05,-1e-05,-1e-05,-2e-05,-2e-05,0
34708,-2e-05,-3e-05,-4e-05,3e-05,-1e-05,-1e-05,-2e-05,-2e-05,0
34709,-2e-05,-3e-05,-4e-05,3e-05,-1e-05,-1e-05,-2e-05,-2e-05,0
34710,-2e-05,-3e-05,-4e-05,3e-05,-1e-05,-1e-05,-2e-05,-2e-05,0
34711,-2e-05,-3e-05,-4e-05,3e-05,-1e-05,-1e-05,-2e-05,-2e-05,0
34712,-2e-05,-3e-05,-4e-05,3e-05,-1e-05,-1e-05,-2e-05,-2e-05,0
34713,-2e-05,-3e-05,-4e-05,3e-05,-1e-05,-1e-05,-2e-05,-2e-05,0
34714,-2e-05,-3e-05,-4e-05,3e-05,-1e-05,-1e-05,-2e-05,-2e-05,0
34715,-2e-05,-3e-05,-4e-05,3e-05,-1e-05,-1e-05,-2e-05,-2e-05,0
34716,-2e-05,-3e-05,-4e-05,3e-05,-1e-05,-1e-05,-2e-05,-2e-05,0
34717,-2e-05,-3e-05,-4e-05,3e-05,-1e-05,-1e-05,-2e-05,-2e-05,0
34718,-2e-05,-3e-05,-4e-05,3e-05,-1e-05,-1e-05,-2e-05,-2e-05,0
34719,-1e-05,1e-05,4e-05,2e-05,0.0,1e-05,0.0,-3e-05,0
34720,-1e-05,-3e-05,-1e-05,-1e-05,1e-05,-1e-05,-2e-05,-1e-05,0
34721,-1e-05,-3e-05,-1e-05,-1e-05,1e-05,-1e-05,-2e-05,-1e-05,0
34722,-1e-05,-3e-05,-1e-05,-1e-05,1e-05,-1e-05,-2e-05,-1e-05,0
34723,-1e-05,-3e-05,-1e-05,-1e-05,1e-05,-1e-05,-2e-05,-1e-05,0
34724,-1e-05,-3e-05,-1e-05,-1e-05,1e-05,-1e-05,-2e-05,-1e-05,0
34725,-1e-05,-3e-05,-1e-05,-1e-05,1e-05,-1e-05,-2e-05,-1e-05,0
34726,-1e-05,-3e-05,-1e-05,-1e-05,1e-05,-1e-05,-2e-05,-1e-05,0
34727,-1e-05,-3e-05,-1e-05,-1e-05,1e-05,-1e-05,-2e-05,-1e-05,0
34728,-1e-05,-3e-05,-1e-05,-1e-05,1e-05,-1e-05,-2e-05,-1e-05,0
34729,-1e-05,-3e-05,-1e-05,-1e-05,1e-05,-1e-05,-2e-05,-1e-05,0
34730,-1e-05,-3e-05,-1e-05,-1e-05,1e-05,-1e-05,-2e-05,-1e-05,0
34731,-1e-05,-3e-05,-1e-05,-1e-05,1e-05,-1e-05,-2e-05,-1e-05,0
34732,-1e-05,-3e-05,-1e-05,-1e-05,1e-05,-1e-05,-2e-05,-1e-05,0
34733,-1e-05,-3e-05,-1e-05,-1e-05,1e-05,-1e-05,-2e-05,-1e-05,0
34734,-1e-05,-3e-05,-1e-05,-1e-05,1e-05,-1e-05,-2e-05,-1e-05,0
34735,-1e-05,-3e-05,-1e-05,-1e-05,1e-05,-1e-05,-2e-05,-1e-05,0
34736,-1e-05,-3e-05,-1e-05,-1e-05,1e-05,-1e-05,-2e-05,-1e-05,0
34738,-1e-05,-3e-05,-1e-05,-1e-05,1e-05,-1e-05,-2e-05,-1e-05,0
34739,-1e-05,-3e-05,-1e-05,-1e-05,1e-05,-1e-05,-2e-05,-1e-05,0
34740,-1e-05,-3e-05,-1e-05,-1e-05,1e-05,-1e-05,-2e-05,-1e-05,0
34741,-1e-05,-3e-05,-1e-05,-1e-05,1e-05,-1e-05,-2e-05,-1e-05,0
34742,-1e-05,-3e-05,-1e-05,-1e-05,1e-05,-1e-05,-2e-05,-1e-05,0
34743,-2e-05,-3e-05,-5e-05,0.00013,2e-05,-1e-05,0.0,-1e-05,0
34744,-2e-05,-3e-05,-5e-05,0.00013,2e-05,-1e-05,0.0,-1e-05,0
34745,-2e-05,-3e-05,-5e-05,0.00013,2e-05,-1e-05,0.0,-1e-05,0
34746,-2e-05,-3e-05,-5e-05,0.00013,2e-05,-1e-05,0.0,-1e-05,0
34747,-2e-05,-3e-05,-5e-05,0.00013,2e-05,-1e-05,0.0,-1e-05,0
34748,-2e-05,-3e-05,-5e-05,0.00013,2e-05,-1e-05,0.0,-1e-05,0
34749,-2e-05,-3e-05,-5e-05,0.00013,2e-05,-1e-05,0.0,-1e-05,0
34750,-2e-05,-3e-05,-5e-05,0.00013,2e-05,-1e-05,0.0,-1e-05,0
34751,-2e-05,-3e-05,-5e-05,0.00013,2e-05,-1e-05,0.0,-1e-05,0
34752,-2e-05,-3e-05,-5e-05,0.00013,2e-05,-1e-05,0.0,-1e-05,0
34753,-2e-05,-3e-05,-5e-05,0.00013,2e-05,-1e-05,0.0,-1e-05,0
34754,-2e-05,-3e-05,-5e-05,0.00013,2e-05,-1e-05,0.0,-1e-05,0
34755,-2e-05,-3e-05,-5e-05,0.00013,2e-05,-1e-05,0.0,-1e-05,0
34756,-2e-05,-3e-05,-5e-05,0.00013,2e-05,-1e-05,0.0,-1e-05,0
34757,-2e-05,-3e-05,-5e-05,0.00013,2e-05,-1e-05,0.0,-1e-05,0
34758,-2e-05,-3e-05,-5e-05,0.00013,2e-05,-1e-05,0.0,-1e-05,0
34759,-2e-05,-3e-05,-5e-05,0.00013,2e-05,-1e-05,0.0,-1e-05,0
34760,-2e-05,-3e-05,-5e-05,0.00013,2e-05,-1e-05,0.0,-1e-05,0
34761,-2e-05,-3e-05,-5e-05,0.00013,2e-05,-1e-05,0.0,-1e-05,0
34762,-2e-05,-3e-05,-5e-05,0.00013,2e-05,-1e-05,0.0,-1e-05,0
34763,-2e-05,-3e-05,-5e-05,0.00013,2e-05,-1e-05,0.0,-1e-05,0
34764,-2e-05,-3e-05,-5e-05,0.00013,2e-05,-1e-05,0.0,-1e-05,0
34765,-2e-05,0.0,0.0,-6e-05,-1e-05,0.0,0.0,-2e-05,0
34766,2e-05,2e-05,3e-05,-0.0001,-1e-05,0.0,-1e-05,0.0,0
34767,2e-05,2e-05,3e-05,-0.0001,-1e-05,0.0,-1e-05,0.0,0
34768,2e-05,2e-05,3e-05,-0.0001,-1e-05,0.0,-1e-05,0.0,0
34769,2e-05,2e-05,3e-05,-0.0001,-1e-05,0.0,-1e-05,0.0,0
34770,2e-05,2e-05,3e-05,-0.0001,-1e-05,0.0,-1e-05,0.0,0
34771,2e-05,2e-05,3e-05,-0.0001,-1e-05,0.0,-1e-05,0.0,0
34772,2e-05,2e-05,3e-05,-0.0001,-1e-05,0.0,-1e-05,0.0,0
34773,2e-05,2e-05,3e-05,-0.0001,-1e-05,0.0,-1e-05,0.0,0
34775,2e-05,2e-05,3e-05,-0.0001,-1e-05,0.0,-1e-05,0.0,0
34776,2e-05,2e-05,3e-05,-0.0001,-1e-05,0.0,-1e-05,0.0,0
34777,2e-05,2e-05,3e-05,-0.0001,-1e-05,0.0,-1e-05,0.0,0
34778,2e-05,2e-05,3e-05,-0.0001,-1e-05,0.0,-1e-05,0.0,0
34779,0.0,-2e-05,2e-05,6e-05,1e-05,-1e-05,-1e-05,-1e-05,0
34780,-2e-05,1e-05,0.0,6e-05,1e-05,-1e-05,-1e-05,0.0,0
34782,-2e-05,1e-05,0.0,6e-05,1e-05,-1e-05,-1e-05,0.0,0
34783,-2e-05,1e-05,0.0,6e-05,1e-05,-1e-05,-1e-05,0.0,0
34784,-2e-05,1e-05,0.0,6e-05,1e-05,-1e-05,-1e-05,0.0,0
34785,-2e-05,1e-05,0.0,6e-05,1e-05,-1e-05,-1e-05,0.0,0
34786,-2e-05,1e-05,0.0,6e-05,1e-05,-1e-05,-1e-05,0.0,0
34789,-2e-05,1e-05,0.0,6e-05,1e-05,-1e-05,-1e-05,0.0,0
34790,-2e-05,1e-05,0.0,6e-05,1e-05,-1e-05,-1e-05,0.0,0
34791,-2e-05,1e-05,0.0,6e-05,1e-05,-1e-05,-1e-05,0.0,0
34792,-2e-05,1e-05,0.0,6e-05,1e-05,-1e-05,-1e-05,0.0,0
34793,-2e-05,1e-05,0.0,6e-05,1e-05,-1e-05,-1e-05,0.0,0
34794,-2e-05,1e-05,0.0,6e-05,1e-05,-1e-05,-1e-05,0.0,0
34795,-2e-05,1e-05,0.0,6e-05,1e-05,-1e-05,-1e-05,0.0,0
34796,-2e-05,1e-05,0.0,6e-05,1e-05,-1e-05,-1e-05,0.0,0
34797,-2e-05,1e-05,0.0,6e-05,1e-05,-1e-05,-1e-05,0.0,0
34798,-2e-05,1e-05,0.0,6e-05,1e-05,-1e-05,-1e-05,0.0,0
34799,-2e-05,1e-05,0.0,6e-05,1e-05,-1e-05,-1e-05,0.0,0
34800,-2e-05,1e-05,0.0,6e-05,1e-05,-1e-05,-1e-05,0.0,0
34801,-2e-05,1e-05,0.0,6e-05,1e-05,-1e-05,-1e-05,0.0,0
34802,-2e-05,1e-05,0.0,6e-05,1e-05,-1e-05,-1e-05,0.0,0
34803,1e-05,-2e-05,-1e-05,-1e-05,0.0,0.0,1e-05,-1e-05,0
34804,0.0,1e-05,1e-05,-4e-05,-1e-05,0.0,0.0,-1e-05,0
34805,0.0,1e-05,1e-05,-4e-05,-1e-05,0.0,0.0,-1e-05,0
34806,0.0,1e-05,1e-05,-4e-05,-1e-05,0.0,0.0,-1e-05,0
34807,0.0,1e-05,1e-05,-4e-05,-1e-05,0.0,0.0,-1e-05,0
34808,0.0,1e-05,1e-05,-4e-05,-1e-05,0.0,0.0,-1e-05,0
34809,0.0,1e-05,1e-05,-4e-05,-1e-05,0.0,0.0,-1e-05,0
34810,0.0,1e-05,1e-05,-4e-05,-1e-05,0.0,0.0,-1e-05,0
34811,0.0,1e-05,1e-05,-4e-05,-1e-05,0.0,0.0,-1e-05,0
34812,0.0,1e-05,1e-05,-4e-05,-1e-05,0.0,0.0,-1e-05,0
34813,0.0,1e-05,1e-05,-4e-05,-1e-05,0.0,0.0,-1e-05,0
34814,0.0,1e-05,1e-05,-4e-05,-1e-05,0.0,0.0,-1e-05,0
34815,0.0,1e-05,1e-05,-4e-05,-1e-05,0.0,0.0,-1e-05,0
34816,0.0,1e-05,1e-05,-4e-05,-1e-05,0.0,0.0,-1e-05,0
34817,0.0,1e-05,1e-05,-4e-05,-1e-05,0.0,0.0,-1e-05,0
34818,0.0,1e-05,1e-05,-4e-05,-1e-05,0.0,0.0,-1e-05,0
34819,0.0,1e-05,1e-05,-4e-05,-1e-05,0.0,0.0,-1e-05,0
34820,0.0,1e-05,1e-05,-4e-05,-1e-05,0.0,0.0,-1e-05,0
34821,0.0,1e-05,1e-05,-4e-05,-1e-05,0.0,0.0,-1e-05,0
34822,0.0,1e-05,1e-05,-4e-05,-1e-05,0.0,0.0,-1e-05,0
34823,0.0,1e-05,1e-05,-4e-05,-1e-05,0.0,0.0,-1e-05,0
34824,0.0,1e-05,1e-05,-4e-05,-1e-05,0.0,0.0,-1e-05,0
34825,-2e-05,-4e-05,-2e-05,2e-05,0.0,0.0,-2e-05,-2e-05,0
34826,-1e-05,-5e-05,-6e-05,-4e-05,-3e-05,-2e-05,-1e-05,-1e-05,0
34827,-1e-05,-5e-05,-6e-05,-4e-05,-3e-05,-2e-05,-1e-05,-1e-05,0
34828,-1e-05,-5e-05,-6e-05,-4e-05,-3e-05,-2e-05,-1e-05,-1e-05,0
34829,-1e-05,-5e-05,-6e-05,-4e-05,-3e-05,-2e-05,-1e-05,-1e-05,0
34830,-1e-05,-5e-05,-6e-05,-4e-05,-3e-05,-2e-05,-1e-05,-1e-05,0
34831,-1e-05,-5e-05,-6e-05,-4e-05,-3e-05,-2e-05,-1e-05,-1e-05,0
34832,-1e-05,-5e-05,-6e-05,-4e-05,-3e-05,-2e-05,-1e-05,-1e-05,0
34833,-1e-05,-5e-05,-6e-05,-4e-05,-3e-05,-2e-05,-1e-05,-1e-05,0
34834,-1e-05,-5e-05,-6e-05,-4e-05,-3e-05,-2e-05,-1e-05,-1e-05,0
34835,-1e-05,-5e-05,-6e-05,-4e-05,-3e-05,-2e-05,-1e-05,-1e-05,0
34836,-1e-05,-5e-05,-6e-05,-4e-05,-3e-05,-2e-05,-1e-05,-1e-05,0
34840,-1e-05,2e-05,2e-05,5e-05,0.0,-1e-05,-2e-05,-2e-05,0
34841,-2e-05,-2e-05,-1e-05,-8e-05,0.0,-1e-05,-1e-05,0.0,0
34842,-2e-05,-2e-05,-1e-05,-8e-05,0.0,-1e-05,-1e-05,0.0,0
34843,-2e-05,-2e-05,-1e-05,-8e-05,0.0,-1e-05,-1e-05,0.0,0
34844,-2e-05,-2e-05,-1e-05,-8e-05,0.0,-1e-05,-1e-05,0.0,0
34845,-2e-05,-2e-05,-1e-05,-8e-05,0.0,-1e-05,-1e-05,0.0,0
34846,-2e-05,-2e-05,-1e-05,-8e-05,0.0,-1e-05,-1e-05,0.0,0
34847,-2e-05,-2e-05,-1e-05,-8e-05,0.0,-1e-05,-1e-05,0.0,0
34848,-2e-05,-2e-05,-1e-05,-8e-05,0.0,-1e-05,-1e-05,0.0,0
34849,-2e-05,-2e-05,-1e-05,-8e-05,0.0,-1e-05,-1e-05,0.0,0
34850,-2e-05,-2e-05,-1e-05,-8e-05,0.0,-1e-05,-1e-05,0.0,0
34851,-2e-05,-2e-05,-1e-05,-8e-05,0.0,-1e-05,-1e-05,0.0,0
34852,-2e-05,-2e-05,-1e-05,-8e-05,0.0,-1e-05,-1e-05,0.0,0
34853,-2e-05,-2e-05,-1e-05,-8e-05,0.0,-1e-05,-1e-05,0.0,0
34854,-2e-05,-2e-05,-1e-05,-8e-05,0.0,-1e-05,-1e-05,0.0,0
34855,-2e-05,-2e-05,-1e-05,-8e-05,0.0,-1e-05,-1e-05,0.0,0
34856,-2e-05,-2e-05,-1e-05,-8e-05,0.0,-1e-05,-1e-05,0.0,0
34857,-2e-05,-2e-05,-1e-05,-8e-05,0.0,-1e-05,-1e-05,0.0,0
34858,-2e-05,-2e-05,-1e-05,-8e-05,0.0,-1e-05,-1e-05,0.0,0
34859,-2e-05,-2e-05,-1e-05,-8e-05,0.0,-1e-05,-1e-05,0.0,0
34860,-2e-05,-2e-05,-1e-05,-8e-05,0.0,-1e-05,-1e-05,0.0,0
34861,-2e-05,-2e-05,-1e-05,-8e-05,0.0,-1e-05,-1e-05,0.0,0
34862,-2e-05,-2e-05,-1e-05,-8e-05,0.0,-1e-05,-1e-05,0.0,0
34863,-2e-05,-6e-05,-7e-05,-0.0001,-1e-05,-1e-05,-1e-05,1e-05,0
34864,0.0,-1e-05,-4e-05,-4e-05,-2e-05,-1e-05,-3e-05,-1e-05,0
34865,0.0,-1e-05,-4e-05,-4e-05,-2e-05,-1e-05,-3e-05,-1e-05,0
34866,0.0,-1e-05,-4e-05,-4e-05,-2e-05,-1e-05,-3e-05,-1e-05,0
34867,0.0,-1e-05,-4e-05,-4e-05,-2e-05,-1e-05,-3e-05,-1e-05,0
34868,0.0,-1e-05,-4e-05,-4e-05,-2e-05,-1e-05,-3e-05,-1e-05,0
34869,0.0,-1e-05,-4e-05,-4e-05,-2e-05,-1e-05,-3e-05,-1e-05,0
34870,0.0,-1e-05,-4e-05,-4e-05,-2e-05,-1e-05,-3e-05,-1e-05,0
34871,0.0,-1e-05,-4e-05,-4e-05,-2e-05,-1e-05,-3e-05,-1e-05,0
34872,0.0,-1e-05,-4e-05,-4e-05,-2e-05,-1e-05,-3e-05,-1e-05,0
34873,0.0,-1e-05,-4e-05,-4e-05,-2e-05,-1e-05,-3e-05,-1e-05,0
34874,0.0,-1e-05,-4e-05,-4e-05,-2e-05,-1e-05,-3e-05,-1e-05,0
34875,0.0,-1e-05,-4e-05,-4e-05,-2e-05,-1e-05,-3e-05,-1e-05,0
34876,0.0,-1e-05,-4e-05,-4e-05,-2e-05,-1e-05,-3e-05,-1e-05,0
34877,0.0,-1e-05,-4e-05,-4e-05,-2e-05,-1e-05,-3e-05,-1e-05,0
34878,0.0,-1e-05,-4e-05,-4e-05,-2e-05,-1e-05,-3e-05,-1e-05,0
34879,0.0,-1e-05,-4e-05,-4e-05,-2e-05,-1e-05,-3e-05,-1e-05,0
34880,0.0,-1e-05,-4e-05,-4e-05,-2e-05,-1e-05,-3e-05,-1e-05,0
34881,0.0,-1e-05,-4e-05,-4e-05,-2e-05,-1e-05,-3e-05,-1e-05,0
34882,0.0,-1e-05,-4e-05,-4e-05,-2e-05,-1e-05,-3e-05,-1e-05,0
34883,0.0,-1e-05,-4e-05,-4e-05,-2e-05,-1e-05,-3e-05,-1e-05,0
34884,0.0,-1e-05,-4e-05,-4e-05,-2e-05,-1e-05,-3e-05,-1e-05,0
34885,1e-05,3e-05,2e-05,3e-05,1e-05,-3e-05,0.0,0.0,0
34886,0.0,-3e-05,-2e-05,0.00013,-1e-05,-2e-05,0.0,-1e-05,0
34888,0.0,-3e-05,-2e-05,0.00013,-1e-05,-2e-05,0.0,-1e-05,0
34890,0.0,-3e-05,-2e-05,0.00013,-1e-05,-2e-05,0.0,-1e-05,0
34891,0.0,-3e-05,-2e-05,0.00013,-1e-05,-2e-05,0.0,-1e-05,0
34892,0.0,-3e-05,-2e-05,0.00013,-1e-05,-2e-05,0.0,-1e-05,0
34893,0.0,-3e-05,-2e-05,0.00013,-1e-05,-2e-05,0.0,-1e-05,0
34894,0.0,-3e-05,-2e-05,0.00013,-1e-05,-2e-05,0.0,-1e-05,0
34895,0.0,-3e-05,-2e-05,0.00013,-1e-05,-2e-05,0.0,-1e-05,0
34896,0.0,-3e-05,-2e-05,0.00013,-1e-05,-2e-05,0.0,-1e-05,0
34897,0.0,-3e-05,-2e-05,0.00013,-1e-05,-2e-05,0.0,-1e-05,0
34898,0.0,-3e-05,-2e-05,0.00013,-1e-05,-2e-05,0.0,-1e-05,0
34899,0.0,-3e-05,-2e-05,0.00013,-1e-05,-2e-05,0.0,-1e-05,0
34900,-2e-05,2e-05,1e-05,-9e-05,-3e-05,0.0,1e-05,-2e-05,0
34901,-2e-05,2e-05,1e-05,-9e-05,-3e-05,0.0,1e-05,-2e-05,0
34902,-2e-05,2e-05,1e-05,-9e-05,-3e-05,0.0,1e-05,-2e-05,0
34903,-2e-05,2e-05,1e-05,-9e-05,-3e-05,0.0,1e-05,-2e-05,0
34904,-2e-05,2e-05,1e-05,-9e-05,-3e-05,0.0,1e-05,-2e-05,0
34905,-2e-05,2e-05,1e-05,-9e-05,-3e-05,0.0,1e-05,-2e-05,0
34906,-2e-05,2e-05,1e-05,-9e-05,-3e-05,0.0,1e-05,-2e-05,0
34907,-2e-05,2e-05,1e-05,-9e-05,-3e-05,0.0,1e-05,-2e-05,0
34908,-2e-05,2e-05,1e-05,-9e-05,-3e-05,0.0,1e-05,-2e-05,0
34909,-2e-05,2e-05,1e-05,-9e-05,-3e-05,0.0,1e-05,-2e-05,0
34910,-2e-05,2e-05,1e-05,-9e-05,-3e-05,0.0,1e-05,-2e-05,0
34911,-2e-05,2e-05,1e-05,-9e-05,-3e-05,0.0,1e-05,-2e-05,0
34912,-2e-05,2e-05,1e-05,-9e-05,-3e-05,0.0,1e-05,-2e-05,0
34913,-2e-05,2e-05,1e-05,-9e-05,-3e-05,0.0,1e-05,-2e-05,0
34914,-2e-05,2e-05,1e-05,-9e-05,-3e-05,0.0,1e-05,-2e-05,0
34915,-2e-05,2e-05,1e-05,-9e-05,-3e-05,0.0,1e-05,-2e-05,0
34916,-2e-05,2e-05,1e-05,-9e-05,-3e-05,0.0,1e-05,-2e-05,0
34917,-2e-05,2e-05,1e-05,-9e-05,-3e-05,0.0,1e-05,-2e-05,0
34918,-2e-05,2e-05,1e-05,-9e-05,-3e-05,0.0,1e-05,-2e-05,0
34919,-2e-05,2e-05,1e-05,-9e-05,-3e-05,0.0,1e-05,-2e-05,0
34920,-2e-05,2e-05,1e-05,-9e-05,-3e-05,0.0,1e-05,-2e-05,0
34921,-2e-05,2e-05,1e-05,-9e-05,-3e-05,0.0,1e-05,-2e-05,0
34922,-2e-05,2e-05,1e-05,-9e-05,-3e-05,0.0,1e-05,-2e-05,0
34923,0.0,-2e-05,0.0,-2e-05,-2e-05,0.0,-1e-05,-1e-05,0
34924,0.0,-2e-05,0.0,-2e-05,-2e-05,0.0,-1e-05,-1e-05,0
34925,0.0,-2e-05,0.0,-2e-05,-2e-05,0.0,-1e-05,-1e-05,0
34927,0.0,-2e-05,0.0,-2e-05,-2e-05,0.0,-1e-05,-1e-05,0
34928,0.0,-2e-05,0.0,-2e-05,-2e-05,0.0,-1e-05,-1e-05,0
34929,0.0,-2e-05,0.0,-2e-05,-2e-05,0.0,-1e-05,-1e-05,0
34930,0.0,-2e-05,0.0,-2e-05,-2e-05,0.0,-1e-05,-1e-05,0
34931,0.0,-2e-05,0.0,-2e-05,-2e-05,0.0,-1e-05,-1e-05,0
34932,0.0,-2e-05,0.0,-2e-05,-2e-05,0.0,-1e-05,-1e-05,0
34933,0.0,-2e-05,0.0,-2e-05,-2e-05,0.0,-1e-05,-1e-05,0
34934,0.0,-2e-05,0.0,-2e-05,-2e-05,0.0,-1e-05,-1e-05,0
34935,0.0,-2e-05,0.0,-2e-05,-2e-05,0.0,-1e-05,-1e-05,0
34936,0.0,-2e-05,0.0,-2e-05,-2e-05,0.0,-1e-05,-1e-05,0
34938,0.0,-2e-05,0.0,-2e-05,-2e-05,0.0,-1e-05,-1e-05,0
34939,0.0,-2e-05,0.0,-2e-05,-2e-05,0.0,-1e-05,-1e-05,0
34940,0.0,-2e-05,0.0,-2e-05,-2e-05,0.0,-1e-05,-1e-05,0
34941,0.0,-2e-05,0.0,-2e-05,-2e-05,0.0,-1e-05,-1e-05,0
34942,0.0,-2e-05,0.0,-2e-05,-2e-05,0.0,-1e-05,-1e-05,0
34943,0.0,-2e-05,0.0,-2e-05,-2e-05,0.0,-1e-05,-1e-05,0
34944,0.0,-2e-05,0.0,-2e-05,-2e-05,0.0,-1e-05,-1e-05,0
34945,-1e-05,2e-05,-1e-05,-2e-05,-1e-05,0.0,1e-05,-1e-05,0
34946,0.0,-1e-05,3e-05,-7e-05,0.0,-1e-05,-1e-05,0.0,0
34947,0.0,-1e-05,3e-05,-7e-05,0.0,-1e-05,-1e-05,0.0,0
34948,0.0,-1e-05,3e-05,-7e-05,0.0,-1e-05,-1e-05,0.0,0
34949,0.0,-1e-05,3e-05,-7e-05,0.0,-1e-05,-1e-05,0.0,0
34950,0.0,-1e-05,3e-05,-7e-05,0.0,-1e-05,-1e-05,0.0,0
34951,0.0,-1e-05,3e-05,-7e-05,0.0,-1e-05,-1e-05,0.0,0
34952,0.0,-1e-05,3e-05,-7e-05,0.0,-1e-05,-1e-05,0.0,0
34953,0.0,-1e-05,3e-05,-7e-05,0.0,-1e-05,-1e-05,0.0,0
34954,0.0,-1e-05,3e-05,-7e-05,0.0,-1e-05,-1e-05,0.0,0
34955,0.0,-1e-05,3e-05,-7e-05,0.0,-1e-05,-1e-05,0.0,0
34956,0.0,-1e-05,3e-05,-7e-05,0.0,-1e-05,-1e-05,0.0,0
34957,0.0,-1e-05,3e-05,-7e-05,0.0,-1e-05,-1e-05,0.0,0
34958,0.0,-1e-05,3e-05,-7e-05,0.0,-1e-05,-1e-05,0.0,0
34959,0.0,-1e-05,3e-05,-7e-05,0.0,-1e-05,-1e-05,0.0,0
34960,-3e-05,-5e-05,-7e-05,-5e-05,-6e-05,-1e-05,-1e-05,-3e-05,0
34961,-2e-05,0.0,-1e-05,0.00012,1e-05,-2e-05,-1e-05,-1e-05,0
34962,-2e-05,0.0,-1e-05,0.00012,1e-05,-2e-05,-1e-05,-1e-05,0
34963,-2e-05,0.0,-1e-05,0.00012,1e-05,-2e-05,-1e-05,-1e-05,0
34964,-2e-05,0.0,-1e-05,0.00012,1e-05,-2e-05,-1e-05,-1e-05,0
34965,-2e-05,0.0,-1e-05,0.00012,1e-05,-2e-05,-1e-05,-1e-05,0
34966,-2e-05,0.0,-1e-05,0.00012,1e-05,-2e-05,-1e-05,-1e-05,0
34967,-2e-05,0.0,-1e-05,0.00012,1e-05,-2e-05,-1e-05,-1e-05,0
34968,-2e-05,0.0,-1e-05,0.00012,1e-05,-2e-05,-1e-05,-1e-05,0
34969,-2e-05,0.0,-1e-05,0.00012,1e-05,-2e-05,-1e-05,-1e-05,0
34970,-2e-05,0.0,-1e-05,0.00012,1e-05,-2e-05,-1e-05,-1e-05,0
34971,-2e-05,0.0,-1e-05,0.00012,1e-05,-2e-05,-1e-05,-1e-05,0
34972,-2e-05,0.0,-1e-05,0.00012,1e-05,-2e-05,-1e-05,-1e-05,0
34973,-2e-05,0.0,-1e-05,0.00012,1e-05,-2e-05,-1e-05,-1e-05,0
34974,-2e-05,0.0,-1e-05,0.00012,1e-05,-2e-05,-1e-05,-1e-05,0
34975,-2e-05,0.0,-1e-05,0.00012,1e-05,-2e-05,-1e-05,-1e-05,0
34976,-2e-05,0.0,-1e-05,0.00012,1e-05,-2e-05,-1e-05,-1e-05,0
34977,-2e-05,0.0,-1e-05,0.00012,1e-05,-2e-05,-1e-05,-1e-05,0
34978,-2e-05,0.0,-1e-05,0.00012,1e-05,-2e-05,-1e-05,-1e-05,0
34979,-2e-05,0.0,-1e-05,0.00012,1e-05,-2e-05,-1e-05,-1e-05,0
34980,-2e-05,0.0,-1e-05,0.00012,1e-05,-2e-05,-1e-05,-1e-05,0
34981,-2e-05,0.0,-1e-05,0.00012,1e-05,-2e-05,-1e-05,-1e-05,0
34982,-2e-05,0.0,-1e-05,0.00012,1e-05,-2e-05,-1e-05,-1e-05,0
34983,3e-05,0.0,-1e-05,6e-05,1e-05,0.0,-2e-05,-1e-05,0
34984,-1e-05,2e-05,1e-05,-2e-05,-2e-05,-2e-05,0.0,-1e-05,0
34985,-1e-05,2e-05,1e-05,-2e-05,-2e-05,-2e-05,0.0,-1e-05,0
34986,-1e-05,2e-05,1e-05,-2e-05,-2e-05,-2e-05,0.0,-1e-05,0
34989,-1e-05,2e-05,1e-05,-2e-05,-2e-05,-2e-05,0.0,-1e-05,0
34990,-1e-05,2e-05,1e-05,-2e-05,-2e-05,-2e-05,0.0,-1e-05,0
34991,-1e-05,2e-05,1e-05,-2e-05,-2e-05,-2e-05,0.0,-1e-05,0
34992,-1e-05,2e-05,1e-05,-2e-05,-2e-05,-2e-05,0.0,-1e-05,0
34993,-1e-05,2e-05,1e-05,-2e-05,-2e-05,-2e-05,0.0,-1e-05,0
34994,-1e-05,2e-05,1e-05,-2e-05,-2e-05,-2e-05,0.0,-1e-05,0
34995,-1e-05,2e-05,1e-05,-2e-05,-2e-05,-2e-05,0.0,-1e-05,0
34996,-1e-05,2e-05,1e-05,-2e-05,-2e-05,-2e-05,0.0,-1e-05,0
34997,-1e-05,2e-05,1e-05,-2e-05,-2e-05,-2e-05,0.0,-1e-05,0
34998,-1e-05,2e-05,1e-05,-2e-05,-2e-05,-2e-05,0.0,-1e-05,0
34999,-1e-05,2e-05,1e-05,-2e-05,-2e-05,-2e-05,0.0,-1e-05,0
35000,-1e-05,2e-05,1e-05,-2e-05,-2e-05,-2e-05,0.0,-1e-05,0
35001,-1e-05,2e-05,1e-05,-2e-05,-2e-05,-2e-05,0.0,-1e-05,0
35002,-1e-05,2e-05,1e-05,-2e-05,-2e-05,-2e-05,0.0,-1e-05,0
35003,-1e-05,2e-05,1e-05,-2e-05,-2e-05,-2e-05,0.0,-1e-05,0
35004,-1e-05,2e-05,1e-05,-2e-05,-2e-05,-2e-05,0.0,-1e-05,0
35005,-8e-05,-9e-05,-0.00014,-0.00016,-4e-05,0.0,-1e-05,-1e-05,0
35006,0.0,-1e-05,-4e-05,-8e-05,-2e-05,-1e-05,0.0,0.0,0
35007,0.0,-1e-05,-4e-05,-8e-05,-2e-05,-1e-05,0.0,0.0,0
35008,0.0,-1e-05,-4e-05,-8e-05,-2e-05,-1e-05,0.0,0.0,0
35009,0.0,-1e-05,-4e-05,-8e-05,-2e-05,-1e-05,0.0,0.0,0
35010,0.0,-1e-05,-4e-05,-8e-05,-2e-05,-1e-05,0.0,0.0,0
35011,0.0,-1e-05,-4e-05,-8e-05,-2e-05,-1e-05,0.0,0.0,0
35012,0.0,-1e-05,-4e-05,-8e-05,-2e-05,-1e-05,0.0,0.0,0
35013,0.0,-1e-05,-4e-05,-8e-05,-2e-05,-1e-05,0.0,0.0,0
35014,0.0,-1e-05,-4e-05,-8e-05,-2e-05,-1e-05,0.0,0.0,0
35015,0.0,-1e-05,-4e-05,-8e-05,-2e-05,-1e-05,0.0,0.0,0
35016,0.0,-1e-05,-4e-05,-8e-05,-2e-05,-1e-05,0.0,0.0,0
35017,0.0,-1e-05,-4e-05,-8e-05,-2e-05,-1e-05,0.0,0.0,0
35018,0.0,-1e-05,-4e-05,-8e-05,-2e-05,-1e-05,0.0,0.0,0
35019,0.0,-1e-05,-4e-05,-8e-05,-2e-05,-1e-05,0.0,0.0,0
35020,0.0,-1e-05,-4e-05,-8e-05,-2e-05,-1e-05,0.0,0.0,0
35021,-6e-05,-8e-05,-7e-05,-0.0001,-5e-05,-2e-05,1e-05,0.0,0
35022,-6e-05,-8e-05,-7e-05,-0.0001,-5e-05,-2e-05,1e-05,0.0,0
35023,-6e-05,-8e-05,-7e-05,-0.0001,-5e-05,-2e-05,1e-05,0.0,0
35024,-6e-05,-8e-05,-7e-05,-0.0001,-5e-05,-2e-05,1e-05,0.0,0
35025,-6e-05,-8e-05,-7e-05,-0.0001,-5e-05,-2e-05,1e-05,0.0,0
35026,-6e-05,-8e-05,-7e-05,-0.0001,-5e-05,-2e-05,1e-05,0.0,0
35027,-6e-05,-8e-05,-7e-05,-0.0001,-5e-05,-2e-05,1e-05,0.0,0
35028,-6e-05,-8e-05,-7e-05,-0.0001,-5e-05,-2e-05,1e-05,0.0,0
35029,-6e-05,-8e-05,-7e-05,-0.0001,-5e-05,-2e-05,1e-05,0.0,0
35030,-6e-05,-8e-05,-7e-05,-0.0001,-5e-05,-2e-05,1e-05,0.0,0
35031,-6e-05,-8e-05,-7e-05,-0.0001,-5e-05,-2e-05,1e-05,0.0,0
35033,-6e-05,-8e-05,-7e-05,-0.0001,-5e-05,-2e-05,1e-05,0.0,0
35034,-6e-05,-8e-05,-7e-05,-0.0001,-5e-05,-2e-05,1e-05,0.0,0
35035,-6e-05,-8e-05,-7e-05,-0.0001,-5e-05,-2e-05,1e-05,0.0,0
35037,-6e-05,-8e-05,-7e-05,-0.0001,-5e-05,-2e-05,1e-05,0.0,0
35039,-6e-05,-8e-05,-7e-05,-0.0001,-5e-05,-2e-05,1e-05,0.0,0
35040,-6e-05,-8e-05,-7e-05,-0.0001,-5e-05,-2e-05,1e-05,0.0,0
35041,-6e-05,-8e-05,-7e-05,-0.0001,-5e-05,-2e-05,1e-05,0.0,0
35042,-6e-05,-8e-05,-7e-05,-0.0001,-5e-05,-2e-05,1e-05,0.0,0
35043,-1e-05,1e-05,1e-05,-2e-05,1e-05,0.0,-2e-05,-1e-05,0
35044,2e-05,1e-05,2e-05,-2e-05,-1e-05,-1e-05,-1e-05,1e-05,0
35045,2e-05,1e-05,2e-05,-2e-05,-1e-05,-1e-05,-1e-05,1e-05,0
35046,2e-05,1e-05,2e-05,-2e-05,-1e-05,-1e-05,-1e-05,1e-05,0
35047,2e-05,1e-05,2e-05,-2e-05,-1e-05,-1e-05,-1e-05,1e-05,0
35048,2e-05,1e-05,2e-05,-2e-05,-1e-05,-1e-05,-1e-05,1e-05,0
35049,2e-05,1e-05,2e-05,-2e-05,-1e-05,-1e-05,-1e-05,1e-05,0
35050,2e-05,1e-05,2e-05,-2e-05,-1e-05,-1e-05,-1e-05,1e-05,0
35051,2e-05,1e-05,2e-05,-2e-05,-1e-05,-1e-05,-1e-05,1e-05,0
35052,2e-05,1e-05,2e-05,-2e-05,-1e-05,-1e-05,-1e-05,1e-05,0
35053,2e-05,1e-05,2e-05,-2e-05,-1e-05,-1e-05,-1e-05,1e-05,0
35054,2e-05,1e-05,2e-05,-2e-05,-1e-05,-1e-05,-1e-05,1e-05,0
35055,2e-05,1e-05,2e-05,-2e-05,-1e-05,-1e-05,-1e-05,1e-05,0
35056,2e-05,1e-05,2e-05,-2e-05,-1e-05,-1e-05,-1e-05,1e-05,0
35057,2e-05,1e-05,2e-05,-2e-05,-1e-05,-1e-05,-1e-05,1e-05,0
35058,2e-05,1e-05,2e-05,-2e-05,-1e-05,-1e-05,-1e-05,1e-05,0
35059,2e-05,1e-05,2e-05,-2e-05,-1e-05,-1e-05,-1e-05,1e-05,0
35060,2e-05,1e-05,2e-05,-2e-05,-1e-05,-1e-05,-1e-05,1e-05,0
35061,2e-05,1e-05,2e-05,-2e-05,-1e-05,-1e-05,-1e-05,1e-05,0
35062,2e-05,1e-05,2e-05,-2e-05,-1e-05,-1e-05,-1e-05,1e-05,0
35063,2e-05,1e-05,2e-05,-2e-05,-1e-05,-1e-05,-1e-05,1e-05,0
35064,2e-05,1e-05,2e-05,-2e-05,-1e-05,-1e-05,-1e-05,1e-05,0
35065,-1e-05,-2e-05,0.0,-1e-05,-3e-05,-1e-05,0.0,1e-05,0
35066,-1e-05,-1e-05,-1e-05,2e-05,1e-05,-1e-05,-1e-05,-1e-05,0
35067,-1e-05,-1e-05,-1e-05,2e-05,1e-05,-1e-05,-1e-05,-1e-05,0
35068,-1e-05,-1e-05,-1e-05,2e-05,1e-05,-1e-05,-1e-05,-1e-05,0
35069,-1e-05,-1e-05,-1e-05,2e-05,1e-05,-1e-05,-1e-05,-1e-05,0
35070,-1e-05,-1e-05,-1e-05,2e-05,1e-05,-1e-05,-1e-05,-1e-05,0
35071,-1e-05,-1e-05,-1e-05,2e-05,1e-05,-1e-05,-1e-05,-1e-05,0
35072,-1e-05,-1e-05,-1e-05,2e-05,1e-05,-1e-05,-1e-05,-1e-05,0
35073,-1e-05,-1e-05,-1e-05,2e-05,1e-05,-1e-05,-1e-05,-1e-05,0
35074,-1e-05,-1e-05,-1e-05,2e-05,1e-05,-1e-05,-1e-05,-1e-05,0
35075,-1e-05,-1e-05,-1e-05,2e-05,1e-05,-1e-05,-1e-05,-1e-05,0
35076,-1e-05,-1e-05,-1e-05,2e-05,1e-05,-1e-05,-1e-05,-1e-05,0
35077,-1e-05,-1e-05,-1e-05,2e-05,1e-05,-1e-05,-1e-05,-1e-05,0
35078,-1e-05,-1e-05,-1e-05,2e-05,1e-05,-1e-05,-1e-05,-1e-05,0
35079,0.0,0.0,-2e-05,-5e-05,-2e-05,1e-05,-2e-05,-1e-05,0
35080,-2e-05,-2e-05,0.0,2e-05,2e-05,0.0,-2e-05,0.0,0
35081,-2e-05,-2e-05,0.0,2e-05,2e-05,0.0,-2e-05,0.0,0
35082,-2e-05,-2e-05,0.0,2e-05,2e-05,0.0,-2e-05,0.0,0
35083,-2e-05,-2e-05,0.0,2e-05,2e-05,0.0,-2e-05,0.0,0
35084,-2e-05,-2e-05,0.0,2e-05,2e-05,0.0,-2e-05,0.0,0
35085,-2e-05,-2e-05,0.0,2e-05,2e-05,0.0,-2e-05,0.0,0
35086,-2e-05,-2e-05,0.0,2e-05,2e-05,0.0,-2e-05,0.0,0
35088,-2e-05,-2e-05,0.0,2e-05,2e-05,0.0,-2e-05,0.0,0
35089,-2e-05,-2e-05,0.0,2e-05,2e-05,0.0,-2e-05,0.0,0
35090,-2e-05,-2e-05,0.0,2e-05,2e-05,0.0,-2e-05,0.0,0
35091,-2e-05,-2e-05,0.0,2e-05,2e-05,0.0,-2e-05,0.0,0
35092,-2e-05,-2e-05,0.0,2e-05,2e-05,0.0,-2e-05,0.0,0
35093,-2e-05,-2e-05,0.0,2e-05,2e-05,0.0,-2e-05,0.0,0
35094,-2e-05,-2e-05,0.0,2e-05,2e-05,0.0,-2e-05,0.0,0
35095,-2e-05,-2e-05,0.0,2e-05,2e-05,0.0,-2e-05,0.0,0
35096,-2e-05,-2e-05,0.0,2e-05,2e-05,0.0,-2e-05,0.0,0
35097,-2e-05,-2e-05,0.0,2e-05,2e-05,0.0,-2e-05,0.0,0
35098,-2e-05,-2e-05,0.0,2e-05,2e-05,0.0,-2e-05,0.0,0
35099,-2e-05,-2e-05,0.0,2e-05,2e-05,0.0,-2e-05,0.0,0
35100,-2e-05,-2e-05,0.0,2e-05,2e-05,0.0,-2e-05,0.0,0
35101,-2e-05,-2e-05,0.0,2e-05,2e-05,0.0,-2e-05,0.0,0
35102,-2e-05,-2e-05,0.0,2e-05,2e-05,0.0,-2e-05,0.0,0
35103,-1e-05,-2e-05,-3e-05,-9e-05,-2e-05,-1e-05,-2e-05,2e-05,0
35104,-1e-05,-1e-05,-1e-05,-3e-05,-5e-05,-1e-05,1e-05,-1e-05,0
35105,-1e-05,-1e-05,-1e-05,-3e-05,-5e-05,-1e-05,1e-05,-1e-05,0
35106,-1e-05,-1e-05,-1e-05,-3e-05,-5e-05,-1e-05,1e-05,-1e-05,0
35107,-1e-05,-1e-05,-1e-05,-3e-05,-5e-05,-1e-05,1e-05,-1e-05,0
35108,-1e-05,-1e-05,-1e-05,-3e-05,-5e-05,-1e-05,1e-05,-1e-05,0
35109,-1e-05,-1e-05,-1e-05,-3e-05,-5e-05,-1e-05,1e-05,-1e-05,0
35110,-1e-05,-1e-05,-1e-05,-3e-05,-5e-05,-1e-05,1e-05,-1e-05,0
35111,-1e-05,-1e-05,-1e-05,-3e-05,-5e-05,-1e-05,1e-05,-1e-05,0
35112,-1e-05,-1e-05,-1e-05,-3e-05,-5e-05,-1e-05,1e-05,-1e-05,0
35113,-1e-05,-1e-05,-1e-05,-3e-05,-5e-05,-1e-05,1e-05,-1e-05,0
35114,-1e-05,-1e-05,-1e-05,-3e-05,-5e-05,-1e-05,1e-05,-1e-05,0
35115,-1e-05,-1e-05,-1e-05,-3e-05,-5e-05,-1e-05,1e-05,-1e-05,0
35116,-1e-05,-1e-05,-1e-05,-3e-05,-5e-05,-1e-05,1e-05,-1e-05,0
35117,-1e-05,-1e-05,-1e-05,-3e-05,-5e-05,-1e-05,1e-05,-1e-05,0
35118,-1e-05,-1e-05,-1e-05,-3e-05,-5e-05,-1e-05,1e-05,-1e-05,0
35119,-1e-05,-1e-05,-1e-05,-3e-05,-5e-05,-1e-05,1e-05,-1e-05,0
35120,-1e-05,-1e-05,-1e-05,-3e-05,-5e-05,-1e-05,1e-05,-1e-05,0
35121,-1e-05,-1e-05,-1e-05,-3e-05,-5e-05,-1e-05,1e-05,-1e-05,0
35122,-1e-05,-1e-05,-1e-05,-3e-05,-5e-05,-1e-05,1e-05,-1e-05,0
35123,-1e-05,-1e-05,-1e-05,-3e-05,-5e-05,-1e-05,1e-05,-1e-05,0
35124,-1e-05,-1e-05,-1e-05,-3e-05,-5e-05,-1e-05,1e-05,-1e-05,0
35125,-1e-05,1e-05,5e-05,0.00023,5e-05,0.0,-1e-05,-2e-05,0
35126,-1e-05,-1e-05,-1e-05,-3e-05,2e-05,1e-05,-2e-05,0.0,0
35127,-1e-05,-1e-05,-1e-05,-3e-05,2e-05,1e-05,-2e-05,0.0,0
35128,-1e-05,-1e-05,-1e-05,-3e-05,2e-05,1e-05,-2e-05,0.0,0
35129,-1e-05,-1e-05,-1e-05,-3e-05,2e-05,1e-05,-2e-05,0.0,0
35130,-1e-05,-1e-05,-1e-05,-3e-05,2e-05,1e-05,-2e-05,0.0,0
35131,-1e-05,-1e-05,-1e-05,-3e-05,2e-05,1e-05,-2e-05,0.0,0
35132,-1e-05,-1e-05,-1e-05,-3e-05,2e-05,1e-05,-2e-05,0.0,0
35133,-1e-05,-1e-05,-1e-05,-3e-05,2e-05,1e-05,-2e-05,0.0,0
35134,-1e-05,-1e-05,-1e-05,-3e-05,2e-05,1e-05,-2e-05,0.0,0
35135,-1e-05,-1e-05,-1e-05,-3e-05,2e-05,1e-05,-2e-05,0.0,0
35136,-1e-05,-1e-05,-1e-05,-3e-05,2e-05,1e-05,-2e-05,0.0,0
35138,-1e-05,-1e-05,-1e-05,-3e-05,2e-05,1e-05,-2e-05,0.0,0
35139,-1e-05,-1e-05,-1e-05,-3e-05,2e-05,1e-05,-2e-05,0.0,0
35140,-1e-05,-1e-05,-1e-05,-3e-05,2e-05,1e-05,-2e-05,0.0,0
35141,-1e-05,-1e-05,-1e-05,-3e-05,2e-05,1e-05,-2e-05,0.0,0
35142,-1e-05,-1e-05,-1e-05,-3e-05,2e-05,1e-05,-2e-05,0.0,0
35143,-1e-05,-1e-05,-1e-05,-3e-05,2e-05,1e-05,-2e-05,0.0,0
35144,-1e-05,-1e-05,-1e-05,-3e-05,2e-05,1e-05,-2e-05,0.0,0
35145,-1e-05,-1e-05,-1e-05,-3e-05,2e-05,1e-05,-2e-05,0.0,0
35146,-1e-05,-1e-05,-1e-05,-3e-05,2e-05,1e-05,-2e-05,0.0,0
35147,-1e-05,-2e-05,-3e-05,-9e-05,-4e-05,0.0,0.0,-1e-05,0
35148,-1e-05,-2e-05,-3e-05,-9e-05,-4e-05,0.0,0.0,-1e-05,0
35149,-1e-05,-2e-05,-3e-05,-9e-05,-4e-05,0.0,0.0,-1e-05,0
35150,-1e-05,-2e-05,-3e-05,-9e-05,-4e-05,0.0,0.0,-1e-05,0
35151,-1e-05,-2e-05,-3e-05,-9e-05,-4e-05,0.0,0.0,-1e-05,0
35152,-1e-05,-2e-05,-3e-05,-9e-05,-4e-05,0.0,0.0,-1e-05,0
35153,-1e-05,-2e-05,-3e-05,-9e-05,-4e-05,0.0,0.0,-1e-05,0
35154,-2e-05,1e-05,5e-05,4e-05,-1e-05,-1e-05,-1e-05,0.0,0
35155,-1e-05,-2e-05,-2e-05,-2e-05,-2e-05,-1e-05,-1e-05,-1e-05,0
35156,-1e-05,-2e-05,-2e-05,-2e-05,-2e-05,-1e-05,-1e-05,-1e-05,0
35157,-1e-05,-2e-05,-2e-05,-2e-05,-2e-05,-1e-05,-1e-05,-1e-05,0
35158,-1e-05,-2e-05,-2e-05,-2e-05,-2e-05,-1e-05,-1e-05,-1e-05,0
35159,-1e-05,-2e-05,-2e-05,-2e-05,-2e-05,-1e-05,-1e-05,-1e-05,0
35160,-1e-05,-2e-05,-2e-05,-2e-05,-2e-05,-1e-05,-1e-05,-1e-05,0
35161,-1e-05,-2e-05,-2e-05,-2e-05,-2e-05,-1e-05,-1e-05,-1e-05,0
35162,-1e-05,-2e-05,-2e-05,-2e-05,-2e-05,-1e-05,-1e-05,-1e-05,0
35163,0.0,0.0,1e-05,1e-05,1e-05,-1e-05,-1e-05,0.0,0
35164,1e-05,2e-05,4e-05,-1e-05,-1e-05,-1e-05,1e-05,-1e-05,0
35166,1e-05,2e-05,4e-05,-1e-05,-1e-05,-1e-05,1e-05,-1e-05,0
35167,1e-05,2e-05,4e-05,-1e-05,-1e-05,-1e-05,1e-05,-1e-05,0
35168,1e-05,2e-05,4e-05,-1e-05,-1e-05,-1e-05,1e-05,-1e-05,0
35169,1e-05,2e-05,4e-05,-1e-05,-1e-05,-1e-05,1e-05,-1e-05,0
35170,1e-05,2e-05,4e-05,-1e-05,-1e-05,-1e-05,1e-05,-1e-05,0
35171,1e-05,2e-05,4e-05,-1e-05,-1e-05,-1e-05,1e-05,-1e-05,0
35172,1e-05,2e-05,4e-05,-1e-05,-1e-05,-1e-05,1e-05,-1e-05,0
35173,1e-05,2e-05,4e-05,-1e-05,-1e-05,-1e-05,1e-05,-1e-05,0
35174,1e-05,2e-05,4e-05,-1e-05,-1e-05,-1e-05,1e-05,-1e-05,0
35175,1e-05,2e-05,4e-05,-1e-05,-1e-05,-1e-05,1e-05,-1e-05,0
35176,1e-05,2e-05,4e-05,-1e-05,-1e-05,-1e-05,1e-05,-1e-05,0
35177,1e-05,2e-05,4e-05,-1e-05,-1e-05,-1e-05,1e-05,-1e-05,0
35178,1e-05,2e-05,4e-05,-1e-05,-1e-05,-1e-05,1e-05,-1e-05,0
35179,1e-05,2e-05,4e-05,-1e-05,-1e-05,-1e-05,1e-05,-1e-05,0
35180,1e-05,2e-05,4e-05,-1e-05,-1e-05,-1e-05,1e-05,-1e-05,0
35181,1e-05,2e-05,4e-05,-1e-05,-1e-05,-1e-05,1e-05,-1e-05,0
35182,1e-05,2e-05,4e-05,-1e-05,-1e-05,-1e-05,1e-05,-1e-05,0
35183,1e-05,2e-05,4e-05,-1e-05,-1e-05,-1e-05,1e-05,-1e-05,0
35184,1e-05,2e-05,4e-05,-1e-05,-1e-05,-1e-05,1e-05,-1e-05,0
35185,1e-05,2e-05,4e-05,-1e-05,-1e-05,-1e-05,1e-05,-1e-05,0
35186,1e-05,2e-05,4e-05,-1e-05,-1e-05,-1e-05,1e-05,-1e-05,0
35188,1e-05,2e-05,4e-05,-1e-05,-1e-05,-1e-05,1e-05,-1e-05,0
35189,1e-05,2e-05,4e-05,-1e-05,-1e-05,-1e-05,1e-05,-1e-05,0
35190,1e-05,2e-05,4e-05,-1e-05,-1e-05,-1e-05,1e-05,-1e-05,0
35191,1e-05,2e-05,4e-05,-1e-05,-1e-05,-1e-05,1e-05,-1e-05,0
35192,1e-05,2e-05,4e-05,-1e-05,-1e-05,-1e-05,1e-05,-1e-05,0
35193,-6e-05,-7e-05,-5e-05,-0.00012,-2e-05,-2e-05,-1e-05,1e-05,0
35194,1e-05,0.0,3e-05,0.00016,1e-05,-1e-05,-2e-05,-2e-05,0
35195,1e-05,0.0,3e-05,0.00016,1e-05,-1e-05,-2e-05,-2e-05,0
35196,1e-05,0.0,3e-05,0.00016,1e-05,-1e-05,-2e-05,-2e-05,0
35197,1e-05,0.0,3e-05,0.00016,1e-05,-1e-05,-2e-05,-2e-05,0
35198,1e-05,0.0,3e-05,0.00016,1e-05,-1e-05,-2e-05,-2e-05,0
35199,-2e-05,2e-05,1e-05,-5e-05,-2e-05,-1e-05,1e-05,-1e-05,0
35200,-2e-05,-4e-05,-3e-05,-7e-05,-1e-05,-2e-05,-3e-05,-2e-05,0
35201,-2e-05,-4e-05,-3e-05,-7e-05,-1e-05,-2e-05,-3e-05,-2e-05,0
35202,-2e-05,-4e-05,-3e-05,-7e-05,-1e-05,-2e-05,-3e-05,-2e-05,0
35203,-2e-05,-4e-05,-3e-05,-7e-05,-1e-05,-2e-05,-3e-05,-2e-05,0
35204,-2e-05,-4e-05,-3e-05,-7e-05,-1e-05,-2e-05,-3e-05,-2e-05,0
35205,-2e-05,-4e-05,-3e-05,-7e-05,-1e-05,-2e-05,-3e-05,-2e-05,0
35206,-2e-05,-4e-05,-3e-05,-7e-05,-1e-05,-2e-05,-3e-05,-2e-05,0
35207,-2e-05,-4e-05,-3e-05,-7e-05,-1e-05,-2e-05,-3e-05,-2e-05,0
35208,-2e-05,-4e-05,-3e-05,-7e-05,-1e-05,-2e-05,-3e-05,-2e-05,0
35209,-2e-05,-4e-05,-3e-05,-7e-05,-1e-05,-2e-05,-3e-05,-2e-05,0
35210,-2e-05,-4e-05,-3e-05,-7e-05,-1e-05,-2e-05,-3e-05,-2e-05,0
35211,-2e-05,-4e-05,-3e-05,-7e-05,-1e-05,-2e-05,-3e-05,-2e-05,0
35212,-2e-05,-4e-05,-3e-05,-7e-05,-1e-05,-2e-05,-3e-05,-2e-05,0
35213,-2e-05,-4e-05,-3e-05,-7e-05,-1e-05,-2e-05,-3e-05,-2e-05,0
35214,-2e-05,-4e-05,-3e-05,-7e-05,-1e-05,-2e-05,-3e-05,-2e-05,0
35215,-2e-05,-4e-05,-3e-05,-7e-05,-1e-05,-2e-05,-3e-05,-2e-05,0
35216,-2e-05,-4e-05,-3e-05,-7e-05,-1e-05,-2e-05,-3e-05,-2e-05,0
35217,-2e-05,-4e-05,-3e-05,-7e-05,-1e-05,-2e-05,-3e-05,-2e-05,0
35218,-2e-05,-4e-05,-3e-05,-7e-05,-1e-05,-2e-05,-3e-05,-2e-05,0
35219,-2e-05,-4e-05,-3e-05,-7e-05,-1e-05,-2e-05,-3e-05,-2e-05,0
35220,-2e-05,-4e-05,-3e-05,-7e-05,-1e-05,-2e-05,-3e-05,-2e-05,0
35221,-2e-05,-4e-05,-3e-05,-7e-05,-1e-05,-2e-05,-3e-05,-2e-05,0
35222,-2e-05,-4e-05,-3e-05,-7e-05,-1e-05,-2e-05,-3e-05,-2e-05,0
35223,-2e-05,-3e-05,-3e-05,-9e-05,-4e-05,0.0,1e-05,-2e-05,0
35224,0.0,2e-05,0.0,9e-05,2e-05,0.0,-1e-05,-3e-05,0
35225,0.0,2e-05,0.0,9e-05,2e-05,0.0,-1e-05,-3e-05,0
35226,0.0,2e-05,0.0,9e-05,2e-05,0.0,-1e-05,-3e-05,0
35227,0.0,2e-05,0.0,9e-05,2e-05,0.0,-1e-05,-3e-05,0
35228,0.0,2e-05,0.0,9e-05,2e-05,0.0,-1e-05,-3e-05,0
35229,0.0,2e-05,0.0,9e-05,2e-05,0.0,-1e-05,-3e-05,0
35230,0.0,2e-05,0.0,9e-05,2e-05,0.0,-1e-05,-3e-05,0
35231,0.0,2e-05,0.0,9e-05,2e-05,0.0,-1e-05,-3e-05,0
35232,0.0,2e-05,0.0,9e-05,2e-05,0.0,-1e-05,-3e-05,0
35233,0.0,2e-05,0.0,9e-05,2e-05,0.0,-1e-05,-3e-05,0
35234,0.0,2e-05,0.0,9e-05,2e-05,0.0,-1e-05,-3e-05,0
35235,0.0,2e-05,0.0,9e-05,2e-05,0.0,-1e-05,-3e-05,0
35237,0.0,2e-05,0.0,9e-05,2e-05,0.0,-1e-05,-3e-05,0
35239,0.0,2e-05,0.0,9e-05,2e-05,0.0,-1e-05,-3e-05,0
35240,0.0,2e-05,0.0,9e-05,2e-05,0.0,-1e-05,-3e-05,0
35241,0.0,2e-05,0.0,9e-05,2e-05,0.0,-1e-05,-3e-05,0
35242,0.0,2e-05,0.0,9e-05,2e-05,0.0,-1e-05,-3e-05,0
35243,0.0,2e-05,0.0,9e-05,2e-05,0.0,-1e-05,-3e-05,0
35244,0.0,2e-05,0.0,9e-05,2e-05,0.0,-1e-05,-3e-05,0
35245,1e-05,-1e-05,2e-05,-1e-05,0.0,0.0,-1e-05,0.0,0
35246,-2e-05,-6e-05,-0.0001,-9e-05,-4e-05,-2e-05,1e-05,-2e-05,0
35247,-2e-05,-6e-05,-0.0001,-9e-05,-4e-05,-2e-05,1e-05,-2e-05,0
35248,-2e-05,-6e-05,-0.0001,-9e-05,-4e-05,-2e-05,1e-05,-2e-05,0
35249,-2e-05,-6e-05,-0.0001,-9e-05,-4e-05,-2e-05,1e-05,-2e-05,0
35250,-2e-05,-6e-05,-0.0001,-9e-05,-4e-05,-2e-05,1e-05,-2e-05,0
35251,-2e-05,-6e-05,-0.0001,-9e-05,-4e-05,-2e-05,1e-05,-2e-05,0
35252,-2e-05,-6e-05,-0.0001,-9e-05,-4e-05,-2e-05,1e-05,-2e-05,0
35253,-2e-05,-6e-05,-0.0001,-9e-05,-4e-05,-2e-05,1e-05,-2e-05,0
35254,-2e-05,-6e-05,-0.0001,-9e-05,-4e-05,-2e-05,1e-05,-2e-05,0
35255,-2e-05,-6e-05,-0.0001,-9e-05,-4e-05,-2e-05,1e-05,-2e-05,0
35256,-2e-05,-6e-05,-0.0001,-9e-05,-4e-05,-2e-05,1e-05,-2e-05,0
35257,-2e-05,-6e-05,-0.0001,-9e-05,-4e-05,-2e-05,1e-05,-2e-05,0
35258,-2e-05,-6e-05,-0.0001,-9e-05,-4e-05,-2e-05,1e-05,-2e-05,0
35259,-2e-05,-6e-05,-0.0001,-9e-05,-4e-05,-2e-05,1e-05,-2e-05,0
35260,-1e-05,0.0,1e-05,3e-05,-3e-05,0.0,0.0,-1e-05,0
35261,1e-05,1e-05,-1e-05,-6e-05,-3e-05,-2e-05,-1e-05,0.0,0
35262,1e-05,1e-05,-1e-05,-6e-05,-3e-05,-2e-05,-1e-05,0.0,0
35263,1e-05,1e-05,-1e-05,-6e-05,-3e-05,-2e-05,-1e-05,0.0,0
35264,1e-05,1e-05,-1e-05,-6e-05,-3e-05,-2e-05,-1e-05,0.0,0
35265,1e-05,1e-05,-1e-05,-6e-05,-3e-05,-2e-05,-1e-05,0.0,0
35266,1e-05,1e-05,-1e-05,-6e-05,-3e-05,-2e-05,-1e-05,0.0,0
35267,1e-05,1e-05,-1e-05,-6e-05,-3e-05,-2e-05,-1e-05,0.0,0
35268,1e-05,1e-05,-1e-05,-6e-05,-3e-05,-2e-05,-1e-05,0.0,0
35269,1e-05,1e-05,-1e-05,-6e-05,-3e-05,-2e-05,-1e-05,0.0,0
35270,1e-05,1e-05,-1e-05,-6e-05,-3e-05,-2e-05,-1e-05,0.0,0
35271,1e-05,1e-05,-1e-05,-6e-05,-3e-05,-2e-05,-1e-05,0.0,0
35272,1e-05,1e-05,-1e-05,-6e-05,-3e-05,-2e-05,-1e-05,0.0,0
35273,1e-05,1e-05,-1e-05,-6e-05,-3e-05,-2e-05,-1e-05,0.0,0
35274,1e-05,1e-05,-1e-05,-6e-05,-3e-05,-2e-05,-1e-05,0.0,0
35275,1e-05,1e-05,-1e-05,-6e-05,-3e-05,-2e-05,-1e-05,0.0,0
35276,1e-05,1e-05,-1e-05,-6e-05,-3e-05,-2e-05,-1e-05,0.0,0
35277,1e-05,1e-05,-1e-05,-6e-05,-3e-05,-2e-05,-1e-05,0.0,0
35278,1e-05,1e-05,-1e-05,-6e-05,-3e-05,-2e-05,-1e-05,0.0,0
35279,1e-05,1e-05,-1e-05,-6e-05,-3e-05,-2e-05,-1e-05,0.0,0
35280,1e-05,1e-05,-1e-05,-6e-05,-3e-05,-2e-05,-1e-05,0.0,0
35281,1e-05,1e-05,-1e-05,-6e-05,-3e-05,-2e-05,-1e-05,0.0,0
35282,1e-05,1e-05,-1e-05,-6e-05,-3e-05,-2e-05,-1e-05,0.0,0
35283,-2e-05,0.0,-2e-05,-5e-05,-2e-05,-2e-05,0.0,0.0,0
35284,-2e-05,0.0,-2e-05,-5e-05,-2e-05,-2e-05,0.0,0.0,0
35285,-2e-05,0.0,-2e-05,-5e-05,-2e-05,-2e-05,0.0,0.0,0
35286,-2e-05,0.0,-2e-05,-5e-05,-2e-05,-2e-05,0.0,0.0,0
35288,-2e-05,0.0,-2e-05,-5e-05,-2e-05,-2e-05,0.0,0.0,0
35289,-2e-05,0.0,-2e-05,-5e-05,-2e-05,-2e-05,0.0,0.0,0
35290,-2e-05,0.0,-2e-05,-5e-05,-2e-05,-2e-05,0.0,0.0,0
35291,-2e-05,0.0,-2e-05,-5e-05,-2e-05,-2e-05,0.0,0.0,0
35292,-2e-05,0.0,-2e-05,-5e-05,-2e-05,-2e-05,0.0,0.0,0
35293,-2e-05,0.0,-2e-05,-5e-05,-2e-05,-2e-05,0.0,0.0,0
35294,-2e-05,0.0,-2e-05,-5e-05,-2e-05,-2e-05,0.0,0.0,0
35295,-2e-05,0.0,-2e-05,-5e-05,-2e-05,-2e-05,0.0,0.0,0
35296,-2e-05,0.0,-2e-05,-5e-05,-2e-05,-2e-05,0.0,0.0,0
35297,-2e-05,0.0,-2e-05,-5e-05,-2e-05,-2e-05,0.0,0.0,0
35298,-2e-05,0.0,-2e-05,-5e-05,-2e-05,-2e-05,0.0,0.0,0
35299,-2e-05,0.0,-2e-05,-5e-05,-2e-05,-2e-05,0.0,0.0,0
35300,-2e-05,0.0,-2e-05,-5e-05,-2e-05,-2e-05,0.0,0.0,0
35301,-2e-05,0.0,-2e-05,-5e-05,-2e-05,-2e-05,0.0,0.0,0
35302,-2e-05,0.0,-2e-05,-5e-05,-2e-05,-2e-05,0.0,0.0,0
35303,-2e-05,0.0,-2e-05,-5e-05,-2e-05,-2e-05,0.0,0.0,0
35304,-2e-05,0.0,-2e-05,-5e-05,-2e-05,-2e-05,0.0,0.0,0
35305,-2e-05,0.0,-2e-05,-5e-05,-2e-05,-2e-05,0.0,0.0,0
35306,1e-05,2e-05,1e-05,-5e-05,-1e-05,-1e-05,-1e-05,1e-05,0
35307,0.0,-1e-05,-4e-05,3e-05,1e-05,-2e-05,-2e-05,-2e-05,0
35308,0.0,-1e-05,-4e-05,3e-05,1e-05,-2e-05,-2e-05,-2e-05,0
35309,0.0,-1e-05,-4e-05,3e-05,1e-05,-2e-05,-2e-05,-2e-05,0
35310,0.0,-1e-05,-4e-05,3e-05,1e-05,-2e-05,-2e-05,-2e-05,0
35311,0.0,-1e-05,-4e-05,3e-05,1e-05,-2e-05,-2e-05,-2e-05,0
35312,0.0,-1e-05,-4e-05,3e-05,1e-05,-2e-05,-2e-05,-2e-05,0
35313,0.0,-1e-05,-4e-05,3e-05,1e-05,-2e-05,-2e-05,-2e-05,0
35314,0.0,-1e-05,-4e-05,3e-05,1e-05,-2e-05,-2e-05,-2e-05,0
35315,0.0,-1e-05,-4e-05,3e-05,1e-05,-2e-05,-2e-05,-2e-05,0
35316,0.0,-1e-05,-4e-05,3e-05,1e-05,-2e-05,-2e-05,-2e-05,0
35317,0.0,-1e-05,-4e-05,3e-05,1e-05,-2e-05,-2e-05,-2e-05,0
35318,0.0,-1e-05,-4e-05,3e-05,1e-05,-2e-05,-2e-05,-2e-05,0
35319,0.0,-1e-05,-3e-05,-4e-05,-3e-05,-1e-05,-2e-05,-1e-05,0
35320,0.0,-1e-05,-3e-05,-4e-05,-3e-05,-1e-05,-2e-05,-1e-05,0
35321,0.0,-1e-05,-3e-05,-4e-05,-3e-05,-1e-05,-2e-05,-1e-05,0
35322,0.0,-1e-05,-3e-05,-4e-05,-3e-05,-1e-05,-2e-05,-1e-05,0
35323,0.0,-1e-05,-3e-05,-4e-05,-3e-05,-1e-05,-2e-05,-1e-05,0
35324,0.0,-1e-05,-3e-05,-4e-05,-3e-05,-1e-05,-2e-05,-1e-05,0
35325,0.0,-1e-05,-3e-05,-4e-05,-3e-05,-1e-05,-2e-05,-1e-05,0
35326,0.0,-1e-05,-3e-05,-4e-05,-3e-05,-1e-05,-2e-05,-1e-05,0
35327,-1e-05,1e-05,1e-05,-5e-05,-1e-05,-1e-05,1e-05,1e-05,0
35328,-1e-05,1e-05,1e-05,-5e-05,-1e-05,-1e-05,1e-05,1e-05,0
35329,-1e-05,1e-05,1e-05,-5e-05,-1e-05,-1e-05,1e-05,1e-05,0
35330,-1e-05,1e-05,1e-05,-5e-05,-1e-05,-1e-05,1e-05,1e-05,0
35331,-1e-05,1e-05,1e-05,-5e-05,-1e-05,-1e-05,1e-05,1e-05,0
35332,-1e-05,1e-05,1e-05,-5e-05,-1e-05,-1e-05,1e-05,1e-05,0
35333,-1e-05,1e-05,1e-05,-5e-05,-1e-05,-1e-05,1e-05,1e-05,0
35334,-1e-05,1e-05,1e-05,-5e-05,-1e-05,-1e-05,1e-05,1e-05,0
35335,-1e-05,1e-05,1e-05,-5e-05,-1e-05,-1e-05,1e-05,1e-05,0
35336,-1e-05,1e-05,1e-05,-5e-05,-1e-05,-1e-05,1e-05,1e-05,0
35338,-1e-05,1e-05,1e-05,-5e-05,-1e-05,-1e-05,1e-05,1e-05,0
35339,-1e-05,1e-05,1e-05,-5e-05,-1e-05,-1e-05,1e-05,1e-05,0
35340,-1e-05,1e-05,1e-05,-5e-05,-1e-05,-1e-05,1e-05,1e-05,0
35341,-1e-05,1e-05,1e-05,-5e-05,-1e-05,-1e-05,1e-05,1e-05,0
35342,-1e-05,1e-05,1e-05,-5e-05,-1e-05,-1e-05,1e-05,1e-05,0
35343,0.0,0.0,3e-05,-3e-05,-1e-05,-1e-05,-1e-05,0.0,0
35344,0.0,0.0,3e-05,-3e-05,-1e-05,-1e-05,-1e-05,0.0,0
35346,0.0,0.0,3e-05,-3e-05,-1e-05,-1e-05,-1e-05,0.0,0
35347,0.0,0.0,3e-05,-3e-05,-1e-05,-1e-05,-1e-05,0.0,0
35348,0.0,0.0,3e-05,-3e-05,-1e-05,-1e-05,-1e-05,0.0,0
35349,0.0,0.0,3e-05,-3e-05,-1e-05,-1e-05,-1e-05,0.0,0
35350,0.0,0.0,3e-05,-3e-05,-1e-05,-1e-05,-1e-05,0.0,0
35351,0.0,0.0,3e-05,-3e-05,-1e-05,-1e-05,-1e-05,0.0,0
35352,0.0,0.0,3e-05,-3e-05,-1e-05,-1e-05,-1e-05,0.0,0
35353,0.0,0.0,3e-05,-3e-05,-1e-05,-1e-05,-1e-05,0.0,0
35354,0.0,0.0,3e-05,-3e-05,-1e-05,-1e-05,-1e-05,0.0,0
35355,0.0,0.0,3e-05,-3e-05,-1e-05,-1e-05,-1e-05,0.0,0
35356,0.0,0.0,3e-05,-3e-05,-1e-05,-1e-05,-1e-05,0.0,0
35357,0.0,0.0,3e-05,-3e-05,-1e-05,-1e-05,-1e-05,0.0,0
35358,0.0,0.0,3e-05,-3e-05,-1e-05,-1e-05,-1e-05,0.0,0
35359,0.0,0.0,3e-05,-3e-05,-1e-05,-1e-05,-1e-05,0.0,0
35360,0.0,0.0,3e-05,-3e-05,-1e-05,-1e-05,-1e-05,0.0,0
35361,0.0,0.0,3e-05,-3e-05,-1e-05,-1e-05,-1e-05,0.0,0
35362,0.0,0.0,3e-05,-3e-05,-1e-05,-1e-05,-1e-05,0.0,0
35363,0.0,0.0,3e-05,-3e-05,-1e-05,-1e-05,-1e-05,0.0,0
35364,0.0,0.0,3e-05,-3e-05,-1e-05,-1e-05,-1e-05,0.0,0
35365,-2e-05,-3e-05,0.0,6e-05,1e-05,-1e-05,-2e-05,0.0,0
35366,-1e-05,-3e-05,-2e-05,-7e-05,-2e-05,-1e-05,-2e-05,-1e-05,0
35367,0.0,1e-05,-1e-05,2e-05,-2e-05,-1e-05,-2e-05,0.0,0
35368,0.0,1e-05,-1e-05,2e-05,-2e-05,-1e-05,-2e-05,0.0,0
35369,0.0,1e-05,-1e-05,2e-05,-2e-05,-1e-05,-2e-05,0.0,0
35370,0.0,1e-05,-1e-05,2e-05,-2e-05,-1e-05,-2e-05,0.0,0
35371,0.0,1e-05,-1e-05,2e-05,-2e-05,-1e-05,-2e-05,0.0,0
35372,0.0,1e-05,-1e-05,2e-05,-2e-05,-1e-05,-2e-05,0.0,0
35373,0.0,1e-05,-1e-05,2e-05,-2e-05,-1e-05,-2e-05,0.0,0
35374,0.0,1e-05,-1e-05,2e-05,-2e-05,-1e-05,-2e-05,0.0,0
35375,0.0,1e-05,-1e-05,2e-05,-2e-05,-1e-05,-2e-05,0.0,0
35376,0.0,1e-05,-1e-05,2e-05,-2e-05,-1e-05,-2e-05,0.0,0
35377,0.0,1e-05,-1e-05,2e-05,-2e-05,-1e-05,-2e-05,0.0,0
35378,0.0,1e-05,-1e-05,2e-05,-2e-05,-1e-05,-2e-05,0.0,0
35379,0.0,-3e-05,-1e-05,5e-05,3e-05,1e-05,0.0,0.0,0
35380,0.0,-3e-05,-1e-05,5e-05,3e-05,1e-05,0.0,0.0,0
35381,0.0,-3e-05,-1e-05,5e-05,3e-05,1e-05,0.0,0.0,0
35382,0.0,-3e-05,-1e-05,5e-05,3e-05,1e-05,0.0,0.0,0
35383,0.0,-3e-05,-1e-05,5e-05,3e-05,1e-05,0.0,0.0,0
35384,0.0,-3e-05,-1e-05,5e-05,3e-05,1e-05,0.0,0.0,0
35385,0.0,-3e-05,-1e-05,5e-05,3e-05,1e-05,0.0,0.0,0
35386,0.0,-3e-05,-1e-05,5e-05,3e-05,1e-05,0.0,0.0,0
35389,0.0,-3e-05,-1e-05,5e-05,3e-05,1e-05,0.0,0.0,0
35390,0.0,-3e-05,-1e-05,5e-05,3e-05,1e-05,0.0,0.0,0
35391,0.0,-3e-05,-1e-05,5e-05,3e-05,1e-05,0.0,0.0,0
35392,0.0,-3e-05,-1e-05,5e-05,3e-05,1e-05,0.0,0.0,0
35393,0.0,-3e-05,-1e-05,5e-05,3e-05,1e-05,0.0,0.0,0
35394,-4e-05,-1e-05,-5e-05,-0.00022,-5e-05,-3e-05,-2e-05,-3e-05,0
35395,-4e-05,-1e-05,-5e-05,-0.00022,-5e-05,-3e-05,-2e-05,-3e-05,0
35396,-4e-05,-1e-05,-5e-05,-0.00022,-5e-05,-3e-05,-2e-05,-3e-05,0
35397,-4e-05,-1e-05,-5e-05,-0.00022,-5e-05,-3e-05,-2e-05,-3e-05,0
35398,-4e-05,-1e-05,-5e-05,-0.00022,-5e-05,-3e-05,-2e-05,-3e-05,0
35399,-4e-05,-1e-05,-5e-05,-0.00022,-5e-05,-3e-05,-2e-05,-3e-05,0
35400,-4e-05,-1e-05,-5e-05,-0.00022,-5e-05,-3e-05,-2e-05,-3e-05,0
35401,-4e-05,-1e-05,-5e-05,-0.00022,-5e-05,-3e-05,-2e-05,-3e-05,0
35402,-4e-05,-1e-05,-5e-05,-0.00022,-5e-05,-3e-05,-2e-05,-3e-05,0
35403,-1e-05,-1e-05,-5e-05,-5e-05,0.0,-2e-05,-1e-05,-2e-05,0
35404,-2e-05,-3e-05,-3e-05,-4e-05,-1e-05,-1e-05,0.0,-2e-05,0
35405,-2e-05,-3e-05,-3e-05,-4e-05,-1e-05,-1e-05,0.0,-2e-05,0
35406,-2e-05,-3e-05,-3e-05,-4e-05,-1e-05,-1e-05,0.0,-2e-05,0
35407,-2e-05,-3e-05,-3e-05,-4e-05,-1e-05,-1e-05,0.0,-2e-05,0
35408,-2e-05,-3e-05,-3e-05,-4e-05,-1e-05,-1e-05,0.0,-2e-05,0
35409,-2e-05,-3e-05,-3e-05,-4e-05,-1e-05,-1e-05,0.0,-2e-05,0
35410,-2e-05,-3e-05,-3e-05,-4e-05,-1e-05,-1e-05,0.0,-2e-05,0
35411,-2e-05,-3e-05,-3e-05,-4e-05,-1e-05,-1e-05,0.0,-2e-05,0
35412,-2e-05,-3e-05,-3e-05,-4e-05,-1e-05,-1e-05,0.0,-2e-05,0
35413,-2e-05,-3e-05,-3e-05,-4e-05,-1e-05,-1e-05,0.0,-2e-05,0
35414,-2e-05,-3e-05,-3e-05,-4e-05,-1e-05,-1e-05,0.0,-2e-05,0
35415,-2e-05,-3e-05,-3e-05,-4e-05,-1e-05,-1e-05,0.0,-2e-05,0
35416,-2e-05,-3e-05,-3e-05,-4e-05,-1e-05,-1e-05,0.0,-2e-05,0
35417,-2e-05,-3e-05,-3e-05,-4e-05,-1e-05,-1e-05,0.0,-2e-05,0
35418,-2e-05,-3e-05,-3e-05,-4e-05,-1e-05,-1e-05,0.0,-2e-05,0
35419,-2e-05,-3e-05,-3e-05,-4e-05,-1e-05,-1e-05,0.0,-2e-05,0
35420,-2e-05,-3e-05,-3e-05,-4e-05,-1e-05,-1e-05,0.0,-2e-05,0
35421,-2e-05,-3e-05,-3e-05,-4e-05,-1e-05,-1e-05,0.0,-2e-05,0
35422,-2e-05,-3e-05,-3e-05,-4e-05,-1e-05,-1e-05,0.0,-2e-05,0
35423,-2e-05,-3e-05,-3e-05,-4e-05,-1e-05,-1e-05,0.0,-2e-05,0
35424,-2e-05,-3e-05,-3e-05,-4e-05,-1e-05,-1e-05,0.0,-2e-05,0
35425,-2e-05,-3e-05,-3e-05,-4e-05,-1e-05,-1e-05,0.0,-2e-05,0
35426,-1e-05,1e-05,1e-05,4e-05,1e-05,-1e-05,0.0,0.0,0
35427,0.0,-1e-05,2e-05,4e-05,0.0,-1e-05,-2e-05,-1e-05,0
35428,0.0,-1e-05,2e-05,4e-05,0.0,-1e-05,-2e-05,-1e-05,0
35429,0.0,-1e-05,2e-05,4e-05,0.0,-1e-05,-2e-05,-1e-05,0
35430,0.0,-1e-05,2e-05,4e-05,0.0,-1e-05,-2e-05,-1e-05,0
35431,0.0,-1e-05,2e-05,4e-05,0.0,-1e-05,-2e-05,-1e-05,0
35432,0.0,-1e-05,2e-05,4e-05,0.0,-1e-05,-2e-05,-1e-05,0
35433,0.0,-1e-05,2e-05,4e-05,0.0,-1e-05,-2e-05,-1e-05,0
35434,0.0,-1e-05,2e-05,4e-05,0.0,-1e-05,-2e-05,-1e-05,0
35435,0.0,-1e-05,2e-05,4e-05,0.0,-1e-05,-2e-05,-1e-05,0
35436,0.0,-1e-05,2e-05,4e-05,0.0,-1e-05,-2e-05,-1e-05,0
35439,-2e-05,-1e-05,-1e-05,2e-05,-5e-05,2e-05,-1e-05,-2e-05,0
35440,-2e-05,-1e-05,-1e-05,2e-05,-5e-05,2e-05,-1e-05,-2e-05,0
35441,-2e-05,-1e-05,-1e-05,2e-05,-5e-05,2e-05,-1e-05,-2e-05,0
35442,-2e-05,-1e-05,-1e-05,2e-05,-5e-05,2e-05,-1e-05,-2e-05,0
35443,-2e-05,-1e-05,-1e-05,2e-05,-5e-05,2e-05,-1e-05,-2e-05,0
35444,-2e-05,-1e-05,-1e-05,2e-05,-5e-05,2e-05,-1e-05,-2e-05,0
35445,-2e-05,-1e-05,-1e-05,2e-05,-5e-05,2e-05,-1e-05,-2e-05,0
35446,-2e-05,-1e-05,-1e-05,2e-05,-5e-05,2e-05,-1e-05,-2e-05,0
35447,-2e-05,-1e-05,-1e-05,2e-05,-5e-05,2e-05,-1e-05,-2e-05,0
35448,0.0,1e-05,3e-05,9e-05,3e-05,1e-05,0.0,-2e-05,0
35449,0.0,1e-05,3e-05,9e-05,3e-05,1e-05,0.0,-2e-05,0
35450,0.0,1e-05,3e-05,9e-05,3e-05,1e-05,0.0,-2e-05,0
35451,0.0,1e-05,3e-05,9e-05,3e-05,1e-05,0.0,-2e-05,0
35452,0.0,1e-05,3e-05,9e-05,3e-05,1e-05,0.0,-2e-05,0
35453,0.0,1e-05,3e-05,9e-05,3e-05,1e-05,0.0,-2e-05,0
35454,0.0,1e-05,3e-05,9e-05,3e-05,1e-05,0.0,-2e-05,0
35455,0.0,1e-05,3e-05,9e-05,3e-05,1e-05,0.0,-2e-05,0
35456,0.0,1e-05,3e-05,9e-05,3e-05,1e-05,0.0,-2e-05,0
35457,0.0,1e-05,3e-05,9e-05,3e-05,1e-05,0.0,-2e-05,0
35458,0.0,1e-05,3e-05,9e-05,3e-05,1e-05,0.0,-2e-05,0
35459,0.0,1e-05,3e-05,9e-05,3e-05,1e-05,0.0,-2e-05,0
35460,0.0,1e-05,3e-05,9e-05,3e-05,1e-05,0.0,-2e-05,0
35461,0.0,1e-05,3e-05,9e-05,3e-05,1e-05,0.0,-2e-05,0
35462,0.0,1e-05,3e-05,9e-05,3e-05,1e-05,0.0,-2e-05,0
35463,-2e-05,-2e-05,0.0,-1e-05,-1e-05,-3e-05,-1e-05,0.0,0
35464,-2e-05,-4e-05,-8e-05,-3e-05,-7e-05,-1e-05,-1e-05,0.0,0
35465,-2e-05,-4e-05,-8e-05,-3e-05,-7e-05,-1e-05,-1e-05,0.0,0
35466,-2e-05,-4e-05,-8e-05,-3e-05,-7e-05,-1e-05,-1e-05,0.0,0
35467,-2e-05,-4e-05,-8e-05,-3e-05,-7e-05,-1e-05,-1e-05,0.0,0
35468,-2e-05,-4e-05,-8e-05,-3e-05,-7e-05,-1e-05,-1e-05,0.0,0
35469,-2e-05,-4e-05,-8e-05,-3e-05,-7e-05,-1e-05,-1e-05,0.0,0
35470,-2e-05,-4e-05,-8e-05,-3e-05,-7e-05,-1e-05,-1e-05,0.0,0
35471,-2e-05,-4e-05,-8e-05,-3e-05,-7e-05,-1e-05,-1e-05,0.0,0
35472,-2e-05,-4e-05,-8e-05,-3e-05,-7e-05,-1e-05,-1e-05,0.0,0
35473,-2e-05,-4e-05,-8e-05,-3e-05,-7e-05,-1e-05,-1e-05,0.0,0
35474,-2e-05,-4e-05,-8e-05,-3e-05,-7e-05,-1e-05,-1e-05,0.0,0
35475,-2e-05,-4e-05,-8e-05,-3e-05,-7e-05,-1e-05,-1e-05,0.0,0
35476,-2e-05,-4e-05,-8e-05,-3e-05,-7e-05,-1e-05,-1e-05,0.0,0
35477,-2e-05,-4e-05,-8e-05,-3e-05,-7e-05,-1e-05,-1e-05,0.0,0
35478,-2e-05,-4e-05,-8e-05,-3e-05,-7e-05,-1e-05,-1e-05,0.0,0
35479,-2e-05,-4e-05,-8e-05,-3e-05,-7e-05,-1e-05,-1e-05,0.0,0
35480,-2e-05,-4e-05,-8e-05,-3e-05,-7e-05,-1e-05,-1e-05,0.0,0
35481,-2e-05,-4e-05,-8e-05,-3e-05,-7e-05,-1e-05,-1e-05,0.0,0
35482,-2e-05,-4e-05,-8e-05,-3e-05,-7e-05,-1e-05,-1e-05,0.0,0
35483,-2e-05,-4e-05,-8e-05,-3e-05,-7e-05,-1e-05,-1e-05,0.0,0
35484,-2e-05,-4e-05,-8e-05,-3e-05,-7e-05,-1e-05,-1e-05,0.0,0
35485,1e-05,0.0,2e-05,-3e-05,-0.00017,-1e-05,-1e-05,-2e-05,0
35486,1e-05,0.0,2e-05,-3e-05,-0.00017,-1e-05,-1e-05,-2e-05,0
35488,1e-05,0.0,2e-05,-3e-05,-0.00017,-1e-05,-1e-05,-2e-05,0
35489,0.0,-2e-05,0.0,-5e-05,-0.00013,3e-05,2e-05,-1e-05,0
35490,0.0,-2e-05,0.0,-5e-05,-0.00013,3e-05,2e-05,-1e-05,0
35491,0.0,-2e-05,0.0,-5e-05,-0.00013,3e-05,2e-05,-1e-05,0
35492,0.0,-2e-05,0.0,-5e-05,-0.00013,3e-05,2e-05,-1e-05,0
35493,0.0,-2e-05,0.0,-5e-05,-0.00013,3e-05,2e-05,-1e-05,0
35494,0.0,-2e-05,0.0,-5e-05,-0.00013,3e-05,2e-05,-1e-05,0
35495,0.0,-2e-05,0.0,-5e-05,-0.00013,3e-05,2e-05,-1e-05,0
35496,0.0,-2e-05,0.0,-5e-05,-0.00013,3e-05,2e-05,-1e-05,0
35497,0.0,-2e-05,0.0,-5e-05,-0.00013,3e-05,2e-05,-1e-05,0
35498,0.0,-2e-05,0.0,-5e-05,-0.00013,3e-05,2e-05,-1e-05,0
35499,-3e-05,-2e-05,-5e-05,-3e-05,-1e-05,-1e-05,-1e-05,-1e-05,0
35500,-3e-05,-2e-05,-5e-05,-3e-05,-1e-05,-1e-05,-1e-05,-1e-05,0
35501,-3e-05,-2e-05,-5e-05,-3e-05,-1e-05,-1e-05,-1e-05,-1e-05,0
35502,-3e-05,-2e-05,-5e-05,-3e-05,-1e-05,-1e-05,-1e-05,-1e-05,0
35503,-3e-05,-2e-05,-5e-05,-3e-05,-1e-05,-1e-05,-1e-05,-1e-05,0
35504,-3e-05,-2e-05,-5e-05,-3e-05,-1e-05,-1e-05,-1e-05,-1e-05,0
35505,-3e-05,-2e-05,-5e-05,-3e-05,-1e-05,-1e-05,-1e-05,-1e-05,0
35506,-3e-05,-2e-05,-5e-05,-3e-05,-1e-05,-1e-05,-1e-05,-1e-05,0
35507,-3e-05,-2e-05,-5e-05,-3e-05,-1e-05,-1e-05,-1e-05,-1e-05,0
35508,-1e-05,-4e-05,-3e-05,-4e-05,2e-05,-3e-05,-2e-05,0.0,0
35509,-1e-05,-4e-05,-3e-05,-4e-05,2e-05,-3e-05,-2e-05,0.0,0
35510,-1e-05,-4e-05,-3e-05,-4e-05,2e-05,-3e-05,-2e-05,0.0,0
35511,-1e-05,-4e-05,-3e-05,-4e-05,2e-05,-3e-05,-2e-05,0.0,0
35512,-1e-05,-4e-05,-3e-05,-4e-05,2e-05,-3e-05,-2e-05,0.0,0
35513,-1e-05,-4e-05,-3e-05,-4e-05,2e-05,-3e-05,-2e-05,0.0,0
35514,-1e-05,-4e-05,-3e-05,-4e-05,2e-05,-3e-05,-2e-05,0.0,0
35515,-1e-05,-4e-05,-3e-05,-4e-05,2e-05,-3e-05,-2e-05,0.0,0
35516,-1e-05,-4e-05,-3e-05,-4e-05,2e-05,-3e-05,-2e-05,0.0,0
35517,-1e-05,-4e-05,-3e-05,-4e-05,2e-05,-3e-05,-2e-05,0.0,0
35518,-1e-05,-4e-05,-3e-05,-4e-05,2e-05,-3e-05,-2e-05,0.0,0
35519,-1e-05,-4e-05,-3e-05,-4e-05,2e-05,-3e-05,-2e-05,0.0,0
35520,-1e-05,-4e-05,-3e-05,-4e-05,2e-05,-3e-05,-2e-05,0.0,0
35521,-1e-05,-4e-05,-3e-05,-4e-05,2e-05,-3e-05,-2e-05,0.0,0
35522,-1e-05,-4e-05,-3e-05,-4e-05,2e-05,-3e-05,-2e-05,0.0,0
35523,0.0,0.0,0.0,1e-05,-1e-05,-2e-05,1e-05,-2e-05,0
35524,-1e-05,0.0,2e-05,0.00011,6e-05,-3e-05,0.0,-3e-05,0
35525,-1e-05,0.0,2e-05,0.00011,6e-05,-3e-05,0.0,-3e-05,0
35526,-1e-05,0.0,2e-05,0.00011,6e-05,-3e-05,0.0,-3e-05,0
35527,-1e-05,0.0,2e-05,0.00011,6e-05,-3e-05,0.0,-3e-05,0
35528,-1e-05,0.0,2e-05,0.00011,6e-05,-3e-05,0.0,-3e-05,0
35529,-1e-05,0.0,2e-05,0.00011,6e-05,-3e-05,0.0,-3e-05,0
35530,-1e-05,0.0,2e-05,0.00011,6e-05,-3e-05,0.0,-3e-05,0
35531,-1e-05,0.0,2e-05,0.00011,6e-05,-3e-05,0.0,-3e-05,0
35532,-1e-05,0.0,2e-05,0.00011,6e-05,-3e-05,0.0,-3e-05,0
35533,-1e-05,0.0,2e-05,0.00011,6e-05,-3e-05,0.0,-3e-05,0
35534,-1e-05,0.0,2e-05,0.00011,6e-05,-3e-05,0.0,-3e-05,0
35535,-1e-05,0.0,2e-05,0.00011,6e-05,-3e-05,0.0,-3e-05,0
35536,-1e-05,0.0,2e-05,0.00011,6e-05,-3e-05,0.0,-3e-05,0
35538,-1e-05,0.0,2e-05,0.00011,6e-05,-3e-05,0.0,-3e-05,0
35539,-1e-05,0.0,2e-05,0.00011,6e-05,-3e-05,0.0,-3e-05,0
35540,-1e-05,0.0,2e-05,0.00011,6e-05,-3e-05,0.0,-3e-05,0
35541,-1e-05,0.0,2e-05,0.00011,6e-05,-3e-05,0.0,-3e-05,0
35542,-1e-05,0.0,2e-05,0.00011,6e-05,-3e-05,0.0,-3e-05,0
35543,-1e-05,0.0,2e-05,0.00011,6e-05,-3e-05,0.0,-3e-05,0
35544,-1e-05,0.0,2e-05,0.00011,6e-05,-3e-05,0.0,-3e-05,0
35545,-1e-05,0.0,2e-05,0.00011,6e-05,-3e-05,0.0,-3e-05,0
35546,-1e-05,0.0,2e-05,0.00011,6e-05,-3e-05,0.0,-3e-05,0
35547,-1e-05,0.0,2e-05,0.00011,6e-05,-3e-05,0.0,-3e-05,0
35548,-1e-05,0.0,2e-05,0.00011,6e-05,-3e-05,0.0,-3e-05,0
35549,-1e-05,0.0,2e-05,0.00011,6e-05,-3e-05,0.0,-3e-05,0
35550,-1e-05,0.0,2e-05,0.00011,6e-05,-3e-05,0.0,-3e-05,0
35551,-1e-05,0.0,2e-05,0.00011,6e-05,-3e-05,0.0,-3e-05,0
35552,-1e-05,0.0,2e-05,0.00011,6e-05,-3e-05,0.0,-3e-05,0
35553,-1e-05,1e-05,3e-05,1e-05,6e-05,1e-05,-2e-05,0.0,0
35554,-2e-05,-1e-05,0.0,4e-05,0.0,-2e-05,-2e-05,-1e-05,0
35555,-2e-05,-1e-05,0.0,4e-05,0.0,-2e-05,-2e-05,-1e-05,0
35556,-2e-05,-1e-05,0.0,4e-05,0.0,-2e-05,-2e-05,-1e-05,0
35557,-2e-05,-1e-05,0.0,4e-05,0.0,-2e-05,-2e-05,-1e-05,0
35558,-2e-05,-1e-05,0.0,4e-05,0.0,-2e-05,-2e-05,-1e-05,0
35559,1e-05,-1e-05,-1e-05,2e-05,9e-05,-3e-05,-1e-05,-1e-05,0
35560,1e-05,-1e-05,-1e-05,2e-05,9e-05,-3e-05,-1e-05,-1e-05,0
35561,1e-05,-1e-05,-1e-05,2e-05,9e-05,-3e-05,-1e-05,-1e-05,0
35562,1e-05,-1e-05,-1e-05,2e-05,9e-05,-3e-05,-1e-05,-1e-05,0
35563,1e-05,-1e-05,-1e-05,2e-05,9e-05,-3e-05,-1e-05,-1e-05,0
35564,1e-05,-1e-05,-1e-05,2e-05,9e-05,-3e-05,-1e-05,-1e-05,0
35565,1e-05,-1e-05,-1e-05,2e-05,9e-05,-3e-05,-1e-05,-1e-05,0
35566,1e-05,-1e-05,-1e-05,2e-05,9e-05,-3e-05,-1e-05,-1e-05,0
35567,1e-05,-1e-05,-1e-05,2e-05,9e-05,-3e-05,-1e-05,-1e-05,0
35568,1e-05,-1e-05,-1e-05,2e-05,9e-05,-3e-05,-1e-05,-1e-05,0
35569,1e-05,-1e-05,-1e-05,2e-05,9e-05,-3e-05,-1e-05,-1e-05,0
35570,1e-05,-1e-05,-1e-05,2e-05,9e-05,-3e-05,-1e-05,-1e-05,0
35571,1e-05,-1e-05,-1e-05,2e-05,9e-05,-3e-05,-1e-05,-1e-05,0
35572,1e-05,-1e-05,-1e-05,2e-05,9e-05,-3e-05,-1e-05,-1e-05,0
35573,1e-05,-1e-05,-1e-05,2e-05,9e-05,-3e-05,-1e-05,-1e-05,0
35574,-2e-05,-1e-05,-2e-05,-7e-05,2e-05,2e-05,0.0,-2e-05,0
35575,-2e-05,-1e-05,-2e-05,-7e-05,2e-05,2e-05,0.0,-2e-05,0
35576,-2e-05,-1e-05,-2e-05,-7e-05,2e-05,2e-05,0.0,-2e-05,0
35577,-2e-05,-1e-05,-2e-05,-7e-05,2e-05,2e-05,0.0,-2e-05,0
35578,-2e-05,-1e-05,-2e-05,-7e-05,2e-05,2e-05,0.0,-2e-05,0
35579,-2e-05,-1e-05,-2e-05,-7e-05,2e-05,2e-05,0.0,-2e-05,0
35580,-2e-05,-1e-05,-2e-05,-7e-05,2e-05,2e-05,0.0,-2e-05,0
35581,-2e-05,-1e-05,-2e-05,-7e-05,2e-05,2e-05,0.0,-2e-05,0
35582,-2e-05,-1e-05,-2e-05,-7e-05,2e-05,2e-05,0.0,-2e-05,0
35583,-2e-05,-1e-05,-2e-05,-7e-05,2e-05,2e-05,0.0,-2e-05,0
35584,-2e-05,-1e-05,-2e-05,-7e-05,2e-05,2e-05,0.0,-2e-05,0
35585,-2e-05,-1e-05,-2e-05,-7e-05,2e-05,2e-05,0.0,-2e-05,0
35586,-2e-05,-1e-05,-2e-05,-7e-05,2e-05,2e-05,0.0,-2e-05,0
35588,-2e-05,-1e-05,-2e-05,-7e-05,2e-05,2e-05,0.0,-2e-05,0
35589,-2e-05,-1e-05,-2e-05,-7e-05,2e-05,2e-05,0.0,-2e-05,0
35590,0.0,-2e-05,-2e-05,-0.00013,-0.00034,-5e-05,-1e-05,1e-05,0
35591,0.0,-2e-05,-2e-05,-0.00013,-0.00034,-5e-05,-1e-05,1e-05,0
35592,1e-05,2e-05,2e-05,2e-05,-9e-05,-3e-05,-3e-05,0.0,0
35593,1e-05,2e-05,2e-05,2e-05,-9e-05,-3e-05,-3e-05,0.0,0
35594,1e-05,2e-05,2e-05,2e-05,-9e-05,-3e-05,-3e-05,0.0,0
35595,1e-05,2e-05,2e-05,2e-05,-9e-05,-3e-05,-3e-05,0.0,0
35596,1e-05,2e-05,2e-05,2e-05,-9e-05,-3e-05,-3e-05,0.0,0
35597,1e-05,2e-05,2e-05,2e-05,-9e-05,-3e-05,-3e-05,0.0,0
35598,1e-05,2e-05,2e-05,2e-05,-9e-05,-3e-05,-3e-05,0.0,0
35599,1e-05,2e-05,2e-05,2e-05,-9e-05,-3e-05,-3e-05,0.0,0
35600,1e-05,2e-05,2e-05,2e-05,-9e-05,-3e-05,-3e-05,0.0,0
35601,1e-05,2e-05,2e-05,2e-05,-9e-05,-3e-05,-3e-05,0.0,0
35602,1e-05,2e-05,2e-05,2e-05,-9e-05,-3e-05,-3e-05,0.0,0
35603,1e-05,2e-05,2e-05,2e-05,-9e-05,-3e-05,-3e-05,0.0,0
35604,1e-05,2e-05,2e-05,2e-05,-9e-05,-3e-05,-3e-05,0.0,0
35605,-2e-05,-2e-05,-1e-05,-3e-05,-0.00011,-1e-05,-1e-05,-2e-05,0
35606,-2e-05,-2e-05,-1e-05,-3e-05,-0.00011,-1e-05,-1e-05,-2e-05,0
35607,-2e-05,-3e-05,-4e-05,-0.00011,-4e-05,1e-05,0.0,-1e-05,0
35608,-2e-05,-3e-05,-4e-05,-0.00011,-4e-05,1e-05,0.0,-1e-05,0
35609,-2e-05,-3e-05,-4e-05,-0.00011,-4e-05,1e-05,0.0,-1e-05,0
35610,-2e-05,-3e-05,-4e-05,-0.00011,-4e-05,1e-05,0.0,-1e-05,0
35611,-2e-05,-3e-05,-4e-05,-0.00011,-4e-05,1e-05,0.0,-1e-05,0
35612,-2e-05,-3e-05,-4e-05,-0.00011,-4e-05,1e-05,0.0,-1e-05,0
35613,-2e-05,-3e-05,-4e-05,-0.00011,-4e-05,1e-05,0.0,-1e-05,0
35614,-2e-05,-3e-05,-4e-05,-0.00011,-4e-05,1e-05,0.0,-1e-05,0
35615,-2e-05,-3e-05,-4e-05,-0.00011,-4e-05,1e-05,0.0,-1e-05,0
35616,-2e-05,-3e-05,-4e-05,-0.00011,-4e-05,1e-05,0.0,-1e-05,0
35617,-2e-05,-3e-05,-4e-05,-0.00011,-4e-05,1e-05,0.0,-1e-05,0
35618,-2e-05,-3e-05,-4e-05,-0.00011,-4e-05,1e-05,0.0,-1e-05,0
35619,-2e-05,-3e-05,-4e-05,-0.00011,-4e-05,1e-05,0.0,-1e-05,0
35620,-2e-05,-3e-05,-4e-05,-0.00011,-4e-05,1e-05,0.0,-1e-05,0
35621,-2e-05,-3e-05,-4e-05,-0.00011,-4e-05,1e-05,0.0,-1e-05,0
35622,-2e-05,-3e-05,-4e-05,-0.00011,-4e-05,1e-05,0.0,-1e-05,0
35623,-2e-05,-3e-05,-4e-05,-0.00011,-4e-05,1e-05,0.0,-1e-05,0
35624,-2e-05,-3e-05,-4e-05,-0.00011,-4e-05,1e-05,0.0,-1e-05,0
35625,-2e-05,-3e-05,-4e-05,-0.00011,-4e-05,1e-05,0.0,-1e-05,0
35626,-2e-05,-3e-05,-4e-05,-0.00011,-4e-05,1e-05,0.0,-1e-05,0
35627,0.0,-1e-05,-1e-05,2e-05,0.0001,1e-05,-2e-05,-2e-05,0
35628,0.0,-1e-05,-1e-05,2e-05,0.0001,1e-05,-2e-05,-2e-05,0
35629,0.0,-1e-05,-1e-05,2e-05,0.0001,1e-05,-2e-05,-2e-05,0
35630,0.0,-1e-05,-1e-05,2e-05,0.0001,1e-05,-2e-05,-2e-05,0
35631,0.0,-1e-05,-1e-05,2e-05,0.0001,1e-05,-2e-05,-2e-05,0
35632,0.0,-1e-05,-1e-05,2e-05,0.0001,1e-05,-2e-05,-2e-05,0
35633,0.0,-1e-05,-1e-05,2e-05,0.0001,1e-05,-2e-05,-2e-05,0
35634,0.0,-1e-05,-1e-05,2e-05,0.0001,1e-05,-2e-05,-2e-05,0
35635,-1e-05,1e-05,1e-05,-1e-05,8e-05,5e-05,0.0,0.0,0
35636,-1e-05,1e-05,1e-05,-1e-05,8e-05,5e-05,0.0,0.0,0
35638,-1e-05,1e-05,1e-05,-1e-05,8e-05,5e-05,0.0,0.0,0
35639,-1e-05,1e-05,1e-05,-1e-05,8e-05,5e-05,0.0,0.0,0
35640,-1e-05,1e-05,1e-05,-1e-05,8e-05,5e-05,0.0,0.0,0
35641,-1e-05,1e-05,1e-05,-1e-05,8e-05,5e-05,0.0,0.0,0
35642,-2e-05,0.0,-1e-05,-2e-05,8e-05,-3e-05,-8e-05,-4e-05,0
35643,-2e-05,0.0,-1e-05,-2e-05,8e-05,-3e-05,-8e-05,-4e-05,0
35644,-2e-05,0.0,-1e-05,-2e-05,8e-05,-3e-05,-8e-05,-4e-05,0
35647,-2e-05,0.0,-1e-05,-2e-05,8e-05,-3e-05,-8e-05,-4e-05,0
35648,-2e-05,0.0,-1e-05,-2e-05,8e-05,-3e-05,-8e-05,-4e-05,0
35649,1e-05,-5e-05,-4e-05,6e-05,0.00016,0.0,3e-05,4e-05,0
35650,1e-05,-5e-05,-4e-05,6e-05,0.00016,0.0,3e-05,4e-05,0
35651,1e-05,-5e-05,-4e-05,6e-05,0.00016,0.0,3e-05,4e-05,0
35652,1e-05,-5e-05,-4e-05,6e-05,0.00016,0.0,3e-05,4e-05,0
35653,1e-05,-5e-05,-4e-05,6e-05,0.00016,0.0,3e-05,4e-05,0
35654,1e-05,-5e-05,-4e-05,6e-05,0.00016,0.0,3e-05,4e-05,0
35655,1e-05,-5e-05,-4e-05,6e-05,0.00016,0.0,3e-05,4e-05,0
35656,1e-05,-5e-05,-4e-05,6e-05,0.00016,0.0,3e-05,4e-05,0
35657,1e-05,-5e-05,-4e-05,6e-05,0.00016,0.0,3e-05,4e-05,0
35658,1e-05,-5e-05,-4e-05,6e-05,0.00016,0.0,3e-05,4e-05,0
35659,1e-05,-5e-05,-4e-05,6e-05,0.00016,0.0,3e-05,4e-05,0
35660,1e-05,-5e-05,-4e-05,6e-05,0.00016,0.0,3e-05,4e-05,0
35661,1e-05,-5e-05,-4e-05,6e-05,0.00016,0.0,3e-05,4e-05,0
35662,1e-05,-5e-05,-4e-05,6e-05,0.00016,0.0,3e-05,4e-05,0
35663,1e-05,-5e-05,-4e-05,6e-05,0.00016,0.0,3e-05,4e-05,0
35664,1e-05,-5e-05,-4e-05,6e-05,0.00016,0.0,3e-05,4e-05,0
35665,1e-05,-5e-05,-4e-05,6e-05,0.00016,0.0,3e-05,4e-05,0
35666,1e-05,-5e-05,-4e-05,6e-05,0.00016,0.0,3e-05,4e-05,0
35667,1e-05,-5e-05,-4e-05,6e-05,0.00016,0.0,3e-05,4e-05,0
35668,1e-05,-5e-05,-4e-05,6e-05,0.00016,0.0,3e-05,4e-05,0
35669,1e-05,-5e-05,-4e-05,6e-05,0.00016,0.0,3e-05,4e-05,0
35670,1e-05,-5e-05,-4e-05,6e-05,0.00016,0.0,3e-05,4e-05,0
35671,1e-05,-5e-05,-4e-05,6e-05,0.00016,0.0,3e-05,4e-05,0
35672,1e-05,-5e-05,-4e-05,6e-05,0.00016,0.0,3e-05,4e-05,0
35673,1e-05,1e-05,2e-05,2e-05,-0.00014,9e-05,8e-05,2e-05,0
35674,-3e-05,-2e-05,-2e-05,-2e-05,-0.00016,-6e-05,-0.00016,-3e-05,0
35675,-3e-05,-2e-05,-2e-05,-2e-05,-0.00016,-6e-05,-0.00016,-3e-05,0
35676,-3e-05,-2e-05,-2e-05,-2e-05,-0.00016,-6e-05,-0.00016,-3e-05,0
35677,-3e-05,-2e-05,-2e-05,-2e-05,-0.00016,-6e-05,-0.00016,-3e-05,0
35678,-3e-05,-2e-05,-2e-05,-2e-05,-0.00016,-6e-05,-0.00016,-3e-05,0
35679,-3e-05,-2e-05,-2e-05,-2e-05,-0.00016,-6e-05,-0.00016,-3e-05,0
35680,-3e-05,-2e-05,-2e-05,-2e-05,-0.00016,-6e-05,-0.00016,-3e-05,0
35681,-3e-05,-2e-05,-2e-05,-2e-05,-0.00016,-6e-05,-0.00016,-3e-05,0
35682,-3e-05,-2e-05,-2e-05,-2e-05,-0.00016,-6e-05,-0.00016,-3e-05,0
35683,-3e-05,-2e-05,-2e-05,-2e-05,-0.00016,-6e-05,-0.00016,-3e-05,0
35684,-3e-05,-2e-05,-2e-05,-2e-05,-0.00016,-6e-05,-0.00016,-3e-05,0
35685,-3e-05,-2e-05,-2e-05,-2e-05,-0.00016,-6e-05,-0.00016,-3e-05,0
35686,-3e-05,-2e-05,-2e-05,-2e-05,-0.00016,-6e-05,-0.00016,-3e-05,0
35689,1e-05,-2e-05,-1e-05,0.0,3e-05,-1e-05,0.0,-3e-05,0
35690,1e-05,-2e-05,-1e-05,0.0,3e-05,-1e-05,0.0,-3e-05,0
35691,1e-05,-2e-05,-1e-05,0.0,3e-05,-1e-05,0.0,-3e-05,0
35693,1e-05,-2e-05,-1e-05,0.0,3e-05,-1e-05,0.0,-3e-05,0
35694,1e-05,-2e-05,-1e-05,0.0,3e-05,-1e-05,0.0,-3e-05,0
35695,1e-05,-2e-05,-1e-05,0.0,3e-05,-1e-05,0.0,-3e-05,0
35696,1e-05,-2e-05,-1e-05,0.0,3e-05,-1e-05,0.0,-3e-05,0
35697,1e-05,-2e-05,-1e-05,0.0,3e-05,-1e-05,0.0,-3e-05,0
35699,1e-05,-2e-05,-1e-05,0.0,3e-05,-1e-05,0.0,-3e-05,0
35700,1e-05,-2e-05,-1e-05,0.0,3e-05,-1e-05,0.0,-3e-05,0
35701,1e-05,-2e-05,-1e-05,0.0,3e-05,-1e-05,0.0,-3e-05,0
35702,1e-05,-2e-05,-1e-05,0.0,3e-05,-1e-05,0.0,-3e-05,0
35703,-4e-05,-6e-05,-7e-05,-7e-05,7e-05,-5e-05,-3e-05,-1e-05,0
35704,-4e-05,-6e-05,-7e-05,-7e-05,7e-05,-5e-05,-3e-05,-1e-05,0
35705,-4e-05,-6e-05,-7e-05,-7e-05,7e-05,-5e-05,-3e-05,-1e-05,0
35706,-4e-05,-6e-05,-7e-05,-7e-05,7e-05,-5e-05,-3e-05,-1e-05,0
35707,-4e-05,-6e-05,-7e-05,-7e-05,7e-05,-5e-05,-3e-05,-1e-05,0
35708,-4e-05,-6e-05,-7e-05,-7e-05,7e-05,-5e-05,-3e-05,-1e-05,0
35709,-4e-05,-6e-05,-7e-05,-7e-05,7e-05,-5e-05,-3e-05,-1e-05,0
35710,-1e-05,0.0,-9e-05,-0.00017,-3e-05,4e-05,2e-05,0.0,0
35711,-1e-05,0.0,-9e-05,-0.00017,-3e-05,4e-05,2e-05,0.0,0
35712,-1e-05,0.0,-9e-05,-0.00017,-3e-05,4e-05,2e-05,0.0,0
35713,-1e-05,0.0,-9e-05,-0.00017,-3e-05,4e-05,2e-05,0.0,0
35714,-1e-05,0.0,-9e-05,-0.00017,-3e-05,4e-05,2e-05,0.0,0
35715,-1e-05,0.0,-9e-05,-0.00017,-3e-05,4e-05,2e-05,0.0,0
35716,-1e-05,0.0,-9e-05,-0.00017,-3e-05,4e-05,2e-05,0.0,0
35717,-1e-05,0.0,-9e-05,-0.00017,-3e-05,4e-05,2e-05,0.0,0
35718,-1e-05,0.0,-9e-05,-0.00017,-3e-05,4e-05,2e-05,0.0,0
35719,-1e-05,0.0,-9e-05,-0.00017,-3e-05,4e-05,2e-05,0.0,0
35720,-1e-05,0.0,-9e-05,-0.00017,-3e-05,4e-05,2e-05,0.0,0
35721,-1e-05,0.0,-9e-05,-0.00017,-3e-05,4e-05,2e-05,0.0,0
35722,-1e-05,0.0,-9e-05,-0.00017,-3e-05,4e-05,2e-05,0.0,0
35723,-1e-05,0.0,-9e-05,-0.00017,-3e-05,4e-05,2e-05,0.0,0
35724,-1e-05,0.0,-9e-05,-0.00017,-3e-05,4e-05,2e-05,0.0,0
35725,1e-05,3e-05,7e-05,-5e-05,0.00024,1e-05,9e-05,3e-05,0
35726,1e-05,3e-05,7e-05,-5e-05,0.00024,1e-05,9e-05,3e-05,0
35727,-2e-05,-2e-05,0.0,1e-05,-9e-05,2e-05,7e-05,-1e-05,0
35728,-2e-05,-2e-05,0.0,1e-05,-9e-05,2e-05,7e-05,-1e-05,0
35729,-2e-05,-2e-05,0.0,1e-05,-9e-05,2e-05,7e-05,-1e-05,0
35730,-2e-05,-2e-05,0.0,1e-05,-9e-05,2e-05,7e-05,-1e-05,0
35731,-2e-05,-2e-05,0.0,1e-05,-9e-05,2e-05,7e-05,-1e-05,0
35732,-2e-05,-2e-05,0.0,1e-05,-9e-05,2e-05,7e-05,-1e-05,0
35733,-2e-05,-2e-05,0.0,1e-05,-9e-05,2e-05,7e-05,-1e-05,0
35734,-2e-05,-2e-05,0.0,1e-05,-9e-05,2e-05,7e-05,-1e-05,0
35735,-2e-05,-2e-05,0.0,1e-05,-9e-05,2e-05,7e-05,-1e-05,0
35736,-2e-05,-2e-05,0.0,1e-05,-9e-05,2e-05,7e-05,-1e-05,0
35738,-2e-05,-2e-05,0.0,1e-05,-9e-05,2e-05,7e-05,-1e-05,0
35740,-2e-05,-2e-05,0.0,1e-05,-9e-05,2e-05,7e-05,-1e-05,0
35741,-2e-05,-2e-05,0.0,1e-05,-9e-05,2e-05,7e-05,-1e-05,0
35742,-2e-05,-2e-05,0.0,1e-05,-9e-05,2e-05,7e-05,-1e-05,0
35743,-2e-05,-2e-05,0.0,1e-05,-9e-05,2e-05,7e-05,-1e-05,0
35744,-2e-05,-2e-05,0.0,1e-05,-9e-05,2e-05,7e-05,-1e-05,0
35745,-2e-05,-2e-05,0.0,1e-05,-9e-05,2e-05,7e-05,-1e-05,0
35746,-2e-05,-2e-05,0.0,1e-05,-9e-05,2e-05,7e-05,-1e-05,0
35747,-2e-05,-2e-05,0.0,1e-05,-9e-05,2e-05,7e-05,-1e-05,0
35748,-1e-05,-3e-05,-3e-05,-5e-05,-7e-05,-4e-05,-0.00032,-3e-05,0
35749,-1e-05,-3e-05,-3e-05,-5e-05,-7e-05,-4e-05,-0.00032,-3e-05,0
35750,2e-05,-2e-05,-3e-05,-1e-05,0.0,-7e-05,0.00038,4e-05,0
35751,2e-05,-2e-05,-3e-05,-1e-05,0.0,-7e-05,0.00038,4e-05,0
35752,2e-05,-2e-05,-3e-05,-1e-05,0.0,-7e-05,0.00038,4e-05,0
35753,2e-05,-2e-05,-3e-05,-1e-05,0.0,-7e-05,0.00038,4e-05,0
35754,2e-05,-2e-05,-3e-05,-1e-05,0.0,-7e-05,0.00038,4e-05,0
35755,2e-05,-2e-05,-3e-05,-1e-05,0.0,-7e-05,0.00038,4e-05,0
35756,2e-05,-2e-05,-3e-05,-1e-05,0.0,-7e-05,0.00038,4e-05,0
35757,2e-05,-2e-05,-3e-05,-1e-05,0.0,-7e-05,0.00038,4e-05,0
35758,2e-05,-2e-05,-3e-05,-1e-05,0.0,-7e-05,0.00038,4e-05,0
35759,2e-05,-2e-05,-3e-05,-1e-05,0.0,-7e-05,0.00038,4e-05,0
35760,2e-05,-2e-05,-3e-05,-1e-05,0.0,-7e-05,0.00038,4e-05,0
35761,2e-05,-2e-05,-3e-05,-1e-05,0.0,-7e-05,0.00038,4e-05,0
35762,2e-05,-2e-05,-3e-05,-1e-05,0.0,-7e-05,0.00038,4e-05,0
35763,0.0,2e-05,-1e-05,-6e-05,1e-05,-6e-05,0.0,0.0,0
35764,-1e-05,1e-05,1e-05,-6e-05,-3e-05,-0.00013,-0.00016,0.0,0
35765,-1e-05,1e-05,1e-05,-6e-05,-3e-05,-0.00013,-0.00016,0.0,0
35766,-1e-05,1e-05,1e-05,-6e-05,-3e-05,-0.00013,-0.00016,0.0,0
35767,-1e-05,1e-05,1e-05,-6e-05,-3e-05,-0.00013,-0.00016,0.0,0
35768,-1e-05,1e-05,1e-05,-6e-05,-3e-05,-0.00013,-0.00016,0.0,0
35769,-1e-05,1e-05,1e-05,-6e-05,-3e-05,-0.00013,-0.00016,0.0,0
35770,-1e-05,1e-05,1e-05,-6e-05,-3e-05,-0.00013,-0.00016,0.0,0
35771,-1e-05,1e-05,1e-05,-6e-05,-3e-05,-0.00013,-0.00016,0.0,0
35772,-1e-05,1e-05,1e-05,-6e-05,-3e-05,-0.00013,-0.00016,0.0,0
35773,-1e-05,1e-05,1e-05,-6e-05,-3e-05,-0.00013,-0.00016,0.0,0
35774,-1e-05,1e-05,1e-05,-6e-05,-3e-05,-0.00013,-0.00016,0.0,0
35775,-1e-05,1e-05,1e-05,-6e-05,-3e-05,-0.00013,-0.00016,0.0,0
35776,-1e-05,1e-05,1e-05,-6e-05,-3e-05,-0.00013,-0.00016,0.0,0
35777,-1e-05,1e-05,1e-05,-6e-05,-3e-05,-0.00013,-0.00016,0.0,0
35778,-1e-05,1e-05,1e-05,-6e-05,-3e-05,-0.00013,-0.00016,0.0,0
35779,-1e-05,1e-05,1e-05,-6e-05,-3e-05,-0.00013,-0.00016,0.0,0
35780,-1e-05,1e-05,1e-05,-6e-05,-3e-05,-0.00013,-0.00016,0.0,0
35781,-1e-05,1e-05,1e-05,-6e-05,-3e-05,-0.00013,-0.00016,0.0,0
35782,-1e-05,1e-05,1e-05,-6e-05,-3e-05,-0.00013,-0.00016,0.0,0
35783,-1e-05,1e-05,1e-05,-6e-05,-3e-05,-0.00013,-0.00016,0.0,0
35784,-1e-05,1e-05,1e-05,-6e-05,-3e-05,-0.00013,-0.00016,0.0,0
35785,-1e-05,1e-05,1e-05,-6e-05,-3e-05,-0.00013,-0.00016,0.0,0
35786,-1e-05,1e-05,1e-05,-6e-05,-3e-05,-0.00013,-0.00016,0.0,0
35788,-1e-05,1e-05,1e-05,-6e-05,-3e-05,-0.00013,-0.00016,0.0,0
35789,-1e-05,1e-05,1e-05,-6e-05,-3e-05,-0.00013,-0.00016,0.0,0
35790,-1e-05,1e-05,1e-05,-6e-05,-3e-05,-0.00013,-0.00016,0.0,0
35791,-1e-05,1e-05,1e-05,-6e-05,-3e-05,-0.00013,-0.00016,0.0,0
35792,-1e-05,1e-05,1e-05,-6e-05,-3e-05,-0.00013,-0.00016,0.0,0
35793,3e-05,-2e-05,-5e-05,6e-05,0.00017,-1e-05,4e-05,-2e-05,0
35794,-9e-05,-3e-05,4e-05,3e-05,-0.0001,1e-05,-0.00035,-0.00011,0
35795,-9e-05,-3e-05,4e-05,3e-05,-0.0001,1e-05,-0.00035,-0.00011,0
35796,-9e-05,-3e-05,4e-05,3e-05,-0.0001,1e-05,-0.00035,-0.00011,0
35797,-9e-05,-3e-05,4e-05,3e-05,-0.0001,1e-05,-0.00035,-0.00011,0
35798,-9e-05,-3e-05,4e-05,3e-05,-0.0001,1e-05,-0.00035,-0.00011,0
35799,-9e-05,-3e-05,4e-05,3e-05,-0.0001,1e-05,-0.00035,-0.00011,0
35800,-9e-05,-3e-05,4e-05,3e-05,-0.0001,1e-05,-0.00035,-0.00011,0
35801,-9e-05,-3e-05,4e-05,3e-05,-0.0001,1e-05,-0.00035,-0.00011,0
35802,-9e-05,-3e-05,4e-05,3e-05,-0.0001,1e-05,-0.00035,-0.00011,0
35803,-9e-05,-3e-05,4e-05,3e-05,-0.0001,1e-05,-0.00035,-0.00011,0
35804,-9e-05,-3e-05,4e-05,3e-05,-0.0001,1e-05,-0.00035,-0.00011,0
35805,-9e-05,-3e-05,4e-05,3e-05,-0.0001,1e-05,-0.00035,-0.00011,0
35806,-9e-05,-3e-05,4e-05,3e-05,-0.0001,1e-05,-0.00035,-0.00011,0
35807,-9e-05,-3e-05,4e-05,3e-05,-0.0001,1e-05,-0.00035,-0.00011,0
35808,4e-05,1e-05,0.0,8e-05,0.00015,7e-05,3e-05,6e-05,0
35809,-8e-05,-3e-05,0.0,-2e-05,1e-05,-4e-05,-0.00037,-0.0001,0
35810,-8e-05,-3e-05,0.0,-2e-05,1e-05,-4e-05,-0.00037,-0.0001,0
35811,-8e-05,-3e-05,0.0,-2e-05,1e-05,-4e-05,-0.00037,-0.0001,0
35812,-8e-05,-3e-05,0.0,-2e-05,1e-05,-4e-05,-0.00037,-0.0001,0
35813,-8e-05,-3e-05,0.0,-2e-05,1e-05,-4e-05,-0.00037,-0.0001,0
35814,-8e-05,-3e-05,0.0,-2e-05,1e-05,-4e-05,-0.00037,-0.0001,0
35815,-8e-05,-3e-05,0.0,-2e-05,1e-05,-4e-05,-0.00037,-0.0001,0
35816,-8e-05,-3e-05,0.0,-2e-05,1e-05,-4e-05,-0.00037,-0.0001,0
35817,-8e-05,-3e-05,0.0,-2e-05,1e-05,-4e-05,-0.00037,-0.0001,0
35818,-8e-05,-3e-05,0.0,-2e-05,1e-05,-4e-05,-0.00037,-0.0001,0
35819,-8e-05,-3e-05,0.0,-2e-05,1e-05,-4e-05,-0.00037,-0.0001,0
35820,-8e-05,-3e-05,0.0,-2e-05,1e-05,-4e-05,-0.00037,-0.0001,0
35821,-8e-05,-3e-05,0.0,-2e-05,1e-05,-4e-05,-0.00037,-0.0001,0
35822,-7e-05,-3e-05,-5e-05,-0.00013,-0.00017,-7e-05,0.00029,0.0,0
35823,-7e-05,-3e-05,-5e-05,-0.00013,-0.00017,-7e-05,0.00029,0.0,0
35824,-7e-05,-3e-05,-5e-05,-0.00013,-0.00017,-7e-05,0.00029,0.0,0
35825,-7e-05,-3e-05,-5e-05,-0.00013,-0.00017,-7e-05,0.00029,0.0,0
35826,-7e-05,-3e-05,-5e-05,-0.00013,-0.00017,-7e-05,0.00029,0.0,0
35827,-7e-05,-3e-05,-5e-05,-0.00013,-0.00017,-7e-05,0.00029,0.0,0
35828,-7e-05,-3e-05,-5e-05,-0.00013,-0.00017,-7e-05,0.00029,0.0,0
35829,1e-05,-2e-05,-4e-05,-2e-05,0.00017,-0.00013,-0.00012,-0.00012,0
35830,1e-05,-2e-05,-4e-05,-2e-05,0.00017,-0.00013,-0.00012,-0.00012,0
35831,1e-05,-2e-05,-4e-05,-2e-05,0.00017,-0.00013,-0.00012,-0.00012,0
35832,1e-05,-2e-05,-4e-05,-2e-05,0.00017,-0.00013,-0.00012,-0.00012,0
35833,1e-05,-2e-05,-4e-05,-2e-05,0.00017,-0.00013,-0.00012,-0.00012,0
35834,1e-05,-2e-05,-4e-05,-2e-05,0.00017,-0.00013,-0.00012,-0.00012,0
35835,1e-05,-2e-05,-4e-05,-2e-05,0.00017,-0.00013,-0.00012,-0.00012,0
35836,1e-05,-2e-05,-4e-05,-2e-05,0.00017,-0.00013,-0.00012,-0.00012,0
35838,1e-05,-2e-05,-4e-05,-2e-05,0.00017,-0.00013,-0.00012,-0.00012,0
35840,1e-05,-2e-05,-4e-05,-2e-05,0.00017,-0.00013,-0.00012,-0.00012,0
35841,1e-05,-2e-05,-4e-05,-2e-05,0.00017,-0.00013,-0.00012,-0.00012,0
35842,1e-05,-2e-05,-4e-05,-2e-05,0.00017,-0.00013,-0.00012,-0.00012,0
35843,1e-05,-2e-05,-4e-05,-2e-05,0.00017,-0.00013,-0.00012,-0.00012,0
35844,1e-05,-2e-05,-4e-05,-2e-05,0.00017,-0.00013,-0.00012,-0.00012,0
35845,-0.00033,-8e-05,-3e-05,9e-05,0.00047,-5e-05,-4e-05,-0.00012,0
35846,-0.00033,-8e-05,-3e-05,9e-05,0.00047,-5e-05,-4e-05,-0.00012,0
35847,-2e-05,4e-05,4e-05,-0.00018,-0.00011,4e-05,0.00029,0.00011,0
35848,-2e-05,4e-05,4e-05,-0.00018,-0.00011,4e-05,0.00029,0.00011,0
35849,-2e-05,4e-05,4e-05,-0.00018,-0.00011,4e-05,0.00029,0.00011,0
35850,-2e-05,4e-05,4e-05,-0.00018,-0.00011,4e-05,0.00029,0.00011,0
35851,-2e-05,4e-05,4e-05,-0.00018,-0.00011,4e-05,0.00029,0.00011,0
35852,-2e-05,4e-05,4e-05,-0.00018,-0.00011,4e-05,0.00029,0.00011,0
35854,-2e-05,4e-05,4e-05,-0.00018,-0.00011,4e-05,0.00029,0.00011,0
35855,-2e-05,4e-05,4e-05,-0.00018,-0.00011,4e-05,0.00029,0.00011,0
35856,-2e-05,4e-05,4e-05,-0.00018,-0.00011,4e-05,0.00029,0.00011,0
35857,-2e-05,4e-05,4e-05,-0.00018,-0.00011,4e-05,0.00029,0.00011,0
35858,-2e-05,4e-05,4e-05,-0.00018,-0.00011,4e-05,0.00029,0.00011,0
35859,-2e-05,4e-05,4e-05,-0.00018,-0.00011,4e-05,0.00029,0.00011,0
35860,-2e-05,4e-05,4e-05,-0.00018,-0.00011,4e-05,0.00029,0.00011,0
35861,-2e-05,4e-05,4e-05,-0.00018,-0.00011,4e-05,0.00029,0.00011,0
35862,-2e-05,4e-05,4e-05,-0.00018,-0.00011,4e-05,0.00029,0.00011,0
35863,-2e-05,4e-05,4e-05,-0.00018,-0.00011,4e-05,0.00029,0.00011,0
35864,-2e-05,4e-05,4e-05,-0.00018,-0.00011,4e-05,0.00029,0.00011,0
35865,-2e-05,4e-05,4e-05,-0.00018,-0.00011,4e-05,0.00029,0.00011,0
35866,-2e-05,4e-05,4e-05,-0.00018,-0.00011,4e-05,0.00029,0.00011,0
35867,-2e-05,4e-05,4e-05,-0.00018,-0.00011,4e-05,0.00029,0.00011,0
35868,9e-05,2e-05,2e-05,-9e-05,-7e-05,4e-05,0.00027,0.00011,0
35869,3e-05,-4e-05,-2e-05,-2e-05,-5e-05,-6e-05,9e-05,7e-05,0
35870,3e-05,-4e-05,-2e-05,-2e-05,-5e-05,-6e-05,9e-05,7e-05,0
35871,3e-05,-4e-05,-2e-05,-2e-05,-5e-05,-6e-05,9e-05,7e-05,0
35872,3e-05,-4e-05,-2e-05,-2e-05,-5e-05,-6e-05,9e-05,7e-05,0
35873,3e-05,-4e-05,-2e-05,-2e-05,-5e-05,-6e-05,9e-05,7e-05,0
35874,3e-05,-4e-05,-2e-05,-2e-05,-5e-05,-6e-05,9e-05,7e-05,0
35875,3e-05,-4e-05,-2e-05,-2e-05,-5e-05,-6e-05,9e-05,7e-05,0
35876,3e-05,-4e-05,-2e-05,-2e-05,-5e-05,-6e-05,9e-05,7e-05,0
35877,3e-05,-4e-05,-2e-05,-2e-05,-5e-05,-6e-05,9e-05,7e-05,0
35879,3e-05,-4e-05,-2e-05,-2e-05,-5e-05,-6e-05,9e-05,7e-05,0
35880,3e-05,-4e-05,-2e-05,-2e-05,-5e-05,-6e-05,9e-05,7e-05,0
35881,3e-05,-4e-05,-2e-05,-2e-05,-5e-05,-6e-05,9e-05,7e-05,0
35882,0.00013,-3e-05,-7e-05,-4e-05,-0.00013,3e-05,-1e-05,4e-05,0
35883,0.00013,-3e-05,-7e-05,-4e-05,-0.00013,3e-05,-1e-05,4e-05,0
35884,0.00013,-3e-05,-7e-05,-4e-05,-0.00013,3e-05,-1e-05,4e-05,0
35885,0.00013,-3e-05,-7e-05,-4e-05,-0.00013,3e-05,-1e-05,4e-05,0
35886,0.00013,-3e-05,-7e-05,-4e-05,-0.00013,3e-05,-1e-05,4e-05,0
35889,1e-05,0.0,0.0001,0.00022,-0.00016,-1e-05,0.00013,2e-05,0
35890,1e-05,0.0,0.0001,0.00022,-0.00016,-1e-05,0.00013,2e-05,0
35891,1e-05,0.0,0.0001,0.00022,-0.00016,-1e-05,0.00013,2e-05,0
35892,1e-05,0.0,0.0001,0.00022,-0.00016,-1e-05,0.00013,2e-05,0
35893,1e-05,0.0,0.0001,0.00022,-0.00016,-1e-05,0.00013,2e-05,0
35894,1e-05,0.0,0.0001,0.00022,-0.00016,-1e-05,0.00013,2e-05,0
35895,1e-05,0.0,0.0001,0.00022,-0.00016,-1e-05,0.00013,2e-05,0
35896,1e-05,0.0,0.0001,0.00022,-0.00016,-1e-05,0.00013,2e-05,0
35897,1e-05,0.0,0.0001,0.00022,-0.00016,-1e-05,0.00013,2e-05,0
35898,1e-05,0.0,0.0001,0.00022,-0.00016,-1e-05,0.00013,2e-05,0
35899,1e-05,0.0,0.0001,0.00022,-0.00016,-1e-05,0.00013,2e-05,0
35900,1e-05,0.0,0.0001,0.00022,-0.00016,-1e-05,0.00013,2e-05,0
35901,1e-05,0.0,0.0001,0.00022,-0.00016,-1e-05,0.00013,2e-05,0
35902,1e-05,0.0,0.0001,0.00022,-0.00016,-1e-05,0.00013,2e-05,0
35904,1e-05,0.0,0.0001,0.00022,-0.00016,-1e-05,0.00013,2e-05,0
35905,-7e-05,-0.0001,-0.00013,0.0004,-9e-05,-3e-05,-0.00058,-0.00012,0
35906,-7e-05,-0.0001,-0.00013,0.0004,-9e-05,-3e-05,-0.00058,-0.00012,0
35907,-7e-05,-0.0001,-0.00013,0.0004,-9e-05,-3e-05,-0.00058,-0.00012,0
35908,-7e-05,-0.0001,-0.00013,0.0004,-9e-05,-3e-05,-0.00058,-0.00012,0
35909,-7e-05,-0.0001,-0.00013,0.0004,-9e-05,-3e-05,-0.00058,-0.00012,0
35910,-7e-05,-0.0001,-0.00013,0.0004,-9e-05,-3e-05,-0.00058,-0.00012,0
35911,3e-05,2e-05,0.0,-0.00022,-0.00011,-5e-05,3e-05,-1e-05,0
35912,3e-05,2e-05,0.0,-0.00022,-0.00011,-5e-05,3e-05,-1e-05,0
35913,3e-05,2e-05,0.0,-0.00022,-0.00011,-5e-05,3e-05,-1e-05,0
35914,3e-05,2e-05,0.0,-0.00022,-0.00011,-5e-05,3e-05,-1e-05,0
35915,3e-05,2e-05,0.0,-0.00022,-0.00011,-5e-05,3e-05,-1e-05,0
35916,3e-05,2e-05,0.0,-0.00022,-0.00011,-5e-05,3e-05,-1e-05,0
35917,3e-05,2e-05,0.0,-0.00022,-0.00011,-5e-05,3e-05,-1e-05,0
35918,3e-05,2e-05,0.0,-0.00022,-0.00011,-5e-05,3e-05,-1e-05,0
35919,3e-05,2e-05,0.0,-0.00022,-0.00011,-5e-05,3e-05,-1e-05,0
35920,3e-05,2e-05,0.0,-0.00022,-0.00011,-5e-05,3e-05,-1e-05,0
35921,3e-05,2e-05,0.0,-0.00022,-0.00011,-5e-05,3e-05,-1e-05,0
35922,3e-05,2e-05,0.0,-0.00022,-0.00011,-5e-05,3e-05,-1e-05,0
35923,3e-05,2e-05,0.0,-0.00022,-0.00011,-5e-05,3e-05,-1e-05,0
35924,3e-05,2e-05,0.0,-0.00022,-0.00011,-5e-05,3e-05,-1e-05,0
35925,3e-05,2e-05,0.0,-0.00022,-0.00011,-5e-05,3e-05,-1e-05,0
35927,3e-05,2e-05,0.0,-0.00022,-0.00011,-5e-05,3e-05,-1e-05,0
35928,3e-05,2e-05,0.0,-0.00022,-0.00011,-5e-05,3e-05,-1e-05,0
35929,3e-05,2e-05,0.0,-0.00022,-0.00011,-5e-05,3e-05,-1e-05,0
35930,3e-05,2e-05,0.0,-0.00022,-0.00011,-5e-05,3e-05,-1e-05,0
35931,3e-05,2e-05,0.0,-0.00022,-0.00011,-5e-05,3e-05,-1e-05,0
35932,3e-05,2e-05,0.0,-0.00022,-0.00011,-5e-05,3e-05,-1e-05,0
35933,3e-05,2e-05,0.0,-0.00022,-0.00011,-5e-05,3e-05,-1e-05,0
35934,3e-05,2e-05,0.0,-0.00022,-0.00011,-5e-05,3e-05,-1e-05,0
35935,0.0,-3e-05,-1e-05,-0.00011,-0.00012,5e-05,-2e-05,4e-05,0
35936,0.0,-3e-05,-1e-05,-0.00011,-0.00012,5e-05,-2e-05,4e-05,0
35938,9e-05,1e-05,2e-05,0.0001,4e-05,-4e-05,2e-05,6e-05,0
35939,9e-05,1e-05,2e-05,0.0001,4e-05,-4e-05,2e-05,6e-05,0
35940,9e-05,1e-05,2e-05,0.0001,4e-05,-4e-05,2e-05,6e-05,0
35941,9e-05,1e-05,2e-05,0.0001,4e-05,-4e-05,2e-05,6e-05,0
35942,9e-05,1e-05,2e-05,0.0001,4e-05,-4e-05,2e-05,6e-05,0
35943,9e-05,1e-05,2e-05,0.0001,4e-05,-4e-05,2e-05,6e-05,0
35944,9e-05,1e-05,2e-05,0.0001,4e-05,-4e-05,2e-05,6e-05,0
35945,9e-05,1e-05,2e-05,0.0001,4e-05,-4e-05,2e-05,6e-05,0
35946,9e-05,1e-05,2e-05,0.0001,4e-05,-4e-05,2e-05,6e-05,0
35947,9e-05,1e-05,2e-05,0.0001,4e-05,-4e-05,2e-05,6e-05,0
35948,9e-05,1e-05,2e-05,0.0001,4e-05,-4e-05,2e-05,6e-05,0
35949,9e-05,1e-05,2e-05,0.0001,4e-05,-4e-05,2e-05,6e-05,0
35950,0.00011,7e-05,2e-05,-0.0003,-0.00012,5e-05,0.00014,6e-05,0
35951,0.00011,7e-05,2e-05,-0.0003,-0.00012,5e-05,0.00014,6e-05,0
35952,-6e-05,1e-05,-1e-05,-0.00015,-2e-05,-2e-05,0.00028,3e-05,0
35954,-6e-05,1e-05,-1e-05,-0.00015,-2e-05,-2e-05,0.00028,3e-05,0
35955,-6e-05,1e-05,-1e-05,-0.00015,-2e-05,-2e-05,0.00028,3e-05,0
35956,-6e-05,1e-05,-1e-05,-0.00015,-2e-05,-2e-05,0.00028,3e-05,0
35957,-6e-05,1e-05,-1e-05,-0.00015,-2e-05,-2e-05,0.00028,3e-05,0
35958,-6e-05,1e-05,-1e-05,-0.00015,-2e-05,-2e-05,0.00028,3e-05,0
35959,-6e-05,1e-05,-1e-05,-0.00015,-2e-05,-2e-05,0.00028,3e-05,0
35960,-6e-05,1e-05,-1e-05,-0.00015,-2e-05,-2e-05,0.00028,3e-05,0
35961,-6e-05,1e-05,-1e-05,-0.00015,-2e-05,-2e-05,0.00028,3e-05,0
35962,-6e-05,1e-05,-1e-05,-0.00015,-2e-05,-2e-05,0.00028,3e-05,0
35963,-6e-05,1e-05,-1e-05,-0.00015,-2e-05,-2e-05,0.00028,3e-05,0
35964,-6e-05,1e-05,-1e-05,-0.00015,-2e-05,-2e-05,0.00028,3e-05,0
35965,9e-05,1e-05,1e-05,0.00021,5e-05,1e-05,2e-05,6e-05,0
35966,9e-05,1e-05,1e-05,0.00021,5e-05,1e-05,2e-05,6e-05,0
35967,9e-05,1e-05,1e-05,0.00021,5e-05,1e-05,2e-05,6e-05,0
35968,9e-05,1e-05,1e-05,0.00021,5e-05,1e-05,2e-05,6e-05,0
35969,9e-05,1e-05,1e-05,0.00021,5e-05,1e-05,2e-05,6e-05,0
35970,9e-05,1e-05,1e-05,0.00021,5e-05,1e-05,2e-05,6e-05,0
35971,9e-05,1e-05,1e-05,0.00021,5e-05,1e-05,2e-05,6e-05,0
35972,9e-05,1e-05,1e-05,0.00021,5e-05,1e-05,2e-05,6e-05,0
35973,-3e-05,-4e-05,-0.00012,0.00017,0.00011,-0.00011,-0.00031,-9e-05,0
35974,-3e-05,-4e-05,-0.00012,0.00017,0.00011,-0.00011,-0.00031,-9e-05,0
35975,-3e-05,-4e-05,-0.00012,0.00017,0.00011,-0.00011,-0.00031,-9e-05,0
35976,-3e-05,-4e-05,-0.00012,0.00017,0.00011,-0.00011,-0.00031,-9e-05,0
35977,-3e-05,-4e-05,-0.00012,0.00017,0.00011,-0.00011,-0.00031,-9e-05,0
35978,-3e-05,-4e-05,-0.00012,0.00017,0.00011,-0.00011,-0.00031,-9e-05,0
35979,-3e-05,-4e-05,-0.00012,0.00017,0.00011,-0.00011,-0.00031,-9e-05,0
35980,-3e-05,-4e-05,-0.00012,0.00017,0.00011,-0.00011,-0.00031,-9e-05,0
35981,-3e-05,-4e-05,-0.00012,0.00017,0.00011,-0.00011,-0.00031,-9e-05,0
35982,-3e-05,-4e-05,-0.00012,0.00017,0.00011,-0.00011,-0.00031,-9e-05,0
35983,-3e-05,-4e-05,-0.00012,0.00017,0.00011,-0.00011,-0.00031,-9e-05,0
35984,-3e-05,-4e-05,-0.00012,0.00017,0.00011,-0.00011,-0.00031,-9e-05,0
35985,-3e-05,-4e-05,-0.00012,0.00017,0.00011,-0.00011,-0.00031,-9e-05,0
35986,-3e-05,-4e-05,-0.00012,0.00017,0.00011,-0.00011,-0.00031,-9e-05,0
35989,0.0,3e-05,2e-05,0.00011,-1e-05,3e-05,-0.00015,-8e-05,0
35990,0.0,3e-05,2e-05,0.00011,-1e-05,3e-05,-0.00015,-8e-05,0
35991,0.0,3e-05,2e-05,0.00011,-1e-05,3e-05,-0.00015,-8e-05,0
35992,0.0,3e-05,2e-05,0.00011,-1e-05,3e-05,-0.00015,-8e-05,0
35993,0.0,3e-05,2e-05,0.00011,-1e-05,3e-05,-0.00015,-8e-05,0
35994,0.0,3e-05,2e-05,0.00011,-1e-05,3e-05,-0.00015,-8e-05,0
35995,0.0,3e-05,2e-05,0.00011,-1e-05,3e-05,-0.00015,-8e-05,0
35996,0.0,3e-05,2e-05,0.00011,-1e-05,3e-05,-0.00015,-8e-05,0
35997,0.0,3e-05,2e-05,0.00011,-1e-05,3e-05,-0.00015,-8e-05,0
35998,0.0,3e-05,2e-05,0.00011,-1e-05,3e-05,-0.00015,-8e-05,0
35999,0.0,3e-05,2e-05,0.00011,-1e-05,3e-05,-0.00015,-8e-05,0
36000,0.0,3e-05,2e-05,0.00011,-1e-05,3e-05,-0.00015,-8e-05,0
36001,0.0,3e-05,2e-05,0.00011,-1e-05,3e-05,-0.00015,-8e-05,0
36002,-0.00018,-1e-05,0.00012,-0.00014,-3e-05,-0.00014,-1e-05,-0.00016,0
36004,-0.00018,-1e-05,0.00012,-0.00014,-3e-05,-0.00014,-1e-05,-0.00016,0
36005,-0.00018,-1e-05,0.00012,-0.00014,-3e-05,-0.00014,-1e-05,-0.00016,0
36006,-0.00018,-1e-05,0.00012,-0.00014,-3e-05,-0.00014,-1e-05,-0.00016,0
36007,-0.00018,-1e-05,0.00012,-0.00014,-3e-05,-0.00014,-1e-05,-0.00016,0
36008,-0.00018,-1e-05,0.00012,-0.00014,-3e-05,-0.00014,-1e-05,-0.00016,0
36009,0.00016,0.0,-3e-05,-2e-05,0.00012,-2e-05,-7e-05,4e-05,0
36010,0.00016,0.0,-3e-05,-2e-05,0.00012,-2e-05,-7e-05,4e-05,0
36011,0.00016,0.0,-3e-05,-2e-05,0.00012,-2e-05,-7e-05,4e-05,0
36012,0.00016,0.0,-3e-05,-2e-05,0.00012,-2e-05,-7e-05,4e-05,0
36013,0.00016,0.0,-3e-05,-2e-05,0.00012,-2e-05,-7e-05,4e-05,0
36014,0.00016,0.0,-3e-05,-2e-05,0.00012,-2e-05,-7e-05,4e-05,0
36015,0.00016,0.0,-3e-05,-2e-05,0.00012,-2e-05,-7e-05,4e-05,0
36016,0.00016,0.0,-3e-05,-2e-05,0.00012,-2e-05,-7e-05,4e-05,0
36017,0.00016,0.0,-3e-05,-2e-05,0.00012,-2e-05,-7e-05,4e-05,0
36018,0.00016,0.0,-3e-05,-2e-05,0.00012,-2e-05,-7e-05,4e-05,0
36019,0.00016,0.0,-3e-05,-2e-05,0.00012,-2e-05,-7e-05,4e-05,0
36020,0.00016,0.0,-3e-05,-2e-05,0.00012,-2e-05,-7e-05,4e-05,0
36021,0.00016,0.0,-3e-05,-2e-05,0.00012,-2e-05,-7e-05,4e-05,0
36022,0.00016,0.0,-3e-05,-2e-05,0.00012,-2e-05,-7e-05,4e-05,0
36023,0.00016,0.0,-3e-05,-2e-05,0.00012,-2e-05,-7e-05,4e-05,0
36024,0.00016,0.0,-3e-05,-2e-05,0.00012,-2e-05,-7e-05,4e-05,0
36025,0.0,-3e-05,-2e-05,0.00013,5e-05,7e-05,0.00028,-4e-05,0
36026,0.0,-3e-05,-2e-05,0.00013,5e-05,7e-05,0.00028,-4e-05,0
36027,-3e-05,-5e-05,-5e-05,0.0,1e-05,-1e-05,0.00074,0.00025,0
36028,-3e-05,-5e-05,-5e-05,0.0,1e-05,-1e-05,0.00074,0.00025,0
36029,-3e-05,-5e-05,-5e-05,0.0,1e-05,-1e-05,0.00074,0.00025,0
36030,-3e-05,-5e-05,-5e-05,0.0,1e-05,-1e-05,0.00074,0.00025,0
36031,-3e-05,-5e-05,-5e-05,0.0,1e-05,-1e-05,0.00074,0.00025,0
36032,-3e-05,-5e-05,-5e-05,0.0,1e-05,-1e-05,0.00074,0.00025,0
36033,-3e-05,-5e-05,-5e-05,0.0,1e-05,-1e-05,0.00074,0.00025,0
36034,-3e-05,-5e-05,-5e-05,0.0,1e-05,-1e-05,0.00074,0.00025,0
36035,-3e-05,-5e-05,-5e-05,0.0,1e-05,-1e-05,0.00074,0.00025,0
36036,-3e-05,-5e-05,-5e-05,0.0,1e-05,-1e-05,0.00074,0.00025,0
36038,-3e-05,-5e-05,-5e-05,0.0,1e-05,-1e-05,0.00074,0.00025,0
36039,-3e-05,-5e-05,-5e-05,0.0,1e-05,-1e-05,0.00074,0.00025,0
36040,-3e-05,-5e-05,-5e-05,0.0,1e-05,-1e-05,0.00074,0.00025,0
36041,-3e-05,-5e-05,-5e-05,0.0,1e-05,-1e-05,0.00074,0.00025,0
36042,-3e-05,-5e-05,-5e-05,0.0,1e-05,-1e-05,0.00074,0.00025,0
36043,-3e-05,-5e-05,-5e-05,0.0,1e-05,-1e-05,0.00074,0.00025,0
36044,-3e-05,-5e-05,-5e-05,0.0,1e-05,-1e-05,0.00074,0.00025,0
36045,-3e-05,-5e-05,-5e-05,0.0,1e-05,-1e-05,0.00074,0.00025,0
36046,-3e-05,-5e-05,-5e-05,0.0,1e-05,-1e-05,0.00074,0.00025,0
36047,-3e-05,-5e-05,-5e-05,0.0,1e-05,-1e-05,0.00074,0.00025,0
36048,-0.00014,-0.0001,-0.0001,-0.00097,-0.00013,-0.00045,-8e-05,-5e-05,0
36049,-2e-05,2e-05,0.0,-0.00021,7e-05,0.00042,0.00053,5e-05,0
36050,-2e-05,2e-05,0.0,-0.00021,7e-05,0.00042,0.00053,5e-05,0
36051,-2e-05,2e-05,0.0,-0.00021,7e-05,0.00042,0.00053,5e-05,0
36052,-2e-05,2e-05,0.0,-0.00021,7e-05,0.00042,0.00053,5e-05,0
36054,-2e-05,2e-05,0.0,-0.00021,7e-05,0.00042,0.00053,5e-05,0
36055,-2e-05,2e-05,0.0,-0.00021,7e-05,0.00042,0.00053,5e-05,0
36056,-2e-05,2e-05,0.0,-0.00021,7e-05,0.00042,0.00053,5e-05,0
36057,-2e-05,2e-05,0.0,-0.00021,7e-05,0.00042,0.00053,5e-05,0
36058,-2e-05,2e-05,0.0,-0.00021,7e-05,0.00042,0.00053,5e-05,0
36059,-2e-05,2e-05,0.0,-0.00021,7e-05,0.00042,0.00053,5e-05,0
36060,-2e-05,2e-05,0.0,-0.00021,7e-05,0.00042,0.00053,5e-05,0
36061,-2e-05,2e-05,0.0,-0.00021,7e-05,0.00042,0.00053,5e-05,0
36062,-2e-05,2e-05,0.0,-0.00021,7e-05,0.00042,0.00053,5e-05,0
36063,-2e-05,2e-05,0.0,-0.00021,7e-05,0.00042,0.00053,5e-05,0
36064,-2e-05,2e-05,0.0,-0.00021,7e-05,0.00042,0.00053,5e-05,0
36065,-2e-05,2e-05,0.0,-0.00021,7e-05,0.00042,0.00053,5e-05,0
36066,-2e-05,2e-05,0.0,-0.00021,7e-05,0.00042,0.00053,5e-05,0
36067,-2e-05,2e-05,0.0,-0.00021,7e-05,0.00042,0.00053,5e-05,0
36068,-2e-05,2e-05,0.0,-0.00021,7e-05,0.00042,0.00053,5e-05,0
36069,-2e-05,2e-05,0.0,-0.00021,7e-05,0.00042,0.00053,5e-05,0
36070,-2e-05,0.0,-8e-05,-4e-05,-3e-05,9e-05,0.00017,2e-05,0
36071,-2e-05,0.0,-8e-05,-4e-05,-3e-05,9e-05,0.00017,2e-05,0
36072,-7e-05,-9e-05,-9e-05,-0.00026,-2e-05,-7e-05,-0.00027,-7e-05,0
36073,-7e-05,-9e-05,-9e-05,-0.00026,-2e-05,-7e-05,-0.00027,-7e-05,0
36074,-7e-05,-9e-05,-9e-05,-0.00026,-2e-05,-7e-05,-0.00027,-7e-05,0
36075,-7e-05,-9e-05,-9e-05,-0.00026,-2e-05,-7e-05,-0.00027,-7e-05,0
36076,-7e-05,-9e-05,-9e-05,-0.00026,-2e-05,-7e-05,-0.00027,-7e-05,0
36077,-7e-05,-9e-05,-9e-05,-0.00026,-2e-05,-7e-05,-0.00027,-7e-05,0
36078,-7e-05,-9e-05,-9e-05,-0.00026,-2e-05,-7e-05,-0.00027,-7e-05,0
36079,-7e-05,-9e-05,-9e-05,-0.00026,-2e-05,-7e-05,-0.00027,-7e-05,0
36080,-7e-05,-9e-05,-9e-05,-0.00026,-2e-05,-7e-05,-0.00027,-7e-05,0
36081,-7e-05,-9e-05,-9e-05,-0.00026,-2e-05,-7e-05,-0.00027,-7e-05,0
36082,-7e-05,-9e-05,-9e-05,-0.00026,-2e-05,-7e-05,-0.00027,-7e-05,0
36083,-7e-05,-9e-05,-9e-05,-0.00026,-2e-05,-7e-05,-0.00027,-7e-05,0
36084,-7e-05,-9e-05,-9e-05,-0.00026,-2e-05,-7e-05,-0.00027,-7e-05,0
36085,-7e-05,-9e-05,-9e-05,-0.00026,-2e-05,-7e-05,-0.00027,-7e-05,0
36086,-7e-05,-9e-05,-9e-05,-0.00026,-2e-05,-7e-05,-0.00027,-7e-05,0
36088,-7e-05,-9e-05,-9e-05,-0.00026,-2e-05,-7e-05,-0.00027,-7e-05,0
36089,-7e-05,-9e-05,-9e-05,-0.00026,-2e-05,-7e-05,-0.00027,-7e-05,0
36090,-7e-05,-9e-05,-9e-05,-0.00026,-2e-05,-7e-05,-0.00027,-7e-05,0
36091,-7e-05,-9e-05,-9e-05,-0.00026,-2e-05,-7e-05,-0.00027,-7e-05,0
36092,-7e-05,-9e-05,-9e-05,-0.00026,-2e-05,-7e-05,-0.00027,-7e-05,0
36093,0.0,-1e-05,2e-05,-0.00024,-3e-05,0.00019,-0.0003,7e-05,0
36094,-5e-05,-2e-05,-0.00013,0.00051,-4e-05,0.00017,0.0004,8e-05,0
36095,-5e-05,-2e-05,-0.00013,0.00051,-4e-05,0.00017,0.0004,8e-05,0
36096,-5e-05,-2e-05,-0.00013,0.00051,-4e-05,0.00017,0.0004,8e-05,0
36097,-5e-05,-2e-05,-0.00013,0.00051,-4e-05,0.00017,0.0004,8e-05,0
36098,-5e-05,-2e-05,-0.00013,0.00051,-4e-05,0.00017,0.0004,8e-05,0
36099,-5e-05,-2e-05,-0.00013,0.00051,-4e-05,0.00017,0.0004,8e-05,0
36100,-5e-05,-2e-05,-0.00013,0.00051,-4e-05,0.00017,0.0004,8e-05,0
36101,-5e-05,-2e-05,-0.00013,0.00051,-4e-05,0.00017,0.0004,8e-05,0
36102,-5e-05,-2e-05,-0.00013,0.00051,-4e-05,0.00017,0.0004,8e-05,0
36104,-5e-05,-2e-05,-0.00013,0.00051,-4e-05,0.00017,0.0004,8e-05,0
36105,-5e-05,-2e-05,-0.00013,0.00051,-4e-05,0.00017,0.0004,8e-05,0
36106,-5e-05,-2e-05,-0.00013,0.00051,-4e-05,0.00017,0.0004,8e-05,0
36107,-5e-05,-2e-05,-0.00013,0.00051,-4e-05,0.00017,0.0004,8e-05,0
36108,6e-05,-1e-05,-0.00025,-0.00047,0.0,0.00025,-0.00011,-2e-05,0
36109,0.00013,-2e-05,-8e-05,0.00031,-8e-05,-0.00019,-0.00054,-2e-05,0
36110,0.00013,-2e-05,-8e-05,0.00031,-8e-05,-0.00019,-0.00054,-2e-05,0
36111,0.00013,-2e-05,-8e-05,0.00031,-8e-05,-0.00019,-0.00054,-2e-05,0
36112,0.00013,-2e-05,-8e-05,0.00031,-8e-05,-0.00019,-0.00054,-2e-05,0
36113,0.00013,-2e-05,-8e-05,0.00031,-8e-05,-0.00019,-0.00054,-2e-05,0
36114,0.00013,-2e-05,-8e-05,0.00031,-8e-05,-0.00019,-0.00054,-2e-05,0
36115,0.00013,-2e-05,-8e-05,0.00031,-8e-05,-0.00019,-0.00054,-2e-05,0
36116,0.00013,-2e-05,-8e-05,0.00031,-8e-05,-0.00019,-0.00054,-2e-05,0
36117,0.00013,-2e-05,-8e-05,0.00031,-8e-05,-0.00019,-0.00054,-2e-05,0
36118,0.00013,-2e-05,-8e-05,0.00031,-8e-05,-0.00019,-0.00054,-2e-05,0
36119,0.00013,-2e-05,-8e-05,0.00031,-8e-05,-0.00019,-0.00054,-2e-05,0
36120,0.00013,-2e-05,-8e-05,0.00031,-8e-05,-0.00019,-0.00054,-2e-05,0
36121,2e-05,8e-05,3e-05,-4e-05,-4e-05,-0.00015,0.00054,-2e-05,0
36122,2e-05,8e-05,3e-05,-4e-05,-4e-05,-0.00015,0.00054,-2e-05,0
36123,2e-05,8e-05,3e-05,-4e-05,-4e-05,-0.00015,0.00054,-2e-05,0
36124,2e-05,8e-05,3e-05,-4e-05,-4e-05,-0.00015,0.00054,-2e-05,0
36125,2e-05,8e-05,3e-05,-4e-05,-4e-05,-0.00015,0.00054,-2e-05,0
36126,2e-05,8e-05,3e-05,-4e-05,-4e-05,-0.00015,0.00054,-2e-05,0
36127,2e-05,8e-05,3e-05,-4e-05,-4e-05,-0.00015,0.00054,-2e-05,0
36128,2e-05,8e-05,3e-05,-4e-05,-4e-05,-0.00015,0.00054,-2e-05,0
36129,2e-05,8e-05,3e-05,-4e-05,-4e-05,-0.00015,0.00054,-2e-05,0
36130,2e-05,8e-05,3e-05,-4e-05,-4e-05,-0.00015,0.00054,-2e-05,0
36131,-6e-05,2e-05,9e-05,-1e-05,-7e-05,-0.00012,-0.0007,-0.0001,0
36132,-6e-05,2e-05,9e-05,-1e-05,-7e-05,-0.00012,-0.0007,-0.0001,0
36133,-6e-05,2e-05,9e-05,-1e-05,-7e-05,-0.00012,-0.0007,-0.0001,0
36134,-6e-05,2e-05,9e-05,-1e-05,-7e-05,-0.00012,-0.0007,-0.0001,0
36135,-6e-05,2e-05,9e-05,-1e-05,-7e-05,-0.00012,-0.0007,-0.0001,0
36136,-6e-05,2e-05,9e-05,-1e-05,-7e-05,-0.00012,-0.0007,-0.0001,0
36138,-6e-05,2e-05,9e-05,-1e-05,-7e-05,-0.00012,-0.0007,-0.0001,0
36139,-6e-05,2e-05,9e-05,-1e-05,-7e-05,-0.00012,-0.0007,-0.0001,0
36140,-6e-05,2e-05,9e-05,-1e-05,-7e-05,-0.00012,-0.0007,-0.0001,0
36141,-6e-05,2e-05,9e-05,-1e-05,-7e-05,-0.00012,-0.0007,-0.0001,0
36142,-6e-05,2e-05,9e-05,-1e-05,-7e-05,-0.00012,-0.0007,-0.0001,0
36143,-6e-05,2e-05,9e-05,-1e-05,-7e-05,-0.00012,-0.0007,-0.0001,0
36144,-6e-05,2e-05,9e-05,-1e-05,-7e-05,-0.00012,-0.0007,-0.0001,0
36145,0.00014,5e-05,0.00013,0.0001,0.0,-7e-05,-0.00128,-1e-05,0
36146,0.00014,5e-05,0.00013,0.0001,0.0,-7e-05,-0.00128,-1e-05,0
36147,-5e-05,1e-05,9e-05,-0.00082,-0.00028,-0.00026,-0.0003,-0.0001,0
36148,-5e-05,1e-05,9e-05,-0.00082,-0.00028,-0.00026,-0.0003,-0.0001,0
36149,-5e-05,1e-05,9e-05,-0.00082,-0.00028,-0.00026,-0.0003,-0.0001,0
36150,-5e-05,1e-05,9e-05,-0.00082,-0.00028,-0.00026,-0.0003,-0.0001,0
36151,-5e-05,1e-05,9e-05,-0.00082,-0.00028,-0.00026,-0.0003,-0.0001,0
36152,-5e-05,1e-05,9e-05,-0.00082,-0.00028,-0.00026,-0.0003,-0.0001,0
36154,-5e-05,1e-05,9e-05,-0.00082,-0.00028,-0.00026,-0.0003,-0.0001,0
36155,-5e-05,1e-05,9e-05,-0.00082,-0.00028,-0.00026,-0.0003,-0.0001,0
36156,-5e-05,1e-05,9e-05,-0.00082,-0.00028,-0.00026,-0.0003,-0.0001,0
36157,-5e-05,1e-05,9e-05,-0.00082,-0.00028,-0.00026,-0.0003,-0.0001,0
36158,-5e-05,1e-05,9e-05,-0.00082,-0.00028,-0.00026,-0.0003,-0.0001,0
36159,-5e-05,1e-05,9e-05,-0.00082,-0.00028,-0.00026,-0.0003,-0.0001,0
36160,-5e-05,1e-05,9e-05,-0.00082,-0.00028,-0.00026,-0.0003,-0.0001,0
36161,-5e-05,1e-05,9e-05,-0.00082,-0.00028,-0.00026,-0.0003,-0.0001,0
36162,-5e-05,1e-05,9e-05,-0.00082,-0.00028,-0.00026,-0.0003,-0.0001,0
36163,-5e-05,1e-05,9e-05,-0.00082,-0.00028,-0.00026,-0.0003,-0.0001,0
36164,-5e-05,1e-05,9e-05,-0.00082,-0.00028,-0.00026,-0.0003,-0.0001,0
36165,-5e-05,1e-05,9e-05,-0.00082,-0.00028,-0.00026,-0.0003,-0.0001,0
36166,-5e-05,1e-05,9e-05,-0.00082,-0.00028,-0.00026,-0.0003,-0.0001,0
36167,-5e-05,1e-05,9e-05,-0.00082,-0.00028,-0.00026,-0.0003,-0.0001,0
36168,-0.00037,-0.00014,0.0,-0.00049,1e-05,-0.0001,5e-05,-8e-05,0
36169,0.00013,2e-05,3e-05,-0.00011,-0.00014,-3e-05,0.00062,0.00028,0
36170,0.00013,2e-05,3e-05,-0.00011,-0.00014,-3e-05,0.00062,0.00028,0
36171,0.00013,2e-05,3e-05,-0.00011,-0.00014,-3e-05,0.00062,0.00028,0
36172,0.00013,2e-05,3e-05,-0.00011,-0.00014,-3e-05,0.00062,0.00028,0
36173,0.00013,2e-05,3e-05,-0.00011,-0.00014,-3e-05,0.00062,0.00028,0
36174,0.00013,2e-05,3e-05,-0.00011,-0.00014,-3e-05,0.00062,0.00028,0
36175,0.00013,2e-05,3e-05,-0.00011,-0.00014,-3e-05,0.00062,0.00028,0
36176,0.00013,2e-05,3e-05,-0.00011,-0.00014,-3e-05,0.00062,0.00028,0
36177,0.00013,2e-05,3e-05,-0.00011,-0.00014,-3e-05,0.00062,0.00028,0
36178,0.00013,2e-05,3e-05,-0.00011,-0.00014,-3e-05,0.00062,0.00028,0
36179,0.00013,2e-05,3e-05,-0.00011,-0.00014,-3e-05,0.00062,0.00028,0
36180,0.00013,2e-05,3e-05,-0.00011,-0.00014,-3e-05,0.00062,0.00028,0
36181,0.00021,6e-05,3e-05,0.00047,-6e-05,6e-05,-0.00024,-0.00016,0
36182,0.00021,6e-05,3e-05,0.00047,-6e-05,6e-05,-0.00024,-0.00016,0
36183,0.00021,6e-05,3e-05,0.00047,-6e-05,6e-05,-0.00024,-0.00016,0
36184,0.00021,6e-05,3e-05,0.00047,-6e-05,6e-05,-0.00024,-0.00016,0
36185,0.00021,6e-05,3e-05,0.00047,-6e-05,6e-05,-0.00024,-0.00016,0
36186,0.00021,6e-05,3e-05,0.00047,-6e-05,6e-05,-0.00024,-0.00016,0
36188,0.00021,6e-05,3e-05,0.00047,-6e-05,6e-05,-0.00024,-0.00016,0
36189,0.00021,6e-05,3e-05,0.00047,-6e-05,6e-05,-0.00024,-0.00016,0
36190,-1e-05,-3e-05,-0.00016,-0.0002,-1e-05,-1e-05,-0.00019,-5e-05,0
36191,-1e-05,-3e-05,-0.00016,-0.0002,-1e-05,-1e-05,-0.00019,-5e-05,0
36192,-1e-05,-3e-05,-0.00016,-0.0002,-1e-05,-1e-05,-0.00019,-5e-05,0
36193,-1e-05,-3e-05,-0.00016,-0.0002,-1e-05,-1e-05,-0.00019,-5e-05,0
36194,-1e-05,-3e-05,-0.00016,-0.0002,-1e-05,-1e-05,-0.00019,-5e-05,0
36195,-1e-05,-3e-05,-0.00016,-0.0002,-1e-05,-1e-05,-0.00019,-5e-05,0
36196,-1e-05,-3e-05,-0.00016,-0.0002,-1e-05,-1e-05,-0.00019,-5e-05,0
36197,-1e-05,-3e-05,-0.00016,-0.0002,-1e-05,-1e-05,-0.00019,-5e-05,0
36198,-1e-05,-3e-05,-0.00016,-0.0002,-1e-05,-1e-05,-0.00019,-5e-05,0
36199,-1e-05,-3e-05,-0.00016,-0.0002,-1e-05,-1e-05,-0.00019,-5e-05,0
36200,-1e-05,-3e-05,-0.00016,-0.0002,-1e-05,-1e-05,-0.00019,-5e-05,0
36201,-1e-05,-3e-05,-0.00016,-0.0002,-1e-05,-1e-05,-0.00019,-5e-05,0
36202,-1e-05,-3e-05,-0.00016,-0.0002,-1e-05,-1e-05,-0.00019,-5e-05,0
36204,-1e-05,-3e-05,-0.00016,-0.0002,-1e-05,-1e-05,-0.00019,-5e-05,0
36205,-1e-05,-3e-05,-0.00016,-0.0002,-1e-05,-1e-05,-0.00019,-5e-05,0
36206,-9e-05,-0.0001,-0.00017,0.00015,-0.00025,1e-05,0.0004,-0.00017,0
36207,0.0001,0.00011,0.0002,-0.00032,0.00019,8e-05,-7e-05,0.00011,0
36208,0.00021,6e-05,-1e-05,0.0005,6e-05,0.0001,-0.00012,-7e-05,0
36209,0.00021,6e-05,-1e-05,0.0005,6e-05,0.0001,-0.00012,-7e-05,0
36210,0.00021,6e-05,-1e-05,0.0005,6e-05,0.0001,-0.00012,-7e-05,0
36211,0.00021,6e-05,-1e-05,0.0005,6e-05,0.0001,-0.00012,-7e-05,0
36212,0.00021,6e-05,-1e-05,0.0005,6e-05,0.0001,-0.00012,-7e-05,0
36213,0.00021,6e-05,-1e-05,0.0005,6e-05,0.0001,-0.00012,-7e-05,0
36214,0.00021,6e-05,-1e-05,0.0005,6e-05,0.0001,-0.00012,-7e-05,0
36215,0.00021,6e-05,-1e-05,0.0005,6e-05,0.0001,-0.00012,-7e-05,0
36216,0.00021,6e-05,-1e-05,0.0005,6e-05,0.0001,-0.00012,-7e-05,0
36217,0.00021,6e-05,-1e-05,0.0005,6e-05,0.0001,-0.00012,-7e-05,0
36218,0.00021,6e-05,-1e-05,0.0005,6e-05,0.0001,-0.00012,-7e-05,0
36219,0.00021,6e-05,-1e-05,0.0005,6e-05,0.0001,-0.00012,-7e-05,0
36220,0.00021,6e-05,-1e-05,0.0005,6e-05,0.0001,-0.00012,-7e-05,0
36221,0.00021,6e-05,-1e-05,0.0005,6e-05,0.0001,-0.00012,-7e-05,0
36222,0.00021,6e-05,-1e-05,0.0005,6e-05,0.0001,-0.00012,-7e-05,0
36223,0.00021,6e-05,-1e-05,0.0005,6e-05,0.0001,-0.00012,-7e-05,0
36224,0.00021,6e-05,-1e-05,0.0005,6e-05,0.0001,-0.00012,-7e-05,0
36225,0.00021,6e-05,-1e-05,0.0005,6e-05,0.0001,-0.00012,-7e-05,0
36226,0.00021,6e-05,-1e-05,0.0005,6e-05,0.0001,-0.00012,-7e-05,0
36227,0.00021,6e-05,-1e-05,0.0005,6e-05,0.0001,-0.00012,-7e-05,0
36228,1e-05,3e-05,8e-05,5e-05,0.00021,-2e-05,0.00027,1e-05,0
36229,-6e-05,-6e-05,3e-05,0.00028,0.00025,-6e-05,0.00041,-4e-05,0
36230,-6e-05,-6e-05,3e-05,0.00028,0.00025,-6e-05,0.00041,-4e-05,0
36231,-6e-05,-6e-05,3e-05,0.00028,0.00025,-6e-05,0.00041,-4e-05,0
36232,-6e-05,-6e-05,3e-05,0.00028,0.00025,-6e-05,0.00041,-4e-05,0
36233,-6e-05,-6e-05,3e-05,0.00028,0.00025,-6e-05,0.00041,-4e-05,0
36234,-6e-05,-6e-05,3e-05,0.00028,0.00025,-6e-05,0.00041,-4e-05,0
36235,-6e-05,-6e-05,3e-05,0.00028,0.00025,-6e-05,0.00041,-4e-05,0
36236,-6e-05,-6e-05,3e-05,0.00028,0.00025,-6e-05,0.00041,-4e-05,0
36238,-6e-05,-6e-05,3e-05,0.00028,0.00025,-6e-05,0.00041,-4e-05,0
36239,-6e-05,-6e-05,3e-05,0.00028,0.00025,-6e-05,0.00041,-4e-05,0
36240,-6e-05,-6e-05,3e-05,0.00028,0.00025,-6e-05,0.00041,-4e-05,0
36241,-0.00018,-0.0001,-3e-05,-0.00042,7e-05,-0.00024,-0.00119,-0.00035,0
36242,-0.00018,-0.0001,-3e-05,-0.00042,7e-05,-0.00024,-0.00119,-0.00035,0
36243,-0.00018,-0.0001,-3e-05,-0.00042,7e-05,-0.00024,-0.00119,-0.00035,0
36244,-0.00018,-0.0001,-3e-05,-0.00042,7e-05,-0.00024,-0.00119,-0.00035,0
36245,-0.00018,-0.0001,-3e-05,-0.00042,7e-05,-0.00024,-0.00119,-0.00035,0
36246,-0.00018,-0.0001,-3e-05,-0.00042,7e-05,-0.00024,-0.00119,-0.00035,0
36247,-0.00018,-0.0001,-3e-05,-0.00042,7e-05,-0.00024,-0.00119,-0.00035,0
36248,-0.00018,-0.0001,-3e-05,-0.00042,7e-05,-0.00024,-0.00119,-0.00035,0
36249,-0.00018,-0.0001,-3e-05,-0.00042,7e-05,-0.00024,-0.00119,-0.00035,0
36250,-0.0001,3e-05,7e-05,-0.00042,-8e-05,-9e-05,-0.00079,-0.00012,0
36252,-0.0001,3e-05,7e-05,-0.00042,-8e-05,-9e-05,-0.00079,-0.00012,0
36253,-0.0001,3e-05,7e-05,-0.00042,-8e-05,-9e-05,-0.00079,-0.00012,0
36254,-0.0001,3e-05,7e-05,-0.00042,-8e-05,-9e-05,-0.00079,-0.00012,0
36255,-0.0001,3e-05,7e-05,-0.00042,-8e-05,-9e-05,-0.00079,-0.00012,0
36256,-0.0001,3e-05,7e-05,-0.00042,-8e-05,-9e-05,-0.00079,-0.00012,0
36257,-0.0001,3e-05,7e-05,-0.00042,-8e-05,-9e-05,-0.00079,-0.00012,0
36258,-0.0001,3e-05,7e-05,-0.00042,-8e-05,-9e-05,-0.00079,-0.00012,0
36259,-0.0001,3e-05,7e-05,-0.00042,-8e-05,-9e-05,-0.00079,-0.00012,0
36260,-0.0001,3e-05,7e-05,-0.00042,-8e-05,-9e-05,-0.00079,-0.00012,0
36261,-0.0001,3e-05,7e-05,-0.00042,-8e-05,-9e-05,-0.00079,-0.00012,0
36262,-0.0001,3e-05,7e-05,-0.00042,-8e-05,-9e-05,-0.00079,-0.00012,0
36263,-0.0001,3e-05,7e-05,-0.00042,-8e-05,-9e-05,-0.00079,-0.00012,0
36264,-0.0001,3e-05,7e-05,-0.00042,-8e-05,-9e-05,-0.00079,-0.00012,0
36265,-0.0001,3e-05,7e-05,-0.00042,-8e-05,-9e-05,-0.00079,-0.00012,0
36266,-0.0001,3e-05,7e-05,-0.00042,-8e-05,-9e-05,-0.00079,-0.00012,0
36267,0.0,-1e-05,-3e-05,0.00031,0.0001,0.00026,0.00088,0.00032,0
36268,-0.00023,-5e-05,4e-05,8e-05,0.00026,0.0001,-0.00022,-0.00027,0
36269,-0.00023,-5e-05,4e-05,8e-05,0.00026,0.0001,-0.00022,-0.00027,0
36270,-0.00023,-5e-05,4e-05,8e-05,0.00026,0.0001,-0.00022,-0.00027,0
36271,-0.00023,-5e-05,4e-05,8e-05,0.00026,0.0001,-0.00022,-0.00027,0
36272,-0.00023,-5e-05,4e-05,8e-05,0.00026,0.0001,-0.00022,-0.00027,0
36273,-0.00023,-5e-05,4e-05,8e-05,0.00026,0.0001,-0.00022,-0.00027,0
36274,-0.00023,-5e-05,4e-05,8e-05,0.00026,0.0001,-0.00022,-0.00027,0
36275,-0.00023,-5e-05,4e-05,8e-05,0.00026,0.0001,-0.00022,-0.00027,0
36276,-0.00023,-5e-05,4e-05,8e-05,0.00026,0.0001,-0.00022,-0.00027,0
36277,-0.00023,-5e-05,4e-05,8e-05,0.00026,0.0001,-0.00022,-0.00027,0
36278,-0.00023,-5e-05,4e-05,8e-05,0.00026,0.0001,-0.00022,-0.00027,0
36279,-0.00023,-5e-05,4e-05,8e-05,0.00026,0.0001,-0.00022,-0.00027,0
36280,-0.00023,-5e-05,4e-05,8e-05,0.00026,0.0001,-0.00022,-0.00027,0
36281,-0.00023,-5e-05,4e-05,8e-05,0.00026,0.0001,-0.00022,-0.00027,0
36282,-0.00023,-5e-05,4e-05,8e-05,0.00026,0.0001,-0.00022,-0.00027,0
36283,-0.00023,-5e-05,4e-05,8e-05,0.00026,0.0001,-0.00022,-0.00027,0
36284,-0.00023,-5e-05,4e-05,8e-05,0.00026,0.0001,-0.00022,-0.00027,0
36285,-0.00023,-5e-05,4e-05,8e-05,0.00026,0.0001,-0.00022,-0.00027,0
36286,-0.00023,-5e-05,4e-05,8e-05,0.00026,0.0001,-0.00022,-0.00027,0
36289,0.00019,0.0001,1e-05,0.00018,-0.00018,-8e-05,0.00019,0.00024,0
36290,0.00019,0.0001,1e-05,0.00018,-0.00018,-8e-05,0.00019,0.00024,0
36291,0.00019,0.0001,1e-05,0.00018,-0.00018,-8e-05,0.00019,0.00024,0
36292,0.00019,0.0001,1e-05,0.00018,-0.00018,-8e-05,0.00019,0.00024,0
36293,0.00019,0.0001,1e-05,0.00018,-0.00018,-8e-05,0.00019,0.00024,0
36294,0.00019,0.0001,1e-05,0.00018,-0.00018,-8e-05,0.00019,0.00024,0
36295,0.00019,0.0001,1e-05,0.00018,-0.00018,-8e-05,0.00019,0.00024,0
36296,0.00019,0.0001,1e-05,0.00018,-0.00018,-8e-05,0.00019,0.00024,0
36297,0.00019,0.0001,1e-05,0.00018,-0.00018,-8e-05,0.00019,0.00024,0
36298,0.00019,0.0001,1e-05,0.00018,-0.00018,-8e-05,0.00019,0.00024,0
36299,0.00019,0.0001,1e-05,0.00018,-0.00018,-8e-05,0.00019,0.00024,0
36300,0.00019,0.0001,1e-05,0.00018,-0.00018,-8e-05,0.00019,0.00024,0
36301,2e-05,0.0,5e-05,-0.00014,0.00028,0.0001,8e-05,3e-05,0
36302,2e-05,0.0,5e-05,-0.00014,0.00028,0.0001,8e-05,3e-05,0
36304,2e-05,0.0,5e-05,-0.00014,0.00028,0.0001,8e-05,3e-05,0
36305,2e-05,0.0,5e-05,-0.00014,0.00028,0.0001,8e-05,3e-05,0
36306,2e-05,0.0,5e-05,-0.00014,0.00028,0.0001,8e-05,3e-05,0
36307,2e-05,0.0,5e-05,-0.00014,0.00028,0.0001,8e-05,3e-05,0
36308,2e-05,0.0,5e-05,-0.00014,0.00028,0.0001,8e-05,3e-05,0
36309,2e-05,0.0,5e-05,-0.00014,0.00028,0.0001,8e-05,3e-05,0
36310,-0.00033,-0.00013,0.00011,8e-05,3e-05,3e-05,-0.00096,-0.00041,0
36311,-0.00033,-0.00013,0.00011,8e-05,3e-05,3e-05,-0.00096,-0.00041,0
36312,-0.00033,-0.00013,0.00011,8e-05,3e-05,3e-05,-0.00096,-0.00041,0
36313,-0.00033,-0.00013,0.00011,8e-05,3e-05,3e-05,-0.00096,-0.00041,0
36314,-0.00033,-0.00013,0.00011,8e-05,3e-05,3e-05,-0.00096,-0.00041,0
36315,-0.00033,-0.00013,0.00011,8e-05,3e-05,3e-05,-0.00096,-0.00041,0
36316,-0.00033,-0.00013,0.00011,8e-05,3e-05,3e-05,-0.00096,-0.00041,0
36317,-0.00033,-0.00013,0.00011,8e-05,3e-05,3e-05,-0.00096,-0.00041,0
36318,-0.00033,-0.00013,0.00011,8e-05,3e-05,3e-05,-0.00096,-0.00041,0
36319,-0.00033,-0.00013,0.00011,8e-05,3e-05,3e-05,-0.00096,-0.00041,0
36320,-0.00033,-0.00013,0.00011,8e-05,3e-05,3e-05,-0.00096,-0.00041,0
36321,-0.00033,-0.00013,0.00011,8e-05,3e-05,3e-05,-0.00096,-0.00041,0
36322,-0.00033,-0.00013,0.00011,8e-05,3e-05,3e-05,-0.00096,-0.00041,0
36323,-0.00033,-0.00013,0.00011,8e-05,3e-05,3e-05,-0.00096,-0.00041,0
36324,-0.00033,-0.00013,0.00011,8e-05,3e-05,3e-05,-0.00096,-0.00041,0
36325,-0.00033,-0.00013,0.00011,8e-05,3e-05,3e-05,-0.00096,-0.00041,0
36326,-0.00033,-0.00013,0.00011,8e-05,3e-05,3e-05,-0.00096,-0.00041,0
36327,-0.00033,-0.00013,0.00011,8e-05,3e-05,3e-05,-0.00096,-0.00041,0
36328,-0.00033,-0.00013,0.00011,8e-05,3e-05,3e-05,-0.00096,-0.00041,0
36329,-0.00033,-0.00013,0.00011,8e-05,3e-05,3e-05,-0.00096,-0.00041,0
36330,-0.00033,-0.00013,0.00011,8e-05,3e-05,3e-05,-0.00096,-0.00041,0
36331,-0.00033,-0.00013,0.00011,8e-05,3e-05,3e-05,-0.00096,-0.00041,0
36332,-0.00033,-0.00013,0.00011,8e-05,3e-05,3e-05,-0.00096,-0.00041,0
36333,0.00011,3e-05,7e-05,-0.00027,-0.00015,0.00028,0.0009,9e-05,0
36334,-0.00011,-4e-05,-3e-05,0.00018,-2e-05,-5e-05,0.00029,5e-05,0
36335,-0.00011,-4e-05,-3e-05,0.00018,-2e-05,-5e-05,0.00029,5e-05,0
36336,-0.00011,-4e-05,-3e-05,0.00018,-2e-05,-5e-05,0.00029,5e-05,0
36338,-0.00011,-4e-05,-3e-05,0.00018,-2e-05,-5e-05,0.00029,5e-05,0
36339,-0.00011,-4e-05,-3e-05,0.00018,-2e-05,-5e-05,0.00029,5e-05,0
36340,-0.00011,-4e-05,-3e-05,0.00018,-2e-05,-5e-05,0.00029,5e-05,0
36341,-0.00011,-4e-05,-3e-05,0.00018,-2e-05,-5e-05,0.00029,5e-05,0
36342,-0.00011,-4e-05,-3e-05,0.00018,-2e-05,-5e-05,0.00029,5e-05,0
36343,-0.00011,-4e-05,-3e-05,0.00018,-2e-05,-5e-05,0.00029,5e-05,0
36344,-0.00011,-4e-05,-3e-05,0.00018,-2e-05,-5e-05,0.00029,5e-05,0
36345,-0.00011,-4e-05,-3e-05,0.00018,-2e-05,-5e-05,0.00029,5e-05,0
36346,-0.00011,-4e-05,-3e-05,0.00018,-2e-05,-5e-05,0.00029,5e-05,0
36347,-0.00011,-4e-05,-3e-05,0.00018,-2e-05,-5e-05,0.00029,5e-05,0
36348,1e-05,6e-05,0.00012,0.00039,2e-05,4e-05,7e-05,0.0,0
36349,1e-05,6e-05,0.00012,0.00039,2e-05,4e-05,7e-05,0.0,0
36350,-4e-05,-6e-05,1e-05,0.00071,0.00075,0.00014,0.00033,3e-05,0
36351,-4e-05,-6e-05,1e-05,0.00071,0.00075,0.00014,0.00033,3e-05,0
36352,-4e-05,-6e-05,1e-05,0.00071,0.00075,0.00014,0.00033,3e-05,0
36353,-4e-05,-6e-05,1e-05,0.00071,0.00075,0.00014,0.00033,3e-05,0
36354,-4e-05,-6e-05,1e-05,0.00071,0.00075,0.00014,0.00033,3e-05,0
36355,-4e-05,-6e-05,1e-05,0.00071,0.00075,0.00014,0.00033,3e-05,0
36356,-4e-05,-6e-05,1e-05,0.00071,0.00075,0.00014,0.00033,3e-05,0
36357,-4e-05,-6e-05,1e-05,0.00071,0.00075,0.00014,0.00033,3e-05,0
36358,-4e-05,-6e-05,1e-05,0.00071,0.00075,0.00014,0.00033,3e-05,0
36359,-4e-05,-6e-05,1e-05,0.00071,0.00075,0.00014,0.00033,3e-05,0
36360,-4e-05,-6e-05,1e-05,0.00071,0.00075,0.00014,0.00033,3e-05,0
36361,-4e-05,-6e-05,1e-05,0.00071,0.00075,0.00014,0.00033,3e-05,0
36362,-4e-05,-6e-05,1e-05,0.00071,0.00075,0.00014,0.00033,3e-05,0
36363,-4e-05,-6e-05,1e-05,0.00071,0.00075,0.00014,0.00033,3e-05,0
36364,-4e-05,-6e-05,1e-05,0.00071,0.00075,0.00014,0.00033,3e-05,0
36365,-4e-05,-6e-05,1e-05,0.00071,0.00075,0.00014,0.00033,3e-05,0
36366,-4e-05,-6e-05,1e-05,0.00071,0.00075,0.00014,0.00033,3e-05,0
36367,-4e-05,-6e-05,1e-05,0.00071,0.00075,0.00014,0.00033,3e-05,0
36368,-4e-05,-6e-05,1e-05,0.00071,0.00075,0.00014,0.00033,3e-05,0
36369,-4e-05,-6e-05,1e-05,0.00071,0.00075,0.00014,0.00033,3e-05,0
36370,6e-05,-1e-05,-0.00014,-0.00022,-0.00013,-8e-05,-0.00054,9e-05,0
36371,6e-05,-1e-05,-0.00014,-0.00022,-0.00013,-8e-05,-0.00054,9e-05,0
36372,-7e-05,-7e-05,-5e-05,0.00044,-0.00014,0.00023,0.00027,-1e-05,0
36373,-7e-05,-7e-05,-5e-05,0.00044,-0.00014,0.00023,0.00027,-1e-05,0
36374,-7e-05,-7e-05,-5e-05,0.00044,-0.00014,0.00023,0.00027,-1e-05,0
36375,-7e-05,-7e-05,-5e-05,0.00044,-0.00014,0.00023,0.00027,-1e-05,0
36376,-7e-05,-7e-05,-5e-05,0.00044,-0.00014,0.00023,0.00027,-1e-05,0
36377,-7e-05,-7e-05,-5e-05,0.00044,-0.00014,0.00023,0.00027,-1e-05,0
36378,-7e-05,-7e-05,-5e-05,0.00044,-0.00014,0.00023,0.00027,-1e-05,0
36379,-7e-05,-7e-05,-5e-05,0.00044,-0.00014,0.00023,0.00027,-1e-05,0
36380,-7e-05,-7e-05,-5e-05,0.00044,-0.00014,0.00023,0.00027,-1e-05,0
36382,-7e-05,-7e-05,-5e-05,0.00044,-0.00014,0.00023,0.00027,-1e-05,2
36383,-7e-05,-7e-05,-5e-05,0.00044,-0.00014,0.00023,0.00027,-1e-05,2
36384,-7e-05,-7e-05,-5e-05,0.00044,-0.00014,0.00023,0.00027,-1e-05,2
36385,1e-05,-3e-05,-3e-05,1e-05,1e-05,-7e-05,-0.0002,-0.0001,2
36386,1e-05,-3e-05,-3e-05,1e-05,1e-05,-7e-05,-0.0002,-0.0001,2
36389,-0.00017,-0.00015,-0.00019,-0.00031,-0.00021,-8e-05,-0.00072,-0.00046,2
36390,-0.00017,-0.00015,-0.00019,-0.00031,-0.00021,-8e-05,-0.00072,-0.00046,2
36391,-0.00017,-0.00015,-0.00019,-0.00031,-0.00021,-8e-05,-0.00072,-0.00046,2
36392,-0.00017,-0.00015,-0.00019,-0.00031,-0.00021,-8e-05,-0.00072,-0.00046,2
36393,-0.00017,-0.00015,-0.00019,-0.00031,-0.00021,-8e-05,-0.00072,-0.00046,2
36394,-0.00017,-0.00015,-0.00019,-0.00031,-0.00021,-8e-05,-0.00072,-0.00046,2
36395,-0.00017,-0.00015,-0.00019,-0.00031,-0.00021,-8e-05,-0.00072,-0.00046,2
36396,-0.00017,-0.00015,-0.00019,-0.00031,-0.00021,-8e-05,-0.00072,-0.00046,2
36397,-0.00017,-0.00015,-0.00019,-0.00031,-0.00021,-8e-05,-0.00072,-0.00046,2
36398,-0.00017,-0.00015,-0.00019,-0.00031,-0.00021,-8e-05,-0.00072,-0.00046,2
36399,-0.00017,-0.00015,-0.00019,-0.00031,-0.00021,-8e-05,-0.00072,-0.00046,2
36400,-0.00017,-0.00015,-0.00019,-0.00031,-0.00021,-8e-05,-0.00072,-0.00046,2
36401,-0.00017,-0.00015,-0.00019,-0.00031,-0.00021,-8e-05,-0.00072,-0.00046,2
36402,-0.00017,-0.00015,-0.00019,-0.00031,-0.00021,-8e-05,-0.00072,-0.00046,2
36403,-0.00017,-0.00015,-0.00019,-0.00031,-0.00021,-8e-05,-0.00072,-0.00046,2
36404,-0.00017,-0.00015,-0.00019,-0.00031,-0.00021,-8e-05,-0.00072,-0.00046,2
36405,-0.00017,-0.00015,-0.00019,-0.00031,-0.00021,-8e-05,-0.00072,-0.00046,2
36406,-0.00017,-0.00015,-0.00019,-0.00031,-0.00021,-8e-05,-0.00072,-0.00046,2
36407,-0.00017,-0.00015,-0.00019,-0.00031,-0.00021,-8e-05,-0.00072,-0.00046,2
36408,-6e-05,0.0,0.0001,0.00035,-2e-05,0.00038,0.00079,9e-05,2
36409,0.00019,3e-05,1e-05,0.00015,-0.00014,-0.00028,0.00047,0.00024,2
36410,0.00019,3e-05,1e-05,0.00015,-0.00014,-0.00028,0.00047,0.00024,2
36411,0.00019,3e-05,1e-05,0.00015,-0.00014,-0.00028,0.00047,0.00024,2
36412,0.00019,3e-05,1e-05,0.00015,-0.00014,-0.00028,0.00047,0.00024,2
36413,0.00019,3e-05,1e-05,0.00015,-0.00014,-0.00028,0.00047,0.00024,2
36414,0.00019,3e-05,1e-05,0.00015,-0.00014,-0.00028,0.00047,0.00024,2
36415,0.00019,3e-05,1e-05,0.00015,-0.00014,-0.00028,0.00047,0.00024,2
36416,0.00019,3e-05,1e-05,0.00015,-0.00014,-0.00028,0.00047,0.00024,2
36417,0.00019,3e-05,1e-05,0.00015,-0.00014,-0.00028,0.00047,0.00024,2
36418,0.00019,3e-05,1e-05,0.00015,-0.00014,-0.00028,0.00047,0.00024,2
36419,0.00019,3e-05,1e-05,0.00015,-0.00014,-0.00028,0.00047,0.00024,2
36420,0.00019,3e-05,1e-05,0.00015,-0.00014,-0.00028,0.00047,0.00024,2
36421,0.00015,8e-05,8e-05,-0.00019,0.00021,0.00045,-0.00021,3e-05,2
36422,0.00015,8e-05,8e-05,-0.00019,0.00021,0.00045,-0.00021,3e-05,2
36423,0.00015,8e-05,8e-05,-0.00019,0.00021,0.00045,-0.00021,3e-05,2
36424,0.00015,8e-05,8e-05,-0.00019,0.00021,0.00045,-0.00021,3e-05,2
36425,0.00015,8e-05,8e-05,-0.00019,0.00021,0.00045,-0.00021,3e-05,2
36426,0.00015,8e-05,8e-05,-0.00019,0.00021,0.00045,-0.00021,3e-05,2
36427,0.00015,8e-05,8e-05,-0.00019,0.00021,0.00045,-0.00021,3e-05,2
36428,0.00015,8e-05,8e-05,-0.00019,0.00021,0.00045,-0.00021,3e-05,2
36429,0.00015,8e-05,8e-05,-0.00019,0.00021,0.00045,-0.00021,3e-05,2
36430,9e-05,0.00013,0.00013,0.00015,0.00017,5e-05,0.00046,-9e-05,2
36431,9e-05,0.00013,0.00013,0.00015,0.00017,5e-05,0.00046,-9e-05,2
36432,9e-05,0.00013,0.00013,0.00015,0.00017,5e-05,0.00046,-9e-05,2
36433,9e-05,0.00013,0.00013,0.00015,0.00017,5e-05,0.00046,-9e-05,2
36434,9e-05,0.00013,0.00013,0.00015,0.00017,5e-05,0.00046,-9e-05,2
36435,9e-05,0.00013,0.00013,0.00015,0.00017,5e-05,0.00046,-9e-05,2
36436,9e-05,0.00013,0.00013,0.00015,0.00017,5e-05,0.00046,-9e-05,2
36438,9e-05,0.00013,0.00013,0.00015,0.00017,5e-05,0.00046,-9e-05,2
36439,9e-05,0.00013,0.00013,0.00015,0.00017,5e-05,0.00046,-9e-05,2
36440,9e-05,0.00013,0.00013,0.00015,0.00017,5e-05,0.00046,-9e-05,2
36441,9e-05,0.00013,0.00013,0.00015,0.00017,5e-05,0.00046,-9e-05,2
36442,9e-05,0.00013,0.00013,0.00015,0.00017,5e-05,0.00046,-9e-05,2
36443,9e-05,0.00013,0.00013,0.00015,0.00017,5e-05,0.00046,-9e-05,2
36444,9e-05,0.00013,0.00013,0.00015,0.00017,5e-05,0.00046,-9e-05,2
36445,-8e-05,-1e-05,-9e-05,0.0003,-9e-05,1e-05,0.00018,-0.00012,2
36446,-8e-05,-1e-05,-9e-05,0.0003,-9e-05,1e-05,0.00018,-0.00012,2
36447,0.0001,4e-05,3e-05,-0.00064,-0.00025,-2e-05,-0.00034,0.00014,2
36448,0.0001,4e-05,3e-05,-0.00064,-0.00025,-2e-05,-0.00034,0.00014,2
36449,0.0001,4e-05,3e-05,-0.00064,-0.00025,-2e-05,-0.00034,0.00014,2
36450,0.0001,4e-05,3e-05,-0.00064,-0.00025,-2e-05,-0.00034,0.00014,2
36451,0.0001,4e-05,3e-05,-0.00064,-0.00025,-2e-05,-0.00034,0.00014,2
36452,0.0001,4e-05,3e-05,-0.00064,-0.00025,-2e-05,-0.00034,0.00014,2
36453,0.0001,4e-05,3e-05,-0.00064,-0.00025,-2e-05,-0.00034,0.00014,2
36454,0.0001,4e-05,3e-05,-0.00064,-0.00025,-2e-05,-0.00034,0.00014,2
36455,0.0001,4e-05,3e-05,-0.00064,-0.00025,-2e-05,-0.00034,0.00014,2
36456,0.0001,4e-05,3e-05,-0.00064,-0.00025,-2e-05,-0.00034,0.00014,2
36457,0.0001,4e-05,3e-05,-0.00064,-0.00025,-2e-05,-0.00034,0.00014,2
36458,0.0001,4e-05,3e-05,-0.00064,-0.00025,-2e-05,-0.00034,0.00014,2
36459,0.0001,4e-05,3e-05,-0.00064,-0.00025,-2e-05,-0.00034,0.00014,2
36460,0.0001,4e-05,3e-05,-0.00064,-0.00025,-2e-05,-0.00034,0.00014,2
36461,0.0001,4e-05,3e-05,-0.00064,-0.00025,-2e-05,-0.00034,0.00014,2
36462,0.0001,4e-05,3e-05,-0.00064,-0.00025,-2e-05,-0.00034,0.00014,2
36463,0.0001,4e-05,3e-05,-0.00064,-0.00025,-2e-05,-0.00034,0.00014,2
36464,0.0001,4e-05,3e-05,-0.00064,-0.00025,-2e-05,-0.00034,0.00014,2
36465,0.0001,4e-05,3e-05,-0.00064,-0.00025,-2e-05,-0.00034,0.00014,2
36466,0.0001,4e-05,3e-05,-0.00064,-0.00025,-2e-05,-0.00034,0.00014,2
36467,0.0001,4e-05,3e-05,-0.00064,-0.00025,-2e-05,-0.00034,0.00014,2
36468,-0.00023,-4e-05,-4e-05,-0.00037,-0.00014,-0.00012,-0.00013,0.0,2
36469,-0.00023,-4e-05,-4e-05,-0.00037,-0.00014,-0.00012,-0.00013,0.0,2
36470,-5e-05,-6e-05,-7e-05,-0.0007,-0.00025,-9e-05,-0.00031,6e-05,2
36471,-5e-05,-6e-05,-7e-05,-0.0007,-0.00025,-9e-05,-0.00031,6e-05,2
36472,-5e-05,-6e-05,-7e-05,-0.0007,-0.00025,-9e-05,-0.00031,6e-05,2
36473,-5e-05,-6e-05,-7e-05,-0.0007,-0.00025,-9e-05,-0.00031,6e-05,2
36474,-5e-05,-6e-05,-7e-05,-0.0007,-0.00025,-9e-05,-0.00031,6e-05,2
36475,-5e-05,-6e-05,-7e-05,-0.0007,-0.00025,-9e-05,-0.00031,6e-05,2
36476,-5e-05,-6e-05,-7e-05,-0.0007,-0.00025,-9e-05,-0.00031,6e-05,2
36477,-5e-05,-6e-05,-7e-05,-0.0007,-0.00025,-9e-05,-0.00031,6e-05,2
36478,-5e-05,-6e-05,-7e-05,-0.0007,-0.00025,-9e-05,-0.00031,6e-05,2
36479,-5e-05,-6e-05,-7e-05,-0.0007,-0.00025,-9e-05,-0.00031,6e-05,2
36480,-5e-05,-6e-05,-7e-05,-0.0007,-0.00025,-9e-05,-0.00031,6e-05,2
36481,-6e-05,-5e-05,-4e-05,0.00022,-8e-05,5e-05,-0.00027,-8e-05,2
36482,-6e-05,-5e-05,-4e-05,0.00022,-8e-05,5e-05,-0.00027,-8e-05,2
36483,-6e-05,-5e-05,-4e-05,0.00022,-8e-05,5e-05,-0.00027,-8e-05,2
36484,-6e-05,-5e-05,-4e-05,0.00022,-8e-05,5e-05,-0.00027,-8e-05,2
36485,-6e-05,-5e-05,-4e-05,0.00022,-8e-05,5e-05,-0.00027,-8e-05,2
36486,-6e-05,-5e-05,-4e-05,0.00022,-8e-05,5e-05,-0.00027,-8e-05,2
36488,-6e-05,-5e-05,-4e-05,0.00022,-8e-05,5e-05,-0.00027,-8e-05,2
36490,2e-05,0.0,8e-05,0.00015,-3e-05,1e-05,0.0007,0.00013,2
36491,2e-05,0.0,8e-05,0.00015,-3e-05,1e-05,0.0007,0.00013,2
36492,2e-05,0.0,8e-05,0.00015,-3e-05,1e-05,0.0007,0.00013,2
36493,2e-05,0.0,8e-05,0.00015,-3e-05,1e-05,0.0007,0.00013,2
36494,2e-05,0.0,8e-05,0.00015,-3e-05,1e-05,0.0007,0.00013,2
36495,2e-05,0.0,8e-05,0.00015,-3e-05,1e-05,0.0007,0.00013,2
36496,2e-05,0.0,8e-05,0.00015,-3e-05,1e-05,0.0007,0.00013,2
36497,2e-05,0.0,8e-05,0.00015,-3e-05,1e-05,0.0007,0.00013,2
36498,2e-05,0.0,8e-05,0.00015,-3e-05,1e-05,0.0007,0.00013,2
36499,2e-05,0.0,8e-05,0.00015,-3e-05,1e-05,0.0007,0.00013,2
36500,2e-05,0.0,8e-05,0.00015,-3e-05,1e-05,0.0007,0.00013,2
36501,2e-05,0.0,8e-05,0.00015,-3e-05,1e-05,0.0007,0.00013,2
36502,2e-05,0.0,8e-05,0.00015,-3e-05,1e-05,0.0007,0.00013,2
36503,2e-05,0.0,8e-05,0.00015,-3e-05,1e-05,0.0007,0.00013,2
36504,2e-05,0.0,8e-05,0.00015,-3e-05,1e-05,0.0007,0.00013,2
36505,2e-05,0.0,8e-05,0.00015,-3e-05,1e-05,0.0007,0.00013,2
36506,-0.00026,-0.00015,1e-05,0.00026,-6e-05,-0.00038,0.001,-6e-05,2
36507,-0.00014,-4e-05,-0.00012,-0.00018,0.00011,0.00024,0.00092,3e-05,2
36508,-0.00014,-4e-05,-0.00012,-0.00018,0.00011,0.00024,0.00092,3e-05,2
36509,-0.00014,-4e-05,-0.00012,-0.00018,0.00011,0.00024,0.00092,3e-05,2
36510,-0.00014,-4e-05,-0.00012,-0.00018,0.00011,0.00024,0.00092,3e-05,2
36511,-0.00014,-4e-05,-0.00012,-0.00018,0.00011,0.00024,0.00092,3e-05,2
36512,-0.00014,-4e-05,-0.00012,-0.00018,0.00011,0.00024,0.00092,3e-05,2
36513,-0.00014,-4e-05,-0.00012,-0.00018,0.00011,0.00024,0.00092,3e-05,2
36514,-0.00014,-4e-05,-0.00012,-0.00018,0.00011,0.00024,0.00092,3e-05,2
36515,-0.00014,-4e-05,-0.00012,-0.00018,0.00011,0.00024,0.00092,3e-05,2
36516,-0.00014,-4e-05,-0.00012,-0.00018,0.00011,0.00024,0.00092,3e-05,2
36517,-0.00014,-4e-05,-0.00012,-0.00018,0.00011,0.00024,0.00092,3e-05,2
36518,-0.00014,-4e-05,-0.00012,-0.00018,0.00011,0.00024,0.00092,3e-05,2
36519,-0.00014,-4e-05,-0.00012,-0.00018,0.00011,0.00024,0.00092,3e-05,2
36520,-0.00014,-4e-05,-0.00012,-0.00018,0.00011,0.00024,0.00092,3e-05,2
36521,-0.00014,-4e-05,-0.00012,-0.00018,0.00011,0.00024,0.00092,3e-05,2
36522,-0.00014,-4e-05,-0.00012,-0.00018,0.00011,0.00024,0.00092,3e-05,2
36523,-0.00014,-4e-05,-0.00012,-0.00018,0.00011,0.00024,0.00092,3e-05,2
36524,-0.00014,-4e-05,-0.00012,-0.00018,0.00011,0.00024,0.00092,3e-05,2
36525,-0.00014,-4e-05,-0.00012,-0.00018,0.00011,0.00024,0.00092,3e-05,2
36526,-0.00014,-4e-05,-0.00012,-0.00018,0.00011,0.00024,0.00092,3e-05,2
36527,-0.00014,-4e-05,-0.00012,-0.00018,0.00011,0.00024,0.00092,3e-05,2
36528,-2e-05,-3e-05,-0.00016,-0.00053,-8e-05,-5e-05,-0.00074,-0.0001,2
36529,-4e-05,3e-05,-3e-05,0.00044,1e-05,-0.00015,-0.00031,-0.00027,2
36530,-4e-05,3e-05,-3e-05,0.00044,1e-05,-0.00015,-0.00031,-0.00027,2
36531,-4e-05,3e-05,-3e-05,0.00044,1e-05,-0.00015,-0.00031,-0.00027,2
36532,-4e-05,3e-05,-3e-05,0.00044,1e-05,-0.00015,-0.00031,-0.00027,2
36533,-4e-05,3e-05,-3e-05,0.00044,1e-05,-0.00015,-0.00031,-0.00027,2
36534,-4e-05,3e-05,-3e-05,0.00044,1e-05,-0.00015,-0.00031,-0.00027,2
36535,-4e-05,3e-05,-3e-05,0.00044,1e-05,-0.00015,-0.00031,-0.00027,2
36536,-4e-05,3e-05,-3e-05,0.00044,1e-05,-0.00015,-0.00031,-0.00027,2
36538,-4e-05,3e-05,-3e-05,0.00044,1e-05,-0.00015,-0.00031,-0.00027,2
36539,-4e-05,3e-05,-3e-05,0.00044,1e-05,-0.00015,-0.00031,-0.00027,2
36540,-4e-05,3e-05,-3e-05,0.00044,1e-05,-0.00015,-0.00031,-0.00027,2
36541,-4e-05,3e-05,-3e-05,0.00044,1e-05,-0.00015,-0.00031,-0.00027,2
36542,-4e-05,3e-05,-3e-05,0.00044,1e-05,-0.00015,-0.00031,-0.00027,2
36543,-4e-05,3e-05,-3e-05,0.00044,1e-05,-0.00015,-0.00031,-0.00027,2
36544,-4e-05,3e-05,-3e-05,0.00044,1e-05,-0.00015,-0.00031,-0.00027,2
36545,-4e-05,3e-05,-3e-05,0.00044,1e-05,-0.00015,-0.00031,-0.00027,2
36546,-4e-05,3e-05,-3e-05,0.00044,1e-05,-0.00015,-0.00031,-0.00027,2
36547,-4e-05,3e-05,-3e-05,0.00044,1e-05,-0.00015,-0.00031,-0.00027,2
36548,-4e-05,3e-05,-3e-05,0.00044,1e-05,-0.00015,-0.00031,-0.00027,2
36549,-4e-05,3e-05,-3e-05,0.00044,1e-05,-0.00015,-0.00031,-0.00027,2
36550,-0.00011,-3e-05,8e-05,1e-05,0.00046,-6e-05,-0.00086,-0.00037,2
36551,-0.00011,-3e-05,8e-05,1e-05,0.00046,-6e-05,-0.00086,-0.00037,2
36552,0.00015,0.00011,-4e-05,2e-05,-1e-05,7e-05,-0.00077,-3e-05,2
36553,0.00015,0.00011,-4e-05,2e-05,-1e-05,7e-05,-0.00077,-3e-05,2
36554,0.00015,0.00011,-4e-05,2e-05,-1e-05,7e-05,-0.00077,-3e-05,2
36555,0.00015,0.00011,-4e-05,2e-05,-1e-05,7e-05,-0.00077,-3e-05,2
36556,0.00015,0.00011,-4e-05,2e-05,-1e-05,7e-05,-0.00077,-3e-05,2
36557,0.00015,0.00011,-4e-05,2e-05,-1e-05,7e-05,-0.00077,-3e-05,2
36558,0.00015,0.00011,-4e-05,2e-05,-1e-05,7e-05,-0.00077,-3e-05,2
36559,0.00015,0.00011,-4e-05,2e-05,-1e-05,7e-05,-0.00077,-3e-05,2
36560,0.00015,0.00011,-4e-05,2e-05,-1e-05,7e-05,-0.00077,-3e-05,2
36561,0.00015,0.00011,-4e-05,2e-05,-1e-05,7e-05,-0.00077,-3e-05,2
36562,0.00015,0.00011,-4e-05,2e-05,-1e-05,7e-05,-0.00077,-3e-05,2
36563,0.00015,0.00011,-4e-05,2e-05,-1e-05,7e-05,-0.00077,-3e-05,2
36564,0.00015,0.00011,-4e-05,2e-05,-1e-05,7e-05,-0.00077,-3e-05,2
36565,-0.00025,-0.00011,-7e-05,-0.00032,-2e-05,0.0002,0.0005,0.0,2
36566,8e-05,7e-05,8e-05,-0.00023,-0.00014,-0.0002,0.00046,0.00017,2
36567,-0.00016,-0.00017,-6e-05,0.00035,0.00052,0.00017,6e-05,-4e-05,2
36568,-0.00016,-0.00017,-6e-05,0.00035,0.00052,0.00017,6e-05,-4e-05,2
36569,-0.00016,-0.00017,-6e-05,0.00035,0.00052,0.00017,6e-05,-4e-05,2
36570,-0.00016,-0.00017,-6e-05,0.00035,0.00052,0.00017,6e-05,-4e-05,2
36571,-0.00016,-0.00017,-6e-05,0.00035,0.00052,0.00017,6e-05,-4e-05,2
36572,-0.00016,-0.00017,-6e-05,0.00035,0.00052,0.00017,6e-05,-4e-05,2
36573,-0.00016,-0.00017,-6e-05,0.00035,0.00052,0.00017,6e-05,-4e-05,2
36574,-0.00016,-0.00017,-6e-05,0.00035,0.00052,0.00017,6e-05,-4e-05,2
36575,-0.00016,-0.00017,-6e-05,0.00035,0.00052,0.00017,6e-05,-4e-05,2
36576,-0.00016,-0.00017,-6e-05,0.00035,0.00052,0.00017,6e-05,-4e-05,2
36577,-0.00016,-0.00017,-6e-05,0.00035,0.00052,0.00017,6e-05,-4e-05,2
36578,-0.00016,-0.00017,-6e-05,0.00035,0.00052,0.00017,6e-05,-4e-05,2
36579,-0.00016,-0.00017,-6e-05,0.00035,0.00052,0.00017,6e-05,-4e-05,2
36580,-0.00016,-0.00017,-6e-05,0.00035,0.00052,0.00017,6e-05,-4e-05,2
36581,-0.00016,-0.00017,-6e-05,0.00035,0.00052,0.00017,6e-05,-4e-05,2
36582,-0.00016,-0.00017,-6e-05,0.00035,0.00052,0.00017,6e-05,-4e-05,2
36583,-0.00016,-0.00017,-6e-05,0.00035,0.00052,0.00017,6e-05,-4e-05,2
36584,-0.00016,-0.00017,-6e-05,0.00035,0.00052,0.00017,6e-05,-4e-05,2
36585,-0.00016,-0.00017,-6e-05,0.00035,0.00052,0.00017,6e-05,-4e-05,2
36586,-0.00016,-0.00017,-6e-05,0.00035,0.00052,0.00017,6e-05,-4e-05,2
36589,-0.00014,-4e-05,-5e-05,-0.0007,-0.00037,-8e-05,-0.00033,-7e-05,2
36590,-0.00014,-4e-05,-5e-05,-0.0007,-0.00037,-8e-05,-0.00033,-7e-05,2
36591,-0.00014,-4e-05,-5e-05,-0.0007,-0.00037,-8e-05,-0.00033,-7e-05,2
36592,-0.00014,-4e-05,-5e-05,-0.0007,-0.00037,-8e-05,-0.00033,-7e-05,2
36593,-0.00014,-4e-05,-5e-05,-0.0007,-0.00037,-8e-05,-0.00033,-7e-05,2
36594,-0.00014,-4e-05,-5e-05,-0.0007,-0.00037,-8e-05,-0.00033,-7e-05,2
36595,-0.00014,-4e-05,-5e-05,-0.0007,-0.00037,-8e-05,-0.00033,-7e-05,2
36596,-0.00014,-4e-05,-5e-05,-0.0007,-0.00037,-8e-05,-0.00033,-7e-05,2
36597,-0.00014,-4e-05,-5e-05,-0.0007,-0.00037,-8e-05,-0.00033,-7e-05,2
36598,-0.00014,-4e-05,-5e-05,-0.0007,-0.00037,-8e-05,-0.00033,-7e-05,2
36599,-0.00014,-4e-05,-5e-05,-0.0007,-0.00037,-8e-05,-0.00033,-7e-05,2
36600,-0.00014,-4e-05,-5e-05,-0.0007,-0.00037,-8e-05,-0.00033,-7e-05,2
36601,-0.00014,-4e-05,-5e-05,-0.0007,-0.00037,-8e-05,-0.00033,-7e-05,2
36602,-0.00014,-4e-05,-5e-05,-0.0007,-0.00037,-8e-05,-0.00033,-7e-05,2
36603,-0.00014,-4e-05,-5e-05,-0.0007,-0.00037,-8e-05,-0.00033,-7e-05,2
36604,-0.00014,-4e-05,-5e-05,-0.0007,-0.00037,-8e-05,-0.00033,-7e-05,2
36605,-0.00014,-4e-05,-5e-05,-0.0007,-0.00037,-8e-05,-0.00033,-7e-05,2
36606,-0.00014,-4e-05,-5e-05,-0.0007,-0.00037,-8e-05,-0.00033,-7e-05,2
36607,-0.00014,-4e-05,-5e-05,-0.0007,-0.00037,-8e-05,-0.00033,-7e-05,2
36608,-0.00014,-4e-05,-5e-05,-0.0007,-0.00037,-8e-05,-0.00033,-7e-05,2
36609,-0.00014,-4e-05,-5e-05,-0.0007,-0.00037,-8e-05,-0.00033,-7e-05,2
36610,-0.00014,-4e-05,-5e-05,-0.0007,-0.00037,-8e-05,-0.00033,-7e-05,2
36611,2e-05,3e-05,9e-05,0.00019,-0.00011,-6e-05,8e-05,0.0,2
36612,2e-05,3e-05,9e-05,0.00019,-0.00011,-6e-05,8e-05,0.0,2
36613,0.00015,3e-05,-0.00011,0.00026,-1e-05,3e-05,0.00013,3e-05,2
36614,0.00015,3e-05,-0.00011,0.00026,-1e-05,3e-05,0.00013,3e-05,2
36615,0.00015,3e-05,-0.00011,0.00026,-1e-05,3e-05,0.00013,3e-05,2
36616,0.00015,3e-05,-0.00011,0.00026,-1e-05,3e-05,0.00013,3e-05,2
36617,0.00015,3e-05,-0.00011,0.00026,-1e-05,3e-05,0.00013,3e-05,2
36618,0.00015,3e-05,-0.00011,0.00026,-1e-05,3e-05,0.00013,3e-05,2
36619,0.00015,3e-05,-0.00011,0.00026,-1e-05,3e-05,0.00013,3e-05,2
36620,0.00015,3e-05,-0.00011,0.00026,-1e-05,3e-05,0.00013,3e-05,2
36621,0.00015,3e-05,-0.00011,0.00026,-1e-05,3e-05,0.00013,3e-05,2
36622,0.00015,3e-05,-0.00011,0.00026,-1e-05,3e-05,0.00013,3e-05,2
36623,0.00015,3e-05,-0.00011,0.00026,-1e-05,3e-05,0.00013,3e-05,2
36624,0.00015,3e-05,-0.00011,0.00026,-1e-05,3e-05,0.00013,3e-05,2
36625,0.00025,9e-05,0.0,0.00011,-7e-05,-6e-05,0.00025,0.00018,2
36626,0.00025,9e-05,0.0,0.00011,-7e-05,-6e-05,0.00025,0.00018,2
36627,0.00011,0.0,1e-05,-0.00021,1e-05,-5e-05,0.0001,0.00018,2
36628,0.00011,0.0,1e-05,-0.00021,1e-05,-5e-05,0.0001,0.00018,2
36629,0.00011,0.0,1e-05,-0.00021,1e-05,-5e-05,0.0001,0.00018,2
36630,0.00011,0.0,1e-05,-0.00021,1e-05,-5e-05,0.0001,0.00018,2
36631,0.00011,0.0,1e-05,-0.00021,1e-05,-5e-05,0.0001,0.00018,2
36632,0.00011,0.0,1e-05,-0.00021,1e-05,-5e-05,0.0001,0.00018,2
36633,0.00011,0.0,1e-05,-0.00021,1e-05,-5e-05,0.0001,0.00018,2
36634,0.00011,0.0,1e-05,-0.00021,1e-05,-5e-05,0.0001,0.00018,2
36635,0.00011,0.0,1e-05,-0.00021,1e-05,-5e-05,0.0001,0.00018,2
36636,0.00011,0.0,1e-05,-0.00021,1e-05,-5e-05,0.0001,0.00018,2
36638,0.00011,0.0,1e-05,-0.00021,1e-05,-5e-05,0.0001,0.00018,2
36640,0.00011,0.0,1e-05,-0.00021,1e-05,-5e-05,0.0001,0.00018,2
36641,0.00011,0.0,1e-05,-0.00021,1e-05,-5e-05,0.0001,0.00018,2
36642,0.00011,0.0,1e-05,-0.00021,1e-05,-5e-05,0.0001,0.00018,2
36643,0.00011,0.0,1e-05,-0.00021,1e-05,-5e-05,0.0001,0.00018,2
36644,0.00011,0.0,1e-05,-0.00021,1e-05,-5e-05,0.0001,0.00018,2
36645,0.00011,0.0,1e-05,-0.00021,1e-05,-5e-05,0.0001,0.00018,2
36646,0.00011,0.0,1e-05,-0.00021,1e-05,-5e-05,0.0001,0.00018,2
36647,0.00011,0.0,1e-05,-0.00021,1e-05,-5e-05,0.0001,0.00018,2
36648,0.00011,0.0,1e-05,-0.00021,1e-05,-5e-05,0.0001,0.00018,2
36649,0.00011,0.0,1e-05,-0.00021,1e-05,-5e-05,0.0001,0.00018,2
36650,0.00013,5e-05,-1e-05,0.00015,-8e-05,-0.00013,0.00011,0.00028,2
36651,0.00013,5e-05,-1e-05,0.00015,-8e-05,-0.00013,0.00011,0.00028,2
36652,0.00013,5e-05,-1e-05,0.00015,-8e-05,-0.00013,0.00011,0.00028,2
36653,0.00013,5e-05,-1e-05,0.00015,-8e-05,-0.00013,0.00011,0.00028,2
36654,0.00013,5e-05,-1e-05,0.00015,-8e-05,-0.00013,0.00011,0.00028,2
36655,0.00013,5e-05,-1e-05,0.00015,-8e-05,-0.00013,0.00011,0.00028,2
36656,0.00013,5e-05,-1e-05,0.00015,-8e-05,-0.00013,0.00011,0.00028,2
36657,0.00013,5e-05,-1e-05,0.00015,-8e-05,-0.00013,0.00011,0.00028,2
36658,0.00013,5e-05,-1e-05,0.00015,-8e-05,-0.00013,0.00011,0.00028,2
36659,0.00013,5e-05,-1e-05,0.00015,-8e-05,-0.00013,0.00011,0.00028,2
36660,0.00013,5e-05,-1e-05,0.00015,-8e-05,-0.00013,0.00011,0.00028,2
36661,0.00013,5e-05,-1e-05,0.00015,-8e-05,-0.00013,0.00011,0.00028,2
36662,0.00013,5e-05,-1e-05,0.00015,-8e-05,-0.00013,0.00011,0.00028,2
36663,0.00013,5e-05,-1e-05,0.00015,-8e-05,-0.00013,0.00011,0.00028,2
36664,0.00013,5e-05,-1e-05,0.00015,-8e-05,-0.00013,0.00011,0.00028,2
36665,0.00013,5e-05,-1e-05,0.00015,-8e-05,-0.00013,0.00011,0.00028,2
36666,0.00013,5e-05,-1e-05,0.00015,-8e-05,-0.00013,0.00011,0.00028,2
36667,0.00013,5e-05,-1e-05,0.00015,-8e-05,-0.00013,0.00011,0.00028,2
36668,0.00013,5e-05,-1e-05,0.00015,-8e-05,-0.00013,0.00011,0.00028,2
36669,0.00013,5e-05,-1e-05,0.00015,-8e-05,-0.00013,0.00011,0.00028,2
36670,-0.0001,-1e-05,5e-05,-0.00011,-0.00023,0.00041,0.00025,-0.00015,2
36671,-0.0001,-1e-05,5e-05,-0.00011,-0.00023,0.00041,0.00025,-0.00015,2
36672,3e-05,-8e-05,-0.00012,0.00023,0.00018,-0.00036,0.00028,3e-05,2
36673,3e-05,-8e-05,-0.00012,0.00023,0.00018,-0.00036,0.00028,3e-05,2
36674,3e-05,-8e-05,-0.00012,0.00023,0.00018,-0.00036,0.00028,3e-05,2
36675,3e-05,-8e-05,-0.00012,0.00023,0.00018,-0.00036,0.00028,3e-05,2
36676,3e-05,-8e-05,-0.00012,0.00023,0.00018,-0.00036,0.00028,3e-05,2
36677,3e-05,-8e-05,-0.00012,0.00023,0.00018,-0.00036,0.00028,3e-05,2
36678,3e-05,-8e-05,-0.00012,0.00023,0.00018,-0.00036,0.00028,3e-05,2
36679,3e-05,-8e-05,-0.00012,0.00023,0.00018,-0.00036,0.00028,3e-05,2
36680,3e-05,-8e-05,-0.00012,0.00023,0.00018,-0.00036,0.00028,3e-05,2
36681,3e-05,-8e-05,-0.00012,0.00023,0.00018,-0.00036,0.00028,3e-05,2
36682,3e-05,-8e-05,-0.00012,0.00023,0.00018,-0.00036,0.00028,3e-05,2
36683,3e-05,-8e-05,-0.00012,0.00023,0.00018,-0.00036,0.00028,3e-05,2
36684,3e-05,-8e-05,-0.00012,0.00023,0.00018,-0.00036,0.00028,3e-05,2
36685,0.00017,4e-05,-8e-05,0.00019,4e-05,-0.00039,0.00015,4e-05,2
36686,0.00017,4e-05,-8e-05,0.00019,4e-05,-0.00039,0.00015,4e-05,2
36688,-8e-05,6e-05,0.00017,-9e-05,0.00011,-0.00011,0.00011,-6e-05,2
36689,-8e-05,6e-05,0.00017,-9e-05,0.00011,-0.00011,0.00011,-6e-05,2
36690,-8e-05,6e-05,0.00017,-9e-05,0.00011,-0.00011,0.00011,-6e-05,2
36691,-8e-05,6e-05,0.00017,-9e-05,0.00011,-0.00011,0.00011,-6e-05,2
36692,-8e-05,6e-05,0.00017,-9e-05,0.00011,-0.00011,0.00011,-6e-05,2
36693,-8e-05,6e-05,0.00017,-9e-05,0.00011,-0.00011,0.00011,-6e-05,2
36694,-8e-05,6e-05,0.00017,-9e-05,0.00011,-0.00011,0.00011,-6e-05,2
36695,-8e-05,6e-05,0.00017,-9e-05,0.00011,-0.00011,0.00011,-6e-05,2
36696,-8e-05,6e-05,0.00017,-9e-05,0.00011,-0.00011,0.00011,-6e-05,2
36697,-8e-05,6e-05,0.00017,-9e-05,0.00011,-0.00011,0.00011,-6e-05,2
36698,-8e-05,6e-05,0.00017,-9e-05,0.00011,-0.00011,0.00011,-6e-05,2
36699,-8e-05,6e-05,0.00017,-9e-05,0.00011,-0.00011,0.00011,-6e-05,2
36700,-8e-05,6e-05,0.00017,-9e-05,0.00011,-0.00011,0.00011,-6e-05,2
36701,-8e-05,6e-05,0.00017,-9e-05,0.00011,-0.00011,0.00011,-6e-05,2
36702,-8e-05,6e-05,0.00017,-9e-05,0.00011,-0.00011,0.00011,-6e-05,2
36703,-8e-05,6e-05,0.00017,-9e-05,0.00011,-0.00011,0.00011,-6e-05,2
36704,-8e-05,6e-05,0.00017,-9e-05,0.00011,-0.00011,0.00011,-6e-05,2
36705,-8e-05,6e-05,0.00017,-9e-05,0.00011,-0.00011,0.00011,-6e-05,2
36706,-8e-05,6e-05,0.00017,-9e-05,0.00011,-0.00011,0.00011,-6e-05,2
36707,-8e-05,6e-05,0.00017,-9e-05,0.00011,-0.00011,0.00011,-6e-05,2
36708,-4e-05,-9e-05,-0.00022,-0.00015,9e-05,-0.00018,-0.00016,-5e-05,2
36709,-0.0003,-0.0001,1e-05,0.00011,-2e-05,-4e-05,-0.00076,-0.00037,2
36710,-0.0003,-0.0001,1e-05,0.00011,-2e-05,-4e-05,-0.00076,-0.00037,2
36711,-0.0003,-0.0001,1e-05,0.00011,-2e-05,-4e-05,-0.00076,-0.00037,2
36712,-0.0003,-0.0001,1e-05,0.00011,-2e-05,-4e-05,-0.00076,-0.00037,2
36713,-0.0003,-0.0001,1e-05,0.00011,-2e-05,-4e-05,-0.00076,-0.00037,2
36714,-0.0003,-0.0001,1e-05,0.00011,-2e-05,-4e-05,-0.00076,-0.00037,2
36715,-0.0003,-0.0001,1e-05,0.00011,-2e-05,-4e-05,-0.00076,-0.00037,2
36716,-0.0003,-0.0001,1e-05,0.00011,-2e-05,-4e-05,-0.00076,-0.00037,2
36717,-0.0003,-0.0001,1e-05,0.00011,-2e-05,-4e-05,-0.00076,-0.00037,2
36718,-0.0003,-0.0001,1e-05,0.00011,-2e-05,-4e-05,-0.00076,-0.00037,2
36719,-0.0003,-0.0001,1e-05,0.00011,-2e-05,-4e-05,-0.00076,-0.00037,2
36720,-0.0003,-0.0001,1e-05,0.00011,-2e-05,-4e-05,-0.00076,-0.00037,2
36721,-0.0003,-0.0001,1e-05,0.00011,-2e-05,-4e-05,-0.00076,-0.00037,2
36722,-0.0003,-0.0001,1e-05,0.00011,-2e-05,-4e-05,-0.00076,-0.00037,2
36723,-0.0003,-0.0001,1e-05,0.00011,-2e-05,-4e-05,-0.00076,-0.00037,2
36724,-0.0003,-0.0001,1e-05,0.00011,-2e-05,-4e-05,-0.00076,-0.00037,2
36725,-0.0003,-0.0001,1e-05,0.00011,-2e-05,-4e-05,-0.00076,-0.00037,2
36726,-0.0003,-0.0001,1e-05,0.00011,-2e-05,-4e-05,-0.00076,-0.00037,2
36727,-0.0003,-0.0001,1e-05,0.00011,-2e-05,-4e-05,-0.00076,-0.00037,2
36728,-0.0003,-0.0001,1e-05,0.00011,-2e-05,-4e-05,-0.00076,-0.00037,2
36729,-0.0003,-0.0001,1e-05,0.00011,-2e-05,-4e-05,-0.00076,-0.00037,2
36730,-1e-05,1e-05,-2e-05,0.00054,0.00015,-0.00014,0.0001,-4e-05,2
36731,-1e-05,1e-05,-2e-05,0.00054,0.00015,-0.00014,0.0001,-4e-05,2
36732,-5e-05,-4e-05,-2e-05,0.00044,-0.00015,0.0,-0.00013,0.00011,2
36733,-5e-05,-4e-05,-2e-05,0.00044,-0.00015,0.0,-0.00013,0.00011,2
36734,-5e-05,-4e-05,-2e-05,0.00044,-0.00015,0.0,-0.00013,0.00011,2
36735,-5e-05,-4e-05,-2e-05,0.00044,-0.00015,0.0,-0.00013,0.00011,2
36736,-5e-05,-4e-05,-2e-05,0.00044,-0.00015,0.0,-0.00013,0.00011,2
36738,-5e-05,-4e-05,-2e-05,0.00044,-0.00015,0.0,-0.00013,0.00011,2
36739,-5e-05,-4e-05,-2e-05,0.00044,-0.00015,0.0,-0.00013,0.00011,2
36740,-5e-05,-4e-05,-2e-05,0.00044,-0.00015,0.0,-0.00013,0.00011,2
36741,-5e-05,-4e-05,-2e-05,0.00044,-0.00015,0.0,-0.00013,0.00011,2
36742,-5e-05,-4e-05,-2e-05,0.00044,-0.00015,0.0,-0.00013,0.00011,2
36743,-5e-05,-4e-05,-2e-05,0.00044,-0.00015,0.0,-0.00013,0.00011,2
36744,-0.00024,-6e-05,2e-05,-6e-05,7e-05,1e-05,0.00086,-0.00019,2
36745,0.00016,1e-05,-2e-05,-0.00034,-4e-05,-9e-05,-0.00061,0.00025,2
36746,0.00016,1e-05,-2e-05,-0.00034,-4e-05,-9e-05,-0.00061,0.00025,2
36747,0.00016,1e-05,-2e-05,-0.00034,-4e-05,-9e-05,-0.00061,0.00025,2
36748,0.00016,1e-05,-2e-05,-0.00034,-4e-05,-9e-05,-0.00061,0.00025,2
36749,0.00016,1e-05,-2e-05,-0.00034,-4e-05,-9e-05,-0.00061,0.00025,2
36750,0.00016,1e-05,-2e-05,-0.00034,-4e-05,-9e-05,-0.00061,0.00025,2
36751,7e-05,0.0001,0.00012,-0.00031,-9e-05,4e-05,-0.00064,-0.00017,2
36752,7e-05,0.0001,0.00012,-0.00031,-9e-05,4e-05,-0.00064,-0.00017,2
36753,7e-05,0.0001,0.00012,-0.00031,-9e-05,4e-05,-0.00064,-0.00017,2
36754,7e-05,0.0001,0.00012,-0.00031,-9e-05,4e-05,-0.00064,-0.00017,2
36755,7e-05,0.0001,0.00012,-0.00031,-9e-05,4e-05,-0.00064,-0.00017,2
36756,7e-05,0.0001,0.00012,-0.00031,-9e-05,4e-05,-0.00064,-0.00017,2
36757,7e-05,0.0001,0.00012,-0.00031,-9e-05,4e-05,-0.00064,-0.00017,2
36758,7e-05,0.0001,0.00012,-0.00031,-9e-05,4e-05,-0.00064,-0.00017,2
36759,7e-05,0.0001,0.00012,-0.00031,-9e-05,4e-05,-0.00064,-0.00017,2
36760,7e-05,0.0001,0.00012,-0.00031,-9e-05,4e-05,-0.00064,-0.00017,2
36761,7e-05,0.0001,0.00012,-0.00031,-9e-05,4e-05,-0.00064,-0.00017,2
36762,7e-05,0.0001,0.00012,-0.00031,-9e-05,4e-05,-0.00064,-0.00017,2
36763,7e-05,0.0001,0.00012,-0.00031,-9e-05,4e-05,-0.00064,-0.00017,2
36764,7e-05,0.0001,0.00012,-0.00031,-9e-05,4e-05,-0.00064,-0.00017,2
36765,7e-05,0.0001,0.00012,-0.00031,-9e-05,4e-05,-0.00064,-0.00017,2
36766,7e-05,0.0001,0.00012,-0.00031,-9e-05,4e-05,-0.00064,-0.00017,2
36767,7e-05,0.0001,0.00012,-0.00031,-9e-05,4e-05,-0.00064,-0.00017,2
36768,2e-05,-7e-05,-2e-05,0.0001,-3e-05,-0.00015,0.00059,1e-05,2
36769,0.00032,7e-05,7e-05,-0.0003,-8e-05,-0.00013,-0.00012,0.00032,2
36770,0.00032,7e-05,7e-05,-0.0003,-8e-05,-0.00013,-0.00012,0.00032,2
36771,0.00032,7e-05,7e-05,-0.0003,-8e-05,-0.00013,-0.00012,0.00032,2
36772,0.00032,7e-05,7e-05,-0.0003,-8e-05,-0.00013,-0.00012,0.00032,2
36773,0.00032,7e-05,7e-05,-0.0003,-8e-05,-0.00013,-0.00012,0.00032,2
36774,0.00032,7e-05,7e-05,-0.0003,-8e-05,-0.00013,-0.00012,0.00032,2
36775,0.00032,7e-05,7e-05,-0.0003,-8e-05,-0.00013,-0.00012,0.00032,2
36776,0.00032,7e-05,7e-05,-0.0003,-8e-05,-0.00013,-0.00012,0.00032,2
36777,0.00032,7e-05,7e-05,-0.0003,-8e-05,-0.00013,-0.00012,0.00032,2
36778,0.00032,7e-05,7e-05,-0.0003,-8e-05,-0.00013,-0.00012,0.00032,2
36779,0.00032,7e-05,7e-05,-0.0003,-8e-05,-0.00013,-0.00012,0.00032,2
36780,0.00032,7e-05,7e-05,-0.0003,-8e-05,-0.00013,-0.00012,0.00032,2
36781,0.00032,7e-05,7e-05,-0.0003,-8e-05,-0.00013,-0.00012,0.00032,2
36782,0.00032,7e-05,7e-05,-0.0003,-8e-05,-0.00013,-0.00012,0.00032,2
36783,0.00032,7e-05,7e-05,-0.0003,-8e-05,-0.00013,-0.00012,0.00032,2
36784,0.00032,7e-05,7e-05,-0.0003,-8e-05,-0.00013,-0.00012,0.00032,2
36785,0.00032,7e-05,7e-05,-0.0003,-8e-05,-0.00013,-0.00012,0.00032,2
36786,0.00032,7e-05,7e-05,-0.0003,-8e-05,-0.00013,-0.00012,0.00032,2
36788,0.00032,7e-05,7e-05,-0.0003,-8e-05,-0.00013,-0.00012,0.00032,2
36789,0.00032,7e-05,7e-05,-0.0003,-8e-05,-0.00013,-0.00012,0.00032,2
36790,-0.00016,-3e-05,-9e-05,-0.00021,-0.00018,0.00015,-0.00043,-0.00015,2
36791,-0.00016,-3e-05,-9e-05,-0.00021,-0.00018,0.00015,-0.00043,-0.00015,2
36792,3e-05,-3e-05,-4e-05,-0.00026,0.00012,3e-05,0.00056,-3e-05,2
36793,3e-05,-3e-05,-4e-05,-0.00026,0.00012,3e-05,0.00056,-3e-05,2
36794,3e-05,-3e-05,-4e-05,-0.00026,0.00012,3e-05,0.00056,-3e-05,2
36795,3e-05,-3e-05,-4e-05,-0.00026,0.00012,3e-05,0.00056,-3e-05,2
36796,3e-05,-3e-05,-4e-05,-0.00026,0.00012,3e-05,0.00056,-3e-05,2
36797,3e-05,-3e-05,-4e-05,-0.00026,0.00012,3e-05,0.00056,-3e-05,2
36798,3e-05,-3e-05,-4e-05,-0.00026,0.00012,3e-05,0.00056,-3e-05,2
36799,3e-05,-3e-05,-4e-05,-0.00026,0.00012,3e-05,0.00056,-3e-05,2
36800,3e-05,-3e-05,-4e-05,-0.00026,0.00012,3e-05,0.00056,-3e-05,2
36801,3e-05,-3e-05,-4e-05,-0.00026,0.00012,3e-05,0.00056,-3e-05,2
36802,3e-05,-3e-05,-4e-05,-0.00026,0.00012,3e-05,0.00056,-3e-05,2
36803,3e-05,-3e-05,-4e-05,-0.00026,0.00012,3e-05,0.00056,-3e-05,2
36804,0.00017,6e-05,-5e-05,0.00068,0.00016,-2e-05,-0.00098,-1e-05,2
36805,-3e-05,-1e-05,6e-05,-0.00036,-9e-05,0.0,0.00079,9e-05,2
36806,-3e-05,-1e-05,6e-05,-0.00036,-9e-05,0.0,0.00079,9e-05,2
36807,-3e-05,-1e-05,6e-05,-0.00036,-9e-05,0.0,0.00079,9e-05,2
36808,-3e-05,-1e-05,6e-05,-0.00036,-9e-05,0.0,0.00079,9e-05,2
36809,-3e-05,-1e-05,6e-05,-0.00036,-9e-05,0.0,0.00079,9e-05,2
36810,-3e-05,-1e-05,6e-05,-0.00036,-9e-05,0.0,0.00079,9e-05,2
36811,1e-05,-2e-05,-3e-05,0.00025,0.00046,0.00027,0.00038,7e-05,2
36812,1e-05,-2e-05,-3e-05,0.00025,0.00046,0.00027,0.00038,7e-05,2
36813,1e-05,-2e-05,-3e-05,0.00025,0.00046,0.00027,0.00038,7e-05,2
36814,1e-05,-2e-05,-3e-05,0.00025,0.00046,0.00027,0.00038,7e-05,2
36815,1e-05,-2e-05,-3e-05,0.00025,0.00046,0.00027,0.00038,7e-05,2
36816,1e-05,-2e-05,-3e-05,0.00025,0.00046,0.00027,0.00038,7e-05,2
36817,1e-05,-2e-05,-3e-05,0.00025,0.00046,0.00027,0.00038,7e-05,2
36818,1e-05,-2e-05,-3e-05,0.00025,0.00046,0.00027,0.00038,7e-05,2
36819,1e-05,-2e-05,-3e-05,0.00025,0.00046,0.00027,0.00038,7e-05,2
36820,1e-05,-2e-05,-3e-05,0.00025,0.00046,0.00027,0.00038,7e-05,2
36821,1e-05,-2e-05,-3e-05,0.00025,0.00046,0.00027,0.00038,7e-05,2
36822,1e-05,-2e-05,-3e-05,0.00025,0.00046,0.00027,0.00038,7e-05,2
36823,1e-05,-2e-05,-3e-05,0.00025,0.00046,0.00027,0.00038,7e-05,2
36824,1e-05,-2e-05,-3e-05,0.00025,0.00046,0.00027,0.00038,7e-05,2
36825,1e-05,-2e-05,-3e-05,0.00025,0.00046,0.00027,0.00038,7e-05,2
36826,1e-05,-2e-05,-3e-05,0.00025,0.00046,0.00027,0.00038,7e-05,2
36827,-0.00017,-6e-05,0.0,0.00019,-7e-05,0.00025,-0.00012,-5e-05,2
36828,0.00011,9e-05,0.0,0.00017,0.00016,0.00012,-0.0002,0.0001,2
36829,-0.00024,-6e-05,-2e-05,-0.00034,-0.00018,0.00032,0.0004,-0.00015,2
36830,-0.00024,-6e-05,-2e-05,-0.00034,-0.00018,0.00032,0.0004,-0.00015,2
36831,-0.00024,-6e-05,-2e-05,-0.00034,-0.00018,0.00032,0.0004,-0.00015,2
36832,-0.00024,-6e-05,-2e-05,-0.00034,-0.00018,0.00032,0.0004,-0.00015,2
36833,-0.00024,-6e-05,-2e-05,-0.00034,-0.00018,0.00032,0.0004,-0.00015,2
36834,-0.00024,-6e-05,-2e-05,-0.00034,-0.00018,0.00032,0.0004,-0.00015,2
36835,-0.00024,-6e-05,-2e-05,-0.00034,-0.00018,0.00032,0.0004,-0.00015,2
36836,-0.00024,-6e-05,-2e-05,-0.00034,-0.00018,0.00032,0.0004,-0.00015,2
36838,-0.00024,-6e-05,-2e-05,-0.00034,-0.00018,0.00032,0.0004,-0.00015,2
36839,-0.00024,-6e-05,-2e-05,-0.00034,-0.00018,0.00032,0.0004,-0.00015,2
36840,-0.00024,-6e-05,-2e-05,-0.00034,-0.00018,0.00032,0.0004,-0.00015,2
36841,-0.00024,-6e-05,-2e-05,-0.00034,-0.00018,0.00032,0.0004,-0.00015,2
36842,-0.00024,-6e-05,-2e-05,-0.00034,-0.00018,0.00032,0.0004,-0.00015,2
36843,-0.00024,-6e-05,-2e-05,-0.00034,-0.00018,0.00032,0.0004,-0.00015,2
36844,-0.00024,-6e-05,-2e-05,-0.00034,-0.00018,0.00032,0.0004,-0.00015,2
36845,-0.00024,-6e-05,-2e-05,-0.00034,-0.00018,0.00032,0.0004,-0.00015,2
36846,-0.00024,-6e-05,-2e-05,-0.00034,-0.00018,0.00032,0.0004,-0.00015,2
36847,-0.00024,-6e-05,-2e-05,-0.00034,-0.00018,0.00032,0.0004,-0.00015,2
36848,-0.00024,-6e-05,-2e-05,-0.00034,-0.00018,0.00032,0.0004,-0.00015,2
36849,-0.00024,-6e-05,-2e-05,-0.00034,-0.00018,0.00032,0.0004,-0.00015,2
36850,-0.00024,-6e-05,-2e-05,-0.00034,-0.00018,0.00032,0.0004,-0.00015,2
36851,-7e-05,-1e-05,0.00015,0.00071,0.00016,-2e-05,-0.00045,-0.00013,2
36852,-0.00013,-3e-05,-7e-05,-0.00033,-0.00025,-0.00012,-3e-05,-0.00012,2
36853,-0.00013,-3e-05,-7e-05,-0.00033,-0.00025,-0.00012,-3e-05,-0.00012,2
36854,-0.00013,-3e-05,-7e-05,-0.00033,-0.00025,-0.00012,-3e-05,-0.00012,2
36855,-0.00013,-3e-05,-7e-05,-0.00033,-0.00025,-0.00012,-3e-05,-0.00012,2
36856,-0.00013,-3e-05,-7e-05,-0.00033,-0.00025,-0.00012,-3e-05,-0.00012,2
36857,-0.00013,-3e-05,-7e-05,-0.00033,-0.00025,-0.00012,-3e-05,-0.00012,2
36858,-0.00013,-3e-05,-7e-05,-0.00033,-0.00025,-0.00012,-3e-05,-0.00012,2
36859,-0.00013,-3e-05,-7e-05,-0.00033,-0.00025,-0.00012,-3e-05,-0.00012,2
36860,-0.00013,-3e-05,-7e-05,-0.00033,-0.00025,-0.00012,-3e-05,-0.00012,2
36861,-0.00013,-3e-05,-7e-05,-0.00033,-0.00025,-0.00012,-3e-05,-0.00012,2
36862,-0.00013,-3e-05,-7e-05,-0.00033,-0.00025,-0.00012,-3e-05,-0.00012,2
36863,-0.00013,-3e-05,-7e-05,-0.00033,-0.00025,-0.00012,-3e-05,-0.00012,2
36864,0.00012,0.0,-5e-05,-0.00022,0.00017,-0.00018,0.00093,0.00029,2
36865,2e-05,1e-05,2e-05,0.00024,8e-05,0.00041,0.00032,-5e-05,2
36866,2e-05,1e-05,2e-05,0.00024,8e-05,0.00041,0.00032,-5e-05,2
36867,2e-05,1e-05,2e-05,0.00024,8e-05,0.00041,0.00032,-5e-05,2
36868,2e-05,1e-05,2e-05,0.00024,8e-05,0.00041,0.00032,-5e-05,2
36869,2e-05,1e-05,2e-05,0.00024,8e-05,0.00041,0.00032,-5e-05,2
36870,2e-05,1e-05,2e-05,0.00024,8e-05,0.00041,0.00032,-5e-05,2
36871,-3e-05,-3e-05,-7e-05,-0.00015,-0.00013,-8e-05,-6e-05,0.0,2
36872,-3e-05,-3e-05,-7e-05,-0.00015,-0.00013,-8e-05,-6e-05,0.0,2
36873,-3e-05,-3e-05,-7e-05,-0.00015,-0.00013,-8e-05,-6e-05,0.0,2
36874,-3e-05,-3e-05,-7e-05,-0.00015,-0.00013,-8e-05,-6e-05,0.0,2
36875,-3e-05,-3e-05,-7e-05,-0.00015,-0.00013,-8e-05,-6e-05,0.0,2
36876,-3e-05,-3e-05,-7e-05,-0.00015,-0.00013,-8e-05,-6e-05,0.0,2
36877,-3e-05,-3e-05,-7e-05,-0.00015,-0.00013,-8e-05,-6e-05,0.0,2
36878,-3e-05,-3e-05,-7e-05,-0.00015,-0.00013,-8e-05,-6e-05,0.0,2
36879,-3e-05,-3e-05,-7e-05,-0.00015,-0.00013,-8e-05,-6e-05,0.0,2
36880,-3e-05,-3e-05,-7e-05,-0.00015,-0.00013,-8e-05,-6e-05,0.0,2
36881,-3e-05,-3e-05,-7e-05,-0.00015,-0.00013,-8e-05,-6e-05,0.0,2
36882,-3e-05,-3e-05,-7e-05,-0.00015,-0.00013,-8e-05,-6e-05,0.0,2
36883,-3e-05,-3e-05,-7e-05,-0.00015,-0.00013,-8e-05,-6e-05,0.0,2
36884,-3e-05,-3e-05,-7e-05,-0.00015,-0.00013,-8e-05,-6e-05,0.0,2
36885,-3e-05,-3e-05,-7e-05,-0.00015,-0.00013,-8e-05,-6e-05,0.0,2
36886,-3e-05,-3e-05,-7e-05,-0.00015,-0.00013,-8e-05,-6e-05,0.0,2
36888,-0.00019,-5e-05,-3e-05,-0.00014,0.00014,-2e-05,0.00015,-0.0001,2
36889,0.00025,8e-05,7e-05,8e-05,9e-05,0.00011,-7e-05,0.00026,2
36890,3e-05,1e-05,0.0,-0.00022,-0.00013,0.0,-2e-05,-6e-05,2
36891,3e-05,1e-05,0.0,-0.00022,-0.00013,0.0,-2e-05,-6e-05,2
36892,3e-05,1e-05,0.0,-0.00022,-0.00013,0.0,-2e-05,-6e-05,2
36893,3e-05,1e-05,0.0,-0.00022,-0.00013,0.0,-2e-05,-6e-05,2
36894,3e-05,1e-05,0.0,-0.00022,-0.00013,0.0,-2e-05,-6e-05,2
36895,3e-05,1e-05,0.0,-0.00022,-0.00013,0.0,-2e-05,-6e-05,2
36896,3e-05,1e-05,0.0,-0.00022,-0.00013,0.0,-2e-05,-6e-05,2
36897,3e-05,1e-05,0.0,-0.00022,-0.00013,0.0,-2e-05,-6e-05,2
36898,3e-05,1e-05,0.0,-0.00022,-0.00013,0.0,-2e-05,-6e-05,2
36899,3e-05,1e-05,0.0,-0.00022,-0.00013,0.0,-2e-05,-6e-05,2
36900,3e-05,1e-05,0.0,-0.00022,-0.00013,0.0,-2e-05,-6e-05,2
36901,3e-05,1e-05,0.0,-0.00022,-0.00013,0.0,-2e-05,-6e-05,2
36902,3e-05,1e-05,0.0,-0.00022,-0.00013,0.0,-2e-05,-6e-05,2
36903,3e-05,1e-05,0.0,-0.00022,-0.00013,0.0,-2e-05,-6e-05,2
36904,3e-05,1e-05,0.0,-0.00022,-0.00013,0.0,-2e-05,-6e-05,2
36905,3e-05,1e-05,0.0,-0.00022,-0.00013,0.0,-2e-05,-6e-05,2
36906,3e-05,1e-05,0.0,-0.00022,-0.00013,0.0,-2e-05,-6e-05,2
36907,3e-05,1e-05,0.0,-0.00022,-0.00013,0.0,-2e-05,-6e-05,2
36908,3e-05,1e-05,0.0,-0.00022,-0.00013,0.0,-2e-05,-6e-05,2
36909,3e-05,1e-05,0.0,-0.00022,-0.00013,0.0,-2e-05,-6e-05,2
36910,1e-05,1e-05,-4e-05,-0.00017,0.0,-0.00034,-0.00041,1e-05,2
36911,1e-05,1e-05,-4e-05,-0.00017,0.0,-0.00034,-0.00041,1e-05,2
36912,0.00025,0.00011,0.0,-0.0002,-0.00014,0.00039,0.0003,0.00011,2
36913,0.00025,0.00011,0.0,-0.0002,-0.00014,0.00039,0.0003,0.00011,2
36914,0.00025,0.00011,0.0,-0.0002,-0.00014,0.00039,0.0003,0.00011,2
36915,0.00025,0.00011,0.0,-0.0002,-0.00014,0.00039,0.0003,0.00011,2
36916,0.00025,0.00011,0.0,-0.0002,-0.00014,0.00039,0.0003,0.00011,2
36917,0.00025,0.00011,0.0,-0.0002,-0.00014,0.00039,0.0003,0.00011,2
36918,0.00025,0.00011,0.0,-0.0002,-0.00014,0.00039,0.0003,0.00011,2
36919,0.00025,0.00011,0.0,-0.0002,-0.00014,0.00039,0.0003,0.00011,2
36920,0.00025,0.00011,0.0,-0.0002,-0.00014,0.00039,0.0003,0.00011,2
36921,0.00025,0.00011,0.0,-0.0002,-0.00014,0.00039,0.0003,0.00011,2
36922,0.00025,0.00011,0.0,-0.0002,-0.00014,0.00039,0.0003,0.00011,2
36923,0.00025,0.00011,0.0,-0.0002,-0.00014,0.00039,0.0003,0.00011,2
36924,0.00025,0.00011,0.0,-0.0002,-0.00014,0.00039,0.0003,0.00011,2
36925,-3e-05,-2e-05,3e-05,-0.00025,-6e-05,0.0003,0.0003,8e-05,2
36926,-3e-05,-2e-05,3e-05,-0.00025,-6e-05,0.0003,0.0003,8e-05,2
36927,-3e-05,-2e-05,3e-05,-0.00025,-6e-05,0.0003,0.0003,8e-05,2
36928,-3e-05,-2e-05,3e-05,-0.00025,-6e-05,0.0003,0.0003,8e-05,2
36929,-3e-05,-2e-05,3e-05,-0.00025,-6e-05,0.0003,0.0003,8e-05,2
36930,-3e-05,-2e-05,3e-05,-0.00025,-6e-05,0.0003,0.0003,8e-05,2
36931,-0.00017,-0.00013,-0.00016,-0.00029,-1e-05,-0.00019,-0.00079,-0.00025,2
36932,-0.00017,-0.00013,-0.00016,-0.00029,-1e-05,-0.00019,-0.00079,-0.00025,2
36933,-0.00017,-0.00013,-0.00016,-0.00029,-1e-05,-0.00019,-0.00079,-0.00025,2
36934,-0.00017,-0.00013,-0.00016,-0.00029,-1e-05,-0.00019,-0.00079,-0.00025,2
36935,-0.00017,-0.00013,-0.00016,-0.00029,-1e-05,-0.00019,-0.00079,-0.00025,2
36936,-0.00017,-0.00013,-0.00016,-0.00029,-1e-05,-0.00019,-0.00079,-0.00025,2
36938,-0.00017,-0.00013,-0.00016,-0.00029,-1e-05,-0.00019,-0.00079,-0.00025,2
36939,-0.00017,-0.00013,-0.00016,-0.00029,-1e-05,-0.00019,-0.00079,-0.00025,2
36940,-0.00017,-0.00013,-0.00016,-0.00029,-1e-05,-0.00019,-0.00079,-0.00025,2
36941,-0.00017,-0.00013,-0.00016,-0.00029,-1e-05,-0.00019,-0.00079,-0.00025,2
36942,-0.00017,-0.00013,-0.00016,-0.00029,-1e-05,-0.00019,-0.00079,-0.00025,2
36943,-0.00017,-0.00013,-0.00016,-0.00029,-1e-05,-0.00019,-0.00079,-0.00025,2
36944,-0.00017,-0.00013,-0.00016,-0.00029,-1e-05,-0.00019,-0.00079,-0.00025,2
36945,-0.00017,-0.00013,-0.00016,-0.00029,-1e-05,-0.00019,-0.00079,-0.00025,2
36946,-0.00017,-0.00013,-0.00016,-0.00029,-1e-05,-0.00019,-0.00079,-0.00025,2
36947,-0.00017,-0.00013,-0.00016,-0.00029,-1e-05,-0.00019,-0.00079,-0.00025,2
36948,-0.00012,-5e-05,-6e-05,3e-05,-9e-05,-0.00025,-0.00018,-0.00017,2
36949,-0.00023,-3e-05,1e-05,-0.00049,-6e-05,0.00034,-0.0003,-0.00019,2
36950,0.00026,6e-05,0.0,0.00031,-0.00017,-0.00021,0.0005,0.00019,2
36951,0.00026,6e-05,0.0,0.00031,-0.00017,-0.00021,0.0005,0.00019,2
36952,0.00026,6e-05,0.0,0.00031,-0.00017,-0.00021,0.0005,0.00019,2
36953,0.00026,6e-05,0.0,0.00031,-0.00017,-0.00021,0.0005,0.00019,2
36954,0.00026,6e-05,0.0,0.00031,-0.00017,-0.00021,0.0005,0.00019,2
36955,0.00026,6e-05,0.0,0.00031,-0.00017,-0.00021,0.0005,0.00019,2
36956,0.00026,6e-05,0.0,0.00031,-0.00017,-0.00021,0.0005,0.00019,2
36957,0.00026,6e-05,0.0,0.00031,-0.00017,-0.00021,0.0005,0.00019,2
36958,0.00026,6e-05,0.0,0.00031,-0.00017,-0.00021,0.0005,0.00019,2
36959,0.00026,6e-05,0.0,0.00031,-0.00017,-0.00021,0.0005,0.00019,2
36960,0.00026,6e-05,0.0,0.00031,-0.00017,-0.00021,0.0005,0.00019,2
36961,0.00026,6e-05,0.0,0.00031,-0.00017,-0.00021,0.0005,0.00019,2
36962,0.00026,6e-05,0.0,0.00031,-0.00017,-0.00021,0.0005,0.00019,2
36963,0.00026,6e-05,0.0,0.00031,-0.00017,-0.00021,0.0005,0.00019,2
36964,0.00026,6e-05,0.0,0.00031,-0.00017,-0.00021,0.0005,0.00019,2
36965,0.00026,6e-05,0.0,0.00031,-0.00017,-0.00021,0.0005,0.00019,2
36966,0.00026,6e-05,0.0,0.00031,-0.00017,-0.00021,0.0005,0.00019,2
36967,0.00026,6e-05,0.0,0.00031,-0.00017,-0.00021,0.0005,0.00019,2
36968,0.00026,6e-05,0.0,0.00031,-0.00017,-0.00021,0.0005,0.00019,2
36969,0.00026,6e-05,0.0,0.00031,-0.00017,-0.00021,0.0005,0.00019,2
36970,-0.0002,-6e-05,-3e-05,-0.0001,-0.00016,-0.00019,-0.0001,-0.00015,2
36971,-0.0002,-6e-05,-3e-05,-0.0001,-0.00016,-0.00019,-0.0001,-0.00015,2
36972,-0.00017,-0.00013,-0.00018,-0.00017,-8e-05,-3e-05,3e-05,-3e-05,2
36973,-0.00017,-0.00013,-0.00018,-0.00017,-8e-05,-3e-05,3e-05,-3e-05,2
36974,-0.00017,-0.00013,-0.00018,-0.00017,-8e-05,-3e-05,3e-05,-3e-05,2
36975,-0.00017,-0.00013,-0.00018,-0.00017,-8e-05,-3e-05,3e-05,-3e-05,2
36976,-0.00017,-0.00013,-0.00018,-0.00017,-8e-05,-3e-05,3e-05,-3e-05,2
36977,-0.00017,-0.00013,-0.00018,-0.00017,-8e-05,-3e-05,3e-05,-3e-05,2
36978,-0.00017,-0.00013,-0.00018,-0.00017,-8e-05,-3e-05,3e-05,-3e-05,2
36979,-0.00017,-0.00013,-0.00018,-0.00017,-8e-05,-3e-05,3e-05,-3e-05,2
36980,-0.00017,-0.00013,-0.00018,-0.00017,-8e-05,-3e-05,3e-05,-3e-05,2
36981,-0.00017,-0.00013,-0.00018,-0.00017,-8e-05,-3e-05,3e-05,-3e-05,2
36982,-0.00017,-0.00013,-0.00018,-0.00017,-8e-05,-3e-05,3e-05,-3e-05,2
36983,-0.00017,-0.00013,-0.00018,-0.00017,-8e-05,-3e-05,3e-05,-3e-05,2
36984,1e-05,6e-05,4e-05,-0.00048,0.00011,-0.0001,-3e-05,-0.00018,2
36985,1e-05,6e-05,4e-05,-0.00048,0.00011,-0.0001,-3e-05,-0.00018,2
36986,1e-05,6e-05,4e-05,-0.00048,0.00011,-0.0001,-3e-05,-0.00018,2
36988,1e-05,6e-05,4e-05,-0.00048,0.00011,-0.0001,-3e-05,-0.00018,2
36989,1e-05,6e-05,4e-05,-0.00048,0.00011,-0.0001,-3e-05,-0.00018,2
36990,1e-05,6e-05,4e-05,-0.00048,0.00011,-0.0001,-3e-05,-0.00018,2
36991,2e-05,-9e-05,3e-05,0.00028,5e-05,-0.0001,0.00016,7e-05,2
36992,2e-05,-9e-05,3e-05,0.00028,5e-05,-0.0001,0.00016,7e-05,2
36993,2e-05,-9e-05,3e-05,0.00028,5e-05,-0.0001,0.00016,7e-05,2
36994,2e-05,-9e-05,3e-05,0.00028,5e-05,-0.0001,0.00016,7e-05,2
36995,2e-05,-9e-05,3e-05,0.00028,5e-05,-0.0001,0.00016,7e-05,2
36996,2e-05,-9e-05,3e-05,0.00028,5e-05,-0.0001,0.00016,7e-05,2
36997,2e-05,-9e-05,3e-05,0.00028,5e-05,-0.0001,0.00016,7e-05,2
36998,2e-05,-9e-05,3e-05,0.00028,5e-05,-0.0001,0.00016,7e-05,2
36999,2e-05,-9e-05,3e-05,0.00028,5e-05,-0.0001,0.00016,7e-05,2
37000,2e-05,-9e-05,3e-05,0.00028,5e-05,-0.0001,0.00016,7e-05,2
37001,2e-05,-9e-05,3e-05,0.00028,5e-05,-0.0001,0.00016,7e-05,2
37002,2e-05,-9e-05,3e-05,0.00028,5e-05,-0.0001,0.00016,7e-05,2
37003,2e-05,-9e-05,3e-05,0.00028,5e-05,-0.0001,0.00016,7e-05,2
37004,2e-05,-9e-05,3e-05,0.00028,5e-05,-0.0001,0.00016,7e-05,2
37005,2e-05,-9e-05,3e-05,0.00028,5e-05,-0.0001,0.00016,7e-05,2
37006,2e-05,-9e-05,3e-05,0.00028,5e-05,-0.0001,0.00016,7e-05,2
37007,2e-05,-9e-05,3e-05,0.00028,5e-05,-0.0001,0.00016,7e-05,2
37008,5e-05,0.0,0.0,-2e-05,-0.00012,0.00024,5e-05,4e-05,2
37009,5e-05,0.0,0.0,-2e-05,-0.00012,0.00024,5e-05,4e-05,2
37010,-8e-05,-1e-05,0.00012,0.00031,9e-05,-0.00019,-0.00066,-9e-05,2
37011,-8e-05,-1e-05,0.00012,0.00031,9e-05,-0.00019,-0.00066,-9e-05,2
37012,-8e-05,-1e-05,0.00012,0.00031,9e-05,-0.00019,-0.00066,-9e-05,2
37013,-8e-05,-1e-05,0.00012,0.00031,9e-05,-0.00019,-0.00066,-9e-05,2
37014,-8e-05,-1e-05,0.00012,0.00031,9e-05,-0.00019,-0.00066,-9e-05,2
37015,-8e-05,-1e-05,0.00012,0.00031,9e-05,-0.00019,-0.00066,-9e-05,2
37016,-8e-05,-1e-05,0.00012,0.00031,9e-05,-0.00019,-0.00066,-9e-05,2
37017,-8e-05,-1e-05,0.00012,0.00031,9e-05,-0.00019,-0.00066,-9e-05,2
37018,-8e-05,-1e-05,0.00012,0.00031,9e-05,-0.00019,-0.00066,-9e-05,2
37019,-8e-05,-1e-05,0.00012,0.00031,9e-05,-0.00019,-0.00066,-9e-05,2
37020,-8e-05,-1e-05,0.00012,0.00031,9e-05,-0.00019,-0.00066,-9e-05,2
37021,-8e-05,-1e-05,0.00012,0.00031,9e-05,-0.00019,-0.00066,-9e-05,2
37022,-8e-05,-1e-05,0.00012,0.00031,9e-05,-0.00019,-0.00066,-9e-05,2
37023,-8e-05,-1e-05,0.00012,0.00031,9e-05,-0.00019,-0.00066,-9e-05,2
37024,-8e-05,-1e-05,0.00012,0.00031,9e-05,-0.00019,-0.00066,-9e-05,2
37025,-8e-05,-1e-05,0.00012,0.00031,9e-05,-0.00019,-0.00066,-9e-05,2
37026,-8e-05,-1e-05,0.00012,0.00031,9e-05,-0.00019,-0.00066,-9e-05,2
37027,-8e-05,-1e-05,0.00012,0.00031,9e-05,-0.00019,-0.00066,-9e-05,2
37028,-8e-05,-1e-05,0.00012,0.00031,9e-05,-0.00019,-0.00066,-9e-05,2
37029,-8e-05,-1e-05,0.00012,0.00031,9e-05,-0.00019,-0.00066,-9e-05,2
37030,0.00012,1e-05,3e-05,-8e-05,-1e-05,-0.00016,0.00046,0.0002,2
37031,0.00012,1e-05,3e-05,-8e-05,-1e-05,-0.00016,0.00046,0.0002,2
37032,3e-05,2e-05,-1e-05,3e-05,-0.00017,-0.00031,-0.00074,0.0,2
37033,3e-05,2e-05,-1e-05,3e-05,-0.00017,-0.00031,-0.00074,0.0,2
37034,3e-05,2e-05,-1e-05,3e-05,-0.00017,-0.00031,-0.00074,0.0,2
37035,3e-05,2e-05,-1e-05,3e-05,-0.00017,-0.00031,-0.00074,0.0,2
37036,3e-05,2e-05,-1e-05,3e-05,-0.00017,-0.00031,-0.00074,0.0,2
37039,3e-05,2e-05,-1e-05,3e-05,-0.00017,-0.00031,-0.00074,0.0,2
37040,3e-05,2e-05,-1e-05,3e-05,-0.00017,-0.00031,-0.00074,0.0,2
37041,3e-05,2e-05,-1e-05,3e-05,-0.00017,-0.00031,-0.00074,0.0,2
37042,3e-05,2e-05,-1e-05,3e-05,-0.00017,-0.00031,-0.00074,0.0,2
37043,3e-05,2e-05,-1e-05,3e-05,-0.00017,-0.00031,-0.00074,0.0,2
37044,3e-05,2e-05,-1e-05,3e-05,-0.00017,-0.00031,-0.00074,0.0,2
37045,-0.00012,-4e-05,-1e-05,-0.00028,-0.00036,0.00012,-0.00036,-5e-05,2
37046,-0.00012,-4e-05,-1e-05,-0.00028,-0.00036,0.00012,-0.00036,-5e-05,2
37047,-0.00012,-4e-05,-1e-05,-0.00028,-0.00036,0.00012,-0.00036,-5e-05,2
37048,-0.00012,-4e-05,-1e-05,-0.00028,-0.00036,0.00012,-0.00036,-5e-05,2
37049,-0.00012,-4e-05,-1e-05,-0.00028,-0.00036,0.00012,-0.00036,-5e-05,2
37050,-0.00012,-4e-05,-1e-05,-0.00028,-0.00036,0.00012,-0.00036,-5e-05,2
37051,-0.00012,-4e-05,-1e-05,-0.00028,-0.00036,0.00012,-0.00036,-5e-05,2
37052,-0.00012,-4e-05,-1e-05,-0.00028,-0.00036,0.00012,-0.00036,-5e-05,2
37053,-0.00012,-4e-05,-1e-05,-0.00028,-0.00036,0.00012,-0.00036,-5e-05,2
37054,-0.00012,-4e-05,-1e-05,-0.00028,-0.00036,0.00012,-0.00036,-5e-05,2
37055,-0.00012,-4e-05,-1e-05,-0.00028,-0.00036,0.00012,-0.00036,-5e-05,2
37056,-0.00012,-4e-05,-1e-05,-0.00028,-0.00036,0.00012,-0.00036,-5e-05,2
37057,-0.00012,-4e-05,-1e-05,-0.00028,-0.00036,0.00012,-0.00036,-5e-05,2
37058,-0.00012,-4e-05,-1e-05,-0.00028,-0.00036,0.00012,-0.00036,-5e-05,2
37059,3e-05,-5e-05,8e-05,-8e-05,8e-05,0.00013,0.00035,5e-05,2
37060,3e-05,-5e-05,8e-05,-8e-05,8e-05,0.00013,0.00035,5e-05,2
37061,3e-05,-5e-05,8e-05,-8e-05,8e-05,0.00013,0.00035,5e-05,2
37062,3e-05,-5e-05,8e-05,-8e-05,8e-05,0.00013,0.00035,5e-05,2
37063,3e-05,-5e-05,8e-05,-8e-05,8e-05,0.00013,0.00035,5e-05,2
37064,3e-05,-5e-05,8e-05,-8e-05,8e-05,0.00013,0.00035,5e-05,2
37065,3e-05,-5e-05,8e-05,-8e-05,8e-05,0.00013,0.00035,5e-05,2
37066,3e-05,-5e-05,8e-05,-8e-05,8e-05,0.00013,0.00035,5e-05,2
37067,6e-05,7e-05,1e-05,-5e-05,-0.00012,0.00016,0.00014,0.00014,2
37068,-3e-05,-5e-05,-0.0001,0.00027,-6e-05,-6e-05,0.0001,-0.00022,2
37069,-9e-05,5e-05,0.00012,0.00022,0.00015,-0.00033,0.00066,-2e-05,2
37070,-9e-05,5e-05,0.00012,0.00022,0.00015,-0.00033,0.00066,-2e-05,2
37071,-9e-05,5e-05,0.00012,0.00022,0.00015,-0.00033,0.00066,-2e-05,2
37072,-9e-05,5e-05,0.00012,0.00022,0.00015,-0.00033,0.00066,-2e-05,2
37073,-9e-05,5e-05,0.00012,0.00022,0.00015,-0.00033,0.00066,-2e-05,2
37074,-9e-05,5e-05,0.00012,0.00022,0.00015,-0.00033,0.00066,-2e-05,2
37075,-9e-05,5e-05,0.00012,0.00022,0.00015,-0.00033,0.00066,-2e-05,2
37076,-9e-05,5e-05,0.00012,0.00022,0.00015,-0.00033,0.00066,-2e-05,2
37077,-9e-05,5e-05,0.00012,0.00022,0.00015,-0.00033,0.00066,-2e-05,2
37078,-9e-05,5e-05,0.00012,0.00022,0.00015,-0.00033,0.00066,-2e-05,2
37079,-9e-05,5e-05,0.00012,0.00022,0.00015,-0.00033,0.00066,-2e-05,2
37080,-9e-05,5e-05,0.00012,0.00022,0.00015,-0.00033,0.00066,-2e-05,2
37081,-9e-05,5e-05,0.00012,0.00022,0.00015,-0.00033,0.00066,-2e-05,2
37082,-9e-05,5e-05,0.00012,0.00022,0.00015,-0.00033,0.00066,-2e-05,2
37083,-9e-05,5e-05,0.00012,0.00022,0.00015,-0.00033,0.00066,-2e-05,2
37084,-9e-05,5e-05,0.00012,0.00022,0.00015,-0.00033,0.00066,-2e-05,2
37085,-9e-05,5e-05,0.00012,0.00022,0.00015,-0.00033,0.00066,-2e-05,2
37086,-9e-05,5e-05,0.00012,0.00022,0.00015,-0.00033,0.00066,-2e-05,2
37088,-9e-05,5e-05,0.00012,0.00022,0.00015,-0.00033,0.00066,-2e-05,2
37089,-9e-05,5e-05,0.00012,0.00022,0.00015,-0.00033,0.00066,-2e-05,2
37090,3e-05,2e-05,-7e-05,0.0,-5e-05,0.00053,0.00023,9e-05,2
37091,3e-05,2e-05,-7e-05,0.0,-5e-05,0.00053,0.00023,9e-05,2
37092,-0.00013,-5e-05,-2e-05,0.00054,0.00025,-4e-05,-0.0009,-0.00018,2
37093,-0.00013,-5e-05,-2e-05,0.00054,0.00025,-4e-05,-0.0009,-0.00018,2
37094,-0.00013,-5e-05,-2e-05,0.00054,0.00025,-4e-05,-0.0009,-0.00018,2
37095,-0.00013,-5e-05,-2e-05,0.00054,0.00025,-4e-05,-0.0009,-0.00018,2
37096,-0.00013,-5e-05,-2e-05,0.00054,0.00025,-4e-05,-0.0009,-0.00018,2
37097,-0.00013,-5e-05,-2e-05,0.00054,0.00025,-4e-05,-0.0009,-0.00018,2
37098,-0.00013,-5e-05,-2e-05,0.00054,0.00025,-4e-05,-0.0009,-0.00018,2
37099,-0.00013,-5e-05,-2e-05,0.00054,0.00025,-4e-05,-0.0009,-0.00018,2
37100,-0.00013,-5e-05,-2e-05,0.00054,0.00025,-4e-05,-0.0009,-0.00018,2
37101,-0.00013,-5e-05,-2e-05,0.00054,0.00025,-4e-05,-0.0009,-0.00018,2
37102,-0.00013,-5e-05,-2e-05,0.00054,0.00025,-4e-05,-0.0009,-0.00018,2
37103,-0.00013,-5e-05,-2e-05,0.00054,0.00025,-4e-05,-0.0009,-0.00018,2
37104,-8e-05,-4e-05,-8e-05,-0.00022,8e-05,-0.00012,-6e-05,1e-05,2
37105,-8e-05,-4e-05,-8e-05,-0.00022,8e-05,-0.00012,-6e-05,1e-05,2
37106,-8e-05,-4e-05,-8e-05,-0.00022,8e-05,-0.00012,-6e-05,1e-05,2
37107,-8e-05,-4e-05,-8e-05,-0.00022,8e-05,-0.00012,-6e-05,1e-05,2
37108,-8e-05,-4e-05,-8e-05,-0.00022,8e-05,-0.00012,-6e-05,1e-05,2
37109,-8e-05,-4e-05,-8e-05,-0.00022,8e-05,-0.00012,-6e-05,1e-05,2
37110,-8e-05,-4e-05,-8e-05,-0.00022,8e-05,-0.00012,-6e-05,1e-05,2
37111,-8e-05,-4e-05,-8e-05,-0.00022,8e-05,-0.00012,-6e-05,1e-05,2
37112,-8e-05,-4e-05,-8e-05,-0.00022,8e-05,-0.00012,-6e-05,1e-05,2
37113,1e-05,1e-05,3e-05,-0.0004,5e-05,0.00014,-8e-05,-6e-05,2
37114,1e-05,1e-05,3e-05,-0.0004,5e-05,0.00014,-8e-05,-6e-05,2
37115,1e-05,1e-05,3e-05,-0.0004,5e-05,0.00014,-8e-05,-6e-05,2
37116,1e-05,1e-05,3e-05,-0.0004,5e-05,0.00014,-8e-05,-6e-05,2
37117,1e-05,1e-05,3e-05,-0.0004,5e-05,0.00014,-8e-05,-6e-05,2
37118,1e-05,1e-05,3e-05,-0.0004,5e-05,0.00014,-8e-05,-6e-05,2
37119,1e-05,1e-05,3e-05,-0.0004,5e-05,0.00014,-8e-05,-6e-05,2
37120,1e-05,1e-05,3e-05,-0.0004,5e-05,0.00014,-8e-05,-6e-05,2
37121,1e-05,1e-05,3e-05,-0.0004,5e-05,0.00014,-8e-05,-6e-05,2
37122,1e-05,1e-05,3e-05,-0.0004,5e-05,0.00014,-8e-05,-6e-05,2
37123,1e-05,1e-05,3e-05,-0.0004,5e-05,0.00014,-8e-05,-6e-05,2
37124,1e-05,1e-05,3e-05,-0.0004,5e-05,0.00014,-8e-05,-6e-05,2
37125,1e-05,1e-05,3e-05,-0.0004,5e-05,0.00014,-8e-05,-6e-05,2
37126,1e-05,1e-05,3e-05,-0.0004,5e-05,0.00014,-8e-05,-6e-05,2
37127,1e-05,1e-05,3e-05,-0.0004,5e-05,0.00014,-8e-05,-6e-05,2
37128,-0.0001,-7e-05,-7e-05,-0.00012,-0.00013,5e-05,-0.00051,-0.00021,2
37129,6e-05,5e-05,-1e-05,-0.0001,-4e-05,0.00056,0.0003,0.00022,2
37130,6e-05,5e-05,-1e-05,-0.0001,-4e-05,0.00056,0.0003,0.00022,2
37131,6e-05,5e-05,-1e-05,-0.0001,-4e-05,0.00056,0.0003,0.00022,2
37132,6e-05,5e-05,-1e-05,-0.0001,-4e-05,0.00056,0.0003,0.00022,2
37133,6e-05,5e-05,-1e-05,-0.0001,-4e-05,0.00056,0.0003,0.00022,2
37134,6e-05,5e-05,-1e-05,-0.0001,-4e-05,0.00056,0.0003,0.00022,2
37135,6e-05,5e-05,-1e-05,-0.0001,-4e-05,0.00056,0.0003,0.00022,2
37136,6e-05,5e-05,-1e-05,-0.0001,-4e-05,0.00056,0.0003,0.00022,2
37138,6e-05,5e-05,-1e-05,-0.0001,-4e-05,0.00056,0.0003,0.00022,2
37139,6e-05,5e-05,-1e-05,-0.0001,-4e-05,0.00056,0.0003,0.00022,2
37140,6e-05,5e-05,-1e-05,-0.0001,-4e-05,0.00056,0.0003,0.00022,2
37141,6e-05,5e-05,-1e-05,-0.0001,-4e-05,0.00056,0.0003,0.00022,2
37142,6e-05,5e-05,-1e-05,-0.0001,-4e-05,0.00056,0.0003,0.00022,2
37143,6e-05,5e-05,-1e-05,-0.0001,-4e-05,0.00056,0.0003,0.00022,2
37144,6e-05,5e-05,-1e-05,-0.0001,-4e-05,0.00056,0.0003,0.00022,2
37145,6e-05,5e-05,-1e-05,-0.0001,-4e-05,0.00056,0.0003,0.00022,2
37146,6e-05,5e-05,-1e-05,-0.0001,-4e-05,0.00056,0.0003,0.00022,2
37147,6e-05,5e-05,-1e-05,-0.0001,-4e-05,0.00056,0.0003,0.00022,2
37148,6e-05,5e-05,-1e-05,-0.0001,-4e-05,0.00056,0.0003,0.00022,2
37149,6e-05,5e-05,-1e-05,-0.0001,-4e-05,0.00056,0.0003,0.00022,2
37150,6e-05,5e-05,-1e-05,-0.0001,-4e-05,0.00056,0.0003,0.00022,2
37151,0.0001,5e-05,3e-05,-0.00038,-0.0001,-0.00029,0.00046,0.00021,2
37152,5e-05,2e-05,3e-05,-5e-05,-0.00024,-3e-05,-0.00057,-0.00018,2
37153,5e-05,2e-05,3e-05,-5e-05,-0.00024,-3e-05,-0.00057,-0.00018,2
37154,5e-05,2e-05,3e-05,-5e-05,-0.00024,-3e-05,-0.00057,-0.00018,2
37155,5e-05,2e-05,3e-05,-5e-05,-0.00024,-3e-05,-0.00057,-0.00018,2
37156,5e-05,2e-05,3e-05,-5e-05,-0.00024,-3e-05,-0.00057,-0.00018,2
37157,5e-05,2e-05,3e-05,-5e-05,-0.00024,-3e-05,-0.00057,-0.00018,2
37158,5e-05,2e-05,3e-05,-5e-05,-0.00024,-3e-05,-0.00057,-0.00018,2
37159,5e-05,2e-05,3e-05,-5e-05,-0.00024,-3e-05,-0.00057,-0.00018,2
37160,5e-05,2e-05,3e-05,-5e-05,-0.00024,-3e-05,-0.00057,-0.00018,2
37161,5e-05,2e-05,3e-05,-5e-05,-0.00024,-3e-05,-0.00057,-0.00018,2
37162,5e-05,2e-05,3e-05,-5e-05,-0.00024,-3e-05,-0.00057,-0.00018,2
37163,5e-05,2e-05,3e-05,-5e-05,-0.00024,-3e-05,-0.00057,-0.00018,2
37164,5e-05,2e-05,3e-05,-5e-05,-0.00024,-3e-05,-0.00057,-0.00018,2
37165,5e-05,2e-05,3e-05,-5e-05,-0.00024,-3e-05,-0.00057,-0.00018,2
37166,5e-05,2e-05,3e-05,-5e-05,-0.00024,-3e-05,-0.00057,-0.00018,2
37167,5e-05,2e-05,3e-05,-5e-05,-0.00024,-3e-05,-0.00057,-0.00018,2
37168,5e-05,2e-05,3e-05,-5e-05,-0.00024,-3e-05,-0.00057,-0.00018,2
37169,5e-05,2e-05,3e-05,-5e-05,-0.00024,-3e-05,-0.00057,-0.00018,2
37170,5e-05,2e-05,3e-05,-5e-05,-0.00024,-3e-05,-0.00057,-0.00018,2
37171,5e-05,2e-05,3e-05,-5e-05,-0.00024,-3e-05,-0.00057,-0.00018,2
37172,5e-05,2e-05,3e-05,-5e-05,-0.00024,-3e-05,-0.00057,-0.00018,2
37173,-2e-05,-9e-05,-4e-05,0.00015,-0.00024,-0.00034,0.00088,0.00028,2
37174,-2e-05,-9e-05,-4e-05,0.00015,-0.00024,-0.00034,0.00088,0.00028,2
37175,-2e-05,-9e-05,-4e-05,0.00015,-0.00024,-0.00034,0.00088,0.00028,2
37176,-2e-05,-9e-05,-4e-05,0.00015,-0.00024,-0.00034,0.00088,0.00028,2
37177,-2e-05,-9e-05,-4e-05,0.00015,-0.00024,-0.00034,0.00088,0.00028,2
37178,-2e-05,-9e-05,-4e-05,0.00015,-0.00024,-0.00034,0.00088,0.00028,2
37179,-2e-05,-9e-05,-4e-05,0.00015,-0.00024,-0.00034,0.00088,0.00028,2
37180,-0.0001,1e-05,3e-05,-0.00014,-0.0002,0.00031,-0.00028,-0.00011,2
37181,-0.0001,1e-05,3e-05,-0.00014,-0.0002,0.00031,-0.00028,-0.00011,2
37182,-0.0001,1e-05,3e-05,-0.00014,-0.0002,0.00031,-0.00028,-0.00011,2
37183,-0.0001,1e-05,3e-05,-0.00014,-0.0002,0.00031,-0.00028,-0.00011,2
37184,-0.0001,1e-05,3e-05,-0.00014,-0.0002,0.00031,-0.00028,-0.00011,2
37185,-0.0001,1e-05,3e-05,-0.00014,-0.0002,0.00031,-0.00028,-0.00011,2
37186,-0.0001,1e-05,3e-05,-0.00014,-0.0002,0.00031,-0.00028,-0.00011,2
37189,4e-05,2e-05,-0.0001,0.00023,0.0003,0.00026,-0.00013,0.00013,2
37190,4e-05,2e-05,-0.0001,0.00023,0.0003,0.00026,-0.00013,0.00013,2
37191,4e-05,2e-05,-0.0001,0.00023,0.0003,0.00026,-0.00013,0.00013,2
37192,4e-05,2e-05,-0.0001,0.00023,0.0003,0.00026,-0.00013,0.00013,2
37193,4e-05,2e-05,-0.0001,0.00023,0.0003,0.00026,-0.00013,0.00013,2
37194,4e-05,2e-05,-0.0001,0.00023,0.0003,0.00026,-0.00013,0.00013,2
37195,4e-05,2e-05,-0.0001,0.00023,0.0003,0.00026,-0.00013,0.00013,2
37196,4e-05,2e-05,-0.0001,0.00023,0.0003,0.00026,-0.00013,0.00013,2
37197,4e-05,2e-05,-0.0001,0.00023,0.0003,0.00026,-0.00013,0.00013,2
37198,4e-05,2e-05,-0.0001,0.00023,0.0003,0.00026,-0.00013,0.00013,2
37199,4e-05,2e-05,-0.0001,0.00023,0.0003,0.00026,-0.00013,0.00013,2
37200,4e-05,2e-05,-0.0001,0.00023,0.0003,0.00026,-0.00013,0.00013,2
37201,4e-05,2e-05,-0.0001,0.00023,0.0003,0.00026,-0.00013,0.00013,2
37202,4e-05,2e-05,-0.0001,0.00023,0.0003,0.00026,-0.00013,0.00013,2
37203,4e-05,2e-05,-0.0001,0.00023,0.0003,0.00026,-0.00013,0.00013,2
37204,4e-05,2e-05,-0.0001,0.00023,0.0003,0.00026,-0.00013,0.00013,2
37205,4e-05,2e-05,-0.0001,0.00023,0.0003,0.00026,-0.00013,0.00013,2
37206,4e-05,2e-05,-0.0001,0.00023,0.0003,0.00026,-0.00013,0.00013,2
37207,4e-05,2e-05,-0.0001,0.00023,0.0003,0.00026,-0.00013,0.00013,2
37208,4e-05,2e-05,-0.0001,0.00023,0.0003,0.00026,-0.00013,0.00013,2
37209,4e-05,2e-05,-0.0001,0.00023,0.0003,0.00026,-0.00013,0.00013,2
37210,-3e-05,2e-05,5e-05,0.00021,0.00043,0.00083,-0.00128,-0.0003,2
37211,-3e-05,2e-05,5e-05,0.00021,0.00043,0.00083,-0.00128,-0.0003,2
37212,3e-05,9e-05,0.00014,-0.00031,-4e-05,0.00017,-0.00011,7e-05,2
37213,3e-05,9e-05,0.00014,-0.00031,-4e-05,0.00017,-0.00011,7e-05,2
37214,3e-05,9e-05,0.00014,-0.00031,-4e-05,0.00017,-0.00011,7e-05,2
37215,3e-05,9e-05,0.00014,-0.00031,-4e-05,0.00017,-0.00011,7e-05,2
37216,3e-05,9e-05,0.00014,-0.00031,-4e-05,0.00017,-0.00011,7e-05,2
37217,3e-05,9e-05,0.00014,-0.00031,-4e-05,0.00017,-0.00011,7e-05,2
37218,3e-05,9e-05,0.00014,-0.00031,-4e-05,0.00017,-0.00011,7e-05,2
37219,3e-05,9e-05,0.00014,-0.00031,-4e-05,0.00017,-0.00011,7e-05,2
37220,3e-05,9e-05,0.00014,-0.00031,-4e-05,0.00017,-0.00011,7e-05,2
37221,3e-05,9e-05,0.00014,-0.00031,-4e-05,0.00017,-0.00011,7e-05,2
37222,3e-05,9e-05,0.00014,-0.00031,-4e-05,0.00017,-0.00011,7e-05,2
37223,3e-05,9e-05,0.00014,-0.00031,-4e-05,0.00017,-0.00011,7e-05,2
37224,-4e-05,-3e-05,-3e-05,0.00027,-1e-05,-0.00013,-6e-05,-1e-05,2
37225,-4e-05,-3e-05,-3e-05,0.00027,-1e-05,-0.00013,-6e-05,-1e-05,2
37226,-4e-05,-3e-05,-3e-05,0.00027,-1e-05,-0.00013,-6e-05,-1e-05,2
37227,-4e-05,-3e-05,-3e-05,0.00027,-1e-05,-0.00013,-6e-05,-1e-05,2
37228,-4e-05,-3e-05,-3e-05,0.00027,-1e-05,-0.00013,-6e-05,-1e-05,2
37229,-4e-05,-3e-05,-3e-05,0.00027,-1e-05,-0.00013,-6e-05,-1e-05,2
37230,-4e-05,-3e-05,-3e-05,0.00027,-1e-05,-0.00013,-6e-05,-1e-05,2
37231,-4e-05,-3e-05,-3e-05,0.00027,-1e-05,-0.00013,-6e-05,-1e-05,2
37232,-4e-05,-3e-05,-3e-05,0.00027,-1e-05,-0.00013,-6e-05,-1e-05,2
37233,8e-05,0.0,6e-05,-0.0007,-0.00012,-0.00042,6e-05,7e-05,2
37234,8e-05,0.0,6e-05,-0.0007,-0.00012,-0.00042,6e-05,7e-05,2
37235,8e-05,0.0,6e-05,-0.0007,-0.00012,-0.00042,6e-05,7e-05,2
37236,8e-05,0.0,6e-05,-0.0007,-0.00012,-0.00042,6e-05,7e-05,2
37238,8e-05,0.0,6e-05,-0.0007,-0.00012,-0.00042,6e-05,7e-05,2
37239,8e-05,0.0,6e-05,-0.0007,-0.00012,-0.00042,6e-05,7e-05,2
37240,8e-05,0.0,6e-05,-0.0007,-0.00012,-0.00042,6e-05,7e-05,2
37241,8e-05,0.0,6e-05,-0.0007,-0.00012,-0.00042,6e-05,7e-05,2
37242,8e-05,0.0,6e-05,-0.0007,-0.00012,-0.00042,6e-05,7e-05,2
37243,8e-05,0.0,6e-05,-0.0007,-0.00012,-0.00042,6e-05,7e-05,2
37244,8e-05,0.0,6e-05,-0.0007,-0.00012,-0.00042,6e-05,7e-05,2
37245,8e-05,0.0,6e-05,-0.0007,-0.00012,-0.00042,6e-05,7e-05,2
37246,8e-05,0.0,6e-05,-0.0007,-0.00012,-0.00042,6e-05,7e-05,2
37247,8e-05,0.0,6e-05,-0.0007,-0.00012,-0.00042,6e-05,7e-05,2
37248,1e-05,-2e-05,-0.0001,0.00028,-2e-05,-3e-05,-0.00073,-0.00021,2
37249,1e-05,-2e-05,-0.0001,0.00028,-2e-05,-3e-05,-0.00073,-0.00021,2
37250,1e-05,-2e-05,-0.0001,0.00028,-2e-05,-3e-05,-0.00073,-0.00021,2
37251,1e-05,-2e-05,-0.0001,0.00028,-2e-05,-3e-05,-0.00073,-0.00021,2
37252,1e-05,-2e-05,-0.0001,0.00028,-2e-05,-3e-05,-0.00073,-0.00021,2
37253,1e-05,-2e-05,-0.0001,0.00028,-2e-05,-3e-05,-0.00073,-0.00021,2
37254,-0.00022,-0.00014,-0.00018,0.00019,0.0001,-0.00035,0.00048,-7e-05,2
37255,-0.00022,-0.00014,-0.00018,0.00019,0.0001,-0.00035,0.00048,-7e-05,2
37256,-0.00022,-0.00014,-0.00018,0.00019,0.0001,-0.00035,0.00048,-7e-05,2
37257,-0.00022,-0.00014,-0.00018,0.00019,0.0001,-0.00035,0.00048,-7e-05,2
37258,-0.00022,-0.00014,-0.00018,0.00019,0.0001,-0.00035,0.00048,-7e-05,2
37259,-0.00022,-0.00014,-0.00018,0.00019,0.0001,-0.00035,0.00048,-7e-05,2
37260,-0.00022,-0.00014,-0.00018,0.00019,0.0001,-0.00035,0.00048,-7e-05,2
37261,-0.00022,-0.00014,-0.00018,0.00019,0.0001,-0.00035,0.00048,-7e-05,2
37262,-0.00022,-0.00014,-0.00018,0.00019,0.0001,-0.00035,0.00048,-7e-05,2
37263,-0.00022,-0.00014,-0.00018,0.00019,0.0001,-0.00035,0.00048,-7e-05,2
37264,-0.00022,-0.00014,-0.00018,0.00019,0.0001,-0.00035,0.00048,-7e-05,2
37265,-0.00022,-0.00014,-0.00018,0.00019,0.0001,-0.00035,0.00048,-7e-05,2
37266,-0.00022,-0.00014,-0.00018,0.00019,0.0001,-0.00035,0.00048,-7e-05,2
37267,-0.00022,-0.00014,-0.00018,0.00019,0.0001,-0.00035,0.00048,-7e-05,2
37268,-0.00022,-0.00014,-0.00018,0.00019,0.0001,-0.00035,0.00048,-7e-05,2
37269,-0.00022,-0.00014,-0.00018,0.00019,0.0001,-0.00035,0.00048,-7e-05,2
37270,-0.00012,-4e-05,1e-05,2e-05,0.00013,-0.00029,0.00024,-3e-05,2
37271,-0.00012,-4e-05,1e-05,2e-05,0.00013,-0.00029,0.00024,-3e-05,2
37272,-0.00015,-1e-05,-3e-05,6e-05,-0.00026,1e-05,-0.0006,-2e-05,2
37273,-0.00015,-1e-05,-3e-05,6e-05,-0.00026,1e-05,-0.0006,-2e-05,2
37274,-0.00015,-1e-05,-3e-05,6e-05,-0.00026,1e-05,-0.0006,-2e-05,2
37275,-0.00015,-1e-05,-3e-05,6e-05,-0.00026,1e-05,-0.0006,-2e-05,2
37276,-0.00015,-1e-05,-3e-05,6e-05,-0.00026,1e-05,-0.0006,-2e-05,2
37277,-0.00015,-1e-05,-3e-05,6e-05,-0.00026,1e-05,-0.0006,-2e-05,2
37278,-0.00015,-1e-05,-3e-05,6e-05,-0.00026,1e-05,-0.0006,-2e-05,2
37279,-0.00015,-1e-05,-3e-05,6e-05,-0.00026,1e-05,-0.0006,-2e-05,2
37280,-0.00015,-1e-05,-3e-05,6e-05,-0.00026,1e-05,-0.0006,-2e-05,2
37281,-0.00015,-1e-05,-3e-05,6e-05,-0.00026,1e-05,-0.0006,-2e-05,2
37282,-0.00015,-1e-05,-3e-05,6e-05,-0.00026,1e-05,-0.0006,-2e-05,2
37283,-0.00015,-1e-05,-3e-05,6e-05,-0.00026,1e-05,-0.0006,-2e-05,2
37284,3e-05,3e-05,6e-05,0.00022,0.00014,0.00013,0.00013,0.00011,2
37285,3e-05,3e-05,6e-05,0.00022,0.00014,0.00013,0.00013,0.00011,2
37286,3e-05,3e-05,6e-05,0.00022,0.00014,0.00013,0.00013,0.00011,2
37288,3e-05,3e-05,6e-05,0.00022,0.00014,0.00013,0.00013,0.00011,2
37289,3e-05,3e-05,6e-05,0.00022,0.00014,0.00013,0.00013,0.00011,2
37290,3e-05,3e-05,6e-05,0.00022,0.00014,0.00013,0.00013,0.00011,2
37291,3e-05,3e-05,6e-05,0.00022,0.00014,0.00013,0.00013,0.00011,2
37292,3e-05,3e-05,6e-05,0.00022,0.00014,0.00013,0.00013,0.00011,2
37293,3e-05,3e-05,6e-05,0.00022,0.00014,0.00013,0.00013,0.00011,2
37294,3e-05,3e-05,6e-05,0.00022,0.00014,0.00013,0.00013,0.00011,2
37295,3e-05,3e-05,6e-05,0.00022,0.00014,0.00013,0.00013,0.00011,2
37296,3e-05,3e-05,6e-05,0.00022,0.00014,0.00013,0.00013,0.00011,2
37297,3e-05,3e-05,6e-05,0.00022,0.00014,0.00013,0.00013,0.00011,2
37298,3e-05,3e-05,6e-05,0.00022,0.00014,0.00013,0.00013,0.00011,2
37299,3e-05,3e-05,6e-05,0.00022,0.00014,0.00013,0.00013,0.00011,2
37300,-4e-05,-5e-05,-8e-05,0.00035,-3e-05,0.00025,0.00127,-0.00019,2
37301,-4e-05,-5e-05,-8e-05,0.00035,-3e-05,0.00025,0.00127,-0.00019,2
37302,-4e-05,-5e-05,-8e-05,0.00035,-3e-05,0.00025,0.00127,-0.00019,2
37303,-4e-05,-5e-05,-8e-05,0.00035,-3e-05,0.00025,0.00127,-0.00019,2
37304,-4e-05,-5e-05,-8e-05,0.00035,-3e-05,0.00025,0.00127,-0.00019,2
37305,-4e-05,-5e-05,-8e-05,0.00035,-3e-05,0.00025,0.00127,-0.00019,2
37306,-4e-05,-5e-05,-8e-05,0.00035,-3e-05,0.00025,0.00127,-0.00019,2
37307,0.0,-6e-05,1e-05,-0.00044,-1e-05,0.00019,-0.00094,0.00017,2
37308,-2e-05,2e-05,0.0001,0.00056,9e-05,4e-05,0.00096,-5e-05,2
37309,9e-05,3e-05,0.0001,0.00016,0.00013,9e-05,-0.00059,0.00011,2
37310,9e-05,3e-05,0.0001,0.00016,0.00013,9e-05,-0.00059,0.00011,2
37311,9e-05,3e-05,0.0001,0.00016,0.00013,9e-05,-0.00059,0.00011,2
37312,9e-05,3e-05,0.0001,0.00016,0.00013,9e-05,-0.00059,0.00011,2
37313,9e-05,3e-05,0.0001,0.00016,0.00013,9e-05,-0.00059,0.00011,2
37314,9e-05,3e-05,0.0001,0.00016,0.00013,9e-05,-0.00059,0.00011,2
37315,9e-05,3e-05,0.0001,0.00016,0.00013,9e-05,-0.00059,0.00011,2
37316,9e-05,3e-05,0.0001,0.00016,0.00013,9e-05,-0.00059,0.00011,2
37317,9e-05,3e-05,0.0001,0.00016,0.00013,9e-05,-0.00059,0.00011,2
37318,9e-05,3e-05,0.0001,0.00016,0.00013,9e-05,-0.00059,0.00011,2
37319,9e-05,3e-05,0.0001,0.00016,0.00013,9e-05,-0.00059,0.00011,2
37320,9e-05,3e-05,0.0001,0.00016,0.00013,9e-05,-0.00059,0.00011,2
37321,9e-05,3e-05,0.0001,0.00016,0.00013,9e-05,-0.00059,0.00011,2
37322,9e-05,3e-05,0.0001,0.00016,0.00013,9e-05,-0.00059,0.00011,2
37323,9e-05,3e-05,0.0001,0.00016,0.00013,9e-05,-0.00059,0.00011,2
37324,9e-05,3e-05,0.0001,0.00016,0.00013,9e-05,-0.00059,0.00011,2
37325,9e-05,3e-05,0.0001,0.00016,0.00013,9e-05,-0.00059,0.00011,2
37326,9e-05,3e-05,0.0001,0.00016,0.00013,9e-05,-0.00059,0.00011,2
37327,9e-05,3e-05,0.0001,0.00016,0.00013,9e-05,-0.00059,0.00011,2
37328,9e-05,3e-05,0.0001,0.00016,0.00013,9e-05,-0.00059,0.00011,2
37329,8e-05,1e-05,-5e-05,0.0005,0.00021,-6e-05,0.00036,8e-05,2
37330,8e-05,1e-05,-5e-05,0.0005,0.00021,-6e-05,0.00036,8e-05,2
37331,8e-05,1e-05,-5e-05,0.0005,0.00021,-6e-05,0.00036,8e-05,2
37332,8e-05,1e-05,-5e-05,0.0005,0.00021,-6e-05,0.00036,8e-05,2
37333,8e-05,1e-05,-5e-05,0.0005,0.00021,-6e-05,0.00036,8e-05,2
37334,8e-05,1e-05,-5e-05,0.0005,0.00021,-6e-05,0.00036,8e-05,2
37335,8e-05,1e-05,-5e-05,0.0005,0.00021,-6e-05,0.00036,8e-05,2
37336,8e-05,1e-05,-5e-05,0.0005,0.00021,-6e-05,0.00036,8e-05,2
37338,-0.00016,-4e-05,-6e-05,1e-05,-0.00015,-0.0003,2e-05,-8e-05,2
37339,-0.00016,-4e-05,-6e-05,1e-05,-0.00015,-0.0003,2e-05,-8e-05,2
37340,-0.00016,-4e-05,-6e-05,1e-05,-0.00015,-0.0003,2e-05,-8e-05,2
37341,-0.00016,-4e-05,-6e-05,1e-05,-0.00015,-0.0003,2e-05,-8e-05,2
37342,-0.00016,-4e-05,-6e-05,1e-05,-0.00015,-0.0003,2e-05,-8e-05,2
37343,-0.00016,-4e-05,-6e-05,1e-05,-0.00015,-0.0003,2e-05,-8e-05,2
37344,-0.00019,-8e-05,-4e-05,-0.00019,-0.00022,-0.00074,-0.00123,-0.00045,2
37345,-0.00019,-8e-05,-4e-05,-0.00019,-0.00022,-0.00074,-0.00123,-0.00045,2
37346,-0.00019,-8e-05,-4e-05,-0.00019,-0.00022,-0.00074,-0.00123,-0.00045,2
37347,-0.00019,-8e-05,-4e-05,-0.00019,-0.00022,-0.00074,-0.00123,-0.00045,2
37348,-0.00019,-8e-05,-4e-05,-0.00019,-0.00022,-0.00074,-0.00123,-0.00045,2
37349,-0.00019,-8e-05,-4e-05,-0.00019,-0.00022,-0.00074,-0.00123,-0.00045,2
37350,-0.00019,-8e-05,-4e-05,-0.00019,-0.00022,-0.00074,-0.00123,-0.00045,2
37351,-0.00019,-8e-05,-4e-05,-0.00019,-0.00022,-0.00074,-0.00123,-0.00045,2
37352,-0.00019,-8e-05,-4e-05,-0.00019,-0.00022,-0.00074,-0.00123,-0.00045,2
37353,-0.00019,-8e-05,-4e-05,-0.00019,-0.00022,-0.00074,-0.00123,-0.00045,2
37354,-0.00019,-8e-05,-4e-05,-0.00019,-0.00022,-0.00074,-0.00123,-0.00045,2
37355,-0.00019,-8e-05,-4e-05,-0.00019,-0.00022,-0.00074,-0.00123,-0.00045,2
37356,-0.00019,-8e-05,-4e-05,-0.00019,-0.00022,-0.00074,-0.00123,-0.00045,2
37357,-0.00019,-8e-05,-4e-05,-0.00019,-0.00022,-0.00074,-0.00123,-0.00045,2
37358,-0.00019,-8e-05,-4e-05,-0.00019,-0.00022,-0.00074,-0.00123,-0.00045,2
37359,-0.00019,-8e-05,-4e-05,-0.00019,-0.00022,-0.00074,-0.00123,-0.00045,2
37360,4e-05,4e-05,-3e-05,-0.00045,5e-05,0.0,-0.00079,-0.00015,2
37361,4e-05,4e-05,-3e-05,-0.00045,5e-05,0.0,-0.00079,-0.00015,2
37362,4e-05,4e-05,-3e-05,-0.00045,5e-05,0.0,-0.00079,-0.00015,2
37363,4e-05,4e-05,-3e-05,-0.00045,5e-05,0.0,-0.00079,-0.00015,2
37364,4e-05,4e-05,-3e-05,-0.00045,5e-05,0.0,-0.00079,-0.00015,2
37365,4e-05,4e-05,-3e-05,-0.00045,5e-05,0.0,-0.00079,-0.00015,2
37366,4e-05,4e-05,-3e-05,-0.00045,5e-05,0.0,-0.00079,-0.00015,2
37367,4e-05,4e-05,-3e-05,-0.00045,5e-05,0.0,-0.00079,-0.00015,2
37368,4e-05,4e-05,-3e-05,-0.00045,5e-05,0.0,-0.00079,-0.00015,2
37369,-0.0001,-2e-05,6e-05,-8e-05,-1e-05,0.00023,-0.0008,-0.00013,2
37370,5e-05,-6e-05,-9e-05,0.00069,9e-05,0.0,-0.00037,0.00014,2
37371,5e-05,-6e-05,-9e-05,0.00069,9e-05,0.0,-0.00037,0.00014,2
37372,5e-05,-6e-05,-9e-05,0.00069,9e-05,0.0,-0.00037,0.00014,2
37373,5e-05,-6e-05,-9e-05,0.00069,9e-05,0.0,-0.00037,0.00014,2
37374,5e-05,-6e-05,-9e-05,0.00069,9e-05,0.0,-0.00037,0.00014,2
37375,5e-05,-6e-05,-9e-05,0.00069,9e-05,0.0,-0.00037,0.00014,2
37376,5e-05,-6e-05,-9e-05,0.00069,9e-05,0.0,-0.00037,0.00014,2
37377,5e-05,-6e-05,-9e-05,0.00069,9e-05,0.0,-0.00037,0.00014,2
37378,5e-05,-6e-05,-9e-05,0.00069,9e-05,0.0,-0.00037,0.00014,2
37379,5e-05,-6e-05,-9e-05,0.00069,9e-05,0.0,-0.00037,0.00014,2
37380,5e-05,-6e-05,-9e-05,0.00069,9e-05,0.0,-0.00037,0.00014,2
37381,5e-05,-6e-05,-9e-05,0.00069,9e-05,0.0,-0.00037,0.00014,2
37382,5e-05,-6e-05,-9e-05,0.00069,9e-05,0.0,-0.00037,0.00014,2
37383,5e-05,-6e-05,-9e-05,0.00069,9e-05,0.0,-0.00037,0.00014,2
37384,5e-05,-6e-05,-9e-05,0.00069,9e-05,0.0,-0.00037,0.00014,2
37385,5e-05,-6e-05,-9e-05,0.00069,9e-05,0.0,-0.00037,0.00014,2
37386,5e-05,-6e-05,-9e-05,0.00069,9e-05,0.0,-0.00037,0.00014,2
37388,5e-05,-6e-05,-9e-05,0.00069,9e-05,0.0,-0.00037,0.00014,2
37389,5e-05,-6e-05,-9e-05,0.00069,9e-05,0.0,-0.00037,0.00014,2
37390,0.00018,0.00012,0.00013,-1e-05,1e-05,0.00025,0.00011,0.00016,2
37391,0.00018,0.00012,0.00013,-1e-05,1e-05,0.00025,0.00011,0.00016,2
37392,1e-05,1e-05,-5e-05,3e-05,0.00012,0.00026,0.00027,0.00018,2
37393,1e-05,1e-05,-5e-05,3e-05,0.00012,0.00026,0.00027,0.00018,2
37394,1e-05,1e-05,-5e-05,3e-05,0.00012,0.00026,0.00027,0.00018,2
37395,1e-05,1e-05,-5e-05,3e-05,0.00012,0.00026,0.00027,0.00018,2
37396,1e-05,1e-05,-5e-05,3e-05,0.00012,0.00026,0.00027,0.00018,2
37397,1e-05,1e-05,-5e-05,3e-05,0.00012,0.00026,0.00027,0.00018,2
37398,1e-05,1e-05,-5e-05,3e-05,0.00012,0.00026,0.00027,0.00018,2
37399,1e-05,1e-05,-5e-05,3e-05,0.00012,0.00026,0.00027,0.00018,2
37400,1e-05,1e-05,-5e-05,3e-05,0.00012,0.00026,0.00027,0.00018,2
37401,1e-05,1e-05,-5e-05,3e-05,0.00012,0.00026,0.00027,0.00018,2
37402,1e-05,1e-05,-5e-05,3e-05,0.00012,0.00026,0.00027,0.00018,2
37403,1e-05,1e-05,-5e-05,3e-05,0.00012,0.00026,0.00027,0.00018,2
37404,0.0,0.0,3e-05,0.00061,-1e-05,-0.00045,0.00055,0.00015,2
37405,0.0,0.0,3e-05,0.00061,-1e-05,-0.00045,0.00055,0.00015,2
37406,0.0,0.0,3e-05,0.00061,-1e-05,-0.00045,0.00055,0.00015,2
37407,0.0,0.0,3e-05,0.00061,-1e-05,-0.00045,0.00055,0.00015,2
37408,0.0,0.0,3e-05,0.00061,-1e-05,-0.00045,0.00055,0.00015,2
37409,0.0,0.0,3e-05,0.00061,-1e-05,-0.00045,0.00055,0.00015,2
37410,0.0,0.0,3e-05,0.00061,-1e-05,-0.00045,0.00055,0.00015,2
37411,0.0,0.0,3e-05,0.00061,-1e-05,-0.00045,0.00055,0.00015,2
37412,0.0,0.0,3e-05,0.00061,-1e-05,-0.00045,0.00055,0.00015,2
37413,-7e-05,-0.00013,-0.00013,-5e-05,2e-05,-0.00015,0.00035,-8e-05,2
37414,-7e-05,-0.00013,-0.00013,-5e-05,2e-05,-0.00015,0.00035,-8e-05,2
37415,-7e-05,-0.00013,-0.00013,-5e-05,2e-05,-0.00015,0.00035,-8e-05,2
37416,-7e-05,-0.00013,-0.00013,-5e-05,2e-05,-0.00015,0.00035,-8e-05,2
37417,-7e-05,-0.00013,-0.00013,-5e-05,2e-05,-0.00015,0.00035,-8e-05,2
37418,-7e-05,-0.00013,-0.00013,-5e-05,2e-05,-0.00015,0.00035,-8e-05,2
37419,-7e-05,-0.00013,-0.00013,-5e-05,2e-05,-0.00015,0.00035,-8e-05,2
37420,-7e-05,-0.00013,-0.00013,-5e-05,2e-05,-0.00015,0.00035,-8e-05,2
37421,-7e-05,-0.00013,-0.00013,-5e-05,2e-05,-0.00015,0.00035,-8e-05,2
37422,-7e-05,-0.00013,-0.00013,-5e-05,2e-05,-0.00015,0.00035,-8e-05,2
37423,-7e-05,-0.00013,-0.00013,-5e-05,2e-05,-0.00015,0.00035,-8e-05,2
37424,-7e-05,-0.00013,-0.00013,-5e-05,2e-05,-0.00015,0.00035,-8e-05,2
37425,-7e-05,-0.00013,-0.00013,-5e-05,2e-05,-0.00015,0.00035,-8e-05,2
37426,-7e-05,-0.00013,-0.00013,-5e-05,2e-05,-0.00015,0.00035,-8e-05,2
37427,-7e-05,-0.00013,-0.00013,-5e-05,2e-05,-0.00015,0.00035,-8e-05,2
37428,3e-05,9e-05,0.00015,0.00042,-0.0001,-0.00024,-0.00117,-0.00023,2
37429,0.00016,8e-05,7e-05,-5e-05,0.00017,-3e-05,0.00061,0.00028,2
37430,0.00016,8e-05,7e-05,-5e-05,0.00017,-3e-05,0.00061,0.00028,2
37431,0.00016,8e-05,7e-05,-5e-05,0.00017,-3e-05,0.00061,0.00028,2
37432,0.00016,8e-05,7e-05,-5e-05,0.00017,-3e-05,0.00061,0.00028,2
37433,0.00016,8e-05,7e-05,-5e-05,0.00017,-3e-05,0.00061,0.00028,2
37434,0.00016,8e-05,7e-05,-5e-05,0.00017,-3e-05,0.00061,0.00028,2
37435,0.00016,8e-05,7e-05,-5e-05,0.00017,-3e-05,0.00061,0.00028,2
37436,0.00016,8e-05,7e-05,-5e-05,0.00017,-3e-05,0.00061,0.00028,2
37438,0.00016,8e-05,7e-05,-5e-05,0.00017,-3e-05,0.00061,0.00028,2
37439,0.00016,8e-05,7e-05,-5e-05,0.00017,-3e-05,0.00061,0.00028,2
37440,0.00016,8e-05,7e-05,-5e-05,0.00017,-3e-05,0.00061,0.00028,2
37441,0.00016,8e-05,7e-05,-5e-05,0.00017,-3e-05,0.00061,0.00028,2
37442,0.00016,8e-05,7e-05,-5e-05,0.00017,-3e-05,0.00061,0.00028,2
37443,0.00016,8e-05,7e-05,-5e-05,0.00017,-3e-05,0.00061,0.00028,2
37444,0.00016,8e-05,7e-05,-5e-05,0.00017,-3e-05,0.00061,0.00028,2
37445,0.00016,8e-05,7e-05,-5e-05,0.00017,-3e-05,0.00061,0.00028,2
37446,0.00016,8e-05,7e-05,-5e-05,0.00017,-3e-05,0.00061,0.00028,2
37447,0.00016,8e-05,7e-05,-5e-05,0.00017,-3e-05,0.00061,0.00028,2
37448,0.00016,8e-05,7e-05,-5e-05,0.00017,-3e-05,0.00061,0.00028,2
37449,0.00016,8e-05,7e-05,-5e-05,0.00017,-3e-05,0.00061,0.00028,2
37450,0.00016,8e-05,7e-05,-5e-05,0.00017,-3e-05,0.00061,0.00028,2
37451,-5e-05,-3e-05,-3e-05,-0.00013,-4e-05,0.00049,0.00035,3e-05,2
37452,-8e-05,-2e-05,2e-05,-0.00044,-0.00034,-0.00024,0.0004,-0.00021,2
37453,-8e-05,-2e-05,2e-05,-0.00044,-0.00034,-0.00024,0.0004,-0.00021,2
37454,-8e-05,-2e-05,2e-05,-0.00044,-0.00034,-0.00024,0.0004,-0.00021,2
37455,-8e-05,-2e-05,2e-05,-0.00044,-0.00034,-0.00024,0.0004,-0.00021,2
37456,-8e-05,-2e-05,2e-05,-0.00044,-0.00034,-0.00024,0.0004,-0.00021,2
37457,-8e-05,-2e-05,2e-05,-0.00044,-0.00034,-0.00024,0.0004,-0.00021,2
37458,-8e-05,-2e-05,2e-05,-0.00044,-0.00034,-0.00024,0.0004,-0.00021,2
37459,-8e-05,-2e-05,2e-05,-0.00044,-0.00034,-0.00024,0.0004,-0.00021,2
37460,-8e-05,-2e-05,2e-05,-0.00044,-0.00034,-0.00024,0.0004,-0.00021,2
37461,-8e-05,-2e-05,2e-05,-0.00044,-0.00034,-0.00024,0.0004,-0.00021,2
37462,-8e-05,-2e-05,2e-05,-0.00044,-0.00034,-0.00024,0.0004,-0.00021,2
37463,-8e-05,-2e-05,2e-05,-0.00044,-0.00034,-0.00024,0.0004,-0.00021,2
37464,-7e-05,-5e-05,-6e-05,-0.00023,0.0,0.0003,0.00085,-7e-05,2
37465,-7e-05,-5e-05,-6e-05,-0.00023,0.0,0.0003,0.00085,-7e-05,2
37466,-7e-05,-5e-05,-6e-05,-0.00023,0.0,0.0003,0.00085,-7e-05,2
37467,-7e-05,-5e-05,-6e-05,-0.00023,0.0,0.0003,0.00085,-7e-05,2
37468,-7e-05,-5e-05,-6e-05,-0.00023,0.0,0.0003,0.00085,-7e-05,2
37469,-7e-05,-5e-05,-6e-05,-0.00023,0.0,0.0003,0.00085,-7e-05,2
37470,-7e-05,-5e-05,-6e-05,-0.00023,0.0,0.0003,0.00085,-7e-05,2
37471,-7e-05,-5e-05,-6e-05,-0.00023,0.0,0.0003,0.00085,-7e-05,2
37472,-7e-05,-5e-05,-6e-05,-0.00023,0.0,0.0003,0.00085,-7e-05,2
37473,-7e-05,-5e-05,-6e-05,-0.00023,0.0,0.0003,0.00085,-7e-05,2
37474,-7e-05,-5e-05,-6e-05,-0.00023,0.0,0.0003,0.00085,-7e-05,2
37475,-7e-05,-5e-05,-6e-05,-0.00023,0.0,0.0003,0.00085,-7e-05,2
37476,-7e-05,-5e-05,-6e-05,-0.00023,0.0,0.0003,0.00085,-7e-05,2
37477,-7e-05,-5e-05,-6e-05,-0.00023,0.0,0.0003,0.00085,-7e-05,2
37478,-7e-05,-5e-05,-6e-05,-0.00023,0.0,0.0003,0.00085,-7e-05,2
37479,-7e-05,-5e-05,-6e-05,-0.00023,0.0,0.0003,0.00085,-7e-05,2
37480,6e-05,0.0,7e-05,-0.00021,0.0,0.00054,-0.00039,-2e-05,2
37481,6e-05,0.0,7e-05,-0.00021,0.0,0.00054,-0.00039,-2e-05,2
37482,6e-05,0.0,7e-05,-0.00021,0.0,0.00054,-0.00039,-2e-05,2
37483,6e-05,0.0,7e-05,-0.00021,0.0,0.00054,-0.00039,-2e-05,2
37484,6e-05,0.0,7e-05,-0.00021,0.0,0.00054,-0.00039,-2e-05,2
37485,6e-05,0.0,7e-05,-0.00021,0.0,0.00054,-0.00039,-2e-05,2
37486,6e-05,0.0,7e-05,-0.00021,0.0,0.00054,-0.00039,-2e-05,2
37489,0.00026,5e-05,-5e-05,0.00072,0.00052,-0.00032,0.0,0.00026,2
37490,0.00026,5e-05,-5e-05,0.00072,0.00052,-0.00032,0.0,0.00026,2
37491,0.00026,5e-05,-5e-05,0.00072,0.00052,-0.00032,0.0,0.00026,2
37492,0.00026,5e-05,-5e-05,0.00072,0.00052,-0.00032,0.0,0.00026,2
37493,0.00026,5e-05,-5e-05,0.00072,0.00052,-0.00032,0.0,0.00026,2
37494,0.00026,5e-05,-5e-05,0.00072,0.00052,-0.00032,0.0,0.00026,2
37495,0.00026,5e-05,-5e-05,0.00072,0.00052,-0.00032,0.0,0.00026,2
37496,0.00026,5e-05,-5e-05,0.00072,0.00052,-0.00032,0.0,0.00026,2
37497,0.00026,5e-05,-5e-05,0.00072,0.00052,-0.00032,0.0,0.00026,2
37498,0.00026,5e-05,-5e-05,0.00072,0.00052,-0.00032,0.0,0.00026,2
37499,0.00026,5e-05,-5e-05,0.00072,0.00052,-0.00032,0.0,0.00026,2
37500,0.00026,5e-05,-5e-05,0.00072,0.00052,-0.00032,0.0,0.00026,2
37501,0.00026,5e-05,-5e-05,0.00072,0.00052,-0.00032,0.0,0.00026,2
37502,0.00026,5e-05,-5e-05,0.00072,0.00052,-0.00032,0.0,0.00026,2
37503,0.00026,5e-05,-5e-05,0.00072,0.00052,-0.00032,0.0,0.00026,2
37504,0.00026,5e-05,-5e-05,0.00072,0.00052,-0.00032,0.0,0.00026,2
37505,0.00026,5e-05,-5e-05,0.00072,0.00052,-0.00032,0.0,0.00026,2
37506,0.00026,5e-05,-5e-05,0.00072,0.00052,-0.00032,0.0,0.00026,2
37507,0.00026,5e-05,-5e-05,0.00072,0.00052,-0.00032,0.0,0.00026,2
37508,0.00026,5e-05,-5e-05,0.00072,0.00052,-0.00032,0.0,0.00026,2
37509,0.00026,5e-05,-5e-05,0.00072,0.00052,-0.00032,0.0,0.00026,2
37510,-0.00011,-0.00013,-8e-05,0.00015,-0.0001,-0.00012,0.00021,1e-05,2
37511,-0.00011,-0.00013,-8e-05,0.00015,-0.0001,-0.00012,0.00021,1e-05,2
37512,0.0,-2e-05,-4e-05,9e-05,-0.00014,3e-05,7e-05,0.00014,2
37513,0.0,-2e-05,-4e-05,9e-05,-0.00014,3e-05,7e-05,0.00014,2
37514,0.0,-2e-05,-4e-05,9e-05,-0.00014,3e-05,7e-05,0.00014,2
37515,0.0,-2e-05,-4e-05,9e-05,-0.00014,3e-05,7e-05,0.00014,2
37516,0.0,-2e-05,-4e-05,9e-05,-0.00014,3e-05,7e-05,0.00014,2
37517,0.0,-2e-05,-4e-05,9e-05,-0.00014,3e-05,7e-05,0.00014,2
37519,0.0,-2e-05,-4e-05,9e-05,-0.00014,3e-05,7e-05,0.00014,2
37520,0.0,-2e-05,-4e-05,9e-05,-0.00014,3e-05,7e-05,0.00014,2
37521,0.0,-2e-05,-4e-05,9e-05,-0.00014,3e-05,7e-05,0.00014,2
37522,0.0,-2e-05,-4e-05,9e-05,-0.00014,3e-05,7e-05,0.00014,2
37523,0.0,-2e-05,-4e-05,9e-05,-0.00014,3e-05,7e-05,0.00014,2
37524,0.0,-2e-05,-4e-05,9e-05,-0.00014,3e-05,7e-05,0.00014,2
37525,0.0,-2e-05,-4e-05,9e-05,-0.00014,3e-05,7e-05,0.00014,2
37526,0.0,-2e-05,-4e-05,9e-05,-0.00014,3e-05,7e-05,0.00014,2
37527,0.0,-2e-05,-4e-05,9e-05,-0.00014,3e-05,7e-05,0.00014,2
37528,0.0,-2e-05,-4e-05,9e-05,-0.00014,3e-05,7e-05,0.00014,2
37529,0.0,-2e-05,-4e-05,9e-05,-0.00014,3e-05,7e-05,0.00014,2
37530,0.0,-2e-05,-4e-05,9e-05,-0.00014,3e-05,7e-05,0.00014,2
37531,0.0,-2e-05,-4e-05,9e-05,-0.00014,3e-05,7e-05,0.00014,2
37532,5e-05,4e-05,6e-05,-4e-05,-3e-05,0.00018,-0.00029,-2e-05,2
37533,1e-05,0.0,-1e-05,-0.00048,-0.00016,-0.00044,0.00035,8e-05,2
37534,-5e-05,-1e-05,1e-05,-0.00022,-0.00011,-0.00036,7e-05,-0.00013,2
37535,-5e-05,-1e-05,1e-05,-0.00022,-0.00011,-0.00036,7e-05,-0.00013,2
37536,-5e-05,-1e-05,1e-05,-0.00022,-0.00011,-0.00036,7e-05,-0.00013,2
37538,-5e-05,-1e-05,1e-05,-0.00022,-0.00011,-0.00036,7e-05,-0.00013,2
37539,-5e-05,-1e-05,1e-05,-0.00022,-0.00011,-0.00036,7e-05,-0.00013,2
37540,-5e-05,-1e-05,1e-05,-0.00022,-0.00011,-0.00036,7e-05,-0.00013,2
37541,-5e-05,-1e-05,1e-05,-0.00022,-0.00011,-0.00036,7e-05,-0.00013,2
37542,-5e-05,-1e-05,1e-05,-0.00022,-0.00011,-0.00036,7e-05,-0.00013,2
37543,-5e-05,-1e-05,1e-05,-0.00022,-0.00011,-0.00036,7e-05,-0.00013,2
37544,-5e-05,-1e-05,1e-05,-0.00022,-0.00011,-0.00036,7e-05,-0.00013,2
37545,-5e-05,-1e-05,1e-05,-0.00022,-0.00011,-0.00036,7e-05,-0.00013,2
37546,-5e-05,-1e-05,1e-05,-0.00022,-0.00011,-0.00036,7e-05,-0.00013,2
37547,-5e-05,-1e-05,1e-05,-0.00022,-0.00011,-0.00036,7e-05,-0.00013,2
37548,0.0,-1e-05,2e-05,-0.00026,-0.00017,0.00019,1e-05,-0.0001,2
37549,-0.00033,-5e-05,0.00016,-0.0002,-4e-05,-0.00013,-0.00056,-0.00022,2
37550,-0.00033,-5e-05,0.00016,-0.0002,-4e-05,-0.00013,-0.00056,-0.00022,2
37551,-0.00033,-5e-05,0.00016,-0.0002,-4e-05,-0.00013,-0.00056,-0.00022,2
37552,-0.00033,-5e-05,0.00016,-0.0002,-4e-05,-0.00013,-0.00056,-0.00022,2
37553,-0.00033,-5e-05,0.00016,-0.0002,-4e-05,-0.00013,-0.00056,-0.00022,2
37554,-0.00033,-5e-05,0.00016,-0.0002,-4e-05,-0.00013,-0.00056,-0.00022,2
37555,-0.00033,-5e-05,0.00016,-0.0002,-4e-05,-0.00013,-0.00056,-0.00022,2
37556,-0.00033,-5e-05,0.00016,-0.0002,-4e-05,-0.00013,-0.00056,-0.00022,2
37557,-0.00033,-5e-05,0.00016,-0.0002,-4e-05,-0.00013,-0.00056,-0.00022,2
37558,-0.00033,-5e-05,0.00016,-0.0002,-4e-05,-0.00013,-0.00056,-0.00022,2
37559,-0.00033,-5e-05,0.00016,-0.0002,-4e-05,-0.00013,-0.00056,-0.00022,2
37560,-0.00033,-5e-05,0.00016,-0.0002,-4e-05,-0.00013,-0.00056,-0.00022,2
37561,-0.00033,-5e-05,0.00016,-0.0002,-4e-05,-0.00013,-0.00056,-0.00022,2
37562,-0.00033,-5e-05,0.00016,-0.0002,-4e-05,-0.00013,-0.00056,-0.00022,2
37563,-0.00033,-5e-05,0.00016,-0.0002,-4e-05,-0.00013,-0.00056,-0.00022,2
37564,-0.00033,-5e-05,0.00016,-0.0002,-4e-05,-0.00013,-0.00056,-0.00022,2
37565,-0.00033,-5e-05,0.00016,-0.0002,-4e-05,-0.00013,-0.00056,-0.00022,2
37566,-0.00033,-5e-05,0.00016,-0.0002,-4e-05,-0.00013,-0.00056,-0.00022,2
37567,-0.00033,-5e-05,0.00016,-0.0002,-4e-05,-0.00013,-0.00056,-0.00022,2
37568,-0.00033,-5e-05,0.00016,-0.0002,-4e-05,-0.00013,-0.00056,-0.00022,2
37569,-0.00033,-5e-05,0.00016,-0.0002,-4e-05,-0.00013,-0.00056,-0.00022,2
37570,-0.00033,-5e-05,0.00016,-0.0002,-4e-05,-0.00013,-0.00056,-0.00022,2
37571,-0.00033,-5e-05,0.00016,-0.0002,-4e-05,-0.00013,-0.00056,-0.00022,2
37572,-0.00033,-5e-05,0.00016,-0.0002,-4e-05,-0.00013,-0.00056,-0.00022,2
37573,-0.00033,-5e-05,0.00016,-0.0002,-4e-05,-0.00013,-0.00056,-0.00022,2
37574,-0.00033,-5e-05,0.00016,-0.0002,-4e-05,-0.00013,-0.00056,-0.00022,2
37575,-0.00033,-5e-05,0.00016,-0.0002,-4e-05,-0.00013,-0.00056,-0.00022,2
37576,-0.00033,-5e-05,0.00016,-0.0002,-4e-05,-0.00013,-0.00056,-0.00022,2
37577,0.00015,-5e-05,-0.00016,0.00041,-0.00017,-5e-05,0.00062,2e-05,2
37578,-1e-05,-1e-05,0.0,-0.00014,0.00019,-0.00036,-0.00087,-3e-05,2
37579,-5e-05,7e-05,0.00017,-0.00016,-0.00014,6e-05,-0.00028,0.00011,2
37580,-5e-05,7e-05,0.00017,-0.00016,-0.00014,6e-05,-0.00028,0.00011,2
37581,-5e-05,7e-05,0.00017,-0.00016,-0.00014,6e-05,-0.00028,0.00011,2
37582,-5e-05,7e-05,0.00017,-0.00016,-0.00014,6e-05,-0.00028,0.00011,2
37583,-5e-05,7e-05,0.00017,-0.00016,-0.00014,6e-05,-0.00028,0.00011,2
37584,-5e-05,7e-05,0.00017,-0.00016,-0.00014,6e-05,-0.00028,0.00011,2
37585,-5e-05,7e-05,0.00017,-0.00016,-0.00014,6e-05,-0.00028,0.00011,2
37586,-5e-05,7e-05,0.00017,-0.00016,-0.00014,6e-05,-0.00028,0.00011,2
37588,-5e-05,7e-05,0.00017,-0.00016,-0.00014,6e-05,-0.00028,0.00011,2
37589,-5e-05,7e-05,0.00017,-0.00016,-0.00014,6e-05,-0.00028,0.00011,2
37590,-5e-05,7e-05,0.00017,-0.00016,-0.00014,6e-05,-0.00028,0.00011,2
37591,-5e-05,7e-05,0.00017,-0.00016,-0.00014,6e-05,-0.00028,0.00011,2
37592,-5e-05,7e-05,0.00017,-0.00016,-0.00014,6e-05,-0.00028,0.00011,2
37593,-5e-05,7e-05,0.00017,-0.00016,-0.00014,6e-05,-0.00028,0.00011,2
37594,-5e-05,7e-05,0.00017,-0.00016,-0.00014,6e-05,-0.00028,0.00011,2
37595,-5e-05,7e-05,0.00017,-0.00016,-0.00014,6e-05,-0.00028,0.00011,2
37596,-5e-05,7e-05,0.00017,-0.00016,-0.00014,6e-05,-0.00028,0.00011,2
37597,-5e-05,7e-05,0.00017,-0.00016,-0.00014,6e-05,-0.00028,0.00011,2
37598,-5e-05,7e-05,0.00017,-0.00016,-0.00014,6e-05,-0.00028,0.00011,2
37599,-5e-05,7e-05,0.00017,-0.00016,-0.00014,6e-05,-0.00028,0.00011,2
37600,3e-05,1e-05,-0.00017,-6e-05,0.00013,0.0003,-0.00035,5e-05,2
37601,3e-05,1e-05,-0.00017,-6e-05,0.00013,0.0003,-0.00035,5e-05,2
37602,0.0001,2e-05,-2e-05,-0.00013,0.00012,-0.00013,-0.0002,-2e-05,2
37603,0.0001,2e-05,-2e-05,-0.00013,0.00012,-0.00013,-0.0002,-2e-05,2
37604,0.0001,2e-05,-2e-05,-0.00013,0.00012,-0.00013,-0.0002,-2e-05,2
37605,0.0001,2e-05,-2e-05,-0.00013,0.00012,-0.00013,-0.0002,-2e-05,2
37606,0.0001,2e-05,-2e-05,-0.00013,0.00012,-0.00013,-0.0002,-2e-05,2
37607,0.0001,2e-05,-2e-05,-0.00013,0.00012,-0.00013,-0.0002,-2e-05,2
37608,3e-05,0.0,-9e-05,-0.00026,-3e-05,2e-05,0.00053,1e-05,2
37609,2e-05,-4e-05,-2e-05,0.00038,0.00052,0.00036,0.00069,7e-05,2
37610,2e-05,-4e-05,-2e-05,0.00038,0.00052,0.00036,0.00069,7e-05,2
37611,2e-05,-4e-05,-2e-05,0.00038,0.00052,0.00036,0.00069,7e-05,2
37612,2e-05,-4e-05,-2e-05,0.00038,0.00052,0.00036,0.00069,7e-05,2
37613,2e-05,-4e-05,-2e-05,0.00038,0.00052,0.00036,0.00069,7e-05,2
37614,2e-05,-4e-05,-2e-05,0.00038,0.00052,0.00036,0.00069,7e-05,2
37615,2e-05,-4e-05,-2e-05,0.00038,0.00052,0.00036,0.00069,7e-05,2
37616,2e-05,-4e-05,-2e-05,0.00038,0.00052,0.00036,0.00069,7e-05,2
37617,2e-05,-4e-05,-2e-05,0.00038,0.00052,0.00036,0.00069,7e-05,2
37618,2e-05,-4e-05,-2e-05,0.00038,0.00052,0.00036,0.00069,7e-05,2
37619,2e-05,-4e-05,-2e-05,0.00038,0.00052,0.00036,0.00069,7e-05,2
37620,2e-05,-4e-05,-2e-05,0.00038,0.00052,0.00036,0.00069,7e-05,2
37621,2e-05,-4e-05,-2e-05,0.00038,0.00052,0.00036,0.00069,7e-05,2
37622,2e-05,-4e-05,-2e-05,0.00038,0.00052,0.00036,0.00069,7e-05,2
37623,2e-05,-4e-05,-2e-05,0.00038,0.00052,0.00036,0.00069,7e-05,2
37624,2e-05,-4e-05,-2e-05,0.00038,0.00052,0.00036,0.00069,7e-05,2
37625,2e-05,-4e-05,-2e-05,0.00038,0.00052,0.00036,0.00069,7e-05,2
37626,2e-05,-4e-05,-2e-05,0.00038,0.00052,0.00036,0.00069,7e-05,2
37627,2e-05,-4e-05,-2e-05,0.00038,0.00052,0.00036,0.00069,7e-05,2
37628,2e-05,-4e-05,-2e-05,0.00038,0.00052,0.00036,0.00069,7e-05,2
37629,2e-05,-4e-05,-2e-05,0.00038,0.00052,0.00036,0.00069,7e-05,2
37630,3e-05,-1e-05,4e-05,-6e-05,-0.00026,-0.00049,-0.00022,6e-05,2
37631,3e-05,-1e-05,4e-05,-6e-05,-0.00026,-0.00049,-0.00022,6e-05,2
37632,-3e-05,0.0,-3e-05,-0.00046,-0.00025,-0.00019,-9e-05,8e-05,2
37633,-3e-05,0.0,-3e-05,-0.00046,-0.00025,-0.00019,-9e-05,8e-05,2
37634,-3e-05,0.0,-3e-05,-0.00046,-0.00025,-0.00019,-9e-05,8e-05,2
37635,-3e-05,0.0,-3e-05,-0.00046,-0.00025,-0.00019,-9e-05,8e-05,2
37636,-3e-05,0.0,-3e-05,-0.00046,-0.00025,-0.00019,-9e-05,8e-05,2
37638,-3e-05,0.0,-3e-05,-0.00046,-0.00025,-0.00019,-9e-05,8e-05,2
37639,-3e-05,0.0,-3e-05,-0.00046,-0.00025,-0.00019,-9e-05,8e-05,2
37640,-3e-05,0.0,-3e-05,-0.00046,-0.00025,-0.00019,-9e-05,8e-05,2
37641,-3e-05,0.0,-3e-05,-0.00046,-0.00025,-0.00019,-9e-05,8e-05,2
37642,-3e-05,0.0,-3e-05,-0.00046,-0.00025,-0.00019,-9e-05,8e-05,2
37643,-3e-05,0.0,-3e-05,-0.00046,-0.00025,-0.00019,-9e-05,8e-05,2
37644,-3e-05,0.0,-3e-05,-0.00046,-0.00025,-0.00019,-9e-05,8e-05,2
37645,-3e-05,0.0,-3e-05,-0.00046,-0.00025,-0.00019,-9e-05,8e-05,2
37646,-3e-05,0.0,-3e-05,-0.00046,-0.00025,-0.00019,-9e-05,8e-05,2
37647,-3e-05,0.0,-3e-05,-0.00046,-0.00025,-0.00019,-9e-05,8e-05,2
37648,-3e-05,0.0,-3e-05,-0.00046,-0.00025,-0.00019,-9e-05,8e-05,2
37649,-3e-05,0.0,-3e-05,-0.00046,-0.00025,-0.00019,-9e-05,8e-05,2
37650,-3e-05,0.0,-3e-05,-0.00046,-0.00025,-0.00019,-9e-05,8e-05,2
37651,-3e-05,0.0,-3e-05,-0.00046,-0.00025,-0.00019,-9e-05,8e-05,2
37652,-3e-05,0.0,-3e-05,-0.00046,-0.00025,-0.00019,-9e-05,8e-05,2
37653,-0.00011,-3e-05,0.0001,0.00057,7e-05,-0.00015,-5e-05,-0.0001,2
37654,0.0,-2e-05,-0.00013,-5e-05,-0.00014,0.00019,-0.00061,-0.00015,2
37655,0.0,-2e-05,-0.00013,-5e-05,-0.00014,0.00019,-0.00061,-0.00015,2
37656,0.0,-2e-05,-0.00013,-5e-05,-0.00014,0.00019,-0.00061,-0.00015,2
37657,0.0,-2e-05,-0.00013,-5e-05,-0.00014,0.00019,-0.00061,-0.00015,2
37658,0.0,-2e-05,-0.00013,-5e-05,-0.00014,0.00019,-0.00061,-0.00015,2
37659,0.0,-2e-05,-0.00013,-5e-05,-0.00014,0.00019,-0.00061,-0.00015,2
37660,0.0,-2e-05,-0.00013,-5e-05,-0.00014,0.00019,-0.00061,-0.00015,2
37661,0.0,-2e-05,-0.00013,-5e-05,-0.00014,0.00019,-0.00061,-0.00015,2
37662,0.0,-2e-05,-0.00013,-5e-05,-0.00014,0.00019,-0.00061,-0.00015,2
37663,0.0,-2e-05,-0.00013,-5e-05,-0.00014,0.00019,-0.00061,-0.00015,2
37664,0.0,-2e-05,-0.00013,-5e-05,-0.00014,0.00019,-0.00061,-0.00015,2
37665,0.0,-2e-05,-0.00013,-5e-05,-0.00014,0.00019,-0.00061,-0.00015,2
37666,0.0,-2e-05,-0.00013,-5e-05,-0.00014,0.00019,-0.00061,-0.00015,2
37667,1e-05,2e-05,7e-05,-0.0001,8e-05,2e-05,0.00035,0.00034,2
37668,3e-05,5e-05,0.0001,-0.00019,-0.0001,0.0,-0.00064,-0.00015,2
37669,0.00015,4e-05,-1e-05,0.00039,0.00019,-0.00041,0.00014,0.00027,2
37670,-8e-05,-2e-05,-3e-05,-0.00015,-4e-05,0.00018,-0.00032,-0.00016,2
37671,-8e-05,-2e-05,-3e-05,-0.00015,-4e-05,0.00018,-0.00032,-0.00016,2
37672,-8e-05,-2e-05,-3e-05,-0.00015,-4e-05,0.00018,-0.00032,-0.00016,2
37673,-8e-05,-2e-05,-3e-05,-0.00015,-4e-05,0.00018,-0.00032,-0.00016,2
37674,-8e-05,-2e-05,-3e-05,-0.00015,-4e-05,0.00018,-0.00032,-0.00016,2
37675,-8e-05,-2e-05,-3e-05,-0.00015,-4e-05,0.00018,-0.00032,-0.00016,2
37676,-8e-05,-2e-05,-3e-05,-0.00015,-4e-05,0.00018,-0.00032,-0.00016,2
37677,-8e-05,-2e-05,-3e-05,-0.00015,-4e-05,0.00018,-0.00032,-0.00016,2
37678,-8e-05,-2e-05,-3e-05,-0.00015,-4e-05,0.00018,-0.00032,-0.00016,2
37679,-8e-05,-2e-05,-3e-05,-0.00015,-4e-05,0.00018,-0.00032,-0.00016,2
37680,-8e-05,-2e-05,-3e-05,-0.00015,-4e-05,0.00018,-0.00032,-0.00016,2
37681,-8e-05,-2e-05,-3e-05,-0.00015,-4e-05,0.00018,-0.00032,-0.00016,2
37682,-8e-05,-2e-05,-3e-05,-0.00015,-4e-05,0.00018,-0.00032,-0.00016,2
37683,-8e-05,-2e-05,-3e-05,-0.00015,-4e-05,0.00018,-0.00032,-0.00016,2
37684,-8e-05,-2e-05,-3e-05,-0.00015,-4e-05,0.00018,-0.00032,-0.00016,2
37685,-8e-05,-2e-05,-3e-05,-0.00015,-4e-05,0.00018,-0.00032,-0.00016,2
37686,-8e-05,-2e-05,-3e-05,-0.00015,-4e-05,0.00018,-0.00032,-0.00016,2
37688,-8e-05,-2e-05,-3e-05,-0.00015,-4e-05,0.00018,-0.00032,-0.00016,2
37690,-8e-05,-2e-05,-3e-05,-0.00015,-4e-05,0.00018,-0.00032,-0.00016,2
37691,-8e-05,-2e-05,-3e-05,-0.00015,-4e-05,0.00018,-0.00032,-0.00016,2
37692,-8e-05,-2e-05,-3e-05,-0.00015,-4e-05,0.00018,-0.00032,-0.00016,2
37693,-8e-05,-2e-05,-3e-05,-0.00015,-4e-05,0.00018,-0.00032,-0.00016,2
37694,-8e-05,-2e-05,-3e-05,-0.00015,-4e-05,0.00018,-0.00032,-0.00016,2
37695,-8e-05,-2e-05,-3e-05,-0.00015,-4e-05,0.00018,-0.00032,-0.00016,2
37696,-8e-05,-2e-05,-3e-05,-0.00015,-4e-05,0.00018,-0.00032,-0.00016,2
37697,6e-05,8e-05,0.00013,0.00016,0.00019,0.00016,0.00107,0.00013,2
37698,9e-05,-4e-05,-3e-05,0.00044,-2e-05,0.00042,-0.0001,0.00013,2
37699,8e-05,0.0,2e-05,-0.0002,-0.0002,0.00015,0.00013,0.00027,2
37700,8e-05,0.0,2e-05,-0.0002,-0.0002,0.00015,0.00013,0.00027,2
37701,8e-05,0.0,2e-05,-0.0002,-0.0002,0.00015,0.00013,0.00027,2
37702,8e-05,0.0,2e-05,-0.0002,-0.0002,0.00015,0.00013,0.00027,2
37703,8e-05,0.0,2e-05,-0.0002,-0.0002,0.00015,0.00013,0.00027,2
37704,8e-05,0.0,2e-05,-0.0002,-0.0002,0.00015,0.00013,0.00027,2
37705,8e-05,0.0,2e-05,-0.0002,-0.0002,0.00015,0.00013,0.00027,2
37706,8e-05,0.0,2e-05,-0.0002,-0.0002,0.00015,0.00013,0.00027,2
37707,8e-05,0.0,2e-05,-0.0002,-0.0002,0.00015,0.00013,0.00027,2
37708,8e-05,0.0,2e-05,-0.0002,-0.0002,0.00015,0.00013,0.00027,2
37709,8e-05,0.0,2e-05,-0.0002,-0.0002,0.00015,0.00013,0.00027,2
37710,8e-05,0.0,2e-05,-0.0002,-0.0002,0.00015,0.00013,0.00027,2
37711,8e-05,0.0,2e-05,-0.0002,-0.0002,0.00015,0.00013,0.00027,2
37712,-3e-05,1e-05,-8e-05,0.00042,-6e-05,-0.00032,-0.00038,-3e-05,2
37713,0.0001,3e-05,0.00012,-8e-05,3e-05,0.00038,0.00055,5e-05,2
37714,0.00011,0.0,-0.00014,0.0003,-6e-05,-0.00014,-3e-05,-0.00018,2
37715,0.00011,0.0,-0.00014,0.0003,-6e-05,-0.00014,-3e-05,-0.00018,2
37716,0.00011,0.0,-0.00014,0.0003,-6e-05,-0.00014,-3e-05,-0.00018,2
37717,0.00011,0.0,-0.00014,0.0003,-6e-05,-0.00014,-3e-05,-0.00018,2
37718,0.00011,0.0,-0.00014,0.0003,-6e-05,-0.00014,-3e-05,-0.00018,2
37719,0.00011,0.0,-0.00014,0.0003,-6e-05,-0.00014,-3e-05,-0.00018,2
37720,0.00011,0.0,-0.00014,0.0003,-6e-05,-0.00014,-3e-05,-0.00018,2
37721,0.00011,0.0,-0.00014,0.0003,-6e-05,-0.00014,-3e-05,-0.00018,2
37722,0.00011,0.0,-0.00014,0.0003,-6e-05,-0.00014,-3e-05,-0.00018,2
37723,0.00011,0.0,-0.00014,0.0003,-6e-05,-0.00014,-3e-05,-0.00018,2
37724,0.00011,0.0,-0.00014,0.0003,-6e-05,-0.00014,-3e-05,-0.00018,2
37725,0.00011,0.0,-0.00014,0.0003,-6e-05,-0.00014,-3e-05,-0.00018,2
37726,0.00011,0.0,-0.00014,0.0003,-6e-05,-0.00014,-3e-05,-0.00018,2
37727,-2e-05,1e-05,-3e-05,0.0001,1e-05,-0.00016,0.00062,3e-05,2
37728,-2e-05,1e-05,-3e-05,0.0001,1e-05,-0.00016,0.00062,3e-05,2
37729,-2e-05,1e-05,-3e-05,0.0001,1e-05,-0.00016,0.00062,3e-05,2
37730,-2e-05,1e-05,-3e-05,0.0001,1e-05,-0.00016,0.00062,3e-05,2
37731,-2e-05,1e-05,-3e-05,0.0001,1e-05,-0.00016,0.00062,3e-05,2
37732,-2e-05,1e-05,-3e-05,0.0001,1e-05,-0.00016,0.00062,3e-05,2
37733,-2e-05,1e-05,-3e-05,0.0001,1e-05,-0.00016,0.00062,3e-05,2
37734,-4e-05,0.0,8e-05,-0.00032,-0.00044,-0.00025,-0.00046,-0.00013,2
37735,-4e-05,0.0,8e-05,-0.00032,-0.00044,-0.00025,-0.00046,-0.00013,2
37737,-4e-05,0.0,8e-05,-0.00032,-0.00044,-0.00025,-0.00046,-0.00013,2
37739,-4e-05,0.0,8e-05,-0.00032,-0.00044,-0.00025,-0.00046,-0.00013,2
37740,-4e-05,0.0,8e-05,-0.00032,-0.00044,-0.00025,-0.00046,-0.00013,2
37741,-4e-05,0.0,8e-05,-0.00032,-0.00044,-0.00025,-0.00046,-0.00013,2
37742,-4e-05,0.0,8e-05,-0.00032,-0.00044,-0.00025,-0.00046,-0.00013,2
37743,-4e-05,0.0,8e-05,-0.00032,-0.00044,-0.00025,-0.00046,-0.00013,2
37744,-4e-05,0.0,8e-05,-0.00032,-0.00044,-0.00025,-0.00046,-0.00013,2
37745,-4e-05,0.0,8e-05,-0.00032,-0.00044,-0.00025,-0.00046,-0.00013,2
37746,-4e-05,0.0,8e-05,-0.00032,-0.00044,-0.00025,-0.00046,-0.00013,2
37747,-4e-05,0.0,8e-05,-0.00032,-0.00044,-0.00025,-0.00046,-0.00013,2
37748,-4e-05,0.0,8e-05,-0.00032,-0.00044,-0.00025,-0.00046,-0.00013,2
37749,-4e-05,0.0,8e-05,-0.00032,-0.00044,-0.00025,-0.00046,-0.00013,2
37750,-0.00012,-9e-05,-0.0002,0.00028,-0.0001,0.00021,0.00017,-0.00014,2
37751,-0.00012,-9e-05,-0.0002,0.00028,-0.0001,0.00021,0.00017,-0.00014,2
37752,0.00012,7e-05,4e-05,3e-05,0.00034,0.00045,0.00074,0.0002,2
37753,0.00012,7e-05,4e-05,3e-05,0.00034,0.00045,0.00074,0.0002,2
37754,0.00012,7e-05,4e-05,3e-05,0.00034,0.00045,0.00074,0.0002,2
37755,0.00012,7e-05,4e-05,3e-05,0.00034,0.00045,0.00074,0.0002,2
37756,0.00012,7e-05,4e-05,3e-05,0.00034,0.00045,0.00074,0.0002,2
37757,0.00012,7e-05,4e-05,3e-05,0.00034,0.00045,0.00074,0.0002,2
37758,0.00012,7e-05,4e-05,3e-05,0.00034,0.00045,0.00074,0.0002,2
37759,0.00012,7e-05,4e-05,3e-05,0.00034,0.00045,0.00074,0.0002,2
37760,0.00012,7e-05,4e-05,3e-05,0.00034,0.00045,0.00074,0.0002,2
37761,0.00012,7e-05,4e-05,3e-05,0.00034,0.00045,0.00074,0.0002,2
37762,0.00012,7e-05,4e-05,3e-05,0.00034,0.00045,0.00074,0.0002,2
37763,0.00012,7e-05,4e-05,3e-05,0.00034,0.00045,0.00074,0.0002,2
37764,0.00012,7e-05,4e-05,3e-05,0.00034,0.00045,0.00074,0.0002,2
37765,0.00012,7e-05,4e-05,3e-05,0.00034,0.00045,0.00074,0.0002,2
37766,0.00012,7e-05,4e-05,3e-05,0.00034,0.00045,0.00074,0.0002,2
37767,0.00012,7e-05,4e-05,3e-05,0.00034,0.00045,0.00074,0.0002,2
37768,0.00012,7e-05,4e-05,3e-05,0.00034,0.00045,0.00074,0.0002,2
37769,0.00012,7e-05,4e-05,3e-05,0.00034,0.00045,0.00074,0.0002,2
37770,0.00012,7e-05,4e-05,3e-05,0.00034,0.00045,0.00074,0.0002,2
37771,0.00012,7e-05,4e-05,3e-05,0.00034,0.00045,0.00074,0.0002,2
37772,0.00012,7e-05,4e-05,3e-05,0.00034,0.00045,0.00074,0.0002,2
37773,-8e-05,-7e-05,-8e-05,-0.00052,-5e-05,-0.00016,-0.0006,-8e-05,2
37774,-3e-05,-7e-05,-7e-05,0.00064,-1e-05,-0.00035,0.00087,4e-05,2
37775,-3e-05,-7e-05,-7e-05,0.00064,-1e-05,-0.00035,0.00087,4e-05,2
37776,-3e-05,-7e-05,-7e-05,0.00064,-1e-05,-0.00035,0.00087,4e-05,2
37777,-3e-05,-7e-05,-7e-05,0.00064,-1e-05,-0.00035,0.00087,4e-05,2
37778,-3e-05,-7e-05,-7e-05,0.00064,-1e-05,-0.00035,0.00087,4e-05,2
37779,-3e-05,-7e-05,-7e-05,0.00064,-1e-05,-0.00035,0.00087,4e-05,2
37780,-3e-05,-7e-05,-7e-05,0.00064,-1e-05,-0.00035,0.00087,4e-05,2
37781,-3e-05,-7e-05,-7e-05,0.00064,-1e-05,-0.00035,0.00087,4e-05,2
37782,-3e-05,-7e-05,-7e-05,0.00064,-1e-05,-0.00035,0.00087,4e-05,2
37783,-3e-05,-7e-05,-7e-05,0.00064,-1e-05,-0.00035,0.00087,4e-05,2
37784,-3e-05,-7e-05,-7e-05,0.00064,-1e-05,-0.00035,0.00087,4e-05,2
37785,-3e-05,-7e-05,-7e-05,0.00064,-1e-05,-0.00035,0.00087,4e-05,2
37787,0.0001,0.00011,8e-05,-0.00047,0.00012,3e-05,-0.00095,5e-05,2
37789,0.0001,0.00011,8e-05,-0.00047,0.00012,3e-05,-0.00095,5e-05,2
37790,0.0001,0.00011,8e-05,-0.00047,0.00012,3e-05,-0.00095,5e-05,2
37791,0.0001,0.00011,8e-05,-0.00047,0.00012,3e-05,-0.00095,5e-05,2
37792,0.0001,0.00011,8e-05,-0.00047,0.00012,3e-05,-0.00095,5e-05,2
37793,0.0001,0.00011,8e-05,-0.00047,0.00012,3e-05,-0.00095,5e-05,2
37794,1e-05,-1e-05,1e-05,-2e-05,-1e-05,-0.00011,0.00019,0.00012,2
37795,1e-05,-1e-05,1e-05,-2e-05,-1e-05,-0.00011,0.00019,0.00012,2
37796,1e-05,-1e-05,1e-05,-2e-05,-1e-05,-0.00011,0.00019,0.00012,2
37797,1e-05,-1e-05,1e-05,-2e-05,-1e-05,-0.00011,0.00019,0.00012,2
37798,1e-05,-1e-05,1e-05,-2e-05,-1e-05,-0.00011,0.00019,0.00012,2
37799,1e-05,-1e-05,1e-05,-2e-05,-1e-05,-0.00011,0.00019,0.00012,2
37800,1e-05,-1e-05,1e-05,-2e-05,-1e-05,-0.00011,0.00019,0.00012,2
37801,1e-05,-1e-05,1e-05,-2e-05,-1e-05,-0.00011,0.00019,0.00012,2
37802,1e-05,-1e-05,1e-05,-2e-05,-1e-05,-0.00011,0.00019,0.00012,2
37803,1e-05,-1e-05,1e-05,-2e-05,-1e-05,-0.00011,0.00019,0.00012,2
37804,1e-05,-1e-05,1e-05,-2e-05,-1e-05,-0.00011,0.00019,0.00012,2
37805,1e-05,-1e-05,1e-05,-2e-05,-1e-05,-0.00011,0.00019,0.00012,2
37806,1e-05,-1e-05,1e-05,-2e-05,-1e-05,-0.00011,0.00019,0.00012,2
37807,1e-05,-1e-05,1e-05,-2e-05,-1e-05,-0.00011,0.00019,0.00012,2
37808,1e-05,-1e-05,1e-05,-2e-05,-1e-05,-0.00011,0.00019,0.00012,2
37809,1e-05,-1e-05,1e-05,-2e-05,-1e-05,-0.00011,0.00019,0.00012,2
37810,-0.00018,-0.0001,-0.00012,0.00061,-2e-05,-0.00034,0.0,-0.00027,2
37811,-0.00018,-0.0001,-0.00012,0.00061,-2e-05,-0.00034,0.0,-0.00027,2
37812,-0.00028,-0.00016,-4e-05,-0.00016,-9e-05,-0.00021,-0.00112,-0.00029,2
37813,-0.00028,-0.00016,-4e-05,-0.00016,-9e-05,-0.00021,-0.00112,-0.00029,2
37814,-0.00028,-0.00016,-4e-05,-0.00016,-9e-05,-0.00021,-0.00112,-0.00029,2
37815,-0.00028,-0.00016,-4e-05,-0.00016,-9e-05,-0.00021,-0.00112,-0.00029,2
37816,-0.00028,-0.00016,-4e-05,-0.00016,-9e-05,-0.00021,-0.00112,-0.00029,2
37817,-0.00028,-0.00016,-4e-05,-0.00016,-9e-05,-0.00021,-0.00112,-0.00029,2
37818,-0.00028,-0.00016,-4e-05,-0.00016,-9e-05,-0.00021,-0.00112,-0.00029,2
37819,-0.00028,-0.00016,-4e-05,-0.00016,-9e-05,-0.00021,-0.00112,-0.00029,2
37820,-0.00028,-0.00016,-4e-05,-0.00016,-9e-05,-0.00021,-0.00112,-0.00029,2
37821,-0.00028,-0.00016,-4e-05,-0.00016,-9e-05,-0.00021,-0.00112,-0.00029,2
37822,-0.00028,-0.00016,-4e-05,-0.00016,-9e-05,-0.00021,-0.00112,-0.00029,2
37823,-0.00028,-0.00016,-4e-05,-0.00016,-9e-05,-0.00021,-0.00112,-0.00029,2
37824,-0.00028,-0.00016,-4e-05,-0.00016,-9e-05,-0.00021,-0.00112,-0.00029,2
37825,-0.00028,-0.00016,-4e-05,-0.00016,-9e-05,-0.00021,-0.00112,-0.00029,2
37826,-0.00028,-0.00016,-4e-05,-0.00016,-9e-05,-0.00021,-0.00112,-0.00029,2
37827,-0.00028,-0.00016,-4e-05,-0.00016,-9e-05,-0.00021,-0.00112,-0.00029,2
37828,-0.00028,-0.00016,-4e-05,-0.00016,-9e-05,-0.00021,-0.00112,-0.00029,2
37829,-0.00028,-0.00016,-4e-05,-0.00016,-9e-05,-0.00021,-0.00112,-0.00029,2
37830,-0.00028,-0.00016,-4e-05,-0.00016,-9e-05,-0.00021,-0.00112,-0.00029,2
37831,-0.00028,-0.00016,-4e-05,-0.00016,-9e-05,-0.00021,-0.00112,-0.00029,2
37832,0.00025,0.0002,8e-05,0.00015,-2e-05,0.00068,0.00127,0.00035,2
37833,-7e-05,-3e-05,0.0,-8e-05,0.00018,-0.00017,-0.00032,0.0,2
37834,-0.00018,-0.00011,-0.00011,-8e-05,0.00012,-0.00015,-0.00109,-0.00023,2
37835,-0.00018,-0.00011,-0.00011,-8e-05,0.00012,-0.00015,-0.00109,-0.00023,2
37836,-0.00018,-0.00011,-0.00011,-8e-05,0.00012,-0.00015,-0.00109,-0.00023,2
37838,-0.00018,-0.00011,-0.00011,-8e-05,0.00012,-0.00015,-0.00109,-0.00023,2
37839,-0.00018,-0.00011,-0.00011,-8e-05,0.00012,-0.00015,-0.00109,-0.00023,2
37840,-0.00018,-0.00011,-0.00011,-8e-05,0.00012,-0.00015,-0.00109,-0.00023,2
37841,-0.00018,-0.00011,-0.00011,-8e-05,0.00012,-0.00015,-0.00109,-0.00023,2
37842,-0.00018,-0.00011,-0.00011,-8e-05,0.00012,-0.00015,-0.00109,-0.00023,2
37843,-0.00018,-0.00011,-0.00011,-8e-05,0.00012,-0.00015,-0.00109,-0.00023,2
37844,-0.00018,-0.00011,-0.00011,-8e-05,0.00012,-0.00015,-0.00109,-0.00023,2
37845,-0.00018,-0.00011,-0.00011,-8e-05,0.00012,-0.00015,-0.00109,-0.00023,2
37846,-0.00018,-0.00011,-0.00011,-8e-05,0.00012,-0.00015,-0.00109,-0.00023,2
37847,-0.00018,-0.00011,-0.00011,-8e-05,0.00012,-0.00015,-0.00109,-0.00023,2
37848,-0.00018,-0.00011,-0.00011,-8e-05,0.00012,-0.00015,-0.00109,-0.00023,2
37849,-0.00018,-0.00011,-0.00011,-8e-05,0.00012,-0.00015,-0.00109,-0.00023,2
37850,-0.00018,-0.00011,-0.00011,-8e-05,0.00012,-0.00015,-0.00109,-0.00023,2
37851,-0.00018,-0.00011,-0.00011,-8e-05,0.00012,-0.00015,-0.00109,-0.00023,2
37852,-0.00018,-0.00011,-0.00011,-8e-05,0.00012,-0.00015,-0.00109,-0.00023,2
37853,-0.00018,-0.00011,-0.00011,-8e-05,0.00012,-0.00015,-0.00109,-0.00023,2
37854,-0.00018,-0.00011,-0.00011,-8e-05,0.00012,-0.00015,-0.00109,-0.00023,2
37855,-0.00011,-2e-05,8e-05,-0.00027,-5e-05,-3e-05,0.00015,4e-05,2
37856,-0.00011,-2e-05,8e-05,-0.00027,-5e-05,-3e-05,0.00015,4e-05,2
37857,8e-05,8e-05,2e-05,-4e-05,-0.00016,-0.00011,-0.00011,1e-05,2
37858,8e-05,8e-05,2e-05,-4e-05,-0.00016,-0.00011,-0.00011,1e-05,2
37859,8e-05,8e-05,2e-05,-4e-05,-0.00016,-0.00011,-0.00011,1e-05,2
37860,8e-05,8e-05,2e-05,-4e-05,-0.00016,-0.00011,-0.00011,1e-05,2
37861,8e-05,8e-05,2e-05,-4e-05,-0.00016,-0.00011,-0.00011,1e-05,2
37862,8e-05,8e-05,2e-05,-4e-05,-0.00016,-0.00011,-0.00011,1e-05,2
37863,8e-05,8e-05,2e-05,-4e-05,-0.00016,-0.00011,-0.00011,1e-05,2
37864,8e-05,8e-05,2e-05,-4e-05,-0.00016,-0.00011,-0.00011,1e-05,2
37865,8e-05,8e-05,2e-05,-4e-05,-0.00016,-0.00011,-0.00011,1e-05,2
37866,8e-05,8e-05,2e-05,-4e-05,-0.00016,-0.00011,-0.00011,1e-05,2
37867,8e-05,8e-05,2e-05,-4e-05,-0.00016,-0.00011,-0.00011,1e-05,2
37868,8e-05,8e-05,2e-05,-4e-05,-0.00016,-0.00011,-0.00011,1e-05,2
37869,8e-05,8e-05,2e-05,-4e-05,-0.00016,-0.00011,-0.00011,1e-05,2
37870,8e-05,8e-05,2e-05,-4e-05,-0.00016,-0.00011,-0.00011,1e-05,2
37871,8e-05,8e-05,2e-05,-4e-05,-0.00016,-0.00011,-0.00011,1e-05,2
37872,8e-05,8e-05,2e-05,-4e-05,-0.00016,-0.00011,-0.00011,1e-05,2
37873,8e-05,8e-05,2e-05,-4e-05,-0.00016,-0.00011,-0.00011,1e-05,2
37874,8e-05,8e-05,2e-05,-4e-05,-0.00016,-0.00011,-0.00011,1e-05,2
37875,8e-05,8e-05,2e-05,-4e-05,-0.00016,-0.00011,-0.00011,1e-05,2
37876,8e-05,8e-05,2e-05,-4e-05,-0.00016,-0.00011,-0.00011,1e-05,2
37877,-9e-05,-9e-05,-5e-05,9e-05,0.00036,0.00011,-0.00025,-4e-05,2
37878,-3e-05,-3e-05,-5e-05,-0.00041,-0.00028,-0.00022,-0.00014,5e-05,2
37879,-0.00011,-7e-05,-0.00014,0.00019,-0.00013,-0.00042,-0.00043,-0.00017,2
37880,-0.00011,-7e-05,-0.00014,0.00019,-0.00013,-0.00042,-0.00043,-0.00017,2
37881,-0.00011,-7e-05,-0.00014,0.00019,-0.00013,-0.00042,-0.00043,-0.00017,2
37882,-0.00011,-7e-05,-0.00014,0.00019,-0.00013,-0.00042,-0.00043,-0.00017,2
37883,-0.00011,-7e-05,-0.00014,0.00019,-0.00013,-0.00042,-0.00043,-0.00017,2
37884,-0.00011,-7e-05,-0.00014,0.00019,-0.00013,-0.00042,-0.00043,-0.00017,2
37885,-0.00011,-7e-05,-0.00014,0.00019,-0.00013,-0.00042,-0.00043,-0.00017,2
37886,-0.00011,-7e-05,-0.00014,0.00019,-0.00013,-0.00042,-0.00043,-0.00017,2
37888,-0.00011,-7e-05,-0.00014,0.00019,-0.00013,-0.00042,-0.00043,-0.00017,2
37889,-0.00011,-7e-05,-0.00014,0.00019,-0.00013,-0.00042,-0.00043,-0.00017,2
37890,-0.00011,-7e-05,-0.00014,0.00019,-0.00013,-0.00042,-0.00043,-0.00017,2
37891,-0.00011,-7e-05,-0.00014,0.00019,-0.00013,-0.00042,-0.00043,-0.00017,2
37892,0.00024,0.00011,0.00015,0.00025,5e-05,0.00041,6e-05,0.00024,2
37893,-1e-05,-3e-05,-7e-05,-0.00014,6e-05,6e-05,0.00023,5e-05,2
37894,7e-05,5e-05,2e-05,-0.00023,-0.00026,2e-05,0.00018,-7e-05,2
37895,7e-05,5e-05,2e-05,-0.00023,-0.00026,2e-05,0.00018,-7e-05,2
37896,7e-05,5e-05,2e-05,-0.00023,-0.00026,2e-05,0.00018,-7e-05,2
37897,7e-05,5e-05,2e-05,-0.00023,-0.00026,2e-05,0.00018,-7e-05,2
37898,7e-05,5e-05,2e-05,-0.00023,-0.00026,2e-05,0.00018,-7e-05,2
37899,7e-05,5e-05,2e-05,-0.00023,-0.00026,2e-05,0.00018,-7e-05,2
37900,7e-05,5e-05,2e-05,-0.00023,-0.00026,2e-05,0.00018,-7e-05,2
37901,7e-05,5e-05,2e-05,-0.00023,-0.00026,2e-05,0.00018,-7e-05,2
37902,7e-05,5e-05,2e-05,-0.00023,-0.00026,2e-05,0.00018,-7e-05,2
37903,7e-05,5e-05,2e-05,-0.00023,-0.00026,2e-05,0.00018,-7e-05,2
37904,7e-05,5e-05,2e-05,-0.00023,-0.00026,2e-05,0.00018,-7e-05,2
37905,7e-05,5e-05,2e-05,-0.00023,-0.00026,2e-05,0.00018,-7e-05,2
37906,7e-05,5e-05,2e-05,-0.00023,-0.00026,2e-05,0.00018,-7e-05,2
37907,0.00035,0.00019,0.00017,-3e-05,8e-05,-0.00028,0.00061,-5e-05,2
37908,0.00035,0.00019,0.00017,-3e-05,8e-05,-0.00028,0.00061,-5e-05,2
37909,0.00035,0.00019,0.00017,-3e-05,8e-05,-0.00028,0.00061,-5e-05,2
37910,0.00035,0.00019,0.00017,-3e-05,8e-05,-0.00028,0.00061,-5e-05,2
37911,0.00035,0.00019,0.00017,-3e-05,8e-05,-0.00028,0.00061,-5e-05,2
37912,0.00035,0.00019,0.00017,-3e-05,8e-05,-0.00028,0.00061,-5e-05,2
37913,0.00035,0.00019,0.00017,-3e-05,8e-05,-0.00028,0.00061,-5e-05,2
37914,5e-05,0.0,-4e-05,-6e-05,0.0001,0.0,0.00062,0.00015,2
37915,5e-05,0.0,-4e-05,-6e-05,0.0001,0.0,0.00062,0.00015,2
37916,5e-05,0.0,-4e-05,-6e-05,0.0001,0.0,0.00062,0.00015,2
37917,5e-05,0.0,-4e-05,-6e-05,0.0001,0.0,0.00062,0.00015,2
37918,5e-05,0.0,-4e-05,-6e-05,0.0001,0.0,0.00062,0.00015,2
37919,5e-05,0.0,-4e-05,-6e-05,0.0001,0.0,0.00062,0.00015,2
37920,5e-05,0.0,-4e-05,-6e-05,0.0001,0.0,0.00062,0.00015,2
37921,5e-05,0.0,-4e-05,-6e-05,0.0001,0.0,0.00062,0.00015,2
37922,5e-05,0.0,-4e-05,-6e-05,0.0001,0.0,0.00062,0.00015,2
37923,5e-05,0.0,-4e-05,-6e-05,0.0001,0.0,0.00062,0.00015,2
37924,5e-05,0.0,-4e-05,-6e-05,0.0001,0.0,0.00062,0.00015,2
37925,5e-05,0.0,-4e-05,-6e-05,0.0001,0.0,0.00062,0.00015,2
37926,5e-05,0.0,-4e-05,-6e-05,0.0001,0.0,0.00062,0.00015,2
37927,5e-05,0.0,-4e-05,-6e-05,0.0001,0.0,0.00062,0.00015,2
37928,5e-05,0.0,-4e-05,-6e-05,0.0001,0.0,0.00062,0.00015,2
37929,5e-05,0.0,-4e-05,-6e-05,0.0001,0.0,0.00062,0.00015,2
37930,-7e-05,-4e-05,-1e-05,2e-05,0.0,0.00026,-0.00055,9e-05,2
37931,-7e-05,-4e-05,-1e-05,2e-05,0.0,0.00026,-0.00055,9e-05,2
37932,0.00011,-1e-05,-6e-05,0.00046,3e-05,6e-05,0.00042,0.00024,2
37933,0.00011,-1e-05,-6e-05,0.00046,3e-05,6e-05,0.00042,0.00024,2
37934,0.00011,-1e-05,-6e-05,0.00046,3e-05,6e-05,0.00042,0.00024,2
37935,0.00011,-1e-05,-6e-05,0.00046,3e-05,6e-05,0.00042,0.00024,2
37936,0.00011,-1e-05,-6e-05,0.00046,3e-05,6e-05,0.00042,0.00024,2
37938,0.00011,-1e-05,-6e-05,0.00046,3e-05,6e-05,0.00042,0.00024,2
37939,0.00011,-1e-05,-6e-05,0.00046,3e-05,6e-05,0.00042,0.00024,2
37940,0.00011,-1e-05,-6e-05,0.00046,3e-05,6e-05,0.00042,0.00024,2
37941,0.00011,-1e-05,-6e-05,0.00046,3e-05,6e-05,0.00042,0.00024,2
37942,0.00011,-1e-05,-6e-05,0.00046,3e-05,6e-05,0.00042,0.00024,2
37943,0.00011,-1e-05,-6e-05,0.00046,3e-05,6e-05,0.00042,0.00024,2
37944,0.00011,-1e-05,-6e-05,0.00046,3e-05,6e-05,0.00042,0.00024,2
37945,0.00011,-1e-05,-6e-05,0.00046,3e-05,6e-05,0.00042,0.00024,2
37946,0.00011,-1e-05,-6e-05,0.00046,3e-05,6e-05,0.00042,0.00024,2
37947,0.00011,-1e-05,-6e-05,0.00046,3e-05,6e-05,0.00042,0.00024,2
37948,0.00011,-1e-05,-6e-05,0.00046,3e-05,6e-05,0.00042,0.00024,2
37949,0.00011,-1e-05,-6e-05,0.00046,3e-05,6e-05,0.00042,0.00024,2
37950,0.00011,-1e-05,-6e-05,0.00046,3e-05,6e-05,0.00042,0.00024,2
37951,0.00011,-1e-05,-6e-05,0.00046,3e-05,6e-05,0.00042,0.00024,2
37952,0.00011,-1e-05,-6e-05,0.00046,3e-05,6e-05,0.00042,0.00024,2
37953,-5e-05,-7e-05,-3e-05,0.00028,0.0003,0.0003,0.00021,-5e-05,2
37954,8e-05,-3e-05,-5e-05,0.00018,3e-05,-0.00012,-9e-05,-3e-05,2
37955,8e-05,-3e-05,-5e-05,0.00018,3e-05,-0.00012,-9e-05,-3e-05,2
37956,8e-05,-3e-05,-5e-05,0.00018,3e-05,-0.00012,-9e-05,-3e-05,2
37957,8e-05,-3e-05,-5e-05,0.00018,3e-05,-0.00012,-9e-05,-3e-05,2
37958,8e-05,-3e-05,-5e-05,0.00018,3e-05,-0.00012,-9e-05,-3e-05,2
37959,8e-05,-3e-05,-5e-05,0.00018,3e-05,-0.00012,-9e-05,-3e-05,2
37960,8e-05,-3e-05,-5e-05,0.00018,3e-05,-0.00012,-9e-05,-3e-05,2
37961,8e-05,-3e-05,-5e-05,0.00018,3e-05,-0.00012,-9e-05,-3e-05,2
37962,8e-05,-3e-05,-5e-05,0.00018,3e-05,-0.00012,-9e-05,-3e-05,2
37963,8e-05,-3e-05,-5e-05,0.00018,3e-05,-0.00012,-9e-05,-3e-05,2
37964,8e-05,-3e-05,-5e-05,0.00018,3e-05,-0.00012,-9e-05,-3e-05,2
37965,8e-05,-3e-05,-5e-05,0.00018,3e-05,-0.00012,-9e-05,-3e-05,2
37966,8e-05,-3e-05,-5e-05,0.00018,3e-05,-0.00012,-9e-05,-3e-05,2
37967,8e-05,-3e-05,-5e-05,0.00018,3e-05,-0.00012,-9e-05,-3e-05,2
37968,8e-05,-3e-05,-5e-05,0.00018,3e-05,-0.00012,-9e-05,-3e-05,2
37969,8e-05,-3e-05,-5e-05,0.00018,3e-05,-0.00012,-9e-05,-3e-05,2
37970,8e-05,-3e-05,-5e-05,0.00018,3e-05,-0.00012,-9e-05,-3e-05,2
37971,8e-05,-3e-05,-5e-05,0.00018,3e-05,-0.00012,-9e-05,-3e-05,2
37972,8e-05,-3e-05,-5e-05,0.00018,3e-05,-0.00012,-9e-05,-3e-05,2
37973,8e-05,-3e-05,-5e-05,0.00018,3e-05,-0.00012,-9e-05,-3e-05,2
37974,8e-05,-3e-05,-5e-05,0.00018,3e-05,-0.00012,-9e-05,-3e-05,2
37975,-4e-05,-5e-05,-0.0001,0.0002,4e-05,0.0001,-0.00016,0.0,2
37976,-4e-05,-5e-05,-0.0001,0.0002,4e-05,0.0001,-0.00016,0.0,2
37977,2e-05,1e-05,3e-05,-9e-05,0.00022,-2e-05,0.00068,-3e-05,2
37978,2e-05,1e-05,3e-05,-9e-05,0.00022,-2e-05,0.00068,-3e-05,2
37979,2e-05,1e-05,3e-05,-9e-05,0.00022,-2e-05,0.00068,-3e-05,2
37980,2e-05,1e-05,3e-05,-9e-05,0.00022,-2e-05,0.00068,-3e-05,2
37981,2e-05,1e-05,3e-05,-9e-05,0.00022,-2e-05,0.00068,-3e-05,2
37982,2e-05,1e-05,3e-05,-9e-05,0.00022,-2e-05,0.00068,-3e-05,2
37983,2e-05,1e-05,3e-05,-9e-05,0.00022,-2e-05,0.00068,-3e-05,2
37984,2e-05,1e-05,3e-05,-9e-05,0.00022,-2e-05,0.00068,-3e-05,2
37985,2e-05,1e-05,3e-05,-9e-05,0.00022,-2e-05,0.00068,-3e-05,2
37986,2e-05,1e-05,3e-05,-9e-05,0.00022,-2e-05,0.00068,-3e-05,2
37989,2e-05,1e-05,3e-05,-9e-05,0.00022,-2e-05,0.00068,-3e-05,2
37990,2e-05,1e-05,3e-05,-9e-05,0.00022,-2e-05,0.00068,-3e-05,2
37991,2e-05,1e-05,3e-05,-9e-05,0.00022,-2e-05,0.00068,-3e-05,2
37992,2e-05,1e-05,3e-05,-9e-05,0.00022,-2e-05,0.00068,-3e-05,2
37993,2e-05,1e-05,3e-05,-9e-05,0.00022,-2e-05,0.00068,-3e-05,2
37994,2e-05,1e-05,3e-05,-9e-05,0.00022,-2e-05,0.00068,-3e-05,2
37995,2e-05,1e-05,3e-05,-9e-05,0.00022,-2e-05,0.00068,-3e-05,2
37996,2e-05,1e-05,3e-05,-9e-05,0.00022,-2e-05,0.00068,-3e-05,2
37997,-8e-05,1e-05,1e-05,-0.00049,-0.00012,0.00026,-0.00034,-0.00013,2
37998,-7e-05,-7e-05,1e-05,0.00032,0.00013,0.0,-6e-05,0.0,2
37999,8e-05,3e-05,2e-05,-0.0003,2e-05,-0.00018,-0.00035,-1e-05,2
38000,8e-05,3e-05,2e-05,-0.0003,2e-05,-0.00018,-0.00035,-1e-05,2
38001,8e-05,3e-05,2e-05,-0.0003,2e-05,-0.00018,-0.00035,-1e-05,2
38002,8e-05,3e-05,2e-05,-0.0003,2e-05,-0.00018,-0.00035,-1e-05,2
38003,8e-05,3e-05,2e-05,-0.0003,2e-05,-0.00018,-0.00035,-1e-05,2
38004,8e-05,3e-05,2e-05,-0.0003,2e-05,-0.00018,-0.00035,-1e-05,2
38005,8e-05,3e-05,2e-05,-0.0003,2e-05,-0.00018,-0.00035,-1e-05,2
38006,8e-05,3e-05,2e-05,-0.0003,2e-05,-0.00018,-0.00035,-1e-05,2
38007,8e-05,3e-05,2e-05,-0.0003,2e-05,-0.00018,-0.00035,-1e-05,2
38008,8e-05,3e-05,2e-05,-0.0003,2e-05,-0.00018,-0.00035,-1e-05,2
38009,8e-05,3e-05,2e-05,-0.0003,2e-05,-0.00018,-0.00035,-1e-05,2
38010,8e-05,3e-05,2e-05,-0.0003,2e-05,-0.00018,-0.00035,-1e-05,2
38011,8e-05,3e-05,2e-05,-0.0003,2e-05,-0.00018,-0.00035,-1e-05,2
38012,8e-05,-1e-05,2e-05,0.00035,2e-05,-0.0003,-0.0002,-1e-05,2
38013,-1e-05,-1e-05,-6e-05,-0.0005,-0.00015,9e-05,0.00031,8e-05,2
38014,-9e-05,-5e-05,1e-05,-2e-05,-2e-05,7e-05,1e-05,5e-05,2
38015,-9e-05,-5e-05,1e-05,-2e-05,-2e-05,7e-05,1e-05,5e-05,2
38016,-9e-05,-5e-05,1e-05,-2e-05,-2e-05,7e-05,1e-05,5e-05,2
38017,-9e-05,-5e-05,1e-05,-2e-05,-2e-05,7e-05,1e-05,5e-05,2
38018,-9e-05,-5e-05,1e-05,-2e-05,-2e-05,7e-05,1e-05,5e-05,2
38019,-9e-05,-5e-05,1e-05,-2e-05,-2e-05,7e-05,1e-05,5e-05,2
38020,-9e-05,-5e-05,1e-05,-2e-05,-2e-05,7e-05,1e-05,5e-05,2
38021,-9e-05,-5e-05,1e-05,-2e-05,-2e-05,7e-05,1e-05,5e-05,2
38022,-9e-05,-5e-05,1e-05,-2e-05,-2e-05,7e-05,1e-05,5e-05,2
38023,-9e-05,-5e-05,1e-05,-2e-05,-2e-05,7e-05,1e-05,5e-05,2
38024,-9e-05,-5e-05,1e-05,-2e-05,-2e-05,7e-05,1e-05,5e-05,2
38025,-9e-05,-5e-05,1e-05,-2e-05,-2e-05,7e-05,1e-05,5e-05,2
38026,5e-05,-3e-05,-9e-05,0.00042,0.00012,-6e-05,-0.00036,-1e-05,2
38027,5e-05,-3e-05,-9e-05,0.00042,0.00012,-6e-05,-0.00036,-1e-05,2
38028,5e-05,-3e-05,-9e-05,0.00042,0.00012,-6e-05,-0.00036,-1e-05,2
38029,5e-05,-3e-05,-9e-05,0.00042,0.00012,-6e-05,-0.00036,-1e-05,2
38030,5e-05,-3e-05,-9e-05,0.00042,0.00012,-6e-05,-0.00036,-1e-05,2
38031,5e-05,-3e-05,-9e-05,0.00042,0.00012,-6e-05,-0.00036,-1e-05,2
38032,5e-05,-3e-05,-9e-05,0.00042,0.00012,-6e-05,-0.00036,-1e-05,2
38033,5e-05,-3e-05,-9e-05,0.00042,0.00012,-6e-05,-0.00036,-1e-05,2
38034,5e-05,-3e-05,-9e-05,0.00042,0.00012,-6e-05,-0.00036,-1e-05,2
38035,-6e-05,-3e-05,7e-05,-8e-05,-0.00013,-3e-05,0.00074,0.0001,2
38036,-6e-05,-3e-05,7e-05,-8e-05,-0.00013,-3e-05,0.00074,0.0001,2
38039,-6e-05,-3e-05,7e-05,-8e-05,-0.00013,-3e-05,0.00074,0.0001,2
38040,-6e-05,-3e-05,7e-05,-8e-05,-0.00013,-3e-05,0.00074,0.0001,2
38041,-6e-05,-3e-05,7e-05,-8e-05,-0.00013,-3e-05,0.00074,0.0001,2
38042,-6e-05,-3e-05,7e-05,-8e-05,-0.00013,-3e-05,0.00074,0.0001,2
38043,-6e-05,-3e-05,7e-05,-8e-05,-0.00013,-3e-05,0.00074,0.0001,2
38044,-6e-05,-3e-05,7e-05,-8e-05,-0.00013,-3e-05,0.00074,0.0001,2
38045,-6e-05,-3e-05,7e-05,-8e-05,-0.00013,-3e-05,0.00074,0.0001,2
38046,-6e-05,-3e-05,7e-05,-8e-05,-0.00013,-3e-05,0.00074,0.0001,2
38047,-6e-05,-3e-05,7e-05,-8e-05,-0.00013,-3e-05,0.00074,0.0001,2
38048,-6e-05,-3e-05,7e-05,-8e-05,-0.00013,-3e-05,0.00074,0.0001,2
38049,-6e-05,-3e-05,7e-05,-8e-05,-0.00013,-3e-05,0.00074,0.0001,2
38050,-4e-05,-3e-05,-5e-05,6e-05,-0.00016,-0.00016,0.0001,-3e-05,2
38051,-4e-05,-3e-05,-5e-05,6e-05,-0.00016,-0.00016,0.0001,-3e-05,2
38052,4e-05,5e-05,5e-05,9e-05,1e-05,0.0004,5e-05,-1e-05,2
38053,4e-05,5e-05,5e-05,9e-05,1e-05,0.0004,5e-05,-1e-05,2
38054,4e-05,5e-05,5e-05,9e-05,1e-05,0.0004,5e-05,-1e-05,2
38055,4e-05,5e-05,5e-05,9e-05,1e-05,0.0004,5e-05,-1e-05,2
38056,4e-05,5e-05,5e-05,9e-05,1e-05,0.0004,5e-05,-1e-05,2
38057,4e-05,5e-05,5e-05,9e-05,1e-05,0.0004,5e-05,-1e-05,2
38058,4e-05,5e-05,5e-05,9e-05,1e-05,0.0004,5e-05,-1e-05,2
38059,4e-05,5e-05,5e-05,9e-05,1e-05,0.0004,5e-05,-1e-05,2
38060,4e-05,5e-05,5e-05,9e-05,1e-05,0.0004,5e-05,-1e-05,2
38061,4e-05,5e-05,5e-05,9e-05,1e-05,0.0004,5e-05,-1e-05,2
38062,4e-05,5e-05,5e-05,9e-05,1e-05,0.0004,5e-05,-1e-05,2
38063,4e-05,5e-05,5e-05,9e-05,1e-05,0.0004,5e-05,-1e-05,2
38064,4e-05,5e-05,5e-05,9e-05,1e-05,0.0004,5e-05,-1e-05,2
38065,4e-05,5e-05,5e-05,9e-05,1e-05,0.0004,5e-05,-1e-05,2
38066,4e-05,5e-05,5e-05,9e-05,1e-05,0.0004,5e-05,-1e-05,2
38067,4e-05,5e-05,5e-05,9e-05,1e-05,0.0004,5e-05,-1e-05,2
38068,4e-05,5e-05,5e-05,9e-05,1e-05,0.0004,5e-05,-1e-05,2
38069,4e-05,5e-05,5e-05,9e-05,1e-05,0.0004,5e-05,-1e-05,2
38070,4e-05,5e-05,5e-05,9e-05,1e-05,0.0004,5e-05,-1e-05,2
38071,4e-05,5e-05,5e-05,9e-05,1e-05,0.0004,5e-05,-1e-05,2
38072,4e-05,5e-05,5e-05,9e-05,1e-05,0.0004,5e-05,-1e-05,2
38073,-0.00011,-3e-05,1e-05,-0.00024,-0.00021,-0.00021,0.00011,0.00011,2
38074,-0.00011,-3e-05,1e-05,-0.00024,-0.00021,-0.00021,0.00011,0.00011,2
38075,-2e-05,-1e-05,-4e-05,-4e-05,0.00019,0.00045,0.00039,-3e-05,2
38076,-2e-05,-1e-05,-4e-05,-4e-05,0.00019,0.00045,0.00039,-3e-05,2
38077,-2e-05,-1e-05,-4e-05,-4e-05,0.00019,0.00045,0.00039,-3e-05,2
38078,-2e-05,-1e-05,-4e-05,-4e-05,0.00019,0.00045,0.00039,-3e-05,2
38079,-2e-05,-1e-05,-4e-05,-4e-05,0.00019,0.00045,0.00039,-3e-05,2
38080,-2e-05,-1e-05,-4e-05,-4e-05,0.00019,0.00045,0.00039,-3e-05,2
38081,-2e-05,-1e-05,-4e-05,-4e-05,0.00019,0.00045,0.00039,-3e-05,2
38082,-2e-05,-1e-05,-4e-05,-4e-05,0.00019,0.00045,0.00039,-3e-05,2
38083,-2e-05,-1e-05,-4e-05,-4e-05,0.00019,0.00045,0.00039,-3e-05,2
38084,-2e-05,-1e-05,-4e-05,-4e-05,0.00019,0.00045,0.00039,-3e-05,2
38085,-2e-05,-1e-05,-4e-05,-4e-05,0.00019,0.00045,0.00039,-3e-05,2
38086,-2e-05,-1e-05,-4e-05,-4e-05,0.00019,0.00045,0.00039,-3e-05,2
38088,-3e-05,-3e-05,-0.0002,-4e-05,-0.00013,2e-05,-0.00023,4e-05,2
38089,-3e-05,-3e-05,-0.0002,-4e-05,-0.00013,2e-05,-0.00023,4e-05,2
38090,-3e-05,-3e-05,-0.0002,-4e-05,-0.00013,2e-05,-0.00023,4e-05,2
38091,-3e-05,-3e-05,-0.0002,-4e-05,-0.00013,2e-05,-0.00023,4e-05,2
38092,-3e-05,-3e-05,-0.0002,-4e-05,-0.00013,2e-05,-0.00023,4e-05,2
38093,-3e-05,-3e-05,-0.0002,-4e-05,-0.00013,2e-05,-0.00023,4e-05,2
38094,-3e-05,-3e-05,-0.0002,-4e-05,-0.00013,2e-05,-0.00023,4e-05,2
38095,-8e-05,-9e-05,-6e-05,-0.00016,7e-05,4e-05,-0.00031,-8e-05,2
38096,-8e-05,-9e-05,-6e-05,-0.00016,7e-05,4e-05,-0.00031,-8e-05,2
38097,-8e-05,-9e-05,-6e-05,-0.00016,7e-05,4e-05,-0.00031,-8e-05,2
38098,-8e-05,-9e-05,-6e-05,-0.00016,7e-05,4e-05,-0.00031,-8e-05,2
38099,-8e-05,-9e-05,-6e-05,-0.00016,7e-05,4e-05,-0.00031,-8e-05,2
38100,-8e-05,-9e-05,-6e-05,-0.00016,7e-05,4e-05,-0.00031,-8e-05,2
38101,-8e-05,-9e-05,-6e-05,-0.00016,7e-05,4e-05,-0.00031,-8e-05,2
38102,-8e-05,-9e-05,-6e-05,-0.00016,7e-05,4e-05,-0.00031,-8e-05,2
38103,-8e-05,-9e-05,-6e-05,-0.00016,7e-05,4e-05,-0.00031,-8e-05,2
38104,-8e-05,-9e-05,-6e-05,-0.00016,7e-05,4e-05,-0.00031,-8e-05,2
38105,-8e-05,-9e-05,-6e-05,-0.00016,7e-05,4e-05,-0.00031,-8e-05,2
38106,-8e-05,-9e-05,-6e-05,-0.00016,7e-05,4e-05,-0.00031,-8e-05,2
38107,-8e-05,-9e-05,-6e-05,-0.00016,7e-05,4e-05,-0.00031,-8e-05,2
38108,-8e-05,-9e-05,-6e-05,-0.00016,7e-05,4e-05,-0.00031,-8e-05,2
38109,-8e-05,-9e-05,-6e-05,-0.00016,7e-05,4e-05,-0.00031,-8e-05,2
38110,-4e-05,-3e-05,5e-05,-0.0004,-0.00027,-0.00035,-0.00072,-2e-05,2
38111,-4e-05,-3e-05,5e-05,-0.0004,-0.00027,-0.00035,-0.00072,-2e-05,2
38112,1e-05,1e-05,7e-05,-0.00028,-0.00014,-5e-05,-0.00013,-8e-05,2
38113,1e-05,1e-05,7e-05,-0.00028,-0.00014,-5e-05,-0.00013,-8e-05,2
38114,1e-05,1e-05,7e-05,-0.00028,-0.00014,-5e-05,-0.00013,-8e-05,2
38115,1e-05,1e-05,7e-05,-0.00028,-0.00014,-5e-05,-0.00013,-8e-05,2
38116,1e-05,1e-05,7e-05,-0.00028,-0.00014,-5e-05,-0.00013,-8e-05,2
38117,1e-05,1e-05,7e-05,-0.00028,-0.00014,-5e-05,-0.00013,-8e-05,2
38118,1e-05,1e-05,7e-05,-0.00028,-0.00014,-5e-05,-0.00013,-8e-05,2
38119,1e-05,1e-05,7e-05,-0.00028,-0.00014,-5e-05,-0.00013,-8e-05,2
38120,1e-05,1e-05,7e-05,-0.00028,-0.00014,-5e-05,-0.00013,-8e-05,2
38121,1e-05,1e-05,7e-05,-0.00028,-0.00014,-5e-05,-0.00013,-8e-05,2
38122,1e-05,1e-05,7e-05,-0.00028,-0.00014,-5e-05,-0.00013,-8e-05,2
38123,1e-05,1e-05,7e-05,-0.00028,-0.00014,-5e-05,-0.00013,-8e-05,2
38124,1e-05,1e-05,7e-05,-0.00028,-0.00014,-5e-05,-0.00013,-8e-05,2
38125,1e-05,1e-05,7e-05,-0.00028,-0.00014,-5e-05,-0.00013,-8e-05,2
38126,1e-05,1e-05,7e-05,-0.00028,-0.00014,-5e-05,-0.00013,-8e-05,2
38127,1e-05,1e-05,7e-05,-0.00028,-0.00014,-5e-05,-0.00013,-8e-05,2
38128,1e-05,1e-05,7e-05,-0.00028,-0.00014,-5e-05,-0.00013,-8e-05,2
38129,1e-05,1e-05,7e-05,-0.00028,-0.00014,-5e-05,-0.00013,-8e-05,2
38130,1e-05,1e-05,7e-05,-0.00028,-0.00014,-5e-05,-0.00013,-8e-05,2
38131,1e-05,1e-05,7e-05,-0.00028,-0.00014,-5e-05,-0.00013,-8e-05,2
38132,1e-05,1e-05,7e-05,-0.00028,-0.00014,-5e-05,-0.00013,-8e-05,2
38133,0.00013,0.0,1e-05,-0.00024,-8e-05,8e-05,-0.00049,-6e-05,2
38134,0.00013,0.0,1e-05,-0.00024,-8e-05,8e-05,-0.00049,-6e-05,2
38135,-7e-05,-7e-05,-0.0002,0.00022,0.00013,0.0002,0.00065,3e-05,2
38136,-7e-05,-7e-05,-0.0002,0.00022,0.00013,0.0002,0.00065,3e-05,2
38138,-7e-05,-7e-05,-0.0002,0.00022,0.00013,0.0002,0.00065,3e-05,2
38139,-7e-05,-7e-05,-0.0002,0.00022,0.00013,0.0002,0.00065,3e-05,2
38140,-7e-05,-7e-05,-0.0002,0.00022,0.00013,0.0002,0.00065,3e-05,2
38141,-7e-05,-7e-05,-0.0002,0.00022,0.00013,0.0002,0.00065,3e-05,2
38142,-7e-05,-7e-05,-0.0002,0.00022,0.00013,0.0002,0.00065,3e-05,2
38143,-7e-05,-7e-05,-0.0002,0.00022,0.00013,0.0002,0.00065,3e-05,2
38144,-7e-05,-7e-05,-0.0002,0.00022,0.00013,0.0002,0.00065,3e-05,2
38145,-7e-05,-7e-05,-0.0002,0.00022,0.00013,0.0002,0.00065,3e-05,2
38146,1e-05,0.0,2e-05,0.00023,-6e-05,-0.00022,0.00125,6e-05,2
38147,1e-05,0.0,2e-05,0.00023,-6e-05,-0.00022,0.00125,6e-05,2
38148,1e-05,0.0,2e-05,0.00023,-6e-05,-0.00022,0.00125,6e-05,2
38149,1e-05,0.0,2e-05,0.00023,-6e-05,-0.00022,0.00125,6e-05,2
38150,1e-05,0.0,2e-05,0.00023,-6e-05,-0.00022,0.00125,6e-05,2
38151,1e-05,0.0,2e-05,0.00023,-6e-05,-0.00022,0.00125,6e-05,2
38152,1e-05,0.0,2e-05,0.00023,-6e-05,-0.00022,0.00125,6e-05,2
38153,1e-05,0.0,2e-05,0.00023,-6e-05,-0.00022,0.00125,6e-05,2
38154,1e-05,0.0,2e-05,0.00023,-6e-05,-0.00022,0.00125,6e-05,2
38155,3e-05,3e-05,6e-05,0.00063,0.00017,-5e-05,-0.00025,1e-05,2
38156,3e-05,3e-05,6e-05,0.00063,0.00017,-5e-05,-0.00025,1e-05,2
38157,3e-05,3e-05,6e-05,0.00063,0.00017,-5e-05,-0.00025,1e-05,2
38158,3e-05,3e-05,6e-05,0.00063,0.00017,-5e-05,-0.00025,1e-05,2
38159,3e-05,3e-05,6e-05,0.00063,0.00017,-5e-05,-0.00025,1e-05,2
38160,3e-05,3e-05,6e-05,0.00063,0.00017,-5e-05,-0.00025,1e-05,2
38161,3e-05,3e-05,6e-05,0.00063,0.00017,-5e-05,-0.00025,1e-05,2
38162,3e-05,3e-05,6e-05,0.00063,0.00017,-5e-05,-0.00025,1e-05,2
38163,3e-05,3e-05,6e-05,0.00063,0.00017,-5e-05,-0.00025,1e-05,2
38164,3e-05,3e-05,6e-05,0.00063,0.00017,-5e-05,-0.00025,1e-05,2
38165,3e-05,3e-05,6e-05,0.00063,0.00017,-5e-05,-0.00025,1e-05,2
38166,3e-05,3e-05,6e-05,0.00063,0.00017,-5e-05,-0.00025,1e-05,2
38167,3e-05,3e-05,6e-05,0.00063,0.00017,-5e-05,-0.00025,1e-05,2
38168,3e-05,3e-05,6e-05,0.00063,0.00017,-5e-05,-0.00025,1e-05,2
38169,3e-05,3e-05,6e-05,0.00063,0.00017,-5e-05,-0.00025,1e-05,2
38170,3e-05,3e-05,6e-05,0.00063,0.00017,-5e-05,-0.00025,1e-05,2
38171,-0.00014,1e-05,2e-05,-4e-05,0.00012,7e-05,-8e-05,-3e-05,2
38172,-0.00013,-5e-05,-0.00011,-0.00045,-8e-05,0.00017,0.00019,-0.00013,2
38173,-0.00013,-5e-05,-0.00011,-0.00045,-8e-05,0.00017,0.00019,-0.00013,2
38174,-0.00013,-5e-05,-0.00011,-0.00045,-8e-05,0.00017,0.00019,-0.00013,2
38175,-0.00013,-5e-05,-0.00011,-0.00045,-8e-05,0.00017,0.00019,-0.00013,2
38176,-0.00013,-5e-05,-0.00011,-0.00045,-8e-05,0.00017,0.00019,-0.00013,2
38177,-0.00013,-5e-05,-0.00011,-0.00045,-8e-05,0.00017,0.00019,-0.00013,2
38178,-0.00013,-5e-05,-0.00011,-0.00045,-8e-05,0.00017,0.00019,-0.00013,2
38179,-0.00013,-5e-05,-0.00011,-0.00045,-8e-05,0.00017,0.00019,-0.00013,2
38180,-0.00013,-5e-05,-0.00011,-0.00045,-8e-05,0.00017,0.00019,-0.00013,2
38181,-0.00013,-5e-05,-0.00011,-0.00045,-8e-05,0.00017,0.00019,-0.00013,2
38182,-0.00013,-5e-05,-0.00011,-0.00045,-8e-05,0.00017,0.00019,-0.00013,2
38183,-0.00013,-5e-05,-0.00011,-0.00045,-8e-05,0.00017,0.00019,-0.00013,2
38184,-0.00013,-5e-05,-0.00011,-0.00045,-8e-05,0.00017,0.00019,-0.00013,2
38185,-0.00013,-5e-05,-0.00011,-0.00045,-8e-05,0.00017,0.00019,-0.00013,2
38186,-0.00013,-5e-05,-0.00011,-0.00045,-8e-05,0.00017,0.00019,-0.00013,2
38188,-0.00013,-5e-05,-0.00011,-0.00045,-8e-05,0.00017,0.00019,-0.00013,2
38189,-0.00013,-5e-05,-0.00011,-0.00045,-8e-05,0.00017,0.00019,-0.00013,2
38190,-0.00013,-5e-05,-0.00011,-0.00045,-8e-05,0.00017,0.00019,-0.00013,2
38191,-0.00013,-5e-05,-0.00011,-0.00045,-8e-05,0.00017,0.00019,-0.00013,2
38192,1e-05,0.0,9e-05,0.00038,1e-05,-0.0003,-8e-05,0.00012,2
38193,-2e-05,2e-05,6e-05,-0.00014,0.00023,0.00045,-0.00041,-0.00011,2
38194,7e-05,3e-05,-0.00014,-0.00071,8e-05,-0.00024,-0.00069,2e-05,2
38195,7e-05,3e-05,-0.00014,-0.00071,8e-05,-0.00024,-0.00069,2e-05,2
38196,7e-05,3e-05,-0.00014,-0.00071,8e-05,-0.00024,-0.00069,2e-05,2
38197,7e-05,3e-05,-0.00014,-0.00071,8e-05,-0.00024,-0.00069,2e-05,2
38198,7e-05,3e-05,-0.00014,-0.00071,8e-05,-0.00024,-0.00069,2e-05,2
38199,7e-05,3e-05,-0.00014,-0.00071,8e-05,-0.00024,-0.00069,2e-05,2
38200,7e-05,3e-05,-0.00014,-0.00071,8e-05,-0.00024,-0.00069,2e-05,2
38201,7e-05,3e-05,-0.00014,-0.00071,8e-05,-0.00024,-0.00069,2e-05,2
38202,7e-05,3e-05,-0.00014,-0.00071,8e-05,-0.00024,-0.00069,2e-05,2
38203,7e-05,3e-05,-0.00014,-0.00071,8e-05,-0.00024,-0.00069,2e-05,2
38204,7e-05,3e-05,-0.00014,-0.00071,8e-05,-0.00024,-0.00069,2e-05,2
38206,-9e-05,-5e-05,2e-05,-0.00013,-4e-05,-0.00033,0.00036,8e-05,0
38207,-9e-05,-5e-05,2e-05,-0.00013,-4e-05,-0.00033,0.00036,8e-05,0
38208,-9e-05,-5e-05,2e-05,-0.00013,-4e-05,-0.00033,0.00036,8e-05,0
38209,-9e-05,-5e-05,2e-05,-0.00013,-4e-05,-0.00033,0.00036,8e-05,0
38210,-9e-05,-5e-05,2e-05,-0.00013,-4e-05,-0.00033,0.00036,8e-05,0
38211,-9e-05,-5e-05,2e-05,-0.00013,-4e-05,-0.00033,0.00036,8e-05,0
38212,-9e-05,-5e-05,2e-05,-0.00013,-4e-05,-0.00033,0.00036,8e-05,0
38213,-9e-05,-5e-05,2e-05,-0.00013,-4e-05,-0.00033,0.00036,8e-05,0
38214,-9e-05,-5e-05,2e-05,-0.00013,-4e-05,-0.00033,0.00036,8e-05,0
38215,7e-05,4e-05,0.0001,-8e-05,-0.0001,-0.00028,-0.00086,-3e-05,0
38216,7e-05,4e-05,0.0001,-8e-05,-0.0001,-0.00028,-0.00086,-3e-05,0
38217,7e-05,4e-05,0.0001,-8e-05,-0.0001,-0.00028,-0.00086,-3e-05,0
38218,7e-05,4e-05,0.0001,-8e-05,-0.0001,-0.00028,-0.00086,-3e-05,0
38219,7e-05,4e-05,0.0001,-8e-05,-0.0001,-0.00028,-0.00086,-3e-05,0
38220,7e-05,4e-05,0.0001,-8e-05,-0.0001,-0.00028,-0.00086,-3e-05,0
38221,7e-05,4e-05,0.0001,-8e-05,-0.0001,-0.00028,-0.00086,-3e-05,0
38222,7e-05,4e-05,0.0001,-8e-05,-0.0001,-0.00028,-0.00086,-3e-05,0
38223,7e-05,4e-05,0.0001,-8e-05,-0.0001,-0.00028,-0.00086,-3e-05,0
38224,7e-05,4e-05,0.0001,-8e-05,-0.0001,-0.00028,-0.00086,-3e-05,0
38225,7e-05,4e-05,0.0001,-8e-05,-0.0001,-0.00028,-0.00086,-3e-05,0
38226,7e-05,4e-05,0.0001,-8e-05,-0.0001,-0.00028,-0.00086,-3e-05,0
38227,7e-05,4e-05,0.0001,-8e-05,-0.0001,-0.00028,-0.00086,-3e-05,0
38228,7e-05,4e-05,0.0001,-8e-05,-0.0001,-0.00028,-0.00086,-3e-05,0
38229,7e-05,4e-05,0.0001,-8e-05,-0.0001,-0.00028,-0.00086,-3e-05,0
38230,-9e-05,1e-05,-4e-05,-6e-05,-0.00015,-0.00019,-0.00043,1e-05,0
38231,4e-05,-9e-05,-9e-05,-4e-05,0.00023,0.00031,0.00035,1e-05,0
38232,2e-05,9e-05,0.00013,-0.00017,-0.0001,-0.00058,-0.0008,-0.00013,0
38233,2e-05,9e-05,0.00013,-0.00017,-0.0001,-0.00058,-0.0008,-0.00013,0
38234,2e-05,9e-05,0.00013,-0.00017,-0.0001,-0.00058,-0.0008,-0.00013,0
38235,2e-05,9e-05,0.00013,-0.00017,-0.0001,-0.00058,-0.0008,-0.00013,0
38236,2e-05,9e-05,0.00013,-0.00017,-0.0001,-0.00058,-0.0008,-0.00013,0
38239,2e-05,9e-05,0.00013,-0.00017,-0.0001,-0.00058,-0.0008,-0.00013,0
38240,2e-05,9e-05,0.00013,-0.00017,-0.0001,-0.00058,-0.0008,-0.00013,0
38241,2e-05,9e-05,0.00013,-0.00017,-0.0001,-0.00058,-0.0008,-0.00013,0
38242,2e-05,9e-05,0.00013,-0.00017,-0.0001,-0.00058,-0.0008,-0.00013,0
38243,2e-05,9e-05,0.00013,-0.00017,-0.0001,-0.00058,-0.0008,-0.00013,0
38244,2e-05,9e-05,0.00013,-0.00017,-0.0001,-0.00058,-0.0008,-0.00013,0
38245,2e-05,9e-05,0.00013,-0.00017,-0.0001,-0.00058,-0.0008,-0.00013,0
38246,2e-05,9e-05,0.00013,-0.00017,-0.0001,-0.00058,-0.0008,-0.00013,0
38247,2e-05,9e-05,0.00013,-0.00017,-0.0001,-0.00058,-0.0008,-0.00013,0
38248,2e-05,9e-05,0.00013,-0.00017,-0.0001,-0.00058,-0.0008,-0.00013,0
38249,2e-05,9e-05,0.00013,-0.00017,-0.0001,-0.00058,-0.0008,-0.00013,0
38250,2e-05,9e-05,0.00013,-0.00017,-0.0001,-0.00058,-0.0008,-0.00013,0
38251,2e-05,9e-05,0.00013,-0.00017,-0.0001,-0.00058,-0.0008,-0.00013,0
38252,2e-05,9e-05,0.00013,-0.00017,-0.0001,-0.00058,-0.0008,-0.00013,0
38253,0.0002,0.00011,9e-05,-0.00016,-9e-05,0.00045,-0.00011,0.00013,0
38254,0.0002,0.00011,9e-05,-0.00016,-9e-05,0.00045,-0.00011,0.00013,0
38255,-8e-05,-1e-05,6e-05,0.00084,8e-05,2e-05,-0.00022,3e-05,0
38256,-8e-05,-1e-05,6e-05,0.00084,8e-05,2e-05,-0.00022,3e-05,0
38257,-8e-05,-1e-05,6e-05,0.00084,8e-05,2e-05,-0.00022,3e-05,0
38258,-8e-05,-1e-05,6e-05,0.00084,8e-05,2e-05,-0.00022,3e-05,0
38259,-8e-05,-1e-05,6e-05,0.00084,8e-05,2e-05,-0.00022,3e-05,0
38260,-8e-05,-1e-05,6e-05,0.00084,8e-05,2e-05,-0.00022,3e-05,0
38261,-8e-05,-1e-05,6e-05,0.00084,8e-05,2e-05,-0.00022,3e-05,0
38262,-8e-05,-1e-05,6e-05,0.00084,8e-05,2e-05,-0.00022,3e-05,0
38263,-8e-05,-1e-05,6e-05,0.00084,8e-05,2e-05,-0.00022,3e-05,0
38264,-8e-05,-1e-05,6e-05,0.00084,8e-05,2e-05,-0.00022,3e-05,0
38265,-8e-05,-1e-05,6e-05,0.00084,8e-05,2e-05,-0.00022,3e-05,0
38266,-8e-05,-8e-05,-4e-05,0.00027,0.00015,1e-05,4e-05,-7e-05,0
38267,-8e-05,-8e-05,-4e-05,0.00027,0.00015,1e-05,4e-05,-7e-05,0
38268,-8e-05,-8e-05,-4e-05,0.00027,0.00015,1e-05,4e-05,-7e-05,0
38269,-8e-05,-8e-05,-4e-05,0.00027,0.00015,1e-05,4e-05,-7e-05,0
38270,-8e-05,-8e-05,-4e-05,0.00027,0.00015,1e-05,4e-05,-7e-05,0
38271,-8e-05,-8e-05,-4e-05,0.00027,0.00015,1e-05,4e-05,-7e-05,0
38272,-8e-05,-8e-05,-4e-05,0.00027,0.00015,1e-05,4e-05,-7e-05,0
38273,-8e-05,-8e-05,-4e-05,0.00027,0.00015,1e-05,4e-05,-7e-05,0
38274,7e-05,1e-05,-1e-05,-0.0002,0.00014,4e-05,0.00011,0.00015,0
38275,-6e-05,-5e-05,-0.00011,-0.00038,-0.00024,-0.00016,0.00034,8e-05,0
38276,-6e-05,-5e-05,-0.00011,-0.00038,-0.00024,-0.00016,0.00034,8e-05,0
38277,-6e-05,-5e-05,-0.00011,-0.00038,-0.00024,-0.00016,0.00034,8e-05,0
38278,-6e-05,-5e-05,-0.00011,-0.00038,-0.00024,-0.00016,0.00034,8e-05,0
38279,-6e-05,-5e-05,-0.00011,-0.00038,-0.00024,-0.00016,0.00034,8e-05,0
38280,-6e-05,-5e-05,-0.00011,-0.00038,-0.00024,-0.00016,0.00034,8e-05,0
38281,-6e-05,-5e-05,-0.00011,-0.00038,-0.00024,-0.00016,0.00034,8e-05,0
38282,-6e-05,-5e-05,-0.00011,-0.00038,-0.00024,-0.00016,0.00034,8e-05,0
38283,-6e-05,-5e-05,-0.00011,-0.00038,-0.00024,-0.00016,0.00034,8e-05,0
38284,-6e-05,-5e-05,-0.00011,-0.00038,-0.00024,-0.00016,0.00034,8e-05,0
38285,-6e-05,-5e-05,-0.00011,-0.00038,-0.00024,-0.00016,0.00034,8e-05,0
38286,-6e-05,-5e-05,-0.00011,-0.00038,-0.00024,-0.00016,0.00034,8e-05,0
38289,-6e-05,-5e-05,-0.00011,-0.00038,-0.00024,-0.00016,0.00034,8e-05,0
38290,-0.00024,-0.00013,-5e-05,0.00035,6e-05,5e-05,-0.00076,-0.00026,0
38291,3e-05,0.0,-1e-05,0.00031,-0.0001,-7e-05,0.00023,-0.0002,0
38292,9e-05,-3e-05,-7e-05,9e-05,-0.00013,-0.00025,0.00058,0.00017,0
38293,9e-05,-3e-05,-7e-05,9e-05,-0.00013,-0.00025,0.00058,0.00017,0
38294,9e-05,-3e-05,-7e-05,9e-05,-0.00013,-0.00025,0.00058,0.00017,0
38295,9e-05,-3e-05,-7e-05,9e-05,-0.00013,-0.00025,0.00058,0.00017,0
38296,9e-05,-3e-05,-7e-05,9e-05,-0.00013,-0.00025,0.00058,0.00017,0
38297,9e-05,-3e-05,-7e-05,9e-05,-0.00013,-0.00025,0.00058,0.00017,0
38298,9e-05,-3e-05,-7e-05,9e-05,-0.00013,-0.00025,0.00058,0.00017,0
38299,9e-05,-3e-05,-7e-05,9e-05,-0.00013,-0.00025,0.00058,0.00017,0
38300,9e-05,-3e-05,-7e-05,9e-05,-0.00013,-0.00025,0.00058,0.00017,0
38301,9e-05,-3e-05,-7e-05,9e-05,-0.00013,-0.00025,0.00058,0.00017,0
38302,9e-05,-3e-05,-7e-05,9e-05,-0.00013,-0.00025,0.00058,0.00017,0
38303,9e-05,-3e-05,-7e-05,9e-05,-0.00013,-0.00025,0.00058,0.00017,0
38304,9e-05,-3e-05,-7e-05,9e-05,-0.00013,-0.00025,0.00058,0.00017,0
38305,9e-05,-3e-05,-7e-05,9e-05,-0.00013,-0.00025,0.00058,0.00017,0
38306,9e-05,-3e-05,-7e-05,9e-05,-0.00013,-0.00025,0.00058,0.00017,0
38307,9e-05,-3e-05,-7e-05,9e-05,-0.00013,-0.00025,0.00058,0.00017,0
38308,9e-05,-3e-05,-7e-05,9e-05,-0.00013,-0.00025,0.00058,0.00017,0
38309,9e-05,-3e-05,-7e-05,9e-05,-0.00013,-0.00025,0.00058,0.00017,0
38310,9e-05,-3e-05,-7e-05,9e-05,-0.00013,-0.00025,0.00058,0.00017,0
38311,9e-05,-3e-05,-7e-05,9e-05,-0.00013,-0.00025,0.00058,0.00017,0
38312,9e-05,-3e-05,-7e-05,9e-05,-0.00013,-0.00025,0.00058,0.00017,0
38313,-3e-05,-5e-05,-3e-05,-0.0001,-3e-05,1e-05,-0.00024,-7e-05,0
38314,-0.00011,-2e-05,4e-05,-0.00038,-0.00024,-0.00033,0.00034,-9e-05,0
38315,-0.00011,-2e-05,4e-05,-0.00038,-0.00024,-0.00033,0.00034,-9e-05,0
38316,-0.00011,-2e-05,4e-05,-0.00038,-0.00024,-0.00033,0.00034,-9e-05,0
38317,-0.00011,-2e-05,4e-05,-0.00038,-0.00024,-0.00033,0.00034,-9e-05,0
38318,-0.00011,-2e-05,4e-05,-0.00038,-0.00024,-0.00033,0.00034,-9e-05,0
38319,-0.00011,-2e-05,4e-05,-0.00038,-0.00024,-0.00033,0.00034,-9e-05,0
38320,-0.00011,-2e-05,4e-05,-0.00038,-0.00024,-0.00033,0.00034,-9e-05,0
38321,-0.00011,-2e-05,4e-05,-0.00038,-0.00024,-0.00033,0.00034,-9e-05,0
38322,-0.00011,-2e-05,4e-05,-0.00038,-0.00024,-0.00033,0.00034,-9e-05,0
38323,-0.00011,-2e-05,4e-05,-0.00038,-0.00024,-0.00033,0.00034,-9e-05,0
38324,-0.00011,-2e-05,4e-05,-0.00038,-0.00024,-0.00033,0.00034,-9e-05,0
38325,-0.00011,-2e-05,4e-05,-0.00038,-0.00024,-0.00033,0.00034,-9e-05,0
38326,0.0002,-2e-05,-0.0002,0.0001,0.00031,0.0003,0.00037,9e-05,0
38327,0.0002,-2e-05,-0.0002,0.0001,0.00031,0.0003,0.00037,9e-05,0
38328,0.0002,-2e-05,-0.0002,0.0001,0.00031,0.0003,0.00037,9e-05,0
38329,0.0002,-2e-05,-0.0002,0.0001,0.00031,0.0003,0.00037,9e-05,0
38330,0.0002,-2e-05,-0.0002,0.0001,0.00031,0.0003,0.00037,9e-05,0
38331,0.0002,-2e-05,-0.0002,0.0001,0.00031,0.0003,0.00037,9e-05,0
38332,0.0002,-2e-05,-0.0002,0.0001,0.00031,0.0003,0.00037,9e-05,0
38333,0.0002,-2e-05,-0.0002,0.0001,0.00031,0.0003,0.00037,9e-05,0
38334,0.0002,-2e-05,-0.0002,0.0001,0.00031,0.0003,0.00037,9e-05,0
38335,2e-05,0.0,3e-05,-7e-05,-0.00025,0.0002,-0.00024,2e-05,0
38336,2e-05,0.0,3e-05,-7e-05,-0.00025,0.0002,-0.00024,2e-05,0
38339,2e-05,0.0,3e-05,-7e-05,-0.00025,0.0002,-0.00024,2e-05,0
38340,2e-05,0.0,3e-05,-7e-05,-0.00025,0.0002,-0.00024,2e-05,0
38341,2e-05,0.0,3e-05,-7e-05,-0.00025,0.0002,-0.00024,2e-05,0
38342,2e-05,0.0,3e-05,-7e-05,-0.00025,0.0002,-0.00024,2e-05,0
38343,2e-05,0.0,3e-05,-7e-05,-0.00025,0.0002,-0.00024,2e-05,0
38344,2e-05,0.0,3e-05,-7e-05,-0.00025,0.0002,-0.00024,2e-05,0
38345,2e-05,0.0,3e-05,-7e-05,-0.00025,0.0002,-0.00024,2e-05,0
38346,2e-05,0.0,3e-05,-7e-05,-0.00025,0.0002,-0.00024,2e-05,0
38347,2e-05,0.0,3e-05,-7e-05,-0.00025,0.0002,-0.00024,2e-05,0
38348,2e-05,0.0,3e-05,-7e-05,-0.00025,0.0002,-0.00024,2e-05,0
38349,2e-05,0.0,3e-05,-7e-05,-0.00025,0.0002,-0.00024,2e-05,0
38350,-0.00015,-6e-05,4e-05,-0.00031,0.00019,-0.00018,-0.00038,-0.0001,0
38351,-0.00015,-6e-05,4e-05,-0.00031,0.00019,-0.00018,-0.00038,-0.0001,0
38352,0.00019,9e-05,7e-05,0.00017,0.00019,0.00059,-0.00072,5e-05,0
38353,0.00019,9e-05,7e-05,0.00017,0.00019,0.00059,-0.00072,5e-05,0
38354,0.00019,9e-05,7e-05,0.00017,0.00019,0.00059,-0.00072,5e-05,0
38355,0.00019,9e-05,7e-05,0.00017,0.00019,0.00059,-0.00072,5e-05,0
38356,0.00019,9e-05,7e-05,0.00017,0.00019,0.00059,-0.00072,5e-05,0
38357,0.00019,9e-05,7e-05,0.00017,0.00019,0.00059,-0.00072,5e-05,0
38358,0.00019,9e-05,7e-05,0.00017,0.00019,0.00059,-0.00072,5e-05,0
38359,0.00019,9e-05,7e-05,0.00017,0.00019,0.00059,-0.00072,5e-05,0
38360,0.00019,9e-05,7e-05,0.00017,0.00019,0.00059,-0.00072,5e-05,0
38361,0.00019,9e-05,7e-05,0.00017,0.00019,0.00059,-0.00072,5e-05,0
38362,0.00019,9e-05,7e-05,0.00017,0.00019,0.00059,-0.00072,5e-05,0
38363,0.00019,9e-05,7e-05,0.00017,0.00019,0.00059,-0.00072,5e-05,0
38364,0.00019,9e-05,7e-05,0.00017,0.00019,0.00059,-0.00072,5e-05,0
38365,0.00019,9e-05,7e-05,0.00017,0.00019,0.00059,-0.00072,5e-05,0
38366,0.00019,9e-05,7e-05,0.00017,0.00019,0.00059,-0.00072,5e-05,0
38367,0.00019,9e-05,7e-05,0.00017,0.00019,0.00059,-0.00072,5e-05,0
38368,0.00019,9e-05,7e-05,0.00017,0.00019,0.00059,-0.00072,5e-05,0
38369,0.00019,9e-05,7e-05,0.00017,0.00019,0.00059,-0.00072,5e-05,0
38370,0.00019,9e-05,7e-05,0.00017,0.00019,0.00059,-0.00072,5e-05,0
38371,0.00019,9e-05,7e-05,0.00017,0.00019,0.00059,-0.00072,5e-05,0
38372,-2e-05,0.0,3e-05,-4e-05,-0.00018,-0.00038,-0.00019,-0.00013,0
38373,5e-05,-5e-05,-0.0001,0.00011,-3e-05,-2e-05,-0.00038,0.0001,0
38374,-1e-05,-4e-05,5e-05,0.00022,0.00015,-8e-05,0.00074,-7e-05,0
38375,-1e-05,-4e-05,5e-05,0.00022,0.00015,-8e-05,0.00074,-7e-05,0
38376,-1e-05,-4e-05,5e-05,0.00022,0.00015,-8e-05,0.00074,-7e-05,0
38377,-1e-05,-4e-05,5e-05,0.00022,0.00015,-8e-05,0.00074,-7e-05,0
38378,-1e-05,-4e-05,5e-05,0.00022,0.00015,-8e-05,0.00074,-7e-05,0
38379,-1e-05,-4e-05,5e-05,0.00022,0.00015,-8e-05,0.00074,-7e-05,0
38380,-1e-05,-4e-05,5e-05,0.00022,0.00015,-8e-05,0.00074,-7e-05,0
38381,-1e-05,-4e-05,5e-05,0.00022,0.00015,-8e-05,0.00074,-7e-05,0
38382,-1e-05,-4e-05,5e-05,0.00022,0.00015,-8e-05,0.00074,-7e-05,0
38383,-1e-05,-4e-05,5e-05,0.00022,0.00015,-8e-05,0.00074,-7e-05,0
38384,-1e-05,-4e-05,5e-05,0.00022,0.00015,-8e-05,0.00074,-7e-05,0
38385,-1e-05,-4e-05,5e-05,0.00022,0.00015,-8e-05,0.00074,-7e-05,0
38386,-0.00012,-3e-05,-2e-05,-5e-05,-1e-05,0.0,-8e-05,-9e-05,0
38389,-0.00012,-3e-05,-2e-05,-5e-05,-1e-05,0.0,-8e-05,-9e-05,0
38390,-0.00012,-3e-05,-2e-05,-5e-05,-1e-05,0.0,-8e-05,-9e-05,0
38391,-0.00012,-3e-05,-2e-05,-5e-05,-1e-05,0.0,-8e-05,-9e-05,0
38392,-0.00012,-3e-05,-2e-05,-5e-05,-1e-05,0.0,-8e-05,-9e-05,0
38393,-0.00012,-3e-05,-2e-05,-5e-05,-1e-05,0.0,-8e-05,-9e-05,0
38394,-0.00012,-3e-05,-2e-05,-5e-05,-1e-05,0.0,-8e-05,-9e-05,0
38395,-0.00023,-7e-05,1e-05,0.00022,9e-05,-0.00013,3e-05,-0.00011,0
38396,-0.00023,-7e-05,1e-05,0.00022,9e-05,-0.00013,3e-05,-0.00011,0
38397,-0.00023,-7e-05,1e-05,0.00022,9e-05,-0.00013,3e-05,-0.00011,0
38398,-0.00023,-7e-05,1e-05,0.00022,9e-05,-0.00013,3e-05,-0.00011,0
38399,-0.00023,-7e-05,1e-05,0.00022,9e-05,-0.00013,3e-05,-0.00011,0
38400,-0.00023,-7e-05,1e-05,0.00022,9e-05,-0.00013,3e-05,-0.00011,0
38401,-0.00023,-7e-05,1e-05,0.00022,9e-05,-0.00013,3e-05,-0.00011,0
38402,-0.00023,-7e-05,1e-05,0.00022,9e-05,-0.00013,3e-05,-0.00011,0
38403,-0.00023,-7e-05,1e-05,0.00022,9e-05,-0.00013,3e-05,-0.00011,0
38404,-0.00023,-7e-05,1e-05,0.00022,9e-05,-0.00013,3e-05,-0.00011,0
38405,-0.00023,-7e-05,1e-05,0.00022,9e-05,-0.00013,3e-05,-0.00011,0
38407,-0.00023,-7e-05,1e-05,0.00022,9e-05,-0.00013,3e-05,-0.00011,0
38408,-0.00023,-7e-05,1e-05,0.00022,9e-05,-0.00013,3e-05,-0.00011,0
38409,-0.00023,-7e-05,1e-05,0.00022,9e-05,-0.00013,3e-05,-0.00011,0
38410,5e-05,-6e-05,-0.00011,-0.00024,-0.00026,-0.00015,-1e-05,0.00031,0
38411,-8e-05,0.0,0.00011,-0.00033,0.00019,0.0005,0.00024,-6e-05,0
38412,4e-05,6e-05,0.00012,-0.0003,-0.00026,-5e-05,0.00049,8e-05,0
38413,4e-05,6e-05,0.00012,-0.0003,-0.00026,-5e-05,0.00049,8e-05,0
38414,4e-05,6e-05,0.00012,-0.0003,-0.00026,-5e-05,0.00049,8e-05,0
38415,4e-05,6e-05,0.00012,-0.0003,-0.00026,-5e-05,0.00049,8e-05,0
38416,4e-05,6e-05,0.00012,-0.0003,-0.00026,-5e-05,0.00049,8e-05,0
38417,4e-05,6e-05,0.00012,-0.0003,-0.00026,-5e-05,0.00049,8e-05,0
38418,4e-05,6e-05,0.00012,-0.0003,-0.00026,-5e-05,0.00049,8e-05,0
38419,4e-05,6e-05,0.00012,-0.0003,-0.00026,-5e-05,0.00049,8e-05,0
38420,4e-05,6e-05,0.00012,-0.0003,-0.00026,-5e-05,0.00049,8e-05,0
38421,4e-05,6e-05,0.00012,-0.0003,-0.00026,-5e-05,0.00049,8e-05,0
38422,4e-05,6e-05,0.00012,-0.0003,-0.00026,-5e-05,0.00049,8e-05,0
38423,4e-05,6e-05,0.00012,-0.0003,-0.00026,-5e-05,0.00049,8e-05,0
38424,4e-05,6e-05,0.00012,-0.0003,-0.00026,-5e-05,0.00049,8e-05,0
38425,4e-05,6e-05,0.00012,-0.0003,-0.00026,-5e-05,0.00049,8e-05,0
38426,4e-05,6e-05,0.00012,-0.0003,-0.00026,-5e-05,0.00049,8e-05,0
38427,4e-05,6e-05,0.00012,-0.0003,-0.00026,-5e-05,0.00049,8e-05,0
38428,4e-05,6e-05,0.00012,-0.0003,-0.00026,-5e-05,0.00049,8e-05,0
38429,4e-05,6e-05,0.00012,-0.0003,-0.00026,-5e-05,0.00049,8e-05,0
38430,4e-05,6e-05,0.00012,-0.0003,-0.00026,-5e-05,0.00049,8e-05,0
38431,4e-05,6e-05,0.00012,-0.0003,-0.00026,-5e-05,0.00049,8e-05,0
38432,-0.00013,-6e-05,-0.00024,5e-05,0.00027,-0.00028,0.00018,-0.00031,0
38433,-0.00013,-4e-05,1e-05,-0.0005,-0.00012,-0.00023,0.00017,6e-05,0
38434,-4e-05,-1e-05,-2e-05,0.0,0.0,0.00013,-0.00028,-7e-05,0
38435,-4e-05,-1e-05,-2e-05,0.0,0.0,0.00013,-0.00028,-7e-05,0
38436,-4e-05,-1e-05,-2e-05,0.0,0.0,0.00013,-0.00028,-7e-05,0
38439,-4e-05,-1e-05,-2e-05,0.0,0.0,0.00013,-0.00028,-7e-05,0
38440,-4e-05,-1e-05,-2e-05,0.0,0.0,0.00013,-0.00028,-7e-05,0
38441,-4e-05,-1e-05,-2e-05,0.0,0.0,0.00013,-0.00028,-7e-05,0
38442,-4e-05,-1e-05,-2e-05,0.0,0.0,0.00013,-0.00028,-7e-05,0
38443,-4e-05,-1e-05,-2e-05,0.0,0.0,0.00013,-0.00028,-7e-05,0
38444,-4e-05,-1e-05,-2e-05,0.0,0.0,0.00013,-0.00028,-7e-05,0
38445,-4e-05,-1e-05,-2e-05,0.0,0.0,0.00013,-0.00028,-7e-05,0
38446,-4e-05,-1e-05,-2e-05,0.0,0.0,0.00013,-0.00028,-7e-05,0
38447,-4e-05,-1e-05,-2e-05,0.0,0.0,0.00013,-0.00028,-7e-05,0
38448,-4e-05,-1e-05,-2e-05,0.0,0.0,0.00013,-0.00028,-7e-05,0
38449,-4e-05,-1e-05,-2e-05,0.0,0.0,0.00013,-0.00028,-7e-05,0
38450,-4e-05,-1e-05,-2e-05,0.0,0.0,0.00013,-0.00028,-7e-05,0
38451,-4e-05,-1e-05,-2e-05,0.0,0.0,0.00013,-0.00028,-7e-05,0
38452,-4e-05,-1e-05,-2e-05,0.0,0.0,0.00013,-0.00028,-7e-05,0
38454,-4e-05,-1e-05,-2e-05,0.0,0.0,0.00013,-0.00028,-7e-05,0
38455,-0.00029,-0.00011,-4e-05,-0.0007,-0.00038,-0.00057,-0.00019,-0.00037,0
38456,8e-05,1e-05,4e-05,0.00059,0.00021,6e-05,0.00025,-3e-05,0
38457,0.0001,-5e-05,-4e-05,0.00032,0.00023,0.00016,0.00026,0.00026,0
38458,0.0001,-5e-05,-4e-05,0.00032,0.00023,0.00016,0.00026,0.00026,0
38459,0.0001,-5e-05,-4e-05,0.00032,0.00023,0.00016,0.00026,0.00026,0
38460,0.0001,-5e-05,-4e-05,0.00032,0.00023,0.00016,0.00026,0.00026,0
38461,0.0001,-5e-05,-4e-05,0.00032,0.00023,0.00016,0.00026,0.00026,0
38462,0.0001,-5e-05,-4e-05,0.00032,0.00023,0.00016,0.00026,0.00026,0
38463,0.0001,-5e-05,-4e-05,0.00032,0.00023,0.00016,0.00026,0.00026,0
38464,0.0001,-5e-05,-4e-05,0.00032,0.00023,0.00016,0.00026,0.00026,0
38465,0.0001,-5e-05,-4e-05,0.00032,0.00023,0.00016,0.00026,0.00026,0
38466,0.0001,-5e-05,-4e-05,0.00032,0.00023,0.00016,0.00026,0.00026,0
38467,0.0001,-5e-05,-4e-05,0.00032,0.00023,0.00016,0.00026,0.00026,0
38468,0.0001,-5e-05,-4e-05,0.00032,0.00023,0.00016,0.00026,0.00026,0
38469,0.0001,-5e-05,-4e-05,0.00032,0.00023,0.00016,0.00026,0.00026,0
38470,0.00022,0.00016,8e-05,0.00023,-6e-05,-0.00035,-0.00046,-0.00017,0
38471,0.00022,0.00016,8e-05,0.00023,-6e-05,-0.00035,-0.00046,-0.00017,0
38472,0.00043,0.00011,-4e-05,8e-05,-4e-05,0.00014,-0.00014,0.00017,0
38473,0.00043,0.00011,-4e-05,8e-05,-4e-05,0.00014,-0.00014,0.00017,0
38474,0.00043,0.00011,-4e-05,8e-05,-4e-05,0.00014,-0.00014,0.00017,0
38475,0.00043,0.00011,-4e-05,8e-05,-4e-05,0.00014,-0.00014,0.00017,0
38476,0.00043,0.00011,-4e-05,8e-05,-4e-05,0.00014,-0.00014,0.00017,0
38477,0.00043,0.00011,-4e-05,8e-05,-4e-05,0.00014,-0.00014,0.00017,0
38478,0.00043,0.00011,-4e-05,8e-05,-4e-05,0.00014,-0.00014,0.00017,0
38479,0.00043,0.00011,-4e-05,8e-05,-4e-05,0.00014,-0.00014,0.00017,0
38480,0.00043,0.00011,-4e-05,8e-05,-4e-05,0.00014,-0.00014,0.00017,0
38481,0.00043,0.00011,-4e-05,8e-05,-4e-05,0.00014,-0.00014,0.00017,0
38482,0.00043,0.00011,-4e-05,8e-05,-4e-05,0.00014,-0.00014,0.00017,0
38483,0.00043,0.00011,-4e-05,8e-05,-4e-05,0.00014,-0.00014,0.00017,0
38484,0.00043,0.00011,-4e-05,8e-05,-4e-05,0.00014,-0.00014,0.00017,0
38485,0.00043,0.00011,-4e-05,8e-05,-4e-05,0.00014,-0.00014,0.00017,0
38486,0.00043,0.00011,-4e-05,8e-05,-4e-05,0.00014,-0.00014,0.00017,0
38488,0.00043,0.00011,-4e-05,8e-05,-4e-05,0.00014,-0.00014,0.00017,0
38489,0.00043,0.00011,-4e-05,8e-05,-4e-05,0.00014,-0.00014,0.00017,0
38490,0.00043,0.00011,-4e-05,8e-05,-4e-05,0.00014,-0.00014,0.00017,0
38491,0.00043,0.00011,-4e-05,8e-05,-4e-05,0.00014,-0.00014,0.00017,0
38492,0.00011,-1e-05,5e-05,0.00012,-0.0001,-0.00027,-2e-05,6e-05,0
38493,2e-05,0.0,-1e-05,0.0,0.00013,0.00028,0.00067,0.00034,0
38494,-5e-05,-5e-05,-0.00012,-2e-05,0.00013,0.0006,0.00049,5e-05,0
38495,-5e-05,-5e-05,-0.00012,-2e-05,0.00013,0.0006,0.00049,5e-05,0
38496,-5e-05,-5e-05,-0.00012,-2e-05,0.00013,0.0006,0.00049,5e-05,0
38497,-5e-05,-5e-05,-0.00012,-2e-05,0.00013,0.0006,0.00049,5e-05,0
38498,-5e-05,-5e-05,-0.00012,-2e-05,0.00013,0.0006,0.00049,5e-05,0
38499,-5e-05,-5e-05,-0.00012,-2e-05,0.00013,0.0006,0.00049,5e-05,0
38500,-5e-05,-5e-05,-0.00012,-2e-05,0.00013,0.0006,0.00049,5e-05,0
38501,-5e-05,-5e-05,-0.00012,-2e-05,0.00013,0.0006,0.00049,5e-05,0
38502,-5e-05,-5e-05,-0.00012,-2e-05,0.00013,0.0006,0.00049,5e-05,0
38503,-5e-05,-5e-05,-0.00012,-2e-05,0.00013,0.0006,0.00049,5e-05,0
38504,-5e-05,-5e-05,-0.00012,-2e-05,0.00013,0.0006,0.00049,5e-05,0
38505,-5e-05,-5e-05,-0.00012,-2e-05,0.00013,0.0006,0.00049,5e-05,0
38506,-5e-05,-5e-05,-0.00012,-2e-05,0.00013,0.0006,0.00049,5e-05,0
38507,-5e-05,-5e-05,-0.00012,-2e-05,0.00013,0.0006,0.00049,5e-05,0
38508,-5e-05,-5e-05,-0.00012,-2e-05,0.00013,0.0006,0.00049,5e-05,0
38509,-5e-05,-5e-05,-0.00012,-2e-05,0.00013,0.0006,0.00049,5e-05,0
38510,-5e-05,-5e-05,-0.00012,-2e-05,0.00013,0.0006,0.00049,5e-05,0
38511,-5e-05,-5e-05,-0.00012,-2e-05,0.00013,0.0006,0.00049,5e-05,0
38512,-5e-05,-5e-05,-0.00012,-2e-05,0.00013,0.0006,0.00049,5e-05,0
38513,-5e-05,-5e-05,-0.00012,-2e-05,0.00013,0.0006,0.00049,5e-05,0
38514,-5e-05,-5e-05,-0.00012,-2e-05,0.00013,0.0006,0.00049,5e-05,0
38515,0.00013,1e-05,-4e-05,0.00012,-0.00032,-9e-05,0.00097,0.00014,0
38516,0.00013,1e-05,-4e-05,0.00012,-0.00032,-9e-05,0.00097,0.00014,0
38517,-4e-05,-1e-05,0.00012,4e-05,0.0001,-0.00012,-0.00059,-0.00016,0
38518,-4e-05,-1e-05,0.00012,4e-05,0.0001,-0.00012,-0.00059,-0.00016,0
38519,-4e-05,-1e-05,0.00012,4e-05,0.0001,-0.00012,-0.00059,-0.00016,0
38520,-4e-05,-1e-05,0.00012,4e-05,0.0001,-0.00012,-0.00059,-0.00016,0
38521,-4e-05,-1e-05,0.00012,4e-05,0.0001,-0.00012,-0.00059,-0.00016,0
38522,-4e-05,-1e-05,0.00012,4e-05,0.0001,-0.00012,-0.00059,-0.00016,0
38523,-4e-05,-1e-05,0.00012,4e-05,0.0001,-0.00012,-0.00059,-0.00016,0
38524,-4e-05,-1e-05,0.00012,4e-05,0.0001,-0.00012,-0.00059,-0.00016,0
38525,-4e-05,-1e-05,0.00012,4e-05,0.0001,-0.00012,-0.00059,-0.00016,0
38526,-4e-05,-1e-05,0.00012,4e-05,0.0001,-0.00012,-0.00059,-0.00016,0
38527,-4e-05,-1e-05,0.00012,4e-05,0.0001,-0.00012,-0.00059,-0.00016,0
38528,-4e-05,-1e-05,0.00012,4e-05,0.0001,-0.00012,-0.00059,-0.00016,0
38529,-4e-05,-1e-05,0.00012,4e-05,0.0001,-0.00012,-0.00059,-0.00016,0
38530,-0.00035,-0.00013,-0.00011,0.00016,-0.00024,-0.00032,-0.00056,-0.00063,0
38531,-0.00035,-0.00013,-0.00011,0.00016,-0.00024,-0.00032,-0.00056,-0.00063,0
38532,-0.00015,-8e-05,-0.00011,-0.00012,-0.00058,-0.00033,-0.0011,-0.00021,0
38533,-0.00015,-8e-05,-0.00011,-0.00012,-0.00058,-0.00033,-0.0011,-0.00021,0
38534,-0.00015,-8e-05,-0.00011,-0.00012,-0.00058,-0.00033,-0.0011,-0.00021,0
38535,-0.00015,-8e-05,-0.00011,-0.00012,-0.00058,-0.00033,-0.0011,-0.00021,0
38536,-0.00015,-8e-05,-0.00011,-0.00012,-0.00058,-0.00033,-0.0011,-0.00021,0
38538,-0.00015,-8e-05,-0.00011,-0.00012,-0.00058,-0.00033,-0.0011,-0.00021,0
38539,-0.00015,-8e-05,-0.00011,-0.00012,-0.00058,-0.00033,-0.0011,-0.00021,0
38540,-0.00015,-8e-05,-0.00011,-0.00012,-0.00058,-0.00033,-0.0011,-0.00021,0
38541,-0.00015,-8e-05,-0.00011,-0.00012,-0.00058,-0.00033,-0.0011,-0.00021,0
38542,-0.00015,-8e-05,-0.00011,-0.00012,-0.00058,-0.00033,-0.0011,-0.00021,0
38543,-0.00015,-8e-05,-0.00011,-0.00012,-0.00058,-0.00033,-0.0011,-0.00021,0
38544,-0.00015,-8e-05,-0.00011,-0.00012,-0.00058,-0.00033,-0.0011,-0.00021,0
38545,-0.00015,-8e-05,-0.00011,-0.00012,-0.00058,-0.00033,-0.0011,-0.00021,0
38546,-0.00015,-8e-05,-0.00011,-0.00012,-0.00058,-0.00033,-0.0011,-0.00021,0
38547,-0.00015,-8e-05,-0.00011,-0.00012,-0.00058,-0.00033,-0.0011,-0.00021,0
38548,-0.00015,-8e-05,-0.00011,-0.00012,-0.00058,-0.00033,-0.0011,-0.00021,0
38549,-0.00015,-8e-05,-0.00011,-0.00012,-0.00058,-0.00033,-0.0011,-0.00021,0
38550,-0.00015,-8e-05,-0.00011,-0.00012,-0.00058,-0.00033,-0.0011,-0.00021,0
38551,-0.00015,-8e-05,-0.00011,-0.00012,-0.00058,-0.00033,-0.0011,-0.00021,0
38552,-6e-05,-4e-05,-1e-05,0.00037,0.00067,0.00054,0.00041,1e-05,0
38553,-2e-05,-4e-05,1e-05,-0.00012,-0.00026,-0.00013,7e-05,2e-05,0
38554,-9e-05,0.0,-1e-05,-0.00017,-0.00019,0.00042,-0.0002,-3e-05,0
38555,-9e-05,0.0,-1e-05,-0.00017,-0.00019,0.00042,-0.0002,-3e-05,0
38556,-9e-05,0.0,-1e-05,-0.00017,-0.00019,0.00042,-0.0002,-3e-05,0
38557,-9e-05,0.0,-1e-05,-0.00017,-0.00019,0.00042,-0.0002,-3e-05,0
38558,-9e-05,0.0,-1e-05,-0.00017,-0.00019,0.00042,-0.0002,-3e-05,0
38559,-9e-05,0.0,-1e-05,-0.00017,-0.00019,0.00042,-0.0002,-3e-05,0
38560,-9e-05,0.0,-1e-05,-0.00017,-0.00019,0.00042,-0.0002,-3e-05,0
38561,-9e-05,0.0,-1e-05,-0.00017,-0.00019,0.00042,-0.0002,-3e-05,0
38562,-9e-05,0.0,-1e-05,-0.00017,-0.00019,0.00042,-0.0002,-3e-05,0
38563,-9e-05,0.0,-1e-05,-0.00017,-0.00019,0.00042,-0.0002,-3e-05,0
38564,-9e-05,0.0,-1e-05,-0.00017,-0.00019,0.00042,-0.0002,-3e-05,0
38565,-9e-05,0.0,-1e-05,-0.00017,-0.00019,0.00042,-0.0002,-3e-05,0
38566,-9e-05,0.0,-1e-05,-0.00017,-0.00019,0.00042,-0.0002,-3e-05,0
38567,-9e-05,0.0,-1e-05,-0.00017,-0.00019,0.00042,-0.0002,-3e-05,0
38568,-9e-05,0.0,-1e-05,-0.00017,-0.00019,0.00042,-0.0002,-3e-05,0
38569,-9e-05,0.0,-1e-05,-0.00017,-0.00019,0.00042,-0.0002,-3e-05,0
38570,-9e-05,0.0,-1e-05,-0.00017,-0.00019,0.00042,-0.0002,-3e-05,0
38571,-9e-05,0.0,-1e-05,-0.00017,-0.00019,0.00042,-0.0002,-3e-05,0
38572,-9e-05,0.0,-1e-05,-0.00017,-0.00019,0.00042,-0.0002,-3e-05,0
38573,-9e-05,0.0,-1e-05,-0.00017,-0.00019,0.00042,-0.0002,-3e-05,0
38574,-9e-05,0.0,-1e-05,-0.00017,-0.00019,0.00042,-0.0002,-3e-05,0
38575,0.00014,9e-05,7e-05,0.00014,0.00029,0.0001,0.00099,0.00035,0
38576,0.00014,9e-05,7e-05,0.00014,0.00029,0.0001,0.00099,0.00035,0
38577,0.00012,0.00012,0.0001,0.00097,0.00073,0.00033,0.00109,-0.00023,0
38578,0.00012,0.00012,0.0001,0.00097,0.00073,0.00033,0.00109,-0.00023,0
38579,0.00012,0.00012,0.0001,0.00097,0.00073,0.00033,0.00109,-0.00023,0
38580,0.00012,0.00012,0.0001,0.00097,0.00073,0.00033,0.00109,-0.00023,0
38581,0.00012,0.00012,0.0001,0.00097,0.00073,0.00033,0.00109,-0.00023,0
38582,0.00012,0.00012,0.0001,0.00097,0.00073,0.00033,0.00109,-0.00023,0
38583,0.00012,0.00012,0.0001,0.00097,0.00073,0.00033,0.00109,-0.00023,0
38584,0.00012,0.00012,0.0001,0.00097,0.00073,0.00033,0.00109,-0.00023,0
38585,0.00012,0.00012,0.0001,0.00097,0.00073,0.00033,0.00109,-0.00023,0
38586,0.00012,0.00012,0.0001,0.00097,0.00073,0.00033,0.00109,-0.00023,0
38588,0.00012,0.00012,0.0001,0.00097,0.00073,0.00033,0.00109,-0.00023,0
38589,0.00012,0.00012,0.0001,0.00097,0.00073,0.00033,0.00109,-0.00023,0
38590,0.0001,-1e-05,3e-05,0.00016,0.00093,0.0002,-0.00047,0.00025,0
38591,0.0001,-1e-05,3e-05,0.00016,0.00093,0.0002,-0.00047,0.00025,0
38592,0.00035,-3e-05,-4e-05,-0.00031,0.0002,-0.00049,-4e-05,0.00015,0
38593,0.00035,-3e-05,-4e-05,-0.00031,0.0002,-0.00049,-4e-05,0.00015,0
38594,0.00035,-3e-05,-4e-05,-0.00031,0.0002,-0.00049,-4e-05,0.00015,0
38595,0.00035,-3e-05,-4e-05,-0.00031,0.0002,-0.00049,-4e-05,0.00015,0
38596,0.00035,-3e-05,-4e-05,-0.00031,0.0002,-0.00049,-4e-05,0.00015,0
38597,0.00035,-3e-05,-4e-05,-0.00031,0.0002,-0.00049,-4e-05,0.00015,0
38598,0.00035,-3e-05,-4e-05,-0.00031,0.0002,-0.00049,-4e-05,0.00015,0
38599,0.00035,-3e-05,-4e-05,-0.00031,0.0002,-0.00049,-4e-05,0.00015,0
38600,0.00035,-3e-05,-4e-05,-0.00031,0.0002,-0.00049,-4e-05,0.00015,0
38601,0.00035,-3e-05,-4e-05,-0.00031,0.0002,-0.00049,-4e-05,0.00015,0
38602,0.00035,-3e-05,-4e-05,-0.00031,0.0002,-0.00049,-4e-05,0.00015,0
38603,0.00035,-3e-05,-4e-05,-0.00031,0.0002,-0.00049,-4e-05,0.00015,0
38604,0.00035,-3e-05,-4e-05,-0.00031,0.0002,-0.00049,-4e-05,0.00015,0
38605,0.00035,-3e-05,-4e-05,-0.00031,0.0002,-0.00049,-4e-05,0.00015,0
38606,0.00035,-3e-05,-4e-05,-0.00031,0.0002,-0.00049,-4e-05,0.00015,0
38607,0.00035,-3e-05,-4e-05,-0.00031,0.0002,-0.00049,-4e-05,0.00015,0
38608,0.00035,-3e-05,-4e-05,-0.00031,0.0002,-0.00049,-4e-05,0.00015,0
38609,0.00035,-3e-05,-4e-05,-0.00031,0.0002,-0.00049,-4e-05,0.00015,0
38610,0.00035,-3e-05,-4e-05,-0.00031,0.0002,-0.00049,-4e-05,0.00015,0
38611,0.00035,-3e-05,-4e-05,-0.00031,0.0002,-0.00049,-4e-05,0.00015,0
38612,-0.00052,-1e-05,-3e-05,7e-05,-0.00015,0.00052,0.00053,0.0,0
38613,-0.00042,1e-05,-2e-05,0.0,-0.00022,0.00014,-0.00021,-0.00012,0
38614,0.00022,-5e-05,-5e-05,-0.00011,0.0,2e-05,-0.00058,8e-05,0
38615,0.00022,-5e-05,-5e-05,-0.00011,0.0,2e-05,-0.00058,8e-05,0
38616,0.00022,-5e-05,-5e-05,-0.00011,0.0,2e-05,-0.00058,8e-05,0
38617,0.00022,-5e-05,-5e-05,-0.00011,0.0,2e-05,-0.00058,8e-05,0
38618,0.00022,-5e-05,-5e-05,-0.00011,0.0,2e-05,-0.00058,8e-05,0
38619,0.00022,-5e-05,-5e-05,-0.00011,0.0,2e-05,-0.00058,8e-05,0
38620,0.00022,-5e-05,-5e-05,-0.00011,0.0,2e-05,-0.00058,8e-05,0
38621,0.00022,-5e-05,-5e-05,-0.00011,0.0,2e-05,-0.00058,8e-05,0
38622,0.00022,-5e-05,-5e-05,-0.00011,0.0,2e-05,-0.00058,8e-05,0
38623,0.00022,-5e-05,-5e-05,-0.00011,0.0,2e-05,-0.00058,8e-05,0
38624,0.00022,-5e-05,-5e-05,-0.00011,0.0,2e-05,-0.00058,8e-05,0
38625,0.00022,-5e-05,-5e-05,-0.00011,0.0,2e-05,-0.00058,8e-05,0
38626,0.00022,-5e-05,-5e-05,-0.00011,0.0,2e-05,-0.00058,8e-05,0
38627,0.00022,-5e-05,-5e-05,-0.00011,0.0,2e-05,-0.00058,8e-05,0
38628,0.00022,-5e-05,-5e-05,-0.00011,0.0,2e-05,-0.00058,8e-05,0
38629,0.00022,-5e-05,-5e-05,-0.00011,0.0,2e-05,-0.00058,8e-05,0
38630,0.00022,-5e-05,-5e-05,-0.00011,0.0,2e-05,-0.00058,8e-05,0
38631,0.00022,-5e-05,-5e-05,-0.00011,0.0,2e-05,-0.00058,8e-05,0
38632,0.00022,-5e-05,-5e-05,-0.00011,0.0,2e-05,-0.00058,8e-05,0
38633,0.00022,-5e-05,-5e-05,-0.00011,0.0,2e-05,-0.00058,8e-05,0
38634,0.00022,-5e-05,-5e-05,-0.00011,0.0,2e-05,-0.00058,8e-05,0
38635,0.00026,-1e-05,1e-05,0.00011,0.00019,0.00073,-7e-05,0.00018,0
38636,0.00026,-1e-05,1e-05,0.00011,0.00019,0.00073,-7e-05,0.00018,0
38638,0.00026,0.00012,0.00012,-0.00046,-0.00024,4e-05,-0.00038,4e-05,0
38639,0.00026,0.00012,0.00012,-0.00046,-0.00024,4e-05,-0.00038,4e-05,0
38640,0.00026,0.00012,0.00012,-0.00046,-0.00024,4e-05,-0.00038,4e-05,0
38641,0.00026,0.00012,0.00012,-0.00046,-0.00024,4e-05,-0.00038,4e-05,0
38642,0.00026,0.00012,0.00012,-0.00046,-0.00024,4e-05,-0.00038,4e-05,0
38643,0.00026,0.00012,0.00012,-0.00046,-0.00024,4e-05,-0.00038,4e-05,0
38644,0.00026,0.00012,0.00012,-0.00046,-0.00024,4e-05,-0.00038,4e-05,0
38645,0.00026,0.00012,0.00012,-0.00046,-0.00024,4e-05,-0.00038,4e-05,0
38646,0.00026,0.00012,0.00012,-0.00046,-0.00024,4e-05,-0.00038,4e-05,0
38647,0.00026,0.00012,0.00012,-0.00046,-0.00024,4e-05,-0.00038,4e-05,0
38648,0.00026,0.00012,0.00012,-0.00046,-0.00024,4e-05,-0.00038,4e-05,0
38649,-0.00086,-3e-05,0.0,-5e-05,-3e-05,0.0,7e-05,-0.00014,0
38650,-0.00086,-3e-05,0.0,-5e-05,-3e-05,0.0,7e-05,-0.00014,0
38651,-0.00086,-3e-05,0.0,-5e-05,-3e-05,0.0,7e-05,-0.00014,0
38652,-0.00086,-3e-05,0.0,-5e-05,-3e-05,0.0,7e-05,-0.00014,0
38653,-0.00086,-3e-05,0.0,-5e-05,-3e-05,0.0,7e-05,-0.00014,0
38654,-0.00086,-3e-05,0.0,-5e-05,-3e-05,0.0,7e-05,-0.00014,0
38655,-0.00086,-3e-05,0.0,-5e-05,-3e-05,0.0,7e-05,-0.00014,0
38656,0.0,4e-05,7e-05,5e-05,-0.00015,-0.00033,-0.00076,-0.00024,0
38657,0.0,4e-05,7e-05,5e-05,-0.00015,-0.00033,-0.00076,-0.00024,0
38658,0.0,4e-05,7e-05,5e-05,-0.00015,-0.00033,-0.00076,-0.00024,0
38659,0.0,4e-05,7e-05,5e-05,-0.00015,-0.00033,-0.00076,-0.00024,0
38660,0.0,4e-05,7e-05,5e-05,-0.00015,-0.00033,-0.00076,-0.00024,0
38661,0.0,4e-05,7e-05,5e-05,-0.00015,-0.00033,-0.00076,-0.00024,0
38662,0.0,4e-05,7e-05,5e-05,-0.00015,-0.00033,-0.00076,-0.00024,0
38663,0.0,4e-05,7e-05,5e-05,-0.00015,-0.00033,-0.00076,-0.00024,0
38664,0.0,4e-05,7e-05,5e-05,-0.00015,-0.00033,-0.00076,-0.00024,0
38665,0.0,4e-05,7e-05,5e-05,-0.00015,-0.00033,-0.00076,-0.00024,0
38666,0.0,4e-05,7e-05,5e-05,-0.00015,-0.00033,-0.00076,-0.00024,0
38667,0.0,4e-05,7e-05,5e-05,-0.00015,-0.00033,-0.00076,-0.00024,0
38668,0.0,4e-05,7e-05,5e-05,-0.00015,-0.00033,-0.00076,-0.00024,0
38669,0.0,4e-05,7e-05,5e-05,-0.00015,-0.00033,-0.00076,-0.00024,0
38670,0.0,4e-05,7e-05,5e-05,-0.00015,-0.00033,-0.00076,-0.00024,0
38671,0.0,4e-05,7e-05,5e-05,-0.00015,-0.00033,-0.00076,-0.00024,0
38672,0.0,4e-05,7e-05,5e-05,-0.00015,-0.00033,-0.00076,-0.00024,0
38673,-4e-05,-0.00015,-0.00012,4e-05,5e-05,-0.00026,-0.00033,-0.00015,0
38674,-0.00056,-0.0001,-9e-05,-0.00024,-0.00031,-0.00022,-0.00025,-0.00021,0
38675,-0.00056,-0.0001,-9e-05,-0.00024,-0.00031,-0.00022,-0.00025,-0.00021,0
38676,-0.00056,-0.0001,-9e-05,-0.00024,-0.00031,-0.00022,-0.00025,-0.00021,0
38677,-0.00056,-0.0001,-9e-05,-0.00024,-0.00031,-0.00022,-0.00025,-0.00021,0
38678,-0.00056,-0.0001,-9e-05,-0.00024,-0.00031,-0.00022,-0.00025,-0.00021,0
38679,-0.00056,-0.0001,-9e-05,-0.00024,-0.00031,-0.00022,-0.00025,-0.00021,0
38680,-0.00056,-0.0001,-9e-05,-0.00024,-0.00031,-0.00022,-0.00025,-0.00021,0
38681,-0.00056,-0.0001,-9e-05,-0.00024,-0.00031,-0.00022,-0.00025,-0.00021,0
38682,-0.00056,-0.0001,-9e-05,-0.00024,-0.00031,-0.00022,-0.00025,-0.00021,0
38683,-0.00056,-0.0001,-9e-05,-0.00024,-0.00031,-0.00022,-0.00025,-0.00021,0
38684,-0.00056,-0.0001,-9e-05,-0.00024,-0.00031,-0.00022,-0.00025,-0.00021,0
38685,-0.00056,-0.0001,-9e-05,-0.00024,-0.00031,-0.00022,-0.00025,-0.00021,0
38686,-0.00056,-0.0001,-9e-05,-0.00024,-0.00031,-0.00022,-0.00025,-0.00021,0
38689,-0.00056,-0.0001,-9e-05,-0.00024,-0.00031,-0.00022,-0.00025,-0.00021,0
38690,-0.00056,-0.0001,-9e-05,-0.00024,-0.00031,-0.00022,-0.00025,-0.00021,0
38691,-0.00056,-0.0001,-9e-05,-0.00024,-0.00031,-0.00022,-0.00025,-0.00021,0
38692,-0.00056,-0.0001,-9e-05,-0.00024,-0.00031,-0.00022,-0.00025,-0.00021,0
38693,-0.00056,-0.0001,-9e-05,-0.00024,-0.00031,-0.00022,-0.00025,-0.00021,0
38694,-0.00056,-0.0001,-9e-05,-0.00024,-0.00031,-0.00022,-0.00025,-0.00021,0
38695,0.00023,0.0,-1e-05,0.00022,1e-05,-0.00029,-2e-05,-4e-05,0
38696,0.00023,0.0,-1e-05,0.00022,1e-05,-0.00029,-2e-05,-4e-05,0
38697,-3e-05,-7e-05,-9e-05,-1e-05,-4e-05,5e-05,8e-05,2e-05,0
38698,-3e-05,-7e-05,-9e-05,-1e-05,-4e-05,5e-05,8e-05,2e-05,0
38699,-3e-05,-7e-05,-9e-05,-1e-05,-4e-05,5e-05,8e-05,2e-05,0
38700,-3e-05,-7e-05,-9e-05,-1e-05,-4e-05,5e-05,8e-05,2e-05,0
38701,-3e-05,-7e-05,-9e-05,-1e-05,-4e-05,5e-05,8e-05,2e-05,0
38702,-3e-05,-7e-05,-9e-05,-1e-05,-4e-05,5e-05,8e-05,2e-05,0
38703,-3e-05,-7e-05,-9e-05,-1e-05,-4e-05,5e-05,8e-05,2e-05,0
38704,-3e-05,-7e-05,-9e-05,-1e-05,-4e-05,5e-05,8e-05,2e-05,0
38705,-3e-05,-7e-05,-9e-05,-1e-05,-4e-05,5e-05,8e-05,2e-05,0
38706,-3e-05,-7e-05,-9e-05,-1e-05,-4e-05,5e-05,8e-05,2e-05,0
38707,-3e-05,-7e-05,-9e-05,-1e-05,-4e-05,5e-05,8e-05,2e-05,0
38708,-3e-05,-7e-05,-9e-05,-1e-05,-4e-05,5e-05,8e-05,2e-05,0
38709,0.00019,8e-05,9e-05,6e-05,0.0,3e-05,-5e-05,2e-05,0
38710,0.00019,8e-05,9e-05,6e-05,0.0,3e-05,-5e-05,2e-05,0
38711,0.00019,8e-05,9e-05,6e-05,0.0,3e-05,-5e-05,2e-05,0
38712,0.00019,8e-05,9e-05,6e-05,0.0,3e-05,-5e-05,2e-05,0
38713,0.00019,8e-05,9e-05,6e-05,0.0,3e-05,-5e-05,2e-05,0
38714,0.00019,8e-05,9e-05,6e-05,0.0,3e-05,-5e-05,2e-05,0
38715,0.00019,8e-05,9e-05,6e-05,0.0,3e-05,-5e-05,2e-05,0
38716,-0.00019,-6e-05,-6e-05,-1e-05,2e-05,-2e-05,0.00014,-1e-05,0
38717,-0.00019,-6e-05,-6e-05,-1e-05,2e-05,-2e-05,0.00014,-1e-05,0
38718,-0.00019,-6e-05,-6e-05,-1e-05,2e-05,-2e-05,0.00014,-1e-05,0
38719,-0.00019,-6e-05,-6e-05,-1e-05,2e-05,-2e-05,0.00014,-1e-05,0
38720,-0.00019,-6e-05,-6e-05,-1e-05,2e-05,-2e-05,0.00014,-1e-05,0
38721,-0.00019,-6e-05,-6e-05,-1e-05,2e-05,-2e-05,0.00014,-1e-05,0
38722,-0.00019,-6e-05,-6e-05,-1e-05,2e-05,-2e-05,0.00014,-1e-05,0
38723,-0.00019,-6e-05,-6e-05,-1e-05,2e-05,-2e-05,0.00014,-1e-05,0
38724,-0.00019,-6e-05,-6e-05,-1e-05,2e-05,-2e-05,0.00014,-1e-05,0
38725,-0.00019,-6e-05,-6e-05,-1e-05,2e-05,-2e-05,0.00014,-1e-05,0
38726,-0.00019,-6e-05,-6e-05,-1e-05,2e-05,-2e-05,0.00014,-1e-05,0
38727,-0.00019,-6e-05,-6e-05,-1e-05,2e-05,-2e-05,0.00014,-1e-05,0
38728,-0.00019,-6e-05,-6e-05,-1e-05,2e-05,-2e-05,0.00014,-1e-05,0
38729,-0.00019,-6e-05,-6e-05,-1e-05,2e-05,-2e-05,0.00014,-1e-05,0
38730,-0.00019,-6e-05,-6e-05,-1e-05,2e-05,-2e-05,0.00014,-1e-05,0
38731,-0.00019,-6e-05,-6e-05,-1e-05,2e-05,-2e-05,0.00014,-1e-05,0
38732,0.0002,-9e-05,-2e-05,-0.00016,-0.0001,3e-05,-0.00021,-0.00017,0
38733,0.0002,-9e-05,-2e-05,-0.00016,-0.0001,3e-05,-0.00021,-0.00017,0
38734,-0.00019,-7e-05,-0.00011,7e-05,0.0001,8e-05,0.00019,2e-05,0
38735,-0.00019,-7e-05,-0.00011,7e-05,0.0001,8e-05,0.00019,2e-05,0
38736,-0.00019,-7e-05,-0.00011,7e-05,0.0001,8e-05,0.00019,2e-05,0
38738,-0.00019,-7e-05,-0.00011,7e-05,0.0001,8e-05,0.00019,2e-05,0
38739,-0.00019,-7e-05,-0.00011,7e-05,0.0001,8e-05,0.00019,2e-05,0
38740,-0.00019,-7e-05,-0.00011,7e-05,0.0001,8e-05,0.00019,2e-05,0
38741,-0.00019,-7e-05,-0.00011,7e-05,0.0001,8e-05,0.00019,2e-05,0
38742,-0.00019,-7e-05,-0.00011,7e-05,0.0001,8e-05,0.00019,2e-05,0
38743,-0.00019,-7e-05,-0.00011,7e-05,0.0001,8e-05,0.00019,2e-05,0
38744,-0.00019,-7e-05,-0.00011,7e-05,0.0001,8e-05,0.00019,2e-05,0
38745,-0.00019,-7e-05,-0.00011,7e-05,0.0001,8e-05,0.00019,2e-05,0
38746,-0.00019,-7e-05,-0.00011,7e-05,0.0001,8e-05,0.00019,2e-05,0
38747,-0.00019,-7e-05,-0.00011,7e-05,0.0001,8e-05,0.00019,2e-05,0
38748,-0.00019,-7e-05,-0.00011,7e-05,0.0001,8e-05,0.00019,2e-05,0
38749,-0.00019,-7e-05,-0.00011,7e-05,0.0001,8e-05,0.00019,2e-05,0
38750,-0.00019,-7e-05,-0.00011,7e-05,0.0001,8e-05,0.00019,2e-05,0
38751,-0.00019,-7e-05,-0.00011,7e-05,0.0001,8e-05,0.00019,2e-05,0
38752,-0.00019,-7e-05,-0.00011,7e-05,0.0001,8e-05,0.00019,2e-05,0
38753,-0.00019,-7e-05,-0.00011,7e-05,0.0001,8e-05,0.00019,2e-05,0
38754,-0.00019,-7e-05,-0.00011,7e-05,0.0001,8e-05,0.00019,2e-05,0
38755,-0.00019,-7e-05,-0.00011,7e-05,0.0001,8e-05,0.00019,2e-05,0
38756,-0.00019,-7e-05,-0.00011,7e-05,0.0001,8e-05,0.00019,2e-05,0
38757,-0.00019,-7e-05,-0.00011,7e-05,0.0001,8e-05,0.00019,2e-05,0
38758,-0.00019,-7e-05,-0.00011,7e-05,0.0001,8e-05,0.00019,2e-05,0
38759,-0.00019,-7e-05,-0.00011,7e-05,0.0001,8e-05,0.00019,2e-05,0
38760,-0.00019,-7e-05,-0.00011,7e-05,0.0001,8e-05,0.00019,2e-05,0
38761,-0.00019,-7e-05,-0.00011,7e-05,0.0001,8e-05,0.00019,2e-05,0
38762,-0.00033,3e-05,7e-05,-0.00011,0.0001,0.00013,6e-05,-7e-05,0
38763,0.00025,-3e-05,-1e-05,3e-05,-0.00013,-9e-05,-0.00015,-0.00017,0
38764,-4e-05,-7e-05,0.0,-4e-05,5e-05,0.00012,7e-05,5e-05,0
38765,-4e-05,-7e-05,0.0,-4e-05,5e-05,0.00012,7e-05,5e-05,0
38766,-4e-05,-7e-05,0.0,-4e-05,5e-05,0.00012,7e-05,5e-05,0
38767,-4e-05,-7e-05,0.0,-4e-05,5e-05,0.00012,7e-05,5e-05,0
38768,-4e-05,-7e-05,0.0,-4e-05,5e-05,0.00012,7e-05,5e-05,0
38769,-8e-05,1e-05,3e-05,1e-05,-0.0001,-5e-05,6e-05,9e-05,0
38770,-8e-05,1e-05,3e-05,1e-05,-0.0001,-5e-05,6e-05,9e-05,0
38771,-8e-05,1e-05,3e-05,1e-05,-0.0001,-5e-05,6e-05,9e-05,0
38772,-8e-05,1e-05,3e-05,1e-05,-0.0001,-5e-05,6e-05,9e-05,0
38773,-8e-05,1e-05,3e-05,1e-05,-0.0001,-5e-05,6e-05,9e-05,0
38774,-8e-05,1e-05,3e-05,1e-05,-0.0001,-5e-05,6e-05,9e-05,0
38775,-8e-05,1e-05,3e-05,1e-05,-0.0001,-5e-05,6e-05,9e-05,0
38776,-7e-05,1e-05,2e-05,-1e-05,3e-05,-8e-05,-6e-05,2e-05,0
38777,-7e-05,1e-05,2e-05,-1e-05,3e-05,-8e-05,-6e-05,2e-05,0
38778,-7e-05,1e-05,2e-05,-1e-05,3e-05,-8e-05,-6e-05,2e-05,0
38779,-7e-05,1e-05,2e-05,-1e-05,3e-05,-8e-05,-6e-05,2e-05,0
38780,-7e-05,1e-05,2e-05,-1e-05,3e-05,-8e-05,-6e-05,2e-05,0
38781,-7e-05,1e-05,2e-05,-1e-05,3e-05,-8e-05,-6e-05,2e-05,0
38782,-7e-05,1e-05,2e-05,-1e-05,3e-05,-8e-05,-6e-05,2e-05,0
38783,-7e-05,1e-05,2e-05,-1e-05,3e-05,-8e-05,-6e-05,2e-05,0
38784,-7e-05,1e-05,2e-05,-1e-05,3e-05,-8e-05,-6e-05,2e-05,0
38785,-7e-05,1e-05,2e-05,-1e-05,3e-05,-8e-05,-6e-05,2e-05,0
38786,-7e-05,1e-05,2e-05,-1e-05,3e-05,-8e-05,-6e-05,2e-05,0
38789,-7e-05,1e-05,2e-05,-1e-05,3e-05,-8e-05,-6e-05,2e-05,0
38790,-7e-05,1e-05,2e-05,-1e-05,3e-05,-8e-05,-6e-05,2e-05,0
38791,-7e-05,1e-05,2e-05,-1e-05,3e-05,-8e-05,-6e-05,2e-05,0
38792,-7e-05,1e-05,2e-05,-1e-05,3e-05,-8e-05,-6e-05,2e-05,0
38793,0.00018,2e-05,0.0,4e-05,-7e-05,-7e-05,-7e-05,0.00023,0
38794,-0.0001,-1e-05,1e-05,-2e-05,-4e-05,5e-05,-3e-05,-0.0005,0
38795,-0.0001,-1e-05,1e-05,-2e-05,-4e-05,5e-05,-3e-05,-0.0005,0
38796,-0.0001,-1e-05,1e-05,-2e-05,-4e-05,5e-05,-3e-05,-0.0005,0
38797,-0.0001,-1e-05,1e-05,-2e-05,-4e-05,5e-05,-3e-05,-0.0005,0
38798,-0.0001,-1e-05,1e-05,-2e-05,-4e-05,5e-05,-3e-05,-0.0005,0
38799,-0.0001,-1e-05,1e-05,-2e-05,-4e-05,5e-05,-3e-05,-0.0005,0
38800,-0.0001,-1e-05,1e-05,-2e-05,-4e-05,5e-05,-3e-05,-0.0005,0
38801,-0.0001,-1e-05,1e-05,-2e-05,-4e-05,5e-05,-3e-05,-0.0005,0
38802,-0.0001,-1e-05,1e-05,-2e-05,-4e-05,5e-05,-3e-05,-0.0005,0
38803,-0.0001,-1e-05,1e-05,-2e-05,-4e-05,5e-05,-3e-05,-0.0005,0
38804,-0.0001,-1e-05,1e-05,-2e-05,-4e-05,5e-05,-3e-05,-0.0005,0
38805,-0.0001,-1e-05,1e-05,-2e-05,-4e-05,5e-05,-3e-05,-0.0005,0
38806,-0.0001,-1e-05,1e-05,-2e-05,-4e-05,5e-05,-3e-05,-0.0005,0
38807,-0.0001,-1e-05,1e-05,-2e-05,-4e-05,5e-05,-3e-05,-0.0005,0
38808,-0.0001,-1e-05,1e-05,-2e-05,-4e-05,5e-05,-3e-05,-0.0005,0
38809,-0.0001,-1e-05,1e-05,-2e-05,-4e-05,5e-05,-3e-05,-0.0005,0
38810,-0.0001,-1e-05,1e-05,-2e-05,-4e-05,5e-05,-3e-05,-0.0005,0
38811,-0.0001,-1e-05,1e-05,-2e-05,-4e-05,5e-05,-3e-05,-0.0005,0
38813,-0.0001,-1e-05,1e-05,-2e-05,-4e-05,5e-05,-3e-05,-0.0005,0
38814,-0.0001,-1e-05,1e-05,-2e-05,-4e-05,5e-05,-3e-05,-0.0005,0
38815,-5e-05,3e-05,3e-05,0.0,9e-05,-1e-05,-0.00011,-8e-05,0
38816,4e-05,-1e-05,-3e-05,-1e-05,-4e-05,1e-05,-0.00017,0.00027,0
38817,2e-05,-5e-05,-7e-05,-2e-05,8e-05,0.0,0.00013,0.00035,0
38818,2e-05,-5e-05,-7e-05,-2e-05,8e-05,0.0,0.00013,0.00035,0
38819,2e-05,-5e-05,-7e-05,-2e-05,8e-05,0.0,0.00013,0.00035,0
38820,2e-05,-5e-05,-7e-05,-2e-05,8e-05,0.0,0.00013,0.00035,0
38821,2e-05,-5e-05,-7e-05,-2e-05,8e-05,0.0,0.00013,0.00035,0
38822,2e-05,-5e-05,-7e-05,-2e-05,8e-05,0.0,0.00013,0.00035,0
38823,2e-05,-5e-05,-7e-05,-2e-05,8e-05,0.0,0.00013,0.00035,0
38824,2e-05,-5e-05,-7e-05,-2e-05,8e-05,0.0,0.00013,0.00035,0
38825,2e-05,-5e-05,-7e-05,-2e-05,8e-05,0.0,0.00013,0.00035,0
38826,2e-05,-5e-05,-7e-05,-2e-05,8e-05,0.0,0.00013,0.00035,0
38827,2e-05,-5e-05,-7e-05,-2e-05,8e-05,0.0,0.00013,0.00035,0
38828,2e-05,-5e-05,-7e-05,-2e-05,8e-05,0.0,0.00013,0.00035,0
38829,-1e-05,-1e-05,-3e-05,-4e-05,-0.00033,-3e-05,1e-05,6e-05,0
38830,-1e-05,-1e-05,-3e-05,-4e-05,-0.00033,-3e-05,1e-05,6e-05,0
38831,-1e-05,-1e-05,-3e-05,-4e-05,-0.00033,-3e-05,1e-05,6e-05,0
38832,-1e-05,-1e-05,-3e-05,-4e-05,-0.00033,-3e-05,1e-05,6e-05,0
38833,-1e-05,-1e-05,-3e-05,-4e-05,-0.00033,-3e-05,1e-05,6e-05,0
38834,-1e-05,-1e-05,-3e-05,-4e-05,-0.00033,-3e-05,1e-05,6e-05,0
38835,-1e-05,-1e-05,-3e-05,-4e-05,-0.00033,-3e-05,1e-05,6e-05,0
38836,-1e-05,-1e-05,-3e-05,-4e-05,-0.00033,-3e-05,1e-05,6e-05,0
38838,-1e-05,-1e-05,-3e-05,-4e-05,-0.00033,-3e-05,1e-05,6e-05,0
38839,-1e-05,-1e-05,-3e-05,-4e-05,-0.00033,-3e-05,1e-05,6e-05,0
38840,-1e-05,-1e-05,-3e-05,-4e-05,-0.00033,-3e-05,1e-05,6e-05,0
38841,-1e-05,-1e-05,-3e-05,-4e-05,-0.00033,-3e-05,1e-05,6e-05,0
38842,-1e-05,-1e-05,-3e-05,-4e-05,-0.00033,-3e-05,1e-05,6e-05,0
38843,-1e-05,-1e-05,-3e-05,-4e-05,-0.00033,-3e-05,1e-05,6e-05,0
38844,-4e-05,1e-05,2e-05,5e-05,-1e-05,4e-05,8e-05,-0.0001,0
38845,-4e-05,1e-05,2e-05,5e-05,-1e-05,4e-05,8e-05,-0.0001,0
38846,-4e-05,1e-05,2e-05,5e-05,-1e-05,4e-05,8e-05,-0.0001,0
38847,-4e-05,1e-05,2e-05,5e-05,-1e-05,4e-05,8e-05,-0.0001,0
38848,-4e-05,1e-05,2e-05,5e-05,-1e-05,4e-05,8e-05,-0.0001,0
38849,-4e-05,1e-05,2e-05,5e-05,-1e-05,4e-05,8e-05,-0.0001,0
38850,-4e-05,1e-05,2e-05,5e-05,-1e-05,4e-05,8e-05,-0.0001,0
38851,-4e-05,1e-05,2e-05,5e-05,-1e-05,4e-05,8e-05,-0.0001,0
38852,-4e-05,1e-05,2e-05,5e-05,-1e-05,4e-05,8e-05,-0.0001,0
38853,-9e-05,3e-05,3e-05,6e-05,0.00034,-1e-05,-0.00016,-0.00085,0
38854,-3e-05,-4e-05,-3e-05,-6e-05,-7e-05,-6e-05,6e-05,0.00029,0
38855,-3e-05,-4e-05,-3e-05,-6e-05,-7e-05,-6e-05,6e-05,0.00029,0
38856,-3e-05,-4e-05,-3e-05,-6e-05,-7e-05,-6e-05,6e-05,0.00029,0
38857,-3e-05,-4e-05,-3e-05,-6e-05,-7e-05,-6e-05,6e-05,0.00029,0
38858,-3e-05,-4e-05,-3e-05,-6e-05,-7e-05,-6e-05,6e-05,0.00029,0
38859,-3e-05,-4e-05,-3e-05,-6e-05,-7e-05,-6e-05,6e-05,0.00029,0
38860,-3e-05,-4e-05,-3e-05,-6e-05,-7e-05,-6e-05,6e-05,0.00029,0
38861,-3e-05,-4e-05,-3e-05,-6e-05,-7e-05,-6e-05,6e-05,0.00029,0
38862,-3e-05,-4e-05,-3e-05,-6e-05,-7e-05,-6e-05,6e-05,0.00029,0
38863,-3e-05,-4e-05,-3e-05,-6e-05,-7e-05,-6e-05,6e-05,0.00029,0
38864,-3e-05,-4e-05,-3e-05,-6e-05,-7e-05,-6e-05,6e-05,0.00029,0
38865,-3e-05,-4e-05,-3e-05,-6e-05,-7e-05,-6e-05,6e-05,0.00029,0
38866,-3e-05,-4e-05,-3e-05,-6e-05,-7e-05,-6e-05,6e-05,0.00029,0
38867,-3e-05,-4e-05,-3e-05,-6e-05,-7e-05,-6e-05,6e-05,0.00029,0
38868,-3e-05,-4e-05,-3e-05,-6e-05,-7e-05,-6e-05,6e-05,0.00029,0
38869,-3e-05,-4e-05,-3e-05,-6e-05,-7e-05,-6e-05,6e-05,0.00029,0
38870,-3e-05,-4e-05,-3e-05,-6e-05,-7e-05,-6e-05,6e-05,0.00029,0
38871,-3e-05,-4e-05,-3e-05,-6e-05,-7e-05,-6e-05,6e-05,0.00029,0
38872,-3e-05,-4e-05,-3e-05,-6e-05,-7e-05,-6e-05,6e-05,0.00029,0
38873,-3e-05,-4e-05,-3e-05,-6e-05,-7e-05,-6e-05,6e-05,0.00029,0
38874,-3e-05,-4e-05,-3e-05,-6e-05,-7e-05,-6e-05,6e-05,0.00029,0
38875,1e-05,-5e-05,-6e-05,-5e-05,-1e-05,-1e-05,-0.00023,-0.001,0
38876,1e-05,-5e-05,-6e-05,-5e-05,-1e-05,-1e-05,-0.00023,-0.001,0
38877,1e-05,-5e-05,-6e-05,-5e-05,-1e-05,-1e-05,-0.00023,-0.001,0
38878,1e-05,-5e-05,-6e-05,-5e-05,-1e-05,-1e-05,-0.00023,-0.001,0
38879,1e-05,-5e-05,-6e-05,-5e-05,-1e-05,-1e-05,-0.00023,-0.001,0
38880,1e-05,-5e-05,-6e-05,-5e-05,-1e-05,-1e-05,-0.00023,-0.001,0
38881,-9e-05,-1e-05,-1e-05,-2e-05,-2e-05,-0.00011,-4e-05,-0.00029,0
38882,-9e-05,-1e-05,-1e-05,-2e-05,-2e-05,-0.00011,-4e-05,-0.00029,0
38883,-9e-05,-1e-05,-1e-05,-2e-05,-2e-05,-0.00011,-4e-05,-0.00029,0
38884,-9e-05,-1e-05,-1e-05,-2e-05,-2e-05,-0.00011,-4e-05,-0.00029,0
38885,-9e-05,-1e-05,-1e-05,-2e-05,-2e-05,-0.00011,-4e-05,-0.00029,0
38886,-9e-05,-1e-05,-1e-05,-2e-05,-2e-05,-0.00011,-4e-05,-0.00029,0
38888,-9e-05,-1e-05,-1e-05,-2e-05,-2e-05,-0.00011,-4e-05,-0.00029,0
38889,-9e-05,-1e-05,-1e-05,-2e-05,-2e-05,-0.00011,-4e-05,-0.00029,0
38890,-4e-05,-3e-05,-5e-05,-5e-05,-0.00034,-6e-05,8e-05,-0.00014,0
38891,-4e-05,-3e-05,-5e-05,-5e-05,-0.00034,-6e-05,8e-05,-0.00014,0
38892,-4e-05,-3e-05,-5e-05,-5e-05,-0.00034,-6e-05,8e-05,-0.00014,0
38893,-4e-05,-3e-05,-5e-05,-5e-05,-0.00034,-6e-05,8e-05,-0.00014,0
38894,-4e-05,-3e-05,-5e-05,-5e-05,-0.00034,-6e-05,8e-05,-0.00014,0
38895,-4e-05,-3e-05,-5e-05,-5e-05,-0.00034,-6e-05,8e-05,-0.00014,0
38896,2e-05,1e-05,2e-05,-2e-05,-0.00038,0.00013,-3e-05,0.00012,0
38897,2e-05,1e-05,2e-05,-2e-05,-0.00038,0.00013,-3e-05,0.00012,0
38898,2e-05,1e-05,2e-05,-2e-05,-0.00038,0.00013,-3e-05,0.00012,0
38899,2e-05,1e-05,2e-05,-2e-05,-0.00038,0.00013,-3e-05,0.00012,0
38900,2e-05,1e-05,2e-05,-2e-05,-0.00038,0.00013,-3e-05,0.00012,0
38901,2e-05,1e-05,2e-05,-2e-05,-0.00038,0.00013,-3e-05,0.00012,0
38902,2e-05,1e-05,2e-05,-2e-05,-0.00038,0.00013,-3e-05,0.00012,0
38903,2e-05,1e-05,2e-05,-2e-05,-0.00038,0.00013,-3e-05,0.00012,0
38904,2e-05,1e-05,2e-05,-2e-05,-0.00038,0.00013,-3e-05,0.00012,0
38905,2e-05,1e-05,2e-05,-2e-05,-0.00038,0.00013,-3e-05,0.00012,0
38906,2e-05,1e-05,2e-05,-2e-05,-0.00038,0.00013,-3e-05,0.00012,0
38907,2e-05,1e-05,2e-05,-2e-05,-0.00038,0.00013,-3e-05,0.00012,0
38908,2e-05,1e-05,2e-05,-2e-05,-0.00038,0.00013,-3e-05,0.00012,0
38909,2e-05,1e-05,2e-05,-2e-05,-0.00038,0.00013,-3e-05,0.00012,0
38910,2e-05,1e-05,2e-05,-2e-05,-0.00038,0.00013,-3e-05,0.00012,0
38911,2e-05,1e-05,2e-05,-2e-05,-0.00038,0.00013,-3e-05,0.00012,0
38912,-9e-05,-6e-05,-7e-05,-9e-05,9e-05,-0.00013,-8e-05,-0.00046,0
38913,4e-05,2e-05,2e-05,7e-05,3e-05,4e-05,0.00024,0.00054,0
38914,-1e-05,-6e-05,-5e-05,-4e-05,0.00016,-1e-05,4e-05,7e-05,0
38915,-1e-05,-6e-05,-5e-05,-4e-05,0.00016,-1e-05,4e-05,7e-05,0
38916,-1e-05,-6e-05,-5e-05,-4e-05,0.00016,-1e-05,4e-05,7e-05,0
38917,-1e-05,-6e-05,-5e-05,-4e-05,0.00016,-1e-05,4e-05,7e-05,0
38918,-1e-05,-6e-05,-5e-05,-4e-05,0.00016,-1e-05,4e-05,7e-05,0
38919,-1e-05,-6e-05,-5e-05,-4e-05,0.00016,-1e-05,4e-05,7e-05,0
38920,-1e-05,-6e-05,-5e-05,-4e-05,0.00016,-1e-05,4e-05,7e-05,0
38921,-1e-05,-6e-05,-5e-05,-4e-05,0.00016,-1e-05,4e-05,7e-05,0
38922,-1e-05,-6e-05,-5e-05,-4e-05,0.00016,-1e-05,4e-05,7e-05,0
38923,-1e-05,-6e-05,-5e-05,-4e-05,0.00016,-1e-05,4e-05,7e-05,0
38924,-1e-05,-6e-05,-5e-05,-4e-05,0.00016,-1e-05,4e-05,7e-05,0
38925,-1e-05,-6e-05,-5e-05,-4e-05,0.00016,-1e-05,4e-05,7e-05,0
38926,-1e-05,-6e-05,-5e-05,-4e-05,0.00016,-1e-05,4e-05,7e-05,0
38927,-1e-05,-6e-05,-5e-05,-4e-05,0.00016,-1e-05,4e-05,7e-05,0
38928,-1e-05,-6e-05,-5e-05,-4e-05,0.00016,-1e-05,4e-05,7e-05,0
38929,-1e-05,-6e-05,-5e-05,-4e-05,0.00016,-1e-05,4e-05,7e-05,0
38930,-1e-05,-6e-05,-5e-05,-4e-05,0.00016,-1e-05,4e-05,7e-05,0
38931,-1e-05,-6e-05,-5e-05,-4e-05,0.00016,-1e-05,4e-05,7e-05,0
38932,-1e-05,-6e-05,-5e-05,-4e-05,0.00016,-1e-05,4e-05,7e-05,0
38933,-1e-05,-6e-05,-5e-05,-4e-05,0.00016,-1e-05,4e-05,7e-05,0
38934,-1e-05,-6e-05,-5e-05,-4e-05,0.00016,-1e-05,4e-05,7e-05,0
38935,-2e-05,-4e-05,-0.00012,-0.00011,2e-05,1e-05,0.0001,0.00041,0
38936,5e-05,-4e-05,-6e-05,-6e-05,-0.00014,-5e-05,-1e-05,-5e-05,0
38938,1e-05,0.0,1e-05,2e-05,9e-05,6e-05,-4e-05,6e-05,0
38939,1e-05,0.0,1e-05,2e-05,9e-05,6e-05,-4e-05,6e-05,0
38940,1e-05,0.0,1e-05,2e-05,9e-05,6e-05,-4e-05,6e-05,0
38941,1e-05,0.0,1e-05,2e-05,9e-05,6e-05,-4e-05,6e-05,0
38942,1e-05,0.0,1e-05,2e-05,9e-05,6e-05,-4e-05,6e-05,0
38943,1e-05,0.0,1e-05,2e-05,9e-05,6e-05,-4e-05,6e-05,0
38944,1e-05,0.0,1e-05,2e-05,9e-05,6e-05,-4e-05,6e-05,0
38945,1e-05,0.0,1e-05,2e-05,9e-05,6e-05,-4e-05,6e-05,0
38946,1e-05,0.0,1e-05,2e-05,9e-05,6e-05,-4e-05,6e-05,0
38947,1e-05,0.0,1e-05,2e-05,9e-05,6e-05,-4e-05,6e-05,0
38948,1e-05,0.0,1e-05,2e-05,9e-05,6e-05,-4e-05,6e-05,0
38949,1e-05,0.0,1e-05,2e-05,9e-05,6e-05,-4e-05,6e-05,0
38950,0.0,3e-05,5e-05,8e-05,0.00012,2e-05,6e-05,0.00028,0
38951,0.0,3e-05,5e-05,8e-05,0.00012,2e-05,6e-05,0.00028,0
38952,0.0,3e-05,5e-05,8e-05,0.00012,2e-05,6e-05,0.00028,0
38953,0.0,3e-05,5e-05,8e-05,0.00012,2e-05,6e-05,0.00028,0
38954,0.0,3e-05,5e-05,8e-05,0.00012,2e-05,6e-05,0.00028,0
38955,0.0,3e-05,5e-05,8e-05,0.00012,2e-05,6e-05,0.00028,0
38956,0.0,3e-05,5e-05,8e-05,0.00012,2e-05,6e-05,0.00028,0
38957,-3e-05,0.0,2e-05,4e-05,9e-05,2e-05,-3e-05,-0.00013,0
38958,-3e-05,0.0,2e-05,4e-05,9e-05,2e-05,-3e-05,-0.00013,0
38959,-3e-05,0.0,2e-05,4e-05,9e-05,2e-05,-3e-05,-0.00013,0
38960,-3e-05,0.0,2e-05,4e-05,9e-05,2e-05,-3e-05,-0.00013,0
38961,-3e-05,0.0,2e-05,4e-05,9e-05,2e-05,-3e-05,-0.00013,0
38962,-3e-05,0.0,2e-05,4e-05,9e-05,2e-05,-3e-05,-0.00013,0
38963,-3e-05,0.0,2e-05,4e-05,9e-05,2e-05,-3e-05,-0.00013,0
38964,-3e-05,0.0,2e-05,4e-05,9e-05,2e-05,-3e-05,-0.00013,0
38965,-3e-05,0.0,2e-05,4e-05,9e-05,2e-05,-3e-05,-0.00013,0
38966,-3e-05,0.0,2e-05,4e-05,9e-05,2e-05,-3e-05,-0.00013,0
38967,-3e-05,0.0,2e-05,4e-05,9e-05,2e-05,-3e-05,-0.00013,0
38968,-3e-05,0.0,2e-05,4e-05,9e-05,2e-05,-3e-05,-0.00013,0
38969,-3e-05,0.0,2e-05,4e-05,9e-05,2e-05,-3e-05,-0.00013,0
38970,-3e-05,0.0,2e-05,4e-05,9e-05,2e-05,-3e-05,-0.00013,0
38971,-3e-05,0.0,2e-05,4e-05,9e-05,2e-05,-3e-05,-0.00013,0
38972,0.0,-1e-05,-2e-05,-7e-05,-0.00034,3e-05,3e-05,0.00026,0
38973,-1e-05,-1e-05,0.0,4e-05,5e-05,0.0,1e-05,4e-05,0
38974,-1e-05,-1e-05,0.0,4e-05,5e-05,0.0,1e-05,4e-05,0
38975,-1e-05,-1e-05,0.0,4e-05,5e-05,0.0,1e-05,4e-05,0
38976,-1e-05,-1e-05,0.0,4e-05,5e-05,0.0,1e-05,4e-05,0
38977,-1e-05,-1e-05,0.0,4e-05,5e-05,0.0,1e-05,4e-05,0
38978,-1e-05,-1e-05,0.0,4e-05,5e-05,0.0,1e-05,4e-05,0
38982,-1e-05,-1e-05,0.0,4e-05,5e-05,0.0,1e-05,4e-05,0
38983,-1e-05,-1e-05,0.0,4e-05,5e-05,0.0,1e-05,4e-05,0
38984,-1e-05,-1e-05,0.0,4e-05,5e-05,0.0,1e-05,4e-05,0
38985,-1e-05,-1e-05,0.0,4e-05,5e-05,0.0,1e-05,4e-05,0
38986,-1e-05,-1e-05,0.0,4e-05,5e-05,0.0,1e-05,4e-05,0
38988,-1e-05,-1e-05,0.0,4e-05,5e-05,0.0,1e-05,4e-05,0
38989,-1e-05,-1e-05,0.0,4e-05,5e-05,0.0,1e-05,4e-05,0
38990,-1e-05,-1e-05,0.0,4e-05,5e-05,0.0,1e-05,4e-05,0
38991,-1e-05,-1e-05,0.0,4e-05,5e-05,0.0,1e-05,4e-05,0
38992,-1e-05,-1e-05,0.0,4e-05,5e-05,0.0,1e-05,4e-05,0
38993,-1e-05,-1e-05,0.0,4e-05,5e-05,0.0,1e-05,4e-05,0
38994,-1e-05,-1e-05,0.0,4e-05,5e-05,0.0,1e-05,4e-05,0
38995,-1e-05,-1e-05,0.0,4e-05,5e-05,0.0,1e-05,4e-05,0
38996,-1e-05,-1e-05,0.0,4e-05,5e-05,0.0,1e-05,4e-05,0
38997,-1e-05,-1e-05,0.0,4e-05,5e-05,0.0,1e-05,4e-05,0
38998,-1e-05,-1e-05,0.0,4e-05,5e-05,0.0,1e-05,4e-05,0
38999,-1e-05,-1e-05,0.0,4e-05,5e-05,0.0,1e-05,4e-05,0
39000,-1e-05,-1e-05,0.0,4e-05,5e-05,0.0,1e-05,4e-05,0
39001,-1e-05,-1e-05,0.0,4e-05,5e-05,0.0,1e-05,4e-05,0
39002,-1e-05,-1e-05,0.0,4e-05,5e-05,0.0,1e-05,4e-05,0
39003,-3e-05,-4e-05,-6e-05,-1e-05,-0.00016,-1e-05,-1e-05,0.0,0
39004,-3e-05,-4e-05,-6e-05,-1e-05,-0.00016,-1e-05,-1e-05,0.0,0
39005,-3e-05,-4e-05,-6e-05,-1e-05,-0.00016,-1e-05,-1e-05,0.0,0
39006,-3e-05,-4e-05,-6e-05,-1e-05,-0.00016,-1e-05,-1e-05,0.0,0
39007,-3e-05,-4e-05,-6e-05,-1e-05,-0.00016,-1e-05,-1e-05,0.0,0
39008,-3e-05,-4e-05,-6e-05,-1e-05,-0.00016,-1e-05,-1e-05,0.0,0
39009,-3e-05,-4e-05,-6e-05,-1e-05,-0.00016,-1e-05,-1e-05,0.0,0
39010,-3e-05,-4e-05,-6e-05,-1e-05,-0.00016,-1e-05,-1e-05,0.0,0
39011,-3e-05,-4e-05,-6e-05,-1e-05,-0.00016,-1e-05,-1e-05,0.0,0
39012,-3e-05,-4e-05,-6e-05,-1e-05,-0.00016,-1e-05,-1e-05,0.0,0
39013,-3e-05,-4e-05,-6e-05,-1e-05,-0.00016,-1e-05,-1e-05,0.0,0
39014,-3e-05,-4e-05,-6e-05,-1e-05,-0.00016,-1e-05,-1e-05,0.0,0
39015,-3e-05,-4e-05,-6e-05,-1e-05,-0.00016,-1e-05,-1e-05,0.0,0
39016,-3e-05,-4e-05,-6e-05,-1e-05,-0.00016,-1e-05,-1e-05,0.0,0
39017,-3e-05,-4e-05,-6e-05,-1e-05,-0.00016,-1e-05,-1e-05,0.0,0
39018,-3e-05,-4e-05,-6e-05,-1e-05,-0.00016,-1e-05,-1e-05,0.0,0
39019,-3e-05,-4e-05,-6e-05,-1e-05,-0.00016,-1e-05,-1e-05,0.0,0
39020,-3e-05,-4e-05,-6e-05,-1e-05,-0.00016,-1e-05,-1e-05,0.0,0
39021,-3e-05,-4e-05,-6e-05,-1e-05,-0.00016,-1e-05,-1e-05,0.0,0
39022,-3e-05,-4e-05,-6e-05,-1e-05,-0.00016,-1e-05,-1e-05,0.0,0
39023,-3e-05,-4e-05,-6e-05,-1e-05,-0.00016,-1e-05,-1e-05,0.0,0
39024,-3e-05,-4e-05,-6e-05,-1e-05,-0.00016,-1e-05,-1e-05,0.0,0
39025,-3e-05,-4e-05,-6e-05,-1e-05,-0.00016,-1e-05,-1e-05,0.0,0
39026,-3e-05,-4e-05,-6e-05,-1e-05,-0.00016,-1e-05,-1e-05,0.0,0
39027,-3e-05,-4e-05,-6e-05,-1e-05,-0.00016,-1e-05,-1e-05,0.0,0
39028,-3e-05,-4e-05,-6e-05,-1e-05,-0.00016,-1e-05,-1e-05,0.0,0
39029,-3e-05,-4e-05,-6e-05,-1e-05,-0.00016,-1e-05,-1e-05,0.0,0
39030,-3e-05,-4e-05,-6e-05,-1e-05,-0.00016,-1e-05,-1e-05,0.0,0
39031,-3e-05,-4e-05,-6e-05,-1e-05,-0.00016,-1e-05,-1e-05,0.0,0
39032,-3e-05,-4e-05,-6e-05,-1e-05,-0.00016,-1e-05,-1e-05,0.0,0
39033,-3e-05,-4e-05,-6e-05,-1e-05,-0.00016,-1e-05,-1e-05,0.0,0
39034,-1e-05,1e-05,4e-05,3e-05,0.00014,6e-05,3e-05,-4e-05,0
39035,-1e-05,0.0,3e-05,1e-05,-0.00014,-4e-05,-3e-05,-0.00012,0
39036,-1e-05,0.0,3e-05,1e-05,-0.00014,-4e-05,-3e-05,-0.00012,0
39039,-1e-05,0.0,3e-05,1e-05,-0.00014,-4e-05,-3e-05,-0.00012,0
39040,-1e-05,0.0,3e-05,1e-05,-0.00014,-4e-05,-3e-05,-0.00012,0
39041,-5e-05,-4e-05,2e-05,1e-05,-0.00011,-6e-05,2e-05,-2e-05,0
39042,1e-05,2e-05,4e-05,-1e-05,3e-05,0.0,-4e-05,7e-05,0
39043,1e-05,2e-05,4e-05,-1e-05,3e-05,0.0,-4e-05,7e-05,0
39044,1e-05,2e-05,4e-05,-1e-05,3e-05,0.0,-4e-05,7e-05,0
39045,1e-05,2e-05,4e-05,-1e-05,3e-05,0.0,-4e-05,7e-05,0
39046,1e-05,2e-05,4e-05,-1e-05,3e-05,0.0,-4e-05,7e-05,0
39047,1e-05,2e-05,4e-05,-1e-05,3e-05,0.0,-4e-05,7e-05,0
39048,1e-05,2e-05,4e-05,-1e-05,3e-05,0.0,-4e-05,7e-05,0
39049,1e-05,2e-05,4e-05,-1e-05,3e-05,0.0,-4e-05,7e-05,0
39050,1e-05,2e-05,4e-05,-1e-05,3e-05,0.0,-4e-05,7e-05,0
39051,1e-05,2e-05,4e-05,-1e-05,3e-05,0.0,-4e-05,7e-05,0
39052,1e-05,2e-05,4e-05,-1e-05,3e-05,0.0,-4e-05,7e-05,0
39053,1e-05,2e-05,4e-05,-1e-05,3e-05,0.0,-4e-05,7e-05,0
39054,-5e-05,-7e-05,-9e-05,2e-05,-7e-05,-3e-05,0.0,3e-05,0
39055,-1e-05,0.0,2e-05,6e-05,0.00016,2e-05,-3e-05,-3e-05,0
39056,-1e-05,0.0,2e-05,6e-05,0.00016,2e-05,-3e-05,-3e-05,0
39057,-1e-05,0.0,2e-05,6e-05,0.00016,2e-05,-3e-05,-3e-05,0
39058,-1e-05,0.0,2e-05,6e-05,0.00016,2e-05,-3e-05,-3e-05,0
39059,-1e-05,0.0,2e-05,6e-05,0.00016,2e-05,-3e-05,-3e-05,0
39060,-1e-05,0.0,2e-05,6e-05,0.00016,2e-05,-3e-05,-3e-05,0
39061,-1e-05,0.0,2e-05,6e-05,0.00016,2e-05,-3e-05,-3e-05,0
39062,-1e-05,0.0,2e-05,6e-05,0.00016,2e-05,-3e-05,-3e-05,0
39063,-1e-05,0.0,2e-05,6e-05,0.00016,2e-05,-3e-05,-3e-05,0
39064,-1e-05,0.0,2e-05,6e-05,0.00016,2e-05,-3e-05,-3e-05,0
39065,-1e-05,0.0,2e-05,6e-05,0.00016,2e-05,-3e-05,-3e-05,0
39066,-1e-05,0.0,2e-05,6e-05,0.00016,2e-05,-3e-05,-3e-05,0
39067,-1e-05,0.0,2e-05,6e-05,0.00016,2e-05,-3e-05,-3e-05,0
39068,-1e-05,0.0,2e-05,6e-05,0.00016,2e-05,-3e-05,-3e-05,0
39069,1e-05,3e-05,4e-05,5e-05,0.00015,-2e-05,1e-05,4e-05,0
39070,1e-05,3e-05,4e-05,5e-05,0.00015,-2e-05,1e-05,4e-05,0
39071,1e-05,3e-05,4e-05,5e-05,0.00015,-2e-05,1e-05,4e-05,0
39072,1e-05,3e-05,4e-05,5e-05,0.00015,-2e-05,1e-05,4e-05,0
39073,1e-05,3e-05,4e-05,5e-05,0.00015,-2e-05,1e-05,4e-05,0
39074,1e-05,3e-05,4e-05,5e-05,0.00015,-2e-05,1e-05,4e-05,0
39075,1e-05,3e-05,4e-05,5e-05,0.00015,-2e-05,1e-05,4e-05,0
39076,1e-05,3e-05,4e-05,5e-05,0.00015,-2e-05,1e-05,4e-05,0
39077,1e-05,3e-05,4e-05,5e-05,0.00015,-2e-05,1e-05,4e-05,0
39078,1e-05,3e-05,4e-05,5e-05,0.00015,-2e-05,1e-05,4e-05,0
39079,1e-05,3e-05,4e-05,5e-05,0.00015,-2e-05,1e-05,4e-05,0
39080,1e-05,3e-05,4e-05,5e-05,0.00015,-2e-05,1e-05,4e-05,0
39081,1e-05,3e-05,4e-05,5e-05,0.00015,-2e-05,1e-05,4e-05,0
39082,1e-05,3e-05,4e-05,5e-05,0.00015,-2e-05,1e-05,4e-05,0
39083,1e-05,3e-05,4e-05,5e-05,0.00015,-2e-05,1e-05,4e-05,0
39084,-1e-05,-1e-05,-4e-05,-7e-05,1e-05,1e-05,1e-05,3e-05,0
39085,-1e-05,-1e-05,-4e-05,-7e-05,1e-05,1e-05,1e-05,3e-05,0
39086,-1e-05,-1e-05,-4e-05,-7e-05,1e-05,1e-05,1e-05,3e-05,0
39088,-1e-05,-1e-05,-4e-05,-7e-05,1e-05,1e-05,1e-05,3e-05,0
39089,-1e-05,-1e-05,-4e-05,-7e-05,1e-05,1e-05,1e-05,3e-05,0
39090,-1e-05,-1e-05,-4e-05,-7e-05,1e-05,1e-05,1e-05,3e-05,0
39091,-1e-05,-1e-05,-4e-05,-7e-05,1e-05,1e-05,1e-05,3e-05,0
39092,-1e-05,-6e-05,-4e-05,4e-05,7e-05,3e-05,0.0,-2e-05,0
39093,-1e-05,0.0,-1e-05,-2e-05,1e-05,1e-05,-1e-05,0.0,0
39094,-1e-05,0.0,-1e-05,-2e-05,1e-05,1e-05,-1e-05,0.0,0
39095,-1e-05,0.0,-1e-05,-2e-05,1e-05,1e-05,-1e-05,0.0,0
39096,-1e-05,0.0,-1e-05,-2e-05,1e-05,1e-05,-1e-05,0.0,0
39097,-1e-05,0.0,-1e-05,-2e-05,1e-05,1e-05,-1e-05,0.0,0
39098,-1e-05,0.0,-1e-05,-2e-05,1e-05,1e-05,-1e-05,0.0,0
39099,-1e-05,0.0,-1e-05,-2e-05,1e-05,1e-05,-1e-05,0.0,0
39100,-1e-05,0.0,-1e-05,-2e-05,1e-05,1e-05,-1e-05,0.0,0
39101,-1e-05,0.0,-1e-05,-2e-05,1e-05,1e-05,-1e-05,0.0,0
39102,-1e-05,0.0,-1e-05,-2e-05,1e-05,1e-05,-1e-05,0.0,0
39104,-1e-05,0.0,-1e-05,-2e-05,1e-05,1e-05,-1e-05,0.0,0
39105,-1e-05,0.0,-1e-05,-2e-05,1e-05,1e-05,-1e-05,0.0,0
39106,-1e-05,0.0,-1e-05,-2e-05,1e-05,1e-05,-1e-05,0.0,0
39107,-1e-05,0.0,-1e-05,-2e-05,1e-05,1e-05,-1e-05,0.0,0
39108,-1e-05,0.0,-1e-05,-2e-05,1e-05,1e-05,-1e-05,0.0,0
39109,-1e-05,0.0,-1e-05,-2e-05,1e-05,1e-05,-1e-05,0.0,0
39110,-1e-05,0.0,-1e-05,-2e-05,1e-05,1e-05,-1e-05,0.0,0
39111,-1e-05,0.0,-1e-05,-2e-05,1e-05,1e-05,-1e-05,0.0,0
39112,-1e-05,0.0,-1e-05,-2e-05,1e-05,1e-05,-1e-05,0.0,0
39113,-1e-05,0.0,-1e-05,-2e-05,1e-05,1e-05,-1e-05,0.0,0
39114,-1e-05,0.0,-1e-05,-2e-05,1e-05,1e-05,-1e-05,0.0,0
39115,-1e-05,0.0,-1e-05,-2e-05,1e-05,1e-05,-1e-05,0.0,0
39116,-1e-05,0.0,-1e-05,-2e-05,1e-05,1e-05,-1e-05,0.0,0
39117,-1e-05,0.0,-1e-05,-2e-05,1e-05,1e-05,-1e-05,0.0,0
39118,-1e-05,0.0,-1e-05,-2e-05,1e-05,1e-05,-1e-05,0.0,0
39119,-1e-05,0.0,-1e-05,-2e-05,1e-05,1e-05,-1e-05,0.0,0
39120,-1e-05,0.0,-1e-05,-2e-05,1e-05,1e-05,-1e-05,0.0,0
39121,-1e-05,0.0,-1e-05,-2e-05,1e-05,1e-05,-1e-05,0.0,0
39122,-3e-05,-2e-05,-4e-05,-8e-05,-0.00034,-9e-05,-3e-05,-4e-05,0
39123,1e-05,-3e-05,-3e-05,1e-05,0.00033,6e-05,1e-05,0.0,0
39124,0.0,1e-05,0.0,-1e-05,-6e-05,-1e-05,-2e-05,-1e-05,0
39125,0.0,1e-05,0.0,-1e-05,-6e-05,-1e-05,-2e-05,-1e-05,0
39126,0.0,1e-05,0.0,-1e-05,-6e-05,-1e-05,-2e-05,-1e-05,0
39127,0.0,1e-05,0.0,-1e-05,-6e-05,-1e-05,-2e-05,-1e-05,0
39128,0.0,0.0,0.0,0.0,0.00012,3e-05,0.0,-4e-05,0
39129,-1e-05,0.0,0.0,-5e-05,-0.00026,-6e-05,-2e-05,1e-05,0
39130,-1e-05,0.0,0.0,-5e-05,-0.00026,-6e-05,-2e-05,1e-05,0
39131,-1e-05,0.0,0.0,-5e-05,-0.00026,-6e-05,-2e-05,1e-05,0
39132,-1e-05,0.0,0.0,-5e-05,-0.00026,-6e-05,-2e-05,1e-05,0
39133,-1e-05,0.0,0.0,-5e-05,-0.00026,-6e-05,-2e-05,1e-05,0
39134,-1e-05,0.0,0.0,-5e-05,-0.00026,-6e-05,-2e-05,1e-05,0
39135,-1e-05,0.0,0.0,-5e-05,-0.00026,-6e-05,-2e-05,1e-05,0
39136,-1e-05,0.0,0.0,-5e-05,-0.00026,-6e-05,-2e-05,1e-05,0
39138,-2e-05,-3e-05,1e-05,-2e-05,0.00014,2e-05,2e-05,2e-05,0
39139,-2e-05,-3e-05,1e-05,-2e-05,0.00014,2e-05,2e-05,2e-05,0
39140,-2e-05,-3e-05,1e-05,-2e-05,0.00014,2e-05,2e-05,2e-05,0
39141,-2e-05,-3e-05,1e-05,-2e-05,0.00014,2e-05,2e-05,2e-05,0
39142,-2e-05,-3e-05,1e-05,-2e-05,0.00014,2e-05,2e-05,2e-05,0
39143,-2e-05,-3e-05,1e-05,-2e-05,0.00014,2e-05,2e-05,2e-05,0
39144,-2e-05,-3e-05,1e-05,-2e-05,0.00014,2e-05,2e-05,2e-05,0
39145,-2e-05,-3e-05,1e-05,-2e-05,0.00014,2e-05,2e-05,2e-05,0
39146,-2e-05,-3e-05,1e-05,-2e-05,0.00014,2e-05,2e-05,2e-05,0
39147,-2e-05,-3e-05,1e-05,-2e-05,0.00014,2e-05,2e-05,2e-05,0
39148,-2e-05,-3e-05,1e-05,-2e-05,0.00014,2e-05,2e-05,2e-05,0
39149,-2e-05,-3e-05,1e-05,-2e-05,0.00014,2e-05,2e-05,2e-05,0
39150,-2e-05,-3e-05,1e-05,-2e-05,0.00014,2e-05,2e-05,2e-05,0
39151,-2e-05,-3e-05,1e-05,-2e-05,0.00014,2e-05,2e-05,2e-05,0
39152,0.0,1e-05,3e-05,-1e-05,0.0001,2e-05,-4e-05,-0.00011,0
39154,0.0,1e-05,3e-05,-1e-05,0.0001,2e-05,-4e-05,-0.00011,0
39155,0.0,1e-05,3e-05,-1e-05,0.0001,2e-05,-4e-05,-0.00011,0
39156,0.0,1e-05,3e-05,-1e-05,0.0001,2e-05,-4e-05,-0.00011,0
39157,0.0,1e-05,3e-05,-1e-05,0.0001,2e-05,-4e-05,-0.00011,0
39158,0.0,1e-05,3e-05,-1e-05,0.0001,2e-05,-4e-05,-0.00011,0
39159,0.0,-1e-05,0.0,0.00012,2e-05,1e-05,4e-05,7e-05,0
39160,-1e-05,-1e-05,-3e-05,-3e-05,-0.00014,-2e-05,-2e-05,-2e-05,0
39161,-1e-05,-1e-05,-3e-05,-3e-05,-0.00014,-2e-05,-2e-05,-2e-05,0
39162,-1e-05,-1e-05,-3e-05,-3e-05,-0.00014,-2e-05,-2e-05,-2e-05,0
39163,-1e-05,-1e-05,-3e-05,-3e-05,-0.00014,-2e-05,-2e-05,-2e-05,0
39164,-1e-05,-1e-05,-3e-05,-3e-05,-0.00014,-2e-05,-2e-05,-2e-05,0
39165,-1e-05,-1e-05,-3e-05,-3e-05,-0.00014,-2e-05,-2e-05,-2e-05,0
39166,-1e-05,-1e-05,-3e-05,-3e-05,-0.00014,-2e-05,-2e-05,-2e-05,0
39167,-1e-05,-1e-05,-3e-05,-3e-05,-0.00014,-2e-05,-2e-05,-2e-05,0
39168,-1e-05,-1e-05,-3e-05,-3e-05,-0.00014,-2e-05,-2e-05,-2e-05,0
39169,-1e-05,-1e-05,-3e-05,-3e-05,-0.00014,-2e-05,-2e-05,-2e-05,0
39170,-1e-05,-1e-05,-3e-05,-3e-05,-0.00014,-2e-05,-2e-05,-2e-05,0
39171,-1e-05,-1e-05,-3e-05,-3e-05,-0.00014,-2e-05,-2e-05,-2e-05,0
39172,-1e-05,-1e-05,-3e-05,-3e-05,-0.00014,-2e-05,-2e-05,-2e-05,0
39173,-1e-05,-1e-05,-3e-05,-3e-05,-0.00014,-2e-05,-2e-05,-2e-05,0
39174,0.0,2e-05,1e-05,4e-05,7e-05,4e-05,8e-05,-6e-05,0
39175,-1e-05,-2e-05,-5e-05,1e-05,5e-05,2e-05,2e-05,2e-05,0
39176,-1e-05,-2e-05,-5e-05,1e-05,5e-05,2e-05,2e-05,2e-05,0
39177,-1e-05,-2e-05,-5e-05,1e-05,5e-05,2e-05,2e-05,2e-05,0
39178,-1e-05,-2e-05,-5e-05,1e-05,5e-05,2e-05,2e-05,2e-05,0
39179,-1e-05,-2e-05,-5e-05,1e-05,5e-05,2e-05,2e-05,2e-05,0
39180,-1e-05,-2e-05,-5e-05,1e-05,5e-05,2e-05,2e-05,2e-05,0
39181,-1e-05,-2e-05,-5e-05,1e-05,5e-05,2e-05,2e-05,2e-05,0
39182,-1e-05,-2e-05,-5e-05,1e-05,5e-05,2e-05,2e-05,2e-05,0
39183,-1e-05,-2e-05,-5e-05,1e-05,5e-05,2e-05,2e-05,2e-05,0
39184,-1e-05,-2e-05,-5e-05,1e-05,5e-05,2e-05,2e-05,2e-05,0
39185,-1e-05,-2e-05,-5e-05,1e-05,5e-05,2e-05,2e-05,2e-05,0
39186,-1e-05,-2e-05,-5e-05,1e-05,5e-05,2e-05,2e-05,2e-05,0
39188,-1e-05,-2e-05,-5e-05,1e-05,5e-05,2e-05,2e-05,2e-05,0
39189,2e-05,0.0,3e-05,0.0,3e-05,-1e-05,-5e-05,-0.0001,0
39190,2e-05,0.0,3e-05,0.0,3e-05,-1e-05,-5e-05,-0.0001,0
39191,2e-05,0.0,3e-05,0.0,3e-05,-1e-05,-5e-05,-0.0001,0
39192,2e-05,0.0,3e-05,0.0,3e-05,-1e-05,-5e-05,-0.0001,0
39193,2e-05,0.0,3e-05,0.0,3e-05,-1e-05,-5e-05,-0.0001,0
39194,2e-05,0.0,3e-05,0.0,3e-05,-1e-05,-5e-05,-0.0001,0
39195,2e-05,0.0,3e-05,0.0,3e-05,-1e-05,-5e-05,-0.0001,0
39196,2e-05,0.0,3e-05,0.0,3e-05,-1e-05,-5e-05,-0.0001,0
39197,-2e-05,-3e-05,-2e-05,-4e-05,1e-05,-4e-05,-3e-05,0.0,0
39198,-2e-05,-3e-05,-2e-05,-4e-05,1e-05,-4e-05,-3e-05,0.0,0
39199,-2e-05,-3e-05,-2e-05,-4e-05,1e-05,-4e-05,-3e-05,0.0,0
39200,-2e-05,-3e-05,-2e-05,-4e-05,1e-05,-4e-05,-3e-05,0.0,0
39201,-2e-05,-3e-05,-2e-05,-4e-05,1e-05,-4e-05,-3e-05,0.0,0
39202,-2e-05,-3e-05,-2e-05,-4e-05,1e-05,-4e-05,-3e-05,0.0,0
39204,-2e-05,-3e-05,-2e-05,-4e-05,1e-05,-4e-05,-3e-05,0.0,0
39205,-2e-05,-3e-05,-2e-05,-4e-05,1e-05,-4e-05,-3e-05,0.0,0
39206,-2e-05,-3e-05,-2e-05,-4e-05,1e-05,-4e-05,-3e-05,0.0,0
39207,-2e-05,-3e-05,-2e-05,-4e-05,1e-05,-4e-05,-3e-05,0.0,0
39208,-2e-05,-3e-05,-2e-05,-4e-05,1e-05,-4e-05,-3e-05,0.0,0
39209,-2e-05,-3e-05,-2e-05,-4e-05,1e-05,-4e-05,-3e-05,0.0,0
39210,-2e-05,-3e-05,-2e-05,-4e-05,1e-05,-4e-05,-3e-05,0.0,0
39211,-2e-05,-3e-05,-2e-05,-4e-05,1e-05,-4e-05,-3e-05,0.0,0
39212,-2e-05,-1e-05,-5e-05,-4e-05,0.0001,-2e-05,-2e-05,-2e-05,0
39213,-1e-05,1e-05,1e-05,0.0,-0.00011,0.0,0.0,1e-05,0
39214,-1e-05,1e-05,1e-05,0.0,-0.00011,0.0,0.0,1e-05,0
39215,-1e-05,1e-05,1e-05,0.0,-0.00011,0.0,0.0,1e-05,0
39216,-1e-05,1e-05,1e-05,0.0,-0.00011,0.0,0.0,1e-05,0
39217,-1e-05,1e-05,1e-05,0.0,-0.00011,0.0,0.0,1e-05,0
39218,-1e-05,1e-05,1e-05,0.0,-0.00011,0.0,0.0,1e-05,0
39219,-1e-05,1e-05,1e-05,0.0,-0.00011,0.0,0.0,1e-05,0
39220,-1e-05,1e-05,1e-05,0.0,-0.00011,0.0,0.0,1e-05,0
39221,-1e-05,1e-05,1e-05,0.0,-0.00011,0.0,0.0,1e-05,0
39222,-1e-05,1e-05,1e-05,0.0,-0.00011,0.0,0.0,1e-05,0
39223,-1e-05,1e-05,1e-05,0.0,-0.00011,0.0,0.0,1e-05,0
39224,-1e-05,1e-05,1e-05,0.0,-0.00011,0.0,0.0,1e-05,0
39225,-1e-05,1e-05,1e-05,0.0,-0.00011,0.0,0.0,1e-05,0
39226,-1e-05,1e-05,1e-05,0.0,-0.00011,0.0,0.0,1e-05,0
39227,-1e-05,1e-05,1e-05,0.0,-0.00011,0.0,0.0,1e-05,0
39228,-1e-05,1e-05,1e-05,0.0,-0.00011,0.0,0.0,1e-05,0
39229,-1e-05,1e-05,1e-05,0.0,-0.00011,0.0,0.0,1e-05,0
39230,-1e-05,1e-05,1e-05,0.0,-0.00011,0.0,0.0,1e-05,0
39231,-1e-05,1e-05,1e-05,0.0,-0.00011,0.0,0.0,1e-05,0
39232,-1e-05,1e-05,1e-05,0.0,-0.00011,0.0,0.0,1e-05,0
39233,-1e-05,1e-05,1e-05,0.0,-0.00011,0.0,0.0,1e-05,0
39234,-1e-05,1e-05,1e-05,0.0,-0.00011,0.0,0.0,1e-05,0
39235,-1e-05,1e-05,1e-05,0.0,-0.00011,0.0,0.0,1e-05,0
39236,-1e-05,1e-05,1e-05,0.0,-0.00011,0.0,0.0,1e-05,0
39238,-1e-05,1e-05,1e-05,0.0,-0.00011,0.0,0.0,1e-05,0
39239,-1e-05,1e-05,1e-05,0.0,-0.00011,0.0,0.0,1e-05,0
39240,-1e-05,1e-05,1e-05,0.0,-0.00011,0.0,0.0,1e-05,0
39241,-1e-05,1e-05,1e-05,0.0,-0.00011,0.0,0.0,1e-05,0
39242,-2e-05,-4e-05,-1e-05,0.0,1e-05,-2e-05,-4e-05,-6e-05,0
39243,0.0,-2e-05,-1e-05,-1e-05,0.0001,1e-05,-1e-05,-5e-05,0
39244,0.0,-2e-05,-1e-05,-1e-05,0.0001,1e-05,-1e-05,-5e-05,0
39245,0.0,-2e-05,-1e-05,-1e-05,0.0001,1e-05,-1e-05,-5e-05,0
39246,0.0,-2e-05,-1e-05,-1e-05,0.0001,1e-05,-1e-05,-5e-05,0
39247,0.0,-2e-05,-1e-05,-1e-05,0.0001,1e-05,-1e-05,-5e-05,0
39248,0.0,-2e-05,-1e-05,-1e-05,0.0001,1e-05,-1e-05,-5e-05,0
39249,1e-05,1e-05,-1e-05,-3e-05,-0.0001,-4e-05,-1e-05,5e-05,0
39250,1e-05,1e-05,-1e-05,-3e-05,-0.0001,-4e-05,-1e-05,5e-05,0
39251,1e-05,1e-05,-1e-05,-3e-05,-0.0001,-4e-05,-1e-05,5e-05,0
39252,1e-05,1e-05,-1e-05,-3e-05,-0.0001,-4e-05,-1e-05,5e-05,0
39254,1e-05,1e-05,-1e-05,-3e-05,-0.0001,-4e-05,-1e-05,5e-05,0
39255,1e-05,1e-05,-1e-05,-3e-05,-0.0001,-4e-05,-1e-05,5e-05,0
39256,1e-05,1e-05,-1e-05,-3e-05,-0.0001,-4e-05,-1e-05,5e-05,0
39257,1e-05,1e-05,-1e-05,-3e-05,-0.0001,-4e-05,-1e-05,5e-05,0
39258,1e-05,1e-05,-1e-05,-3e-05,-0.0001,-4e-05,-1e-05,5e-05,0
39259,1e-05,1e-05,-1e-05,-3e-05,-0.0001,-4e-05,-1e-05,5e-05,0
39260,1e-05,1e-05,-1e-05,-3e-05,-0.0001,-4e-05,-1e-05,5e-05,0
39261,1e-05,1e-05,-1e-05,-3e-05,-0.0001,-4e-05,-1e-05,5e-05,0
39262,1e-05,1e-05,-1e-05,-3e-05,-0.0001,-4e-05,-1e-05,5e-05,0
39263,1e-05,1e-05,-1e-05,-3e-05,-0.0001,-4e-05,-1e-05,5e-05,0
39264,-2e-05,1e-05,-4e-05,-3e-05,1e-05,-5e-05,-3e-05,-3e-05,0
39265,-2e-05,1e-05,-4e-05,-3e-05,1e-05,-5e-05,-3e-05,-3e-05,0
39266,-2e-05,1e-05,-4e-05,-3e-05,1e-05,-5e-05,-3e-05,-3e-05,0
39267,-2e-05,1e-05,-4e-05,-3e-05,1e-05,-5e-05,-3e-05,-3e-05,0
39268,-2e-05,1e-05,-4e-05,-3e-05,1e-05,-5e-05,-3e-05,-3e-05,0
39269,-2e-05,1e-05,-4e-05,-3e-05,1e-05,-5e-05,-3e-05,-3e-05,0
39270,-2e-05,1e-05,-4e-05,-3e-05,1e-05,-5e-05,-3e-05,-3e-05,0
39271,-2e-05,1e-05,-4e-05,-3e-05,1e-05,-5e-05,-3e-05,-3e-05,0
39272,-2e-05,1e-05,-4e-05,-3e-05,1e-05,-5e-05,-3e-05,-3e-05,0
39273,-2e-05,1e-05,-4e-05,-3e-05,1e-05,-5e-05,-3e-05,-3e-05,0
39274,-2e-05,1e-05,-4e-05,-3e-05,1e-05,-5e-05,-3e-05,-3e-05,0
39275,-2e-05,1e-05,-4e-05,-3e-05,1e-05,-5e-05,-3e-05,-3e-05,0
39276,-2e-05,1e-05,-4e-05,-3e-05,1e-05,-5e-05,-3e-05,-3e-05,0
39277,-2e-05,1e-05,-4e-05,-3e-05,1e-05,-5e-05,-3e-05,-3e-05,0
39278,-2e-05,1e-05,-4e-05,-3e-05,1e-05,-5e-05,-3e-05,-3e-05,0
39279,-2e-05,1e-05,-4e-05,-3e-05,1e-05,-5e-05,-3e-05,-3e-05,0
39280,0.0,-1e-05,-3e-05,-1e-05,5e-05,2e-05,2e-05,6e-05,0
39281,-1e-05,-3e-05,-8e-05,-8e-05,-1e-05,1e-05,1e-05,2e-05,0
39282,-1e-05,-3e-05,-8e-05,-8e-05,-1e-05,1e-05,1e-05,2e-05,0
39283,-1e-05,-3e-05,-8e-05,-8e-05,-1e-05,1e-05,1e-05,2e-05,0
39284,-1e-05,-3e-05,-8e-05,-8e-05,-1e-05,1e-05,1e-05,2e-05,0
39285,-1e-05,-3e-05,-8e-05,-8e-05,-1e-05,1e-05,1e-05,2e-05,0
39286,-1e-05,-3e-05,-8e-05,-8e-05,-1e-05,1e-05,1e-05,2e-05,0
39288,-1e-05,-3e-05,-8e-05,-8e-05,-1e-05,1e-05,1e-05,2e-05,0
39289,-1e-05,-3e-05,-8e-05,-8e-05,-1e-05,1e-05,1e-05,2e-05,0
39290,-1e-05,-3e-05,-8e-05,-8e-05,-1e-05,1e-05,1e-05,2e-05,0
39291,-1e-05,-3e-05,-8e-05,-8e-05,-1e-05,1e-05,1e-05,2e-05,0
39292,-1e-05,-3e-05,-8e-05,-8e-05,-1e-05,1e-05,1e-05,2e-05,0
39293,-1e-05,-3e-05,-8e-05,-8e-05,-1e-05,1e-05,1e-05,2e-05,0
39294,0.0,-1e-05,2e-05,0.00011,1e-05,-2e-05,-1e-05,3e-05,0
39295,-1e-05,0.0,4e-05,-1e-05,-4e-05,1e-05,-2e-05,-1e-05,0
39296,-1e-05,0.0,4e-05,-1e-05,-4e-05,1e-05,-2e-05,-1e-05,0
39297,-1e-05,0.0,4e-05,-1e-05,-4e-05,1e-05,-2e-05,-1e-05,0
39298,-1e-05,0.0,4e-05,-1e-05,-4e-05,1e-05,-2e-05,-1e-05,0
39299,-1e-05,0.0,4e-05,-1e-05,-4e-05,1e-05,-2e-05,-1e-05,0
39300,-1e-05,0.0,4e-05,-1e-05,-4e-05,1e-05,-2e-05,-1e-05,0
39301,-1e-05,0.0,4e-05,-1e-05,-4e-05,1e-05,-2e-05,-1e-05,0
39302,-1e-05,0.0,4e-05,-1e-05,-4e-05,1e-05,-2e-05,-1e-05,0
39304,-1e-05,0.0,4e-05,-1e-05,-4e-05,1e-05,-2e-05,-1e-05,0
39305,-1e-05,0.0,4e-05,-1e-05,-4e-05,1e-05,-2e-05,-1e-05,0
39306,-1e-05,0.0,4e-05,-1e-05,-4e-05,1e-05,-2e-05,-1e-05,0
39307,-1e-05,0.0,4e-05,-1e-05,-4e-05,1e-05,-2e-05,-1e-05,0
39308,-1e-05,0.0,4e-05,-1e-05,-4e-05,1e-05,-2e-05,-1e-05,0
39309,-1e-05,0.0,4e-05,-1e-05,-4e-05,1e-05,-2e-05,-1e-05,0
39310,-1e-05,0.0,4e-05,-1e-05,-4e-05,1e-05,-2e-05,-1e-05,0
39311,-1e-05,0.0,4e-05,-1e-05,-4e-05,1e-05,-2e-05,-1e-05,0
39312,-1e-05,0.0,4e-05,-1e-05,-4e-05,1e-05,-2e-05,-1e-05,0
39313,-1e-05,0.0,4e-05,-1e-05,-4e-05,1e-05,-2e-05,-1e-05,0
39314,-1e-05,0.0,4e-05,-1e-05,-4e-05,1e-05,-2e-05,-1e-05,0
39315,-1e-05,0.0,4e-05,-1e-05,-4e-05,1e-05,-2e-05,-1e-05,0
39316,-1e-05,0.0,4e-05,-1e-05,-4e-05,1e-05,-2e-05,-1e-05,0
39317,-1e-05,-2e-05,-3e-05,-5e-05,-3e-05,-1e-05,-1e-05,0.0,0
39318,-3e-05,-3e-05,-4e-05,-1e-05,-3e-05,-1e-05,-1e-05,-2e-05,0
39319,-3e-05,-3e-05,-4e-05,-1e-05,-3e-05,-1e-05,-1e-05,-2e-05,0
39320,-3e-05,-3e-05,-4e-05,-1e-05,-3e-05,-1e-05,-1e-05,-2e-05,0
39321,-3e-05,-3e-05,-4e-05,-1e-05,-3e-05,-1e-05,-1e-05,-2e-05,0
39322,-3e-05,-3e-05,-4e-05,-1e-05,-3e-05,-1e-05,-1e-05,-2e-05,0
39323,-3e-05,-3e-05,-4e-05,-1e-05,-3e-05,-1e-05,-1e-05,-2e-05,0
39324,-3e-05,-3e-05,-4e-05,-1e-05,-3e-05,-1e-05,-1e-05,-2e-05,0
39325,-3e-05,-3e-05,-4e-05,-1e-05,-3e-05,-1e-05,-1e-05,-2e-05,0
39327,-3e-05,-3e-05,-4e-05,-1e-05,-3e-05,-1e-05,-1e-05,-2e-05,0
39328,-3e-05,-3e-05,-4e-05,-1e-05,-3e-05,-1e-05,-1e-05,-2e-05,0
39329,-3e-05,-3e-05,-4e-05,-1e-05,-3e-05,-1e-05,-1e-05,-2e-05,0
39330,-3e-05,-3e-05,-4e-05,-1e-05,-3e-05,-1e-05,-1e-05,-2e-05,0
39331,-3e-05,-3e-05,-4e-05,-1e-05,-3e-05,-1e-05,-1e-05,-2e-05,0
39332,-1e-05,-1e-05,4e-05,3e-05,0.00013,0.0,0.0,1e-05,0
39333,-4e-05,-5e-05,-7e-05,-8e-05,-1e-05,1e-05,-2e-05,-2e-05,0
39334,-4e-05,-5e-05,-7e-05,-8e-05,-1e-05,1e-05,-2e-05,-2e-05,0
39335,-4e-05,-5e-05,-7e-05,-8e-05,-1e-05,1e-05,-2e-05,-2e-05,0
39336,-4e-05,-5e-05,-7e-05,-8e-05,-1e-05,1e-05,-2e-05,-2e-05,0
39338,-4e-05,-5e-05,-7e-05,-8e-05,-1e-05,1e-05,-2e-05,-2e-05,0
39339,-4e-05,-5e-05,-7e-05,-8e-05,-1e-05,1e-05,-2e-05,-2e-05,0
39340,-4e-05,-5e-05,-7e-05,-8e-05,-1e-05,1e-05,-2e-05,-2e-05,0
39341,-4e-05,-5e-05,-7e-05,-8e-05,-1e-05,1e-05,-2e-05,-2e-05,0
39342,-4e-05,-5e-05,-7e-05,-8e-05,-1e-05,1e-05,-2e-05,-2e-05,0
39343,-4e-05,-5e-05,-7e-05,-8e-05,-1e-05,1e-05,-2e-05,-2e-05,0
39344,-4e-05,-5e-05,-7e-05,-8e-05,-1e-05,1e-05,-2e-05,-2e-05,0
39345,-4e-05,-5e-05,-7e-05,-8e-05,-1e-05,1e-05,-2e-05,-2e-05,0
39346,-4e-05,-5e-05,-7e-05,-8e-05,-1e-05,1e-05,-2e-05,-2e-05,0
39347,-4e-05,-5e-05,-7e-05,-8e-05,-1e-05,1e-05,-2e-05,-2e-05,0
39348,-4e-05,-5e-05,-7e-05,-8e-05,-1e-05,1e-05,-2e-05,-2e-05,0
39349,-4e-05,-5e-05,-7e-05,-8e-05,-1e-05,1e-05,-2e-05,-2e-05,0
39350,-4e-05,-5e-05,-7e-05,-8e-05,-1e-05,1e-05,-2e-05,-2e-05,0
39351,-4e-05,-5e-05,-7e-05,-8e-05,-1e-05,1e-05,-2e-05,-2e-05,0
39352,-4e-05,-5e-05,-7e-05,-8e-05,-1e-05,1e-05,-2e-05,-2e-05,0
39354,-1e-05,0.0,-4e-05,-3e-05,2e-05,-2e-05,0.0,0.0,0
39355,0.0,1e-05,3e-05,3e-05,5e-05,0.0,0.0,-3e-05,0
39356,0.0,1e-05,3e-05,3e-05,5e-05,0.0,0.0,-3e-05,0
39357,0.0,1e-05,3e-05,3e-05,5e-05,0.0,0.0,-3e-05,0
39358,0.0,1e-05,3e-05,3e-05,5e-05,0.0,0.0,-3e-05,0
39359,0.0,1e-05,3e-05,3e-05,5e-05,0.0,0.0,-3e-05,0
39360,0.0,1e-05,3e-05,3e-05,5e-05,0.0,0.0,-3e-05,0
39361,0.0,1e-05,3e-05,3e-05,5e-05,0.0,0.0,-3e-05,0
39362,0.0,1e-05,3e-05,3e-05,5e-05,0.0,0.0,-3e-05,0
39363,0.0,1e-05,3e-05,3e-05,5e-05,0.0,0.0,-3e-05,0
39364,0.0,1e-05,3e-05,3e-05,5e-05,0.0,0.0,-3e-05,0
39365,0.0,1e-05,3e-05,3e-05,5e-05,0.0,0.0,-3e-05,0
39366,0.0,1e-05,3e-05,3e-05,5e-05,0.0,0.0,-3e-05,0
39367,0.0,1e-05,3e-05,3e-05,5e-05,0.0,0.0,-3e-05,0
39368,-3e-05,-2e-05,-3e-05,-7e-05,-7e-05,-1e-05,0.0,2e-05,0
39369,-3e-05,-2e-05,-3e-05,-7e-05,-7e-05,-1e-05,0.0,2e-05,0
39370,-3e-05,-2e-05,-3e-05,-7e-05,-7e-05,-1e-05,0.0,2e-05,0
39371,-3e-05,-2e-05,-3e-05,-7e-05,-7e-05,-1e-05,0.0,2e-05,0
39372,-3e-05,-2e-05,-3e-05,-7e-05,-7e-05,-1e-05,0.0,2e-05,0
39373,-3e-05,-2e-05,-3e-05,-7e-05,-7e-05,-1e-05,0.0,2e-05,0
39374,-3e-05,-2e-05,-3e-05,-7e-05,-7e-05,-1e-05,0.0,2e-05,0
39375,-3e-05,-2e-05,-3e-05,-7e-05,-7e-05,-1e-05,0.0,2e-05,0
39376,-3e-05,-2e-05,-3e-05,-7e-05,-7e-05,-1e-05,0.0,2e-05,0
39377,-3e-05,-2e-05,-3e-05,-7e-05,-7e-05,-1e-05,0.0,2e-05,0
39378,-3e-05,-2e-05,-3e-05,-7e-05,-7e-05,-1e-05,0.0,2e-05,0
39379,-3e-05,-2e-05,-3e-05,-7e-05,-7e-05,-1e-05,0.0,2e-05,0
39380,-3e-05,-2e-05,-3e-05,-7e-05,-7e-05,-1e-05,0.0,2e-05,0
39381,-3e-05,-2e-05,-3e-05,-7e-05,-7e-05,-1e-05,0.0,2e-05,0
39382,-3e-05,-2e-05,-3e-05,-7e-05,-7e-05,-1e-05,0.0,2e-05,0
39383,-3e-05,-2e-05,-3e-05,-7e-05,-7e-05,-1e-05,0.0,2e-05,0
39384,-2e-05,-1e-05,0.0,-2e-05,-5e-05,-1e-05,0.0,0.0,0
39385,-2e-05,-1e-05,0.0,-2e-05,-5e-05,-1e-05,0.0,0.0,0
39386,-2e-05,-1e-05,0.0,-2e-05,-5e-05,-1e-05,0.0,0.0,0
39388,-2e-05,-1e-05,0.0,-2e-05,-5e-05,-1e-05,0.0,0.0,0
39389,-2e-05,-1e-05,0.0,-2e-05,-5e-05,-1e-05,0.0,0.0,0
39390,-2e-05,-1e-05,0.0,-2e-05,-5e-05,-1e-05,0.0,0.0,0
39391,-2e-05,-1e-05,0.0,-2e-05,-5e-05,-1e-05,0.0,0.0,0
39392,-2e-05,-1e-05,0.0,-2e-05,-5e-05,-1e-05,0.0,0.0,0
39393,-2e-05,-1e-05,0.0,-2e-05,-5e-05,-1e-05,0.0,0.0,0
39394,-2e-05,-1e-05,0.0,-2e-05,-5e-05,-1e-05,0.0,0.0,0
39395,-2e-05,-1e-05,0.0,-2e-05,-5e-05,-1e-05,0.0,0.0,0
39396,-2e-05,-1e-05,0.0,-2e-05,-5e-05,-1e-05,0.0,0.0,0
39397,-2e-05,-1e-05,0.0,-2e-05,-5e-05,-1e-05,0.0,0.0,0
39398,-2e-05,-1e-05,0.0,-2e-05,-5e-05,-1e-05,0.0,0.0,0
39399,-2e-05,-1e-05,0.0,-2e-05,-5e-05,-1e-05,0.0,0.0,0
39400,-2e-05,-1e-05,-2e-05,2e-05,9e-05,1e-05,-1e-05,1e-05,0
39401,-1e-05,-2e-05,-4e-05,2e-05,6e-05,5e-05,-1e-05,-1e-05,0
39402,-1e-05,-2e-05,-4e-05,2e-05,6e-05,5e-05,-1e-05,-1e-05,0
39404,-1e-05,-2e-05,-4e-05,2e-05,6e-05,5e-05,-1e-05,-1e-05,0
39405,-1e-05,-2e-05,-4e-05,2e-05,6e-05,5e-05,-1e-05,-1e-05,0
39406,-1e-05,-2e-05,-4e-05,2e-05,6e-05,5e-05,-1e-05,-1e-05,0
39407,-1e-05,-2e-05,-4e-05,2e-05,6e-05,5e-05,-1e-05,-1e-05,0
39408,-1e-05,-2e-05,-4e-05,2e-05,6e-05,5e-05,-1e-05,-1e-05,0
39409,-1e-05,-2e-05,-4e-05,2e-05,6e-05,5e-05,-1e-05,-1e-05,0
39410,-1e-05,-2e-05,-4e-05,2e-05,6e-05,5e-05,-1e-05,-1e-05,0
39411,-1e-05,-2e-05,-4e-05,2e-05,6e-05,5e-05,-1e-05,-1e-05,0
39412,-1e-05,-2e-05,-4e-05,2e-05,6e-05,5e-05,-1e-05,-1e-05,0
39413,-1e-05,-2e-05,-4e-05,2e-05,6e-05,5e-05,-1e-05,-1e-05,0
39414,-1e-05,-2e-05,-4e-05,2e-05,6e-05,5e-05,-1e-05,-1e-05,0
39415,1e-05,0.0,-2e-05,-3e-05,-2e-05,-1e-05,1e-05,-1e-05,0
39416,1e-05,0.0,-2e-05,-3e-05,-2e-05,-1e-05,1e-05,-1e-05,0
39417,1e-05,0.0,-2e-05,-3e-05,-2e-05,-1e-05,1e-05,-1e-05,0
39418,1e-05,0.0,-2e-05,-3e-05,-2e-05,-1e-05,1e-05,-1e-05,0
39420,1e-05,0.0,-2e-05,-3e-05,-2e-05,-1e-05,1e-05,-1e-05,0
39421,1e-05,0.0,-2e-05,-3e-05,-2e-05,-1e-05,1e-05,-1e-05,0
39422,0.0,0.0,3e-05,1e-05,-3e-05,-1e-05,-1e-05,-2e-05,0
39423,0.0,0.0,3e-05,1e-05,-3e-05,-1e-05,-1e-05,-2e-05,0
39424,0.0,0.0,3e-05,1e-05,-3e-05,-1e-05,-1e-05,-2e-05,0
39425,0.0,0.0,3e-05,1e-05,-3e-05,-1e-05,-1e-05,-2e-05,0
39426,0.0,0.0,3e-05,1e-05,-3e-05,-1e-05,-1e-05,-2e-05,0
39427,0.0,0.0,3e-05,1e-05,-3e-05,-1e-05,-1e-05,-2e-05,0
39428,0.0,0.0,3e-05,1e-05,-3e-05,-1e-05,-1e-05,-2e-05,0
39429,0.0,0.0,3e-05,1e-05,-3e-05,-1e-05,-1e-05,-2e-05,0
39430,0.0,0.0,3e-05,1e-05,-3e-05,-1e-05,-1e-05,-2e-05,0
39431,0.0,0.0,3e-05,1e-05,-3e-05,-1e-05,-1e-05,-2e-05,0
39432,0.0,0.0,3e-05,1e-05,-3e-05,-1e-05,-1e-05,-2e-05,0
39433,0.0,0.0,3e-05,1e-05,-3e-05,-1e-05,-1e-05,-2e-05,0
39434,0.0,0.0,3e-05,1e-05,-3e-05,-1e-05,-1e-05,-2e-05,0
39435,0.0,0.0,3e-05,1e-05,-3e-05,-1e-05,-1e-05,-2e-05,0
39436,0.0,0.0,3e-05,1e-05,-3e-05,-1e-05,-1e-05,-2e-05,0
39439,0.0,2e-05,2e-05,-6e-05,-4e-05,-1e-05,-3e-05,-2e-05,0
39440,0.0,2e-05,2e-05,-6e-05,-4e-05,-1e-05,-3e-05,-2e-05,0
39441,0.0,2e-05,2e-05,-6e-05,-4e-05,-1e-05,-3e-05,-2e-05,0
39442,0.0,2e-05,2e-05,-6e-05,-4e-05,-1e-05,-3e-05,-2e-05,0
39443,0.0,2e-05,2e-05,-6e-05,-4e-05,-1e-05,-3e-05,-2e-05,0
39444,0.0,2e-05,2e-05,-6e-05,-4e-05,-1e-05,-3e-05,-2e-05,0
39445,0.0,2e-05,2e-05,-6e-05,-4e-05,-1e-05,-3e-05,-2e-05,0
39446,0.0,2e-05,2e-05,-6e-05,-4e-05,-1e-05,-3e-05,-2e-05,0
39447,0.0,2e-05,2e-05,-6e-05,-4e-05,-1e-05,-3e-05,-2e-05,0
39448,0.0,2e-05,2e-05,-6e-05,-4e-05,-1e-05,-3e-05,-2e-05,0
39449,0.0,2e-05,2e-05,-6e-05,-4e-05,-1e-05,-3e-05,-2e-05,0
39450,0.0,2e-05,2e-05,-6e-05,-4e-05,-1e-05,-3e-05,-2e-05,0
39451,0.0,2e-05,2e-05,-6e-05,-4e-05,-1e-05,-3e-05,-2e-05,0
39452,-1e-05,0.0,1e-05,-3e-05,-1e-05,-1e-05,-2e-05,0.0,0
39454,0.0,-3e-05,-6e-05,4e-05,-4e-05,0.0,0.0,1e-05,0
39455,0.0,-3e-05,-6e-05,4e-05,-4e-05,0.0,0.0,1e-05,0
39456,0.0,-3e-05,-6e-05,4e-05,-4e-05,0.0,0.0,1e-05,0
39457,0.0,-3e-05,-6e-05,4e-05,-4e-05,0.0,0.0,1e-05,0
39458,0.0,-3e-05,-6e-05,4e-05,-4e-05,0.0,0.0,1e-05,0
39459,0.0,-3e-05,-6e-05,4e-05,-4e-05,0.0,0.0,1e-05,0
39460,0.0,-3e-05,-6e-05,4e-05,-4e-05,0.0,0.0,1e-05,0
39461,0.0,-3e-05,-6e-05,4e-05,-4e-05,0.0,0.0,1e-05,0
39462,0.0,-3e-05,-6e-05,4e-05,-4e-05,0.0,0.0,1e-05,0
39463,0.0,-3e-05,-6e-05,4e-05,-4e-05,0.0,0.0,1e-05,0
39464,0.0,-3e-05,-6e-05,4e-05,-4e-05,0.0,0.0,1e-05,0
39465,0.0,-3e-05,-6e-05,4e-05,-4e-05,0.0,0.0,1e-05,0
39466,0.0,-3e-05,-6e-05,4e-05,-4e-05,0.0,0.0,1e-05,0
39467,0.0,-3e-05,-6e-05,4e-05,-4e-05,0.0,0.0,1e-05,0
39468,0.0,-3e-05,-6e-05,4e-05,-4e-05,0.0,0.0,1e-05,0
39469,0.0,-3e-05,-6e-05,4e-05,-4e-05,0.0,0.0,1e-05,0
39470,0.0,-3e-05,-6e-05,4e-05,-4e-05,0.0,0.0,1e-05,0
39471,0.0,-3e-05,-6e-05,4e-05,-4e-05,0.0,0.0,1e-05,0
39472,0.0,-3e-05,-6e-05,4e-05,-4e-05,0.0,0.0,1e-05,0
39473,0.0,-3e-05,-6e-05,4e-05,-4e-05,0.0,0.0,1e-05,0
39474,2e-05,0.0,2e-05,-2e-05,-7e-05,-2e-05,0.0,-2e-05,0
39475,-1e-05,-4e-05,-1e-05,2e-05,0.00032,-1e-05,-1e-05,-1e-05,0
39476,0.0,0.0,5e-05,3e-05,3e-05,0.0,-1e-05,-2e-05,0
39477,0.0,0.0,5e-05,3e-05,3e-05,0.0,-1e-05,-2e-05,0
39478,0.0,0.0,5e-05,3e-05,3e-05,0.0,-1e-05,-2e-05,0
39479,0.0,0.0,5e-05,3e-05,3e-05,0.0,-1e-05,-2e-05,0
39480,0.0,0.0,5e-05,3e-05,3e-05,0.0,-1e-05,-2e-05,0
39481,0.0,0.0,5e-05,3e-05,3e-05,0.0,-1e-05,-2e-05,0
39482,0.0,0.0,5e-05,3e-05,3e-05,0.0,-1e-05,-2e-05,0
39483,0.0,0.0,5e-05,3e-05,3e-05,0.0,-1e-05,-2e-05,0
39484,0.0,0.0,5e-05,3e-05,3e-05,0.0,-1e-05,-2e-05,0
39485,0.0,0.0,5e-05,3e-05,3e-05,0.0,-1e-05,-2e-05,0
39486,0.0,0.0,5e-05,3e-05,3e-05,0.0,-1e-05,-2e-05,0
39488,0.0,0.0,5e-05,3e-05,3e-05,0.0,-1e-05,-2e-05,0
39489,0.0,0.0,5e-05,3e-05,3e-05,0.0,-1e-05,-2e-05,0
39490,0.0,0.0,5e-05,3e-05,3e-05,0.0,-1e-05,-2e-05,0
39491,0.0,0.0,5e-05,3e-05,3e-05,0.0,-1e-05,-2e-05,0
39492,0.0,0.0,5e-05,3e-05,3e-05,0.0,-1e-05,-2e-05,0
39493,0.0,0.0,5e-05,3e-05,3e-05,0.0,-1e-05,-2e-05,0
39494,0.0,0.0,5e-05,3e-05,3e-05,0.0,-1e-05,-2e-05,0
39495,0.0,0.0,5e-05,3e-05,3e-05,0.0,-1e-05,-2e-05,0
39496,0.0,0.0,5e-05,3e-05,3e-05,0.0,-1e-05,-2e-05,0
39497,0.0,0.0,5e-05,3e-05,3e-05,0.0,-1e-05,-2e-05,0
39498,0.0,0.0,5e-05,3e-05,3e-05,0.0,-1e-05,-2e-05,0
39499,0.0,0.0,5e-05,3e-05,3e-05,0.0,-1e-05,-2e-05,0
39500,0.0,0.0,5e-05,3e-05,3e-05,0.0,-1e-05,-2e-05,0
39501,0.0,0.0,5e-05,3e-05,3e-05,0.0,-1e-05,-2e-05,0
39502,0.0,0.0,5e-05,3e-05,3e-05,0.0,-1e-05,-2e-05,0
39504,0.0,0.0,5e-05,3e-05,3e-05,0.0,-1e-05,-2e-05,0
39505,0.0,0.0,0.0,-6e-05,-0.00015,-2e-05,-2e-05,0.0,0
39506,0.0,0.0,0.0,-6e-05,-0.0001,-4e-05,0.0,-2e-05,0
39507,0.0,0.0,0.0,-6e-05,-0.0001,-4e-05,0.0,-2e-05,0
39508,0.0,0.0,0.0,-6e-05,-0.0001,-4e-05,0.0,-2e-05,0
39509,0.0,0.0,0.0,-6e-05,-0.0001,-4e-05,0.0,-2e-05,0
39510,0.0,0.0,0.0,-6e-05,-0.0001,-4e-05,0.0,-2e-05,0
39511,-4e-05,-6e-05,-7e-05,-3e-05,-2e-05,-2e-05,-1e-05,-1e-05,0
39512,-3e-05,2e-05,2e-05,5e-05,0.0,2e-05,-1e-05,-1e-05,0
39513,-3e-05,2e-05,2e-05,5e-05,0.0,2e-05,-1e-05,-1e-05,0
39514,-3e-05,2e-05,2e-05,5e-05,0.0,2e-05,-1e-05,-1e-05,0
39515,-3e-05,2e-05,2e-05,5e-05,0.0,2e-05,-1e-05,-1e-05,0
39516,-3e-05,2e-05,2e-05,5e-05,0.0,2e-05,-1e-05,-1e-05,0
39517,-3e-05,2e-05,2e-05,5e-05,0.0,2e-05,-1e-05,-1e-05,0
39518,-3e-05,2e-05,2e-05,5e-05,0.0,2e-05,-1e-05,-1e-05,0
39519,1e-05,1e-05,3e-05,-2e-05,-6e-05,-4e-05,-1e-05,1e-05,0
39520,1e-05,1e-05,3e-05,-2e-05,-6e-05,-4e-05,-1e-05,1e-05,0
39521,1e-05,1e-05,3e-05,-2e-05,-6e-05,-4e-05,-1e-05,1e-05,0
39522,1e-05,1e-05,3e-05,-2e-05,-6e-05,-4e-05,-1e-05,1e-05,0
39523,1e-05,1e-05,3e-05,-2e-05,-6e-05,-4e-05,-1e-05,1e-05,0
39524,1e-05,1e-05,3e-05,-2e-05,-6e-05,-4e-05,-1e-05,1e-05,0
39525,1e-05,1e-05,3e-05,-2e-05,-6e-05,-4e-05,-1e-05,1e-05,0
39526,1e-05,1e-05,3e-05,-2e-05,-6e-05,-4e-05,-1e-05,1e-05,0
39527,1e-05,1e-05,3e-05,-2e-05,-6e-05,-4e-05,-1e-05,1e-05,0
39528,1e-05,1e-05,3e-05,-2e-05,-6e-05,-4e-05,-1e-05,1e-05,0
39529,1e-05,1e-05,3e-05,-2e-05,-6e-05,-4e-05,-1e-05,1e-05,0
39530,1e-05,1e-05,3e-05,-2e-05,-6e-05,-4e-05,-1e-05,1e-05,0
39531,1e-05,1e-05,3e-05,-2e-05,-6e-05,-4e-05,-1e-05,1e-05,0
39532,1e-05,1e-05,3e-05,-2e-05,-6e-05,-4e-05,-1e-05,1e-05,0
39533,1e-05,1e-05,3e-05,-2e-05,-6e-05,-4e-05,-1e-05,1e-05,0
39534,1e-05,1e-05,3e-05,-2e-05,-6e-05,-4e-05,-1e-05,1e-05,0
39535,1e-05,1e-05,3e-05,-2e-05,-6e-05,-4e-05,-1e-05,1e-05,0
39536,1e-05,1e-05,3e-05,-2e-05,-6e-05,-4e-05,-1e-05,1e-05,0
39538,1e-05,1e-05,3e-05,-2e-05,-6e-05,-4e-05,-1e-05,1e-05,0
39539,1e-05,1e-05,3e-05,-2e-05,-6e-05,-4e-05,-1e-05,1e-05,0
39540,1e-05,1e-05,3e-05,-2e-05,-6e-05,-4e-05,-1e-05,1e-05,0
39541,1e-05,1e-05,3e-05,-2e-05,-6e-05,-4e-05,-1e-05,1e-05,0
39542,1e-05,1e-05,3e-05,-2e-05,-6e-05,-4e-05,-1e-05,1e-05,0
39543,1e-05,0.0,0.0,-3e-05,6e-05,1e-05,-2e-05,-1e-05,0
39544,1e-05,0.0,0.0,-3e-05,6e-05,1e-05,-2e-05,-1e-05,0
39545,1e-05,0.0,0.0,-3e-05,6e-05,1e-05,-2e-05,-1e-05,0
39546,1e-05,0.0,0.0,-3e-05,6e-05,1e-05,-2e-05,-1e-05,0
39547,1e-05,0.0,0.0,-3e-05,6e-05,1e-05,-2e-05,-1e-05,0
39548,1e-05,0.0,0.0,-3e-05,6e-05,1e-05,-2e-05,-1e-05,0
39549,1e-05,0.0,0.0,-3e-05,6e-05,1e-05,-2e-05,-1e-05,0
39550,1e-05,0.0,0.0,-3e-05,6e-05,1e-05,-2e-05,-1e-05,0
39551,1e-05,0.0,0.0,-3e-05,6e-05,1e-05,-2e-05,-1e-05,0
39552,1e-05,0.0,0.0,-3e-05,6e-05,1e-05,-2e-05,-1e-05,0
39554,1e-05,0.0,0.0,-3e-05,6e-05,1e-05,-2e-05,-1e-05,0
39555,1e-05,0.0,0.0,-3e-05,6e-05,1e-05,-2e-05,-1e-05,0
39556,1e-05,0.0,0.0,-3e-05,6e-05,1e-05,-2e-05,-1e-05,0
39557,1e-05,0.0,0.0,-3e-05,6e-05,1e-05,-2e-05,-1e-05,0
39558,1e-05,0.0,0.0,-3e-05,6e-05,1e-05,-2e-05,-1e-05,0
39559,-2e-05,-5e-05,-3e-05,-1e-05,5e-05,2e-05,-2e-05,1e-05,0
39560,-2e-05,-5e-05,-3e-05,-1e-05,5e-05,2e-05,-2e-05,1e-05,0
39561,-2e-05,-5e-05,-3e-05,-1e-05,5e-05,2e-05,-2e-05,1e-05,0
39562,-2e-05,-5e-05,-3e-05,-1e-05,5e-05,2e-05,-2e-05,1e-05,0
39563,-2e-05,-5e-05,-3e-05,-1e-05,5e-05,2e-05,-2e-05,1e-05,0
39564,-2e-05,-5e-05,-3e-05,-1e-05,5e-05,2e-05,-2e-05,1e-05,0
39565,-2e-05,-5e-05,-3e-05,-1e-05,5e-05,2e-05,-2e-05,1e-05,0
39566,-2e-05,-5e-05,-3e-05,-1e-05,5e-05,2e-05,-2e-05,1e-05,0
39567,-2e-05,-5e-05,-3e-05,-1e-05,5e-05,2e-05,-2e-05,1e-05,0
39568,-2e-05,-5e-05,-3e-05,-1e-05,5e-05,2e-05,-2e-05,1e-05,0
39569,-2e-05,-5e-05,-3e-05,-1e-05,5e-05,2e-05,-2e-05,1e-05,0
39570,-2e-05,-5e-05,-3e-05,-1e-05,5e-05,2e-05,-2e-05,1e-05,0
39571,-2e-05,-5e-05,-3e-05,-1e-05,5e-05,2e-05,-2e-05,1e-05,0
39572,0.0,3e-05,5e-05,-1e-05,-5e-05,-1e-05,-1e-05,0.0,0
39573,-2e-05,-4e-05,-7e-05,-9e-05,0.0,-2e-05,-1e-05,0.0,0
39574,-2e-05,-4e-05,-7e-05,-9e-05,0.0,-2e-05,-1e-05,0.0,0
39575,-2e-05,-4e-05,-7e-05,-9e-05,0.0,-2e-05,-1e-05,0.0,0
39576,-2e-05,-4e-05,-7e-05,-9e-05,0.0,-2e-05,-1e-05,0.0,0
39577,-2e-05,-4e-05,-7e-05,-9e-05,0.0,-2e-05,-1e-05,0.0,0
39578,-2e-05,-4e-05,-7e-05,-9e-05,0.0,-2e-05,-1e-05,0.0,0
39579,-2e-05,-4e-05,-7e-05,-9e-05,0.0,-2e-05,-1e-05,0.0,0
39580,-2e-05,-4e-05,-7e-05,-9e-05,0.0,-2e-05,-1e-05,0.0,0
39581,-2e-05,-4e-05,-7e-05,-9e-05,0.0,-2e-05,-1e-05,0.0,0
39582,-2e-05,-4e-05,-7e-05,-9e-05,0.0,-2e-05,-1e-05,0.0,0
39583,-2e-05,-4e-05,-7e-05,-9e-05,0.0,-2e-05,-1e-05,0.0,0
39584,-2e-05,-4e-05,-7e-05,-9e-05,0.0,-2e-05,-1e-05,0.0,0
39585,-2e-05,-4e-05,-7e-05,-9e-05,0.0,-2e-05,-1e-05,0.0,0
39586,-2e-05,-4e-05,-7e-05,-9e-05,0.0,-2e-05,-1e-05,0.0,0
39588,-2e-05,-4e-05,-7e-05,-9e-05,0.0,-2e-05,-1e-05,0.0,0
39589,-2e-05,-4e-05,-7e-05,-9e-05,0.0,-2e-05,-1e-05,0.0,0
39590,-2e-05,-4e-05,-7e-05,-9e-05,0.0,-2e-05,-1e-05,0.0,0
39591,-2e-05,-4e-05,-7e-05,-9e-05,0.0,-2e-05,-1e-05,0.0,0
39592,-2e-05,-4e-05,-7e-05,-9e-05,0.0,-2e-05,-1e-05,0.0,0
39593,-2e-05,-4e-05,-7e-05,-9e-05,0.0,-2e-05,-1e-05,0.0,0
39594,-3e-05,-4e-05,-5e-05,5e-05,-2e-05,-2e-05,0.0,-2e-05,0
39595,0.0,0.0,4e-05,2e-05,-3e-05,0.0,0.0,-2e-05,0
39596,0.0,0.0,4e-05,2e-05,-3e-05,0.0,0.0,-2e-05,0
39597,0.0,0.0,4e-05,2e-05,-3e-05,0.0,0.0,-2e-05,0
39598,0.0,0.0,4e-05,2e-05,-3e-05,0.0,0.0,-2e-05,0
39599,0.0,0.0,4e-05,2e-05,-3e-05,0.0,0.0,-2e-05,0
39600,0.0,0.0,4e-05,2e-05,-3e-05,0.0,0.0,-2e-05,0
39601,0.0,0.0,4e-05,2e-05,-3e-05,0.0,0.0,-2e-05,0
39602,0.0,0.0,4e-05,2e-05,-3e-05,0.0,0.0,-2e-05,0
39604,0.0,0.0,4e-05,2e-05,-3e-05,0.0,0.0,-2e-05,0
39605,0.0,0.0,4e-05,2e-05,-3e-05,0.0,0.0,-2e-05,0
39607,0.0,0.0,4e-05,2e-05,-3e-05,0.0,0.0,-2e-05,0
39608,0.0,0.0,4e-05,2e-05,-3e-05,0.0,0.0,-2e-05,0
39609,0.0,0.0,4e-05,2e-05,-3e-05,0.0,0.0,-2e-05,0
39610,0.0,0.0,4e-05,2e-05,-3e-05,0.0,0.0,-2e-05,0
39611,0.0,0.0,4e-05,2e-05,-3e-05,0.0,0.0,-2e-05,0
39612,0.0,0.0,4e-05,2e-05,-3e-05,0.0,0.0,-2e-05,0
39613,0.0,0.0,4e-05,2e-05,-3e-05,0.0,0.0,-2e-05,0
39614,0.0,0.0,4e-05,2e-05,-3e-05,0.0,0.0,-2e-05,0
39615,0.0,0.0,4e-05,2e-05,-3e-05,0.0,0.0,-2e-05,0
39616,0.0,0.0,4e-05,2e-05,-3e-05,0.0,0.0,-2e-05,0
39617,-2e-05,-5e-05,-5e-05,-8e-05,-1e-05,1e-05,0.0,1e-05,0
39618,0.0,5e-05,7e-05,3e-05,1e-05,-2e-05,-1e-05,-1e-05,0
39619,0.0,5e-05,7e-05,3e-05,1e-05,-2e-05,-1e-05,-1e-05,0
39620,0.0,5e-05,7e-05,3e-05,1e-05,-2e-05,-1e-05,-1e-05,0
39621,0.0,5e-05,7e-05,3e-05,1e-05,-2e-05,-1e-05,-1e-05,0
39622,0.0,5e-05,7e-05,3e-05,1e-05,-2e-05,-1e-05,-1e-05,0
39623,0.0,5e-05,7e-05,3e-05,1e-05,-2e-05,-1e-05,-1e-05,0
39624,0.0,5e-05,7e-05,3e-05,1e-05,-2e-05,-1e-05,-1e-05,0
39625,0.0,5e-05,7e-05,3e-05,1e-05,-2e-05,-1e-05,-1e-05,0
39626,0.0,5e-05,7e-05,3e-05,1e-05,-2e-05,-1e-05,-1e-05,0
39627,0.0,5e-05,7e-05,3e-05,1e-05,-2e-05,-1e-05,-1e-05,0
39628,0.0,5e-05,7e-05,3e-05,1e-05,-2e-05,-1e-05,-1e-05,0
39629,0.0,5e-05,7e-05,3e-05,1e-05,-2e-05,-1e-05,-1e-05,0
39630,0.0,5e-05,7e-05,3e-05,1e-05,-2e-05,-1e-05,-1e-05,0
39631,0.0,5e-05,7e-05,3e-05,1e-05,-2e-05,-1e-05,-1e-05,0
39632,0.0,-3e-05,-1e-05,5e-05,0.00014,3e-05,2e-05,0.0,0
39633,-3e-05,-3e-05,-2e-05,1e-05,-1e-05,1e-05,-2e-05,-3e-05,0
39634,-3e-05,-3e-05,-2e-05,1e-05,-1e-05,1e-05,-2e-05,-3e-05,0
39635,-3e-05,-3e-05,-2e-05,1e-05,-1e-05,1e-05,-2e-05,-3e-05,0
39636,-3e-05,-3e-05,-2e-05,1e-05,-1e-05,1e-05,-2e-05,-3e-05,0
39639,-3e-05,-3e-05,-2e-05,1e-05,-1e-05,1e-05,-2e-05,-3e-05,0
39640,-3e-05,-3e-05,-2e-05,1e-05,-1e-05,1e-05,-2e-05,-3e-05,0
39641,-3e-05,-3e-05,-2e-05,1e-05,-1e-05,1e-05,-2e-05,-3e-05,0
39642,-3e-05,-3e-05,-2e-05,1e-05,-1e-05,1e-05,-2e-05,-3e-05,0
39643,-3e-05,-3e-05,-2e-05,1e-05,-1e-05,1e-05,-2e-05,-3e-05,0
39644,-3e-05,-3e-05,-2e-05,1e-05,-1e-05,1e-05,-2e-05,-3e-05,0
39645,-3e-05,-3e-05,-2e-05,1e-05,-1e-05,1e-05,-2e-05,-3e-05,0
39646,-3e-05,-3e-05,-2e-05,1e-05,-1e-05,1e-05,-2e-05,-3e-05,0
39647,-3e-05,-3e-05,-2e-05,1e-05,-1e-05,1e-05,-2e-05,-3e-05,0
39648,-3e-05,-3e-05,-2e-05,1e-05,-1e-05,1e-05,-2e-05,-3e-05,0
39649,-3e-05,-3e-05,-2e-05,1e-05,-1e-05,1e-05,-2e-05,-3e-05,0
39650,-3e-05,-3e-05,-2e-05,1e-05,-1e-05,1e-05,-2e-05,-3e-05,0
39651,-3e-05,-3e-05,-2e-05,1e-05,-1e-05,1e-05,-2e-05,-3e-05,0
39652,-3e-05,-3e-05,-2e-05,1e-05,-1e-05,1e-05,-2e-05,-3e-05,0
39654,2e-05,0.0,1e-05,-3e-05,1e-05,0.0,1e-05,0.0,0
39655,2e-05,0.0,1e-05,-3e-05,1e-05,0.0,1e-05,0.0,0
39656,2e-05,0.0,1e-05,-3e-05,1e-05,0.0,1e-05,0.0,0
39657,2e-05,0.0,1e-05,-3e-05,1e-05,0.0,1e-05,0.0,0
39658,2e-05,0.0,1e-05,-3e-05,1e-05,0.0,1e-05,0.0,0
39659,2e-05,0.0,1e-05,-3e-05,1e-05,0.0,1e-05,0.0,0
39660,2e-05,0.0,1e-05,-3e-05,1e-05,0.0,1e-05,0.0,0
39661,2e-05,0.0,1e-05,-3e-05,1e-05,0.0,1e-05,0.0,0
39662,-3e-05,-3e-05,-3e-05,0.0001,-3e-05,0.0,-1e-05,-2e-05,0
39663,-3e-05,-3e-05,-3e-05,0.0001,-3e-05,0.0,-1e-05,-2e-05,0
39664,-3e-05,-3e-05,-3e-05,0.0001,-3e-05,0.0,-1e-05,-2e-05,0
39665,-3e-05,-3e-05,-3e-05,0.0001,-3e-05,0.0,-1e-05,-2e-05,0
39666,-3e-05,-3e-05,-3e-05,0.0001,-3e-05,0.0,-1e-05,-2e-05,0
39667,-3e-05,-3e-05,-3e-05,0.0001,-3e-05,0.0,-1e-05,-2e-05,0
39668,-3e-05,-3e-05,-3e-05,0.0001,-3e-05,0.0,-1e-05,-2e-05,0
39669,-3e-05,-3e-05,-3e-05,0.0001,-3e-05,0.0,-1e-05,-2e-05,0
39670,-3e-05,-3e-05,-3e-05,0.0001,-3e-05,0.0,-1e-05,-2e-05,0
39671,-3e-05,-3e-05,-3e-05,0.0001,-3e-05,0.0,-1e-05,-2e-05,0
39672,-3e-05,-3e-05,-3e-05,0.0001,-3e-05,0.0,-1e-05,-2e-05,0
39673,-3e-05,-3e-05,-3e-05,0.0001,-3e-05,0.0,-1e-05,-2e-05,0
39674,-3e-05,-3e-05,-3e-05,0.0001,-3e-05,0.0,-1e-05,-2e-05,0
39675,-3e-05,-3e-05,-3e-05,0.0001,-3e-05,0.0,-1e-05,-2e-05,0
39676,-3e-05,-3e-05,-3e-05,0.0001,-3e-05,0.0,-1e-05,-2e-05,0
39677,0.0,-1e-05,1e-05,-9e-05,8e-05,-1e-05,-3e-05,1e-05,0
39678,-1e-05,2e-05,-1e-05,8e-05,-2e-05,1e-05,-1e-05,-1e-05,0
39679,-1e-05,2e-05,-1e-05,8e-05,-2e-05,1e-05,-1e-05,-1e-05,0
39680,-1e-05,2e-05,-1e-05,8e-05,-2e-05,1e-05,-1e-05,-1e-05,0
39681,-1e-05,2e-05,-1e-05,8e-05,-2e-05,1e-05,-1e-05,-1e-05,0
39682,-1e-05,2e-05,-1e-05,8e-05,-2e-05,1e-05,-1e-05,-1e-05,0
39683,-1e-05,2e-05,-1e-05,8e-05,-2e-05,1e-05,-1e-05,-1e-05,0
39684,-1e-05,2e-05,-1e-05,8e-05,-2e-05,1e-05,-1e-05,-1e-05,0
39685,-1e-05,2e-05,-1e-05,8e-05,-2e-05,1e-05,-1e-05,-1e-05,0
39686,-1e-05,2e-05,-1e-05,8e-05,-2e-05,1e-05,-1e-05,-1e-05,0
39688,-1e-05,2e-05,-1e-05,8e-05,-2e-05,1e-05,-1e-05,-1e-05,0
39689,-1e-05,2e-05,-1e-05,8e-05,-2e-05,1e-05,-1e-05,-1e-05,0
39690,-1e-05,2e-05,-1e-05,8e-05,-2e-05,1e-05,-1e-05,-1e-05,0
39691,-1e-05,2e-05,-1e-05,8e-05,-2e-05,1e-05,-1e-05,-1e-05,0
39692,-1e-05,2e-05,-1e-05,8e-05,-2e-05,1e-05,-1e-05,-1e-05,0
39693,-1e-05,2e-05,-1e-05,8e-05,-2e-05,1e-05,-1e-05,-1e-05,0
39694,-1e-05,2e-05,-1e-05,8e-05,-2e-05,1e-05,-1e-05,-1e-05,0
39695,-1e-05,2e-05,-1e-05,8e-05,-2e-05,1e-05,-1e-05,-1e-05,0
39696,-1e-05,2e-05,-1e-05,8e-05,-2e-05,1e-05,-1e-05,-1e-05,0
39697,-1e-05,2e-05,-1e-05,8e-05,-2e-05,1e-05,-1e-05,-1e-05,0
39698,-1e-05,2e-05,-1e-05,8e-05,-2e-05,1e-05,-1e-05,-1e-05,0
39699,-1e-05,2e-05,-1e-05,8e-05,-2e-05,1e-05,-1e-05,-1e-05,0
39700,0.0,-2e-05,-5e-05,-4e-05,-4e-05,-2e-05,-2e-05,0.0,0
39701,0.0,-1e-05,0.0,-8e-05,-2e-05,-4e-05,-2e-05,0.0,0
39702,0.0,-1e-05,0.0,-8e-05,-2e-05,-4e-05,-2e-05,0.0,0
39704,0.0,-1e-05,0.0,-8e-05,-2e-05,-4e-05,-2e-05,0.0,0
39705,0.0,-1e-05,0.0,-8e-05,-2e-05,-4e-05,-2e-05,0.0,0
39706,0.0,-1e-05,0.0,-8e-05,-2e-05,-4e-05,-2e-05,0.0,0
39707,0.0,-1e-05,0.0,-8e-05,-2e-05,-4e-05,-2e-05,0.0,0
39708,0.0,-1e-05,0.0,-8e-05,-2e-05,-4e-05,-2e-05,0.0,0
39709,0.0,-1e-05,0.0,-8e-05,-2e-05,-4e-05,-2e-05,0.0,0
39710,0.0,-1e-05,0.0,-8e-05,-2e-05,-4e-05,-2e-05,0.0,0
39711,0.0,-1e-05,0.0,-8e-05,-2e-05,-4e-05,-2e-05,0.0,0
39712,0.0,-1e-05,0.0,-8e-05,-2e-05,-4e-05,-2e-05,0.0,0
39713,0.0,-1e-05,0.0,-8e-05,-2e-05,-4e-05,-2e-05,0.0,0
39714,0.0,2e-05,2e-05,-8e-05,-2e-05,-2e-05,1e-05,-1e-05,0
39715,-2e-05,-2e-05,-8e-05,-7e-05,7e-05,2e-05,-1e-05,-2e-05,0
39716,-2e-05,-2e-05,-8e-05,-7e-05,7e-05,2e-05,-1e-05,-2e-05,0
39717,-2e-05,-2e-05,-8e-05,-7e-05,7e-05,2e-05,-1e-05,-2e-05,0
39718,-2e-05,-2e-05,-8e-05,-7e-05,7e-05,2e-05,-1e-05,-2e-05,0
39719,-2e-05,-2e-05,-8e-05,-7e-05,7e-05,2e-05,-1e-05,-2e-05,0
39720,-2e-05,-2e-05,-8e-05,-7e-05,7e-05,2e-05,-1e-05,-2e-05,0
39721,-2e-05,-2e-05,-8e-05,-7e-05,7e-05,2e-05,-1e-05,-2e-05,0
39722,-2e-05,-2e-05,-8e-05,-7e-05,7e-05,2e-05,-1e-05,-2e-05,0
39723,-2e-05,-2e-05,-8e-05,-7e-05,7e-05,2e-05,-1e-05,-2e-05,0
39724,-2e-05,-2e-05,-8e-05,-7e-05,7e-05,2e-05,-1e-05,-2e-05,0
39725,-2e-05,-2e-05,-8e-05,-7e-05,7e-05,2e-05,-1e-05,-2e-05,0
39726,-2e-05,-2e-05,-8e-05,-7e-05,7e-05,2e-05,-1e-05,-2e-05,0
39727,-2e-05,-2e-05,-8e-05,-7e-05,7e-05,2e-05,-1e-05,-2e-05,0
39728,-2e-05,-2e-05,-8e-05,-7e-05,7e-05,2e-05,-1e-05,-2e-05,0
39729,-2e-05,-2e-05,-8e-05,-7e-05,7e-05,2e-05,-1e-05,-2e-05,0
39730,-2e-05,-2e-05,-8e-05,-7e-05,7e-05,2e-05,-1e-05,-2e-05,0
39731,-2e-05,-2e-05,-8e-05,-7e-05,7e-05,2e-05,-1e-05,-2e-05,0
39732,-2e-05,-2e-05,-8e-05,-7e-05,7e-05,2e-05,-1e-05,-2e-05,0
39733,-2e-05,-2e-05,-8e-05,-7e-05,7e-05,2e-05,-1e-05,-2e-05,0
39734,-2e-05,-2e-05,-8e-05,-7e-05,7e-05,2e-05,-1e-05,-2e-05,0
39735,-2e-05,-2e-05,-8e-05,-7e-05,7e-05,2e-05,-1e-05,-2e-05,0
39736,-2e-05,-2e-05,-8e-05,-7e-05,7e-05,2e-05,-1e-05,-2e-05,0
39739,-1e-05,1e-05,3e-05,-4e-05,2e-05,-1e-05,1e-05,1e-05,0
39740,-1e-05,1e-05,3e-05,-4e-05,2e-05,-1e-05,1e-05,1e-05,0
39741,-1e-05,1e-05,3e-05,-4e-05,2e-05,-1e-05,1e-05,1e-05,0
39742,-1e-05,1e-05,3e-05,-4e-05,2e-05,-1e-05,1e-05,1e-05,0
39743,-1e-05,1e-05,3e-05,-4e-05,2e-05,-1e-05,1e-05,1e-05,0
39744,-1e-05,1e-05,3e-05,-4e-05,2e-05,-1e-05,1e-05,1e-05,0
39745,-1e-05,1e-05,3e-05,-4e-05,2e-05,-1e-05,1e-05,1e-05,0
39746,-1e-05,1e-05,3e-05,-4e-05,2e-05,-1e-05,1e-05,1e-05,0
39747,-1e-05,1e-05,3e-05,-4e-05,2e-05,-1e-05,1e-05,1e-05,0
39748,-1e-05,1e-05,3e-05,-4e-05,2e-05,-1e-05,1e-05,1e-05,0
39749,-1e-05,1e-05,3e-05,-4e-05,2e-05,-1e-05,1e-05,1e-05,0
39750,-1e-05,1e-05,3e-05,-4e-05,2e-05,-1e-05,1e-05,1e-05,0
39751,-1e-05,1e-05,3e-05,-4e-05,2e-05,-1e-05,1e-05,1e-05,0
39752,1e-05,2e-05,1e-05,-6e-05,-2e-05,6e-05,-2e-05,-1e-05,0
39754,1e-05,2e-05,1e-05,-6e-05,-2e-05,6e-05,-2e-05,-1e-05,0
39755,1e-05,2e-05,1e-05,-6e-05,-2e-05,6e-05,-2e-05,-1e-05,0
39756,1e-05,2e-05,1e-05,-6e-05,-2e-05,6e-05,-2e-05,-1e-05,0
39757,1e-05,2e-05,1e-05,-6e-05,-2e-05,6e-05,-2e-05,-1e-05,0
39758,1e-05,2e-05,1e-05,-6e-05,-2e-05,6e-05,-2e-05,-1e-05,0
39759,1e-05,2e-05,1e-05,-6e-05,-2e-05,6e-05,-2e-05,-1e-05,0
39760,1e-05,2e-05,1e-05,-6e-05,-2e-05,6e-05,-2e-05,-1e-05,0
39761,1e-05,2e-05,1e-05,-6e-05,-2e-05,6e-05,-2e-05,-1e-05,0
39762,1e-05,2e-05,1e-05,-6e-05,-2e-05,6e-05,-2e-05,-1e-05,0
39763,1e-05,2e-05,1e-05,-6e-05,-2e-05,6e-05,-2e-05,-1e-05,0
39764,1e-05,2e-05,1e-05,-6e-05,-2e-05,6e-05,-2e-05,-1e-05,0
39765,1e-05,2e-05,1e-05,-6e-05,-2e-05,6e-05,-2e-05,-1e-05,0
39766,1e-05,2e-05,1e-05,-6e-05,-2e-05,6e-05,-2e-05,-1e-05,0
39767,1e-05,2e-05,1e-05,-6e-05,-2e-05,6e-05,-2e-05,-1e-05,0
39768,1e-05,2e-05,1e-05,-6e-05,-2e-05,6e-05,-2e-05,-1e-05,0
39769,1e-05,2e-05,1e-05,-6e-05,-2e-05,6e-05,-2e-05,-1e-05,0
39770,1e-05,2e-05,1e-05,-6e-05,-2e-05,6e-05,-2e-05,-1e-05,0
39771,1e-05,2e-05,1e-05,-6e-05,-2e-05,6e-05,-2e-05,-1e-05,0
39772,1e-05,2e-05,1e-05,-6e-05,-2e-05,6e-05,-2e-05,-1e-05,0
39773,1e-05,2e-05,1e-05,-6e-05,-2e-05,6e-05,-2e-05,-1e-05,0
39774,1e-05,2e-05,1e-05,-6e-05,-2e-05,6e-05,-2e-05,-1e-05,0
39775,1e-05,2e-05,1e-05,-6e-05,-2e-05,6e-05,-2e-05,-1e-05,0
39776,1e-05,2e-05,1e-05,-6e-05,-2e-05,6e-05,-2e-05,-1e-05,0
39777,1e-05,2e-05,1e-05,-6e-05,-2e-05,6e-05,-2e-05,-1e-05,0
39778,1e-05,2e-05,1e-05,-6e-05,-2e-05,6e-05,-2e-05,-1e-05,0
39779,1e-05,2e-05,1e-05,-6e-05,-2e-05,6e-05,-2e-05,-1e-05,0
39780,1e-05,2e-05,1e-05,-6e-05,-2e-05,6e-05,-2e-05,-1e-05,0
39781,1e-05,2e-05,1e-05,-6e-05,-2e-05,6e-05,-2e-05,-1e-05,0
39782,-3e-05,-5e-05,-1e-05,0.00014,7e-05,-1e-05,0.0,3e-05,0
39783,1e-05,0.0,1e-05,3e-05,9e-05,0.0,0.0,-1e-05,0
39784,1e-05,0.0,1e-05,3e-05,9e-05,0.0,0.0,-1e-05,0
39785,1e-05,0.0,1e-05,3e-05,9e-05,0.0,0.0,-1e-05,0
39786,1e-05,0.0,1e-05,3e-05,9e-05,0.0,0.0,-1e-05,0
39788,1e-05,0.0,1e-05,3e-05,9e-05,0.0,0.0,-1e-05,0
39789,1e-05,0.0,1e-05,3e-05,9e-05,0.0,0.0,-1e-05,0
39790,1e-05,0.0,1e-05,3e-05,9e-05,0.0,0.0,-1e-05,0
39791,1e-05,0.0,1e-05,3e-05,9e-05,0.0,0.0,-1e-05,0
39792,1e-05,0.0,1e-05,3e-05,9e-05,0.0,0.0,-1e-05,0
39793,1e-05,0.0,1e-05,3e-05,9e-05,0.0,0.0,-1e-05,0
39794,1e-05,0.0,1e-05,3e-05,9e-05,0.0,0.0,-1e-05,0
39795,1e-05,0.0,1e-05,3e-05,9e-05,0.0,0.0,-1e-05,0
39796,1e-05,0.0,1e-05,3e-05,9e-05,0.0,0.0,-1e-05,0
39797,1e-05,0.0,1e-05,3e-05,9e-05,0.0,0.0,-1e-05,0
39798,1e-05,3e-05,3e-05,-7e-05,-7e-05,-4e-05,-2e-05,-1e-05,0
39799,-3e-05,-4e-05,-4e-05,3e-05,-4e-05,-1e-05,-1e-05,-1e-05,0
39800,-3e-05,-4e-05,-4e-05,3e-05,-4e-05,-1e-05,-1e-05,-1e-05,0
39801,-3e-05,-4e-05,-4e-05,3e-05,-4e-05,-1e-05,-1e-05,-1e-05,0
39802,-3e-05,-4e-05,-4e-05,3e-05,-4e-05,-1e-05,-1e-05,-1e-05,0
39804,-3e-05,-4e-05,-4e-05,3e-05,-4e-05,-1e-05,-1e-05,-1e-05,0
39805,-3e-05,-4e-05,-4e-05,3e-05,-4e-05,-1e-05,-1e-05,-1e-05,0
39806,-3e-05,-4e-05,-4e-05,3e-05,-4e-05,-1e-05,-1e-05,-1e-05,0
39807,-3e-05,-4e-05,-4e-05,3e-05,-4e-05,-1e-05,-1e-05,-1e-05,0
39808,-3e-05,-4e-05,-4e-05,3e-05,-4e-05,-1e-05,-1e-05,-1e-05,0
39809,-3e-05,-4e-05,-4e-05,3e-05,-4e-05,-1e-05,-1e-05,-1e-05,0
39810,-3e-05,-4e-05,-4e-05,3e-05,-4e-05,-1e-05,-1e-05,-1e-05,0
39811,-3e-05,-4e-05,-4e-05,3e-05,-4e-05,-1e-05,-1e-05,-1e-05,0
39812,-3e-05,-4e-05,-4e-05,3e-05,-4e-05,-1e-05,-1e-05,-1e-05,0
39813,-3e-05,-4e-05,-4e-05,3e-05,-4e-05,-1e-05,-1e-05,-1e-05,0
39814,-3e-05,-4e-05,-4e-05,3e-05,-4e-05,-1e-05,-1e-05,-1e-05,0
39815,-3e-05,-4e-05,-4e-05,3e-05,-4e-05,-1e-05,-1e-05,-1e-05,0
39816,-3e-05,-4e-05,-4e-05,3e-05,-4e-05,-1e-05,-1e-05,-1e-05,0
39817,-3e-05,-4e-05,-4e-05,3e-05,-4e-05,-1e-05,-1e-05,-1e-05,0
39818,-3e-05,-4e-05,-4e-05,3e-05,-4e-05,-1e-05,-1e-05,-1e-05,0
39819,-3e-05,-4e-05,-4e-05,3e-05,-4e-05,-1e-05,-1e-05,-1e-05,0
39820,0.0,0.0,-3e-05,-4e-05,4e-05,1e-05,0.0,0.0,0
39821,1e-05,-2e-05,-2e-05,-5e-05,2e-05,-1e-05,-1e-05,1e-05,0
39822,1e-05,-2e-05,-2e-05,-5e-05,2e-05,-1e-05,-1e-05,1e-05,0
39823,1e-05,-2e-05,-2e-05,-5e-05,2e-05,-1e-05,-1e-05,1e-05,0
39824,1e-05,-2e-05,-2e-05,-5e-05,2e-05,-1e-05,-1e-05,1e-05,0
39825,1e-05,-2e-05,-2e-05,-5e-05,2e-05,-1e-05,-1e-05,1e-05,0
39826,1e-05,-2e-05,-2e-05,-5e-05,2e-05,-1e-05,-1e-05,1e-05,0
39827,1e-05,-2e-05,-2e-05,-5e-05,2e-05,-1e-05,-1e-05,1e-05,0
39828,1e-05,-2e-05,-2e-05,-5e-05,2e-05,-1e-05,-1e-05,1e-05,0
39829,1e-05,-2e-05,-2e-05,-5e-05,2e-05,-1e-05,-1e-05,1e-05,0
39830,1e-05,-2e-05,-2e-05,-5e-05,2e-05,-1e-05,-1e-05,1e-05,0
39831,1e-05,-2e-05,-2e-05,-5e-05,2e-05,-1e-05,-1e-05,1e-05,0
39832,1e-05,-2e-05,-2e-05,-5e-05,2e-05,-1e-05,-1e-05,1e-05,0
39833,1e-05,-2e-05,-2e-05,-5e-05,2e-05,-1e-05,-1e-05,1e-05,0
39834,1e-05,-2e-05,-2e-05,-5e-05,2e-05,-1e-05,-1e-05,1e-05,0
39835,-4e-05,-7e-05,-8e-05,-5e-05,-0.00012,-4e-05,0.0,-2e-05,0
39836,-4e-05,-7e-05,-8e-05,-5e-05,-0.00012,-4e-05,0.0,-2e-05,0
39838,-4e-05,-7e-05,-8e-05,-5e-05,-0.00012,-4e-05,0.0,-2e-05,0
39839,-4e-05,-7e-05,-8e-05,-5e-05,-0.00012,-4e-05,0.0,-2e-05,0
39840,-4e-05,-7e-05,-8e-05,-5e-05,-0.00012,-4e-05,0.0,-2e-05,0
39841,-4e-05,-7e-05,-8e-05,-5e-05,-0.00012,-4e-05,0.0,-2e-05,0
39842,-4e-05,-7e-05,-8e-05,-5e-05,-0.00012,-4e-05,0.0,-2e-05,0
39843,-4e-05,-7e-05,-8e-05,-5e-05,-0.00012,-4e-05,0.0,-2e-05,0
39844,-4e-05,-7e-05,-8e-05,-5e-05,-0.00012,-4e-05,0.0,-2e-05,0
39845,-4e-05,-7e-05,-8e-05,-5e-05,-0.00012,-4e-05,0.0,-2e-05,0
39846,-4e-05,-7e-05,-8e-05,-5e-05,-0.00012,-4e-05,0.0,-2e-05,0
39847,-4e-05,-7e-05,-8e-05,-5e-05,-0.00012,-4e-05,0.0,-2e-05,0
39848,-4e-05,-7e-05,-8e-05,-5e-05,-0.00012,-4e-05,0.0,-2e-05,0
39849,-4e-05,-7e-05,-8e-05,-5e-05,-0.00012,-4e-05,0.0,-2e-05,0
39850,-4e-05,-7e-05,-8e-05,-5e-05,-0.00012,-4e-05,0.0,-2e-05,0
39851,-4e-05,-7e-05,-8e-05,-5e-05,-0.00012,-4e-05,0.0,-2e-05,0
39852,-4e-05,-7e-05,-8e-05,-5e-05,-0.00012,-4e-05,0.0,-2e-05,0
39853,-4e-05,-7e-05,-8e-05,-5e-05,-0.00012,-4e-05,0.0,-2e-05,0
39854,-4e-05,-7e-05,-8e-05,-5e-05,-0.00012,-4e-05,0.0,-2e-05,0
39855,-4e-05,-7e-05,-8e-05,-5e-05,-0.00012,-4e-05,0.0,-2e-05,0
39856,-4e-05,-7e-05,-8e-05,-5e-05,-0.00012,-4e-05,0.0,-2e-05,0
39857,1e-05,2e-05,0.0,8e-05,0.00019,0.0,0.0,-2e-05,0
39858,1e-05,1e-05,6e-05,1e-05,-7e-05,-3e-05,-2e-05,-2e-05,0
39859,1e-05,1e-05,6e-05,1e-05,-7e-05,-3e-05,-2e-05,-2e-05,0
39860,1e-05,1e-05,6e-05,1e-05,-7e-05,-3e-05,-2e-05,-2e-05,0
39861,1e-05,1e-05,6e-05,1e-05,-7e-05,-3e-05,-2e-05,-2e-05,0
39862,1e-05,1e-05,6e-05,1e-05,-7e-05,-3e-05,-2e-05,-2e-05,0
39863,1e-05,1e-05,6e-05,1e-05,-7e-05,-3e-05,-2e-05,-2e-05,0
39864,1e-05,1e-05,6e-05,1e-05,-7e-05,-3e-05,-2e-05,-2e-05,0
39865,1e-05,1e-05,6e-05,1e-05,-7e-05,-3e-05,-2e-05,-2e-05,0
39866,1e-05,1e-05,6e-05,1e-05,-7e-05,-3e-05,-2e-05,-2e-05,0
39867,1e-05,1e-05,6e-05,1e-05,-7e-05,-3e-05,-2e-05,-2e-05,0
39868,1e-05,1e-05,6e-05,1e-05,-7e-05,-3e-05,-2e-05,-2e-05,0
39869,1e-05,1e-05,6e-05,1e-05,-7e-05,-3e-05,-2e-05,-2e-05,0
39870,1e-05,1e-05,6e-05,1e-05,-7e-05,-3e-05,-2e-05,-2e-05,0
39871,1e-05,1e-05,6e-05,1e-05,-7e-05,-3e-05,-2e-05,-2e-05,0
39872,-1e-05,-3e-05,-8e-05,-4e-05,0.0,-3e-05,-1e-05,-2e-05,0
39873,-2e-05,1e-05,-1e-05,-1e-05,2e-05,-1e-05,-1e-05,0.0,0
39874,-2e-05,1e-05,-1e-05,-1e-05,2e-05,-1e-05,-1e-05,0.0,0
39875,-2e-05,1e-05,-1e-05,-1e-05,2e-05,-1e-05,-1e-05,0.0,0
39876,-2e-05,1e-05,-1e-05,-1e-05,2e-05,-1e-05,-1e-05,0.0,0
39877,-2e-05,1e-05,-1e-05,-1e-05,2e-05,-1e-05,-1e-05,0.0,0
39878,-2e-05,1e-05,-1e-05,-1e-05,2e-05,-1e-05,-1e-05,0.0,0
39879,-2e-05,1e-05,-1e-05,-1e-05,2e-05,-1e-05,-1e-05,0.0,0
39880,-2e-05,1e-05,-1e-05,-1e-05,2e-05,-1e-05,-1e-05,0.0,0
39881,-2e-05,1e-05,-1e-05,-1e-05,2e-05,-1e-05,-1e-05,0.0,0
39882,-2e-05,1e-05,-1e-05,-1e-05,2e-05,-1e-05,-1e-05,0.0,0
39883,-2e-05,1e-05,-1e-05,-1e-05,2e-05,-1e-05,-1e-05,0.0,0
39884,-2e-05,1e-05,-1e-05,-1e-05,2e-05,-1e-05,-1e-05,0.0,0
39885,-2e-05,1e-05,-1e-05,-1e-05,2e-05,-1e-05,-1e-05,0.0,0
39886,-2e-05,1e-05,-1e-05,-1e-05,2e-05,-1e-05,-1e-05,0.0,0
39888,-2e-05,1e-05,-1e-05,-1e-05,2e-05,-1e-05,-1e-05,0.0,0
39889,-2e-05,1e-05,-1e-05,-1e-05,2e-05,-1e-05,-1e-05,0.0,0
39890,-2e-05,1e-05,-1e-05,-1e-05,2e-05,-1e-05,-1e-05,0.0,0
39891,-2e-05,1e-05,-1e-05,-1e-05,2e-05,-1e-05,-1e-05,0.0,0
39892,-2e-05,1e-05,-1e-05,-1e-05,2e-05,-1e-05,-1e-05,0.0,0
39893,-2e-05,1e-05,-1e-05,-1e-05,2e-05,-1e-05,-1e-05,0.0,0
39894,-1e-05,0.0,1e-05,2e-05,-1e-05,0.0,0.0,0.0,0
39895,-1e-05,0.0,-1e-05,1e-05,-3e-05,0.0,0.0,-2e-05,0
39896,-1e-05,0.0,-1e-05,1e-05,-3e-05,0.0,0.0,-2e-05,0
39897,-1e-05,0.0,-1e-05,1e-05,-3e-05,0.0,0.0,-2e-05,0
39898,-1e-05,0.0,-1e-05,1e-05,-3e-05,0.0,0.0,-2e-05,0
39899,-1e-05,0.0,-1e-05,1e-05,-3e-05,0.0,0.0,-2e-05,0
39900,-1e-05,0.0,-1e-05,1e-05,-3e-05,0.0,0.0,-2e-05,0
39901,-1e-05,0.0,-1e-05,1e-05,-3e-05,0.0,0.0,-2e-05,0
39902,-1e-05,0.0,-1e-05,1e-05,-3e-05,0.0,0.0,-2e-05,0
39903,-1e-05,0.0,-1e-05,1e-05,-3e-05,0.0,0.0,-2e-05,0
39904,-1e-05,0.0,-1e-05,1e-05,-3e-05,0.0,0.0,-2e-05,0
39905,-1e-05,0.0,-1e-05,1e-05,-3e-05,0.0,0.0,-2e-05,0
39906,-1e-05,0.0,-1e-05,1e-05,-3e-05,0.0,0.0,-2e-05,0
39907,-1e-05,0.0,-1e-05,1e-05,-3e-05,0.0,0.0,-2e-05,0
39908,-1e-05,0.0,-1e-05,1e-05,-3e-05,0.0,0.0,-2e-05,0
39909,-1e-05,0.0,-1e-05,1e-05,-3e-05,0.0,0.0,-2e-05,0
39910,-1e-05,0.0,-1e-05,1e-05,-3e-05,0.0,0.0,-2e-05,0
39911,-1e-05,0.0,-1e-05,1e-05,-3e-05,0.0,0.0,-2e-05,0
39912,-1e-05,0.0,-1e-05,1e-05,-3e-05,0.0,0.0,-2e-05,0
39913,-1e-05,0.0,-1e-05,1e-05,-3e-05,0.0,0.0,-2e-05,0
39914,-1e-05,0.0,-1e-05,1e-05,-3e-05,0.0,0.0,-2e-05,0
39915,-1e-05,0.0,-1e-05,1e-05,-3e-05,0.0,0.0,-2e-05,0
39916,-1e-05,0.0,-1e-05,1e-05,-3e-05,0.0,0.0,-2e-05,0
39917,0.0,-3e-05,-2e-05,-2e-05,-4e-05,0.0,-1e-05,-1e-05,0
39918,1e-05,2e-05,0.0,-8e-05,1e-05,1e-05,0.0,1e-05,0
39919,1e-05,2e-05,0.0,-8e-05,1e-05,1e-05,0.0,1e-05,0
39920,1e-05,2e-05,0.0,-8e-05,1e-05,1e-05,0.0,1e-05,0
39921,1e-05,2e-05,0.0,-8e-05,1e-05,1e-05,0.0,1e-05,0
39922,1e-05,2e-05,0.0,-8e-05,1e-05,1e-05,0.0,1e-05,0
39923,1e-05,2e-05,0.0,-8e-05,1e-05,1e-05,0.0,1e-05,0
39924,1e-05,2e-05,0.0,-8e-05,1e-05,1e-05,0.0,1e-05,0
39925,1e-05,2e-05,0.0,-8e-05,1e-05,1e-05,0.0,1e-05,0
39926,1e-05,2e-05,0.0,-8e-05,1e-05,1e-05,0.0,1e-05,0
39927,1e-05,2e-05,0.0,-8e-05,1e-05,1e-05,0.0,1e-05,0
39928,1e-05,2e-05,0.0,-8e-05,1e-05,1e-05,0.0,1e-05,0
39929,1e-05,2e-05,0.0,-8e-05,1e-05,1e-05,0.0,1e-05,0
39930,1e-05,2e-05,0.0,-8e-05,1e-05,1e-05,0.0,1e-05,0
39931,1e-05,2e-05,0.0,-8e-05,1e-05,1e-05,0.0,1e-05,0
39932,-8e-05,-9e-05,-0.00011,-5e-05,-3e-05,2e-05,-1e-05,-1e-05,0
39933,-8e-05,-9e-05,-0.00011,-5e-05,-3e-05,2e-05,-1e-05,-1e-05,0
39934,-8e-05,-9e-05,-0.00011,-5e-05,-3e-05,2e-05,-1e-05,-1e-05,0
39935,-8e-05,-9e-05,-0.00011,-5e-05,-3e-05,2e-05,-1e-05,-1e-05,0
39936,-8e-05,-9e-05,-0.00011,-5e-05,-3e-05,2e-05,-1e-05,-1e-05,0
39939,-8e-05,-9e-05,-0.00011,-5e-05,-3e-05,2e-05,-1e-05,-1e-05,0
39940,-8e-05,-9e-05,-0.00011,-5e-05,-3e-05,2e-05,-1e-05,-1e-05,0
39941,-8e-05,-9e-05,-0.00011,-5e-05,-3e-05,2e-05,-1e-05,-1e-05,0
39942,-8e-05,-9e-05,-0.00011,-5e-05,-3e-05,2e-05,-1e-05,-1e-05,0
39943,-8e-05,-9e-05,-0.00011,-5e-05,-3e-05,2e-05,-1e-05,-1e-05,0
39944,-8e-05,-9e-05,-0.00011,-5e-05,-3e-05,2e-05,-1e-05,-1e-05,0
39945,-8e-05,-9e-05,-0.00011,-5e-05,-3e-05,2e-05,-1e-05,-1e-05,0
39946,-8e-05,-9e-05,-0.00011,-5e-05,-3e-05,2e-05,-1e-05,-1e-05,0
39947,-8e-05,-9e-05,-0.00011,-5e-05,-3e-05,2e-05,-1e-05,-1e-05,0
39948,-8e-05,-9e-05,-0.00011,-5e-05,-3e-05,2e-05,-1e-05,-1e-05,0
39949,-8e-05,-9e-05,-0.00011,-5e-05,-3e-05,2e-05,-1e-05,-1e-05,0
39950,-8e-05,-9e-05,-0.00011,-5e-05,-3e-05,2e-05,-1e-05,-1e-05,0
39951,-8e-05,-9e-05,-0.00011,-5e-05,-3e-05,2e-05,-1e-05,-1e-05,0
39952,-8e-05,-9e-05,-0.00011,-5e-05,-3e-05,2e-05,-1e-05,-1e-05,0
39953,-8e-05,-9e-05,-0.00011,-5e-05,-3e-05,2e-05,-1e-05,-1e-05,0
39954,0.0,0.0,2e-05,1e-05,-0.00015,-6e-05,0.0,-2e-05,0
39955,0.0,2e-05,4e-05,0.0,-7e-05,-5e-05,0.0,1e-05,0
39956,0.0,2e-05,4e-05,0.0,-7e-05,-5e-05,0.0,1e-05,0
39957,0.0,2e-05,4e-05,0.0,-7e-05,-5e-05,0.0,1e-05,0
39958,0.0,2e-05,4e-05,0.0,-7e-05,-5e-05,0.0,1e-05,0
39959,0.0,2e-05,4e-05,0.0,-7e-05,-5e-05,0.0,1e-05,0
39960,0.0,2e-05,4e-05,0.0,-7e-05,-5e-05,0.0,1e-05,0
39961,0.0,2e-05,4e-05,0.0,-7e-05,-5e-05,0.0,1e-05,0
39962,0.0,2e-05,4e-05,0.0,-7e-05,-5e-05,0.0,1e-05,0
39963,0.0,2e-05,4e-05,0.0,-7e-05,-5e-05,0.0,1e-05,0
39964,0.0,2e-05,4e-05,0.0,-7e-05,-5e-05,0.0,1e-05,0
39965,0.0,2e-05,4e-05,0.0,-7e-05,-5e-05,0.0,1e-05,0
39966,0.0,2e-05,4e-05,0.0,-7e-05,-5e-05,0.0,1e-05,0
39967,0.0,2e-05,4e-05,0.0,-7e-05,-5e-05,0.0,1e-05,0
39968,0.0,2e-05,4e-05,0.0,-7e-05,-5e-05,0.0,1e-05,0
39969,0.0,2e-05,4e-05,0.0,-7e-05,-5e-05,0.0,1e-05,0
39970,0.0,2e-05,4e-05,0.0,-7e-05,-5e-05,0.0,1e-05,0
39971,0.0,2e-05,4e-05,0.0,-7e-05,-5e-05,0.0,1e-05,0
39972,0.0,2e-05,4e-05,0.0,-7e-05,-5e-05,0.0,1e-05,0
39973,0.0,2e-05,4e-05,0.0,-7e-05,-5e-05,0.0,1e-05,0
39974,0.0,2e-05,4e-05,0.0,-7e-05,-5e-05,0.0,1e-05,0
39975,0.0,2e-05,4e-05,0.0,-7e-05,-5e-05,0.0,1e-05,0
39976,0.0,2e-05,4e-05,0.0,-7e-05,-5e-05,0.0,1e-05,0
39977,-1e-05,-3e-05,-8e-05,-7e-05,-3e-05,-1e-05,0.0,-3e-05,0
39978,0.0,0.0,4e-05,1e-05,1e-05,1e-05,0.0,-2e-05,0
39979,0.0,0.0,4e-05,1e-05,1e-05,1e-05,0.0,-2e-05,0
39980,0.0,0.0,4e-05,1e-05,1e-05,1e-05,0.0,-2e-05,0
39981,0.0,0.0,4e-05,1e-05,1e-05,1e-05,0.0,-2e-05,0
39982,0.0,0.0,4e-05,1e-05,1e-05,1e-05,0.0,-2e-05,0
39983,0.0,0.0,4e-05,1e-05,1e-05,1e-05,0.0,-2e-05,0
39984,0.0,0.0,4e-05,1e-05,1e-05,1e-05,0.0,-2e-05,0
39985,0.0,0.0,4e-05,1e-05,1e-05,1e-05,0.0,-2e-05,0
39986,0.0,0.0,4e-05,1e-05,1e-05,1e-05,0.0,-2e-05,0
39988,0.0,0.0,4e-05,1e-05,1e-05,1e-05,0.0,-2e-05,0
39989,0.0,0.0,4e-05,1e-05,1e-05,1e-05,0.0,-2e-05,0
39990,0.0,0.0,4e-05,1e-05,1e-05,1e-05,0.0,-2e-05,0
39991,1e-05,0.0,-1e-05,5e-05,4e-05,-1e-05,0.0,-2e-05,0
39992,1e-05,0.0,-1e-05,5e-05,4e-05,-1e-05,0.0,-2e-05,0
39993,1e-05,0.0,-1e-05,5e-05,4e-05,-1e-05,0.0,-2e-05,0
39994,1e-05,0.0,-1e-05,5e-05,4e-05,-1e-05,0.0,-2e-05,0
39995,1e-05,0.0,-1e-05,5e-05,4e-05,-1e-05,0.0,-2e-05,0
39996,1e-05,0.0,-1e-05,5e-05,4e-05,-1e-05,0.0,-2e-05,0
39997,1e-05,0.0,-1e-05,5e-05,4e-05,-1e-05,0.0,-2e-05,0
39998,1e-05,0.0,-1e-05,5e-05,4e-05,-1e-05,0.0,-2e-05,0
39999,1e-05,3e-05,2e-05,2e-05,2e-05,-1e-05,0.0,1e-05,0
40000,1e-05,3e-05,2e-05,2e-05,2e-05,-1e-05,0.0,1e-05,0
40001,1e-05,3e-05,2e-05,2e-05,2e-05,-1e-05,0.0,1e-05,0
40002,1e-05,3e-05,2e-05,2e-05,2e-05,-1e-05,0.0,1e-05,0
40003,1e-05,3e-05,2e-05,2e-05,2e-05,-1e-05,0.0,1e-05,0
40004,1e-05,3e-05,2e-05,2e-05,2e-05,-1e-05,0.0,1e-05,0
40005,1e-05,3e-05,2e-05,2e-05,2e-05,-1e-05,0.0,1e-05,0
40006,1e-05,3e-05,2e-05,2e-05,2e-05,-1e-05,0.0,1e-05,0
40007,1e-05,3e-05,2e-05,2e-05,2e-05,-1e-05,0.0,1e-05,0
40008,1e-05,3e-05,2e-05,2e-05,2e-05,-1e-05,0.0,1e-05,0
40009,1e-05,3e-05,2e-05,2e-05,2e-05,-1e-05,0.0,1e-05,0
40010,1e-05,3e-05,2e-05,2e-05,2e-05,-1e-05,0.0,1e-05,0
40011,1e-05,3e-05,2e-05,2e-05,2e-05,-1e-05,0.0,1e-05,0
40012,1e-05,3e-05,2e-05,2e-05,2e-05,-1e-05,0.0,1e-05,0
40013,1e-05,3e-05,2e-05,2e-05,2e-05,-1e-05,0.0,1e-05,0
40014,0.0,-4e-05,-4e-05,-5e-05,-3e-05,-2e-05,-1e-05,-1e-05,0
40015,-1e-05,-1e-05,-7e-05,-3e-05,1e-05,-2e-05,-1e-05,-1e-05,0
40016,-1e-05,-1e-05,-7e-05,-3e-05,1e-05,-2e-05,-1e-05,-1e-05,0
40017,-1e-05,-1e-05,-7e-05,-3e-05,1e-05,-2e-05,-1e-05,-1e-05,0
40018,-1e-05,-1e-05,-7e-05,-3e-05,1e-05,-2e-05,-1e-05,-1e-05,0
40019,-1e-05,-1e-05,-7e-05,-3e-05,1e-05,-2e-05,-1e-05,-1e-05,0
40020,-1e-05,-1e-05,-7e-05,-3e-05,1e-05,-2e-05,-1e-05,-1e-05,0
40021,-1e-05,-1e-05,-7e-05,-3e-05,1e-05,-2e-05,-1e-05,-1e-05,0
40022,-1e-05,-1e-05,-7e-05,-3e-05,1e-05,-2e-05,-1e-05,-1e-05,0
40023,-1e-05,-1e-05,-7e-05,-3e-05,1e-05,-2e-05,-1e-05,-1e-05,0
40024,-1e-05,-1e-05,-7e-05,-3e-05,1e-05,-2e-05,-1e-05,-1e-05,0
40025,-1e-05,-1e-05,-7e-05,-3e-05,1e-05,-2e-05,-1e-05,-1e-05,0
40026,-1e-05,-1e-05,-7e-05,-3e-05,1e-05,-2e-05,-1e-05,-1e-05,0
40027,-1e-05,-1e-05,-7e-05,-3e-05,1e-05,-2e-05,-1e-05,-1e-05,0
40028,-1e-05,-1e-05,-7e-05,-3e-05,1e-05,-2e-05,-1e-05,-1e-05,0
40029,-1e-05,-1e-05,-7e-05,-3e-05,1e-05,-2e-05,-1e-05,-1e-05,0
40030,-1e-05,-1e-05,-7e-05,-3e-05,1e-05,-2e-05,-1e-05,-1e-05,0
40031,-1e-05,-1e-05,-7e-05,-3e-05,1e-05,-2e-05,-1e-05,-1e-05,0
40033,-1e-05,-1e-05,-7e-05,-3e-05,1e-05,-2e-05,-1e-05,-1e-05,0
40034,-1e-05,-1e-05,-7e-05,-3e-05,1e-05,-2e-05,-1e-05,-1e-05,0
40035,-1e-05,-1e-05,-7e-05,-3e-05,1e-05,-2e-05,-1e-05,-1e-05,0
40043,0.0,0.0,-2e-05,-5e-05,-4e-05,-2e-05,-1e-05,-1e-05,0
40045,0.0,0.0,-2e-05,-5e-05,-4e-05,-2e-05,-1e-05,-1e-05,0
40046,0.0,0.0,-2e-05,-5e-05,-4e-05,-2e-05,-1e-05,-1e-05,0
40047,0.0,0.0,-2e-05,-5e-05,-4e-05,-2e-05,-1e-05,-1e-05,0
40048,0.0,0.0,-2e-05,-5e-05,-4e-05,-2e-05,-1e-05,-1e-05,0
40049,0.0,0.0,-2e-05,-5e-05,-4e-05,-2e-05,-1e-05,-1e-05,0
40050,0.0,0.0,-2e-05,-5e-05,-4e-05,-2e-05,-1e-05,-1e-05,0
40051,0.0,0.0,-2e-05,-5e-05,-4e-05,-2e-05,-1e-05,-1e-05,0
40052,0.0,0.0,-2e-05,-5e-05,-4e-05,-2e-05,-1e-05,-1e-05,0
40053,0.0,0.0,-2e-05,-5e-05,-4e-05,-2e-05,-1e-05,-1e-05,0
40054,0.0,0.0,-2e-05,-5e-05,-4e-05,-2e-05,-1e-05,-1e-05,0
40055,0.0,0.0,-2e-05,-5e-05,-4e-05,-2e-05,-1e-05,-1e-05,0
40056,0.0,0.0,-2e-05,-5e-05,-4e-05,-2e-05,-1e-05,-1e-05,0
40057,0.0,0.0,-2e-05,-5e-05,-4e-05,-2e-05,-1e-05,-1e-05,0
40058,0.0,0.0,-2e-05,-5e-05,-4e-05,-2e-05,-1e-05,-1e-05,0
40059,0.0,0.0,-2e-05,-5e-05,-4e-05,-2e-05,-1e-05,-1e-05,0
40060,0.0,0.0,-2e-05,-5e-05,-4e-05,-2e-05,-1e-05,-1e-05,0
40061,-1e-05,-4e-05,-2e-05,7e-05,4e-05,5e-05,1e-05,-1e-05,0
40062,-1e-05,-4e-05,-2e-05,7e-05,4e-05,5e-05,1e-05,-1e-05,0
40063,-1e-05,-4e-05,-2e-05,7e-05,4e-05,5e-05,1e-05,-1e-05,0
40064,-1e-05,-4e-05,-2e-05,7e-05,4e-05,5e-05,1e-05,-1e-05,0
40065,-1e-05,-4e-05,-2e-05,7e-05,4e-05,5e-05,1e-05,-1e-05,0
40066,-1e-05,-4e-05,-2e-05,7e-05,4e-05,5e-05,1e-05,-1e-05,0
40067,-1e-05,-4e-05,-2e-05,7e-05,4e-05,5e-05,1e-05,-1e-05,0
40068,-1e-05,-4e-05,-2e-05,7e-05,4e-05,5e-05,1e-05,-1e-05,0
40069,-1e-05,-4e-05,-2e-05,7e-05,4e-05,5e-05,1e-05,-1e-05,0
40070,-1e-05,-4e-05,-2e-05,7e-05,4e-05,5e-05,1e-05,-1e-05,0
40071,-1e-05,-4e-05,-2e-05,7e-05,4e-05,5e-05,1e-05,-1e-05,0
40072,-1e-05,-4e-05,-2e-05,7e-05,4e-05,5e-05,1e-05,-1e-05,0
40073,-1e-05,-4e-05,-2e-05,7e-05,4e-05,5e-05,1e-05,-1e-05,0
40074,-1e-05,-4e-05,-2e-05,7e-05,4e-05,5e-05,1e-05,-1e-05,0
40075,-1e-05,-2e-05,-1e-05,0.0,-8e-05,0.0,1e-05,-1e-05,0
40076,-1e-05,-1e-05,1e-05,0.0,0.0,0.0,0.0,-1e-05,0
40077,-1e-05,-1e-05,1e-05,0.0,0.0,0.0,0.0,-1e-05,0
40078,-1e-05,-1e-05,1e-05,0.0,0.0,0.0,0.0,-1e-05,0
40079,-1e-05,-1e-05,1e-05,0.0,0.0,0.0,0.0,-1e-05,0
40080,-1e-05,-1e-05,1e-05,0.0,0.0,0.0,0.0,-1e-05,0
40081,-1e-05,-1e-05,1e-05,0.0,0.0,0.0,0.0,-1e-05,0
40082,-1e-05,-1e-05,1e-05,0.0,0.0,0.0,0.0,-1e-05,0
40083,-1e-05,-1e-05,1e-05,0.0,0.0,0.0,0.0,-1e-05,0
40084,-1e-05,-1e-05,1e-05,0.0,0.0,0.0,0.0,-1e-05,0
40085,-1e-05,-1e-05,1e-05,0.0,0.0,0.0,0.0,-1e-05,0
40086,-1e-05,-1e-05,1e-05,0.0,0.0,0.0,0.0,-1e-05,0
40088,-1e-05,-1e-05,1e-05,0.0,0.0,0.0,0.0,-1e-05,0
40089,-1e-05,-1e-05,1e-05,0.0,0.0,0.0,0.0,-1e-05,0
40090,-1e-05,-1e-05,1e-05,0.0,0.0,0.0,0.0,-1e-05,0
40091,-1e-05,-1e-05,1e-05,0.0,0.0,0.0,0.0,-1e-05,0
40092,-1e-05,-1e-05,1e-05,0.0,0.0,0.0,0.0,-1e-05,0
40093,-1e-05,-1e-05,1e-05,0.0,0.0,0.0,0.0,-1e-05,0
40094,-1e-05,-1e-05,1e-05,0.0,0.0,0.0,0.0,-1e-05,0
40095,-1e-05,-1e-05,1e-05,0.0,0.0,0.0,0.0,-1e-05,0
40096,-1e-05,-1e-05,1e-05,0.0,0.0,0.0,0.0,-1e-05,0
40097,1e-05,5e-05,6e-05,2e-05,-1e-05,-1e-05,-1e-05,-1e-05,0
40098,-1e-05,-1e-05,-4e-05,-3e-05,1e-05,2e-05,-2e-05,-1e-05,0
40099,-1e-05,-1e-05,-4e-05,-3e-05,1e-05,2e-05,-2e-05,-1e-05,0
40100,-1e-05,-1e-05,-4e-05,-3e-05,1e-05,2e-05,-2e-05,-1e-05,0
40101,-1e-05,-1e-05,-4e-05,-3e-05,1e-05,2e-05,-2e-05,-1e-05,0
40102,-1e-05,-1e-05,-4e-05,-3e-05,1e-05,2e-05,-2e-05,-1e-05,0
40103,-1e-05,-1e-05,-4e-05,-3e-05,1e-05,2e-05,-2e-05,-1e-05,0
40104,-1e-05,-1e-05,-4e-05,-3e-05,1e-05,2e-05,-2e-05,-1e-05,0
40105,-1e-05,-1e-05,-4e-05,-3e-05,1e-05,2e-05,-2e-05,-1e-05,0
40106,-1e-05,-1e-05,-4e-05,-3e-05,1e-05,2e-05,-2e-05,-1e-05,0
40107,-1e-05,-1e-05,-4e-05,-3e-05,1e-05,2e-05,-2e-05,-1e-05,0
40108,-1e-05,-1e-05,-4e-05,-3e-05,1e-05,2e-05,-2e-05,-1e-05,0
40109,-1e-05,-1e-05,-4e-05,-3e-05,1e-05,2e-05,-2e-05,-1e-05,0
40110,-1e-05,-1e-05,-4e-05,-3e-05,1e-05,2e-05,-2e-05,-1e-05,0
40111,-1e-05,0.0,1e-05,4e-05,0.0,0.0,-2e-05,-2e-05,0
40112,-1e-05,0.0,1e-05,4e-05,0.0,0.0,-2e-05,-2e-05,0
40113,-1e-05,0.0,1e-05,4e-05,0.0,0.0,-2e-05,-2e-05,0
40114,-1e-05,0.0,1e-05,4e-05,0.0,0.0,-2e-05,-2e-05,0
40115,-1e-05,0.0,1e-05,4e-05,0.0,0.0,-2e-05,-2e-05,0
40116,-1e-05,0.0,1e-05,4e-05,0.0,0.0,-2e-05,-2e-05,0
40117,-1e-05,0.0,1e-05,4e-05,0.0,0.0,-2e-05,-2e-05,0
40118,-1e-05,0.0,1e-05,4e-05,0.0,0.0,-2e-05,-2e-05,0
40119,1e-05,-1e-05,4e-05,4e-05,-5e-05,-3e-05,-1e-05,-2e-05,0
40120,1e-05,-1e-05,4e-05,4e-05,-5e-05,-3e-05,-1e-05,-2e-05,0
40121,1e-05,-1e-05,4e-05,4e-05,-5e-05,-3e-05,-1e-05,-2e-05,0
40122,1e-05,-1e-05,4e-05,4e-05,-5e-05,-3e-05,-1e-05,-2e-05,0
40123,1e-05,-1e-05,4e-05,4e-05,-5e-05,-3e-05,-1e-05,-2e-05,0
40124,1e-05,-1e-05,4e-05,4e-05,-5e-05,-3e-05,-1e-05,-2e-05,0
40125,1e-05,-1e-05,4e-05,4e-05,-5e-05,-3e-05,-1e-05,-2e-05,0
40126,1e-05,-1e-05,4e-05,4e-05,-5e-05,-3e-05,-1e-05,-2e-05,0
40127,1e-05,-1e-05,4e-05,4e-05,-5e-05,-3e-05,-1e-05,-2e-05,0
40128,1e-05,-1e-05,4e-05,4e-05,-5e-05,-3e-05,-1e-05,-2e-05,0
40129,1e-05,-1e-05,4e-05,4e-05,-5e-05,-3e-05,-1e-05,-2e-05,0
40130,1e-05,-1e-05,4e-05,4e-05,-5e-05,-3e-05,-1e-05,-2e-05,0
40131,1e-05,-1e-05,4e-05,4e-05,-5e-05,-3e-05,-1e-05,-2e-05,0
40132,1e-05,-1e-05,4e-05,4e-05,-5e-05,-3e-05,-1e-05,-2e-05,0
40133,1e-05,-1e-05,4e-05,4e-05,-5e-05,-3e-05,-1e-05,-2e-05,0
40134,-2e-05,1e-05,0.0,-4e-05,-2e-05,0.0,0.0,0.0,0
40135,-2e-05,-3e-05,-4e-05,-8e-05,-2e-05,-2e-05,-2e-05,-2e-05,0
40136,-2e-05,-3e-05,-4e-05,-8e-05,-2e-05,-2e-05,-2e-05,-2e-05,0
40138,-2e-05,-3e-05,-4e-05,-8e-05,-2e-05,-2e-05,-2e-05,-2e-05,0
40139,-2e-05,-3e-05,-4e-05,-8e-05,-2e-05,-2e-05,-2e-05,-2e-05,0
40140,-2e-05,-3e-05,-4e-05,-8e-05,-2e-05,-2e-05,-2e-05,-2e-05,0
40141,-2e-05,-3e-05,-4e-05,-8e-05,-2e-05,-2e-05,-2e-05,-2e-05,0
40142,-2e-05,-3e-05,-4e-05,-8e-05,-2e-05,-2e-05,-2e-05,-2e-05,0
40143,-2e-05,-3e-05,-4e-05,-8e-05,-2e-05,-2e-05,-2e-05,-2e-05,0
40144,-2e-05,-3e-05,-4e-05,-8e-05,-2e-05,-2e-05,-2e-05,-2e-05,0
40145,-2e-05,-3e-05,-4e-05,-8e-05,-2e-05,-2e-05,-2e-05,-2e-05,0
40146,-2e-05,-3e-05,-4e-05,-8e-05,-2e-05,-2e-05,-2e-05,-2e-05,0
40147,-2e-05,-3e-05,-4e-05,-8e-05,-2e-05,-2e-05,-2e-05,-2e-05,0
40148,-2e-05,-3e-05,-4e-05,-8e-05,-2e-05,-2e-05,-2e-05,-2e-05,0
40149,-2e-05,-3e-05,-4e-05,-8e-05,-2e-05,-2e-05,-2e-05,-2e-05,0
40150,-2e-05,-3e-05,-4e-05,-8e-05,-2e-05,-2e-05,-2e-05,-2e-05,0
40151,-2e-05,-3e-05,-4e-05,-8e-05,-2e-05,-2e-05,-2e-05,-2e-05,0
40152,-2e-05,-3e-05,-4e-05,-8e-05,-2e-05,-2e-05,-2e-05,-2e-05,0
40153,-2e-05,-3e-05,-4e-05,-8e-05,-2e-05,-2e-05,-2e-05,-2e-05,0
40154,-2e-05,-3e-05,-4e-05,-8e-05,-2e-05,-2e-05,-2e-05,-2e-05,0
40155,-2e-05,-3e-05,-4e-05,-8e-05,-2e-05,-2e-05,-2e-05,-2e-05,0
40156,-2e-05,-3e-05,-4e-05,-8e-05,-2e-05,-2e-05,-2e-05,-2e-05,0
40157,-2e-05,-4e-05,-6e-05,-5e-05,-2e-05,-2e-05,1e-05,0.0,0
40158,0.0,-1e-05,5e-05,5e-05,0.0,-1e-05,1e-05,0.0,0
40159,0.0,-1e-05,5e-05,5e-05,0.0,-1e-05,1e-05,0.0,0
40160,0.0,-1e-05,5e-05,5e-05,0.0,-1e-05,1e-05,0.0,0
40161,0.0,-1e-05,5e-05,5e-05,0.0,-1e-05,1e-05,0.0,0
40162,0.0,-1e-05,5e-05,5e-05,0.0,-1e-05,1e-05,0.0,0
40163,0.0,-1e-05,5e-05,5e-05,0.0,-1e-05,1e-05,0.0,0
40164,0.0,-1e-05,5e-05,5e-05,0.0,-1e-05,1e-05,0.0,0
40165,0.0,-1e-05,5e-05,5e-05,0.0,-1e-05,1e-05,0.0,0
40166,0.0,-1e-05,5e-05,5e-05,0.0,-1e-05,1e-05,0.0,0
40167,0.0,-1e-05,5e-05,5e-05,0.0,-1e-05,1e-05,0.0,0
40168,0.0,-1e-05,5e-05,5e-05,0.0,-1e-05,1e-05,0.0,0
40169,0.0,-1e-05,5e-05,5e-05,0.0,-1e-05,1e-05,0.0,0
40170,0.0,-1e-05,5e-05,5e-05,0.0,-1e-05,1e-05,0.0,0
40171,1e-05,2e-05,4e-05,3e-05,0.0,-2e-05,0.0,-2e-05,0
40172,1e-05,2e-05,4e-05,3e-05,0.0,-2e-05,0.0,-2e-05,0
40173,1e-05,2e-05,4e-05,3e-05,0.0,-2e-05,0.0,-2e-05,0
40174,1e-05,2e-05,4e-05,3e-05,0.0,-2e-05,0.0,-2e-05,0
40175,1e-05,2e-05,4e-05,3e-05,0.0,-2e-05,0.0,-2e-05,0
40176,1e-05,2e-05,4e-05,3e-05,0.0,-2e-05,0.0,-2e-05,0
40177,1e-05,2e-05,4e-05,3e-05,0.0,-2e-05,0.0,-2e-05,0
40178,1e-05,2e-05,4e-05,3e-05,0.0,-2e-05,0.0,-2e-05,0
40179,-6e-05,-0.00011,-0.00013,-7e-05,-7e-05,0.0,-1e-05,-3e-05,0
40180,-6e-05,-0.00011,-0.00013,-7e-05,-7e-05,0.0,-1e-05,-3e-05,0
40181,-6e-05,-0.00011,-0.00013,-7e-05,-7e-05,0.0,-1e-05,-3e-05,0
40182,-6e-05,-0.00011,-0.00013,-7e-05,-7e-05,0.0,-1e-05,-3e-05,0
40183,-6e-05,-0.00011,-0.00013,-7e-05,-7e-05,0.0,-1e-05,-3e-05,0
40184,-6e-05,-0.00011,-0.00013,-7e-05,-7e-05,0.0,-1e-05,-3e-05,0
40185,-6e-05,-0.00011,-0.00013,-7e-05,-7e-05,0.0,-1e-05,-3e-05,0
40186,-6e-05,-0.00011,-0.00013,-7e-05,-7e-05,0.0,-1e-05,-3e-05,0
40188,-6e-05,-0.00011,-0.00013,-7e-05,-7e-05,0.0,-1e-05,-3e-05,0
40189,-6e-05,-0.00011,-0.00013,-7e-05,-7e-05,0.0,-1e-05,-3e-05,0
40190,-6e-05,-0.00011,-0.00013,-7e-05,-7e-05,0.0,-1e-05,-3e-05,0
40191,-6e-05,-0.00011,-0.00013,-7e-05,-7e-05,0.0,-1e-05,-3e-05,0
40192,-6e-05,-0.00011,-0.00013,-7e-05,-7e-05,0.0,-1e-05,-3e-05,0
40193,-6e-05,-0.00011,-0.00013,-7e-05,-7e-05,0.0,-1e-05,-3e-05,0
40194,2e-05,1e-05,-2e-05,2e-05,2e-05,0.0,-2e-05,-1e-05,0
40195,2e-05,5e-05,7e-05,7e-05,0.00012,-2e-05,0.0,1e-05,0
40196,2e-05,5e-05,7e-05,7e-05,0.00012,-2e-05,0.0,1e-05,0
40197,2e-05,5e-05,7e-05,7e-05,0.00012,-2e-05,0.0,1e-05,0
40198,2e-05,5e-05,7e-05,7e-05,0.00012,-2e-05,0.0,1e-05,0
40199,2e-05,5e-05,7e-05,7e-05,0.00012,-2e-05,0.0,1e-05,0
40200,2e-05,5e-05,7e-05,7e-05,0.00012,-2e-05,0.0,1e-05,0
40201,2e-05,5e-05,7e-05,7e-05,0.00012,-2e-05,0.0,1e-05,0
40202,2e-05,5e-05,7e-05,7e-05,0.00012,-2e-05,0.0,1e-05,0
40203,2e-05,5e-05,7e-05,7e-05,0.00012,-2e-05,0.0,1e-05,0
40204,2e-05,5e-05,7e-05,7e-05,0.00012,-2e-05,0.0,1e-05,0
40205,2e-05,5e-05,7e-05,7e-05,0.00012,-2e-05,0.0,1e-05,0
40206,2e-05,5e-05,7e-05,7e-05,0.00012,-2e-05,0.0,1e-05,0
40207,2e-05,5e-05,7e-05,7e-05,0.00012,-2e-05,0.0,1e-05,0
40208,2e-05,5e-05,7e-05,7e-05,0.00012,-2e-05,0.0,1e-05,0
40209,2e-05,5e-05,7e-05,7e-05,0.00012,-2e-05,0.0,1e-05,0
40210,2e-05,5e-05,7e-05,7e-05,0.00012,-2e-05,0.0,1e-05,0
40211,2e-05,5e-05,7e-05,7e-05,0.00012,-2e-05,0.0,1e-05,0
40212,2e-05,5e-05,7e-05,7e-05,0.00012,-2e-05,0.0,1e-05,0
40213,2e-05,5e-05,7e-05,7e-05,0.00012,-2e-05,0.0,1e-05,0
40214,2e-05,5e-05,7e-05,7e-05,0.00012,-2e-05,0.0,1e-05,0
40215,2e-05,5e-05,7e-05,7e-05,0.00012,-2e-05,0.0,1e-05,0
40216,2e-05,5e-05,7e-05,7e-05,0.00012,-2e-05,0.0,1e-05,0
40217,-1e-05,-2e-05,1e-05,2e-05,-9e-05,-1e-05,-1e-05,-3e-05,0
40218,-3e-05,-5e-05,-7e-05,-3e-05,0.0,2e-05,-2e-05,0.0,0
40219,-3e-05,-5e-05,-7e-05,-3e-05,0.0,2e-05,-2e-05,0.0,0
40220,-3e-05,-5e-05,-7e-05,-3e-05,0.0,2e-05,-2e-05,0.0,0
40221,-3e-05,-5e-05,-7e-05,-3e-05,0.0,2e-05,-2e-05,0.0,0
40222,-3e-05,-5e-05,-7e-05,-3e-05,0.0,2e-05,-2e-05,0.0,0
40223,-3e-05,-5e-05,-7e-05,-3e-05,0.0,2e-05,-2e-05,0.0,0
40224,-3e-05,-5e-05,-7e-05,-3e-05,0.0,2e-05,-2e-05,0.0,0
40225,-3e-05,-5e-05,-7e-05,-3e-05,0.0,2e-05,-2e-05,0.0,0
40226,-3e-05,-5e-05,-7e-05,-3e-05,0.0,2e-05,-2e-05,0.0,0
40227,-3e-05,-5e-05,-7e-05,-3e-05,0.0,2e-05,-2e-05,0.0,0
40228,-3e-05,-5e-05,-7e-05,-3e-05,0.0,2e-05,-2e-05,0.0,0
40229,-3e-05,-5e-05,-7e-05,-3e-05,0.0,2e-05,-2e-05,0.0,0
40231,0.0,1e-05,-1e-05,-2e-05,5e-05,-3e-05,0.0,-1e-05,0
40232,0.0,1e-05,-1e-05,-2e-05,5e-05,-3e-05,0.0,-1e-05,0
40233,0.0,1e-05,-1e-05,-2e-05,5e-05,-3e-05,0.0,-1e-05,0
40234,0.0,1e-05,-1e-05,-2e-05,5e-05,-3e-05,0.0,-1e-05,0
40235,0.0,1e-05,-1e-05,-2e-05,5e-05,-3e-05,0.0,-1e-05,0
40236,0.0,1e-05,-1e-05,-2e-05,5e-05,-3e-05,0.0,-1e-05,0
40239,1e-05,2e-05,3e-05,1e-05,4e-05,-2e-05,1e-05,-3e-05,0
40240,1e-05,2e-05,3e-05,1e-05,4e-05,-2e-05,1e-05,-3e-05,0
40241,1e-05,2e-05,3e-05,1e-05,4e-05,-2e-05,1e-05,-3e-05,0
40242,1e-05,2e-05,3e-05,1e-05,4e-05,-2e-05,1e-05,-3e-05,0
40243,1e-05,2e-05,3e-05,1e-05,4e-05,-2e-05,1e-05,-3e-05,0
40244,1e-05,2e-05,3e-05,1e-05,4e-05,-2e-05,1e-05,-3e-05,0
40245,1e-05,2e-05,3e-05,1e-05,4e-05,-2e-05,1e-05,-3e-05,0
40246,1e-05,2e-05,3e-05,1e-05,4e-05,-2e-05,1e-05,-3e-05,0
40247,1e-05,2e-05,3e-05,1e-05,4e-05,-2e-05,1e-05,-3e-05,0
40248,1e-05,2e-05,3e-05,1e-05,4e-05,-2e-05,1e-05,-3e-05,0
40249,1e-05,2e-05,3e-05,1e-05,4e-05,-2e-05,1e-05,-3e-05,0
40250,1e-05,2e-05,3e-05,1e-05,4e-05,-2e-05,1e-05,-3e-05,0
40251,1e-05,2e-05,3e-05,1e-05,4e-05,-2e-05,1e-05,-3e-05,0
40252,1e-05,2e-05,3e-05,1e-05,4e-05,-2e-05,1e-05,-3e-05,0
40253,1e-05,2e-05,3e-05,1e-05,4e-05,-2e-05,1e-05,-3e-05,0
40254,1e-05,2e-05,3e-05,1e-05,4e-05,-2e-05,1e-05,-3e-05,0
40255,1e-05,2e-05,3e-05,1e-05,4e-05,-2e-05,1e-05,-3e-05,0
40256,1e-05,2e-05,3e-05,1e-05,4e-05,-2e-05,1e-05,-3e-05,0
40257,1e-05,2e-05,3e-05,1e-05,4e-05,-2e-05,1e-05,-3e-05,0
40258,1e-05,2e-05,3e-05,1e-05,4e-05,-2e-05,1e-05,-3e-05,0
40259,1e-05,2e-05,3e-05,1e-05,4e-05,-2e-05,1e-05,-3e-05,0
40260,1e-05,2e-05,3e-05,1e-05,4e-05,-2e-05,1e-05,-3e-05,0
40261,1e-05,2e-05,3e-05,1e-05,4e-05,-2e-05,1e-05,-3e-05,0
40262,1e-05,2e-05,3e-05,1e-05,4e-05,-2e-05,1e-05,-3e-05,0
40263,-1e-05,-2e-05,-8e-05,-3e-05,-2e-05,6e-05,-2e-05,0.0,0
40264,-1e-05,-2e-05,-8e-05,-3e-05,-2e-05,6e-05,-2e-05,0.0,0
40265,-1e-05,-2e-05,-8e-05,-3e-05,-2e-05,6e-05,-2e-05,0.0,0
40266,-1e-05,-2e-05,-8e-05,-3e-05,-2e-05,6e-05,-2e-05,0.0,0
40267,-1e-05,-2e-05,-8e-05,-3e-05,-2e-05,6e-05,-2e-05,0.0,0
40268,-1e-05,-2e-05,-8e-05,-3e-05,-2e-05,6e-05,-2e-05,0.0,0
40269,-1e-05,-2e-05,-8e-05,-3e-05,-2e-05,6e-05,-2e-05,0.0,0
40270,-1e-05,-2e-05,-8e-05,-3e-05,-2e-05,6e-05,-2e-05,0.0,0
40271,-1e-05,-2e-05,-8e-05,-3e-05,-2e-05,6e-05,-2e-05,0.0,0
40272,-1e-05,-2e-05,-8e-05,-3e-05,-2e-05,6e-05,-2e-05,0.0,0
40273,-1e-05,-2e-05,-8e-05,-3e-05,-2e-05,6e-05,-2e-05,0.0,0
40274,-1e-05,-2e-05,-8e-05,-3e-05,-2e-05,6e-05,-2e-05,0.0,0
40275,-1e-05,-2e-05,-8e-05,-3e-05,-2e-05,6e-05,-2e-05,0.0,0
40276,-1e-05,-2e-05,-8e-05,-3e-05,-2e-05,6e-05,-2e-05,0.0,0
40277,-1e-05,-1e-05,0.0,7e-05,-2e-05,-1e-05,-3e-05,1e-05,0
40278,-1e-05,-3e-05,-3e-05,-2e-05,7e-05,1e-05,-1e-05,-1e-05,0
40279,1e-05,1e-05,3e-05,-2e-05,-4e-05,-4e-05,1e-05,-1e-05,0
40280,1e-05,1e-05,3e-05,-2e-05,-4e-05,-4e-05,1e-05,-1e-05,0
40281,1e-05,1e-05,3e-05,-2e-05,-4e-05,-4e-05,1e-05,-1e-05,0
40282,1e-05,1e-05,3e-05,-2e-05,-4e-05,-4e-05,1e-05,-1e-05,0
40283,1e-05,1e-05,3e-05,-2e-05,-4e-05,-4e-05,1e-05,-1e-05,0
40284,1e-05,1e-05,3e-05,-2e-05,-4e-05,-4e-05,1e-05,-1e-05,0
40285,1e-05,1e-05,3e-05,-2e-05,-4e-05,-4e-05,1e-05,-1e-05,0
40286,1e-05,1e-05,3e-05,-2e-05,-4e-05,-4e-05,1e-05,-1e-05,0
40288,1e-05,1e-05,3e-05,-2e-05,-4e-05,-4e-05,1e-05,-1e-05,0
40289,1e-05,1e-05,3e-05,-2e-05,-4e-05,-4e-05,1e-05,-1e-05,0
40290,1e-05,1e-05,3e-05,-2e-05,-4e-05,-4e-05,1e-05,-1e-05,0
40291,-2e-05,-1e-05,0.0,-2e-05,0.0,-3e-05,0.0,0.0,0
40292,-2e-05,-1e-05,0.0,-2e-05,0.0,-3e-05,0.0,0.0,0
40293,-2e-05,-1e-05,0.0,-2e-05,0.0,-3e-05,0.0,0.0,0
40294,-2e-05,-1e-05,0.0,-2e-05,0.0,-3e-05,0.0,0.0,0
40295,-2e-05,-1e-05,0.0,-2e-05,0.0,-3e-05,0.0,0.0,0
40296,-2e-05,-1e-05,0.0,-2e-05,0.0,-3e-05,0.0,0.0,0
40297,-2e-05,-1e-05,0.0,-2e-05,0.0,-3e-05,0.0,0.0,0
40298,-2e-05,-1e-05,0.0,-2e-05,0.0,-3e-05,0.0,0.0,0
40299,-6e-05,-0.00014,-0.00015,-0.00011,-7e-05,-3e-05,-1e-05,-2e-05,0
40300,-6e-05,-0.00014,-0.00015,-0.00011,-7e-05,-3e-05,-1e-05,-2e-05,0
40301,-6e-05,-0.00014,-0.00015,-0.00011,-7e-05,-3e-05,-1e-05,-2e-05,0
40302,-6e-05,-0.00014,-0.00015,-0.00011,-7e-05,-3e-05,-1e-05,-2e-05,0
40303,-6e-05,-0.00014,-0.00015,-0.00011,-7e-05,-3e-05,-1e-05,-2e-05,0
40304,-6e-05,-0.00014,-0.00015,-0.00011,-7e-05,-3e-05,-1e-05,-2e-05,0
40305,-6e-05,-0.00014,-0.00015,-0.00011,-7e-05,-3e-05,-1e-05,-2e-05,0
40306,-6e-05,-0.00014,-0.00015,-0.00011,-7e-05,-3e-05,-1e-05,-2e-05,0
40307,-6e-05,-0.00014,-0.00015,-0.00011,-7e-05,-3e-05,-1e-05,-2e-05,0
40308,-6e-05,-0.00014,-0.00015,-0.00011,-7e-05,-3e-05,-1e-05,-2e-05,0
40309,-6e-05,-0.00014,-0.00015,-0.00011,-7e-05,-3e-05,-1e-05,-2e-05,0
40310,-6e-05,-0.00014,-0.00015,-0.00011,-7e-05,-3e-05,-1e-05,-2e-05,0
40311,-6e-05,-0.00014,-0.00015,-0.00011,-7e-05,-3e-05,-1e-05,-2e-05,0
40312,-6e-05,-0.00014,-0.00015,-0.00011,-7e-05,-3e-05,-1e-05,-2e-05,0
40313,-6e-05,-0.00014,-0.00015,-0.00011,-7e-05,-3e-05,-1e-05,-2e-05,0
40314,-2e-05,-5e-05,-5e-05,-6e-05,-2e-05,-2e-05,0.0,-1e-05,0
40315,4e-05,5e-05,0.0001,9e-05,9e-05,2e-05,-1e-05,0.0,0
40316,4e-05,5e-05,0.0001,9e-05,9e-05,2e-05,-1e-05,0.0,0
40317,4e-05,5e-05,0.0001,9e-05,9e-05,2e-05,-1e-05,0.0,0
40318,4e-05,5e-05,0.0001,9e-05,9e-05,2e-05,-1e-05,0.0,0
40319,4e-05,5e-05,0.0001,9e-05,9e-05,2e-05,-1e-05,0.0,0
40320,4e-05,5e-05,0.0001,9e-05,9e-05,2e-05,-1e-05,0.0,0
40321,4e-05,5e-05,0.0001,9e-05,9e-05,2e-05,-1e-05,0.0,0
40322,4e-05,5e-05,0.0001,9e-05,9e-05,2e-05,-1e-05,0.0,0
40323,4e-05,5e-05,0.0001,9e-05,9e-05,2e-05,-1e-05,0.0,0
40324,4e-05,5e-05,0.0001,9e-05,9e-05,2e-05,-1e-05,0.0,0
40325,4e-05,5e-05,0.0001,9e-05,9e-05,2e-05,-1e-05,0.0,0
40326,4e-05,5e-05,0.0001,9e-05,9e-05,2e-05,-1e-05,0.0,0
40327,4e-05,5e-05,0.0001,9e-05,9e-05,2e-05,-1e-05,0.0,0
40328,4e-05,5e-05,0.0001,9e-05,9e-05,2e-05,-1e-05,0.0,0
40329,4e-05,5e-05,0.0001,9e-05,9e-05,2e-05,-1e-05,0.0,0
40330,4e-05,5e-05,0.0001,9e-05,9e-05,2e-05,-1e-05,0.0,0
40331,4e-05,5e-05,0.0001,9e-05,9e-05,2e-05,-1e-05,0.0,0
40332,4e-05,5e-05,0.0001,9e-05,9e-05,2e-05,-1e-05,0.0,0
40333,4e-05,5e-05,0.0001,9e-05,9e-05,2e-05,-1e-05,0.0,0
40334,4e-05,5e-05,0.0001,9e-05,9e-05,2e-05,-1e-05,0.0,0
40335,4e-05,5e-05,0.0001,9e-05,9e-05,2e-05,-1e-05,0.0,0
40336,4e-05,5e-05,0.0001,9e-05,9e-05,2e-05,-1e-05,0.0,0
40339,-4e-05,-4e-05,-3e-05,-1e-05,-4e-05,-4e-05,-1e-05,-1e-05,0
40340,-4e-05,-4e-05,-3e-05,-1e-05,-4e-05,-4e-05,-1e-05,-1e-05,0
40341,-4e-05,-4e-05,-3e-05,-1e-05,-4e-05,-4e-05,-1e-05,-1e-05,0
40342,-4e-05,-4e-05,-3e-05,-1e-05,-4e-05,-4e-05,-1e-05,-1e-05,0
40343,-4e-05,-4e-05,-3e-05,-1e-05,-4e-05,-4e-05,-1e-05,-1e-05,0
40344,-4e-05,-4e-05,-3e-05,-1e-05,-4e-05,-4e-05,-1e-05,-1e-05,0
40345,-4e-05,-4e-05,-3e-05,-1e-05,-4e-05,-4e-05,-1e-05,-1e-05,0
40346,-4e-05,-4e-05,-3e-05,-1e-05,-4e-05,-4e-05,-1e-05,-1e-05,0
40347,-4e-05,-4e-05,-3e-05,-1e-05,-4e-05,-4e-05,-1e-05,-1e-05,0
40348,-4e-05,-4e-05,-3e-05,-1e-05,-4e-05,-4e-05,-1e-05,-1e-05,0
40349,-4e-05,-4e-05,-3e-05,-1e-05,-4e-05,-4e-05,-1e-05,-1e-05,0
40350,-4e-05,-4e-05,-3e-05,-1e-05,-4e-05,-4e-05,-1e-05,-1e-05,0
40351,-4e-05,-4e-05,-3e-05,-1e-05,-4e-05,-4e-05,-1e-05,-1e-05,0
40352,-4e-05,-4e-05,-3e-05,-1e-05,-4e-05,-4e-05,-1e-05,-1e-05,0
40353,-4e-05,-4e-05,-3e-05,-1e-05,-4e-05,-4e-05,-1e-05,-1e-05,0
40354,-4e-05,-4e-05,-3e-05,-1e-05,-4e-05,-4e-05,-1e-05,-1e-05,0
40355,-4e-05,-4e-05,-3e-05,-1e-05,-4e-05,-4e-05,-1e-05,-1e-05,0
40356,-4e-05,-4e-05,-3e-05,-1e-05,-4e-05,-4e-05,-1e-05,-1e-05,0
40357,-4e-05,-4e-05,-3e-05,-1e-05,-4e-05,-4e-05,-1e-05,-1e-05,0
40358,-4e-05,-4e-05,-3e-05,-1e-05,-4e-05,-4e-05,-1e-05,-1e-05,0
40359,-4e-05,-4e-05,-3e-05,-1e-05,-4e-05,-4e-05,-1e-05,-1e-05,0
40360,-4e-05,-3e-05,-9e-05,-0.0001,-3e-05,0.0,0.0,-1e-05,0
40361,1e-05,5e-05,3e-05,-3e-05,-6e-05,0.0,-1e-05,0.0,0
40362,1e-05,5e-05,3e-05,-3e-05,-6e-05,0.0,-1e-05,0.0,0
40363,1e-05,5e-05,3e-05,-3e-05,-6e-05,0.0,-1e-05,0.0,0
40364,1e-05,5e-05,3e-05,-3e-05,-6e-05,0.0,-1e-05,0.0,0
40365,1e-05,5e-05,3e-05,-3e-05,-6e-05,0.0,-1e-05,0.0,0
40366,1e-05,5e-05,3e-05,-3e-05,-6e-05,0.0,-1e-05,0.0,0
40367,1e-05,5e-05,3e-05,-3e-05,-6e-05,0.0,-1e-05,0.0,0
40368,1e-05,5e-05,3e-05,-3e-05,-6e-05,0.0,-1e-05,0.0,0
40369,1e-05,5e-05,3e-05,-3e-05,-6e-05,0.0,-1e-05,0.0,0
40370,1e-05,5e-05,3e-05,-3e-05,-6e-05,0.0,-1e-05,0.0,0
40371,1e-05,5e-05,3e-05,-3e-05,-6e-05,0.0,-1e-05,0.0,0
40372,1e-05,5e-05,3e-05,-3e-05,-6e-05,0.0,-1e-05,0.0,0
40373,1e-05,5e-05,3e-05,-3e-05,-6e-05,0.0,-1e-05,0.0,0
40374,0.0,1e-05,2e-05,0.0,-2e-05,1e-05,-2e-05,-2e-05,0
40375,-2e-05,-1e-05,-2e-05,1e-05,-1e-05,-3e-05,0.0,1e-05,0
40376,-2e-05,-1e-05,-2e-05,1e-05,-1e-05,-3e-05,0.0,1e-05,0
40377,-2e-05,-1e-05,-2e-05,1e-05,-1e-05,-3e-05,0.0,1e-05,0
40378,-2e-05,-1e-05,-2e-05,1e-05,-1e-05,-3e-05,0.0,1e-05,0
40379,-2e-05,-1e-05,-2e-05,1e-05,-1e-05,-3e-05,0.0,1e-05,0
40380,-2e-05,-1e-05,-2e-05,1e-05,-1e-05,-3e-05,0.0,1e-05,0
40381,-2e-05,-1e-05,-2e-05,1e-05,-1e-05,-3e-05,0.0,1e-05,0
40382,-2e-05,-1e-05,-2e-05,1e-05,-1e-05,-3e-05,0.0,1e-05,0
40383,-2e-05,-1e-05,-2e-05,1e-05,-1e-05,-3e-05,0.0,1e-05,0
40384,-2e-05,-1e-05,-2e-05,1e-05,-1e-05,-3e-05,0.0,1e-05,0
40385,-2e-05,-1e-05,-2e-05,1e-05,-1e-05,-3e-05,0.0,1e-05,0
40386,-2e-05,-1e-05,-2e-05,1e-05,-1e-05,-3e-05,0.0,1e-05,0
40388,-2e-05,-1e-05,-2e-05,1e-05,-1e-05,-3e-05,0.0,1e-05,0
40389,-2e-05,-1e-05,-2e-05,1e-05,-1e-05,-3e-05,0.0,1e-05,0
40390,-2e-05,-1e-05,-2e-05,1e-05,-1e-05,-3e-05,0.0,1e-05,0
40391,-2e-05,-1e-05,-2e-05,1e-05,-1e-05,-3e-05,0.0,1e-05,0
40392,-2e-05,-1e-05,-2e-05,1e-05,-1e-05,-3e-05,0.0,1e-05,0
40393,-2e-05,-1e-05,-2e-05,1e-05,-1e-05,-3e-05,0.0,1e-05,0
40394,-2e-05,-1e-05,-2e-05,1e-05,-1e-05,-3e-05,0.0,1e-05,0
40395,-2e-05,-1e-05,-2e-05,1e-05,-1e-05,-3e-05,0.0,1e-05,0
40396,-2e-05,-1e-05,-2e-05,1e-05,-1e-05,-3e-05,0.0,1e-05,0
40397,-3e-05,-6e-05,-9e-05,-9e-05,-5e-05,-2e-05,-1e-05,0.0,0
40398,2e-05,5e-05,9e-05,9e-05,-1e-05,1e-05,0.0,-1e-05,0
40399,2e-05,5e-05,9e-05,9e-05,-1e-05,1e-05,0.0,-1e-05,0
40400,2e-05,5e-05,9e-05,9e-05,-1e-05,1e-05,0.0,-1e-05,0
40401,2e-05,5e-05,9e-05,9e-05,-1e-05,1e-05,0.0,-1e-05,0
40402,2e-05,5e-05,9e-05,9e-05,-1e-05,1e-05,0.0,-1e-05,0
40403,2e-05,5e-05,9e-05,9e-05,-1e-05,1e-05,0.0,-1e-05,0
40404,2e-05,5e-05,9e-05,9e-05,-1e-05,1e-05,0.0,-1e-05,0
40405,2e-05,5e-05,9e-05,9e-05,-1e-05,1e-05,0.0,-1e-05,0
40406,2e-05,5e-05,9e-05,9e-05,-1e-05,1e-05,0.0,-1e-05,0
40407,2e-05,5e-05,9e-05,9e-05,-1e-05,1e-05,0.0,-1e-05,0
40408,2e-05,5e-05,9e-05,9e-05,-1e-05,1e-05,0.0,-1e-05,0
40409,2e-05,5e-05,9e-05,9e-05,-1e-05,1e-05,0.0,-1e-05,0
40410,2e-05,5e-05,9e-05,9e-05,-1e-05,1e-05,0.0,-1e-05,0
40411,2e-05,5e-05,9e-05,9e-05,-1e-05,1e-05,0.0,-1e-05,0
40412,2e-05,5e-05,9e-05,9e-05,-1e-05,1e-05,0.0,-1e-05,0
40413,2e-05,5e-05,9e-05,9e-05,-1e-05,1e-05,0.0,-1e-05,0
40414,2e-05,5e-05,9e-05,9e-05,-1e-05,1e-05,0.0,-1e-05,0
40415,2e-05,5e-05,9e-05,9e-05,-1e-05,1e-05,0.0,-1e-05,0
40416,2e-05,5e-05,9e-05,9e-05,-1e-05,1e-05,0.0,-1e-05,0
40417,2e-05,5e-05,9e-05,9e-05,-1e-05,1e-05,0.0,-1e-05,0
40418,2e-05,5e-05,9e-05,9e-05,-1e-05,1e-05,0.0,-1e-05,0
40419,2e-05,5e-05,9e-05,9e-05,-1e-05,1e-05,0.0,-1e-05,0
40420,-2e-05,-2e-05,-0.0001,-2e-05,-4e-05,-6e-05,0.0,-1e-05,0
40421,-2e-05,-3e-05,-2e-05,-1e-05,-8e-05,-2e-05,-3e-05,-2e-05,0
40422,-2e-05,-3e-05,-2e-05,-1e-05,-8e-05,-2e-05,-3e-05,-2e-05,0
40423,-2e-05,-3e-05,-2e-05,-1e-05,-8e-05,-2e-05,-3e-05,-2e-05,0
40424,-2e-05,-3e-05,-2e-05,-1e-05,-8e-05,-2e-05,-3e-05,-2e-05,0
40425,-2e-05,-3e-05,-2e-05,-1e-05,-8e-05,-2e-05,-3e-05,-2e-05,0
40426,-2e-05,-3e-05,-2e-05,-1e-05,-8e-05,-2e-05,-3e-05,-2e-05,0
40427,-2e-05,-3e-05,-2e-05,-1e-05,-8e-05,-2e-05,-3e-05,-2e-05,0
40428,-2e-05,-3e-05,-2e-05,-1e-05,-8e-05,-2e-05,-3e-05,-2e-05,0
40429,-2e-05,-3e-05,-2e-05,-1e-05,-8e-05,-2e-05,-3e-05,-2e-05,0
40430,-2e-05,-3e-05,-2e-05,-1e-05,-8e-05,-2e-05,-3e-05,-2e-05,0
40431,-2e-05,-3e-05,-2e-05,-1e-05,-8e-05,-2e-05,-3e-05,-2e-05,0
40432,-2e-05,-3e-05,-2e-05,-1e-05,-8e-05,-2e-05,-3e-05,-2e-05,0
40433,-2e-05,-3e-05,-2e-05,-1e-05,-8e-05,-2e-05,-3e-05,-2e-05,0
40434,-1e-05,-3e-05,0.0,0.0,-3e-05,-2e-05,-4e-05,-2e-05,0
40435,-1e-05,0.0,-1e-05,-3e-05,-4e-05,-5e-05,0.0,1e-05,0
40436,-1e-05,0.0,-1e-05,-3e-05,-4e-05,-5e-05,0.0,1e-05,0
40438,-1e-05,0.0,-1e-05,-3e-05,-4e-05,-5e-05,0.0,1e-05,0
40439,-1e-05,0.0,-1e-05,-3e-05,-4e-05,-5e-05,0.0,1e-05,0
40440,-1e-05,0.0,-1e-05,-3e-05,-4e-05,-5e-05,0.0,1e-05,0
40441,-1e-05,0.0,-1e-05,-3e-05,-4e-05,-5e-05,0.0,1e-05,0
40442,-1e-05,0.0,-1e-05,-3e-05,-4e-05,-5e-05,0.0,1e-05,0
40443,-1e-05,0.0,-1e-05,-3e-05,-4e-05,-5e-05,0.0,1e-05,0
40444,-1e-05,0.0,-1e-05,-3e-05,-4e-05,-5e-05,0.0,1e-05,0
40445,-1e-05,0.0,-1e-05,-3e-05,-4e-05,-5e-05,0.0,1e-05,0
40446,-1e-05,0.0,-1e-05,-3e-05,-4e-05,-5e-05,0.0,1e-05,0
40447,-1e-05,0.0,-1e-05,-3e-05,-4e-05,-5e-05,0.0,1e-05,0
40448,-1e-05,0.0,-1e-05,-3e-05,-4e-05,-5e-05,0.0,1e-05,0
40449,-1e-05,0.0,-1e-05,-3e-05,-4e-05,-5e-05,0.0,1e-05,0
40450,-1e-05,0.0,-1e-05,-3e-05,-4e-05,-5e-05,0.0,1e-05,0
40451,-1e-05,0.0,-1e-05,-3e-05,-4e-05,-5e-05,0.0,1e-05,0
40452,-1e-05,0.0,-1e-05,-3e-05,-4e-05,-5e-05,0.0,1e-05,0
40453,-1e-05,0.0,-1e-05,-3e-05,-4e-05,-5e-05,0.0,1e-05,0
40454,-1e-05,0.0,-1e-05,-3e-05,-4e-05,-5e-05,0.0,1e-05,0
40455,-1e-05,0.0,-1e-05,-3e-05,-4e-05,-5e-05,0.0,1e-05,0
40456,-1e-05,0.0,-1e-05,-3e-05,-4e-05,-5e-05,0.0,1e-05,0
40457,-3e-05,-2e-05,-1e-05,-5e-05,1e-05,2e-05,2e-05,-1e-05,0
40458,-1e-05,1e-05,-2e-05,-4e-05,2e-05,-1e-05,-3e-05,-2e-05,0
40459,-1e-05,1e-05,-2e-05,-4e-05,2e-05,-1e-05,-3e-05,-2e-05,0
40460,-1e-05,1e-05,-2e-05,-4e-05,2e-05,-1e-05,-3e-05,-2e-05,0
40461,-1e-05,1e-05,-2e-05,-4e-05,2e-05,-1e-05,-3e-05,-2e-05,0
40462,-1e-05,1e-05,-2e-05,-4e-05,2e-05,-1e-05,-3e-05,-2e-05,0
40463,-1e-05,1e-05,-2e-05,-4e-05,2e-05,-1e-05,-3e-05,-2e-05,0
40464,-1e-05,1e-05,-2e-05,-4e-05,2e-05,-1e-05,-3e-05,-2e-05,0
40465,-1e-05,1e-05,-2e-05,-4e-05,2e-05,-1e-05,-3e-05,-2e-05,0
40466,-1e-05,1e-05,-2e-05,-4e-05,2e-05,-1e-05,-3e-05,-2e-05,0
40467,-1e-05,1e-05,-2e-05,-4e-05,2e-05,-1e-05,-3e-05,-2e-05,0
40468,-1e-05,1e-05,-2e-05,-4e-05,2e-05,-1e-05,-3e-05,-2e-05,0
40469,-1e-05,1e-05,-2e-05,-4e-05,2e-05,-1e-05,-3e-05,-2e-05,0
40470,-1e-05,1e-05,-2e-05,-4e-05,2e-05,-1e-05,-3e-05,-2e-05,0
40471,-1e-05,1e-05,-2e-05,-4e-05,2e-05,-1e-05,-3e-05,-2e-05,0
40472,-1e-05,1e-05,-2e-05,-4e-05,2e-05,-1e-05,-3e-05,-2e-05,0
40473,-1e-05,1e-05,-2e-05,-4e-05,2e-05,-1e-05,-3e-05,-2e-05,0
40474,-1e-05,1e-05,-2e-05,-4e-05,2e-05,-1e-05,-3e-05,-2e-05,0
40475,-1e-05,1e-05,-2e-05,-4e-05,2e-05,-1e-05,-3e-05,-2e-05,0
40476,-1e-05,1e-05,-2e-05,-4e-05,2e-05,-1e-05,-3e-05,-2e-05,0
40477,-1e-05,1e-05,-2e-05,-4e-05,2e-05,-1e-05,-3e-05,-2e-05,0
40478,-1e-05,1e-05,-2e-05,-4e-05,2e-05,-1e-05,-3e-05,-2e-05,0
40479,-1e-05,1e-05,-2e-05,-4e-05,2e-05,-1e-05,-3e-05,-2e-05,0
40480,0.0,0.0,0.0,2e-05,-2e-05,-3e-05,0.0,-3e-05,0
40481,-2e-05,0.0,-2e-05,-3e-05,5e-05,0.0,0.0,-1e-05,0
40482,-2e-05,0.0,-2e-05,-3e-05,5e-05,0.0,0.0,-1e-05,0
40483,-2e-05,0.0,-2e-05,-3e-05,5e-05,0.0,0.0,-1e-05,0
40484,-2e-05,0.0,-2e-05,-3e-05,5e-05,0.0,0.0,-1e-05,0
40485,-2e-05,0.0,-2e-05,-3e-05,5e-05,0.0,0.0,-1e-05,0
40486,-2e-05,0.0,-2e-05,-3e-05,5e-05,0.0,0.0,-1e-05,0
40488,-2e-05,0.0,-2e-05,-3e-05,5e-05,0.0,0.0,-1e-05,0
40489,-2e-05,0.0,-2e-05,-3e-05,5e-05,0.0,0.0,-1e-05,0
40490,-2e-05,0.0,-2e-05,-3e-05,5e-05,0.0,0.0,-1e-05,0
40491,-2e-05,0.0,-2e-05,-3e-05,5e-05,0.0,0.0,-1e-05,0
40492,-2e-05,0.0,-2e-05,-3e-05,5e-05,0.0,0.0,-1e-05,0
40493,-2e-05,0.0,-2e-05,-3e-05,5e-05,0.0,0.0,-1e-05,0
40494,1e-05,0.0,1e-05,2e-05,1e-05,-1e-05,1e-05,1e-05,0
40496,1e-05,0.0,1e-05,2e-05,1e-05,-1e-05,1e-05,1e-05,0
40497,1e-05,0.0,1e-05,2e-05,1e-05,-1e-05,1e-05,1e-05,0
40498,1e-05,0.0,1e-05,2e-05,1e-05,-1e-05,1e-05,1e-05,0
40499,1e-05,0.0,1e-05,2e-05,1e-05,-1e-05,1e-05,1e-05,0
40500,1e-05,0.0,1e-05,2e-05,1e-05,-1e-05,1e-05,1e-05,0
40501,1e-05,0.0,1e-05,2e-05,1e-05,-1e-05,1e-05,1e-05,0
40502,1e-05,0.0,1e-05,2e-05,1e-05,-1e-05,1e-05,1e-05,0
40503,1e-05,0.0,1e-05,2e-05,1e-05,-1e-05,1e-05,1e-05,0
40504,1e-05,0.0,1e-05,2e-05,1e-05,-1e-05,1e-05,1e-05,0
40505,1e-05,0.0,1e-05,2e-05,1e-05,-1e-05,1e-05,1e-05,0
40506,1e-05,0.0,1e-05,2e-05,1e-05,-1e-05,1e-05,1e-05,0
40507,1e-05,0.0,1e-05,2e-05,1e-05,-1e-05,1e-05,1e-05,0
40508,1e-05,0.0,1e-05,2e-05,1e-05,-1e-05,1e-05,1e-05,0
40509,1e-05,0.0,1e-05,2e-05,1e-05,-1e-05,1e-05,1e-05,0
40510,1e-05,0.0,1e-05,2e-05,1e-05,-1e-05,1e-05,1e-05,0
40511,1e-05,0.0,1e-05,2e-05,1e-05,-1e-05,1e-05,1e-05,0
40512,1e-05,0.0,1e-05,2e-05,1e-05,-1e-05,1e-05,1e-05,0
40513,1e-05,0.0,1e-05,2e-05,1e-05,-1e-05,1e-05,1e-05,0
40514,1e-05,0.0,1e-05,2e-05,1e-05,-1e-05,1e-05,1e-05,0
40515,1e-05,0.0,1e-05,2e-05,1e-05,-1e-05,1e-05,1e-05,0
40516,1e-05,0.0,1e-05,2e-05,1e-05,-1e-05,1e-05,1e-05,0
40517,0.0,-1e-05,0.0,1e-05,1e-05,0.0,-1e-05,0.0,0
40518,-2e-05,-5e-05,-0.0001,1e-05,-6e-05,-2e-05,0.0,-1e-05,0
40519,-2e-05,-5e-05,-0.0001,1e-05,-6e-05,-2e-05,0.0,-1e-05,0
40520,-2e-05,-5e-05,-0.0001,1e-05,-6e-05,-2e-05,0.0,-1e-05,0
40521,-2e-05,-5e-05,-0.0001,1e-05,-6e-05,-2e-05,0.0,-1e-05,0
40522,-2e-05,-5e-05,-0.0001,1e-05,-6e-05,-2e-05,0.0,-1e-05,0
40523,-2e-05,-5e-05,-0.0001,1e-05,-6e-05,-2e-05,0.0,-1e-05,0
40524,-2e-05,-5e-05,-0.0001,1e-05,-6e-05,-2e-05,0.0,-1e-05,0
40525,-2e-05,-5e-05,-0.0001,1e-05,-6e-05,-2e-05,0.0,-1e-05,0
40526,-2e-05,-5e-05,-0.0001,1e-05,-6e-05,-2e-05,0.0,-1e-05,0
40527,-2e-05,-5e-05,-0.0001,1e-05,-6e-05,-2e-05,0.0,-1e-05,0
40528,-2e-05,-5e-05,-0.0001,1e-05,-6e-05,-2e-05,0.0,-1e-05,0
40529,-2e-05,-5e-05,-0.0001,1e-05,-6e-05,-2e-05,0.0,-1e-05,0
40530,-2e-05,-5e-05,-0.0001,1e-05,-6e-05,-2e-05,0.0,-1e-05,0
40531,-2e-05,-5e-05,-0.0001,1e-05,-6e-05,-2e-05,0.0,-1e-05,0
40532,-2e-05,-5e-05,-0.0001,1e-05,-6e-05,-2e-05,0.0,-1e-05,0
40533,-2e-05,-5e-05,-0.0001,1e-05,-6e-05,-2e-05,0.0,-1e-05,0
40534,-2e-05,-5e-05,-0.0001,1e-05,-6e-05,-2e-05,0.0,-1e-05,0
40535,-2e-05,-5e-05,-0.0001,1e-05,-6e-05,-2e-05,0.0,-1e-05,0
40536,-2e-05,-5e-05,-0.0001,1e-05,-6e-05,-2e-05,0.0,-1e-05,0
40538,-2e-05,-5e-05,-0.0001,1e-05,-6e-05,-2e-05,0.0,-1e-05,0
40539,-2e-05,-5e-05,-0.0001,1e-05,-6e-05,-2e-05,0.0,-1e-05,0
40540,-4e-05,-2e-05,-5e-05,-7e-05,-9e-05,-6e-05,0.0,0.0,0
40541,1e-05,1e-05,6e-05,3e-05,3e-05,0.0,0.0,1e-05,0
40542,1e-05,1e-05,6e-05,3e-05,3e-05,0.0,0.0,1e-05,0
40543,1e-05,1e-05,6e-05,3e-05,3e-05,0.0,0.0,1e-05,0
40544,1e-05,1e-05,6e-05,3e-05,3e-05,0.0,0.0,1e-05,0
40545,1e-05,1e-05,6e-05,3e-05,3e-05,0.0,0.0,1e-05,0
40546,1e-05,1e-05,6e-05,3e-05,3e-05,0.0,0.0,1e-05,0
40547,1e-05,1e-05,6e-05,3e-05,3e-05,0.0,0.0,1e-05,0
40548,1e-05,1e-05,6e-05,3e-05,3e-05,0.0,0.0,1e-05,0
40549,1e-05,1e-05,6e-05,3e-05,3e-05,0.0,0.0,1e-05,0
40550,1e-05,1e-05,6e-05,3e-05,3e-05,0.0,0.0,1e-05,0
40551,1e-05,1e-05,6e-05,3e-05,3e-05,0.0,0.0,1e-05,0
40552,1e-05,1e-05,6e-05,3e-05,3e-05,0.0,0.0,1e-05,0
40553,1e-05,1e-05,6e-05,3e-05,3e-05,0.0,0.0,1e-05,0
40554,0.0,-1e-05,-1e-05,-1e-05,1e-05,-1e-05,-1e-05,0.0,0
40555,1e-05,0.0,1e-05,2e-05,0.0,-3e-05,-1e-05,-3e-05,0
40556,1e-05,0.0,1e-05,2e-05,0.0,-3e-05,-1e-05,-3e-05,0
40557,1e-05,0.0,1e-05,2e-05,0.0,-3e-05,-1e-05,-3e-05,0
40559,1e-05,0.0,1e-05,2e-05,0.0,-3e-05,-1e-05,-3e-05,0
40560,1e-05,0.0,1e-05,2e-05,0.0,-3e-05,-1e-05,-3e-05,0
40561,1e-05,0.0,1e-05,2e-05,0.0,-3e-05,-1e-05,-3e-05,0
40562,1e-05,0.0,1e-05,2e-05,0.0,-3e-05,-1e-05,-3e-05,0
40563,1e-05,0.0,1e-05,2e-05,0.0,-3e-05,-1e-05,-3e-05,0
40564,1e-05,0.0,1e-05,2e-05,0.0,-3e-05,-1e-05,-3e-05,0
40565,1e-05,0.0,1e-05,2e-05,0.0,-3e-05,-1e-05,-3e-05,0
40566,1e-05,0.0,1e-05,2e-05,0.0,-3e-05,-1e-05,-3e-05,0
40567,1e-05,0.0,1e-05,2e-05,0.0,-3e-05,-1e-05,-3e-05,0
40568,1e-05,0.0,1e-05,2e-05,0.0,-3e-05,-1e-05,-3e-05,0
40569,1e-05,0.0,1e-05,2e-05,0.0,-3e-05,-1e-05,-3e-05,0
40570,1e-05,0.0,1e-05,2e-05,0.0,-3e-05,-1e-05,-3e-05,0
40571,1e-05,0.0,1e-05,2e-05,0.0,-3e-05,-1e-05,-3e-05,0
40572,1e-05,0.0,1e-05,2e-05,0.0,-3e-05,-1e-05,-3e-05,0
40573,1e-05,0.0,1e-05,2e-05,0.0,-3e-05,-1e-05,-3e-05,0
40574,1e-05,0.0,1e-05,2e-05,0.0,-3e-05,-1e-05,-3e-05,0
40575,1e-05,0.0,1e-05,2e-05,0.0,-3e-05,-1e-05,-3e-05,0
40576,1e-05,0.0,1e-05,2e-05,0.0,-3e-05,-1e-05,-3e-05,0
40577,-2e-05,-2e-05,-1e-05,-2e-05,0.0,0.0,-1e-05,-1e-05,0
40578,0.0,-1e-05,0.0,-3e-05,3e-05,-1e-05,-2e-05,-1e-05,0
40579,1e-05,-1e-05,-1e-05,-2e-05,-1e-05,-1e-05,-2e-05,1e-05,0
40580,1e-05,-1e-05,-1e-05,-2e-05,-1e-05,-1e-05,-2e-05,1e-05,0
40581,1e-05,-1e-05,-1e-05,-2e-05,-1e-05,-1e-05,-2e-05,1e-05,0
40582,1e-05,-1e-05,-1e-05,-2e-05,-1e-05,-1e-05,-2e-05,1e-05,0
40583,1e-05,-1e-05,-1e-05,-2e-05,-1e-05,-1e-05,-2e-05,1e-05,0
40584,1e-05,-1e-05,-1e-05,-2e-05,-1e-05,-1e-05,-2e-05,1e-05,0
40585,1e-05,-1e-05,-1e-05,-2e-05,-1e-05,-1e-05,-2e-05,1e-05,0
40586,1e-05,-1e-05,-1e-05,-2e-05,-1e-05,-1e-05,-2e-05,1e-05,0
40588,1e-05,-1e-05,-1e-05,-2e-05,-1e-05,-1e-05,-2e-05,1e-05,0
40589,1e-05,-1e-05,-1e-05,-2e-05,-1e-05,-1e-05,-2e-05,1e-05,0
40590,1e-05,-1e-05,-1e-05,-2e-05,-1e-05,-1e-05,-2e-05,1e-05,0
40591,1e-05,-1e-05,-1e-05,-2e-05,-1e-05,-1e-05,-2e-05,1e-05,0
40592,1e-05,-1e-05,-1e-05,-2e-05,-1e-05,-1e-05,-2e-05,1e-05,0
40593,1e-05,-1e-05,-1e-05,-2e-05,-1e-05,-1e-05,-2e-05,1e-05,0
40594,1e-05,-1e-05,-1e-05,-2e-05,-1e-05,-1e-05,-2e-05,1e-05,0
40595,1e-05,-1e-05,-1e-05,-2e-05,-1e-05,-1e-05,-2e-05,1e-05,0
40596,1e-05,-1e-05,-1e-05,-2e-05,-1e-05,-1e-05,-2e-05,1e-05,0
40597,1e-05,-1e-05,-1e-05,-2e-05,-1e-05,-1e-05,-2e-05,1e-05,0
40598,1e-05,-1e-05,-1e-05,-2e-05,-1e-05,-1e-05,-2e-05,1e-05,0
40599,1e-05,-1e-05,-1e-05,-2e-05,-1e-05,-1e-05,-2e-05,1e-05,0
40600,-2e-05,-4e-05,-4e-05,-4e-05,2e-05,0.0,-1e-05,-1e-05,0
40601,-2e-05,-3e-05,-5e-05,-4e-05,7e-05,-3e-05,-2e-05,-2e-05,0
40602,-2e-05,-3e-05,-5e-05,-4e-05,7e-05,-3e-05,-2e-05,-2e-05,0
40603,-2e-05,-3e-05,-5e-05,-4e-05,7e-05,-3e-05,-2e-05,-2e-05,0
40604,-2e-05,-3e-05,-5e-05,-4e-05,7e-05,-3e-05,-2e-05,-2e-05,0
40605,-2e-05,-3e-05,-5e-05,-4e-05,7e-05,-3e-05,-2e-05,-2e-05,0
40606,-2e-05,-3e-05,-5e-05,-4e-05,7e-05,-3e-05,-2e-05,-2e-05,0
40607,-2e-05,-3e-05,-5e-05,-4e-05,7e-05,-3e-05,-2e-05,-2e-05,0
40608,-2e-05,-3e-05,-5e-05,-4e-05,7e-05,-3e-05,-2e-05,-2e-05,0
40609,-2e-05,-3e-05,-5e-05,-4e-05,7e-05,-3e-05,-2e-05,-2e-05,0
40610,-2e-05,-3e-05,-5e-05,-4e-05,7e-05,-3e-05,-2e-05,-2e-05,0
40611,-2e-05,-3e-05,-5e-05,-4e-05,7e-05,-3e-05,-2e-05,-2e-05,0
40612,-2e-05,-3e-05,-5e-05,-4e-05,7e-05,-3e-05,-2e-05,-2e-05,0
40613,-2e-05,-3e-05,-5e-05,-4e-05,7e-05,-3e-05,-2e-05,-2e-05,0
40614,1e-05,-2e-05,1e-05,3e-05,6e-05,3e-05,-1e-05,0.0,0
40615,2e-05,0.0,1e-05,-2e-05,-0.0001,-2e-05,0.0,1e-05,0
40616,2e-05,0.0,1e-05,-2e-05,-0.0001,-2e-05,0.0,1e-05,0
40617,2e-05,0.0,1e-05,-2e-05,-0.0001,-2e-05,0.0,1e-05,0
40618,2e-05,0.0,1e-05,-2e-05,-0.0001,-2e-05,0.0,1e-05,0
40619,2e-05,0.0,1e-05,-2e-05,-0.0001,-2e-05,0.0,1e-05,0
40620,2e-05,0.0,1e-05,-2e-05,-0.0001,-2e-05,0.0,1e-05,0
40621,2e-05,0.0,1e-05,-2e-05,-0.0001,-2e-05,0.0,1e-05,0
40622,2e-05,0.0,1e-05,-2e-05,-0.0001,-2e-05,0.0,1e-05,0
40623,2e-05,0.0,1e-05,-2e-05,-0.0001,-2e-05,0.0,1e-05,0
40624,2e-05,0.0,1e-05,-2e-05,-0.0001,-2e-05,0.0,1e-05,0
40625,2e-05,0.0,1e-05,-2e-05,-0.0001,-2e-05,0.0,1e-05,0
40626,2e-05,0.0,1e-05,-2e-05,-0.0001,-2e-05,0.0,1e-05,0
40627,2e-05,0.0,1e-05,-2e-05,-0.0001,-2e-05,0.0,1e-05,0
40628,2e-05,0.0,1e-05,-2e-05,-0.0001,-2e-05,0.0,1e-05,0
40629,2e-05,0.0,1e-05,-2e-05,-0.0001,-2e-05,0.0,1e-05,0
40630,2e-05,0.0,1e-05,-2e-05,-0.0001,-2e-05,0.0,1e-05,0
40631,2e-05,0.0,1e-05,-2e-05,-0.0001,-2e-05,0.0,1e-05,0
40632,2e-05,0.0,1e-05,-2e-05,-0.0001,-2e-05,0.0,1e-05,0
40633,2e-05,0.0,1e-05,-2e-05,-0.0001,-2e-05,0.0,1e-05,0
40634,2e-05,0.0,1e-05,-2e-05,-0.0001,-2e-05,0.0,1e-05,0
40635,2e-05,0.0,1e-05,-2e-05,-0.0001,-2e-05,0.0,1e-05,0
40636,2e-05,0.0,1e-05,-2e-05,-0.0001,-2e-05,0.0,1e-05,0
40639,-1e-05,3e-05,3e-05,-4e-05,-7e-05,-3e-05,-2e-05,-2e-05,0
40640,-1e-05,3e-05,3e-05,-4e-05,-7e-05,-3e-05,-2e-05,-2e-05,0
40641,-1e-05,3e-05,3e-05,-4e-05,-7e-05,-3e-05,-2e-05,-2e-05,0
40642,-1e-05,3e-05,3e-05,-4e-05,-7e-05,-3e-05,-2e-05,-2e-05,0
40643,-1e-05,3e-05,3e-05,-4e-05,-7e-05,-3e-05,-2e-05,-2e-05,0
40644,-1e-05,3e-05,3e-05,-4e-05,-7e-05,-3e-05,-2e-05,-2e-05,0
40645,-1e-05,3e-05,3e-05,-4e-05,-7e-05,-3e-05,-2e-05,-2e-05,0
40646,-1e-05,3e-05,3e-05,-4e-05,-7e-05,-3e-05,-2e-05,-2e-05,0
40647,-1e-05,3e-05,3e-05,-4e-05,-7e-05,-3e-05,-2e-05,-2e-05,0
40648,-1e-05,3e-05,3e-05,-4e-05,-7e-05,-3e-05,-2e-05,-2e-05,0
40649,-1e-05,3e-05,3e-05,-4e-05,-7e-05,-3e-05,-2e-05,-2e-05,0
40650,-1e-05,3e-05,3e-05,-4e-05,-7e-05,-3e-05,-2e-05,-2e-05,0
40651,-1e-05,3e-05,3e-05,-4e-05,-7e-05,-3e-05,-2e-05,-2e-05,0
40652,-1e-05,3e-05,3e-05,-4e-05,-7e-05,-3e-05,-2e-05,-2e-05,0
40653,-1e-05,3e-05,3e-05,-4e-05,-7e-05,-3e-05,-2e-05,-2e-05,0
40654,-1e-05,3e-05,3e-05,-4e-05,-7e-05,-3e-05,-2e-05,-2e-05,0
40655,-1e-05,3e-05,3e-05,-4e-05,-7e-05,-3e-05,-2e-05,-2e-05,0
40656,-1e-05,3e-05,3e-05,-4e-05,-7e-05,-3e-05,-2e-05,-2e-05,0
40657,-1e-05,3e-05,3e-05,-4e-05,-7e-05,-3e-05,-2e-05,-2e-05,0
40658,-1e-05,3e-05,3e-05,-4e-05,-7e-05,-3e-05,-2e-05,-2e-05,0
40659,-1e-05,3e-05,3e-05,-4e-05,-7e-05,-3e-05,-2e-05,-2e-05,0
40660,-4e-05,-5e-05,-4e-05,-0.00011,-7e-05,-2e-05,-3e-05,-3e-05,0
40661,-4e-05,-5e-05,-4e-05,-0.00011,-7e-05,-2e-05,-3e-05,-3e-05,0
40662,-2e-05,-5e-05,-4e-05,3e-05,2e-05,-1e-05,-1e-05,-3e-05,0
40663,-2e-05,-5e-05,-4e-05,3e-05,2e-05,-1e-05,-1e-05,-3e-05,0
40664,-2e-05,-5e-05,-4e-05,3e-05,2e-05,-1e-05,-1e-05,-3e-05,0
40665,-2e-05,-5e-05,-4e-05,3e-05,2e-05,-1e-05,-1e-05,-3e-05,0
40666,-2e-05,-5e-05,-4e-05,3e-05,2e-05,-1e-05,-1e-05,-3e-05,0
40667,-2e-05,-5e-05,-4e-05,3e-05,2e-05,-1e-05,-1e-05,-3e-05,0
40668,-2e-05,-5e-05,-4e-05,3e-05,2e-05,-1e-05,-1e-05,-3e-05,0
40669,-2e-05,-5e-05,-4e-05,3e-05,2e-05,-1e-05,-1e-05,-3e-05,0
40670,-2e-05,-5e-05,-4e-05,3e-05,2e-05,-1e-05,-1e-05,-3e-05,0
40671,-2e-05,-5e-05,-4e-05,3e-05,2e-05,-1e-05,-1e-05,-3e-05,0
40672,-2e-05,-5e-05,-4e-05,3e-05,2e-05,-1e-05,-1e-05,-3e-05,0
40673,-2e-05,-5e-05,-4e-05,3e-05,2e-05,-1e-05,-1e-05,-3e-05,0
40674,0.0,2e-05,4e-05,0.0,-7e-05,-3e-05,0.0,-2e-05,0
40675,0.0,2e-05,4e-05,0.0,-7e-05,-3e-05,0.0,-2e-05,0
40676,0.0,2e-05,4e-05,0.0,-7e-05,-3e-05,0.0,-2e-05,0
40677,0.0,2e-05,4e-05,0.0,-7e-05,-3e-05,0.0,-2e-05,0
40678,0.0,2e-05,4e-05,0.0,-7e-05,-3e-05,0.0,-2e-05,0
40679,0.0,2e-05,4e-05,0.0,-7e-05,-3e-05,0.0,-2e-05,0
40680,0.0,2e-05,4e-05,0.0,-7e-05,-3e-05,0.0,-2e-05,0
40681,0.0,2e-05,4e-05,0.0,-7e-05,-3e-05,0.0,-2e-05,0
40682,-1e-05,0.0,-1e-05,-1e-05,3e-05,-1e-05,-1e-05,-1e-05,0
40683,-4e-05,-7e-05,-9e-05,-4e-05,2e-05,1e-05,-1e-05,0.0,0
40684,-4e-05,-7e-05,-9e-05,-4e-05,2e-05,1e-05,-1e-05,0.0,0
40685,-4e-05,-7e-05,-9e-05,-4e-05,2e-05,1e-05,-1e-05,0.0,0
40686,-4e-05,-7e-05,-9e-05,-4e-05,2e-05,1e-05,-1e-05,0.0,0
40688,-4e-05,-7e-05,-9e-05,-4e-05,2e-05,1e-05,-1e-05,0.0,0
40689,-4e-05,-7e-05,-9e-05,-4e-05,2e-05,1e-05,-1e-05,0.0,0
40690,-4e-05,-7e-05,-9e-05,-4e-05,2e-05,1e-05,-1e-05,0.0,0
40691,-4e-05,-7e-05,-9e-05,-4e-05,2e-05,1e-05,-1e-05,0.0,0
40692,-4e-05,-7e-05,-9e-05,-4e-05,2e-05,1e-05,-1e-05,0.0,0
40693,-4e-05,-7e-05,-9e-05,-4e-05,2e-05,1e-05,-1e-05,0.0,0
40694,-4e-05,-7e-05,-9e-05,-4e-05,2e-05,1e-05,-1e-05,0.0,0
40695,-4e-05,-7e-05,-9e-05,-4e-05,2e-05,1e-05,-1e-05,0.0,0
40696,-4e-05,-7e-05,-9e-05,-4e-05,2e-05,1e-05,-1e-05,0.0,0
40697,0.0,0.0,-2e-05,-4e-05,-3e-05,-1e-05,-2e-05,0.0,0
40698,0.0,0.0,-2e-05,-4e-05,-3e-05,-1e-05,-2e-05,0.0,0
40699,-1e-05,2e-05,5e-05,4e-05,0.0,-2e-05,-2e-05,-1e-05,0
40700,-1e-05,2e-05,5e-05,4e-05,0.0,-2e-05,-2e-05,-1e-05,0
40701,-1e-05,2e-05,5e-05,4e-05,0.0,-2e-05,-2e-05,-1e-05,0
40702,-1e-05,2e-05,5e-05,4e-05,0.0,-2e-05,-2e-05,-1e-05,0
40703,-1e-05,2e-05,5e-05,4e-05,0.0,-2e-05,-2e-05,-1e-05,0
40704,-1e-05,2e-05,5e-05,4e-05,0.0,-2e-05,-2e-05,-1e-05,0
40705,-1e-05,2e-05,5e-05,4e-05,0.0,-2e-05,-2e-05,-1e-05,0
40706,-1e-05,2e-05,5e-05,4e-05,0.0,-2e-05,-2e-05,-1e-05,0
40707,-1e-05,2e-05,5e-05,4e-05,0.0,-2e-05,-2e-05,-1e-05,0
40708,-1e-05,2e-05,5e-05,4e-05,0.0,-2e-05,-2e-05,-1e-05,0
40709,-1e-05,2e-05,5e-05,4e-05,0.0,-2e-05,-2e-05,-1e-05,0
40710,-1e-05,2e-05,5e-05,4e-05,0.0,-2e-05,-2e-05,-1e-05,0
40711,-1e-05,2e-05,5e-05,4e-05,0.0,-2e-05,-2e-05,-1e-05,0
40712,-1e-05,2e-05,5e-05,4e-05,0.0,-2e-05,-2e-05,-1e-05,0
40713,-1e-05,2e-05,5e-05,4e-05,0.0,-2e-05,-2e-05,-1e-05,0
40714,-1e-05,2e-05,5e-05,4e-05,0.0,-2e-05,-2e-05,-1e-05,0
40715,-1e-05,2e-05,5e-05,4e-05,0.0,-2e-05,-2e-05,-1e-05,0
40716,-1e-05,2e-05,5e-05,4e-05,0.0,-2e-05,-2e-05,-1e-05,0
40717,-1e-05,2e-05,5e-05,4e-05,0.0,-2e-05,-2e-05,-1e-05,0
40718,-1e-05,2e-05,5e-05,4e-05,0.0,-2e-05,-2e-05,-1e-05,0
40719,-1e-05,2e-05,5e-05,4e-05,0.0,-2e-05,-2e-05,-1e-05,0
40720,-1e-05,-1e-05,-1e-05,-1e-05,1e-05,-3e-05,-2e-05,-4e-05,0
40721,1e-05,2e-05,5e-05,3e-05,-2e-05,-3e-05,-1e-05,0.0,0
40722,2e-05,2e-05,3e-05,3e-05,0.0,0.0,-1e-05,0.0,0
40723,2e-05,2e-05,3e-05,3e-05,0.0,0.0,-1e-05,0.0,0
40724,2e-05,2e-05,3e-05,3e-05,0.0,0.0,-1e-05,0.0,0
40725,2e-05,2e-05,3e-05,3e-05,0.0,0.0,-1e-05,0.0,0
40726,2e-05,2e-05,3e-05,3e-05,0.0,0.0,-1e-05,0.0,0
40727,2e-05,2e-05,3e-05,3e-05,0.0,0.0,-1e-05,0.0,0
40728,2e-05,2e-05,3e-05,3e-05,0.0,0.0,-1e-05,0.0,0
40729,2e-05,2e-05,3e-05,3e-05,0.0,0.0,-1e-05,0.0,0
40730,2e-05,2e-05,3e-05,3e-05,0.0,0.0,-1e-05,0.0,0
40731,2e-05,2e-05,3e-05,3e-05,0.0,0.0,-1e-05,0.0,0
40732,2e-05,2e-05,3e-05,3e-05,0.0,0.0,-1e-05,0.0,0
40733,-3e-05,-4e-05,-5e-05,-8e-05,-1e-05,-1e-05,-1e-05,0.0,0
40734,-2e-05,-3e-05,-8e-05,-8e-05,-7e-05,-2e-05,0.0,1e-05,0
40735,-2e-05,-3e-05,-8e-05,-8e-05,-7e-05,-2e-05,0.0,1e-05,0
40736,-2e-05,-3e-05,-8e-05,-8e-05,-7e-05,-2e-05,0.0,1e-05,0
40738,-2e-05,-3e-05,-8e-05,-8e-05,-7e-05,-2e-05,0.0,1e-05,0
40739,-2e-05,-3e-05,-8e-05,-8e-05,-7e-05,-2e-05,0.0,1e-05,0
40740,-2e-05,-3e-05,-8e-05,-8e-05,-7e-05,-2e-05,0.0,1e-05,0
40741,-2e-05,-3e-05,-8e-05,-8e-05,-7e-05,-2e-05,0.0,1e-05,0
40742,-2e-05,-3e-05,-8e-05,-8e-05,-7e-05,-2e-05,0.0,1e-05,0
40743,-1e-05,-1e-05,0.0,-1e-05,-7e-05,-2e-05,-2e-05,-2e-05,0
40744,-1e-05,-1e-05,0.0,-1e-05,-7e-05,-2e-05,-2e-05,-2e-05,0
40745,-1e-05,-1e-05,0.0,-1e-05,-7e-05,-2e-05,-2e-05,-2e-05,0
40746,-1e-05,-1e-05,0.0,-1e-05,-7e-05,-2e-05,-2e-05,-2e-05,0
40747,-1e-05,-1e-05,0.0,-1e-05,-7e-05,-2e-05,-2e-05,-2e-05,0
40748,-1e-05,-1e-05,0.0,-1e-05,-7e-05,-2e-05,-2e-05,-2e-05,0
40749,-1e-05,-1e-05,0.0,-1e-05,-7e-05,-2e-05,-2e-05,-2e-05,0
40750,-1e-05,-1e-05,0.0,-1e-05,-7e-05,-2e-05,-2e-05,-2e-05,0
40751,-1e-05,-1e-05,0.0,-1e-05,-7e-05,-2e-05,-2e-05,-2e-05,0
40752,-1e-05,-1e-05,0.0,-1e-05,-7e-05,-2e-05,-2e-05,-2e-05,0
40753,-1e-05,-1e-05,0.0,-1e-05,-7e-05,-2e-05,-2e-05,-2e-05,0
40754,-1e-05,-1e-05,0.0,-1e-05,-7e-05,-2e-05,-2e-05,-2e-05,0
40755,-1e-05,-1e-05,0.0,-1e-05,-7e-05,-2e-05,-2e-05,-2e-05,0
40756,-1e-05,-1e-05,0.0,-1e-05,-7e-05,-2e-05,-2e-05,-2e-05,0
40757,2e-05,2e-05,4e-05,2e-05,-1e-05,-3e-05,-2e-05,-1e-05,0
40758,-1e-05,2e-05,2e-05,2e-05,1e-05,2e-05,0.0,0.0,0
40759,-3e-05,-1e-05,1e-05,1e-05,-5e-05,-1e-05,-2e-05,0.0,0
40760,-3e-05,-1e-05,1e-05,1e-05,-5e-05,-1e-05,-2e-05,0.0,0
40761,-3e-05,-1e-05,1e-05,1e-05,-5e-05,-1e-05,-2e-05,0.0,0
40762,-3e-05,-1e-05,1e-05,1e-05,-5e-05,-1e-05,-2e-05,0.0,0
40763,-3e-05,-1e-05,1e-05,1e-05,-5e-05,-1e-05,-2e-05,0.0,0
40764,-3e-05,-1e-05,1e-05,1e-05,-5e-05,-1e-05,-2e-05,0.0,0
40765,-3e-05,-1e-05,1e-05,1e-05,-5e-05,-1e-05,-2e-05,0.0,0
40766,-3e-05,-1e-05,1e-05,1e-05,-5e-05,-1e-05,-2e-05,0.0,0
40767,-3e-05,-1e-05,1e-05,1e-05,-5e-05,-1e-05,-2e-05,0.0,0
40768,-3e-05,-1e-05,1e-05,1e-05,-5e-05,-1e-05,-2e-05,0.0,0
40769,-3e-05,-1e-05,1e-05,1e-05,-5e-05,-1e-05,-2e-05,0.0,0
40770,-3e-05,-1e-05,1e-05,1e-05,-5e-05,-1e-05,-2e-05,0.0,0
40771,-3e-05,-1e-05,1e-05,1e-05,-5e-05,-1e-05,-2e-05,0.0,0
40772,-3e-05,-1e-05,1e-05,1e-05,-5e-05,-1e-05,-2e-05,0.0,0
40773,-3e-05,-1e-05,1e-05,1e-05,-5e-05,-1e-05,-2e-05,0.0,0
40774,-3e-05,-1e-05,1e-05,1e-05,-5e-05,-1e-05,-2e-05,0.0,0
40775,-3e-05,-1e-05,1e-05,1e-05,-5e-05,-1e-05,-2e-05,0.0,0
40776,-3e-05,-1e-05,1e-05,1e-05,-5e-05,-1e-05,-2e-05,0.0,0
40777,-3e-05,-1e-05,1e-05,1e-05,-5e-05,-1e-05,-2e-05,0.0,0
40778,-3e-05,-1e-05,1e-05,1e-05,-5e-05,-1e-05,-2e-05,0.0,0
40779,-3e-05,-1e-05,1e-05,1e-05,-5e-05,-1e-05,-2e-05,0.0,0
40780,-3e-05,-1e-05,1e-05,1e-05,-5e-05,-1e-05,-2e-05,0.0,0
40781,-3e-05,-1e-05,1e-05,1e-05,-5e-05,-1e-05,-2e-05,0.0,0
40782,-3e-05,-1e-05,1e-05,1e-05,-5e-05,-1e-05,-2e-05,0.0,0
40783,-3e-05,-1e-05,1e-05,1e-05,-5e-05,-1e-05,-2e-05,0.0,0
40784,-3e-05,-1e-05,1e-05,1e-05,-5e-05,-1e-05,-2e-05,0.0,0
40785,-3e-05,-1e-05,1e-05,1e-05,-5e-05,-1e-05,-2e-05,0.0,0
40786,-3e-05,-1e-05,1e-05,1e-05,-5e-05,-1e-05,-2e-05,0.0,0
40789,1e-05,2e-05,5e-05,-1e-05,-3e-05,0.0,0.0,-3e-05,0
40790,1e-05,2e-05,5e-05,-1e-05,-3e-05,0.0,0.0,-3e-05,0
40791,1e-05,2e-05,5e-05,-1e-05,-3e-05,0.0,0.0,-3e-05,0
40792,1e-05,2e-05,5e-05,-1e-05,-3e-05,0.0,0.0,-3e-05,0
40793,1e-05,2e-05,5e-05,-1e-05,-3e-05,0.0,0.0,-3e-05,0
40794,1e-05,3e-05,3e-05,2e-05,0.0,-5e-05,-2e-05,-2e-05,0
40795,1e-05,3e-05,3e-05,2e-05,0.0,-5e-05,-2e-05,-2e-05,0
40796,1e-05,3e-05,3e-05,2e-05,0.0,-5e-05,-2e-05,-2e-05,0
40797,1e-05,3e-05,3e-05,2e-05,0.0,-5e-05,-2e-05,-2e-05,0
40798,1e-05,3e-05,3e-05,2e-05,0.0,-5e-05,-2e-05,-2e-05,0
40799,1e-05,3e-05,3e-05,2e-05,0.0,-5e-05,-2e-05,-2e-05,0
40800,1e-05,3e-05,3e-05,2e-05,0.0,-5e-05,-2e-05,-2e-05,0
40801,1e-05,3e-05,3e-05,2e-05,0.0,-5e-05,-2e-05,-2e-05,0
40802,1e-05,3e-05,3e-05,2e-05,0.0,-5e-05,-2e-05,-2e-05,0
40803,1e-05,3e-05,3e-05,2e-05,0.0,-5e-05,-2e-05,-2e-05,0
40804,1e-05,3e-05,3e-05,2e-05,0.0,-5e-05,-2e-05,-2e-05,0
40805,1e-05,3e-05,3e-05,2e-05,0.0,-5e-05,-2e-05,-2e-05,0
40806,1e-05,3e-05,3e-05,2e-05,0.0,-5e-05,-2e-05,-2e-05,0
40807,1e-05,3e-05,3e-05,2e-05,0.0,-5e-05,-2e-05,-2e-05,0
40808,1e-05,3e-05,3e-05,2e-05,0.0,-5e-05,-2e-05,-2e-05,0
40809,-2e-05,-3e-05,-7e-05,-5e-05,-3e-05,-1e-05,0.0,-1e-05,0
40810,-2e-05,-3e-05,-7e-05,-5e-05,-3e-05,-1e-05,0.0,-1e-05,0
40811,-2e-05,-3e-05,-7e-05,-5e-05,-3e-05,-1e-05,0.0,-1e-05,0
40812,-2e-05,-3e-05,-7e-05,-5e-05,-3e-05,-1e-05,0.0,-1e-05,0
40813,-2e-05,-3e-05,-7e-05,-5e-05,-3e-05,-1e-05,0.0,-1e-05,0
40814,-2e-05,-3e-05,-7e-05,-5e-05,-3e-05,-1e-05,0.0,-1e-05,0
40815,-2e-05,-3e-05,-7e-05,-5e-05,-3e-05,-1e-05,0.0,-1e-05,0
40816,-2e-05,-3e-05,-7e-05,-5e-05,-3e-05,-1e-05,0.0,-1e-05,0
40817,-1e-05,-1e-05,0.0,-3e-05,-4e-05,1e-05,-1e-05,0.0,0
40818,0.0,0.0,1e-05,4e-05,-2e-05,-1e-05,0.0,-1e-05,0
40819,-2e-05,-4e-05,-3e-05,-6e-05,-1e-05,0.0,0.0,-1e-05,0
40820,-2e-05,-4e-05,-3e-05,-6e-05,-1e-05,0.0,0.0,-1e-05,0
40821,-2e-05,-4e-05,-3e-05,-6e-05,-1e-05,0.0,0.0,-1e-05,0
40822,-2e-05,-4e-05,-3e-05,-6e-05,-1e-05,0.0,0.0,-1e-05,0
40823,-2e-05,-4e-05,-3e-05,-6e-05,-1e-05,0.0,0.0,-1e-05,0
40824,-2e-05,-4e-05,-3e-05,-6e-05,-1e-05,0.0,0.0,-1e-05,0
40825,-2e-05,-4e-05,-3e-05,-6e-05,-1e-05,0.0,0.0,-1e-05,0
40826,-2e-05,-4e-05,-3e-05,-6e-05,-1e-05,0.0,0.0,-1e-05,0
40827,-2e-05,-4e-05,-3e-05,-6e-05,-1e-05,0.0,0.0,-1e-05,0
40828,-2e-05,-4e-05,-3e-05,-6e-05,-1e-05,0.0,0.0,-1e-05,0
40829,-2e-05,-4e-05,-3e-05,-6e-05,-1e-05,0.0,0.0,-1e-05,0
40830,-2e-05,-4e-05,-3e-05,-6e-05,-1e-05,0.0,0.0,-1e-05,0
40831,-2e-05,-4e-05,-3e-05,-6e-05,-1e-05,0.0,0.0,-1e-05,0
40832,-2e-05,-4e-05,-3e-05,-6e-05,-1e-05,0.0,0.0,-1e-05,0
40833,-2e-05,-4e-05,-3e-05,-6e-05,-1e-05,0.0,0.0,-1e-05,0
40834,-2e-05,-4e-05,-3e-05,-6e-05,-1e-05,0.0,0.0,-1e-05,0
40835,-2e-05,-4e-05,-3e-05,-6e-05,-1e-05,0.0,0.0,-1e-05,0
40836,-2e-05,-4e-05,-3e-05,-6e-05,-1e-05,0.0,0.0,-1e-05,0
40838,-2e-05,-4e-05,-3e-05,-6e-05,-1e-05,0.0,0.0,-1e-05,0
40839,-2e-05,-4e-05,-3e-05,-6e-05,-1e-05,0.0,0.0,-1e-05,0
40840,-4e-05,-6e-05,-4e-05,-9e-05,-6e-05,-1e-05,-3e-05,-4e-05,0
40841,-1e-05,2e-05,0.0,0.0001,-1e-05,-2e-05,-2e-05,1e-05,0
40842,1e-05,3e-05,3e-05,0.0001,7e-05,-1e-05,0.0,1e-05,0
40843,1e-05,3e-05,3e-05,0.0001,7e-05,-1e-05,0.0,1e-05,0
40844,1e-05,3e-05,3e-05,0.0001,7e-05,-1e-05,0.0,1e-05,0
40845,1e-05,3e-05,3e-05,0.0001,7e-05,-1e-05,0.0,1e-05,0
40846,1e-05,3e-05,3e-05,0.0001,7e-05,-1e-05,0.0,1e-05,0
40847,1e-05,3e-05,3e-05,0.0001,7e-05,-1e-05,0.0,1e-05,0
40848,1e-05,3e-05,3e-05,0.0001,7e-05,-1e-05,0.0,1e-05,0
40849,1e-05,3e-05,3e-05,0.0001,7e-05,-1e-05,0.0,1e-05,0
40850,1e-05,3e-05,3e-05,0.0001,7e-05,-1e-05,0.0,1e-05,0
40851,1e-05,3e-05,3e-05,0.0001,7e-05,-1e-05,0.0,1e-05,0
40852,1e-05,3e-05,3e-05,0.0001,7e-05,-1e-05,0.0,1e-05,0
40853,1e-05,3e-05,3e-05,0.0001,7e-05,-1e-05,0.0,1e-05,0
40854,-3e-05,-4e-05,-3e-05,0.0,-0.00012,-3e-05,-1e-05,0.0,0
40855,-3e-05,-4e-05,-3e-05,0.0,-0.00012,-3e-05,-1e-05,0.0,0
40856,-3e-05,-4e-05,-3e-05,0.0,-0.00012,-3e-05,-1e-05,0.0,0
40857,-3e-05,-4e-05,-3e-05,0.0,-0.00012,-3e-05,-1e-05,0.0,0
40858,-3e-05,-4e-05,-3e-05,0.0,-0.00012,-3e-05,-1e-05,0.0,0
40859,-3e-05,-4e-05,-3e-05,0.0,-0.00012,-3e-05,-1e-05,0.0,0
40860,-3e-05,-4e-05,-3e-05,0.0,-0.00012,-3e-05,-1e-05,0.0,0
40861,0.0,0.0,1e-05,3e-05,6e-05,0.0,-1e-05,0.0,0
40862,0.0,0.0,1e-05,3e-05,6e-05,0.0,-1e-05,0.0,0
40863,0.0,0.0,1e-05,3e-05,6e-05,0.0,-1e-05,0.0,0
40864,0.0,0.0,1e-05,3e-05,6e-05,0.0,-1e-05,0.0,0
40865,0.0,0.0,1e-05,3e-05,6e-05,0.0,-1e-05,0.0,0
40866,0.0,0.0,1e-05,3e-05,6e-05,0.0,-1e-05,0.0,0
40867,0.0,0.0,1e-05,3e-05,6e-05,0.0,-1e-05,0.0,0
40868,0.0,0.0,1e-05,3e-05,6e-05,0.0,-1e-05,0.0,0
40869,0.0,0.0,1e-05,3e-05,6e-05,0.0,-1e-05,0.0,0
40870,0.0,0.0,1e-05,3e-05,6e-05,0.0,-1e-05,0.0,0
40871,0.0,0.0,1e-05,3e-05,6e-05,0.0,-1e-05,0.0,0
40872,0.0,0.0,1e-05,3e-05,6e-05,0.0,-1e-05,0.0,0
40873,0.0,0.0,1e-05,3e-05,6e-05,0.0,-1e-05,0.0,0
40874,0.0,0.0,1e-05,3e-05,6e-05,0.0,-1e-05,0.0,0
40875,0.0,0.0,1e-05,3e-05,6e-05,0.0,-1e-05,0.0,0
40876,0.0,0.0,1e-05,3e-05,6e-05,0.0,-1e-05,0.0,0
40877,-3e-05,0.0,1e-05,0.0,-5e-05,-1e-05,0.0,-1e-05,0
40878,-3e-05,-2e-05,-2e-05,-5e-05,0.0,0.0,0.0,-1e-05,0
40879,1e-05,0.0,-2e-05,3e-05,-4e-05,1e-05,-2e-05,-3e-05,0
40880,1e-05,0.0,-2e-05,3e-05,-4e-05,1e-05,-2e-05,-3e-05,0
40881,1e-05,0.0,-2e-05,3e-05,-4e-05,1e-05,-2e-05,-3e-05,0
40882,1e-05,0.0,-2e-05,3e-05,-4e-05,1e-05,-2e-05,-3e-05,0
40883,1e-05,0.0,-2e-05,3e-05,-4e-05,1e-05,-2e-05,-3e-05,0
40884,1e-05,0.0,-2e-05,3e-05,-4e-05,1e-05,-2e-05,-3e-05,0
40885,1e-05,0.0,-2e-05,3e-05,-4e-05,1e-05,-2e-05,-3e-05,0
40887,1e-05,0.0,-2e-05,3e-05,-4e-05,1e-05,-2e-05,-3e-05,0
40889,1e-05,0.0,-2e-05,3e-05,-4e-05,1e-05,-2e-05,-3e-05,0
40890,1e-05,0.0,-2e-05,3e-05,-4e-05,1e-05,-2e-05,-3e-05,0
40891,1e-05,0.0,-2e-05,3e-05,-4e-05,1e-05,-2e-05,-3e-05,0
40892,1e-05,0.0,-2e-05,3e-05,-4e-05,1e-05,-2e-05,-3e-05,0
40893,1e-05,0.0,-2e-05,3e-05,-4e-05,1e-05,-2e-05,-3e-05,0
40894,1e-05,0.0,-2e-05,3e-05,-4e-05,1e-05,-2e-05,-3e-05,0
40895,1e-05,0.0,-2e-05,3e-05,-4e-05,1e-05,-2e-05,-3e-05,0
40896,1e-05,0.0,-2e-05,3e-05,-4e-05,1e-05,-2e-05,-3e-05,0
40897,1e-05,0.0,-2e-05,3e-05,-4e-05,1e-05,-2e-05,-3e-05,0
40898,1e-05,0.0,-2e-05,3e-05,-4e-05,1e-05,-2e-05,-3e-05,0
40899,1e-05,0.0,-2e-05,3e-05,-4e-05,1e-05,-2e-05,-3e-05,0
40900,1e-05,0.0,-2e-05,3e-05,-4e-05,1e-05,-2e-05,-3e-05,0
40901,1e-05,0.0,-2e-05,3e-05,-4e-05,1e-05,-2e-05,-3e-05,0
40902,1e-05,0.0,-2e-05,3e-05,-4e-05,1e-05,-2e-05,-3e-05,0
40903,1e-05,0.0,-2e-05,3e-05,-4e-05,1e-05,-2e-05,-3e-05,0
40904,1e-05,0.0,-2e-05,3e-05,-4e-05,1e-05,-2e-05,-3e-05,0
40905,1e-05,0.0,-2e-05,3e-05,-4e-05,1e-05,-2e-05,-3e-05,0
40906,1e-05,0.0,-2e-05,3e-05,-4e-05,1e-05,-2e-05,-3e-05,0
40907,-2e-05,-3e-05,-6e-05,-4e-05,3e-05,-3e-05,-1e-05,1e-05,0
40908,-1e-05,-1e-05,-2e-05,-3e-05,-2e-05,4e-05,0.0,1e-05,0
40909,-3e-05,-1e-05,0.0,-3e-05,-1e-05,-2e-05,-2e-05,-1e-05,0
40910,-3e-05,-1e-05,0.0,-3e-05,-1e-05,-2e-05,-2e-05,-1e-05,0
40911,-3e-05,-1e-05,0.0,-3e-05,-1e-05,-2e-05,-2e-05,-1e-05,0
40912,-3e-05,-1e-05,0.0,-3e-05,-1e-05,-2e-05,-2e-05,-1e-05,0
40913,-3e-05,-1e-05,0.0,-3e-05,-1e-05,-2e-05,-2e-05,-1e-05,0
40914,-3e-05,-6e-05,-7e-05,-0.0001,0.0,-1e-05,-1e-05,0.0,0
40915,-3e-05,-6e-05,-7e-05,-0.0001,0.0,-1e-05,-1e-05,0.0,0
40916,-3e-05,-6e-05,-7e-05,-0.0001,0.0,-1e-05,-1e-05,0.0,0
40917,-3e-05,-6e-05,-7e-05,-0.0001,0.0,-1e-05,-1e-05,0.0,0
40918,-3e-05,-6e-05,-7e-05,-0.0001,0.0,-1e-05,-1e-05,0.0,0
40919,-3e-05,-6e-05,-7e-05,-0.0001,0.0,-1e-05,-1e-05,0.0,0
40920,-3e-05,-6e-05,-7e-05,-0.0001,0.0,-1e-05,-1e-05,0.0,0
40921,-3e-05,-6e-05,-7e-05,-0.0001,0.0,-1e-05,-1e-05,0.0,0
40922,-3e-05,-6e-05,-7e-05,-0.0001,0.0,-1e-05,-1e-05,0.0,0
40923,-3e-05,-6e-05,-7e-05,-0.0001,0.0,-1e-05,-1e-05,0.0,0
40924,-3e-05,-6e-05,-7e-05,-0.0001,0.0,-1e-05,-1e-05,0.0,0
40925,-3e-05,-6e-05,-7e-05,-0.0001,0.0,-1e-05,-1e-05,0.0,0
40926,-3e-05,-6e-05,-7e-05,-0.0001,0.0,-1e-05,-1e-05,0.0,0
40927,-3e-05,-6e-05,-7e-05,-0.0001,0.0,-1e-05,-1e-05,0.0,0
40928,-3e-05,-6e-05,-7e-05,-0.0001,0.0,-1e-05,-1e-05,0.0,0
40929,-3e-05,-6e-05,-7e-05,-0.0001,0.0,-1e-05,-1e-05,0.0,0
40930,1e-05,2e-05,0.0,-1e-05,3e-05,-2e-05,1e-05,0.0,0
40931,1e-05,2e-05,0.0,-1e-05,3e-05,-2e-05,1e-05,0.0,0
40932,1e-05,2e-05,0.0,-1e-05,3e-05,-2e-05,1e-05,0.0,0
40933,1e-05,2e-05,0.0,-1e-05,3e-05,-2e-05,1e-05,0.0,0
40934,1e-05,2e-05,0.0,-1e-05,3e-05,-2e-05,1e-05,0.0,0
40935,1e-05,2e-05,0.0,-1e-05,3e-05,-2e-05,1e-05,0.0,0
40936,1e-05,2e-05,0.0,-1e-05,3e-05,-2e-05,1e-05,0.0,0
40938,1e-05,2e-05,0.0,-1e-05,3e-05,-2e-05,1e-05,0.0,0
40939,1e-05,2e-05,0.0,-1e-05,3e-05,-2e-05,1e-05,0.0,0
40940,1e-05,2e-05,0.0,-1e-05,3e-05,-2e-05,1e-05,0.0,0
40941,1e-05,2e-05,0.0,-1e-05,3e-05,-2e-05,1e-05,0.0,0
40942,1e-05,2e-05,0.0,-1e-05,3e-05,-2e-05,1e-05,0.0,0
40943,1e-05,2e-05,0.0,-1e-05,3e-05,-2e-05,1e-05,0.0,0
40944,1e-05,2e-05,0.0,-1e-05,3e-05,-2e-05,1e-05,0.0,0
40945,-2e-05,-2e-05,-2e-05,-4e-05,2e-05,0.0,1e-05,-1e-05,0
40946,-2e-05,-2e-05,-2e-05,-4e-05,2e-05,0.0,1e-05,-1e-05,0
40947,-3e-05,-2e-05,-4e-05,-2e-05,-6e-05,-5e-05,-2e-05,-1e-05,0
40948,-3e-05,-2e-05,-4e-05,-2e-05,-6e-05,-5e-05,-2e-05,-1e-05,0
40949,-3e-05,-2e-05,-4e-05,-2e-05,-6e-05,-5e-05,-2e-05,-1e-05,0
40950,-3e-05,-2e-05,-4e-05,-2e-05,-6e-05,-5e-05,-2e-05,-1e-05,0
40951,-3e-05,-2e-05,-4e-05,-2e-05,-6e-05,-5e-05,-2e-05,-1e-05,0
40952,-3e-05,-2e-05,-4e-05,-2e-05,-6e-05,-5e-05,-2e-05,-1e-05,0
40953,-3e-05,-2e-05,-4e-05,-2e-05,-6e-05,-5e-05,-2e-05,-1e-05,0
40954,-3e-05,-2e-05,-4e-05,-2e-05,-6e-05,-5e-05,-2e-05,-1e-05,0
40955,-3e-05,-2e-05,-4e-05,-2e-05,-6e-05,-5e-05,-2e-05,-1e-05,0
40956,-3e-05,-2e-05,-4e-05,-2e-05,-6e-05,-5e-05,-2e-05,-1e-05,0
40957,-3e-05,-2e-05,-4e-05,-2e-05,-6e-05,-5e-05,-2e-05,-1e-05,0
40958,-3e-05,-2e-05,-4e-05,-2e-05,-6e-05,-5e-05,-2e-05,-1e-05,0
40959,-3e-05,-2e-05,-4e-05,-2e-05,-6e-05,-5e-05,-2e-05,-1e-05,0
40960,-1e-05,-3e-05,-2e-05,-3e-05,0.0,-1e-05,-2e-05,-1e-05,0
40961,-1e-05,-3e-05,-2e-05,-3e-05,0.0,-1e-05,-2e-05,-1e-05,0
40962,-1e-05,-3e-05,-2e-05,-3e-05,0.0,-1e-05,-2e-05,-1e-05,0
40963,-1e-05,-3e-05,-2e-05,-3e-05,0.0,-1e-05,-2e-05,-1e-05,0
40964,-1e-05,-3e-05,-2e-05,-3e-05,0.0,-1e-05,-2e-05,-1e-05,0
40965,-1e-05,-3e-05,-2e-05,-3e-05,0.0,-1e-05,-2e-05,-1e-05,0
40966,-1e-05,-3e-05,-2e-05,-3e-05,0.0,-1e-05,-2e-05,-1e-05,0
40967,-1e-05,-3e-05,-2e-05,-3e-05,0.0,-1e-05,-2e-05,-1e-05,0
40968,1e-05,2e-05,2e-05,-4e-05,-1e-05,0.0,-2e-05,0.0,0
40969,1e-05,2e-05,2e-05,-4e-05,-1e-05,0.0,-2e-05,0.0,0
40970,1e-05,2e-05,2e-05,-4e-05,-1e-05,0.0,-2e-05,0.0,0
40971,1e-05,2e-05,2e-05,-4e-05,-1e-05,0.0,-2e-05,0.0,0
40972,1e-05,2e-05,2e-05,-4e-05,-1e-05,0.0,-2e-05,0.0,0
40973,-1e-05,0.0,1e-05,5e-05,0.0,0.0,-1e-05,0.0,0
40974,0.0,-3e-05,-4e-05,-3e-05,-8e-05,-2e-05,-2e-05,0.0,0
40975,0.0,-3e-05,-4e-05,-3e-05,-8e-05,-2e-05,-2e-05,0.0,0
40976,0.0,-3e-05,-4e-05,-3e-05,-8e-05,-2e-05,-2e-05,0.0,0
40977,0.0,-3e-05,-4e-05,-3e-05,-8e-05,-2e-05,-2e-05,0.0,0
40978,0.0,-3e-05,-4e-05,-3e-05,-8e-05,-2e-05,-2e-05,0.0,0
40979,0.0,-3e-05,-4e-05,-3e-05,-8e-05,-2e-05,-2e-05,0.0,0
40980,0.0,-3e-05,-4e-05,-3e-05,-8e-05,-2e-05,-2e-05,0.0,0
40981,0.0,-3e-05,-4e-05,-3e-05,-8e-05,-2e-05,-2e-05,0.0,0
40982,0.0,-3e-05,-4e-05,-3e-05,-8e-05,-2e-05,-2e-05,0.0,0
40983,0.0,-1e-05,-1e-05,-2e-05,-2e-05,0.0,0.0,-2e-05,0
40984,0.0,-1e-05,-1e-05,-2e-05,-2e-05,0.0,0.0,-2e-05,0
40985,0.0,-1e-05,-1e-05,-2e-05,-2e-05,0.0,0.0,-2e-05,0
40986,0.0,-1e-05,-1e-05,-2e-05,-2e-05,0.0,0.0,-2e-05,0
40988,0.0,-1e-05,-1e-05,-2e-05,-2e-05,0.0,0.0,-2e-05,0
40989,0.0,-1e-05,-1e-05,-2e-05,-2e-05,0.0,0.0,-2e-05,0
40990,0.0,-1e-05,-1e-05,-2e-05,-2e-05,0.0,0.0,-2e-05,0
40991,0.0,-1e-05,-1e-05,-2e-05,-2e-05,0.0,0.0,-2e-05,0
40992,0.0,-1e-05,-1e-05,-2e-05,-2e-05,0.0,0.0,-2e-05,0
40993,0.0,-1e-05,-1e-05,-2e-05,-2e-05,0.0,0.0,-2e-05,0
40994,0.0,-1e-05,-1e-05,-2e-05,-2e-05,0.0,0.0,-2e-05,0
40995,0.0,-1e-05,-1e-05,-2e-05,-2e-05,0.0,0.0,-2e-05,0
40996,0.0,-1e-05,-1e-05,-2e-05,-2e-05,0.0,0.0,-2e-05,0
40997,0.0,-1e-05,-1e-05,-2e-05,-2e-05,0.0,0.0,-2e-05,0
40998,-1e-05,2e-05,2e-05,-1e-05,3e-05,0.0,1e-05,0.0,0
40999,-2e-05,-4e-05,-3e-05,0.0,0.0,0.0,0.0,-2e-05,0
41000,-2e-05,-4e-05,-3e-05,0.0,0.0,0.0,0.0,-2e-05,0
41001,-2e-05,-4e-05,-3e-05,0.0,0.0,0.0,0.0,-2e-05,0
41002,-2e-05,-4e-05,-3e-05,0.0,0.0,0.0,0.0,-2e-05,0
41003,-2e-05,-4e-05,-3e-05,0.0,0.0,0.0,0.0,-2e-05,0
41004,-2e-05,-4e-05,-3e-05,0.0,0.0,0.0,0.0,-2e-05,0
41005,-2e-05,-4e-05,-3e-05,0.0,0.0,0.0,0.0,-2e-05,0
41006,-2e-05,-4e-05,-3e-05,0.0,0.0,0.0,0.0,-2e-05,0
41007,-2e-05,-4e-05,-3e-05,0.0,0.0,0.0,0.0,-2e-05,0
41008,-2e-05,-4e-05,-3e-05,0.0,0.0,0.0,0.0,-2e-05,0
41009,-2e-05,-4e-05,-3e-05,0.0,0.0,0.0,0.0,-2e-05,0
41010,-2e-05,-4e-05,-3e-05,0.0,0.0,0.0,0.0,-2e-05,0
41011,-2e-05,-4e-05,-3e-05,0.0,0.0,0.0,0.0,-2e-05,0
41012,-2e-05,-4e-05,-3e-05,0.0,0.0,0.0,0.0,-2e-05,0
41013,-2e-05,-4e-05,-3e-05,0.0,0.0,0.0,0.0,-2e-05,0
41014,-2e-05,-4e-05,-3e-05,0.0,0.0,0.0,0.0,-2e-05,0
41015,-2e-05,-4e-05,-3e-05,0.0,0.0,0.0,0.0,-2e-05,0
41016,-2e-05,-4e-05,-3e-05,0.0,0.0,0.0,0.0,-2e-05,0
41017,-2e-05,-4e-05,-3e-05,0.0,0.0,0.0,0.0,-2e-05,0
41018,-2e-05,-4e-05,-3e-05,0.0,0.0,0.0,0.0,-2e-05,0
41019,-1e-05,1e-05,1e-05,4e-05,8e-05,-2e-05,-1e-05,-2e-05,0
41020,-1e-05,1e-05,1e-05,4e-05,8e-05,-2e-05,-1e-05,-2e-05,0
41021,-1e-05,1e-05,1e-05,4e-05,8e-05,-2e-05,-1e-05,-2e-05,0
41022,-1e-05,1e-05,1e-05,4e-05,8e-05,-2e-05,-1e-05,-2e-05,0
41023,-1e-05,1e-05,1e-05,4e-05,8e-05,-2e-05,-1e-05,-2e-05,0
41024,-1e-05,1e-05,1e-05,4e-05,8e-05,-2e-05,-1e-05,-2e-05,0
41025,-1e-05,1e-05,1e-05,4e-05,8e-05,-2e-05,-1e-05,-2e-05,0
41026,-1e-05,1e-05,1e-05,4e-05,8e-05,-2e-05,-1e-05,-2e-05,0
41027,1e-05,1e-05,1e-05,-2e-05,-2e-05,-1e-05,-1e-05,0.0,0
41028,-2e-05,-1e-05,1e-05,-2e-05,-4e-05,-3e-05,-2e-05,-1e-05,0
41029,-2e-05,-1e-05,1e-05,-2e-05,-4e-05,-3e-05,-2e-05,-1e-05,0
41030,-2e-05,-1e-05,1e-05,-2e-05,-4e-05,-3e-05,-2e-05,-1e-05,0
41031,-2e-05,-1e-05,1e-05,-2e-05,-4e-05,-3e-05,-2e-05,-1e-05,0
41032,-2e-05,-1e-05,1e-05,-2e-05,-4e-05,-3e-05,-2e-05,-1e-05,0
41033,0.0,-2e-05,-4e-05,-1e-05,1e-05,-1e-05,-3e-05,-2e-05,0
41034,-1e-05,-5e-05,-3e-05,-4e-05,-4e-05,-1e-05,-1e-05,-1e-05,0
41035,-1e-05,-5e-05,-3e-05,-4e-05,-4e-05,-1e-05,-1e-05,-1e-05,0
41036,-1e-05,-5e-05,-3e-05,-4e-05,-4e-05,-1e-05,-1e-05,-1e-05,0
41038,-1e-05,-5e-05,-3e-05,-4e-05,-4e-05,-1e-05,-1e-05,-1e-05,0
41039,-1e-05,-5e-05,-3e-05,-4e-05,-4e-05,-1e-05,-1e-05,-1e-05,0
41040,-1e-05,-5e-05,-3e-05,-4e-05,-4e-05,-1e-05,-1e-05,-1e-05,0
41041,-1e-05,-5e-05,-3e-05,-4e-05,-4e-05,-1e-05,-1e-05,-1e-05,0
41042,-1e-05,-5e-05,-3e-05,-4e-05,-4e-05,-1e-05,-1e-05,-1e-05,0
41043,-1e-05,-5e-05,-3e-05,-4e-05,-4e-05,-1e-05,-1e-05,-1e-05,0
41044,-1e-05,-5e-05,-3e-05,-4e-05,-4e-05,-1e-05,-1e-05,-1e-05,0
41045,-1e-05,-5e-05,-3e-05,-4e-05,-4e-05,-1e-05,-1e-05,-1e-05,0
41046,-1e-05,-5e-05,-3e-05,-4e-05,-4e-05,-1e-05,-1e-05,-1e-05,0
41047,-1e-05,-5e-05,-3e-05,-4e-05,-4e-05,-1e-05,-1e-05,-1e-05,0
41048,-1e-05,2e-05,2e-05,3e-05,2e-05,-5e-05,-3e-05,0.0,0
41049,1e-05,-2e-05,-3e-05,-3e-05,-2e-05,4e-05,0.0,1e-05,0
41050,1e-05,-2e-05,-3e-05,-3e-05,-2e-05,4e-05,0.0,1e-05,0
41051,1e-05,-2e-05,-3e-05,-3e-05,-2e-05,4e-05,0.0,1e-05,0
41052,1e-05,-2e-05,-3e-05,-3e-05,-2e-05,4e-05,0.0,1e-05,0
41053,1e-05,-2e-05,-3e-05,-3e-05,-2e-05,4e-05,0.0,1e-05,0
41054,1e-05,-2e-05,-3e-05,-3e-05,-2e-05,4e-05,0.0,1e-05,0
41055,1e-05,-2e-05,-3e-05,-3e-05,-2e-05,4e-05,0.0,1e-05,0
41056,1e-05,-2e-05,-3e-05,-3e-05,-2e-05,4e-05,0.0,1e-05,0
41057,1e-05,-2e-05,-3e-05,-3e-05,-2e-05,4e-05,0.0,1e-05,0
41058,1e-05,-2e-05,-3e-05,-3e-05,-2e-05,4e-05,0.0,1e-05,0
41059,1e-05,-2e-05,-3e-05,-3e-05,-2e-05,4e-05,0.0,1e-05,0
41060,1e-05,-2e-05,-3e-05,-3e-05,-2e-05,4e-05,0.0,1e-05,0
41061,1e-05,-2e-05,-3e-05,-3e-05,-2e-05,4e-05,0.0,1e-05,0
41062,1e-05,-2e-05,-3e-05,-3e-05,-2e-05,4e-05,0.0,1e-05,0
41063,1e-05,-2e-05,-3e-05,-3e-05,-2e-05,4e-05,0.0,1e-05,0
41064,1e-05,-2e-05,-3e-05,-3e-05,-2e-05,4e-05,0.0,1e-05,0
41065,-2e-05,2e-05,3e-05,1e-05,-1e-05,-4e-05,-1e-05,-2e-05,0
41066,-2e-05,-5e-05,-1e-05,-4e-05,2e-05,1e-05,1e-05,-1e-05,0
41067,-3e-05,-3e-05,-0.00012,-6e-05,-5e-05,-1e-05,-1e-05,-3e-05,0
41068,-3e-05,-3e-05,-0.00012,-6e-05,-5e-05,-1e-05,-1e-05,-3e-05,0
41069,-3e-05,-3e-05,-0.00012,-6e-05,-5e-05,-1e-05,-1e-05,-3e-05,0
41070,-3e-05,-3e-05,-0.00012,-6e-05,-5e-05,-1e-05,-1e-05,-3e-05,0
41071,-3e-05,-3e-05,-0.00012,-6e-05,-5e-05,-1e-05,-1e-05,-3e-05,0
41072,-3e-05,-3e-05,-0.00012,-6e-05,-5e-05,-1e-05,-1e-05,-3e-05,0
41073,-3e-05,-3e-05,-0.00012,-6e-05,-5e-05,-1e-05,-1e-05,-3e-05,0
41074,-3e-05,-3e-05,-0.00012,-6e-05,-5e-05,-1e-05,-1e-05,-3e-05,0
41075,-3e-05,-3e-05,-0.00012,-6e-05,-5e-05,-1e-05,-1e-05,-3e-05,0
41076,-3e-05,-3e-05,-0.00012,-6e-05,-5e-05,-1e-05,-1e-05,-3e-05,0
41077,-3e-05,-3e-05,-0.00012,-6e-05,-5e-05,-1e-05,-1e-05,-3e-05,0
41078,-3e-05,-3e-05,-0.00012,-6e-05,-5e-05,-1e-05,-1e-05,-3e-05,0
41079,-3e-05,-3e-05,-0.00012,-6e-05,-5e-05,-1e-05,-1e-05,-3e-05,0
41080,-3e-05,-3e-05,-0.00012,-6e-05,-5e-05,-1e-05,-1e-05,-3e-05,0
41081,-3e-05,-3e-05,-0.00012,-6e-05,-5e-05,-1e-05,-1e-05,-3e-05,0
41082,-3e-05,-3e-05,-0.00012,-6e-05,-5e-05,-1e-05,-1e-05,-3e-05,0
41083,-3e-05,-3e-05,-0.00012,-6e-05,-5e-05,-1e-05,-1e-05,-3e-05,0
41084,-3e-05,-3e-05,-0.00012,-6e-05,-5e-05,-1e-05,-1e-05,-3e-05,0
41085,-3e-05,-3e-05,-0.00012,-6e-05,-5e-05,-1e-05,-1e-05,-3e-05,0
41086,-3e-05,-3e-05,-0.00012,-6e-05,-5e-05,-1e-05,-1e-05,-3e-05,0
41089,-2e-05,-3e-05,-2e-05,-4e-05,0.0,1e-05,1e-05,1e-05,0
41090,-2e-05,-3e-05,-2e-05,-4e-05,0.0,1e-05,1e-05,1e-05,0
41091,-2e-05,-3e-05,-2e-05,-4e-05,0.0,1e-05,1e-05,1e-05,0
41092,-2e-05,-3e-05,-2e-05,-4e-05,0.0,1e-05,1e-05,1e-05,0
41093,-3e-05,-6e-05,-8e-05,-4e-05,-1e-05,-1e-05,1e-05,-1e-05,0
41094,-2e-05,1e-05,-1e-05,-1e-05,-6e-05,0.0,-1e-05,0.0,0
41095,-2e-05,1e-05,-1e-05,-1e-05,-6e-05,0.0,-1e-05,0.0,0
41096,-2e-05,1e-05,-1e-05,-1e-05,-6e-05,0.0,-1e-05,0.0,0
41097,-2e-05,1e-05,-1e-05,-1e-05,-6e-05,0.0,-1e-05,0.0,0
41098,-2e-05,1e-05,-1e-05,-1e-05,-6e-05,0.0,-1e-05,0.0,0
41099,-2e-05,1e-05,-1e-05,-1e-05,-6e-05,0.0,-1e-05,0.0,0
41100,-2e-05,1e-05,-1e-05,-1e-05,-6e-05,0.0,-1e-05,0.0,0
41101,-2e-05,1e-05,-1e-05,-1e-05,-6e-05,0.0,-1e-05,0.0,0
41102,0.0,1e-05,2e-05,-1e-05,0.0,0.0,-1e-05,0.0,0
41103,1e-05,0.0,0.0,-2e-05,0.0,-3e-05,-2e-05,-1e-05,0
41104,1e-05,0.0,0.0,-2e-05,0.0,-3e-05,-2e-05,-1e-05,0
41105,1e-05,0.0,0.0,-2e-05,0.0,-3e-05,-2e-05,-1e-05,0
41106,1e-05,0.0,0.0,-2e-05,0.0,-3e-05,-2e-05,-1e-05,0
41107,1e-05,0.0,0.0,-2e-05,0.0,-3e-05,-2e-05,-1e-05,0
41109,1e-05,0.0,0.0,-2e-05,0.0,-3e-05,-2e-05,-1e-05,0
41110,1e-05,0.0,0.0,-2e-05,0.0,-3e-05,-2e-05,-1e-05,0
41111,1e-05,0.0,0.0,-2e-05,0.0,-3e-05,-2e-05,-1e-05,0
41112,1e-05,0.0,0.0,-2e-05,0.0,-3e-05,-2e-05,-1e-05,0
41113,1e-05,0.0,0.0,-2e-05,0.0,-3e-05,-2e-05,-1e-05,0
41114,1e-05,0.0,0.0,-2e-05,0.0,-3e-05,-2e-05,-1e-05,0
41115,1e-05,0.0,0.0,-2e-05,0.0,-3e-05,-2e-05,-1e-05,0
41116,1e-05,0.0,0.0,-2e-05,0.0,-3e-05,-2e-05,-1e-05,0
41117,1e-05,0.0,0.0,-2e-05,0.0,-3e-05,-2e-05,-1e-05,0
41118,1e-05,-1e-05,2e-05,1e-05,0.00012,5e-05,1e-05,-2e-05,0
41119,1e-05,-1e-05,2e-05,1e-05,0.00012,5e-05,1e-05,-2e-05,0
41120,-4e-05,-2e-05,-3e-05,-1e-05,4e-05,0.0,-1e-05,-1e-05,0
41121,-4e-05,-2e-05,-3e-05,-1e-05,4e-05,0.0,-1e-05,-1e-05,0
41122,-4e-05,-2e-05,-3e-05,-1e-05,4e-05,0.0,-1e-05,-1e-05,0
41123,-4e-05,-2e-05,-3e-05,-1e-05,4e-05,0.0,-1e-05,-1e-05,0
41124,-4e-05,-2e-05,-3e-05,-1e-05,4e-05,0.0,-1e-05,-1e-05,0
41125,-4e-05,-2e-05,-3e-05,-1e-05,4e-05,0.0,-1e-05,-1e-05,0
41126,-4e-05,-2e-05,-3e-05,-1e-05,4e-05,0.0,-1e-05,-1e-05,0
41127,-4e-05,-2e-05,-3e-05,-1e-05,4e-05,0.0,-1e-05,-1e-05,0
41128,-4e-05,-2e-05,-3e-05,-1e-05,4e-05,0.0,-1e-05,-1e-05,0
41129,-4e-05,-2e-05,-3e-05,-1e-05,4e-05,0.0,-1e-05,-1e-05,0
41130,-4e-05,-2e-05,-3e-05,-1e-05,4e-05,0.0,-1e-05,-1e-05,0
41131,-4e-05,-2e-05,-3e-05,-1e-05,4e-05,0.0,-1e-05,-1e-05,0
41132,-4e-05,-2e-05,-3e-05,-1e-05,4e-05,0.0,-1e-05,-1e-05,0
41133,-4e-05,-2e-05,-3e-05,-1e-05,4e-05,0.0,-1e-05,-1e-05,0
41134,-4e-05,-2e-05,-3e-05,-1e-05,4e-05,0.0,-1e-05,-1e-05,0
41135,-4e-05,-2e-05,-3e-05,-1e-05,4e-05,0.0,-1e-05,-1e-05,0
41136,-4e-05,-2e-05,-3e-05,-1e-05,4e-05,0.0,-1e-05,-1e-05,0
41138,-4e-05,-2e-05,-3e-05,-1e-05,4e-05,0.0,-1e-05,-1e-05,0
41139,-4e-05,-2e-05,-3e-05,-1e-05,4e-05,0.0,-1e-05,-1e-05,0
41140,-4e-05,-2e-05,-3e-05,-1e-05,4e-05,0.0,-1e-05,-1e-05,0
41141,0.0,-1e-05,-2e-05,-2e-05,-8e-05,-2e-05,-1e-05,-1e-05,0
41142,-1e-05,5e-05,3e-05,8e-05,3e-05,0.0,-2e-05,0.0,0
41143,0.0,2e-05,4e-05,1e-05,-2e-05,-4e-05,0.0,-2e-05,0
41144,0.0,2e-05,4e-05,1e-05,-2e-05,-4e-05,0.0,-2e-05,0
41145,0.0,2e-05,4e-05,1e-05,-2e-05,-4e-05,0.0,-2e-05,0
41146,0.0,2e-05,4e-05,1e-05,-2e-05,-4e-05,0.0,-2e-05,0
41147,0.0,2e-05,4e-05,1e-05,-2e-05,-4e-05,0.0,-2e-05,0
41148,0.0,2e-05,4e-05,1e-05,-2e-05,-4e-05,0.0,-2e-05,0
41149,0.0,2e-05,4e-05,1e-05,-2e-05,-4e-05,0.0,-2e-05,0
41150,0.0,2e-05,4e-05,1e-05,-2e-05,-4e-05,0.0,-2e-05,0
41151,0.0,2e-05,4e-05,1e-05,-2e-05,-4e-05,0.0,-2e-05,0
41152,0.0,2e-05,4e-05,1e-05,-2e-05,-4e-05,0.0,-2e-05,0
41153,0.0,2e-05,4e-05,1e-05,-2e-05,-4e-05,0.0,-2e-05,0
41154,-3e-05,-7e-05,-6e-05,-5e-05,3e-05,0.0,0.0,-1e-05,0
41155,0.0,-3e-05,-2e-05,-5e-05,-5e-05,-5e-05,-2e-05,-2e-05,0
41156,0.0,-3e-05,-2e-05,-5e-05,-5e-05,-5e-05,-2e-05,-2e-05,0
41157,0.0,-3e-05,-2e-05,-5e-05,-5e-05,-5e-05,-2e-05,-2e-05,0
41158,0.0,-3e-05,-2e-05,-5e-05,-5e-05,-5e-05,-2e-05,-2e-05,0
41159,0.0,-3e-05,-2e-05,-5e-05,-5e-05,-5e-05,-2e-05,-2e-05,0
41160,0.0,-3e-05,-2e-05,-5e-05,-5e-05,-5e-05,-2e-05,-2e-05,0
41161,0.0,-3e-05,-2e-05,-5e-05,-5e-05,-5e-05,-2e-05,-2e-05,0
41162,0.0,-3e-05,-2e-05,-5e-05,-5e-05,-5e-05,-2e-05,-2e-05,0
41163,0.0,-3e-05,-2e-05,-5e-05,-5e-05,-5e-05,-2e-05,-2e-05,0
41164,0.0,-3e-05,-2e-05,-5e-05,-5e-05,-5e-05,-2e-05,-2e-05,0
41165,0.0,-3e-05,-2e-05,-5e-05,-5e-05,-5e-05,-2e-05,-2e-05,0
41166,0.0,-3e-05,-2e-05,-5e-05,-5e-05,-5e-05,-2e-05,-2e-05,0
41167,0.0,-3e-05,-2e-05,-5e-05,-5e-05,-5e-05,-2e-05,-2e-05,0
41168,0.0,-3e-05,-2e-05,-5e-05,-5e-05,-5e-05,-2e-05,-2e-05,0
41169,0.0,-3e-05,-2e-05,-5e-05,-5e-05,-5e-05,-2e-05,-2e-05,0
41170,0.0,-1e-05,1e-05,0.0,-3e-05,-3e-05,-2e-05,-3e-05,0
41171,0.0,-1e-05,1e-05,0.0,-3e-05,-3e-05,-2e-05,-3e-05,0
41172,0.0,-1e-05,1e-05,0.0,-3e-05,-3e-05,-2e-05,-3e-05,0
41173,0.0,-1e-05,1e-05,0.0,-3e-05,-3e-05,-2e-05,-3e-05,0
41174,0.0,-1e-05,1e-05,0.0,-3e-05,-3e-05,-2e-05,-3e-05,0
41175,0.0,-1e-05,1e-05,0.0,-3e-05,-3e-05,-2e-05,-3e-05,0
41176,0.0,-1e-05,1e-05,0.0,-3e-05,-3e-05,-2e-05,-3e-05,0
41177,0.0,-1e-05,1e-05,0.0,-3e-05,-3e-05,-2e-05,-3e-05,0
41178,0.0,-1e-05,1e-05,0.0,-3e-05,-3e-05,-2e-05,-3e-05,0
41179,0.0,-1e-05,1e-05,0.0,-3e-05,-3e-05,-2e-05,-3e-05,0
41180,0.0,-1e-05,1e-05,0.0,-3e-05,-3e-05,-2e-05,-3e-05,0
41181,0.0,-1e-05,1e-05,0.0,-3e-05,-3e-05,-2e-05,-3e-05,0
41182,0.0,-1e-05,1e-05,0.0,-3e-05,-3e-05,-2e-05,-3e-05,0
41183,0.0,-1e-05,1e-05,0.0,-3e-05,-3e-05,-2e-05,-3e-05,0
41184,0.0,-1e-05,1e-05,0.0,-3e-05,-3e-05,-2e-05,-3e-05,0
41185,0.0,-1e-05,1e-05,0.0,-3e-05,-3e-05,-2e-05,-3e-05,0
41186,1e-05,-1e-05,-1e-05,-4e-05,-0.0001,3e-05,1e-05,1e-05,0
41188,-2e-05,-2e-05,-3e-05,0.0,-5e-05,0.0,-3e-05,0.0,0
41189,-2e-05,-2e-05,-3e-05,0.0,-5e-05,0.0,-3e-05,0.0,0
41190,-2e-05,-2e-05,-3e-05,0.0,-5e-05,0.0,-3e-05,0.0,0
41191,-2e-05,-2e-05,-3e-05,0.0,-5e-05,0.0,-3e-05,0.0,0
41192,-2e-05,-2e-05,-3e-05,0.0,-5e-05,0.0,-3e-05,0.0,0
41193,-2e-05,-2e-05,-3e-05,0.0,-5e-05,0.0,-3e-05,0.0,0
41194,-2e-05,-2e-05,-3e-05,0.0,-5e-05,0.0,-3e-05,0.0,0
41195,-2e-05,-2e-05,-3e-05,0.0,-5e-05,0.0,-3e-05,0.0,0
41196,-2e-05,-2e-05,-3e-05,0.0,-5e-05,0.0,-3e-05,0.0,0
41197,-2e-05,-2e-05,-3e-05,0.0,-5e-05,0.0,-3e-05,0.0,0
41198,-2e-05,-2e-05,-3e-05,0.0,-5e-05,0.0,-3e-05,0.0,0
41199,-2e-05,-2e-05,-3e-05,0.0,-5e-05,0.0,-3e-05,0.0,0
41200,-2e-05,-2e-05,-3e-05,0.0,-5e-05,0.0,-3e-05,0.0,0
41201,-2e-05,-2e-05,-3e-05,0.0,-5e-05,0.0,-3e-05,0.0,0
41202,-2e-05,-2e-05,-3e-05,0.0,-5e-05,0.0,-3e-05,0.0,0
41203,-2e-05,-2e-05,-3e-05,0.0,-5e-05,0.0,-3e-05,0.0,0
41204,-2e-05,-2e-05,-3e-05,0.0,-5e-05,0.0,-3e-05,0.0,0
41205,-2e-05,-2e-05,-3e-05,0.0,-5e-05,0.0,-3e-05,0.0,0
41206,-2e-05,-2e-05,-3e-05,0.0,-5e-05,0.0,-3e-05,0.0,0
41207,-2e-05,-2e-05,-3e-05,0.0,-5e-05,0.0,-3e-05,0.0,0
41208,0.0,-3e-05,-2e-05,-4e-05,-1e-05,1e-05,-2e-05,0.0,0
41209,0.0,2e-05,2e-05,0.0,-2e-05,-3e-05,-2e-05,-4e-05,0
41210,1e-05,-1e-05,0.0,0.0,0.0,-1e-05,-1e-05,-1e-05,0
41211,1e-05,-1e-05,0.0,0.0,0.0,-1e-05,-1e-05,-1e-05,0
41212,1e-05,-1e-05,0.0,0.0,0.0,-1e-05,-1e-05,-1e-05,0
41213,1e-05,-1e-05,0.0,0.0,0.0,-1e-05,-1e-05,-1e-05,0
41214,1e-05,-1e-05,0.0,0.0,0.0,-1e-05,-1e-05,-1e-05,0
41216,1e-05,-1e-05,0.0,0.0,0.0,-1e-05,-1e-05,-1e-05,0
41217,1e-05,-1e-05,0.0,0.0,0.0,-1e-05,-1e-05,-1e-05,0
41218,1e-05,-1e-05,0.0,0.0,0.0,-1e-05,-1e-05,-1e-05,0
41219,1e-05,-1e-05,0.0,0.0,0.0,-1e-05,-1e-05,-1e-05,0
41220,1e-05,-1e-05,0.0,0.0,0.0,-1e-05,-1e-05,-1e-05,0
41221,1e-05,-1e-05,0.0,0.0,0.0,-1e-05,-1e-05,-1e-05,0
41222,1e-05,-1e-05,0.0,0.0,0.0,-1e-05,-1e-05,-1e-05,0
41223,0.0,-1e-05,0.0,-1e-05,0.0,-3e-05,0.0,-2e-05,0
41224,0.0,-1e-05,-3e-05,-5e-05,-8e-05,-2e-05,1e-05,-3e-05,0
41225,-3e-05,0.0,-1e-05,-4e-05,0.0,0.0,1e-05,-1e-05,0
41226,-3e-05,0.0,-1e-05,-4e-05,0.0,0.0,1e-05,-1e-05,0
41227,-3e-05,0.0,-1e-05,-4e-05,0.0,0.0,1e-05,-1e-05,0
41228,-3e-05,0.0,-1e-05,-4e-05,0.0,0.0,1e-05,-1e-05,0
41229,-3e-05,0.0,-1e-05,-4e-05,0.0,0.0,1e-05,-1e-05,0
41230,-3e-05,0.0,-1e-05,-4e-05,0.0,0.0,1e-05,-1e-05,0
41231,-3e-05,0.0,-1e-05,-4e-05,0.0,0.0,1e-05,-1e-05,0
41232,-3e-05,0.0,-1e-05,-4e-05,0.0,0.0,1e-05,-1e-05,0
41233,-3e-05,0.0,-1e-05,-4e-05,0.0,0.0,1e-05,-1e-05,0
41234,-3e-05,0.0,-1e-05,-4e-05,0.0,0.0,1e-05,-1e-05,0
41235,-3e-05,0.0,-1e-05,-4e-05,0.0,0.0,1e-05,-1e-05,0
41236,-3e-05,0.0,-1e-05,-4e-05,0.0,0.0,1e-05,-1e-05,0
41238,-3e-05,0.0,-1e-05,-4e-05,0.0,0.0,1e-05,-1e-05,0
41239,-3e-05,0.0,-1e-05,-4e-05,0.0,0.0,1e-05,-1e-05,0
41240,-3e-05,0.0,-1e-05,-4e-05,0.0,0.0,1e-05,-1e-05,0
41241,-3e-05,0.0,-1e-05,-4e-05,0.0,0.0,1e-05,-1e-05,0
41242,-3e-05,0.0,-1e-05,-4e-05,0.0,0.0,1e-05,-1e-05,0
41243,-3e-05,0.0,-1e-05,-4e-05,0.0,0.0,1e-05,-1e-05,0
41244,-3e-05,0.0,-1e-05,-4e-05,0.0,0.0,1e-05,-1e-05,0
41245,-3e-05,0.0,-1e-05,-4e-05,0.0,0.0,1e-05,-1e-05,0
41246,-2e-05,-2e-05,-2e-05,1e-05,-5e-05,0.0,0.0,-1e-05,0
41247,0.0,2e-05,3e-05,1e-05,-2e-05,-1e-05,-2e-05,-1e-05,0
41248,0.0,1e-05,4e-05,-5e-05,3e-05,-4e-05,-1e-05,-1e-05,0
41249,0.0,1e-05,4e-05,-5e-05,3e-05,-4e-05,-1e-05,-1e-05,0
41250,0.0,1e-05,4e-05,-5e-05,3e-05,-4e-05,-1e-05,-1e-05,0
41251,0.0,1e-05,4e-05,-5e-05,3e-05,-4e-05,-1e-05,-1e-05,0
41252,0.0,1e-05,4e-05,-5e-05,3e-05,-4e-05,-1e-05,-1e-05,0
41253,0.0,1e-05,4e-05,-5e-05,3e-05,-4e-05,-1e-05,-1e-05,0
41254,0.0,1e-05,4e-05,-5e-05,3e-05,-4e-05,-1e-05,-1e-05,0
41255,0.0,1e-05,4e-05,-5e-05,3e-05,-4e-05,-1e-05,-1e-05,0
41256,0.0,1e-05,4e-05,-5e-05,3e-05,-4e-05,-1e-05,-1e-05,0
41257,0.0,1e-05,4e-05,-5e-05,3e-05,-4e-05,-1e-05,-1e-05,0
41258,0.0,1e-05,4e-05,-5e-05,3e-05,-4e-05,-1e-05,-1e-05,0
41259,0.0,1e-05,4e-05,-5e-05,3e-05,-4e-05,-1e-05,-1e-05,0
41260,0.0,1e-05,4e-05,-5e-05,3e-05,-4e-05,-1e-05,-1e-05,0
41261,-2e-05,-1e-05,1e-05,1e-05,-5e-05,-3e-05,-2e-05,-1e-05,0
41262,-2e-05,-1e-05,1e-05,1e-05,-5e-05,-3e-05,-2e-05,-1e-05,0
41263,-2e-05,-8e-05,-8e-05,1e-05,-8e-05,2e-05,1e-05,-2e-05,0
41264,-2e-05,-8e-05,-8e-05,1e-05,-8e-05,2e-05,1e-05,-2e-05,0
41265,-2e-05,-8e-05,-8e-05,1e-05,-8e-05,2e-05,1e-05,-2e-05,0
41266,-2e-05,-8e-05,-8e-05,1e-05,-8e-05,2e-05,1e-05,-2e-05,0
41267,-2e-05,-8e-05,-8e-05,1e-05,-8e-05,2e-05,1e-05,-2e-05,0
41268,-2e-05,-8e-05,-8e-05,1e-05,-8e-05,2e-05,1e-05,-2e-05,0
41269,-2e-05,-8e-05,-8e-05,1e-05,-8e-05,2e-05,1e-05,-2e-05,0
41270,-2e-05,-8e-05,-8e-05,1e-05,-8e-05,2e-05,1e-05,-2e-05,0
41271,-2e-05,-8e-05,-8e-05,1e-05,-8e-05,2e-05,1e-05,-2e-05,0
41272,-2e-05,-8e-05,-8e-05,1e-05,-8e-05,2e-05,1e-05,-2e-05,0
41273,-2e-05,-8e-05,-8e-05,1e-05,-8e-05,2e-05,1e-05,-2e-05,0
41274,-2e-05,-8e-05,-8e-05,1e-05,-8e-05,2e-05,1e-05,-2e-05,0
41275,-2e-05,-1e-05,2e-05,9e-05,4e-05,-4e-05,-4e-05,0.0,0
41276,-2e-05,-1e-05,2e-05,9e-05,4e-05,-4e-05,-4e-05,0.0,0
41277,-2e-05,-1e-05,2e-05,9e-05,4e-05,-4e-05,-4e-05,0.0,0
41278,-2e-05,-1e-05,2e-05,9e-05,4e-05,-4e-05,-4e-05,0.0,0
41279,-2e-05,-1e-05,2e-05,9e-05,4e-05,-4e-05,-4e-05,0.0,0
41280,-2e-05,-1e-05,2e-05,9e-05,4e-05,-4e-05,-4e-05,0.0,0
41281,-2e-05,-1e-05,2e-05,9e-05,4e-05,-4e-05,-4e-05,0.0,0
41282,-2e-05,-1e-05,2e-05,9e-05,4e-05,-4e-05,-4e-05,0.0,0
41283,-2e-05,-1e-05,2e-05,9e-05,4e-05,-4e-05,-4e-05,0.0,0
41284,-1e-05,1e-05,-4e-05,-2e-05,-2e-05,-4e-05,0.0,-2e-05,0
41286,-1e-05,1e-05,-4e-05,-2e-05,-2e-05,-4e-05,0.0,-2e-05,0
41287,-1e-05,1e-05,-4e-05,-2e-05,-2e-05,-4e-05,0.0,-2e-05,0
41288,-1e-05,1e-05,-4e-05,-2e-05,-2e-05,-4e-05,0.0,-2e-05,0
41289,-1e-05,1e-05,-4e-05,-2e-05,-2e-05,-4e-05,0.0,-2e-05,0
41290,-1e-05,1e-05,-4e-05,-2e-05,-2e-05,-4e-05,0.0,-2e-05,0
41291,-1e-05,1e-05,-4e-05,-2e-05,-2e-05,-4e-05,0.0,-2e-05,0
41292,-1e-05,1e-05,-4e-05,-2e-05,-2e-05,-4e-05,0.0,-2e-05,0
41293,-1e-05,1e-05,-4e-05,-2e-05,-2e-05,-4e-05,0.0,-2e-05,0
41294,-1e-05,1e-05,-4e-05,-2e-05,-2e-05,-4e-05,0.0,-2e-05,0
41295,-1e-05,1e-05,-4e-05,-2e-05,-2e-05,-4e-05,0.0,-2e-05,0
41296,-1e-05,1e-05,-4e-05,-2e-05,-2e-05,-4e-05,0.0,-2e-05,0
41297,0.0,0.0,0.0,-4e-05,0.0,0.0,2e-05,-4e-05,0
41298,-4e-05,-9e-05,-0.00014,-3e-05,-1e-05,-1e-05,-2e-05,1e-05,0
41299,-4e-05,-9e-05,-0.00014,-3e-05,-1e-05,-1e-05,-2e-05,1e-05,0
41300,-4e-05,-9e-05,-0.00014,-3e-05,-1e-05,-1e-05,-2e-05,1e-05,0
41301,-4e-05,-9e-05,-0.00014,-3e-05,-1e-05,-1e-05,-2e-05,1e-05,0
41302,-4e-05,-9e-05,-0.00014,-3e-05,-1e-05,-1e-05,-2e-05,1e-05,0
41303,-4e-05,-9e-05,-0.00014,-3e-05,-1e-05,-1e-05,-2e-05,1e-05,0
41304,-4e-05,-9e-05,-0.00014,-3e-05,-1e-05,-1e-05,-2e-05,1e-05,0
41305,-4e-05,-9e-05,-0.00014,-3e-05,-1e-05,-1e-05,-2e-05,1e-05,0
41306,0.0,-1e-05,1e-05,-2e-05,0.0,-3e-05,-1e-05,0.0,0
41307,0.0,-1e-05,1e-05,-2e-05,0.0,-3e-05,-1e-05,0.0,0
41308,0.0,-1e-05,1e-05,-2e-05,0.0,-3e-05,-1e-05,0.0,0
41309,0.0,-1e-05,1e-05,-2e-05,0.0,-3e-05,-1e-05,0.0,0
41310,0.0,-1e-05,1e-05,-2e-05,0.0,-3e-05,-1e-05,0.0,0
41311,0.0,-1e-05,1e-05,-2e-05,0.0,-3e-05,-1e-05,0.0,0
41312,0.0,-1e-05,1e-05,-2e-05,0.0,-3e-05,-1e-05,0.0,0
41313,0.0,-1e-05,1e-05,-2e-05,0.0,-3e-05,-1e-05,0.0,0
41314,0.0,-1e-05,1e-05,-2e-05,0.0,-3e-05,-1e-05,0.0,0
41315,0.0,-1e-05,1e-05,-2e-05,0.0,-3e-05,-1e-05,0.0,0
41316,0.0,-1e-05,1e-05,-2e-05,0.0,-3e-05,-1e-05,0.0,0
41317,0.0,-1e-05,1e-05,-2e-05,0.0,-3e-05,-1e-05,0.0,0
41318,0.0,-1e-05,1e-05,-2e-05,0.0,-3e-05,-1e-05,0.0,0
41319,0.0,-1e-05,1e-05,-2e-05,0.0,-3e-05,-1e-05,0.0,0
41320,0.0,-1e-05,1e-05,-2e-05,0.0,-3e-05,-1e-05,0.0,0
41321,0.0,-1e-05,1e-05,-2e-05,0.0,-3e-05,-1e-05,0.0,0
41322,0.0,-1e-05,1e-05,-2e-05,0.0,-3e-05,-1e-05,0.0,0
41323,0.0,-1e-05,1e-05,-2e-05,0.0,-3e-05,-1e-05,0.0,0
41324,0.0,-1e-05,1e-05,-2e-05,0.0,-3e-05,-1e-05,0.0,0
41325,0.0,-1e-05,1e-05,-2e-05,0.0,-3e-05,-1e-05,0.0,0
41326,0.0,-1e-05,1e-05,-2e-05,0.0,-3e-05,-1e-05,0.0,0
41327,0.0,-1e-05,1e-05,-2e-05,0.0,-3e-05,-1e-05,0.0,0
41328,1e-05,-1e-05,-2e-05,4e-05,-1e-05,-2e-05,-1e-05,0.0,0
41329,0.0,0.0,3e-05,-4e-05,1e-05,-4e-05,1e-05,-1e-05,0
41330,0.0,-1e-05,-2e-05,1e-05,7e-05,-2e-05,-1e-05,-1e-05,0
41331,0.0,-1e-05,-2e-05,1e-05,7e-05,-2e-05,-1e-05,-1e-05,0
41332,0.0,-1e-05,-2e-05,1e-05,7e-05,-2e-05,-1e-05,-1e-05,0
41333,0.0,-1e-05,-2e-05,1e-05,7e-05,-2e-05,-1e-05,-1e-05,0
41334,0.0,-1e-05,-2e-05,1e-05,7e-05,-2e-05,-1e-05,-1e-05,0
41335,0.0,-1e-05,-2e-05,1e-05,7e-05,-2e-05,-1e-05,-1e-05,0
41336,0.0,-1e-05,-2e-05,1e-05,7e-05,-2e-05,-1e-05,-1e-05,0
41338,0.0,-1e-05,-2e-05,1e-05,7e-05,-2e-05,-1e-05,-1e-05,0
41339,0.0,-1e-05,-2e-05,1e-05,7e-05,-2e-05,-1e-05,-1e-05,0
41340,0.0,-1e-05,-2e-05,1e-05,7e-05,-2e-05,-1e-05,-1e-05,0
41341,0.0,-1e-05,-2e-05,1e-05,7e-05,-2e-05,-1e-05,-1e-05,0
41342,0.0,-1e-05,-2e-05,1e-05,7e-05,-2e-05,-1e-05,-1e-05,0
41343,0.0,-1e-05,-2e-05,1e-05,7e-05,-2e-05,-1e-05,-1e-05,0
41344,-5e-05,-5e-05,-2e-05,-2e-05,4e-05,-1e-05,1e-05,-2e-05,0
41345,0.0,3e-05,4e-05,4e-05,-4e-05,0.0,0.0,0.0,0
41346,0.0,3e-05,4e-05,4e-05,-4e-05,0.0,0.0,0.0,0
41347,0.0,3e-05,4e-05,4e-05,-4e-05,0.0,0.0,0.0,0
41348,0.0,3e-05,4e-05,4e-05,-4e-05,0.0,0.0,0.0,0
41349,0.0,3e-05,4e-05,4e-05,-4e-05,0.0,0.0,0.0,0
41350,0.0,3e-05,4e-05,4e-05,-4e-05,0.0,0.0,0.0,0
41351,0.0,3e-05,4e-05,4e-05,-4e-05,0.0,0.0,0.0,0
41352,0.0,3e-05,4e-05,4e-05,-4e-05,0.0,0.0,0.0,0
41353,0.0,3e-05,4e-05,4e-05,-4e-05,0.0,0.0,0.0,0
41354,0.0,3e-05,4e-05,4e-05,-4e-05,0.0,0.0,0.0,0
41355,0.0,3e-05,4e-05,4e-05,-4e-05,0.0,0.0,0.0,0
41356,0.0,3e-05,4e-05,4e-05,-4e-05,0.0,0.0,0.0,0
41357,0.0,3e-05,4e-05,4e-05,-4e-05,0.0,0.0,0.0,0
41358,0.0,3e-05,4e-05,4e-05,-4e-05,0.0,0.0,0.0,0
41359,1e-05,-3e-05,-5e-05,-4e-05,0.00015,-1e-05,1e-05,-1e-05,0
41360,1e-05,-3e-05,-5e-05,-4e-05,0.00015,-1e-05,1e-05,-1e-05,0
41361,1e-05,-3e-05,-5e-05,-4e-05,0.00015,-1e-05,1e-05,-1e-05,0
41362,1e-05,-3e-05,-5e-05,-4e-05,0.00015,-1e-05,1e-05,-1e-05,0
41363,1e-05,-3e-05,-5e-05,-4e-05,0.00015,-1e-05,1e-05,-1e-05,0
41364,1e-05,-3e-05,-5e-05,-4e-05,0.00015,-1e-05,1e-05,-1e-05,0
41365,1e-05,-3e-05,-5e-05,-4e-05,0.00015,-1e-05,1e-05,-1e-05,0
41366,-2e-05,-5e-05,-6e-05,-2e-05,-7e-05,-1e-05,0.0,-2e-05,0
41367,0.0,-4e-05,0.0,2e-05,4e-05,0.0,-2e-05,-1e-05,0
41368,0.0,-4e-05,0.0,2e-05,4e-05,0.0,-2e-05,-1e-05,0
41369,0.0,-4e-05,0.0,2e-05,4e-05,0.0,-2e-05,-1e-05,0
41370,0.0,-4e-05,0.0,2e-05,4e-05,0.0,-2e-05,-1e-05,0
41371,0.0,-4e-05,0.0,2e-05,4e-05,0.0,-2e-05,-1e-05,0
41372,0.0,-4e-05,0.0,2e-05,4e-05,0.0,-2e-05,-1e-05,0
41373,0.0,-4e-05,0.0,2e-05,4e-05,0.0,-2e-05,-1e-05,0
41374,0.0,-4e-05,0.0,2e-05,4e-05,0.0,-2e-05,-1e-05,0
41375,0.0,-4e-05,0.0,2e-05,4e-05,0.0,-2e-05,-1e-05,0
41376,0.0,-4e-05,0.0,2e-05,4e-05,0.0,-2e-05,-1e-05,0
41377,0.0,-4e-05,0.0,2e-05,4e-05,0.0,-2e-05,-1e-05,0
41378,0.0,-4e-05,0.0,2e-05,4e-05,0.0,-2e-05,-1e-05,0
41379,0.0,-4e-05,0.0,2e-05,4e-05,0.0,-2e-05,-1e-05,0
41380,0.0,-4e-05,0.0,2e-05,4e-05,0.0,-2e-05,-1e-05,0
41381,1e-05,3e-05,4e-05,-4e-05,-3e-05,2e-05,-1e-05,1e-05,0
41382,1e-05,3e-05,4e-05,-4e-05,-3e-05,2e-05,-1e-05,1e-05,0
41383,-1e-05,-1e-05,-4e-05,-5e-05,1e-05,1e-05,1e-05,-1e-05,0
41384,-1e-05,-1e-05,-4e-05,-5e-05,1e-05,1e-05,1e-05,-1e-05,0
41385,-1e-05,-1e-05,-4e-05,-5e-05,1e-05,1e-05,1e-05,-1e-05,0
41386,-1e-05,-1e-05,-4e-05,-5e-05,1e-05,1e-05,1e-05,-1e-05,0
41388,-1e-05,-1e-05,-4e-05,-5e-05,1e-05,1e-05,1e-05,-1e-05,0
41389,-1e-05,-1e-05,-4e-05,-5e-05,1e-05,1e-05,1e-05,-1e-05,0
41390,-1e-05,-1e-05,-4e-05,-5e-05,1e-05,1e-05,1e-05,-1e-05,0
41391,-1e-05,-1e-05,-4e-05,-5e-05,1e-05,1e-05,1e-05,-1e-05,0
41392,-1e-05,-1e-05,-4e-05,-5e-05,1e-05,1e-05,1e-05,-1e-05,0
41393,-1e-05,-1e-05,-4e-05,-5e-05,1e-05,1e-05,1e-05,-1e-05,0
41394,-1e-05,-1e-05,-4e-05,-5e-05,1e-05,1e-05,1e-05,-1e-05,0
41395,-1e-05,-1e-05,-4e-05,-5e-05,1e-05,1e-05,1e-05,-1e-05,0
41396,-1e-05,-1e-05,-4e-05,-5e-05,1e-05,1e-05,1e-05,-1e-05,0
41397,-1e-05,-1e-05,-4e-05,-5e-05,1e-05,1e-05,1e-05,-1e-05,0
41398,-1e-05,-1e-05,-4e-05,-5e-05,1e-05,1e-05,1e-05,-1e-05,0
41399,-1e-05,-1e-05,-4e-05,-5e-05,1e-05,1e-05,1e-05,-1e-05,0
41400,-1e-05,-1e-05,-4e-05,-5e-05,1e-05,1e-05,1e-05,-1e-05,0
41401,-1e-05,-1e-05,-4e-05,-5e-05,1e-05,1e-05,1e-05,-1e-05,0
41402,-1e-05,-1e-05,-4e-05,-5e-05,1e-05,1e-05,1e-05,-1e-05,0
41403,0.0,1e-05,-2e-05,-2e-05,-2e-05,-1e-05,-1e-05,0.0,0
41404,-1e-05,-1e-05,1e-05,2e-05,-4e-05,2e-05,-1e-05,-2e-05,0
41405,-2e-05,0.0,2e-05,2e-05,1e-05,-2e-05,-5e-05,1e-05,0
41406,-2e-05,0.0,2e-05,2e-05,1e-05,-2e-05,-5e-05,1e-05,0
41407,-2e-05,0.0,2e-05,2e-05,1e-05,-2e-05,-5e-05,1e-05,0
41408,-2e-05,0.0,2e-05,2e-05,1e-05,-2e-05,-5e-05,1e-05,0
41409,-2e-05,0.0,2e-05,2e-05,1e-05,-2e-05,-5e-05,1e-05,0
41410,-2e-05,0.0,2e-05,2e-05,1e-05,-2e-05,-5e-05,1e-05,0
41411,-2e-05,0.0,2e-05,2e-05,1e-05,-2e-05,-5e-05,1e-05,0
41412,-2e-05,0.0,2e-05,2e-05,1e-05,-2e-05,-5e-05,1e-05,0
41413,-2e-05,0.0,2e-05,2e-05,1e-05,-2e-05,-5e-05,1e-05,0
41414,-2e-05,0.0,2e-05,2e-05,1e-05,-2e-05,-5e-05,1e-05,0
41415,-2e-05,0.0,2e-05,2e-05,1e-05,-2e-05,-5e-05,1e-05,0
41416,-2e-05,0.0,2e-05,2e-05,1e-05,-2e-05,-5e-05,1e-05,0
41417,-2e-05,0.0,2e-05,2e-05,1e-05,-2e-05,-5e-05,1e-05,0
41418,1e-05,-2e-05,1e-05,0.0,2e-05,0.0,-2e-05,-3e-05,0
41419,-3e-05,2e-05,-1e-05,-1e-05,-5e-05,-3e-05,0.0,-2e-05,0
41420,-1e-05,-1e-05,1e-05,0.0,3e-05,-1e-05,1e-05,-3e-05,0
41421,-1e-05,-1e-05,1e-05,0.0,3e-05,-1e-05,1e-05,-3e-05,0
41422,-1e-05,-1e-05,1e-05,0.0,3e-05,-1e-05,1e-05,-3e-05,0
41423,-1e-05,-1e-05,1e-05,0.0,3e-05,-1e-05,1e-05,-3e-05,0
41424,-1e-05,-1e-05,1e-05,0.0,3e-05,-1e-05,1e-05,-3e-05,0
41425,-1e-05,-1e-05,1e-05,0.0,3e-05,-1e-05,1e-05,-3e-05,0
41426,-1e-05,-1e-05,1e-05,0.0,3e-05,-1e-05,1e-05,-3e-05,0
41427,-1e-05,-1e-05,1e-05,0.0,3e-05,-1e-05,1e-05,-3e-05,0
41428,-1e-05,-1e-05,1e-05,0.0,3e-05,-1e-05,1e-05,-3e-05,0
41429,-1e-05,-1e-05,1e-05,0.0,3e-05,-1e-05,1e-05,-3e-05,0
41430,-1e-05,-1e-05,1e-05,0.0,3e-05,-1e-05,1e-05,-3e-05,0
41431,-1e-05,-1e-05,1e-05,0.0,3e-05,-1e-05,1e-05,-3e-05,0
41432,-1e-05,-1e-05,1e-05,0.0,3e-05,-1e-05,1e-05,-3e-05,0
41433,-1e-05,-1e-05,1e-05,0.0,3e-05,-1e-05,1e-05,-3e-05,0
41434,-1e-05,-1e-05,1e-05,0.0,3e-05,-1e-05,1e-05,-3e-05,0
41435,-1e-05,-1e-05,1e-05,0.0,3e-05,-1e-05,1e-05,-3e-05,0
41436,-1e-05,-1e-05,1e-05,0.0,3e-05,-1e-05,1e-05,-3e-05,0
41438,-1e-05,-1e-05,1e-05,0.0,3e-05,-1e-05,1e-05,-3e-05,0
41439,-1e-05,-1e-05,1e-05,0.0,3e-05,-1e-05,1e-05,-3e-05,0
41440,-1e-05,-1e-05,1e-05,0.0,3e-05,-1e-05,1e-05,-3e-05,0
41441,0.0,1e-05,1e-05,5e-05,5e-05,-1e-05,1e-05,0.0,0
41442,2e-05,0.0,0.0,1e-05,-7e-05,-2e-05,0.0,-1e-05,0
41443,-2e-05,0.0,-3e-05,0.0,-4e-05,5e-05,-2e-05,0.0,0
41444,-2e-05,0.0,-3e-05,0.0,-4e-05,5e-05,-2e-05,0.0,0
41445,-2e-05,0.0,-3e-05,0.0,-4e-05,5e-05,-2e-05,0.0,0
41446,-2e-05,0.0,-3e-05,0.0,-4e-05,5e-05,-2e-05,0.0,0
41447,-2e-05,0.0,-3e-05,0.0,-4e-05,5e-05,-2e-05,0.0,0
41448,-2e-05,0.0,-3e-05,0.0,-4e-05,5e-05,-2e-05,0.0,0
41449,-2e-05,0.0,-3e-05,0.0,-4e-05,5e-05,-2e-05,0.0,0
41450,-2e-05,0.0,-3e-05,0.0,-4e-05,5e-05,-2e-05,0.0,0
41451,-2e-05,0.0,-3e-05,0.0,-4e-05,5e-05,-2e-05,0.0,0
41452,-2e-05,0.0,-3e-05,0.0,-4e-05,5e-05,-2e-05,0.0,0
41453,-2e-05,0.0,-3e-05,0.0,-4e-05,5e-05,-2e-05,0.0,0
41454,-2e-05,0.0,-3e-05,0.0,-4e-05,5e-05,-2e-05,0.0,0
41455,-2e-05,0.0,-3e-05,0.0,-4e-05,5e-05,-2e-05,0.0,0
41456,-2e-05,0.0,-3e-05,0.0,-4e-05,5e-05,-2e-05,0.0,0
41457,-2e-05,0.0,-3e-05,0.0,-4e-05,5e-05,-2e-05,0.0,0
41458,-2e-05,0.0,-3e-05,0.0,-4e-05,5e-05,-2e-05,0.0,0
41459,-2e-05,0.0,-3e-05,0.0,-4e-05,5e-05,-2e-05,0.0,0
41460,-2e-05,0.0,-3e-05,0.0,-4e-05,5e-05,-2e-05,0.0,0
41461,-2e-05,0.0,-3e-05,0.0,-4e-05,5e-05,-2e-05,0.0,0
41462,-2e-05,0.0,-3e-05,0.0,-4e-05,5e-05,-2e-05,0.0,0
41463,0.0,0.0,1e-05,2e-05,6e-05,1e-05,-2e-05,-2e-05,0
41464,-1e-05,-4e-05,-4e-05,-5e-05,-8e-05,-8e-05,-1e-05,-2e-05,0
41465,-1e-05,0.0,1e-05,1e-05,1e-05,-4e-05,0.0,-1e-05,0
41466,-1e-05,0.0,1e-05,1e-05,1e-05,-4e-05,0.0,-1e-05,0
41467,-1e-05,0.0,1e-05,1e-05,1e-05,-4e-05,0.0,-1e-05,0
41468,-1e-05,0.0,1e-05,1e-05,1e-05,-4e-05,0.0,-1e-05,0
41469,-1e-05,0.0,1e-05,1e-05,1e-05,-4e-05,0.0,-1e-05,0
41470,-1e-05,0.0,1e-05,1e-05,1e-05,-4e-05,0.0,-1e-05,0
41471,-1e-05,0.0,1e-05,1e-05,1e-05,-4e-05,0.0,-1e-05,0
41472,-1e-05,0.0,1e-05,1e-05,1e-05,-4e-05,0.0,-1e-05,0
41473,-1e-05,0.0,1e-05,1e-05,1e-05,-4e-05,0.0,-1e-05,0
41474,-1e-05,0.0,1e-05,1e-05,1e-05,-4e-05,0.0,-1e-05,0
41475,-1e-05,0.0,1e-05,1e-05,1e-05,-4e-05,0.0,-1e-05,0
41476,-1e-05,0.0,1e-05,1e-05,1e-05,-4e-05,0.0,-1e-05,0
41477,-1e-05,0.0,1e-05,1e-05,1e-05,-4e-05,0.0,-1e-05,0
41478,2e-05,-1e-05,0.0,3e-05,-3e-05,-0.0001,-2e-05,0.0,0
41479,2e-05,-1e-05,0.0,3e-05,-3e-05,-0.0001,-2e-05,0.0,0
41480,2e-05,-1e-05,0.0,3e-05,-3e-05,-0.0001,-2e-05,0.0,0
41481,2e-05,-1e-05,0.0,3e-05,-3e-05,-0.0001,-2e-05,0.0,0
41482,2e-05,-1e-05,0.0,3e-05,-3e-05,-0.0001,-2e-05,0.0,0
41483,2e-05,-1e-05,0.0,3e-05,-3e-05,-0.0001,-2e-05,0.0,0
41484,2e-05,-1e-05,0.0,3e-05,-3e-05,-0.0001,-2e-05,0.0,0
41485,2e-05,-1e-05,0.0,3e-05,-3e-05,-0.0001,-2e-05,0.0,0
41486,-3e-05,1e-05,-1e-05,0.0,-3e-05,1e-05,-1e-05,-4e-05,0
41488,-3e-05,1e-05,-1e-05,0.0,-3e-05,1e-05,-1e-05,-4e-05,0
41489,-3e-05,1e-05,-1e-05,0.0,-3e-05,1e-05,-1e-05,-4e-05,0
41490,-3e-05,1e-05,-1e-05,0.0,-3e-05,1e-05,-1e-05,-4e-05,0
41491,-3e-05,1e-05,-1e-05,0.0,-3e-05,1e-05,-1e-05,-4e-05,0
41492,-3e-05,1e-05,-1e-05,0.0,-3e-05,1e-05,-1e-05,-4e-05,0
41493,-3e-05,1e-05,-1e-05,0.0,-3e-05,1e-05,-1e-05,-4e-05,0
41494,-3e-05,1e-05,-1e-05,0.0,-3e-05,1e-05,-1e-05,-4e-05,0
41495,-3e-05,1e-05,-1e-05,0.0,-3e-05,1e-05,-1e-05,-4e-05,0
41496,-3e-05,1e-05,-1e-05,0.0,-3e-05,1e-05,-1e-05,-4e-05,0
41497,-3e-05,1e-05,-1e-05,0.0,-3e-05,1e-05,-1e-05,-4e-05,0
41498,-3e-05,1e-05,-1e-05,0.0,-3e-05,1e-05,-1e-05,-4e-05,0
41499,-3e-05,1e-05,-1e-05,0.0,-3e-05,1e-05,-1e-05,-4e-05,0
41500,-3e-05,1e-05,-1e-05,0.0,-3e-05,1e-05,-1e-05,-4e-05,0
41501,-1e-05,3e-05,-1e-05,1e-05,5e-05,-2e-05,-2e-05,-0.00012,0
41502,-1e-05,3e-05,-1e-05,1e-05,5e-05,-2e-05,-2e-05,-0.00012,0
41503,-3e-05,-6e-05,-4e-05,-6e-05,-9e-05,2e-05,-2e-05,-3e-05,0
41504,-3e-05,-6e-05,-4e-05,-6e-05,-9e-05,2e-05,-2e-05,-3e-05,0
41505,-3e-05,-6e-05,-4e-05,-6e-05,-9e-05,2e-05,-2e-05,-3e-05,0
41506,-3e-05,-6e-05,-4e-05,-6e-05,-9e-05,2e-05,-2e-05,-3e-05,0
41507,-3e-05,-6e-05,-4e-05,-6e-05,-9e-05,2e-05,-2e-05,-3e-05,0
41508,-3e-05,-6e-05,-4e-05,-6e-05,-9e-05,2e-05,-2e-05,-3e-05,0
41509,-3e-05,-6e-05,-4e-05,-6e-05,-9e-05,2e-05,-2e-05,-3e-05,0
41510,-3e-05,-6e-05,-4e-05,-6e-05,-9e-05,2e-05,-2e-05,-3e-05,0
41511,-3e-05,-6e-05,-4e-05,-6e-05,-9e-05,2e-05,-2e-05,-3e-05,0
41512,-3e-05,-6e-05,-4e-05,-6e-05,-9e-05,2e-05,-2e-05,-3e-05,0
41513,-3e-05,-6e-05,-4e-05,-6e-05,-9e-05,2e-05,-2e-05,-3e-05,0
41514,-3e-05,-6e-05,-4e-05,-6e-05,-9e-05,2e-05,-2e-05,-3e-05,0
41515,-3e-05,-6e-05,-4e-05,-6e-05,-9e-05,2e-05,-2e-05,-3e-05,0
41516,-3e-05,-6e-05,-4e-05,-6e-05,-9e-05,2e-05,-2e-05,-3e-05,0
41517,-3e-05,-6e-05,-4e-05,-6e-05,-9e-05,2e-05,-2e-05,-3e-05,0
41518,-3e-05,-6e-05,-4e-05,-6e-05,-9e-05,2e-05,-2e-05,-3e-05,0
41519,-3e-05,-6e-05,-4e-05,-6e-05,-9e-05,2e-05,-2e-05,-3e-05,0
41520,-3e-05,-6e-05,-4e-05,-6e-05,-9e-05,2e-05,-2e-05,-3e-05,0
41521,-3e-05,-6e-05,-4e-05,-6e-05,-9e-05,2e-05,-2e-05,-3e-05,0
41522,-3e-05,-6e-05,-4e-05,-6e-05,-9e-05,2e-05,-2e-05,-3e-05,0
41523,-1e-05,-1e-05,1e-05,-4e-05,0.0,2e-05,0.0,-1e-05,0
41524,-1e-05,-2e-05,-4e-05,0.0,1e-05,1e-05,0.0,2e-05,0
41525,0.0,-1e-05,-3e-05,-2e-05,-5e-05,1e-05,0.0,3e-05,0
41526,0.0,-1e-05,-3e-05,-2e-05,-5e-05,1e-05,0.0,3e-05,0
41527,0.0,-1e-05,-3e-05,-2e-05,-5e-05,1e-05,0.0,3e-05,0
41528,0.0,-1e-05,-3e-05,-2e-05,-5e-05,1e-05,0.0,3e-05,0
41529,0.0,-1e-05,-3e-05,-2e-05,-5e-05,1e-05,0.0,3e-05,0
41530,0.0,-1e-05,-3e-05,-2e-05,-5e-05,1e-05,0.0,3e-05,0
41531,0.0,-1e-05,-3e-05,-2e-05,-5e-05,1e-05,0.0,3e-05,0
41532,0.0,-1e-05,-3e-05,-2e-05,-5e-05,1e-05,0.0,3e-05,0
41533,0.0,-1e-05,-3e-05,-2e-05,-5e-05,1e-05,0.0,3e-05,0
41534,0.0,-1e-05,-3e-05,-2e-05,-5e-05,1e-05,0.0,3e-05,0
41535,0.0,-1e-05,-3e-05,-2e-05,-5e-05,1e-05,0.0,3e-05,0
41536,0.0,-1e-05,-3e-05,-2e-05,-5e-05,1e-05,0.0,3e-05,0
41539,-2e-05,-4e-05,-1e-05,1e-05,5e-05,-2e-05,-1e-05,2e-05,0
41540,-2e-05,-4e-05,-1e-05,1e-05,5e-05,-2e-05,-1e-05,2e-05,0
41541,-2e-05,-4e-05,-1e-05,1e-05,5e-05,-2e-05,-1e-05,2e-05,0
41542,-2e-05,-4e-05,-1e-05,1e-05,5e-05,-2e-05,-1e-05,2e-05,0
41543,-2e-05,-4e-05,-1e-05,1e-05,5e-05,-2e-05,-1e-05,2e-05,0
41544,-2e-05,-4e-05,-1e-05,1e-05,5e-05,-2e-05,-1e-05,2e-05,0
41545,-2e-05,-3e-05,-1e-05,0.0,-6e-05,-4e-05,0.0,2e-05,0
41546,-2e-05,-3e-05,-1e-05,0.0,-6e-05,-4e-05,0.0,2e-05,0
41547,-2e-05,-3e-05,-1e-05,0.0,-6e-05,-4e-05,0.0,2e-05,0
41548,-2e-05,-3e-05,-1e-05,0.0,-6e-05,-4e-05,0.0,2e-05,0
41549,-2e-05,-3e-05,-1e-05,0.0,-6e-05,-4e-05,0.0,2e-05,0
41550,-2e-05,-3e-05,-1e-05,0.0,-6e-05,-4e-05,0.0,2e-05,0
41551,-2e-05,-3e-05,-1e-05,0.0,-6e-05,-4e-05,0.0,2e-05,0
41552,-2e-05,-3e-05,-1e-05,0.0,-6e-05,-4e-05,0.0,2e-05,0
41553,-2e-05,-3e-05,-1e-05,0.0,-6e-05,-4e-05,0.0,2e-05,0
41554,-2e-05,-3e-05,-1e-05,0.0,-6e-05,-4e-05,0.0,2e-05,0
41555,-2e-05,-3e-05,-1e-05,0.0,-6e-05,-4e-05,0.0,2e-05,0
41556,-2e-05,-3e-05,-1e-05,0.0,-6e-05,-4e-05,0.0,2e-05,0
41557,-2e-05,-3e-05,-1e-05,0.0,-6e-05,-4e-05,0.0,2e-05,0
41558,-2e-05,-3e-05,-1e-05,0.0,-6e-05,-4e-05,0.0,2e-05,0
41559,-2e-05,-3e-05,-1e-05,0.0,-6e-05,-4e-05,0.0,2e-05,0
41560,-2e-05,-3e-05,-1e-05,0.0,-6e-05,-4e-05,0.0,2e-05,0
41561,6e-05,1e-05,3e-05,2e-05,-3e-05,6e-05,0.0,1e-05,0
41562,1e-05,0.0,3e-05,-1e-05,-3e-05,-7e-05,-1e-05,3e-05,0
41563,0.00016,-4e-05,-3e-05,0.0,6e-05,0.0,-1e-05,2e-05,0
41564,0.00016,-4e-05,-3e-05,0.0,6e-05,0.0,-1e-05,2e-05,0
41565,0.00016,-4e-05,-3e-05,0.0,6e-05,0.0,-1e-05,2e-05,0
41566,0.00016,-4e-05,-3e-05,0.0,6e-05,0.0,-1e-05,2e-05,0
41567,0.00016,-4e-05,-3e-05,0.0,6e-05,0.0,-1e-05,2e-05,0
41568,0.00016,-4e-05,-3e-05,0.0,6e-05,0.0,-1e-05,2e-05,0
41569,0.00016,-4e-05,-3e-05,0.0,6e-05,0.0,-1e-05,2e-05,0
41570,0.00016,-4e-05,-3e-05,0.0,6e-05,0.0,-1e-05,2e-05,0
41571,0.00016,-4e-05,-3e-05,0.0,6e-05,0.0,-1e-05,2e-05,0
41572,0.00016,-4e-05,-3e-05,0.0,6e-05,0.0,-1e-05,2e-05,0
41573,0.00016,-4e-05,-3e-05,0.0,6e-05,0.0,-1e-05,2e-05,0
41574,0.00016,-4e-05,-3e-05,0.0,6e-05,0.0,-1e-05,2e-05,0
41575,0.00016,-4e-05,-3e-05,0.0,6e-05,0.0,-1e-05,2e-05,0
41576,0.00016,-4e-05,-3e-05,0.0,6e-05,0.0,-1e-05,2e-05,0
41577,0.00016,-4e-05,-3e-05,0.0,6e-05,0.0,-1e-05,2e-05,0
41578,0.00016,-4e-05,-3e-05,0.0,6e-05,0.0,-1e-05,2e-05,0
41579,0.00016,-4e-05,-3e-05,0.0,6e-05,0.0,-1e-05,2e-05,0
41580,0.00016,-4e-05,-3e-05,0.0,6e-05,0.0,-1e-05,2e-05,0
41581,0.00016,-4e-05,-3e-05,0.0,6e-05,0.0,-1e-05,2e-05,0
41582,0.00016,-4e-05,-3e-05,0.0,6e-05,0.0,-1e-05,2e-05,0
41583,-0.00015,0.0,-1e-05,-2e-05,-5e-05,-5e-05,1e-05,0.0,0
41584,8e-05,-3e-05,-7e-05,-9e-05,-6e-05,2e-05,-9e-05,-0.00016,0
41585,-8e-05,7e-05,7e-05,9e-05,0.0002,0.00015,-2e-05,0.00013,0
41586,-8e-05,7e-05,7e-05,9e-05,0.0002,0.00015,-2e-05,0.00013,0
41588,-8e-05,7e-05,7e-05,9e-05,0.0002,0.00015,-2e-05,0.00013,0
41589,-8e-05,7e-05,7e-05,9e-05,0.0002,0.00015,-2e-05,0.00013,0
41590,-8e-05,7e-05,7e-05,9e-05,0.0002,0.00015,-2e-05,0.00013,0
41591,-8e-05,7e-05,7e-05,9e-05,0.0002,0.00015,-2e-05,0.00013,0
41592,-8e-05,7e-05,7e-05,9e-05,0.0002,0.00015,-2e-05,0.00013,0
41593,-8e-05,7e-05,7e-05,9e-05,0.0002,0.00015,-2e-05,0.00013,0
41594,-8e-05,7e-05,7e-05,9e-05,0.0002,0.00015,-2e-05,0.00013,0
41595,-8e-05,7e-05,7e-05,9e-05,0.0002,0.00015,-2e-05,0.00013,0
41596,-8e-05,7e-05,7e-05,9e-05,0.0002,0.00015,-2e-05,0.00013,0
41597,-8e-05,7e-05,7e-05,9e-05,0.0002,0.00015,-2e-05,0.00013,0
41598,0.00014,-5e-05,-9e-05,-5e-05,-2e-05,-5e-05,0.00018,0.00035,0
41599,0.00014,-5e-05,-9e-05,-5e-05,-2e-05,-5e-05,0.00018,0.00035,0
41600,0.00014,-5e-05,-9e-05,-5e-05,-2e-05,-5e-05,0.00018,0.00035,0
41601,0.00014,-5e-05,-9e-05,-5e-05,-2e-05,-5e-05,0.00018,0.00035,0
41602,0.00014,-5e-05,-9e-05,-5e-05,-2e-05,-5e-05,0.00018,0.00035,0
41603,0.00014,-5e-05,-9e-05,-5e-05,-2e-05,-5e-05,0.00018,0.00035,0
41604,0.0,-1e-05,-2e-05,-6e-05,-0.00013,-1e-05,-6e-05,8e-05,0
41605,-3e-05,1e-05,3e-05,-4e-05,-0.00011,-7e-05,0.0,-3e-05,0
41606,-3e-05,1e-05,3e-05,-4e-05,-0.00011,-7e-05,0.0,-3e-05,0
41607,-3e-05,1e-05,3e-05,-4e-05,-0.00011,-7e-05,0.0,-3e-05,0
41608,-3e-05,1e-05,3e-05,-4e-05,-0.00011,-7e-05,0.0,-3e-05,0
41609,-3e-05,1e-05,3e-05,-4e-05,-0.00011,-7e-05,0.0,-3e-05,0
41610,-3e-05,1e-05,3e-05,-4e-05,-0.00011,-7e-05,0.0,-3e-05,0
41611,-3e-05,1e-05,3e-05,-4e-05,-0.00011,-7e-05,0.0,-3e-05,0
41612,-3e-05,1e-05,3e-05,-4e-05,-0.00011,-7e-05,0.0,-3e-05,0
41613,-3e-05,1e-05,3e-05,-4e-05,-0.00011,-7e-05,0.0,-3e-05,0
41614,-3e-05,1e-05,3e-05,-4e-05,-0.00011,-7e-05,0.0,-3e-05,0
41615,-3e-05,1e-05,3e-05,-4e-05,-0.00011,-7e-05,0.0,-3e-05,0
41616,-3e-05,1e-05,3e-05,-4e-05,-0.00011,-7e-05,0.0,-3e-05,0
41617,-3e-05,1e-05,3e-05,-4e-05,-0.00011,-7e-05,0.0,-3e-05,0
41618,-3e-05,1e-05,3e-05,-4e-05,-0.00011,-7e-05,0.0,-3e-05,0
41619,-3e-05,1e-05,3e-05,-4e-05,-0.00011,-7e-05,0.0,-3e-05,0
41620,-3e-05,1e-05,3e-05,-4e-05,-0.00011,-7e-05,0.0,-3e-05,0
41621,-9e-05,5e-05,1e-05,1e-05,-4e-05,-2e-05,0.00011,0.00024,0
41622,-9e-05,-1e-05,-3e-05,-1e-05,-1e-05,1e-05,-2e-05,-0.00031,0
41623,-4e-05,0.0,-1e-05,1e-05,0.00013,-9e-05,7e-05,7e-05,0
41624,-4e-05,0.0,-1e-05,1e-05,0.00013,-9e-05,7e-05,7e-05,0
41625,-4e-05,0.0,-1e-05,1e-05,0.00013,-9e-05,7e-05,7e-05,0
41626,-4e-05,0.0,-1e-05,1e-05,0.00013,-9e-05,7e-05,7e-05,0
41627,-4e-05,0.0,-1e-05,1e-05,0.00013,-9e-05,7e-05,7e-05,0
41628,-4e-05,0.0,-1e-05,1e-05,0.00013,-9e-05,7e-05,7e-05,0
41629,-4e-05,0.0,-1e-05,1e-05,0.00013,-9e-05,7e-05,7e-05,0
41630,-4e-05,0.0,-1e-05,1e-05,0.00013,-9e-05,7e-05,7e-05,0
41631,-4e-05,0.0,-1e-05,1e-05,0.00013,-9e-05,7e-05,7e-05,0
41632,-4e-05,0.0,-1e-05,1e-05,0.00013,-9e-05,7e-05,7e-05,0
41633,-4e-05,0.0,-1e-05,1e-05,0.00013,-9e-05,7e-05,7e-05,0
41634,-4e-05,0.0,-1e-05,1e-05,0.00013,-9e-05,7e-05,7e-05,0
41635,-4e-05,0.0,-1e-05,1e-05,0.00013,-9e-05,7e-05,7e-05,0
41636,-4e-05,0.0,-1e-05,1e-05,0.00013,-9e-05,7e-05,7e-05,0
41638,-4e-05,0.0,-1e-05,1e-05,0.00013,-9e-05,7e-05,7e-05,0
41639,-4e-05,0.0,-1e-05,1e-05,0.00013,-9e-05,7e-05,7e-05,0
41640,-4e-05,0.0,-1e-05,1e-05,0.00013,-9e-05,7e-05,7e-05,0
41641,-4e-05,0.0,-1e-05,1e-05,0.00013,-9e-05,7e-05,7e-05,0
41642,-4e-05,0.0,-1e-05,1e-05,0.00013,-9e-05,7e-05,7e-05,0
41643,-4e-05,1e-05,-2e-05,-1e-05,-9e-05,-3e-05,-8e-05,-2e-05,0
41644,0.00012,-1e-05,-1e-05,-2e-05,-2e-05,-8e-05,-4e-05,-7e-05,0
41645,-1e-05,-3e-05,-3e-05,-4e-05,-7e-05,-4e-05,-4e-05,-3e-05,0
41646,-1e-05,-3e-05,-3e-05,-4e-05,-7e-05,-4e-05,-4e-05,-3e-05,0
41647,-1e-05,-3e-05,-3e-05,-4e-05,-7e-05,-4e-05,-4e-05,-3e-05,0
41648,-1e-05,-3e-05,-3e-05,-4e-05,-7e-05,-4e-05,-4e-05,-3e-05,0
41649,-1e-05,-3e-05,-3e-05,-4e-05,-7e-05,-4e-05,-4e-05,-3e-05,0
41650,-1e-05,-3e-05,-3e-05,-4e-05,-7e-05,-4e-05,-4e-05,-3e-05,0
41651,-1e-05,-3e-05,-3e-05,-4e-05,-7e-05,-4e-05,-4e-05,-3e-05,0
41652,-1e-05,-3e-05,-3e-05,-4e-05,-7e-05,-4e-05,-4e-05,-3e-05,0
41653,-1e-05,-3e-05,-3e-05,-4e-05,-7e-05,-4e-05,-4e-05,-3e-05,0
41654,-1e-05,-3e-05,-3e-05,-4e-05,-7e-05,-4e-05,-4e-05,-3e-05,0
41655,-1e-05,-3e-05,-3e-05,-4e-05,-7e-05,-4e-05,-4e-05,-3e-05,0
41656,-1e-05,-3e-05,-3e-05,-4e-05,-7e-05,-4e-05,-4e-05,-3e-05,0
41657,-0.00012,0.0,1e-05,0.0,-1e-05,0.0,-6e-05,-1e-05,0
41658,-0.00012,0.0,1e-05,0.0,-1e-05,0.0,-6e-05,-1e-05,0
41659,-0.00012,0.0,1e-05,0.0,-1e-05,0.0,-6e-05,-1e-05,0
41660,-0.00012,0.0,1e-05,0.0,-1e-05,0.0,-6e-05,-1e-05,0
41661,-0.00012,0.0,1e-05,0.0,-1e-05,0.0,-6e-05,-1e-05,0
41662,-0.00012,0.0,1e-05,0.0,-1e-05,0.0,-6e-05,-1e-05,0
41663,-0.00012,0.0,1e-05,0.0,-1e-05,0.0,-6e-05,-1e-05,0
41664,-0.00012,0.0,1e-05,0.0,-1e-05,0.0,-6e-05,-1e-05,0
41665,-0.00012,0.0,1e-05,0.0,-1e-05,0.0,-6e-05,-1e-05,0
41666,-6e-05,-2e-05,-3e-05,-5e-05,-8e-05,7e-05,-2e-05,-9e-05,0
41667,-6e-05,-2e-05,-3e-05,-5e-05,-8e-05,7e-05,-2e-05,-9e-05,0
41668,-6e-05,-2e-05,-3e-05,-5e-05,-8e-05,7e-05,-2e-05,-9e-05,0
41669,-6e-05,-2e-05,-3e-05,-5e-05,-8e-05,7e-05,-2e-05,-9e-05,0
41670,-6e-05,-2e-05,-3e-05,-5e-05,-8e-05,7e-05,-2e-05,-9e-05,0
41671,-6e-05,-2e-05,-3e-05,-5e-05,-8e-05,7e-05,-2e-05,-9e-05,0
41672,-6e-05,-2e-05,-3e-05,-5e-05,-8e-05,7e-05,-2e-05,-9e-05,0
41673,-6e-05,-2e-05,-3e-05,-5e-05,-8e-05,7e-05,-2e-05,-9e-05,0
41674,-6e-05,-2e-05,-3e-05,-5e-05,-8e-05,7e-05,-2e-05,-9e-05,0
41675,-6e-05,-2e-05,-3e-05,-5e-05,-8e-05,7e-05,-2e-05,-9e-05,0
41676,-6e-05,-2e-05,-3e-05,-5e-05,-8e-05,7e-05,-2e-05,-9e-05,0
41677,-6e-05,-2e-05,-3e-05,-5e-05,-8e-05,7e-05,-2e-05,-9e-05,0
41678,-6e-05,-2e-05,-3e-05,-5e-05,-8e-05,7e-05,-2e-05,-9e-05,0
41679,-6e-05,-2e-05,-3e-05,-5e-05,-8e-05,7e-05,-2e-05,-9e-05,0
41680,-6e-05,-2e-05,-3e-05,-5e-05,-8e-05,7e-05,-2e-05,-9e-05,0
41681,2e-05,3e-05,-1e-05,9e-05,0.00023,-1e-05,-4e-05,-7e-05,0
41682,2e-05,3e-05,-1e-05,9e-05,0.00023,-1e-05,-4e-05,-7e-05,0
41683,0.00057,2e-05,-4e-05,-3e-05,-9e-05,-9e-05,-1e-05,0.0001,0
41684,0.00057,2e-05,-4e-05,-3e-05,-9e-05,-9e-05,-1e-05,0.0001,0
41685,0.00057,2e-05,-4e-05,-3e-05,-9e-05,-9e-05,-1e-05,0.0001,0
41686,0.00057,2e-05,-4e-05,-3e-05,-9e-05,-9e-05,-1e-05,0.0001,0
41688,0.00057,2e-05,-4e-05,-3e-05,-9e-05,-9e-05,-1e-05,0.0001,0
41689,0.00057,2e-05,-4e-05,-3e-05,-9e-05,-9e-05,-1e-05,0.0001,0
41690,0.00057,2e-05,-4e-05,-3e-05,-9e-05,-9e-05,-1e-05,0.0001,0
41691,0.00057,2e-05,-4e-05,-3e-05,-9e-05,-9e-05,-1e-05,0.0001,0
41692,0.00057,2e-05,-4e-05,-3e-05,-9e-05,-9e-05,-1e-05,0.0001,0
41693,0.00057,2e-05,-4e-05,-3e-05,-9e-05,-9e-05,-1e-05,0.0001,0
41694,0.00057,2e-05,-4e-05,-3e-05,-9e-05,-9e-05,-1e-05,0.0001,0
41695,0.00057,2e-05,-4e-05,-3e-05,-9e-05,-9e-05,-1e-05,0.0001,0
41696,0.00057,2e-05,-4e-05,-3e-05,-9e-05,-9e-05,-1e-05,0.0001,0
41697,0.00057,2e-05,-4e-05,-3e-05,-9e-05,-9e-05,-1e-05,0.0001,0
41698,0.00057,2e-05,-4e-05,-3e-05,-9e-05,-9e-05,-1e-05,0.0001,0
41699,0.00057,2e-05,-4e-05,-3e-05,-9e-05,-9e-05,-1e-05,0.0001,0
41700,0.00057,2e-05,-4e-05,-3e-05,-9e-05,-9e-05,-1e-05,0.0001,0
41701,0.00057,2e-05,-4e-05,-3e-05,-9e-05,-9e-05,-1e-05,0.0001,0
41702,0.00057,2e-05,-4e-05,-3e-05,-9e-05,-9e-05,-1e-05,0.0001,0
41703,-0.00067,-6e-05,-5e-05,-4e-05,-6e-05,0.0,-4e-05,-8e-05,0
41704,6e-05,-7e-05,2e-05,-2e-05,-0.00017,-0.00011,-6e-05,3e-05,0
41705,-0.00011,-1e-05,-2e-05,-2e-05,1e-05,2e-05,-3e-05,-0.00036,0
41706,-0.00011,-1e-05,-2e-05,-2e-05,1e-05,2e-05,-3e-05,-0.00036,0
41707,-0.00011,-1e-05,-2e-05,-2e-05,1e-05,2e-05,-3e-05,-0.00036,0
41708,-0.00011,-1e-05,-2e-05,-2e-05,1e-05,2e-05,-3e-05,-0.00036,0
41709,-0.00011,-1e-05,-2e-05,-2e-05,1e-05,2e-05,-3e-05,-0.00036,0
41710,-0.00011,-1e-05,-2e-05,-2e-05,1e-05,2e-05,-3e-05,-0.00036,0
41711,-0.00011,-1e-05,-2e-05,-2e-05,1e-05,2e-05,-3e-05,-0.00036,0
41712,-0.00011,-1e-05,-2e-05,-2e-05,1e-05,2e-05,-3e-05,-0.00036,0
41713,-0.00011,-1e-05,-2e-05,-2e-05,1e-05,2e-05,-3e-05,-0.00036,0
41714,-0.00011,-1e-05,-2e-05,-2e-05,1e-05,2e-05,-3e-05,-0.00036,0
41715,-0.00011,-1e-05,-2e-05,-2e-05,1e-05,2e-05,-3e-05,-0.00036,0
41716,-0.00011,-1e-05,-2e-05,-2e-05,1e-05,2e-05,-3e-05,-0.00036,0
41717,0.00017,1e-05,2e-05,2e-05,8e-05,0.0,6e-05,0.0001,0
41718,0.00019,8e-05,0.0,-2e-05,-0.00017,-8e-05,-0.0001,-9e-05,0
41719,0.00019,8e-05,0.0,-2e-05,-0.00017,-8e-05,-0.0001,-9e-05,0
41720,0.00019,8e-05,0.0,-2e-05,-0.00017,-8e-05,-0.0001,-9e-05,0
41721,0.00019,8e-05,0.0,-2e-05,-0.00017,-8e-05,-0.0001,-9e-05,0
41722,0.00019,8e-05,0.0,-2e-05,-0.00017,-8e-05,-0.0001,-9e-05,0
41723,0.00019,8e-05,0.0,-2e-05,-0.00017,-8e-05,-0.0001,-9e-05,0
41724,0.00019,8e-05,0.0,-2e-05,-0.00017,-8e-05,-0.0001,-9e-05,0
41725,0.00019,8e-05,0.0,-2e-05,-0.00017,-8e-05,-0.0001,-9e-05,0
41726,-9e-05,0.0,4e-05,3e-05,-0.00018,5e-05,6e-05,0.00015,0
41727,-9e-05,0.0,4e-05,3e-05,-0.00018,5e-05,6e-05,0.00015,0
41728,-9e-05,0.0,4e-05,3e-05,-0.00018,5e-05,6e-05,0.00015,0
41729,-9e-05,0.0,4e-05,3e-05,-0.00018,5e-05,6e-05,0.00015,0
41730,-9e-05,0.0,4e-05,3e-05,-0.00018,5e-05,6e-05,0.00015,0
41731,-9e-05,0.0,4e-05,3e-05,-0.00018,5e-05,6e-05,0.00015,0
41732,-9e-05,0.0,4e-05,3e-05,-0.00018,5e-05,6e-05,0.00015,0
41733,-9e-05,0.0,4e-05,3e-05,-0.00018,5e-05,6e-05,0.00015,0
41734,-9e-05,0.0,4e-05,3e-05,-0.00018,5e-05,6e-05,0.00015,0
41735,-9e-05,0.0,4e-05,3e-05,-0.00018,5e-05,6e-05,0.00015,0
41736,-9e-05,0.0,4e-05,3e-05,-0.00018,5e-05,6e-05,0.00015,0
41738,-9e-05,0.0,4e-05,3e-05,-0.00018,5e-05,6e-05,0.00015,0
41739,-9e-05,0.0,4e-05,3e-05,-0.00018,5e-05,6e-05,0.00015,0
41740,-9e-05,0.0,4e-05,3e-05,-0.00018,5e-05,6e-05,0.00015,0
41741,-0.00031,-6e-05,-3e-05,5e-05,0.00017,0.00012,0.0,-8e-05,0
41742,0.00017,0.0,-2e-05,3e-05,4e-05,-7e-05,4e-05,0.00013,0
41743,-6e-05,-2e-05,-3e-05,-5e-05,3e-05,-1e-05,2e-05,-2e-05,0
41744,-6e-05,-2e-05,-3e-05,-5e-05,3e-05,-1e-05,2e-05,-2e-05,0
41745,-6e-05,-2e-05,-3e-05,-5e-05,3e-05,-1e-05,2e-05,-2e-05,0
41746,-6e-05,-2e-05,-3e-05,-5e-05,3e-05,-1e-05,2e-05,-2e-05,0
41747,-6e-05,-2e-05,-3e-05,-5e-05,3e-05,-1e-05,2e-05,-2e-05,0
41748,-6e-05,-2e-05,-3e-05,-5e-05,3e-05,-1e-05,2e-05,-2e-05,0
41749,-6e-05,-2e-05,-3e-05,-5e-05,3e-05,-1e-05,2e-05,-2e-05,0
41750,-6e-05,-2e-05,-3e-05,-5e-05,3e-05,-1e-05,2e-05,-2e-05,0
41751,-6e-05,-2e-05,-3e-05,-5e-05,3e-05,-1e-05,2e-05,-2e-05,0
41752,-6e-05,-2e-05,-3e-05,-5e-05,3e-05,-1e-05,2e-05,-2e-05,0
41754,-6e-05,-2e-05,-3e-05,-5e-05,3e-05,-1e-05,2e-05,-2e-05,0
41755,-6e-05,-2e-05,-3e-05,-5e-05,3e-05,-1e-05,2e-05,-2e-05,0
41756,-6e-05,-2e-05,-3e-05,-5e-05,3e-05,-1e-05,2e-05,-2e-05,0
41757,-6e-05,-2e-05,-3e-05,-5e-05,3e-05,-1e-05,2e-05,-2e-05,0
41758,-6e-05,-2e-05,-3e-05,-5e-05,3e-05,-1e-05,2e-05,-2e-05,0
41759,-6e-05,-2e-05,-3e-05,-5e-05,3e-05,-1e-05,2e-05,-2e-05,0
41760,-6e-05,-2e-05,-3e-05,-5e-05,3e-05,-1e-05,2e-05,-2e-05,0
41761,-6e-05,-2e-05,-3e-05,-5e-05,3e-05,-1e-05,2e-05,-2e-05,0
41762,-6e-05,-2e-05,-3e-05,-5e-05,3e-05,-1e-05,2e-05,-2e-05,0
41763,4e-05,2e-05,2e-05,-4e-05,-0.00023,-0.0001,-4e-05,0.0001,0
41764,-1e-05,1e-05,2e-05,3e-05,0.00012,2e-05,0.0,9e-05,0
41765,-0.00014,-4e-05,-1e-05,-6e-05,0.00011,-3e-05,-0.00018,-7e-05,0
41766,-0.00014,-4e-05,-1e-05,-6e-05,0.00011,-3e-05,-0.00018,-7e-05,0
41767,-0.00014,-4e-05,-1e-05,-6e-05,0.00011,-3e-05,-0.00018,-7e-05,0
41768,-0.00014,-4e-05,-1e-05,-6e-05,0.00011,-3e-05,-0.00018,-7e-05,0
41769,-0.00014,-4e-05,-1e-05,-6e-05,0.00011,-3e-05,-0.00018,-7e-05,0
41770,-0.00014,-4e-05,-1e-05,-6e-05,0.00011,-3e-05,-0.00018,-7e-05,0
41771,-0.00014,-4e-05,-1e-05,-6e-05,0.00011,-3e-05,-0.00018,-7e-05,0
41772,-0.00014,-4e-05,-1e-05,-6e-05,0.00011,-3e-05,-0.00018,-7e-05,0
41773,-0.00014,-4e-05,-1e-05,-6e-05,0.00011,-3e-05,-0.00018,-7e-05,0
41774,-0.00014,-4e-05,-1e-05,-6e-05,0.00011,-3e-05,-0.00018,-7e-05,0
41775,-0.00014,-4e-05,-1e-05,-6e-05,0.00011,-3e-05,-0.00018,-7e-05,0
41776,-0.00014,-4e-05,-1e-05,-6e-05,0.00011,-3e-05,-0.00018,-7e-05,0
41777,-2e-05,-6e-05,-0.0001,-0.00014,-0.0001,-4e-05,-5e-05,-8e-05,0
41778,-2e-05,-6e-05,-0.0001,-0.00014,-0.0001,-4e-05,-5e-05,-8e-05,0
41779,-2e-05,-6e-05,-0.0001,-0.00014,-0.0001,-4e-05,-5e-05,-8e-05,0
41780,-2e-05,-6e-05,-0.0001,-0.00014,-0.0001,-4e-05,-5e-05,-8e-05,0
41781,-2e-05,-6e-05,-0.0001,-0.00014,-0.0001,-4e-05,-5e-05,-8e-05,0
41782,-2e-05,-6e-05,-0.0001,-0.00014,-0.0001,-4e-05,-5e-05,-8e-05,0
41783,-2e-05,-6e-05,-0.0001,-0.00014,-0.0001,-4e-05,-5e-05,-8e-05,0
41784,-2e-05,-6e-05,-0.0001,-0.00014,-0.0001,-4e-05,-5e-05,-8e-05,0
41785,-2e-05,-6e-05,-0.0001,-0.00014,-0.0001,-4e-05,-5e-05,-8e-05,0
41786,-7e-05,-7e-05,-7e-05,-0.00011,-0.00015,-7e-05,-0.0001,-6e-05,0
41788,-7e-05,-7e-05,-7e-05,-0.00011,-0.00015,-7e-05,-0.0001,-6e-05,0
41789,-7e-05,-7e-05,-7e-05,-0.00011,-0.00015,-7e-05,-0.0001,-6e-05,0
41790,-7e-05,-7e-05,-7e-05,-0.00011,-0.00015,-7e-05,-0.0001,-6e-05,0
41791,-7e-05,-7e-05,-7e-05,-0.00011,-0.00015,-7e-05,-0.0001,-6e-05,0
41792,-7e-05,-7e-05,-7e-05,-0.00011,-0.00015,-7e-05,-0.0001,-6e-05,0
41793,-7e-05,-7e-05,-7e-05,-0.00011,-0.00015,-7e-05,-0.0001,-6e-05,0
41794,-7e-05,-7e-05,-7e-05,-0.00011,-0.00015,-7e-05,-0.0001,-6e-05,0
41795,-7e-05,-7e-05,-7e-05,-0.00011,-0.00015,-7e-05,-0.0001,-6e-05,0
41796,-7e-05,-7e-05,-7e-05,-0.00011,-0.00015,-7e-05,-0.0001,-6e-05,0
41797,-7e-05,-7e-05,-7e-05,-0.00011,-0.00015,-7e-05,-0.0001,-6e-05,0
41798,-7e-05,-7e-05,-7e-05,-0.00011,-0.00015,-7e-05,-0.0001,-6e-05,0
41799,-7e-05,-7e-05,-7e-05,-0.00011,-0.00015,-7e-05,-0.0001,-6e-05,0
41800,-7e-05,-7e-05,-7e-05,-0.00011,-0.00015,-7e-05,-0.0001,-6e-05,0
41801,-7e-05,-3e-05,-1e-05,8e-05,0.00039,4e-05,4e-05,-8e-05,0
41802,-0.00012,-6e-05,-5e-05,-0.00015,-0.00023,-6e-05,-1e-05,-8e-05,0
41804,5e-05,1e-05,4e-05,0.0001,0.00015,5e-05,0.00015,0.00012,0
41805,5e-05,1e-05,4e-05,0.0001,0.00015,5e-05,0.00015,0.00012,0
41806,5e-05,1e-05,4e-05,0.0001,0.00015,5e-05,0.00015,0.00012,0
41807,5e-05,1e-05,4e-05,0.0001,0.00015,5e-05,0.00015,0.00012,0
41808,5e-05,1e-05,4e-05,0.0001,0.00015,5e-05,0.00015,0.00012,0
41809,5e-05,1e-05,4e-05,0.0001,0.00015,5e-05,0.00015,0.00012,0
41810,5e-05,1e-05,4e-05,0.0001,0.00015,5e-05,0.00015,0.00012,0
41811,5e-05,1e-05,4e-05,0.0001,0.00015,5e-05,0.00015,0.00012,0
41812,5e-05,1e-05,4e-05,0.0001,0.00015,5e-05,0.00015,0.00012,0
41813,5e-05,1e-05,4e-05,0.0001,0.00015,5e-05,0.00015,0.00012,0
41814,5e-05,1e-05,4e-05,0.0001,0.00015,5e-05,0.00015,0.00012,0
41815,5e-05,1e-05,4e-05,0.0001,0.00015,5e-05,0.00015,0.00012,0
41816,5e-05,1e-05,4e-05,0.0001,0.00015,5e-05,0.00015,0.00012,0
41817,5e-05,1e-05,4e-05,0.0001,0.00015,5e-05,0.00015,0.00012,0
41818,5e-05,1e-05,4e-05,0.0001,0.00015,5e-05,0.00015,0.00012,0
41819,5e-05,1e-05,4e-05,0.0001,0.00015,5e-05,0.00015,0.00012,0
41820,5e-05,1e-05,4e-05,0.0001,0.00015,5e-05,0.00015,0.00012,0
41821,5e-05,1e-05,4e-05,0.0001,0.00015,5e-05,0.00015,0.00012,0
41822,5e-05,1e-05,4e-05,0.0001,0.00015,5e-05,0.00015,0.00012,0
41823,-0.0001,-2e-05,-1e-05,-9e-05,-0.00018,5e-05,7e-05,-8e-05,0
41824,-0.0001,-2e-05,-1e-05,-9e-05,-0.00018,5e-05,7e-05,-8e-05,0
41825,-0.00013,0.0,1e-05,-5e-05,0.00017,-3e-05,-3e-05,-9e-05,0
41826,-0.00013,0.0,1e-05,-5e-05,0.00017,-3e-05,-3e-05,-9e-05,0
41827,-0.00013,0.0,1e-05,-5e-05,0.00017,-3e-05,-3e-05,-9e-05,0
41828,-0.00013,0.0,1e-05,-5e-05,0.00017,-3e-05,-3e-05,-9e-05,0
41829,-0.00013,0.0,1e-05,-5e-05,0.00017,-3e-05,-3e-05,-9e-05,0
41830,-0.00013,0.0,1e-05,-5e-05,0.00017,-3e-05,-3e-05,-9e-05,0
41831,-0.00013,0.0,1e-05,-5e-05,0.00017,-3e-05,-3e-05,-9e-05,0
41832,-0.00013,0.0,1e-05,-5e-05,0.00017,-3e-05,-3e-05,-9e-05,0
41833,-0.00013,0.0,1e-05,-5e-05,0.00017,-3e-05,-3e-05,-9e-05,0
41834,-0.00013,0.0,1e-05,-5e-05,0.00017,-3e-05,-3e-05,-9e-05,0
41835,-0.00013,0.0,1e-05,-5e-05,0.00017,-3e-05,-3e-05,-9e-05,0
41836,-0.00013,0.0,1e-05,-5e-05,0.00017,-3e-05,-3e-05,-9e-05,0
41838,-4e-05,4e-05,9e-05,3e-05,-0.00012,-0.00014,-0.00035,-6e-05,0
41839,-4e-05,4e-05,9e-05,3e-05,-0.00012,-0.00014,-0.00035,-6e-05,0
41840,-4e-05,4e-05,9e-05,3e-05,-0.00012,-0.00014,-0.00035,-6e-05,0
41841,-4e-05,4e-05,9e-05,3e-05,-0.00012,-0.00014,-0.00035,-6e-05,0
41842,-4e-05,4e-05,9e-05,3e-05,-0.00012,-0.00014,-0.00035,-6e-05,0
41843,-4e-05,4e-05,9e-05,3e-05,-0.00012,-0.00014,-0.00035,-6e-05,0
41844,-4e-05,4e-05,9e-05,3e-05,-0.00012,-0.00014,-0.00035,-6e-05,0
41845,-4e-05,4e-05,9e-05,3e-05,-0.00012,-0.00014,-0.00035,-6e-05,0
41846,-3e-05,-0.0001,-0.00016,-0.00044,-0.00034,0.00011,0.00037,0.0,0
41847,-3e-05,-0.0001,-0.00016,-0.00044,-0.00034,0.00011,0.00037,0.0,0
41848,-3e-05,-0.0001,-0.00016,-0.00044,-0.00034,0.00011,0.00037,0.0,0
41849,-3e-05,-0.0001,-0.00016,-0.00044,-0.00034,0.00011,0.00037,0.0,0
41850,-3e-05,-0.0001,-0.00016,-0.00044,-0.00034,0.00011,0.00037,0.0,0
41851,-3e-05,-0.0001,-0.00016,-0.00044,-0.00034,0.00011,0.00037,0.0,0
41852,-3e-05,-0.0001,-0.00016,-0.00044,-0.00034,0.00011,0.00037,0.0,0
41854,-3e-05,-0.0001,-0.00016,-0.00044,-0.00034,0.00011,0.00037,0.0,0
41855,-3e-05,-0.0001,-0.00016,-0.00044,-0.00034,0.00011,0.00037,0.0,0
41856,-3e-05,-0.0001,-0.00016,-0.00044,-0.00034,0.00011,0.00037,0.0,0
41857,-3e-05,-0.0001,-0.00016,-0.00044,-0.00034,0.00011,0.00037,0.0,0
41858,-3e-05,-0.0001,-0.00016,-0.00044,-0.00034,0.00011,0.00037,0.0,0
41859,-3e-05,-0.0001,-0.00016,-0.00044,-0.00034,0.00011,0.00037,0.0,0
41860,-3e-05,-0.0001,-0.00016,-0.00044,-0.00034,0.00011,0.00037,0.0,0
41861,-2e-05,2e-05,6e-05,0.00025,0.00073,6e-05,-7e-05,1e-05,0
41862,3e-05,6e-05,9e-05,0.00016,-0.00043,1e-05,-0.00012,-6e-05,0
41863,-5e-05,3e-05,0.00014,0.00011,2e-05,0.0,0.0,-2e-05,0
41864,-5e-05,3e-05,0.00014,0.00011,2e-05,0.0,0.0,-2e-05,0
41865,-5e-05,3e-05,0.00014,0.00011,2e-05,0.0,0.0,-2e-05,0
41866,-5e-05,3e-05,0.00014,0.00011,2e-05,0.0,0.0,-2e-05,0
41867,-5e-05,3e-05,0.00014,0.00011,2e-05,0.0,0.0,-2e-05,0
41868,-5e-05,3e-05,0.00014,0.00011,2e-05,0.0,0.0,-2e-05,0
41869,-5e-05,3e-05,0.00014,0.00011,2e-05,0.0,0.0,-2e-05,0
41870,-5e-05,3e-05,0.00014,0.00011,2e-05,0.0,0.0,-2e-05,0
41871,-5e-05,3e-05,0.00014,0.00011,2e-05,0.0,0.0,-2e-05,0
41872,-5e-05,3e-05,0.00014,0.00011,2e-05,0.0,0.0,-2e-05,0
41873,-5e-05,3e-05,0.00014,0.00011,2e-05,0.0,0.0,-2e-05,0
41874,-5e-05,3e-05,0.00014,0.00011,2e-05,0.0,0.0,-2e-05,0
41875,-5e-05,3e-05,0.00014,0.00011,2e-05,0.0,0.0,-2e-05,0
41876,-5e-05,3e-05,0.00014,0.00011,2e-05,0.0,0.0,-2e-05,0
41877,-5e-05,3e-05,0.00014,0.00011,2e-05,0.0,0.0,-2e-05,0
41878,-5e-05,3e-05,0.00014,0.00011,2e-05,0.0,0.0,-2e-05,0
41879,-5e-05,3e-05,0.00014,0.00011,2e-05,0.0,0.0,-2e-05,0
41880,-5e-05,3e-05,0.00014,0.00011,2e-05,0.0,0.0,-2e-05,0
41881,-5e-05,3e-05,0.00014,0.00011,2e-05,0.0,0.0,-2e-05,0
41882,-5e-05,3e-05,0.00014,0.00011,2e-05,0.0,0.0,-2e-05,0
41883,-4e-05,1e-05,0.00011,3e-05,0.00025,-6e-05,-8e-05,-4e-05,0
41884,-5e-05,-9e-05,-0.00015,-0.00037,-0.00089,-0.00028,0.00022,-1e-05,0
41885,-9e-05,5e-05,0.0001,0.0002,-0.00022,-6e-05,-0.00042,-0.00011,0
41886,-9e-05,5e-05,0.0001,0.0002,-0.00022,-6e-05,-0.00042,-0.00011,0
41888,-9e-05,5e-05,0.0001,0.0002,-0.00022,-6e-05,-0.00042,-0.00011,0
41889,-9e-05,5e-05,0.0001,0.0002,-0.00022,-6e-05,-0.00042,-0.00011,0
41890,-9e-05,5e-05,0.0001,0.0002,-0.00022,-6e-05,-0.00042,-0.00011,0
41891,-9e-05,5e-05,0.0001,0.0002,-0.00022,-6e-05,-0.00042,-0.00011,0
41892,-9e-05,5e-05,0.0001,0.0002,-0.00022,-6e-05,-0.00042,-0.00011,0
41893,-9e-05,5e-05,0.0001,0.0002,-0.00022,-6e-05,-0.00042,-0.00011,0
41894,-9e-05,5e-05,0.0001,0.0002,-0.00022,-6e-05,-0.00042,-0.00011,0
41895,-9e-05,5e-05,0.0001,0.0002,-0.00022,-6e-05,-0.00042,-0.00011,0
41896,-9e-05,5e-05,0.0001,0.0002,-0.00022,-6e-05,-0.00042,-0.00011,0
41897,2e-05,0.0,4e-05,1e-05,-0.00032,-7e-05,-4e-05,-1e-05,0
41898,2e-05,0.0,4e-05,1e-05,-0.00032,-7e-05,-4e-05,-1e-05,0
41899,2e-05,0.0,4e-05,1e-05,-0.00032,-7e-05,-4e-05,-1e-05,0
41900,2e-05,0.0,4e-05,1e-05,-0.00032,-7e-05,-4e-05,-1e-05,0
41901,2e-05,0.0,4e-05,1e-05,-0.00032,-7e-05,-4e-05,-1e-05,0
41902,2e-05,0.0,4e-05,1e-05,-0.00032,-7e-05,-4e-05,-1e-05,0
41904,2e-05,0.0,4e-05,1e-05,-0.00032,-7e-05,-4e-05,-1e-05,0
41905,2e-05,0.0,4e-05,1e-05,-0.00032,-7e-05,-4e-05,-1e-05,0
41906,-0.00051,-6e-05,-0.00011,-0.00014,-0.00064,-0.00028,-8e-05,-0.00011,0
41907,-0.00051,-6e-05,-0.00011,-0.00014,-0.00064,-0.00028,-8e-05,-0.00011,0
41908,-0.00051,-6e-05,-0.00011,-0.00014,-0.00064,-0.00028,-8e-05,-0.00011,0
41909,-0.00051,-6e-05,-0.00011,-0.00014,-0.00064,-0.00028,-8e-05,-0.00011,0
41910,-0.00051,-6e-05,-0.00011,-0.00014,-0.00064,-0.00028,-8e-05,-0.00011,0
41911,-0.00051,-6e-05,-0.00011,-0.00014,-0.00064,-0.00028,-8e-05,-0.00011,0
41912,-0.00051,-6e-05,-0.00011,-0.00014,-0.00064,-0.00028,-8e-05,-0.00011,0
41913,-0.00051,-6e-05,-0.00011,-0.00014,-0.00064,-0.00028,-8e-05,-0.00011,0
41914,-0.00051,-6e-05,-0.00011,-0.00014,-0.00064,-0.00028,-8e-05,-0.00011,0
41915,-0.00051,-6e-05,-0.00011,-0.00014,-0.00064,-0.00028,-8e-05,-0.00011,0
41916,-0.00051,-6e-05,-0.00011,-0.00014,-0.00064,-0.00028,-8e-05,-0.00011,0
41917,-0.00051,-6e-05,-0.00011,-0.00014,-0.00064,-0.00028,-8e-05,-0.00011,0
41918,-0.00051,-6e-05,-0.00011,-0.00014,-0.00064,-0.00028,-8e-05,-0.00011,0
41919,-0.00051,-6e-05,-0.00011,-0.00014,-0.00064,-0.00028,-8e-05,-0.00011,0
41920,-0.00051,-6e-05,-0.00011,-0.00014,-0.00064,-0.00028,-8e-05,-0.00011,0
41921,1e-05,-1e-05,2e-05,0.0,-0.00017,-0.0001,-0.00016,-8e-05,0
41922,0.0,0.0,-1e-05,-1e-05,-0.00021,-8e-05,0.00011,1e-05,0
41923,0.00018,0.0,-6e-05,5e-05,0.00031,6e-05,1e-05,-4e-05,0
41924,0.00018,0.0,-6e-05,5e-05,0.00031,6e-05,1e-05,-4e-05,0
41925,0.00018,0.0,-6e-05,5e-05,0.00031,6e-05,1e-05,-4e-05,0
41926,0.00018,0.0,-6e-05,5e-05,0.00031,6e-05,1e-05,-4e-05,0
41927,0.00018,0.0,-6e-05,5e-05,0.00031,6e-05,1e-05,-4e-05,0
41928,0.00018,0.0,-6e-05,5e-05,0.00031,6e-05,1e-05,-4e-05,0
41929,0.00018,0.0,-6e-05,5e-05,0.00031,6e-05,1e-05,-4e-05,0
41930,0.00018,0.0,-6e-05,5e-05,0.00031,6e-05,1e-05,-4e-05,0
41931,0.00018,0.0,-6e-05,5e-05,0.00031,6e-05,1e-05,-4e-05,0
41932,0.00018,0.0,-6e-05,5e-05,0.00031,6e-05,1e-05,-4e-05,0
41933,0.00018,0.0,-6e-05,5e-05,0.00031,6e-05,1e-05,-4e-05,0
41934,0.00018,0.0,-6e-05,5e-05,0.00031,6e-05,1e-05,-4e-05,0
41935,0.00018,0.0,-6e-05,5e-05,0.00031,6e-05,1e-05,-4e-05,0
41936,0.00018,0.0,-6e-05,5e-05,0.00031,6e-05,1e-05,-4e-05,0
41938,0.00018,0.0,-6e-05,5e-05,0.00031,6e-05,1e-05,-4e-05,0
41939,0.00018,0.0,-6e-05,5e-05,0.00031,6e-05,1e-05,-4e-05,0
41940,0.00018,0.0,-6e-05,5e-05,0.00031,6e-05,1e-05,-4e-05,0
41941,0.00018,0.0,-6e-05,5e-05,0.00031,6e-05,1e-05,-4e-05,0
41942,0.00018,0.0,-6e-05,5e-05,0.00031,6e-05,1e-05,-4e-05,0
41943,-4e-05,-1e-05,9e-05,-1e-05,-0.00026,-7e-05,-0.0003,-6e-05,0
41944,-7e-05,0.0,0.0,-2e-05,5e-05,-6e-05,-0.0001,-3e-05,0
41945,0.00016,0.0,2e-05,9e-05,0.00012,-7e-05,-1e-05,4e-05,0
41946,0.00016,0.0,2e-05,9e-05,0.00012,-7e-05,-1e-05,4e-05,0
41947,0.00016,0.0,2e-05,9e-05,0.00012,-7e-05,-1e-05,4e-05,0
41948,0.00016,0.0,2e-05,9e-05,0.00012,-7e-05,-1e-05,4e-05,0
41949,0.00016,0.0,2e-05,9e-05,0.00012,-7e-05,-1e-05,4e-05,0
41950,0.00016,0.0,2e-05,9e-05,0.00012,-7e-05,-1e-05,4e-05,0
41951,0.00016,0.0,2e-05,9e-05,0.00012,-7e-05,-1e-05,4e-05,0
41952,0.00016,0.0,2e-05,9e-05,0.00012,-7e-05,-1e-05,4e-05,0
41954,0.00016,0.0,2e-05,9e-05,0.00012,-7e-05,-1e-05,4e-05,0
41955,0.00016,0.0,2e-05,9e-05,0.00012,-7e-05,-1e-05,4e-05,0
41956,0.00016,0.0,2e-05,9e-05,0.00012,-7e-05,-1e-05,4e-05,0
41957,3e-05,2e-05,-4e-05,-2e-05,3e-05,0.00018,-0.00021,8e-05,0
41958,3e-05,2e-05,-4e-05,-2e-05,3e-05,0.00018,-0.00021,8e-05,0
41959,3e-05,2e-05,-4e-05,-2e-05,3e-05,0.00018,-0.00021,8e-05,0
41960,3e-05,2e-05,-4e-05,-2e-05,3e-05,0.00018,-0.00021,8e-05,0
41961,3e-05,2e-05,-4e-05,-2e-05,3e-05,0.00018,-0.00021,8e-05,0
41962,3e-05,2e-05,-4e-05,-2e-05,3e-05,0.00018,-0.00021,8e-05,0
41963,3e-05,2e-05,-4e-05,-2e-05,3e-05,0.00018,-0.00021,8e-05,0
41964,3e-05,2e-05,-4e-05,-2e-05,3e-05,0.00018,-0.00021,8e-05,0
41965,3e-05,2e-05,-4e-05,-2e-05,3e-05,0.00018,-0.00021,8e-05,0
41966,4e-05,2e-05,7e-05,0.00021,0.00021,0.00025,-5e-05,5e-05,0
41967,4e-05,2e-05,7e-05,0.00021,0.00021,0.00025,-5e-05,5e-05,0
41968,4e-05,2e-05,7e-05,0.00021,0.00021,0.00025,-5e-05,5e-05,0
41969,4e-05,2e-05,7e-05,0.00021,0.00021,0.00025,-5e-05,5e-05,0
41970,4e-05,2e-05,7e-05,0.00021,0.00021,0.00025,-5e-05,5e-05,0
41971,4e-05,2e-05,7e-05,0.00021,0.00021,0.00025,-5e-05,5e-05,0
41972,4e-05,2e-05,7e-05,0.00021,0.00021,0.00025,-5e-05,5e-05,0
41973,4e-05,2e-05,7e-05,0.00021,0.00021,0.00025,-5e-05,5e-05,0
41974,4e-05,2e-05,7e-05,0.00021,0.00021,0.00025,-5e-05,5e-05,0
41975,4e-05,2e-05,7e-05,0.00021,0.00021,0.00025,-5e-05,5e-05,0
41976,4e-05,2e-05,7e-05,0.00021,0.00021,0.00025,-5e-05,5e-05,0
41977,4e-05,2e-05,7e-05,0.00021,0.00021,0.00025,-5e-05,5e-05,0
41978,4e-05,2e-05,7e-05,0.00021,0.00021,0.00025,-5e-05,5e-05,0
41979,4e-05,2e-05,7e-05,0.00021,0.00021,0.00025,-5e-05,5e-05,0
41980,4e-05,2e-05,7e-05,0.00021,0.00021,0.00025,-5e-05,5e-05,0
41981,-5e-05,2e-05,5e-05,0.00013,-0.00011,-6e-05,-1e-05,-3e-05,0
41982,7e-05,3e-05,3e-05,-7e-05,-1e-05,0.0003,-0.00015,5e-05,0
41983,-5e-05,-2e-05,-7e-05,-7e-05,-0.00021,-0.00031,0.00011,-5e-05,0
41984,-5e-05,-2e-05,-7e-05,-7e-05,-0.00021,-0.00031,0.00011,-5e-05,0
41985,-5e-05,-2e-05,-7e-05,-7e-05,-0.00021,-0.00031,0.00011,-5e-05,0
41986,-5e-05,-2e-05,-7e-05,-7e-05,-0.00021,-0.00031,0.00011,-5e-05,0
41988,-5e-05,-2e-05,-7e-05,-7e-05,-0.00021,-0.00031,0.00011,-5e-05,0
41989,-5e-05,-2e-05,-7e-05,-7e-05,-0.00021,-0.00031,0.00011,-5e-05,0
41990,-5e-05,-2e-05,-7e-05,-7e-05,-0.00021,-0.00031,0.00011,-5e-05,0
41991,-5e-05,-2e-05,-7e-05,-7e-05,-0.00021,-0.00031,0.00011,-5e-05,0
41992,-5e-05,-2e-05,-7e-05,-7e-05,-0.00021,-0.00031,0.00011,-5e-05,0
41993,-5e-05,-2e-05,-7e-05,-7e-05,-0.00021,-0.00031,0.00011,-5e-05,0
41994,-5e-05,-2e-05,-7e-05,-7e-05,-0.00021,-0.00031,0.00011,-5e-05,0
41995,-5e-05,-2e-05,-7e-05,-7e-05,-0.00021,-0.00031,0.00011,-5e-05,0
41996,-5e-05,-2e-05,-7e-05,-7e-05,-0.00021,-0.00031,0.00011,-5e-05,0
41997,-5e-05,-2e-05,-7e-05,-7e-05,-0.00021,-0.00031,0.00011,-5e-05,0
41998,-5e-05,-2e-05,-7e-05,-7e-05,-0.00021,-0.00031,0.00011,-5e-05,0
41999,-5e-05,-2e-05,-7e-05,-7e-05,-0.00021,-0.00031,0.00011,-5e-05,0
42000,-5e-05,-2e-05,-7e-05,-7e-05,-0.00021,-0.00031,0.00011,-5e-05,0
42001,-5e-05,-2e-05,-7e-05,-7e-05,-0.00021,-0.00031,0.00011,-5e-05,0
42002,-5e-05,-2e-05,-7e-05,-7e-05,-0.00021,-0.00031,0.00011,-5e-05,0
42004,-1e-05,-2e-05,-6e-05,-4e-05,2e-05,0.00056,3e-05,2e-05,0
42005,6e-05,0.0,-3e-05,-0.00011,-0.00023,0.00011,-6e-05,5e-05,0
42006,6e-05,0.0,-3e-05,-0.00011,-0.00023,0.00011,-6e-05,5e-05,0
42007,6e-05,0.0,-3e-05,-0.00011,-0.00023,0.00011,-6e-05,5e-05,0
42008,6e-05,0.0,-3e-05,-0.00011,-0.00023,0.00011,-6e-05,5e-05,0
42009,6e-05,0.0,-3e-05,-0.00011,-0.00023,0.00011,-6e-05,5e-05,0
42010,6e-05,0.0,-3e-05,-0.00011,-0.00023,0.00011,-6e-05,5e-05,0
42011,6e-05,0.0,-3e-05,-0.00011,-0.00023,0.00011,-6e-05,5e-05,0
42012,6e-05,0.0,-3e-05,-0.00011,-0.00023,0.00011,-6e-05,5e-05,0
42013,6e-05,0.0,-3e-05,-0.00011,-0.00023,0.00011,-6e-05,5e-05,0
42014,6e-05,0.0,-3e-05,-0.00011,-0.00023,0.00011,-6e-05,5e-05,0
42015,6e-05,0.0,-3e-05,-0.00011,-0.00023,0.00011,-6e-05,5e-05,0
42016,6e-05,0.0,-3e-05,-0.00011,-0.00023,0.00011,-6e-05,5e-05,0
42017,3e-05,-5e-05,-8e-05,-0.00011,0.0001,-6e-05,8e-05,-2e-05,0
42018,3e-05,-5e-05,-8e-05,-0.00011,0.0001,-6e-05,8e-05,-2e-05,0
42019,3e-05,-5e-05,-8e-05,-0.00011,0.0001,-6e-05,8e-05,-2e-05,0
42020,3e-05,-5e-05,-8e-05,-0.00011,0.0001,-6e-05,8e-05,-2e-05,0
42021,3e-05,-5e-05,-8e-05,-0.00011,0.0001,-6e-05,8e-05,-2e-05,0
42022,3e-05,-5e-05,-8e-05,-0.00011,0.0001,-6e-05,8e-05,-2e-05,0
42023,3e-05,-5e-05,-8e-05,-0.00011,0.0001,-6e-05,8e-05,-2e-05,0
42024,3e-05,-5e-05,-8e-05,-0.00011,0.0001,-6e-05,8e-05,-2e-05,0
42025,3e-05,-5e-05,-8e-05,-0.00011,0.0001,-6e-05,8e-05,-2e-05,0
42026,3e-05,2e-05,3e-05,0.00021,0.00111,0.00034,4e-05,3e-05,0
42027,3e-05,2e-05,3e-05,0.00021,0.00111,0.00034,4e-05,3e-05,0
42028,3e-05,2e-05,3e-05,0.00021,0.00111,0.00034,4e-05,3e-05,0
42029,3e-05,2e-05,3e-05,0.00021,0.00111,0.00034,4e-05,3e-05,0
42030,3e-05,2e-05,3e-05,0.00021,0.00111,0.00034,4e-05,3e-05,0
42031,3e-05,2e-05,3e-05,0.00021,0.00111,0.00034,4e-05,3e-05,0
42032,3e-05,2e-05,3e-05,0.00021,0.00111,0.00034,4e-05,3e-05,0
42033,3e-05,2e-05,3e-05,0.00021,0.00111,0.00034,4e-05,3e-05,0
42034,3e-05,2e-05,3e-05,0.00021,0.00111,0.00034,4e-05,3e-05,0
42035,3e-05,2e-05,3e-05,0.00021,0.00111,0.00034,4e-05,3e-05,0
42036,3e-05,2e-05,3e-05,0.00021,0.00111,0.00034,4e-05,3e-05,0
42038,3e-05,2e-05,3e-05,0.00021,0.00111,0.00034,4e-05,3e-05,0
42039,3e-05,2e-05,3e-05,0.00021,0.00111,0.00034,4e-05,3e-05,0
42040,3e-05,0.0,4e-05,7e-05,0.00012,-0.00043,-2e-05,0.0,0
42041,3e-05,0.0,4e-05,7e-05,0.00012,-0.00043,-2e-05,0.0,0
42042,3e-05,0.0,4e-05,7e-05,0.00012,-0.00043,-2e-05,0.0,0
42043,3e-05,0.0,4e-05,7e-05,0.00012,-0.00043,-2e-05,0.0,0
42044,3e-05,0.0,4e-05,7e-05,0.00012,-0.00043,-2e-05,0.0,0
42045,3e-05,0.0,4e-05,7e-05,0.00012,-0.00043,-2e-05,0.0,0
42046,3e-05,0.0,4e-05,7e-05,0.00012,-0.00043,-2e-05,0.0,0
42047,2e-05,-3e-05,-4e-05,-7e-05,-0.00014,0.0001,0.00032,7e-05,0
42048,2e-05,-3e-05,-4e-05,-7e-05,-0.00014,0.0001,0.00032,7e-05,0
42049,2e-05,-3e-05,-4e-05,-7e-05,-0.00014,0.0001,0.00032,7e-05,0
42050,2e-05,-3e-05,-4e-05,-7e-05,-0.00014,0.0001,0.00032,7e-05,0
42051,2e-05,-3e-05,-4e-05,-7e-05,-0.00014,0.0001,0.00032,7e-05,0
42052,2e-05,-3e-05,-4e-05,-7e-05,-0.00014,0.0001,0.00032,7e-05,0
42054,2e-05,-3e-05,-4e-05,-7e-05,-0.00014,0.0001,0.00032,7e-05,0
42055,2e-05,-3e-05,-4e-05,-7e-05,-0.00014,0.0001,0.00032,7e-05,0
42056,2e-05,-3e-05,-4e-05,-7e-05,-0.00014,0.0001,0.00032,7e-05,0
42057,2e-05,-3e-05,-4e-05,-7e-05,-0.00014,0.0001,0.00032,7e-05,0
42058,2e-05,-3e-05,-4e-05,-7e-05,-0.00014,0.0001,0.00032,7e-05,0
42059,2e-05,-3e-05,-4e-05,-7e-05,-0.00014,0.0001,0.00032,7e-05,0
42060,2e-05,-3e-05,-4e-05,-7e-05,-0.00014,0.0001,0.00032,7e-05,0
42061,2e-05,-3e-05,-4e-05,-7e-05,-0.00014,0.0001,0.00032,7e-05,0
42062,2e-05,-3e-05,-4e-05,-7e-05,-0.00014,0.0001,0.00032,7e-05,0
42063,-0.00019,-1e-05,-1e-05,-2e-05,6e-05,-0.00027,-0.00013,-7e-05,0
42064,0.0,2e-05,5e-05,0.0001,4e-05,-0.00023,6e-05,4e-05,0
42065,0.00019,0.0001,0.0001,0.00012,-2e-05,0.00035,-9e-05,0.00011,0
42066,0.00019,0.0001,0.0001,0.00012,-2e-05,0.00035,-9e-05,0.00011,0
42067,0.00019,0.0001,0.0001,0.00012,-2e-05,0.00035,-9e-05,0.00011,0
42068,0.00019,0.0001,0.0001,0.00012,-2e-05,0.00035,-9e-05,0.00011,0
42069,0.00019,0.0001,0.0001,0.00012,-2e-05,0.00035,-9e-05,0.00011,0
42070,0.00019,0.0001,0.0001,0.00012,-2e-05,0.00035,-9e-05,0.00011,0
42071,0.00019,0.0001,0.0001,0.00012,-2e-05,0.00035,-9e-05,0.00011,0
42072,0.00019,0.0001,0.0001,0.00012,-2e-05,0.00035,-9e-05,0.00011,0
42073,0.00019,0.0001,0.0001,0.00012,-2e-05,0.00035,-9e-05,0.00011,0
42074,0.00019,0.0001,0.0001,0.00012,-2e-05,0.00035,-9e-05,0.00011,0
42075,0.00019,0.0001,0.0001,0.00012,-2e-05,0.00035,-9e-05,0.00011,0
42076,0.00019,0.0001,0.0001,0.00012,-2e-05,0.00035,-9e-05,0.00011,0
42077,-0.00019,-4e-05,-4e-05,-0.0001,-0.0002,0.0001,0.00014,-0.0001,0
42078,-0.00019,-4e-05,-4e-05,-0.0001,-0.0002,0.0001,0.00014,-0.0001,0
42079,-0.00019,-4e-05,-4e-05,-0.0001,-0.0002,0.0001,0.00014,-0.0001,0
42080,-0.00019,-4e-05,-4e-05,-0.0001,-0.0002,0.0001,0.00014,-0.0001,0
42081,-0.00019,-4e-05,-4e-05,-0.0001,-0.0002,0.0001,0.00014,-0.0001,0
42082,-0.00019,-4e-05,-4e-05,-0.0001,-0.0002,0.0001,0.00014,-0.0001,0
42083,-0.00019,-4e-05,-4e-05,-0.0001,-0.0002,0.0001,0.00014,-0.0001,0
42084,-0.00019,-4e-05,-4e-05,-0.0001,-0.0002,0.0001,0.00014,-0.0001,0
42085,-0.00019,-4e-05,-4e-05,-0.0001,-0.0002,0.0001,0.00014,-0.0001,0
42086,0.00014,-4e-05,-3e-05,3e-05,1e-05,-0.00016,-4e-05,4e-05,0
42088,0.00014,-4e-05,-3e-05,3e-05,1e-05,-0.00016,-4e-05,4e-05,0
42089,0.00014,-4e-05,-3e-05,3e-05,1e-05,-0.00016,-4e-05,4e-05,0
42090,0.00014,-4e-05,-3e-05,3e-05,1e-05,-0.00016,-4e-05,4e-05,0
42091,0.00014,-4e-05,-3e-05,3e-05,1e-05,-0.00016,-4e-05,4e-05,0
42092,0.00014,-4e-05,-3e-05,3e-05,1e-05,-0.00016,-4e-05,4e-05,0
42093,0.00014,-4e-05,-3e-05,3e-05,1e-05,-0.00016,-4e-05,4e-05,0
42094,0.00014,-4e-05,-3e-05,3e-05,1e-05,-0.00016,-4e-05,4e-05,0
42095,0.00014,-4e-05,-3e-05,3e-05,1e-05,-0.00016,-4e-05,4e-05,0
42096,0.00014,-4e-05,-3e-05,3e-05,1e-05,-0.00016,-4e-05,4e-05,0
42097,0.00014,-4e-05,-3e-05,3e-05,1e-05,-0.00016,-4e-05,4e-05,0
42098,0.00014,-4e-05,-3e-05,3e-05,1e-05,-0.00016,-4e-05,4e-05,0
42099,0.00014,-4e-05,-3e-05,3e-05,1e-05,-0.00016,-4e-05,4e-05,0
42100,0.00014,-4e-05,-3e-05,3e-05,1e-05,-0.00016,-4e-05,4e-05,0
42101,-8e-05,0.0,1e-05,-2e-05,0.00032,-1e-05,0.0001,-1e-05,0
42103,-2e-05,-4e-05,-6e-05,-4e-05,3e-05,-5e-05,7e-05,-1e-05,0
42104,-7e-05,-3e-05,-7e-05,-0.00012,-0.00028,-0.0001,-0.00016,-9e-05,0
42105,-7e-05,-3e-05,-7e-05,-0.00012,-0.00028,-0.0001,-0.00016,-9e-05,0
42106,-7e-05,-3e-05,-7e-05,-0.00012,-0.00028,-0.0001,-0.00016,-9e-05,0
42107,-7e-05,-3e-05,-7e-05,-0.00012,-0.00028,-0.0001,-0.00016,-9e-05,0
42108,-7e-05,-3e-05,-7e-05,-0.00012,-0.00028,-0.0001,-0.00016,-9e-05,0
42109,-7e-05,-3e-05,-7e-05,-0.00012,-0.00028,-0.0001,-0.00016,-9e-05,0
42110,-7e-05,-3e-05,-7e-05,-0.00012,-0.00028,-0.0001,-0.00016,-9e-05,0
42111,-7e-05,-3e-05,-7e-05,-0.00012,-0.00028,-0.0001,-0.00016,-9e-05,0
42112,-7e-05,-3e-05,-7e-05,-0.00012,-0.00028,-0.0001,-0.00016,-9e-05,0
42113,-7e-05,-3e-05,-7e-05,-0.00012,-0.00028,-0.0001,-0.00016,-9e-05,0
42114,-7e-05,-3e-05,-7e-05,-0.00012,-0.00028,-0.0001,-0.00016,-9e-05,0
42115,-7e-05,-3e-05,-7e-05,-0.00012,-0.00028,-0.0001,-0.00016,-9e-05,0
42116,-7e-05,-3e-05,-7e-05,-0.00012,-0.00028,-0.0001,-0.00016,-9e-05,0
42117,-7e-05,-3e-05,-7e-05,-0.00012,-0.00028,-0.0001,-0.00016,-9e-05,0
42118,-7e-05,-3e-05,-7e-05,-0.00012,-0.00028,-0.0001,-0.00016,-9e-05,0
42119,-7e-05,-3e-05,-7e-05,-0.00012,-0.00028,-0.0001,-0.00016,-9e-05,0
42120,-7e-05,-3e-05,-7e-05,-0.00012,-0.00028,-0.0001,-0.00016,-9e-05,0
42121,-7e-05,-3e-05,-7e-05,-0.00012,-0.00028,-0.0001,-0.00016,-9e-05,0
42122,-7e-05,-3e-05,-7e-05,-0.00012,-0.00028,-0.0001,-0.00016,-9e-05,0
42123,3e-05,1e-05,1e-05,0.0,-6e-05,-9e-05,1e-05,4e-05,0
42124,5e-05,-2e-05,2e-05,7e-05,0.00031,-0.00016,-7e-05,-1e-05,0
42125,0.00014,1e-05,3e-05,5e-05,7e-05,-0.00038,-0.00031,1e-05,0
42126,0.00014,1e-05,3e-05,5e-05,7e-05,-0.00038,-0.00031,1e-05,0
42127,0.00014,1e-05,3e-05,5e-05,7e-05,-0.00038,-0.00031,1e-05,0
42128,0.00014,1e-05,3e-05,5e-05,7e-05,-0.00038,-0.00031,1e-05,0
42129,0.00014,1e-05,3e-05,5e-05,7e-05,-0.00038,-0.00031,1e-05,0
42130,0.00014,1e-05,3e-05,5e-05,7e-05,-0.00038,-0.00031,1e-05,0
42131,0.00014,1e-05,3e-05,5e-05,7e-05,-0.00038,-0.00031,1e-05,0
42132,0.00014,1e-05,3e-05,5e-05,7e-05,-0.00038,-0.00031,1e-05,0
42133,0.00014,1e-05,3e-05,5e-05,7e-05,-0.00038,-0.00031,1e-05,0
42134,0.00014,1e-05,3e-05,5e-05,7e-05,-0.00038,-0.00031,1e-05,0
42135,0.00014,1e-05,3e-05,5e-05,7e-05,-0.00038,-0.00031,1e-05,0
42136,0.00014,1e-05,3e-05,5e-05,7e-05,-0.00038,-0.00031,1e-05,0
42138,4e-05,0.0,5e-05,8e-05,-1e-05,-0.00014,0.00026,3e-05,0
42139,4e-05,0.0,5e-05,8e-05,-1e-05,-0.00014,0.00026,3e-05,0
42140,4e-05,0.0,5e-05,8e-05,-1e-05,-0.00014,0.00026,3e-05,0
42141,4e-05,0.0,5e-05,8e-05,-1e-05,-0.00014,0.00026,3e-05,0
42142,4e-05,0.0,5e-05,8e-05,-1e-05,-0.00014,0.00026,3e-05,0
42143,4e-05,0.0,5e-05,8e-05,-1e-05,-0.00014,0.00026,3e-05,0
42144,4e-05,0.0,5e-05,8e-05,-1e-05,-0.00014,0.00026,3e-05,0
42145,4e-05,0.0,5e-05,8e-05,-1e-05,-0.00014,0.00026,3e-05,0
42146,-0.0001,-3e-05,-1e-05,2e-05,3e-05,0.0002,-1e-05,-8e-05,0
42147,-0.0001,-3e-05,-1e-05,2e-05,3e-05,0.0002,-1e-05,-8e-05,0
42148,-0.0001,-3e-05,-1e-05,2e-05,3e-05,0.0002,-1e-05,-8e-05,0
42149,-0.0001,-3e-05,-1e-05,2e-05,3e-05,0.0002,-1e-05,-8e-05,0
42150,-0.0001,-3e-05,-1e-05,2e-05,3e-05,0.0002,-1e-05,-8e-05,0
42151,-0.0001,-3e-05,-1e-05,2e-05,3e-05,0.0002,-1e-05,-8e-05,0
42153,-0.0001,-3e-05,-1e-05,2e-05,3e-05,0.0002,-1e-05,-8e-05,0
42154,-0.0001,-3e-05,-1e-05,2e-05,3e-05,0.0002,-1e-05,-8e-05,0
42155,-0.0001,-3e-05,-1e-05,2e-05,3e-05,0.0002,-1e-05,-8e-05,0
42156,-0.0001,-3e-05,-1e-05,2e-05,3e-05,0.0002,-1e-05,-8e-05,0
42157,-0.0001,-3e-05,-1e-05,2e-05,3e-05,0.0002,-1e-05,-8e-05,0
42158,-0.0001,-3e-05,-1e-05,2e-05,3e-05,0.0002,-1e-05,-8e-05,0
42159,-0.0001,-3e-05,-1e-05,2e-05,3e-05,0.0002,-1e-05,-8e-05,0
42160,-0.0001,-3e-05,-1e-05,2e-05,3e-05,0.0002,-1e-05,-8e-05,0
42161,2e-05,1e-05,0.0,6e-05,-2e-05,-1e-05,-0.00025,-2e-05,0
42162,-0.0002,0.0,0.0,-5e-05,0.00012,0.00016,2e-05,-7e-05,0
42163,-0.0002,0.0,0.0,-5e-05,0.00012,0.00016,2e-05,-7e-05,0
42164,-0.0002,0.0,0.0,-5e-05,0.00012,0.00016,2e-05,-7e-05,0
42165,-0.0002,0.0,0.0,-5e-05,0.00012,0.00016,2e-05,-7e-05,0
42166,-0.0002,0.0,0.0,-5e-05,0.00012,0.00016,2e-05,-7e-05,0
42168,-0.0002,0.0,0.0,-5e-05,0.00012,0.00016,2e-05,-7e-05,0
42169,-0.0002,0.0,0.0,-5e-05,0.00012,0.00016,2e-05,-7e-05,0
42170,-0.0002,0.0,0.0,-5e-05,0.00012,0.00016,2e-05,-7e-05,0
42171,-0.0002,0.0,0.0,-5e-05,0.00012,0.00016,2e-05,-7e-05,0
42172,-0.0002,0.0,0.0,-5e-05,0.00012,0.00016,2e-05,-7e-05,0
42173,-0.0002,0.0,0.0,-5e-05,0.00012,0.00016,2e-05,-7e-05,0
42174,-0.0002,0.0,0.0,-5e-05,0.00012,0.00016,2e-05,-7e-05,0
42175,-0.0002,0.0,0.0,-5e-05,0.00012,0.00016,2e-05,-7e-05,0
42176,-0.0002,0.0,0.0,-5e-05,0.00012,0.00016,2e-05,-7e-05,0
42177,-0.0002,0.0,0.0,-5e-05,0.00012,0.00016,2e-05,-7e-05,0
42178,-0.0002,0.0,0.0,-5e-05,0.00012,0.00016,2e-05,-7e-05,0
42179,-0.0002,0.0,0.0,-5e-05,0.00012,0.00016,2e-05,-7e-05,0
42180,-0.0002,0.0,0.0,-5e-05,0.00012,0.00016,2e-05,-7e-05,0
42181,-0.0002,0.0,0.0,-5e-05,0.00012,0.00016,2e-05,-7e-05,0
42182,-0.0002,0.0,0.0,-5e-05,0.00012,0.00016,2e-05,-7e-05,0
42183,9e-05,-8e-05,-0.00016,-0.00021,-0.00039,-6e-05,0.00048,2e-05,0
42184,9e-05,-8e-05,-0.00016,-0.00021,-0.00039,-6e-05,0.00048,2e-05,0
42185,6e-05,-1e-05,-4e-05,-0.00015,-0.00037,-0.00043,-0.00012,-5e-05,0
42186,4e-05,-2e-05,-3e-05,-6e-05,-2e-05,9e-05,6e-05,5e-05,0
42188,4e-05,-2e-05,-3e-05,-6e-05,-2e-05,9e-05,6e-05,5e-05,0
42189,4e-05,-2e-05,-3e-05,-6e-05,-2e-05,9e-05,6e-05,5e-05,0
42190,4e-05,-2e-05,-3e-05,-6e-05,-2e-05,9e-05,6e-05,5e-05,0
42191,4e-05,-2e-05,-3e-05,-6e-05,-2e-05,9e-05,6e-05,5e-05,0
42192,4e-05,-2e-05,-3e-05,-6e-05,-2e-05,9e-05,6e-05,5e-05,0
42193,4e-05,-2e-05,-3e-05,-6e-05,-2e-05,9e-05,6e-05,5e-05,0
42194,4e-05,-2e-05,-3e-05,-6e-05,-2e-05,9e-05,6e-05,5e-05,0
42195,4e-05,-2e-05,-3e-05,-6e-05,-2e-05,9e-05,6e-05,5e-05,0
42196,4e-05,-2e-05,-3e-05,-6e-05,-2e-05,9e-05,6e-05,5e-05,0
42197,-7e-05,-2e-05,-2e-05,-6e-05,-3e-05,-1e-05,-0.00037,-0.00015,0
42198,-7e-05,-2e-05,-2e-05,-6e-05,-3e-05,-1e-05,-0.00037,-0.00015,0
42199,-7e-05,-2e-05,-2e-05,-6e-05,-3e-05,-1e-05,-0.00037,-0.00015,0
42200,-7e-05,-2e-05,-2e-05,-6e-05,-3e-05,-1e-05,-0.00037,-0.00015,0
42201,-7e-05,-2e-05,-2e-05,-6e-05,-3e-05,-1e-05,-0.00037,-0.00015,0
42203,-7e-05,-2e-05,-2e-05,-6e-05,-3e-05,-1e-05,-0.00037,-0.00015,0
42204,-7e-05,-2e-05,-2e-05,-6e-05,-3e-05,-1e-05,-0.00037,-0.00015,0
42205,-7e-05,-2e-05,-2e-05,-6e-05,-3e-05,-1e-05,-0.00037,-0.00015,0
42206,1e-05,-6e-05,-4e-05,-8e-05,-0.00011,-0.00015,0.0001,3e-05,0
42207,1e-05,-6e-05,-4e-05,-8e-05,-0.00011,-0.00015,0.0001,3e-05,0
42208,1e-05,-6e-05,-4e-05,-8e-05,-0.00011,-0.00015,0.0001,3e-05,0
42209,1e-05,-6e-05,-4e-05,-8e-05,-0.00011,-0.00015,0.0001,3e-05,0
42210,1e-05,-6e-05,-4e-05,-8e-05,-0.00011,-0.00015,0.0001,3e-05,0
42211,1e-05,-6e-05,-4e-05,-8e-05,-0.00011,-0.00015,0.0001,3e-05,0
42212,1e-05,-6e-05,-4e-05,-8e-05,-0.00011,-0.00015,0.0001,3e-05,0
42213,1e-05,-6e-05,-4e-05,-8e-05,-0.00011,-0.00015,0.0001,3e-05,0
42214,1e-05,-6e-05,-4e-05,-8e-05,-0.00011,-0.00015,0.0001,3e-05,0
42215,1e-05,-6e-05,-4e-05,-8e-05,-0.00011,-0.00015,0.0001,3e-05,0
42216,1e-05,-6e-05,-4e-05,-8e-05,-0.00011,-0.00015,0.0001,3e-05,0
42217,1e-05,-6e-05,-4e-05,-8e-05,-0.00011,-0.00015,0.0001,3e-05,0
42218,1e-05,-6e-05,-4e-05,-8e-05,-0.00011,-0.00015,0.0001,3e-05,0
42219,1e-05,-6e-05,-4e-05,-8e-05,-0.00011,-0.00015,0.0001,3e-05,0
42220,1e-05,-6e-05,-4e-05,-8e-05,-0.00011,-0.00015,0.0001,3e-05,0
42221,9e-05,2e-05,7e-05,0.00022,0.00046,0.00019,0.00011,1e-05,0
42222,-4e-05,-3e-05,-8e-05,-0.00023,-0.00034,9e-05,9e-05,1e-05,0
42223,5e-05,1e-05,0.0,7e-05,0.00014,-4e-05,-6e-05,5e-05,0
42224,5e-05,1e-05,0.0,7e-05,0.00014,-4e-05,-6e-05,5e-05,0
42225,5e-05,1e-05,0.0,7e-05,0.00014,-4e-05,-6e-05,5e-05,0
42226,5e-05,1e-05,0.0,7e-05,0.00014,-4e-05,-6e-05,5e-05,0
42227,5e-05,1e-05,0.0,7e-05,0.00014,-4e-05,-6e-05,5e-05,0
42228,5e-05,1e-05,0.0,7e-05,0.00014,-4e-05,-6e-05,5e-05,0
42229,5e-05,1e-05,0.0,7e-05,0.00014,-4e-05,-6e-05,5e-05,0
42230,5e-05,1e-05,0.0,7e-05,0.00014,-4e-05,-6e-05,5e-05,0
42231,5e-05,1e-05,0.0,7e-05,0.00014,-4e-05,-6e-05,5e-05,0
42232,5e-05,1e-05,0.0,7e-05,0.00014,-4e-05,-6e-05,5e-05,0
42233,5e-05,1e-05,0.0,7e-05,0.00014,-4e-05,-6e-05,5e-05,0
42234,5e-05,1e-05,0.0,7e-05,0.00014,-4e-05,-6e-05,5e-05,0
42235,5e-05,1e-05,0.0,7e-05,0.00014,-4e-05,-6e-05,5e-05,0
42236,5e-05,1e-05,0.0,7e-05,0.00014,-4e-05,-6e-05,5e-05,0
42239,5e-05,1e-05,0.0,7e-05,0.00014,-4e-05,-6e-05,5e-05,0
42240,5e-05,1e-05,0.0,7e-05,0.00014,-4e-05,-6e-05,5e-05,0
42241,5e-05,1e-05,0.0,7e-05,0.00014,-4e-05,-6e-05,5e-05,0
42242,5e-05,1e-05,0.0,7e-05,0.00014,-4e-05,-6e-05,5e-05,0
42243,-0.00014,0.0,1e-05,9e-05,0.0004,0.00038,1e-05,3e-05,0
42244,1e-05,4e-05,5e-05,-5e-05,-0.00032,0.00023,0.00016,6e-05,0
42245,9e-05,3e-05,-3e-05,-2e-05,-0.00024,-0.00022,-0.00012,-0.0001,0
42246,9e-05,3e-05,-3e-05,-2e-05,-0.00024,-0.00022,-0.00012,-0.0001,0
42247,9e-05,3e-05,-3e-05,-2e-05,-0.00024,-0.00022,-0.00012,-0.0001,0
42248,9e-05,3e-05,-3e-05,-2e-05,-0.00024,-0.00022,-0.00012,-0.0001,0
42249,9e-05,3e-05,-3e-05,-2e-05,-0.00024,-0.00022,-0.00012,-0.0001,0
42250,9e-05,3e-05,-3e-05,-2e-05,-0.00024,-0.00022,-0.00012,-0.0001,0
42251,9e-05,3e-05,-3e-05,-2e-05,-0.00024,-0.00022,-0.00012,-0.0001,0
42252,9e-05,3e-05,-3e-05,-2e-05,-0.00024,-0.00022,-0.00012,-0.0001,0
42254,9e-05,3e-05,-3e-05,-2e-05,-0.00024,-0.00022,-0.00012,-0.0001,0
42255,9e-05,3e-05,-3e-05,-2e-05,-0.00024,-0.00022,-0.00012,-0.0001,0
42256,9e-05,3e-05,-3e-05,-2e-05,-0.00024,-0.00022,-0.00012,-0.0001,0
42257,7e-05,1e-05,4e-05,6e-05,3e-05,-0.00018,6e-05,7e-05,0
42258,7e-05,1e-05,4e-05,6e-05,3e-05,-0.00018,6e-05,7e-05,0
42259,7e-05,1e-05,4e-05,6e-05,3e-05,-0.00018,6e-05,7e-05,0
42260,7e-05,1e-05,4e-05,6e-05,3e-05,-0.00018,6e-05,7e-05,0
42262,7e-05,1e-05,4e-05,6e-05,3e-05,-0.00018,6e-05,7e-05,3
42263,7e-05,1e-05,4e-05,6e-05,3e-05,-0.00018,6e-05,7e-05,3
42264,7e-05,1e-05,4e-05,6e-05,3e-05,-0.00018,6e-05,7e-05,3
42265,7e-05,1e-05,4e-05,6e-05,3e-05,-0.00018,6e-05,7e-05,3
42266,-0.0001,-8e-05,-9e-05,-0.00011,-0.00019,-0.00016,0.00015,3e-05,3
42267,-0.0001,-8e-05,-9e-05,-0.00011,-0.00019,-0.00016,0.00015,3e-05,3
42268,-0.0001,-8e-05,-9e-05,-0.00011,-0.00019,-0.00016,0.00015,3e-05,3
42269,-0.0001,-8e-05,-9e-05,-0.00011,-0.00019,-0.00016,0.00015,3e-05,3
42270,-0.0001,-8e-05,-9e-05,-0.00011,-0.00019,-0.00016,0.00015,3e-05,3
42271,-0.0001,-8e-05,-9e-05,-0.00011,-0.00019,-0.00016,0.00015,3e-05,3
42272,-0.0001,-8e-05,-9e-05,-0.00011,-0.00019,-0.00016,0.00015,3e-05,3
42273,-0.0001,-8e-05,-9e-05,-0.00011,-0.00019,-0.00016,0.00015,3e-05,3
42274,-0.0001,-8e-05,-9e-05,-0.00011,-0.00019,-0.00016,0.00015,3e-05,3
42275,-0.0001,-8e-05,-9e-05,-0.00011,-0.00019,-0.00016,0.00015,3e-05,3
42276,-0.0001,-8e-05,-9e-05,-0.00011,-0.00019,-0.00016,0.00015,3e-05,3
42277,-0.0001,-8e-05,-9e-05,-0.00011,-0.00019,-0.00016,0.00015,3e-05,3
42278,-0.0001,-8e-05,-9e-05,-0.00011,-0.00019,-0.00016,0.00015,3e-05,3
42279,-0.0001,-8e-05,-9e-05,-0.00011,-0.00019,-0.00016,0.00015,3e-05,3
42280,-0.0001,-8e-05,-9e-05,-0.00011,-0.00019,-0.00016,0.00015,3e-05,3
42281,-5e-05,-2e-05,-5e-05,-0.00014,-0.00021,8e-05,-0.00022,-6e-05,3
42282,-0.00013,-5e-05,-7e-05,-5e-05,-0.00022,-0.0002,0.00013,-5e-05,3
42283,9e-05,4e-05,5e-05,9e-05,0.00014,-0.00015,-1e-05,3e-05,3
42284,9e-05,4e-05,5e-05,9e-05,0.00014,-0.00015,-1e-05,3e-05,3
42285,9e-05,4e-05,5e-05,9e-05,0.00014,-0.00015,-1e-05,3e-05,3
42287,9e-05,4e-05,5e-05,9e-05,0.00014,-0.00015,-1e-05,3e-05,3
42289,9e-05,4e-05,5e-05,9e-05,0.00014,-0.00015,-1e-05,3e-05,3
42290,9e-05,4e-05,5e-05,9e-05,0.00014,-0.00015,-1e-05,3e-05,3
42291,9e-05,4e-05,5e-05,9e-05,0.00014,-0.00015,-1e-05,3e-05,3
42292,9e-05,4e-05,5e-05,9e-05,0.00014,-0.00015,-1e-05,3e-05,3
42293,9e-05,4e-05,5e-05,9e-05,0.00014,-0.00015,-1e-05,3e-05,3
42294,9e-05,4e-05,5e-05,9e-05,0.00014,-0.00015,-1e-05,3e-05,3
42295,9e-05,4e-05,5e-05,9e-05,0.00014,-0.00015,-1e-05,3e-05,3
42296,9e-05,4e-05,5e-05,9e-05,0.00014,-0.00015,-1e-05,3e-05,3
42297,9e-05,4e-05,5e-05,9e-05,0.00014,-0.00015,-1e-05,3e-05,3
42298,9e-05,4e-05,5e-05,9e-05,0.00014,-0.00015,-1e-05,3e-05,3
42299,9e-05,4e-05,5e-05,9e-05,0.00014,-0.00015,-1e-05,3e-05,3
42300,9e-05,4e-05,5e-05,9e-05,0.00014,-0.00015,-1e-05,3e-05,3
42301,9e-05,4e-05,5e-05,9e-05,0.00014,-0.00015,-1e-05,3e-05,3
42302,9e-05,4e-05,5e-05,9e-05,0.00014,-0.00015,-1e-05,3e-05,3
42304,-0.00014,-4e-05,-7e-05,-0.00011,-9e-05,-5e-05,0.0001,1e-05,3
42305,-8e-05,0.0,1e-05,0.00013,0.00025,0.00014,-0.00035,-0.00011,3
42306,-8e-05,0.0,1e-05,0.00013,0.00025,0.00014,-0.00035,-0.00011,3
42307,-8e-05,0.0,1e-05,0.00013,0.00025,0.00014,-0.00035,-0.00011,3
42308,-8e-05,0.0,1e-05,0.00013,0.00025,0.00014,-0.00035,-0.00011,3
42309,-8e-05,0.0,1e-05,0.00013,0.00025,0.00014,-0.00035,-0.00011,3
42310,-8e-05,0.0,1e-05,0.00013,0.00025,0.00014,-0.00035,-0.00011,3
42311,-8e-05,0.0,1e-05,0.00013,0.00025,0.00014,-0.00035,-0.00011,3
42312,-8e-05,0.0,1e-05,0.00013,0.00025,0.00014,-0.00035,-0.00011,3
42313,-8e-05,0.0,1e-05,0.00013,0.00025,0.00014,-0.00035,-0.00011,3
42314,-8e-05,0.0,1e-05,0.00013,0.00025,0.00014,-0.00035,-0.00011,3
42315,-8e-05,0.0,1e-05,0.00013,0.00025,0.00014,-0.00035,-0.00011,3
42316,-8e-05,0.0,1e-05,0.00013,0.00025,0.00014,-0.00035,-0.00011,3
42317,-8e-05,0.0,1e-05,0.00013,0.00025,0.00014,-0.00035,-0.00011,3
42318,-8e-05,0.0,1e-05,0.00013,0.00025,0.00014,-0.00035,-0.00011,3
42319,-8e-05,0.0,1e-05,0.00013,0.00025,0.00014,-0.00035,-0.00011,3
42320,-8e-05,0.0,1e-05,0.00013,0.00025,0.00014,-0.00035,-0.00011,3
42321,-8e-05,0.0,1e-05,0.00013,0.00025,0.00014,-0.00035,-0.00011,3
42322,-8e-05,0.0,1e-05,0.00013,0.00025,0.00014,-0.00035,-0.00011,3
42323,-8e-05,0.0,1e-05,0.00013,0.00025,0.00014,-0.00035,-0.00011,3
42324,-8e-05,0.0,1e-05,0.00013,0.00025,0.00014,-0.00035,-0.00011,3
42325,-8e-05,0.0,1e-05,0.00013,0.00025,0.00014,-0.00035,-0.00011,3
42326,-8e-05,0.0,1e-05,0.00013,0.00025,0.00014,-0.00035,-0.00011,3
42327,-8e-05,0.0,1e-05,0.00013,0.00025,0.00014,-0.00035,-0.00011,3
42328,-8e-05,0.0,1e-05,0.00013,0.00025,0.00014,-0.00035,-0.00011,3
42329,-8e-05,0.0,1e-05,0.00013,0.00025,0.00014,-0.00035,-0.00011,3
42330,-8e-05,0.0,1e-05,0.00013,0.00025,0.00014,-0.00035,-0.00011,3
42331,-8e-05,0.0,1e-05,0.00013,0.00025,0.00014,-0.00035,-0.00011,3
42332,-8e-05,0.0,1e-05,0.00013,0.00025,0.00014,-0.00035,-0.00011,3
42333,-0.00011,3e-05,2e-05,-7e-05,-0.00031,-0.00015,0.00065,1e-05,3
42334,1e-05,-3e-05,-1e-05,0.00012,0.00042,0.0002,-0.00015,-4e-05,3
42335,1e-05,-4e-05,-2e-05,-6e-05,-0.00016,-0.00035,-0.00023,-6e-05,3
42337,1e-05,-4e-05,-2e-05,-6e-05,-0.00016,-0.00035,-0.00023,-6e-05,3
42339,1e-05,-4e-05,-2e-05,-6e-05,-0.00016,-0.00035,-0.00023,-6e-05,3
42340,-6e-05,5e-05,4e-05,0.0,-0.00011,-0.0001,-0.00017,-2e-05,3
42341,-6e-05,5e-05,4e-05,0.0,-0.00011,-0.0001,-0.00017,-2e-05,3
42342,-6e-05,5e-05,4e-05,0.0,-0.00011,-0.0001,-0.00017,-2e-05,3
42343,-6e-05,5e-05,4e-05,0.0,-0.00011,-0.0001,-0.00017,-2e-05,3
42344,-6e-05,5e-05,4e-05,0.0,-0.00011,-0.0001,-0.00017,-2e-05,3
42345,-6e-05,5e-05,4e-05,0.0,-0.00011,-0.0001,-0.00017,-2e-05,3
42346,-6e-05,5e-05,4e-05,0.0,-0.00011,-0.0001,-0.00017,-2e-05,3
42347,0.00024,1e-05,0.0,6e-05,0.0002,0.0001,0.00029,-5e-05,3
42348,0.00024,1e-05,0.0,6e-05,0.0002,0.0001,0.00029,-5e-05,3
42349,0.00024,1e-05,0.0,6e-05,0.0002,0.0001,0.00029,-5e-05,3
42350,0.00024,1e-05,0.0,6e-05,0.0002,0.0001,0.00029,-5e-05,3
42351,0.00024,1e-05,0.0,6e-05,0.0002,0.0001,0.00029,-5e-05,3
42352,0.00024,1e-05,0.0,6e-05,0.0002,0.0001,0.00029,-5e-05,3
42354,0.00024,1e-05,0.0,6e-05,0.0002,0.0001,0.00029,-5e-05,3
42355,0.00024,1e-05,0.0,6e-05,0.0002,0.0001,0.00029,-5e-05,3
42356,0.00024,1e-05,0.0,6e-05,0.0002,0.0001,0.00029,-5e-05,3
42357,0.00024,1e-05,0.0,6e-05,0.0002,0.0001,0.00029,-5e-05,3
42358,0.00024,1e-05,0.0,6e-05,0.0002,0.0001,0.00029,-5e-05,3
42359,0.00024,1e-05,0.0,6e-05,0.0002,0.0001,0.00029,-5e-05,3
42360,0.00024,1e-05,0.0,6e-05,0.0002,0.0001,0.00029,-5e-05,3
42361,0.00024,1e-05,0.0,6e-05,0.0002,0.0001,0.00029,-5e-05,3
42362,0.00024,1e-05,0.0,6e-05,0.0002,0.0001,0.00029,-5e-05,3
42363,-0.00012,-5e-05,-7e-05,-0.00019,-0.0003,-6e-05,-0.0001,1e-05,3
42364,8e-05,-6e-05,-2e-05,4e-05,0.00014,-7e-05,-0.00011,-3e-05,3
42365,-0.00018,-1e-05,-3e-05,-8e-05,-0.00014,-1e-05,0.00014,6e-05,3
42366,-0.00018,-1e-05,-3e-05,-8e-05,-0.00014,-1e-05,0.00014,6e-05,3
42367,-0.00018,-1e-05,-3e-05,-8e-05,-0.00014,-1e-05,0.00014,6e-05,3
42368,-0.00018,-1e-05,-3e-05,-8e-05,-0.00014,-1e-05,0.00014,6e-05,3
42369,-0.00018,-1e-05,-3e-05,-8e-05,-0.00014,-1e-05,0.00014,6e-05,3
42370,-0.00018,-1e-05,-3e-05,-8e-05,-0.00014,-1e-05,0.00014,6e-05,3
42371,-0.00018,-1e-05,-3e-05,-8e-05,-0.00014,-1e-05,0.00014,6e-05,3
42372,-0.00018,-1e-05,-3e-05,-8e-05,-0.00014,-1e-05,0.00014,6e-05,3
42373,-0.00018,-1e-05,-3e-05,-8e-05,-0.00014,-1e-05,0.00014,6e-05,3
42374,-0.00018,-1e-05,-3e-05,-8e-05,-0.00014,-1e-05,0.00014,6e-05,3
42375,-0.00018,-1e-05,-3e-05,-8e-05,-0.00014,-1e-05,0.00014,6e-05,3
42376,-0.00018,-1e-05,-3e-05,-8e-05,-0.00014,-1e-05,0.00014,6e-05,3
42377,-0.00018,-1e-05,-3e-05,-8e-05,-0.00014,-1e-05,0.00014,6e-05,3
42378,-0.00018,-1e-05,-3e-05,-8e-05,-0.00014,-1e-05,0.00014,6e-05,3
42379,-0.00018,-1e-05,-3e-05,-8e-05,-0.00014,-1e-05,0.00014,6e-05,3
42380,-0.00018,-1e-05,-3e-05,-8e-05,-0.00014,-1e-05,0.00014,6e-05,3
42381,-0.00018,-1e-05,-3e-05,-8e-05,-0.00014,-1e-05,0.00014,6e-05,3
42382,-0.00018,-1e-05,-3e-05,-8e-05,-0.00014,-1e-05,0.00014,6e-05,3
42383,-0.00018,-1e-05,-3e-05,-8e-05,-0.00014,-1e-05,0.00014,6e-05,3
42384,-0.00018,-1e-05,-3e-05,-8e-05,-0.00014,-1e-05,0.00014,6e-05,3
42385,-0.00018,-1e-05,-3e-05,-8e-05,-0.00014,-1e-05,0.00014,6e-05,3
42387,-0.00015,1e-05,7e-05,0.0001,-6e-05,0.00014,0.00013,1e-05,3
42389,-5e-05,-3e-05,-6e-05,-0.00022,-0.00035,-0.00018,-7e-05,-4e-05,3
42390,-5e-05,-3e-05,-6e-05,-0.00022,-0.00035,-0.00018,-7e-05,-4e-05,3
42391,-5e-05,-3e-05,-6e-05,-0.00022,-0.00035,-0.00018,-7e-05,-4e-05,3
42392,-5e-05,-3e-05,-6e-05,-0.00022,-0.00035,-0.00018,-7e-05,-4e-05,3
42393,-5e-05,-3e-05,-6e-05,-0.00022,-0.00035,-0.00018,-7e-05,-4e-05,3
42394,-5e-05,-3e-05,-6e-05,-0.00022,-0.00035,-0.00018,-7e-05,-4e-05,3
42395,-5e-05,-3e-05,-6e-05,-0.00022,-0.00035,-0.00018,-7e-05,-4e-05,3
42396,-5e-05,-3e-05,-6e-05,-0.00022,-0.00035,-0.00018,-7e-05,-4e-05,3
42397,-5e-05,-3e-05,-6e-05,-0.00022,-0.00035,-0.00018,-7e-05,-4e-05,3
42398,-5e-05,-3e-05,-6e-05,-0.00022,-0.00035,-0.00018,-7e-05,-4e-05,3
42399,-5e-05,-3e-05,-6e-05,-0.00022,-0.00035,-0.00018,-7e-05,-4e-05,3
42400,-5e-05,-3e-05,-6e-05,-0.00022,-0.00035,-0.00018,-7e-05,-4e-05,3
42401,-8e-05,1e-05,4e-05,-1e-05,-0.00031,-2e-05,-4e-05,-1e-05,3
42402,-8e-05,1e-05,4e-05,-1e-05,-0.00031,-2e-05,-4e-05,-1e-05,3
42404,-0.00022,-2e-05,-3e-05,-0.00011,-0.00029,-3e-05,0.00062,3e-05,3
42405,-0.00022,-2e-05,-3e-05,-0.00011,-0.00029,-3e-05,0.00062,3e-05,3
42406,-0.00022,-2e-05,-3e-05,-0.00011,-0.00029,-3e-05,0.00062,3e-05,3
42407,-0.00022,-2e-05,-3e-05,-0.00011,-0.00029,-3e-05,0.00062,3e-05,3
42408,-0.00022,-2e-05,-3e-05,-0.00011,-0.00029,-3e-05,0.00062,3e-05,3
42409,-0.00022,-2e-05,-3e-05,-0.00011,-0.00029,-3e-05,0.00062,3e-05,3
42410,-0.00022,-2e-05,-3e-05,-0.00011,-0.00029,-3e-05,0.00062,3e-05,3
42411,-0.00022,-2e-05,-3e-05,-0.00011,-0.00029,-3e-05,0.00062,3e-05,3
42412,-0.00022,-2e-05,-3e-05,-0.00011,-0.00029,-3e-05,0.00062,3e-05,3
42413,-0.00022,-2e-05,-3e-05,-0.00011,-0.00029,-3e-05,0.00062,3e-05,3
42414,-0.00022,-2e-05,-3e-05,-0.00011,-0.00029,-3e-05,0.00062,3e-05,3
42415,-0.00022,-2e-05,-3e-05,-0.00011,-0.00029,-3e-05,0.00062,3e-05,3
42416,-0.00022,-2e-05,-3e-05,-0.00011,-0.00029,-3e-05,0.00062,3e-05,3
42417,-0.00022,-2e-05,-3e-05,-0.00011,-0.00029,-3e-05,0.00062,3e-05,3
42418,-0.00022,-2e-05,-3e-05,-0.00011,-0.00029,-3e-05,0.00062,3e-05,3
42419,-0.00022,-2e-05,-3e-05,-0.00011,-0.00029,-3e-05,0.00062,3e-05,3
42420,-0.00022,-2e-05,-3e-05,-0.00011,-0.00029,-3e-05,0.00062,3e-05,3
42421,-0.00022,-2e-05,-3e-05,-0.00011,-0.00029,-3e-05,0.00062,3e-05,3
42422,-0.00022,-2e-05,-3e-05,-0.00011,-0.00029,-3e-05,0.00062,3e-05,3
42423,0.00015,5e-05,6e-05,0.0001,1e-05,9e-05,-0.00014,-7e-05,3
42424,6e-05,-4e-05,-7e-05,-0.00012,-0.00028,-0.00013,-0.00017,-1e-05,3
42425,4e-05,-1e-05,2e-05,7e-05,-6e-05,0.00031,-0.00012,-2e-05,3
42426,4e-05,-1e-05,2e-05,7e-05,-6e-05,0.00031,-0.00012,-2e-05,3
42427,4e-05,-1e-05,2e-05,7e-05,-6e-05,0.00031,-0.00012,-2e-05,3
42428,4e-05,-1e-05,2e-05,7e-05,-6e-05,0.00031,-0.00012,-2e-05,3
42429,4e-05,-1e-05,2e-05,7e-05,-6e-05,0.00031,-0.00012,-2e-05,3
42430,4e-05,-1e-05,2e-05,7e-05,-6e-05,0.00031,-0.00012,-2e-05,3
42431,4e-05,-1e-05,2e-05,7e-05,-6e-05,0.00031,-0.00012,-2e-05,3
42432,4e-05,-1e-05,2e-05,7e-05,-6e-05,0.00031,-0.00012,-2e-05,3
42433,4e-05,-1e-05,2e-05,7e-05,-6e-05,0.00031,-0.00012,-2e-05,3
42434,4e-05,-1e-05,2e-05,7e-05,-6e-05,0.00031,-0.00012,-2e-05,3
42435,4e-05,-1e-05,2e-05,7e-05,-6e-05,0.00031,-0.00012,-2e-05,3
42437,4e-05,-1e-05,2e-05,7e-05,-6e-05,0.00031,-0.00012,-2e-05,3
42439,4e-05,-1e-05,2e-05,7e-05,-6e-05,0.00031,-0.00012,-2e-05,3
42440,4e-05,-1e-05,2e-05,7e-05,-6e-05,0.00031,-0.00012,-2e-05,3
42441,4e-05,-1e-05,2e-05,7e-05,-6e-05,0.00031,-0.00012,-2e-05,3
42442,4e-05,-1e-05,2e-05,7e-05,-6e-05,0.00031,-0.00012,-2e-05,3
42443,4e-05,-1e-05,2e-05,7e-05,-6e-05,0.00031,-0.00012,-2e-05,3
42444,4e-05,-1e-05,2e-05,7e-05,-6e-05,0.00031,-0.00012,-2e-05,3
42445,4e-05,-1e-05,2e-05,7e-05,-6e-05,0.00031,-0.00012,-2e-05,3
42446,-8e-05,-2e-05,-1e-05,2e-05,0.00018,0.00054,0.00023,1e-05,3
42447,0.00048,-1e-05,-2e-05,-5e-05,-0.00013,-0.00016,0.0001,5e-05,3
42448,-0.0002,1e-05,3e-05,9e-05,0.00028,7e-05,-0.00021,-6e-05,3
42449,-0.0002,1e-05,3e-05,9e-05,0.00028,7e-05,-0.00021,-6e-05,3
42450,-0.0002,1e-05,3e-05,9e-05,0.00028,7e-05,-0.00021,-6e-05,3
42451,-0.0002,1e-05,3e-05,9e-05,0.00028,7e-05,-0.00021,-6e-05,3
42452,-0.0002,1e-05,3e-05,9e-05,0.00028,7e-05,-0.00021,-6e-05,3
42454,-0.0002,1e-05,3e-05,9e-05,0.00028,7e-05,-0.00021,-6e-05,3
42455,-0.0002,1e-05,3e-05,9e-05,0.00028,7e-05,-0.00021,-6e-05,3
42456,-0.0002,1e-05,3e-05,9e-05,0.00028,7e-05,-0.00021,-6e-05,3
42457,-0.0002,1e-05,3e-05,9e-05,0.00028,7e-05,-0.00021,-6e-05,3
42458,-0.0002,1e-05,3e-05,9e-05,0.00028,7e-05,-0.00021,-6e-05,3
42459,-0.0002,1e-05,3e-05,9e-05,0.00028,7e-05,-0.00021,-6e-05,3
42460,7e-05,-2e-05,-9e-05,-0.00012,5e-05,2e-05,0.00012,0.0,3
42461,7e-05,-2e-05,-9e-05,-0.00012,5e-05,2e-05,0.00012,0.0,3
42462,7e-05,-2e-05,-9e-05,-0.00012,5e-05,2e-05,0.00012,0.0,3
42463,7e-05,-2e-05,-9e-05,-0.00012,5e-05,2e-05,0.00012,0.0,3
42464,7e-05,-2e-05,-9e-05,-0.00012,5e-05,2e-05,0.00012,0.0,3
42465,7e-05,-2e-05,-9e-05,-0.00012,5e-05,2e-05,0.00012,0.0,3
42466,7e-05,-2e-05,-9e-05,-0.00012,5e-05,2e-05,0.00012,0.0,3
42467,8e-05,-1e-05,3e-05,0.0,-0.00012,4e-05,0.00011,2e-05,3
42468,8e-05,-1e-05,3e-05,0.0,-0.00012,4e-05,0.00011,2e-05,3
42469,8e-05,-1e-05,3e-05,0.0,-0.00012,4e-05,0.00011,2e-05,3
42470,8e-05,-1e-05,3e-05,0.0,-0.00012,4e-05,0.00011,2e-05,3
42471,8e-05,-1e-05,3e-05,0.0,-0.00012,4e-05,0.00011,2e-05,3
42472,8e-05,-1e-05,3e-05,0.0,-0.00012,4e-05,0.00011,2e-05,3
42473,8e-05,-1e-05,3e-05,0.0,-0.00012,4e-05,0.00011,2e-05,3
42474,8e-05,-1e-05,3e-05,0.0,-0.00012,4e-05,0.00011,2e-05,3
42475,8e-05,-1e-05,3e-05,0.0,-0.00012,4e-05,0.00011,2e-05,3
42476,8e-05,-1e-05,3e-05,0.0,-0.00012,4e-05,0.00011,2e-05,3
42477,8e-05,-1e-05,3e-05,0.0,-0.00012,4e-05,0.00011,2e-05,3
42478,8e-05,-1e-05,3e-05,0.0,-0.00012,4e-05,0.00011,2e-05,3
42479,8e-05,-1e-05,3e-05,0.0,-0.00012,4e-05,0.00011,2e-05,3
42480,8e-05,-1e-05,3e-05,0.0,-0.00012,4e-05,0.00011,2e-05,3
42481,8e-05,-1e-05,3e-05,0.0,-0.00012,4e-05,0.00011,2e-05,3
42482,8e-05,-1e-05,3e-05,0.0,-0.00012,4e-05,0.00011,2e-05,3
42483,3e-05,-1e-05,-1e-05,-0.00014,-0.00019,-0.00024,-1e-05,6e-05,3
42484,3e-05,-1e-05,-1e-05,-0.00014,-0.00019,-0.00024,-1e-05,6e-05,3
42485,2e-05,-2e-05,-3e-05,4e-05,0.00019,-0.00027,-0.00013,-4e-05,3
42487,2e-05,-2e-05,-3e-05,4e-05,0.00019,-0.00027,-0.00013,-4e-05,3
42489,2e-05,-2e-05,-3e-05,4e-05,0.00019,-0.00027,-0.00013,-4e-05,3
42490,2e-05,-2e-05,-3e-05,4e-05,0.00019,-0.00027,-0.00013,-4e-05,3
42491,2e-05,-2e-05,-3e-05,4e-05,0.00019,-0.00027,-0.00013,-4e-05,3
42492,2e-05,-2e-05,-3e-05,4e-05,0.00019,-0.00027,-0.00013,-4e-05,3
42493,2e-05,-2e-05,-3e-05,4e-05,0.00019,-0.00027,-0.00013,-4e-05,3
42494,2e-05,-2e-05,-3e-05,4e-05,0.00019,-0.00027,-0.00013,-4e-05,3
42495,2e-05,-2e-05,-3e-05,4e-05,0.00019,-0.00027,-0.00013,-4e-05,3
42496,2e-05,-2e-05,-3e-05,4e-05,0.00019,-0.00027,-0.00013,-4e-05,3
42497,2e-05,-2e-05,-3e-05,4e-05,0.00019,-0.00027,-0.00013,-4e-05,3
42498,2e-05,-2e-05,-3e-05,4e-05,0.00019,-0.00027,-0.00013,-4e-05,3
42499,2e-05,-2e-05,-3e-05,4e-05,0.00019,-0.00027,-0.00013,-4e-05,3
42500,2e-05,-2e-05,-3e-05,4e-05,0.00019,-0.00027,-0.00013,-4e-05,3
42501,2e-05,-2e-05,-3e-05,4e-05,0.00019,-0.00027,-0.00013,-4e-05,3
42502,2e-05,-2e-05,-3e-05,4e-05,0.00019,-0.00027,-0.00013,-4e-05,3
42504,2e-05,-2e-05,-3e-05,4e-05,0.00019,-0.00027,-0.00013,-4e-05,3
42505,2e-05,-2e-05,-3e-05,4e-05,0.00019,-0.00027,-0.00013,-4e-05,3
42506,0.00024,3e-05,-1e-05,4e-05,0.00013,0.00013,-0.00039,-3e-05,3
42507,0.00024,3e-05,-1e-05,4e-05,0.00013,0.00013,-0.00039,-3e-05,3
42508,0.00024,3e-05,-1e-05,4e-05,0.00013,0.00013,-0.00039,-3e-05,3
42509,0.00024,3e-05,-1e-05,4e-05,0.00013,0.00013,-0.00039,-3e-05,3
42510,0.00024,3e-05,-1e-05,4e-05,0.00013,0.00013,-0.00039,-3e-05,3
42511,0.00024,3e-05,-1e-05,4e-05,0.00013,0.00013,-0.00039,-3e-05,3
42512,0.00024,3e-05,-1e-05,4e-05,0.00013,0.00013,-0.00039,-3e-05,3
42513,0.00024,3e-05,-1e-05,4e-05,0.00013,0.00013,-0.00039,-3e-05,3
42514,0.00014,-4e-05,-2e-05,-3e-05,-0.00011,0.00017,-0.00011,1e-05,3
42515,0.00014,-4e-05,-2e-05,-3e-05,-0.00011,0.00017,-0.00011,1e-05,3
42516,0.00014,-4e-05,-2e-05,-3e-05,-0.00011,0.00017,-0.00011,1e-05,3
42517,0.00014,-4e-05,-2e-05,-3e-05,-0.00011,0.00017,-0.00011,1e-05,3
42518,0.00014,-4e-05,-2e-05,-3e-05,-0.00011,0.00017,-0.00011,1e-05,3
42519,0.00014,-4e-05,-2e-05,-3e-05,-0.00011,0.00017,-0.00011,1e-05,3
42520,-8e-05,0.0,1e-05,6e-05,2e-05,0.00041,6e-05,-6e-05,3
42521,-8e-05,0.0,1e-05,6e-05,2e-05,0.00041,6e-05,-6e-05,3
42522,-8e-05,0.0,1e-05,6e-05,2e-05,0.00041,6e-05,-6e-05,3
42523,-8e-05,0.0,1e-05,6e-05,2e-05,0.00041,6e-05,-6e-05,3
42524,-8e-05,0.0,1e-05,6e-05,2e-05,0.00041,6e-05,-6e-05,3
42525,-8e-05,0.0,1e-05,6e-05,2e-05,0.00041,6e-05,-6e-05,3
42526,-8e-05,0.0,1e-05,6e-05,2e-05,0.00041,6e-05,-6e-05,3
42527,-9e-05,-2e-05,-4e-05,-0.00013,-0.00011,-0.00018,3e-05,-1e-05,3
42528,-9e-05,-2e-05,-4e-05,-0.00013,-0.00011,-0.00018,3e-05,-1e-05,3
42529,-9e-05,-2e-05,-4e-05,-0.00013,-0.00011,-0.00018,3e-05,-1e-05,3
42530,-9e-05,-2e-05,-4e-05,-0.00013,-0.00011,-0.00018,3e-05,-1e-05,3
42531,-9e-05,-2e-05,-4e-05,-0.00013,-0.00011,-0.00018,3e-05,-1e-05,3
42532,-9e-05,-2e-05,-4e-05,-0.00013,-0.00011,-0.00018,3e-05,-1e-05,3
42533,-9e-05,-2e-05,-4e-05,-0.00013,-0.00011,-0.00018,3e-05,-1e-05,3
42534,-9e-05,-2e-05,-4e-05,-0.00013,-0.00011,-0.00018,3e-05,-1e-05,3
42535,-9e-05,-2e-05,-4e-05,-0.00013,-0.00011,-0.00018,3e-05,-1e-05,3
42536,-9e-05,-2e-05,-4e-05,-0.00013,-0.00011,-0.00018,3e-05,-1e-05,3
42538,-9e-05,-2e-05,-4e-05,-0.00013,-0.00011,-0.00018,3e-05,-1e-05,3
42539,-9e-05,-2e-05,-4e-05,-0.00013,-0.00011,-0.00018,3e-05,-1e-05,3
42540,-9e-05,-2e-05,-4e-05,-0.00013,-0.00011,-0.00018,3e-05,-1e-05,3
42541,-9e-05,-2e-05,-4e-05,-0.00013,-0.00011,-0.00018,3e-05,-1e-05,3
42542,-9e-05,-2e-05,-4e-05,-0.00013,-0.00011,-0.00018,3e-05,-1e-05,3
42543,0.0,-2e-05,-1e-05,8e-05,0.00026,0.00016,4e-05,0.0,3
42544,-0.00017,-1e-05,3e-05,7e-05,-0.0002,-0.00019,2e-05,-5e-05,3
42545,3e-05,-1e-05,-6e-05,-6e-05,8e-05,0.0,3e-05,1e-05,3
42546,3e-05,-1e-05,-6e-05,-6e-05,8e-05,0.0,3e-05,1e-05,3
42547,3e-05,-1e-05,-6e-05,-6e-05,8e-05,0.0,3e-05,1e-05,3
42548,3e-05,-1e-05,-6e-05,-6e-05,8e-05,0.0,3e-05,1e-05,3
42549,3e-05,-1e-05,-6e-05,-6e-05,8e-05,0.0,3e-05,1e-05,3
42550,3e-05,-1e-05,-6e-05,-6e-05,8e-05,0.0,3e-05,1e-05,3
42551,3e-05,-1e-05,-6e-05,-6e-05,8e-05,0.0,3e-05,1e-05,3
42552,3e-05,-1e-05,-6e-05,-6e-05,8e-05,0.0,3e-05,1e-05,3
42554,3e-05,-1e-05,-6e-05,-6e-05,8e-05,0.0,3e-05,1e-05,3
42555,3e-05,-1e-05,-6e-05,-6e-05,8e-05,0.0,3e-05,1e-05,3
42556,3e-05,-1e-05,-6e-05,-6e-05,8e-05,0.0,3e-05,1e-05,3
42557,3e-05,-1e-05,-6e-05,-6e-05,8e-05,0.0,3e-05,1e-05,3
42558,3e-05,-1e-05,-6e-05,-6e-05,8e-05,0.0,3e-05,1e-05,3
42559,3e-05,-1e-05,-6e-05,-6e-05,8e-05,0.0,3e-05,1e-05,3
42560,3e-05,-1e-05,-6e-05,-6e-05,8e-05,0.0,3e-05,1e-05,3
42561,3e-05,-1e-05,-6e-05,-6e-05,8e-05,0.0,3e-05,1e-05,3
42562,3e-05,-1e-05,-6e-05,-6e-05,8e-05,0.0,3e-05,1e-05,3
42563,3e-05,-1e-05,-6e-05,-6e-05,8e-05,0.0,3e-05,1e-05,3
42564,3e-05,-1e-05,-6e-05,-6e-05,8e-05,0.0,3e-05,1e-05,3
42565,3e-05,-1e-05,-6e-05,-6e-05,8e-05,0.0,3e-05,1e-05,3
42566,3e-05,-1e-05,-6e-05,-6e-05,8e-05,0.0,3e-05,1e-05,3
42567,3e-05,-1e-05,-6e-05,-6e-05,8e-05,0.0,3e-05,1e-05,3
42568,3e-05,-1e-05,-6e-05,-6e-05,8e-05,0.0,3e-05,1e-05,3
42569,3e-05,-1e-05,-6e-05,-6e-05,8e-05,0.0,3e-05,1e-05,3
42570,3e-05,-1e-05,-6e-05,-6e-05,8e-05,0.0,3e-05,1e-05,3
42571,3e-05,-1e-05,-6e-05,-6e-05,8e-05,0.0,3e-05,1e-05,3
42572,3e-05,-1e-05,-6e-05,-6e-05,8e-05,0.0,3e-05,1e-05,3
42573,-7e-05,1e-05,1e-05,6e-05,-5e-05,-0.00038,-0.00012,7e-05,3
42574,-0.00015,-3e-05,-4e-05,-0.00011,-3e-05,0.00032,8e-05,1e-05,3
42575,-0.00023,-5e-05,-4e-05,2e-05,0.00022,-9e-05,-0.0001,-9e-05,3
42576,-0.00023,-5e-05,-4e-05,2e-05,0.00022,-9e-05,-0.0001,-9e-05,3
42577,-0.00023,-5e-05,-4e-05,2e-05,0.00022,-9e-05,-0.0001,-9e-05,3
42578,-0.00023,-5e-05,-4e-05,2e-05,0.00022,-9e-05,-0.0001,-9e-05,3
42579,-0.00023,-5e-05,-4e-05,2e-05,0.00022,-9e-05,-0.0001,-9e-05,3
42580,3e-05,-2e-05,-3e-05,-6e-05,-0.00011,-0.00014,-9e-05,1e-05,3
42581,3e-05,-2e-05,-3e-05,-6e-05,-0.00011,-0.00014,-9e-05,1e-05,3
42582,3e-05,-2e-05,-3e-05,-6e-05,-0.00011,-0.00014,-9e-05,1e-05,3
42583,3e-05,-2e-05,-3e-05,-6e-05,-0.00011,-0.00014,-9e-05,1e-05,3
42584,3e-05,-2e-05,-3e-05,-6e-05,-0.00011,-0.00014,-9e-05,1e-05,3
42585,3e-05,-2e-05,-3e-05,-6e-05,-0.00011,-0.00014,-9e-05,1e-05,3
42586,3e-05,-2e-05,-3e-05,-6e-05,-0.00011,-0.00014,-9e-05,1e-05,3
42590,3e-05,-2e-05,-3e-05,-6e-05,-0.00011,-0.00014,-9e-05,1e-05,3
42591,2e-05,7e-05,8e-05,0.00018,-6e-05,0.00013,2e-05,-8e-05,3
42592,2e-05,7e-05,8e-05,0.00018,-6e-05,0.00013,2e-05,-8e-05,3
42593,2e-05,7e-05,8e-05,0.00018,-6e-05,0.00013,2e-05,-8e-05,3
42594,2e-05,7e-05,8e-05,0.00018,-6e-05,0.00013,2e-05,-8e-05,3
42595,2e-05,7e-05,8e-05,0.00018,-6e-05,0.00013,2e-05,-8e-05,3
42596,2e-05,7e-05,8e-05,0.00018,-6e-05,0.00013,2e-05,-8e-05,3
42597,2e-05,7e-05,8e-05,0.00018,-6e-05,0.00013,2e-05,-8e-05,3
42598,2e-05,7e-05,8e-05,0.00018,-6e-05,0.00013,2e-05,-8e-05,3
42599,2e-05,7e-05,8e-05,0.00018,-6e-05,0.00013,2e-05,-8e-05,3
42600,2e-05,7e-05,8e-05,0.00018,-6e-05,0.00013,2e-05,-8e-05,3
42601,2e-05,7e-05,8e-05,0.00018,-6e-05,0.00013,2e-05,-8e-05,3
42602,2e-05,7e-05,8e-05,0.00018,-6e-05,0.00013,2e-05,-8e-05,3
42604,2e-05,7e-05,8e-05,0.00018,-6e-05,0.00013,2e-05,-8e-05,3
42605,-0.0001,-1e-05,-1e-05,-6e-05,-0.00013,0.00052,0.0,-2e-05,3
42606,-0.0001,-1e-05,-1e-05,-6e-05,-0.00013,0.00052,0.0,-2e-05,3
42607,-0.0001,-1e-05,-1e-05,-6e-05,-0.00013,0.00052,0.0,-2e-05,3
42608,-0.0001,-1e-05,-1e-05,-6e-05,-0.00013,0.00052,0.0,-2e-05,3
42609,-0.0001,-1e-05,-1e-05,-6e-05,-0.00013,0.00052,0.0,-2e-05,3
42610,-0.0001,-1e-05,-1e-05,-6e-05,-0.00013,0.00052,0.0,-2e-05,3
42611,-0.0001,-1e-05,-1e-05,-6e-05,-0.00013,0.00052,0.0,-2e-05,3
42612,-0.0001,-1e-05,-1e-05,-6e-05,-0.00013,0.00052,0.0,-2e-05,3
42613,-0.0001,-1e-05,-1e-05,-6e-05,-0.00013,0.00052,0.0,-2e-05,3
42614,-0.0001,-1e-05,-1e-05,-6e-05,-0.00013,0.00052,0.0,-2e-05,3
42615,-0.0001,-1e-05,-1e-05,-6e-05,-0.00013,0.00052,0.0,-2e-05,3
42616,-0.0001,-1e-05,-1e-05,-6e-05,-0.00013,0.00052,0.0,-2e-05,3
42617,-0.0001,-1e-05,-1e-05,-6e-05,-0.00013,0.00052,0.0,-2e-05,3
42618,-0.0001,-1e-05,-1e-05,-6e-05,-0.00013,0.00052,0.0,-2e-05,3
42619,-0.0001,-1e-05,-1e-05,-6e-05,-0.00013,0.00052,0.0,-2e-05,3
42620,-0.0001,-1e-05,-1e-05,-6e-05,-0.00013,0.00052,0.0,-2e-05,3
42621,-0.0001,-1e-05,-1e-05,-6e-05,-0.00013,0.00052,0.0,-2e-05,3
42622,-0.0001,-1e-05,-1e-05,-6e-05,-0.00013,0.00052,0.0,-2e-05,3
42623,-0.0001,-1e-05,-1e-05,-6e-05,-0.00013,0.00052,0.0,-2e-05,3
42624,-0.0001,-1e-05,-1e-05,-6e-05,-0.00013,0.00052,0.0,-2e-05,3
42625,-0.0001,-1e-05,-1e-05,-6e-05,-0.00013,0.00052,0.0,-2e-05,3
42626,0.0002,2e-05,2e-05,-2e-05,-3e-05,-0.0001,0.0,-2e-05,3
42627,-0.00047,-2e-05,3e-05,6e-05,6e-05,-0.00024,-4e-05,-2e-05,3
42628,0.00021,-1e-05,-3e-05,-3e-05,0.0004,0.00018,2e-05,2e-05,3
42629,0.00021,-1e-05,-3e-05,-3e-05,0.0004,0.00018,2e-05,2e-05,3
42630,0.00021,-1e-05,-3e-05,-3e-05,0.0004,0.00018,2e-05,2e-05,3
42631,0.00021,-1e-05,-3e-05,-3e-05,0.0004,0.00018,2e-05,2e-05,3
42632,0.00021,-1e-05,-3e-05,-3e-05,0.0004,0.00018,2e-05,2e-05,3
42633,0.00021,-1e-05,-3e-05,-3e-05,0.0004,0.00018,2e-05,2e-05,3
42634,0.00021,-1e-05,-3e-05,-3e-05,0.0004,0.00018,2e-05,2e-05,3
42635,0.00021,-1e-05,-3e-05,-3e-05,0.0004,0.00018,2e-05,2e-05,3
42636,0.00021,-1e-05,-3e-05,-3e-05,0.0004,0.00018,2e-05,2e-05,3
42639,0.00021,-1e-05,-3e-05,-3e-05,0.0004,0.00018,2e-05,2e-05,3
42640,-0.00028,-3e-05,-5e-05,-0.00013,-0.00025,-6e-05,0.00018,-5e-05,3
42641,-0.00028,-3e-05,-5e-05,-0.00013,-0.00025,-6e-05,0.00018,-5e-05,3
42642,-0.00028,-3e-05,-5e-05,-0.00013,-0.00025,-6e-05,0.00018,-5e-05,3
42643,-0.00028,-3e-05,-5e-05,-0.00013,-0.00025,-6e-05,0.00018,-5e-05,3
42644,-0.00028,-3e-05,-5e-05,-0.00013,-0.00025,-6e-05,0.00018,-5e-05,3
42645,-0.00028,-3e-05,-5e-05,-0.00013,-0.00025,-6e-05,0.00018,-5e-05,3
42646,-0.00028,-3e-05,-5e-05,-0.00013,-0.00025,-6e-05,0.00018,-5e-05,3
42647,-0.00028,-3e-05,-5e-05,-0.00013,-0.00025,-6e-05,0.00018,-5e-05,3
42648,-0.00012,-4e-05,-2e-05,5e-05,-2e-05,-9e-05,-4e-05,5e-05,3
42649,-0.00012,-4e-05,-2e-05,5e-05,-2e-05,-9e-05,-4e-05,5e-05,3
42650,-0.00012,-4e-05,-2e-05,5e-05,-2e-05,-9e-05,-4e-05,5e-05,3
42651,-0.00012,-4e-05,-2e-05,5e-05,-2e-05,-9e-05,-4e-05,5e-05,3
42652,-0.00012,-4e-05,-2e-05,5e-05,-2e-05,-9e-05,-4e-05,5e-05,3
42654,-0.00012,-4e-05,-2e-05,5e-05,-2e-05,-9e-05,-4e-05,5e-05,3
42655,-0.00012,-4e-05,-2e-05,5e-05,-2e-05,-9e-05,-4e-05,5e-05,3
42656,-0.00012,-4e-05,-2e-05,5e-05,-2e-05,-9e-05,-4e-05,5e-05,3
42657,-0.00012,-4e-05,-2e-05,5e-05,-2e-05,-9e-05,-4e-05,5e-05,3
42658,-0.00012,-4e-05,-2e-05,5e-05,-2e-05,-9e-05,-4e-05,5e-05,3
42659,-0.00012,-4e-05,-2e-05,5e-05,-2e-05,-9e-05,-4e-05,5e-05,3
42660,-0.00012,-4e-05,-2e-05,5e-05,-2e-05,-9e-05,-4e-05,5e-05,3
42661,-0.00012,-4e-05,-2e-05,5e-05,-2e-05,-9e-05,-4e-05,5e-05,3
42662,-0.00012,-4e-05,-2e-05,5e-05,-2e-05,-9e-05,-4e-05,5e-05,3
42663,-3e-05,-1e-05,-1e-05,-2e-05,0.0,-0.00028,-2e-05,-2e-05,3
42664,-3e-05,-1e-05,-1e-05,-2e-05,0.0,-0.00028,-2e-05,-2e-05,3
42665,5e-05,-7e-05,-8e-05,-8e-05,-0.00014,-0.00048,-5e-05,4e-05,3
42666,5e-05,-7e-05,-8e-05,-8e-05,-0.00014,-0.00048,-5e-05,4e-05,3
42667,5e-05,-7e-05,-8e-05,-8e-05,-0.00014,-0.00048,-5e-05,4e-05,3
42668,5e-05,-7e-05,-8e-05,-8e-05,-0.00014,-0.00048,-5e-05,4e-05,3
42669,5e-05,-7e-05,-8e-05,-8e-05,-0.00014,-0.00048,-5e-05,4e-05,3
42670,5e-05,-7e-05,-8e-05,-8e-05,-0.00014,-0.00048,-5e-05,4e-05,3
42671,5e-05,-7e-05,-8e-05,-8e-05,-0.00014,-0.00048,-5e-05,4e-05,3
42672,5e-05,-7e-05,-8e-05,-8e-05,-0.00014,-0.00048,-5e-05,4e-05,3
42673,5e-05,-7e-05,-8e-05,-8e-05,-0.00014,-0.00048,-5e-05,4e-05,3
42674,5e-05,-7e-05,-8e-05,-8e-05,-0.00014,-0.00048,-5e-05,4e-05,3
42675,5e-05,-7e-05,-8e-05,-8e-05,-0.00014,-0.00048,-5e-05,4e-05,3
42676,5e-05,-7e-05,-8e-05,-8e-05,-0.00014,-0.00048,-5e-05,4e-05,3
42677,5e-05,-7e-05,-8e-05,-8e-05,-0.00014,-0.00048,-5e-05,4e-05,3
42678,5e-05,-7e-05,-8e-05,-8e-05,-0.00014,-0.00048,-5e-05,4e-05,3
42679,5e-05,-7e-05,-8e-05,-8e-05,-0.00014,-0.00048,-5e-05,4e-05,3
42680,5e-05,-7e-05,-8e-05,-8e-05,-0.00014,-0.00048,-5e-05,4e-05,3
42681,5e-05,-7e-05,-8e-05,-8e-05,-0.00014,-0.00048,-5e-05,4e-05,3
42682,5e-05,-7e-05,-8e-05,-8e-05,-0.00014,-0.00048,-5e-05,4e-05,3
42683,5e-05,-7e-05,-8e-05,-8e-05,-0.00014,-0.00048,-5e-05,4e-05,3
42684,5e-05,-7e-05,-8e-05,-8e-05,-0.00014,-0.00048,-5e-05,4e-05,3
42685,5e-05,-7e-05,-8e-05,-8e-05,-0.00014,-0.00048,-5e-05,4e-05,3
42686,7e-05,0.0,3e-05,0.0001,0.0002,0.00014,0.0,-7e-05,3
42689,4e-05,-2e-05,-4e-05,-0.00012,-0.0002,-0.00022,9e-05,5e-05,3
42690,4e-05,-2e-05,-4e-05,-0.00012,-0.0002,-0.00022,9e-05,5e-05,3
42691,4e-05,-2e-05,-4e-05,-0.00012,-0.0002,-0.00022,9e-05,5e-05,3
42692,4e-05,-2e-05,-4e-05,-0.00012,-0.0002,-0.00022,9e-05,5e-05,3
42693,4e-05,-2e-05,-4e-05,-0.00012,-0.0002,-0.00022,9e-05,5e-05,3
42694,4e-05,-2e-05,-4e-05,-0.00012,-0.0002,-0.00022,9e-05,5e-05,3
42695,4e-05,-2e-05,-4e-05,-0.00012,-0.0002,-0.00022,9e-05,5e-05,3
42696,4e-05,-2e-05,-4e-05,-0.00012,-0.0002,-0.00022,9e-05,5e-05,3
42697,4e-05,-2e-05,-4e-05,-0.00012,-0.0002,-0.00022,9e-05,5e-05,3
42698,4e-05,-2e-05,-4e-05,-0.00012,-0.0002,-0.00022,9e-05,5e-05,3
42699,4e-05,-2e-05,-4e-05,-0.00012,-0.0002,-0.00022,9e-05,5e-05,3
42700,1e-05,-1e-05,-3e-05,-4e-05,0.00022,-0.00016,4e-05,9e-05,3
42701,1e-05,-1e-05,-3e-05,-4e-05,0.00022,-0.00016,4e-05,9e-05,3
42702,1e-05,-1e-05,-3e-05,-4e-05,0.00022,-0.00016,4e-05,9e-05,3
42704,1e-05,-1e-05,-3e-05,-4e-05,0.00022,-0.00016,4e-05,9e-05,3
42705,1e-05,-1e-05,-3e-05,-4e-05,0.00022,-0.00016,4e-05,9e-05,3
42706,1e-05,-1e-05,-3e-05,-4e-05,0.00022,-0.00016,4e-05,9e-05,3
42707,0.00017,0.0,-2e-05,-7e-05,-0.0001,5e-05,-0.00011,-2e-05,3
42708,0.00017,0.0,-2e-05,-7e-05,-0.0001,5e-05,-0.00011,-2e-05,3
42709,0.00017,0.0,-2e-05,-7e-05,-0.0001,5e-05,-0.00011,-2e-05,3
42710,0.00017,0.0,-2e-05,-7e-05,-0.0001,5e-05,-0.00011,-2e-05,3
42711,0.00017,0.0,-2e-05,-7e-05,-0.0001,5e-05,-0.00011,-2e-05,3
42712,0.00017,0.0,-2e-05,-7e-05,-0.0001,5e-05,-0.00011,-2e-05,3
42713,0.00017,0.0,-2e-05,-7e-05,-0.0001,5e-05,-0.00011,-2e-05,3
42714,0.00017,0.0,-2e-05,-7e-05,-0.0001,5e-05,-0.00011,-2e-05,3
42715,0.00017,0.0,-2e-05,-7e-05,-0.0001,5e-05,-0.00011,-2e-05,3
42716,0.00017,0.0,-2e-05,-7e-05,-0.0001,5e-05,-0.00011,-2e-05,3
42717,0.00017,0.0,-2e-05,-7e-05,-0.0001,5e-05,-0.00011,-2e-05,3
42718,0.00017,0.0,-2e-05,-7e-05,-0.0001,5e-05,-0.00011,-2e-05,3
42719,0.00017,0.0,-2e-05,-7e-05,-0.0001,5e-05,-0.00011,-2e-05,3
42720,0.00017,0.0,-2e-05,-7e-05,-0.0001,5e-05,-0.00011,-2e-05,3
42721,0.00017,0.0,-2e-05,-7e-05,-0.0001,5e-05,-0.00011,-2e-05,3
42722,0.00017,0.0,-2e-05,-7e-05,-0.0001,5e-05,-0.00011,-2e-05,3
42723,-7e-05,-4e-05,0.0,2e-05,-0.00016,-7e-05,3e-05,2e-05,3
42724,-7e-05,-4e-05,0.0,2e-05,-0.00016,-7e-05,3e-05,2e-05,3
42725,4e-05,1e-05,0.0,-2e-05,-0.00024,-0.00037,-0.00017,-2e-05,3
42726,4e-05,1e-05,0.0,-2e-05,-0.00024,-0.00037,-0.00017,-2e-05,3
42727,4e-05,1e-05,0.0,-2e-05,-0.00024,-0.00037,-0.00017,-2e-05,3
42728,4e-05,1e-05,0.0,-2e-05,-0.00024,-0.00037,-0.00017,-2e-05,3
42729,4e-05,1e-05,0.0,-2e-05,-0.00024,-0.00037,-0.00017,-2e-05,3
42730,4e-05,1e-05,0.0,-2e-05,-0.00024,-0.00037,-0.00017,-2e-05,3
42731,4e-05,1e-05,0.0,-2e-05,-0.00024,-0.00037,-0.00017,-2e-05,3
42732,4e-05,1e-05,0.0,-2e-05,-0.00024,-0.00037,-0.00017,-2e-05,3
42733,4e-05,1e-05,0.0,-2e-05,-0.00024,-0.00037,-0.00017,-2e-05,3
42734,4e-05,1e-05,0.0,-2e-05,-0.00024,-0.00037,-0.00017,-2e-05,3
42735,4e-05,1e-05,0.0,-2e-05,-0.00024,-0.00037,-0.00017,-2e-05,3
42736,4e-05,1e-05,0.0,-2e-05,-0.00024,-0.00037,-0.00017,-2e-05,3
42739,4e-05,1e-05,0.0,-2e-05,-0.00024,-0.00037,-0.00017,-2e-05,3
42740,4e-05,1e-05,0.0,-2e-05,-0.00024,-0.00037,-0.00017,-2e-05,3
42741,4e-05,1e-05,0.0,-2e-05,-0.00024,-0.00037,-0.00017,-2e-05,3
42742,4e-05,1e-05,0.0,-2e-05,-0.00024,-0.00037,-0.00017,-2e-05,3
42743,4e-05,1e-05,0.0,-2e-05,-0.00024,-0.00037,-0.00017,-2e-05,3
42744,4e-05,1e-05,0.0,-2e-05,-0.00024,-0.00037,-0.00017,-2e-05,3
42745,4e-05,1e-05,0.0,-2e-05,-0.00024,-0.00037,-0.00017,-2e-05,3
42746,0.00021,2e-05,0.0,-2e-05,5e-05,0.00021,-7e-05,8e-05,3
42747,-0.00016,1e-05,4e-05,3e-05,0.00021,0.00024,8e-05,-7e-05,3
42748,-0.00018,-5e-05,0.0,3e-05,0.00013,-6e-05,-0.00011,-7e-05,3
42749,-0.00018,-5e-05,0.0,3e-05,0.00013,-6e-05,-0.00011,-7e-05,3
42750,-0.00018,-5e-05,0.0,3e-05,0.00013,-6e-05,-0.00011,-7e-05,3
42751,-0.00018,-5e-05,0.0,3e-05,0.00013,-6e-05,-0.00011,-7e-05,3
42752,-0.00018,-5e-05,0.0,3e-05,0.00013,-6e-05,-0.00011,-7e-05,3
42754,-0.00018,-5e-05,0.0,3e-05,0.00013,-6e-05,-0.00011,-7e-05,3
42755,-0.00018,-5e-05,0.0,3e-05,0.00013,-6e-05,-0.00011,-7e-05,3
42756,-0.00018,-5e-05,0.0,3e-05,0.00013,-6e-05,-0.00011,-7e-05,3
42757,-0.00018,-5e-05,0.0,3e-05,0.00013,-6e-05,-0.00011,-7e-05,3
42758,-0.00018,-5e-05,0.0,3e-05,0.00013,-6e-05,-0.00011,-7e-05,3
42759,-0.00018,-5e-05,0.0,3e-05,0.00013,-6e-05,-0.00011,-7e-05,3
42760,0.00019,-1e-05,-2e-05,0.0,4e-05,-0.00016,-2e-05,-3e-05,3
42761,0.00019,-1e-05,-2e-05,0.0,4e-05,-0.00016,-2e-05,-3e-05,3
42762,0.00019,-1e-05,-2e-05,0.0,4e-05,-0.00016,-2e-05,-3e-05,3
42763,0.00019,-1e-05,-2e-05,0.0,4e-05,-0.00016,-2e-05,-3e-05,3
42764,0.00019,-1e-05,-2e-05,0.0,4e-05,-0.00016,-2e-05,-3e-05,3
42765,0.00019,-1e-05,-2e-05,0.0,4e-05,-0.00016,-2e-05,-3e-05,3
42766,0.00019,-1e-05,-2e-05,0.0,4e-05,-0.00016,-2e-05,-3e-05,3
42767,0.0001,2e-05,0.0,-3e-05,-0.0002,-1e-05,-0.00016,0.0,3
42768,0.0001,2e-05,0.0,-3e-05,-0.0002,-1e-05,-0.00016,0.0,3
42769,0.0001,2e-05,0.0,-3e-05,-0.0002,-1e-05,-0.00016,0.0,3
42770,0.0001,2e-05,0.0,-3e-05,-0.0002,-1e-05,-0.00016,0.0,3
42771,0.0001,2e-05,0.0,-3e-05,-0.0002,-1e-05,-0.00016,0.0,3
42772,0.0001,2e-05,0.0,-3e-05,-0.0002,-1e-05,-0.00016,0.0,3
42773,0.0001,2e-05,0.0,-3e-05,-0.0002,-1e-05,-0.00016,0.0,3
42774,0.0001,2e-05,0.0,-3e-05,-0.0002,-1e-05,-0.00016,0.0,3
42775,0.0001,2e-05,0.0,-3e-05,-0.0002,-1e-05,-0.00016,0.0,3
42776,0.0001,2e-05,0.0,-3e-05,-0.0002,-1e-05,-0.00016,0.0,3
42777,0.0001,2e-05,0.0,-3e-05,-0.0002,-1e-05,-0.00016,0.0,3
42778,0.0001,2e-05,0.0,-3e-05,-0.0002,-1e-05,-0.00016,0.0,3
42779,0.0001,2e-05,0.0,-3e-05,-0.0002,-1e-05,-0.00016,0.0,3
42780,0.0001,2e-05,0.0,-3e-05,-0.0002,-1e-05,-0.00016,0.0,3
42781,0.0001,2e-05,0.0,-3e-05,-0.0002,-1e-05,-0.00016,0.0,3
42782,0.0001,2e-05,0.0,-3e-05,-0.0002,-1e-05,-0.00016,0.0,3
42783,-0.00027,-1e-05,1e-05,2e-05,0.00015,0.00038,0.00013,-4e-05,3
42784,-0.00027,-1e-05,1e-05,2e-05,0.00015,0.00038,0.00013,-4e-05,3
42785,-6e-05,2e-05,3e-05,1e-05,-0.00012,0.00014,-0.00026,-3e-05,3
42786,-6e-05,2e-05,3e-05,1e-05,-0.00012,0.00014,-0.00026,-3e-05,3
42789,-6e-05,2e-05,3e-05,1e-05,-0.00012,0.00014,-0.00026,-3e-05,3
42790,-6e-05,2e-05,3e-05,1e-05,-0.00012,0.00014,-0.00026,-3e-05,3
42791,-6e-05,2e-05,3e-05,1e-05,-0.00012,0.00014,-0.00026,-3e-05,3
42792,-6e-05,2e-05,3e-05,1e-05,-0.00012,0.00014,-0.00026,-3e-05,3
42793,-6e-05,2e-05,3e-05,1e-05,-0.00012,0.00014,-0.00026,-3e-05,3
42794,-6e-05,2e-05,3e-05,1e-05,-0.00012,0.00014,-0.00026,-3e-05,3
42795,-6e-05,2e-05,3e-05,1e-05,-0.00012,0.00014,-0.00026,-3e-05,3
42796,-6e-05,2e-05,3e-05,1e-05,-0.00012,0.00014,-0.00026,-3e-05,3
42797,-6e-05,2e-05,3e-05,1e-05,-0.00012,0.00014,-0.00026,-3e-05,3
42798,-6e-05,2e-05,3e-05,1e-05,-0.00012,0.00014,-0.00026,-3e-05,3
42799,-6e-05,2e-05,3e-05,1e-05,-0.00012,0.00014,-0.00026,-3e-05,3
42800,-6e-05,2e-05,3e-05,1e-05,-0.00012,0.00014,-0.00026,-3e-05,3
42801,-6e-05,2e-05,3e-05,1e-05,-0.00012,0.00014,-0.00026,-3e-05,3
42802,-6e-05,2e-05,3e-05,1e-05,-0.00012,0.00014,-0.00026,-3e-05,3
42804,-6e-05,2e-05,3e-05,1e-05,-0.00012,0.00014,-0.00026,-3e-05,3
42805,-6e-05,2e-05,3e-05,1e-05,-0.00012,0.00014,-0.00026,-3e-05,3
42806,-6e-05,5e-05,5e-05,0.0,-0.00019,4e-05,9e-05,3e-05,3
42807,5e-05,-7e-05,-0.00011,-0.00018,-0.00011,-0.00027,3e-05,-1e-05,3
42808,5e-05,-7e-05,-0.00011,-0.00018,-0.00011,-0.00027,3e-05,-1e-05,3
42809,5e-05,-7e-05,-0.00011,-0.00018,-0.00011,-0.00027,3e-05,-1e-05,3
42810,5e-05,-7e-05,-0.00011,-0.00018,-0.00011,-0.00027,3e-05,-1e-05,3
42811,5e-05,-7e-05,-0.00011,-0.00018,-0.00011,-0.00027,3e-05,-1e-05,3
42812,5e-05,-7e-05,-0.00011,-0.00018,-0.00011,-0.00027,3e-05,-1e-05,3
42813,5e-05,-7e-05,-0.00011,-0.00018,-0.00011,-0.00027,3e-05,-1e-05,3
42814,5e-05,-7e-05,-0.00011,-0.00018,-0.00011,-0.00027,3e-05,-1e-05,3
42815,5e-05,-7e-05,-0.00011,-0.00018,-0.00011,-0.00027,3e-05,-1e-05,3
42816,5e-05,-7e-05,-0.00011,-0.00018,-0.00011,-0.00027,3e-05,-1e-05,3
42817,5e-05,-7e-05,-0.00011,-0.00018,-0.00011,-0.00027,3e-05,-1e-05,3
42818,5e-05,-7e-05,-0.00011,-0.00018,-0.00011,-0.00027,3e-05,-1e-05,3
42819,2e-05,-0.00011,-7e-05,-5e-05,0.00033,0.00034,-0.00017,0.0,3
42820,-0.00023,1e-05,4e-05,4e-05,-0.00026,-1e-05,-3e-05,-7e-05,3
42821,-0.00023,1e-05,4e-05,4e-05,-0.00026,-1e-05,-3e-05,-7e-05,3
42822,-0.00023,1e-05,4e-05,4e-05,-0.00026,-1e-05,-3e-05,-7e-05,3
42823,-0.00023,1e-05,4e-05,4e-05,-0.00026,-1e-05,-3e-05,-7e-05,3
42824,-0.00023,1e-05,4e-05,4e-05,-0.00026,-1e-05,-3e-05,-7e-05,3
42825,-0.00023,1e-05,4e-05,4e-05,-0.00026,-1e-05,-3e-05,-7e-05,3
42826,-0.00023,1e-05,4e-05,4e-05,-0.00026,-1e-05,-3e-05,-7e-05,3
42827,-0.00023,1e-05,4e-05,4e-05,-0.00026,-1e-05,-3e-05,-7e-05,3
42828,-0.00016,-1e-05,-1e-05,6e-05,-0.00022,0.00017,0.0002,-0.00011,3
42829,-0.00016,-1e-05,-1e-05,6e-05,-0.00022,0.00017,0.0002,-0.00011,3
42830,-0.00016,-1e-05,-1e-05,6e-05,-0.00022,0.00017,0.0002,-0.00011,3
42831,-0.00016,-1e-05,-1e-05,6e-05,-0.00022,0.00017,0.0002,-0.00011,3
42832,-0.00016,-1e-05,-1e-05,6e-05,-0.00022,0.00017,0.0002,-0.00011,3
42833,-0.00016,-1e-05,-1e-05,6e-05,-0.00022,0.00017,0.0002,-0.00011,3
42834,-0.00016,-1e-05,-1e-05,6e-05,-0.00022,0.00017,0.0002,-0.00011,3
42835,-0.00016,-1e-05,-1e-05,6e-05,-0.00022,0.00017,0.0002,-0.00011,3
42836,-0.00016,-1e-05,-1e-05,6e-05,-0.00022,0.00017,0.0002,-0.00011,3
42839,-0.00016,-1e-05,-1e-05,6e-05,-0.00022,0.00017,0.0002,-0.00011,3
42840,-0.00016,-1e-05,-1e-05,6e-05,-0.00022,0.00017,0.0002,-0.00011,3
42841,-0.00016,-1e-05,-1e-05,6e-05,-0.00022,0.00017,0.0002,-0.00011,3
42842,1e-05,-4e-05,-9e-05,-0.00018,-0.00039,-0.00043,4e-05,3e-05,3
42843,-0.00041,-1e-05,2e-05,8e-05,0.00017,0.0,1e-05,-2e-05,3
42844,-0.00041,-1e-05,2e-05,8e-05,0.00017,0.0,1e-05,-2e-05,3
42845,-0.00041,-1e-05,2e-05,8e-05,0.00017,0.0,1e-05,-2e-05,3
42846,-0.00041,-1e-05,2e-05,8e-05,0.00017,0.0,1e-05,-2e-05,3
42847,-0.00041,-1e-05,2e-05,8e-05,0.00017,0.0,1e-05,-2e-05,3
42848,-0.00041,-1e-05,2e-05,8e-05,0.00017,0.0,1e-05,-2e-05,3
42849,-0.00041,-1e-05,2e-05,8e-05,0.00017,0.0,1e-05,-2e-05,3
42850,-0.00041,-1e-05,2e-05,8e-05,0.00017,0.0,1e-05,-2e-05,3
42851,8e-05,0.0,-3e-05,-2e-05,5e-05,-0.0004,3e-05,4e-05,3
42852,8e-05,0.0,-3e-05,-2e-05,5e-05,-0.0004,3e-05,4e-05,3
42854,8e-05,0.0,-3e-05,-2e-05,5e-05,-0.0004,3e-05,4e-05,3
42855,8e-05,0.0,-3e-05,-2e-05,5e-05,-0.0004,3e-05,4e-05,3
42856,8e-05,0.0,-3e-05,-2e-05,5e-05,-0.0004,3e-05,4e-05,3
42857,8e-05,0.0,-3e-05,-2e-05,5e-05,-0.0004,3e-05,4e-05,3
42858,8e-05,0.0,-3e-05,-2e-05,5e-05,-0.0004,3e-05,4e-05,3
42859,8e-05,0.0,-3e-05,-2e-05,5e-05,-0.0004,3e-05,4e-05,3
42860,8e-05,0.0,-3e-05,-2e-05,5e-05,-0.0004,3e-05,4e-05,3
42861,8e-05,0.0,-3e-05,-2e-05,5e-05,-0.0004,3e-05,4e-05,3
42862,8e-05,0.0,-3e-05,-2e-05,5e-05,-0.0004,3e-05,4e-05,3
42863,8e-05,0.0,-3e-05,-2e-05,5e-05,-0.0004,3e-05,4e-05,3
42864,8e-05,0.0,-3e-05,-2e-05,5e-05,-0.0004,3e-05,4e-05,3
42865,8e-05,0.0,-3e-05,-2e-05,5e-05,-0.0004,3e-05,4e-05,3
42866,8e-05,0.0,-3e-05,-2e-05,5e-05,-0.0004,3e-05,4e-05,3
42867,8e-05,0.0,-3e-05,-2e-05,5e-05,-0.0004,3e-05,4e-05,3
42868,8e-05,0.0,-3e-05,-2e-05,5e-05,-0.0004,3e-05,4e-05,3
42869,8e-05,0.0,-3e-05,-2e-05,5e-05,-0.0004,3e-05,4e-05,3
42870,8e-05,0.0,-3e-05,-2e-05,5e-05,-0.0004,3e-05,4e-05,3
42871,8e-05,0.0,-3e-05,-2e-05,5e-05,-0.0004,3e-05,4e-05,3
42872,8e-05,0.0,-3e-05,-2e-05,5e-05,-0.0004,3e-05,4e-05,3
42873,-0.00016,4e-05,0.0001,0.00016,0.00019,0.00023,-0.0001,-0.00012,3
42874,0.00025,0.0,-5e-05,-0.00011,-0.00024,-0.00031,-0.00013,0.0001,3
42875,-0.00011,1e-05,1e-05,-1e-05,-7e-05,-0.00018,-0.00017,-4e-05,3
42876,-0.00011,1e-05,1e-05,-1e-05,-7e-05,-0.00018,-0.00017,-4e-05,3
42877,-0.00011,1e-05,1e-05,-1e-05,-7e-05,-0.00018,-0.00017,-4e-05,3
42878,-0.00011,1e-05,1e-05,-1e-05,-7e-05,-0.00018,-0.00017,-4e-05,3
42879,-3e-05,-5e-05,-5e-05,-2e-05,4e-05,0.00028,0.00021,-2e-05,3
42880,-3e-05,-1e-05,-1e-05,1e-05,0.0002,3e-05,0.00017,0.0,3
42881,-3e-05,-1e-05,-1e-05,1e-05,0.0002,3e-05,0.00017,0.0,3
42882,-3e-05,-1e-05,-1e-05,1e-05,0.0002,3e-05,0.00017,0.0,3
42883,-3e-05,-1e-05,-1e-05,1e-05,0.0002,3e-05,0.00017,0.0,3
42884,-3e-05,-1e-05,-1e-05,1e-05,0.0002,3e-05,0.00017,0.0,3
42885,-3e-05,-1e-05,-1e-05,1e-05,0.0002,3e-05,0.00017,0.0,3
42886,-3e-05,-1e-05,-1e-05,1e-05,0.0002,3e-05,0.00017,0.0,3
42889,0.00016,4e-05,5e-05,5e-05,-1e-05,0.00027,0.00011,4e-05,3
42890,0.00016,4e-05,5e-05,5e-05,-1e-05,0.00027,0.00011,4e-05,3
42891,0.00016,4e-05,5e-05,5e-05,-1e-05,0.00027,0.00011,4e-05,3
42892,0.00016,4e-05,5e-05,5e-05,-1e-05,0.00027,0.00011,4e-05,3
42893,0.00016,4e-05,5e-05,5e-05,-1e-05,0.00027,0.00011,4e-05,3
42894,0.00016,4e-05,5e-05,5e-05,-1e-05,0.00027,0.00011,4e-05,3
42895,0.00016,4e-05,5e-05,5e-05,-1e-05,0.00027,0.00011,4e-05,3
42896,0.00016,4e-05,5e-05,5e-05,-1e-05,0.00027,0.00011,4e-05,3
42897,0.00016,4e-05,5e-05,5e-05,-1e-05,0.00027,0.00011,4e-05,3
42898,0.00016,4e-05,5e-05,5e-05,-1e-05,0.00027,0.00011,4e-05,3
42899,0.00016,4e-05,5e-05,5e-05,-1e-05,0.00027,0.00011,4e-05,3
42900,0.00016,4e-05,5e-05,5e-05,-1e-05,0.00027,0.00011,4e-05,3
42901,0.00016,4e-05,5e-05,5e-05,-1e-05,0.00027,0.00011,4e-05,3
42902,0.00016,4e-05,5e-05,5e-05,-1e-05,0.00027,0.00011,4e-05,3
42905,-2e-05,-1e-05,3e-05,6e-05,0.00058,0.0003,0.00019,-0.0001,3
42906,-2e-05,-1e-05,3e-05,6e-05,0.00058,0.0003,0.00019,-0.0001,3
42907,-2e-05,-1e-05,3e-05,6e-05,0.00058,0.0003,0.00019,-0.0001,3
42908,-2e-05,-1e-05,3e-05,6e-05,0.00058,0.0003,0.00019,-0.0001,3
42909,-2e-05,-1e-05,3e-05,6e-05,0.00058,0.0003,0.00019,-0.0001,3
42910,-2e-05,-1e-05,3e-05,6e-05,0.00058,0.0003,0.00019,-0.0001,3
42911,-2e-05,-1e-05,3e-05,6e-05,0.00058,0.0003,0.00019,-0.0001,3
42912,-2e-05,-1e-05,3e-05,6e-05,0.00058,0.0003,0.00019,-0.0001,3
42913,-2e-05,-1e-05,3e-05,6e-05,0.00058,0.0003,0.00019,-0.0001,3
42914,-2e-05,-1e-05,3e-05,6e-05,0.00058,0.0003,0.00019,-0.0001,3
42915,-2e-05,-1e-05,3e-05,6e-05,0.00058,0.0003,0.00019,-0.0001,3
42916,-2e-05,-1e-05,3e-05,6e-05,0.00058,0.0003,0.00019,-0.0001,3
42917,-2e-05,-1e-05,3e-05,6e-05,0.00058,0.0003,0.00019,-0.0001,3
42918,-2e-05,-1e-05,3e-05,6e-05,0.00058,0.0003,0.00019,-0.0001,3
42919,-2e-05,-1e-05,3e-05,6e-05,0.00058,0.0003,0.00019,-0.0001,3
42920,-2e-05,-1e-05,3e-05,6e-05,0.00058,0.0003,0.00019,-0.0001,3
42921,-2e-05,-1e-05,3e-05,6e-05,0.00058,0.0003,0.00019,-0.0001,3
42922,-2e-05,-1e-05,3e-05,6e-05,0.00058,0.0003,0.00019,-0.0001,3
42923,-2e-05,-1e-05,3e-05,6e-05,0.00058,0.0003,0.00019,-0.0001,3
42924,-2e-05,-1e-05,3e-05,6e-05,0.00058,0.0003,0.00019,-0.0001,3
42925,-2e-05,-1e-05,3e-05,6e-05,0.00058,0.0003,0.00019,-0.0001,3
42926,-0.00027,-4e-05,-2e-05,-4e-05,-1e-05,-6e-05,-3e-05,0.0,3
42927,3e-05,4e-05,6e-05,0.0,3e-05,5e-05,-6e-05,4e-05,3
42928,3e-05,4e-05,6e-05,0.0,3e-05,5e-05,-6e-05,4e-05,3
42929,3e-05,4e-05,6e-05,0.0,3e-05,5e-05,-6e-05,4e-05,3
42930,3e-05,4e-05,6e-05,0.0,3e-05,5e-05,-6e-05,4e-05,3
42931,3e-05,4e-05,6e-05,0.0,3e-05,5e-05,-6e-05,4e-05,3
42932,3e-05,4e-05,6e-05,0.0,3e-05,5e-05,-6e-05,4e-05,3
42933,3e-05,4e-05,6e-05,0.0,3e-05,5e-05,-6e-05,4e-05,3
42934,3e-05,4e-05,6e-05,0.0,3e-05,5e-05,-6e-05,4e-05,3
42935,3e-05,4e-05,6e-05,0.0,3e-05,5e-05,-6e-05,4e-05,3
42936,3e-05,4e-05,6e-05,0.0,3e-05,5e-05,-6e-05,4e-05,3
42939,3e-05,4e-05,6e-05,0.0,3e-05,5e-05,-6e-05,4e-05,3
42940,3e-05,4e-05,6e-05,0.0,3e-05,5e-05,-6e-05,4e-05,3
42941,3e-05,4e-05,6e-05,0.0,3e-05,5e-05,-6e-05,4e-05,3
42942,3e-05,4e-05,6e-05,0.0,3e-05,5e-05,-6e-05,4e-05,3
42943,3e-05,4e-05,6e-05,0.0,3e-05,5e-05,-6e-05,4e-05,3
42944,3e-05,4e-05,6e-05,0.0,3e-05,5e-05,-6e-05,4e-05,3
42945,3e-05,4e-05,6e-05,0.0,3e-05,5e-05,-6e-05,4e-05,3
42946,3e-05,4e-05,6e-05,0.0,3e-05,5e-05,-6e-05,4e-05,3
42947,3e-05,4e-05,6e-05,0.0,3e-05,5e-05,-6e-05,4e-05,3
42948,-0.00031,-0.0001,-9e-05,-0.00015,0.0001,-0.00012,-0.00018,-6e-05,3
42949,-0.00031,-0.0001,-9e-05,-0.00015,0.0001,-0.00012,-0.00018,-6e-05,3
42950,-0.00025,-7e-05,-3e-05,-5e-05,1e-05,-0.00032,4e-05,0.0,3
42951,-0.00025,-7e-05,-3e-05,-5e-05,1e-05,-0.00032,4e-05,0.0,3
42952,-0.00025,-7e-05,-3e-05,-5e-05,1e-05,-0.00032,4e-05,0.0,3
42954,-0.00025,-7e-05,-3e-05,-5e-05,1e-05,-0.00032,4e-05,0.0,3
42955,-0.00025,-7e-05,-3e-05,-5e-05,1e-05,-0.00032,4e-05,0.0,3
42956,-0.00025,-7e-05,-3e-05,-5e-05,1e-05,-0.00032,4e-05,0.0,3
42957,-0.00025,-7e-05,-3e-05,-5e-05,1e-05,-0.00032,4e-05,0.0,3
42958,-0.00025,-7e-05,-3e-05,-5e-05,1e-05,-0.00032,4e-05,0.0,3
42959,-0.00025,-7e-05,-3e-05,-5e-05,1e-05,-0.00032,4e-05,0.0,3
42960,-0.00025,-7e-05,-3e-05,-5e-05,1e-05,-0.00032,4e-05,0.0,3
42961,-0.00025,-7e-05,-3e-05,-5e-05,1e-05,-0.00032,4e-05,0.0,3
42962,-0.00025,-7e-05,-3e-05,-5e-05,1e-05,-0.00032,4e-05,0.0,3
42963,3e-05,3e-05,4e-05,0.0001,0.00023,0.00025,-2e-05,2e-05,3
42964,0.00049,6e-05,3e-05,-1e-05,-0.00027,-0.00016,0.0001,4e-05,3
42965,0.00049,6e-05,3e-05,-1e-05,-0.00027,-0.00016,0.0001,4e-05,3
42966,0.00049,6e-05,3e-05,-1e-05,-0.00027,-0.00016,0.0001,4e-05,3
42967,0.00049,6e-05,3e-05,-1e-05,-0.00027,-0.00016,0.0001,4e-05,3
42968,0.00049,6e-05,3e-05,-1e-05,-0.00027,-0.00016,0.0001,4e-05,3
42969,0.00049,6e-05,3e-05,-1e-05,-0.00027,-0.00016,0.0001,4e-05,3
42970,0.00049,6e-05,3e-05,-1e-05,-0.00027,-0.00016,0.0001,4e-05,3
42971,0.0001,-2e-05,-2e-05,-2e-05,9e-05,-0.00021,1e-05,0.0,3
42972,-0.0001,-3e-05,-3e-05,-4e-05,-0.00022,8e-05,-0.00019,-7e-05,3
42973,-0.0001,-3e-05,-3e-05,-4e-05,-0.00022,8e-05,-0.00019,-7e-05,3
42974,-0.0001,-3e-05,-3e-05,-4e-05,-0.00022,8e-05,-0.00019,-7e-05,3
42975,-0.0001,-3e-05,-3e-05,-4e-05,-0.00022,8e-05,-0.00019,-7e-05,3
42976,-0.0001,-3e-05,-3e-05,-4e-05,-0.00022,8e-05,-0.00019,-7e-05,3
42977,-0.0001,-3e-05,-3e-05,-4e-05,-0.00022,8e-05,-0.00019,-7e-05,3
42978,-0.0001,-3e-05,-3e-05,-4e-05,-0.00022,8e-05,-0.00019,-7e-05,3
42979,-0.0001,-3e-05,-3e-05,-4e-05,-0.00022,8e-05,-0.00019,-7e-05,3
42980,-0.0001,-3e-05,-3e-05,-4e-05,-0.00022,8e-05,-0.00019,-7e-05,3
42981,-0.0001,-3e-05,-3e-05,-4e-05,-0.00022,8e-05,-0.00019,-7e-05,3
42982,-0.0001,-3e-05,-3e-05,-4e-05,-0.00022,8e-05,-0.00019,-7e-05,3
42983,-0.0001,-3e-05,-3e-05,-4e-05,-0.00022,8e-05,-0.00019,-7e-05,3
42984,-0.0001,-3e-05,-3e-05,-4e-05,-0.00022,8e-05,-0.00019,-7e-05,3
42985,-0.0001,-3e-05,-3e-05,-4e-05,-0.00022,8e-05,-0.00019,-7e-05,3
42986,-0.0001,-3e-05,-3e-05,-4e-05,-0.00022,8e-05,-0.00019,-7e-05,3
42989,-0.0001,-3e-05,-3e-05,-4e-05,-0.00022,8e-05,-0.00019,-7e-05,3
42990,-0.0001,-3e-05,-3e-05,-4e-05,-0.00022,8e-05,-0.00019,-7e-05,3
42991,-0.0001,-3e-05,-3e-05,-4e-05,-0.00022,8e-05,-0.00019,-7e-05,3
42992,-0.0001,-3e-05,-3e-05,-4e-05,-0.00022,8e-05,-0.00019,-7e-05,3
42993,-0.00011,-6e-05,-0.0001,-1e-05,2e-05,-0.0002,-0.00012,-0.0001,3
42994,-0.00011,-6e-05,-0.0001,-1e-05,2e-05,-0.0002,-0.00012,-0.0001,3
42995,9e-05,3e-05,1e-05,-5e-05,-0.00021,-0.00038,9e-05,-2e-05,3
42996,9e-05,3e-05,1e-05,-5e-05,-0.00021,-0.00038,9e-05,-2e-05,3
42997,9e-05,3e-05,1e-05,-5e-05,-0.00021,-0.00038,9e-05,-2e-05,3
42998,9e-05,3e-05,1e-05,-5e-05,-0.00021,-0.00038,9e-05,-2e-05,3
42999,-5e-05,-2e-05,-2e-05,7e-05,6e-05,0.00013,-0.00021,-6e-05,3
43000,0.00021,-2e-05,-1e-05,-3e-05,0.00015,0.0001,5e-05,-5e-05,3
43001,0.00021,-2e-05,-1e-05,-3e-05,0.00015,0.0001,5e-05,-5e-05,3
43002,0.00021,-2e-05,-1e-05,-3e-05,0.00015,0.0001,5e-05,-5e-05,3
43004,0.00021,-2e-05,-1e-05,-3e-05,0.00015,0.0001,5e-05,-5e-05,3
43005,0.00021,-2e-05,-1e-05,-3e-05,0.00015,0.0001,5e-05,-5e-05,3
43006,0.00021,-2e-05,-1e-05,-3e-05,0.00015,0.0001,5e-05,-5e-05,3
43007,0.00021,-2e-05,-1e-05,-3e-05,0.00015,0.0001,5e-05,-5e-05,3
43008,-0.00039,-4e-05,-4e-05,-1e-05,-0.00029,0.00035,6e-05,-9e-05,3
43009,-0.00039,-4e-05,-4e-05,-1e-05,-0.00029,0.00035,6e-05,-9e-05,3
43010,-0.00039,-4e-05,-4e-05,-1e-05,-0.00029,0.00035,6e-05,-9e-05,3
43011,-0.00039,-4e-05,-4e-05,-1e-05,-0.00029,0.00035,6e-05,-9e-05,3
43012,-0.00039,-4e-05,-4e-05,-1e-05,-0.00029,0.00035,6e-05,-9e-05,3
43013,-0.00039,-4e-05,-4e-05,-1e-05,-0.00029,0.00035,6e-05,-9e-05,3
43014,-0.00039,-4e-05,-4e-05,-1e-05,-0.00029,0.00035,6e-05,-9e-05,3
43015,-0.00039,-4e-05,-4e-05,-1e-05,-0.00029,0.00035,6e-05,-9e-05,3
43016,-0.00039,-4e-05,-4e-05,-1e-05,-0.00029,0.00035,6e-05,-9e-05,3
43017,-0.00039,-4e-05,-4e-05,-1e-05,-0.00029,0.00035,6e-05,-9e-05,3
43018,-0.00039,-4e-05,-4e-05,-1e-05,-0.00029,0.00035,6e-05,-9e-05,3
43019,-0.00039,-4e-05,-4e-05,-1e-05,-0.00029,0.00035,6e-05,-9e-05,3
43020,-0.00039,-4e-05,-4e-05,-1e-05,-0.00029,0.00035,6e-05,-9e-05,3
43021,-0.00039,-4e-05,-4e-05,-1e-05,-0.00029,0.00035,6e-05,-9e-05,3
43022,-0.00039,-4e-05,-4e-05,-1e-05,-0.00029,0.00035,6e-05,-9e-05,3
43023,-0.00039,-4e-05,-4e-05,-1e-05,-0.00029,0.00035,6e-05,-9e-05,3
43024,0.00016,2e-05,-1e-05,1e-05,6e-05,-0.00013,-0.00016,6e-05,3
43025,2e-05,0.0,-1e-05,-8e-05,-9e-05,-3e-05,7e-05,2e-05,3
43026,2e-05,0.0,-1e-05,-8e-05,-9e-05,-3e-05,7e-05,2e-05,3
43027,2e-05,0.0,-1e-05,-8e-05,-9e-05,-3e-05,7e-05,2e-05,3
43028,2e-05,0.0,-1e-05,-8e-05,-9e-05,-3e-05,7e-05,2e-05,3
43029,-5e-05,-2e-05,-3e-05,-2e-05,4e-05,-0.0001,-3e-05,-7e-05,3
43030,0.00056,8e-05,0.00013,0.00036,0.00076,0.00014,5e-05,9e-05,3
43031,0.00056,8e-05,0.00013,0.00036,0.00076,0.00014,5e-05,9e-05,3
43032,0.00056,8e-05,0.00013,0.00036,0.00076,0.00014,5e-05,9e-05,3
43033,0.00056,8e-05,0.00013,0.00036,0.00076,0.00014,5e-05,9e-05,3
43034,0.00056,8e-05,0.00013,0.00036,0.00076,0.00014,5e-05,9e-05,3
43035,0.00056,8e-05,0.00013,0.00036,0.00076,0.00014,5e-05,9e-05,3
43036,0.00056,8e-05,0.00013,0.00036,0.00076,0.00014,5e-05,9e-05,3
43039,0.00056,8e-05,0.00013,0.00036,0.00076,0.00014,5e-05,9e-05,3
43040,0.00056,8e-05,0.00013,0.00036,0.00076,0.00014,5e-05,9e-05,3
43041,0.00056,8e-05,0.00013,0.00036,0.00076,0.00014,5e-05,9e-05,3
43042,0.00056,8e-05,0.00013,0.00036,0.00076,0.00014,5e-05,9e-05,3
43043,0.00056,8e-05,0.00013,0.00036,0.00076,0.00014,5e-05,9e-05,3
43044,0.00056,8e-05,0.00013,0.00036,0.00076,0.00014,5e-05,9e-05,3
43045,0.00056,8e-05,0.00013,0.00036,0.00076,0.00014,5e-05,9e-05,3
43046,-0.00065,-8e-05,-5e-05,-7e-05,-6e-05,-0.00011,-1e-05,-0.00021,3
43047,-0.00016,-1e-05,-8e-05,-8e-05,5e-05,0.00046,0.00019,3e-05,3
43048,-0.00016,-1e-05,-8e-05,-8e-05,5e-05,0.00046,0.00019,3e-05,3
43049,-0.00016,-1e-05,-8e-05,-8e-05,5e-05,0.00046,0.00019,3e-05,3
43050,-0.00016,-1e-05,-8e-05,-8e-05,5e-05,0.00046,0.00019,3e-05,3
43051,-0.00016,-1e-05,-8e-05,-8e-05,5e-05,0.00046,0.00019,3e-05,3
43052,-0.00016,-1e-05,-8e-05,-8e-05,5e-05,0.00046,0.00019,3e-05,3
43054,-0.00016,-1e-05,-8e-05,-8e-05,5e-05,0.00046,0.00019,3e-05,3
43055,-0.00016,-1e-05,-8e-05,-8e-05,5e-05,0.00046,0.00019,3e-05,3
43056,-0.00016,-1e-05,-8e-05,-8e-05,5e-05,0.00046,0.00019,3e-05,3
43057,-0.00016,-1e-05,-8e-05,-8e-05,5e-05,0.00046,0.00019,3e-05,3
43058,-0.00016,-1e-05,-8e-05,-8e-05,5e-05,0.00046,0.00019,3e-05,3
43059,0.00023,0.0,-3e-05,-0.0001,-7e-05,-0.00051,-0.00015,0.0,3
43060,0.00028,0.00012,0.0001,0.00021,9e-05,0.00046,-1e-05,7e-05,3
43061,0.00028,0.00012,0.0001,0.00021,9e-05,0.00046,-1e-05,7e-05,3
43062,0.00028,0.00012,0.0001,0.00021,9e-05,0.00046,-1e-05,7e-05,3
43063,0.00028,0.00012,0.0001,0.00021,9e-05,0.00046,-1e-05,7e-05,3
43064,0.00028,0.00012,0.0001,0.00021,9e-05,0.00046,-1e-05,7e-05,3
43065,0.00028,0.00012,0.0001,0.00021,9e-05,0.00046,-1e-05,7e-05,3
43066,0.00028,0.00012,0.0001,0.00021,9e-05,0.00046,-1e-05,7e-05,3
43067,0.00028,0.00012,0.0001,0.00021,9e-05,0.00046,-1e-05,7e-05,3
43068,-0.0003,1e-05,2e-05,-2e-05,2e-05,-0.00017,2e-05,-0.0001,3
43069,0.00032,2e-05,-3e-05,4e-05,0.00012,0.00044,0.00012,0.00012,3
43070,0.00032,2e-05,-3e-05,4e-05,0.00012,0.00044,0.00012,0.00012,3
43071,0.00032,2e-05,-3e-05,4e-05,0.00012,0.00044,0.00012,0.00012,3
43072,0.00032,2e-05,-3e-05,4e-05,0.00012,0.00044,0.00012,0.00012,3
43073,0.00032,2e-05,-3e-05,4e-05,0.00012,0.00044,0.00012,0.00012,3
43074,0.00032,2e-05,-3e-05,4e-05,0.00012,0.00044,0.00012,0.00012,3
43075,0.00032,2e-05,-3e-05,4e-05,0.00012,0.00044,0.00012,0.00012,3
43076,0.00032,2e-05,-3e-05,4e-05,0.00012,0.00044,0.00012,0.00012,3
43077,0.00032,2e-05,-3e-05,4e-05,0.00012,0.00044,0.00012,0.00012,3
43078,0.00032,2e-05,-3e-05,4e-05,0.00012,0.00044,0.00012,0.00012,3
43079,0.00032,2e-05,-3e-05,4e-05,0.00012,0.00044,0.00012,0.00012,3
43080,0.00032,2e-05,-3e-05,4e-05,0.00012,0.00044,0.00012,0.00012,3
43081,0.00032,2e-05,-3e-05,4e-05,0.00012,0.00044,0.00012,0.00012,3
43082,0.00032,2e-05,-3e-05,4e-05,0.00012,0.00044,0.00012,0.00012,3
43083,-0.00038,-4e-05,-5e-05,-0.00011,3e-05,1e-05,-6e-05,-0.00014,3
43084,-0.00038,-4e-05,-5e-05,-0.00011,3e-05,1e-05,-6e-05,-0.00014,3
43085,-2e-05,5e-05,2e-05,-1e-05,-8e-05,-0.00033,-3e-05,-6e-05,3
43086,-2e-05,5e-05,2e-05,-1e-05,-8e-05,-0.00033,-3e-05,-6e-05,3
43088,-2e-05,5e-05,2e-05,-1e-05,-8e-05,-0.00033,-3e-05,-6e-05,3
43089,-2e-05,5e-05,2e-05,-1e-05,-8e-05,-0.00033,-3e-05,-6e-05,3
43090,-2e-05,5e-05,2e-05,-1e-05,-8e-05,-0.00033,-3e-05,-6e-05,3
43091,-2e-05,5e-05,2e-05,-1e-05,-8e-05,-0.00033,-3e-05,-6e-05,3
43092,-2e-05,5e-05,2e-05,-1e-05,-8e-05,-0.00033,-3e-05,-6e-05,3
43093,-2e-05,5e-05,2e-05,-1e-05,-8e-05,-0.00033,-3e-05,-6e-05,3
43094,-2e-05,5e-05,2e-05,-1e-05,-8e-05,-0.00033,-3e-05,-6e-05,3
43095,-2e-05,5e-05,2e-05,-1e-05,-8e-05,-0.00033,-3e-05,-6e-05,3
43096,-2e-05,5e-05,2e-05,-1e-05,-8e-05,-0.00033,-3e-05,-6e-05,3
43097,-2e-05,5e-05,2e-05,-1e-05,-8e-05,-0.00033,-3e-05,-6e-05,3
43098,-2e-05,5e-05,2e-05,-1e-05,-8e-05,-0.00033,-3e-05,-6e-05,3
43099,-2e-05,5e-05,2e-05,-1e-05,-8e-05,-0.00033,-3e-05,-6e-05,3
43100,-2e-05,5e-05,2e-05,-1e-05,-8e-05,-0.00033,-3e-05,-6e-05,3
43101,-2e-05,5e-05,2e-05,-1e-05,-8e-05,-0.00033,-3e-05,-6e-05,3
43102,-2e-05,5e-05,2e-05,-1e-05,-8e-05,-0.00033,-3e-05,-6e-05,3
43104,-2e-05,5e-05,2e-05,-1e-05,-8e-05,-0.00033,-3e-05,-6e-05,3
43105,-2e-05,5e-05,2e-05,-1e-05,-8e-05,-0.00033,-3e-05,-6e-05,3
43106,-2e-05,5e-05,2e-05,-1e-05,-8e-05,-0.00033,-3e-05,-6e-05,3
43107,-2e-05,5e-05,2e-05,-1e-05,-8e-05,-0.00033,-3e-05,-6e-05,3
43108,-2e-05,5e-05,2e-05,-1e-05,-8e-05,-0.00033,-3e-05,-6e-05,3
43109,-2e-05,5e-05,2e-05,-1e-05,-8e-05,-0.00033,-3e-05,-6e-05,3
43110,-2e-05,5e-05,2e-05,-1e-05,-8e-05,-0.00033,-3e-05,-6e-05,3
43111,-2e-05,5e-05,2e-05,-1e-05,-8e-05,-0.00033,-3e-05,-6e-05,3
43112,-2e-05,5e-05,2e-05,-1e-05,-8e-05,-0.00033,-3e-05,-6e-05,3
43113,0.00014,-0.0001,-4e-05,-7e-05,-3e-05,-0.00022,0.0,6e-05,3
43114,0.00014,-0.0001,-4e-05,-7e-05,-3e-05,-0.00022,0.0,6e-05,3
43115,0.0001,-5e-05,0.0,-5e-05,-0.00033,-0.00031,-0.00012,-4e-05,3
43116,0.0001,-5e-05,0.0,-5e-05,-0.00033,-0.00031,-0.00012,-4e-05,3
43117,0.0001,-5e-05,0.0,-5e-05,-0.00033,-0.00031,-0.00012,-4e-05,3
43118,0.0001,-5e-05,0.0,-5e-05,-0.00033,-0.00031,-0.00012,-4e-05,3
43119,0.0001,-5e-05,0.0,-5e-05,-0.00033,-0.00031,-0.00012,-4e-05,3
43120,0.0001,-5e-05,0.0,-5e-05,-0.00033,-0.00031,-0.00012,-4e-05,3
43121,0.0001,-5e-05,0.0,-5e-05,-0.00033,-0.00031,-0.00012,-4e-05,3
43122,0.0001,-5e-05,0.0,-5e-05,-0.00033,-0.00031,-0.00012,-4e-05,3
43123,0.0001,-5e-05,0.0,-5e-05,-0.00033,-0.00031,-0.00012,-4e-05,3
43124,0.0001,-5e-05,0.0,-5e-05,-0.00033,-0.00031,-0.00012,-4e-05,3
43125,0.0001,-5e-05,0.0,-5e-05,-0.00033,-0.00031,-0.00012,-4e-05,3
43126,0.0001,-5e-05,0.0,-5e-05,-0.00033,-0.00031,-0.00012,-4e-05,3
43127,0.0001,-5e-05,0.0,-5e-05,-0.00033,-0.00031,-0.00012,-4e-05,3
43128,0.00024,2e-05,7e-05,0.00018,0.00022,-0.00042,-0.00013,-7e-05,3
43129,0.00024,2e-05,7e-05,0.00018,0.00022,-0.00042,-0.00013,-7e-05,3
43130,-0.0003,-4e-05,-0.0001,-9e-05,0.00022,-8e-05,-4e-05,5e-05,3
43131,-0.0003,-4e-05,-0.0001,-9e-05,0.00022,-8e-05,-4e-05,5e-05,3
43132,-0.0003,-4e-05,-0.0001,-9e-05,0.00022,-8e-05,-4e-05,5e-05,3
43133,-0.0003,-4e-05,-0.0001,-9e-05,0.00022,-8e-05,-4e-05,5e-05,3
43134,-0.0003,-4e-05,-0.0001,-9e-05,0.00022,-8e-05,-4e-05,5e-05,3
43135,-0.0003,-4e-05,-0.0001,-9e-05,0.00022,-8e-05,-4e-05,5e-05,3
43136,-0.0003,-4e-05,-0.0001,-9e-05,0.00022,-8e-05,-4e-05,5e-05,3
43138,-0.0003,-4e-05,-0.0001,-9e-05,0.00022,-8e-05,-4e-05,5e-05,3
43139,-0.0003,-4e-05,-0.0001,-9e-05,0.00022,-8e-05,-4e-05,5e-05,3
43140,-0.0003,-4e-05,-0.0001,-9e-05,0.00022,-8e-05,-4e-05,5e-05,3
43141,-0.0003,-4e-05,-0.0001,-9e-05,0.00022,-8e-05,-4e-05,5e-05,3
43142,-0.0003,-4e-05,-0.0001,-9e-05,0.00022,-8e-05,-4e-05,5e-05,3
43143,-0.0003,-4e-05,-0.0001,-9e-05,0.00022,-8e-05,-4e-05,5e-05,3
43144,-0.0003,-4e-05,-0.0001,-9e-05,0.00022,-8e-05,-4e-05,5e-05,3
43145,-0.0003,-4e-05,-0.0001,-9e-05,0.00022,-8e-05,-4e-05,5e-05,3
43146,-0.0003,-4e-05,-0.0001,-9e-05,0.00022,-8e-05,-4e-05,5e-05,3
43147,-0.0003,-4e-05,-0.0001,-9e-05,0.00022,-8e-05,-4e-05,5e-05,3
43148,-0.0003,-4e-05,-0.0001,-9e-05,0.00022,-8e-05,-4e-05,5e-05,3
43149,-0.0003,-4e-05,-0.0001,-9e-05,0.00022,-8e-05,-4e-05,5e-05,3
43150,-0.0003,-4e-05,-0.0001,-9e-05,0.00022,-8e-05,-4e-05,5e-05,3
43151,0.0002,7e-05,0.0,-1e-05,-0.00021,-0.0001,-4e-05,7e-05,3
43152,6e-05,7e-05,9e-05,6e-05,0.00027,0.00016,1e-05,6e-05,3
43153,-0.00061,-0.0001,-5e-05,-2e-05,-7e-05,0.00012,-1e-05,-7e-05,3
43154,-0.00061,-0.0001,-5e-05,-2e-05,-7e-05,0.00012,-1e-05,-7e-05,3
43155,-0.00061,-0.0001,-5e-05,-2e-05,-7e-05,0.00012,-1e-05,-7e-05,3
43156,-0.00061,-0.0001,-5e-05,-2e-05,-7e-05,0.00012,-1e-05,-7e-05,3
43157,-0.00061,-0.0001,-5e-05,-2e-05,-7e-05,0.00012,-1e-05,-7e-05,3
43158,-0.00061,-0.0001,-5e-05,-2e-05,-7e-05,0.00012,-1e-05,-7e-05,3
43159,-0.00061,-0.0001,-5e-05,-2e-05,-7e-05,0.00012,-1e-05,-7e-05,3
43160,-0.00061,-0.0001,-5e-05,-2e-05,-7e-05,0.00012,-1e-05,-7e-05,3
43161,-0.00061,-0.0001,-5e-05,-2e-05,-7e-05,0.00012,-1e-05,-7e-05,3
43162,-0.00061,-0.0001,-5e-05,-2e-05,-7e-05,0.00012,-1e-05,-7e-05,3
43163,-0.00061,-0.0001,-5e-05,-2e-05,-7e-05,0.00012,-1e-05,-7e-05,3
43164,-0.00061,-0.0001,-5e-05,-2e-05,-7e-05,0.00012,-1e-05,-7e-05,3
43165,-0.00061,-0.0001,-5e-05,-2e-05,-7e-05,0.00012,-1e-05,-7e-05,3
43166,-0.00027,-4e-05,-4e-05,-7e-05,7e-05,0.00038,4e-05,-3e-05,3
43167,-0.00036,-3e-05,3e-05,7e-05,0.00017,8e-05,6e-05,-5e-05,3
43168,-0.00036,-3e-05,3e-05,7e-05,0.00017,8e-05,6e-05,-5e-05,3
43169,-0.00036,-3e-05,3e-05,7e-05,0.00017,8e-05,6e-05,-5e-05,3
43170,-0.00036,-3e-05,3e-05,7e-05,0.00017,8e-05,6e-05,-5e-05,3
43171,-0.00036,-3e-05,3e-05,7e-05,0.00017,8e-05,6e-05,-5e-05,3
43172,-0.00036,-3e-05,3e-05,7e-05,0.00017,8e-05,6e-05,-5e-05,3
43173,-0.00036,-3e-05,3e-05,7e-05,0.00017,8e-05,6e-05,-5e-05,3
43174,-0.00036,-3e-05,3e-05,7e-05,0.00017,8e-05,6e-05,-5e-05,3
43175,-0.00036,-3e-05,3e-05,7e-05,0.00017,8e-05,6e-05,-5e-05,3
43176,-0.00036,-3e-05,3e-05,7e-05,0.00017,8e-05,6e-05,-5e-05,3
43177,-0.00036,-3e-05,3e-05,7e-05,0.00017,8e-05,6e-05,-5e-05,3
43178,-0.00036,-3e-05,3e-05,7e-05,0.00017,8e-05,6e-05,-5e-05,3
43179,7e-05,4e-05,5e-05,0.0001,0.00019,1e-05,-4e-05,-5e-05,3
43180,0.00012,-7e-05,-0.00011,-0.00026,-0.00051,-0.00017,-0.00013,0.0,3
43181,0.00012,-7e-05,-0.00011,-0.00026,-0.00051,-0.00017,-0.00013,0.0,3
43183,0.00012,-7e-05,-0.00011,-0.00026,-0.00051,-0.00017,-0.00013,0.0,3
43184,0.00012,-7e-05,-0.00011,-0.00026,-0.00051,-0.00017,-0.00013,0.0,3
43185,0.00012,-7e-05,-0.00011,-0.00026,-0.00051,-0.00017,-0.00013,0.0,3
43186,0.00012,-7e-05,-0.00011,-0.00026,-0.00051,-0.00017,-0.00013,0.0,3
43189,0.00012,-7e-05,-0.00011,-0.00026,-0.00051,-0.00017,-0.00013,0.0,3
43190,0.00012,-7e-05,-0.00011,-0.00026,-0.00051,-0.00017,-0.00013,0.0,3
43191,0.00012,-7e-05,-0.00011,-0.00026,-0.00051,-0.00017,-0.00013,0.0,3
43192,0.00012,-7e-05,-0.00011,-0.00026,-0.00051,-0.00017,-0.00013,0.0,3
43193,0.00012,-7e-05,-0.00011,-0.00026,-0.00051,-0.00017,-0.00013,0.0,3
43194,0.00039,-2e-05,2e-05,0.00017,0.00048,-8e-05,-6e-05,-4e-05,3
43195,-9e-05,-1e-05,2e-05,-5e-05,-1e-05,0.0002,-3e-05,5e-05,3
43196,-9e-05,-1e-05,2e-05,-5e-05,-1e-05,0.0002,-3e-05,5e-05,3
43197,-9e-05,-1e-05,2e-05,-5e-05,-1e-05,0.0002,-3e-05,5e-05,3
43198,-9e-05,-1e-05,2e-05,-5e-05,-1e-05,0.0002,-3e-05,5e-05,3
43199,-9e-05,-1e-05,2e-05,-5e-05,-1e-05,0.0002,-3e-05,5e-05,3
43200,-9e-05,-1e-05,2e-05,-5e-05,-1e-05,0.0002,-3e-05,5e-05,3
43201,-9e-05,-1e-05,2e-05,-5e-05,-1e-05,0.0002,-3e-05,5e-05,3
43202,-9e-05,-1e-05,2e-05,-5e-05,-1e-05,0.0002,-3e-05,5e-05,3
43203,4e-05,-5e-05,-2e-05,-9e-05,-0.00035,-0.00016,-0.00015,7e-05,3
43204,4e-05,-5e-05,-2e-05,-9e-05,-0.00035,-0.00016,-0.00015,7e-05,3
43205,0.00044,3e-05,-2e-05,3e-05,5e-05,-0.00034,-3e-05,4e-05,3
43206,0.00044,3e-05,-2e-05,3e-05,5e-05,-0.00034,-3e-05,4e-05,3
43207,0.00044,3e-05,-2e-05,3e-05,5e-05,-0.00034,-3e-05,4e-05,3
43208,0.00044,3e-05,-2e-05,3e-05,5e-05,-0.00034,-3e-05,4e-05,3
43209,0.00044,3e-05,-2e-05,3e-05,5e-05,-0.00034,-3e-05,4e-05,3
43210,0.00044,3e-05,-2e-05,3e-05,5e-05,-0.00034,-3e-05,4e-05,3
43211,0.00044,3e-05,-2e-05,3e-05,5e-05,-0.00034,-3e-05,4e-05,3
43212,0.00044,3e-05,-2e-05,3e-05,5e-05,-0.00034,-3e-05,4e-05,3
43213,0.00044,3e-05,-2e-05,3e-05,5e-05,-0.00034,-3e-05,4e-05,3
43214,0.00044,3e-05,-2e-05,3e-05,5e-05,-0.00034,-3e-05,4e-05,3
43215,0.00044,3e-05,-2e-05,3e-05,5e-05,-0.00034,-3e-05,4e-05,3
43216,0.00044,3e-05,-2e-05,3e-05,5e-05,-0.00034,-3e-05,4e-05,3
43217,0.00044,3e-05,-2e-05,3e-05,5e-05,-0.00034,-3e-05,4e-05,3
43218,0.00044,3e-05,-2e-05,3e-05,5e-05,-0.00034,-3e-05,4e-05,3
43219,0.00044,3e-05,-2e-05,3e-05,5e-05,-0.00034,-3e-05,4e-05,3
43220,0.00044,3e-05,-2e-05,3e-05,5e-05,-0.00034,-3e-05,4e-05,3
43221,0.00044,3e-05,-2e-05,3e-05,5e-05,-0.00034,-3e-05,4e-05,3
43222,0.00044,3e-05,-2e-05,3e-05,5e-05,-0.00034,-3e-05,4e-05,3
43223,0.00044,3e-05,-2e-05,3e-05,5e-05,-0.00034,-3e-05,4e-05,3
43224,0.00044,3e-05,-2e-05,3e-05,5e-05,-0.00034,-3e-05,4e-05,3
43225,0.00044,3e-05,-2e-05,3e-05,5e-05,-0.00034,-3e-05,4e-05,3
43226,0.00044,3e-05,-2e-05,3e-05,5e-05,-0.00034,-3e-05,4e-05,3
43227,0.00044,3e-05,-2e-05,3e-05,5e-05,-0.00034,-3e-05,4e-05,3
43228,0.00044,3e-05,-2e-05,3e-05,5e-05,-0.00034,-3e-05,4e-05,3
43229,0.00044,3e-05,-2e-05,3e-05,5e-05,-0.00034,-3e-05,4e-05,3
43230,0.00044,3e-05,-2e-05,3e-05,5e-05,-0.00034,-3e-05,4e-05,3
43231,0.00044,3e-05,-2e-05,3e-05,5e-05,-0.00034,-3e-05,4e-05,3
43232,0.00044,3e-05,-2e-05,3e-05,5e-05,-0.00034,-3e-05,4e-05,3
43233,-0.00023,-2e-05,-2e-05,-7e-05,-7e-05,8e-05,-8e-05,7e-05,3
43234,-0.00023,-2e-05,-2e-05,-7e-05,-7e-05,8e-05,-8e-05,7e-05,3
43235,-0.00037,-3e-05,2e-05,3e-05,0.0002,-0.00019,-8e-05,-5e-05,3
43236,-0.00037,-3e-05,2e-05,3e-05,0.0002,-0.00019,-8e-05,-5e-05,3
43238,-0.00037,-3e-05,2e-05,3e-05,0.0002,-0.00019,-8e-05,-5e-05,3
43239,-0.00037,-3e-05,2e-05,3e-05,0.0002,-0.00019,-8e-05,-5e-05,3
43240,-0.00037,-3e-05,2e-05,3e-05,0.0002,-0.00019,-8e-05,-5e-05,3
43241,-0.00037,-3e-05,2e-05,3e-05,0.0002,-0.00019,-8e-05,-5e-05,3
43242,-0.00037,-3e-05,2e-05,3e-05,0.0002,-0.00019,-8e-05,-5e-05,3
43243,-0.00037,-3e-05,2e-05,3e-05,0.0002,-0.00019,-8e-05,-5e-05,3
43244,-0.00037,-3e-05,2e-05,3e-05,0.0002,-0.00019,-8e-05,-5e-05,3
43245,-0.00037,-3e-05,2e-05,3e-05,0.0002,-0.00019,-8e-05,-5e-05,3
43246,-0.00037,-3e-05,2e-05,3e-05,0.0002,-0.00019,-8e-05,-5e-05,3
43247,-0.00037,-3e-05,2e-05,3e-05,0.0002,-0.00019,-8e-05,-5e-05,3
43248,-0.00037,-3e-05,2e-05,3e-05,0.0002,-0.00019,-8e-05,-5e-05,3
43249,0.00012,-3e-05,-8e-05,-9e-05,-0.00016,-9e-05,0.00011,-8e-05,3
43250,-0.00016,-2e-05,-8e-05,-0.00019,-0.00019,-3e-05,2e-05,3e-05,3
43251,-7e-05,-4e-05,2e-05,9e-05,-5e-05,0.00011,-7e-05,-0.00018,3
43252,-7e-05,-4e-05,2e-05,9e-05,-5e-05,0.00011,-7e-05,-0.00018,3
43253,-7e-05,-4e-05,2e-05,9e-05,-5e-05,0.00011,-7e-05,-0.00018,3
43254,-7e-05,-4e-05,2e-05,9e-05,-5e-05,0.00011,-7e-05,-0.00018,3
43255,-7e-05,-4e-05,2e-05,9e-05,-5e-05,0.00011,-7e-05,-0.00018,3
43256,-7e-05,-4e-05,2e-05,9e-05,-5e-05,0.00011,-7e-05,-0.00018,3
43257,-7e-05,-4e-05,2e-05,9e-05,-5e-05,0.00011,-7e-05,-0.00018,3
43258,-7e-05,-4e-05,2e-05,9e-05,-5e-05,0.00011,-7e-05,-0.00018,3
43259,-7e-05,-4e-05,2e-05,9e-05,-5e-05,0.00011,-7e-05,-0.00018,3
43260,-7e-05,-4e-05,2e-05,9e-05,-5e-05,0.00011,-7e-05,-0.00018,3
43261,-7e-05,-4e-05,2e-05,9e-05,-5e-05,0.00011,-7e-05,-0.00018,3
43262,-7e-05,-4e-05,2e-05,9e-05,-5e-05,0.00011,-7e-05,-0.00018,3
43263,-7e-05,1e-05,2e-05,6e-05,0.00021,0.00017,4e-05,1e-05,3
43264,-7e-05,1e-05,2e-05,6e-05,0.00021,0.00017,4e-05,1e-05,3
43265,-7e-05,1e-05,2e-05,6e-05,0.00021,0.00017,4e-05,1e-05,3
43266,-7e-05,1e-05,2e-05,6e-05,0.00021,0.00017,4e-05,1e-05,3
43267,-7e-05,1e-05,2e-05,6e-05,0.00021,0.00017,4e-05,1e-05,3
43268,-7e-05,1e-05,2e-05,6e-05,0.00021,0.00017,4e-05,1e-05,3
43269,-7e-05,1e-05,2e-05,6e-05,0.00021,0.00017,4e-05,1e-05,3
43270,-7e-05,1e-05,2e-05,6e-05,0.00021,0.00017,4e-05,1e-05,3
43271,0.00031,-2e-05,-8e-05,-0.00014,-0.00023,4e-05,-9e-05,0.0,3
43272,0.00031,-2e-05,-8e-05,-0.00014,-0.00023,4e-05,-9e-05,0.0,3
43273,0.00031,-2e-05,-8e-05,-0.00014,-0.00023,4e-05,-9e-05,0.0,3
43274,0.00031,-2e-05,-8e-05,-0.00014,-0.00023,4e-05,-9e-05,0.0,3
43275,0.00031,-2e-05,-8e-05,-0.00014,-0.00023,4e-05,-9e-05,0.0,3
43276,0.00031,-2e-05,-8e-05,-0.00014,-0.00023,4e-05,-9e-05,0.0,3
43277,0.00031,-2e-05,-8e-05,-0.00014,-0.00023,4e-05,-9e-05,0.0,3
43278,0.00031,-2e-05,-8e-05,-0.00014,-0.00023,4e-05,-9e-05,0.0,3
43279,0.00031,-2e-05,-8e-05,-0.00014,-0.00023,4e-05,-9e-05,0.0,3
43280,0.00031,-2e-05,-8e-05,-0.00014,-0.00023,4e-05,-9e-05,0.0,3
43281,0.00031,-2e-05,-8e-05,-0.00014,-0.00023,4e-05,-9e-05,0.0,3
43282,0.00031,-2e-05,-8e-05,-0.00014,-0.00023,4e-05,-9e-05,0.0,3
43283,0.00031,-2e-05,-8e-05,-0.00014,-0.00023,4e-05,-9e-05,0.0,3
43284,0.00031,-2e-05,-8e-05,-0.00014,-0.00023,4e-05,-9e-05,0.0,3
43285,0.00031,-2e-05,-8e-05,-0.00014,-0.00023,4e-05,-9e-05,0.0,3
43286,5e-05,5e-05,2e-05,3e-05,-1e-05,0.00022,0.00028,3e-05,3
43289,0.00017,0.0,-3e-05,7e-05,7e-05,1e-05,0.00013,8e-05,3
43290,0.00017,0.0,-3e-05,7e-05,7e-05,1e-05,0.00013,8e-05,3
43291,0.00017,0.0,-3e-05,7e-05,7e-05,1e-05,0.00013,8e-05,3
43292,0.00017,0.0,-3e-05,7e-05,7e-05,1e-05,0.00013,8e-05,3
43293,0.00017,0.0,-3e-05,7e-05,7e-05,1e-05,0.00013,8e-05,3
43294,0.00017,0.0,-3e-05,7e-05,7e-05,1e-05,0.00013,8e-05,3
43295,0.00017,0.0,-3e-05,7e-05,7e-05,1e-05,0.00013,8e-05,3
43296,0.00017,0.0,-3e-05,7e-05,7e-05,1e-05,0.00013,8e-05,3
43297,0.00017,0.0,-3e-05,7e-05,7e-05,1e-05,0.00013,8e-05,3
43298,0.00017,0.0,-3e-05,7e-05,7e-05,1e-05,0.00013,8e-05,3
43299,0.00017,0.0,-3e-05,7e-05,7e-05,1e-05,0.00013,8e-05,3
43300,0.00017,0.0,-3e-05,7e-05,7e-05,1e-05,0.00013,8e-05,3
43301,0.00017,0.0,-3e-05,7e-05,7e-05,1e-05,0.00013,8e-05,3
43302,0.00017,0.0,-3e-05,7e-05,7e-05,1e-05,0.00013,8e-05,3
43303,0.00017,0.0,-3e-05,7e-05,7e-05,1e-05,0.00013,8e-05,3
43304,0.00017,0.0,-3e-05,7e-05,7e-05,1e-05,0.00013,8e-05,3
43305,0.00017,0.0,-3e-05,7e-05,7e-05,1e-05,0.00013,8e-05,3
43306,0.00017,0.0,-3e-05,7e-05,7e-05,1e-05,0.00013,8e-05,3
43307,0.00017,0.0,-3e-05,7e-05,7e-05,1e-05,0.00013,8e-05,3
43308,0.00017,0.0,-3e-05,7e-05,7e-05,1e-05,0.00013,8e-05,3
43309,-6e-05,1e-05,4e-05,7e-05,0.00018,4e-05,-2e-05,5e-05,3
43310,-0.00028,-2e-05,0.0,-7e-05,-0.00024,0.0001,-0.00011,-9e-05,3
43311,0.00025,-1e-05,-1e-05,-5e-05,9e-05,-0.00018,2e-05,2e-05,3
43312,0.00025,-1e-05,-1e-05,-5e-05,9e-05,-0.00018,2e-05,2e-05,3
43313,0.00025,-1e-05,-1e-05,-5e-05,9e-05,-0.00018,2e-05,2e-05,3
43314,0.00025,-1e-05,-1e-05,-5e-05,9e-05,-0.00018,2e-05,2e-05,3
43315,0.00025,-1e-05,-1e-05,-5e-05,9e-05,-0.00018,2e-05,2e-05,3
43316,0.00025,-1e-05,-1e-05,-5e-05,9e-05,-0.00018,2e-05,2e-05,3
43317,0.00025,-1e-05,-1e-05,-5e-05,9e-05,-0.00018,2e-05,2e-05,3
43318,0.00025,-1e-05,-1e-05,-5e-05,9e-05,-0.00018,2e-05,2e-05,3
43319,0.00025,-1e-05,-1e-05,-5e-05,9e-05,-0.00018,2e-05,2e-05,3
43320,0.00025,-1e-05,-1e-05,-5e-05,9e-05,-0.00018,2e-05,2e-05,3
43321,0.00025,-1e-05,-1e-05,-5e-05,9e-05,-0.00018,2e-05,2e-05,3
43322,0.00025,-1e-05,-1e-05,-5e-05,9e-05,-0.00018,2e-05,2e-05,3
43323,3e-05,0.0,2e-05,-2e-05,-5e-05,8e-05,-0.00015,-8e-05,3
43324,3e-05,0.0,2e-05,-2e-05,-5e-05,8e-05,-0.00015,-8e-05,3
43325,2e-05,0.0,-3e-05,-0.00013,-0.00035,-0.00042,6e-05,1e-05,3
43326,2e-05,0.0,-3e-05,-0.00013,-0.00035,-0.00042,6e-05,1e-05,3
43327,2e-05,0.0,-3e-05,-0.00013,-0.00035,-0.00042,6e-05,1e-05,3
43328,2e-05,0.0,-3e-05,-0.00013,-0.00035,-0.00042,6e-05,1e-05,3
43329,2e-05,0.0,-3e-05,-0.00013,-0.00035,-0.00042,6e-05,1e-05,3
43330,2e-05,0.0,-3e-05,-0.00013,-0.00035,-0.00042,6e-05,1e-05,3
43331,2e-05,0.0,-3e-05,-0.00013,-0.00035,-0.00042,6e-05,1e-05,3
43332,2e-05,0.0,-3e-05,-0.00013,-0.00035,-0.00042,6e-05,1e-05,3
43333,2e-05,0.0,-3e-05,-0.00013,-0.00035,-0.00042,6e-05,1e-05,3
43334,2e-05,0.0,-3e-05,-0.00013,-0.00035,-0.00042,6e-05,1e-05,3
43335,2e-05,0.0,-3e-05,-0.00013,-0.00035,-0.00042,6e-05,1e-05,3
43336,2e-05,0.0,-3e-05,-0.00013,-0.00035,-0.00042,6e-05,1e-05,3
43338,2e-05,0.0,-3e-05,-0.00013,-0.00035,-0.00042,6e-05,1e-05,3
43339,2e-05,0.0,-3e-05,-0.00013,-0.00035,-0.00042,6e-05,1e-05,3
43340,2e-05,0.0,-3e-05,-0.00013,-0.00035,-0.00042,6e-05,1e-05,3
43341,2e-05,0.0,-3e-05,-0.00013,-0.00035,-0.00042,6e-05,1e-05,3
43342,2e-05,0.0,-3e-05,-0.00013,-0.00035,-0.00042,6e-05,1e-05,3
43343,2e-05,0.0,-3e-05,-0.00013,-0.00035,-0.00042,6e-05,1e-05,3
43344,2e-05,0.0,-3e-05,-0.00013,-0.00035,-0.00042,6e-05,1e-05,3
43345,2e-05,0.0,-3e-05,-0.00013,-0.00035,-0.00042,6e-05,1e-05,3
43346,0.00014,8e-05,0.0,1e-05,5e-05,-6e-05,9e-05,1e-05,3
43347,-0.0001,2e-05,1e-05,-1e-05,-8e-05,6e-05,1e-05,0.0,3
43348,-0.0001,2e-05,1e-05,-1e-05,-8e-05,6e-05,1e-05,0.0,3
43349,-0.0001,2e-05,1e-05,-1e-05,-8e-05,6e-05,1e-05,0.0,3
43350,-0.0001,2e-05,1e-05,-1e-05,-8e-05,6e-05,1e-05,0.0,3
43351,-0.0001,2e-05,1e-05,-1e-05,-8e-05,6e-05,1e-05,0.0,3
43352,-0.0001,2e-05,1e-05,-1e-05,-8e-05,6e-05,1e-05,0.0,3
43353,-0.0001,2e-05,1e-05,-1e-05,-8e-05,6e-05,1e-05,0.0,3
43354,-0.0001,2e-05,1e-05,-1e-05,-8e-05,6e-05,1e-05,0.0,3
43355,-0.0001,2e-05,1e-05,-1e-05,-8e-05,6e-05,1e-05,0.0,3
43356,-0.0001,2e-05,1e-05,-1e-05,-8e-05,6e-05,1e-05,0.0,3
43357,-0.0001,2e-05,1e-05,-1e-05,-8e-05,6e-05,1e-05,0.0,3
43358,-0.0001,2e-05,1e-05,-1e-05,-8e-05,6e-05,1e-05,0.0,3
43359,-0.0001,2e-05,1e-05,-1e-05,-8e-05,6e-05,1e-05,0.0,3
43360,-0.0001,2e-05,1e-05,-1e-05,-8e-05,6e-05,1e-05,0.0,3
43361,-0.0001,2e-05,1e-05,-1e-05,-8e-05,6e-05,1e-05,0.0,3
43362,-0.0001,2e-05,1e-05,-1e-05,-8e-05,6e-05,1e-05,0.0,3
43363,-0.0001,2e-05,1e-05,-1e-05,-8e-05,6e-05,1e-05,0.0,3
43364,-0.0001,2e-05,1e-05,-1e-05,-8e-05,6e-05,1e-05,0.0,3
43365,-0.0001,2e-05,1e-05,-1e-05,-8e-05,6e-05,1e-05,0.0,3
43366,-0.0001,2e-05,1e-05,-1e-05,-8e-05,6e-05,1e-05,0.0,3
43367,-0.0001,2e-05,1e-05,-1e-05,-8e-05,6e-05,1e-05,0.0,3
43368,-2e-05,1e-05,-5e-05,-4e-05,-0.00011,-4e-05,-6e-05,-2e-05,3
43369,4e-05,4e-05,0.0,4e-05,0.00012,8e-05,4e-05,-8e-05,3
43370,-0.00013,0.0,3e-05,1e-05,-0.00018,6e-05,-0.00024,-0.00011,3
43371,-0.00013,0.0,3e-05,1e-05,-0.00018,6e-05,-0.00024,-0.00011,3
43372,-0.00013,0.0,3e-05,1e-05,-0.00018,6e-05,-0.00024,-0.00011,3
43373,-0.00013,0.0,3e-05,1e-05,-0.00018,6e-05,-0.00024,-0.00011,3
43374,-0.00013,0.0,3e-05,1e-05,-0.00018,6e-05,-0.00024,-0.00011,3
43375,-0.00013,0.0,3e-05,1e-05,-0.00018,6e-05,-0.00024,-0.00011,3
43376,-0.00013,0.0,3e-05,1e-05,-0.00018,6e-05,-0.00024,-0.00011,3
43377,-0.00013,0.0,3e-05,1e-05,-0.00018,6e-05,-0.00024,-0.00011,3
43378,-0.00013,0.0,3e-05,1e-05,-0.00018,6e-05,-0.00024,-0.00011,3
43379,-0.00013,0.0,3e-05,1e-05,-0.00018,6e-05,-0.00024,-0.00011,3
43380,-0.00013,0.0,3e-05,1e-05,-0.00018,6e-05,-0.00024,-0.00011,3
43381,-0.00013,0.0,3e-05,1e-05,-0.00018,6e-05,-0.00024,-0.00011,3
43382,-0.00013,0.0,3e-05,1e-05,-0.00018,6e-05,-0.00024,-0.00011,3
43383,-0.00014,-3e-05,3e-05,0.00014,0.00023,2e-05,-4e-05,1e-05,3
43384,-0.00014,-3e-05,3e-05,0.00014,0.00023,2e-05,-4e-05,1e-05,3
43385,-0.00014,-3e-05,3e-05,0.00014,0.00023,2e-05,-4e-05,1e-05,3
43386,-0.00014,-3e-05,3e-05,0.00014,0.00023,2e-05,-4e-05,1e-05,3
43388,-0.00014,-3e-05,3e-05,0.00014,0.00023,2e-05,-4e-05,1e-05,3
43389,-0.00014,-3e-05,3e-05,0.00014,0.00023,2e-05,-4e-05,1e-05,3
43390,0.00015,3e-05,-2e-05,-1e-05,0.00026,0.00014,6e-05,5e-05,3
43391,0.00015,3e-05,-2e-05,-1e-05,0.00026,0.00014,6e-05,5e-05,3
43392,0.00015,3e-05,-2e-05,-1e-05,0.00026,0.00014,6e-05,5e-05,3
43393,0.00015,3e-05,-2e-05,-1e-05,0.00026,0.00014,6e-05,5e-05,3
43394,0.00015,3e-05,-2e-05,-1e-05,0.00026,0.00014,6e-05,5e-05,3
43395,0.00015,3e-05,-2e-05,-1e-05,0.00026,0.00014,6e-05,5e-05,3
43396,0.00015,3e-05,-2e-05,-1e-05,0.00026,0.00014,6e-05,5e-05,3
43397,0.00015,3e-05,-2e-05,-1e-05,0.00026,0.00014,6e-05,5e-05,3
43398,0.00015,3e-05,-2e-05,-1e-05,0.00026,0.00014,6e-05,5e-05,3
43399,0.00015,3e-05,-2e-05,-1e-05,0.00026,0.00014,6e-05,5e-05,3
43400,0.00015,3e-05,-2e-05,-1e-05,0.00026,0.00014,6e-05,5e-05,3
43401,0.00015,3e-05,-2e-05,-1e-05,0.00026,0.00014,6e-05,5e-05,3
43402,0.00015,3e-05,-2e-05,-1e-05,0.00026,0.00014,6e-05,5e-05,3
43404,0.00015,3e-05,-2e-05,-1e-05,0.00026,0.00014,6e-05,5e-05,3
43405,0.00015,3e-05,-2e-05,-1e-05,0.00026,0.00014,6e-05,5e-05,3
43406,0.00015,3e-05,-2e-05,-1e-05,0.00026,0.00014,6e-05,5e-05,3
43407,0.00031,0.0,0.0,-8e-05,2e-05,-0.00025,4e-05,1e-05,3
43408,8e-05,2e-05,-2e-05,-6e-05,-0.00031,5e-05,2e-05,0.00011,3
43409,8e-05,2e-05,-2e-05,-6e-05,-0.00031,5e-05,2e-05,0.00011,3
43410,8e-05,2e-05,-2e-05,-6e-05,-0.00031,5e-05,2e-05,0.00011,3
43411,8e-05,2e-05,-2e-05,-6e-05,-0.00031,5e-05,2e-05,0.00011,3
43412,8e-05,2e-05,-2e-05,-6e-05,-0.00031,5e-05,2e-05,0.00011,3
43413,8e-05,2e-05,-2e-05,-6e-05,-0.00031,5e-05,2e-05,0.00011,3
43414,8e-05,2e-05,-2e-05,-6e-05,-0.00031,5e-05,2e-05,0.00011,3
43415,8e-05,2e-05,-2e-05,-6e-05,-0.00031,5e-05,2e-05,0.00011,3
43416,8e-05,2e-05,-2e-05,-6e-05,-0.00031,5e-05,2e-05,0.00011,3
43417,8e-05,2e-05,-2e-05,-6e-05,-0.00031,5e-05,2e-05,0.00011,3
43418,8e-05,2e-05,-2e-05,-6e-05,-0.00031,5e-05,2e-05,0.00011,3
43419,8e-05,2e-05,-2e-05,-6e-05,-0.00031,5e-05,2e-05,0.00011,3
43420,8e-05,2e-05,-2e-05,-6e-05,-0.00031,5e-05,2e-05,0.00011,3
43421,8e-05,2e-05,-2e-05,-6e-05,-0.00031,5e-05,2e-05,0.00011,3
43422,8e-05,2e-05,-2e-05,-6e-05,-0.00031,5e-05,2e-05,0.00011,3
43423,8e-05,2e-05,-2e-05,-6e-05,-0.00031,5e-05,2e-05,0.00011,3
43424,8e-05,2e-05,-2e-05,-6e-05,-0.00031,5e-05,2e-05,0.00011,3
43425,8e-05,2e-05,-2e-05,-6e-05,-0.00031,5e-05,2e-05,0.00011,3
43426,8e-05,2e-05,-2e-05,-6e-05,-0.00031,5e-05,2e-05,0.00011,3
43427,8e-05,2e-05,-2e-05,-6e-05,-0.00031,5e-05,2e-05,0.00011,3
43428,1e-05,1e-05,0.0,3e-05,-2e-05,-9e-05,0.00011,-4e-05,3
43429,1e-05,1e-05,0.0,3e-05,-2e-05,-9e-05,0.00011,-4e-05,3
43430,-0.00017,-1e-05,0.0,-0.0001,-0.00015,0.00018,0.0001,-4e-05,3
43431,-0.00017,-1e-05,0.0,-0.0001,-0.00015,0.00018,0.0001,-4e-05,3
43432,-0.00017,-1e-05,0.0,-0.0001,-0.00015,0.00018,0.0001,-4e-05,3
43433,-0.00017,-1e-05,0.0,-0.0001,-0.00015,0.00018,0.0001,-4e-05,3
43434,-0.00017,-1e-05,0.0,-0.0001,-0.00015,0.00018,0.0001,-4e-05,3
43435,-0.00017,-1e-05,0.0,-0.0001,-0.00015,0.00018,0.0001,-4e-05,3
43436,-0.00017,-1e-05,0.0,-0.0001,-0.00015,0.00018,0.0001,-4e-05,3
43438,-0.00017,-1e-05,0.0,-0.0001,-0.00015,0.00018,0.0001,-4e-05,3
43439,-0.00017,-1e-05,0.0,-0.0001,-0.00015,0.00018,0.0001,-4e-05,3
43440,-0.00017,-1e-05,0.0,-0.0001,-0.00015,0.00018,0.0001,-4e-05,3
43441,-0.00017,-1e-05,0.0,-0.0001,-0.00015,0.00018,0.0001,-4e-05,3
43442,-0.00017,-1e-05,0.0,-0.0001,-0.00015,0.00018,0.0001,-4e-05,3
43443,1e-05,1e-05,4e-05,8e-05,5e-05,0.00024,-0.0001,-0.00016,3
43445,1e-05,1e-05,4e-05,8e-05,5e-05,0.00024,-0.0001,-0.00016,3
43446,1e-05,1e-05,4e-05,8e-05,5e-05,0.00024,-0.0001,-0.00016,3
43447,1e-05,1e-05,4e-05,8e-05,5e-05,0.00024,-0.0001,-0.00016,3
43448,1e-05,1e-05,4e-05,8e-05,5e-05,0.00024,-0.0001,-0.00016,3
43449,6e-05,-2e-05,-3e-05,-0.00011,-0.00025,-0.00042,0.0,-5e-05,3
43450,-7e-05,-2e-05,-2e-05,-4e-05,7e-05,0.00022,-1e-05,-4e-05,3
43451,-7e-05,-2e-05,-2e-05,-4e-05,7e-05,0.00022,-1e-05,-4e-05,3
43452,-7e-05,-2e-05,-2e-05,-4e-05,7e-05,0.00022,-1e-05,-4e-05,3
43454,-7e-05,-2e-05,-2e-05,-4e-05,7e-05,0.00022,-1e-05,-4e-05,3
43455,-7e-05,-2e-05,-2e-05,-4e-05,7e-05,0.00022,-1e-05,-4e-05,3
43456,-7e-05,-2e-05,-2e-05,-4e-05,7e-05,0.00022,-1e-05,-4e-05,3
43457,-7e-05,-2e-05,-2e-05,-4e-05,7e-05,0.00022,-1e-05,-4e-05,3
43458,-7e-05,-2e-05,-2e-05,-4e-05,7e-05,0.00022,-1e-05,-4e-05,3
43459,-7e-05,-2e-05,-2e-05,-4e-05,7e-05,0.00022,-1e-05,-4e-05,3
43460,-7e-05,-2e-05,-2e-05,-4e-05,7e-05,0.00022,-1e-05,-4e-05,3
43461,-7e-05,-2e-05,-2e-05,-4e-05,7e-05,0.00022,-1e-05,-4e-05,3
43462,-7e-05,-2e-05,-2e-05,-4e-05,7e-05,0.00022,-1e-05,-4e-05,3
43463,-7e-05,-2e-05,-2e-05,-4e-05,7e-05,0.00022,-1e-05,-4e-05,3
43464,-7e-05,-2e-05,-2e-05,-4e-05,7e-05,0.00022,-1e-05,-4e-05,3
43465,9e-05,2e-05,3e-05,5e-05,4e-05,4e-05,-1e-05,0.0001,3
43466,9e-05,2e-05,3e-05,5e-05,4e-05,4e-05,-1e-05,0.0001,3
43467,9e-05,2e-05,3e-05,5e-05,4e-05,4e-05,-1e-05,0.0001,3
43468,9e-05,2e-05,3e-05,5e-05,4e-05,4e-05,-1e-05,0.0001,3
43469,9e-05,2e-05,3e-05,5e-05,4e-05,4e-05,-1e-05,0.0001,3
43470,9e-05,2e-05,3e-05,5e-05,4e-05,4e-05,-1e-05,0.0001,3
43471,9e-05,2e-05,3e-05,5e-05,4e-05,4e-05,-1e-05,0.0001,3
43472,9e-05,2e-05,3e-05,5e-05,4e-05,4e-05,-1e-05,0.0001,3
43473,-0.00031,-8e-05,-2e-05,-4e-05,-0.00019,-0.0001,-4e-05,-4e-05,3
43474,0.0004,0.0,-3e-05,-1e-05,0.00016,-0.00037,-7e-05,0.0,3
43475,0.0004,0.0,-3e-05,-1e-05,0.00016,-0.00037,-7e-05,0.0,3
43476,0.0004,0.0,-3e-05,-1e-05,0.00016,-0.00037,-7e-05,0.0,3
43477,0.0004,0.0,-3e-05,-1e-05,0.00016,-0.00037,-7e-05,0.0,3
43478,0.0004,0.0,-3e-05,-1e-05,0.00016,-0.00037,-7e-05,0.0,3
43479,0.0004,0.0,-3e-05,-1e-05,0.00016,-0.00037,-7e-05,0.0,3
43480,0.0004,0.0,-3e-05,-1e-05,0.00016,-0.00037,-7e-05,0.0,3
43481,0.0004,0.0,-3e-05,-1e-05,0.00016,-0.00037,-7e-05,0.0,3
43482,0.0004,0.0,-3e-05,-1e-05,0.00016,-0.00037,-7e-05,0.0,3
43483,0.0004,0.0,-3e-05,-1e-05,0.00016,-0.00037,-7e-05,0.0,3
43484,0.0004,0.0,-3e-05,-1e-05,0.00016,-0.00037,-7e-05,0.0,3
43485,0.0004,0.0,-3e-05,-1e-05,0.00016,-0.00037,-7e-05,0.0,3
43486,0.0004,0.0,-3e-05,-1e-05,0.00016,-0.00037,-7e-05,0.0,3
43488,0.00027,7e-05,0.0,7e-05,0.00028,0.00034,0.00012,8e-05,3
43489,-0.00067,-0.00011,-3e-05,-5e-05,-9e-05,-8e-05,-0.00016,-6e-05,3
43490,4e-05,-0.00011,-7e-05,-7e-05,-0.0001,-0.00013,-0.0002,0.00011,3
43491,4e-05,-0.00011,-7e-05,-7e-05,-0.0001,-0.00013,-0.0002,0.00011,3
43492,4e-05,-0.00011,-7e-05,-7e-05,-0.0001,-0.00013,-0.0002,0.00011,3
43493,4e-05,-0.00011,-7e-05,-7e-05,-0.0001,-0.00013,-0.0002,0.00011,3
43494,4e-05,-0.00011,-7e-05,-7e-05,-0.0001,-0.00013,-0.0002,0.00011,3
43495,4e-05,-0.00011,-7e-05,-7e-05,-0.0001,-0.00013,-0.0002,0.00011,3
43496,4e-05,-0.00011,-7e-05,-7e-05,-0.0001,-0.00013,-0.0002,0.00011,3
43497,4e-05,-0.00011,-7e-05,-7e-05,-0.0001,-0.00013,-0.0002,0.00011,3
43498,4e-05,-0.00011,-7e-05,-7e-05,-0.0001,-0.00013,-0.0002,0.00011,3
43499,4e-05,-0.00011,-7e-05,-7e-05,-0.0001,-0.00013,-0.0002,0.00011,3
43500,4e-05,-0.00011,-7e-05,-7e-05,-0.0001,-0.00013,-0.0002,0.00011,3
43501,4e-05,-0.00011,-7e-05,-7e-05,-0.0001,-0.00013,-0.0002,0.00011,3
43502,4e-05,-0.00011,-7e-05,-7e-05,-0.0001,-0.00013,-0.0002,0.00011,3
43504,-0.00025,-3e-05,5e-05,6e-05,-0.00024,-0.00025,-0.00014,0.0001,3
43505,-0.00025,-3e-05,5e-05,6e-05,-0.00024,-0.00025,-0.00014,0.0001,3
43506,-0.00025,-3e-05,5e-05,6e-05,-0.00024,-0.00025,-0.00014,0.0001,3
43507,-0.00025,-3e-05,5e-05,6e-05,-0.00024,-0.00025,-0.00014,0.0001,3
43508,-0.00025,-3e-05,5e-05,6e-05,-0.00024,-0.00025,-0.00014,0.0001,3
43509,-5e-05,3e-05,-3e-05,-4e-05,7e-05,0.00011,0.00019,2e-05,3
43510,0.0,-1e-05,-2e-05,2e-05,7e-05,5e-05,-8e-05,3e-05,3
43511,0.0,-1e-05,-2e-05,2e-05,7e-05,5e-05,-8e-05,3e-05,3
43512,0.0,-1e-05,-2e-05,2e-05,7e-05,5e-05,-8e-05,3e-05,3
43513,0.0,-1e-05,-2e-05,2e-05,7e-05,5e-05,-8e-05,3e-05,3
43514,0.0,-1e-05,-2e-05,2e-05,7e-05,5e-05,-8e-05,3e-05,3
43515,0.0,-1e-05,-2e-05,2e-05,7e-05,5e-05,-8e-05,3e-05,3
43516,0.0,-1e-05,-2e-05,2e-05,7e-05,5e-05,-8e-05,3e-05,3
43517,0.0,-1e-05,-2e-05,2e-05,7e-05,5e-05,-8e-05,3e-05,3
43518,0.0,-1e-05,-2e-05,2e-05,7e-05,5e-05,-8e-05,3e-05,3
43519,0.0,-1e-05,-2e-05,2e-05,7e-05,5e-05,-8e-05,3e-05,3
43520,0.0,-1e-05,-2e-05,2e-05,7e-05,5e-05,-8e-05,3e-05,3
43521,0.0,-1e-05,-2e-05,2e-05,7e-05,5e-05,-8e-05,3e-05,3
43522,0.0,-1e-05,-2e-05,2e-05,7e-05,5e-05,-8e-05,3e-05,3
43523,0.0,-1e-05,-2e-05,2e-05,7e-05,5e-05,-8e-05,3e-05,3
43524,0.0,-1e-05,-2e-05,2e-05,7e-05,5e-05,-8e-05,3e-05,3
43525,0.0,-1e-05,-2e-05,2e-05,7e-05,5e-05,-8e-05,3e-05,3
43526,0.00018,-2e-05,-4e-05,-2e-05,0.00033,0.00071,0.00019,3e-05,3
43527,-1e-05,-4e-05,0.0,1e-05,6e-05,9e-05,4e-05,-2e-05,3
43528,-1e-05,-4e-05,0.0,1e-05,6e-05,9e-05,4e-05,-2e-05,3
43529,-1e-05,-4e-05,0.0,1e-05,6e-05,9e-05,4e-05,-2e-05,3
43530,-1e-05,-4e-05,0.0,1e-05,6e-05,9e-05,4e-05,-2e-05,3
43531,-1e-05,-4e-05,0.0,1e-05,6e-05,9e-05,4e-05,-2e-05,3
43532,-1e-05,-4e-05,0.0,1e-05,6e-05,9e-05,4e-05,-2e-05,3
43533,-1e-05,-4e-05,0.0,1e-05,6e-05,9e-05,4e-05,-2e-05,3
43534,-1e-05,-4e-05,0.0,1e-05,6e-05,9e-05,4e-05,-2e-05,3
43535,-1e-05,-4e-05,0.0,1e-05,6e-05,9e-05,4e-05,-2e-05,3
43536,-1e-05,-4e-05,0.0,1e-05,6e-05,9e-05,4e-05,-2e-05,3
43538,-1e-05,-4e-05,0.0,1e-05,6e-05,9e-05,4e-05,-2e-05,3
43539,-1e-05,-4e-05,0.0,1e-05,6e-05,9e-05,4e-05,-2e-05,3
43540,-1e-05,-4e-05,0.0,1e-05,6e-05,9e-05,4e-05,-2e-05,3
43541,-1e-05,-4e-05,0.0,1e-05,6e-05,9e-05,4e-05,-2e-05,3
43542,-1e-05,-4e-05,0.0,1e-05,6e-05,9e-05,4e-05,-2e-05,3
43543,-1e-05,-4e-05,0.0,1e-05,6e-05,9e-05,4e-05,-2e-05,3
43544,-1e-05,-4e-05,0.0,1e-05,6e-05,9e-05,4e-05,-2e-05,3
43545,-1e-05,-4e-05,0.0,1e-05,6e-05,9e-05,4e-05,-2e-05,3
43546,-1e-05,-4e-05,0.0,1e-05,6e-05,9e-05,4e-05,-2e-05,3
43547,-1e-05,-4e-05,0.0,1e-05,6e-05,9e-05,4e-05,-2e-05,3
43548,0.00033,1e-05,0.0,6e-05,0.00039,6e-05,1e-05,1e-05,3
43549,0.00033,1e-05,0.0,6e-05,0.00039,6e-05,1e-05,1e-05,3
43550,0.00028,0.0,-2e-05,-1e-05,-8e-05,7e-05,0.00013,0.0001,3
43551,0.00028,0.0,-2e-05,-1e-05,-8e-05,7e-05,0.00013,0.0001,3
43552,0.00028,0.0,-2e-05,-1e-05,-8e-05,7e-05,0.00013,0.0001,3
43554,0.00028,0.0,-2e-05,-1e-05,-8e-05,7e-05,0.00013,0.0001,3
43555,0.00028,0.0,-2e-05,-1e-05,-8e-05,7e-05,0.00013,0.0001,3
43556,0.00028,0.0,-2e-05,-1e-05,-8e-05,7e-05,0.00013,0.0001,3
43557,0.00028,0.0,-2e-05,-1e-05,-8e-05,7e-05,0.00013,0.0001,3
43558,0.00028,0.0,-2e-05,-1e-05,-8e-05,7e-05,0.00013,0.0001,3
43559,0.00028,0.0,-2e-05,-1e-05,-8e-05,7e-05,0.00013,0.0001,3
43560,0.00028,0.0,-2e-05,-1e-05,-8e-05,7e-05,0.00013,0.0001,3
43561,0.00028,0.0,-2e-05,-1e-05,-8e-05,7e-05,0.00013,0.0001,3
43562,0.00028,0.0,-2e-05,-1e-05,-8e-05,7e-05,0.00013,0.0001,3
43563,-0.00042,-7e-05,-8e-05,-4e-05,2e-05,0.00028,3e-05,-5e-05,3
43564,-0.00042,-7e-05,-8e-05,-4e-05,2e-05,0.00028,3e-05,-5e-05,3
43565,-0.00042,-7e-05,-8e-05,-4e-05,2e-05,0.00028,3e-05,-5e-05,3
43566,-0.00042,-7e-05,-8e-05,-4e-05,2e-05,0.00028,3e-05,-5e-05,3
43567,-0.00042,-7e-05,-8e-05,-4e-05,2e-05,0.00028,3e-05,-5e-05,3
43568,-0.00042,-7e-05,-8e-05,-4e-05,2e-05,0.00028,3e-05,-5e-05,3
43569,-0.0003,1e-05,1e-05,0.0001,0.00019,-8e-05,-9e-05,-7e-05,3
43570,-0.0003,1e-05,1e-05,0.0001,0.00019,-8e-05,-9e-05,-7e-05,3
43571,-0.0003,1e-05,1e-05,0.0001,0.00019,-8e-05,-9e-05,-7e-05,3
43572,-0.0003,1e-05,1e-05,0.0001,0.00019,-8e-05,-9e-05,-7e-05,3
43573,-0.0003,1e-05,1e-05,0.0001,0.00019,-8e-05,-9e-05,-7e-05,3
43574,-0.0003,1e-05,1e-05,0.0001,0.00019,-8e-05,-9e-05,-7e-05,3
43575,-0.0003,1e-05,1e-05,0.0001,0.00019,-8e-05,-9e-05,-7e-05,3
43576,-0.0003,1e-05,1e-05,0.0001,0.00019,-8e-05,-9e-05,-7e-05,3
43577,-0.0003,1e-05,1e-05,0.0001,0.00019,-8e-05,-9e-05,-7e-05,3
43578,-0.0003,1e-05,1e-05,0.0001,0.00019,-8e-05,-9e-05,-7e-05,3
43579,-0.0003,1e-05,1e-05,0.0001,0.00019,-8e-05,-9e-05,-7e-05,3
43580,-0.0003,1e-05,1e-05,0.0001,0.00019,-8e-05,-9e-05,-7e-05,3
43581,-0.0003,1e-05,1e-05,0.0001,0.00019,-8e-05,-9e-05,-7e-05,3
43582,-0.0003,1e-05,1e-05,0.0001,0.00019,-8e-05,-9e-05,-7e-05,3
43583,-0.0003,1e-05,1e-05,0.0001,0.00019,-8e-05,-9e-05,-7e-05,3
43584,-0.0003,1e-05,1e-05,0.0001,0.00019,-8e-05,-9e-05,-7e-05,3
43585,-0.0003,1e-05,1e-05,0.0001,0.00019,-8e-05,-9e-05,-7e-05,3
43586,-0.00014,6e-05,6e-05,1e-05,-3e-05,0.00024,4e-05,1e-05,3
43589,-4e-05,0.0,-3e-05,-4e-05,8e-05,0.00013,3e-05,-0.0001,3
43590,-4e-05,0.0,-3e-05,-4e-05,8e-05,0.00013,3e-05,-0.0001,3
43591,-4e-05,0.0,-3e-05,-4e-05,8e-05,0.00013,3e-05,-0.0001,3
43592,-4e-05,0.0,-3e-05,-4e-05,8e-05,0.00013,3e-05,-0.0001,3
43593,-4e-05,0.0,-3e-05,-4e-05,8e-05,0.00013,3e-05,-0.0001,3
43594,-4e-05,0.0,-3e-05,-4e-05,8e-05,0.00013,3e-05,-0.0001,3
43595,-4e-05,0.0,-3e-05,-4e-05,8e-05,0.00013,3e-05,-0.0001,3
43596,-4e-05,0.0,-3e-05,-4e-05,8e-05,0.00013,3e-05,-0.0001,3
43597,-4e-05,0.0,-3e-05,-4e-05,8e-05,0.00013,3e-05,-0.0001,3
43598,-4e-05,0.0,-3e-05,-4e-05,8e-05,0.00013,3e-05,-0.0001,3
43599,-4e-05,0.0,-3e-05,-4e-05,8e-05,0.00013,3e-05,-0.0001,3
43600,-4e-05,0.0,-3e-05,-4e-05,8e-05,0.00013,3e-05,-0.0001,3
43601,-4e-05,0.0,-3e-05,-4e-05,8e-05,0.00013,3e-05,-0.0001,3
43602,-4e-05,0.0,-3e-05,-4e-05,8e-05,0.00013,3e-05,-0.0001,3
43603,-4e-05,0.0,-3e-05,-4e-05,8e-05,0.00013,3e-05,-0.0001,3
43604,-4e-05,0.0,-3e-05,-4e-05,8e-05,0.00013,3e-05,-0.0001,3
43605,-4e-05,0.0,-3e-05,-4e-05,8e-05,0.00013,3e-05,-0.0001,3
43606,-4e-05,0.0,-3e-05,-4e-05,8e-05,0.00013,3e-05,-0.0001,3
43607,-4e-05,0.0,-3e-05,-4e-05,8e-05,0.00013,3e-05,-0.0001,3
43608,3e-05,3e-05,2e-05,-4e-05,-0.00029,-4e-05,-1e-05,-9e-05,3
43609,3e-05,3e-05,2e-05,-4e-05,-0.00029,-4e-05,-1e-05,-9e-05,3
43610,-5e-05,0.0,-1e-05,-8e-05,-0.00026,-0.00036,0.00015,-1e-05,3
43611,-5e-05,0.0,-1e-05,-8e-05,-0.00026,-0.00036,0.00015,-1e-05,3
43612,-5e-05,0.0,-1e-05,-8e-05,-0.00026,-0.00036,0.00015,-1e-05,3
43613,-5e-05,0.0,-1e-05,-8e-05,-0.00026,-0.00036,0.00015,-1e-05,3
43614,-5e-05,0.0,-1e-05,-8e-05,-0.00026,-0.00036,0.00015,-1e-05,3
43615,-5e-05,0.0,-1e-05,-8e-05,-0.00026,-0.00036,0.00015,-1e-05,3
43616,-5e-05,0.0,-1e-05,-8e-05,-0.00026,-0.00036,0.00015,-1e-05,3
43617,-5e-05,0.0,-1e-05,-8e-05,-0.00026,-0.00036,0.00015,-1e-05,3
43618,-5e-05,0.0,-1e-05,-8e-05,-0.00026,-0.00036,0.00015,-1e-05,3
43619,-5e-05,0.0,-1e-05,-8e-05,-0.00026,-0.00036,0.00015,-1e-05,3
43620,-5e-05,0.0,-1e-05,-8e-05,-0.00026,-0.00036,0.00015,-1e-05,3
43621,-5e-05,0.0,-1e-05,-8e-05,-0.00026,-0.00036,0.00015,-1e-05,3
43622,-5e-05,0.0,-1e-05,-8e-05,-0.00026,-0.00036,0.00015,-1e-05,3
43623,0.0002,-6e-05,-6e-05,-9e-05,0.0,-4e-05,3e-05,-9e-05,3
43624,0.0002,-6e-05,-6e-05,-9e-05,0.0,-4e-05,3e-05,-9e-05,3
43625,0.0002,-6e-05,-6e-05,-9e-05,0.0,-4e-05,3e-05,-9e-05,3
43626,0.0002,-6e-05,-6e-05,-9e-05,0.0,-4e-05,3e-05,-9e-05,3
43627,0.0002,-6e-05,-6e-05,-9e-05,0.0,-4e-05,3e-05,-9e-05,3
43628,0.0002,-6e-05,-6e-05,-9e-05,0.0,-4e-05,3e-05,-9e-05,3
43629,0.00028,3e-05,-2e-05,-2e-05,0.0,0.00049,5e-05,2e-05,3
43630,0.00028,3e-05,-2e-05,-2e-05,0.0,0.00049,5e-05,2e-05,3
43631,0.00028,3e-05,-2e-05,-2e-05,0.0,0.00049,5e-05,2e-05,3
43632,0.00028,3e-05,-2e-05,-2e-05,0.0,0.00049,5e-05,2e-05,3
43633,0.00028,3e-05,-2e-05,-2e-05,0.0,0.00049,5e-05,2e-05,3
43634,0.00028,3e-05,-2e-05,-2e-05,0.0,0.00049,5e-05,2e-05,3
43635,0.00028,3e-05,-2e-05,-2e-05,0.0,0.00049,5e-05,2e-05,3
43636,0.00028,3e-05,-2e-05,-2e-05,0.0,0.00049,5e-05,2e-05,3
43638,0.00028,3e-05,-2e-05,-2e-05,0.0,0.00049,5e-05,2e-05,3
43639,0.00028,3e-05,-2e-05,-2e-05,0.0,0.00049,5e-05,2e-05,3
43640,0.00028,3e-05,-2e-05,-2e-05,0.0,0.00049,5e-05,2e-05,3
43641,0.00028,3e-05,-2e-05,-2e-05,0.0,0.00049,5e-05,2e-05,3
43642,0.00028,3e-05,-2e-05,-2e-05,0.0,0.00049,5e-05,2e-05,3
43643,0.00028,3e-05,-2e-05,-2e-05,0.0,0.00049,5e-05,2e-05,3
43644,0.00028,3e-05,-2e-05,-2e-05,0.0,0.00049,5e-05,2e-05,3
43645,0.00028,3e-05,-2e-05,-2e-05,0.0,0.00049,5e-05,2e-05,3
43646,0.00047,2e-05,-5e-05,-5e-05,0.00015,6e-05,0.00022,0.00014,3
43647,-0.00029,-3e-05,-4e-05,-3e-05,0.0001,6e-05,0.0001,-9e-05,3
43648,-0.00029,-3e-05,-4e-05,-3e-05,0.0001,6e-05,0.0001,-9e-05,3
43649,-0.00029,-3e-05,-4e-05,-3e-05,0.0001,6e-05,0.0001,-9e-05,3
43650,-0.00029,-3e-05,-4e-05,-3e-05,0.0001,6e-05,0.0001,-9e-05,3
43651,-0.00029,-3e-05,-4e-05,-3e-05,0.0001,6e-05,0.0001,-9e-05,3
43652,-0.00029,-3e-05,-4e-05,-3e-05,0.0001,6e-05,0.0001,-9e-05,3
43654,-0.00029,-3e-05,-4e-05,-3e-05,0.0001,6e-05,0.0001,-9e-05,3
43655,-0.00029,-3e-05,-4e-05,-3e-05,0.0001,6e-05,0.0001,-9e-05,3
43656,-0.00029,-3e-05,-4e-05,-3e-05,0.0001,6e-05,0.0001,-9e-05,3
43657,-0.00029,-3e-05,-4e-05,-3e-05,0.0001,6e-05,0.0001,-9e-05,3
43658,-0.00029,-3e-05,-4e-05,-3e-05,0.0001,6e-05,0.0001,-9e-05,3
43659,-0.00029,-3e-05,-4e-05,-3e-05,0.0001,6e-05,0.0001,-9e-05,3
43660,-0.00029,-3e-05,-4e-05,-3e-05,0.0001,6e-05,0.0001,-9e-05,3
43661,-0.00029,-3e-05,-4e-05,-3e-05,0.0001,6e-05,0.0001,-9e-05,3
43662,-0.00029,-3e-05,-4e-05,-3e-05,0.0001,6e-05,0.0001,-9e-05,3
43663,-0.00029,-3e-05,-4e-05,-3e-05,0.0001,6e-05,0.0001,-9e-05,3
43664,-0.00029,-3e-05,-4e-05,-3e-05,0.0001,6e-05,0.0001,-9e-05,3
43665,-0.00029,-3e-05,-4e-05,-3e-05,0.0001,6e-05,0.0001,-9e-05,3
43666,-0.00029,-3e-05,-4e-05,-3e-05,0.0001,6e-05,0.0001,-9e-05,3
43667,-0.00029,-3e-05,-4e-05,-3e-05,0.0001,6e-05,0.0001,-9e-05,3
43668,-0.00015,-4e-05,-5e-05,-0.00016,3e-05,-0.00019,-8e-05,-1e-05,3
43669,-0.00015,-4e-05,-5e-05,-0.00016,3e-05,-0.00019,-8e-05,-1e-05,3
43670,0.00016,-4e-05,-2e-05,4e-05,-0.0002,-0.00017,-3e-05,1e-05,3
43671,0.00016,-4e-05,-2e-05,4e-05,-0.0002,-0.00017,-3e-05,1e-05,3
43672,0.00016,-4e-05,-2e-05,4e-05,-0.0002,-0.00017,-3e-05,1e-05,3
43673,0.00016,-4e-05,-2e-05,4e-05,-0.0002,-0.00017,-3e-05,1e-05,3
43674,0.00016,-4e-05,-2e-05,4e-05,-0.0002,-0.00017,-3e-05,1e-05,3
43675,0.00016,-4e-05,-2e-05,4e-05,-0.0002,-0.00017,-3e-05,1e-05,3
43676,0.00016,-4e-05,-2e-05,4e-05,-0.0002,-0.00017,-3e-05,1e-05,3
43677,0.00016,-4e-05,-2e-05,4e-05,-0.0002,-0.00017,-3e-05,1e-05,3
43678,0.00016,-4e-05,-2e-05,4e-05,-0.0002,-0.00017,-3e-05,1e-05,3
43679,0.00016,-4e-05,-2e-05,4e-05,-0.0002,-0.00017,-3e-05,1e-05,3
43680,0.00016,-4e-05,-2e-05,4e-05,-0.0002,-0.00017,-3e-05,1e-05,3
43681,0.00016,-4e-05,-2e-05,4e-05,-0.0002,-0.00017,-3e-05,1e-05,3
43682,0.00016,-4e-05,-2e-05,4e-05,-0.0002,-0.00017,-3e-05,1e-05,3
43683,-0.00023,9e-05,3e-05,3e-05,-0.00013,2e-05,0.00015,-3e-05,3
43684,-0.00023,9e-05,3e-05,3e-05,-0.00013,2e-05,0.00015,-3e-05,3
43685,-0.00023,9e-05,3e-05,3e-05,-0.00013,2e-05,0.00015,-3e-05,3
43686,-0.00023,9e-05,3e-05,3e-05,-0.00013,2e-05,0.00015,-3e-05,3
43688,-0.00023,9e-05,3e-05,3e-05,-0.00013,2e-05,0.00015,-3e-05,3
43689,0.00065,-5e-05,-5e-05,-9e-05,-5e-05,0.00016,4e-05,3e-05,3
43690,5e-05,-1e-05,-2e-05,-8e-05,-0.00016,-0.00019,-0.00014,-4e-05,3
43691,5e-05,-1e-05,-2e-05,-8e-05,-0.00016,-0.00019,-0.00014,-4e-05,3
43692,5e-05,-1e-05,-2e-05,-8e-05,-0.00016,-0.00019,-0.00014,-4e-05,3
43693,5e-05,-1e-05,-2e-05,-8e-05,-0.00016,-0.00019,-0.00014,-4e-05,3
43694,5e-05,-1e-05,-2e-05,-8e-05,-0.00016,-0.00019,-0.00014,-4e-05,3
43695,5e-05,-1e-05,-2e-05,-8e-05,-0.00016,-0.00019,-0.00014,-4e-05,3
43696,5e-05,-1e-05,-2e-05,-8e-05,-0.00016,-0.00019,-0.00014,-4e-05,3
43697,5e-05,-1e-05,-2e-05,-8e-05,-0.00016,-0.00019,-0.00014,-4e-05,3
43698,5e-05,-1e-05,-2e-05,-8e-05,-0.00016,-0.00019,-0.00014,-4e-05,3
43699,5e-05,-1e-05,-2e-05,-8e-05,-0.00016,-0.00019,-0.00014,-4e-05,3
43700,5e-05,-1e-05,-2e-05,-8e-05,-0.00016,-0.00019,-0.00014,-4e-05,3
43701,5e-05,-1e-05,-2e-05,-8e-05,-0.00016,-0.00019,-0.00014,-4e-05,3
43702,5e-05,-1e-05,-2e-05,-8e-05,-0.00016,-0.00019,-0.00014,-4e-05,3
43704,5e-05,-1e-05,-2e-05,-8e-05,-0.00016,-0.00019,-0.00014,-4e-05,3
43705,5e-05,-1e-05,-2e-05,-8e-05,-0.00016,-0.00019,-0.00014,-4e-05,3
43706,5e-05,1e-05,3e-05,9e-05,9e-05,-0.00022,-9e-05,-3e-05,3
43707,5e-05,1e-05,3e-05,9e-05,9e-05,-0.00022,-9e-05,-3e-05,3
43708,-1e-05,2e-05,1e-05,2e-05,-3e-05,1e-05,-5e-05,-0.0001,3
43709,-1e-05,2e-05,1e-05,2e-05,-3e-05,1e-05,-5e-05,-0.0001,3
43710,-1e-05,2e-05,1e-05,2e-05,-3e-05,1e-05,-5e-05,-0.0001,3
43711,-1e-05,2e-05,1e-05,2e-05,-3e-05,1e-05,-5e-05,-0.0001,3
43712,-1e-05,2e-05,1e-05,2e-05,-3e-05,1e-05,-5e-05,-0.0001,3
43713,-1e-05,2e-05,1e-05,2e-05,-3e-05,1e-05,-5e-05,-0.0001,3
43714,-1e-05,2e-05,1e-05,2e-05,-3e-05,1e-05,-5e-05,-0.0001,3
43715,-1e-05,2e-05,1e-05,2e-05,-3e-05,1e-05,-5e-05,-0.0001,3
43716,-1e-05,2e-05,1e-05,2e-05,-3e-05,1e-05,-5e-05,-0.0001,3
43717,-1e-05,2e-05,1e-05,2e-05,-3e-05,1e-05,-5e-05,-0.0001,3
43718,-1e-05,2e-05,1e-05,2e-05,-3e-05,1e-05,-5e-05,-0.0001,3
43719,-1e-05,2e-05,1e-05,2e-05,-3e-05,1e-05,-5e-05,-0.0001,3
43720,-1e-05,2e-05,1e-05,2e-05,-3e-05,1e-05,-5e-05,-0.0001,3
43721,-1e-05,2e-05,1e-05,2e-05,-3e-05,1e-05,-5e-05,-0.0001,3
43722,-1e-05,2e-05,1e-05,2e-05,-3e-05,1e-05,-5e-05,-0.0001,3
43723,-1e-05,2e-05,1e-05,2e-05,-3e-05,1e-05,-5e-05,-0.0001,3
43724,-1e-05,2e-05,1e-05,2e-05,-3e-05,1e-05,-5e-05,-0.0001,3
43725,-1e-05,2e-05,1e-05,2e-05,-3e-05,1e-05,-5e-05,-0.0001,3
43726,-1e-05,2e-05,1e-05,2e-05,-3e-05,1e-05,-5e-05,-0.0001,3
43727,-1e-05,2e-05,1e-05,2e-05,-3e-05,1e-05,-5e-05,-0.0001,3
43728,5e-05,2e-05,0.0,-8e-05,-1e-05,7e-05,-5e-05,3e-05,3
43729,5e-05,2e-05,0.0,-8e-05,-1e-05,7e-05,-5e-05,3e-05,3
43730,-0.00016,-3e-05,1e-05,0.0001,0.00029,6e-05,1e-05,-2e-05,3
43731,-0.00016,-3e-05,1e-05,0.0001,0.00029,6e-05,1e-05,-2e-05,3
43732,-0.00016,-3e-05,1e-05,0.0001,0.00029,6e-05,1e-05,-2e-05,3
43733,-0.00016,-3e-05,1e-05,0.0001,0.00029,6e-05,1e-05,-2e-05,3
43734,-0.00016,-3e-05,1e-05,0.0001,0.00029,6e-05,1e-05,-2e-05,3
43735,-0.00016,-3e-05,1e-05,0.0001,0.00029,6e-05,1e-05,-2e-05,3
43736,-0.00016,-3e-05,1e-05,0.0001,0.00029,6e-05,1e-05,-2e-05,3
43738,-0.00016,-3e-05,1e-05,0.0001,0.00029,6e-05,1e-05,-2e-05,3
43739,-0.00016,-3e-05,1e-05,0.0001,0.00029,6e-05,1e-05,-2e-05,3
43740,-0.00016,-3e-05,1e-05,0.0001,0.00029,6e-05,1e-05,-2e-05,3
43741,-0.00016,-3e-05,1e-05,0.0001,0.00029,6e-05,1e-05,-2e-05,3
43742,-0.00016,-3e-05,1e-05,0.0001,0.00029,6e-05,1e-05,-2e-05,3
43743,-0.00012,-6e-05,-2e-05,-3e-05,-0.00028,9e-05,-6e-05,-8e-05,3
43744,-0.00012,-6e-05,-2e-05,-3e-05,-0.00028,9e-05,-6e-05,-8e-05,3
43745,-0.00012,-6e-05,-2e-05,-3e-05,-0.00028,9e-05,-6e-05,-8e-05,3
43746,-0.00012,-6e-05,-2e-05,-3e-05,-0.00028,9e-05,-6e-05,-8e-05,3
43747,-0.00012,-6e-05,-2e-05,-3e-05,-0.00028,9e-05,-6e-05,-8e-05,3
43748,-0.00012,-6e-05,-2e-05,-3e-05,-0.00028,9e-05,-6e-05,-8e-05,3
43749,-0.00012,-6e-05,-2e-05,-3e-05,-0.00028,9e-05,-6e-05,-8e-05,3
43750,-0.00012,-6e-05,-2e-05,-3e-05,-0.00028,9e-05,-6e-05,-8e-05,3
43751,0.00025,3e-05,-1e-05,5e-05,-3e-05,7e-05,-3e-05,8e-05,3
43752,0.00025,3e-05,-1e-05,5e-05,-3e-05,7e-05,-3e-05,8e-05,3
43754,0.00025,3e-05,-1e-05,5e-05,-3e-05,7e-05,-3e-05,8e-05,3
43755,0.00025,3e-05,-1e-05,5e-05,-3e-05,7e-05,-3e-05,8e-05,3
43756,0.00025,3e-05,-1e-05,5e-05,-3e-05,7e-05,-3e-05,8e-05,3
43757,0.00025,3e-05,-1e-05,5e-05,-3e-05,7e-05,-3e-05,8e-05,3
43758,0.00025,3e-05,-1e-05,5e-05,-3e-05,7e-05,-3e-05,8e-05,3
43759,0.00025,3e-05,-1e-05,5e-05,-3e-05,7e-05,-3e-05,8e-05,3
43760,0.00025,3e-05,-1e-05,5e-05,-3e-05,7e-05,-3e-05,8e-05,3
43761,0.00025,3e-05,-1e-05,5e-05,-3e-05,7e-05,-3e-05,8e-05,3
43762,0.00025,3e-05,-1e-05,5e-05,-3e-05,7e-05,-3e-05,8e-05,3
43763,0.00025,3e-05,-1e-05,5e-05,-3e-05,7e-05,-3e-05,8e-05,3
43764,0.00025,3e-05,-1e-05,5e-05,-3e-05,7e-05,-3e-05,8e-05,3
43765,0.00025,3e-05,-1e-05,5e-05,-3e-05,7e-05,-3e-05,8e-05,3
43766,0.00025,3e-05,-1e-05,5e-05,-3e-05,7e-05,-3e-05,8e-05,3
43767,0.0001,-1e-05,0.0,-5e-05,-0.00025,-0.00012,-8e-05,-1e-05,3
43768,0.0001,-1e-05,0.0,-5e-05,-0.00025,-0.00012,-8e-05,-1e-05,3
43769,0.00025,2e-05,1e-05,-0.0001,-0.00018,-0.00013,0.00016,2e-05,3
43770,0.00025,2e-05,1e-05,-0.0001,-0.00018,-0.00013,0.00016,2e-05,3
43771,0.00025,2e-05,1e-05,-0.0001,-0.00018,-0.00013,0.00016,2e-05,3
43772,0.00025,2e-05,1e-05,-0.0001,-0.00018,-0.00013,0.00016,2e-05,3
43773,0.00025,2e-05,1e-05,-0.0001,-0.00018,-0.00013,0.00016,2e-05,3
43774,0.00025,2e-05,1e-05,-0.0001,-0.00018,-0.00013,0.00016,2e-05,3
43775,0.00025,2e-05,1e-05,-0.0001,-0.00018,-0.00013,0.00016,2e-05,3
43776,0.00025,2e-05,1e-05,-0.0001,-0.00018,-0.00013,0.00016,2e-05,3
43777,0.00025,2e-05,1e-05,-0.0001,-0.00018,-0.00013,0.00016,2e-05,3
43778,0.00025,2e-05,1e-05,-0.0001,-0.00018,-0.00013,0.00016,2e-05,3
43779,0.00025,2e-05,1e-05,-0.0001,-0.00018,-0.00013,0.00016,2e-05,3
43780,0.00025,2e-05,1e-05,-0.0001,-0.00018,-0.00013,0.00016,2e-05,3
43781,0.00025,2e-05,1e-05,-0.0001,-0.00018,-0.00013,0.00016,2e-05,3
43782,0.00025,2e-05,1e-05,-0.0001,-0.00018,-0.00013,0.00016,2e-05,3
43783,0.00025,2e-05,1e-05,-0.0001,-0.00018,-0.00013,0.00016,2e-05,3
43784,0.00025,2e-05,1e-05,-0.0001,-0.00018,-0.00013,0.00016,2e-05,3
43785,0.00025,2e-05,1e-05,-0.0001,-0.00018,-0.00013,0.00016,2e-05,3
43786,0.00025,2e-05,1e-05,-0.0001,-0.00018,-0.00013,0.00016,2e-05,3
43788,0.00021,0.0,3e-05,0.0001,0.00017,7e-05,0.00012,0.00011,3
43789,-0.0003,-5e-05,-3e-05,2e-05,0.00013,0.0001,-9e-05,-0.0001,3
43790,-0.00015,-3e-05,-4e-05,5e-05,0.00027,-5e-05,-0.00011,-2e-05,3
43791,-0.00015,-3e-05,-4e-05,5e-05,0.00027,-5e-05,-0.00011,-2e-05,3
43792,-0.00015,-3e-05,-4e-05,5e-05,0.00027,-5e-05,-0.00011,-2e-05,3
43793,-0.00015,-3e-05,-4e-05,5e-05,0.00027,-5e-05,-0.00011,-2e-05,3
43794,-0.00015,-3e-05,-4e-05,5e-05,0.00027,-5e-05,-0.00011,-2e-05,3
43795,-0.00015,-3e-05,-4e-05,5e-05,0.00027,-5e-05,-0.00011,-2e-05,3
43796,-0.00015,-3e-05,-4e-05,5e-05,0.00027,-5e-05,-0.00011,-2e-05,3
43797,-0.00015,-3e-05,-4e-05,5e-05,0.00027,-5e-05,-0.00011,-2e-05,3
43798,-0.00015,-3e-05,-4e-05,5e-05,0.00027,-5e-05,-0.00011,-2e-05,3
43799,-0.00015,-3e-05,-4e-05,5e-05,0.00027,-5e-05,-0.00011,-2e-05,3
43800,-0.00015,-3e-05,-4e-05,5e-05,0.00027,-5e-05,-0.00011,-2e-05,3
43801,-0.00015,-3e-05,-4e-05,5e-05,0.00027,-5e-05,-0.00011,-2e-05,3
43802,0.00013,5e-05,2e-05,1e-05,0.00023,0.00043,7e-05,1e-05,3
43804,0.00013,5e-05,2e-05,1e-05,0.00023,0.00043,7e-05,1e-05,3
43805,0.00013,5e-05,2e-05,1e-05,0.00023,0.00043,7e-05,1e-05,3
43806,0.00013,5e-05,2e-05,1e-05,0.00023,0.00043,7e-05,1e-05,3
43807,0.00013,5e-05,2e-05,1e-05,0.00023,0.00043,7e-05,1e-05,3
43808,0.00013,5e-05,2e-05,1e-05,0.00023,0.00043,7e-05,1e-05,3
43809,0.00013,5e-05,2e-05,1e-05,0.00023,0.00043,7e-05,1e-05,3
43810,0.00013,5e-05,2e-05,1e-05,0.00023,0.00043,7e-05,1e-05,3
43811,-0.00014,-5e-05,-2e-05,-6e-05,8e-05,8e-05,1e-05,-3e-05,3
43812,-0.00014,-5e-05,-2e-05,-6e-05,8e-05,8e-05,1e-05,-3e-05,3
43813,-0.00014,-5e-05,-2e-05,-6e-05,8e-05,8e-05,1e-05,-3e-05,3
43814,-0.00014,-5e-05,-2e-05,-6e-05,8e-05,8e-05,1e-05,-3e-05,3
43815,-0.00014,-5e-05,-2e-05,-6e-05,8e-05,8e-05,1e-05,-3e-05,3
43816,-0.00014,-5e-05,-2e-05,-6e-05,8e-05,8e-05,1e-05,-3e-05,3
43817,-0.00014,-5e-05,-2e-05,-6e-05,8e-05,8e-05,1e-05,-3e-05,3
43818,-0.00014,-5e-05,-2e-05,-6e-05,8e-05,8e-05,1e-05,-3e-05,3
43819,-0.00014,-5e-05,-2e-05,-6e-05,8e-05,8e-05,1e-05,-3e-05,3
43820,-0.00014,-5e-05,-2e-05,-6e-05,8e-05,8e-05,1e-05,-3e-05,3
43821,-0.00014,-5e-05,-2e-05,-6e-05,8e-05,8e-05,1e-05,-3e-05,3
43822,-0.00014,-5e-05,-2e-05,-6e-05,8e-05,8e-05,1e-05,-3e-05,3
43823,-0.00014,-5e-05,-2e-05,-6e-05,8e-05,8e-05,1e-05,-3e-05,3
43824,-0.00014,-5e-05,-2e-05,-6e-05,8e-05,8e-05,1e-05,-3e-05,3
43825,-0.00014,-5e-05,-2e-05,-6e-05,8e-05,8e-05,1e-05,-3e-05,3
43826,0.00025,3e-05,5e-05,0.00014,8e-05,-0.00016,0.00019,3e-05,3
43827,-3e-05,-3e-05,0.0,-1e-05,-0.00011,-0.00021,-6e-05,2e-05,3
43828,-3e-05,-3e-05,0.0,-1e-05,-0.00011,-0.00021,-6e-05,2e-05,3
43829,-3e-05,-3e-05,0.0,-1e-05,-0.00011,-0.00021,-6e-05,2e-05,3
43830,-3e-05,-3e-05,0.0,-1e-05,-0.00011,-0.00021,-6e-05,2e-05,3
43831,-3e-05,-3e-05,0.0,-1e-05,-0.00011,-0.00021,-6e-05,2e-05,3
43832,-3e-05,-3e-05,0.0,-1e-05,-0.00011,-0.00021,-6e-05,2e-05,3
43833,-3e-05,-3e-05,0.0,-1e-05,-0.00011,-0.00021,-6e-05,2e-05,3
43834,-3e-05,-3e-05,0.0,-1e-05,-0.00011,-0.00021,-6e-05,2e-05,3
43835,-3e-05,-3e-05,0.0,-1e-05,-0.00011,-0.00021,-6e-05,2e-05,3
43836,-3e-05,-3e-05,0.0,-1e-05,-0.00011,-0.00021,-6e-05,2e-05,3
43838,-3e-05,-3e-05,0.0,-1e-05,-0.00011,-0.00021,-6e-05,2e-05,3
43839,-3e-05,-3e-05,0.0,-1e-05,-0.00011,-0.00021,-6e-05,2e-05,3
43840,-3e-05,-3e-05,0.0,-1e-05,-0.00011,-0.00021,-6e-05,2e-05,3
43841,-3e-05,-3e-05,0.0,-1e-05,-0.00011,-0.00021,-6e-05,2e-05,3
43842,-3e-05,-3e-05,0.0,-1e-05,-0.00011,-0.00021,-6e-05,2e-05,3
43843,-3e-05,-3e-05,0.0,-1e-05,-0.00011,-0.00021,-6e-05,2e-05,3
43844,-3e-05,-3e-05,0.0,-1e-05,-0.00011,-0.00021,-6e-05,2e-05,3
43845,-3e-05,-3e-05,0.0,-1e-05,-0.00011,-0.00021,-6e-05,2e-05,3
43846,-3e-05,-3e-05,0.0,-1e-05,-0.00011,-0.00021,-6e-05,2e-05,3
43847,-3e-05,-3e-05,0.0,-1e-05,-0.00011,-0.00021,-6e-05,2e-05,3
43848,-0.00059,-1e-05,4e-05,0.00014,0.00024,0.00027,-0.0002,-0.00017,3
43849,-0.00059,-1e-05,4e-05,0.00014,0.00024,0.00027,-0.0002,-0.00017,3
43850,-5e-05,-4e-05,-0.00011,-0.00022,-0.00031,3e-05,-7e-05,-4e-05,3
43851,-5e-05,-4e-05,-0.00011,-0.00022,-0.00031,3e-05,-7e-05,-4e-05,3
43852,-5e-05,-4e-05,-0.00011,-0.00022,-0.00031,3e-05,-7e-05,-4e-05,3
43854,-5e-05,-4e-05,-0.00011,-0.00022,-0.00031,3e-05,-7e-05,-4e-05,3
43855,-5e-05,-4e-05,-0.00011,-0.00022,-0.00031,3e-05,-7e-05,-4e-05,3
43856,-5e-05,-4e-05,-0.00011,-0.00022,-0.00031,3e-05,-7e-05,-4e-05,3
43857,-5e-05,-4e-05,-0.00011,-0.00022,-0.00031,3e-05,-7e-05,-4e-05,3
43858,-5e-05,-4e-05,-0.00011,-0.00022,-0.00031,3e-05,-7e-05,-4e-05,3
43859,-5e-05,-4e-05,-0.00011,-0.00022,-0.00031,3e-05,-7e-05,-4e-05,3
43860,-5e-05,-4e-05,-0.00011,-0.00022,-0.00031,3e-05,-7e-05,-4e-05,3
43861,-5e-05,-4e-05,-0.00011,-0.00022,-0.00031,3e-05,-7e-05,-4e-05,3
43862,6e-05,-5e-05,-5e-05,-8e-05,-0.00027,0.00036,0.00023,0.00011,3
43863,6e-05,-5e-05,-5e-05,-8e-05,-0.00027,0.00036,0.00023,0.00011,3
43864,6e-05,-5e-05,-5e-05,-8e-05,-0.00027,0.00036,0.00023,0.00011,3
43865,6e-05,-5e-05,-5e-05,-8e-05,-0.00027,0.00036,0.00023,0.00011,3
43866,6e-05,-5e-05,-5e-05,-8e-05,-0.00027,0.00036,0.00023,0.00011,3
43867,6e-05,-5e-05,-5e-05,-8e-05,-0.00027,0.00036,0.00023,0.00011,3
43868,6e-05,-5e-05,-5e-05,-8e-05,-0.00027,0.00036,0.00023,0.00011,3
43869,6e-05,-5e-05,-5e-05,-8e-05,-0.00027,0.00036,0.00023,0.00011,3
43870,0.0001,-2e-05,-2e-05,1e-05,0.0002,-8e-05,-5e-05,-5e-05,3
43871,-0.00012,0.0,-1e-05,-6e-05,-1e-05,0.0001,-8e-05,-1e-05,3
43872,-0.00012,0.0,-1e-05,-6e-05,-1e-05,0.0001,-8e-05,-1e-05,3
43873,-0.00012,0.0,-1e-05,-6e-05,-1e-05,0.0001,-8e-05,-1e-05,3
43874,-0.00012,0.0,-1e-05,-6e-05,-1e-05,0.0001,-8e-05,-1e-05,3
43875,-0.00012,0.0,-1e-05,-6e-05,-1e-05,0.0001,-8e-05,-1e-05,3
43876,-0.00012,0.0,-1e-05,-6e-05,-1e-05,0.0001,-8e-05,-1e-05,3
43877,-0.00012,0.0,-1e-05,-6e-05,-1e-05,0.0001,-8e-05,-1e-05,3
43878,-0.00012,0.0,-1e-05,-6e-05,-1e-05,0.0001,-8e-05,-1e-05,3
43879,-0.00012,0.0,-1e-05,-6e-05,-1e-05,0.0001,-8e-05,-1e-05,3
43880,-0.00012,0.0,-1e-05,-6e-05,-1e-05,0.0001,-8e-05,-1e-05,3
43881,-0.00012,0.0,-1e-05,-6e-05,-1e-05,0.0001,-8e-05,-1e-05,3
43882,-0.00012,0.0,-1e-05,-6e-05,-1e-05,0.0001,-8e-05,-1e-05,3
43883,-0.00012,0.0,-1e-05,-6e-05,-1e-05,0.0001,-8e-05,-1e-05,3
43884,-0.00012,0.0,-1e-05,-6e-05,-1e-05,0.0001,-8e-05,-1e-05,3
43885,-0.00012,0.0,-1e-05,-6e-05,-1e-05,0.0001,-8e-05,-1e-05,3
43886,4e-05,-1e-05,0.0,5e-05,-0.00015,-0.00027,-8e-05,-7e-05,3
43888,0.0,-7e-05,-6e-05,-7e-05,-0.00035,6e-05,0.00023,5e-05,3
43889,0.0,-7e-05,-6e-05,-7e-05,-0.00035,6e-05,0.00023,5e-05,3
43890,0.0,-7e-05,-6e-05,-7e-05,-0.00035,6e-05,0.00023,5e-05,3
43891,0.0,-7e-05,-6e-05,-7e-05,-0.00035,6e-05,0.00023,5e-05,3
43892,0.0,-7e-05,-6e-05,-7e-05,-0.00035,6e-05,0.00023,5e-05,3
43893,0.0,-7e-05,-6e-05,-7e-05,-0.00035,6e-05,0.00023,5e-05,3
43894,0.0,-7e-05,-6e-05,-7e-05,-0.00035,6e-05,0.00023,5e-05,3
43895,0.0,-7e-05,-6e-05,-7e-05,-0.00035,6e-05,0.00023,5e-05,3
43896,0.0,-7e-05,-6e-05,-7e-05,-0.00035,6e-05,0.00023,5e-05,3
43897,0.0,-7e-05,-6e-05,-7e-05,-0.00035,6e-05,0.00023,5e-05,3
43898,0.0,-7e-05,-6e-05,-7e-05,-0.00035,6e-05,0.00023,5e-05,3
43899,0.0,-7e-05,-6e-05,-7e-05,-0.00035,6e-05,0.00023,5e-05,3
43900,0.0,-7e-05,-6e-05,-7e-05,-0.00035,6e-05,0.00023,5e-05,3
43901,0.0,-7e-05,-6e-05,-7e-05,-0.00035,6e-05,0.00023,5e-05,3
43902,0.0,-7e-05,-6e-05,-7e-05,-0.00035,6e-05,0.00023,5e-05,3
43903,0.0,-7e-05,-6e-05,-7e-05,-0.00035,6e-05,0.00023,5e-05,3
43904,0.0,-7e-05,-6e-05,-7e-05,-0.00035,6e-05,0.00023,5e-05,3
43905,0.0,-7e-05,-6e-05,-7e-05,-0.00035,6e-05,0.00023,5e-05,3
43906,0.0,-7e-05,-6e-05,-7e-05,-0.00035,6e-05,0.00023,5e-05,3
43907,0.0,-7e-05,-6e-05,-7e-05,-0.00035,6e-05,0.00023,5e-05,3
43908,-0.00019,1e-05,-3e-05,-0.0001,0.0,0.00017,-0.00011,1e-05,3
43909,0.0001,-1e-05,2e-05,0.00011,6e-05,-0.00035,1e-05,8e-05,3
43910,9e-05,4e-05,0.0,-5e-05,-1e-05,-0.0002,-6e-05,-1e-05,3
43911,9e-05,4e-05,0.0,-5e-05,-1e-05,-0.0002,-6e-05,-1e-05,3
43912,9e-05,4e-05,0.0,-5e-05,-1e-05,-0.0002,-6e-05,-1e-05,3
43913,9e-05,4e-05,0.0,-5e-05,-1e-05,-0.0002,-6e-05,-1e-05,3
43914,9e-05,4e-05,0.0,-5e-05,-1e-05,-0.0002,-6e-05,-1e-05,3
43915,9e-05,4e-05,0.0,-5e-05,-1e-05,-0.0002,-6e-05,-1e-05,3
43916,9e-05,4e-05,0.0,-5e-05,-1e-05,-0.0002,-6e-05,-1e-05,3
43917,9e-05,4e-05,0.0,-5e-05,-1e-05,-0.0002,-6e-05,-1e-05,3
43918,9e-05,4e-05,0.0,-5e-05,-1e-05,-0.0002,-6e-05,-1e-05,3
43919,9e-05,4e-05,0.0,-5e-05,-1e-05,-0.0002,-6e-05,-1e-05,3
43920,9e-05,4e-05,0.0,-5e-05,-1e-05,-0.0002,-6e-05,-1e-05,3
43921,9e-05,4e-05,0.0,-5e-05,-1e-05,-0.0002,-6e-05,-1e-05,3
43922,-2e-05,2e-05,0.0001,0.00039,0.00015,8e-05,1e-05,1e-05,3
43923,-2e-05,2e-05,0.0001,0.00039,0.00015,8e-05,1e-05,1e-05,3
43924,-2e-05,2e-05,0.0001,0.00039,0.00015,8e-05,1e-05,1e-05,3
43925,-2e-05,2e-05,0.0001,0.00039,0.00015,8e-05,1e-05,1e-05,3
43926,-2e-05,2e-05,0.0001,0.00039,0.00015,8e-05,1e-05,1e-05,3
43927,-2e-05,2e-05,0.0001,0.00039,0.00015,8e-05,1e-05,1e-05,3
43928,-2e-05,2e-05,0.0001,0.00039,0.00015,8e-05,1e-05,1e-05,3
43929,-2e-05,2e-05,0.0001,0.00039,0.00015,8e-05,1e-05,1e-05,3
43930,-2e-05,2e-05,0.0001,0.00039,0.00015,8e-05,1e-05,1e-05,3
43931,7e-05,1e-05,6e-05,0.00016,0.00018,-0.00016,-0.00014,-3e-05,3
43932,7e-05,1e-05,6e-05,0.00016,0.00018,-0.00016,-0.00014,-3e-05,3
43933,7e-05,1e-05,6e-05,0.00016,0.00018,-0.00016,-0.00014,-3e-05,3
43934,7e-05,1e-05,6e-05,0.00016,0.00018,-0.00016,-0.00014,-3e-05,3
43935,7e-05,1e-05,6e-05,0.00016,0.00018,-0.00016,-0.00014,-3e-05,3
43936,7e-05,1e-05,6e-05,0.00016,0.00018,-0.00016,-0.00014,-3e-05,3
43938,7e-05,1e-05,6e-05,0.00016,0.00018,-0.00016,-0.00014,-3e-05,3
43939,7e-05,1e-05,6e-05,0.00016,0.00018,-0.00016,-0.00014,-3e-05,3
43940,7e-05,1e-05,6e-05,0.00016,0.00018,-0.00016,-0.00014,-3e-05,3
43941,7e-05,1e-05,6e-05,0.00016,0.00018,-0.00016,-0.00014,-3e-05,3
43942,7e-05,1e-05,6e-05,0.00016,0.00018,-0.00016,-0.00014,-3e-05,3
43943,7e-05,1e-05,6e-05,0.00016,0.00018,-0.00016,-0.00014,-3e-05,3
43944,7e-05,1e-05,6e-05,0.00016,0.00018,-0.00016,-0.00014,-3e-05,3
43945,7e-05,1e-05,6e-05,0.00016,0.00018,-0.00016,-0.00014,-3e-05,3
43946,4e-05,-4e-05,-8e-05,-0.00031,-0.00043,-0.00032,-0.00017,-7e-05,3
43947,-0.00017,-7e-05,-4e-05,-0.0001,-6e-05,7e-05,0.00016,-3e-05,3
43948,-0.00017,-7e-05,-4e-05,-0.0001,-6e-05,7e-05,0.00016,-3e-05,3
43949,-0.00017,-7e-05,-4e-05,-0.0001,-6e-05,7e-05,0.00016,-3e-05,3
43950,-0.00017,-7e-05,-4e-05,-0.0001,-6e-05,7e-05,0.00016,-3e-05,3
43951,-0.00017,-7e-05,-4e-05,-0.0001,-6e-05,7e-05,0.00016,-3e-05,3
43952,-0.00017,-7e-05,-4e-05,-0.0001,-6e-05,7e-05,0.00016,-3e-05,3
43954,-0.00017,-7e-05,-4e-05,-0.0001,-6e-05,7e-05,0.00016,-3e-05,3
43955,-0.00017,-7e-05,-4e-05,-0.0001,-6e-05,7e-05,0.00016,-3e-05,3
43956,-0.00017,-7e-05,-4e-05,-0.0001,-6e-05,7e-05,0.00016,-3e-05,3
43957,-0.00017,-7e-05,-4e-05,-0.0001,-6e-05,7e-05,0.00016,-3e-05,3
43958,-0.00017,-7e-05,-4e-05,-0.0001,-6e-05,7e-05,0.00016,-3e-05,3
43959,-0.00017,-7e-05,-4e-05,-0.0001,-6e-05,7e-05,0.00016,-3e-05,3
43960,-0.00017,-7e-05,-4e-05,-0.0001,-6e-05,7e-05,0.00016,-3e-05,3
43961,-0.00017,-7e-05,-4e-05,-0.0001,-6e-05,7e-05,0.00016,-3e-05,3
43962,-0.00017,-7e-05,-4e-05,-0.0001,-6e-05,7e-05,0.00016,-3e-05,3
43963,-0.00017,-7e-05,-4e-05,-0.0001,-6e-05,7e-05,0.00016,-3e-05,3
43964,-0.00017,-7e-05,-4e-05,-0.0001,-6e-05,7e-05,0.00016,-3e-05,3
43965,-0.00017,-7e-05,-4e-05,-0.0001,-6e-05,7e-05,0.00016,-3e-05,3
43966,-0.00017,-7e-05,-4e-05,-0.0001,-6e-05,7e-05,0.00016,-3e-05,3
43967,-0.00017,-7e-05,-4e-05,-0.0001,-6e-05,7e-05,0.00016,-3e-05,3
43968,-2e-05,-6e-05,-6e-05,-8e-05,7e-05,9e-05,-6e-05,1e-05,3
43969,-2e-05,-6e-05,-6e-05,-8e-05,7e-05,9e-05,-6e-05,1e-05,3
43970,-4e-05,-5e-05,-5e-05,-9e-05,-0.0001,-0.00018,-0.00013,-2e-05,3
43971,-4e-05,-5e-05,-5e-05,-9e-05,-0.0001,-0.00018,-0.00013,-2e-05,3
43972,-4e-05,-5e-05,-5e-05,-9e-05,-0.0001,-0.00018,-0.00013,-2e-05,3
43973,-4e-05,-5e-05,-5e-05,-9e-05,-0.0001,-0.00018,-0.00013,-2e-05,3
43974,-4e-05,-5e-05,-5e-05,-9e-05,-0.0001,-0.00018,-0.00013,-2e-05,3
43975,-4e-05,-5e-05,-5e-05,-9e-05,-0.0001,-0.00018,-0.00013,-2e-05,3
43976,-4e-05,-5e-05,-5e-05,-9e-05,-0.0001,-0.00018,-0.00013,-2e-05,3
43977,-4e-05,-5e-05,-5e-05,-9e-05,-0.0001,-0.00018,-0.00013,-2e-05,3
43978,-4e-05,-5e-05,-5e-05,-9e-05,-0.0001,-0.00018,-0.00013,-2e-05,3
43979,-4e-05,-5e-05,-5e-05,-9e-05,-0.0001,-0.00018,-0.00013,-2e-05,3
43980,-4e-05,-5e-05,-5e-05,-9e-05,-0.0001,-0.00018,-0.00013,-2e-05,3
43982,0.00018,1e-05,1e-05,-0.00011,-0.00043,-4e-05,1e-05,4e-05,0
43983,0.00018,1e-05,1e-05,-0.00011,-0.00043,-4e-05,1e-05,4e-05,0
43984,0.00018,1e-05,1e-05,-0.00011,-0.00043,-4e-05,1e-05,4e-05,0
43985,0.00018,1e-05,1e-05,-0.00011,-0.00043,-4e-05,1e-05,4e-05,0
43987,0.00018,1e-05,1e-05,-0.00011,-0.00043,-4e-05,1e-05,4e-05,0
43989,0.00018,1e-05,1e-05,-0.00011,-0.00043,-4e-05,1e-05,4e-05,0
43990,0.00018,1e-05,1e-05,-0.00011,-0.00043,-4e-05,1e-05,4e-05,0
43991,0.00014,4e-05,4e-05,0.00024,0.00036,0.00029,-0.00016,8e-05,0
43992,0.00014,4e-05,4e-05,0.00024,0.00036,0.00029,-0.00016,8e-05,0
43993,0.00014,4e-05,4e-05,0.00024,0.00036,0.00029,-0.00016,8e-05,0
43994,0.00014,4e-05,4e-05,0.00024,0.00036,0.00029,-0.00016,8e-05,0
43995,0.00014,4e-05,4e-05,0.00024,0.00036,0.00029,-0.00016,8e-05,0
43996,0.00014,4e-05,4e-05,0.00024,0.00036,0.00029,-0.00016,8e-05,0
43997,0.00014,4e-05,4e-05,0.00024,0.00036,0.00029,-0.00016,8e-05,0
43998,0.00014,4e-05,4e-05,0.00024,0.00036,0.00029,-0.00016,8e-05,0
43999,0.00014,4e-05,4e-05,0.00024,0.00036,0.00029,-0.00016,8e-05,0
44000,0.00014,4e-05,4e-05,0.00024,0.00036,0.00029,-0.00016,8e-05,0
44001,0.00014,4e-05,4e-05,0.00024,0.00036,0.00029,-0.00016,8e-05,0
44002,0.00014,4e-05,4e-05,0.00024,0.00036,0.00029,-0.00016,8e-05,0
44004,0.00014,4e-05,4e-05,0.00024,0.00036,0.00029,-0.00016,8e-05,0
44005,0.00014,4e-05,4e-05,0.00024,0.00036,0.00029,-0.00016,8e-05,0
44006,1e-05,1e-05,0.0,0.0,0.00035,0.00044,0.00015,8e-05,0
44007,-0.00024,-7e-05,-3e-05,-3e-05,-0.00011,-0.00023,-8e-05,1e-05,0
44008,-0.00024,-7e-05,-3e-05,-3e-05,-0.00011,-0.00023,-8e-05,1e-05,0
44009,-0.00024,-7e-05,-3e-05,-3e-05,-0.00011,-0.00023,-8e-05,1e-05,0
44010,-0.00024,-7e-05,-3e-05,-3e-05,-0.00011,-0.00023,-8e-05,1e-05,0
44011,-0.00024,-7e-05,-3e-05,-3e-05,-0.00011,-0.00023,-8e-05,1e-05,0
44012,-0.00024,-7e-05,-3e-05,-3e-05,-0.00011,-0.00023,-8e-05,1e-05,0
44013,-0.00024,-7e-05,-3e-05,-3e-05,-0.00011,-0.00023,-8e-05,1e-05,0
44014,-0.00024,-7e-05,-3e-05,-3e-05,-0.00011,-0.00023,-8e-05,1e-05,0
44015,-0.00024,-7e-05,-3e-05,-3e-05,-0.00011,-0.00023,-8e-05,1e-05,0
44016,-0.00024,-7e-05,-3e-05,-3e-05,-0.00011,-0.00023,-8e-05,1e-05,0
44017,-0.00024,-7e-05,-3e-05,-3e-05,-0.00011,-0.00023,-8e-05,1e-05,0
44018,-0.00024,-7e-05,-3e-05,-3e-05,-0.00011,-0.00023,-8e-05,1e-05,0
44019,-0.00024,-7e-05,-3e-05,-3e-05,-0.00011,-0.00023,-8e-05,1e-05,0
44020,-0.00024,-7e-05,-3e-05,-3e-05,-0.00011,-0.00023,-8e-05,1e-05,0
44021,-0.00024,-7e-05,-3e-05,-3e-05,-0.00011,-0.00023,-8e-05,1e-05,0
44022,-0.00024,-7e-05,-3e-05,-3e-05,-0.00011,-0.00023,-8e-05,1e-05,0
44023,-0.00024,-7e-05,-3e-05,-3e-05,-0.00011,-0.00023,-8e-05,1e-05,0
44024,-0.00024,-7e-05,-3e-05,-3e-05,-0.00011,-0.00023,-8e-05,1e-05,0
44025,-0.00024,-7e-05,-3e-05,-3e-05,-0.00011,-0.00023,-8e-05,1e-05,0
44026,-0.00024,-7e-05,-3e-05,-3e-05,-0.00011,-0.00023,-8e-05,1e-05,0
44027,-0.00024,-7e-05,-3e-05,-3e-05,-0.00011,-0.00023,-8e-05,1e-05,0
44028,0.00013,0.0,-7e-05,-0.00019,-0.00036,-0.00073,-0.00012,0.0,0
44029,0.00013,0.0,-7e-05,-0.00019,-0.00036,-0.00073,-0.00012,0.0,0
44030,3e-05,1e-05,-2e-05,-7e-05,8e-05,9e-05,0.0,-1e-05,0
44031,3e-05,1e-05,-2e-05,-7e-05,8e-05,9e-05,0.0,-1e-05,0
44032,3e-05,1e-05,-2e-05,-7e-05,8e-05,9e-05,0.0,-1e-05,0
44033,3e-05,1e-05,-2e-05,-7e-05,8e-05,9e-05,0.0,-1e-05,0
44034,3e-05,1e-05,-2e-05,-7e-05,8e-05,9e-05,0.0,-1e-05,0
44035,3e-05,1e-05,-2e-05,-7e-05,8e-05,9e-05,0.0,-1e-05,0
44036,3e-05,1e-05,-2e-05,-7e-05,8e-05,9e-05,0.0,-1e-05,0
44038,3e-05,1e-05,-2e-05,-7e-05,8e-05,9e-05,0.0,-1e-05,0
44039,3e-05,1e-05,-2e-05,-7e-05,8e-05,9e-05,0.0,-1e-05,0
44040,3e-05,1e-05,-2e-05,-7e-05,8e-05,9e-05,0.0,-1e-05,0
44041,3e-05,1e-05,-2e-05,-7e-05,8e-05,9e-05,0.0,-1e-05,0
44042,-7e-05,-2e-05,0.0,7e-05,-8e-05,8e-05,0.0,-1e-05,0
44043,-7e-05,-2e-05,0.0,7e-05,-8e-05,8e-05,0.0,-1e-05,0
44044,-7e-05,-2e-05,0.0,7e-05,-8e-05,8e-05,0.0,-1e-05,0
44045,-7e-05,-2e-05,0.0,7e-05,-8e-05,8e-05,0.0,-1e-05,0
44046,-7e-05,-2e-05,0.0,7e-05,-8e-05,8e-05,0.0,-1e-05,0
44047,-7e-05,-2e-05,0.0,7e-05,-8e-05,8e-05,0.0,-1e-05,0
44048,-7e-05,-2e-05,0.0,7e-05,-8e-05,8e-05,0.0,-1e-05,0
44049,-7e-05,-2e-05,0.0,7e-05,-8e-05,8e-05,0.0,-1e-05,0
44050,-7e-05,-2e-05,0.0,7e-05,-8e-05,8e-05,0.0,-1e-05,0
44051,-0.00032,0.0,3e-05,7e-05,0.00015,-0.00013,4e-05,-4e-05,0
44052,-0.00032,0.0,3e-05,7e-05,0.00015,-0.00013,4e-05,-4e-05,0
44054,-0.00032,0.0,3e-05,7e-05,0.00015,-0.00013,4e-05,-4e-05,0
44055,-0.00032,0.0,3e-05,7e-05,0.00015,-0.00013,4e-05,-4e-05,0
44056,-0.00032,0.0,3e-05,7e-05,0.00015,-0.00013,4e-05,-4e-05,0
44057,-0.00032,0.0,3e-05,7e-05,0.00015,-0.00013,4e-05,-4e-05,0
44058,-0.00032,0.0,3e-05,7e-05,0.00015,-0.00013,4e-05,-4e-05,0
44059,-0.00032,0.0,3e-05,7e-05,0.00015,-0.00013,4e-05,-4e-05,0
44060,-0.00032,0.0,3e-05,7e-05,0.00015,-0.00013,4e-05,-4e-05,0
44061,-0.00032,0.0,3e-05,7e-05,0.00015,-0.00013,4e-05,-4e-05,0
44062,-0.00032,0.0,3e-05,7e-05,0.00015,-0.00013,4e-05,-4e-05,0
44063,-0.00032,0.0,3e-05,7e-05,0.00015,-0.00013,4e-05,-4e-05,0
44064,-0.00032,0.0,3e-05,7e-05,0.00015,-0.00013,4e-05,-4e-05,0
44065,-0.00032,0.0,3e-05,7e-05,0.00015,-0.00013,4e-05,-4e-05,0
44066,8e-05,-1e-05,-4e-05,2e-05,0.00022,5e-05,-6e-05,2e-05,0
44067,0.00074,6e-05,2e-05,2e-05,-3e-05,0.00013,-1e-05,0.00016,0
44068,0.00074,6e-05,2e-05,2e-05,-3e-05,0.00013,-1e-05,0.00016,0
44069,0.00074,6e-05,2e-05,2e-05,-3e-05,0.00013,-1e-05,0.00016,0
44070,0.00074,6e-05,2e-05,2e-05,-3e-05,0.00013,-1e-05,0.00016,0
44071,0.00074,6e-05,2e-05,2e-05,-3e-05,0.00013,-1e-05,0.00016,0
44072,0.00074,6e-05,2e-05,2e-05,-3e-05,0.00013,-1e-05,0.00016,0
44073,0.00074,6e-05,2e-05,2e-05,-3e-05,0.00013,-1e-05,0.00016,0
44074,0.00074,6e-05,2e-05,2e-05,-3e-05,0.00013,-1e-05,0.00016,0
44075,0.00074,6e-05,2e-05,2e-05,-3e-05,0.00013,-1e-05,0.00016,0
44076,0.00074,6e-05,2e-05,2e-05,-3e-05,0.00013,-1e-05,0.00016,0
44077,0.00074,6e-05,2e-05,2e-05,-3e-05,0.00013,-1e-05,0.00016,0
44078,0.00074,6e-05,2e-05,2e-05,-3e-05,0.00013,-1e-05,0.00016,0
44079,0.00074,6e-05,2e-05,2e-05,-3e-05,0.00013,-1e-05,0.00016,0
44080,0.00074,6e-05,2e-05,2e-05,-3e-05,0.00013,-1e-05,0.00016,0
44081,0.00074,6e-05,2e-05,2e-05,-3e-05,0.00013,-1e-05,0.00016,0
44082,0.00074,6e-05,2e-05,2e-05,-3e-05,0.00013,-1e-05,0.00016,0
44083,0.00074,6e-05,2e-05,2e-05,-3e-05,0.00013,-1e-05,0.00016,0
44084,0.00074,6e-05,2e-05,2e-05,-3e-05,0.00013,-1e-05,0.00016,0
44085,0.00074,6e-05,2e-05,2e-05,-3e-05,0.00013,-1e-05,0.00016,0
44086,0.00074,6e-05,2e-05,2e-05,-3e-05,0.00013,-1e-05,0.00016,0
44088,5e-05,-6e-05,-1e-05,-1e-05,-3e-05,-3e-05,2e-05,3e-05,0
44089,-0.00044,-6e-05,-1e-05,5e-05,9e-05,-1e-05,-5e-05,-0.00011,0
44090,-8e-05,7e-05,6e-05,0.00012,0.00028,2e-05,6e-05,-4e-05,0
44091,-8e-05,7e-05,6e-05,0.00012,0.00028,2e-05,6e-05,-4e-05,0
44092,-8e-05,7e-05,6e-05,0.00012,0.00028,2e-05,6e-05,-4e-05,0
44093,-8e-05,7e-05,6e-05,0.00012,0.00028,2e-05,6e-05,-4e-05,0
44094,-8e-05,7e-05,6e-05,0.00012,0.00028,2e-05,6e-05,-4e-05,0
44095,-8e-05,7e-05,6e-05,0.00012,0.00028,2e-05,6e-05,-4e-05,0
44096,-8e-05,7e-05,6e-05,0.00012,0.00028,2e-05,6e-05,-4e-05,0
44097,-8e-05,7e-05,6e-05,0.00012,0.00028,2e-05,6e-05,-4e-05,0
44098,-8e-05,7e-05,6e-05,0.00012,0.00028,2e-05,6e-05,-4e-05,0
44099,-8e-05,7e-05,6e-05,0.00012,0.00028,2e-05,6e-05,-4e-05,0
44100,-8e-05,7e-05,6e-05,0.00012,0.00028,2e-05,6e-05,-4e-05,0
44101,-8e-05,7e-05,6e-05,0.00012,0.00028,2e-05,6e-05,-4e-05,0
44102,1e-05,-0.00013,-5e-05,-4e-05,-3e-05,-0.00029,-7e-05,-0.00011,0
44104,1e-05,-0.00013,-5e-05,-4e-05,-3e-05,-0.00029,-7e-05,-0.00011,0
44105,1e-05,-0.00013,-5e-05,-4e-05,-3e-05,-0.00029,-7e-05,-0.00011,0
44106,1e-05,-0.00013,-5e-05,-4e-05,-3e-05,-0.00029,-7e-05,-0.00011,0
44107,1e-05,-0.00013,-5e-05,-4e-05,-3e-05,-0.00029,-7e-05,-0.00011,0
44108,1e-05,-0.00013,-5e-05,-4e-05,-3e-05,-0.00029,-7e-05,-0.00011,0
44109,1e-05,-0.00013,-5e-05,-4e-05,-3e-05,-0.00029,-7e-05,-0.00011,0
44110,1e-05,-0.00013,-5e-05,-4e-05,-3e-05,-0.00029,-7e-05,-0.00011,0
44111,-0.00014,-8e-05,2e-05,7e-05,9e-05,0.00017,0.00011,-1e-05,0
44112,-0.00014,-8e-05,2e-05,7e-05,9e-05,0.00017,0.00011,-1e-05,0
44113,-0.00014,-8e-05,2e-05,7e-05,9e-05,0.00017,0.00011,-1e-05,0
44114,-0.00014,-8e-05,2e-05,7e-05,9e-05,0.00017,0.00011,-1e-05,0
44115,-0.00014,-8e-05,2e-05,7e-05,9e-05,0.00017,0.00011,-1e-05,0
44116,-0.00014,-8e-05,2e-05,7e-05,9e-05,0.00017,0.00011,-1e-05,0
44117,-0.00014,-8e-05,2e-05,7e-05,9e-05,0.00017,0.00011,-1e-05,0
44118,-0.00014,-8e-05,2e-05,7e-05,9e-05,0.00017,0.00011,-1e-05,0
44119,-0.00014,-8e-05,2e-05,7e-05,9e-05,0.00017,0.00011,-1e-05,0
44120,-0.00014,-8e-05,2e-05,7e-05,9e-05,0.00017,0.00011,-1e-05,0
44121,-0.00014,-8e-05,2e-05,7e-05,9e-05,0.00017,0.00011,-1e-05,0
44122,-0.00014,-8e-05,2e-05,7e-05,9e-05,0.00017,0.00011,-1e-05,0
44123,-0.00014,-8e-05,2e-05,7e-05,9e-05,0.00017,0.00011,-1e-05,0
44124,-0.00014,-8e-05,2e-05,7e-05,9e-05,0.00017,0.00011,-1e-05,0
44125,-0.00014,-8e-05,2e-05,7e-05,9e-05,0.00017,0.00011,-1e-05,0
44126,-2e-05,-1e-05,3e-05,5e-05,0.00016,0.00015,0.0001,5e-05,0
44127,-0.00059,-6e-05,-2e-05,1e-05,7e-05,-0.00022,9e-05,-0.0002,0
44128,-0.00059,-6e-05,-2e-05,1e-05,7e-05,-0.00022,9e-05,-0.0002,0
44129,-0.00059,-6e-05,-2e-05,1e-05,7e-05,-0.00022,9e-05,-0.0002,0
44130,-0.00059,-6e-05,-2e-05,1e-05,7e-05,-0.00022,9e-05,-0.0002,0
44131,-0.00059,-6e-05,-2e-05,1e-05,7e-05,-0.00022,9e-05,-0.0002,0
44132,-0.00059,-6e-05,-2e-05,1e-05,7e-05,-0.00022,9e-05,-0.0002,0
44133,-0.00059,-6e-05,-2e-05,1e-05,7e-05,-0.00022,9e-05,-0.0002,0
44134,-0.00059,-6e-05,-2e-05,1e-05,7e-05,-0.00022,9e-05,-0.0002,0
44135,-0.00059,-6e-05,-2e-05,1e-05,7e-05,-0.00022,9e-05,-0.0002,0
44136,-0.00059,-6e-05,-2e-05,1e-05,7e-05,-0.00022,9e-05,-0.0002,0
44138,-0.00059,-6e-05,-2e-05,1e-05,7e-05,-0.00022,9e-05,-0.0002,0
44139,-0.00059,-6e-05,-2e-05,1e-05,7e-05,-0.00022,9e-05,-0.0002,0
44140,-0.00059,-6e-05,-2e-05,1e-05,7e-05,-0.00022,9e-05,-0.0002,0
44141,-0.00059,-6e-05,-2e-05,1e-05,7e-05,-0.00022,9e-05,-0.0002,0
44142,-0.00059,-6e-05,-2e-05,1e-05,7e-05,-0.00022,9e-05,-0.0002,0
44143,-0.00059,-6e-05,-2e-05,1e-05,7e-05,-0.00022,9e-05,-0.0002,0
44144,-0.00059,-6e-05,-2e-05,1e-05,7e-05,-0.00022,9e-05,-0.0002,0
44145,-0.00059,-6e-05,-2e-05,1e-05,7e-05,-0.00022,9e-05,-0.0002,0
44146,-0.00059,-6e-05,-2e-05,1e-05,7e-05,-0.00022,9e-05,-0.0002,0
44147,-0.00059,-6e-05,-2e-05,1e-05,7e-05,-0.00022,9e-05,-0.0002,0
44148,4e-05,0.0,2e-05,-1e-05,-0.00012,3e-05,6e-05,-2e-05,0
44149,0.00012,1e-05,0.0,-1e-05,0.00037,9e-05,-8e-05,6e-05,0
44150,0.00032,2e-05,0.0,-4e-05,-0.00046,-0.00022,-0.0001,2e-05,0
44151,0.00032,2e-05,0.0,-4e-05,-0.00046,-0.00022,-0.0001,2e-05,0
44152,0.00032,2e-05,0.0,-4e-05,-0.00046,-0.00022,-0.0001,2e-05,0
44154,0.00032,2e-05,0.0,-4e-05,-0.00046,-0.00022,-0.0001,2e-05,0
44155,0.00032,2e-05,0.0,-4e-05,-0.00046,-0.00022,-0.0001,2e-05,0
44156,0.00032,2e-05,0.0,-4e-05,-0.00046,-0.00022,-0.0001,2e-05,0
44157,0.00032,2e-05,0.0,-4e-05,-0.00046,-0.00022,-0.0001,2e-05,0
44158,0.00032,2e-05,0.0,-4e-05,-0.00046,-0.00022,-0.0001,2e-05,0
44159,0.00032,2e-05,0.0,-4e-05,-0.00046,-0.00022,-0.0001,2e-05,0
44160,0.00032,2e-05,0.0,-4e-05,-0.00046,-0.00022,-0.0001,2e-05,0
44161,0.00032,2e-05,0.0,-4e-05,-0.00046,-0.00022,-0.0001,2e-05,0
44162,0.00032,2e-05,0.0,-4e-05,-0.00046,-0.00022,-0.0001,2e-05,0
44163,0.00032,2e-05,0.0,-4e-05,-0.00046,-0.00022,-0.0001,2e-05,0
44164,0.00032,2e-05,0.0,-4e-05,-0.00046,-0.00022,-0.0001,2e-05,0
44165,0.00032,2e-05,0.0,-4e-05,-0.00046,-0.00022,-0.0001,2e-05,0
44166,0.00032,2e-05,0.0,-4e-05,-0.00046,-0.00022,-0.0001,2e-05,0
44167,0.00032,2e-05,0.0,-4e-05,-0.00046,-0.00022,-0.0001,2e-05,0
44168,0.00032,2e-05,0.0,-4e-05,-0.00046,-0.00022,-0.0001,2e-05,0
44169,0.00032,2e-05,0.0,-4e-05,-0.00046,-0.00022,-0.0001,2e-05,0
44170,0.00032,2e-05,0.0,-4e-05,-0.00046,-0.00022,-0.0001,2e-05,0
44171,-0.00013,1e-05,-1e-05,5e-05,0.00026,0.0,3e-05,-4e-05,0
44172,-3e-05,6e-05,6e-05,8e-05,-5e-05,0.00018,-2e-05,-5e-05,0
44173,-3e-05,6e-05,6e-05,8e-05,-5e-05,0.00018,-2e-05,-5e-05,0
44174,-3e-05,6e-05,6e-05,8e-05,-5e-05,0.00018,-2e-05,-5e-05,0
44175,-3e-05,6e-05,6e-05,8e-05,-5e-05,0.00018,-2e-05,-5e-05,0
44176,-3e-05,6e-05,6e-05,8e-05,-5e-05,0.00018,-2e-05,-5e-05,0
44177,-3e-05,6e-05,6e-05,8e-05,-5e-05,0.00018,-2e-05,-5e-05,0
44178,-3e-05,6e-05,6e-05,8e-05,-5e-05,0.00018,-2e-05,-5e-05,0
44179,-3e-05,6e-05,6e-05,8e-05,-5e-05,0.00018,-2e-05,-5e-05,0
44180,-3e-05,6e-05,6e-05,8e-05,-5e-05,0.00018,-2e-05,-5e-05,0
44181,-3e-05,6e-05,6e-05,8e-05,-5e-05,0.00018,-2e-05,-5e-05,0
44182,-3e-05,6e-05,6e-05,8e-05,-5e-05,0.00018,-2e-05,-5e-05,0
44183,-3e-05,6e-05,6e-05,8e-05,-5e-05,0.00018,-2e-05,-5e-05,0
44184,-3e-05,6e-05,6e-05,8e-05,-5e-05,0.00018,-2e-05,-5e-05,0
44185,-3e-05,6e-05,6e-05,8e-05,-5e-05,0.00018,-2e-05,-5e-05,0
44186,-3e-05,-1e-05,-2e-05,-2e-05,-0.00011,-0.0002,-0.00014,-0.00014,0
44188,0.0001,0.0,0.0,7e-05,0.00024,-4e-05,-3e-05,0.0,0
44189,0.0001,0.0,0.0,7e-05,0.00024,-4e-05,-3e-05,0.0,0
44190,0.0001,0.0,0.0,7e-05,0.00024,-4e-05,-3e-05,0.0,0
44191,0.0001,0.0,0.0,7e-05,0.00024,-4e-05,-3e-05,0.0,0
44192,0.0001,0.0,0.0,7e-05,0.00024,-4e-05,-3e-05,0.0,0
44193,0.0001,0.0,0.0,7e-05,0.00024,-4e-05,-3e-05,0.0,0
44194,0.0001,0.0,0.0,7e-05,0.00024,-4e-05,-3e-05,0.0,0
44195,0.0001,0.0,0.0,7e-05,0.00024,-4e-05,-3e-05,0.0,0
44196,0.0001,0.0,0.0,7e-05,0.00024,-4e-05,-3e-05,0.0,0
44197,0.0001,0.0,0.0,7e-05,0.00024,-4e-05,-3e-05,0.0,0
44198,0.0001,0.0,0.0,7e-05,0.00024,-4e-05,-3e-05,0.0,0
44199,0.0001,0.0,0.0,7e-05,0.00024,-4e-05,-3e-05,0.0,0
44200,0.0001,0.0,0.0,7e-05,0.00024,-4e-05,-3e-05,0.0,0
44201,0.0001,0.0,0.0,7e-05,0.00024,-4e-05,-3e-05,0.0,0
44202,0.0001,0.0,0.0,7e-05,0.00024,-4e-05,-3e-05,0.0,0
44203,0.0001,0.0,0.0,7e-05,0.00024,-4e-05,-3e-05,0.0,0
44204,0.0001,0.0,0.0,7e-05,0.00024,-4e-05,-3e-05,0.0,0
44205,0.0001,0.0,0.0,7e-05,0.00024,-4e-05,-3e-05,0.0,0
44206,0.0001,0.0,0.0,7e-05,0.00024,-4e-05,-3e-05,0.0,0
44207,0.0001,0.0,0.0,7e-05,0.00024,-4e-05,-3e-05,0.0,0
44208,0.0001,0.0,0.0,7e-05,0.00024,-4e-05,-3e-05,0.0,0
44209,0.0001,0.0,0.0,7e-05,0.00024,-4e-05,-3e-05,0.0,0
44210,-0.00032,3e-05,-1e-05,-0.0001,-9e-05,-0.0001,-0.00012,-6e-05,0
44211,-0.00012,-6e-05,-4e-05,-7e-05,8e-05,-0.00011,-2e-05,-9e-05,0
44212,-0.00012,-6e-05,-4e-05,-7e-05,8e-05,-0.00011,-2e-05,-9e-05,0
44213,-0.00012,-6e-05,-4e-05,-7e-05,8e-05,-0.00011,-2e-05,-9e-05,0
44214,-0.00012,-6e-05,-4e-05,-7e-05,8e-05,-0.00011,-2e-05,-9e-05,0
44215,-0.00012,-6e-05,-4e-05,-7e-05,8e-05,-0.00011,-2e-05,-9e-05,0
44216,-0.00012,-6e-05,-4e-05,-7e-05,8e-05,-0.00011,-2e-05,-9e-05,0
44217,-0.00012,-6e-05,-4e-05,-7e-05,8e-05,-0.00011,-2e-05,-9e-05,0
44218,-0.00012,-6e-05,-4e-05,-7e-05,8e-05,-0.00011,-2e-05,-9e-05,0
44219,-0.00012,-6e-05,-4e-05,-7e-05,8e-05,-0.00011,-2e-05,-9e-05,0
44220,-0.00012,-6e-05,-4e-05,-7e-05,8e-05,-0.00011,-2e-05,-9e-05,0
44221,-0.00012,-6e-05,-4e-05,-7e-05,8e-05,-0.00011,-2e-05,-9e-05,0
44222,-0.00012,-6e-05,-4e-05,-7e-05,8e-05,-0.00011,-2e-05,-9e-05,0
44223,-0.00012,-6e-05,-4e-05,-7e-05,8e-05,-0.00011,-2e-05,-9e-05,0
44224,-0.00012,-6e-05,-4e-05,-7e-05,8e-05,-0.00011,-2e-05,-9e-05,0
44225,-0.00012,-6e-05,-4e-05,-7e-05,8e-05,-0.00011,-2e-05,-9e-05,0
44226,-0.00012,-6e-05,-4e-05,-7e-05,8e-05,-0.00011,-2e-05,-9e-05,0
44227,-0.00012,-6e-05,-4e-05,-7e-05,8e-05,-0.00011,-2e-05,-9e-05,0
44228,-0.00012,-6e-05,-4e-05,-7e-05,8e-05,-0.00011,-2e-05,-9e-05,0
44229,-0.00012,-6e-05,-4e-05,-7e-05,8e-05,-0.00011,-2e-05,-9e-05,0
44230,-0.00012,-6e-05,-4e-05,-7e-05,8e-05,-0.00011,-2e-05,-9e-05,0
44231,-0.00012,-6e-05,-4e-05,-7e-05,8e-05,-0.00011,-2e-05,-9e-05,0
44232,-0.00012,-6e-05,-4e-05,-7e-05,8e-05,-0.00011,-2e-05,-9e-05,0
44233,-0.00012,-6e-05,-4e-05,-7e-05,8e-05,-0.00011,-2e-05,-9e-05,0
44234,-0.00012,-6e-05,-4e-05,-7e-05,8e-05,-0.00011,-2e-05,-9e-05,0
44235,-0.00012,-6e-05,-4e-05,-7e-05,8e-05,-0.00011,-2e-05,-9e-05,0
44236,-0.00012,-6e-05,-4e-05,-7e-05,8e-05,-0.00011,-2e-05,-9e-05,0
44238,0.00014,0.0,-1e-05,-0.00015,-9e-05,-0.00021,-7e-05,4e-05,0
44239,-6e-05,-1e-05,1e-05,-0.0001,-5e-05,5e-05,0.00011,0.0,0
44240,-6e-05,-1e-05,1e-05,-0.0001,-5e-05,5e-05,0.00011,0.0,0
44241,-6e-05,-1e-05,1e-05,-0.0001,-5e-05,5e-05,0.00011,0.0,0
44242,-6e-05,-1e-05,1e-05,-0.0001,-5e-05,5e-05,0.00011,0.0,0
44243,-6e-05,-1e-05,1e-05,-0.0001,-5e-05,5e-05,0.00011,0.0,0
44244,-6e-05,-1e-05,1e-05,-0.0001,-5e-05,5e-05,0.00011,0.0,0
44245,0.0,-4e-05,-5e-05,2e-05,-7e-05,5e-05,-1e-05,-1e-05,0
44246,6e-05,-2e-05,1e-05,1e-05,0.0,0.0001,2e-05,3e-05,0
44247,6e-05,-2e-05,1e-05,1e-05,0.0,0.0001,2e-05,3e-05,0
44248,6e-05,-2e-05,1e-05,1e-05,0.0,0.0001,2e-05,3e-05,0
44249,6e-05,-2e-05,1e-05,1e-05,0.0,0.0001,2e-05,3e-05,0
44250,6e-05,-2e-05,1e-05,1e-05,0.0,0.0001,2e-05,3e-05,0
44251,6e-05,-2e-05,1e-05,1e-05,0.0,0.0001,2e-05,3e-05,0
44252,6e-05,-2e-05,1e-05,1e-05,0.0,0.0001,2e-05,3e-05,0
44254,6e-05,-2e-05,1e-05,1e-05,0.0,0.0001,2e-05,3e-05,0
44255,6e-05,-2e-05,1e-05,1e-05,0.0,0.0001,2e-05,3e-05,0
44256,6e-05,-2e-05,1e-05,1e-05,0.0,0.0001,2e-05,3e-05,0
44257,6e-05,-2e-05,1e-05,1e-05,0.0,0.0001,2e-05,3e-05,0
44258,6e-05,-2e-05,1e-05,1e-05,0.0,0.0001,2e-05,3e-05,0
44259,6e-05,-2e-05,1e-05,1e-05,0.0,0.0001,2e-05,3e-05,0
44260,6e-05,-2e-05,1e-05,1e-05,0.0,0.0001,2e-05,3e-05,0
44261,6e-05,-2e-05,1e-05,1e-05,0.0,0.0001,2e-05,3e-05,0
44262,6e-05,-2e-05,1e-05,1e-05,0.0,0.0001,2e-05,3e-05,0
44263,6e-05,-2e-05,1e-05,1e-05,0.0,0.0001,2e-05,3e-05,0
44264,6e-05,-2e-05,1e-05,1e-05,0.0,0.0001,2e-05,3e-05,0
44265,6e-05,-2e-05,1e-05,1e-05,0.0,0.0001,2e-05,3e-05,0
44266,6e-05,-2e-05,1e-05,1e-05,0.0,0.0001,2e-05,3e-05,0
44267,6e-05,-1e-05,0.0,-0.0001,-8e-05,2e-05,-1e-05,1e-05,0
44268,5e-05,-3e-05,-0.0001,-0.00013,-0.00011,-0.0001,-1e-05,-2e-05,0
44269,4e-05,1e-05,3e-05,-6e-05,-4e-05,6e-05,-5e-05,0.0,0
44270,4e-05,1e-05,3e-05,-6e-05,-4e-05,6e-05,-5e-05,0.0,0
44271,4e-05,1e-05,3e-05,-6e-05,-4e-05,6e-05,-5e-05,0.0,0
44272,4e-05,1e-05,3e-05,-6e-05,-4e-05,6e-05,-5e-05,0.0,0
44273,4e-05,1e-05,3e-05,-6e-05,-4e-05,6e-05,-5e-05,0.0,0
44274,4e-05,1e-05,3e-05,-6e-05,-4e-05,6e-05,-5e-05,0.0,0
44275,4e-05,1e-05,3e-05,-6e-05,-4e-05,6e-05,-5e-05,0.0,0
44276,4e-05,1e-05,3e-05,-6e-05,-4e-05,6e-05,-5e-05,0.0,0
44277,4e-05,1e-05,3e-05,-6e-05,-4e-05,6e-05,-5e-05,0.0,0
44278,4e-05,1e-05,3e-05,-6e-05,-4e-05,6e-05,-5e-05,0.0,0
44279,4e-05,1e-05,3e-05,-6e-05,-4e-05,6e-05,-5e-05,0.0,0
44280,4e-05,1e-05,3e-05,-6e-05,-4e-05,6e-05,-5e-05,0.0,0
44281,4e-05,1e-05,3e-05,-6e-05,-4e-05,6e-05,-5e-05,0.0,0
44282,4e-05,1e-05,3e-05,-6e-05,-4e-05,6e-05,-5e-05,0.0,0
44283,4e-05,1e-05,3e-05,-6e-05,-4e-05,6e-05,-5e-05,0.0,0
44284,4e-05,1e-05,3e-05,-6e-05,-4e-05,6e-05,-5e-05,0.0,0
44285,4e-05,1e-05,3e-05,-6e-05,-4e-05,6e-05,-5e-05,0.0,0
44286,4e-05,1e-05,3e-05,-6e-05,-4e-05,6e-05,-5e-05,0.0,0
44289,4e-05,1e-05,3e-05,-6e-05,-4e-05,6e-05,-5e-05,0.0,0
44290,-4e-05,0.0,-2e-05,4e-05,0.0,0.0001,-2e-05,0.0,0
44291,-4e-05,0.0,-2e-05,4e-05,0.0,0.0001,-2e-05,0.0,0
44292,3e-05,0.0,-3e-05,-6e-05,-6e-05,0.0,0.0,2e-05,0
44293,3e-05,0.0,-3e-05,-6e-05,-6e-05,0.0,0.0,2e-05,0
44294,3e-05,0.0,-3e-05,-6e-05,-6e-05,0.0,0.0,2e-05,0
44295,3e-05,0.0,-3e-05,-6e-05,-6e-05,0.0,0.0,2e-05,0
44296,3e-05,0.0,-3e-05,-6e-05,-6e-05,0.0,0.0,2e-05,0
44297,3e-05,0.0,-3e-05,-6e-05,-6e-05,0.0,0.0,2e-05,0
44298,3e-05,0.0,-3e-05,-6e-05,-6e-05,0.0,0.0,2e-05,0
44299,3e-05,0.0,-3e-05,-6e-05,-6e-05,0.0,0.0,2e-05,0
44300,3e-05,0.0,-3e-05,-6e-05,-6e-05,0.0,0.0,2e-05,0
44301,3e-05,0.0,-3e-05,-6e-05,-6e-05,0.0,0.0,2e-05,0
44302,3e-05,0.0,-3e-05,-6e-05,-6e-05,0.0,0.0,2e-05,0
44304,3e-05,0.0,-3e-05,-6e-05,-6e-05,0.0,0.0,2e-05,0
44305,5e-05,2e-05,4e-05,-6e-05,-2e-05,-3e-05,0.0,0.0,0
44306,2e-05,0.0,-3e-05,6e-05,1e-05,-1e-05,0.0,1e-05,0
44307,2e-05,0.0,-3e-05,6e-05,1e-05,-1e-05,0.0,1e-05,0
44308,2e-05,0.0,-3e-05,6e-05,1e-05,-1e-05,0.0,1e-05,0
44309,2e-05,0.0,-3e-05,6e-05,1e-05,-1e-05,0.0,1e-05,0
44310,2e-05,0.0,-3e-05,6e-05,1e-05,-1e-05,0.0,1e-05,0
44311,2e-05,0.0,-3e-05,6e-05,1e-05,-1e-05,0.0,1e-05,0
44312,2e-05,0.0,-3e-05,6e-05,1e-05,-1e-05,0.0,1e-05,0
44313,2e-05,0.0,-3e-05,6e-05,1e-05,-1e-05,0.0,1e-05,0
44314,2e-05,0.0,-3e-05,6e-05,1e-05,-1e-05,0.0,1e-05,0
44315,2e-05,0.0,-3e-05,6e-05,1e-05,-1e-05,0.0,1e-05,0
44316,2e-05,0.0,-3e-05,6e-05,1e-05,-1e-05,0.0,1e-05,0
44317,2e-05,0.0,-3e-05,6e-05,1e-05,-1e-05,0.0,1e-05,0
44318,2e-05,0.0,-3e-05,6e-05,1e-05,-1e-05,0.0,1e-05,0
44319,2e-05,0.0,-3e-05,6e-05,1e-05,-1e-05,0.0,1e-05,0
44320,2e-05,0.0,-3e-05,6e-05,1e-05,-1e-05,0.0,1e-05,0
44321,2e-05,0.0,-3e-05,6e-05,1e-05,-1e-05,0.0,1e-05,0
44322,2e-05,0.0,-3e-05,6e-05,1e-05,-1e-05,0.0,1e-05,0
44323,2e-05,0.0,-3e-05,6e-05,1e-05,-1e-05,0.0,1e-05,0
44324,2e-05,0.0,-3e-05,6e-05,1e-05,-1e-05,0.0,1e-05,0
44325,2e-05,0.0,-3e-05,6e-05,1e-05,-1e-05,0.0,1e-05,0
44326,2e-05,0.0,-3e-05,6e-05,1e-05,-1e-05,0.0,1e-05,0
44327,6e-05,-2e-05,-3e-05,-0.00024,-2e-05,0.0,0.0,0.0,0
44328,-1e-05,1e-05,3e-05,-0.00015,-6e-05,0.0,-2e-05,-2e-05,0
44329,-3e-05,-3e-05,5e-05,0.00042,-3e-05,-0.00011,-4e-05,-3e-05,0
44330,-3e-05,-3e-05,5e-05,0.00042,-3e-05,-0.00011,-4e-05,-3e-05,0
44331,-3e-05,-3e-05,5e-05,0.00042,-3e-05,-0.00011,-4e-05,-3e-05,0
44332,-3e-05,-3e-05,5e-05,0.00042,-3e-05,-0.00011,-4e-05,-3e-05,0
44333,-3e-05,-3e-05,5e-05,0.00042,-3e-05,-0.00011,-4e-05,-3e-05,0
44334,-3e-05,-3e-05,5e-05,0.00042,-3e-05,-0.00011,-4e-05,-3e-05,0
44335,-3e-05,-3e-05,5e-05,0.00042,-3e-05,-0.00011,-4e-05,-3e-05,0
44336,-3e-05,-3e-05,5e-05,0.00042,-3e-05,-0.00011,-4e-05,-3e-05,0
44338,-3e-05,-3e-05,5e-05,0.00042,-3e-05,-0.00011,-4e-05,-3e-05,0
44339,-3e-05,-3e-05,5e-05,0.00042,-3e-05,-0.00011,-4e-05,-3e-05,0
44340,-3e-05,-3e-05,5e-05,0.00042,-3e-05,-0.00011,-4e-05,-3e-05,0
44341,-3e-05,-3e-05,5e-05,0.00042,-3e-05,-0.00011,-4e-05,-3e-05,0
44342,-3e-05,-3e-05,5e-05,0.00042,-3e-05,-0.00011,-4e-05,-3e-05,0
44343,-3e-05,-3e-05,5e-05,0.00042,-3e-05,-0.00011,-4e-05,-3e-05,0
44344,-3e-05,-3e-05,5e-05,0.00042,-3e-05,-0.00011,-4e-05,-3e-05,0
44345,-3e-05,-3e-05,5e-05,0.00042,-3e-05,-0.00011,-4e-05,-3e-05,0
44346,-3e-05,-3e-05,5e-05,0.00042,-3e-05,-0.00011,-4e-05,-3e-05,0
44347,-3e-05,-3e-05,5e-05,0.00042,-3e-05,-0.00011,-4e-05,-3e-05,0
44348,-3e-05,-3e-05,5e-05,0.00042,-3e-05,-0.00011,-4e-05,-3e-05,0
44349,-3e-05,-3e-05,5e-05,0.00042,-3e-05,-0.00011,-4e-05,-3e-05,0
44350,-2e-05,-2e-05,-4e-05,-0.00015,-5e-05,-7e-05,1e-05,0.0,0
44351,1e-05,-1e-05,-8e-05,-0.00019,1e-05,0.00011,2e-05,0.0,0
44352,1e-05,-1e-05,-8e-05,-0.00019,1e-05,0.00011,2e-05,0.0,0
44354,1e-05,-1e-05,-8e-05,-0.00019,1e-05,0.00011,2e-05,0.0,0
44355,1e-05,-1e-05,-8e-05,-0.00019,1e-05,0.00011,2e-05,0.0,0
44356,1e-05,-1e-05,-8e-05,-0.00019,1e-05,0.00011,2e-05,0.0,0
44357,1e-05,-1e-05,-8e-05,-0.00019,1e-05,0.00011,2e-05,0.0,0
44358,1e-05,-1e-05,-8e-05,-0.00019,1e-05,0.00011,2e-05,0.0,0
44359,1e-05,-1e-05,-8e-05,-0.00019,1e-05,0.00011,2e-05,0.0,0
44360,1e-05,-1e-05,-8e-05,-0.00019,1e-05,0.00011,2e-05,0.0,0
44361,1e-05,-1e-05,-8e-05,-0.00019,1e-05,0.00011,2e-05,0.0,0
44362,1e-05,-1e-05,-8e-05,-0.00019,1e-05,0.00011,2e-05,0.0,0
44363,1e-05,-1e-05,-8e-05,-0.00019,1e-05,0.00011,2e-05,0.0,0
44364,1e-05,-1e-05,-8e-05,-0.00019,1e-05,0.00011,2e-05,0.0,0
44365,-1e-05,1e-05,3e-05,0.00011,3e-05,4e-05,-1e-05,-2e-05,0
44366,-1e-05,0.0,-3e-05,-5e-05,-6e-05,6e-05,-2e-05,1e-05,0
44367,-1e-05,0.0,-3e-05,-5e-05,-6e-05,6e-05,-2e-05,1e-05,0
44368,-1e-05,0.0,-3e-05,-5e-05,-6e-05,6e-05,-2e-05,1e-05,0
44369,-1e-05,0.0,-3e-05,-5e-05,-6e-05,6e-05,-2e-05,1e-05,0
44370,-1e-05,0.0,-3e-05,-5e-05,-6e-05,6e-05,-2e-05,1e-05,0
44371,-1e-05,0.0,-3e-05,-5e-05,-6e-05,6e-05,-2e-05,1e-05,0
44372,-1e-05,0.0,-3e-05,-5e-05,-6e-05,6e-05,-2e-05,1e-05,0
44373,-1e-05,0.0,-3e-05,-5e-05,-6e-05,6e-05,-2e-05,1e-05,0
44374,-1e-05,0.0,-3e-05,-5e-05,-6e-05,6e-05,-2e-05,1e-05,0
44375,-1e-05,0.0,-3e-05,-5e-05,-6e-05,6e-05,-2e-05,1e-05,0
44376,-1e-05,0.0,-3e-05,-5e-05,-6e-05,6e-05,-2e-05,1e-05,0
44377,-1e-05,0.0,-3e-05,-5e-05,-6e-05,6e-05,-2e-05,1e-05,0
44378,-1e-05,0.0,-3e-05,-5e-05,-6e-05,6e-05,-2e-05,1e-05,0
44379,-1e-05,0.0,-3e-05,-5e-05,-6e-05,6e-05,-2e-05,1e-05,0
44380,-1e-05,0.0,-3e-05,-5e-05,-6e-05,6e-05,-2e-05,1e-05,0
44381,-1e-05,0.0,-3e-05,-5e-05,-6e-05,6e-05,-2e-05,1e-05,0
44382,-1e-05,0.0,-3e-05,-5e-05,-6e-05,6e-05,-2e-05,1e-05,0
44383,-1e-05,0.0,-3e-05,-5e-05,-6e-05,6e-05,-2e-05,1e-05,0
44384,-1e-05,0.0,-3e-05,-5e-05,-6e-05,6e-05,-2e-05,1e-05,0
44385,-1e-05,0.0,-3e-05,-5e-05,-6e-05,6e-05,-2e-05,1e-05,0
44386,-1e-05,0.0,-3e-05,-5e-05,-6e-05,6e-05,-2e-05,1e-05,0
44388,-1e-05,0.0,-3e-05,-5e-05,-6e-05,6e-05,-2e-05,1e-05,0
44389,-1e-05,0.0,-3e-05,-5e-05,-6e-05,6e-05,-2e-05,1e-05,0
44390,-1e-05,0.0,-3e-05,-5e-05,-6e-05,6e-05,-2e-05,1e-05,0
44391,-1e-05,0.0,-3e-05,-5e-05,-6e-05,6e-05,-2e-05,1e-05,0
44392,-1e-05,0.0,-3e-05,-5e-05,-6e-05,6e-05,-2e-05,1e-05,0
44393,-1e-05,0.0,-3e-05,-5e-05,-6e-05,6e-05,-2e-05,1e-05,0
44394,-1e-05,0.0,-3e-05,-5e-05,-6e-05,6e-05,-2e-05,1e-05,0
44395,-1e-05,0.0,-3e-05,-5e-05,-6e-05,6e-05,-2e-05,1e-05,0
44396,-1e-05,0.0,-3e-05,-5e-05,-6e-05,6e-05,-2e-05,1e-05,0
44397,-2e-05,0.0,-5e-05,-0.00023,0.00015,7e-05,1e-05,0.0,0
44398,-2e-05,-1e-05,-1e-05,0.0,1e-05,3e-05,-2e-05,-6e-05,0
44399,-2e-05,-1e-05,-1e-05,0.0,1e-05,3e-05,-2e-05,-6e-05,0
44400,-2e-05,-1e-05,-1e-05,0.0,1e-05,3e-05,-2e-05,-6e-05,0
44401,-2e-05,-1e-05,-1e-05,0.0,1e-05,3e-05,-2e-05,-6e-05,0
44402,-2e-05,-1e-05,-1e-05,0.0,1e-05,3e-05,-2e-05,-6e-05,0
44404,-2e-05,-1e-05,-1e-05,0.0,1e-05,3e-05,-2e-05,-6e-05,0
44405,-2e-05,-1e-05,-1e-05,0.0,1e-05,3e-05,-2e-05,-6e-05,0
44406,-2e-05,-1e-05,-1e-05,0.0,1e-05,3e-05,-2e-05,-6e-05,0
44407,-2e-05,-1e-05,-1e-05,0.0,1e-05,3e-05,-2e-05,-6e-05,0
44408,-2e-05,-1e-05,-1e-05,0.0,1e-05,3e-05,-2e-05,-6e-05,0
44409,-2e-05,-1e-05,-1e-05,0.0,1e-05,3e-05,-2e-05,-6e-05,0
44410,-1e-05,0.0,2e-05,0.00034,-2e-05,4e-05,-2e-05,1e-05,0
44411,0.0,0.0,0.0,7e-05,-6e-05,-0.00012,-2e-05,0.0,0
44412,0.0,0.0,0.0,7e-05,-6e-05,-0.00012,-2e-05,0.0,0
44413,0.0,0.0,0.0,7e-05,-6e-05,-0.00012,-2e-05,0.0,0
44414,0.0,0.0,0.0,7e-05,-6e-05,-0.00012,-2e-05,0.0,0
44415,0.0,0.0,0.0,7e-05,-6e-05,-0.00012,-2e-05,0.0,0
44416,0.0,0.0,0.0,7e-05,-6e-05,-0.00012,-2e-05,0.0,0
44417,0.0,0.0,0.0,7e-05,-6e-05,-0.00012,-2e-05,0.0,0
44418,0.0,0.0,0.0,7e-05,-6e-05,-0.00012,-2e-05,0.0,0
44419,0.0,0.0,0.0,7e-05,-6e-05,-0.00012,-2e-05,0.0,0
44420,0.0,0.0,0.0,7e-05,-6e-05,-0.00012,-2e-05,0.0,0
44421,0.0,0.0,0.0,7e-05,-6e-05,-0.00012,-2e-05,0.0,0
44422,0.0,0.0,0.0,7e-05,-6e-05,-0.00012,-2e-05,0.0,0
44423,0.0,0.0,0.0,7e-05,-6e-05,-0.00012,-2e-05,0.0,0
44424,0.0,0.0,0.0,7e-05,-6e-05,-0.00012,-2e-05,0.0,0
44425,1e-05,-3e-05,-7e-05,-6e-05,-5e-05,6e-05,-2e-05,-3e-05,0
44426,1e-05,1e-05,2e-05,-8e-05,0.0,2e-05,-2e-05,0.0,0
44427,-1e-05,-6e-05,-0.00013,-0.0002,-8e-05,-6e-05,-1e-05,-1e-05,0
44428,-1e-05,-6e-05,-0.00013,-0.0002,-8e-05,-6e-05,-1e-05,-1e-05,0
44429,-1e-05,-6e-05,-0.00013,-0.0002,-8e-05,-6e-05,-1e-05,-1e-05,0
44430,-1e-05,-6e-05,-0.00013,-0.0002,-8e-05,-6e-05,-1e-05,-1e-05,0
44431,-1e-05,-6e-05,-0.00013,-0.0002,-8e-05,-6e-05,-1e-05,-1e-05,0
44432,-1e-05,-6e-05,-0.00013,-0.0002,-8e-05,-6e-05,-1e-05,-1e-05,0
44433,-1e-05,-6e-05,-0.00013,-0.0002,-8e-05,-6e-05,-1e-05,-1e-05,0
44434,-1e-05,-6e-05,-0.00013,-0.0002,-8e-05,-6e-05,-1e-05,-1e-05,0
44435,-1e-05,-6e-05,-0.00013,-0.0002,-8e-05,-6e-05,-1e-05,-1e-05,0
44436,-1e-05,-6e-05,-0.00013,-0.0002,-8e-05,-6e-05,-1e-05,-1e-05,0
44438,-1e-05,-6e-05,-0.00013,-0.0002,-8e-05,-6e-05,-1e-05,-1e-05,0
44439,-1e-05,-6e-05,-0.00013,-0.0002,-8e-05,-6e-05,-1e-05,-1e-05,0
44440,-1e-05,-6e-05,-0.00013,-0.0002,-8e-05,-6e-05,-1e-05,-1e-05,0
44441,-1e-05,-6e-05,-0.00013,-0.0002,-8e-05,-6e-05,-1e-05,-1e-05,0
44442,-1e-05,-6e-05,-0.00013,-0.0002,-8e-05,-6e-05,-1e-05,-1e-05,0
44443,-1e-05,-6e-05,-0.00013,-0.0002,-8e-05,-6e-05,-1e-05,-1e-05,0
44444,-1e-05,-6e-05,-0.00013,-0.0002,-8e-05,-6e-05,-1e-05,-1e-05,0
44445,-1e-05,-6e-05,-0.00013,-0.0002,-8e-05,-6e-05,-1e-05,-1e-05,0
44446,-1e-05,-6e-05,-0.00013,-0.0002,-8e-05,-6e-05,-1e-05,-1e-05,0
44447,-1e-05,-6e-05,-0.00013,-0.0002,-8e-05,-6e-05,-1e-05,-1e-05,0
44448,0.0,3e-05,4e-05,-8e-05,-5e-05,-9e-05,-2e-05,0.0,0
44449,0.0,3e-05,4e-05,-8e-05,-5e-05,-9e-05,-2e-05,0.0,0
44450,0.0,3e-05,4e-05,-8e-05,-5e-05,-9e-05,-2e-05,0.0,0
44451,0.0,3e-05,4e-05,-8e-05,-5e-05,-9e-05,-2e-05,0.0,0
44452,0.0,3e-05,4e-05,-8e-05,-5e-05,-9e-05,-2e-05,0.0,0
44454,0.0,3e-05,4e-05,-8e-05,-5e-05,-9e-05,-2e-05,0.0,0
44455,0.0,3e-05,4e-05,-8e-05,-5e-05,-9e-05,-2e-05,0.0,0
44456,0.0,3e-05,4e-05,-8e-05,-5e-05,-9e-05,-2e-05,0.0,0
44457,0.0,3e-05,4e-05,-8e-05,-5e-05,-9e-05,-2e-05,0.0,0
44458,0.0,3e-05,4e-05,-8e-05,-5e-05,-9e-05,-2e-05,0.0,0
44459,0.0,3e-05,4e-05,-8e-05,-5e-05,-9e-05,-2e-05,0.0,0
44460,0.0,3e-05,4e-05,-8e-05,-5e-05,-9e-05,-2e-05,0.0,0
44461,0.0,3e-05,4e-05,-8e-05,-5e-05,-9e-05,-2e-05,0.0,0
44462,0.0,3e-05,4e-05,-8e-05,-5e-05,-9e-05,-2e-05,0.0,0
44463,0.0,3e-05,4e-05,-8e-05,-5e-05,-9e-05,-2e-05,0.0,0
44464,0.0,3e-05,4e-05,-8e-05,-5e-05,-9e-05,-2e-05,0.0,0
44465,0.0,3e-05,4e-05,-8e-05,-5e-05,-9e-05,-2e-05,0.0,0
44466,0.0,3e-05,4e-05,-8e-05,-5e-05,-9e-05,-2e-05,0.0,0
44467,0.0,3e-05,4e-05,-8e-05,-5e-05,-9e-05,-2e-05,0.0,0
44468,0.0,3e-05,4e-05,-8e-05,-5e-05,-9e-05,-2e-05,0.0,0
44469,0.0,3e-05,4e-05,-8e-05,-5e-05,-9e-05,-2e-05,0.0,0
44470,0.0,-1e-05,4e-05,0.00017,0.0,1e-05,0.0,0.0,0
44471,-2e-05,-9e-05,-9e-05,-1e-05,0.0,3e-05,-1e-05,-1e-05,0
44472,-2e-05,-9e-05,-9e-05,-1e-05,0.0,3e-05,-1e-05,-1e-05,0
44473,-2e-05,-9e-05,-9e-05,-1e-05,0.0,3e-05,-1e-05,-1e-05,0
44474,-2e-05,-9e-05,-9e-05,-1e-05,0.0,3e-05,-1e-05,-1e-05,0
44475,-2e-05,-9e-05,-9e-05,-1e-05,0.0,3e-05,-1e-05,-1e-05,0
44476,-2e-05,-9e-05,-9e-05,-1e-05,0.0,3e-05,-1e-05,-1e-05,0
44477,-2e-05,-9e-05,-9e-05,-1e-05,0.0,3e-05,-1e-05,-1e-05,0
44478,-2e-05,-9e-05,-9e-05,-1e-05,0.0,3e-05,-1e-05,-1e-05,0
44479,-2e-05,-9e-05,-9e-05,-1e-05,0.0,3e-05,-1e-05,-1e-05,0
44480,-2e-05,-9e-05,-9e-05,-1e-05,0.0,3e-05,-1e-05,-1e-05,0
44481,-2e-05,-9e-05,-9e-05,-1e-05,0.0,3e-05,-1e-05,-1e-05,0
44482,-2e-05,-9e-05,-9e-05,-1e-05,0.0,3e-05,-1e-05,-1e-05,0
44483,-2e-05,-9e-05,-9e-05,-1e-05,0.0,3e-05,-1e-05,-1e-05,0
44484,-2e-05,-9e-05,-9e-05,-1e-05,0.0,3e-05,-1e-05,-1e-05,0
44485,-1e-05,1e-05,2e-05,-0.00014,-4e-05,-2e-05,0.0,-1e-05,0
44488,2e-05,2e-05,2e-05,-0.00017,-1e-05,-2e-05,-1e-05,0.0,0
44489,2e-05,2e-05,2e-05,-0.00017,-1e-05,-2e-05,-1e-05,0.0,0
44490,2e-05,2e-05,2e-05,-0.00017,-1e-05,-2e-05,-1e-05,0.0,0
44491,2e-05,2e-05,2e-05,-0.00017,-1e-05,-2e-05,-1e-05,0.0,0
44492,2e-05,2e-05,2e-05,-0.00017,-1e-05,-2e-05,-1e-05,0.0,0
44493,2e-05,2e-05,2e-05,-0.00017,-1e-05,-2e-05,-1e-05,0.0,0
44494,2e-05,2e-05,2e-05,-0.00017,-1e-05,-2e-05,-1e-05,0.0,0
44495,2e-05,2e-05,2e-05,-0.00017,-1e-05,-2e-05,-1e-05,0.0,0
44496,2e-05,2e-05,2e-05,-0.00017,-1e-05,-2e-05,-1e-05,0.0,0
44497,2e-05,2e-05,2e-05,-0.00017,-1e-05,-2e-05,-1e-05,0.0,0
44498,2e-05,2e-05,2e-05,-0.00017,-1e-05,-2e-05,-1e-05,0.0,0
44499,2e-05,2e-05,2e-05,-0.00017,-1e-05,-2e-05,-1e-05,0.0,0
44500,2e-05,2e-05,2e-05,-0.00017,-1e-05,-2e-05,-1e-05,0.0,0
44501,2e-05,2e-05,2e-05,-0.00017,-1e-05,-2e-05,-1e-05,0.0,0
44502,2e-05,2e-05,2e-05,-0.00017,-1e-05,-2e-05,-1e-05,0.0,0
44504,2e-05,2e-05,2e-05,-0.00017,-1e-05,-2e-05,-1e-05,0.0,0
44505,2e-05,2e-05,2e-05,-0.00017,-1e-05,-2e-05,-1e-05,0.0,0
44506,2e-05,2e-05,2e-05,-0.00017,-1e-05,-2e-05,-1e-05,0.0,0
44507,2e-05,2e-05,2e-05,-0.00017,-1e-05,-2e-05,-1e-05,0.0,0
44508,2e-05,2e-05,2e-05,-0.00017,-1e-05,-2e-05,-1e-05,0.0,0
44509,2e-05,2e-05,2e-05,-0.00017,-1e-05,-2e-05,-1e-05,0.0,0
44510,2e-05,2e-05,2e-05,-0.00017,-1e-05,-2e-05,-1e-05,0.0,0
44511,2e-05,2e-05,2e-05,-0.00017,-1e-05,-2e-05,-1e-05,0.0,0
44512,2e-05,2e-05,2e-05,-0.00017,-1e-05,-2e-05,-1e-05,0.0,0
44513,2e-05,2e-05,2e-05,-0.00017,-1e-05,-2e-05,-1e-05,0.0,0
44514,2e-05,2e-05,2e-05,-0.00017,-1e-05,-2e-05,-1e-05,0.0,0
44515,2e-05,2e-05,2e-05,-0.00017,-1e-05,-2e-05,-1e-05,0.0,0
44516,-3e-05,-5e-05,-4e-05,-0.00011,-6e-05,-1e-05,-3e-05,-2e-05,0
44517,0.0,2e-05,2e-05,-0.00026,-5e-05,0.0,-1e-05,0.0,0
44518,0.0,2e-05,2e-05,-0.00026,-5e-05,0.0,-1e-05,0.0,0
44519,0.0,2e-05,2e-05,-0.00026,-5e-05,0.0,-1e-05,0.0,0
44520,0.0,2e-05,2e-05,-0.00026,-5e-05,0.0,-1e-05,0.0,0
44521,0.0,2e-05,2e-05,-0.00026,-5e-05,0.0,-1e-05,0.0,0
44522,0.0,2e-05,2e-05,-0.00026,-5e-05,0.0,-1e-05,0.0,0
44523,0.0,2e-05,2e-05,-0.00026,-5e-05,0.0,-1e-05,0.0,0
44524,0.0,2e-05,2e-05,-0.00026,-5e-05,0.0,-1e-05,0.0,0
44525,0.0,2e-05,2e-05,-0.00026,-5e-05,0.0,-1e-05,0.0,0
44526,0.0,2e-05,2e-05,-0.00026,-5e-05,0.0,-1e-05,0.0,0
44527,0.0,2e-05,2e-05,-0.00026,-5e-05,0.0,-1e-05,0.0,0
44528,0.0,2e-05,2e-05,-0.00026,-5e-05,0.0,-1e-05,0.0,0
44529,0.0,2e-05,2e-05,-0.00026,-5e-05,0.0,-1e-05,0.0,0
44530,0.0,2e-05,2e-05,-0.00026,-5e-05,0.0,-1e-05,0.0,0
44531,0.0,2e-05,2e-05,-0.00026,-5e-05,0.0,-1e-05,0.0,0
44532,0.0,2e-05,2e-05,-0.00026,-5e-05,0.0,-1e-05,0.0,0
44533,0.0,2e-05,2e-05,-0.00026,-5e-05,0.0,-1e-05,0.0,0
44534,0.0,2e-05,2e-05,-0.00026,-5e-05,0.0,-1e-05,0.0,0
44535,0.0,2e-05,2e-05,-0.00026,-5e-05,0.0,-1e-05,0.0,0
44536,0.0,2e-05,2e-05,-0.00026,-5e-05,0.0,-1e-05,0.0,0
44538,-1e-05,-1e-05,-8e-05,-5e-05,-6e-05,-3e-05,-4e-05,-4e-05,0
44539,-1e-05,1e-05,0.0,-2e-05,-2e-05,-4e-05,-1e-05,-2e-05,0
44540,-1e-05,1e-05,0.0,-2e-05,-2e-05,-4e-05,-1e-05,-2e-05,0
44541,-1e-05,1e-05,0.0,-2e-05,-2e-05,-4e-05,-1e-05,-2e-05,0
44542,-1e-05,1e-05,0.0,-2e-05,-2e-05,-4e-05,-1e-05,-2e-05,0
44543,-1e-05,1e-05,0.0,-2e-05,-2e-05,-4e-05,-1e-05,-2e-05,0
44544,-1e-05,1e-05,0.0,-2e-05,-2e-05,-4e-05,-1e-05,-2e-05,0
44545,-3e-05,-6e-05,-0.00013,-0.00023,-6e-05,-2e-05,-1e-05,0.0,0
44546,-2e-05,-1e-05,2e-05,-2e-05,0.0,4e-05,0.0,-3e-05,0
44547,-2e-05,-1e-05,2e-05,-2e-05,0.0,4e-05,0.0,-3e-05,0
44548,-2e-05,-1e-05,2e-05,-2e-05,0.0,4e-05,0.0,-3e-05,0
44549,-2e-05,-1e-05,2e-05,-2e-05,0.0,4e-05,0.0,-3e-05,0
44550,-2e-05,-1e-05,2e-05,-2e-05,0.0,4e-05,0.0,-3e-05,0
44551,-2e-05,-1e-05,2e-05,-2e-05,0.0,4e-05,0.0,-3e-05,0
44552,-2e-05,-1e-05,2e-05,-2e-05,0.0,4e-05,0.0,-3e-05,0
44554,-2e-05,-1e-05,2e-05,-2e-05,0.0,4e-05,0.0,-3e-05,0
44555,-2e-05,-1e-05,2e-05,-2e-05,0.0,4e-05,0.0,-3e-05,0
44556,-2e-05,-1e-05,2e-05,-2e-05,0.0,4e-05,0.0,-3e-05,0
44557,-2e-05,-1e-05,2e-05,-2e-05,0.0,4e-05,0.0,-3e-05,0
44558,-2e-05,-1e-05,2e-05,-2e-05,0.0,4e-05,0.0,-3e-05,0
44559,-2e-05,-1e-05,2e-05,-2e-05,0.0,4e-05,0.0,-3e-05,0
44560,-2e-05,-1e-05,2e-05,-2e-05,0.0,4e-05,0.0,-3e-05,0
44561,-2e-05,-1e-05,2e-05,-2e-05,0.0,4e-05,0.0,-3e-05,0
44562,-2e-05,-1e-05,2e-05,-2e-05,0.0,4e-05,0.0,-3e-05,0
44563,-2e-05,-1e-05,2e-05,-2e-05,0.0,4e-05,0.0,-3e-05,0
44564,-2e-05,-1e-05,2e-05,-2e-05,0.0,4e-05,0.0,-3e-05,0
44565,-2e-05,-1e-05,2e-05,-2e-05,0.0,4e-05,0.0,-3e-05,0
44566,-2e-05,-1e-05,2e-05,-2e-05,0.0,4e-05,0.0,-3e-05,0
44567,-2e-05,-1e-05,2e-05,-2e-05,0.0,4e-05,0.0,-3e-05,0
44568,-2e-05,-1e-05,2e-05,-2e-05,0.0,4e-05,0.0,-3e-05,0
44569,-2e-05,0.0,-1e-05,0.00016,-7e-05,-4e-05,0.0,-2e-05,0
44570,-2e-05,0.0,-1e-05,0.00016,-7e-05,-4e-05,0.0,-2e-05,0
44571,-2e-05,0.0,-1e-05,0.00016,-7e-05,-4e-05,0.0,-2e-05,0
44572,-2e-05,0.0,-1e-05,0.00016,-7e-05,-4e-05,0.0,-2e-05,0
44573,-2e-05,0.0,-1e-05,0.00016,-7e-05,-4e-05,0.0,-2e-05,0
44574,-2e-05,0.0,-1e-05,0.00016,-7e-05,-4e-05,0.0,-2e-05,0
44575,-2e-05,0.0,-1e-05,0.00016,-7e-05,-4e-05,0.0,-2e-05,0
44576,-2e-05,0.0,-1e-05,0.00016,-7e-05,-4e-05,0.0,-2e-05,0
44577,-2e-05,0.0,-1e-05,0.00016,-7e-05,-4e-05,0.0,-2e-05,0
44578,-2e-05,0.0,-1e-05,0.00016,-7e-05,-4e-05,0.0,-2e-05,0
44579,-2e-05,0.0,-1e-05,0.00016,-7e-05,-4e-05,0.0,-2e-05,0
44580,-2e-05,0.0,-1e-05,0.00016,-7e-05,-4e-05,0.0,-2e-05,0
44581,-2e-05,0.0,-1e-05,0.00016,-7e-05,-4e-05,0.0,-2e-05,0
44582,-2e-05,0.0,-1e-05,0.00016,-7e-05,-4e-05,0.0,-2e-05,0
44583,-2e-05,0.0,-1e-05,0.00016,-7e-05,-4e-05,0.0,-2e-05,0
44584,-2e-05,0.0,-1e-05,0.00016,-7e-05,-4e-05,0.0,-2e-05,0
44585,-2e-05,0.0,-1e-05,0.00016,-7e-05,-4e-05,0.0,-2e-05,0
44586,-2e-05,0.0,-1e-05,0.00016,-7e-05,-4e-05,0.0,-2e-05,0
44588,-2e-05,0.0,-1e-05,0.00016,-7e-05,-4e-05,0.0,-2e-05,0
44589,-2e-05,0.0,-1e-05,0.00016,-7e-05,-4e-05,0.0,-2e-05,0
44590,-3e-05,-3e-05,0.0,7e-05,4e-05,2e-05,0.0,0.0,0
44591,1e-05,1e-05,0.0,0.00011,0.00037,2e-05,-1e-05,1e-05,0
44592,1e-05,1e-05,0.0,0.00011,0.00037,2e-05,-1e-05,1e-05,0
44593,1e-05,1e-05,0.0,0.00011,0.00037,2e-05,-1e-05,1e-05,0
44594,1e-05,1e-05,0.0,0.00011,0.00037,2e-05,-1e-05,1e-05,0
44595,1e-05,1e-05,0.0,0.00011,0.00037,2e-05,-1e-05,1e-05,0
44596,1e-05,1e-05,0.0,0.00011,0.00037,2e-05,-1e-05,1e-05,0
44597,1e-05,1e-05,0.0,0.00011,0.00037,2e-05,-1e-05,1e-05,0
44598,1e-05,1e-05,0.0,0.00011,0.00037,2e-05,-1e-05,1e-05,0
44599,1e-05,1e-05,0.0,0.00011,0.00037,2e-05,-1e-05,1e-05,0
44600,1e-05,1e-05,0.0,0.00011,0.00037,2e-05,-1e-05,1e-05,0
44601,1e-05,1e-05,0.0,0.00011,0.00037,2e-05,-1e-05,1e-05,0
44602,1e-05,1e-05,0.0,0.00011,0.00037,2e-05,-1e-05,1e-05,0
44604,1e-05,-3e-05,-1e-05,7e-05,6e-05,3e-05,-1e-05,-2e-05,0
44605,-3e-05,-3e-05,-8e-05,-0.00032,-7e-05,-3e-05,0.0,-2e-05,0
44606,-3e-05,-3e-05,-8e-05,-0.00032,-7e-05,-3e-05,0.0,-2e-05,0
44607,-3e-05,-3e-05,-8e-05,-0.00032,-7e-05,-3e-05,0.0,-2e-05,0
44608,-3e-05,-3e-05,-8e-05,-0.00032,-7e-05,-3e-05,0.0,-2e-05,0
44609,-3e-05,-3e-05,-8e-05,-0.00032,-7e-05,-3e-05,0.0,-2e-05,0
44610,-3e-05,-3e-05,-8e-05,-0.00032,-7e-05,-3e-05,0.0,-2e-05,0
44611,-3e-05,-3e-05,-8e-05,-0.00032,-7e-05,-3e-05,0.0,-2e-05,0
44612,-3e-05,-3e-05,-8e-05,-0.00032,-7e-05,-3e-05,0.0,-2e-05,0
44613,-3e-05,-3e-05,-8e-05,-0.00032,-7e-05,-3e-05,0.0,-2e-05,0
44614,-4e-05,-5e-05,-7e-05,-0.0001,-0.00025,-5e-05,-3e-05,-2e-05,0
44615,-4e-05,-5e-05,-7e-05,-0.0001,-0.00025,-5e-05,-3e-05,-2e-05,0
44616,-4e-05,-5e-05,-7e-05,-0.0001,-0.00025,-5e-05,-3e-05,-2e-05,0
44617,-4e-05,-5e-05,-7e-05,-0.0001,-0.00025,-5e-05,-3e-05,-2e-05,0
44618,-4e-05,-5e-05,-7e-05,-0.0001,-0.00025,-5e-05,-3e-05,-2e-05,0
44619,-4e-05,-5e-05,-7e-05,-0.0001,-0.00025,-5e-05,-3e-05,-2e-05,0
44620,-4e-05,-5e-05,-7e-05,-0.0001,-0.00025,-5e-05,-3e-05,-2e-05,0
44621,-4e-05,-5e-05,-7e-05,-0.0001,-0.00025,-5e-05,-3e-05,-2e-05,0
44622,-4e-05,-5e-05,-7e-05,-0.0001,-0.00025,-5e-05,-3e-05,-2e-05,0
44623,-4e-05,-5e-05,-7e-05,-0.0001,-0.00025,-5e-05,-3e-05,-2e-05,0
44624,-4e-05,-5e-05,-7e-05,-0.0001,-0.00025,-5e-05,-3e-05,-2e-05,0
44625,-4e-05,-5e-05,-7e-05,-0.0001,-0.00025,-5e-05,-3e-05,-2e-05,0
44626,-4e-05,-5e-05,-7e-05,-0.0001,-0.00025,-5e-05,-3e-05,-2e-05,0
44627,-4e-05,-5e-05,-7e-05,-0.0001,-0.00025,-5e-05,-3e-05,-2e-05,0
44628,2e-05,3e-05,4e-05,1e-05,2e-05,2e-05,1e-05,1e-05,0
44629,2e-05,3e-05,4e-05,1e-05,2e-05,2e-05,1e-05,1e-05,0
44630,2e-05,3e-05,4e-05,1e-05,2e-05,2e-05,1e-05,1e-05,0
44631,2e-05,3e-05,4e-05,1e-05,2e-05,2e-05,1e-05,1e-05,0
44632,2e-05,3e-05,4e-05,1e-05,2e-05,2e-05,1e-05,1e-05,0
44633,2e-05,3e-05,4e-05,1e-05,2e-05,2e-05,1e-05,1e-05,0
44634,2e-05,3e-05,4e-05,1e-05,2e-05,2e-05,1e-05,1e-05,0
44635,2e-05,2e-05,1e-05,0.00013,4e-05,-2e-05,0.0,-3e-05,0
44636,2e-05,2e-05,1e-05,0.00013,4e-05,-2e-05,0.0,-3e-05,0
44638,2e-05,2e-05,1e-05,0.00013,4e-05,-2e-05,0.0,-3e-05,0
44639,2e-05,2e-05,1e-05,0.00013,4e-05,-2e-05,0.0,-3e-05,0
44640,2e-05,2e-05,1e-05,0.00013,4e-05,-2e-05,0.0,-3e-05,0
44641,2e-05,2e-05,1e-05,0.00013,4e-05,-2e-05,0.0,-3e-05,0
44642,2e-05,2e-05,1e-05,0.00013,4e-05,-2e-05,0.0,-3e-05,0
44643,2e-05,2e-05,1e-05,0.00013,4e-05,-2e-05,0.0,-3e-05,0
44644,2e-05,2e-05,1e-05,0.00013,4e-05,-2e-05,0.0,-3e-05,0
44645,2e-05,2e-05,1e-05,0.00013,4e-05,-2e-05,0.0,-3e-05,0
44646,2e-05,2e-05,1e-05,0.00013,4e-05,-2e-05,0.0,-3e-05,0
44647,2e-05,2e-05,1e-05,0.00013,4e-05,-2e-05,0.0,-3e-05,0
44648,2e-05,2e-05,1e-05,0.00013,4e-05,-2e-05,0.0,-3e-05,0
44649,2e-05,2e-05,1e-05,0.00013,4e-05,-2e-05,0.0,-3e-05,0
44650,2e-05,2e-05,1e-05,0.00013,4e-05,-2e-05,0.0,-3e-05,0
44651,2e-05,2e-05,1e-05,0.00013,4e-05,-2e-05,0.0,-3e-05,0
44652,2e-05,2e-05,1e-05,0.00013,4e-05,-2e-05,0.0,-3e-05,0
44654,2e-05,2e-05,1e-05,0.00013,4e-05,-2e-05,0.0,-3e-05,0
44655,2e-05,2e-05,1e-05,0.00013,4e-05,-2e-05,0.0,-3e-05,0
44656,2e-05,2e-05,1e-05,0.00013,4e-05,-2e-05,0.0,-3e-05,0
44657,2e-05,2e-05,1e-05,0.00013,4e-05,-2e-05,0.0,-3e-05,0
44658,-1e-05,-4e-05,-2e-05,1e-05,9e-05,-1e-05,-1e-05,-2e-05,0
44659,1e-05,3e-05,6e-05,0.00017,-0.00011,-2e-05,0.0,-1e-05,0
44660,1e-05,3e-05,6e-05,0.00017,-0.00011,-2e-05,0.0,-1e-05,0
44661,1e-05,3e-05,6e-05,0.00017,-0.00011,-2e-05,0.0,-1e-05,0
44662,1e-05,3e-05,6e-05,0.00017,-0.00011,-2e-05,0.0,-1e-05,0
44663,1e-05,3e-05,6e-05,0.00017,-0.00011,-2e-05,0.0,-1e-05,0
44664,1e-05,3e-05,6e-05,0.00017,-0.00011,-2e-05,0.0,-1e-05,0
44665,-3e-05,-1e-05,-3e-05,-0.0001,-0.00014,-1e-05,-1e-05,0.0,0
44666,-2e-05,-3e-05,-6e-05,9e-05,2e-05,0.0,-1e-05,-1e-05,0
44667,-2e-05,-3e-05,-6e-05,9e-05,2e-05,0.0,-1e-05,-1e-05,0
44668,-2e-05,-3e-05,-6e-05,9e-05,2e-05,0.0,-1e-05,-1e-05,0
44669,-2e-05,-3e-05,-6e-05,9e-05,2e-05,0.0,-1e-05,-1e-05,0
44670,-2e-05,-3e-05,-6e-05,9e-05,2e-05,0.0,-1e-05,-1e-05,0
44671,-2e-05,-3e-05,-6e-05,9e-05,2e-05,0.0,-1e-05,-1e-05,0
44672,-2e-05,-3e-05,-6e-05,9e-05,2e-05,0.0,-1e-05,-1e-05,0
44673,-2e-05,-3e-05,-6e-05,9e-05,2e-05,0.0,-1e-05,-1e-05,0
44674,-2e-05,-3e-05,-6e-05,9e-05,2e-05,0.0,-1e-05,-1e-05,0
44675,-2e-05,-3e-05,-6e-05,9e-05,2e-05,0.0,-1e-05,-1e-05,0
44676,-2e-05,-3e-05,-6e-05,9e-05,2e-05,0.0,-1e-05,-1e-05,0
44677,-2e-05,-3e-05,-6e-05,9e-05,2e-05,0.0,-1e-05,-1e-05,0
44678,-2e-05,-3e-05,-6e-05,9e-05,2e-05,0.0,-1e-05,-1e-05,0
44679,-2e-05,-3e-05,-6e-05,9e-05,2e-05,0.0,-1e-05,-1e-05,0
44680,-2e-05,-3e-05,-6e-05,9e-05,2e-05,0.0,-1e-05,-1e-05,0
44681,-2e-05,-3e-05,-6e-05,9e-05,2e-05,0.0,-1e-05,-1e-05,0
44682,-2e-05,-3e-05,-6e-05,9e-05,2e-05,0.0,-1e-05,-1e-05,0
44683,-2e-05,-3e-05,-6e-05,9e-05,2e-05,0.0,-1e-05,-1e-05,0
44684,-2e-05,-3e-05,-6e-05,9e-05,2e-05,0.0,-1e-05,-1e-05,0
44685,-2e-05,-3e-05,-6e-05,9e-05,2e-05,0.0,-1e-05,-1e-05,0
44686,-2e-05,-3e-05,-6e-05,9e-05,2e-05,0.0,-1e-05,-1e-05,0
44688,-2e-05,-3e-05,-6e-05,9e-05,2e-05,0.0,-1e-05,-1e-05,0
44689,-2e-05,-3e-05,-6e-05,9e-05,2e-05,0.0,-1e-05,-1e-05,0
44690,-2e-05,-3e-05,-6e-05,9e-05,2e-05,0.0,-1e-05,-1e-05,0
44691,-2e-05,-3e-05,-6e-05,9e-05,2e-05,0.0,-1e-05,-1e-05,0
44692,-2e-05,-3e-05,-6e-05,9e-05,2e-05,0.0,-1e-05,-1e-05,0
44693,-2e-05,-3e-05,-6e-05,9e-05,2e-05,0.0,-1e-05,-1e-05,0
44694,-2e-05,-3e-05,-6e-05,9e-05,2e-05,0.0,-1e-05,-1e-05,0
44695,-2e-05,-3e-05,-6e-05,9e-05,2e-05,0.0,-1e-05,-1e-05,0
44696,0.0,1e-05,2e-05,-1e-05,0.00032,-1e-05,-1e-05,0.0,0
44697,-2e-05,-2e-05,3e-05,4e-05,-0.0001,-2e-05,-1e-05,-1e-05,0
44698,-2e-05,-2e-05,3e-05,4e-05,-0.0001,-2e-05,-1e-05,-1e-05,0
44699,-2e-05,-2e-05,3e-05,4e-05,-0.0001,-2e-05,-1e-05,-1e-05,0
44700,-2e-05,-2e-05,3e-05,4e-05,-0.0001,-2e-05,-1e-05,-1e-05,0
44701,-2e-05,-2e-05,3e-05,4e-05,-0.0001,-2e-05,-1e-05,-1e-05,0
44702,-2e-05,-2e-05,3e-05,4e-05,-0.0001,-2e-05,-1e-05,-1e-05,0
44704,-2e-05,-2e-05,3e-05,4e-05,-0.0001,-2e-05,-1e-05,-1e-05,0
44705,-2e-05,-2e-05,3e-05,4e-05,-0.0001,-2e-05,-1e-05,-1e-05,0
44706,-2e-05,-2e-05,3e-05,4e-05,-0.0001,-2e-05,-1e-05,-1e-05,0
44707,-2e-05,-2e-05,3e-05,4e-05,-0.0001,-2e-05,-1e-05,-1e-05,0
44708,-2e-05,-2e-05,3e-05,4e-05,-0.0001,-2e-05,-1e-05,-1e-05,0
44709,-2e-05,-2e-05,3e-05,4e-05,-0.0001,-2e-05,-1e-05,-1e-05,0
44710,-1e-05,-2e-05,-2e-05,-4e-05,1e-05,0.0,-1e-05,0.0,0
44711,-2e-05,-2e-05,0.0,-7e-05,-8e-05,-2e-05,-4e-05,-2e-05,0
44712,0.0,-2e-05,0.0,-5e-05,5e-05,-2e-05,0.0,0.0,0
44713,0.0,-2e-05,0.0,-5e-05,5e-05,-2e-05,0.0,0.0,0
44714,0.0,-2e-05,0.0,-5e-05,5e-05,-2e-05,0.0,0.0,0
44715,0.0,-2e-05,0.0,-5e-05,5e-05,-2e-05,0.0,0.0,0
44716,0.0,-2e-05,0.0,-5e-05,5e-05,-2e-05,0.0,0.0,0
44717,0.0,-2e-05,0.0,-5e-05,5e-05,-2e-05,0.0,0.0,0
44718,0.0,-2e-05,0.0,-5e-05,5e-05,-2e-05,0.0,0.0,0
44719,0.0,-2e-05,0.0,-5e-05,5e-05,-2e-05,0.0,0.0,0
44720,0.0,-2e-05,0.0,-5e-05,5e-05,-2e-05,0.0,0.0,0
44721,0.0,-2e-05,0.0,-5e-05,5e-05,-2e-05,0.0,0.0,0
44722,0.0,-2e-05,0.0,-5e-05,5e-05,-2e-05,0.0,0.0,0
44723,0.0,-2e-05,0.0,-5e-05,5e-05,-2e-05,0.0,0.0,0
44724,0.0,-2e-05,0.0,-5e-05,5e-05,-2e-05,0.0,0.0,0
44725,-3e-05,-4e-05,-4e-05,-0.00011,-4e-05,-4e-05,-3e-05,-3e-05,0
44726,-1e-05,2e-05,1e-05,-9e-05,1e-05,-1e-05,-1e-05,0.0,0
44727,-1e-05,2e-05,1e-05,-9e-05,1e-05,-1e-05,-1e-05,0.0,0
44728,-1e-05,2e-05,1e-05,-9e-05,1e-05,-1e-05,-1e-05,0.0,0
44730,-1e-05,2e-05,1e-05,-9e-05,1e-05,-1e-05,-1e-05,0.0,0
44731,-1e-05,2e-05,1e-05,-9e-05,1e-05,-1e-05,-1e-05,0.0,0
44732,-1e-05,2e-05,1e-05,-9e-05,1e-05,-1e-05,-1e-05,0.0,0
44733,-1e-05,2e-05,1e-05,-9e-05,1e-05,-1e-05,-1e-05,0.0,0
44734,-1e-05,2e-05,1e-05,-9e-05,1e-05,-1e-05,-1e-05,0.0,0
44735,-1e-05,2e-05,1e-05,-9e-05,1e-05,-1e-05,-1e-05,0.0,0
44736,-1e-05,2e-05,1e-05,-9e-05,1e-05,-1e-05,-1e-05,0.0,0
44738,-1e-05,2e-05,1e-05,-9e-05,1e-05,-1e-05,-1e-05,0.0,0
44739,-1e-05,2e-05,1e-05,-9e-05,1e-05,-1e-05,-1e-05,0.0,0
44740,-1e-05,2e-05,1e-05,-9e-05,1e-05,-1e-05,-1e-05,0.0,0
44741,-1e-05,2e-05,1e-05,-9e-05,1e-05,-1e-05,-1e-05,0.0,0
44742,-1e-05,2e-05,1e-05,-9e-05,1e-05,-1e-05,-1e-05,0.0,0
44743,-1e-05,2e-05,1e-05,-9e-05,1e-05,-1e-05,-1e-05,0.0,0
44744,-1e-05,2e-05,1e-05,-9e-05,1e-05,-1e-05,-1e-05,0.0,0
44745,-1e-05,2e-05,1e-05,-9e-05,1e-05,-1e-05,-1e-05,0.0,0
44746,-1e-05,2e-05,1e-05,-9e-05,1e-05,-1e-05,-1e-05,0.0,0
44747,-1e-05,1e-05,2e-05,0.00024,-5e-05,0.0,1e-05,-1e-05,0
44748,-1e-05,-5e-05,-8e-05,-0.00013,4e-05,-4e-05,-1e-05,-1e-05,0
44749,-1e-05,-5e-05,-8e-05,-0.00013,4e-05,-4e-05,-1e-05,-1e-05,0
44750,-1e-05,-5e-05,-8e-05,-0.00013,4e-05,-4e-05,-1e-05,-1e-05,0
44751,-1e-05,-5e-05,-8e-05,-0.00013,4e-05,-4e-05,-1e-05,-1e-05,0
44752,-1e-05,-5e-05,-8e-05,-0.00013,4e-05,-4e-05,-1e-05,-1e-05,0
44754,-1e-05,-5e-05,-8e-05,-0.00013,4e-05,-4e-05,-1e-05,-1e-05,0
44755,-1e-05,-5e-05,-8e-05,-0.00013,4e-05,-4e-05,-1e-05,-1e-05,0
44756,-1e-05,-5e-05,-8e-05,-0.00013,4e-05,-4e-05,-1e-05,-1e-05,0
44757,-1e-05,-5e-05,-8e-05,-0.00013,4e-05,-4e-05,-1e-05,-1e-05,0
44758,-1e-05,-5e-05,-8e-05,-0.00013,4e-05,-4e-05,-1e-05,-1e-05,0
44759,-1e-05,-5e-05,-8e-05,-0.00013,4e-05,-4e-05,-1e-05,-1e-05,0
44760,-1e-05,-5e-05,-8e-05,-0.00013,4e-05,-4e-05,-1e-05,-1e-05,0
44761,-1e-05,-5e-05,-8e-05,-0.00013,4e-05,-4e-05,-1e-05,-1e-05,0
44762,-1e-05,-5e-05,-8e-05,-0.00013,4e-05,-4e-05,-1e-05,-1e-05,0
44763,-1e-05,-5e-05,-8e-05,-0.00013,4e-05,-4e-05,-1e-05,-1e-05,0
44764,-1e-05,-5e-05,-8e-05,-0.00013,4e-05,-4e-05,-1e-05,-1e-05,0
44765,-1e-05,-5e-05,-8e-05,-0.00013,4e-05,-4e-05,-1e-05,-1e-05,0
44766,-1e-05,-5e-05,-8e-05,-0.00013,4e-05,-4e-05,-1e-05,-1e-05,0
44767,-1e-05,-5e-05,-8e-05,-0.00013,4e-05,-4e-05,-1e-05,-1e-05,0
44768,-1e-05,-5e-05,-8e-05,-0.00013,4e-05,-4e-05,-1e-05,-1e-05,0
44769,-1e-05,-5e-05,-8e-05,-0.00013,4e-05,-4e-05,-1e-05,-1e-05,0
44770,-1e-05,-5e-05,-8e-05,-0.00013,4e-05,-4e-05,-1e-05,-1e-05,0
44771,-1e-05,-5e-05,-8e-05,-0.00013,4e-05,-4e-05,-1e-05,-1e-05,0
44772,-1e-05,-5e-05,-8e-05,-0.00013,4e-05,-4e-05,-1e-05,-1e-05,0
44773,-1e-05,-5e-05,-8e-05,-0.00013,4e-05,-4e-05,-1e-05,-1e-05,0
44774,-1e-05,-5e-05,-8e-05,-0.00013,4e-05,-4e-05,-1e-05,-1e-05,0
44775,-1e-05,-5e-05,-8e-05,-0.00013,4e-05,-4e-05,-1e-05,-1e-05,0
44776,-1e-05,-5e-05,-8e-05,-0.00013,4e-05,-4e-05,-1e-05,-1e-05,0
44777,-1e-05,-5e-05,-8e-05,-0.00013,4e-05,-4e-05,-1e-05,-1e-05,0
44778,-1e-05,-3e-05,0.0,-9e-05,-2e-05,2e-05,2e-05,-1e-05,0
44779,-2e-05,-3e-05,-1e-05,3e-05,-3e-05,-2e-05,-1e-05,-1e-05,0
44780,-2e-05,-3e-05,-1e-05,3e-05,-3e-05,-2e-05,-1e-05,-1e-05,0
44781,-2e-05,-3e-05,-1e-05,3e-05,-3e-05,-2e-05,-1e-05,-1e-05,0
44782,-2e-05,-3e-05,-1e-05,3e-05,-3e-05,-2e-05,-1e-05,-1e-05,0
44783,-2e-05,-3e-05,-1e-05,3e-05,-3e-05,-2e-05,-1e-05,-1e-05,0
44784,2e-05,1e-05,-2e-05,0.0,0.00011,0.0,-3e-05,-1e-05,0
44786,2e-05,1e-05,-2e-05,0.0,0.00011,0.0,-3e-05,-1e-05,0
44787,2e-05,1e-05,-2e-05,0.0,0.00011,0.0,-3e-05,-1e-05,0
44788,2e-05,1e-05,-2e-05,0.0,0.00011,0.0,-3e-05,-1e-05,0
44789,2e-05,1e-05,-2e-05,0.0,0.00011,0.0,-3e-05,-1e-05,0
44790,2e-05,1e-05,-2e-05,0.0,0.00011,0.0,-3e-05,-1e-05,0
44791,2e-05,1e-05,-2e-05,0.0,0.00011,0.0,-3e-05,-1e-05,0
44792,2e-05,1e-05,-2e-05,0.0,0.00011,0.0,-3e-05,-1e-05,0
44793,-1e-05,-3e-05,-2e-05,-0.00016,-8e-05,-2e-05,0.0,-1e-05,0
44794,-1e-05,-3e-05,-2e-05,-0.00016,-8e-05,-2e-05,0.0,-1e-05,0
44795,-1e-05,-3e-05,-2e-05,-0.00016,-8e-05,-2e-05,0.0,-1e-05,0
44796,-1e-05,-3e-05,-2e-05,-0.00016,-8e-05,-2e-05,0.0,-1e-05,0
44797,-1e-05,-3e-05,-2e-05,-0.00016,-8e-05,-2e-05,0.0,-1e-05,0
44798,-1e-05,-3e-05,-2e-05,-0.00016,-8e-05,-2e-05,0.0,-1e-05,0
44799,-1e-05,-3e-05,-2e-05,-0.00016,-8e-05,-2e-05,0.0,-1e-05,0
44800,-1e-05,-3e-05,-2e-05,-0.00016,-8e-05,-2e-05,0.0,-1e-05,0
44801,-1e-05,-3e-05,-2e-05,-0.00016,-8e-05,-2e-05,0.0,-1e-05,0
44802,-1e-05,-3e-05,-2e-05,-0.00016,-8e-05,-2e-05,0.0,-1e-05,0
44804,-1e-05,-3e-05,-2e-05,-0.00016,-8e-05,-2e-05,0.0,-1e-05,0
44805,-1e-05,-3e-05,-2e-05,-0.00016,-8e-05,-2e-05,0.0,-1e-05,0
44806,-1e-05,-3e-05,-2e-05,-0.00016,-8e-05,-2e-05,0.0,-1e-05,0
44807,-1e-05,-3e-05,-2e-05,-0.00016,-8e-05,-2e-05,0.0,-1e-05,0
44808,-1e-05,-3e-05,-2e-05,-0.00016,-8e-05,-2e-05,0.0,-1e-05,0
44809,-1e-05,-3e-05,-2e-05,-0.00016,-8e-05,-2e-05,0.0,-1e-05,0
44810,-1e-05,-3e-05,-2e-05,-0.00016,-8e-05,-2e-05,0.0,-1e-05,0
44811,-1e-05,-3e-05,-2e-05,-0.00016,-8e-05,-2e-05,0.0,-1e-05,0
44812,-1e-05,-3e-05,-2e-05,-0.00016,-8e-05,-2e-05,0.0,-1e-05,0
44813,-1e-05,-3e-05,-2e-05,-0.00016,-8e-05,-2e-05,0.0,-1e-05,0
44814,-1e-05,-3e-05,-2e-05,-0.00016,-8e-05,-2e-05,0.0,-1e-05,0
44815,-1e-05,-3e-05,-2e-05,-0.00016,-8e-05,-2e-05,0.0,-1e-05,0
44816,-1e-05,0.0,2e-05,0.0,-7e-05,1e-05,0.0,-3e-05,0
44817,-2e-05,-1e-05,-0.00011,-8e-05,-0.0001,-1e-05,-2e-05,-1e-05,0
44818,-2e-05,-1e-05,-0.00011,-8e-05,-0.0001,-1e-05,-2e-05,-1e-05,0
44819,-2e-05,-1e-05,-0.00011,-8e-05,-0.0001,-1e-05,-2e-05,-1e-05,0
44820,-2e-05,-1e-05,-0.00011,-8e-05,-0.0001,-1e-05,-2e-05,-1e-05,0
44821,-2e-05,-1e-05,-0.00011,-8e-05,-0.0001,-1e-05,-2e-05,-1e-05,0
44822,-2e-05,-1e-05,-0.00011,-8e-05,-0.0001,-1e-05,-2e-05,-1e-05,0
44823,-2e-05,-1e-05,-0.00011,-8e-05,-0.0001,-1e-05,-2e-05,-1e-05,0
44824,-2e-05,-1e-05,-0.00011,-8e-05,-0.0001,-1e-05,-2e-05,-1e-05,0
44825,-2e-05,-1e-05,-0.00011,-8e-05,-0.0001,-1e-05,-2e-05,-1e-05,0
44826,-2e-05,-1e-05,-0.00011,-8e-05,-0.0001,-1e-05,-2e-05,-1e-05,0
44827,-2e-05,-1e-05,-0.00011,-8e-05,-0.0001,-1e-05,-2e-05,-1e-05,0
44828,-2e-05,-1e-05,-0.00011,-8e-05,-0.0001,-1e-05,-2e-05,-1e-05,0
44829,-2e-05,-1e-05,-0.00011,-8e-05,-0.0001,-1e-05,-2e-05,-1e-05,0
44830,1e-05,2e-05,1e-05,-7e-05,0.0,-1e-05,0.0,2e-05,0
44831,-1e-05,-2e-05,-4e-05,-9e-05,3e-05,-1e-05,-1e-05,-3e-05,0
44832,-1e-05,-2e-05,-4e-05,-9e-05,3e-05,-1e-05,-1e-05,-3e-05,0
44833,-1e-05,-2e-05,-4e-05,-9e-05,3e-05,-1e-05,-1e-05,-3e-05,0
44834,-1e-05,-2e-05,-4e-05,-9e-05,3e-05,-1e-05,-1e-05,-3e-05,0
44835,-1e-05,-2e-05,-4e-05,-9e-05,3e-05,-1e-05,-1e-05,-3e-05,0
44836,-1e-05,-2e-05,-4e-05,-9e-05,3e-05,-1e-05,-1e-05,-3e-05,0
44838,-1e-05,-2e-05,-4e-05,-9e-05,3e-05,-1e-05,-1e-05,-3e-05,0
44839,-1e-05,-2e-05,-4e-05,-9e-05,3e-05,-1e-05,-1e-05,-3e-05,0
44840,-1e-05,-2e-05,-4e-05,-9e-05,3e-05,-1e-05,-1e-05,-3e-05,0
44841,-1e-05,-2e-05,-4e-05,-9e-05,3e-05,-1e-05,-1e-05,-3e-05,0
44842,-1e-05,-2e-05,-4e-05,-9e-05,3e-05,-1e-05,-1e-05,-3e-05,0
44843,-1e-05,-2e-05,-4e-05,-9e-05,3e-05,-1e-05,-1e-05,-3e-05,0
44844,-1e-05,-2e-05,-4e-05,-9e-05,3e-05,-1e-05,-1e-05,-3e-05,0
44845,-1e-05,-2e-05,-4e-05,-9e-05,3e-05,-1e-05,-1e-05,-3e-05,0
44846,-1e-05,-2e-05,-4e-05,-9e-05,3e-05,-1e-05,-1e-05,-3e-05,0
44847,-1e-05,-2e-05,-4e-05,-9e-05,3e-05,-1e-05,-1e-05,-3e-05,0
44848,-1e-05,-2e-05,-4e-05,-9e-05,3e-05,-1e-05,-1e-05,-3e-05,0
44849,-1e-05,-2e-05,-4e-05,-9e-05,3e-05,-1e-05,-1e-05,-3e-05,0
44851,-1e-05,-2e-05,-4e-05,-9e-05,3e-05,-1e-05,-1e-05,-3e-05,0
44852,-1e-05,-2e-05,-4e-05,-9e-05,3e-05,-1e-05,-1e-05,-3e-05,0
44854,0.0,2e-05,3e-05,1e-05,3e-05,0.0,-1e-05,0.0,0
44855,0.0,2e-05,3e-05,1e-05,3e-05,0.0,-1e-05,0.0,0
44856,0.0,2e-05,3e-05,1e-05,3e-05,0.0,-1e-05,0.0,0
44857,0.0,2e-05,3e-05,1e-05,3e-05,0.0,-1e-05,0.0,0
44858,0.0,2e-05,3e-05,1e-05,3e-05,0.0,-1e-05,0.0,0
44859,0.0,2e-05,3e-05,1e-05,3e-05,0.0,-1e-05,0.0,0
44860,0.0,2e-05,3e-05,1e-05,3e-05,0.0,-1e-05,0.0,0
44861,0.0,2e-05,3e-05,1e-05,3e-05,0.0,-1e-05,0.0,0
44862,0.0,2e-05,3e-05,1e-05,3e-05,0.0,-1e-05,0.0,0
44863,0.0,2e-05,3e-05,1e-05,3e-05,0.0,-1e-05,0.0,0
44864,0.0,2e-05,3e-05,1e-05,3e-05,0.0,-1e-05,0.0,0
44865,0.0,2e-05,3e-05,1e-05,3e-05,0.0,-1e-05,0.0,0
44866,0.0,2e-05,3e-05,1e-05,3e-05,0.0,-1e-05,0.0,0
44867,-1e-05,-1e-05,-3e-05,-0.00019,-7e-05,0.0,-1e-05,0.0,0
44868,-3e-05,-1e-05,-2e-05,1e-05,0.0,0.0,-2e-05,-1e-05,0
44869,0.0,-1e-05,1e-05,0.0001,0.0,-2e-05,0.0,-1e-05,0
44870,0.0,-1e-05,1e-05,0.0001,0.0,-2e-05,0.0,-1e-05,0
44871,0.0,-1e-05,1e-05,0.0001,0.0,-2e-05,0.0,-1e-05,0
44872,0.0,-1e-05,1e-05,0.0001,0.0,-2e-05,0.0,-1e-05,0
44873,0.0,-1e-05,1e-05,0.0001,0.0,-2e-05,0.0,-1e-05,0
44874,0.0,-1e-05,1e-05,0.0001,0.0,-2e-05,0.0,-1e-05,0
44875,0.0,-1e-05,1e-05,0.0001,0.0,-2e-05,0.0,-1e-05,0
44876,0.0,-1e-05,1e-05,0.0001,0.0,-2e-05,0.0,-1e-05,0
44877,0.0,-1e-05,1e-05,0.0001,0.0,-2e-05,0.0,-1e-05,0
44878,0.0,-1e-05,1e-05,0.0001,0.0,-2e-05,0.0,-1e-05,0
44879,0.0,-1e-05,1e-05,0.0001,0.0,-2e-05,0.0,-1e-05,0
44880,0.0,-1e-05,1e-05,0.0001,0.0,-2e-05,0.0,-1e-05,0
44881,0.0,-1e-05,1e-05,0.0001,0.0,-2e-05,0.0,-1e-05,0
44882,0.0,-1e-05,1e-05,0.0001,0.0,-2e-05,0.0,-1e-05,0
44883,0.0,-1e-05,1e-05,0.0001,0.0,-2e-05,0.0,-1e-05,0
44884,0.0,-1e-05,1e-05,0.0001,0.0,-2e-05,0.0,-1e-05,0
44885,0.0,-1e-05,1e-05,0.0001,0.0,-2e-05,0.0,-1e-05,0
44886,0.0,-1e-05,1e-05,0.0001,0.0,-2e-05,0.0,-1e-05,0
44888,0.0,-1e-05,1e-05,0.0001,0.0,-2e-05,0.0,-1e-05,0
44889,0.0,-1e-05,1e-05,0.0001,0.0,-2e-05,0.0,-1e-05,0
44890,-1e-05,-2e-05,-2e-05,-0.00011,-9e-05,-1e-05,-1e-05,1e-05,0
44891,1e-05,1e-05,7e-05,1e-05,-3e-05,1e-05,0.0,-1e-05,0
44892,1e-05,1e-05,7e-05,1e-05,-3e-05,1e-05,0.0,-1e-05,0
44893,1e-05,1e-05,7e-05,1e-05,-3e-05,1e-05,0.0,-1e-05,0
44894,1e-05,1e-05,7e-05,1e-05,-3e-05,1e-05,0.0,-1e-05,0
44895,1e-05,1e-05,7e-05,1e-05,-3e-05,1e-05,0.0,-1e-05,0
44896,1e-05,1e-05,7e-05,1e-05,-3e-05,1e-05,0.0,-1e-05,0
44897,1e-05,1e-05,7e-05,1e-05,-3e-05,1e-05,0.0,-1e-05,0
44898,1e-05,1e-05,7e-05,1e-05,-3e-05,1e-05,0.0,-1e-05,0
44899,1e-05,1e-05,7e-05,1e-05,-3e-05,1e-05,0.0,-1e-05,0
44900,1e-05,1e-05,7e-05,1e-05,-3e-05,1e-05,0.0,-1e-05,0
44901,1e-05,1e-05,7e-05,1e-05,-3e-05,1e-05,0.0,-1e-05,0
44902,1e-05,1e-05,7e-05,1e-05,-3e-05,1e-05,0.0,-1e-05,0
44904,1e-05,1e-05,7e-05,1e-05,-3e-05,1e-05,0.0,-1e-05,0
44905,1e-05,1e-05,7e-05,1e-05,-3e-05,1e-05,0.0,-1e-05,0
44906,1e-05,1e-05,7e-05,1e-05,-3e-05,1e-05,0.0,-1e-05,0
44907,1e-05,1e-05,7e-05,1e-05,-3e-05,1e-05,0.0,-1e-05,0
44908,1e-05,1e-05,7e-05,1e-05,-3e-05,1e-05,0.0,-1e-05,0
44909,1e-05,1e-05,7e-05,1e-05,-3e-05,1e-05,0.0,-1e-05,0
44910,1e-05,1e-05,7e-05,1e-05,-3e-05,1e-05,0.0,-1e-05,0
44911,1e-05,1e-05,7e-05,1e-05,-3e-05,1e-05,0.0,-1e-05,0
44912,1e-05,1e-05,7e-05,1e-05,-3e-05,1e-05,0.0,-1e-05,0
44913,-1e-05,0.0,2e-05,1e-05,0.00015,-1e-05,-1e-05,0.0,0
44914,-2e-05,-3e-05,-6e-05,-0.00011,6e-05,-3e-05,-1e-05,0.0,0
44915,-2e-05,-3e-05,-6e-05,-0.00011,6e-05,-3e-05,-1e-05,0.0,0
44916,-2e-05,-3e-05,-6e-05,-0.00011,6e-05,-3e-05,-1e-05,0.0,0
44917,-2e-05,-3e-05,-6e-05,-0.00011,6e-05,-3e-05,-1e-05,0.0,0
44918,-2e-05,-3e-05,-6e-05,-0.00011,6e-05,-3e-05,-1e-05,0.0,0
44919,-2e-05,-3e-05,-6e-05,-0.00011,6e-05,-3e-05,-1e-05,0.0,0
44920,-2e-05,-3e-05,-6e-05,-0.00011,6e-05,-3e-05,-1e-05,0.0,0
44921,-2e-05,-3e-05,-6e-05,-0.00011,6e-05,-3e-05,-1e-05,0.0,0
44922,-2e-05,-3e-05,-6e-05,-0.00011,6e-05,-3e-05,-1e-05,0.0,0
44923,-2e-05,-3e-05,-6e-05,-0.00011,6e-05,-3e-05,-1e-05,0.0,0
44924,-2e-05,-3e-05,-6e-05,-0.00011,6e-05,-3e-05,-1e-05,0.0,0
44925,-2e-05,-3e-05,-6e-05,-0.00011,6e-05,-3e-05,-1e-05,0.0,0
44926,-2e-05,-3e-05,-6e-05,-0.00011,6e-05,-3e-05,-1e-05,0.0,0
44927,-2e-05,-3e-05,-6e-05,-0.00011,6e-05,-3e-05,-1e-05,0.0,0
44928,-1e-05,2e-05,0.0,-5e-05,-3e-05,0.0,-1e-05,-1e-05,0
44929,-1e-05,2e-05,0.0,-5e-05,-3e-05,0.0,-1e-05,-1e-05,0
44930,-1e-05,2e-05,0.0,-5e-05,-3e-05,0.0,-1e-05,-1e-05,0
44931,-1e-05,2e-05,0.0,-5e-05,-3e-05,0.0,-1e-05,-1e-05,0
44932,-1e-05,2e-05,0.0,-5e-05,-3e-05,0.0,-1e-05,-1e-05,0
44933,-1e-05,2e-05,0.0,-5e-05,-3e-05,0.0,-1e-05,-1e-05,0
44934,-1e-05,2e-05,0.0,-5e-05,-3e-05,0.0,-1e-05,-1e-05,0
44935,-2e-05,-1e-05,1e-05,0.00034,8e-05,-1e-05,-1e-05,0.0,0
44936,-2e-05,-1e-05,1e-05,0.00034,8e-05,-1e-05,-1e-05,0.0,0
44938,-2e-05,-1e-05,1e-05,0.00034,8e-05,-1e-05,-1e-05,0.0,0
44939,-2e-05,-1e-05,1e-05,0.00034,8e-05,-1e-05,-1e-05,0.0,0
44940,-2e-05,-1e-05,1e-05,0.00034,8e-05,-1e-05,-1e-05,0.0,0
44941,-2e-05,-1e-05,1e-05,0.00034,8e-05,-1e-05,-1e-05,0.0,0
44942,-2e-05,-1e-05,1e-05,0.00034,8e-05,-1e-05,-1e-05,0.0,0
44943,-2e-05,-1e-05,1e-05,0.00034,8e-05,-1e-05,-1e-05,0.0,0
44944,-2e-05,-1e-05,1e-05,0.00034,8e-05,-1e-05,-1e-05,0.0,0
44945,-2e-05,-1e-05,1e-05,0.00034,8e-05,-1e-05,-1e-05,0.0,0
44946,-2e-05,-1e-05,1e-05,0.00034,8e-05,-1e-05,-1e-05,0.0,0
44947,-2e-05,-1e-05,1e-05,0.00034,8e-05,-1e-05,-1e-05,0.0,0
44948,-2e-05,-1e-05,1e-05,0.00034,8e-05,-1e-05,-1e-05,0.0,0
44949,-2e-05,-1e-05,1e-05,0.00034,8e-05,-1e-05,-1e-05,0.0,0
44950,-1e-05,-3e-05,-4e-05,-3e-05,-2e-05,0.0,-2e-05,-1e-05,0
44951,-1e-05,-2e-05,-7e-05,-5e-05,-7e-05,-3e-05,-2e-05,-2e-05,0
44952,-1e-05,-2e-05,-7e-05,-5e-05,-7e-05,-3e-05,-2e-05,-2e-05,0
44954,-1e-05,-2e-05,-7e-05,-5e-05,-7e-05,-3e-05,-2e-05,-2e-05,0
44955,-1e-05,-2e-05,-7e-05,-5e-05,-7e-05,-3e-05,-2e-05,-2e-05,0
44956,-1e-05,-2e-05,-7e-05,-5e-05,-7e-05,-3e-05,-2e-05,-2e-05,0
44957,-1e-05,-2e-05,-7e-05,-5e-05,-7e-05,-3e-05,-2e-05,-2e-05,0
44958,-1e-05,-2e-05,-7e-05,-5e-05,-7e-05,-3e-05,-2e-05,-2e-05,0
44959,-1e-05,-2e-05,-7e-05,-5e-05,-7e-05,-3e-05,-2e-05,-2e-05,0
44960,-1e-05,-2e-05,-7e-05,-5e-05,-7e-05,-3e-05,-2e-05,-2e-05,0
44961,-1e-05,-2e-05,-7e-05,-5e-05,-7e-05,-3e-05,-2e-05,-2e-05,0
44962,-1e-05,-2e-05,-7e-05,-5e-05,-7e-05,-3e-05,-2e-05,-2e-05,0
44963,-1e-05,-2e-05,-7e-05,-5e-05,-7e-05,-3e-05,-2e-05,-2e-05,0
44964,-1e-05,-2e-05,-7e-05,-5e-05,-7e-05,-3e-05,-2e-05,-2e-05,0
44965,-1e-05,-2e-05,-7e-05,-5e-05,-7e-05,-3e-05,-2e-05,-2e-05,0
44966,-1e-05,-2e-05,-7e-05,-5e-05,-7e-05,-3e-05,-2e-05,-2e-05,0
44967,-1e-05,-2e-05,-7e-05,-5e-05,-7e-05,-3e-05,-2e-05,-2e-05,0
44968,-1e-05,-2e-05,-7e-05,-5e-05,-7e-05,-3e-05,-2e-05,-2e-05,0
44969,-1e-05,-2e-05,-7e-05,-5e-05,-7e-05,-3e-05,-2e-05,-2e-05,0
44970,-1e-05,-2e-05,-7e-05,-5e-05,-7e-05,-3e-05,-2e-05,-2e-05,0
44971,-1e-05,-2e-05,-7e-05,-5e-05,-7e-05,-3e-05,-2e-05,-2e-05,0
44972,-1e-05,-2e-05,-7e-05,-5e-05,-7e-05,-3e-05,-2e-05,-2e-05,0
44973,-1e-05,-2e-05,-7e-05,-5e-05,-7e-05,-3e-05,-2e-05,-2e-05,0
44974,-1e-05,0.0,1e-05,-6e-05,-0.00011,0.0,-1e-05,-1e-05,0
44975,-4e-05,-3e-05,-2e-05,-3e-05,-2e-05,1e-05,-1e-05,-1e-05,0
44976,-4e-05,-3e-05,-2e-05,-3e-05,-2e-05,1e-05,-1e-05,-1e-05,0
44977,-4e-05,-3e-05,-2e-05,-3e-05,-2e-05,1e-05,-1e-05,-1e-05,0
44978,-4e-05,-3e-05,-2e-05,-3e-05,-2e-05,1e-05,-1e-05,-1e-05,0
44979,-4e-05,-3e-05,-2e-05,-3e-05,-2e-05,1e-05,-1e-05,-1e-05,0
44980,-4e-05,-3e-05,-2e-05,-3e-05,-2e-05,1e-05,-1e-05,-1e-05,0
44981,-4e-05,-3e-05,-2e-05,-3e-05,-2e-05,1e-05,-1e-05,-1e-05,0
44982,-4e-05,-3e-05,-2e-05,-3e-05,-2e-05,1e-05,-1e-05,-1e-05,0
44983,-4e-05,-3e-05,-2e-05,-3e-05,-2e-05,1e-05,-1e-05,-1e-05,0
44984,-4e-05,-3e-05,-2e-05,-3e-05,-2e-05,1e-05,-1e-05,-1e-05,0
44985,-4e-05,-3e-05,-2e-05,-3e-05,-2e-05,1e-05,-1e-05,-1e-05,0
44986,-4e-05,-3e-05,-2e-05,-3e-05,-2e-05,1e-05,-1e-05,-1e-05,0
44989,-3e-05,-4e-05,-9e-05,4e-05,-9e-05,-2e-05,-2e-05,-2e-05,0
44990,-1e-05,-1e-05,0.0,-9e-05,-3e-05,-2e-05,-1e-05,0.0,0
44991,-1e-05,-1e-05,0.0,-9e-05,-3e-05,-2e-05,-1e-05,0.0,0
44992,-1e-05,-1e-05,0.0,-9e-05,-3e-05,-2e-05,-1e-05,0.0,0
44993,-1e-05,-1e-05,0.0,-9e-05,-3e-05,-2e-05,-1e-05,0.0,0
44994,-1e-05,-1e-05,0.0,-9e-05,-3e-05,-2e-05,-1e-05,0.0,0
44995,-1e-05,-1e-05,0.0,-9e-05,-3e-05,-2e-05,-1e-05,0.0,0
44996,-1e-05,-1e-05,0.0,-9e-05,-3e-05,-2e-05,-1e-05,0.0,0
44997,-1e-05,-1e-05,0.0,-9e-05,-3e-05,-2e-05,-1e-05,0.0,0
44998,-1e-05,-1e-05,0.0,-9e-05,-3e-05,-2e-05,-1e-05,0.0,0
44999,-1e-05,-1e-05,0.0,-9e-05,-3e-05,-2e-05,-1e-05,0.0,0
45000,-1e-05,-1e-05,0.0,-9e-05,-3e-05,-2e-05,-1e-05,0.0,0
45001,-1e-05,-1e-05,0.0,-9e-05,-3e-05,-2e-05,-1e-05,0.0,0
45002,-1e-05,-1e-05,0.0,-9e-05,-3e-05,-2e-05,-1e-05,0.0,0
45004,-1e-05,-1e-05,0.0,-9e-05,-3e-05,-2e-05,-1e-05,0.0,0
45005,-1e-05,-1e-05,0.0,-9e-05,-3e-05,-2e-05,-1e-05,0.0,0
45006,-1e-05,-1e-05,0.0,-9e-05,-3e-05,-2e-05,-1e-05,0.0,0
45007,-1e-05,-1e-05,0.0,-9e-05,-3e-05,-2e-05,-1e-05,0.0,0
45008,-1e-05,-1e-05,0.0,-9e-05,-3e-05,-2e-05,-1e-05,0.0,0
45009,-1e-05,-1e-05,0.0,-9e-05,-3e-05,-2e-05,-1e-05,0.0,0
45010,1e-05,1e-05,-2e-05,0.0,0.00017,1e-05,1e-05,-2e-05,0
45011,0.0,1e-05,1e-05,-3e-05,-1e-05,-3e-05,0.0,0.0,0
45012,0.0,1e-05,1e-05,-3e-05,-1e-05,-3e-05,0.0,0.0,0
45013,0.0,1e-05,1e-05,-3e-05,-1e-05,-3e-05,0.0,0.0,0
45014,0.0,1e-05,1e-05,-3e-05,-1e-05,-3e-05,0.0,0.0,0
45015,0.0,1e-05,1e-05,-3e-05,-1e-05,-3e-05,0.0,0.0,0
45016,0.0,1e-05,1e-05,-3e-05,-1e-05,-3e-05,0.0,0.0,0
45017,0.0,1e-05,1e-05,-3e-05,-1e-05,-3e-05,0.0,0.0,0
45018,0.0,1e-05,1e-05,-3e-05,-1e-05,-3e-05,0.0,0.0,0
45019,0.0,1e-05,1e-05,-3e-05,-1e-05,-3e-05,0.0,0.0,0
45020,0.0,1e-05,1e-05,-3e-05,-1e-05,-3e-05,0.0,0.0,0
45021,0.0,1e-05,1e-05,-3e-05,-1e-05,-3e-05,0.0,0.0,0
45022,0.0,1e-05,1e-05,-3e-05,-1e-05,-3e-05,0.0,0.0,0
45023,0.0,1e-05,1e-05,-3e-05,-1e-05,-3e-05,0.0,0.0,0
45024,0.0,1e-05,1e-05,-3e-05,-1e-05,-3e-05,0.0,0.0,0
45025,0.0,1e-05,1e-05,-3e-05,-1e-05,-3e-05,0.0,0.0,0
45026,-3e-05,-2e-05,-1e-05,3e-05,-1e-05,-1e-05,-2e-05,-2e-05,0
45027,-3e-05,-2e-05,-1e-05,3e-05,-1e-05,-1e-05,-2e-05,-2e-05,0
45028,-3e-05,-2e-05,-1e-05,3e-05,-1e-05,-1e-05,-2e-05,-2e-05,0
45029,-3e-05,-2e-05,-1e-05,3e-05,-1e-05,-1e-05,-2e-05,-2e-05,0
45030,-3e-05,-2e-05,-1e-05,3e-05,-1e-05,-1e-05,-2e-05,-2e-05,0
45031,-3e-05,-2e-05,-1e-05,3e-05,-1e-05,-1e-05,-2e-05,-2e-05,0
45033,1e-05,1e-05,1e-05,-8e-05,-5e-05,-1e-05,0.0,0.0,0
45034,1e-05,1e-05,1e-05,-8e-05,-5e-05,-1e-05,0.0,0.0,0
45035,1e-05,1e-05,1e-05,-8e-05,-5e-05,-1e-05,0.0,0.0,0
45037,1e-05,1e-05,1e-05,-8e-05,-5e-05,-1e-05,0.0,0.0,0
45040,1e-05,1e-05,1e-05,-8e-05,-5e-05,-1e-05,0.0,0.0,0
45041,1e-05,1e-05,1e-05,-8e-05,-5e-05,-1e-05,0.0,0.0,0
45042,1e-05,1e-05,1e-05,-8e-05,-5e-05,-1e-05,0.0,0.0,0
45043,1e-05,1e-05,1e-05,-8e-05,-5e-05,-1e-05,0.0,0.0,0
45044,1e-05,1e-05,1e-05,-8e-05,-5e-05,-1e-05,0.0,0.0,0
45045,1e-05,1e-05,1e-05,-8e-05,-5e-05,-1e-05,0.0,0.0,0
45046,1e-05,1e-05,1e-05,-8e-05,-5e-05,-1e-05,0.0,0.0,0
45047,1e-05,1e-05,1e-05,-8e-05,-5e-05,-1e-05,0.0,0.0,0
45048,1e-05,1e-05,1e-05,-8e-05,-5e-05,-1e-05,0.0,0.0,0
45049,1e-05,1e-05,1e-05,-8e-05,-5e-05,-1e-05,0.0,0.0,0
45050,1e-05,1e-05,1e-05,-8e-05,-5e-05,-1e-05,0.0,0.0,0
45051,1e-05,1e-05,1e-05,-8e-05,-5e-05,-1e-05,0.0,0.0,0
45052,1e-05,1e-05,1e-05,-8e-05,-5e-05,-1e-05,0.0,0.0,0
45054,1e-05,1e-05,1e-05,-8e-05,-5e-05,-1e-05,0.0,0.0,0
45055,1e-05,1e-05,1e-05,-8e-05,-5e-05,-1e-05,0.0,0.0,0
45056,0.0,1e-05,-5e-05,-7e-05,-3e-05,-2e-05,-4e-05,-1e-05,0
45057,-4e-05,-8e-05,-6e-05,-4e-05,-2e-05,-1e-05,-2e-05,-1e-05,0
45058,-4e-05,-8e-05,-6e-05,-4e-05,-2e-05,-1e-05,-2e-05,-1e-05,0
45059,-4e-05,-8e-05,-6e-05,-4e-05,-2e-05,-1e-05,-2e-05,-1e-05,0
45060,-4e-05,-8e-05,-6e-05,-4e-05,-2e-05,-1e-05,-2e-05,-1e-05,0
45061,-4e-05,-8e-05,-6e-05,-4e-05,-2e-05,-1e-05,-2e-05,-1e-05,0
45062,-4e-05,-8e-05,-6e-05,-4e-05,-2e-05,-1e-05,-2e-05,-1e-05,0
45063,-4e-05,-8e-05,-6e-05,-4e-05,-2e-05,-1e-05,-2e-05,-1e-05,0
45064,-4e-05,-8e-05,-6e-05,-4e-05,-2e-05,-1e-05,-2e-05,-1e-05,0
45065,-4e-05,-8e-05,-6e-05,-4e-05,-2e-05,-1e-05,-2e-05,-1e-05,0
45066,-4e-05,-8e-05,-6e-05,-4e-05,-2e-05,-1e-05,-2e-05,-1e-05,0
45067,-4e-05,-8e-05,-6e-05,-4e-05,-2e-05,-1e-05,-2e-05,-1e-05,0
45068,-4e-05,-8e-05,-6e-05,-4e-05,-2e-05,-1e-05,-2e-05,-1e-05,0
45069,-4e-05,-8e-05,-6e-05,-4e-05,-2e-05,-1e-05,-2e-05,-1e-05,0
45070,-1e-05,-2e-05,2e-05,8e-05,3e-05,-1e-05,0.0,0.0,0
45071,2e-05,3e-05,5e-05,0.00011,4e-05,-1e-05,0.0,1e-05,0
45072,2e-05,3e-05,5e-05,0.00011,4e-05,-1e-05,0.0,1e-05,0
45073,2e-05,3e-05,5e-05,0.00011,4e-05,-1e-05,0.0,1e-05,0
45074,2e-05,3e-05,5e-05,0.00011,4e-05,-1e-05,0.0,1e-05,0
45075,2e-05,3e-05,5e-05,0.00011,4e-05,-1e-05,0.0,1e-05,0
45076,2e-05,3e-05,5e-05,0.00011,4e-05,-1e-05,0.0,1e-05,0
45077,2e-05,3e-05,5e-05,0.00011,4e-05,-1e-05,0.0,1e-05,0
45078,2e-05,3e-05,5e-05,0.00011,4e-05,-1e-05,0.0,1e-05,0
45079,2e-05,3e-05,5e-05,0.00011,4e-05,-1e-05,0.0,1e-05,0
45080,2e-05,3e-05,5e-05,0.00011,4e-05,-1e-05,0.0,1e-05,0
45081,2e-05,3e-05,5e-05,0.00011,4e-05,-1e-05,0.0,1e-05,0
45082,2e-05,3e-05,5e-05,0.00011,4e-05,-1e-05,0.0,1e-05,0
45084,2e-05,3e-05,5e-05,0.00011,4e-05,-1e-05,0.0,1e-05,0
45085,2e-05,3e-05,5e-05,0.00011,4e-05,-1e-05,0.0,1e-05,0
45086,2e-05,3e-05,5e-05,0.00011,4e-05,-1e-05,0.0,1e-05,0
45088,2e-05,3e-05,5e-05,0.00011,4e-05,-1e-05,0.0,1e-05,0
45089,2e-05,3e-05,5e-05,0.00011,4e-05,-1e-05,0.0,1e-05,0
45090,2e-05,3e-05,5e-05,0.00011,4e-05,-1e-05,0.0,1e-05,0
45091,2e-05,3e-05,5e-05,0.00011,4e-05,-1e-05,0.0,1e-05,0
45092,2e-05,3e-05,5e-05,0.00011,4e-05,-1e-05,0.0,1e-05,0
45093,-3e-05,-6e-05,-3e-05,-7e-05,-3e-05,-1e-05,-1e-05,-2e-05,0
45094,-3e-05,-3e-05,-2e-05,-2e-05,-4e-05,-1e-05,-1e-05,1e-05,0
45095,-3e-05,-3e-05,-2e-05,-2e-05,-4e-05,-1e-05,-1e-05,1e-05,0
45096,-3e-05,-3e-05,-2e-05,-2e-05,-4e-05,-1e-05,-1e-05,1e-05,0
45097,-3e-05,-3e-05,-2e-05,-2e-05,-4e-05,-1e-05,-1e-05,1e-05,0
45098,-3e-05,-3e-05,-2e-05,-2e-05,-4e-05,-1e-05,-1e-05,1e-05,0
45099,-3e-05,-3e-05,-2e-05,-2e-05,-4e-05,-1e-05,-1e-05,1e-05,0
45100,-3e-05,-3e-05,-2e-05,-2e-05,-4e-05,-1e-05,-1e-05,1e-05,0
45101,-3e-05,-3e-05,-2e-05,-2e-05,-4e-05,-1e-05,-1e-05,1e-05,0
45102,-3e-05,-3e-05,-2e-05,-2e-05,-4e-05,-1e-05,-1e-05,1e-05,0
45104,-3e-05,-3e-05,-2e-05,-2e-05,-4e-05,-1e-05,-1e-05,1e-05,0
45105,-3e-05,-3e-05,-2e-05,-2e-05,-4e-05,-1e-05,-1e-05,1e-05,0
45106,-3e-05,-3e-05,-2e-05,-2e-05,-4e-05,-1e-05,-1e-05,1e-05,0
45107,-3e-05,-3e-05,-2e-05,-2e-05,-4e-05,-1e-05,-1e-05,1e-05,0
45108,-2e-05,-3e-05,-4e-05,-4e-05,-2e-05,-3e-05,-1e-05,-3e-05,0
45109,-2e-05,-3e-05,-4e-05,-4e-05,-2e-05,-3e-05,-1e-05,-3e-05,0
45110,-2e-05,-3e-05,-4e-05,-4e-05,-2e-05,-3e-05,-1e-05,-3e-05,0
45111,-2e-05,-3e-05,-4e-05,-4e-05,-2e-05,-3e-05,-1e-05,-3e-05,0
45112,-2e-05,-3e-05,-4e-05,-4e-05,-2e-05,-3e-05,-1e-05,-3e-05,0
45113,-2e-05,-3e-05,-4e-05,-4e-05,-2e-05,-3e-05,-1e-05,-3e-05,0
45114,-2e-05,-3e-05,-4e-05,-4e-05,-2e-05,-3e-05,-1e-05,-3e-05,0
45115,-2e-05,-3e-05,-4e-05,-4e-05,-2e-05,-3e-05,-1e-05,-3e-05,0
45116,-2e-05,-3e-05,-4e-05,-4e-05,-2e-05,-3e-05,-1e-05,-3e-05,0
45117,-2e-05,-3e-05,-4e-05,-4e-05,-2e-05,-3e-05,-1e-05,-3e-05,0
45118,-2e-05,-3e-05,-4e-05,-4e-05,-2e-05,-3e-05,-1e-05,-3e-05,0
45119,-2e-05,-3e-05,-4e-05,-4e-05,-2e-05,-3e-05,-1e-05,-3e-05,0
45120,-2e-05,-3e-05,-4e-05,-4e-05,-2e-05,-3e-05,-1e-05,-3e-05,0
45121,-2e-05,-3e-05,-4e-05,-4e-05,-2e-05,-3e-05,-1e-05,-3e-05,0
45122,-2e-05,-3e-05,-4e-05,-4e-05,-2e-05,-3e-05,-1e-05,-3e-05,0
45123,-2e-05,-3e-05,-4e-05,-4e-05,-2e-05,-3e-05,-1e-05,-3e-05,0
45124,-2e-05,-3e-05,-4e-05,-4e-05,-2e-05,-3e-05,-1e-05,-3e-05,0
45125,-2e-05,-3e-05,-4e-05,-4e-05,-2e-05,-3e-05,-1e-05,-3e-05,0
45126,-2e-05,-3e-05,-4e-05,-4e-05,-2e-05,-3e-05,-1e-05,-3e-05,0
45127,-2e-05,-3e-05,-4e-05,-4e-05,-2e-05,-3e-05,-1e-05,-3e-05,0
45128,-2e-05,-3e-05,-4e-05,-4e-05,-2e-05,-3e-05,-1e-05,-3e-05,0
45129,-2e-05,-3e-05,-4e-05,-4e-05,-2e-05,-3e-05,-1e-05,-3e-05,0
45130,-2e-05,-1e-05,0.0,0.00015,5e-05,-1e-05,-1e-05,0.0,0
45131,0.0,1e-05,-2e-05,-8e-05,1e-05,-1e-05,0.0,-1e-05,0
45132,0.0,1e-05,-2e-05,-8e-05,1e-05,-1e-05,0.0,-1e-05,0
45133,0.0,1e-05,-2e-05,-8e-05,1e-05,-1e-05,0.0,-1e-05,0
45134,0.0,1e-05,-2e-05,-8e-05,1e-05,-1e-05,0.0,-1e-05,0
45135,0.0,1e-05,-2e-05,-8e-05,1e-05,-1e-05,0.0,-1e-05,0
45136,0.0,1e-05,-2e-05,-8e-05,1e-05,-1e-05,0.0,-1e-05,0
45138,0.0,1e-05,-2e-05,-8e-05,1e-05,-1e-05,0.0,-1e-05,0
45139,0.0,1e-05,-2e-05,-8e-05,1e-05,-1e-05,0.0,-1e-05,0
45140,0.0,1e-05,-2e-05,-8e-05,1e-05,-1e-05,0.0,-1e-05,0
45141,0.0,1e-05,-2e-05,-8e-05,1e-05,-1e-05,0.0,-1e-05,0
45142,0.0,1e-05,-2e-05,-8e-05,1e-05,-1e-05,0.0,-1e-05,0
45143,0.0,1e-05,-2e-05,-8e-05,1e-05,-1e-05,0.0,-1e-05,0
45144,0.0,1e-05,-2e-05,-8e-05,1e-05,-1e-05,0.0,-1e-05,0
45145,0.0,1e-05,-2e-05,-8e-05,1e-05,-1e-05,0.0,-1e-05,0
45146,0.0,1e-05,-2e-05,-8e-05,1e-05,-1e-05,0.0,-1e-05,0
45147,0.0,1e-05,-2e-05,-8e-05,1e-05,-1e-05,0.0,-1e-05,0
45148,0.0,1e-05,-2e-05,-8e-05,1e-05,-1e-05,0.0,-1e-05,0
45149,0.0,1e-05,-2e-05,-8e-05,1e-05,-1e-05,0.0,-1e-05,0
45150,0.0,1e-05,-2e-05,-8e-05,1e-05,-1e-05,0.0,-1e-05,0
45151,0.0,1e-05,-2e-05,-8e-05,1e-05,-1e-05,0.0,-1e-05,0
45152,0.0,1e-05,-2e-05,-8e-05,1e-05,-1e-05,0.0,-1e-05,0
45154,0.0,1e-05,-2e-05,-9e-05,-3e-05,0.0,-2e-05,-2e-05,0
45155,0.0,1e-05,-2e-05,-9e-05,-3e-05,0.0,-2e-05,-2e-05,0
45156,0.0,1e-05,-2e-05,-9e-05,-3e-05,0.0,-2e-05,-2e-05,0
45157,0.0,1e-05,-2e-05,-9e-05,-3e-05,0.0,-2e-05,-2e-05,0
45158,0.0,1e-05,-2e-05,-9e-05,-3e-05,0.0,-2e-05,-2e-05,0
45159,0.0,1e-05,-2e-05,-9e-05,-3e-05,0.0,-2e-05,-2e-05,0
45160,0.0,1e-05,-2e-05,-9e-05,-3e-05,0.0,-2e-05,-2e-05,0
45161,0.0,1e-05,-2e-05,-9e-05,-3e-05,0.0,-2e-05,-2e-05,0
45162,0.0,1e-05,-2e-05,-9e-05,-3e-05,0.0,-2e-05,-2e-05,0
45163,0.0,1e-05,-2e-05,-9e-05,-3e-05,0.0,-2e-05,-2e-05,0
45164,0.0,1e-05,-2e-05,-9e-05,-3e-05,0.0,-2e-05,-2e-05,0
45165,0.0,1e-05,-2e-05,-9e-05,-3e-05,0.0,-2e-05,-2e-05,0
45166,0.0,1e-05,-2e-05,-9e-05,-3e-05,0.0,-2e-05,-2e-05,0
45167,0.0,1e-05,-2e-05,-9e-05,-3e-05,0.0,-2e-05,-2e-05,0
45168,1e-05,0.0,4e-05,5e-05,3e-05,0.0,1e-05,2e-05,0
45169,1e-05,0.0,4e-05,5e-05,3e-05,0.0,1e-05,2e-05,0
45170,1e-05,0.0,4e-05,5e-05,3e-05,0.0,1e-05,2e-05,0
45171,1e-05,0.0,4e-05,5e-05,3e-05,0.0,1e-05,2e-05,0
45172,1e-05,0.0,4e-05,5e-05,3e-05,0.0,1e-05,2e-05,0
45173,1e-05,0.0,4e-05,5e-05,3e-05,0.0,1e-05,2e-05,0
45174,1e-05,0.0,4e-05,5e-05,3e-05,0.0,1e-05,2e-05,0
45175,1e-05,0.0,4e-05,5e-05,3e-05,0.0,1e-05,2e-05,0
45176,1e-05,0.0,4e-05,5e-05,3e-05,0.0,1e-05,2e-05,0
45177,1e-05,0.0,4e-05,5e-05,3e-05,0.0,1e-05,2e-05,0
45178,1e-05,0.0,4e-05,5e-05,3e-05,0.0,1e-05,2e-05,0
45179,1e-05,0.0,4e-05,5e-05,3e-05,0.0,1e-05,2e-05,0
45180,1e-05,0.0,4e-05,5e-05,3e-05,0.0,1e-05,2e-05,0
45181,1e-05,0.0,4e-05,5e-05,3e-05,0.0,1e-05,2e-05,0
45182,1e-05,0.0,4e-05,5e-05,3e-05,0.0,1e-05,2e-05,0
45183,1e-05,0.0,4e-05,5e-05,3e-05,0.0,1e-05,2e-05,0
45184,1e-05,0.0,4e-05,5e-05,3e-05,0.0,1e-05,2e-05,0
45185,1e-05,0.0,4e-05,5e-05,3e-05,0.0,1e-05,2e-05,0
45186,1e-05,0.0,4e-05,5e-05,3e-05,0.0,1e-05,2e-05,0
45188,1e-05,0.0,4e-05,5e-05,3e-05,0.0,1e-05,2e-05,0
45189,1e-05,0.0,4e-05,5e-05,3e-05,0.0,1e-05,2e-05,0
45190,1e-05,0.0,4e-05,5e-05,3e-05,0.0,1e-05,2e-05,0
45191,-1e-05,-4e-05,-6e-05,-1e-05,-3e-05,-2e-05,-1e-05,-1e-05,0
45192,2e-05,1e-05,-3e-05,-5e-05,-3e-05,-1e-05,1e-05,1e-05,0
45194,2e-05,1e-05,-3e-05,-5e-05,-3e-05,-1e-05,1e-05,1e-05,0
45195,2e-05,1e-05,-3e-05,-5e-05,-3e-05,-1e-05,1e-05,1e-05,0
45196,2e-05,1e-05,-3e-05,-5e-05,-3e-05,-1e-05,1e-05,1e-05,0
45197,2e-05,1e-05,-3e-05,-5e-05,-3e-05,-1e-05,1e-05,1e-05,0
45198,2e-05,1e-05,-3e-05,-5e-05,-3e-05,-1e-05,1e-05,1e-05,0
45199,2e-05,1e-05,-3e-05,-5e-05,-3e-05,-1e-05,1e-05,1e-05,0
45200,2e-05,1e-05,-3e-05,-5e-05,-3e-05,-1e-05,1e-05,1e-05,0
45201,2e-05,1e-05,-3e-05,-5e-05,-3e-05,-1e-05,1e-05,1e-05,0
45202,2e-05,1e-05,-3e-05,-5e-05,-3e-05,-1e-05,1e-05,1e-05,0
45203,2e-05,1e-05,-3e-05,-5e-05,-3e-05,-1e-05,1e-05,1e-05,0
45204,2e-05,1e-05,-3e-05,-5e-05,-3e-05,-1e-05,1e-05,1e-05,0
45205,2e-05,1e-05,-3e-05,-5e-05,-3e-05,-1e-05,1e-05,1e-05,0
45206,2e-05,1e-05,-3e-05,-5e-05,-3e-05,-1e-05,1e-05,1e-05,0
45207,2e-05,1e-05,-3e-05,-5e-05,-3e-05,-1e-05,1e-05,1e-05,0
45208,2e-05,1e-05,-3e-05,-5e-05,-3e-05,-1e-05,1e-05,1e-05,0
45209,2e-05,1e-05,-3e-05,-5e-05,-3e-05,-1e-05,1e-05,1e-05,0
45210,2e-05,1e-05,-3e-05,-5e-05,-3e-05,-1e-05,1e-05,1e-05,0
45211,2e-05,1e-05,-3e-05,-5e-05,-3e-05,-1e-05,1e-05,1e-05,0
45212,2e-05,1e-05,-3e-05,-5e-05,-3e-05,-1e-05,1e-05,1e-05,0
45213,2e-05,1e-05,-3e-05,-5e-05,-3e-05,-1e-05,1e-05,1e-05,0
45214,-3e-05,-3e-05,0.0,8e-05,4e-05,1e-05,-1e-05,-3e-05,0
45215,0.0,1e-05,4e-05,7e-05,0.0,0.0,-1e-05,0.0,0
45217,0.0,1e-05,4e-05,7e-05,0.0,0.0,-1e-05,0.0,0
45218,0.0,1e-05,4e-05,7e-05,0.0,0.0,-1e-05,0.0,0
45219,0.0,1e-05,4e-05,7e-05,0.0,0.0,-1e-05,0.0,0
45220,0.0,1e-05,4e-05,7e-05,0.0,0.0,-1e-05,0.0,0
45221,0.0,1e-05,4e-05,7e-05,0.0,0.0,-1e-05,0.0,0
45222,0.0,1e-05,4e-05,7e-05,0.0,0.0,-1e-05,0.0,0
45223,0.0,1e-05,4e-05,7e-05,0.0,0.0,-1e-05,0.0,0
45224,0.0,1e-05,4e-05,7e-05,0.0,0.0,-1e-05,0.0,0
45225,0.0,1e-05,4e-05,7e-05,0.0,0.0,-1e-05,0.0,0
45226,0.0,1e-05,4e-05,7e-05,0.0,0.0,-1e-05,0.0,0
45227,0.0,1e-05,4e-05,7e-05,0.0,0.0,-1e-05,0.0,0
45228,-1e-05,-2e-05,-3e-05,-1e-05,-1e-05,-1e-05,0.0,-1e-05,0
45229,-2e-05,-3e-05,-3e-05,7e-05,1e-05,-1e-05,-1e-05,0.0,0
45230,-2e-05,-3e-05,-3e-05,7e-05,1e-05,-1e-05,-1e-05,0.0,0
45231,-2e-05,-3e-05,-3e-05,7e-05,1e-05,-1e-05,-1e-05,0.0,0
45232,-2e-05,-3e-05,-3e-05,7e-05,1e-05,-1e-05,-1e-05,0.0,0
45233,-2e-05,-3e-05,-3e-05,7e-05,1e-05,-1e-05,-1e-05,0.0,0
45234,-2e-05,-3e-05,-3e-05,7e-05,1e-05,-1e-05,-1e-05,0.0,0
45235,-2e-05,-3e-05,-3e-05,7e-05,1e-05,-1e-05,-1e-05,0.0,0
45236,-2e-05,-3e-05,-3e-05,7e-05,1e-05,-1e-05,-1e-05,0.0,0
45238,-2e-05,-3e-05,-3e-05,7e-05,1e-05,-1e-05,-1e-05,0.0,0
45239,-2e-05,-3e-05,-3e-05,7e-05,1e-05,-1e-05,-1e-05,0.0,0
45240,-2e-05,-3e-05,-3e-05,7e-05,1e-05,-1e-05,-1e-05,0.0,0
45241,-2e-05,-3e-05,-3e-05,7e-05,1e-05,-1e-05,-1e-05,0.0,0
45242,-2e-05,-3e-05,-3e-05,7e-05,1e-05,-1e-05,-1e-05,0.0,0
45243,-2e-05,-3e-05,-3e-05,7e-05,1e-05,-1e-05,-1e-05,0.0,0
45244,-2e-05,-3e-05,-3e-05,7e-05,1e-05,-1e-05,-1e-05,0.0,0
45245,-2e-05,-3e-05,-3e-05,7e-05,1e-05,-1e-05,-1e-05,0.0,0
45246,-2e-05,-3e-05,-3e-05,7e-05,1e-05,-1e-05,-1e-05,0.0,0
45247,-2e-05,-3e-05,-3e-05,7e-05,1e-05,-1e-05,-1e-05,0.0,0
45248,-2e-05,-3e-05,-3e-05,7e-05,1e-05,-1e-05,-1e-05,0.0,0
45249,-2e-05,-3e-05,-3e-05,7e-05,1e-05,-1e-05,-1e-05,0.0,0
45250,-2e-05,-3e-05,-3e-05,7e-05,1e-05,-1e-05,-1e-05,0.0,0
45251,0.0,3e-05,4e-05,8e-05,2e-05,0.0,-1e-05,1e-05,0
45252,0.0,-3e-05,0.0,2e-05,0.0,-3e-05,0.0,-3e-05,0
45253,0.0,-3e-05,0.0,2e-05,0.0,-3e-05,0.0,-3e-05,0
45254,0.0,-3e-05,0.0,2e-05,0.0,-3e-05,0.0,-3e-05,0
45255,0.0,-3e-05,0.0,2e-05,0.0,-3e-05,0.0,-3e-05,0
45256,0.0,-3e-05,0.0,2e-05,0.0,-3e-05,0.0,-3e-05,0
45257,0.0,-3e-05,0.0,2e-05,0.0,-3e-05,0.0,-3e-05,0
45258,0.0,-3e-05,0.0,2e-05,0.0,-3e-05,0.0,-3e-05,0
45259,0.0,-3e-05,0.0,2e-05,0.0,-3e-05,0.0,-3e-05,0
45260,0.0,-3e-05,0.0,2e-05,0.0,-3e-05,0.0,-3e-05,0
45261,0.0,-3e-05,0.0,2e-05,0.0,-3e-05,0.0,-3e-05,0
45262,0.0,-3e-05,0.0,2e-05,0.0,-3e-05,0.0,-3e-05,0
45263,0.0,-3e-05,0.0,2e-05,0.0,-3e-05,0.0,-3e-05,0
45264,0.0,-3e-05,0.0,2e-05,0.0,-3e-05,0.0,-3e-05,0
45265,0.0,-3e-05,0.0,2e-05,0.0,-3e-05,0.0,-3e-05,0
45266,0.0,-3e-05,0.0,2e-05,0.0,-3e-05,0.0,-3e-05,0
45267,0.0,-3e-05,0.0,2e-05,0.0,-3e-05,0.0,-3e-05,0
45268,0.0,-3e-05,0.0,2e-05,0.0,-3e-05,0.0,-3e-05,0
45269,0.0,-3e-05,0.0,2e-05,0.0,-3e-05,0.0,-3e-05,0
45270,0.0,-3e-05,0.0,2e-05,0.0,-3e-05,0.0,-3e-05,0
45271,0.0,-3e-05,0.0,2e-05,0.0,-3e-05,0.0,-3e-05,0
45272,0.0,-3e-05,0.0,2e-05,0.0,-3e-05,0.0,-3e-05,0
45273,-3e-05,-2e-05,-2e-05,-3e-05,-5e-05,-1e-05,-1e-05,0.0,0
45274,-1e-05,0.0,-2e-05,-4e-05,-1e-05,0.0,0.0,0.0,0
45275,-1e-05,0.0,-2e-05,-4e-05,-1e-05,0.0,0.0,0.0,0
45276,-1e-05,0.0,-2e-05,-4e-05,-1e-05,0.0,0.0,0.0,0
45277,-1e-05,0.0,-2e-05,-4e-05,-1e-05,0.0,0.0,0.0,0
45278,-1e-05,0.0,-2e-05,-4e-05,-1e-05,0.0,0.0,0.0,0
45279,-1e-05,0.0,-2e-05,-4e-05,-1e-05,0.0,0.0,0.0,0
45280,-1e-05,0.0,-2e-05,-4e-05,-1e-05,0.0,0.0,0.0,0
45281,-1e-05,0.0,-2e-05,-4e-05,-1e-05,0.0,0.0,0.0,0
45282,-1e-05,0.0,-2e-05,-4e-05,-1e-05,0.0,0.0,0.0,0
45283,-1e-05,0.0,-2e-05,-4e-05,-1e-05,0.0,0.0,0.0,0
45284,-1e-05,0.0,-2e-05,-4e-05,-1e-05,0.0,0.0,0.0,0
45285,-1e-05,0.0,-2e-05,-4e-05,-1e-05,0.0,0.0,0.0,0
45286,-1e-05,0.0,-2e-05,-4e-05,-1e-05,0.0,0.0,0.0,0
45289,-2e-05,-2e-05,0.0,-3e-05,0.0,-1e-05,-1e-05,-3e-05,0
45290,-2e-05,-2e-05,0.0,-3e-05,0.0,-1e-05,-1e-05,-3e-05,0
45291,-2e-05,-2e-05,0.0,-3e-05,0.0,-1e-05,-1e-05,-3e-05,0
45292,-2e-05,-2e-05,0.0,-3e-05,0.0,-1e-05,-1e-05,-3e-05,0
45293,-2e-05,-2e-05,0.0,-3e-05,0.0,-1e-05,-1e-05,-3e-05,0
45294,-2e-05,-2e-05,0.0,-3e-05,0.0,-1e-05,-1e-05,-3e-05,0
45295,-2e-05,-2e-05,0.0,-3e-05,0.0,-1e-05,-1e-05,-3e-05,0
45296,-2e-05,-2e-05,0.0,-3e-05,0.0,-1e-05,-1e-05,-3e-05,0
45297,-2e-05,-2e-05,0.0,-3e-05,0.0,-1e-05,-1e-05,-3e-05,0
45298,-2e-05,-2e-05,0.0,-3e-05,0.0,-1e-05,-1e-05,-3e-05,0
45299,-2e-05,-2e-05,0.0,-3e-05,0.0,-1e-05,-1e-05,-3e-05,0
45300,-2e-05,-2e-05,0.0,-3e-05,0.0,-1e-05,-1e-05,-3e-05,0
45301,-2e-05,-2e-05,0.0,-3e-05,0.0,-1e-05,-1e-05,-3e-05,0
45302,-2e-05,-2e-05,0.0,-3e-05,0.0,-1e-05,-1e-05,-3e-05,0
45303,-2e-05,-2e-05,0.0,-3e-05,0.0,-1e-05,-1e-05,-3e-05,0
45304,-2e-05,-2e-05,0.0,-3e-05,0.0,-1e-05,-1e-05,-3e-05,0
45305,-2e-05,-2e-05,0.0,-3e-05,0.0,-1e-05,-1e-05,-3e-05,0
45306,-2e-05,-2e-05,0.0,-3e-05,0.0,-1e-05,-1e-05,-3e-05,0
45307,-2e-05,-2e-05,0.0,-3e-05,0.0,-1e-05,-1e-05,-3e-05,0
45308,-2e-05,-2e-05,0.0,-3e-05,0.0,-1e-05,-1e-05,-3e-05,0
45309,-2e-05,-2e-05,0.0,-3e-05,0.0,-1e-05,-1e-05,-3e-05,0
45310,-2e-05,-2e-05,0.0,-3e-05,0.0,-1e-05,-1e-05,-3e-05,0
45311,2e-05,1e-05,1e-05,0.0,-3e-05,-1e-05,-1e-05,-1e-05,0
45312,-7e-05,-0.00016,-0.00016,-0.00014,-6e-05,-3e-05,-1e-05,-3e-05,0
45313,-7e-05,-0.00016,-0.00016,-0.00014,-6e-05,-3e-05,-1e-05,-3e-05,0
45314,-7e-05,-0.00016,-0.00016,-0.00014,-6e-05,-3e-05,-1e-05,-3e-05,0
45315,-7e-05,-0.00016,-0.00016,-0.00014,-6e-05,-3e-05,-1e-05,-3e-05,0
45316,-7e-05,-0.00016,-0.00016,-0.00014,-6e-05,-3e-05,-1e-05,-3e-05,0
45317,-7e-05,-0.00016,-0.00016,-0.00014,-6e-05,-3e-05,-1e-05,-3e-05,0
45318,-7e-05,-0.00016,-0.00016,-0.00014,-6e-05,-3e-05,-1e-05,-3e-05,0
45319,-7e-05,-0.00016,-0.00016,-0.00014,-6e-05,-3e-05,-1e-05,-3e-05,0
45320,-7e-05,-0.00016,-0.00016,-0.00014,-6e-05,-3e-05,-1e-05,-3e-05,0
45321,-7e-05,-0.00016,-0.00016,-0.00014,-6e-05,-3e-05,-1e-05,-3e-05,0
45322,-7e-05,-0.00016,-0.00016,-0.00014,-6e-05,-3e-05,-1e-05,-3e-05,0
45323,-7e-05,-0.00016,-0.00016,-0.00014,-6e-05,-3e-05,-1e-05,-3e-05,0
45324,-7e-05,-0.00016,-0.00016,-0.00014,-6e-05,-3e-05,-1e-05,-3e-05,0
45325,-7e-05,-0.00016,-0.00016,-0.00014,-6e-05,-3e-05,-1e-05,-3e-05,0
45326,-7e-05,-0.00016,-0.00016,-0.00014,-6e-05,-3e-05,-1e-05,-3e-05,0
45327,-7e-05,-0.00016,-0.00016,-0.00014,-6e-05,-3e-05,-1e-05,-3e-05,0
45328,-7e-05,-0.00016,-0.00016,-0.00014,-6e-05,-3e-05,-1e-05,-3e-05,0
45329,-7e-05,-0.00016,-0.00016,-0.00014,-6e-05,-3e-05,-1e-05,-3e-05,0
45330,-7e-05,-0.00016,-0.00016,-0.00014,-6e-05,-3e-05,-1e-05,-3e-05,0
45331,-7e-05,-0.00016,-0.00016,-0.00014,-6e-05,-3e-05,-1e-05,-3e-05,0
45332,-7e-05,-0.00016,-0.00016,-0.00014,-6e-05,-3e-05,-1e-05,-3e-05,0
45333,0.0,0.0,-2e-05,1e-05,-7e-05,1e-05,0.0,0.0,0
45334,-2e-05,3e-05,4e-05,2e-05,-2e-05,0.0,-1e-05,0.0,0
45335,-2e-05,3e-05,4e-05,2e-05,-2e-05,0.0,-1e-05,0.0,0
45336,-2e-05,3e-05,4e-05,2e-05,-2e-05,0.0,-1e-05,0.0,0
45338,-2e-05,3e-05,4e-05,2e-05,-2e-05,0.0,-1e-05,0.0,0
45339,-2e-05,3e-05,4e-05,2e-05,-2e-05,0.0,-1e-05,0.0,0
45340,-2e-05,3e-05,4e-05,2e-05,-2e-05,0.0,-1e-05,0.0,0
45341,-2e-05,3e-05,4e-05,2e-05,-2e-05,0.0,-1e-05,0.0,0
45342,-2e-05,3e-05,4e-05,2e-05,-2e-05,0.0,-1e-05,0.0,0
45343,-2e-05,3e-05,4e-05,2e-05,-2e-05,0.0,-1e-05,0.0,0
45344,-2e-05,3e-05,4e-05,2e-05,-2e-05,0.0,-1e-05,0.0,0
45345,-2e-05,3e-05,4e-05,2e-05,-2e-05,0.0,-1e-05,0.0,0
45346,-2e-05,3e-05,4e-05,2e-05,-2e-05,0.0,-1e-05,0.0,0
45347,-1e-05,-4e-05,-2e-05,2e-05,-2e-05,-1e-05,-2e-05,-2e-05,0
45348,0.0,-2e-05,-2e-05,0.0,0.0,2e-05,0.0,1e-05,0
45349,0.0,-2e-05,-2e-05,0.0,0.0,2e-05,0.0,1e-05,0
45350,0.0,-2e-05,-2e-05,0.0,0.0,2e-05,0.0,1e-05,0
45351,0.0,-2e-05,-2e-05,0.0,0.0,2e-05,0.0,1e-05,0
45352,0.0,-2e-05,-2e-05,0.0,0.0,2e-05,0.0,1e-05,0
45353,0.0,-2e-05,-2e-05,0.0,0.0,2e-05,0.0,1e-05,0
45354,0.0,-2e-05,-2e-05,0.0,0.0,2e-05,0.0,1e-05,0
45355,0.0,-2e-05,-2e-05,0.0,0.0,2e-05,0.0,1e-05,0
45356,0.0,-2e-05,-2e-05,0.0,0.0,2e-05,0.0,1e-05,0
45357,0.0,-2e-05,-2e-05,0.0,0.0,2e-05,0.0,1e-05,0
45358,0.0,-2e-05,-2e-05,0.0,0.0,2e-05,0.0,1e-05,0
45359,0.0,-2e-05,-2e-05,0.0,0.0,2e-05,0.0,1e-05,0
45360,0.0,-2e-05,-2e-05,0.0,0.0,2e-05,0.0,1e-05,0
45361,0.0,-2e-05,-2e-05,0.0,0.0,2e-05,0.0,1e-05,0
45362,0.0,-2e-05,-2e-05,0.0,0.0,2e-05,0.0,1e-05,0
45363,0.0,-2e-05,-2e-05,0.0,0.0,2e-05,0.0,1e-05,0
45364,0.0,-2e-05,-2e-05,0.0,0.0,2e-05,0.0,1e-05,0
45365,0.0,-2e-05,-2e-05,0.0,0.0,2e-05,0.0,1e-05,0
45366,0.0,-2e-05,-2e-05,0.0,0.0,2e-05,0.0,1e-05,0
45367,0.0,-2e-05,-2e-05,0.0,0.0,2e-05,0.0,1e-05,0
45368,0.0,-2e-05,-2e-05,0.0,0.0,2e-05,0.0,1e-05,0
45369,0.0,-2e-05,-2e-05,0.0,0.0,2e-05,0.0,1e-05,0
45370,0.0,-2e-05,-2e-05,0.0,0.0,2e-05,0.0,1e-05,0
45371,2e-05,1e-05,0.0,0.0,-3e-05,-1e-05,-2e-05,-2e-05,0
45372,1e-05,5e-05,6e-05,5e-05,6e-05,-2e-05,-3e-05,0.0,0
45373,1e-05,5e-05,6e-05,5e-05,6e-05,-2e-05,-3e-05,0.0,0
45374,1e-05,5e-05,6e-05,5e-05,6e-05,-2e-05,-3e-05,0.0,0
45375,1e-05,5e-05,6e-05,5e-05,6e-05,-2e-05,-3e-05,0.0,0
45376,1e-05,5e-05,6e-05,5e-05,6e-05,-2e-05,-3e-05,0.0,0
45377,1e-05,5e-05,6e-05,5e-05,6e-05,-2e-05,-3e-05,0.0,0
45378,1e-05,5e-05,6e-05,5e-05,6e-05,-2e-05,-3e-05,0.0,0
45379,1e-05,5e-05,6e-05,5e-05,6e-05,-2e-05,-3e-05,0.0,0
45380,1e-05,5e-05,6e-05,5e-05,6e-05,-2e-05,-3e-05,0.0,0
45381,1e-05,5e-05,6e-05,5e-05,6e-05,-2e-05,-3e-05,0.0,0
45382,1e-05,5e-05,6e-05,5e-05,6e-05,-2e-05,-3e-05,0.0,0
45383,1e-05,5e-05,6e-05,5e-05,6e-05,-2e-05,-3e-05,0.0,0
45384,1e-05,5e-05,6e-05,5e-05,6e-05,-2e-05,-3e-05,0.0,0
45385,1e-05,5e-05,6e-05,5e-05,6e-05,-2e-05,-3e-05,0.0,0
45386,1e-05,5e-05,6e-05,5e-05,6e-05,-2e-05,-3e-05,0.0,0
45388,1e-05,5e-05,6e-05,5e-05,6e-05,-2e-05,-3e-05,0.0,0
45389,1e-05,5e-05,6e-05,5e-05,6e-05,-2e-05,-3e-05,0.0,0
45390,1e-05,5e-05,6e-05,5e-05,6e-05,-2e-05,-3e-05,0.0,0
45391,1e-05,5e-05,6e-05,5e-05,6e-05,-2e-05,-3e-05,0.0,0
45392,1e-05,5e-05,6e-05,5e-05,6e-05,-2e-05,-3e-05,0.0,0
45393,-2e-05,-3e-05,0.0,-3e-05,-2e-05,-3e-05,-2e-05,-3e-05,0
45394,0.0,-3e-05,-2e-05,-1e-05,-3e-05,-1e-05,-1e-05,0.0,0
45395,0.0,-3e-05,-2e-05,-1e-05,-3e-05,-1e-05,-1e-05,0.0,0
45396,0.0,-3e-05,-2e-05,-1e-05,-3e-05,-1e-05,-1e-05,0.0,0
45397,0.0,-3e-05,-2e-05,-1e-05,-3e-05,-1e-05,-1e-05,0.0,0
45398,0.0,-3e-05,-2e-05,-1e-05,-3e-05,-1e-05,-1e-05,0.0,0
45399,0.0,-3e-05,-2e-05,-1e-05,-3e-05,-1e-05,-1e-05,0.0,0
45400,0.0,-3e-05,-2e-05,-1e-05,-3e-05,-1e-05,-1e-05,0.0,0
45401,0.0,-3e-05,-2e-05,-1e-05,-3e-05,-1e-05,-1e-05,0.0,0
45402,0.0,-3e-05,-2e-05,-1e-05,-3e-05,-1e-05,-1e-05,0.0,0
45403,0.0,-3e-05,-2e-05,-1e-05,-3e-05,-1e-05,-1e-05,0.0,0
45404,0.0,-3e-05,-2e-05,-1e-05,-3e-05,-1e-05,-1e-05,0.0,0
45405,0.0,-3e-05,-2e-05,-1e-05,-3e-05,-1e-05,-1e-05,0.0,0
45406,0.0,-3e-05,-2e-05,-1e-05,-3e-05,-1e-05,-1e-05,0.0,0
45407,-4e-05,-6e-05,-8e-05,-5e-05,-4e-05,0.0,-1e-05,1e-05,0
45408,1e-05,2e-05,0.0,0.00013,-1e-05,-4e-05,-2e-05,0.0,0
45409,1e-05,2e-05,0.0,0.00013,-1e-05,-4e-05,-2e-05,0.0,0
45410,1e-05,2e-05,0.0,0.00013,-1e-05,-4e-05,-2e-05,0.0,0
45411,1e-05,2e-05,0.0,0.00013,-1e-05,-4e-05,-2e-05,0.0,0
45412,1e-05,2e-05,0.0,0.00013,-1e-05,-4e-05,-2e-05,0.0,0
45413,1e-05,2e-05,0.0,0.00013,-1e-05,-4e-05,-2e-05,0.0,0
45414,1e-05,2e-05,0.0,0.00013,-1e-05,-4e-05,-2e-05,0.0,0
45415,1e-05,2e-05,0.0,0.00013,-1e-05,-4e-05,-2e-05,0.0,0
45416,1e-05,2e-05,0.0,0.00013,-1e-05,-4e-05,-2e-05,0.0,0
45417,1e-05,2e-05,0.0,0.00013,-1e-05,-4e-05,-2e-05,0.0,0
45418,1e-05,2e-05,0.0,0.00013,-1e-05,-4e-05,-2e-05,0.0,0
45419,1e-05,2e-05,0.0,0.00013,-1e-05,-4e-05,-2e-05,0.0,0
45420,1e-05,2e-05,0.0,0.00013,-1e-05,-4e-05,-2e-05,0.0,0
45421,1e-05,2e-05,0.0,0.00013,-1e-05,-4e-05,-2e-05,0.0,0
45422,1e-05,2e-05,0.0,0.00013,-1e-05,-4e-05,-2e-05,0.0,0
45423,1e-05,2e-05,0.0,0.00013,-1e-05,-4e-05,-2e-05,0.0,0
45424,1e-05,2e-05,0.0,0.00013,-1e-05,-4e-05,-2e-05,0.0,0
45425,1e-05,2e-05,0.0,0.00013,-1e-05,-4e-05,-2e-05,0.0,0
45426,1e-05,2e-05,0.0,0.00013,-1e-05,-4e-05,-2e-05,0.0,0
45427,1e-05,2e-05,0.0,0.00013,-1e-05,-4e-05,-2e-05,0.0,0
45428,1e-05,2e-05,0.0,0.00013,-1e-05,-4e-05,-2e-05,0.0,0
45429,1e-05,2e-05,0.0,0.00013,-1e-05,-4e-05,-2e-05,0.0,0
45430,1e-05,2e-05,0.0,0.00013,-1e-05,-4e-05,-2e-05,0.0,0
45431,-1e-05,-2e-05,0.0,1e-05,-3e-05,1e-05,0.0,-2e-05,0
45432,0.0,0.0,-1e-05,-1e-05,1e-05,-1e-05,-1e-05,-2e-05,0
45433,0.0,0.0,-1e-05,-1e-05,1e-05,-1e-05,-1e-05,-2e-05,0
45434,0.0,0.0,-1e-05,-1e-05,1e-05,-1e-05,-1e-05,-2e-05,0
45435,0.0,0.0,-1e-05,-1e-05,1e-05,-1e-05,-1e-05,-2e-05,0
45436,0.0,0.0,-1e-05,-1e-05,1e-05,-1e-05,-1e-05,-2e-05,0
45439,0.0,0.0,-1e-05,-1e-05,1e-05,-1e-05,-1e-05,-2e-05,0
45440,0.0,0.0,-1e-05,-1e-05,1e-05,-1e-05,-1e-05,-2e-05,0
45441,0.0,0.0,-1e-05,-1e-05,1e-05,-1e-05,-1e-05,-2e-05,0
45442,0.0,0.0,-1e-05,-1e-05,1e-05,-1e-05,-1e-05,-2e-05,0
45443,0.0,0.0,-1e-05,-1e-05,1e-05,-1e-05,-1e-05,-2e-05,0
45444,0.0,0.0,-1e-05,-1e-05,1e-05,-1e-05,-1e-05,-2e-05,0
45445,0.0,0.0,-1e-05,-1e-05,1e-05,-1e-05,-1e-05,-2e-05,0
45446,0.0,0.0,-1e-05,-1e-05,1e-05,-1e-05,-1e-05,-2e-05,0
45447,0.0,0.0,-1e-05,-1e-05,1e-05,-1e-05,-1e-05,-2e-05,0
45448,0.0,0.0,-1e-05,-1e-05,1e-05,-1e-05,-1e-05,-2e-05,0
45449,0.0,0.0,-1e-05,-1e-05,1e-05,-1e-05,-1e-05,-2e-05,0
45450,0.0,0.0,-1e-05,-1e-05,1e-05,-1e-05,-1e-05,-2e-05,0
45451,0.0,0.0,-1e-05,-1e-05,1e-05,-1e-05,-1e-05,-2e-05,0
45452,0.0,0.0,-1e-05,-1e-05,1e-05,-1e-05,-1e-05,-2e-05,0
45453,-3e-05,-5e-05,-5e-05,-9e-05,0.0,-2e-05,0.0,0.0,0
45454,1e-05,2e-05,3e-05,0.0,-1e-05,-2e-05,-2e-05,-2e-05,0
45455,1e-05,2e-05,3e-05,0.0,-1e-05,-2e-05,-2e-05,-2e-05,0
45456,1e-05,2e-05,3e-05,0.0,-1e-05,-2e-05,-2e-05,-2e-05,0
45457,1e-05,2e-05,3e-05,0.0,-1e-05,-2e-05,-2e-05,-2e-05,0
45458,1e-05,2e-05,3e-05,0.0,-1e-05,-2e-05,-2e-05,-2e-05,0
45459,1e-05,2e-05,3e-05,0.0,-1e-05,-2e-05,-2e-05,-2e-05,0
45460,1e-05,2e-05,3e-05,0.0,-1e-05,-2e-05,-2e-05,-2e-05,0
45461,1e-05,2e-05,3e-05,0.0,-1e-05,-2e-05,-2e-05,-2e-05,0
45462,1e-05,2e-05,3e-05,0.0,-1e-05,-2e-05,-2e-05,-2e-05,0
45463,1e-05,2e-05,3e-05,0.0,-1e-05,-2e-05,-2e-05,-2e-05,0
45464,1e-05,2e-05,3e-05,0.0,-1e-05,-2e-05,-2e-05,-2e-05,0
45465,1e-05,2e-05,3e-05,0.0,-1e-05,-2e-05,-2e-05,-2e-05,0
45466,1e-05,2e-05,3e-05,0.0,-1e-05,-2e-05,-2e-05,-2e-05,0
45467,-1e-05,1e-05,2e-05,2e-05,-1e-05,-2e-05,-3e-05,0.0,0
45468,-2e-05,-1e-05,-3e-05,-0.00012,-2e-05,1e-05,2e-05,0.0,0
45469,-2e-05,-1e-05,-3e-05,-0.00012,-2e-05,1e-05,2e-05,0.0,0
45470,-2e-05,-1e-05,-3e-05,-0.00012,-2e-05,1e-05,2e-05,0.0,0
45471,-2e-05,-1e-05,-3e-05,-0.00012,-2e-05,1e-05,2e-05,0.0,0
45472,-2e-05,-1e-05,-3e-05,-0.00012,-2e-05,1e-05,2e-05,0.0,0
45473,-2e-05,-1e-05,-3e-05,-0.00012,-2e-05,1e-05,2e-05,0.0,0
45474,-2e-05,-1e-05,-3e-05,-0.00012,-2e-05,1e-05,2e-05,0.0,0
45475,-2e-05,-1e-05,-3e-05,-0.00012,-2e-05,1e-05,2e-05,0.0,0
45476,-2e-05,-1e-05,-3e-05,-0.00012,-2e-05,1e-05,2e-05,0.0,0
45477,-2e-05,-1e-05,-3e-05,-0.00012,-2e-05,1e-05,2e-05,0.0,0
45478,-2e-05,-1e-05,-3e-05,-0.00012,-2e-05,1e-05,2e-05,0.0,0
45479,-2e-05,-1e-05,-3e-05,-0.00012,-2e-05,1e-05,2e-05,0.0,0
45480,-2e-05,-1e-05,-3e-05,-0.00012,-2e-05,1e-05,2e-05,0.0,0
45481,-2e-05,-1e-05,-3e-05,-0.00012,-2e-05,1e-05,2e-05,0.0,0
45482,-2e-05,-1e-05,-3e-05,-0.00012,-2e-05,1e-05,2e-05,0.0,0
45483,-2e-05,-1e-05,-3e-05,-0.00012,-2e-05,1e-05,2e-05,0.0,0
45484,-2e-05,-1e-05,-3e-05,-0.00012,-2e-05,1e-05,2e-05,0.0,0
45485,-2e-05,-1e-05,-3e-05,-0.00012,-2e-05,1e-05,2e-05,0.0,0
45486,-2e-05,-1e-05,-3e-05,-0.00012,-2e-05,1e-05,2e-05,0.0,0
45488,-2e-05,-1e-05,-3e-05,-0.00012,-2e-05,1e-05,2e-05,0.0,0
45489,-2e-05,-1e-05,-3e-05,-0.00012,-2e-05,1e-05,2e-05,0.0,0
45490,-2e-05,-1e-05,-3e-05,-0.00012,-2e-05,1e-05,2e-05,0.0,0
45491,-1e-05,-1e-05,-1e-05,-6e-05,-2e-05,-1e-05,-2e-05,0.0,0
45492,-1e-05,-1e-05,-4e-05,-4e-05,-1e-05,-3e-05,-1e-05,-3e-05,0
45493,-1e-05,-1e-05,-4e-05,-4e-05,-1e-05,-3e-05,-1e-05,-3e-05,0
45494,-1e-05,-1e-05,-4e-05,-4e-05,-1e-05,-3e-05,-1e-05,-3e-05,0
45495,-1e-05,-1e-05,-4e-05,-4e-05,-1e-05,-3e-05,-1e-05,-3e-05,0
45496,-1e-05,-1e-05,-4e-05,-4e-05,-1e-05,-3e-05,-1e-05,-3e-05,0
45497,-1e-05,-1e-05,-4e-05,-4e-05,-1e-05,-3e-05,-1e-05,-3e-05,0
45498,-1e-05,-1e-05,-4e-05,-4e-05,-1e-05,-3e-05,-1e-05,-3e-05,0
45499,-1e-05,-1e-05,-4e-05,-4e-05,-1e-05,-3e-05,-1e-05,-3e-05,0
45500,-1e-05,-1e-05,-4e-05,-4e-05,-1e-05,-3e-05,-1e-05,-3e-05,0
45501,-1e-05,-1e-05,-4e-05,-4e-05,-1e-05,-3e-05,-1e-05,-3e-05,0
45502,-1e-05,-1e-05,-4e-05,-4e-05,-1e-05,-3e-05,-1e-05,-3e-05,0
45503,-1e-05,-1e-05,-4e-05,-4e-05,-1e-05,-3e-05,-1e-05,-3e-05,0
45504,-1e-05,-1e-05,-4e-05,-4e-05,-1e-05,-3e-05,-1e-05,-3e-05,0
45505,-1e-05,-1e-05,-4e-05,-4e-05,-1e-05,-3e-05,-1e-05,-3e-05,0
45506,-1e-05,-1e-05,-4e-05,-4e-05,-1e-05,-3e-05,-1e-05,-3e-05,0
45507,-1e-05,-1e-05,-4e-05,-4e-05,-1e-05,-3e-05,-1e-05,-3e-05,0
45508,-1e-05,-1e-05,-4e-05,-4e-05,-1e-05,-3e-05,-1e-05,-3e-05,0
45509,-1e-05,-1e-05,-4e-05,-4e-05,-1e-05,-3e-05,-1e-05,-3e-05,0
45510,-1e-05,-1e-05,-4e-05,-4e-05,-1e-05,-3e-05,-1e-05,-3e-05,0
45511,-1e-05,-1e-05,-4e-05,-4e-05,-1e-05,-3e-05,-1e-05,-3e-05,0
45512,-1e-05,-1e-05,-4e-05,-4e-05,-1e-05,-3e-05,-1e-05,-3e-05,0
45513,-2e-05,-3e-05,-4e-05,-2e-05,1e-05,-1e-05,-2e-05,-2e-05,0
45514,0.0,2e-05,2e-05,3e-05,2e-05,-2e-05,-2e-05,0.0,0
45515,0.0,2e-05,2e-05,3e-05,2e-05,-2e-05,-2e-05,0.0,0
45516,0.0,2e-05,2e-05,3e-05,2e-05,-2e-05,-2e-05,0.0,0
45517,0.0,2e-05,2e-05,3e-05,2e-05,-2e-05,-2e-05,0.0,0
45518,0.0,2e-05,2e-05,3e-05,2e-05,-2e-05,-2e-05,0.0,0
45519,0.0,2e-05,2e-05,3e-05,2e-05,-2e-05,-2e-05,0.0,0
45520,0.0,2e-05,2e-05,3e-05,2e-05,-2e-05,-2e-05,0.0,0
45521,0.0,2e-05,2e-05,3e-05,2e-05,-2e-05,-2e-05,0.0,0
45522,0.0,2e-05,2e-05,3e-05,2e-05,-2e-05,-2e-05,0.0,0
45523,0.0,2e-05,2e-05,3e-05,2e-05,-2e-05,-2e-05,0.0,0
45524,0.0,2e-05,2e-05,3e-05,2e-05,-2e-05,-2e-05,0.0,0
45525,0.0,2e-05,2e-05,3e-05,2e-05,-2e-05,-2e-05,0.0,0
45526,0.0,2e-05,2e-05,3e-05,2e-05,-2e-05,-2e-05,0.0,0
45527,2e-05,3e-05,-2e-05,-0.0001,-6e-05,-2e-05,0.0,-2e-05,0
45528,-2e-05,-3e-05,-6e-05,-3e-05,-4e-05,-1e-05,0.0,-1e-05,0
45529,-2e-05,-3e-05,-6e-05,-3e-05,-4e-05,-1e-05,0.0,-1e-05,0
45530,-2e-05,-3e-05,-6e-05,-3e-05,-4e-05,-1e-05,0.0,-1e-05,0
45531,-2e-05,-3e-05,-6e-05,-3e-05,-4e-05,-1e-05,0.0,-1e-05,0
45532,-2e-05,-3e-05,-6e-05,-3e-05,-4e-05,-1e-05,0.0,-1e-05,0
45533,-2e-05,-3e-05,-6e-05,-3e-05,-4e-05,-1e-05,0.0,-1e-05,0
45534,-2e-05,-3e-05,-6e-05,-3e-05,-4e-05,-1e-05,0.0,-1e-05,0
45535,-2e-05,-3e-05,-6e-05,-3e-05,-4e-05,-1e-05,0.0,-1e-05,0
45536,-2e-05,-3e-05,-6e-05,-3e-05,-4e-05,-1e-05,0.0,-1e-05,0
45538,-2e-05,-3e-05,-6e-05,-3e-05,-4e-05,-1e-05,0.0,-1e-05,0
45539,-2e-05,-3e-05,-6e-05,-3e-05,-4e-05,-1e-05,0.0,-1e-05,0
45540,-2e-05,-3e-05,-6e-05,-3e-05,-4e-05,-1e-05,0.0,-1e-05,0
45541,-2e-05,-3e-05,-6e-05,-3e-05,-4e-05,-1e-05,0.0,-1e-05,0
45542,-2e-05,-3e-05,-6e-05,-3e-05,-4e-05,-1e-05,0.0,-1e-05,0
45543,-2e-05,-3e-05,-6e-05,-3e-05,-4e-05,-1e-05,0.0,-1e-05,0
45544,-2e-05,-3e-05,-6e-05,-3e-05,-4e-05,-1e-05,0.0,-1e-05,0
45545,-2e-05,-3e-05,-6e-05,-3e-05,-4e-05,-1e-05,0.0,-1e-05,0
45546,-2e-05,-3e-05,-6e-05,-3e-05,-4e-05,-1e-05,0.0,-1e-05,0
45547,-2e-05,-3e-05,-6e-05,-3e-05,-4e-05,-1e-05,0.0,-1e-05,0
45548,-2e-05,-3e-05,-6e-05,-3e-05,-4e-05,-1e-05,0.0,-1e-05,0
45549,-2e-05,-3e-05,-6e-05,-3e-05,-4e-05,-1e-05,0.0,-1e-05,0
45550,-2e-05,-3e-05,-6e-05,-3e-05,-4e-05,-1e-05,0.0,-1e-05,0
45551,0.0,-2e-05,-3e-05,-6e-05,-2e-05,-2e-05,0.0,-1e-05,0
45552,-1e-05,3e-05,-1e-05,1e-05,0.0,0.0,-2e-05,-3e-05,0
45553,-1e-05,3e-05,-1e-05,1e-05,0.0,0.0,-2e-05,-3e-05,0
45554,-1e-05,3e-05,-1e-05,1e-05,0.0,0.0,-2e-05,-3e-05,0
45555,-1e-05,3e-05,-1e-05,1e-05,0.0,0.0,-2e-05,-3e-05,0
45556,-1e-05,3e-05,-1e-05,1e-05,0.0,0.0,-2e-05,-3e-05,0
45557,-1e-05,3e-05,-1e-05,1e-05,0.0,0.0,-2e-05,-3e-05,0
45558,-1e-05,3e-05,-1e-05,1e-05,0.0,0.0,-2e-05,-3e-05,0
45559,-1e-05,3e-05,-1e-05,1e-05,0.0,0.0,-2e-05,-3e-05,0
45560,-1e-05,3e-05,-1e-05,1e-05,0.0,0.0,-2e-05,-3e-05,0
45561,-1e-05,3e-05,-1e-05,1e-05,0.0,0.0,-2e-05,-3e-05,0
45562,-1e-05,3e-05,-1e-05,1e-05,0.0,0.0,-2e-05,-3e-05,0
45563,-1e-05,3e-05,-1e-05,1e-05,0.0,0.0,-2e-05,-3e-05,0
45564,-1e-05,3e-05,-1e-05,1e-05,0.0,0.0,-2e-05,-3e-05,0
45565,-1e-05,3e-05,-1e-05,1e-05,0.0,0.0,-2e-05,-3e-05,0
45566,-1e-05,3e-05,-1e-05,1e-05,0.0,0.0,-2e-05,-3e-05,0
45567,-1e-05,3e-05,-1e-05,1e-05,0.0,0.0,-2e-05,-3e-05,0
45568,-1e-05,3e-05,-1e-05,1e-05,0.0,0.0,-2e-05,-3e-05,0
45569,-1e-05,3e-05,-1e-05,1e-05,0.0,0.0,-2e-05,-3e-05,0
45570,-1e-05,3e-05,-1e-05,1e-05,0.0,0.0,-2e-05,-3e-05,0
45571,-1e-05,3e-05,-1e-05,1e-05,0.0,0.0,-2e-05,-3e-05,0
45572,-1e-05,3e-05,-1e-05,1e-05,0.0,0.0,-2e-05,-3e-05,0
45573,-2e-05,-4e-05,-5e-05,-3e-05,-2e-05,-2e-05,-1e-05,-1e-05,0
45574,1e-05,4e-05,7e-05,1e-05,0.0,0.0,-2e-05,1e-05,0
45575,1e-05,4e-05,7e-05,1e-05,0.0,0.0,-2e-05,1e-05,0
45576,1e-05,4e-05,7e-05,1e-05,0.0,0.0,-2e-05,1e-05,0
45577,1e-05,4e-05,7e-05,1e-05,0.0,0.0,-2e-05,1e-05,0
45578,1e-05,4e-05,7e-05,1e-05,0.0,0.0,-2e-05,1e-05,0
45579,1e-05,4e-05,7e-05,1e-05,0.0,0.0,-2e-05,1e-05,0
45580,1e-05,4e-05,7e-05,1e-05,0.0,0.0,-2e-05,1e-05,0
45581,1e-05,4e-05,7e-05,1e-05,0.0,0.0,-2e-05,1e-05,0
45582,1e-05,4e-05,7e-05,1e-05,0.0,0.0,-2e-05,1e-05,0
45583,1e-05,4e-05,7e-05,1e-05,0.0,0.0,-2e-05,1e-05,0
45584,1e-05,4e-05,7e-05,1e-05,0.0,0.0,-2e-05,1e-05,0
45585,1e-05,4e-05,7e-05,1e-05,0.0,0.0,-2e-05,1e-05,0
45586,1e-05,4e-05,7e-05,1e-05,0.0,0.0,-2e-05,1e-05,0
45589,0.0,0.0,3e-05,5e-05,-1e-05,-1e-05,0.0,0.0,0
45590,0.0,0.0,3e-05,5e-05,-1e-05,-1e-05,0.0,0.0,0
45591,0.0,0.0,3e-05,5e-05,-1e-05,-1e-05,0.0,0.0,0
45592,0.0,0.0,3e-05,5e-05,-1e-05,-1e-05,0.0,0.0,0
45593,0.0,0.0,3e-05,5e-05,-1e-05,-1e-05,0.0,0.0,0
45594,0.0,0.0,3e-05,5e-05,-1e-05,-1e-05,0.0,0.0,0
45595,0.0,0.0,3e-05,5e-05,-1e-05,-1e-05,0.0,0.0,0
45596,0.0,0.0,3e-05,5e-05,-1e-05,-1e-05,0.0,0.0,0
45597,0.0,0.0,3e-05,5e-05,-1e-05,-1e-05,0.0,0.0,0
45598,0.0,0.0,3e-05,5e-05,-1e-05,-1e-05,0.0,0.0,0
45599,0.0,0.0,3e-05,5e-05,-1e-05,-1e-05,0.0,0.0,0
45600,0.0,0.0,3e-05,5e-05,-1e-05,-1e-05,0.0,0.0,0
45601,0.0,0.0,3e-05,5e-05,-1e-05,-1e-05,0.0,0.0,0
45602,0.0,0.0,3e-05,5e-05,-1e-05,-1e-05,0.0,0.0,0
45603,0.0,0.0,3e-05,5e-05,-1e-05,-1e-05,0.0,0.0,0
45604,0.0,0.0,3e-05,5e-05,-1e-05,-1e-05,0.0,0.0,0
45605,0.0,0.0,3e-05,5e-05,-1e-05,-1e-05,0.0,0.0,0
45606,0.0,0.0,3e-05,5e-05,-1e-05,-1e-05,0.0,0.0,0
45607,0.0,0.0,3e-05,5e-05,-1e-05,-1e-05,0.0,0.0,0
45608,0.0,0.0,3e-05,5e-05,-1e-05,-1e-05,0.0,0.0,0
45609,0.0,0.0,3e-05,5e-05,-1e-05,-1e-05,0.0,0.0,0
45610,0.0,0.0,3e-05,5e-05,-1e-05,-1e-05,0.0,0.0,0
45611,-2e-05,-4e-05,-9e-05,-0.00012,-4e-05,-3e-05,-1e-05,-1e-05,0
45612,-4e-05,-4e-05,-4e-05,-8e-05,-3e-05,-2e-05,-1e-05,-3e-05,0
45613,-4e-05,-4e-05,-4e-05,-8e-05,-3e-05,-2e-05,-1e-05,-3e-05,0
45614,-4e-05,-4e-05,-4e-05,-8e-05,-3e-05,-2e-05,-1e-05,-3e-05,0
45615,-4e-05,-4e-05,-4e-05,-8e-05,-3e-05,-2e-05,-1e-05,-3e-05,0
45616,-4e-05,-4e-05,-4e-05,-8e-05,-3e-05,-2e-05,-1e-05,-3e-05,0
45617,-4e-05,-4e-05,-4e-05,-8e-05,-3e-05,-2e-05,-1e-05,-3e-05,0
45618,-4e-05,-4e-05,-4e-05,-8e-05,-3e-05,-2e-05,-1e-05,-3e-05,0
45619,-4e-05,-4e-05,-4e-05,-8e-05,-3e-05,-2e-05,-1e-05,-3e-05,0
45620,-4e-05,-4e-05,-4e-05,-8e-05,-3e-05,-2e-05,-1e-05,-3e-05,0
45621,-4e-05,-4e-05,-4e-05,-8e-05,-3e-05,-2e-05,-1e-05,-3e-05,0
45622,-4e-05,-4e-05,-4e-05,-8e-05,-3e-05,-2e-05,-1e-05,-3e-05,0
45623,-4e-05,-4e-05,-4e-05,-8e-05,-3e-05,-2e-05,-1e-05,-3e-05,0
45624,-4e-05,-4e-05,-4e-05,-8e-05,-3e-05,-2e-05,-1e-05,-3e-05,0
45625,-4e-05,-4e-05,-4e-05,-8e-05,-3e-05,-2e-05,-1e-05,-3e-05,0
45626,-4e-05,-4e-05,-4e-05,-8e-05,-3e-05,-2e-05,-1e-05,-3e-05,0
45627,-4e-05,-4e-05,-4e-05,-8e-05,-3e-05,-2e-05,-1e-05,-3e-05,0
45628,-4e-05,-4e-05,-4e-05,-8e-05,-3e-05,-2e-05,-1e-05,-3e-05,0
45629,-4e-05,-4e-05,-4e-05,-8e-05,-3e-05,-2e-05,-1e-05,-3e-05,0
45631,-4e-05,-4e-05,-4e-05,-8e-05,-3e-05,-2e-05,-1e-05,-3e-05,0
45632,-4e-05,-4e-05,-4e-05,-8e-05,-3e-05,-2e-05,-1e-05,-3e-05,0
45633,-1e-05,1e-05,-2e-05,1e-05,-1e-05,0.0,1e-05,0.0,0
45634,-1e-05,-3e-05,-3e-05,-0.0001,1e-05,-1e-05,-2e-05,2e-05,0
45635,-1e-05,-3e-05,-3e-05,-0.0001,1e-05,-1e-05,-2e-05,2e-05,0
45636,-1e-05,-3e-05,-3e-05,-0.0001,1e-05,-1e-05,-2e-05,2e-05,0
45638,-1e-05,-3e-05,-3e-05,-0.0001,1e-05,-1e-05,-2e-05,2e-05,0
45639,-1e-05,-3e-05,-3e-05,-0.0001,1e-05,-1e-05,-2e-05,2e-05,0
45640,-1e-05,-3e-05,-3e-05,-0.0001,1e-05,-1e-05,-2e-05,2e-05,0
45641,-1e-05,-3e-05,-3e-05,-0.0001,1e-05,-1e-05,-2e-05,2e-05,0
45642,-1e-05,-3e-05,-3e-05,-0.0001,1e-05,-1e-05,-2e-05,2e-05,0
45643,-1e-05,-3e-05,-3e-05,-0.0001,1e-05,-1e-05,-2e-05,2e-05,0
45644,-1e-05,-3e-05,-3e-05,-0.0001,1e-05,-1e-05,-2e-05,2e-05,0
45645,-1e-05,-3e-05,-3e-05,-0.0001,1e-05,-1e-05,-2e-05,2e-05,0
45646,-1e-05,-3e-05,-3e-05,-0.0001,1e-05,-1e-05,-2e-05,2e-05,0
45647,-1e-05,0.0,2e-05,-4e-05,-1e-05,0.0,-1e-05,-1e-05,0
45648,1e-05,-3e-05,-3e-05,-3e-05,-9e-05,-2e-05,0.0,-1e-05,0
45649,1e-05,-3e-05,-3e-05,-3e-05,-9e-05,-2e-05,0.0,-1e-05,0
45650,1e-05,-3e-05,-3e-05,-3e-05,-9e-05,-2e-05,0.0,-1e-05,0
45651,1e-05,-3e-05,-3e-05,-3e-05,-9e-05,-2e-05,0.0,-1e-05,0
45652,1e-05,-3e-05,-3e-05,-3e-05,-9e-05,-2e-05,0.0,-1e-05,0
45653,1e-05,-3e-05,-3e-05,-3e-05,-9e-05,-2e-05,0.0,-1e-05,0
45654,1e-05,-3e-05,-3e-05,-3e-05,-9e-05,-2e-05,0.0,-1e-05,0
45655,0.0,0.0,2e-05,6e-05,2e-05,1e-05,-1e-05,-2e-05,0
45656,0.0,0.0,2e-05,6e-05,2e-05,1e-05,-1e-05,-2e-05,0
45657,0.0,0.0,2e-05,6e-05,2e-05,1e-05,-1e-05,-2e-05,0
45658,0.0,0.0,2e-05,6e-05,2e-05,1e-05,-1e-05,-2e-05,0
45659,0.0,0.0,2e-05,6e-05,2e-05,1e-05,-1e-05,-2e-05,0
45660,0.0,0.0,2e-05,6e-05,2e-05,1e-05,-1e-05,-2e-05,0
45661,0.0,0.0,2e-05,6e-05,2e-05,1e-05,-1e-05,-2e-05,0
45662,0.0,0.0,2e-05,6e-05,2e-05,1e-05,-1e-05,-2e-05,0
45663,0.0,0.0,2e-05,6e-05,2e-05,1e-05,-1e-05,-2e-05,0
45664,0.0,0.0,2e-05,6e-05,2e-05,1e-05,-1e-05,-2e-05,0
45665,0.0,0.0,2e-05,6e-05,2e-05,1e-05,-1e-05,-2e-05,0
45666,0.0,0.0,2e-05,6e-05,2e-05,1e-05,-1e-05,-2e-05,0
45667,0.0,0.0,2e-05,6e-05,2e-05,1e-05,-1e-05,-2e-05,0
45668,0.0,0.0,2e-05,6e-05,2e-05,1e-05,-1e-05,-2e-05,0
45669,0.0,0.0,2e-05,6e-05,2e-05,1e-05,-1e-05,-2e-05,0
45670,0.0,0.0,2e-05,6e-05,2e-05,1e-05,-1e-05,-2e-05,0
45671,-3e-05,-4e-05,1e-05,-7e-05,-4e-05,2e-05,2e-05,-3e-05,0
45672,-2e-05,-2e-05,-6e-05,-3e-05,-1e-05,-1e-05,-3e-05,0.0,0
45673,-2e-05,-2e-05,-6e-05,-3e-05,-1e-05,-1e-05,-3e-05,0.0,0
45674,-2e-05,-2e-05,-6e-05,-3e-05,-1e-05,-1e-05,-3e-05,0.0,0
45675,-2e-05,-2e-05,-6e-05,-3e-05,-1e-05,-1e-05,-3e-05,0.0,0
45676,-2e-05,-2e-05,-6e-05,-3e-05,-1e-05,-1e-05,-3e-05,0.0,0
45677,-2e-05,-2e-05,-6e-05,-3e-05,-1e-05,-1e-05,-3e-05,0.0,0
45678,-2e-05,-2e-05,-6e-05,-3e-05,-1e-05,-1e-05,-3e-05,0.0,0
45679,-2e-05,-2e-05,-6e-05,-3e-05,-1e-05,-1e-05,-3e-05,0.0,0
45680,-2e-05,-2e-05,-6e-05,-3e-05,-1e-05,-1e-05,-3e-05,0.0,0
45681,-2e-05,-2e-05,-6e-05,-3e-05,-1e-05,-1e-05,-3e-05,0.0,0
45682,-2e-05,-2e-05,-6e-05,-3e-05,-1e-05,-1e-05,-3e-05,0.0,0
45683,-2e-05,-2e-05,-6e-05,-3e-05,-1e-05,-1e-05,-3e-05,0.0,0
45684,-2e-05,-2e-05,-6e-05,-3e-05,-1e-05,-1e-05,-3e-05,0.0,0
45685,-2e-05,-2e-05,-6e-05,-3e-05,-1e-05,-1e-05,-3e-05,0.0,0
45686,-2e-05,-2e-05,-6e-05,-3e-05,-1e-05,-1e-05,-3e-05,0.0,0
45688,-2e-05,-2e-05,-6e-05,-3e-05,-1e-05,-1e-05,-3e-05,0.0,0
45689,-2e-05,-2e-05,-6e-05,-3e-05,-1e-05,-1e-05,-3e-05,0.0,0
45690,-2e-05,-2e-05,-6e-05,-3e-05,-1e-05,-1e-05,-3e-05,0.0,0
45691,-2e-05,-2e-05,-6e-05,-3e-05,-1e-05,-1e-05,-3e-05,0.0,0
45692,-2e-05,-2e-05,-6e-05,-3e-05,-1e-05,-1e-05,-3e-05,0.0,0
45693,2e-05,1e-05,1e-05,0.0,-7e-05,-1e-05,-1e-05,-1e-05,0
45694,-1e-05,-1e-05,0.0,3e-05,1e-05,1e-05,0.0,0.0,0
45695,-1e-05,-1e-05,0.0,3e-05,1e-05,1e-05,0.0,0.0,0
45696,-1e-05,-1e-05,0.0,3e-05,1e-05,1e-05,0.0,0.0,0
45697,-1e-05,-1e-05,0.0,3e-05,1e-05,1e-05,0.0,0.0,0
45698,-1e-05,-1e-05,0.0,3e-05,1e-05,1e-05,0.0,0.0,0
45699,-1e-05,-1e-05,0.0,3e-05,1e-05,1e-05,0.0,0.0,0
45700,-1e-05,-1e-05,0.0,3e-05,1e-05,1e-05,0.0,0.0,0
45701,-1e-05,-1e-05,0.0,3e-05,1e-05,1e-05,0.0,0.0,0
45702,-1e-05,-1e-05,0.0,3e-05,1e-05,1e-05,0.0,0.0,0
45703,-1e-05,-1e-05,0.0,3e-05,1e-05,1e-05,0.0,0.0,0
45704,-1e-05,-1e-05,0.0,3e-05,1e-05,1e-05,0.0,0.0,0
45705,-1e-05,-1e-05,0.0,3e-05,1e-05,1e-05,0.0,0.0,0
45706,-1e-05,-1e-05,0.0,3e-05,1e-05,1e-05,0.0,0.0,0
45707,-3e-05,-3e-05,-2e-05,2e-05,1e-05,1e-05,-1e-05,-3e-05,0
45708,-1e-05,3e-05,0.0,0.0,0.0,0.0,-2e-05,-2e-05,0
45709,-1e-05,3e-05,0.0,0.0,0.0,0.0,-2e-05,-2e-05,0
45710,-1e-05,3e-05,0.0,0.0,0.0,0.0,-2e-05,-2e-05,0
45711,-1e-05,3e-05,0.0,0.0,0.0,0.0,-2e-05,-2e-05,0
45712,-1e-05,3e-05,0.0,0.0,0.0,0.0,-2e-05,-2e-05,0
45713,-1e-05,3e-05,0.0,0.0,0.0,0.0,-2e-05,-2e-05,0
45714,-1e-05,3e-05,0.0,0.0,0.0,0.0,-2e-05,-2e-05,0
45715,-1e-05,3e-05,0.0,0.0,0.0,0.0,-2e-05,-2e-05,0
45716,-1e-05,3e-05,0.0,0.0,0.0,0.0,-2e-05,-2e-05,0
45717,-1e-05,3e-05,0.0,0.0,0.0,0.0,-2e-05,-2e-05,0
45718,-1e-05,3e-05,0.0,0.0,0.0,0.0,-2e-05,-2e-05,0
45719,-1e-05,3e-05,0.0,0.0,0.0,0.0,-2e-05,-2e-05,0
45720,-1e-05,3e-05,0.0,0.0,0.0,0.0,-2e-05,-2e-05,0
45721,-1e-05,3e-05,0.0,0.0,0.0,0.0,-2e-05,-2e-05,0
45722,-1e-05,3e-05,0.0,0.0,0.0,0.0,-2e-05,-2e-05,0
45723,-1e-05,3e-05,0.0,0.0,0.0,0.0,-2e-05,-2e-05,0
45724,-1e-05,3e-05,0.0,0.0,0.0,0.0,-2e-05,-2e-05,0
45725,-1e-05,3e-05,0.0,0.0,0.0,0.0,-2e-05,-2e-05,0
45726,-1e-05,3e-05,0.0,0.0,0.0,0.0,-2e-05,-2e-05,0
45727,-1e-05,3e-05,0.0,0.0,0.0,0.0,-2e-05,-2e-05,0
45728,-1e-05,3e-05,0.0,0.0,0.0,0.0,-2e-05,-2e-05,0
45729,-1e-05,3e-05,0.0,0.0,0.0,0.0,-2e-05,-2e-05,0
45730,-1e-05,3e-05,0.0,0.0,0.0,0.0,-2e-05,-2e-05,0
45731,-2e-05,-2e-05,-1e-05,9e-05,-7e-05,0.0,1e-05,-1e-05,0
45732,0.0,-2e-05,-1e-05,-1e-05,-1e-05,-2e-05,0.0,1e-05,0
45733,0.0,-2e-05,-1e-05,-1e-05,-1e-05,-2e-05,0.0,1e-05,0
45734,0.0,-2e-05,-1e-05,-1e-05,-1e-05,-2e-05,0.0,1e-05,0
45735,0.0,-2e-05,-1e-05,-1e-05,-1e-05,-2e-05,0.0,1e-05,0
45736,0.0,-2e-05,-1e-05,-1e-05,-1e-05,-2e-05,0.0,1e-05,0
45738,0.0,-2e-05,-1e-05,-1e-05,-1e-05,-2e-05,0.0,1e-05,0
45739,0.0,-2e-05,-1e-05,-1e-05,-1e-05,-2e-05,0.0,1e-05,0
45740,0.0,-2e-05,-1e-05,-1e-05,-1e-05,-2e-05,0.0,1e-05,0
45741,0.0,-2e-05,-1e-05,-1e-05,-1e-05,-2e-05,0.0,1e-05,0
45742,0.0,-2e-05,-1e-05,-1e-05,-1e-05,-2e-05,0.0,1e-05,0
45743,0.0,-2e-05,-1e-05,-1e-05,-1e-05,-2e-05,0.0,1e-05,0
45744,0.0,-2e-05,-1e-05,-1e-05,-1e-05,-2e-05,0.0,1e-05,0
45745,0.0,-2e-05,-1e-05,-1e-05,-1e-05,-2e-05,0.0,1e-05,0
45746,0.0,-2e-05,-1e-05,-1e-05,-1e-05,-2e-05,0.0,1e-05,0
45747,0.0,-2e-05,-1e-05,-1e-05,-1e-05,-2e-05,0.0,1e-05,0
45748,0.0,-2e-05,-1e-05,-1e-05,-1e-05,-2e-05,0.0,1e-05,0
45749,0.0,-2e-05,-1e-05,-1e-05,-1e-05,-2e-05,0.0,1e-05,0
45750,0.0,-2e-05,-1e-05,-1e-05,-1e-05,-2e-05,0.0,1e-05,0
45751,0.0,-2e-05,-1e-05,-1e-05,-1e-05,-2e-05,0.0,1e-05,0
45752,0.0,-2e-05,-1e-05,-1e-05,-1e-05,-2e-05,0.0,1e-05,0
45753,-2e-05,4e-05,3e-05,3e-05,2e-05,-1e-05,-1e-05,-3e-05,0
45754,-2e-05,-2e-05,0.0,3e-05,-5e-05,-1e-05,-1e-05,-1e-05,0
45755,-2e-05,-2e-05,0.0,3e-05,-5e-05,-1e-05,-1e-05,-1e-05,0
45756,-2e-05,-2e-05,0.0,3e-05,-5e-05,-1e-05,-1e-05,-1e-05,0
45757,-2e-05,-2e-05,0.0,3e-05,-5e-05,-1e-05,-1e-05,-1e-05,0
45758,-2e-05,-2e-05,0.0,3e-05,-5e-05,-1e-05,-1e-05,-1e-05,0
45759,-2e-05,-2e-05,0.0,3e-05,-5e-05,-1e-05,-1e-05,-1e-05,0
45760,-2e-05,-2e-05,0.0,3e-05,-5e-05,-1e-05,-1e-05,-1e-05,0
45761,-2e-05,-2e-05,0.0,3e-05,-5e-05,-1e-05,-1e-05,-1e-05,0
45762,-2e-05,-2e-05,0.0,3e-05,-5e-05,-1e-05,-1e-05,-1e-05,0
45763,-2e-05,-2e-05,0.0,3e-05,-5e-05,-1e-05,-1e-05,-1e-05,0
45764,-2e-05,-2e-05,0.0,3e-05,-5e-05,-1e-05,-1e-05,-1e-05,0
45765,-2e-05,-2e-05,0.0,3e-05,-5e-05,-1e-05,-1e-05,-1e-05,0
45766,-2e-05,-2e-05,0.0,3e-05,-5e-05,-1e-05,-1e-05,-1e-05,0
45767,-2e-05,-6e-05,-0.00012,-0.00013,-2e-05,0.0,0.0,-1e-05,0
45768,-2e-05,-6e-05,-0.00012,-0.00013,-2e-05,0.0,0.0,-1e-05,0
45769,-2e-05,-6e-05,-0.00012,-0.00013,-2e-05,0.0,0.0,-1e-05,0
45770,-2e-05,-6e-05,-0.00012,-0.00013,-2e-05,0.0,0.0,-1e-05,0
45771,-2e-05,-6e-05,-0.00012,-0.00013,-2e-05,0.0,0.0,-1e-05,0
45772,-2e-05,-6e-05,-0.00012,-0.00013,-2e-05,0.0,0.0,-1e-05,0
45773,-2e-05,-6e-05,-0.00012,-0.00013,-2e-05,0.0,0.0,-1e-05,0
45774,-2e-05,-6e-05,-0.00012,-0.00013,-2e-05,0.0,0.0,-1e-05,0
45775,-2e-05,-6e-05,-0.00012,-0.00013,-2e-05,0.0,0.0,-1e-05,0
45776,-2e-05,-6e-05,-0.00012,-0.00013,-2e-05,0.0,0.0,-1e-05,0
45777,-2e-05,-6e-05,-0.00012,-0.00013,-2e-05,0.0,0.0,-1e-05,0
45778,-2e-05,-6e-05,-0.00012,-0.00013,-2e-05,0.0,0.0,-1e-05,0
45779,-2e-05,-6e-05,-0.00012,-0.00013,-2e-05,0.0,0.0,-1e-05,0
45780,-2e-05,-6e-05,-0.00012,-0.00013,-2e-05,0.0,0.0,-1e-05,0
45781,-2e-05,-6e-05,-0.00012,-0.00013,-2e-05,0.0,0.0,-1e-05,0
45782,-2e-05,-6e-05,-0.00012,-0.00013,-2e-05,0.0,0.0,-1e-05,0
45783,-2e-05,-1e-05,-4e-05,3e-05,0.0,-2e-05,-3e-05,-1e-05,0
45784,-2e-05,-1e-05,-4e-05,3e-05,0.0,-2e-05,-3e-05,-1e-05,0
45785,-2e-05,-1e-05,-4e-05,3e-05,0.0,-2e-05,-3e-05,-1e-05,0
45786,-2e-05,-1e-05,-4e-05,3e-05,0.0,-2e-05,-3e-05,-1e-05,0
45788,-2e-05,-1e-05,-4e-05,3e-05,0.0,-2e-05,-3e-05,-1e-05,0
45789,-2e-05,-1e-05,-4e-05,3e-05,0.0,-2e-05,-3e-05,-1e-05,0
45790,-2e-05,-1e-05,-4e-05,3e-05,0.0,-2e-05,-3e-05,-1e-05,0
45791,-1e-05,-2e-05,-2e-05,-4e-05,-5e-05,-3e-05,-1e-05,-1e-05,0
45792,-2e-05,-6e-05,-2e-05,0.0,0.0,-2e-05,0.0,-2e-05,0
45793,-2e-05,-6e-05,-2e-05,0.0,0.0,-2e-05,0.0,-2e-05,0
45794,-2e-05,-6e-05,-2e-05,0.0,0.0,-2e-05,0.0,-2e-05,0
45795,-2e-05,-6e-05,-2e-05,0.0,0.0,-2e-05,0.0,-2e-05,0
45796,-2e-05,-6e-05,-2e-05,0.0,0.0,-2e-05,0.0,-2e-05,0
45797,-2e-05,-6e-05,-2e-05,0.0,0.0,-2e-05,0.0,-2e-05,0
45798,-2e-05,-6e-05,-2e-05,0.0,0.0,-2e-05,0.0,-2e-05,0
45799,-2e-05,-6e-05,-2e-05,0.0,0.0,-2e-05,0.0,-2e-05,0
45800,-2e-05,-6e-05,-2e-05,0.0,0.0,-2e-05,0.0,-2e-05,0
45801,-2e-05,-6e-05,-2e-05,0.0,0.0,-2e-05,0.0,-2e-05,0
45802,-2e-05,-6e-05,-2e-05,0.0,0.0,-2e-05,0.0,-2e-05,0
45803,-2e-05,-6e-05,-2e-05,0.0,0.0,-2e-05,0.0,-2e-05,0
45804,-2e-05,-6e-05,-2e-05,0.0,0.0,-2e-05,0.0,-2e-05,0
45805,-2e-05,-6e-05,-2e-05,0.0,0.0,-2e-05,0.0,-2e-05,0
45806,-2e-05,-6e-05,-2e-05,0.0,0.0,-2e-05,0.0,-2e-05,0
45807,-2e-05,-6e-05,-2e-05,0.0,0.0,-2e-05,0.0,-2e-05,0
45808,-2e-05,-6e-05,-2e-05,0.0,0.0,-2e-05,0.0,-2e-05,0
45809,-2e-05,-6e-05,-2e-05,0.0,0.0,-2e-05,0.0,-2e-05,0
45810,-2e-05,-6e-05,-2e-05,0.0,0.0,-2e-05,0.0,-2e-05,0
45811,-2e-05,-6e-05,-2e-05,0.0,0.0,-2e-05,0.0,-2e-05,0
45812,-2e-05,-6e-05,-2e-05,0.0,0.0,-2e-05,0.0,-2e-05,0
45813,0.0,1e-05,-1e-05,-2e-05,-2e-05,-2e-05,-2e-05,-1e-05,0
45814,0.0,1e-05,-1e-05,-2e-05,-2e-05,-2e-05,-2e-05,-1e-05,0
45815,2e-05,1e-05,-2e-05,-2e-05,-2e-05,1e-05,-1e-05,-2e-05,0
45816,2e-05,1e-05,-2e-05,-2e-05,-2e-05,1e-05,-1e-05,-2e-05,0
45817,2e-05,1e-05,-2e-05,-2e-05,-2e-05,1e-05,-1e-05,-2e-05,0
45818,2e-05,1e-05,-2e-05,-2e-05,-2e-05,1e-05,-1e-05,-2e-05,0
45819,2e-05,1e-05,-2e-05,-2e-05,-2e-05,1e-05,-1e-05,-2e-05,0
45820,2e-05,1e-05,-2e-05,-2e-05,-2e-05,1e-05,-1e-05,-2e-05,0
45821,2e-05,1e-05,-2e-05,-2e-05,-2e-05,1e-05,-1e-05,-2e-05,0
45822,2e-05,1e-05,-2e-05,-2e-05,-2e-05,1e-05,-1e-05,-2e-05,0
45823,2e-05,1e-05,-2e-05,-2e-05,-2e-05,1e-05,-1e-05,-2e-05,0
45824,2e-05,1e-05,-2e-05,-2e-05,-2e-05,1e-05,-1e-05,-2e-05,0
45825,2e-05,1e-05,-2e-05,-2e-05,-2e-05,1e-05,-1e-05,-2e-05,0
45826,2e-05,1e-05,-2e-05,-2e-05,-2e-05,1e-05,-1e-05,-2e-05,0
45827,-2e-05,1e-05,2e-05,4e-05,1e-05,-1e-05,0.0,-1e-05,0
45828,-2e-05,1e-05,2e-05,4e-05,1e-05,-1e-05,0.0,-1e-05,0
45829,-2e-05,1e-05,2e-05,4e-05,1e-05,-1e-05,0.0,-1e-05,0
45830,-2e-05,1e-05,2e-05,4e-05,1e-05,-1e-05,0.0,-1e-05,0
45831,-2e-05,1e-05,2e-05,4e-05,1e-05,-1e-05,0.0,-1e-05,0
45832,-2e-05,1e-05,2e-05,4e-05,1e-05,-1e-05,0.0,-1e-05,0
45833,-2e-05,1e-05,2e-05,4e-05,1e-05,-1e-05,0.0,-1e-05,0
45834,-2e-05,1e-05,2e-05,4e-05,1e-05,-1e-05,0.0,-1e-05,0
45835,1e-05,-3e-05,-2e-05,-3e-05,-2e-05,-2e-05,0.0,0.0,0
45836,1e-05,-3e-05,-2e-05,-3e-05,-2e-05,-2e-05,0.0,0.0,0
45838,1e-05,-3e-05,-2e-05,-3e-05,-2e-05,-2e-05,0.0,0.0,0
45839,1e-05,-3e-05,-2e-05,-3e-05,-2e-05,-2e-05,0.0,0.0,0
45840,1e-05,-3e-05,-2e-05,-3e-05,-2e-05,-2e-05,0.0,0.0,0
45841,1e-05,-3e-05,-2e-05,-3e-05,-2e-05,-2e-05,0.0,0.0,0
45842,1e-05,-3e-05,-2e-05,-3e-05,-2e-05,-2e-05,0.0,0.0,0
45843,1e-05,-3e-05,-2e-05,-3e-05,-2e-05,-2e-05,0.0,0.0,0
45844,1e-05,-3e-05,-2e-05,-3e-05,-2e-05,-2e-05,0.0,0.0,0
45845,1e-05,-3e-05,-2e-05,-3e-05,-2e-05,-2e-05,0.0,0.0,0
45846,1e-05,-3e-05,-2e-05,-3e-05,-2e-05,-2e-05,0.0,0.0,0
45847,1e-05,-3e-05,-2e-05,-3e-05,-2e-05,-2e-05,0.0,0.0,0
45848,1e-05,-3e-05,-2e-05,-3e-05,-2e-05,-2e-05,0.0,0.0,0
45849,1e-05,-3e-05,-2e-05,-3e-05,-2e-05,-2e-05,0.0,0.0,0
45850,1e-05,-3e-05,-2e-05,-3e-05,-2e-05,-2e-05,0.0,0.0,0
45851,1e-05,1e-05,-2e-05,1e-05,0.0,0.0,-2e-05,0.0,0
45852,0.0,1e-05,1e-05,0.0,-3e-05,-2e-05,1e-05,-2e-05,0
45853,0.0,1e-05,1e-05,0.0,-3e-05,-2e-05,1e-05,-2e-05,0
45854,0.0,1e-05,1e-05,0.0,-3e-05,-2e-05,1e-05,-2e-05,0
45855,0.0,1e-05,1e-05,0.0,-3e-05,-2e-05,1e-05,-2e-05,0
45856,0.0,1e-05,1e-05,0.0,-3e-05,-2e-05,1e-05,-2e-05,0
45857,0.0,1e-05,1e-05,0.0,-3e-05,-2e-05,1e-05,-2e-05,0
45858,0.0,1e-05,1e-05,0.0,-3e-05,-2e-05,1e-05,-2e-05,0
45859,0.0,1e-05,1e-05,0.0,-3e-05,-2e-05,1e-05,-2e-05,0
45860,0.0,1e-05,1e-05,0.0,-3e-05,-2e-05,1e-05,-2e-05,0
45861,0.0,1e-05,1e-05,0.0,-3e-05,-2e-05,1e-05,-2e-05,0
45862,0.0,1e-05,1e-05,0.0,-3e-05,-2e-05,1e-05,-2e-05,0
45863,0.0,1e-05,1e-05,0.0,-3e-05,-2e-05,1e-05,-2e-05,0
45864,0.0,1e-05,1e-05,0.0,-3e-05,-2e-05,1e-05,-2e-05,0
45865,0.0,1e-05,1e-05,0.0,-3e-05,-2e-05,1e-05,-2e-05,0
45866,0.0,1e-05,1e-05,0.0,-3e-05,-2e-05,1e-05,-2e-05,0
45867,0.0,1e-05,1e-05,0.0,-3e-05,-2e-05,1e-05,-2e-05,0
45868,0.0,1e-05,1e-05,0.0,-3e-05,-2e-05,1e-05,-2e-05,0
45869,0.0,1e-05,1e-05,0.0,-3e-05,-2e-05,1e-05,-2e-05,0
45870,0.0,1e-05,1e-05,0.0,-3e-05,-2e-05,1e-05,-2e-05,0
45871,0.0,1e-05,1e-05,0.0,-3e-05,-2e-05,1e-05,-2e-05,0
45872,0.0,1e-05,1e-05,0.0,-3e-05,-2e-05,1e-05,-2e-05,0
45873,-3e-05,0.0,-3e-05,-1e-05,-1e-05,-1e-05,-3e-05,-1e-05,0
45874,-4e-05,-7e-05,-5e-05,-5e-05,-1e-05,-1e-05,1e-05,-2e-05,0
45875,-4e-05,-7e-05,-5e-05,-5e-05,-1e-05,-1e-05,1e-05,-2e-05,0
45876,-4e-05,-7e-05,-5e-05,-5e-05,-1e-05,-1e-05,1e-05,-2e-05,0
45877,-4e-05,-7e-05,-5e-05,-5e-05,-1e-05,-1e-05,1e-05,-2e-05,0
45878,-4e-05,-7e-05,-5e-05,-5e-05,-1e-05,-1e-05,1e-05,-2e-05,0
45879,-4e-05,-7e-05,-5e-05,-5e-05,-1e-05,-1e-05,1e-05,-2e-05,0
45880,-4e-05,-7e-05,-5e-05,-5e-05,-1e-05,-1e-05,1e-05,-2e-05,0
45881,-4e-05,-7e-05,-5e-05,-5e-05,-1e-05,-1e-05,1e-05,-2e-05,0
45882,-4e-05,-7e-05,-5e-05,-5e-05,-1e-05,-1e-05,1e-05,-2e-05,0
45883,-4e-05,-7e-05,-5e-05,-5e-05,-1e-05,-1e-05,1e-05,-2e-05,0
45884,-4e-05,-7e-05,-5e-05,-5e-05,-1e-05,-1e-05,1e-05,-2e-05,0
45885,-4e-05,-7e-05,-5e-05,-5e-05,-1e-05,-1e-05,1e-05,-2e-05,0
45886,-4e-05,-7e-05,-5e-05,-5e-05,-1e-05,-1e-05,1e-05,-2e-05,0
45888,0.0,-1e-05,3e-05,2e-05,0.0,-2e-05,-1e-05,-1e-05,0
45889,0.0,-1e-05,3e-05,2e-05,0.0,-2e-05,-1e-05,-1e-05,0
45890,0.0,-1e-05,3e-05,2e-05,0.0,-2e-05,-1e-05,-1e-05,0
45891,0.0,-1e-05,3e-05,2e-05,0.0,-2e-05,-1e-05,-1e-05,0
45892,0.0,-1e-05,3e-05,2e-05,0.0,-2e-05,-1e-05,-1e-05,0
45893,0.0,-1e-05,3e-05,2e-05,0.0,-2e-05,-1e-05,-1e-05,0
45894,0.0,-1e-05,3e-05,2e-05,0.0,-2e-05,-1e-05,-1e-05,0
45895,-1e-05,3e-05,-1e-05,-0.0001,2e-05,1e-05,0.0,-2e-05,0
45896,-1e-05,3e-05,-1e-05,-0.0001,2e-05,1e-05,0.0,-2e-05,0
45897,-1e-05,3e-05,-1e-05,-0.0001,2e-05,1e-05,0.0,-2e-05,0
45898,-1e-05,3e-05,-1e-05,-0.0001,2e-05,1e-05,0.0,-2e-05,0
45899,-1e-05,3e-05,-1e-05,-0.0001,2e-05,1e-05,0.0,-2e-05,0
45900,-1e-05,3e-05,-1e-05,-0.0001,2e-05,1e-05,0.0,-2e-05,0
45901,-1e-05,3e-05,-1e-05,-0.0001,2e-05,1e-05,0.0,-2e-05,0
45902,-1e-05,3e-05,-1e-05,-0.0001,2e-05,1e-05,0.0,-2e-05,0
45903,-1e-05,3e-05,-1e-05,-0.0001,2e-05,1e-05,0.0,-2e-05,0
45904,-1e-05,3e-05,-1e-05,-0.0001,2e-05,1e-05,0.0,-2e-05,0
45905,-1e-05,3e-05,-1e-05,-0.0001,2e-05,1e-05,0.0,-2e-05,0
45906,-1e-05,3e-05,-1e-05,-0.0001,2e-05,1e-05,0.0,-2e-05,0
45907,-1e-05,3e-05,-1e-05,-0.0001,2e-05,1e-05,0.0,-2e-05,0
45908,-1e-05,3e-05,-1e-05,-0.0001,2e-05,1e-05,0.0,-2e-05,0
45909,-1e-05,3e-05,-1e-05,-0.0001,2e-05,1e-05,0.0,-2e-05,0
45910,-1e-05,3e-05,-1e-05,-0.0001,2e-05,1e-05,0.0,-2e-05,0
45911,-2e-05,-1e-05,2e-05,-1e-05,-1e-05,-3e-05,-2e-05,-2e-05,0
45912,0.0,1e-05,6e-05,2e-05,0.0,0.0,-2e-05,-2e-05,0
45913,0.0,1e-05,6e-05,2e-05,0.0,0.0,-2e-05,-2e-05,0
45914,0.0,1e-05,6e-05,2e-05,0.0,0.0,-2e-05,-2e-05,0
45915,0.0,1e-05,6e-05,2e-05,0.0,0.0,-2e-05,-2e-05,0
45916,0.0,1e-05,6e-05,2e-05,0.0,0.0,-2e-05,-2e-05,0
45917,0.0,1e-05,6e-05,2e-05,0.0,0.0,-2e-05,-2e-05,0
45918,0.0,1e-05,6e-05,2e-05,0.0,0.0,-2e-05,-2e-05,0
45919,0.0,1e-05,6e-05,2e-05,0.0,0.0,-2e-05,-2e-05,0
45920,0.0,1e-05,6e-05,2e-05,0.0,0.0,-2e-05,-2e-05,0
45921,0.0,1e-05,6e-05,2e-05,0.0,0.0,-2e-05,-2e-05,0
45922,0.0,1e-05,6e-05,2e-05,0.0,0.0,-2e-05,-2e-05,0
45923,0.0,1e-05,6e-05,2e-05,0.0,0.0,-2e-05,-2e-05,0
45924,0.0,1e-05,6e-05,2e-05,0.0,0.0,-2e-05,-2e-05,0
45925,0.0,1e-05,6e-05,2e-05,0.0,0.0,-2e-05,-2e-05,0
45926,0.0,1e-05,6e-05,2e-05,0.0,0.0,-2e-05,-2e-05,0
45927,0.0,1e-05,6e-05,2e-05,0.0,0.0,-2e-05,-2e-05,0
45928,0.0,1e-05,6e-05,2e-05,0.0,0.0,-2e-05,-2e-05,0
45929,0.0,1e-05,6e-05,2e-05,0.0,0.0,-2e-05,-2e-05,0
45930,0.0,1e-05,6e-05,2e-05,0.0,0.0,-2e-05,-2e-05,0
45931,0.0,1e-05,6e-05,2e-05,0.0,0.0,-2e-05,-2e-05,0
45932,0.0,1e-05,6e-05,2e-05,0.0,0.0,-2e-05,-2e-05,0
45933,-5e-05,-8e-05,-8e-05,-0.00012,1e-05,-1e-05,0.0,-1e-05,0
45934,-5e-05,-8e-05,-8e-05,-0.00012,1e-05,-1e-05,0.0,-1e-05,0
45935,1e-05,0.0,4e-05,5e-05,-2e-05,-2e-05,-1e-05,0.0,0
45936,1e-05,0.0,4e-05,5e-05,-2e-05,-2e-05,-1e-05,0.0,0
45938,1e-05,0.0,4e-05,5e-05,-2e-05,-2e-05,-1e-05,0.0,0
45939,1e-05,0.0,4e-05,5e-05,-2e-05,-2e-05,-1e-05,0.0,0
45940,1e-05,0.0,4e-05,5e-05,-2e-05,-2e-05,-1e-05,0.0,0
45941,1e-05,0.0,4e-05,5e-05,-2e-05,-2e-05,-1e-05,0.0,0
45942,1e-05,0.0,4e-05,5e-05,-2e-05,-2e-05,-1e-05,0.0,0
45943,1e-05,0.0,4e-05,5e-05,-2e-05,-2e-05,-1e-05,0.0,0
45944,1e-05,0.0,4e-05,5e-05,-2e-05,-2e-05,-1e-05,0.0,0
45945,1e-05,0.0,4e-05,5e-05,-2e-05,-2e-05,-1e-05,0.0,0
45946,1e-05,0.0,4e-05,5e-05,-2e-05,-2e-05,-1e-05,0.0,0
45947,-1e-05,1e-05,5e-05,7e-05,-4e-05,3e-05,-1e-05,0.0,0
45948,-1e-05,1e-05,5e-05,7e-05,-4e-05,3e-05,-1e-05,0.0,0
45949,-1e-05,1e-05,5e-05,7e-05,-4e-05,3e-05,-1e-05,0.0,0
45950,-1e-05,1e-05,5e-05,7e-05,-4e-05,3e-05,-1e-05,0.0,0
45951,-1e-05,1e-05,5e-05,7e-05,-4e-05,3e-05,-1e-05,0.0,0
45952,-1e-05,1e-05,5e-05,7e-05,-4e-05,3e-05,-1e-05,0.0,0
45953,-1e-05,1e-05,5e-05,7e-05,-4e-05,3e-05,-1e-05,0.0,0
45954,-1e-05,1e-05,5e-05,7e-05,-4e-05,3e-05,-1e-05,0.0,0
45955,-1e-05,1e-05,5e-05,7e-05,-4e-05,3e-05,-1e-05,0.0,0
45956,0.0,-2e-05,-4e-05,2e-05,0.0,-3e-05,-2e-05,1e-05,0
45957,0.0,-2e-05,-4e-05,2e-05,0.0,-3e-05,-2e-05,1e-05,0
45958,0.0,-2e-05,-4e-05,2e-05,0.0,-3e-05,-2e-05,1e-05,0
45959,0.0,-2e-05,-4e-05,2e-05,0.0,-3e-05,-2e-05,1e-05,0
45960,0.0,-2e-05,-4e-05,2e-05,0.0,-3e-05,-2e-05,1e-05,0
45961,0.0,-2e-05,-4e-05,2e-05,0.0,-3e-05,-2e-05,1e-05,0
45962,0.0,-2e-05,-4e-05,2e-05,0.0,-3e-05,-2e-05,1e-05,0
45963,0.0,-2e-05,-4e-05,2e-05,0.0,-3e-05,-2e-05,1e-05,0
45964,0.0,-2e-05,-4e-05,2e-05,0.0,-3e-05,-2e-05,1e-05,0
45965,0.0,-2e-05,-4e-05,2e-05,0.0,-3e-05,-2e-05,1e-05,0
45966,0.0,-2e-05,-4e-05,2e-05,0.0,-3e-05,-2e-05,1e-05,0
45967,0.0,-2e-05,-4e-05,2e-05,0.0,-3e-05,-2e-05,1e-05,0
45968,0.0,-2e-05,-4e-05,2e-05,0.0,-3e-05,-2e-05,1e-05,0
45969,0.0,-2e-05,-4e-05,2e-05,0.0,-3e-05,-2e-05,1e-05,0
45970,0.0,-2e-05,-4e-05,2e-05,0.0,-3e-05,-2e-05,1e-05,0
45971,-1e-05,-2e-05,-6e-05,-1e-05,-1e-05,-1e-05,-2e-05,0.0,0
45972,1e-05,2e-05,4e-05,-1e-05,0.0,0.0,-1e-05,0.0,0
45974,1e-05,2e-05,4e-05,-1e-05,0.0,0.0,-1e-05,0.0,0
45975,1e-05,2e-05,4e-05,-1e-05,0.0,0.0,-1e-05,0.0,0
45976,1e-05,2e-05,4e-05,-1e-05,0.0,0.0,-1e-05,0.0,0
45977,1e-05,2e-05,4e-05,-1e-05,0.0,0.0,-1e-05,0.0,0
45978,1e-05,2e-05,4e-05,-1e-05,0.0,0.0,-1e-05,0.0,0
45979,1e-05,2e-05,4e-05,-1e-05,0.0,0.0,-1e-05,0.0,0
45980,1e-05,2e-05,4e-05,-1e-05,0.0,0.0,-1e-05,0.0,0
45981,1e-05,2e-05,4e-05,-1e-05,0.0,0.0,-1e-05,0.0,0
45982,1e-05,2e-05,4e-05,-1e-05,0.0,0.0,-1e-05,0.0,0
45983,1e-05,2e-05,4e-05,-1e-05,0.0,0.0,-1e-05,0.0,0
45984,1e-05,2e-05,4e-05,-1e-05,0.0,0.0,-1e-05,0.0,0
45985,1e-05,2e-05,4e-05,-1e-05,0.0,0.0,-1e-05,0.0,0
45986,1e-05,2e-05,4e-05,-1e-05,0.0,0.0,-1e-05,0.0,0
45988,1e-05,2e-05,4e-05,-1e-05,0.0,0.0,-1e-05,0.0,0
45989,1e-05,2e-05,4e-05,-1e-05,0.0,0.0,-1e-05,0.0,0
45990,1e-05,2e-05,4e-05,-1e-05,0.0,0.0,-1e-05,0.0,0
45991,1e-05,2e-05,4e-05,-1e-05,0.0,0.0,-1e-05,0.0,0
45992,1e-05,2e-05,4e-05,-1e-05,0.0,0.0,-1e-05,0.0,0
45993,-1e-05,-1e-05,1e-05,-2e-05,-1e-05,-3e-05,1e-05,-2e-05,0
45994,-1e-05,-1e-05,1e-05,-2e-05,-1e-05,-3e-05,1e-05,-2e-05,0
45995,-1e-05,-3e-05,-2e-05,0.00019,2e-05,-1e-05,0.0,1e-05,0
45996,-1e-05,-3e-05,-2e-05,0.00019,2e-05,-1e-05,0.0,1e-05,0
45997,-1e-05,-3e-05,-2e-05,0.00019,2e-05,-1e-05,0.0,1e-05,0
45998,-1e-05,-3e-05,-2e-05,0.00019,2e-05,-1e-05,0.0,1e-05,0
45999,-1e-05,-3e-05,-2e-05,0.00019,2e-05,-1e-05,0.0,1e-05,0
46000,-1e-05,-3e-05,-2e-05,0.00019,2e-05,-1e-05,0.0,1e-05,0
46001,-1e-05,-3e-05,-2e-05,0.00019,2e-05,-1e-05,0.0,1e-05,0
46002,-1e-05,-3e-05,-2e-05,0.00019,2e-05,-1e-05,0.0,1e-05,0
46003,-1e-05,-3e-05,-2e-05,0.00019,2e-05,-1e-05,0.0,1e-05,0
46004,-1e-05,-3e-05,-2e-05,0.00019,2e-05,-1e-05,0.0,1e-05,0
46005,-1e-05,-3e-05,-2e-05,0.00019,2e-05,-1e-05,0.0,1e-05,0
46006,-1e-05,-3e-05,-2e-05,0.00019,2e-05,-1e-05,0.0,1e-05,0
46007,2e-05,0.0,-3e-05,1e-05,0.0,-3e-05,0.0,-1e-05,0
46008,2e-05,0.0,-3e-05,1e-05,0.0,-3e-05,0.0,-1e-05,0
46009,2e-05,0.0,-3e-05,1e-05,0.0,-3e-05,0.0,-1e-05,0
46010,2e-05,0.0,-3e-05,1e-05,0.0,-3e-05,0.0,-1e-05,0
46011,2e-05,0.0,-3e-05,1e-05,0.0,-3e-05,0.0,-1e-05,0
46012,2e-05,0.0,-3e-05,1e-05,0.0,-3e-05,0.0,-1e-05,0
46013,2e-05,0.0,-3e-05,1e-05,0.0,-3e-05,0.0,-1e-05,0
46014,2e-05,0.0,-3e-05,1e-05,0.0,-3e-05,0.0,-1e-05,0
46015,2e-05,0.0,-3e-05,1e-05,0.0,-3e-05,0.0,-1e-05,0
46016,0.0,-2e-05,-3e-05,-3e-05,-5e-05,-1e-05,-1e-05,-2e-05,0
46017,0.0,-2e-05,-3e-05,-3e-05,-5e-05,-1e-05,-1e-05,-2e-05,0
46018,0.0,-2e-05,-3e-05,-3e-05,-5e-05,-1e-05,-1e-05,-2e-05,0
46019,0.0,-2e-05,-3e-05,-3e-05,-5e-05,-1e-05,-1e-05,-2e-05,0
46020,0.0,-2e-05,-3e-05,-3e-05,-5e-05,-1e-05,-1e-05,-2e-05,0
46021,0.0,-2e-05,-3e-05,-3e-05,-5e-05,-1e-05,-1e-05,-2e-05,0
46022,0.0,-2e-05,-3e-05,-3e-05,-5e-05,-1e-05,-1e-05,-2e-05,0
46023,0.0,-2e-05,-3e-05,-3e-05,-5e-05,-1e-05,-1e-05,-2e-05,0
46024,0.0,-2e-05,-3e-05,-3e-05,-5e-05,-1e-05,-1e-05,-2e-05,0
46025,0.0,-2e-05,-3e-05,-3e-05,-5e-05,-1e-05,-1e-05,-2e-05,0
46026,0.0,-2e-05,-3e-05,-3e-05,-5e-05,-1e-05,-1e-05,-2e-05,0
46027,0.0,-2e-05,-3e-05,-3e-05,-5e-05,-1e-05,-1e-05,-2e-05,0
46028,0.0,-2e-05,-3e-05,-3e-05,-5e-05,-1e-05,-1e-05,-2e-05,0
46029,0.0,-2e-05,-3e-05,-3e-05,-5e-05,-1e-05,-1e-05,-2e-05,0
46030,0.0,-2e-05,-3e-05,-3e-05,-5e-05,-1e-05,-1e-05,-2e-05,0
46031,0.0,3e-05,1e-05,0.0,0.0,0.0,2e-05,0.0,0
46032,0.0,3e-05,1e-05,0.0,0.0,0.0,2e-05,0.0,0
46033,-1e-05,-2e-05,-7e-05,-6e-05,-2e-05,-1e-05,-3e-05,0.0,0
46034,-1e-05,-2e-05,-7e-05,-6e-05,-2e-05,-1e-05,-3e-05,0.0,0
46035,-1e-05,-2e-05,-7e-05,-6e-05,-2e-05,-1e-05,-3e-05,0.0,0
46036,-1e-05,-2e-05,-7e-05,-6e-05,-2e-05,-1e-05,-3e-05,0.0,0
46038,-1e-05,-2e-05,-7e-05,-6e-05,-2e-05,-1e-05,-3e-05,0.0,0
46039,-1e-05,-2e-05,-7e-05,-6e-05,-2e-05,-1e-05,-3e-05,0.0,0
46040,-1e-05,-2e-05,-7e-05,-6e-05,-2e-05,-1e-05,-3e-05,0.0,0
46041,-1e-05,-2e-05,-7e-05,-6e-05,-2e-05,-1e-05,-3e-05,0.0,0
46042,-1e-05,-2e-05,-7e-05,-6e-05,-2e-05,-1e-05,-3e-05,0.0,0
46043,-1e-05,-2e-05,-7e-05,-6e-05,-2e-05,-1e-05,-3e-05,0.0,0
46044,-1e-05,-2e-05,-7e-05,-6e-05,-2e-05,-1e-05,-3e-05,0.0,0
46045,-1e-05,-2e-05,-7e-05,-6e-05,-2e-05,-1e-05,-3e-05,0.0,0
46046,-1e-05,-2e-05,-7e-05,-6e-05,-2e-05,-1e-05,-3e-05,0.0,0
46047,-1e-05,-2e-05,-7e-05,-6e-05,-2e-05,-1e-05,-3e-05,0.0,0
46048,-1e-05,-2e-05,-7e-05,-6e-05,-2e-05,-1e-05,-3e-05,0.0,0
46049,-1e-05,-2e-05,-7e-05,-6e-05,-2e-05,-1e-05,-3e-05,0.0,0
46050,-1e-05,-2e-05,-7e-05,-6e-05,-2e-05,-1e-05,-3e-05,0.0,0
46051,-1e-05,-2e-05,-7e-05,-6e-05,-2e-05,-1e-05,-3e-05,0.0,0
46052,-1e-05,-2e-05,-7e-05,-6e-05,-2e-05,-1e-05,-3e-05,0.0,0
46053,-1e-05,-2e-05,-7e-05,-6e-05,-2e-05,-1e-05,-3e-05,0.0,0
46054,-1e-05,-2e-05,-7e-05,-6e-05,-2e-05,-1e-05,-3e-05,0.0,0
46055,-1e-05,-2e-05,-7e-05,-6e-05,-2e-05,-1e-05,-3e-05,0.0,0
46056,-1e-05,-2e-05,-7e-05,-6e-05,-2e-05,-1e-05,-3e-05,0.0,0
46057,-1e-05,-2e-05,-7e-05,-6e-05,-2e-05,-1e-05,-3e-05,0.0,0
46058,-1e-05,-2e-05,-7e-05,-6e-05,-2e-05,-1e-05,-3e-05,0.0,0
46059,-1e-05,-2e-05,-7e-05,-6e-05,-2e-05,-1e-05,-3e-05,0.0,0
46060,-1e-05,-2e-05,-7e-05,-6e-05,-2e-05,-1e-05,-3e-05,0.0,0
46061,-1e-05,-3e-05,-2e-05,-4e-05,-2e-05,-1e-05,-2e-05,0.0,0
46062,-2e-05,-2e-05,-2e-05,-7e-05,-3e-05,-1e-05,0.0,-3e-05,0
46063,-2e-05,-2e-05,-2e-05,-7e-05,-3e-05,-1e-05,0.0,-3e-05,0
46064,-2e-05,-2e-05,-2e-05,-7e-05,-3e-05,-1e-05,0.0,-3e-05,0
46065,-2e-05,-2e-05,-2e-05,-7e-05,-3e-05,-1e-05,0.0,-3e-05,0
46066,-2e-05,-2e-05,-2e-05,-7e-05,-3e-05,-1e-05,0.0,-3e-05,0
46067,-2e-05,-2e-05,-2e-05,-7e-05,-3e-05,-1e-05,0.0,-3e-05,0
46068,-2e-05,-2e-05,-2e-05,-7e-05,-3e-05,-1e-05,0.0,-3e-05,0
46069,-2e-05,-2e-05,-2e-05,-7e-05,-3e-05,-1e-05,0.0,-3e-05,0
46070,-2e-05,-2e-05,-2e-05,-7e-05,-3e-05,-1e-05,0.0,-3e-05,0
46071,-2e-05,-2e-05,-2e-05,-7e-05,-3e-05,-1e-05,0.0,-3e-05,0
46072,-2e-05,-2e-05,-2e-05,-7e-05,-3e-05,-1e-05,0.0,-3e-05,0
46073,-2e-05,-2e-05,-2e-05,-7e-05,-3e-05,-1e-05,0.0,-3e-05,0
46074,-2e-05,-2e-05,-2e-05,-7e-05,-3e-05,-1e-05,0.0,-3e-05,0
46075,-2e-05,-2e-05,-2e-05,-7e-05,-3e-05,-1e-05,0.0,-3e-05,0
46076,-2e-05,-2e-05,-2e-05,-7e-05,-3e-05,-1e-05,0.0,-3e-05,0
46077,0.0,1e-05,5e-05,3e-05,0.0,-1e-05,-2e-05,-2e-05,0
46078,0.0,1e-05,5e-05,3e-05,0.0,-1e-05,-2e-05,-2e-05,0
46079,0.0,1e-05,5e-05,3e-05,0.0,-1e-05,-2e-05,-2e-05,0
46080,0.0,1e-05,5e-05,3e-05,0.0,-1e-05,-2e-05,-2e-05,0
46081,0.0,1e-05,5e-05,3e-05,0.0,-1e-05,-2e-05,-2e-05,0
46082,0.0,0.0,5e-05,-5e-05,-3e-05,0.0,-2e-05,1e-05,0
46083,0.0,0.0,5e-05,-5e-05,-3e-05,0.0,-2e-05,1e-05,0
46084,0.0,0.0,5e-05,-5e-05,-3e-05,0.0,-2e-05,1e-05,0
46085,0.0,0.0,5e-05,-5e-05,-3e-05,0.0,-2e-05,1e-05,0
46086,0.0,0.0,5e-05,-5e-05,-3e-05,0.0,-2e-05,1e-05,0
46088,0.0,0.0,5e-05,-5e-05,-3e-05,0.0,-2e-05,1e-05,0
46089,0.0,0.0,5e-05,-5e-05,-3e-05,0.0,-2e-05,1e-05,0
46090,0.0,0.0,5e-05,-5e-05,-3e-05,0.0,-2e-05,1e-05,0
46091,1e-05,4e-05,4e-05,8e-05,-1e-05,-1e-05,0.0,0.0,0
46092,1e-05,4e-05,1e-05,-0.00015,3e-05,0.0,-2e-05,-1e-05,0
46093,1e-05,4e-05,1e-05,-0.00015,3e-05,0.0,-2e-05,-1e-05,0
46094,1e-05,4e-05,1e-05,-0.00015,3e-05,0.0,-2e-05,-1e-05,0
46095,1e-05,4e-05,1e-05,-0.00015,3e-05,0.0,-2e-05,-1e-05,0
46096,1e-05,4e-05,1e-05,-0.00015,3e-05,0.0,-2e-05,-1e-05,0
46097,1e-05,4e-05,1e-05,-0.00015,3e-05,0.0,-2e-05,-1e-05,0
46098,1e-05,4e-05,1e-05,-0.00015,3e-05,0.0,-2e-05,-1e-05,0
46099,1e-05,4e-05,1e-05,-0.00015,3e-05,0.0,-2e-05,-1e-05,0
46100,1e-05,4e-05,1e-05,-0.00015,3e-05,0.0,-2e-05,-1e-05,0
46101,1e-05,4e-05,1e-05,-0.00015,3e-05,0.0,-2e-05,-1e-05,0
46102,1e-05,4e-05,1e-05,-0.00015,3e-05,0.0,-2e-05,-1e-05,0
46103,1e-05,4e-05,1e-05,-0.00015,3e-05,0.0,-2e-05,-1e-05,0
46104,1e-05,4e-05,1e-05,-0.00015,3e-05,0.0,-2e-05,-1e-05,0
46105,1e-05,4e-05,1e-05,-0.00015,3e-05,0.0,-2e-05,-1e-05,0
46106,1e-05,4e-05,1e-05,-0.00015,3e-05,0.0,-2e-05,-1e-05,0
46107,1e-05,4e-05,1e-05,-0.00015,3e-05,0.0,-2e-05,-1e-05,0
46108,1e-05,4e-05,1e-05,-0.00015,3e-05,0.0,-2e-05,-1e-05,0
46109,1e-05,4e-05,1e-05,-0.00015,3e-05,0.0,-2e-05,-1e-05,0
46110,1e-05,4e-05,1e-05,-0.00015,3e-05,0.0,-2e-05,-1e-05,0
46111,1e-05,4e-05,1e-05,-0.00015,3e-05,0.0,-2e-05,-1e-05,0
46112,1e-05,4e-05,1e-05,-0.00015,3e-05,0.0,-2e-05,-1e-05,0
46113,-4e-05,-9e-05,-8e-05,-5e-05,7e-05,0.0,0.0,-2e-05,0
46114,-4e-05,-9e-05,-8e-05,-5e-05,7e-05,0.0,0.0,-2e-05,0
46115,-3e-05,-2e-05,-3e-05,-2e-05,-2e-05,-1e-05,-1e-05,-2e-05,0
46116,-3e-05,-2e-05,-3e-05,-2e-05,-2e-05,-1e-05,-1e-05,-2e-05,0
46117,-3e-05,-2e-05,-3e-05,-2e-05,-2e-05,-1e-05,-1e-05,-2e-05,0
46118,-3e-05,-2e-05,-3e-05,-2e-05,-2e-05,-1e-05,-1e-05,-2e-05,0
46119,-3e-05,-2e-05,-3e-05,-2e-05,-2e-05,-1e-05,-1e-05,-2e-05,0
46120,-3e-05,-2e-05,-3e-05,-2e-05,-2e-05,-1e-05,-1e-05,-2e-05,0
46121,-3e-05,-2e-05,-3e-05,-2e-05,-2e-05,-1e-05,-1e-05,-2e-05,0
46122,-3e-05,-2e-05,-3e-05,-2e-05,-2e-05,-1e-05,-1e-05,-2e-05,0
46123,-3e-05,-2e-05,-3e-05,-2e-05,-2e-05,-1e-05,-1e-05,-2e-05,0
46124,-3e-05,-2e-05,-3e-05,-2e-05,-2e-05,-1e-05,-1e-05,-2e-05,0
46125,-3e-05,-2e-05,-3e-05,-2e-05,-2e-05,-1e-05,-1e-05,-2e-05,0
46126,-3e-05,-2e-05,-3e-05,-2e-05,-2e-05,-1e-05,-1e-05,-2e-05,0
46127,-3e-05,-2e-05,-3e-05,-2e-05,-2e-05,-1e-05,-1e-05,-2e-05,0
46128,-3e-05,-2e-05,-3e-05,-2e-05,-2e-05,-1e-05,-1e-05,-2e-05,0
46129,-3e-05,-2e-05,-3e-05,-2e-05,-2e-05,-1e-05,-1e-05,-2e-05,0
46130,-3e-05,-2e-05,-3e-05,-2e-05,-2e-05,-1e-05,-1e-05,-2e-05,0
46131,-3e-05,-2e-05,-3e-05,-2e-05,-2e-05,-1e-05,-1e-05,-2e-05,0
46132,-3e-05,-2e-05,-3e-05,-2e-05,-2e-05,-1e-05,-1e-05,-2e-05,0
46133,-3e-05,-2e-05,-3e-05,-2e-05,-2e-05,-1e-05,-1e-05,-2e-05,0
46134,-3e-05,-2e-05,-3e-05,-2e-05,-2e-05,-1e-05,-1e-05,-2e-05,0
46135,-3e-05,-2e-05,-3e-05,-2e-05,-2e-05,-1e-05,-1e-05,-2e-05,0
46136,2e-05,4e-05,5e-05,0.0,-1e-05,-1e-05,-2e-05,2e-05,0
46138,-2e-05,-1e-05,-5e-05,2e-05,0.0,0.0,-1e-05,-2e-05,0
46139,-2e-05,-1e-05,-5e-05,2e-05,0.0,0.0,-1e-05,-2e-05,0
46140,-2e-05,-1e-05,-5e-05,2e-05,0.0,0.0,-1e-05,-2e-05,0
46141,-2e-05,-1e-05,-5e-05,2e-05,0.0,0.0,-1e-05,-2e-05,0
46142,-2e-05,-1e-05,-5e-05,2e-05,0.0,0.0,-1e-05,-2e-05,0
46143,-2e-05,-1e-05,-5e-05,2e-05,0.0,0.0,-1e-05,-2e-05,0
46144,-2e-05,-1e-05,-5e-05,2e-05,0.0,0.0,-1e-05,-2e-05,0
46145,-2e-05,-1e-05,-5e-05,2e-05,0.0,0.0,-1e-05,-2e-05,0
46146,-2e-05,-1e-05,-5e-05,2e-05,0.0,0.0,-1e-05,-2e-05,0
46147,-2e-05,-1e-05,-5e-05,2e-05,0.0,0.0,-1e-05,-2e-05,0
46148,-2e-05,-1e-05,-5e-05,2e-05,0.0,0.0,-1e-05,-2e-05,0
46149,-2e-05,-1e-05,-5e-05,2e-05,0.0,0.0,-1e-05,-2e-05,0
46150,2e-05,3e-05,3e-05,-8e-05,-9e-05,0.0,-2e-05,-1e-05,0
46151,2e-05,3e-05,3e-05,-8e-05,-9e-05,0.0,-2e-05,-1e-05,0
46152,2e-05,3e-05,3e-05,-8e-05,-9e-05,0.0,-2e-05,-1e-05,0
46153,2e-05,3e-05,3e-05,-8e-05,-9e-05,0.0,-2e-05,-1e-05,0
46154,2e-05,3e-05,3e-05,-8e-05,-9e-05,0.0,-2e-05,-1e-05,0
46155,2e-05,3e-05,3e-05,-8e-05,-9e-05,0.0,-2e-05,-1e-05,0
46156,2e-05,3e-05,3e-05,-8e-05,-9e-05,0.0,-2e-05,-1e-05,0
46157,-1e-05,0.0,-2e-05,0.0,-1e-05,0.0,-1e-05,1e-05,0
46158,-1e-05,0.0,-2e-05,0.0,-1e-05,0.0,-1e-05,1e-05,0
46159,-1e-05,0.0,-2e-05,0.0,-1e-05,0.0,-1e-05,1e-05,0
46160,-1e-05,0.0,-2e-05,0.0,-1e-05,0.0,-1e-05,1e-05,0
46161,-1e-05,0.0,-2e-05,0.0,-1e-05,0.0,-1e-05,1e-05,0
46162,-1e-05,0.0,-2e-05,0.0,-1e-05,0.0,-1e-05,1e-05,0
46163,-1e-05,0.0,-2e-05,0.0,-1e-05,0.0,-1e-05,1e-05,0
46164,-1e-05,0.0,-2e-05,0.0,-1e-05,0.0,-1e-05,1e-05,0
46165,-1e-05,0.0,-2e-05,0.0,-1e-05,0.0,-1e-05,1e-05,0
46166,-1e-05,0.0,-2e-05,0.0,-1e-05,0.0,-1e-05,1e-05,0
46167,-1e-05,0.0,-2e-05,0.0,-1e-05,0.0,-1e-05,1e-05,0
46168,-1e-05,0.0,-2e-05,0.0,-1e-05,0.0,-1e-05,1e-05,0
46169,-1e-05,0.0,-2e-05,0.0,-1e-05,0.0,-1e-05,1e-05,0
46170,-1e-05,0.0,-2e-05,0.0,-1e-05,0.0,-1e-05,1e-05,0
46171,-1e-05,0.0,-2e-05,0.0,-1e-05,0.0,-1e-05,1e-05,0
46172,-1e-05,0.0,-2e-05,0.0,-1e-05,0.0,-1e-05,1e-05,0
46173,-1e-05,0.0,-2e-05,0.0,-1e-05,0.0,-1e-05,1e-05,0
46174,-1e-05,0.0,-2e-05,0.0,-1e-05,0.0,-1e-05,1e-05,0
46175,-1e-05,0.0,-2e-05,0.0,-1e-05,0.0,-1e-05,1e-05,0
46176,-1e-05,0.0,-2e-05,0.0,-1e-05,0.0,-1e-05,1e-05,0
46177,-1e-05,0.0,-2e-05,0.0,-1e-05,0.0,-1e-05,1e-05,0
46178,-1e-05,0.0,-2e-05,0.0,-1e-05,0.0,-1e-05,1e-05,0
46179,-1e-05,0.0,-2e-05,0.0,-1e-05,0.0,-1e-05,1e-05,0
46180,-1e-05,0.0,-2e-05,0.0,-1e-05,0.0,-1e-05,1e-05,0
46181,-2e-05,-2e-05,-6e-05,-6e-05,-3e-05,-2e-05,-1e-05,0.0,0
46182,-2e-05,-1e-05,0.0,-2e-05,-2e-05,-4e-05,-1e-05,-2e-05,0
46183,-2e-05,-1e-05,0.0,-2e-05,-2e-05,-4e-05,-1e-05,-2e-05,0
46184,-2e-05,-1e-05,0.0,-2e-05,-2e-05,-4e-05,-1e-05,-2e-05,0
46185,-2e-05,-1e-05,0.0,-2e-05,-2e-05,-4e-05,-1e-05,-2e-05,0
46186,-2e-05,-1e-05,0.0,-2e-05,-2e-05,-4e-05,-1e-05,-2e-05,0
46188,-2e-05,-1e-05,0.0,-2e-05,-2e-05,-4e-05,-1e-05,-2e-05,0
46189,-2e-05,-1e-05,0.0,-2e-05,-2e-05,-4e-05,-1e-05,-2e-05,0
46190,-2e-05,-1e-05,0.0,-2e-05,-2e-05,-4e-05,-1e-05,-2e-05,0
46191,-2e-05,-1e-05,0.0,-2e-05,-2e-05,-4e-05,-1e-05,-2e-05,0
46192,-2e-05,-1e-05,0.0,-2e-05,-2e-05,-4e-05,-1e-05,-2e-05,0
46193,-2e-05,-1e-05,0.0,-2e-05,-2e-05,-4e-05,-1e-05,-2e-05,0
46194,-2e-05,-1e-05,0.0,-2e-05,-2e-05,-4e-05,-1e-05,-2e-05,0
46195,-2e-05,-1e-05,0.0,-2e-05,-2e-05,-4e-05,-1e-05,-2e-05,0
46196,-1e-05,-2e-05,-2e-05,-1e-05,-4e-05,-3e-05,1e-05,0.0,0
46197,-1e-05,0.0,0.0,3e-05,2e-05,-1e-05,-3e-05,-1e-05,0
46198,-1e-05,0.0,0.0,3e-05,2e-05,-1e-05,-3e-05,-1e-05,0
46199,-1e-05,0.0,0.0,3e-05,2e-05,-1e-05,-3e-05,-1e-05,0
46200,-1e-05,0.0,0.0,3e-05,2e-05,-1e-05,-3e-05,-1e-05,0
46201,-1e-05,0.0,0.0,3e-05,2e-05,-1e-05,-3e-05,-1e-05,0
46202,-1e-05,0.0,0.0,3e-05,2e-05,-1e-05,-3e-05,-1e-05,0
46203,-1e-05,0.0,0.0,3e-05,2e-05,-1e-05,-3e-05,-1e-05,0
46204,-1e-05,0.0,0.0,3e-05,2e-05,-1e-05,-3e-05,-1e-05,0
46205,-1e-05,0.0,0.0,3e-05,2e-05,-1e-05,-3e-05,-1e-05,0
46206,-1e-05,0.0,0.0,3e-05,2e-05,-1e-05,-3e-05,-1e-05,0
46207,-1e-05,0.0,0.0,3e-05,2e-05,-1e-05,-3e-05,-1e-05,0
46208,-1e-05,0.0,0.0,3e-05,2e-05,-1e-05,-3e-05,-1e-05,0
46209,-1e-05,0.0,0.0,3e-05,2e-05,-1e-05,-3e-05,-1e-05,0
46210,-1e-05,0.0,0.0,3e-05,2e-05,-1e-05,-3e-05,-1e-05,0
46211,-2e-05,-2e-05,-3e-05,2e-05,-4e-05,-1e-05,-1e-05,-1e-05,0
46212,-1e-05,-3e-05,-2e-05,-1e-05,1e-05,-2e-05,-1e-05,-2e-05,0
46213,-1e-05,-3e-05,-2e-05,-1e-05,1e-05,-2e-05,-1e-05,-2e-05,0
46214,-1e-05,-3e-05,-2e-05,-1e-05,1e-05,-2e-05,-1e-05,-2e-05,0
46215,-1e-05,-3e-05,-2e-05,-1e-05,1e-05,-2e-05,-1e-05,-2e-05,0
46216,-1e-05,-3e-05,-2e-05,-1e-05,1e-05,-2e-05,-1e-05,-2e-05,0
46217,-1e-05,-3e-05,-2e-05,-1e-05,1e-05,-2e-05,-1e-05,-2e-05,0
46218,-1e-05,-3e-05,-2e-05,-1e-05,1e-05,-2e-05,-1e-05,-2e-05,0
46219,-1e-05,-3e-05,-2e-05,-1e-05,1e-05,-2e-05,-1e-05,-2e-05,0
46220,-1e-05,-3e-05,-2e-05,-1e-05,1e-05,-2e-05,-1e-05,-2e-05,0
46221,-1e-05,-3e-05,-2e-05,-1e-05,1e-05,-2e-05,-1e-05,-2e-05,0
46222,-1e-05,-3e-05,-2e-05,-1e-05,1e-05,-2e-05,-1e-05,-2e-05,0
46223,-1e-05,-3e-05,-2e-05,-1e-05,1e-05,-2e-05,-1e-05,-2e-05,0
46224,-1e-05,-3e-05,-2e-05,-1e-05,1e-05,-2e-05,-1e-05,-2e-05,0
46225,-1e-05,-3e-05,-2e-05,-1e-05,1e-05,-2e-05,-1e-05,-2e-05,0
46226,-1e-05,-3e-05,-2e-05,-1e-05,1e-05,-2e-05,-1e-05,-2e-05,0
46227,-1e-05,-3e-05,-2e-05,-1e-05,1e-05,-2e-05,-1e-05,-2e-05,0
46228,-1e-05,-3e-05,-2e-05,-1e-05,1e-05,-2e-05,-1e-05,-2e-05,0
46229,-1e-05,-3e-05,-2e-05,-1e-05,1e-05,-2e-05,-1e-05,-2e-05,0
46230,-1e-05,-3e-05,-2e-05,-1e-05,1e-05,-2e-05,-1e-05,-2e-05,0
46231,-1e-05,-3e-05,-2e-05,-1e-05,1e-05,-2e-05,-1e-05,-2e-05,0
46232,-1e-05,-3e-05,-2e-05,-1e-05,1e-05,-2e-05,-1e-05,-2e-05,0
46233,-1e-05,3e-05,3e-05,6e-05,1e-05,0.0,-3e-05,-3e-05,0
46234,-1e-05,3e-05,3e-05,6e-05,1e-05,0.0,-3e-05,-3e-05,0
46235,-3e-05,-7e-05,-2e-05,-4e-05,-6e-05,-1e-05,0.0,0.0,0
46236,-3e-05,-7e-05,-2e-05,-4e-05,-6e-05,-1e-05,0.0,0.0,0
46239,-3e-05,-7e-05,-2e-05,-4e-05,-6e-05,-1e-05,0.0,0.0,0
46240,-3e-05,-7e-05,-2e-05,-4e-05,-6e-05,-1e-05,0.0,0.0,0
46241,-3e-05,-7e-05,-2e-05,-4e-05,-6e-05,-1e-05,0.0,0.0,0
46242,-3e-05,-7e-05,-2e-05,-4e-05,-6e-05,-1e-05,0.0,0.0,0
46243,-3e-05,-7e-05,-2e-05,-4e-05,-6e-05,-1e-05,0.0,0.0,0
46244,-3e-05,-7e-05,-2e-05,-4e-05,-6e-05,-1e-05,0.0,0.0,0
46245,-3e-05,-7e-05,-2e-05,-4e-05,-6e-05,-1e-05,0.0,0.0,0
46246,-3e-05,-7e-05,-2e-05,-4e-05,-6e-05,-1e-05,0.0,0.0,0
46247,-3e-05,-7e-05,-2e-05,-4e-05,-6e-05,-1e-05,0.0,0.0,0
46248,-3e-05,-7e-05,-2e-05,-4e-05,-6e-05,-1e-05,0.0,0.0,0
46249,-3e-05,-7e-05,-2e-05,-4e-05,-6e-05,-1e-05,0.0,0.0,0
46250,-3e-05,-7e-05,-2e-05,-4e-05,-6e-05,-1e-05,0.0,0.0,0
46251,-3e-05,-7e-05,-2e-05,-4e-05,-6e-05,-1e-05,0.0,0.0,0
46252,-3e-05,-7e-05,-2e-05,-4e-05,-6e-05,-1e-05,0.0,0.0,0
46253,-3e-05,-7e-05,-2e-05,-4e-05,-6e-05,-1e-05,0.0,0.0,0
46254,-3e-05,-7e-05,-2e-05,-4e-05,-6e-05,-1e-05,0.0,0.0,0
46255,-3e-05,-7e-05,-2e-05,-4e-05,-6e-05,-1e-05,0.0,0.0,0
46256,0.0,-3e-05,-1e-05,-1e-05,2e-05,-1e-05,0.0,0.0,0
46257,2e-05,4e-05,5e-05,2e-05,3e-05,-2e-05,-2e-05,0.0,0
46258,2e-05,4e-05,5e-05,2e-05,3e-05,-2e-05,-2e-05,0.0,0
46259,2e-05,4e-05,5e-05,2e-05,3e-05,-2e-05,-2e-05,0.0,0
46260,2e-05,4e-05,5e-05,2e-05,3e-05,-2e-05,-2e-05,0.0,0
46261,2e-05,4e-05,5e-05,2e-05,3e-05,-2e-05,-2e-05,0.0,0
46262,2e-05,4e-05,5e-05,2e-05,3e-05,-2e-05,-2e-05,0.0,0
46263,2e-05,4e-05,5e-05,2e-05,3e-05,-2e-05,-2e-05,0.0,0
46264,2e-05,4e-05,5e-05,2e-05,3e-05,-2e-05,-2e-05,0.0,0
46265,2e-05,4e-05,5e-05,2e-05,3e-05,-2e-05,-2e-05,0.0,0
46266,2e-05,4e-05,5e-05,2e-05,3e-05,-2e-05,-2e-05,0.0,0
46267,2e-05,4e-05,5e-05,2e-05,3e-05,-2e-05,-2e-05,0.0,0
46268,2e-05,4e-05,5e-05,2e-05,3e-05,-2e-05,-2e-05,0.0,0
46269,2e-05,4e-05,5e-05,2e-05,3e-05,-2e-05,-2e-05,0.0,0
46270,-7e-05,-8e-05,-7e-05,-0.00013,-4e-05,0.0,0.0,-2e-05,0
46271,-7e-05,-8e-05,-7e-05,-0.00013,-4e-05,0.0,0.0,-2e-05,0
46272,-7e-05,-8e-05,-7e-05,-0.00013,-4e-05,0.0,0.0,-2e-05,0
46273,-7e-05,-8e-05,-7e-05,-0.00013,-4e-05,0.0,0.0,-2e-05,0
46274,-7e-05,-8e-05,-7e-05,-0.00013,-4e-05,0.0,0.0,-2e-05,0
46275,-7e-05,-8e-05,-7e-05,-0.00013,-4e-05,0.0,0.0,-2e-05,0
46276,-7e-05,-8e-05,-7e-05,-0.00013,-4e-05,0.0,0.0,-2e-05,0
46277,-2e-05,-4e-05,-6e-05,2e-05,1e-05,0.0,0.0,-3e-05,0
46278,-2e-05,-4e-05,-6e-05,2e-05,1e-05,0.0,0.0,-3e-05,0
46279,-2e-05,-4e-05,-6e-05,2e-05,1e-05,0.0,0.0,-3e-05,0
46280,-2e-05,-4e-05,-6e-05,2e-05,1e-05,0.0,0.0,-3e-05,0
46281,-2e-05,-4e-05,-6e-05,2e-05,1e-05,0.0,0.0,-3e-05,0
46282,-2e-05,-4e-05,-6e-05,2e-05,1e-05,0.0,0.0,-3e-05,0
46283,-2e-05,-4e-05,-6e-05,2e-05,1e-05,0.0,0.0,-3e-05,0
46284,-2e-05,-4e-05,-6e-05,2e-05,1e-05,0.0,0.0,-3e-05,0
46285,-2e-05,-4e-05,-6e-05,2e-05,1e-05,0.0,0.0,-3e-05,0
46286,-2e-05,-4e-05,-6e-05,2e-05,1e-05,0.0,0.0,-3e-05,0
46288,-2e-05,-4e-05,-6e-05,2e-05,1e-05,0.0,0.0,-3e-05,0
46289,-2e-05,-4e-05,-6e-05,2e-05,1e-05,0.0,0.0,-3e-05,0
46290,-2e-05,-4e-05,-6e-05,2e-05,1e-05,0.0,0.0,-3e-05,0
46291,-2e-05,-4e-05,-6e-05,2e-05,1e-05,0.0,0.0,-3e-05,0
46292,-2e-05,-4e-05,-6e-05,2e-05,1e-05,0.0,0.0,-3e-05,0
46293,2e-05,4e-05,6e-05,4e-05,0.0,-2e-05,-1e-05,-1e-05,0
46294,2e-05,4e-05,6e-05,4e-05,0.0,-2e-05,-1e-05,-1e-05,0
46295,-1e-05,0.0,1e-05,1e-05,1e-05,0.0,-1e-05,1e-05,0
46296,-1e-05,0.0,1e-05,1e-05,1e-05,0.0,-1e-05,1e-05,0
46297,-1e-05,0.0,1e-05,1e-05,1e-05,0.0,-1e-05,1e-05,0
46298,-1e-05,0.0,1e-05,1e-05,1e-05,0.0,-1e-05,1e-05,0
46299,-1e-05,0.0,1e-05,1e-05,1e-05,0.0,-1e-05,1e-05,0
46300,-1e-05,0.0,1e-05,1e-05,1e-05,0.0,-1e-05,1e-05,0
46301,-1e-05,0.0,1e-05,1e-05,1e-05,0.0,-1e-05,1e-05,0
46302,-1e-05,0.0,1e-05,1e-05,1e-05,0.0,-1e-05,1e-05,0
46303,-1e-05,0.0,1e-05,1e-05,1e-05,0.0,-1e-05,1e-05,0
46304,-1e-05,0.0,1e-05,1e-05,1e-05,0.0,-1e-05,1e-05,0
46305,-1e-05,0.0,1e-05,1e-05,1e-05,0.0,-1e-05,1e-05,0
46306,-1e-05,0.0,1e-05,1e-05,1e-05,0.0,-1e-05,1e-05,0
46307,-1e-05,0.0,1e-05,1e-05,1e-05,0.0,-1e-05,1e-05,0
46308,-1e-05,0.0,1e-05,1e-05,1e-05,0.0,-1e-05,1e-05,0
46309,-1e-05,0.0,1e-05,1e-05,1e-05,0.0,-1e-05,1e-05,0
46310,-1e-05,0.0,1e-05,1e-05,1e-05,0.0,-1e-05,1e-05,0
46311,-1e-05,0.0,1e-05,1e-05,1e-05,0.0,-1e-05,1e-05,0
46312,-1e-05,0.0,1e-05,1e-05,1e-05,0.0,-1e-05,1e-05,0
46313,-1e-05,0.0,1e-05,1e-05,1e-05,0.0,-1e-05,1e-05,0
46314,-1e-05,0.0,1e-05,1e-05,1e-05,0.0,-1e-05,1e-05,0
46315,-1e-05,0.0,1e-05,1e-05,1e-05,0.0,-1e-05,1e-05,0
46316,0.0,-1e-05,-1e-05,0.0,2e-05,-1e-05,-1e-05,-2e-05,0
46317,-1e-05,-1e-05,-1e-05,-2e-05,-3e-05,0.0,1e-05,-1e-05,0
46318,-1e-05,-1e-05,-1e-05,-2e-05,-3e-05,0.0,1e-05,-1e-05,0
46319,-1e-05,-1e-05,-1e-05,-2e-05,-3e-05,0.0,1e-05,-1e-05,0
46320,-1e-05,-1e-05,-1e-05,-2e-05,-3e-05,0.0,1e-05,-1e-05,0
46321,-1e-05,-1e-05,-1e-05,-2e-05,-3e-05,0.0,1e-05,-1e-05,0
46322,-1e-05,-1e-05,-1e-05,-2e-05,-3e-05,0.0,1e-05,-1e-05,0
46323,-1e-05,-1e-05,-1e-05,-2e-05,-3e-05,0.0,1e-05,-1e-05,0
46324,-1e-05,-1e-05,-1e-05,-2e-05,-3e-05,0.0,1e-05,-1e-05,0
46325,-1e-05,-1e-05,-1e-05,-2e-05,-3e-05,0.0,1e-05,-1e-05,0
46326,-1e-05,-1e-05,-1e-05,-2e-05,-3e-05,0.0,1e-05,-1e-05,0
46327,-1e-05,-1e-05,-1e-05,-2e-05,-3e-05,0.0,1e-05,-1e-05,0
46328,-1e-05,-1e-05,-1e-05,-2e-05,-3e-05,0.0,1e-05,-1e-05,0
46329,-1e-05,-1e-05,-1e-05,-2e-05,-3e-05,0.0,1e-05,-1e-05,0
46330,-1e-05,-1e-05,-1e-05,-2e-05,-3e-05,0.0,1e-05,-1e-05,0
46331,-1e-05,-1e-05,-1e-05,-2e-05,-3e-05,0.0,1e-05,-1e-05,0
46332,-1e-05,-1e-05,-1e-05,-2e-05,-3e-05,0.0,1e-05,-1e-05,0
46333,-1e-05,-1e-05,-1e-05,-2e-05,-3e-05,0.0,1e-05,-1e-05,0
46334,-1e-05,-1e-05,-1e-05,-2e-05,-3e-05,0.0,1e-05,-1e-05,0
46335,-1e-05,-1e-05,-1e-05,-2e-05,-3e-05,0.0,1e-05,-1e-05,0
46336,-1e-05,-1e-05,-1e-05,-2e-05,-3e-05,0.0,1e-05,-1e-05,0
46338,-1e-05,-1e-05,-1e-05,-2e-05,-3e-05,0.0,1e-05,-1e-05,0
46339,1e-05,1e-05,-2e-05,-1e-05,-2e-05,-1e-05,0.0,0.0,0
46340,-1e-05,-2e-05,1e-05,-2e-05,1e-05,0.0,-1e-05,-1e-05,0
46341,-1e-05,-2e-05,1e-05,-2e-05,1e-05,0.0,-1e-05,-1e-05,0
46342,-1e-05,-2e-05,1e-05,-2e-05,1e-05,0.0,-1e-05,-1e-05,0
46343,-1e-05,-2e-05,1e-05,-2e-05,1e-05,0.0,-1e-05,-1e-05,0
46344,-1e-05,-2e-05,1e-05,-2e-05,1e-05,0.0,-1e-05,-1e-05,0
46345,-1e-05,-2e-05,1e-05,-2e-05,1e-05,0.0,-1e-05,-1e-05,0
46346,-1e-05,-2e-05,1e-05,-2e-05,1e-05,0.0,-1e-05,-1e-05,0
46347,-1e-05,-2e-05,1e-05,-2e-05,1e-05,0.0,-1e-05,-1e-05,0
46348,-1e-05,-2e-05,1e-05,-2e-05,1e-05,0.0,-1e-05,-1e-05,0
46349,-1e-05,-2e-05,1e-05,-2e-05,1e-05,0.0,-1e-05,-1e-05,0
46350,-1e-05,-2e-05,1e-05,-2e-05,1e-05,0.0,-1e-05,-1e-05,0
46351,-1e-05,-2e-05,1e-05,-2e-05,1e-05,0.0,-1e-05,-1e-05,0
46352,-1e-05,-2e-05,1e-05,-2e-05,1e-05,0.0,-1e-05,-1e-05,0
46353,-1e-05,-2e-05,1e-05,-2e-05,1e-05,0.0,-1e-05,-1e-05,0
46354,-1e-05,-2e-05,1e-05,-2e-05,1e-05,0.0,-1e-05,-1e-05,0
46355,-1e-05,-2e-05,1e-05,-2e-05,1e-05,0.0,-1e-05,-1e-05,0
46356,-1e-05,-2e-05,1e-05,-2e-05,1e-05,0.0,-1e-05,-1e-05,0
46357,-1e-05,-2e-05,1e-05,-2e-05,1e-05,0.0,-1e-05,-1e-05,0
46358,-1e-05,-2e-05,1e-05,-2e-05,1e-05,0.0,-1e-05,-1e-05,0
46359,-1e-05,-2e-05,1e-05,-2e-05,1e-05,0.0,-1e-05,-1e-05,0
46360,-1e-05,-2e-05,1e-05,-2e-05,1e-05,0.0,-1e-05,-1e-05,0
46361,-3e-05,0.0,1e-05,0.0,1e-05,-1e-05,-2e-05,0.0,0
46362,-1e-05,1e-05,0.0,3e-05,-3e-05,-1e-05,-2e-05,-1e-05,0
46363,-1e-05,1e-05,0.0,3e-05,-3e-05,-1e-05,-2e-05,-1e-05,0
46364,-1e-05,1e-05,0.0,3e-05,-3e-05,-1e-05,-2e-05,-1e-05,0
46365,-1e-05,1e-05,0.0,3e-05,-3e-05,-1e-05,-2e-05,-1e-05,0
46366,-1e-05,1e-05,0.0,3e-05,-3e-05,-1e-05,-2e-05,-1e-05,0
46367,-1e-05,1e-05,0.0,3e-05,-3e-05,-1e-05,-2e-05,-1e-05,0
46368,-1e-05,1e-05,0.0,3e-05,-3e-05,-1e-05,-2e-05,-1e-05,0
46369,-1e-05,1e-05,0.0,3e-05,-3e-05,-1e-05,-2e-05,-1e-05,0
46370,-1e-05,1e-05,0.0,3e-05,-3e-05,-1e-05,-2e-05,-1e-05,0
46371,-1e-05,1e-05,0.0,3e-05,-3e-05,-1e-05,-2e-05,-1e-05,0
46372,-1e-05,1e-05,0.0,3e-05,-3e-05,-1e-05,-2e-05,-1e-05,0
46373,-1e-05,1e-05,0.0,3e-05,-3e-05,-1e-05,-2e-05,-1e-05,0
46374,-1e-05,1e-05,0.0,3e-05,-3e-05,-1e-05,-2e-05,-1e-05,0
46375,-1e-05,1e-05,0.0,3e-05,-3e-05,-1e-05,-2e-05,-1e-05,0
46376,1e-05,2e-05,5e-05,5e-05,3e-05,2e-05,-1e-05,0.0,0
46377,-1e-05,0.0,-5e-05,-0.00017,-3e-05,0.0,-2e-05,-1e-05,0
46378,-1e-05,0.0,-5e-05,-0.00017,-3e-05,0.0,-2e-05,-1e-05,0
46379,-1e-05,0.0,-5e-05,-0.00017,-3e-05,0.0,-2e-05,-1e-05,0
46380,-1e-05,0.0,-5e-05,-0.00017,-3e-05,0.0,-2e-05,-1e-05,0
46381,-1e-05,0.0,-5e-05,-0.00017,-3e-05,0.0,-2e-05,-1e-05,0
46382,-1e-05,0.0,-5e-05,-0.00017,-3e-05,0.0,-2e-05,-1e-05,0
46383,-1e-05,0.0,-5e-05,-0.00017,-3e-05,0.0,-2e-05,-1e-05,0
46384,-1e-05,0.0,-5e-05,-0.00017,-3e-05,0.0,-2e-05,-1e-05,0
46385,-1e-05,0.0,-5e-05,-0.00017,-3e-05,0.0,-2e-05,-1e-05,0
46386,-1e-05,0.0,-5e-05,-0.00017,-3e-05,0.0,-2e-05,-1e-05,0
46388,-1e-05,0.0,-5e-05,-0.00017,-3e-05,0.0,-2e-05,-1e-05,0
46389,-1e-05,0.0,-5e-05,-0.00017,-3e-05,0.0,-2e-05,-1e-05,0
46390,-1e-05,0.0,-5e-05,-0.00017,-3e-05,0.0,-2e-05,-1e-05,0
46391,-1e-05,-1e-05,-2e-05,-3e-05,-3e-05,-1e-05,-1e-05,-2e-05,0
46392,-1e-05,-1e-05,-2e-05,-3e-05,-3e-05,-1e-05,-1e-05,-2e-05,0
46393,-1e-05,-1e-05,-2e-05,-3e-05,-3e-05,-1e-05,-1e-05,-2e-05,0
46394,-1e-05,-1e-05,-2e-05,-3e-05,-3e-05,-1e-05,-1e-05,-2e-05,0
46395,-1e-05,-1e-05,-2e-05,-3e-05,-3e-05,-1e-05,-1e-05,-2e-05,0
46396,-1e-05,-1e-05,-2e-05,-3e-05,-3e-05,-1e-05,-1e-05,-2e-05,0
46397,-1e-05,-1e-05,-2e-05,-3e-05,-3e-05,-1e-05,-1e-05,-2e-05,0
46398,-1e-05,-1e-05,-2e-05,-3e-05,-3e-05,-1e-05,-1e-05,-2e-05,0
46399,-1e-05,-1e-05,-2e-05,-3e-05,-3e-05,-1e-05,-1e-05,-2e-05,0
46400,-1e-05,-1e-05,-2e-05,-3e-05,-3e-05,-1e-05,-1e-05,-2e-05,0
46401,-1e-05,-1e-05,-2e-05,-3e-05,-3e-05,-1e-05,-1e-05,-2e-05,0
46402,-1e-05,-1e-05,-2e-05,-3e-05,-3e-05,-1e-05,-1e-05,-2e-05,0
46403,-1e-05,-1e-05,-2e-05,-3e-05,-3e-05,-1e-05,-1e-05,-2e-05,0
46404,-1e-05,0.0,0.0,5e-05,7e-05,0.0,-1e-05,-1e-05,0
46405,-1e-05,0.0,0.0,5e-05,7e-05,0.0,-1e-05,-1e-05,0
46406,-1e-05,0.0,0.0,5e-05,7e-05,0.0,-1e-05,-1e-05,0
46407,-1e-05,0.0,0.0,5e-05,7e-05,0.0,-1e-05,-1e-05,0
46408,-1e-05,0.0,0.0,5e-05,7e-05,0.0,-1e-05,-1e-05,0
46409,-1e-05,0.0,0.0,5e-05,7e-05,0.0,-1e-05,-1e-05,0
46410,-1e-05,0.0,0.0,5e-05,7e-05,0.0,-1e-05,-1e-05,0
46411,-1e-05,0.0,0.0,5e-05,7e-05,0.0,-1e-05,-1e-05,0
46412,-1e-05,0.0,0.0,5e-05,7e-05,0.0,-1e-05,-1e-05,0
46413,0.0,-1e-05,0.0,-1e-05,-3e-05,-2e-05,-2e-05,-3e-05,0
46414,0.0,-1e-05,0.0,-1e-05,-3e-05,-2e-05,-2e-05,-3e-05,0
46415,-1e-05,-3e-05,-5e-05,-5e-05,-4e-05,-1e-05,-1e-05,-2e-05,0
46416,-1e-05,-3e-05,-5e-05,-5e-05,-4e-05,-1e-05,-1e-05,-2e-05,0
46417,-1e-05,-3e-05,-5e-05,-5e-05,-4e-05,-1e-05,-1e-05,-2e-05,0
46418,-1e-05,-3e-05,-5e-05,-5e-05,-4e-05,-1e-05,-1e-05,-2e-05,0
46419,-1e-05,-3e-05,-5e-05,-5e-05,-4e-05,-1e-05,-1e-05,-2e-05,0
46420,-1e-05,-3e-05,-5e-05,-5e-05,-4e-05,-1e-05,-1e-05,-2e-05,0
46421,-1e-05,-3e-05,-5e-05,-5e-05,-4e-05,-1e-05,-1e-05,-2e-05,0
46422,-1e-05,-3e-05,-5e-05,-5e-05,-4e-05,-1e-05,-1e-05,-2e-05,0
46423,-1e-05,-3e-05,-5e-05,-5e-05,-4e-05,-1e-05,-1e-05,-2e-05,0
46424,-1e-05,-3e-05,-5e-05,-5e-05,-4e-05,-1e-05,-1e-05,-2e-05,0
46425,-1e-05,-3e-05,-5e-05,-5e-05,-4e-05,-1e-05,-1e-05,-2e-05,0
46426,-1e-05,-3e-05,-5e-05,-5e-05,-4e-05,-1e-05,-1e-05,-2e-05,0
46427,-1e-05,-3e-05,-5e-05,-5e-05,-4e-05,-1e-05,-1e-05,-2e-05,0
46428,-1e-05,-3e-05,-5e-05,-5e-05,-4e-05,-1e-05,-1e-05,-2e-05,0
46429,-1e-05,-3e-05,-5e-05,-5e-05,-4e-05,-1e-05,-1e-05,-2e-05,0
46430,-1e-05,-3e-05,-5e-05,-5e-05,-4e-05,-1e-05,-1e-05,-2e-05,0
46431,-1e-05,-3e-05,-5e-05,-5e-05,-4e-05,-1e-05,-1e-05,-2e-05,0
46432,-1e-05,-3e-05,-5e-05,-5e-05,-4e-05,-1e-05,-1e-05,-2e-05,0
46433,-1e-05,-3e-05,-5e-05,-5e-05,-4e-05,-1e-05,-1e-05,-2e-05,0
46434,-1e-05,-3e-05,-5e-05,-5e-05,-4e-05,-1e-05,-1e-05,-2e-05,0
46435,-1e-05,-3e-05,-5e-05,-5e-05,-4e-05,-1e-05,-1e-05,-2e-05,0
46436,1e-05,2e-05,3e-05,-1e-05,1e-05,-1e-05,1e-05,0.0,0
46438,0.0,-1e-05,-3e-05,0.0,-1e-05,-3e-05,0.0,-1e-05,0
46440,0.0,-1e-05,-3e-05,0.0,-1e-05,-3e-05,0.0,-1e-05,0
46441,0.0,-1e-05,-3e-05,0.0,-1e-05,-3e-05,0.0,-1e-05,0
46442,0.0,-1e-05,-3e-05,0.0,-1e-05,-3e-05,0.0,-1e-05,0
46443,0.0,-1e-05,-3e-05,0.0,-1e-05,-3e-05,0.0,-1e-05,0
46444,0.0,-1e-05,-3e-05,0.0,-1e-05,-3e-05,0.0,-1e-05,0
46445,0.0,-1e-05,-3e-05,0.0,-1e-05,-3e-05,0.0,-1e-05,0
46446,0.0,-1e-05,-3e-05,0.0,-1e-05,-3e-05,0.0,-1e-05,0
46447,0.0,-1e-05,-3e-05,0.0,-1e-05,-3e-05,0.0,-1e-05,0
46448,0.0,-1e-05,-3e-05,0.0,-1e-05,-3e-05,0.0,-1e-05,0
46449,0.0,-1e-05,-3e-05,0.0,-1e-05,-3e-05,0.0,-1e-05,0
46450,0.0,-1e-05,-3e-05,0.0,-1e-05,-3e-05,0.0,-1e-05,0
46451,0.0,-1e-05,-3e-05,0.0,-1e-05,-3e-05,0.0,-1e-05,0
46452,0.0,-1e-05,-3e-05,0.0,-1e-05,-3e-05,0.0,-1e-05,0
46453,0.0,-1e-05,-3e-05,0.0,-1e-05,-3e-05,0.0,-1e-05,0
46454,0.0,-1e-05,-3e-05,0.0,-1e-05,-3e-05,0.0,-1e-05,0
46455,0.0,-1e-05,-3e-05,0.0,-1e-05,-3e-05,0.0,-1e-05,0
46456,0.0,-1e-05,-3e-05,0.0,-1e-05,-3e-05,0.0,-1e-05,0
46457,0.0,-1e-05,-3e-05,0.0,-1e-05,-3e-05,0.0,-1e-05,0
46458,-2e-05,-4e-05,-4e-05,0.0,-4e-05,-1e-05,-1e-05,1e-05,0
46459,-2e-05,-4e-05,-4e-05,0.0,-4e-05,-1e-05,-1e-05,1e-05,0
46460,1e-05,-3e-05,-1e-05,-8e-05,1e-05,-1e-05,0.0,-1e-05,0
46461,1e-05,-3e-05,-1e-05,-8e-05,1e-05,-1e-05,0.0,-1e-05,0
46462,1e-05,-3e-05,-1e-05,-8e-05,1e-05,-1e-05,0.0,-1e-05,0
46463,1e-05,-3e-05,-1e-05,-8e-05,1e-05,-1e-05,0.0,-1e-05,0
46464,1e-05,-3e-05,-1e-05,-8e-05,1e-05,-1e-05,0.0,-1e-05,0
46465,1e-05,-3e-05,-1e-05,-8e-05,1e-05,-1e-05,0.0,-1e-05,0
46466,1e-05,-3e-05,-1e-05,-8e-05,1e-05,-1e-05,0.0,-1e-05,0
46467,1e-05,-3e-05,-1e-05,-8e-05,1e-05,-1e-05,0.0,-1e-05,0
46468,1e-05,-3e-05,-1e-05,-8e-05,1e-05,-1e-05,0.0,-1e-05,0
46469,1e-05,-3e-05,-1e-05,-8e-05,1e-05,-1e-05,0.0,-1e-05,0
46470,1e-05,-3e-05,-1e-05,-8e-05,1e-05,-1e-05,0.0,-1e-05,0
46471,1e-05,-3e-05,-1e-05,-8e-05,1e-05,-1e-05,0.0,-1e-05,0
46472,1e-05,-3e-05,-1e-05,-8e-05,1e-05,-1e-05,0.0,-1e-05,0
46473,1e-05,-3e-05,-1e-05,-8e-05,1e-05,-1e-05,0.0,-1e-05,0
46474,1e-05,-3e-05,-1e-05,-8e-05,1e-05,-1e-05,0.0,-1e-05,0
46475,1e-05,-3e-05,-1e-05,-8e-05,1e-05,-1e-05,0.0,-1e-05,0
46476,1e-05,-3e-05,-1e-05,-8e-05,1e-05,-1e-05,0.0,-1e-05,0
46477,1e-05,-3e-05,-1e-05,-8e-05,1e-05,-1e-05,0.0,-1e-05,0
46478,1e-05,-3e-05,-1e-05,-8e-05,1e-05,-1e-05,0.0,-1e-05,0
46479,1e-05,-3e-05,-1e-05,-8e-05,1e-05,-1e-05,0.0,-1e-05,0
46480,1e-05,-3e-05,-1e-05,-8e-05,1e-05,-1e-05,0.0,-1e-05,0
46481,0.0,-3e-05,-2e-05,7e-05,-1e-05,-1e-05,-1e-05,-1e-05,0
46482,-1e-05,-1e-05,1e-05,4e-05,-5e-05,0.0,-2e-05,-1e-05,0
46483,-1e-05,-1e-05,1e-05,4e-05,-5e-05,0.0,-2e-05,-1e-05,0
46484,-1e-05,-1e-05,1e-05,4e-05,-5e-05,0.0,-2e-05,-1e-05,0
46485,-1e-05,-1e-05,1e-05,4e-05,-5e-05,0.0,-2e-05,-1e-05,0
46486,-1e-05,-1e-05,1e-05,4e-05,-5e-05,0.0,-2e-05,-1e-05,0
46488,-1e-05,-1e-05,1e-05,4e-05,-5e-05,0.0,-2e-05,-1e-05,0
46489,-1e-05,-1e-05,1e-05,4e-05,-5e-05,0.0,-2e-05,-1e-05,0
46490,-1e-05,-1e-05,1e-05,4e-05,-5e-05,0.0,-2e-05,-1e-05,0
46491,-1e-05,-1e-05,1e-05,4e-05,-5e-05,0.0,-2e-05,-1e-05,0
46492,-1e-05,-1e-05,1e-05,4e-05,-5e-05,0.0,-2e-05,-1e-05,0
46493,-1e-05,-1e-05,1e-05,4e-05,-5e-05,0.0,-2e-05,-1e-05,0
46494,-1e-05,-1e-05,1e-05,4e-05,-5e-05,0.0,-2e-05,-1e-05,0
46495,-1e-05,-1e-05,1e-05,4e-05,-5e-05,0.0,-2e-05,-1e-05,0
46496,-4e-05,-8e-05,-9e-05,-8e-05,-1e-05,-2e-05,-2e-05,-3e-05,0
46497,-2e-05,0.0,0.0,-4e-05,-1e-05,-3e-05,-1e-05,0.0,0
46498,-2e-05,0.0,0.0,-4e-05,-1e-05,-3e-05,-1e-05,0.0,0
46499,-2e-05,0.0,0.0,-4e-05,-1e-05,-3e-05,-1e-05,0.0,0
46500,-2e-05,0.0,0.0,-4e-05,-1e-05,-3e-05,-1e-05,0.0,0
46501,-2e-05,0.0,0.0,-4e-05,-1e-05,-3e-05,-1e-05,0.0,0
46502,-2e-05,0.0,0.0,-4e-05,-1e-05,-3e-05,-1e-05,0.0,0
46503,-2e-05,0.0,0.0,-4e-05,-1e-05,-3e-05,-1e-05,0.0,0
46504,-2e-05,0.0,0.0,-4e-05,-1e-05,-3e-05,-1e-05,0.0,0
46505,-2e-05,0.0,0.0,-4e-05,-1e-05,-3e-05,-1e-05,0.0,0
46506,-2e-05,0.0,0.0,-4e-05,-1e-05,-3e-05,-1e-05,0.0,0
46507,-2e-05,0.0,0.0,-4e-05,-1e-05,-3e-05,-1e-05,0.0,0
46508,-2e-05,0.0,0.0,-4e-05,-1e-05,-3e-05,-1e-05,0.0,0
46509,-2e-05,0.0,0.0,-4e-05,-1e-05,-3e-05,-1e-05,0.0,0
46510,-1e-05,-2e-05,-0.00011,-3e-05,-4e-05,-2e-05,-3e-05,0.0,0
46511,-1e-05,-2e-05,-0.00011,-3e-05,-4e-05,-2e-05,-3e-05,0.0,0
46512,-1e-05,-2e-05,-0.00011,-3e-05,-4e-05,-2e-05,-3e-05,0.0,0
46513,-1e-05,-2e-05,-0.00011,-3e-05,-4e-05,-2e-05,-3e-05,0.0,0
46514,-1e-05,-2e-05,-0.00011,-3e-05,-4e-05,-2e-05,-3e-05,0.0,0
46515,-1e-05,-2e-05,-0.00011,-3e-05,-4e-05,-2e-05,-3e-05,0.0,0
46516,-1e-05,-2e-05,-0.00011,-3e-05,-4e-05,-2e-05,-3e-05,0.0,0
46517,-1e-05,0.0,-1e-05,0.0,-1e-05,-2e-05,0.0,-1e-05,0
46518,-1e-05,0.0,-1e-05,0.0,-1e-05,-2e-05,0.0,-1e-05,0
46519,-1e-05,0.0,-1e-05,0.0,-1e-05,-2e-05,0.0,-1e-05,0
46520,-1e-05,0.0,-1e-05,0.0,-1e-05,-2e-05,0.0,-1e-05,0
46521,-1e-05,0.0,-1e-05,0.0,-1e-05,-2e-05,0.0,-1e-05,0
46522,-1e-05,0.0,-1e-05,0.0,-1e-05,-2e-05,0.0,-1e-05,0
46523,-1e-05,0.0,-1e-05,0.0,-1e-05,-2e-05,0.0,-1e-05,0
46524,-1e-05,0.0,-1e-05,0.0,-1e-05,-2e-05,0.0,-1e-05,0
46525,-1e-05,0.0,-1e-05,0.0,-1e-05,-2e-05,0.0,-1e-05,0
46526,-1e-05,0.0,-1e-05,0.0,-1e-05,-2e-05,0.0,-1e-05,0
46527,-1e-05,0.0,-1e-05,0.0,-1e-05,-2e-05,0.0,-1e-05,0
46528,-1e-05,0.0,-1e-05,0.0,-1e-05,-2e-05,0.0,-1e-05,0
46529,-1e-05,0.0,-1e-05,0.0,-1e-05,-2e-05,0.0,-1e-05,0
46530,-1e-05,0.0,-1e-05,0.0,-1e-05,-2e-05,0.0,-1e-05,0
46531,-1e-05,0.0,-1e-05,0.0,-1e-05,-2e-05,0.0,-1e-05,0
46532,-1e-05,0.0,-1e-05,0.0,-1e-05,-2e-05,0.0,-1e-05,0
46533,-1e-05,2e-05,3e-05,-1e-05,1e-05,0.0,0.0,-1e-05,0
46534,-1e-05,2e-05,3e-05,-1e-05,1e-05,0.0,0.0,-1e-05,0
46535,-2e-05,-2e-05,-7e-05,-5e-05,-2e-05,-1e-05,-1e-05,-2e-05,0
46536,-2e-05,-2e-05,-7e-05,-5e-05,-2e-05,-1e-05,-1e-05,-2e-05,0
46538,-2e-05,-2e-05,-7e-05,-5e-05,-2e-05,-1e-05,-1e-05,-2e-05,0
46539,-2e-05,-2e-05,-7e-05,-5e-05,-2e-05,-1e-05,-1e-05,-2e-05,0
46540,-2e-05,-2e-05,-7e-05,-5e-05,-2e-05,-1e-05,-1e-05,-2e-05,0
46541,-2e-05,-2e-05,-7e-05,-5e-05,-2e-05,-1e-05,-1e-05,-2e-05,0
46542,-2e-05,-2e-05,-7e-05,-5e-05,-2e-05,-1e-05,-1e-05,-2e-05,0
46543,-2e-05,-2e-05,-7e-05,-5e-05,-2e-05,-1e-05,-1e-05,-2e-05,0
46544,-2e-05,-2e-05,-7e-05,-5e-05,-2e-05,-1e-05,-1e-05,-2e-05,0
46545,-2e-05,-2e-05,-7e-05,-5e-05,-2e-05,-1e-05,-1e-05,-2e-05,0
46546,-2e-05,-2e-05,-7e-05,-5e-05,-2e-05,-1e-05,-1e-05,-2e-05,0
46547,-2e-05,-2e-05,-7e-05,-5e-05,-2e-05,-1e-05,-1e-05,-2e-05,0
46548,-2e-05,-2e-05,-7e-05,-5e-05,-2e-05,-1e-05,-1e-05,-2e-05,0
46549,-2e-05,-2e-05,-7e-05,-5e-05,-2e-05,-1e-05,-1e-05,-2e-05,0
46550,-2e-05,-2e-05,-7e-05,-5e-05,-2e-05,-1e-05,-1e-05,-2e-05,0
46551,-2e-05,-2e-05,-7e-05,-5e-05,-2e-05,-1e-05,-1e-05,-2e-05,0
46552,-2e-05,-2e-05,-7e-05,-5e-05,-2e-05,-1e-05,-1e-05,-2e-05,0
46553,-2e-05,-2e-05,-7e-05,-5e-05,-2e-05,-1e-05,-1e-05,-2e-05,0
46554,-2e-05,-2e-05,-7e-05,-5e-05,-2e-05,-1e-05,-1e-05,-2e-05,0
46555,-2e-05,-2e-05,-7e-05,-5e-05,-2e-05,-1e-05,-1e-05,-2e-05,0
46556,0.0,1e-05,3e-05,5e-05,0.0,0.0,0.0,-3e-05,0
46557,-1e-05,1e-05,4e-05,6e-05,-3e-05,0.0,0.0,-1e-05,0
46558,-1e-05,1e-05,4e-05,6e-05,-3e-05,0.0,0.0,-1e-05,0
46559,-1e-05,1e-05,4e-05,6e-05,-3e-05,0.0,0.0,-1e-05,0
46560,-1e-05,1e-05,4e-05,6e-05,-3e-05,0.0,0.0,-1e-05,0
46561,-1e-05,1e-05,4e-05,6e-05,-3e-05,0.0,0.0,-1e-05,0
46562,-1e-05,1e-05,4e-05,6e-05,-3e-05,0.0,0.0,-1e-05,0
46563,-1e-05,1e-05,4e-05,6e-05,-3e-05,0.0,0.0,-1e-05,0
46564,-1e-05,1e-05,4e-05,6e-05,-3e-05,0.0,0.0,-1e-05,0
46565,-1e-05,1e-05,4e-05,6e-05,-3e-05,0.0,0.0,-1e-05,0
46566,-1e-05,1e-05,4e-05,6e-05,-3e-05,0.0,0.0,-1e-05,0
46567,-1e-05,1e-05,4e-05,6e-05,-3e-05,0.0,0.0,-1e-05,0
46568,-1e-05,1e-05,4e-05,6e-05,-3e-05,0.0,0.0,-1e-05,0
46569,-1e-05,1e-05,4e-05,6e-05,-3e-05,0.0,0.0,-1e-05,0
46570,-1e-05,1e-05,4e-05,6e-05,-3e-05,0.0,0.0,-1e-05,0
46571,-1e-05,1e-05,4e-05,6e-05,-3e-05,0.0,0.0,-1e-05,0
46572,-1e-05,1e-05,4e-05,6e-05,-3e-05,0.0,0.0,-1e-05,0
46573,-1e-05,1e-05,4e-05,6e-05,-3e-05,0.0,0.0,-1e-05,0
46574,-1e-05,1e-05,4e-05,6e-05,-3e-05,0.0,0.0,-1e-05,0
46575,-1e-05,1e-05,4e-05,6e-05,-3e-05,0.0,0.0,-1e-05,0
46576,-1e-05,1e-05,4e-05,6e-05,-3e-05,0.0,0.0,-1e-05,0
46577,-1e-05,1e-05,4e-05,6e-05,-3e-05,0.0,0.0,-1e-05,0
46578,-1e-05,-1e-05,-1e-05,-4e-05,-3e-05,-1e-05,-1e-05,-3e-05,0
46579,-1e-05,-1e-05,-1e-05,-4e-05,-3e-05,-1e-05,-1e-05,-3e-05,0
46580,-1e-05,-3e-05,-2e-05,1e-05,-3e-05,-1e-05,-1e-05,-1e-05,0
46581,-1e-05,-3e-05,-2e-05,1e-05,-3e-05,-1e-05,-1e-05,-1e-05,0
46582,-1e-05,-3e-05,-2e-05,1e-05,-3e-05,-1e-05,-1e-05,-1e-05,0
46583,-1e-05,-3e-05,-2e-05,1e-05,-3e-05,-1e-05,-1e-05,-1e-05,0
46584,-1e-05,-3e-05,-2e-05,1e-05,-3e-05,-1e-05,-1e-05,-1e-05,0
46585,-1e-05,-3e-05,-2e-05,1e-05,-3e-05,-1e-05,-1e-05,-1e-05,0
46586,-1e-05,-3e-05,-2e-05,1e-05,-3e-05,-1e-05,-1e-05,-1e-05,0
46588,-1e-05,-3e-05,-2e-05,1e-05,-3e-05,-1e-05,-1e-05,-1e-05,0
46589,-1e-05,-3e-05,-2e-05,1e-05,-3e-05,-1e-05,-1e-05,-1e-05,0
46590,-1e-05,-3e-05,-2e-05,1e-05,-3e-05,-1e-05,-1e-05,-1e-05,0
46591,-1e-05,-3e-05,-2e-05,1e-05,-3e-05,-1e-05,-1e-05,-1e-05,0
46592,-1e-05,-3e-05,-2e-05,1e-05,-3e-05,-1e-05,-1e-05,-1e-05,0
46593,-1e-05,-3e-05,-2e-05,1e-05,-3e-05,-1e-05,-1e-05,-1e-05,0
46594,-1e-05,-3e-05,-2e-05,1e-05,-3e-05,-1e-05,-1e-05,-1e-05,0
46595,-1e-05,-3e-05,-2e-05,1e-05,-3e-05,-1e-05,-1e-05,-1e-05,0
46596,-1e-05,-3e-05,-2e-05,1e-05,-3e-05,-1e-05,-1e-05,-1e-05,0
46597,-1e-05,-3e-05,-2e-05,1e-05,-3e-05,-1e-05,-1e-05,-1e-05,0
46598,-1e-05,-3e-05,-2e-05,1e-05,-3e-05,-1e-05,-1e-05,-1e-05,0
46599,-1e-05,-3e-05,-2e-05,1e-05,-3e-05,-1e-05,-1e-05,-1e-05,0
46600,-1e-05,-3e-05,-2e-05,1e-05,-3e-05,-1e-05,-1e-05,-1e-05,0
46601,-1e-05,-2e-05,1e-05,0.0,-2e-05,2e-05,-2e-05,1e-05,0
46602,-2e-05,-3e-05,0.0,0.0,0.0,-2e-05,-1e-05,-1e-05,0
46603,-2e-05,-3e-05,0.0,0.0,0.0,-2e-05,-1e-05,-1e-05,0
46604,-2e-05,-3e-05,0.0,0.0,0.0,-2e-05,-1e-05,-1e-05,0
46605,-2e-05,-3e-05,0.0,0.0,0.0,-2e-05,-1e-05,-1e-05,0
46606,-2e-05,-3e-05,0.0,0.0,0.0,-2e-05,-1e-05,-1e-05,0
46607,-2e-05,-3e-05,0.0,0.0,0.0,-2e-05,-1e-05,-1e-05,0
46608,-2e-05,-3e-05,0.0,0.0,0.0,-2e-05,-1e-05,-1e-05,0
46609,-2e-05,-3e-05,0.0,0.0,0.0,-2e-05,-1e-05,-1e-05,0
46610,-2e-05,-3e-05,0.0,0.0,0.0,-2e-05,-1e-05,-1e-05,0
46611,-2e-05,-3e-05,0.0,0.0,0.0,-2e-05,-1e-05,-1e-05,0
46612,-2e-05,-3e-05,0.0,0.0,0.0,-2e-05,-1e-05,-1e-05,0
46613,-2e-05,-3e-05,0.0,0.0,0.0,-2e-05,-1e-05,-1e-05,0
46614,-2e-05,-3e-05,0.0,0.0,0.0,-2e-05,-1e-05,-1e-05,0
46615,-2e-05,-3e-05,0.0,0.0,0.0,-2e-05,-1e-05,-1e-05,0
46616,-1e-05,3e-05,3e-05,-8e-05,0.0,-2e-05,-1e-05,-3e-05,0
46617,-1e-05,3e-05,3e-05,-8e-05,0.0,-2e-05,-1e-05,-3e-05,0
46618,-2e-05,-1e-05,-1e-05,6e-05,0.0,0.0,-2e-05,-2e-05,0
46619,-2e-05,-1e-05,-1e-05,6e-05,0.0,0.0,-2e-05,-2e-05,0
46620,-2e-05,-1e-05,-1e-05,6e-05,0.0,0.0,-2e-05,-2e-05,0
46621,-2e-05,-1e-05,-1e-05,6e-05,0.0,0.0,-2e-05,-2e-05,0
46622,-2e-05,-1e-05,-1e-05,6e-05,0.0,0.0,-2e-05,-2e-05,0
46623,-2e-05,-1e-05,-1e-05,6e-05,0.0,0.0,-2e-05,-2e-05,0
46624,-2e-05,-1e-05,-1e-05,6e-05,0.0,0.0,-2e-05,-2e-05,0
46625,-2e-05,-1e-05,-1e-05,6e-05,0.0,0.0,-2e-05,-2e-05,0
46626,-2e-05,-1e-05,-1e-05,6e-05,0.0,0.0,-2e-05,-2e-05,0
46627,-2e-05,-1e-05,-1e-05,6e-05,0.0,0.0,-2e-05,-2e-05,0
46628,-2e-05,-1e-05,-1e-05,6e-05,0.0,0.0,-2e-05,-2e-05,0
46629,-2e-05,-1e-05,-1e-05,6e-05,0.0,0.0,-2e-05,-2e-05,0
46630,-2e-05,-1e-05,-1e-05,6e-05,0.0,0.0,-2e-05,-2e-05,0
46631,-2e-05,-1e-05,-1e-05,6e-05,0.0,0.0,-2e-05,-2e-05,0
46632,-2e-05,-1e-05,-1e-05,6e-05,0.0,0.0,-2e-05,-2e-05,0
46633,-2e-05,-1e-05,-1e-05,6e-05,0.0,0.0,-2e-05,-2e-05,0
46634,-2e-05,-1e-05,-1e-05,6e-05,0.0,0.0,-2e-05,-2e-05,0
46635,-2e-05,-1e-05,-1e-05,6e-05,0.0,0.0,-2e-05,-2e-05,0
46636,-2e-05,-1e-05,-1e-05,6e-05,0.0,0.0,-2e-05,-2e-05,0
46638,-2e-05,-1e-05,-1e-05,6e-05,0.0,0.0,-2e-05,-2e-05,0
46639,-2e-05,-1e-05,-1e-05,6e-05,0.0,0.0,-2e-05,-2e-05,0
46640,-2e-05,-1e-05,-1e-05,6e-05,0.0,0.0,-2e-05,-2e-05,0
46641,-2e-05,-1e-05,-1e-05,8e-05,0.0,-1e-05,-1e-05,0.0,0
46642,-2e-05,-1e-05,-1e-05,8e-05,0.0,-1e-05,-1e-05,0.0,0
46643,-2e-05,-1e-05,-1e-05,8e-05,0.0,-1e-05,-1e-05,0.0,0
46644,-2e-05,-1e-05,-1e-05,8e-05,0.0,-1e-05,-1e-05,0.0,0
46646,-2e-05,-1e-05,-1e-05,8e-05,0.0,-1e-05,-1e-05,0.0,0
46647,-2e-05,-1e-05,-1e-05,8e-05,0.0,-1e-05,-1e-05,0.0,0
46648,-2e-05,-1e-05,-1e-05,8e-05,0.0,-1e-05,-1e-05,0.0,0
46649,-2e-05,-1e-05,-1e-05,8e-05,0.0,-1e-05,-1e-05,0.0,0
46650,-2e-05,-1e-05,-1e-05,8e-05,0.0,-1e-05,-1e-05,0.0,0
46651,-2e-05,-1e-05,-1e-05,8e-05,0.0,-1e-05,-1e-05,0.0,0
46652,-2e-05,-1e-05,-1e-05,8e-05,0.0,-1e-05,-1e-05,0.0,0
46653,1e-05,-2e-05,0.0,-7e-05,-1e-05,-1e-05,0.0,-1e-05,0
46654,1e-05,-2e-05,0.0,-7e-05,-1e-05,-1e-05,0.0,-1e-05,0
46655,1e-05,0.0,-1e-05,-1e-05,-2e-05,1e-05,-2e-05,0.0,0
46656,1e-05,0.0,-1e-05,-1e-05,-2e-05,1e-05,-2e-05,0.0,0
46657,1e-05,0.0,-1e-05,-1e-05,-2e-05,1e-05,-2e-05,0.0,0
46658,1e-05,0.0,-1e-05,-1e-05,-2e-05,1e-05,-2e-05,0.0,0
46659,1e-05,0.0,-1e-05,-1e-05,-2e-05,1e-05,-2e-05,0.0,0
46660,1e-05,0.0,-1e-05,-1e-05,-2e-05,1e-05,-2e-05,0.0,0
46661,1e-05,0.0,-1e-05,-1e-05,-2e-05,1e-05,-2e-05,0.0,0
46662,1e-05,0.0,-1e-05,-1e-05,-2e-05,1e-05,-2e-05,0.0,0
46663,1e-05,0.0,-1e-05,-1e-05,-2e-05,1e-05,-2e-05,0.0,0
46664,1e-05,0.0,-1e-05,-1e-05,-2e-05,1e-05,-2e-05,0.0,0
46665,1e-05,0.0,-1e-05,-1e-05,-2e-05,1e-05,-2e-05,0.0,0
46666,1e-05,0.0,-1e-05,-1e-05,-2e-05,1e-05,-2e-05,0.0,0
46667,1e-05,0.0,-1e-05,-1e-05,-2e-05,1e-05,-2e-05,0.0,0
46668,1e-05,0.0,-1e-05,-1e-05,-2e-05,1e-05,-2e-05,0.0,0
46669,1e-05,0.0,-1e-05,-1e-05,-2e-05,1e-05,-2e-05,0.0,0
46670,1e-05,0.0,-1e-05,-1e-05,-2e-05,1e-05,-2e-05,0.0,0
46671,1e-05,0.0,-1e-05,-1e-05,-2e-05,1e-05,-2e-05,0.0,0
46672,1e-05,0.0,-1e-05,-1e-05,-2e-05,1e-05,-2e-05,0.0,0
46673,1e-05,0.0,-1e-05,-1e-05,-2e-05,1e-05,-2e-05,0.0,0
46674,1e-05,0.0,-1e-05,-1e-05,-2e-05,1e-05,-2e-05,0.0,0
46675,1e-05,0.0,-1e-05,-1e-05,-2e-05,1e-05,-2e-05,0.0,0
46676,-1e-05,2e-05,6e-05,2e-05,-2e-05,0.0,0.0,0.0,0
46677,-1e-05,-3e-05,-4e-05,-8e-05,-1e-05,-1e-05,-1e-05,-1e-05,0
46678,-1e-05,-3e-05,-4e-05,-8e-05,-1e-05,-1e-05,-1e-05,-1e-05,0
46679,-1e-05,-3e-05,-4e-05,-8e-05,-1e-05,-1e-05,-1e-05,-1e-05,0
46680,-1e-05,-3e-05,-4e-05,-8e-05,-1e-05,-1e-05,-1e-05,-1e-05,0
46681,-1e-05,-3e-05,-4e-05,-8e-05,-1e-05,-1e-05,-1e-05,-1e-05,0
46682,-1e-05,-3e-05,-4e-05,-8e-05,-1e-05,-1e-05,-1e-05,-1e-05,0
46683,-1e-05,-3e-05,-4e-05,-8e-05,-1e-05,-1e-05,-1e-05,-1e-05,0
46684,-1e-05,-3e-05,-4e-05,-8e-05,-1e-05,-1e-05,-1e-05,-1e-05,0
46685,-1e-05,-3e-05,-4e-05,-8e-05,-1e-05,-1e-05,-1e-05,-1e-05,0
46686,-1e-05,-3e-05,-4e-05,-8e-05,-1e-05,-1e-05,-1e-05,-1e-05,0
46688,-1e-05,-3e-05,-4e-05,-8e-05,-1e-05,-1e-05,-1e-05,-1e-05,0
46689,-1e-05,-3e-05,-4e-05,-8e-05,-1e-05,-1e-05,-1e-05,-1e-05,0
46690,0.0,1e-05,-4e-05,-4e-05,-2e-05,-3e-05,0.0,-2e-05,0
46691,0.0,1e-05,-4e-05,-4e-05,-2e-05,-3e-05,0.0,-2e-05,0
46692,0.0,1e-05,-4e-05,-4e-05,-2e-05,-3e-05,0.0,-2e-05,0
46693,0.0,1e-05,-4e-05,-4e-05,-2e-05,-3e-05,0.0,-2e-05,0
46694,0.0,1e-05,-4e-05,-4e-05,-2e-05,-3e-05,0.0,-2e-05,0
46695,0.0,1e-05,-4e-05,-4e-05,-2e-05,-3e-05,0.0,-2e-05,0
46696,0.0,1e-05,-4e-05,-4e-05,-2e-05,-3e-05,0.0,-2e-05,0
46697,0.0,1e-05,-4e-05,-4e-05,-2e-05,-3e-05,0.0,-2e-05,0
46698,-3e-05,-4e-05,-5e-05,-4e-05,-2e-05,0.0,0.0,1e-05,0
46699,-3e-05,-4e-05,-5e-05,-4e-05,-2e-05,0.0,0.0,1e-05,0
46700,-3e-05,-4e-05,-5e-05,-4e-05,-2e-05,0.0,0.0,1e-05,0
46701,-3e-05,-4e-05,-5e-05,-4e-05,-2e-05,0.0,0.0,1e-05,0
46702,-3e-05,-4e-05,-5e-05,-4e-05,-2e-05,0.0,0.0,1e-05,0
46703,-3e-05,-4e-05,-5e-05,-4e-05,-2e-05,0.0,0.0,1e-05,0
46704,-3e-05,-4e-05,-5e-05,-4e-05,-2e-05,0.0,0.0,1e-05,0
46705,-3e-05,-4e-05,-5e-05,-4e-05,-2e-05,0.0,0.0,1e-05,0
46706,-3e-05,-4e-05,-5e-05,-4e-05,-2e-05,0.0,0.0,1e-05,0
46707,-3e-05,-4e-05,-5e-05,-4e-05,-2e-05,0.0,0.0,1e-05,0
46708,-3e-05,-4e-05,-5e-05,-4e-05,-2e-05,0.0,0.0,1e-05,0
46709,-3e-05,-4e-05,-5e-05,-4e-05,-2e-05,0.0,0.0,1e-05,0
46710,-3e-05,-4e-05,-5e-05,-4e-05,-2e-05,0.0,0.0,1e-05,0
46711,-3e-05,-4e-05,-5e-05,-4e-05,-2e-05,0.0,0.0,1e-05,0
46712,-3e-05,-4e-05,-5e-05,-4e-05,-2e-05,0.0,0.0,1e-05,0
46713,-3e-05,-4e-05,-5e-05,-4e-05,-2e-05,0.0,0.0,1e-05,0
46714,-3e-05,-4e-05,-5e-05,-4e-05,-2e-05,0.0,0.0,1e-05,0
46715,-3e-05,-4e-05,-5e-05,-4e-05,-2e-05,0.0,0.0,1e-05,0
46716,-3e-05,-4e-05,-5e-05,-4e-05,-2e-05,0.0,0.0,1e-05,0
46717,-3e-05,-4e-05,-5e-05,-4e-05,-2e-05,0.0,0.0,1e-05,0
46718,-3e-05,-4e-05,-5e-05,-4e-05,-2e-05,0.0,0.0,1e-05,0
46719,-3e-05,-4e-05,-5e-05,-4e-05,-2e-05,0.0,0.0,1e-05,0
46720,-3e-05,-4e-05,-5e-05,-4e-05,-2e-05,0.0,0.0,1e-05,0
46721,1e-05,0.0,-2e-05,-1e-05,2e-05,-2e-05,-2e-05,-1e-05,0
46722,1e-05,2e-05,5e-05,0.0,1e-05,-2e-05,0.0,-1e-05,0
46723,1e-05,2e-05,5e-05,0.0,1e-05,-2e-05,0.0,-1e-05,0
46724,1e-05,2e-05,5e-05,0.0,1e-05,-2e-05,0.0,-1e-05,0
46725,1e-05,2e-05,5e-05,0.0,1e-05,-2e-05,0.0,-1e-05,0
46726,1e-05,2e-05,5e-05,0.0,1e-05,-2e-05,0.0,-1e-05,0
46727,1e-05,2e-05,5e-05,0.0,1e-05,-2e-05,0.0,-1e-05,0
46728,1e-05,2e-05,5e-05,0.0,1e-05,-2e-05,0.0,-1e-05,0
46729,1e-05,2e-05,5e-05,0.0,1e-05,-2e-05,0.0,-1e-05,0
46730,1e-05,2e-05,5e-05,0.0,1e-05,-2e-05,0.0,-1e-05,0
46731,1e-05,2e-05,5e-05,0.0,1e-05,-2e-05,0.0,-1e-05,0
46732,1e-05,2e-05,5e-05,0.0,1e-05,-2e-05,0.0,-1e-05,0
46733,1e-05,2e-05,5e-05,0.0,1e-05,-2e-05,0.0,-1e-05,0
46734,1e-05,2e-05,5e-05,0.0,1e-05,-2e-05,0.0,-1e-05,0
46735,1e-05,2e-05,5e-05,0.0,1e-05,-2e-05,0.0,-1e-05,0
46736,1e-05,2e-05,5e-05,0.0,1e-05,-2e-05,0.0,-1e-05,0
46739,-1e-05,-3e-05,-1e-05,-0.00011,-5e-05,1e-05,-2e-05,-2e-05,0
46740,-1e-05,-3e-05,-1e-05,-0.00011,-5e-05,1e-05,-2e-05,-2e-05,0
46741,-1e-05,-3e-05,-1e-05,-0.00011,-5e-05,1e-05,-2e-05,-2e-05,0
46742,-1e-05,-3e-05,-1e-05,-0.00011,-5e-05,1e-05,-2e-05,-2e-05,0
46743,-1e-05,-3e-05,-1e-05,-0.00011,-5e-05,1e-05,-2e-05,-2e-05,0
46744,-1e-05,-3e-05,-1e-05,-0.00011,-5e-05,1e-05,-2e-05,-2e-05,0
46745,-1e-05,-3e-05,-1e-05,-0.00011,-5e-05,1e-05,-2e-05,-2e-05,0
46746,-1e-05,-3e-05,-1e-05,-0.00011,-5e-05,1e-05,-2e-05,-2e-05,0
46747,-1e-05,-3e-05,-1e-05,-0.00011,-5e-05,1e-05,-2e-05,-2e-05,0
46748,-1e-05,-3e-05,-1e-05,-0.00011,-5e-05,1e-05,-2e-05,-2e-05,0
46749,-1e-05,-3e-05,-1e-05,-0.00011,-5e-05,1e-05,-2e-05,-2e-05,0
46750,-1e-05,-3e-05,-1e-05,-0.00011,-5e-05,1e-05,-2e-05,-2e-05,0
46751,-1e-05,-3e-05,-1e-05,-0.00011,-5e-05,1e-05,-2e-05,-2e-05,0
46752,-1e-05,-3e-05,-1e-05,-0.00011,-5e-05,1e-05,-2e-05,-2e-05,0
46753,-1e-05,-3e-05,-1e-05,-0.00011,-5e-05,1e-05,-2e-05,-2e-05,0
46754,-1e-05,-3e-05,-1e-05,-0.00011,-5e-05,1e-05,-2e-05,-2e-05,0
46755,-1e-05,-3e-05,-1e-05,-0.00011,-5e-05,1e-05,-2e-05,-2e-05,0
46756,-1e-05,-3e-05,-1e-05,-0.00011,-5e-05,1e-05,-2e-05,-2e-05,0
46757,-1e-05,-3e-05,-1e-05,-0.00011,-5e-05,1e-05,-2e-05,-2e-05,0
46758,0.0,0.0,3e-05,-1e-05,8e-05,2e-05,-1e-05,-1e-05,0
46759,0.0,0.0,3e-05,-1e-05,8e-05,2e-05,-1e-05,-1e-05,0
46760,-3e-05,-6e-05,-7e-05,-5e-05,-3e-05,-1e-05,1e-05,-1e-05,0
46761,-3e-05,-6e-05,-7e-05,-5e-05,-3e-05,-1e-05,1e-05,-1e-05,0
46762,-3e-05,-6e-05,-7e-05,-5e-05,-3e-05,-1e-05,1e-05,-1e-05,0
46763,-3e-05,-6e-05,-7e-05,-5e-05,-3e-05,-1e-05,1e-05,-1e-05,0
46764,-3e-05,-6e-05,-7e-05,-5e-05,-3e-05,-1e-05,1e-05,-1e-05,0
46765,-3e-05,-6e-05,-7e-05,-5e-05,-3e-05,-1e-05,1e-05,-1e-05,0
46766,-3e-05,-6e-05,-7e-05,-5e-05,-3e-05,-1e-05,1e-05,-1e-05,0
46767,-3e-05,-6e-05,-7e-05,-5e-05,-3e-05,-1e-05,1e-05,-1e-05,0
46768,-3e-05,-6e-05,-7e-05,-5e-05,-3e-05,-1e-05,1e-05,-1e-05,0
46769,-3e-05,-6e-05,-7e-05,-5e-05,-3e-05,-1e-05,1e-05,-1e-05,0
46770,-3e-05,-6e-05,-7e-05,-5e-05,-3e-05,-1e-05,1e-05,-1e-05,0
46771,-3e-05,-6e-05,-7e-05,-5e-05,-3e-05,-1e-05,1e-05,-1e-05,0
46772,-3e-05,-6e-05,-7e-05,-5e-05,-3e-05,-1e-05,1e-05,-1e-05,0
46773,0.0,4e-05,3e-05,0.0001,-3e-05,-5e-05,-1e-05,2e-05,0
46774,0.0,4e-05,3e-05,0.0001,-3e-05,-5e-05,-1e-05,2e-05,0
46775,-2e-05,-2e-05,-4e-05,-6e-05,-2e-05,2e-05,-1e-05,-2e-05,0
46776,-2e-05,-2e-05,-4e-05,-6e-05,-2e-05,2e-05,-1e-05,-2e-05,0
46777,-2e-05,-2e-05,-4e-05,-6e-05,-2e-05,2e-05,-1e-05,-2e-05,0
46778,-2e-05,-2e-05,-4e-05,-6e-05,-2e-05,2e-05,-1e-05,-2e-05,0
46779,-2e-05,-2e-05,-4e-05,-6e-05,-2e-05,2e-05,-1e-05,-2e-05,0
46780,-2e-05,-2e-05,-4e-05,-6e-05,-2e-05,2e-05,-1e-05,-2e-05,0
46781,-2e-05,-2e-05,-4e-05,-6e-05,-2e-05,2e-05,-1e-05,-2e-05,0
46782,-2e-05,-2e-05,-4e-05,-6e-05,-2e-05,2e-05,-1e-05,-2e-05,0
46783,-2e-05,-2e-05,-4e-05,-6e-05,-2e-05,2e-05,-1e-05,-2e-05,0
46784,-2e-05,-2e-05,-4e-05,-6e-05,-2e-05,2e-05,-1e-05,-2e-05,0
46785,-2e-05,-2e-05,-4e-05,-6e-05,-2e-05,2e-05,-1e-05,-2e-05,0
46786,-2e-05,-2e-05,-4e-05,-6e-05,-2e-05,2e-05,-1e-05,-2e-05,0
46788,-2e-05,-2e-05,-4e-05,-6e-05,-2e-05,2e-05,-1e-05,-2e-05,0
46789,-2e-05,-2e-05,-4e-05,-6e-05,-2e-05,2e-05,-1e-05,-2e-05,0
46790,-2e-05,-2e-05,-4e-05,-6e-05,-2e-05,2e-05,-1e-05,-2e-05,0
46791,-2e-05,-2e-05,-4e-05,-6e-05,-2e-05,2e-05,-1e-05,-2e-05,0
46792,-2e-05,-2e-05,-4e-05,-6e-05,-2e-05,2e-05,-1e-05,-2e-05,0
46793,-2e-05,-2e-05,-4e-05,-6e-05,-2e-05,2e-05,-1e-05,-2e-05,0
46794,-2e-05,-2e-05,-4e-05,-6e-05,-2e-05,2e-05,-1e-05,-2e-05,0
46795,-2e-05,-2e-05,-4e-05,-6e-05,-2e-05,2e-05,-1e-05,-2e-05,0
46796,-2e-05,-2e-05,-1e-05,-2e-05,-3e-05,-1e-05,0.0,-1e-05,0
46797,-2e-05,1e-05,1e-05,4e-05,0.0,-1e-05,-1e-05,-2e-05,0
46798,-2e-05,1e-05,1e-05,4e-05,0.0,-1e-05,-1e-05,-2e-05,0
46799,-2e-05,1e-05,1e-05,4e-05,0.0,-1e-05,-1e-05,-2e-05,0
46800,-2e-05,1e-05,1e-05,4e-05,0.0,-1e-05,-1e-05,-2e-05,0
46801,-2e-05,1e-05,1e-05,4e-05,0.0,-1e-05,-1e-05,-2e-05,0
46802,-2e-05,1e-05,1e-05,4e-05,0.0,-1e-05,-1e-05,-2e-05,0
46803,-2e-05,1e-05,1e-05,4e-05,0.0,-1e-05,-1e-05,-2e-05,0
46804,-2e-05,1e-05,1e-05,4e-05,0.0,-1e-05,-1e-05,-2e-05,0
46805,-2e-05,1e-05,1e-05,4e-05,0.0,-1e-05,-1e-05,-2e-05,0
46806,-2e-05,1e-05,1e-05,4e-05,0.0,-1e-05,-1e-05,-2e-05,0
46807,-2e-05,1e-05,1e-05,4e-05,0.0,-1e-05,-1e-05,-2e-05,0
46808,-2e-05,1e-05,1e-05,4e-05,0.0,-1e-05,-1e-05,-2e-05,0
46809,-1e-05,2e-05,0.0,0.0,0.0,0.0,0.0,0.0,0
46810,-1e-05,2e-05,0.0,0.0,0.0,0.0,0.0,0.0,0
46811,-1e-05,2e-05,0.0,0.0,0.0,0.0,0.0,0.0,0
46812,-1e-05,2e-05,0.0,0.0,0.0,0.0,0.0,0.0,0
46813,-1e-05,2e-05,0.0,0.0,0.0,0.0,0.0,0.0,0
46814,-1e-05,2e-05,0.0,0.0,0.0,0.0,0.0,0.0,0
46815,-1e-05,2e-05,0.0,0.0,0.0,0.0,0.0,0.0,0
46816,-1e-05,2e-05,0.0,0.0,0.0,0.0,0.0,0.0,0
46817,-1e-05,2e-05,0.0,0.0,0.0,0.0,0.0,0.0,0
46818,-1e-05,2e-05,0.0,0.0,0.0,0.0,0.0,0.0,0
46819,-3e-05,-5e-05,-8e-05,-5e-05,-3e-05,-2e-05,-2e-05,-3e-05,0
46820,-3e-05,-5e-05,-8e-05,-5e-05,-3e-05,-2e-05,-2e-05,-3e-05,0
46821,-3e-05,-5e-05,-8e-05,-5e-05,-3e-05,-2e-05,-2e-05,-3e-05,0
46822,-3e-05,-5e-05,-8e-05,-5e-05,-3e-05,-2e-05,-2e-05,-3e-05,0
46823,-3e-05,-5e-05,-8e-05,-5e-05,-3e-05,-2e-05,-2e-05,-3e-05,0
46824,-3e-05,-5e-05,-8e-05,-5e-05,-3e-05,-2e-05,-2e-05,-3e-05,0
46825,-3e-05,-5e-05,-8e-05,-5e-05,-3e-05,-2e-05,-2e-05,-3e-05,0
46826,-3e-05,-5e-05,-8e-05,-5e-05,-3e-05,-2e-05,-2e-05,-3e-05,0
46827,-3e-05,-5e-05,-8e-05,-5e-05,-3e-05,-2e-05,-2e-05,-3e-05,0
46828,-3e-05,-5e-05,-8e-05,-5e-05,-3e-05,-2e-05,-2e-05,-3e-05,0
46829,-3e-05,-5e-05,-8e-05,-5e-05,-3e-05,-2e-05,-2e-05,-3e-05,0
46830,-3e-05,-5e-05,-8e-05,-5e-05,-3e-05,-2e-05,-2e-05,-3e-05,0
46831,-3e-05,-5e-05,-8e-05,-5e-05,-3e-05,-2e-05,-2e-05,-3e-05,0
46832,-3e-05,-5e-05,-8e-05,-5e-05,-3e-05,-2e-05,-2e-05,-3e-05,0
46833,-1e-05,-2e-05,-1e-05,-3e-05,-1e-05,-1e-05,-1e-05,0.0,0
46834,-1e-05,-2e-05,-1e-05,-3e-05,-1e-05,-1e-05,-1e-05,0.0,0
46835,1e-05,1e-05,3e-05,1e-05,2e-05,-2e-05,-2e-05,1e-05,0
46836,1e-05,1e-05,3e-05,1e-05,2e-05,-2e-05,-2e-05,1e-05,0
46838,1e-05,1e-05,3e-05,1e-05,2e-05,-2e-05,-2e-05,1e-05,0
46839,1e-05,1e-05,3e-05,1e-05,2e-05,-2e-05,-2e-05,1e-05,0
46840,1e-05,1e-05,3e-05,1e-05,2e-05,-2e-05,-2e-05,1e-05,0
46841,1e-05,1e-05,3e-05,1e-05,2e-05,-2e-05,-2e-05,1e-05,0
46842,1e-05,1e-05,3e-05,1e-05,2e-05,-2e-05,-2e-05,1e-05,0
46843,1e-05,1e-05,3e-05,1e-05,2e-05,-2e-05,-2e-05,1e-05,0
46844,1e-05,1e-05,3e-05,1e-05,2e-05,-2e-05,-2e-05,1e-05,0
46845,1e-05,1e-05,3e-05,1e-05,2e-05,-2e-05,-2e-05,1e-05,0
46846,1e-05,1e-05,3e-05,1e-05,2e-05,-2e-05,-2e-05,1e-05,0
46847,1e-05,1e-05,3e-05,1e-05,2e-05,-2e-05,-2e-05,1e-05,0
46848,1e-05,1e-05,3e-05,1e-05,2e-05,-2e-05,-2e-05,1e-05,0
46849,1e-05,1e-05,3e-05,1e-05,2e-05,-2e-05,-2e-05,1e-05,0
46850,1e-05,1e-05,3e-05,1e-05,2e-05,-2e-05,-2e-05,1e-05,0
46851,1e-05,1e-05,3e-05,1e-05,2e-05,-2e-05,-2e-05,1e-05,0
46852,1e-05,1e-05,3e-05,1e-05,2e-05,-2e-05,-2e-05,1e-05,0
46853,1e-05,1e-05,3e-05,1e-05,2e-05,-2e-05,-2e-05,1e-05,0
46854,1e-05,1e-05,3e-05,1e-05,2e-05,-2e-05,-2e-05,1e-05,0
46855,1e-05,1e-05,3e-05,1e-05,2e-05,-2e-05,-2e-05,1e-05,0
46856,-2e-05,-3e-05,-4e-05,-2e-05,-1e-05,1e-05,1e-05,-1e-05,0
46857,1e-05,1e-05,2e-05,4e-05,2e-05,-1e-05,-1e-05,-1e-05,0
46858,1e-05,1e-05,2e-05,4e-05,2e-05,-1e-05,-1e-05,-1e-05,0
46859,1e-05,1e-05,2e-05,4e-05,2e-05,-1e-05,-1e-05,-1e-05,0
46860,1e-05,1e-05,2e-05,4e-05,2e-05,-1e-05,-1e-05,-1e-05,0
46861,1e-05,1e-05,2e-05,4e-05,2e-05,-1e-05,-1e-05,-1e-05,0
46862,1e-05,1e-05,2e-05,4e-05,2e-05,-1e-05,-1e-05,-1e-05,0
46863,1e-05,1e-05,2e-05,4e-05,2e-05,-1e-05,-1e-05,-1e-05,0
46864,1e-05,1e-05,2e-05,4e-05,2e-05,-1e-05,-1e-05,-1e-05,0
46865,1e-05,1e-05,2e-05,4e-05,2e-05,-1e-05,-1e-05,-1e-05,0
46866,1e-05,1e-05,2e-05,4e-05,2e-05,-1e-05,-1e-05,-1e-05,0
46867,1e-05,1e-05,2e-05,4e-05,2e-05,-1e-05,-1e-05,-1e-05,0
46868,1e-05,1e-05,2e-05,4e-05,2e-05,-1e-05,-1e-05,-1e-05,0
46869,1e-05,1e-05,2e-05,4e-05,2e-05,-1e-05,-1e-05,-1e-05,0
46870,1e-05,1e-05,2e-05,4e-05,2e-05,-1e-05,-1e-05,-1e-05,0
46871,1e-05,1e-05,2e-05,4e-05,2e-05,-1e-05,-1e-05,-1e-05,0
46872,1e-05,1e-05,2e-05,4e-05,2e-05,-1e-05,-1e-05,-1e-05,0
46873,1e-05,1e-05,2e-05,4e-05,2e-05,-1e-05,-1e-05,-1e-05,0
46874,1e-05,1e-05,2e-05,4e-05,2e-05,-1e-05,-1e-05,-1e-05,0
46875,1e-05,1e-05,2e-05,4e-05,2e-05,-1e-05,-1e-05,-1e-05,0
46876,1e-05,1e-05,2e-05,4e-05,2e-05,-1e-05,-1e-05,-1e-05,0
46877,1e-05,1e-05,2e-05,4e-05,2e-05,-1e-05,-1e-05,-1e-05,0
46878,-3e-05,-4e-05,-8e-05,-4e-05,-6e-05,-1e-05,-2e-05,-3e-05,0
46879,-3e-05,-4e-05,-8e-05,-4e-05,-6e-05,-1e-05,-2e-05,-3e-05,0
46880,2e-05,4e-05,3e-05,-0.00012,-2e-05,-1e-05,-3e-05,-3e-05,0
46881,2e-05,4e-05,3e-05,-0.00012,-2e-05,-1e-05,-3e-05,-3e-05,0
46882,2e-05,4e-05,3e-05,-0.00012,-2e-05,-1e-05,-3e-05,-3e-05,0
46883,2e-05,4e-05,3e-05,-0.00012,-2e-05,-1e-05,-3e-05,-3e-05,0
46884,2e-05,4e-05,3e-05,-0.00012,-2e-05,-1e-05,-3e-05,-3e-05,0
46885,2e-05,4e-05,3e-05,-0.00012,-2e-05,-1e-05,-3e-05,-3e-05,0
46886,2e-05,4e-05,3e-05,-0.00012,-2e-05,-1e-05,-3e-05,-3e-05,0
46888,2e-05,4e-05,3e-05,-0.00012,-2e-05,-1e-05,-3e-05,-3e-05,0
46889,2e-05,4e-05,3e-05,-0.00012,-2e-05,-1e-05,-3e-05,-3e-05,0
46890,2e-05,4e-05,3e-05,-0.00012,-2e-05,-1e-05,-3e-05,-3e-05,0
46891,2e-05,4e-05,3e-05,-0.00012,-2e-05,-1e-05,-3e-05,-3e-05,0
46892,2e-05,4e-05,3e-05,-0.00012,-2e-05,-1e-05,-3e-05,-3e-05,0
46893,-1e-05,-3e-05,-2e-05,3e-05,0.0,1e-05,-2e-05,0.0,0
46894,-1e-05,-3e-05,-2e-05,3e-05,0.0,1e-05,-2e-05,0.0,0
46895,0.0,0.0,0.0,7e-05,3e-05,1e-05,0.0,0.0,0
46896,0.0,0.0,0.0,7e-05,3e-05,1e-05,0.0,0.0,0
46897,0.0,0.0,0.0,7e-05,3e-05,1e-05,0.0,0.0,0
46898,0.0,0.0,0.0,7e-05,3e-05,1e-05,0.0,0.0,0
46899,0.0,0.0,0.0,7e-05,3e-05,1e-05,0.0,0.0,0
46900,0.0,0.0,0.0,7e-05,3e-05,1e-05,0.0,0.0,0
46901,0.0,0.0,0.0,7e-05,3e-05,1e-05,0.0,0.0,0
46902,0.0,0.0,0.0,7e-05,3e-05,1e-05,0.0,0.0,0
46903,0.0,0.0,0.0,7e-05,3e-05,1e-05,0.0,0.0,0
46904,0.0,0.0,0.0,7e-05,3e-05,1e-05,0.0,0.0,0
46905,0.0,0.0,0.0,7e-05,3e-05,1e-05,0.0,0.0,0
46906,0.0,0.0,0.0,7e-05,3e-05,1e-05,0.0,0.0,0
46907,0.0,0.0,0.0,7e-05,3e-05,1e-05,0.0,0.0,0
46908,0.0,0.0,0.0,7e-05,3e-05,1e-05,0.0,0.0,0
46909,0.0,0.0,0.0,7e-05,3e-05,1e-05,0.0,0.0,0
46910,0.0,0.0,0.0,7e-05,3e-05,1e-05,0.0,0.0,0
46911,0.0,0.0,0.0,7e-05,3e-05,1e-05,0.0,0.0,0
46912,0.0,0.0,0.0,7e-05,3e-05,1e-05,0.0,0.0,0
46913,0.0,0.0,0.0,7e-05,3e-05,1e-05,0.0,0.0,0
46914,0.0,0.0,0.0,7e-05,3e-05,1e-05,0.0,0.0,0
46915,0.0,0.0,0.0,7e-05,3e-05,1e-05,0.0,0.0,0
46916,1e-05,-1e-05,-2e-05,-3e-05,-1e-05,-1e-05,-1e-05,-2e-05,0
46917,1e-05,-1e-05,-2e-05,-3e-05,-1e-05,-1e-05,-1e-05,-2e-05,0
46918,-1e-05,2e-05,3e-05,6e-05,-3e-05,-2e-05,0.0,0.0,0
46919,-2e-05,-2e-05,-2e-05,-5e-05,-5e-05,1e-05,-2e-05,-3e-05,0
46920,-2e-05,-2e-05,-2e-05,-5e-05,-5e-05,1e-05,-2e-05,-3e-05,0
46921,-2e-05,-2e-05,-2e-05,-5e-05,-5e-05,1e-05,-2e-05,-3e-05,0
46922,-2e-05,-2e-05,-2e-05,-5e-05,-5e-05,1e-05,-2e-05,-3e-05,0
46923,-2e-05,-2e-05,-2e-05,-5e-05,-5e-05,1e-05,-2e-05,-3e-05,0
46924,-2e-05,-2e-05,-2e-05,-5e-05,-5e-05,1e-05,-2e-05,-3e-05,0
46925,-2e-05,-2e-05,-2e-05,-5e-05,-5e-05,1e-05,-2e-05,-3e-05,0
46926,-2e-05,-2e-05,-2e-05,-5e-05,-5e-05,1e-05,-2e-05,-3e-05,0
46927,-2e-05,-2e-05,-2e-05,-5e-05,-5e-05,1e-05,-2e-05,-3e-05,0
46928,-2e-05,-2e-05,-2e-05,-5e-05,-5e-05,1e-05,-2e-05,-3e-05,0
46929,0.0,-1e-05,2e-05,0.0,-1e-05,-2e-05,-1e-05,-2e-05,0
46930,0.0,-1e-05,2e-05,0.0,-1e-05,-2e-05,-1e-05,-2e-05,0
46931,0.0,-1e-05,2e-05,0.0,-1e-05,-2e-05,-1e-05,-2e-05,0
46932,0.0,-1e-05,2e-05,0.0,-1e-05,-2e-05,-1e-05,-2e-05,0
46933,0.0,-1e-05,2e-05,0.0,-1e-05,-2e-05,-1e-05,-2e-05,0
46934,0.0,-1e-05,2e-05,0.0,-1e-05,-2e-05,-1e-05,-2e-05,0
46935,0.0,-1e-05,2e-05,0.0,-1e-05,-2e-05,-1e-05,-2e-05,0
46936,0.0,-1e-05,2e-05,0.0,-1e-05,-2e-05,-1e-05,-2e-05,0
46939,-1e-05,1e-05,2e-05,-4e-05,1e-05,-2e-05,-1e-05,0.0,0
46940,-1e-05,1e-05,2e-05,-4e-05,1e-05,-2e-05,-1e-05,0.0,0
46941,-1e-05,1e-05,2e-05,-4e-05,1e-05,-2e-05,-1e-05,0.0,0
46942,-1e-05,1e-05,2e-05,-4e-05,1e-05,-2e-05,-1e-05,0.0,0
46943,-1e-05,1e-05,2e-05,-4e-05,1e-05,-2e-05,-1e-05,0.0,0
46944,-1e-05,1e-05,2e-05,-4e-05,1e-05,-2e-05,-1e-05,0.0,0
46945,-1e-05,1e-05,2e-05,-4e-05,1e-05,-2e-05,-1e-05,0.0,0
46946,-1e-05,1e-05,2e-05,-4e-05,1e-05,-2e-05,-1e-05,0.0,0
46947,-1e-05,1e-05,2e-05,-4e-05,1e-05,-2e-05,-1e-05,0.0,0
46948,-1e-05,1e-05,2e-05,-4e-05,1e-05,-2e-05,-1e-05,0.0,0
46949,-1e-05,1e-05,2e-05,-4e-05,1e-05,-2e-05,-1e-05,0.0,0
46950,-1e-05,1e-05,2e-05,-4e-05,1e-05,-2e-05,-1e-05,0.0,0
46951,-1e-05,1e-05,2e-05,-4e-05,1e-05,-2e-05,-1e-05,0.0,0
46952,-1e-05,1e-05,2e-05,-4e-05,1e-05,-2e-05,-1e-05,0.0,0
46953,-1e-05,1e-05,2e-05,-4e-05,1e-05,-2e-05,-1e-05,0.0,0
46954,1e-05,2e-05,3e-05,2e-05,-1e-05,-1e-05,-2e-05,-1e-05,0
46955,-4e-05,-8e-05,-0.00012,-0.00011,-7e-05,-3e-05,-1e-05,-2e-05,0
46956,-4e-05,-8e-05,-0.00012,-0.00011,-7e-05,-3e-05,-1e-05,-2e-05,0
46957,-4e-05,-8e-05,-0.00012,-0.00011,-7e-05,-3e-05,-1e-05,-2e-05,0
46958,-4e-05,-8e-05,-0.00012,-0.00011,-7e-05,-3e-05,-1e-05,-2e-05,0
46959,-4e-05,-8e-05,-0.00012,-0.00011,-7e-05,-3e-05,-1e-05,-2e-05,0
46960,-4e-05,-8e-05,-0.00012,-0.00011,-7e-05,-3e-05,-1e-05,-2e-05,0
46961,-4e-05,-8e-05,-0.00012,-0.00011,-7e-05,-3e-05,-1e-05,-2e-05,0
46962,-4e-05,-8e-05,-0.00012,-0.00011,-7e-05,-3e-05,-1e-05,-2e-05,0
46963,-4e-05,-8e-05,-0.00012,-0.00011,-7e-05,-3e-05,-1e-05,-2e-05,0
46964,-4e-05,-8e-05,-0.00012,-0.00011,-7e-05,-3e-05,-1e-05,-2e-05,0
46965,-4e-05,-8e-05,-0.00012,-0.00011,-7e-05,-3e-05,-1e-05,-2e-05,0
46966,-4e-05,-8e-05,-0.00012,-0.00011,-7e-05,-3e-05,-1e-05,-2e-05,0
46967,-4e-05,-8e-05,-0.00012,-0.00011,-7e-05,-3e-05,-1e-05,-2e-05,0
46968,-4e-05,-8e-05,-0.00012,-0.00011,-7e-05,-3e-05,-1e-05,-2e-05,0
46969,-4e-05,-8e-05,-0.00012,-0.00011,-7e-05,-3e-05,-1e-05,-2e-05,0
46970,-4e-05,-8e-05,-0.00012,-0.00011,-7e-05,-3e-05,-1e-05,-2e-05,0
46971,-4e-05,-8e-05,-0.00012,-0.00011,-7e-05,-3e-05,-1e-05,-2e-05,0
46972,-4e-05,-8e-05,-0.00012,-0.00011,-7e-05,-3e-05,-1e-05,-2e-05,0
46973,-4e-05,-8e-05,-0.00012,-0.00011,-7e-05,-3e-05,-1e-05,-2e-05,0
46974,-4e-05,-8e-05,-0.00012,-0.00011,-7e-05,-3e-05,-1e-05,-2e-05,0
46975,-4e-05,-8e-05,-0.00012,-0.00011,-7e-05,-3e-05,-1e-05,-2e-05,0
46976,-1e-05,-2e-05,-3e-05,-5e-05,-3e-05,-2e-05,-2e-05,1e-05,0
46977,0.0,2e-05,4e-05,7e-05,3e-05,0.0,-1e-05,-1e-05,0
46978,0.0,2e-05,4e-05,7e-05,3e-05,0.0,-1e-05,-1e-05,0
46979,0.0,2e-05,4e-05,7e-05,3e-05,0.0,-1e-05,-1e-05,0
46980,0.0,2e-05,4e-05,7e-05,3e-05,0.0,-1e-05,-1e-05,0
46981,0.0,2e-05,4e-05,7e-05,3e-05,0.0,-1e-05,-1e-05,0
46982,0.0,2e-05,4e-05,7e-05,3e-05,0.0,-1e-05,-1e-05,0
46983,0.0,2e-05,4e-05,7e-05,3e-05,0.0,-1e-05,-1e-05,0
46984,0.0,2e-05,4e-05,7e-05,3e-05,0.0,-1e-05,-1e-05,0
46985,0.0,2e-05,4e-05,7e-05,3e-05,0.0,-1e-05,-1e-05,0
46986,0.0,2e-05,4e-05,7e-05,3e-05,0.0,-1e-05,-1e-05,0
46988,0.0,2e-05,4e-05,7e-05,3e-05,0.0,-1e-05,-1e-05,0
46989,0.0,2e-05,4e-05,7e-05,3e-05,0.0,-1e-05,-1e-05,0
46990,0.0,2e-05,4e-05,7e-05,3e-05,0.0,-1e-05,-1e-05,0
46991,0.0,2e-05,4e-05,7e-05,3e-05,0.0,-1e-05,-1e-05,0
46992,0.0,2e-05,4e-05,7e-05,3e-05,0.0,-1e-05,-1e-05,0
46993,0.0,2e-05,4e-05,7e-05,3e-05,0.0,-1e-05,-1e-05,0
46994,0.0,2e-05,4e-05,7e-05,3e-05,0.0,-1e-05,-1e-05,0
46995,0.0,2e-05,4e-05,7e-05,3e-05,0.0,-1e-05,-1e-05,0
46996,0.0,2e-05,4e-05,7e-05,3e-05,0.0,-1e-05,-1e-05,0
46997,0.0,2e-05,4e-05,7e-05,3e-05,0.0,-1e-05,-1e-05,0
46998,0.0,-4e-05,-2e-05,-2e-05,-1e-05,-4e-05,0.0,0.0,0
46999,0.0,-4e-05,-2e-05,-2e-05,-1e-05,-4e-05,0.0,0.0,0
47000,-1e-05,-1e-05,-1e-05,4e-05,5e-05,0.0,-1e-05,-2e-05,0
47001,-1e-05,-1e-05,-1e-05,4e-05,5e-05,0.0,-1e-05,-2e-05,0
47002,-1e-05,-1e-05,-1e-05,4e-05,5e-05,0.0,-1e-05,-2e-05,0
47003,-1e-05,-1e-05,-1e-05,4e-05,5e-05,0.0,-1e-05,-2e-05,0
47004,-1e-05,-1e-05,-1e-05,4e-05,5e-05,0.0,-1e-05,-2e-05,0
47005,-1e-05,-1e-05,-1e-05,4e-05,5e-05,0.0,-1e-05,-2e-05,0
47006,-1e-05,-1e-05,-1e-05,4e-05,5e-05,0.0,-1e-05,-2e-05,0
47007,-1e-05,-1e-05,-1e-05,4e-05,5e-05,0.0,-1e-05,-2e-05,0
47008,-1e-05,-1e-05,-1e-05,4e-05,5e-05,0.0,-1e-05,-2e-05,0
47009,-1e-05,-1e-05,-1e-05,4e-05,5e-05,0.0,-1e-05,-2e-05,0
47010,-1e-05,-1e-05,-1e-05,4e-05,5e-05,0.0,-1e-05,-2e-05,0
47011,-1e-05,-1e-05,-1e-05,4e-05,5e-05,0.0,-1e-05,-2e-05,0
47012,-1e-05,-1e-05,-1e-05,4e-05,5e-05,0.0,-1e-05,-2e-05,0
47013,-1e-05,-1e-05,-1e-05,4e-05,5e-05,0.0,-1e-05,-2e-05,0
47014,-1e-05,-1e-05,-3e-05,0.0,-3e-05,-2e-05,-1e-05,-2e-05,0
47015,-2e-05,-3e-05,-0.0001,-3e-05,-5e-05,0.0,0.0,0.0,0
47016,-2e-05,-3e-05,-0.0001,-3e-05,-5e-05,0.0,0.0,0.0,0
47017,-2e-05,-3e-05,-0.0001,-3e-05,-5e-05,0.0,0.0,0.0,0
47018,-2e-05,-3e-05,-0.0001,-3e-05,-5e-05,0.0,0.0,0.0,0
47019,-2e-05,-3e-05,-0.0001,-3e-05,-5e-05,0.0,0.0,0.0,0
47020,-2e-05,-3e-05,-0.0001,-3e-05,-5e-05,0.0,0.0,0.0,0
47021,-2e-05,-3e-05,-0.0001,-3e-05,-5e-05,0.0,0.0,0.0,0
47022,-2e-05,-3e-05,-0.0001,-3e-05,-5e-05,0.0,0.0,0.0,0
47023,-2e-05,-3e-05,-0.0001,-3e-05,-5e-05,0.0,0.0,0.0,0
47024,-2e-05,-3e-05,-0.0001,-3e-05,-5e-05,0.0,0.0,0.0,0
47025,-2e-05,-3e-05,-0.0001,-3e-05,-5e-05,0.0,0.0,0.0,0
47026,-2e-05,-3e-05,-0.0001,-3e-05,-5e-05,0.0,0.0,0.0,0
47027,-2e-05,-3e-05,-0.0001,-3e-05,-5e-05,0.0,0.0,0.0,0
47028,-2e-05,-3e-05,-0.0001,-3e-05,-5e-05,0.0,0.0,0.0,0
47029,-2e-05,-3e-05,-0.0001,-3e-05,-5e-05,0.0,0.0,0.0,0
47030,-2e-05,-3e-05,-0.0001,-3e-05,-5e-05,0.0,0.0,0.0,0
47031,-2e-05,-3e-05,-0.0001,-3e-05,-5e-05,0.0,0.0,0.0,0
47032,-2e-05,-3e-05,-0.0001,-3e-05,-5e-05,0.0,0.0,0.0,0
47033,-2e-05,-3e-05,-0.0001,-3e-05,-5e-05,0.0,0.0,0.0,0
47034,-2e-05,-3e-05,-0.0001,-3e-05,-5e-05,0.0,0.0,0.0,0
47035,-2e-05,-3e-05,-0.0001,-3e-05,-5e-05,0.0,0.0,0.0,0
47036,0.0,-1e-05,-1e-05,-0.00011,6e-05,1e-05,1e-05,0.0,0
47039,1e-05,5e-05,9e-05,1e-05,-1e-05,0.0,-1e-05,0.0,0
47040,1e-05,5e-05,9e-05,1e-05,-1e-05,0.0,-1e-05,0.0,0
47041,1e-05,5e-05,9e-05,1e-05,-1e-05,0.0,-1e-05,0.0,0
47042,1e-05,5e-05,9e-05,1e-05,-1e-05,0.0,-1e-05,0.0,0
47043,1e-05,5e-05,9e-05,1e-05,-1e-05,0.0,-1e-05,0.0,0
47044,1e-05,5e-05,9e-05,1e-05,-1e-05,0.0,-1e-05,0.0,0
47045,1e-05,5e-05,9e-05,1e-05,-1e-05,0.0,-1e-05,0.0,0
47046,1e-05,5e-05,9e-05,1e-05,-1e-05,0.0,-1e-05,0.0,0
47047,1e-05,5e-05,9e-05,1e-05,-1e-05,0.0,-1e-05,0.0,0
47048,1e-05,5e-05,9e-05,1e-05,-1e-05,0.0,-1e-05,0.0,0
47049,1e-05,5e-05,9e-05,1e-05,-1e-05,0.0,-1e-05,0.0,0
47050,1e-05,5e-05,9e-05,1e-05,-1e-05,0.0,-1e-05,0.0,0
47051,1e-05,5e-05,9e-05,1e-05,-1e-05,0.0,-1e-05,0.0,0
47052,1e-05,5e-05,9e-05,1e-05,-1e-05,0.0,-1e-05,0.0,0
47053,1e-05,5e-05,9e-05,1e-05,-1e-05,0.0,-1e-05,0.0,0
47054,1e-05,5e-05,9e-05,1e-05,-1e-05,0.0,-1e-05,0.0,0
47055,1e-05,5e-05,9e-05,1e-05,-1e-05,0.0,-1e-05,0.0,0
47056,1e-05,5e-05,9e-05,1e-05,-1e-05,0.0,-1e-05,0.0,0
47057,1e-05,5e-05,9e-05,1e-05,-1e-05,0.0,-1e-05,0.0,0
47058,-2e-05,-1e-05,-1e-05,-4e-05,-0.0001,-3e-05,-4e-05,0.0,0
47059,-2e-05,-1e-05,-1e-05,-4e-05,-0.0001,-3e-05,-4e-05,0.0,0
47060,1e-05,2e-05,2e-05,0.00013,0.0003,5e-05,1e-05,1e-05,0
47061,1e-05,2e-05,2e-05,0.00013,0.0003,5e-05,1e-05,1e-05,0
47062,1e-05,2e-05,2e-05,0.00013,0.0003,5e-05,1e-05,1e-05,0
47063,1e-05,2e-05,2e-05,0.00013,0.0003,5e-05,1e-05,1e-05,0
47064,1e-05,2e-05,2e-05,0.00013,0.0003,5e-05,1e-05,1e-05,0
47065,1e-05,2e-05,2e-05,0.00013,0.0003,5e-05,1e-05,1e-05,0
47066,1e-05,2e-05,2e-05,0.00013,0.0003,5e-05,1e-05,1e-05,0
47067,1e-05,2e-05,2e-05,0.00013,0.0003,5e-05,1e-05,1e-05,0
47068,1e-05,2e-05,2e-05,0.00013,0.0003,5e-05,1e-05,1e-05,0
47069,1e-05,2e-05,2e-05,0.00013,0.0003,5e-05,1e-05,1e-05,0
47070,1e-05,2e-05,2e-05,0.00013,0.0003,5e-05,1e-05,1e-05,0
47071,1e-05,2e-05,2e-05,0.00013,0.0003,5e-05,1e-05,1e-05,0
47072,1e-05,2e-05,2e-05,0.00013,0.0003,5e-05,1e-05,1e-05,0
47073,-2e-05,-4e-05,-6e-05,-2e-05,0.00032,2e-05,0.0,-2e-05,0
47074,-2e-05,-4e-05,-6e-05,-2e-05,0.00032,2e-05,0.0,-2e-05,0
47075,-2e-05,-3e-05,-3e-05,-2e-05,-0.00011,-4e-05,-3e-05,-3e-05,0
47076,-2e-05,-3e-05,-3e-05,-2e-05,-0.00011,-4e-05,-3e-05,-3e-05,0
47077,-2e-05,-3e-05,-3e-05,-2e-05,-0.00011,-4e-05,-3e-05,-3e-05,0
47078,-2e-05,-3e-05,-3e-05,-2e-05,-0.00011,-4e-05,-3e-05,-3e-05,0
47079,-2e-05,-3e-05,-3e-05,-2e-05,-0.00011,-4e-05,-3e-05,-3e-05,0
47080,-2e-05,-3e-05,-3e-05,-2e-05,-0.00011,-4e-05,-3e-05,-3e-05,0
47081,-2e-05,-3e-05,-3e-05,-2e-05,-0.00011,-4e-05,-3e-05,-3e-05,0
47082,-2e-05,-3e-05,-3e-05,-2e-05,-0.00011,-4e-05,-3e-05,-3e-05,0
47083,-2e-05,-3e-05,-3e-05,-2e-05,-0.00011,-4e-05,-3e-05,-3e-05,0
47084,-2e-05,-3e-05,-3e-05,-2e-05,-0.00011,-4e-05,-3e-05,-3e-05,0
47085,-2e-05,-3e-05,-3e-05,-2e-05,-0.00011,-4e-05,-3e-05,-3e-05,0
47086,-2e-05,-3e-05,-3e-05,-2e-05,-0.00011,-4e-05,-3e-05,-3e-05,0
47089,-2e-05,-3e-05,-3e-05,-2e-05,-0.00011,-4e-05,-3e-05,-3e-05,0
47090,-2e-05,-3e-05,-3e-05,-2e-05,-0.00011,-4e-05,-3e-05,-3e-05,0
47091,-2e-05,-3e-05,-3e-05,-2e-05,-0.00011,-4e-05,-3e-05,-3e-05,0
47092,-2e-05,-3e-05,-3e-05,-2e-05,-0.00011,-4e-05,-3e-05,-3e-05,0
47093,-2e-05,-3e-05,-3e-05,-2e-05,-0.00011,-4e-05,-3e-05,-3e-05,0
47094,-2e-05,-3e-05,-3e-05,-2e-05,-0.00011,-4e-05,-3e-05,-3e-05,0
47095,-2e-05,-3e-05,-3e-05,-2e-05,-0.00011,-4e-05,-3e-05,-3e-05,0
47096,0.0,0.0,0.0,9e-05,0.0001,2e-05,-1e-05,0.0,0
47097,-3e-05,-3e-05,1e-05,3e-05,-0.00052,-2e-05,3e-05,0.0,0
47099,-3e-05,-3e-05,1e-05,3e-05,-0.00052,-2e-05,3e-05,0.0,0
47100,-3e-05,-3e-05,1e-05,3e-05,-0.00052,-2e-05,3e-05,0.0,0
47101,-3e-05,-3e-05,1e-05,3e-05,-0.00052,-2e-05,3e-05,0.0,0
47102,-3e-05,-3e-05,1e-05,3e-05,-0.00052,-2e-05,3e-05,0.0,0
47103,-3e-05,-3e-05,1e-05,3e-05,-0.00052,-2e-05,3e-05,0.0,0
47104,-3e-05,-3e-05,1e-05,3e-05,-0.00052,-2e-05,3e-05,0.0,0
47105,-3e-05,-3e-05,1e-05,3e-05,-0.00052,-2e-05,3e-05,0.0,0
47106,-3e-05,-3e-05,1e-05,3e-05,-0.00052,-2e-05,3e-05,0.0,0
47107,-3e-05,-3e-05,1e-05,3e-05,-0.00052,-2e-05,3e-05,0.0,0
47108,-3e-05,-3e-05,1e-05,3e-05,-0.00052,-2e-05,3e-05,0.0,0
47109,-3e-05,-3e-05,1e-05,3e-05,-0.00052,-2e-05,3e-05,0.0,0
47110,-3e-05,-3e-05,1e-05,3e-05,-0.00052,-2e-05,3e-05,0.0,0
47111,-3e-05,-3e-05,1e-05,3e-05,-0.00052,-2e-05,3e-05,0.0,0
47112,-3e-05,-3e-05,1e-05,3e-05,-0.00052,-2e-05,3e-05,0.0,0
47113,-3e-05,-3e-05,1e-05,3e-05,-0.00052,-2e-05,3e-05,0.0,0
47114,-3e-05,-3e-05,1e-05,3e-05,-0.00052,-2e-05,3e-05,0.0,0
47115,-3e-05,-3e-05,1e-05,3e-05,-0.00052,-2e-05,3e-05,0.0,0
47116,-3e-05,-3e-05,1e-05,3e-05,-0.00052,-2e-05,3e-05,0.0,0
47117,-3e-05,-3e-05,1e-05,3e-05,-0.00052,-2e-05,3e-05,0.0,0
47118,-3e-05,-3e-05,1e-05,3e-05,-0.00052,-2e-05,3e-05,0.0,0
47119,-3e-05,-3e-05,1e-05,3e-05,-0.00052,-2e-05,3e-05,0.0,0
47120,-3e-05,-3e-05,1e-05,3e-05,-0.00052,-2e-05,3e-05,0.0,0
47121,-3e-05,-3e-05,1e-05,3e-05,-0.00052,-2e-05,3e-05,0.0,0
47122,-3e-05,-3e-05,1e-05,3e-05,-0.00052,-2e-05,3e-05,0.0,0
47123,-3e-05,-3e-05,1e-05,3e-05,-0.00052,-2e-05,3e-05,0.0,0
47124,-3e-05,-3e-05,1e-05,3e-05,-0.00052,-2e-05,3e-05,0.0,0
47125,-1e-05,1e-05,0.0,-5e-05,-0.00019,-6e-05,-2e-05,-1e-05,0
47126,-1e-05,1e-05,0.0,-5e-05,-0.00019,-6e-05,-2e-05,-1e-05,0
47127,-1e-05,1e-05,0.0,-5e-05,-0.00019,-6e-05,-2e-05,-1e-05,0
47128,-1e-05,1e-05,0.0,-5e-05,-0.00019,-6e-05,-2e-05,-1e-05,0
47129,-1e-05,1e-05,0.0,-5e-05,-0.00019,-6e-05,-2e-05,-1e-05,0
47130,-1e-05,1e-05,0.0,-5e-05,-0.00019,-6e-05,-2e-05,-1e-05,0
47131,-1e-05,1e-05,0.0,-5e-05,-0.00019,-6e-05,-2e-05,-1e-05,0
47132,-1e-05,1e-05,0.0,-5e-05,-0.00019,-6e-05,-2e-05,-1e-05,0
47133,-1e-05,1e-05,0.0,-5e-05,-0.00019,-6e-05,-2e-05,-1e-05,0
47134,-1e-05,-6e-05,-6e-05,-0.00019,-0.0002,-4e-05,-2e-05,-3e-05,0
47135,0.00015,5e-05,4e-05,-2e-05,-0.0001,2e-05,1e-05,3e-05,0
47137,-2e-05,1e-05,1e-05,-8e-05,-0.00033,-4e-05,-2e-05,-1e-05,0
47139,-2e-05,1e-05,1e-05,-8e-05,-0.00033,-4e-05,-2e-05,-1e-05,0
47140,-2e-05,1e-05,1e-05,-8e-05,-0.00033,-4e-05,-2e-05,-1e-05,0
47141,-2e-05,1e-05,1e-05,-8e-05,-0.00033,-4e-05,-2e-05,-1e-05,0
47142,-2e-05,1e-05,1e-05,-8e-05,-0.00033,-4e-05,-2e-05,-1e-05,0
47143,-2e-05,1e-05,1e-05,-8e-05,-0.00033,-4e-05,-2e-05,-1e-05,0
47144,-2e-05,1e-05,1e-05,-8e-05,-0.00033,-4e-05,-2e-05,-1e-05,0
47145,-2e-05,1e-05,1e-05,-8e-05,-0.00033,-4e-05,-2e-05,-1e-05,0
47146,-2e-05,1e-05,1e-05,-8e-05,-0.00033,-4e-05,-2e-05,-1e-05,0
47147,-2e-05,1e-05,1e-05,-8e-05,-0.00033,-4e-05,-2e-05,-1e-05,0
47148,-2e-05,1e-05,1e-05,-8e-05,-0.00033,-4e-05,-2e-05,-1e-05,0
47149,-2e-05,1e-05,1e-05,-8e-05,-0.00033,-4e-05,-2e-05,-1e-05,0
47150,-2e-05,1e-05,1e-05,-8e-05,-0.00033,-4e-05,-2e-05,-1e-05,0
47151,-2e-05,1e-05,1e-05,-8e-05,-0.00033,-4e-05,-2e-05,-1e-05,0
47152,-2e-05,1e-05,1e-05,-8e-05,-0.00033,-4e-05,-2e-05,-1e-05,0
47153,-2e-05,1e-05,1e-05,-8e-05,-0.00033,-4e-05,-2e-05,-1e-05,0
47154,-2e-05,1e-05,1e-05,-8e-05,-0.00033,-4e-05,-2e-05,-1e-05,0
47155,-2e-05,1e-05,1e-05,-8e-05,-0.00033,-4e-05,-2e-05,-1e-05,0
47156,-7e-05,-3e-05,1e-05,5e-05,-0.00023,-4e-05,-2e-05,-1e-05,0
47157,-3e-05,-1e-05,1e-05,0.00025,3e-05,-6e-05,0.0,1e-05,0
47158,-3e-05,-1e-05,1e-05,0.00025,3e-05,-6e-05,0.0,1e-05,0
47159,-3e-05,-1e-05,1e-05,0.00025,3e-05,-6e-05,0.0,1e-05,0
47160,-3e-05,-1e-05,1e-05,0.00025,3e-05,-6e-05,0.0,1e-05,0
47161,-3e-05,-1e-05,1e-05,0.00025,3e-05,-6e-05,0.0,1e-05,0
47162,-3e-05,-1e-05,1e-05,0.00025,3e-05,-6e-05,0.0,1e-05,0
47163,-3e-05,-1e-05,1e-05,0.00025,3e-05,-6e-05,0.0,1e-05,0
47164,-3e-05,-1e-05,1e-05,0.00025,3e-05,-6e-05,0.0,1e-05,0
47165,-3e-05,-1e-05,1e-05,0.00025,3e-05,-6e-05,0.0,1e-05,0
47166,-3e-05,-1e-05,1e-05,0.00025,3e-05,-6e-05,0.0,1e-05,0
47167,-3e-05,-1e-05,1e-05,0.00025,3e-05,-6e-05,0.0,1e-05,0
47168,-3e-05,-1e-05,1e-05,0.00025,3e-05,-6e-05,0.0,1e-05,0
47169,-3e-05,-1e-05,1e-05,0.00025,3e-05,-6e-05,0.0,1e-05,0
47170,-3e-05,-1e-05,1e-05,0.00025,3e-05,-6e-05,0.0,1e-05,0
47171,-3e-05,-1e-05,1e-05,0.00025,3e-05,-6e-05,0.0,1e-05,0
47172,-3e-05,-1e-05,1e-05,0.00025,3e-05,-6e-05,0.0,1e-05,0
47173,-3e-05,-1e-05,1e-05,0.00025,3e-05,-6e-05,0.0,1e-05,0
47174,-3e-05,-1e-05,1e-05,0.00025,3e-05,-6e-05,0.0,1e-05,0
47175,-3e-05,-1e-05,1e-05,0.00025,3e-05,-6e-05,0.0,1e-05,0
47176,-3e-05,-1e-05,1e-05,0.00025,3e-05,-6e-05,0.0,1e-05,0
47177,-3e-05,-1e-05,1e-05,0.00025,3e-05,-6e-05,0.0,1e-05,0
47178,-3e-05,3e-05,5e-05,-0.00018,-0.00043,0.00013,4e-05,4e-05,0
47179,-3e-05,3e-05,5e-05,-0.00018,-0.00043,0.00013,4e-05,4e-05,0
47180,0.0,-3e-05,-5e-05,-7e-05,0.001,-3e-05,-7e-05,-1e-05,0
47181,0.0,-3e-05,-5e-05,-7e-05,0.001,-3e-05,-7e-05,-1e-05,0
47182,0.0,-3e-05,-5e-05,-7e-05,0.001,-3e-05,-7e-05,-1e-05,0
47183,0.0,-3e-05,-5e-05,-7e-05,0.001,-3e-05,-7e-05,-1e-05,0
47184,0.0,-3e-05,-5e-05,-7e-05,0.001,-3e-05,-7e-05,-1e-05,0
47185,0.0,-3e-05,-5e-05,-7e-05,0.001,-3e-05,-7e-05,-1e-05,0
47187,0.0,-3e-05,-5e-05,-7e-05,0.001,-3e-05,-7e-05,-1e-05,0
47189,0.0,-3e-05,-5e-05,-7e-05,0.001,-3e-05,-7e-05,-1e-05,0
47190,0.0,-3e-05,-5e-05,-7e-05,0.001,-3e-05,-7e-05,-1e-05,0
47191,0.0,-3e-05,-5e-05,-7e-05,0.001,-3e-05,-7e-05,-1e-05,0
47192,-3e-05,1e-05,-2e-05,1e-05,-0.00042,8e-05,0.0,-1e-05,0
47193,1e-05,-3e-05,3e-05,1e-05,-0.00072,-9e-05,0.0,2e-05,0
47194,1e-05,-3e-05,3e-05,1e-05,-0.00072,-9e-05,0.0,2e-05,0
47195,1e-05,-3e-05,3e-05,1e-05,-0.00072,-9e-05,0.0,2e-05,0
47196,1e-05,-3e-05,3e-05,1e-05,-0.00072,-9e-05,0.0,2e-05,0
47197,1e-05,-3e-05,3e-05,1e-05,-0.00072,-9e-05,0.0,2e-05,0
47198,1e-05,-3e-05,3e-05,1e-05,-0.00072,-9e-05,0.0,2e-05,0
47199,2e-05,1e-05,-4e-05,-0.00016,-0.00023,-1e-05,-2e-05,0.0,0
47200,2e-05,1e-05,-4e-05,-0.00016,-0.00023,-1e-05,-2e-05,0.0,0
47201,2e-05,1e-05,-4e-05,-0.00016,-0.00023,-1e-05,-2e-05,0.0,0
47202,2e-05,1e-05,-4e-05,-0.00016,-0.00023,-1e-05,-2e-05,0.0,0
47204,2e-05,1e-05,-4e-05,-0.00016,-0.00023,-1e-05,-2e-05,0.0,0
47205,2e-05,1e-05,-4e-05,-0.00016,-0.00023,-1e-05,-2e-05,0.0,0
47206,2e-05,1e-05,-4e-05,-0.00016,-0.00023,-1e-05,-2e-05,0.0,0
47207,2e-05,1e-05,-4e-05,-0.00016,-0.00023,-1e-05,-2e-05,0.0,0
47208,2e-05,1e-05,-4e-05,-0.00016,-0.00023,-1e-05,-2e-05,0.0,0
47209,2e-05,1e-05,-4e-05,-0.00016,-0.00023,-1e-05,-2e-05,0.0,0
47210,2e-05,1e-05,-4e-05,-0.00016,-0.00023,-1e-05,-2e-05,0.0,0
47211,2e-05,1e-05,-4e-05,-0.00016,-0.00023,-1e-05,-2e-05,0.0,0
47212,2e-05,1e-05,-4e-05,-0.00016,-0.00023,-1e-05,-2e-05,0.0,0
47213,2e-05,1e-05,-4e-05,-0.00016,-0.00023,-1e-05,-2e-05,0.0,0
47214,2e-05,1e-05,-4e-05,-0.00016,-0.00023,-1e-05,-2e-05,0.0,0
47215,2e-05,1e-05,-4e-05,-0.00016,-0.00023,-1e-05,-2e-05,0.0,0
47216,-6e-05,2e-05,2e-05,0.00021,0.00047,0.00015,4e-05,1e-05,0
47217,-9e-05,-5e-05,-8e-05,-0.00015,-0.00054,-0.00011,-5e-05,-4e-05,0
47219,-9e-05,-5e-05,-8e-05,-0.00015,-0.00054,-0.00011,-5e-05,-4e-05,0
47220,-9e-05,-5e-05,-8e-05,-0.00015,-0.00054,-0.00011,-5e-05,-4e-05,0
47221,-9e-05,-5e-05,-8e-05,-0.00015,-0.00054,-0.00011,-5e-05,-4e-05,0
47222,-9e-05,-5e-05,-8e-05,-0.00015,-0.00054,-0.00011,-5e-05,-4e-05,0
47223,-9e-05,-5e-05,-8e-05,-0.00015,-0.00054,-0.00011,-5e-05,-4e-05,0
47224,-9e-05,-5e-05,-8e-05,-0.00015,-0.00054,-0.00011,-5e-05,-4e-05,0
47225,-9e-05,-5e-05,-8e-05,-0.00015,-0.00054,-0.00011,-5e-05,-4e-05,0
47226,-9e-05,-5e-05,-8e-05,-0.00015,-0.00054,-0.00011,-5e-05,-4e-05,0
47227,-9e-05,-5e-05,-8e-05,-0.00015,-0.00054,-0.00011,-5e-05,-4e-05,0
47228,-9e-05,-5e-05,-8e-05,-0.00015,-0.00054,-0.00011,-5e-05,-4e-05,0
47229,-9e-05,-5e-05,-8e-05,-0.00015,-0.00054,-0.00011,-5e-05,-4e-05,0
47230,-9e-05,-5e-05,-8e-05,-0.00015,-0.00054,-0.00011,-5e-05,-4e-05,0
47231,-9e-05,-5e-05,-8e-05,-0.00015,-0.00054,-0.00011,-5e-05,-4e-05,0
47232,-9e-05,-5e-05,-8e-05,-0.00015,-0.00054,-0.00011,-5e-05,-4e-05,0
47233,-9e-05,-5e-05,-8e-05,-0.00015,-0.00054,-0.00011,-5e-05,-4e-05,0
47234,-9e-05,-5e-05,-8e-05,-0.00015,-0.00054,-0.00011,-5e-05,-4e-05,0
47235,-9e-05,-5e-05,-8e-05,-0.00015,-0.00054,-0.00011,-5e-05,-4e-05,0
47237,-9e-05,-5e-05,-8e-05,-0.00015,-0.00054,-0.00011,-5e-05,-4e-05,0
47240,-7e-05,1e-05,0.00014,0.00035,0.00067,0.00013,7e-05,4e-05,0
47241,-7e-05,1e-05,0.00014,0.00035,0.00067,0.00013,7e-05,4e-05,0
47242,-7e-05,1e-05,0.00014,0.00035,0.00067,0.00013,7e-05,4e-05,0
47243,-7e-05,1e-05,0.00014,0.00035,0.00067,0.00013,7e-05,4e-05,0
47244,-7e-05,1e-05,0.00014,0.00035,0.00067,0.00013,7e-05,4e-05,0
47245,-7e-05,1e-05,0.00014,0.00035,0.00067,0.00013,7e-05,4e-05,0
47246,-7e-05,1e-05,0.00014,0.00035,0.00067,0.00013,7e-05,4e-05,0
47247,-7e-05,1e-05,0.00014,0.00035,0.00067,0.00013,7e-05,4e-05,0
47248,-7e-05,1e-05,0.00014,0.00035,0.00067,0.00013,7e-05,4e-05,0
47249,-7e-05,1e-05,0.00014,0.00035,0.00067,0.00013,7e-05,4e-05,0
47250,-7e-05,1e-05,0.00014,0.00035,0.00067,0.00013,7e-05,4e-05,0
47251,-7e-05,1e-05,0.00014,0.00035,0.00067,0.00013,7e-05,4e-05,0
47252,-7e-05,1e-05,0.00014,0.00035,0.00067,0.00013,7e-05,4e-05,0
47254,-8e-05,-0.0001,-0.00014,-0.00036,-0.00037,-0.00024,-0.00011,-5e-05,0
47255,-8e-05,-0.0001,-0.00014,-0.00036,-0.00037,-0.00024,-0.00011,-5e-05,0
47256,-8e-05,-0.0001,-0.00014,-0.00036,-0.00037,-0.00024,-0.00011,-5e-05,0
47257,-8e-05,-0.0001,-0.00014,-0.00036,-0.00037,-0.00024,-0.00011,-5e-05,0
47258,-8e-05,-0.0001,-0.00014,-0.00036,-0.00037,-0.00024,-0.00011,-5e-05,0
47259,-2e-05,1e-05,3e-05,0.00011,8e-05,4e-05,1e-05,-1e-05,0
47260,-2e-05,1e-05,3e-05,0.00011,8e-05,4e-05,1e-05,-1e-05,0
47261,-2e-05,1e-05,3e-05,0.00011,8e-05,4e-05,1e-05,-1e-05,0
47262,-2e-05,1e-05,3e-05,0.00011,8e-05,4e-05,1e-05,-1e-05,0
47263,-2e-05,1e-05,3e-05,0.00011,8e-05,4e-05,1e-05,-1e-05,0
47264,-2e-05,1e-05,3e-05,0.00011,8e-05,4e-05,1e-05,-1e-05,0
47265,-2e-05,1e-05,3e-05,0.00011,8e-05,4e-05,1e-05,-1e-05,0
47266,-2e-05,1e-05,3e-05,0.00011,8e-05,4e-05,1e-05,-1e-05,0
47267,-2e-05,1e-05,3e-05,0.00011,8e-05,4e-05,1e-05,-1e-05,0
47268,-2e-05,1e-05,3e-05,0.00011,8e-05,4e-05,1e-05,-1e-05,0
47269,-2e-05,1e-05,3e-05,0.00011,8e-05,4e-05,1e-05,-1e-05,0
47270,-2e-05,1e-05,3e-05,0.00011,8e-05,4e-05,1e-05,-1e-05,0
47271,-2e-05,1e-05,3e-05,0.00011,8e-05,4e-05,1e-05,-1e-05,0
47272,-2e-05,1e-05,3e-05,0.00011,8e-05,4e-05,1e-05,-1e-05,0
47273,-2e-05,1e-05,3e-05,0.00011,8e-05,4e-05,1e-05,-1e-05,0
47274,-2e-05,1e-05,3e-05,0.00011,8e-05,4e-05,1e-05,-1e-05,0
47275,-2e-05,1e-05,3e-05,0.00011,8e-05,4e-05,1e-05,-1e-05,0
47276,-5e-05,-0.00013,-1e-05,0.00019,0.00032,0.0,0.0,-3e-05,0
47277,-2e-05,-1e-05,-4e-05,-0.00029,-0.00061,-0.00022,-0.0001,-6e-05,0
47278,-2e-05,-1e-05,-4e-05,-0.00029,-0.00061,-0.00022,-0.0001,-6e-05,0
47279,-2e-05,-1e-05,-4e-05,-0.00029,-0.00061,-0.00022,-0.0001,-6e-05,0
47280,-2e-05,-1e-05,-4e-05,-0.00029,-0.00061,-0.00022,-0.0001,-6e-05,0
47281,-2e-05,-1e-05,-4e-05,-0.00029,-0.00061,-0.00022,-0.0001,-6e-05,0
47282,-2e-05,-1e-05,-4e-05,-0.00029,-0.00061,-0.00022,-0.0001,-6e-05,0
47283,-2e-05,-1e-05,-4e-05,-0.00029,-0.00061,-0.00022,-0.0001,-6e-05,0
47284,-2e-05,-1e-05,-4e-05,-0.00029,-0.00061,-0.00022,-0.0001,-6e-05,0
47285,-2e-05,-1e-05,-4e-05,-0.00029,-0.00061,-0.00022,-0.0001,-6e-05,0
47286,-2e-05,-1e-05,-4e-05,-0.00029,-0.00061,-0.00022,-0.0001,-6e-05,0
47288,-2e-05,-1e-05,-4e-05,-0.00029,-0.00061,-0.00022,-0.0001,-6e-05,0
47289,-2e-05,-1e-05,-4e-05,-0.00029,-0.00061,-0.00022,-0.0001,-6e-05,0
47290,-2e-05,-1e-05,-4e-05,-0.00029,-0.00061,-0.00022,-0.0001,-6e-05,0
47291,-2e-05,-1e-05,-4e-05,-0.00029,-0.00061,-0.00022,-0.0001,-6e-05,0
47292,-2e-05,-1e-05,-4e-05,-0.00029,-0.00061,-0.00022,-0.0001,-6e-05,0
47293,-2e-05,-1e-05,-4e-05,-0.00029,-0.00061,-0.00022,-0.0001,-6e-05,0
47294,-2e-05,-1e-05,-4e-05,-0.00029,-0.00061,-0.00022,-0.0001,-6e-05,0
47295,-2e-05,-1e-05,-4e-05,-0.00029,-0.00061,-0.00022,-0.0001,-6e-05,0
47296,-2e-05,-1e-05,-4e-05,-0.00029,-0.00061,-0.00022,-0.0001,-6e-05,0
47297,-2e-05,-1e-05,-4e-05,-0.00029,-0.00061,-0.00022,-0.0001,-6e-05,0
47298,1e-05,3e-05,0.0,-0.00022,-0.00034,-1e-05,0.0,-1e-05,0
47299,1e-05,3e-05,0.0,-0.00022,-0.00034,-1e-05,0.0,-1e-05,0
47300,0.0,-5e-05,-4e-05,0.00025,0.00013,0.0001,1e-05,0.0,0
47301,0.0,-5e-05,-4e-05,0.00025,0.00013,0.0001,1e-05,0.0,0
47302,0.0,-5e-05,-4e-05,0.00025,0.00013,0.0001,1e-05,0.0,0
47304,0.0,-5e-05,-4e-05,0.00025,0.00013,0.0001,1e-05,0.0,0
47305,0.0,-5e-05,-4e-05,0.00025,0.00013,0.0001,1e-05,0.0,0
47306,0.0,-5e-05,-4e-05,0.00025,0.00013,0.0001,1e-05,0.0,0
47307,0.0,-5e-05,-4e-05,0.00025,0.00013,0.0001,1e-05,0.0,0
47308,0.0,-5e-05,-4e-05,0.00025,0.00013,0.0001,1e-05,0.0,0
47309,0.0,-5e-05,-4e-05,0.00025,0.00013,0.0001,1e-05,0.0,0
47310,0.0,-5e-05,-4e-05,0.00025,0.00013,0.0001,1e-05,0.0,0
47311,0.0,-5e-05,-4e-05,0.00025,0.00013,0.0001,1e-05,0.0,0
47312,1e-05,3e-05,-2e-05,-1e-05,-0.00038,-2e-05,-2e-05,-2e-05,0
47313,1e-05,3e-05,-2e-05,-1e-05,-0.00038,-2e-05,-2e-05,-2e-05,0
47314,1e-05,3e-05,-2e-05,-1e-05,-0.00038,-2e-05,-2e-05,-2e-05,0
47315,1e-05,3e-05,-2e-05,-1e-05,-0.00038,-2e-05,-2e-05,-2e-05,0
47316,1e-05,3e-05,-2e-05,-1e-05,-0.00038,-2e-05,-2e-05,-2e-05,0
47317,1e-05,3e-05,-2e-05,-1e-05,-0.00038,-2e-05,-2e-05,-2e-05,0
47318,1e-05,3e-05,-2e-05,-1e-05,-0.00038,-2e-05,-2e-05,-2e-05,0
47319,1e-05,3e-05,-2e-05,-1e-05,-0.00038,-2e-05,-2e-05,-2e-05,0
47320,1e-05,3e-05,-2e-05,-1e-05,-0.00038,-2e-05,-2e-05,-2e-05,0
47321,1e-05,3e-05,-2e-05,-1e-05,-0.00038,-2e-05,-2e-05,-2e-05,0
47322,1e-05,3e-05,-2e-05,-1e-05,-0.00038,-2e-05,-2e-05,-2e-05,0
47323,1e-05,3e-05,-2e-05,-1e-05,-0.00038,-2e-05,-2e-05,-2e-05,0
47324,1e-05,3e-05,-2e-05,-1e-05,-0.00038,-2e-05,-2e-05,-2e-05,0
47325,1e-05,3e-05,-2e-05,-1e-05,-0.00038,-2e-05,-2e-05,-2e-05,0
47326,1e-05,3e-05,-2e-05,-1e-05,-0.00038,-2e-05,-2e-05,-2e-05,0
47327,1e-05,3e-05,-2e-05,-1e-05,-0.00038,-2e-05,-2e-05,-2e-05,0
47328,-1e-05,-1e-05,-3e-05,-0.00025,-0.0001,-0.00011,-4e-05,-3e-05,0
47329,-1e-05,-1e-05,-3e-05,-0.00025,-0.0001,-0.00011,-4e-05,-3e-05,0
47330,-1e-05,-1e-05,-3e-05,-0.00025,-0.0001,-0.00011,-4e-05,-3e-05,0
47331,-1e-05,-1e-05,-3e-05,-0.00025,-0.0001,-0.00011,-4e-05,-3e-05,0
47332,-1e-05,-1e-05,-3e-05,-0.00025,-0.0001,-0.00011,-4e-05,-3e-05,0
47333,-1e-05,-1e-05,-3e-05,-0.00025,-0.0001,-0.00011,-4e-05,-3e-05,0
47334,-1e-05,-1e-05,-3e-05,-0.00025,-0.0001,-0.00011,-4e-05,-3e-05,0
47335,-1e-05,-1e-05,-3e-05,-0.00025,-0.0001,-0.00011,-4e-05,-3e-05,0
47337,-4e-05,-5e-05,-9e-05,-9e-05,-0.00101,-0.00017,-5e-05,-4e-05,0
47339,3e-05,3e-05,3e-05,0.00012,0.00073,9e-05,2e-05,1e-05,0
47340,3e-05,3e-05,3e-05,0.00012,0.00073,9e-05,2e-05,1e-05,0
47341,3e-05,3e-05,3e-05,0.00012,0.00073,9e-05,2e-05,1e-05,0
47342,3e-05,3e-05,3e-05,0.00012,0.00073,9e-05,2e-05,1e-05,0
47343,3e-05,3e-05,3e-05,0.00012,0.00073,9e-05,2e-05,1e-05,0
47344,3e-05,3e-05,3e-05,0.00012,0.00073,9e-05,2e-05,1e-05,0
47345,3e-05,3e-05,3e-05,0.00012,0.00073,9e-05,2e-05,1e-05,0
47346,3e-05,3e-05,3e-05,0.00012,0.00073,9e-05,2e-05,1e-05,0
47347,3e-05,3e-05,3e-05,0.00012,0.00073,9e-05,2e-05,1e-05,0
47348,3e-05,3e-05,3e-05,0.00012,0.00073,9e-05,2e-05,1e-05,0
47349,3e-05,3e-05,3e-05,0.00012,0.00073,9e-05,2e-05,1e-05,0
47350,3e-05,3e-05,3e-05,0.00012,0.00073,9e-05,2e-05,1e-05,0
47351,3e-05,3e-05,3e-05,0.00012,0.00073,9e-05,2e-05,1e-05,0
47352,3e-05,3e-05,3e-05,0.00012,0.00073,9e-05,2e-05,1e-05,0
47354,3e-05,3e-05,3e-05,0.00012,0.00073,9e-05,2e-05,1e-05,0
47355,3e-05,3e-05,3e-05,0.00012,0.00073,9e-05,2e-05,1e-05,0
47356,3e-05,3e-05,3e-05,0.00012,0.00073,9e-05,2e-05,1e-05,0
47357,3e-05,3e-05,3e-05,0.00012,0.00073,9e-05,2e-05,1e-05,0
47358,3e-05,3e-05,3e-05,0.00012,0.00073,9e-05,2e-05,1e-05,0
47359,3e-05,3e-05,3e-05,0.00012,0.00073,9e-05,2e-05,1e-05,0
47360,3e-05,3e-05,3e-05,0.00012,0.00073,9e-05,2e-05,1e-05,0
47361,3e-05,3e-05,3e-05,0.00012,0.00073,9e-05,2e-05,1e-05,0
47362,3e-05,3e-05,3e-05,0.00012,0.00073,9e-05,2e-05,1e-05,0
47363,3e-05,3e-05,3e-05,0.00012,0.00073,9e-05,2e-05,1e-05,0
47364,3e-05,3e-05,3e-05,0.00012,0.00073,9e-05,2e-05,1e-05,0
47365,3e-05,3e-05,3e-05,0.00012,0.00073,9e-05,2e-05,1e-05,0
47366,-0.00011,-9e-05,-0.0001,0.00012,0.00045,-8e-05,-3e-05,-2e-05,0
47367,3e-05,0.0,2e-05,0.00024,0.00084,0.00025,3e-05,0.0,0
47368,3e-05,0.0,2e-05,0.00024,0.00084,0.00025,3e-05,0.0,0
47369,3e-05,0.0,2e-05,0.00024,0.00084,0.00025,3e-05,0.0,0
47370,3e-05,0.0,2e-05,0.00024,0.00084,0.00025,3e-05,0.0,0
47371,3e-05,0.0,2e-05,0.00024,0.00084,0.00025,3e-05,0.0,0
47372,-7e-05,-8e-05,-0.00013,-0.00019,-0.00034,-0.00014,-6e-05,-5e-05,0
47373,4e-05,4e-05,7e-05,2e-05,0.00086,-4e-05,1e-05,2e-05,0
47374,4e-05,4e-05,7e-05,2e-05,0.00086,-4e-05,1e-05,2e-05,0
47375,4e-05,4e-05,7e-05,2e-05,0.00086,-4e-05,1e-05,2e-05,0
47376,4e-05,4e-05,7e-05,2e-05,0.00086,-4e-05,1e-05,2e-05,0
47377,4e-05,4e-05,7e-05,2e-05,0.00086,-4e-05,1e-05,2e-05,0
47378,4e-05,4e-05,7e-05,2e-05,0.00086,-4e-05,1e-05,2e-05,0
47379,2e-05,5e-05,0.00011,0.00043,0.0001,-0.00014,0.0,1e-05,0
47380,2e-05,5e-05,0.00011,0.00043,0.0001,-0.00014,0.0,1e-05,0
47381,2e-05,5e-05,0.00011,0.00043,0.0001,-0.00014,0.0,1e-05,0
47382,2e-05,5e-05,0.00011,0.00043,0.0001,-0.00014,0.0,1e-05,0
47383,2e-05,5e-05,0.00011,0.00043,0.0001,-0.00014,0.0,1e-05,0
47384,2e-05,5e-05,0.00011,0.00043,0.0001,-0.00014,0.0,1e-05,0
47385,2e-05,5e-05,0.00011,0.00043,0.0001,-0.00014,0.0,1e-05,0
47387,2e-05,5e-05,0.00011,0.00043,0.0001,-0.00014,0.0,1e-05,0
47389,2e-05,5e-05,0.00011,0.00043,0.0001,-0.00014,0.0,1e-05,0
47390,2e-05,5e-05,0.00011,0.00043,0.0001,-0.00014,0.0,1e-05,0
47391,2e-05,5e-05,0.00011,0.00043,0.0001,-0.00014,0.0,1e-05,0
47392,2e-05,5e-05,0.00011,0.00043,0.0001,-0.00014,0.0,1e-05,0
47393,2e-05,5e-05,0.00011,0.00043,0.0001,-0.00014,0.0,1e-05,0
47394,2e-05,5e-05,0.00011,0.00043,0.0001,-0.00014,0.0,1e-05,0
47395,2e-05,5e-05,0.00011,0.00043,0.0001,-0.00014,0.0,1e-05,0
47396,-3e-05,-6e-05,-0.00015,-0.00022,-0.00071,-7e-05,-2e-05,-1e-05,0
47397,0.0,2e-05,1e-05,-0.00028,-0.00043,-0.00026,-6e-05,-6e-05,0
47398,0.0,2e-05,1e-05,-0.00028,-0.00043,-0.00026,-6e-05,-6e-05,0
47399,0.0,2e-05,1e-05,-0.00028,-0.00043,-0.00026,-6e-05,-6e-05,0
47400,0.0,2e-05,1e-05,-0.00028,-0.00043,-0.00026,-6e-05,-6e-05,0
47401,0.0,2e-05,1e-05,-0.00028,-0.00043,-0.00026,-6e-05,-6e-05,0
47402,0.0,2e-05,1e-05,-0.00028,-0.00043,-0.00026,-6e-05,-6e-05,0
47404,0.0,2e-05,1e-05,-0.00028,-0.00043,-0.00026,-6e-05,-6e-05,0
47405,0.0,2e-05,1e-05,-0.00028,-0.00043,-0.00026,-6e-05,-6e-05,0
47406,0.0,2e-05,1e-05,-0.00028,-0.00043,-0.00026,-6e-05,-6e-05,0
47407,0.0,2e-05,1e-05,-0.00028,-0.00043,-0.00026,-6e-05,-6e-05,0
47408,0.0,2e-05,1e-05,-0.00028,-0.00043,-0.00026,-6e-05,-6e-05,0
47409,0.0,2e-05,1e-05,-0.00028,-0.00043,-0.00026,-6e-05,-6e-05,0
47410,0.0,2e-05,1e-05,-0.00028,-0.00043,-0.00026,-6e-05,-6e-05,0
47411,0.0,2e-05,1e-05,-0.00028,-0.00043,-0.00026,-6e-05,-6e-05,0
47412,0.0,2e-05,1e-05,-0.00028,-0.00043,-0.00026,-6e-05,-6e-05,0
47413,0.0,2e-05,1e-05,-0.00028,-0.00043,-0.00026,-6e-05,-6e-05,0
47414,0.0,2e-05,1e-05,-0.00028,-0.00043,-0.00026,-6e-05,-6e-05,0
47415,0.0,2e-05,1e-05,-0.00028,-0.00043,-0.00026,-6e-05,-6e-05,0
47416,0.0,2e-05,1e-05,-0.00028,-0.00043,-0.00026,-6e-05,-6e-05,0
47417,0.0,2e-05,1e-05,-0.00028,-0.00043,-0.00026,-6e-05,-6e-05,0
47418,5e-05,5e-05,0.00014,0.00026,-0.00024,0.00013,0.00011,1e-05,0
47419,5e-05,5e-05,0.00014,0.00026,-0.00024,0.00013,0.00011,1e-05,0
47420,-1e-05,-5e-05,-4e-05,-0.00012,-0.00035,-3e-05,-2e-05,-2e-05,0
47421,-1e-05,-5e-05,-4e-05,-0.00012,-0.00035,-3e-05,-2e-05,-2e-05,0
47422,-1e-05,-5e-05,-4e-05,-0.00012,-0.00035,-3e-05,-2e-05,-2e-05,0
47423,-1e-05,-5e-05,-4e-05,-0.00012,-0.00035,-3e-05,-2e-05,-2e-05,0
47424,-1e-05,-5e-05,-4e-05,-0.00012,-0.00035,-3e-05,-2e-05,-2e-05,0
47425,-1e-05,-5e-05,-4e-05,-0.00012,-0.00035,-3e-05,-2e-05,-2e-05,0
47426,-1e-05,-5e-05,-4e-05,-0.00012,-0.00035,-3e-05,-2e-05,-2e-05,0
47427,-1e-05,-5e-05,-4e-05,-0.00012,-0.00035,-3e-05,-2e-05,-2e-05,0
47428,-1e-05,-5e-05,-4e-05,-0.00012,-0.00035,-3e-05,-2e-05,-2e-05,0
47429,-1e-05,-5e-05,-4e-05,-0.00012,-0.00035,-3e-05,-2e-05,-2e-05,0
47430,-1e-05,-5e-05,-4e-05,-0.00012,-0.00035,-3e-05,-2e-05,-2e-05,0
47431,-1e-05,-5e-05,-4e-05,-0.00012,-0.00035,-3e-05,-2e-05,-2e-05,0
47432,-5e-05,-7e-05,-0.00018,-0.00027,-0.0004,-0.00013,-0.00013,2e-05,0
47433,-5e-05,-7e-05,-0.00018,-0.00027,-0.0004,-0.00013,-0.00013,2e-05,0
47434,-5e-05,-7e-05,-0.00018,-0.00027,-0.0004,-0.00013,-0.00013,2e-05,0
47435,-5e-05,-7e-05,-0.00018,-0.00027,-0.0004,-0.00013,-0.00013,2e-05,0
47436,-5e-05,-7e-05,-0.00018,-0.00027,-0.0004,-0.00013,-0.00013,2e-05,0
47439,-5e-05,-7e-05,-0.00018,-0.00027,-0.0004,-0.00013,-0.00013,2e-05,0
47440,-5e-05,-7e-05,-0.00018,-0.00027,-0.0004,-0.00013,-0.00013,2e-05,0
47441,-5e-05,-7e-05,-0.00018,-0.00027,-0.0004,-0.00013,-0.00013,2e-05,0
47442,-5e-05,-7e-05,-0.00018,-0.00027,-0.0004,-0.00013,-0.00013,2e-05,0
47443,-5e-05,-7e-05,-0.00018,-0.00027,-0.0004,-0.00013,-0.00013,2e-05,0
47444,-5e-05,-7e-05,-0.00018,-0.00027,-0.0004,-0.00013,-0.00013,2e-05,0
47445,-5e-05,-7e-05,-0.00018,-0.00027,-0.0004,-0.00013,-0.00013,2e-05,0
47446,-5e-05,-7e-05,-0.00018,-0.00027,-0.0004,-0.00013,-0.00013,2e-05,0
47447,-5e-05,-7e-05,-0.00018,-0.00027,-0.0004,-0.00013,-0.00013,2e-05,0
47448,1e-05,3e-05,3e-05,-0.0003,-0.00127,-0.00017,-7e-05,-0.0001,0
47449,1e-05,3e-05,3e-05,-0.0003,-0.00127,-0.00017,-7e-05,-0.0001,0
47450,1e-05,3e-05,3e-05,-0.0003,-0.00127,-0.00017,-7e-05,-0.0001,0
47451,1e-05,3e-05,3e-05,-0.0003,-0.00127,-0.00017,-7e-05,-0.0001,0
47452,1e-05,3e-05,3e-05,-0.0003,-0.00127,-0.00017,-7e-05,-0.0001,0
47454,1e-05,3e-05,3e-05,-0.0003,-0.00127,-0.00017,-7e-05,-0.0001,0
47455,1e-05,3e-05,3e-05,-0.0003,-0.00127,-0.00017,-7e-05,-0.0001,0
47456,1e-05,3e-05,3e-05,-0.0003,-0.00127,-0.00017,-7e-05,-0.0001,0
47457,0.00011,0.00021,0.00042,0.00102,0.00109,0.00087,0.00022,-6e-05,0
47458,0.00011,0.00021,0.00042,0.00102,0.00109,0.00087,0.00022,-6e-05,0
47459,-1e-05,0.0,1e-05,-0.00034,-0.00087,2e-05,8e-05,2e-05,0
47460,-1e-05,0.0,1e-05,-0.00034,-0.00087,2e-05,8e-05,2e-05,0
47461,-1e-05,0.0,1e-05,-0.00034,-0.00087,2e-05,8e-05,2e-05,0
47462,-1e-05,0.0,1e-05,-0.00034,-0.00087,2e-05,8e-05,2e-05,0
47463,-1e-05,0.0,1e-05,-0.00034,-0.00087,2e-05,8e-05,2e-05,0
47464,-1e-05,0.0,1e-05,-0.00034,-0.00087,2e-05,8e-05,2e-05,0
47465,-1e-05,0.0,1e-05,-0.00034,-0.00087,2e-05,8e-05,2e-05,0
47466,-1e-05,0.0,1e-05,-0.00034,-0.00087,2e-05,8e-05,2e-05,0
47467,-1e-05,0.0,1e-05,-0.00034,-0.00087,2e-05,8e-05,2e-05,0
47468,-1e-05,0.0,1e-05,-0.00034,-0.00087,2e-05,8e-05,2e-05,0
47469,-1e-05,0.0,1e-05,-0.00034,-0.00087,2e-05,8e-05,2e-05,0
47470,-1e-05,0.0,1e-05,-0.00034,-0.00087,2e-05,8e-05,2e-05,0
47471,-1e-05,0.0,1e-05,-0.00034,-0.00087,2e-05,8e-05,2e-05,0
47472,-1e-05,0.0,1e-05,-0.00034,-0.00087,2e-05,8e-05,2e-05,0
47473,-1e-05,0.0,1e-05,-0.00034,-0.00087,2e-05,8e-05,2e-05,0
47474,-1e-05,0.0,1e-05,-0.00034,-0.00087,2e-05,8e-05,2e-05,0
47475,-1e-05,0.0,1e-05,-0.00034,-0.00087,2e-05,8e-05,2e-05,0
47476,-1e-05,0.0,1e-05,-0.00034,-0.00087,2e-05,8e-05,2e-05,0
47477,-1e-05,0.0,1e-05,-0.00034,-0.00087,2e-05,8e-05,2e-05,0
47478,-1e-05,0.0,1e-05,-0.00034,-0.00087,2e-05,8e-05,2e-05,0
47479,-9e-05,-0.0001,-0.00018,0.00015,0.00015,-0.00055,-0.00029,-0.00078,0
47480,3e-05,4e-05,9e-05,-0.00085,-0.00128,-0.00034,-5e-05,0.00031,0
47481,-6e-05,-1e-05,0.0,9e-05,-0.00048,0.00056,0.00013,-0.00014,0
47482,-6e-05,-1e-05,0.0,9e-05,-0.00048,0.00056,0.00013,-0.00014,0
47483,-6e-05,-1e-05,0.0,9e-05,-0.00048,0.00056,0.00013,-0.00014,0
47484,-6e-05,-1e-05,0.0,9e-05,-0.00048,0.00056,0.00013,-0.00014,0
47486,-6e-05,-1e-05,0.0,9e-05,-0.00048,0.00056,0.00013,-0.00014,0
47487,-6e-05,-1e-05,0.0,9e-05,-0.00048,0.00056,0.00013,-0.00014,0
47488,-6e-05,-1e-05,0.0,9e-05,-0.00048,0.00056,0.00013,-0.00014,0
47489,-6e-05,-1e-05,0.0,9e-05,-0.00048,0.00056,0.00013,-0.00014,0
47490,-6e-05,-1e-05,0.0,9e-05,-0.00048,0.00056,0.00013,-0.00014,0
47491,-6e-05,-1e-05,0.0,9e-05,-0.00048,0.00056,0.00013,-0.00014,0
47492,0.00016,0.0002,0.00033,0.00048,0.00105,0.00093,0.0004,0.00063,0
47493,0.00016,0.0002,0.00033,0.00048,0.00105,0.00093,0.0004,0.00063,0
47494,0.00016,0.0002,0.00033,0.00048,0.00105,0.00093,0.0004,0.00063,0
47495,0.00016,0.0002,0.00033,0.00048,0.00105,0.00093,0.0004,0.00063,0
47496,0.00016,0.0002,0.00033,0.00048,0.00105,0.00093,0.0004,0.00063,0
47497,0.00016,0.0002,0.00033,0.00048,0.00105,0.00093,0.0004,0.00063,0
47498,0.00016,0.0002,0.00033,0.00048,0.00105,0.00093,0.0004,0.00063,0
47499,0.00016,0.0002,0.00033,0.00048,0.00105,0.00093,0.0004,0.00063,0
47500,0.00016,0.0002,0.00033,0.00048,0.00105,0.00093,0.0004,0.00063,0
47501,-6e-05,-0.00014,-0.00032,-0.00083,-0.00032,-0.00094,-0.00037,-0.00021,0
47502,-6e-05,-0.00014,-0.00032,-0.00083,-0.00032,-0.00094,-0.00037,-0.00021,0
47504,-6e-05,-0.00014,-0.00032,-0.00083,-0.00032,-0.00094,-0.00037,-0.00021,0
47505,-6e-05,-0.00014,-0.00032,-0.00083,-0.00032,-0.00094,-0.00037,-0.00021,0
47506,-6e-05,-0.00014,-0.00032,-0.00083,-0.00032,-0.00094,-0.00037,-0.00021,0
47507,-6e-05,-0.00014,-0.00032,-0.00083,-0.00032,-0.00094,-0.00037,-0.00021,0
47508,-6e-05,-0.00014,-0.00032,-0.00083,-0.00032,-0.00094,-0.00037,-0.00021,0
47509,-6e-05,-0.00014,-0.00032,-0.00083,-0.00032,-0.00094,-0.00037,-0.00021,0
47510,-6e-05,-0.00014,-0.00032,-0.00083,-0.00032,-0.00094,-0.00037,-0.00021,0
47511,-6e-05,-0.00014,-0.00032,-0.00083,-0.00032,-0.00094,-0.00037,-0.00021,0
47512,-6e-05,-0.00014,-0.00032,-0.00083,-0.00032,-0.00094,-0.00037,-0.00021,0
47513,-6e-05,-0.00014,-0.00032,-0.00083,-0.00032,-0.00094,-0.00037,-0.00021,0
47514,-6e-05,-0.00014,-0.00032,-0.00083,-0.00032,-0.00094,-0.00037,-0.00021,0
47515,-6e-05,-0.00014,-0.00032,-0.00083,-0.00032,-0.00094,-0.00037,-0.00021,0
47516,-1e-05,-3e-05,-6e-05,-0.00029,-7e-05,-0.00019,-0.00019,-0.00016,0
47517,3e-05,4e-05,0.00013,0.0,-0.00057,0.00035,0.00017,0.0005,0
47518,3e-05,4e-05,0.00013,0.0,-0.00057,0.00035,0.00017,0.0005,0
47519,3e-05,4e-05,0.00013,0.0,-0.00057,0.00035,0.00017,0.0005,0
47520,3e-05,4e-05,0.00013,0.0,-0.00057,0.00035,0.00017,0.0005,0
47521,3e-05,4e-05,0.00013,0.0,-0.00057,0.00035,0.00017,0.0005,0
47522,3e-05,4e-05,0.00013,0.0,-0.00057,0.00035,0.00017,0.0005,0
47523,3e-05,4e-05,0.00013,0.0,-0.00057,0.00035,0.00017,0.0005,0
47524,3e-05,4e-05,0.00013,0.0,-0.00057,0.00035,0.00017,0.0005,0
47525,3e-05,4e-05,0.00013,0.0,-0.00057,0.00035,0.00017,0.0005,0
47526,3e-05,4e-05,0.00013,0.0,-0.00057,0.00035,0.00017,0.0005,0
47527,3e-05,4e-05,0.00013,0.0,-0.00057,0.00035,0.00017,0.0005,0
47528,3e-05,4e-05,0.00013,0.0,-0.00057,0.00035,0.00017,0.0005,0
47529,3e-05,4e-05,0.00013,0.0,-0.00057,0.00035,0.00017,0.0005,0
47530,3e-05,4e-05,0.00013,0.0,-0.00057,0.00035,0.00017,0.0005,0
47531,3e-05,4e-05,0.00013,0.0,-0.00057,0.00035,0.00017,0.0005,0
47532,3e-05,4e-05,0.00013,0.0,-0.00057,0.00035,0.00017,0.0005,0
47533,3e-05,4e-05,0.00013,0.0,-0.00057,0.00035,0.00017,0.0005,0
47534,3e-05,4e-05,0.00013,0.0,-0.00057,0.00035,0.00017,0.0005,0
47535,3e-05,4e-05,0.00013,0.0,-0.00057,0.00035,0.00017,0.0005,0
47536,3e-05,4e-05,0.00013,0.0,-0.00057,0.00035,0.00017,0.0005,0
47539,-2e-05,-5e-05,-0.00011,-0.00069,-0.00115,-0.00013,0.00025,0.0004,0
47540,-7e-05,-0.00011,-0.00019,0.00021,-0.00028,0.00019,-4e-05,3e-05,0
47541,-7e-05,-0.00011,-0.00019,0.00021,-0.00028,0.00019,-4e-05,3e-05,0
47542,-7e-05,-0.00011,-0.00019,0.00021,-0.00028,0.00019,-4e-05,3e-05,0
47543,-7e-05,-0.00011,-0.00019,0.00021,-0.00028,0.00019,-4e-05,3e-05,0
47544,-7e-05,-0.00011,-0.00019,0.00021,-0.00028,0.00019,-4e-05,3e-05,0
47545,-7e-05,-0.00011,-0.00019,0.00021,-0.00028,0.00019,-4e-05,3e-05,0
47546,-7e-05,-0.00011,-0.00019,0.00021,-0.00028,0.00019,-4e-05,3e-05,0
47547,-7e-05,-0.00011,-0.00019,0.00021,-0.00028,0.00019,-4e-05,3e-05,0
47548,-7e-05,-0.00011,-0.00019,0.00021,-0.00028,0.00019,-4e-05,3e-05,0
47549,-7e-05,-0.00011,-0.00019,0.00021,-0.00028,0.00019,-4e-05,3e-05,0
47550,-7e-05,-0.00011,-0.00019,0.00021,-0.00028,0.00019,-4e-05,3e-05,0
47551,-7e-05,-0.00011,-0.00019,0.00021,-0.00028,0.00019,-4e-05,3e-05,0
47552,-5e-05,-8e-05,-9e-05,-0.00027,0.00018,-0.00041,-0.00024,-0.00017,0
47553,-5e-05,-8e-05,-9e-05,-0.00027,0.00018,-0.00041,-0.00024,-0.00017,0
47554,-5e-05,-8e-05,-9e-05,-0.00027,0.00018,-0.00041,-0.00024,-0.00017,0
47555,-5e-05,-8e-05,-9e-05,-0.00027,0.00018,-0.00041,-0.00024,-0.00017,0
47556,-5e-05,-8e-05,-9e-05,-0.00027,0.00018,-0.00041,-0.00024,-0.00017,0
47557,-5e-05,-8e-05,-9e-05,-0.00027,0.00018,-0.00041,-0.00024,-0.00017,0
47558,-5e-05,-8e-05,-9e-05,-0.00027,0.00018,-0.00041,-0.00024,-0.00017,0
47559,-5e-05,-8e-05,-9e-05,-0.00027,0.00018,-0.00041,-0.00024,-0.00017,0
47560,-5e-05,-8e-05,-9e-05,-0.00027,0.00018,-0.00041,-0.00024,-0.00017,0
47561,-5e-05,-8e-05,-9e-05,-0.00027,0.00018,-0.00041,-0.00024,-0.00017,0
47562,-5e-05,-8e-05,-9e-05,-0.00027,0.00018,-0.00041,-0.00024,-0.00017,0
47563,-5e-05,-8e-05,-9e-05,-0.00027,0.00018,-0.00041,-0.00024,-0.00017,0
47564,-5e-05,-8e-05,-9e-05,-0.00027,0.00018,-0.00041,-0.00024,-0.00017,0
47565,-5e-05,-8e-05,-9e-05,-0.00027,0.00018,-0.00041,-0.00024,-0.00017,0
47566,-5e-05,-8e-05,-9e-05,-0.00027,0.00018,-0.00041,-0.00024,-0.00017,0
47567,3e-05,8e-05,0.00015,-0.0001,0.00055,0.00079,0.00023,-6e-05,0
47568,3e-05,8e-05,0.00015,-0.0001,0.00055,0.00079,0.00023,-6e-05,0
47569,3e-05,8e-05,0.00015,-0.0001,0.00055,0.00079,0.00023,-6e-05,0
47570,3e-05,8e-05,0.00015,-0.0001,0.00055,0.00079,0.00023,-6e-05,0
47571,3e-05,8e-05,0.00015,-0.0001,0.00055,0.00079,0.00023,-6e-05,0
47572,3e-05,8e-05,0.00015,-0.0001,0.00055,0.00079,0.00023,-6e-05,0
47573,3e-05,8e-05,0.00015,-0.0001,0.00055,0.00079,0.00023,-6e-05,0
47574,3e-05,8e-05,0.00015,-0.0001,0.00055,0.00079,0.00023,-6e-05,0
47575,3e-05,8e-05,0.00015,-0.0001,0.00055,0.00079,0.00023,-6e-05,0
47576,0.0001,0.00015,0.00022,0.00051,0.0005,0.00073,0.00021,0.00012,0
47577,-3e-05,-7e-05,-2e-05,0.00014,0.00052,-0.00068,-0.00029,-0.00013,0
47578,-3e-05,-7e-05,-2e-05,0.00014,0.00052,-0.00068,-0.00029,-0.00013,0
47579,-3e-05,-7e-05,-2e-05,0.00014,0.00052,-0.00068,-0.00029,-0.00013,0
47580,-3e-05,-7e-05,-2e-05,0.00014,0.00052,-0.00068,-0.00029,-0.00013,0
47581,-3e-05,-7e-05,-2e-05,0.00014,0.00052,-0.00068,-0.00029,-0.00013,0
47582,-3e-05,-7e-05,-2e-05,0.00014,0.00052,-0.00068,-0.00029,-0.00013,0
47583,-3e-05,-7e-05,-2e-05,0.00014,0.00052,-0.00068,-0.00029,-0.00013,0
47584,-3e-05,-7e-05,-2e-05,0.00014,0.00052,-0.00068,-0.00029,-0.00013,0
47585,-3e-05,-7e-05,-2e-05,0.00014,0.00052,-0.00068,-0.00029,-0.00013,0
47586,-3e-05,-7e-05,-2e-05,0.00014,0.00052,-0.00068,-0.00029,-0.00013,0
47588,-3e-05,-7e-05,-2e-05,0.00014,0.00052,-0.00068,-0.00029,-0.00013,0
47589,-3e-05,-7e-05,-2e-05,0.00014,0.00052,-0.00068,-0.00029,-0.00013,0
47590,-3e-05,-7e-05,-2e-05,0.00014,0.00052,-0.00068,-0.00029,-0.00013,0
47591,-3e-05,-7e-05,-2e-05,0.00014,0.00052,-0.00068,-0.00029,-0.00013,0
47592,-3e-05,-7e-05,-2e-05,0.00014,0.00052,-0.00068,-0.00029,-0.00013,0
47593,-3e-05,-7e-05,-2e-05,0.00014,0.00052,-0.00068,-0.00029,-0.00013,0
47594,-3e-05,-7e-05,-2e-05,0.00014,0.00052,-0.00068,-0.00029,-0.00013,0
47595,-3e-05,-7e-05,-2e-05,0.00014,0.00052,-0.00068,-0.00029,-0.00013,0
47596,-3e-05,-7e-05,-2e-05,0.00014,0.00052,-0.00068,-0.00029,-0.00013,0
47597,-3e-05,-7e-05,-2e-05,0.00014,0.00052,-0.00068,-0.00029,-0.00013,0
47598,-3e-05,-3e-05,-0.00015,-0.00111,-0.00031,-0.00088,-0.0002,0.0,0
47599,-3e-05,-3e-05,-0.00015,-0.00111,-0.00031,-0.00088,-0.0002,0.0,0
47600,-3e-05,-0.0001,-0.00018,-0.00019,-5e-05,0.00012,3e-05,5e-05,0
47601,-3e-05,-0.0001,-0.00018,-0.00019,-5e-05,0.00012,3e-05,5e-05,0
47602,-3e-05,-0.0001,-0.00018,-0.00019,-5e-05,0.00012,3e-05,5e-05,0
47603,-3e-05,-0.0001,-0.00018,-0.00019,-5e-05,0.00012,3e-05,5e-05,0
47604,-3e-05,-0.0001,-0.00018,-0.00019,-5e-05,0.00012,3e-05,5e-05,0
47605,-3e-05,-0.0001,-0.00018,-0.00019,-5e-05,0.00012,3e-05,5e-05,0
47606,-3e-05,-0.0001,-0.00018,-0.00019,-5e-05,0.00012,3e-05,5e-05,0
47607,-3e-05,-0.0001,-0.00018,-0.00019,-5e-05,0.00012,3e-05,5e-05,0
47608,-3e-05,-0.0001,-0.00018,-0.00019,-5e-05,0.00012,3e-05,5e-05,0
47609,-3e-05,-0.0001,-0.00018,-0.00019,-5e-05,0.00012,3e-05,5e-05,0
47610,-3e-05,-0.0001,-0.00018,-0.00019,-5e-05,0.00012,3e-05,5e-05,0
47611,-3e-05,-0.0001,-0.00018,-0.00019,-5e-05,0.00012,3e-05,5e-05,0
47612,-0.00017,-0.0003,-0.00044,0.00027,9e-05,-0.00022,-0.0003,-0.00026,0
47613,-0.00017,-0.0003,-0.00044,0.00027,9e-05,-0.00022,-0.0003,-0.00026,0
47614,-0.00017,-0.0003,-0.00044,0.00027,9e-05,-0.00022,-0.0003,-0.00026,0
47615,-0.00017,-0.0003,-0.00044,0.00027,9e-05,-0.00022,-0.0003,-0.00026,0
47616,-0.00017,-0.0003,-0.00044,0.00027,9e-05,-0.00022,-0.0003,-0.00026,0
47617,-0.00017,-0.0003,-0.00044,0.00027,9e-05,-0.00022,-0.0003,-0.00026,0
47618,-0.00017,-0.0003,-0.00044,0.00027,9e-05,-0.00022,-0.0003,-0.00026,0
47619,-0.00017,-0.0003,-0.00044,0.00027,9e-05,-0.00022,-0.0003,-0.00026,0
47620,-0.00017,-0.0003,-0.00044,0.00027,9e-05,-0.00022,-0.0003,-0.00026,0
47621,-7e-05,-0.00011,-0.00023,-0.00024,-0.00022,-0.0005,-0.0001,-0.00012,0
47622,-7e-05,-0.00011,-0.00023,-0.00024,-0.00022,-0.0005,-0.0001,-0.00012,0
47623,-7e-05,-0.00011,-0.00023,-0.00024,-0.00022,-0.0005,-0.0001,-0.00012,0
47624,-7e-05,-0.00011,-0.00023,-0.00024,-0.00022,-0.0005,-0.0001,-0.00012,0
47625,-7e-05,-0.00011,-0.00023,-0.00024,-0.00022,-0.0005,-0.0001,-0.00012,0
47626,-7e-05,-0.00011,-0.00023,-0.00024,-0.00022,-0.0005,-0.0001,-0.00012,0
47627,-7e-05,-0.00011,-0.00023,-0.00024,-0.00022,-0.0005,-0.0001,-0.00012,0
47628,-7e-05,-0.00011,-0.00023,-0.00024,-0.00022,-0.0005,-0.0001,-0.00012,0
47629,-7e-05,-0.00011,-0.00023,-0.00024,-0.00022,-0.0005,-0.0001,-0.00012,0
47630,-7e-05,-0.00011,-0.00023,-0.00024,-0.00022,-0.0005,-0.0001,-0.00012,0
47631,-7e-05,-0.00011,-0.00023,-0.00024,-0.00022,-0.0005,-0.0001,-0.00012,0
47632,-7e-05,-0.00011,-0.00023,-0.00024,-0.00022,-0.0005,-0.0001,-0.00012,0
47633,-7e-05,-0.00011,-0.00023,-0.00024,-0.00022,-0.0005,-0.0001,-0.00012,0
47634,-7e-05,-0.00011,-0.00023,-0.00024,-0.00022,-0.0005,-0.0001,-0.00012,0
47635,-7e-05,-0.00011,-0.00023,-0.00024,-0.00022,-0.0005,-0.0001,-0.00012,0
47636,5e-05,5e-05,4e-05,-0.00021,-0.00057,0.00015,-1e-05,1e-05,0
47639,0.0,-5e-05,-6e-05,-0.0007,-0.00018,-0.00035,4e-05,3e-05,0
47640,0.0,-5e-05,-6e-05,-0.0007,-0.00018,-0.00035,4e-05,3e-05,0
47641,0.0,-5e-05,-6e-05,-0.0007,-0.00018,-0.00035,4e-05,3e-05,0
47642,0.0,-5e-05,-6e-05,-0.0007,-0.00018,-0.00035,4e-05,3e-05,0
47643,0.0,-5e-05,-6e-05,-0.0007,-0.00018,-0.00035,4e-05,3e-05,0
47644,0.0,-5e-05,-6e-05,-0.0007,-0.00018,-0.00035,4e-05,3e-05,0
47645,0.0,-5e-05,-6e-05,-0.0007,-0.00018,-0.00035,4e-05,3e-05,0
47646,0.0,-5e-05,-6e-05,-0.0007,-0.00018,-0.00035,4e-05,3e-05,0
47647,0.0,-5e-05,-6e-05,-0.0007,-0.00018,-0.00035,4e-05,3e-05,0
47648,0.0,-5e-05,-6e-05,-0.0007,-0.00018,-0.00035,4e-05,3e-05,0
47649,0.0,-5e-05,-6e-05,-0.0007,-0.00018,-0.00035,4e-05,3e-05,0
47650,0.0,-5e-05,-6e-05,-0.0007,-0.00018,-0.00035,4e-05,3e-05,0
47651,0.0,-5e-05,-6e-05,-0.0007,-0.00018,-0.00035,4e-05,3e-05,0
47652,0.0,-5e-05,-6e-05,-0.0007,-0.00018,-0.00035,4e-05,3e-05,0
47653,0.0,-5e-05,-6e-05,-0.0007,-0.00018,-0.00035,4e-05,3e-05,0
47654,0.0,-5e-05,-6e-05,-0.0007,-0.00018,-0.00035,4e-05,3e-05,0
47655,0.0,-5e-05,-6e-05,-0.0007,-0.00018,-0.00035,4e-05,3e-05,0
47656,0.0,-5e-05,-6e-05,-0.0007,-0.00018,-0.00035,4e-05,3e-05,0
47657,0.0,-5e-05,-6e-05,-0.0007,-0.00018,-0.00035,4e-05,3e-05,0
47658,-0.0002,-0.00027,-0.00047,-0.00042,-0.00089,-0.00079,-0.00024,-7e-05,0
47659,-0.0002,-0.00027,-0.00047,-0.00042,-0.00089,-0.00079,-0.00024,-7e-05,0
47660,-0.00011,-0.00015,-0.00025,6e-05,-0.00037,-0.00063,-0.00033,-0.00036,0
47661,-0.00011,-0.00015,-0.00025,6e-05,-0.00037,-0.00063,-0.00033,-0.00036,0
47662,-0.00011,-0.00015,-0.00025,6e-05,-0.00037,-0.00063,-0.00033,-0.00036,0
47663,-0.00011,-0.00015,-0.00025,6e-05,-0.00037,-0.00063,-0.00033,-0.00036,0
47664,-0.00011,-0.00015,-0.00025,6e-05,-0.00037,-0.00063,-0.00033,-0.00036,0
47665,-0.00011,-0.00015,-0.00025,6e-05,-0.00037,-0.00063,-0.00033,-0.00036,0
47666,-0.00011,-0.00015,-0.00025,6e-05,-0.00037,-0.00063,-0.00033,-0.00036,0
47667,-0.00011,-0.00015,-0.00025,6e-05,-0.00037,-0.00063,-0.00033,-0.00036,0
47668,-0.00011,-0.00015,-0.00025,6e-05,-0.00037,-0.00063,-0.00033,-0.00036,0
47669,-0.00011,-0.00015,-0.00025,6e-05,-0.00037,-0.00063,-0.00033,-0.00036,0
47670,-0.00011,-0.00015,-0.00025,6e-05,-0.00037,-0.00063,-0.00033,-0.00036,0
47671,-0.00011,-0.00015,-0.00025,6e-05,-0.00037,-0.00063,-0.00033,-0.00036,0
47672,-0.00014,-0.00021,-0.00022,0.0002,0.00055,-0.00074,-0.00034,-0.00016,0
47673,-0.00014,-0.00021,-0.00022,0.0002,0.00055,-0.00074,-0.00034,-0.00016,0
47674,-0.00014,-0.00021,-0.00022,0.0002,0.00055,-0.00074,-0.00034,-0.00016,0
47675,-0.00014,-0.00021,-0.00022,0.0002,0.00055,-0.00074,-0.00034,-0.00016,0
47676,-0.00014,-0.00021,-0.00022,0.0002,0.00055,-0.00074,-0.00034,-0.00016,0
47677,-0.00014,-0.00021,-0.00022,0.0002,0.00055,-0.00074,-0.00034,-0.00016,0
47678,-0.00014,-0.00021,-0.00022,0.0002,0.00055,-0.00074,-0.00034,-0.00016,0
47679,-0.00014,-0.00021,-0.00022,0.0002,0.00055,-0.00074,-0.00034,-0.00016,0
47680,-0.00014,-0.00021,-0.00022,0.0002,0.00055,-0.00074,-0.00034,-0.00016,0
47681,0.0001,0.0002,0.00039,0.0001,0.00017,0.00026,0.00013,0.00017,0
47682,0.0001,0.0002,0.00039,0.0001,0.00017,0.00026,0.00013,0.00017,0
47683,0.0001,0.0002,0.00039,0.0001,0.00017,0.00026,0.00013,0.00017,0
47684,0.0001,0.0002,0.00039,0.0001,0.00017,0.00026,0.00013,0.00017,0
47685,0.0001,0.0002,0.00039,0.0001,0.00017,0.00026,0.00013,0.00017,0
47686,0.0001,0.0002,0.00039,0.0001,0.00017,0.00026,0.00013,0.00017,0
47690,0.0001,0.0002,0.00039,0.0001,0.00017,0.00026,0.00013,0.00017,0
47691,0.0001,0.0002,0.00039,0.0001,0.00017,0.00026,0.00013,0.00017,0
47692,0.0001,0.0002,0.00039,0.0001,0.00017,0.00026,0.00013,0.00017,0
47693,0.0001,0.0002,0.00039,0.0001,0.00017,0.00026,0.00013,0.00017,0
47694,0.0001,0.0002,0.00039,0.0001,0.00017,0.00026,0.00013,0.00017,0
47695,0.0001,0.0002,0.00039,0.0001,0.00017,0.00026,0.00013,0.00017,0
47696,9e-05,8e-05,0.00016,0.0,0.00021,0.00028,0.00017,6e-05,0
47697,0.0001,0.00019,0.0003,0.00074,0.00049,0.00076,0.0002,0.00014,0
47699,0.0001,0.00019,0.0003,0.00074,0.00049,0.00076,0.0002,0.00014,0
47700,0.0001,0.00019,0.0003,0.00074,0.00049,0.00076,0.0002,0.00014,0
47701,0.0001,0.00019,0.0003,0.00074,0.00049,0.00076,0.0002,0.00014,0
47702,0.0001,0.00019,0.0003,0.00074,0.00049,0.00076,0.0002,0.00014,0
47703,0.0001,0.00019,0.0003,0.00074,0.00049,0.00076,0.0002,0.00014,0
47704,0.0001,0.00019,0.0003,0.00074,0.00049,0.00076,0.0002,0.00014,0
47705,0.0001,0.00019,0.0003,0.00074,0.00049,0.00076,0.0002,0.00014,0
47706,0.0001,0.00019,0.0003,0.00074,0.00049,0.00076,0.0002,0.00014,0
47707,0.0001,0.00019,0.0003,0.00074,0.00049,0.00076,0.0002,0.00014,0
47708,0.0001,0.00019,0.0003,0.00074,0.00049,0.00076,0.0002,0.00014,0
47709,0.0001,0.00019,0.0003,0.00074,0.00049,0.00076,0.0002,0.00014,0
47710,0.0001,0.00019,0.0003,0.00074,0.00049,0.00076,0.0002,0.00014,0
47711,0.0001,0.00019,0.0003,0.00074,0.00049,0.00076,0.0002,0.00014,0
47712,0.0001,0.00019,0.0003,0.00074,0.00049,0.00076,0.0002,0.00014,0
47713,0.0001,0.00019,0.0003,0.00074,0.00049,0.00076,0.0002,0.00014,0
47714,0.0001,0.00019,0.0003,0.00074,0.00049,0.00076,0.0002,0.00014,0
47715,0.0001,0.00019,0.0003,0.00074,0.00049,0.00076,0.0002,0.00014,0
47716,0.0001,0.00019,0.0003,0.00074,0.00049,0.00076,0.0002,0.00014,0
47717,0.0001,0.00019,0.0003,0.00074,0.00049,0.00076,0.0002,0.00014,0
47718,0.0001,0.00019,0.0003,0.00074,0.00049,0.00076,0.0002,0.00014,0
47719,0.0001,0.00019,0.0003,0.00074,0.00049,0.00076,0.0002,0.00014,0
47720,0.0001,0.00019,0.0003,0.00074,0.00049,0.00076,0.0002,0.00014,0
47721,0.0001,0.00019,0.0003,0.00074,0.00049,0.00076,0.0002,0.00014,0
47722,0.0001,0.00019,0.0003,0.00074,0.00049,0.00076,0.0002,0.00014,0
47723,0.0001,0.00019,0.0003,0.00074,0.00049,0.00076,0.0002,0.00014,0
47724,0.0001,0.00019,0.0003,0.00074,0.00049,0.00076,0.0002,0.00014,0
47725,0.0001,0.00019,0.0003,0.00074,0.00049,0.00076,0.0002,0.00014,0
47726,0.0001,0.00016,0.00025,0.00089,-0.00028,0.00084,0.00027,0.00012,0
47727,0.00011,0.00016,0.00021,0.00045,-0.00039,0.00076,0.00013,0.0001,0
47728,0.00011,0.00016,0.00021,0.00045,-0.00039,0.00076,0.00013,0.0001,0
47729,0.00011,0.00016,0.00021,0.00045,-0.00039,0.00076,0.00013,0.0001,0
47730,0.00011,0.00016,0.00021,0.00045,-0.00039,0.00076,0.00013,0.0001,0
47731,0.00011,0.00016,0.00021,0.00045,-0.00039,0.00076,0.00013,0.0001,0
47732,2e-05,6e-05,0.00013,-0.00052,-0.00091,-0.00092,-0.0001,0.0,0
47733,2e-05,6e-05,0.00013,-0.00052,-0.00091,-0.00092,-0.0001,0.0,0
47734,2e-05,6e-05,0.00013,-0.00052,-0.00091,-0.00092,-0.0001,0.0,0
47735,2e-05,6e-05,0.00013,-0.00052,-0.00091,-0.00092,-0.0001,0.0,0
47736,2e-05,6e-05,0.00013,-0.00052,-0.00091,-0.00092,-0.0001,0.0,0
47739,2e-05,6e-05,0.00013,-0.00052,-0.00091,-0.00092,-0.0001,0.0,0
47740,2e-05,6e-05,0.00013,-0.00052,-0.00091,-0.00092,-0.0001,0.0,0
47741,2e-05,6e-05,0.00013,-0.00052,-0.00091,-0.00092,-0.0001,0.0,0
47742,2e-05,6e-05,0.00013,-0.00052,-0.00091,-0.00092,-0.0001,0.0,0
47743,2e-05,6e-05,0.00013,-0.00052,-0.00091,-0.00092,-0.0001,0.0,0
47744,2e-05,6e-05,0.00013,-0.00052,-0.00091,-0.00092,-0.0001,0.0,0
47745,2e-05,6e-05,0.00013,-0.00052,-0.00091,-0.00092,-0.0001,0.0,0
47746,2e-05,6e-05,0.00013,-0.00052,-0.00091,-0.00092,-0.0001,0.0,0
47747,2e-05,6e-05,0.00013,-0.00052,-0.00091,-0.00092,-0.0001,0.0,0
47748,-3e-05,-4e-05,0.0,0.00063,0.00083,0.00029,3e-05,-1e-05,0
47749,-3e-05,-4e-05,0.0,0.00063,0.00083,0.00029,3e-05,-1e-05,0
47750,-3e-05,-4e-05,0.0,0.00063,0.00083,0.00029,3e-05,-1e-05,0
47751,-3e-05,-4e-05,0.0,0.00063,0.00083,0.00029,3e-05,-1e-05,0
47752,-3e-05,-4e-05,0.0,0.00063,0.00083,0.00029,3e-05,-1e-05,0
47753,-3e-05,-4e-05,0.0,0.00063,0.00083,0.00029,3e-05,-1e-05,0
47754,-3e-05,-4e-05,0.0,0.00063,0.00083,0.00029,3e-05,-1e-05,0
47755,6e-05,7e-05,7e-05,0.00045,0.00043,0.00027,7e-05,3e-05,0
47756,-3e-05,-4e-05,-2e-05,0.00017,-7e-05,-0.00014,-3e-05,0.0,0
47757,0.00011,0.00019,0.00037,0.00041,0.00101,0.00052,0.00012,0.0001,0
47758,0.00011,0.00019,0.00037,0.00041,0.00101,0.00052,0.00012,0.0001,0
47759,0.00011,0.00019,0.00037,0.00041,0.00101,0.00052,0.00012,0.0001,0
47760,0.00011,0.00019,0.00037,0.00041,0.00101,0.00052,0.00012,0.0001,0
47761,0.00011,0.00019,0.00037,0.00041,0.00101,0.00052,0.00012,0.0001,0
47762,0.00011,0.00019,0.00037,0.00041,0.00101,0.00052,0.00012,0.0001,0
47763,0.00011,0.00019,0.00037,0.00041,0.00101,0.00052,0.00012,0.0001,0
47764,0.00011,0.00019,0.00037,0.00041,0.00101,0.00052,0.00012,0.0001,0
47765,0.00011,0.00019,0.00037,0.00041,0.00101,0.00052,0.00012,0.0001,0
47766,0.00011,0.00019,0.00037,0.00041,0.00101,0.00052,0.00012,0.0001,0
47767,0.00011,0.00019,0.00037,0.00041,0.00101,0.00052,0.00012,0.0001,0
47768,0.00011,0.00019,0.00037,0.00041,0.00101,0.00052,0.00012,0.0001,0
47769,0.00011,0.00019,0.00037,0.00041,0.00101,0.00052,0.00012,0.0001,0
47770,0.00011,0.00019,0.00037,0.00041,0.00101,0.00052,0.00012,0.0001,0
47771,0.00011,0.00019,0.00037,0.00041,0.00101,0.00052,0.00012,0.0001,0
47772,0.00011,0.00019,0.00037,0.00041,0.00101,0.00052,0.00012,0.0001,0
47773,0.00011,0.00019,0.00037,0.00041,0.00101,0.00052,0.00012,0.0001,0
47774,0.00011,0.00019,0.00037,0.00041,0.00101,0.00052,0.00012,0.0001,0
47775,0.00011,0.00019,0.00037,0.00041,0.00101,0.00052,0.00012,0.0001,0
47776,0.00011,0.00019,0.00037,0.00041,0.00101,0.00052,0.00012,0.0001,0
47777,0.00011,0.00019,0.00037,0.00041,0.00101,0.00052,0.00012,0.0001,0
47778,0.00011,0.00019,0.00037,0.00041,0.00101,0.00052,0.00012,0.0001,0
47779,-0.00014,-0.00023,-0.00043,-0.00047,0.00034,-0.00049,-0.00013,-0.00014,0
47780,-0.0001,-0.00025,-0.00042,0.00012,0.00072,7e-05,-9e-05,-0.00012,0
47781,-0.0001,-0.00025,-0.00042,0.00012,0.00072,7e-05,-9e-05,-0.00012,0
47782,-0.0001,-0.00025,-0.00042,0.00012,0.00072,7e-05,-9e-05,-0.00012,0
47783,-0.0001,-0.00025,-0.00042,0.00012,0.00072,7e-05,-9e-05,-0.00012,0
47784,-0.0001,-0.00025,-0.00042,0.00012,0.00072,7e-05,-9e-05,-0.00012,0
47785,-0.0001,-0.00025,-0.00042,0.00012,0.00072,7e-05,-9e-05,-0.00012,0
47786,-0.0001,-0.00025,-0.00042,0.00012,0.00072,7e-05,-9e-05,-0.00012,0
47789,-0.0001,-0.00025,-0.00042,0.00012,0.00072,7e-05,-9e-05,-0.00012,0
47790,-0.0001,-0.00025,-0.00042,0.00012,0.00072,7e-05,-9e-05,-0.00012,0
47791,-0.0001,-0.00025,-0.00042,0.00012,0.00072,7e-05,-9e-05,-0.00012,0
47792,-2e-05,4e-05,7e-05,0.00024,0.00017,0.00025,9e-05,1e-05,0
47793,-2e-05,4e-05,7e-05,0.00024,0.00017,0.00025,9e-05,1e-05,0
47794,-2e-05,4e-05,7e-05,0.00024,0.00017,0.00025,9e-05,1e-05,0
47795,-2e-05,4e-05,7e-05,0.00024,0.00017,0.00025,9e-05,1e-05,0
47796,-2e-05,4e-05,7e-05,0.00024,0.00017,0.00025,9e-05,1e-05,0
47797,-2e-05,4e-05,7e-05,0.00024,0.00017,0.00025,9e-05,1e-05,0
47798,-2e-05,4e-05,7e-05,0.00024,0.00017,0.00025,9e-05,1e-05,0
47799,-2e-05,4e-05,7e-05,0.00024,0.00017,0.00025,9e-05,1e-05,0
47800,-2e-05,4e-05,7e-05,0.00024,0.00017,0.00025,9e-05,1e-05,0
47801,-0.00017,-0.00028,-0.00039,0.00028,0.00023,-0.00093,-0.00024,-0.00015,0
47802,-0.00017,-0.00028,-0.00039,0.00028,0.00023,-0.00093,-0.00024,-0.00015,0
47803,-0.00017,-0.00028,-0.00039,0.00028,0.00023,-0.00093,-0.00024,-0.00015,0
47804,-0.00017,-0.00028,-0.00039,0.00028,0.00023,-0.00093,-0.00024,-0.00015,0
47805,-0.00017,-0.00028,-0.00039,0.00028,0.00023,-0.00093,-0.00024,-0.00015,0
47806,-0.00017,-0.00028,-0.00039,0.00028,0.00023,-0.00093,-0.00024,-0.00015,0
47807,-0.00017,-0.00028,-0.00039,0.00028,0.00023,-0.00093,-0.00024,-0.00015,0
47808,-0.00017,-0.00028,-0.00039,0.00028,0.00023,-0.00093,-0.00024,-0.00015,0
47809,-0.00017,-0.00028,-0.00039,0.00028,0.00023,-0.00093,-0.00024,-0.00015,0
47810,-0.00017,-0.00028,-0.00039,0.00028,0.00023,-0.00093,-0.00024,-0.00015,0
47811,-0.00017,-0.00028,-0.00039,0.00028,0.00023,-0.00093,-0.00024,-0.00015,0
47812,-0.00017,-0.00028,-0.00039,0.00028,0.00023,-0.00093,-0.00024,-0.00015,0
47813,-0.00017,-0.00028,-0.00039,0.00028,0.00023,-0.00093,-0.00024,-0.00015,0
47814,-0.00017,-0.00028,-0.00039,0.00028,0.00023,-0.00093,-0.00024,-0.00015,0
47815,-0.00012,-0.00017,-0.00021,-0.00043,-0.00015,-0.00033,-0.0003,-0.00018,0
47816,0.00016,0.00025,0.00042,0.00035,4e-05,0.00075,0.00033,0.00017,0
47817,-7e-05,-6e-05,0.0,0.00013,-0.0002,-0.00096,-0.00029,-0.0001,0
47818,-7e-05,-6e-05,0.0,0.00013,-0.0002,-0.00096,-0.00029,-0.0001,0
47819,-7e-05,-6e-05,0.0,0.00013,-0.0002,-0.00096,-0.00029,-0.0001,0
47820,-7e-05,-6e-05,0.0,0.00013,-0.0002,-0.00096,-0.00029,-0.0001,0
47821,-7e-05,-6e-05,0.0,0.00013,-0.0002,-0.00096,-0.00029,-0.0001,0
47822,-7e-05,-6e-05,0.0,0.00013,-0.0002,-0.00096,-0.00029,-0.0001,0
47823,-7e-05,-6e-05,0.0,0.00013,-0.0002,-0.00096,-0.00029,-0.0001,0
47824,-7e-05,-6e-05,0.0,0.00013,-0.0002,-0.00096,-0.00029,-0.0001,0
47825,-7e-05,-6e-05,0.0,0.00013,-0.0002,-0.00096,-0.00029,-0.0001,0
47826,-7e-05,-6e-05,0.0,0.00013,-0.0002,-0.00096,-0.00029,-0.0001,0
47827,-7e-05,-6e-05,0.0,0.00013,-0.0002,-0.00096,-0.00029,-0.0001,0
47828,-7e-05,-6e-05,0.0,0.00013,-0.0002,-0.00096,-0.00029,-0.0001,0
47829,-7e-05,-6e-05,0.0,0.00013,-0.0002,-0.00096,-0.00029,-0.0001,0
47830,-7e-05,-6e-05,0.0,0.00013,-0.0002,-0.00096,-0.00029,-0.0001,0
47831,-7e-05,-6e-05,0.0,0.00013,-0.0002,-0.00096,-0.00029,-0.0001,0
47832,-7e-05,-6e-05,0.0,0.00013,-0.0002,-0.00096,-0.00029,-0.0001,0
47833,-7e-05,-6e-05,0.0,0.00013,-0.0002,-0.00096,-0.00029,-0.0001,0
47834,-7e-05,-6e-05,0.0,0.00013,-0.0002,-0.00096,-0.00029,-0.0001,0
47835,-7e-05,-6e-05,0.0,0.00013,-0.0002,-0.00096,-0.00029,-0.0001,0
47836,-7e-05,-6e-05,0.0,0.00013,-0.0002,-0.00096,-0.00029,-0.0001,0
47839,-6e-05,-2e-05,6e-05,-0.00015,-0.00114,-0.00036,-0.00032,-9e-05,0
47840,-6e-05,-2e-05,6e-05,-0.00015,-0.00114,-0.00036,-0.00032,-9e-05,0
47841,-6e-05,-2e-05,6e-05,-0.00015,-0.00114,-0.00036,-0.00032,-9e-05,0
47842,-6e-05,-2e-05,6e-05,-0.00015,-0.00114,-0.00036,-0.00032,-9e-05,0
47843,-6e-05,-2e-05,6e-05,-0.00015,-0.00114,-0.00036,-0.00032,-9e-05,0
47844,-6e-05,-2e-05,6e-05,-0.00015,-0.00114,-0.00036,-0.00032,-9e-05,0
47845,-6e-05,-2e-05,6e-05,-0.00015,-0.00114,-0.00036,-0.00032,-9e-05,0
47846,1e-05,-4e-05,-0.00017,-0.00061,5e-05,0.00063,5e-05,-1e-05,0
47847,1e-05,-4e-05,-0.00017,-0.00061,5e-05,0.00063,5e-05,-1e-05,0
47848,1e-05,-4e-05,-0.00017,-0.00061,5e-05,0.00063,5e-05,-1e-05,0
47849,1e-05,-4e-05,-0.00017,-0.00061,5e-05,0.00063,5e-05,-1e-05,0
47850,1e-05,-4e-05,-0.00017,-0.00061,5e-05,0.00063,5e-05,-1e-05,0
47851,1e-05,-4e-05,-0.00017,-0.00061,5e-05,0.00063,5e-05,-1e-05,0
47852,0.00016,0.00023,0.00033,-2e-05,-0.00032,0.00038,0.00028,0.00018,0
47853,0.00016,0.00023,0.00033,-2e-05,-0.00032,0.00038,0.00028,0.00018,0
47854,0.00016,0.00023,0.00033,-2e-05,-0.00032,0.00038,0.00028,0.00018,0
47855,0.00016,0.00023,0.00033,-2e-05,-0.00032,0.00038,0.00028,0.00018,0
47856,0.00016,0.00023,0.00033,-2e-05,-0.00032,0.00038,0.00028,0.00018,0
47857,0.00016,0.00023,0.00033,-2e-05,-0.00032,0.00038,0.00028,0.00018,0
47858,0.00016,0.00023,0.00033,-2e-05,-0.00032,0.00038,0.00028,0.00018,0
47859,0.00016,0.00023,0.00033,-2e-05,-0.00032,0.00038,0.00028,0.00018,0
47860,0.00016,0.00023,0.00033,-2e-05,-0.00032,0.00038,0.00028,0.00018,0
47861,0.00016,0.00023,0.00033,-2e-05,-0.00032,0.00038,0.00028,0.00018,0
47862,0.00016,0.00023,0.00033,-2e-05,-0.00032,0.00038,0.00028,0.00018,0
47863,0.00016,0.00023,0.00033,-2e-05,-0.00032,0.00038,0.00028,0.00018,0
47864,0.00016,0.00023,0.00033,-2e-05,-0.00032,0.00038,0.00028,0.00018,0
47865,0.00016,0.00023,0.00033,-2e-05,-0.00032,0.00038,0.00028,0.00018,0
47866,0.00016,0.00023,0.00033,-2e-05,-0.00032,0.00038,0.00028,0.00018,0
47867,0.00016,0.00023,0.00033,-2e-05,-0.00032,0.00038,0.00028,0.00018,0
47868,4e-05,4e-05,-2e-05,-0.0003,-0.00128,-0.0001,-5e-05,2e-05,0
47869,4e-05,4e-05,-2e-05,-0.0003,-0.00128,-0.0001,-5e-05,2e-05,0
47870,4e-05,4e-05,-2e-05,-0.0003,-0.00128,-0.0001,-5e-05,2e-05,0
47871,4e-05,4e-05,-2e-05,-0.0003,-0.00128,-0.0001,-5e-05,2e-05,0
47872,4e-05,4e-05,-2e-05,-0.0003,-0.00128,-0.0001,-5e-05,2e-05,0
47873,4e-05,4e-05,-2e-05,-0.0003,-0.00128,-0.0001,-5e-05,2e-05,0
47874,4e-05,4e-05,-2e-05,-0.0003,-0.00128,-0.0001,-5e-05,2e-05,0
47875,4e-05,4e-05,-2e-05,-0.0003,-0.00128,-0.0001,-5e-05,2e-05,0
47876,0.0,3e-05,5e-05,-0.00039,-0.00058,0.00052,-3e-05,-2e-05,0
47877,4e-05,9e-05,0.00016,0.0001,-0.00028,0.00057,9e-05,7e-05,0
47878,4e-05,9e-05,0.00016,0.0001,-0.00028,0.00057,9e-05,7e-05,0
47879,4e-05,9e-05,0.00016,0.0001,-0.00028,0.00057,9e-05,7e-05,0
47880,4e-05,9e-05,0.00016,0.0001,-0.00028,0.00057,9e-05,7e-05,0
47881,4e-05,9e-05,0.00016,0.0001,-0.00028,0.00057,9e-05,7e-05,0
47882,4e-05,9e-05,0.00016,0.0001,-0.00028,0.00057,9e-05,7e-05,0
47883,4e-05,9e-05,0.00016,0.0001,-0.00028,0.00057,9e-05,7e-05,0
47884,4e-05,9e-05,0.00016,0.0001,-0.00028,0.00057,9e-05,7e-05,0
47885,4e-05,9e-05,0.00016,0.0001,-0.00028,0.00057,9e-05,7e-05,0
47886,4e-05,9e-05,0.00016,0.0001,-0.00028,0.00057,9e-05,7e-05,0
47888,4e-05,9e-05,0.00016,0.0001,-0.00028,0.00057,9e-05,7e-05,0
47889,4e-05,9e-05,0.00016,0.0001,-0.00028,0.00057,9e-05,7e-05,0
47890,4e-05,9e-05,0.00016,0.0001,-0.00028,0.00057,9e-05,7e-05,0
47891,4e-05,9e-05,0.00016,0.0001,-0.00028,0.00057,9e-05,7e-05,0
47892,4e-05,9e-05,0.00016,0.0001,-0.00028,0.00057,9e-05,7e-05,0
47893,4e-05,9e-05,0.00016,0.0001,-0.00028,0.00057,9e-05,7e-05,0
47894,4e-05,9e-05,0.00016,0.0001,-0.00028,0.00057,9e-05,7e-05,0
47895,4e-05,9e-05,0.00016,0.0001,-0.00028,0.00057,9e-05,7e-05,0
47896,4e-05,9e-05,0.00016,0.0001,-0.00028,0.00057,9e-05,7e-05,0
47897,4e-05,9e-05,0.00016,0.0001,-0.00028,0.00057,9e-05,7e-05,0
47898,4e-05,9e-05,0.00016,0.0001,-0.00028,0.00057,9e-05,7e-05,0
47899,-9e-05,-0.00015,-0.00027,-0.00058,-0.00039,-0.00128,-0.00017,-0.0001,0
47901,-9e-05,-0.00015,-0.00027,-0.00058,-0.00039,-0.00128,-0.00017,-0.0001,0
47902,-9e-05,-0.00015,-0.00027,-0.00058,-0.00039,-0.00128,-0.00017,-0.0001,0
47903,-9e-05,-0.00015,-0.00027,-0.00058,-0.00039,-0.00128,-0.00017,-0.0001,0
47904,-9e-05,-0.00015,-0.00027,-0.00058,-0.00039,-0.00128,-0.00017,-0.0001,0
47905,9e-05,9e-05,0.00015,-0.00021,-0.0001,0.00038,0.00015,0.00015,0
47906,9e-05,9e-05,0.00015,-0.00021,-0.0001,0.00038,0.00015,0.00015,0
47907,9e-05,9e-05,0.00015,-0.00021,-0.0001,0.00038,0.00015,0.00015,0
47908,9e-05,9e-05,0.00015,-0.00021,-0.0001,0.00038,0.00015,0.00015,0
47909,9e-05,9e-05,0.00015,-0.00021,-0.0001,0.00038,0.00015,0.00015,0
47910,9e-05,9e-05,0.00015,-0.00021,-0.0001,0.00038,0.00015,0.00015,0
47911,9e-05,9e-05,0.00015,-0.00021,-0.0001,0.00038,0.00015,0.00015,0
47912,-3e-05,-4e-05,-0.00011,-0.00024,0.00068,-0.00029,0.0001,0.0,0
47913,-3e-05,-4e-05,-0.00011,-0.00024,0.00068,-0.00029,0.0001,0.0,0
47914,-3e-05,-4e-05,-0.00011,-0.00024,0.00068,-0.00029,0.0001,0.0,0
47915,-3e-05,-4e-05,-0.00011,-0.00024,0.00068,-0.00029,0.0001,0.0,0
47916,-3e-05,-4e-05,-0.00011,-0.00024,0.00068,-0.00029,0.0001,0.0,0
47917,-3e-05,-4e-05,-0.00011,-0.00024,0.00068,-0.00029,0.0001,0.0,0
47918,-3e-05,-4e-05,-0.00011,-0.00024,0.00068,-0.00029,0.0001,0.0,0
47919,-3e-05,-4e-05,-0.00011,-0.00024,0.00068,-0.00029,0.0001,0.0,0
47920,-3e-05,-4e-05,-0.00011,-0.00024,0.00068,-0.00029,0.0001,0.0,0
47921,8e-05,0.00017,0.00021,-0.00097,0.00064,4e-05,0.00026,6e-05,0
47922,8e-05,0.00017,0.00021,-0.00097,0.00064,4e-05,0.00026,6e-05,0
47923,8e-05,0.00017,0.00021,-0.00097,0.00064,4e-05,0.00026,6e-05,0
47924,8e-05,0.00017,0.00021,-0.00097,0.00064,4e-05,0.00026,6e-05,0
47925,8e-05,0.00017,0.00021,-0.00097,0.00064,4e-05,0.00026,6e-05,0
47926,8e-05,0.00017,0.00021,-0.00097,0.00064,4e-05,0.00026,6e-05,0
47927,8e-05,0.00017,0.00021,-0.00097,0.00064,4e-05,0.00026,6e-05,0
47928,8e-05,0.00017,0.00021,-0.00097,0.00064,4e-05,0.00026,6e-05,0
47929,8e-05,0.00017,0.00021,-0.00097,0.00064,4e-05,0.00026,6e-05,0
47930,8e-05,0.00017,0.00021,-0.00097,0.00064,4e-05,0.00026,6e-05,0
47931,8e-05,0.00017,0.00021,-0.00097,0.00064,4e-05,0.00026,6e-05,0
47932,8e-05,0.00017,0.00021,-0.00097,0.00064,4e-05,0.00026,6e-05,0
47933,8e-05,0.00017,0.00021,-0.00097,0.00064,4e-05,0.00026,6e-05,0
47934,8e-05,0.00017,0.00021,-0.00097,0.00064,4e-05,0.00026,6e-05,0
47935,8e-05,0.00017,0.00021,-0.00097,0.00064,4e-05,0.00026,6e-05,0
47936,-3e-05,-9e-05,-0.00012,-0.00028,-0.00094,-0.0005,-0.00016,-4e-05,0
47938,1e-05,7e-05,5e-05,-0.00027,-0.00128,0.00029,0.00011,0.0,0
47940,1e-05,7e-05,5e-05,-0.00027,-0.00128,0.00029,0.00011,0.0,0
47941,1e-05,7e-05,5e-05,-0.00027,-0.00128,0.00029,0.00011,0.0,0
47942,1e-05,7e-05,5e-05,-0.00027,-0.00128,0.00029,0.00011,0.0,0
47943,1e-05,7e-05,5e-05,-0.00027,-0.00128,0.00029,0.00011,0.0,0
47944,1e-05,7e-05,5e-05,-0.00027,-0.00128,0.00029,0.00011,0.0,0
47945,1e-05,7e-05,5e-05,-0.00027,-0.00128,0.00029,0.00011,0.0,0
47946,1e-05,7e-05,5e-05,-0.00027,-0.00128,0.00029,0.00011,0.0,0
47947,1e-05,7e-05,5e-05,-0.00027,-0.00128,0.00029,0.00011,0.0,0
47948,1e-05,7e-05,5e-05,-0.00027,-0.00128,0.00029,0.00011,0.0,0
47949,1e-05,7e-05,5e-05,-0.00027,-0.00128,0.00029,0.00011,0.0,0
47950,1e-05,7e-05,5e-05,-0.00027,-0.00128,0.00029,0.00011,0.0,0
47951,1e-05,7e-05,5e-05,-0.00027,-0.00128,0.00029,0.00011,0.0,0
47952,1e-05,7e-05,5e-05,-0.00027,-0.00128,0.00029,0.00011,0.0,0
47953,1e-05,7e-05,5e-05,-0.00027,-0.00128,0.00029,0.00011,0.0,0
47954,1e-05,7e-05,5e-05,-0.00027,-0.00128,0.00029,0.00011,0.0,0
47955,1e-05,7e-05,5e-05,-0.00027,-0.00128,0.00029,0.00011,0.0,0
47956,1e-05,7e-05,5e-05,-0.00027,-0.00128,0.00029,0.00011,0.0,0
47957,1e-05,7e-05,5e-05,-0.00027,-0.00128,0.00029,0.00011,0.0,0
47958,1e-05,4e-05,-4e-05,-0.00053,5e-05,0.00067,8e-05,3e-05,0
47959,1e-05,4e-05,-4e-05,-0.00053,5e-05,0.00067,8e-05,3e-05,0
47960,-7e-05,-1e-05,0.00016,0.00069,0.00056,-0.00076,-0.00015,-8e-05,0
47961,-7e-05,-1e-05,0.00016,0.00069,0.00056,-0.00076,-0.00015,-8e-05,0
47962,-7e-05,-1e-05,0.00016,0.00069,0.00056,-0.00076,-0.00015,-8e-05,0
47963,-7e-05,-1e-05,0.00016,0.00069,0.00056,-0.00076,-0.00015,-8e-05,0
47964,-7e-05,-1e-05,0.00016,0.00069,0.00056,-0.00076,-0.00015,-8e-05,0
47965,-7e-05,-1e-05,0.00016,0.00069,0.00056,-0.00076,-0.00015,-8e-05,0
47966,-7e-05,-1e-05,0.00016,0.00069,0.00056,-0.00076,-0.00015,-8e-05,0
47967,-7e-05,-1e-05,0.00016,0.00069,0.00056,-0.00076,-0.00015,-8e-05,0
47968,-7e-05,-1e-05,0.00016,0.00069,0.00056,-0.00076,-0.00015,-8e-05,0
47969,-7e-05,-1e-05,0.00016,0.00069,0.00056,-0.00076,-0.00015,-8e-05,0
47970,-7e-05,-1e-05,0.00016,0.00069,0.00056,-0.00076,-0.00015,-8e-05,0
47971,-7e-05,-1e-05,0.00016,0.00069,0.00056,-0.00076,-0.00015,-8e-05,0
47972,-7e-05,-1e-05,0.00016,0.00069,0.00056,-0.00076,-0.00015,-8e-05,0
47973,-7e-05,-1e-05,0.00016,0.00069,0.00056,-0.00076,-0.00015,-8e-05,0
47974,-7e-05,-1e-05,0.00016,0.00069,0.00056,-0.00076,-0.00015,-8e-05,0
47975,-7e-05,-1e-05,0.00016,0.00069,0.00056,-0.00076,-0.00015,-8e-05,0
47976,-7e-05,-1e-05,0.00016,0.00069,0.00056,-0.00076,-0.00015,-8e-05,0
47977,-7e-05,-1e-05,0.00016,0.00069,0.00056,-0.00076,-0.00015,-8e-05,0
47978,-7e-05,-1e-05,0.00016,0.00069,0.00056,-0.00076,-0.00015,-8e-05,0
47979,-7e-05,-1e-05,0.00016,0.00069,0.00056,-0.00076,-0.00015,-8e-05,0
47980,-7e-05,-1e-05,0.00016,0.00069,0.00056,-0.00076,-0.00015,-8e-05,0
47982,-7e-05,-0.00016,-0.00025,0.0003,0.00038,4e-05,3e-05,-3e-05,4
47983,-7e-05,-0.00016,-0.00025,0.0003,0.00038,4e-05,3e-05,-3e-05,4
47984,-7e-05,-0.00016,-0.00025,0.0003,0.00038,4e-05,3e-05,-3e-05,4
47985,-7e-05,-0.00016,-0.00025,0.0003,0.00038,4e-05,3e-05,-3e-05,4
47986,-7e-05,-0.00016,-0.00025,0.0003,0.00038,4e-05,3e-05,-3e-05,4
47988,-7e-05,-0.00016,-0.00025,0.0003,0.00038,4e-05,3e-05,-3e-05,4
47989,-7e-05,-0.00016,-0.00025,0.0003,0.00038,4e-05,3e-05,-3e-05,4
47990,-7e-05,-0.00016,-0.00025,0.0003,0.00038,4e-05,3e-05,-3e-05,4
47991,-7e-05,-0.00016,-0.00025,0.0003,0.00038,4e-05,3e-05,-3e-05,4
47992,-7e-05,-0.00016,-0.00025,0.0003,0.00038,4e-05,3e-05,-3e-05,4
47993,-7e-05,-0.00016,-0.00025,0.0003,0.00038,4e-05,3e-05,-3e-05,4
47994,-7e-05,-0.00016,-0.00025,0.0003,0.00038,4e-05,3e-05,-3e-05,4
47995,-7e-05,-0.00016,-0.00025,0.0003,0.00038,4e-05,3e-05,-3e-05,4
47996,-7e-05,-0.00016,-0.00025,0.0003,0.00038,4e-05,3e-05,-3e-05,4
47997,-1e-05,3e-05,7e-05,0.00032,0.00042,-1e-05,-2e-05,0.0,4
47998,-1e-05,3e-05,7e-05,0.00032,0.00042,-1e-05,-2e-05,0.0,4
47999,-1e-05,3e-05,7e-05,0.00032,0.00042,-1e-05,-2e-05,0.0,4
48000,-1e-05,3e-05,7e-05,0.00032,0.00042,-1e-05,-2e-05,0.0,4
48001,-1e-05,3e-05,7e-05,0.00032,0.00042,-1e-05,-2e-05,0.0,4
48002,-1e-05,-3e-05,-0.00015,-0.00065,-0.00075,-0.0011,-0.00015,-2e-05,4
48003,-1e-05,-3e-05,-0.00015,-0.00065,-0.00075,-0.0011,-0.00015,-2e-05,4
48004,-1e-05,-3e-05,-0.00015,-0.00065,-0.00075,-0.0011,-0.00015,-2e-05,4
48005,-1e-05,-3e-05,-0.00015,-0.00065,-0.00075,-0.0011,-0.00015,-2e-05,4
48006,-1e-05,-3e-05,-0.00015,-0.00065,-0.00075,-0.0011,-0.00015,-2e-05,4
48007,-1e-05,-3e-05,-0.00015,-0.00065,-0.00075,-0.0011,-0.00015,-2e-05,4
48008,-1e-05,-3e-05,-0.00015,-0.00065,-0.00075,-0.0011,-0.00015,-2e-05,4
48009,-1e-05,-3e-05,-0.00015,-0.00065,-0.00075,-0.0011,-0.00015,-2e-05,4
48010,-1e-05,-3e-05,-0.00015,-0.00065,-0.00075,-0.0011,-0.00015,-2e-05,4
48011,-1e-05,-3e-05,-0.00015,-0.00065,-0.00075,-0.0011,-0.00015,-2e-05,4
48012,-1e-05,-3e-05,-0.00015,-0.00065,-0.00075,-0.0011,-0.00015,-2e-05,4
48013,-1e-05,-3e-05,-0.00015,-0.00065,-0.00075,-0.0011,-0.00015,-2e-05,4
48014,-1e-05,-3e-05,-0.00015,-0.00065,-0.00075,-0.0011,-0.00015,-2e-05,4
48015,-1e-05,-3e-05,-0.00015,-0.00065,-0.00075,-0.0011,-0.00015,-2e-05,4
48016,-1e-05,-3e-05,-0.00015,-0.00065,-0.00075,-0.0011,-0.00015,-2e-05,4
48017,-1e-05,-3e-05,-0.00015,-0.00065,-0.00075,-0.0011,-0.00015,-2e-05,4
48018,-1e-05,-5e-05,-0.0001,-0.00069,-0.00095,0.0004,9e-05,-6e-05,4
48019,-1e-05,-5e-05,-0.0001,-0.00069,-0.00095,0.0004,9e-05,-6e-05,4
48020,5e-05,5e-05,0.00015,1e-05,-0.0001,0.00053,0.00021,9e-05,4
48021,5e-05,5e-05,0.00015,1e-05,-0.0001,0.00053,0.00021,9e-05,4
48022,5e-05,5e-05,0.00015,1e-05,-0.0001,0.00053,0.00021,9e-05,4
48023,5e-05,5e-05,0.00015,1e-05,-0.0001,0.00053,0.00021,9e-05,4
48024,5e-05,5e-05,0.00015,1e-05,-0.0001,0.00053,0.00021,9e-05,4
48025,5e-05,5e-05,0.00015,1e-05,-0.0001,0.00053,0.00021,9e-05,4
48026,5e-05,5e-05,0.00015,1e-05,-0.0001,0.00053,0.00021,9e-05,4
48027,5e-05,5e-05,0.00015,1e-05,-0.0001,0.00053,0.00021,9e-05,4
48028,5e-05,5e-05,0.00015,1e-05,-0.0001,0.00053,0.00021,9e-05,4
48029,5e-05,5e-05,0.00015,1e-05,-0.0001,0.00053,0.00021,9e-05,4
48030,5e-05,5e-05,0.00015,1e-05,-0.0001,0.00053,0.00021,9e-05,4
48031,5e-05,5e-05,0.00015,1e-05,-0.0001,0.00053,0.00021,9e-05,4
48032,5e-05,5e-05,0.00015,1e-05,-0.0001,0.00053,0.00021,9e-05,4
48033,5e-05,5e-05,0.00015,1e-05,-0.0001,0.00053,0.00021,9e-05,4
48034,5e-05,5e-05,0.00015,1e-05,-0.0001,0.00053,0.00021,9e-05,4
48035,5e-05,5e-05,0.00015,1e-05,-0.0001,0.00053,0.00021,9e-05,4
48036,5e-05,5e-05,0.00015,1e-05,-0.0001,0.00053,0.00021,9e-05,4
48038,5e-05,5e-05,0.00015,1e-05,-0.0001,0.00053,0.00021,9e-05,4
48039,5e-05,5e-05,0.00015,1e-05,-0.0001,0.00053,0.00021,9e-05,4
48040,5e-05,5e-05,0.00015,1e-05,-0.0001,0.00053,0.00021,9e-05,4
48041,4e-05,5e-05,8e-05,0.00081,0.00055,0.00064,0.00018,5e-05,4
48042,2e-05,9e-05,0.00021,0.00092,0.00062,0.00077,0.00011,1e-05,4
48043,2e-05,9e-05,0.00021,0.00092,0.00062,0.00077,0.00011,1e-05,4
48044,2e-05,9e-05,0.00021,0.00092,0.00062,0.00077,0.00011,1e-05,4
48045,2e-05,9e-05,0.00021,0.00092,0.00062,0.00077,0.00011,1e-05,4
48046,2e-05,9e-05,0.00021,0.00092,0.00062,0.00077,0.00011,1e-05,4
48047,2e-05,9e-05,0.00021,0.00092,0.00062,0.00077,0.00011,1e-05,4
48048,2e-05,9e-05,0.00021,0.00092,0.00062,0.00077,0.00011,1e-05,4
48049,2e-05,9e-05,0.00021,0.00092,0.00062,0.00077,0.00011,1e-05,4
48050,2e-05,9e-05,0.00021,0.00092,0.00062,0.00077,0.00011,1e-05,4
48051,2e-05,9e-05,0.00021,0.00092,0.00062,0.00077,0.00011,1e-05,4
48052,2e-05,9e-05,0.00021,0.00092,0.00062,0.00077,0.00011,1e-05,4
48053,2e-05,9e-05,0.00021,0.00092,0.00062,0.00077,0.00011,1e-05,4
48054,2e-05,9e-05,0.00021,0.00092,0.00062,0.00077,0.00011,1e-05,4
48055,2e-05,9e-05,0.00021,0.00092,0.00062,0.00077,0.00011,1e-05,4
48056,0.0001,0.00015,0.00023,0.00063,0.00059,-0.00028,0.00041,0.00013,4
48057,-7e-05,-8e-05,-8e-05,0.00026,-0.00027,-0.00039,-0.0002,-0.00011,4
48058,-7e-05,-8e-05,-8e-05,0.00026,-0.00027,-0.00039,-0.0002,-0.00011,4
48059,-7e-05,-8e-05,-8e-05,0.00026,-0.00027,-0.00039,-0.0002,-0.00011,4
48060,-7e-05,-8e-05,-8e-05,0.00026,-0.00027,-0.00039,-0.0002,-0.00011,4
48061,-7e-05,-8e-05,-8e-05,0.00026,-0.00027,-0.00039,-0.0002,-0.00011,4
48062,-7e-05,-8e-05,-8e-05,0.00026,-0.00027,-0.00039,-0.0002,-0.00011,4
48063,-7e-05,-8e-05,-8e-05,0.00026,-0.00027,-0.00039,-0.0002,-0.00011,4
48064,-7e-05,-8e-05,-8e-05,0.00026,-0.00027,-0.00039,-0.0002,-0.00011,4
48065,-7e-05,-8e-05,-8e-05,0.00026,-0.00027,-0.00039,-0.0002,-0.00011,4
48066,-7e-05,-8e-05,-8e-05,0.00026,-0.00027,-0.00039,-0.0002,-0.00011,4
48067,-7e-05,-8e-05,-8e-05,0.00026,-0.00027,-0.00039,-0.0002,-0.00011,4
48068,-7e-05,-8e-05,-8e-05,0.00026,-0.00027,-0.00039,-0.0002,-0.00011,4
48069,-7e-05,-8e-05,-8e-05,0.00026,-0.00027,-0.00039,-0.0002,-0.00011,4
48070,-7e-05,-8e-05,-8e-05,0.00026,-0.00027,-0.00039,-0.0002,-0.00011,4
48071,-7e-05,-8e-05,-8e-05,0.00026,-0.00027,-0.00039,-0.0002,-0.00011,4
48072,-7e-05,-8e-05,-8e-05,0.00026,-0.00027,-0.00039,-0.0002,-0.00011,4
48073,-7e-05,-8e-05,-8e-05,0.00026,-0.00027,-0.00039,-0.0002,-0.00011,4
48074,-7e-05,-8e-05,-8e-05,0.00026,-0.00027,-0.00039,-0.0002,-0.00011,4
48075,-7e-05,-8e-05,-8e-05,0.00026,-0.00027,-0.00039,-0.0002,-0.00011,4
48076,-7e-05,-8e-05,-8e-05,0.00026,-0.00027,-0.00039,-0.0002,-0.00011,4
48077,-7e-05,-8e-05,-8e-05,0.00026,-0.00027,-0.00039,-0.0002,-0.00011,4
48078,-1e-05,1e-05,-1e-05,-5e-05,0.00127,0.00045,-2e-05,0.0,4
48079,-1e-05,1e-05,-1e-05,-5e-05,0.00127,0.00045,-2e-05,0.0,4
48080,-2e-05,-1e-05,1e-05,-0.00071,-0.00128,3e-05,0.00021,1e-05,4
48081,-2e-05,-1e-05,1e-05,-0.00071,-0.00128,3e-05,0.00021,1e-05,4
48082,-2e-05,-1e-05,1e-05,-0.00071,-0.00128,3e-05,0.00021,1e-05,4
48083,-2e-05,-1e-05,1e-05,-0.00071,-0.00128,3e-05,0.00021,1e-05,4
48084,-2e-05,-1e-05,1e-05,-0.00071,-0.00128,3e-05,0.00021,1e-05,4
48085,-2e-05,-1e-05,1e-05,-0.00071,-0.00128,3e-05,0.00021,1e-05,4
48086,-2e-05,-1e-05,1e-05,-0.00071,-0.00128,3e-05,0.00021,1e-05,4
48088,-2e-05,-1e-05,1e-05,-0.00071,-0.00128,3e-05,0.00021,1e-05,4
48089,-2e-05,-1e-05,1e-05,-0.00071,-0.00128,3e-05,0.00021,1e-05,4
48090,-2e-05,-1e-05,1e-05,-0.00071,-0.00128,3e-05,0.00021,1e-05,4
48091,-2e-05,-1e-05,1e-05,-0.00071,-0.00128,3e-05,0.00021,1e-05,4
48092,-2e-05,-1e-05,1e-05,-0.00071,-0.00128,3e-05,0.00021,1e-05,4
48093,-2e-05,-1e-05,1e-05,-0.00071,-0.00128,3e-05,0.00021,1e-05,4
48094,-2e-05,-1e-05,1e-05,-0.00071,-0.00128,3e-05,0.00021,1e-05,4
48095,-2e-05,-1e-05,1e-05,-0.00071,-0.00128,3e-05,0.00021,1e-05,4
48096,-2e-05,-1e-05,1e-05,-0.00071,-0.00128,3e-05,0.00021,1e-05,4
48097,-2e-05,-1e-05,1e-05,-0.00071,-0.00128,3e-05,0.00021,1e-05,4
48098,-2e-05,-1e-05,1e-05,-0.00071,-0.00128,3e-05,0.00021,1e-05,4
48099,-2e-05,-1e-05,1e-05,-0.00071,-0.00128,3e-05,0.00021,1e-05,4
48100,-2e-05,-1e-05,1e-05,-0.00071,-0.00128,3e-05,0.00021,1e-05,4
48101,-3e-05,-6e-05,-1e-05,0.00055,0.00047,-0.00031,5e-05,-3e-05,4
48102,-2e-05,-3e-05,-0.00013,-1e-05,0.00081,-0.00087,-0.00024,-5e-05,4
48103,-2e-05,-3e-05,-0.00013,-1e-05,0.00081,-0.00087,-0.00024,-5e-05,4
48104,-2e-05,-3e-05,-0.00013,-1e-05,0.00081,-0.00087,-0.00024,-5e-05,4
48105,-2e-05,-3e-05,-0.00013,-1e-05,0.00081,-0.00087,-0.00024,-5e-05,4
48106,-2e-05,-3e-05,-0.00013,-1e-05,0.00081,-0.00087,-0.00024,-5e-05,4
48107,-2e-05,-3e-05,-0.00013,-1e-05,0.00081,-0.00087,-0.00024,-5e-05,4
48108,-2e-05,-3e-05,-0.00013,-1e-05,0.00081,-0.00087,-0.00024,-5e-05,4
48109,-2e-05,-3e-05,-0.00013,-1e-05,0.00081,-0.00087,-0.00024,-5e-05,4
48110,-2e-05,-3e-05,-0.00013,-1e-05,0.00081,-0.00087,-0.00024,-5e-05,4
48111,-2e-05,-3e-05,-0.00013,-1e-05,0.00081,-0.00087,-0.00024,-5e-05,4
48112,-2e-05,-3e-05,-0.00013,-1e-05,0.00081,-0.00087,-0.00024,-5e-05,4
48113,-2e-05,-3e-05,-0.00013,-1e-05,0.00081,-0.00087,-0.00024,-5e-05,4
48114,-2e-05,-3e-05,-0.00013,-1e-05,0.00081,-0.00087,-0.00024,-5e-05,4
48115,-2e-05,-3e-05,-0.00013,-1e-05,0.00081,-0.00087,-0.00024,-5e-05,4
48116,1e-05,5e-05,3e-05,7e-05,-0.00128,0.00079,8e-05,2e-05,4
48117,-0.00013,-0.00026,-0.00047,-0.00046,-0.00043,-0.00075,-0.00028,-0.00017,4
48118,-0.00013,-0.00026,-0.00047,-0.00046,-0.00043,-0.00075,-0.00028,-0.00017,4
48119,-0.00013,-0.00026,-0.00047,-0.00046,-0.00043,-0.00075,-0.00028,-0.00017,4
48120,-0.00013,-0.00026,-0.00047,-0.00046,-0.00043,-0.00075,-0.00028,-0.00017,4
48121,-0.00013,-0.00026,-0.00047,-0.00046,-0.00043,-0.00075,-0.00028,-0.00017,4
48122,-0.00013,-0.00026,-0.00047,-0.00046,-0.00043,-0.00075,-0.00028,-0.00017,4
48123,-0.00013,-0.00026,-0.00047,-0.00046,-0.00043,-0.00075,-0.00028,-0.00017,4
48124,-0.00013,-0.00026,-0.00047,-0.00046,-0.00043,-0.00075,-0.00028,-0.00017,4
48125,-0.00013,-0.00026,-0.00047,-0.00046,-0.00043,-0.00075,-0.00028,-0.00017,4
48126,-0.00013,-0.00026,-0.00047,-0.00046,-0.00043,-0.00075,-0.00028,-0.00017,4
48127,-0.00013,-0.00026,-0.00047,-0.00046,-0.00043,-0.00075,-0.00028,-0.00017,4
48128,-0.00013,-0.00026,-0.00047,-0.00046,-0.00043,-0.00075,-0.00028,-0.00017,4
48129,-0.00013,-0.00026,-0.00047,-0.00046,-0.00043,-0.00075,-0.00028,-0.00017,4
48130,-0.00013,-0.00026,-0.00047,-0.00046,-0.00043,-0.00075,-0.00028,-0.00017,4
48131,-0.00013,-0.00026,-0.00047,-0.00046,-0.00043,-0.00075,-0.00028,-0.00017,4
48132,-0.00013,-0.00026,-0.00047,-0.00046,-0.00043,-0.00075,-0.00028,-0.00017,4
48133,-0.00013,-0.00026,-0.00047,-0.00046,-0.00043,-0.00075,-0.00028,-0.00017,4
48134,-0.00013,-0.00026,-0.00047,-0.00046,-0.00043,-0.00075,-0.00028,-0.00017,4
48135,-0.00013,-0.00026,-0.00047,-0.00046,-0.00043,-0.00075,-0.00028,-0.00017,4
48136,-0.00013,-0.00026,-0.00047,-0.00046,-0.00043,-0.00075,-0.00028,-0.00017,4
48139,-3e-05,-5e-05,-6e-05,-0.00051,-0.00019,-7e-05,-0.00029,-0.00012,4
48140,-3e-05,-5e-05,-6e-05,-0.00051,-0.00019,-7e-05,-0.00029,-0.00012,4
48141,-3e-05,-5e-05,-6e-05,-0.00051,-0.00019,-7e-05,-0.00029,-0.00012,4
48142,-3e-05,-5e-05,-6e-05,-0.00051,-0.00019,-7e-05,-0.00029,-0.00012,4
48143,-3e-05,-5e-05,-6e-05,-0.00051,-0.00019,-7e-05,-0.00029,-0.00012,4
48144,-3e-05,-5e-05,-6e-05,-0.00051,-0.00019,-7e-05,-0.00029,-0.00012,4
48145,-3e-05,-5e-05,-6e-05,-0.00051,-0.00019,-7e-05,-0.00029,-0.00012,4
48146,4e-05,8e-05,0.0001,-0.00029,0.00011,-0.00052,5e-05,6e-05,4
48147,4e-05,8e-05,0.0001,-0.00029,0.00011,-0.00052,5e-05,6e-05,4
48148,4e-05,8e-05,0.0001,-0.00029,0.00011,-0.00052,5e-05,6e-05,4
48149,4e-05,8e-05,0.0001,-0.00029,0.00011,-0.00052,5e-05,6e-05,4
48150,4e-05,8e-05,0.0001,-0.00029,0.00011,-0.00052,5e-05,6e-05,4
48151,4e-05,8e-05,0.0001,-0.00029,0.00011,-0.00052,5e-05,6e-05,4
48152,4e-05,8e-05,0.0001,-0.00029,0.00011,-0.00052,5e-05,6e-05,4
48153,4e-05,8e-05,0.0001,-0.00029,0.00011,-0.00052,5e-05,6e-05,4
48154,4e-05,8e-05,0.0001,-0.00029,0.00011,-0.00052,5e-05,6e-05,4
48155,4e-05,8e-05,0.0001,-0.00029,0.00011,-0.00052,5e-05,6e-05,4
48156,4e-05,8e-05,0.0001,-0.00029,0.00011,-0.00052,5e-05,6e-05,4
48157,4e-05,8e-05,0.0001,-0.00029,0.00011,-0.00052,5e-05,6e-05,4
48158,4e-05,8e-05,0.0001,-0.00029,0.00011,-0.00052,5e-05,6e-05,4
48159,4e-05,8e-05,0.0001,-0.00029,0.00011,-0.00052,5e-05,6e-05,4
48160,4e-05,8e-05,0.0001,-0.00029,0.00011,-0.00052,5e-05,6e-05,4
48161,-3e-05,-8e-05,0.0,0.00026,0.00033,0.00037,-4e-05,0.0,4
48162,-3e-05,-8e-05,0.0,0.00026,0.00033,0.00037,-4e-05,0.0,4
48163,-0.0001,-0.00015,-0.00022,0.00027,9e-05,-0.00075,-0.00027,-0.00013,4
48164,-0.0001,-0.00015,-0.00022,0.00027,9e-05,-0.00075,-0.00027,-0.00013,4
48165,-0.0001,-0.00015,-0.00022,0.00027,9e-05,-0.00075,-0.00027,-0.00013,4
48166,-0.0001,-0.00015,-0.00022,0.00027,9e-05,-0.00075,-0.00027,-0.00013,4
48167,-0.0001,-0.00015,-0.00022,0.00027,9e-05,-0.00075,-0.00027,-0.00013,4
48168,-0.0001,-0.00015,-0.00022,0.00027,9e-05,-0.00075,-0.00027,-0.00013,4
48169,-0.0001,-0.00015,-0.00022,0.00027,9e-05,-0.00075,-0.00027,-0.00013,4
48170,-0.0001,-0.00015,-0.00022,0.00027,9e-05,-0.00075,-0.00027,-0.00013,4
48171,-0.0001,-0.00015,-0.00022,0.00027,9e-05,-0.00075,-0.00027,-0.00013,4
48172,-0.0001,-0.00015,-0.00022,0.00027,9e-05,-0.00075,-0.00027,-0.00013,4
48173,-0.0001,-0.00015,-0.00022,0.00027,9e-05,-0.00075,-0.00027,-0.00013,4
48174,-0.0001,-0.00015,-0.00022,0.00027,9e-05,-0.00075,-0.00027,-0.00013,4
48175,2e-05,2e-05,0.0001,-4e-05,0.00057,0.00025,0.00013,2e-05,4
48176,2e-05,2e-05,0.0001,-4e-05,0.00057,0.00025,0.00013,2e-05,4
48177,2e-05,2e-05,0.0001,-4e-05,0.00057,0.00025,0.00013,2e-05,4
48178,2e-05,2e-05,0.0001,-4e-05,0.00057,0.00025,0.00013,2e-05,4
48179,2e-05,2e-05,0.0001,-4e-05,0.00057,0.00025,0.00013,2e-05,4
48180,2e-05,2e-05,0.0001,-4e-05,0.00057,0.00025,0.00013,2e-05,4
48181,2e-05,2e-05,0.0001,-4e-05,0.00057,0.00025,0.00013,2e-05,4
48182,7e-05,0.00017,0.00025,-0.00055,-0.00116,0.0003,0.0002,0.00011,4
48183,7e-05,0.00017,0.00025,-0.00055,-0.00116,0.0003,0.0002,0.00011,4
48184,7e-05,0.00017,0.00025,-0.00055,-0.00116,0.0003,0.0002,0.00011,4
48185,7e-05,0.00017,0.00025,-0.00055,-0.00116,0.0003,0.0002,0.00011,4
48186,7e-05,0.00017,0.00025,-0.00055,-0.00116,0.0003,0.0002,0.00011,4
48188,7e-05,0.00017,0.00025,-0.00055,-0.00116,0.0003,0.0002,0.00011,4
48189,7e-05,0.00017,0.00025,-0.00055,-0.00116,0.0003,0.0002,0.00011,4
48190,7e-05,0.00017,0.00025,-0.00055,-0.00116,0.0003,0.0002,0.00011,4
48191,7e-05,0.00017,0.00025,-0.00055,-0.00116,0.0003,0.0002,0.00011,4
48192,7e-05,0.00017,0.00025,-0.00055,-0.00116,0.0003,0.0002,0.00011,4
48193,7e-05,0.00017,0.00025,-0.00055,-0.00116,0.0003,0.0002,0.00011,4
48194,7e-05,0.00017,0.00025,-0.00055,-0.00116,0.0003,0.0002,0.00011,4
48195,7e-05,0.00017,0.00025,-0.00055,-0.00116,0.0003,0.0002,0.00011,4
48196,7e-05,0.00017,0.00025,-0.00055,-0.00116,0.0003,0.0002,0.00011,4
48197,7e-05,0.00017,0.00025,-0.00055,-0.00116,0.0003,0.0002,0.00011,4
48198,7e-05,0.00017,0.00025,-0.00055,-0.00116,0.0003,0.0002,0.00011,4
48199,-3e-05,-5e-05,-8e-05,-5e-05,-0.00055,-0.00085,-0.0003,-0.0001,4
48200,0.0,-3e-05,-3e-05,-6e-05,-0.00062,3e-05,2e-05,0.0,4
48201,0.0,-3e-05,-3e-05,-6e-05,-0.00062,3e-05,2e-05,0.0,4
48202,0.0,-3e-05,-3e-05,-6e-05,-0.00062,3e-05,2e-05,0.0,4
48203,0.0,-3e-05,-3e-05,-6e-05,-0.00062,3e-05,2e-05,0.0,4
48204,0.0,-3e-05,-3e-05,-6e-05,-0.00062,3e-05,2e-05,0.0,4
48205,0.0,-3e-05,-3e-05,-6e-05,-0.00062,3e-05,2e-05,0.0,4
48206,0.0,-3e-05,-3e-05,-6e-05,-0.00062,3e-05,2e-05,0.0,4
48207,0.0,-3e-05,-3e-05,-6e-05,-0.00062,3e-05,2e-05,0.0,4
48208,0.0,-3e-05,-3e-05,-6e-05,-0.00062,3e-05,2e-05,0.0,4
48209,0.0,-3e-05,-3e-05,-6e-05,-0.00062,3e-05,2e-05,0.0,4
48210,0.0,-3e-05,-3e-05,-6e-05,-0.00062,3e-05,2e-05,0.0,4
48211,0.0,-3e-05,-3e-05,-6e-05,-0.00062,3e-05,2e-05,0.0,4
48212,0.0,-3e-05,-3e-05,-6e-05,-0.00062,3e-05,2e-05,0.0,4
48213,0.0,-3e-05,-3e-05,-6e-05,-0.00062,3e-05,2e-05,0.0,4
48214,0.0,-3e-05,-3e-05,-6e-05,-0.00062,3e-05,2e-05,0.0,4
48215,0.0,-3e-05,-3e-05,-6e-05,-0.00062,3e-05,2e-05,0.0,4
48216,0.0,-3e-05,-3e-05,-6e-05,-0.00062,3e-05,2e-05,0.0,4
48217,0.0,-3e-05,-3e-05,-6e-05,-0.00062,3e-05,2e-05,0.0,4
48218,0.0,-3e-05,-3e-05,-6e-05,-0.00062,3e-05,2e-05,0.0,4
48219,0.0,-3e-05,-3e-05,-6e-05,-0.00062,3e-05,2e-05,0.0,4
48220,0.0,-3e-05,-3e-05,-6e-05,-0.00062,3e-05,2e-05,0.0,4
48221,2e-05,3e-05,3e-05,0.0004,-0.00025,-9e-05,1e-05,-1e-05,4
48222,2e-05,3e-05,3e-05,0.0004,-0.00025,-9e-05,1e-05,-1e-05,4
48223,-2e-05,-5e-05,-2e-05,0.00013,0.00019,0.00032,-1e-05,1e-05,4
48224,-2e-05,-5e-05,-2e-05,0.00013,0.00019,0.00032,-1e-05,1e-05,4
48225,-2e-05,-5e-05,-2e-05,0.00013,0.00019,0.00032,-1e-05,1e-05,4
48226,-2e-05,-5e-05,-2e-05,0.00013,0.00019,0.00032,-1e-05,1e-05,4
48227,-2e-05,-5e-05,-2e-05,0.00013,0.00019,0.00032,-1e-05,1e-05,4
48228,-2e-05,-5e-05,-2e-05,0.00013,0.00019,0.00032,-1e-05,1e-05,4
48229,-2e-05,-5e-05,-2e-05,0.00013,0.00019,0.00032,-1e-05,1e-05,4
48230,-2e-05,-5e-05,-2e-05,0.00013,0.00019,0.00032,-1e-05,1e-05,4
48231,-2e-05,-5e-05,-2e-05,0.00013,0.00019,0.00032,-1e-05,1e-05,4
48232,-2e-05,-5e-05,-2e-05,0.00013,0.00019,0.00032,-1e-05,1e-05,4
48233,-2e-05,-5e-05,-2e-05,0.00013,0.00019,0.00032,-1e-05,1e-05,4
48234,-2e-05,-5e-05,-2e-05,0.00013,0.00019,0.00032,-1e-05,1e-05,4
48235,-4e-05,-9e-05,-0.00017,0.0002,0.00013,6e-05,-4e-05,-5e-05,4
48236,-4e-05,-9e-05,-0.00017,0.0002,0.00013,6e-05,-4e-05,-5e-05,4
48238,-4e-05,-9e-05,-0.00017,0.0002,0.00013,6e-05,-4e-05,-5e-05,4
48239,-4e-05,-9e-05,-0.00017,0.0002,0.00013,6e-05,-4e-05,-5e-05,4
48240,-4e-05,-9e-05,-0.00017,0.0002,0.00013,6e-05,-4e-05,-5e-05,4
48241,-4e-05,-9e-05,-0.00017,0.0002,0.00013,6e-05,-4e-05,-5e-05,4
48242,0.0,-2e-05,-1e-05,-0.00069,-0.00067,9e-05,-0.00012,-4e-05,4
48243,0.0,-2e-05,-1e-05,-0.00069,-0.00067,9e-05,-0.00012,-4e-05,4
48244,0.0,-2e-05,-1e-05,-0.00069,-0.00067,9e-05,-0.00012,-4e-05,4
48245,0.0,-2e-05,-1e-05,-0.00069,-0.00067,9e-05,-0.00012,-4e-05,4
48246,0.0,-2e-05,-1e-05,-0.00069,-0.00067,9e-05,-0.00012,-4e-05,4
48247,0.0,-2e-05,-1e-05,-0.00069,-0.00067,9e-05,-0.00012,-4e-05,4
48248,0.0,-2e-05,-1e-05,-0.00069,-0.00067,9e-05,-0.00012,-4e-05,4
48249,0.0,-2e-05,-1e-05,-0.00069,-0.00067,9e-05,-0.00012,-4e-05,4
48250,0.0,-2e-05,-1e-05,-0.00069,-0.00067,9e-05,-0.00012,-4e-05,4
48251,0.0,-2e-05,-1e-05,-0.00069,-0.00067,9e-05,-0.00012,-4e-05,4
48252,0.0,-2e-05,-1e-05,-0.00069,-0.00067,9e-05,-0.00012,-4e-05,4
48253,0.0,-2e-05,-1e-05,-0.00069,-0.00067,9e-05,-0.00012,-4e-05,4
48254,0.0,-2e-05,-1e-05,-0.00069,-0.00067,9e-05,-0.00012,-4e-05,4
48255,0.0,-2e-05,-1e-05,-0.00069,-0.00067,9e-05,-0.00012,-4e-05,4
48256,0.0,-2e-05,-1e-05,-0.00069,-0.00067,9e-05,-0.00012,-4e-05,4
48257,2e-05,8e-05,0.00017,-0.00084,-0.00074,0.00029,0.00024,0.0001,4
48258,2e-05,8e-05,0.00017,-0.00084,-0.00074,0.00029,0.00024,0.0001,4
48259,2e-05,8e-05,0.00017,-0.00084,-0.00074,0.00029,0.00024,0.0001,4
48260,2e-05,8e-05,0.00017,-0.00084,-0.00074,0.00029,0.00024,0.0001,4
48261,2e-05,8e-05,0.00017,-0.00084,-0.00074,0.00029,0.00024,0.0001,4
48262,2e-05,8e-05,0.00017,-0.00084,-0.00074,0.00029,0.00024,0.0001,4
48263,2e-05,8e-05,0.00017,-0.00084,-0.00074,0.00029,0.00024,0.0001,4
48264,2e-05,8e-05,0.00017,-0.00084,-0.00074,0.00029,0.00024,0.0001,4
48265,2e-05,8e-05,0.00017,-0.00084,-0.00074,0.00029,0.00024,0.0001,4
48266,-7e-05,-7e-05,-0.00013,-0.0003,-0.00043,-0.00034,-0.00021,-9e-05,4
48267,-7e-05,-7e-05,-0.00013,-0.0003,-0.00043,-0.00034,-0.00021,-9e-05,4
48268,-7e-05,-7e-05,-0.00013,-0.0003,-0.00043,-0.00034,-0.00021,-9e-05,4
48269,-7e-05,-7e-05,-0.00013,-0.0003,-0.00043,-0.00034,-0.00021,-9e-05,4
48270,-7e-05,-7e-05,-0.00013,-0.0003,-0.00043,-0.00034,-0.00021,-9e-05,4
48271,-7e-05,-7e-05,-0.00013,-0.0003,-0.00043,-0.00034,-0.00021,-9e-05,4
48272,-7e-05,-7e-05,-0.00013,-0.0003,-0.00043,-0.00034,-0.00021,-9e-05,4
48273,-7e-05,-7e-05,-0.00013,-0.0003,-0.00043,-0.00034,-0.00021,-9e-05,4
48274,-7e-05,-7e-05,-0.00013,-0.0003,-0.00043,-0.00034,-0.00021,-9e-05,4
48275,-7e-05,-7e-05,-0.00013,-0.0003,-0.00043,-0.00034,-0.00021,-9e-05,4
48276,-7e-05,-7e-05,-0.00013,-0.0003,-0.00043,-0.00034,-0.00021,-9e-05,4
48277,-7e-05,-7e-05,-0.00013,-0.0003,-0.00043,-0.00034,-0.00021,-9e-05,4
48278,-7e-05,-7e-05,-0.00013,-0.0003,-0.00043,-0.00034,-0.00021,-9e-05,4
48279,-7e-05,-7e-05,-0.00013,-0.0003,-0.00043,-0.00034,-0.00021,-9e-05,4
48280,-7e-05,-7e-05,-0.00013,-0.0003,-0.00043,-0.00034,-0.00021,-9e-05,4
48281,-4e-05,-6e-05,-4e-05,0.00019,0.00036,-0.00056,-0.0001,-5e-05,4
48282,-4e-05,-6e-05,-4e-05,0.00019,0.00036,-0.00056,-0.0001,-5e-05,4
48283,5e-05,8e-05,0.00017,0.0002,-5e-05,0.00038,0.0002,3e-05,4
48284,5e-05,8e-05,0.00017,0.0002,-5e-05,0.00038,0.0002,3e-05,4
48285,5e-05,8e-05,0.00017,0.0002,-5e-05,0.00038,0.0002,3e-05,4
48286,5e-05,8e-05,0.00017,0.0002,-5e-05,0.00038,0.0002,3e-05,4
48288,5e-05,8e-05,0.00017,0.0002,-5e-05,0.00038,0.0002,3e-05,4
48289,5e-05,8e-05,0.00017,0.0002,-5e-05,0.00038,0.0002,3e-05,4
48290,5e-05,8e-05,0.00017,0.0002,-5e-05,0.00038,0.0002,3e-05,4
48291,5e-05,8e-05,0.00017,0.0002,-5e-05,0.00038,0.0002,3e-05,4
48292,5e-05,8e-05,0.00017,0.0002,-5e-05,0.00038,0.0002,3e-05,4
48293,5e-05,8e-05,0.00017,0.0002,-5e-05,0.00038,0.0002,3e-05,4
48294,5e-05,8e-05,0.00017,0.0002,-5e-05,0.00038,0.0002,3e-05,4
48295,1e-05,4e-05,5e-05,0.00053,0.0004,0.00049,-4e-05,0.0,4
48296,1e-05,4e-05,5e-05,0.00053,0.0004,0.00049,-4e-05,0.0,4
48297,1e-05,4e-05,5e-05,0.00053,0.0004,0.00049,-4e-05,0.0,4
48298,1e-05,4e-05,5e-05,0.00053,0.0004,0.00049,-4e-05,0.0,4
48299,1e-05,4e-05,5e-05,0.00053,0.0004,0.00049,-4e-05,0.0,4
48300,1e-05,4e-05,5e-05,0.00053,0.0004,0.00049,-4e-05,0.0,4
48301,1e-05,4e-05,5e-05,0.00053,0.0004,0.00049,-4e-05,0.0,4
48302,5e-05,0.0001,0.00017,0.00055,-0.00013,-4e-05,0.00016,0.0001,4
48303,5e-05,0.0001,0.00017,0.00055,-0.00013,-4e-05,0.00016,0.0001,4
48304,5e-05,0.0001,0.00017,0.00055,-0.00013,-4e-05,0.00016,0.0001,4
48305,5e-05,0.0001,0.00017,0.00055,-0.00013,-4e-05,0.00016,0.0001,4
48306,5e-05,0.0001,0.00017,0.00055,-0.00013,-4e-05,0.00016,0.0001,4
48307,5e-05,0.0001,0.00017,0.00055,-0.00013,-4e-05,0.00016,0.0001,4
48308,5e-05,0.0001,0.00017,0.00055,-0.00013,-4e-05,0.00016,0.0001,4
48309,5e-05,0.0001,0.00017,0.00055,-0.00013,-4e-05,0.00016,0.0001,4
48310,5e-05,0.0001,0.00017,0.00055,-0.00013,-4e-05,0.00016,0.0001,4
48311,5e-05,0.0001,0.00017,0.00055,-0.00013,-4e-05,0.00016,0.0001,4
48312,5e-05,0.0001,0.00017,0.00055,-0.00013,-4e-05,0.00016,0.0001,4
48313,5e-05,0.0001,0.00017,0.00055,-0.00013,-4e-05,0.00016,0.0001,4
48314,5e-05,0.0001,0.00017,0.00055,-0.00013,-4e-05,0.00016,0.0001,4
48315,5e-05,0.0001,0.00017,0.00055,-0.00013,-4e-05,0.00016,0.0001,4
48316,5e-05,0.0001,0.00017,0.00055,-0.00013,-4e-05,0.00016,0.0001,4
48317,5e-05,0.0001,0.00017,0.00055,-0.00013,-4e-05,0.00016,0.0001,4
48318,2e-05,5e-05,5e-05,-0.00045,7e-05,0.00012,4e-05,4e-05,4
48319,2e-05,5e-05,5e-05,-0.00045,7e-05,0.00012,4e-05,4e-05,4
48320,-7e-05,-5e-05,-3e-05,0.00013,0.00015,-0.0005,-0.00014,-0.0001,4
48321,-7e-05,-5e-05,-3e-05,0.00013,0.00015,-0.0005,-0.00014,-0.0001,4
48322,-7e-05,-5e-05,-3e-05,0.00013,0.00015,-0.0005,-0.00014,-0.0001,4
48323,-7e-05,-5e-05,-3e-05,0.00013,0.00015,-0.0005,-0.00014,-0.0001,4
48324,-7e-05,-5e-05,-3e-05,0.00013,0.00015,-0.0005,-0.00014,-0.0001,4
48325,-7e-05,-5e-05,-3e-05,0.00013,0.00015,-0.0005,-0.00014,-0.0001,4
48326,-7e-05,-5e-05,-3e-05,0.00013,0.00015,-0.0005,-0.00014,-0.0001,4
48327,-7e-05,-5e-05,-3e-05,0.00013,0.00015,-0.0005,-0.00014,-0.0001,4
48328,-7e-05,-5e-05,-3e-05,0.00013,0.00015,-0.0005,-0.00014,-0.0001,4
48329,-7e-05,-5e-05,-3e-05,0.00013,0.00015,-0.0005,-0.00014,-0.0001,4
48330,-7e-05,-5e-05,-3e-05,0.00013,0.00015,-0.0005,-0.00014,-0.0001,4
48331,-7e-05,-5e-05,-3e-05,0.00013,0.00015,-0.0005,-0.00014,-0.0001,4
48332,-7e-05,-5e-05,-3e-05,0.00013,0.00015,-0.0005,-0.00014,-0.0001,4
48333,-7e-05,-5e-05,-3e-05,0.00013,0.00015,-0.0005,-0.00014,-0.0001,4
48334,-7e-05,-5e-05,-3e-05,0.00013,0.00015,-0.0005,-0.00014,-0.0001,4
48335,-7e-05,-5e-05,-3e-05,0.00013,0.00015,-0.0005,-0.00014,-0.0001,4
48336,-7e-05,-5e-05,-3e-05,0.00013,0.00015,-0.0005,-0.00014,-0.0001,4
48338,-7e-05,-5e-05,-3e-05,0.00013,0.00015,-0.0005,-0.00014,-0.0001,4
48339,-7e-05,-5e-05,-3e-05,0.00013,0.00015,-0.0005,-0.00014,-0.0001,4
48340,3e-05,6e-05,0.00013,6e-05,-0.00058,-0.00038,6e-05,5e-05,4
48341,-5e-05,-0.0001,-0.00018,-1e-05,0.00028,-0.00012,-1e-05,-4e-05,4
48342,9e-05,4e-05,8e-05,0.00033,-3e-05,0.0011,0.00017,0.0001,4
48343,9e-05,4e-05,8e-05,0.00033,-3e-05,0.0011,0.00017,0.0001,4
48344,9e-05,4e-05,8e-05,0.00033,-3e-05,0.0011,0.00017,0.0001,4
48345,9e-05,4e-05,8e-05,0.00033,-3e-05,0.0011,0.00017,0.0001,4
48346,9e-05,4e-05,8e-05,0.00033,-3e-05,0.0011,0.00017,0.0001,4
48347,9e-05,4e-05,8e-05,0.00033,-3e-05,0.0011,0.00017,0.0001,4
48348,9e-05,4e-05,8e-05,0.00033,-3e-05,0.0011,0.00017,0.0001,4
48349,9e-05,4e-05,8e-05,0.00033,-3e-05,0.0011,0.00017,0.0001,4
48350,9e-05,4e-05,8e-05,0.00033,-3e-05,0.0011,0.00017,0.0001,4
48351,9e-05,4e-05,8e-05,0.00033,-3e-05,0.0011,0.00017,0.0001,4
48352,9e-05,4e-05,8e-05,0.00033,-3e-05,0.0011,0.00017,0.0001,4
48353,9e-05,4e-05,8e-05,0.00033,-3e-05,0.0011,0.00017,0.0001,4
48354,9e-05,4e-05,8e-05,0.00033,-3e-05,0.0011,0.00017,0.0001,4
48355,6e-05,9e-05,0.00016,6e-05,0.00015,0.00024,0.0001,4e-05,4
48356,6e-05,9e-05,0.00016,6e-05,0.00015,0.00024,0.0001,4e-05,4
48357,6e-05,9e-05,0.00016,6e-05,0.00015,0.00024,0.0001,4e-05,4
48358,6e-05,9e-05,0.00016,6e-05,0.00015,0.00024,0.0001,4e-05,4
48359,6e-05,9e-05,0.00016,6e-05,0.00015,0.00024,0.0001,4e-05,4
48360,6e-05,9e-05,0.00016,6e-05,0.00015,0.00024,0.0001,4e-05,4
48361,6e-05,9e-05,0.00016,6e-05,0.00015,0.00024,0.0001,4e-05,4
48362,-7e-05,-0.0001,-0.00021,0.00018,0.00024,0.00021,-9e-05,-6e-05,4
48363,-7e-05,-0.0001,-0.00021,0.00018,0.00024,0.00021,-9e-05,-6e-05,4
48364,-7e-05,-0.0001,-0.00021,0.00018,0.00024,0.00021,-9e-05,-6e-05,4
48365,-7e-05,-0.0001,-0.00021,0.00018,0.00024,0.00021,-9e-05,-6e-05,4
48366,-7e-05,-0.0001,-0.00021,0.00018,0.00024,0.00021,-9e-05,-6e-05,4
48367,-7e-05,-0.0001,-0.00021,0.00018,0.00024,0.00021,-9e-05,-6e-05,4
48368,-7e-05,-0.0001,-0.00021,0.00018,0.00024,0.00021,-9e-05,-6e-05,4
48369,-7e-05,-0.0001,-0.00021,0.00018,0.00024,0.00021,-9e-05,-6e-05,4
48370,-7e-05,-0.0001,-0.00021,0.00018,0.00024,0.00021,-9e-05,-6e-05,4
48371,-7e-05,-0.0001,-0.00021,0.00018,0.00024,0.00021,-9e-05,-6e-05,4
48372,-7e-05,-0.0001,-0.00021,0.00018,0.00024,0.00021,-9e-05,-6e-05,4
48373,-7e-05,-0.0001,-0.00021,0.00018,0.00024,0.00021,-9e-05,-6e-05,4
48374,-7e-05,-0.0001,-0.00021,0.00018,0.00024,0.00021,-9e-05,-6e-05,4
48375,-7e-05,-0.0001,-0.00021,0.00018,0.00024,0.00021,-9e-05,-6e-05,4
48376,-7e-05,-0.0001,-0.00021,0.00018,0.00024,0.00021,-9e-05,-6e-05,4
48377,-7e-05,-0.0001,-0.00021,0.00018,0.00024,0.00021,-9e-05,-6e-05,4
48378,-9e-05,-0.00012,-0.00013,-0.0003,0.00062,0.00014,-0.00019,-9e-05,4
48379,-9e-05,-0.00012,-0.00013,-0.0003,0.00062,0.00014,-0.00019,-9e-05,4
48380,-4e-05,-5e-05,-8e-05,-0.00075,-0.00104,-0.00037,-6e-05,-3e-05,4
48381,-4e-05,-5e-05,-8e-05,-0.00075,-0.00104,-0.00037,-6e-05,-3e-05,4
48382,-4e-05,-5e-05,-8e-05,-0.00075,-0.00104,-0.00037,-6e-05,-3e-05,4
48383,-4e-05,-5e-05,-8e-05,-0.00075,-0.00104,-0.00037,-6e-05,-3e-05,4
48384,-4e-05,-5e-05,-8e-05,-0.00075,-0.00104,-0.00037,-6e-05,-3e-05,4
48385,-4e-05,-5e-05,-8e-05,-0.00075,-0.00104,-0.00037,-6e-05,-3e-05,4
48386,-4e-05,-5e-05,-8e-05,-0.00075,-0.00104,-0.00037,-6e-05,-3e-05,4
48388,-4e-05,-5e-05,-8e-05,-0.00075,-0.00104,-0.00037,-6e-05,-3e-05,4
48389,-4e-05,-5e-05,-8e-05,-0.00075,-0.00104,-0.00037,-6e-05,-3e-05,4
48390,-4e-05,-5e-05,-8e-05,-0.00075,-0.00104,-0.00037,-6e-05,-3e-05,4
48391,-4e-05,-5e-05,-8e-05,-0.00075,-0.00104,-0.00037,-6e-05,-3e-05,4
48392,-4e-05,-5e-05,-8e-05,-0.00075,-0.00104,-0.00037,-6e-05,-3e-05,4
48393,-4e-05,-5e-05,-8e-05,-0.00075,-0.00104,-0.00037,-6e-05,-3e-05,4
48394,-4e-05,-5e-05,-8e-05,-0.00075,-0.00104,-0.00037,-6e-05,-3e-05,4
48395,-4e-05,-5e-05,-8e-05,-0.00075,-0.00104,-0.00037,-6e-05,-3e-05,4
48396,-4e-05,-5e-05,-8e-05,-0.00075,-0.00104,-0.00037,-6e-05,-3e-05,4
48397,-4e-05,-5e-05,-8e-05,-0.00075,-0.00104,-0.00037,-6e-05,-3e-05,4
48398,-4e-05,-5e-05,-8e-05,-0.00075,-0.00104,-0.00037,-6e-05,-3e-05,4
48399,-4e-05,-5e-05,-8e-05,-0.00075,-0.00104,-0.00037,-6e-05,-3e-05,4
48400,-3e-05,-4e-05,-4e-05,-0.0003,-0.00023,-0.00019,-0.0002,-0.0001,4
48401,-8e-05,-0.00013,-0.00015,-0.00047,-0.00125,-0.00042,-0.00011,-8e-05,4
48402,-0.00014,-0.00019,-0.00024,0.00018,-0.00033,-0.00078,-0.00035,-0.00017,4
48404,-0.00014,-0.00019,-0.00024,0.00018,-0.00033,-0.00078,-0.00035,-0.00017,4
48405,-0.00014,-0.00019,-0.00024,0.00018,-0.00033,-0.00078,-0.00035,-0.00017,4
48406,-0.00014,-0.00019,-0.00024,0.00018,-0.00033,-0.00078,-0.00035,-0.00017,4
48407,-0.00014,-0.00019,-0.00024,0.00018,-0.00033,-0.00078,-0.00035,-0.00017,4
48408,-0.00014,-0.00019,-0.00024,0.00018,-0.00033,-0.00078,-0.00035,-0.00017,4
48409,-0.00014,-0.00019,-0.00024,0.00018,-0.00033,-0.00078,-0.00035,-0.00017,4
48410,-0.00014,-0.00019,-0.00024,0.00018,-0.00033,-0.00078,-0.00035,-0.00017,4
48411,-0.00014,-0.00019,-0.00024,0.00018,-0.00033,-0.00078,-0.00035,-0.00017,4
48412,-0.00014,-0.00019,-0.00024,0.00018,-0.00033,-0.00078,-0.00035,-0.00017,4
48413,-0.00014,-0.00019,-0.00024,0.00018,-0.00033,-0.00078,-0.00035,-0.00017,4
48414,-0.00014,-0.00019,-0.00024,0.00018,-0.00033,-0.00078,-0.00035,-0.00017,4
48415,-5e-05,-8e-05,-8e-05,0.00041,0.00018,-0.00078,-7e-05,-5e-05,4
48416,-5e-05,-8e-05,-8e-05,0.00041,0.00018,-0.00078,-7e-05,-5e-05,4
48417,-5e-05,-8e-05,-8e-05,0.00041,0.00018,-0.00078,-7e-05,-5e-05,4
48418,-5e-05,-8e-05,-8e-05,0.00041,0.00018,-0.00078,-7e-05,-5e-05,4
48419,-5e-05,-8e-05,-8e-05,0.00041,0.00018,-0.00078,-7e-05,-5e-05,4
48420,-5e-05,-8e-05,-8e-05,0.00041,0.00018,-0.00078,-7e-05,-5e-05,4
48421,-5e-05,-8e-05,-8e-05,0.00041,0.00018,-0.00078,-7e-05,-5e-05,4
48422,-5e-05,-8e-05,-8e-05,0.00041,0.00018,-0.00078,-7e-05,-5e-05,4
48423,-5e-05,-8e-05,-8e-05,0.00041,0.00018,-0.00078,-7e-05,-5e-05,4
48424,0.00012,0.00016,0.0002,0.00018,-0.00077,-0.00035,0.00015,0.00011,4
48425,0.00012,0.00016,0.0002,0.00018,-0.00077,-0.00035,0.00015,0.00011,4
48426,0.00012,0.00016,0.0002,0.00018,-0.00077,-0.00035,0.00015,0.00011,4
48427,0.00012,0.00016,0.0002,0.00018,-0.00077,-0.00035,0.00015,0.00011,4
48428,0.00012,0.00016,0.0002,0.00018,-0.00077,-0.00035,0.00015,0.00011,4
48429,0.00012,0.00016,0.0002,0.00018,-0.00077,-0.00035,0.00015,0.00011,4
48430,0.00012,0.00016,0.0002,0.00018,-0.00077,-0.00035,0.00015,0.00011,4
48431,0.00012,0.00016,0.0002,0.00018,-0.00077,-0.00035,0.00015,0.00011,4
48432,0.00012,0.00016,0.0002,0.00018,-0.00077,-0.00035,0.00015,0.00011,4
48433,0.00012,0.00016,0.0002,0.00018,-0.00077,-0.00035,0.00015,0.00011,4
48434,0.00012,0.00016,0.0002,0.00018,-0.00077,-0.00035,0.00015,0.00011,4
48435,0.00012,0.00016,0.0002,0.00018,-0.00077,-0.00035,0.00015,0.00011,4
48436,0.00012,0.00016,0.0002,0.00018,-0.00077,-0.00035,0.00015,0.00011,4
48438,0.00012,0.00016,0.0002,0.00018,-0.00077,-0.00035,0.00015,0.00011,4
48439,-7e-05,-8e-05,-0.00018,-0.00011,-1e-05,0.0003,-0.00013,-4e-05,4
48440,-7e-05,-8e-05,-0.00018,-0.00011,-1e-05,0.0003,-0.00013,-4e-05,4
48441,-7e-05,-0.00011,-0.00022,-8e-05,-0.00065,-0.00099,-6e-05,-2e-05,4
48442,-7e-05,-0.00011,-0.00022,-8e-05,-0.00065,-0.00099,-6e-05,-2e-05,4
48443,-7e-05,-0.00011,-0.00022,-8e-05,-0.00065,-0.00099,-6e-05,-2e-05,4
48444,-7e-05,-0.00011,-0.00022,-8e-05,-0.00065,-0.00099,-6e-05,-2e-05,4
48445,-7e-05,-0.00011,-0.00022,-8e-05,-0.00065,-0.00099,-6e-05,-2e-05,4
48446,-7e-05,-0.00011,-0.00022,-8e-05,-0.00065,-0.00099,-6e-05,-2e-05,4
48447,-7e-05,-0.00011,-0.00022,-8e-05,-0.00065,-0.00099,-6e-05,-2e-05,4
48448,-7e-05,-0.00011,-0.00022,-8e-05,-0.00065,-0.00099,-6e-05,-2e-05,4
48449,-7e-05,-0.00011,-0.00022,-8e-05,-0.00065,-0.00099,-6e-05,-2e-05,4
48450,-7e-05,-0.00011,-0.00022,-8e-05,-0.00065,-0.00099,-6e-05,-2e-05,4
48451,-7e-05,-0.00011,-0.00022,-8e-05,-0.00065,-0.00099,-6e-05,-2e-05,4
48452,-7e-05,-0.00011,-0.00022,-8e-05,-0.00065,-0.00099,-6e-05,-2e-05,4
48453,-7e-05,-0.00011,-0.00022,-8e-05,-0.00065,-0.00099,-6e-05,-2e-05,4
48454,-7e-05,-0.00011,-0.00022,-8e-05,-0.00065,-0.00099,-6e-05,-2e-05,4
48455,-7e-05,-0.00011,-0.00022,-8e-05,-0.00065,-0.00099,-6e-05,-2e-05,4
48456,-7e-05,-0.00011,-0.00022,-8e-05,-0.00065,-0.00099,-6e-05,-2e-05,4
48457,-7e-05,-0.00011,-0.00022,-8e-05,-0.00065,-0.00099,-6e-05,-2e-05,4
48458,-7e-05,-0.00011,-0.00022,-8e-05,-0.00065,-0.00099,-6e-05,-2e-05,4
48459,-7e-05,-0.00011,-0.00022,-8e-05,-0.00065,-0.00099,-6e-05,-2e-05,4
48460,-7e-05,-0.00011,-0.00022,-8e-05,-0.00065,-0.00099,-6e-05,-2e-05,4
48461,2e-05,2e-05,6e-05,-0.00028,0.00102,0.0004,0.00012,0.0,4
48462,4e-05,8e-05,0.00028,0.00076,0.00127,0.00025,0.00015,3e-05,4
48463,4e-05,8e-05,0.00028,0.00076,0.00127,0.00025,0.00015,3e-05,4
48464,4e-05,8e-05,0.00028,0.00076,0.00127,0.00025,0.00015,3e-05,4
48465,4e-05,8e-05,0.00028,0.00076,0.00127,0.00025,0.00015,3e-05,4
48466,4e-05,8e-05,0.00028,0.00076,0.00127,0.00025,0.00015,3e-05,4
48467,4e-05,8e-05,0.00028,0.00076,0.00127,0.00025,0.00015,3e-05,4
48468,4e-05,8e-05,0.00028,0.00076,0.00127,0.00025,0.00015,3e-05,4
48469,4e-05,8e-05,0.00028,0.00076,0.00127,0.00025,0.00015,3e-05,4
48470,4e-05,8e-05,0.00028,0.00076,0.00127,0.00025,0.00015,3e-05,4
48471,4e-05,8e-05,0.00028,0.00076,0.00127,0.00025,0.00015,3e-05,4
48472,4e-05,8e-05,0.00028,0.00076,0.00127,0.00025,0.00015,3e-05,4
48473,4e-05,8e-05,0.00028,0.00076,0.00127,0.00025,0.00015,3e-05,4
48474,-0.0001,-0.00016,-0.00033,-0.00107,-0.00049,-0.00077,-0.00023,-0.00011,4
48475,-0.0001,-0.00016,-0.00033,-0.00107,-0.00049,-0.00077,-0.00023,-0.00011,4
48476,-0.0001,-0.00016,-0.00033,-0.00107,-0.00049,-0.00077,-0.00023,-0.00011,4
48477,-0.0001,-0.00016,-0.00033,-0.00107,-0.00049,-0.00077,-0.00023,-0.00011,4
48478,-0.0001,-0.00016,-0.00033,-0.00107,-0.00049,-0.00077,-0.00023,-0.00011,4
48479,-0.0001,-0.00016,-0.00033,-0.00107,-0.00049,-0.00077,-0.00023,-0.00011,4
48480,-0.0001,-0.00016,-0.00033,-0.00107,-0.00049,-0.00077,-0.00023,-0.00011,4
48481,-0.0001,-0.00016,-0.00033,-0.00107,-0.00049,-0.00077,-0.00023,-0.00011,4
48482,-0.0001,-0.00016,-0.00033,-0.00107,-0.00049,-0.00077,-0.00023,-0.00011,4
48483,5e-05,0.0001,0.00017,0.00027,0.00094,0.00088,-2e-05,3e-05,4
48484,5e-05,0.0001,0.00017,0.00027,0.00094,0.00088,-2e-05,3e-05,4
48485,5e-05,0.0001,0.00017,0.00027,0.00094,0.00088,-2e-05,3e-05,4
48486,5e-05,0.0001,0.00017,0.00027,0.00094,0.00088,-2e-05,3e-05,4
48488,5e-05,0.0001,0.00017,0.00027,0.00094,0.00088,-2e-05,3e-05,4
48489,5e-05,0.0001,0.00017,0.00027,0.00094,0.00088,-2e-05,3e-05,4
48490,5e-05,0.0001,0.00017,0.00027,0.00094,0.00088,-2e-05,3e-05,4
48491,5e-05,0.0001,0.00017,0.00027,0.00094,0.00088,-2e-05,3e-05,4
48492,5e-05,0.0001,0.00017,0.00027,0.00094,0.00088,-2e-05,3e-05,4
48493,5e-05,0.0001,0.00017,0.00027,0.00094,0.00088,-2e-05,3e-05,4
48494,5e-05,0.0001,0.00017,0.00027,0.00094,0.00088,-2e-05,3e-05,4
48495,5e-05,0.0001,0.00017,0.00027,0.00094,0.00088,-2e-05,3e-05,4
48496,5e-05,0.0001,0.00017,0.00027,0.00094,0.00088,-2e-05,3e-05,4
48497,5e-05,0.0001,0.00017,0.00027,0.00094,0.00088,-2e-05,3e-05,4
48498,-3e-05,-0.00013,-0.00024,-0.00029,0.00071,-0.00051,2e-05,-1e-05,4
48499,-3e-05,-0.00013,-0.00024,-0.00029,0.00071,-0.00051,2e-05,-1e-05,4
48500,-1e-05,-8e-05,-0.00022,0.00013,0.00019,0.00053,4e-05,1e-05,4
48501,-1e-05,-8e-05,-0.00022,0.00013,0.00019,0.00053,4e-05,1e-05,4
48502,-1e-05,-8e-05,-0.00022,0.00013,0.00019,0.00053,4e-05,1e-05,4
48503,-1e-05,-8e-05,-0.00022,0.00013,0.00019,0.00053,4e-05,1e-05,4
48504,-1e-05,-8e-05,-0.00022,0.00013,0.00019,0.00053,4e-05,1e-05,4
48505,-1e-05,-8e-05,-0.00022,0.00013,0.00019,0.00053,4e-05,1e-05,4
48506,-1e-05,-8e-05,-0.00022,0.00013,0.00019,0.00053,4e-05,1e-05,4
48507,-1e-05,-8e-05,-0.00022,0.00013,0.00019,0.00053,4e-05,1e-05,4
48508,-1e-05,-8e-05,-0.00022,0.00013,0.00019,0.00053,4e-05,1e-05,4
48509,-1e-05,-8e-05,-0.00022,0.00013,0.00019,0.00053,4e-05,1e-05,4
48510,-1e-05,-8e-05,-0.00022,0.00013,0.00019,0.00053,4e-05,1e-05,4
48511,-1e-05,-8e-05,-0.00022,0.00013,0.00019,0.00053,4e-05,1e-05,4
48512,-1e-05,-8e-05,-0.00022,0.00013,0.00019,0.00053,4e-05,1e-05,4
48513,-1e-05,-8e-05,-0.00022,0.00013,0.00019,0.00053,4e-05,1e-05,4
48514,-1e-05,-8e-05,-0.00022,0.00013,0.00019,0.00053,4e-05,1e-05,4
48515,-1e-05,-8e-05,-0.00022,0.00013,0.00019,0.00053,4e-05,1e-05,4
48516,-1e-05,-8e-05,-0.00022,0.00013,0.00019,0.00053,4e-05,1e-05,4
48517,-1e-05,-8e-05,-0.00022,0.00013,0.00019,0.00053,4e-05,1e-05,4
48518,-1e-05,-8e-05,-0.00022,0.00013,0.00019,0.00053,4e-05,1e-05,4
48519,-1e-05,-8e-05,-0.00022,0.00013,0.00019,0.00053,4e-05,1e-05,4
48520,-1e-05,-8e-05,-0.00022,0.00013,0.00019,0.00053,4e-05,1e-05,4
48521,3e-05,8e-05,1e-05,-0.00034,-0.00128,0.00016,-3e-05,3e-05,4
48522,7e-05,9e-05,0.00016,0.00108,0.00127,0.00093,0.00042,0.00012,4
48523,7e-05,9e-05,0.00016,0.00108,0.00127,0.00093,0.00042,0.00012,4
48524,7e-05,9e-05,0.00016,0.00108,0.00127,0.00093,0.00042,0.00012,4
48525,7e-05,9e-05,0.00016,0.00108,0.00127,0.00093,0.00042,0.00012,4
48526,7e-05,9e-05,0.00016,0.00108,0.00127,0.00093,0.00042,0.00012,4
48527,7e-05,9e-05,0.00016,0.00108,0.00127,0.00093,0.00042,0.00012,4
48528,7e-05,9e-05,0.00016,0.00108,0.00127,0.00093,0.00042,0.00012,4
48529,7e-05,9e-05,0.00016,0.00108,0.00127,0.00093,0.00042,0.00012,4
48530,7e-05,9e-05,0.00016,0.00108,0.00127,0.00093,0.00042,0.00012,4
48531,7e-05,9e-05,0.00016,0.00108,0.00127,0.00093,0.00042,0.00012,4
48532,7e-05,9e-05,0.00016,0.00108,0.00127,0.00093,0.00042,0.00012,4
48533,7e-05,9e-05,0.00016,0.00108,0.00127,0.00093,0.00042,0.00012,4
48534,1e-05,-6e-05,-6e-05,0.00054,0.00105,0.00066,0.0002,3e-05,4
48535,1e-05,-6e-05,-6e-05,0.00054,0.00105,0.00066,0.0002,3e-05,4
48536,1e-05,-6e-05,-6e-05,0.00054,0.00105,0.00066,0.0002,3e-05,4
48538,1e-05,-6e-05,-6e-05,0.00054,0.00105,0.00066,0.0002,3e-05,4
48539,1e-05,-6e-05,-6e-05,0.00054,0.00105,0.00066,0.0002,3e-05,4
48540,1e-05,-6e-05,-6e-05,0.00054,0.00105,0.00066,0.0002,3e-05,4
48541,1e-05,-6e-05,-6e-05,0.00054,0.00105,0.00066,0.0002,3e-05,4
48542,1e-05,-6e-05,-6e-05,0.00054,0.00105,0.00066,0.0002,3e-05,4
48543,-0.00015,-0.0002,-0.00033,-0.00112,-0.00128,-0.00052,-0.00035,-0.0002,4
48544,-0.00015,-0.0002,-0.00033,-0.00112,-0.00128,-0.00052,-0.00035,-0.0002,4
48545,-0.00015,-0.0002,-0.00033,-0.00112,-0.00128,-0.00052,-0.00035,-0.0002,4
48546,-0.00015,-0.0002,-0.00033,-0.00112,-0.00128,-0.00052,-0.00035,-0.0002,4
48547,-0.00015,-0.0002,-0.00033,-0.00112,-0.00128,-0.00052,-0.00035,-0.0002,4
48548,-0.00015,-0.0002,-0.00033,-0.00112,-0.00128,-0.00052,-0.00035,-0.0002,4
48549,-0.00015,-0.0002,-0.00033,-0.00112,-0.00128,-0.00052,-0.00035,-0.0002,4
48550,-0.00015,-0.0002,-0.00033,-0.00112,-0.00128,-0.00052,-0.00035,-0.0002,4
48551,-0.00015,-0.0002,-0.00033,-0.00112,-0.00128,-0.00052,-0.00035,-0.0002,4
48552,-0.00015,-0.0002,-0.00033,-0.00112,-0.00128,-0.00052,-0.00035,-0.0002,4
48553,-0.00015,-0.0002,-0.00033,-0.00112,-0.00128,-0.00052,-0.00035,-0.0002,4
48554,-0.00015,-0.0002,-0.00033,-0.00112,-0.00128,-0.00052,-0.00035,-0.0002,4
48555,-0.00015,-0.0002,-0.00033,-0.00112,-0.00128,-0.00052,-0.00035,-0.0002,4
48556,-0.00015,-0.0002,-0.00033,-0.00112,-0.00128,-0.00052,-0.00035,-0.0002,4
48557,-0.00015,-0.0002,-0.00033,-0.00112,-0.00128,-0.00052,-0.00035,-0.0002,4
48558,-0.00015,-0.0002,-0.00033,-0.00112,-0.00128,-0.00052,-0.00035,-0.0002,4
48559,-2e-05,-7e-05,-0.00017,-0.00036,-0.00105,-8e-05,0.0,0.0,4
48560,-7e-05,-7e-05,-0.00012,-0.00049,-0.00067,-0.0004,-0.00022,-0.00011,4
48561,-7e-05,-7e-05,-0.00012,-0.00049,-0.00067,-0.0004,-0.00022,-0.00011,4
48562,-7e-05,-7e-05,-0.00012,-0.00049,-0.00067,-0.0004,-0.00022,-0.00011,4
48563,-7e-05,-7e-05,-0.00012,-0.00049,-0.00067,-0.0004,-0.00022,-0.00011,4
48564,-7e-05,-7e-05,-0.00012,-0.00049,-0.00067,-0.0004,-0.00022,-0.00011,4
48565,-7e-05,-7e-05,-0.00012,-0.00049,-0.00067,-0.0004,-0.00022,-0.00011,4
48566,-7e-05,-7e-05,-0.00012,-0.00049,-0.00067,-0.0004,-0.00022,-0.00011,4
48567,-7e-05,-7e-05,-0.00012,-0.00049,-0.00067,-0.0004,-0.00022,-0.00011,4
48568,-7e-05,-7e-05,-0.00012,-0.00049,-0.00067,-0.0004,-0.00022,-0.00011,4
48569,-7e-05,-7e-05,-0.00012,-0.00049,-0.00067,-0.0004,-0.00022,-0.00011,4
48570,-7e-05,-7e-05,-0.00012,-0.00049,-0.00067,-0.0004,-0.00022,-0.00011,4
48571,-7e-05,-7e-05,-0.00012,-0.00049,-0.00067,-0.0004,-0.00022,-0.00011,4
48572,-7e-05,-7e-05,-0.00012,-0.00049,-0.00067,-0.0004,-0.00022,-0.00011,4
48573,-7e-05,-7e-05,-0.00012,-0.00049,-0.00067,-0.0004,-0.00022,-0.00011,4
48574,-7e-05,-7e-05,-0.00012,-0.00049,-0.00067,-0.0004,-0.00022,-0.00011,4
48575,-7e-05,-7e-05,-0.00012,-0.00049,-0.00067,-0.0004,-0.00022,-0.00011,4
48576,-7e-05,-7e-05,-0.00012,-0.00049,-0.00067,-0.0004,-0.00022,-0.00011,4
48577,-7e-05,-7e-05,-0.00012,-0.00049,-0.00067,-0.0004,-0.00022,-0.00011,4
48578,-7e-05,-7e-05,-0.00012,-0.00049,-0.00067,-0.0004,-0.00022,-0.00011,4
48579,-7e-05,-7e-05,-0.00012,-0.00049,-0.00067,-0.0004,-0.00022,-0.00011,4
48580,-1e-05,0.0,-1e-05,-0.00028,0.00019,-0.00032,2e-05,0.0,4
48581,-0.00016,-0.00025,-0.0003,-0.00097,-0.00128,-0.0011,-0.00048,-0.0002,4
48582,2e-05,9e-05,0.00019,3e-05,-0.00028,0.00022,-2e-05,3e-05,4
48583,2e-05,9e-05,0.00019,3e-05,-0.00028,0.00022,-2e-05,3e-05,4
48584,2e-05,9e-05,0.00019,3e-05,-0.00028,0.00022,-2e-05,3e-05,4
48585,2e-05,9e-05,0.00019,3e-05,-0.00028,0.00022,-2e-05,3e-05,4
48586,2e-05,9e-05,0.00019,3e-05,-0.00028,0.00022,-2e-05,3e-05,4
48588,2e-05,9e-05,0.00019,3e-05,-0.00028,0.00022,-2e-05,3e-05,4
48589,2e-05,9e-05,0.00019,3e-05,-0.00028,0.00022,-2e-05,3e-05,4
48590,2e-05,9e-05,0.00019,3e-05,-0.00028,0.00022,-2e-05,3e-05,4
48591,2e-05,9e-05,0.00019,3e-05,-0.00028,0.00022,-2e-05,3e-05,4
48592,2e-05,9e-05,0.00019,3e-05,-0.00028,0.00022,-2e-05,3e-05,4
48593,2e-05,9e-05,0.00019,3e-05,-0.00028,0.00022,-2e-05,3e-05,4
48594,-6e-05,-5e-05,-3e-05,-0.00035,-1e-05,-2e-05,1e-05,-2e-05,4
48596,-6e-05,-5e-05,-3e-05,-0.00035,-1e-05,-2e-05,1e-05,-2e-05,4
48597,-6e-05,-5e-05,-3e-05,-0.00035,-1e-05,-2e-05,1e-05,-2e-05,4
48598,-6e-05,-5e-05,-3e-05,-0.00035,-1e-05,-2e-05,1e-05,-2e-05,4
48599,-6e-05,-5e-05,-3e-05,-0.00035,-1e-05,-2e-05,1e-05,-2e-05,4
48600,-6e-05,-5e-05,-3e-05,-0.00035,-1e-05,-2e-05,1e-05,-2e-05,4
48601,-6e-05,-5e-05,-3e-05,-0.00035,-1e-05,-2e-05,1e-05,-2e-05,4
48602,-6e-05,-5e-05,-3e-05,-0.00035,-1e-05,-2e-05,1e-05,-2e-05,4
48603,6e-05,8e-05,0.00015,0.00038,-0.0003,0.00082,0.00037,0.00013,4
48604,6e-05,8e-05,0.00015,0.00038,-0.0003,0.00082,0.00037,0.00013,4
48605,6e-05,8e-05,0.00015,0.00038,-0.0003,0.00082,0.00037,0.00013,4
48606,6e-05,8e-05,0.00015,0.00038,-0.0003,0.00082,0.00037,0.00013,4
48607,6e-05,8e-05,0.00015,0.00038,-0.0003,0.00082,0.00037,0.00013,4
48608,6e-05,8e-05,0.00015,0.00038,-0.0003,0.00082,0.00037,0.00013,4
48609,6e-05,8e-05,0.00015,0.00038,-0.0003,0.00082,0.00037,0.00013,4
48610,6e-05,8e-05,0.00015,0.00038,-0.0003,0.00082,0.00037,0.00013,4
48611,6e-05,8e-05,0.00015,0.00038,-0.0003,0.00082,0.00037,0.00013,4
48612,6e-05,8e-05,0.00015,0.00038,-0.0003,0.00082,0.00037,0.00013,4
48613,6e-05,8e-05,0.00015,0.00038,-0.0003,0.00082,0.00037,0.00013,4
48614,6e-05,8e-05,0.00015,0.00038,-0.0003,0.00082,0.00037,0.00013,4
48615,6e-05,8e-05,0.00015,0.00038,-0.0003,0.00082,0.00037,0.00013,4
48616,6e-05,8e-05,0.00015,0.00038,-0.0003,0.00082,0.00037,0.00013,4
48617,6e-05,8e-05,0.00015,0.00038,-0.0003,0.00082,0.00037,0.00013,4
48618,0.00017,0.00028,0.0005,0.00041,1e-05,0.00081,0.00043,0.00019,4
48619,-4e-05,-5e-05,-0.00013,3e-05,-0.00083,-0.0003,-2e-05,-7e-05,4
48620,4e-05,5e-05,0.00011,-4e-05,0.00065,0.00011,-7e-05,-1e-05,4
48621,4e-05,5e-05,0.00011,-4e-05,0.00065,0.00011,-7e-05,-1e-05,4
48622,4e-05,5e-05,0.00011,-4e-05,0.00065,0.00011,-7e-05,-1e-05,4
48623,4e-05,5e-05,0.00011,-4e-05,0.00065,0.00011,-7e-05,-1e-05,4
48624,4e-05,5e-05,0.00011,-4e-05,0.00065,0.00011,-7e-05,-1e-05,4
48625,4e-05,5e-05,0.00011,-4e-05,0.00065,0.00011,-7e-05,-1e-05,4
48626,4e-05,5e-05,0.00011,-4e-05,0.00065,0.00011,-7e-05,-1e-05,4
48627,4e-05,5e-05,0.00011,-4e-05,0.00065,0.00011,-7e-05,-1e-05,4
48628,4e-05,5e-05,0.00011,-4e-05,0.00065,0.00011,-7e-05,-1e-05,4
48629,4e-05,5e-05,0.00011,-4e-05,0.00065,0.00011,-7e-05,-1e-05,4
48630,4e-05,5e-05,0.00011,-4e-05,0.00065,0.00011,-7e-05,-1e-05,4
48631,4e-05,5e-05,0.00011,-4e-05,0.00065,0.00011,-7e-05,-1e-05,4
48632,4e-05,5e-05,0.00011,-4e-05,0.00065,0.00011,-7e-05,-1e-05,4
48633,4e-05,5e-05,0.00011,-4e-05,0.00065,0.00011,-7e-05,-1e-05,4
48634,4e-05,5e-05,0.00011,-4e-05,0.00065,0.00011,-7e-05,-1e-05,4
48635,4e-05,5e-05,0.00011,-4e-05,0.00065,0.00011,-7e-05,-1e-05,4
48636,4e-05,5e-05,0.00011,-4e-05,0.00065,0.00011,-7e-05,-1e-05,4
48638,4e-05,5e-05,0.00011,-4e-05,0.00065,0.00011,-7e-05,-1e-05,4
48639,4e-05,5e-05,0.00011,-4e-05,0.00065,0.00011,-7e-05,-1e-05,4
48640,4e-05,5e-05,0.00011,-4e-05,0.00065,0.00011,-7e-05,-1e-05,4
48641,4e-05,5e-05,0.00011,-4e-05,0.00065,0.00011,-7e-05,-1e-05,4
48642,-4e-05,-5e-05,-0.00011,0.00029,0.00108,0.0004,1e-05,-1e-05,4
48643,-0.00011,-0.00011,-7e-05,-0.00028,-0.00011,-0.00016,-0.00032,-0.00016,4
48644,-0.00011,-0.00011,-7e-05,-0.00028,-0.00011,-0.00016,-0.00032,-0.00016,4
48645,-0.00011,-0.00011,-7e-05,-0.00028,-0.00011,-0.00016,-0.00032,-0.00016,4
48646,-0.00011,-0.00011,-7e-05,-0.00028,-0.00011,-0.00016,-0.00032,-0.00016,4
48647,-0.00011,-0.00011,-7e-05,-0.00028,-0.00011,-0.00016,-0.00032,-0.00016,4
48648,-0.00011,-0.00011,-7e-05,-0.00028,-0.00011,-0.00016,-0.00032,-0.00016,4
48649,-0.00011,-0.00011,-7e-05,-0.00028,-0.00011,-0.00016,-0.00032,-0.00016,4
48650,-0.00011,-0.00011,-7e-05,-0.00028,-0.00011,-0.00016,-0.00032,-0.00016,4
48651,-0.00011,-0.00011,-7e-05,-0.00028,-0.00011,-0.00016,-0.00032,-0.00016,4
48652,-0.00011,-0.00011,-7e-05,-0.00028,-0.00011,-0.00016,-0.00032,-0.00016,4
48653,-0.00011,-0.00011,-7e-05,-0.00028,-0.00011,-0.00016,-0.00032,-0.00016,4
48654,5e-05,0.0001,0.00012,0.00033,-0.00079,-6e-05,-4e-05,0.0,4
48655,5e-05,0.0001,0.00012,0.00033,-0.00079,-6e-05,-4e-05,0.0,4
48656,5e-05,0.0001,0.00012,0.00033,-0.00079,-6e-05,-4e-05,0.0,4
48657,5e-05,0.0001,0.00012,0.00033,-0.00079,-6e-05,-4e-05,0.0,4
48658,5e-05,0.0001,0.00012,0.00033,-0.00079,-6e-05,-4e-05,0.0,4
48659,5e-05,0.0001,0.00012,0.00033,-0.00079,-6e-05,-4e-05,0.0,4
48660,5e-05,0.0001,0.00012,0.00033,-0.00079,-6e-05,-4e-05,0.0,4
48661,5e-05,0.0001,0.00012,0.00033,-0.00079,-6e-05,-4e-05,0.0,4
48662,5e-05,0.0001,0.00012,0.00033,-0.00079,-6e-05,-4e-05,0.0,4
48663,-2e-05,-2e-05,3e-05,0.00052,0.00105,-0.00086,-0.00013,-4e-05,4
48664,-2e-05,-2e-05,3e-05,0.00052,0.00105,-0.00086,-0.00013,-4e-05,4
48665,-2e-05,-2e-05,3e-05,0.00052,0.00105,-0.00086,-0.00013,-4e-05,4
48666,-2e-05,-2e-05,3e-05,0.00052,0.00105,-0.00086,-0.00013,-4e-05,4
48667,-2e-05,-2e-05,3e-05,0.00052,0.00105,-0.00086,-0.00013,-4e-05,4
48668,-2e-05,-2e-05,3e-05,0.00052,0.00105,-0.00086,-0.00013,-4e-05,4
48669,-2e-05,-2e-05,3e-05,0.00052,0.00105,-0.00086,-0.00013,-4e-05,4
48670,-2e-05,-2e-05,3e-05,0.00052,0.00105,-0.00086,-0.00013,-4e-05,4
48671,-2e-05,-2e-05,3e-05,0.00052,0.00105,-0.00086,-0.00013,-4e-05,4
48672,-2e-05,-2e-05,3e-05,0.00052,0.00105,-0.00086,-0.00013,-4e-05,4
48673,-2e-05,-2e-05,3e-05,0.00052,0.00105,-0.00086,-0.00013,-4e-05,4
48674,-2e-05,-2e-05,3e-05,0.00052,0.00105,-0.00086,-0.00013,-4e-05,4
48675,-2e-05,-2e-05,3e-05,0.00052,0.00105,-0.00086,-0.00013,-4e-05,4
48676,-2e-05,-2e-05,3e-05,0.00052,0.00105,-0.00086,-0.00013,-4e-05,4
48677,-2e-05,-2e-05,3e-05,0.00052,0.00105,-0.00086,-0.00013,-4e-05,4
48678,3e-05,0.0001,0.00029,0.00014,0.00046,-0.00055,8e-05,6e-05,4
48679,3e-05,0.0001,0.00029,0.00014,0.00046,-0.00055,8e-05,6e-05,4
48680,-2e-05,-1e-05,-4e-05,0.00027,0.00065,-2e-05,0.00012,4e-05,4
48681,-2e-05,-1e-05,-4e-05,0.00027,0.00065,-2e-05,0.00012,4e-05,4
48682,-2e-05,-1e-05,-4e-05,0.00027,0.00065,-2e-05,0.00012,4e-05,4
48683,-2e-05,-1e-05,-4e-05,0.00027,0.00065,-2e-05,0.00012,4e-05,4
48684,-2e-05,-1e-05,-4e-05,0.00027,0.00065,-2e-05,0.00012,4e-05,4
48685,-2e-05,-1e-05,-4e-05,0.00027,0.00065,-2e-05,0.00012,4e-05,4
48686,-2e-05,-1e-05,-4e-05,0.00027,0.00065,-2e-05,0.00012,4e-05,4
48688,-2e-05,-1e-05,-4e-05,0.00027,0.00065,-2e-05,0.00012,4e-05,4
48689,-2e-05,-1e-05,-4e-05,0.00027,0.00065,-2e-05,0.00012,4e-05,4
48690,-2e-05,-1e-05,-4e-05,0.00027,0.00065,-2e-05,0.00012,4e-05,4
48691,-2e-05,-1e-05,-4e-05,0.00027,0.00065,-2e-05,0.00012,4e-05,4
48692,-2e-05,-1e-05,-4e-05,0.00027,0.00065,-2e-05,0.00012,4e-05,4
48693,-2e-05,-1e-05,-4e-05,0.00027,0.00065,-2e-05,0.00012,4e-05,4
48694,-2e-05,-1e-05,-4e-05,0.00027,0.00065,-2e-05,0.00012,4e-05,4
48695,-2e-05,-1e-05,-4e-05,0.00027,0.00065,-2e-05,0.00012,4e-05,4
48696,-2e-05,-1e-05,-4e-05,0.00027,0.00065,-2e-05,0.00012,4e-05,4
48697,-2e-05,-1e-05,-4e-05,0.00027,0.00065,-2e-05,0.00012,4e-05,4
48698,-2e-05,-1e-05,-4e-05,0.00027,0.00065,-2e-05,0.00012,4e-05,4
48699,-2e-05,-1e-05,-4e-05,0.00027,0.00065,-2e-05,0.00012,4e-05,4
48700,-6e-05,-8e-05,-0.00011,0.00016,-0.00042,-5e-05,-0.00019,-9e-05,4
48701,2e-05,5e-05,9e-05,0.00059,0.00078,0.00041,0.00012,3e-05,4
48702,0.00017,0.00026,0.00036,-5e-05,0.00059,0.00049,0.00027,0.00018,4
48703,0.00017,0.00026,0.00036,-5e-05,0.00059,0.00049,0.00027,0.00018,4
48704,0.00017,0.00026,0.00036,-5e-05,0.00059,0.00049,0.00027,0.00018,4
48705,0.00017,0.00026,0.00036,-5e-05,0.00059,0.00049,0.00027,0.00018,4
48706,0.00017,0.00026,0.00036,-5e-05,0.00059,0.00049,0.00027,0.00018,4
48707,0.00017,0.00026,0.00036,-5e-05,0.00059,0.00049,0.00027,0.00018,4
48708,0.00017,0.00026,0.00036,-5e-05,0.00059,0.00049,0.00027,0.00018,4
48709,0.00017,0.00026,0.00036,-5e-05,0.00059,0.00049,0.00027,0.00018,4
48710,0.00017,0.00026,0.00036,-5e-05,0.00059,0.00049,0.00027,0.00018,4
48711,0.00017,0.00026,0.00036,-5e-05,0.00059,0.00049,0.00027,0.00018,4
48712,0.00017,0.00026,0.00036,-5e-05,0.00059,0.00049,0.00027,0.00018,4
48713,0.00017,0.00026,0.00036,-5e-05,0.00059,0.00049,0.00027,0.00018,4
48714,-6e-05,-9e-05,-0.00012,-0.00019,0.00012,0.00014,-0.00016,-8e-05,4
48715,-6e-05,-9e-05,-0.00012,-0.00019,0.00012,0.00014,-0.00016,-8e-05,4
48716,-6e-05,-9e-05,-0.00012,-0.00019,0.00012,0.00014,-0.00016,-8e-05,4
48717,-6e-05,-9e-05,-0.00012,-0.00019,0.00012,0.00014,-0.00016,-8e-05,4
48718,-6e-05,-9e-05,-0.00012,-0.00019,0.00012,0.00014,-0.00016,-8e-05,4
48719,-6e-05,-9e-05,-0.00012,-0.00019,0.00012,0.00014,-0.00016,-8e-05,4
48720,-6e-05,-9e-05,-0.00012,-0.00019,0.00012,0.00014,-0.00016,-8e-05,4
48721,-6e-05,-9e-05,-0.00012,-0.00019,0.00012,0.00014,-0.00016,-8e-05,4
48722,-6e-05,-9e-05,-0.00012,-0.00019,0.00012,0.00014,-0.00016,-8e-05,4
48723,-5e-05,-0.00012,-0.00026,-0.00029,0.00013,0.00014,0.0,-5e-05,4
48724,-5e-05,-0.00012,-0.00026,-0.00029,0.00013,0.00014,0.0,-5e-05,4
48725,-5e-05,-0.00012,-0.00026,-0.00029,0.00013,0.00014,0.0,-5e-05,4
48726,-5e-05,-0.00012,-0.00026,-0.00029,0.00013,0.00014,0.0,-5e-05,4
48727,-5e-05,-0.00012,-0.00026,-0.00029,0.00013,0.00014,0.0,-5e-05,4
48728,-5e-05,-0.00012,-0.00026,-0.00029,0.00013,0.00014,0.0,-5e-05,4
48729,-5e-05,-0.00012,-0.00026,-0.00029,0.00013,0.00014,0.0,-5e-05,4
48730,-5e-05,-0.00012,-0.00026,-0.00029,0.00013,0.00014,0.0,-5e-05,4
48731,-5e-05,-0.00012,-0.00026,-0.00029,0.00013,0.00014,0.0,-5e-05,4
48732,-5e-05,-0.00012,-0.00026,-0.00029,0.00013,0.00014,0.0,-5e-05,4
48733,-5e-05,-0.00012,-0.00026,-0.00029,0.00013,0.00014,0.0,-5e-05,4
48734,-5e-05,-0.00012,-0.00026,-0.00029,0.00013,0.00014,0.0,-5e-05,4
48735,-5e-05,-0.00012,-0.00026,-0.00029,0.00013,0.00014,0.0,-5e-05,4
48736,-5e-05,-0.00012,-0.00026,-0.00029,0.00013,0.00014,0.0,-5e-05,4
48738,-2e-05,-1e-05,2e-05,-0.00019,-0.00082,-0.0002,-8e-05,-5e-05,4
48739,-2e-05,-1e-05,2e-05,-0.00019,-0.00082,-0.0002,-8e-05,-5e-05,4
48740,-9e-05,-0.00015,-0.00027,-0.00053,-0.00128,-0.00034,-0.00019,-0.0001,4
48741,-9e-05,-0.00015,-0.00027,-0.00053,-0.00128,-0.00034,-0.00019,-0.0001,4
48742,-9e-05,-0.00015,-0.00027,-0.00053,-0.00128,-0.00034,-0.00019,-0.0001,4
48743,-9e-05,-0.00015,-0.00027,-0.00053,-0.00128,-0.00034,-0.00019,-0.0001,4
48744,-9e-05,-0.00015,-0.00027,-0.00053,-0.00128,-0.00034,-0.00019,-0.0001,4
48745,-9e-05,-0.00015,-0.00027,-0.00053,-0.00128,-0.00034,-0.00019,-0.0001,4
48746,-9e-05,-0.00015,-0.00027,-0.00053,-0.00128,-0.00034,-0.00019,-0.0001,4
48747,-9e-05,-0.00015,-0.00027,-0.00053,-0.00128,-0.00034,-0.00019,-0.0001,4
48748,-9e-05,-0.00015,-0.00027,-0.00053,-0.00128,-0.00034,-0.00019,-0.0001,4
48749,-9e-05,-0.00015,-0.00027,-0.00053,-0.00128,-0.00034,-0.00019,-0.0001,4
48750,-9e-05,-0.00015,-0.00027,-0.00053,-0.00128,-0.00034,-0.00019,-0.0001,4
48751,-9e-05,-0.00015,-0.00027,-0.00053,-0.00128,-0.00034,-0.00019,-0.0001,4
48752,-9e-05,-0.00015,-0.00027,-0.00053,-0.00128,-0.00034,-0.00019,-0.0001,4
48753,-9e-05,-0.00015,-0.00027,-0.00053,-0.00128,-0.00034,-0.00019,-0.0001,4
48754,-9e-05,-0.00015,-0.00027,-0.00053,-0.00128,-0.00034,-0.00019,-0.0001,4
48755,-9e-05,-0.00015,-0.00027,-0.00053,-0.00128,-0.00034,-0.00019,-0.0001,4
48756,-9e-05,-0.00015,-0.00027,-0.00053,-0.00128,-0.00034,-0.00019,-0.0001,4
48757,-9e-05,-0.00015,-0.00027,-0.00053,-0.00128,-0.00034,-0.00019,-0.0001,4
48758,-9e-05,-0.00015,-0.00027,-0.00053,-0.00128,-0.00034,-0.00019,-0.0001,4
48759,-9e-05,-0.00015,-0.00027,-0.00053,-0.00128,-0.00034,-0.00019,-0.0001,4
48760,-9e-05,-0.00015,-0.00027,-0.00053,-0.00128,-0.00034,-0.00019,-0.0001,4
48761,9e-05,0.00013,8e-05,-6e-05,-0.00092,0.00027,0.00013,9e-05,4
48762,1e-05,3e-05,2e-05,-0.00071,-0.00086,0.0,0.0001,3e-05,4
48763,1e-05,3e-05,2e-05,-0.00071,-0.00086,0.0,0.0001,3e-05,4
48764,1e-05,3e-05,2e-05,-0.00071,-0.00086,0.0,0.0001,3e-05,4
48765,1e-05,3e-05,2e-05,-0.00071,-0.00086,0.0,0.0001,3e-05,4
48766,1e-05,3e-05,2e-05,-0.00071,-0.00086,0.0,0.0001,3e-05,4
48767,1e-05,3e-05,2e-05,-0.00071,-0.00086,0.0,0.0001,3e-05,4
48768,1e-05,3e-05,2e-05,-0.00071,-0.00086,0.0,0.0001,3e-05,4
48769,1e-05,3e-05,2e-05,-0.00071,-0.00086,0.0,0.0001,3e-05,4
48770,1e-05,3e-05,2e-05,-0.00071,-0.00086,0.0,0.0001,3e-05,4
48771,1e-05,3e-05,2e-05,-0.00071,-0.00086,0.0,0.0001,3e-05,4
48772,1e-05,3e-05,2e-05,-0.00071,-0.00086,0.0,0.0001,3e-05,4
48773,1e-05,3e-05,2e-05,-0.00071,-0.00086,0.0,0.0001,3e-05,4
48774,1e-05,3e-05,2e-05,-0.00071,-0.00086,0.0,0.0001,3e-05,4
48775,-0.00013,-0.00025,-0.00035,-0.00049,-0.00049,-0.00045,-0.00023,-0.00011,4
48776,-0.00013,-0.00025,-0.00035,-0.00049,-0.00049,-0.00045,-0.00023,-0.00011,4
48777,-0.00013,-0.00025,-0.00035,-0.00049,-0.00049,-0.00045,-0.00023,-0.00011,4
48778,-0.00013,-0.00025,-0.00035,-0.00049,-0.00049,-0.00045,-0.00023,-0.00011,4
48779,-0.00013,-0.00025,-0.00035,-0.00049,-0.00049,-0.00045,-0.00023,-0.00011,4
48780,-0.00013,-0.00025,-0.00035,-0.00049,-0.00049,-0.00045,-0.00023,-0.00011,4
48781,-0.00013,-0.00025,-0.00035,-0.00049,-0.00049,-0.00045,-0.00023,-0.00011,4
48782,-0.00013,-0.00025,-0.00035,-0.00049,-0.00049,-0.00045,-0.00023,-0.00011,4
48783,-0.0001,-0.00013,-0.0002,7e-05,0.00033,-0.00091,-0.00019,-0.00011,4
48784,-0.0001,-0.00013,-0.0002,7e-05,0.00033,-0.00091,-0.00019,-0.00011,4
48785,-0.0001,-0.00013,-0.0002,7e-05,0.00033,-0.00091,-0.00019,-0.00011,4
48786,-0.0001,-0.00013,-0.0002,7e-05,0.00033,-0.00091,-0.00019,-0.00011,4
48788,-0.0001,-0.00013,-0.0002,7e-05,0.00033,-0.00091,-0.00019,-0.00011,4
48789,-0.0001,-0.00013,-0.0002,7e-05,0.00033,-0.00091,-0.00019,-0.00011,4
48790,-0.0001,-0.00013,-0.0002,7e-05,0.00033,-0.00091,-0.00019,-0.00011,4
48791,-0.0001,-0.00013,-0.0002,7e-05,0.00033,-0.00091,-0.00019,-0.00011,4
48792,-0.0001,-0.00013,-0.0002,7e-05,0.00033,-0.00091,-0.00019,-0.00011,4
48793,-0.0001,-0.00013,-0.0002,7e-05,0.00033,-0.00091,-0.00019,-0.00011,4
48794,-0.0001,-0.00013,-0.0002,7e-05,0.00033,-0.00091,-0.00019,-0.00011,4
48795,-0.0001,-0.00013,-0.0002,7e-05,0.00033,-0.00091,-0.00019,-0.00011,4
48796,-0.0001,-0.00013,-0.0002,7e-05,0.00033,-0.00091,-0.00019,-0.00011,4
48797,-0.0001,-0.00013,-0.0002,7e-05,0.00033,-0.00091,-0.00019,-0.00011,4
48798,4e-05,4e-05,7e-05,0.00073,0.00075,0.00026,-8e-05,2e-05,4
48799,4e-05,4e-05,7e-05,0.00073,0.00075,0.00026,-8e-05,2e-05,4
48800,-0.0001,-0.00022,-0.00038,-0.00068,-0.00056,-0.00036,-0.00015,-0.00011,4
48801,-0.0001,-0.00022,-0.00038,-0.00068,-0.00056,-0.00036,-0.00015,-0.00011,4
48802,-0.0001,-0.00022,-0.00038,-0.00068,-0.00056,-0.00036,-0.00015,-0.00011,4
48803,-0.0001,-0.00022,-0.00038,-0.00068,-0.00056,-0.00036,-0.00015,-0.00011,4
48804,-0.0001,-0.00022,-0.00038,-0.00068,-0.00056,-0.00036,-0.00015,-0.00011,4
48805,-0.0001,-0.00022,-0.00038,-0.00068,-0.00056,-0.00036,-0.00015,-0.00011,4
48806,-0.0001,-0.00022,-0.00038,-0.00068,-0.00056,-0.00036,-0.00015,-0.00011,4
48807,-0.0001,-0.00022,-0.00038,-0.00068,-0.00056,-0.00036,-0.00015,-0.00011,4
48808,-0.0001,-0.00022,-0.00038,-0.00068,-0.00056,-0.00036,-0.00015,-0.00011,4
48809,-0.0001,-0.00022,-0.00038,-0.00068,-0.00056,-0.00036,-0.00015,-0.00011,4
48810,-0.0001,-0.00022,-0.00038,-0.00068,-0.00056,-0.00036,-0.00015,-0.00011,4
48811,-0.0001,-0.00022,-0.00038,-0.00068,-0.00056,-0.00036,-0.00015,-0.00011,4
48812,-0.0001,-0.00022,-0.00038,-0.00068,-0.00056,-0.00036,-0.00015,-0.00011,4
48813,-0.0001,-0.00022,-0.00038,-0.00068,-0.00056,-0.00036,-0.00015,-0.00011,4
48814,-0.0001,-0.00022,-0.00038,-0.00068,-0.00056,-0.00036,-0.00015,-0.00011,4
48815,-0.0001,-0.00022,-0.00038,-0.00068,-0.00056,-0.00036,-0.00015,-0.00011,4
48816,-0.0001,-0.00022,-0.00038,-0.00068,-0.00056,-0.00036,-0.00015,-0.00011,4
48817,-0.0001,-0.00022,-0.00038,-0.00068,-0.00056,-0.00036,-0.00015,-0.00011,4
48818,-0.0001,-0.00022,-0.00038,-0.00068,-0.00056,-0.00036,-0.00015,-0.00011,4
48819,-0.0001,-0.00022,-0.00038,-0.00068,-0.00056,-0.00036,-0.00015,-0.00011,4
48820,-0.0001,-0.00022,-0.00038,-0.00068,-0.00056,-0.00036,-0.00015,-0.00011,4
48821,0.0,0.0,-6e-05,-0.00045,-0.00098,-0.00072,-0.00012,-5e-05,4
48822,0.00018,0.00032,0.00062,0.00074,0.00045,0.0009,0.00044,0.00021,4
48823,0.00018,0.00032,0.00062,0.00074,0.00045,0.0009,0.00044,0.00021,4
48824,0.00018,0.00032,0.00062,0.00074,0.00045,0.0009,0.00044,0.00021,4
48825,0.00018,0.00032,0.00062,0.00074,0.00045,0.0009,0.00044,0.00021,4
48826,0.00018,0.00032,0.00062,0.00074,0.00045,0.0009,0.00044,0.00021,4
48827,0.00018,0.00032,0.00062,0.00074,0.00045,0.0009,0.00044,0.00021,4
48828,0.00018,0.00032,0.00062,0.00074,0.00045,0.0009,0.00044,0.00021,4
48829,0.00018,0.00032,0.00062,0.00074,0.00045,0.0009,0.00044,0.00021,4
48830,0.00018,0.00032,0.00062,0.00074,0.00045,0.0009,0.00044,0.00021,4
48831,0.00018,0.00032,0.00062,0.00074,0.00045,0.0009,0.00044,0.00021,4
48832,0.00018,0.00032,0.00062,0.00074,0.00045,0.0009,0.00044,0.00021,4
48833,0.00018,0.00032,0.00062,0.00074,0.00045,0.0009,0.00044,0.00021,4
48834,0.00018,0.00032,0.00062,0.00074,0.00045,0.0009,0.00044,0.00021,4
48835,-2e-05,-7e-05,-0.00017,-0.00031,-0.00062,0.00029,4e-05,-2e-05,4
48836,-2e-05,-7e-05,-0.00017,-0.00031,-0.00062,0.00029,4e-05,-2e-05,4
48838,-2e-05,-7e-05,-0.00017,-0.00031,-0.00062,0.00029,4e-05,-2e-05,4
48839,-2e-05,-7e-05,-0.00017,-0.00031,-0.00062,0.00029,4e-05,-2e-05,4
48840,-2e-05,-7e-05,-0.00017,-0.00031,-0.00062,0.00029,4e-05,-2e-05,4
48841,-2e-05,-7e-05,-0.00017,-0.00031,-0.00062,0.00029,4e-05,-2e-05,4
48842,-2e-05,-7e-05,-0.00017,-0.00031,-0.00062,0.00029,4e-05,-2e-05,4
48843,0.0,5e-05,4e-05,-0.00083,-0.00087,-0.00041,-8e-05,0.0,4
48844,0.0,5e-05,4e-05,-0.00083,-0.00087,-0.00041,-8e-05,0.0,4
48845,0.0,5e-05,4e-05,-0.00083,-0.00087,-0.00041,-8e-05,0.0,4
48846,0.0,5e-05,4e-05,-0.00083,-0.00087,-0.00041,-8e-05,0.0,4
48847,0.0,5e-05,4e-05,-0.00083,-0.00087,-0.00041,-8e-05,0.0,4
48848,0.0,5e-05,4e-05,-0.00083,-0.00087,-0.00041,-8e-05,0.0,4
48849,0.0,5e-05,4e-05,-0.00083,-0.00087,-0.00041,-8e-05,0.0,4
48850,0.0,5e-05,4e-05,-0.00083,-0.00087,-0.00041,-8e-05,0.0,4
48851,0.0,5e-05,4e-05,-0.00083,-0.00087,-0.00041,-8e-05,0.0,4
48852,0.0,5e-05,4e-05,-0.00083,-0.00087,-0.00041,-8e-05,0.0,4
48853,0.0,5e-05,4e-05,-0.00083,-0.00087,-0.00041,-8e-05,0.0,4
48854,0.0,5e-05,4e-05,-0.00083,-0.00087,-0.00041,-8e-05,0.0,4
48855,0.0,5e-05,4e-05,-0.00083,-0.00087,-0.00041,-8e-05,0.0,4
48856,0.0,5e-05,4e-05,-0.00083,-0.00087,-0.00041,-8e-05,0.0,4
48857,0.0,5e-05,4e-05,-0.00083,-0.00087,-0.00041,-8e-05,0.0,4
48859,-2e-05,3e-05,4e-05,-0.0002,0.00025,0.00033,4e-05,-3e-05,4
48860,9e-05,0.00013,0.00024,0.00016,0.0008,0.00045,0.0003,0.00018,4
48861,9e-05,0.00013,0.00024,0.00016,0.0008,0.00045,0.0003,0.00018,4
48862,9e-05,0.00013,0.00024,0.00016,0.0008,0.00045,0.0003,0.00018,4
48863,9e-05,0.00013,0.00024,0.00016,0.0008,0.00045,0.0003,0.00018,4
48864,9e-05,0.00013,0.00024,0.00016,0.0008,0.00045,0.0003,0.00018,4
48865,9e-05,0.00013,0.00024,0.00016,0.0008,0.00045,0.0003,0.00018,4
48866,9e-05,0.00013,0.00024,0.00016,0.0008,0.00045,0.0003,0.00018,4
48867,9e-05,0.00013,0.00024,0.00016,0.0008,0.00045,0.0003,0.00018,4
48868,9e-05,0.00013,0.00024,0.00016,0.0008,0.00045,0.0003,0.00018,4
48869,9e-05,0.00013,0.00024,0.00016,0.0008,0.00045,0.0003,0.00018,4
48870,9e-05,0.00013,0.00024,0.00016,0.0008,0.00045,0.0003,0.00018,4
48871,9e-05,0.00013,0.00024,0.00016,0.0008,0.00045,0.0003,0.00018,4
48872,9e-05,0.00013,0.00024,0.00016,0.0008,0.00045,0.0003,0.00018,4
48873,9e-05,0.00013,0.00024,0.00016,0.0008,0.00045,0.0003,0.00018,4
48874,9e-05,0.00013,0.00024,0.00016,0.0008,0.00045,0.0003,0.00018,4
48875,9e-05,0.00013,0.00024,0.00016,0.0008,0.00045,0.0003,0.00018,4
48876,9e-05,0.00013,0.00024,0.00016,0.0008,0.00045,0.0003,0.00018,4
48877,9e-05,0.00013,0.00024,0.00016,0.0008,0.00045,0.0003,0.00018,4
48878,9e-05,0.00013,0.00024,0.00016,0.0008,0.00045,0.0003,0.00018,4
48879,9e-05,0.00013,0.00024,0.00016,0.0008,0.00045,0.0003,0.00018,4
48880,-0.0001,-0.00014,-0.00025,-5e-05,3e-05,9e-05,-7e-05,-6e-05,4
48881,-0.00013,-0.00022,-0.00037,-0.00065,-0.00066,-0.00055,-0.00023,-0.00014,4
48882,-1e-05,-4e-05,-0.00011,0.00024,-0.00016,0.00072,0.00017,-1e-05,4
48883,-1e-05,-4e-05,-0.00011,0.00024,-0.00016,0.00072,0.00017,-1e-05,4
48884,-1e-05,-4e-05,-0.00011,0.00024,-0.00016,0.00072,0.00017,-1e-05,4
48885,-1e-05,-4e-05,-0.00011,0.00024,-0.00016,0.00072,0.00017,-1e-05,4
48886,-1e-05,-4e-05,-0.00011,0.00024,-0.00016,0.00072,0.00017,-1e-05,4
48888,-1e-05,-4e-05,-0.00011,0.00024,-0.00016,0.00072,0.00017,-1e-05,4
48889,-1e-05,-4e-05,-0.00011,0.00024,-0.00016,0.00072,0.00017,-1e-05,4
48890,-1e-05,-4e-05,-0.00011,0.00024,-0.00016,0.00072,0.00017,-1e-05,4
48891,-1e-05,-4e-05,-0.00011,0.00024,-0.00016,0.00072,0.00017,-1e-05,4
48892,-1e-05,-4e-05,-0.00011,0.00024,-0.00016,0.00072,0.00017,-1e-05,4
48893,-1e-05,-4e-05,-0.00011,0.00024,-0.00016,0.00072,0.00017,-1e-05,4
48894,-2e-05,-7e-05,-0.00018,-0.00056,-0.0012,-1e-05,-0.00012,-4e-05,4
48895,-2e-05,0.0,4e-05,0.00013,-0.0002,-0.00048,1e-05,-2e-05,4
48896,-2e-05,0.0,4e-05,0.00013,-0.0002,-0.00048,1e-05,-2e-05,4
48897,-2e-05,0.0,4e-05,0.00013,-0.0002,-0.00048,1e-05,-2e-05,4
48898,-2e-05,0.0,4e-05,0.00013,-0.0002,-0.00048,1e-05,-2e-05,4
48899,-2e-05,0.0,4e-05,0.00013,-0.0002,-0.00048,1e-05,-2e-05,4
48900,-2e-05,0.0,4e-05,0.00013,-0.0002,-0.00048,1e-05,-2e-05,4
48901,-2e-05,0.0,4e-05,0.00013,-0.0002,-0.00048,1e-05,-2e-05,4
48902,-2e-05,0.0,4e-05,0.00013,-0.0002,-0.00048,1e-05,-2e-05,4
48903,-8e-05,-0.00012,-0.00017,0.00016,0.00033,-0.00039,-0.00014,-4e-05,4
48904,-8e-05,-0.00012,-0.00017,0.00016,0.00033,-0.00039,-0.00014,-4e-05,4
48905,-8e-05,-0.00012,-0.00017,0.00016,0.00033,-0.00039,-0.00014,-4e-05,4
48906,-8e-05,-0.00012,-0.00017,0.00016,0.00033,-0.00039,-0.00014,-4e-05,4
48907,-8e-05,-0.00012,-0.00017,0.00016,0.00033,-0.00039,-0.00014,-4e-05,4
48908,-8e-05,-0.00012,-0.00017,0.00016,0.00033,-0.00039,-0.00014,-4e-05,4
48909,-8e-05,-0.00012,-0.00017,0.00016,0.00033,-0.00039,-0.00014,-4e-05,4
48910,-8e-05,-0.00012,-0.00017,0.00016,0.00033,-0.00039,-0.00014,-4e-05,4
48911,-8e-05,-0.00012,-0.00017,0.00016,0.00033,-0.00039,-0.00014,-4e-05,4
48912,-8e-05,-0.00012,-0.00017,0.00016,0.00033,-0.00039,-0.00014,-4e-05,4
48913,-8e-05,-0.00012,-0.00017,0.00016,0.00033,-0.00039,-0.00014,-4e-05,4
48914,-8e-05,-0.00012,-0.00017,0.00016,0.00033,-0.00039,-0.00014,-4e-05,4
48915,-8e-05,-0.00012,-0.00017,0.00016,0.00033,-0.00039,-0.00014,-4e-05,4
48916,-8e-05,-0.00012,-0.00017,0.00016,0.00033,-0.00039,-0.00014,-4e-05,4
48917,-8e-05,-0.00012,-0.00017,0.00016,0.00033,-0.00039,-0.00014,-4e-05,4
48918,0.0,2e-05,-3e-05,-0.00024,-0.00033,-0.00027,-3e-05,1e-05,4
48919,0.0,2e-05,-3e-05,-0.00024,-0.00033,-0.00027,-3e-05,1e-05,4
48920,-2e-05,-2e-05,6e-05,0.00083,0.00053,-8e-05,-0.00017,-9e-05,4
48921,-2e-05,-2e-05,6e-05,0.00083,0.00053,-8e-05,-0.00017,-9e-05,4
48922,-2e-05,-2e-05,6e-05,0.00083,0.00053,-8e-05,-0.00017,-9e-05,4
48923,-2e-05,-2e-05,6e-05,0.00083,0.00053,-8e-05,-0.00017,-9e-05,4
48924,-2e-05,-2e-05,6e-05,0.00083,0.00053,-8e-05,-0.00017,-9e-05,4
48925,-2e-05,-2e-05,6e-05,0.00083,0.00053,-8e-05,-0.00017,-9e-05,4
48926,-2e-05,-2e-05,6e-05,0.00083,0.00053,-8e-05,-0.00017,-9e-05,4
48927,-2e-05,-2e-05,6e-05,0.00083,0.00053,-8e-05,-0.00017,-9e-05,4
48928,-2e-05,-2e-05,6e-05,0.00083,0.00053,-8e-05,-0.00017,-9e-05,4
48929,-2e-05,-2e-05,6e-05,0.00083,0.00053,-8e-05,-0.00017,-9e-05,4
48930,-2e-05,-2e-05,6e-05,0.00083,0.00053,-8e-05,-0.00017,-9e-05,4
48931,-2e-05,-2e-05,6e-05,0.00083,0.00053,-8e-05,-0.00017,-9e-05,4
48932,-2e-05,-2e-05,6e-05,0.00083,0.00053,-8e-05,-0.00017,-9e-05,4
48933,-2e-05,-2e-05,6e-05,0.00083,0.00053,-8e-05,-0.00017,-9e-05,4
48934,-2e-05,-2e-05,6e-05,0.00083,0.00053,-8e-05,-0.00017,-9e-05,4
48935,-2e-05,-2e-05,6e-05,0.00083,0.00053,-8e-05,-0.00017,-9e-05,4
48936,-2e-05,-2e-05,6e-05,0.00083,0.00053,-8e-05,-0.00017,-9e-05,4
48938,-2e-05,-2e-05,6e-05,0.00083,0.00053,-8e-05,-0.00017,-9e-05,4
48939,-2e-05,-2e-05,6e-05,0.00083,0.00053,-8e-05,-0.00017,-9e-05,4
48940,-4e-05,-2e-05,1e-05,-0.0003,-0.00077,-0.00051,-0.00021,-7e-05,4
48941,0.0002,0.00026,0.00045,0.0007,0.00044,0.00094,0.00047,0.00024,4
48942,-3e-05,-0.00012,-0.00036,-0.00035,-0.00031,0.00077,0.00018,1e-05,4
48943,-3e-05,-0.00012,-0.00036,-0.00035,-0.00031,0.00077,0.00018,1e-05,4
48944,-3e-05,-0.00012,-0.00036,-0.00035,-0.00031,0.00077,0.00018,1e-05,4
48945,-3e-05,-0.00012,-0.00036,-0.00035,-0.00031,0.00077,0.00018,1e-05,4
48946,-3e-05,-0.00012,-0.00036,-0.00035,-0.00031,0.00077,0.00018,1e-05,4
48947,-3e-05,-0.00012,-0.00036,-0.00035,-0.00031,0.00077,0.00018,1e-05,4
48948,-3e-05,-0.00012,-0.00036,-0.00035,-0.00031,0.00077,0.00018,1e-05,4
48949,-3e-05,-0.00012,-0.00036,-0.00035,-0.00031,0.00077,0.00018,1e-05,4
48950,-3e-05,-0.00012,-0.00036,-0.00035,-0.00031,0.00077,0.00018,1e-05,4
48951,-3e-05,-0.00012,-0.00036,-0.00035,-0.00031,0.00077,0.00018,1e-05,4
48952,-3e-05,-0.00012,-0.00036,-0.00035,-0.00031,0.00077,0.00018,1e-05,4
48953,-3e-05,-0.00012,-0.00036,-0.00035,-0.00031,0.00077,0.00018,1e-05,4
48954,-3e-05,-0.00012,-0.00036,-0.00035,-0.00031,0.00077,0.00018,1e-05,4
48955,-3e-05,-0.00012,-0.00036,-0.00035,-0.00031,0.00077,0.00018,1e-05,4
48956,-3e-05,-0.00012,-0.00036,-0.00035,-0.00031,0.00077,0.00018,1e-05,4
48957,-3e-05,-0.00012,-0.00036,-0.00035,-0.00031,0.00077,0.00018,1e-05,4
48958,-3e-05,-0.00012,-0.00036,-0.00035,-0.00031,0.00077,0.00018,1e-05,4
48959,-3e-05,-0.00012,-0.00036,-0.00035,-0.00031,0.00077,0.00018,1e-05,4
48960,-3e-05,-0.00012,-0.00036,-0.00035,-0.00031,0.00077,0.00018,1e-05,4
48961,-3e-05,-0.00012,-0.00036,-0.00035,-0.00031,0.00077,0.00018,1e-05,4
48962,-3e-05,-0.00012,-0.00036,-0.00035,-0.00031,0.00077,0.00018,1e-05,4
48963,-3e-05,-3e-05,-7e-05,-0.00086,-0.00064,-0.0005,-3e-05,-5e-05,4
48964,-3e-05,-3e-05,-7e-05,-0.00086,-0.00064,-0.0005,-3e-05,-5e-05,4
48965,5e-05,0.00013,0.00027,-0.00014,-0.00064,-0.00038,-9e-05,3e-05,4
48966,5e-05,0.00013,0.00027,-0.00014,-0.00064,-0.00038,-9e-05,3e-05,4
48967,5e-05,0.00013,0.00027,-0.00014,-0.00064,-0.00038,-9e-05,3e-05,4
48968,5e-05,0.00013,0.00027,-0.00014,-0.00064,-0.00038,-9e-05,3e-05,4
48969,5e-05,0.00013,0.00027,-0.00014,-0.00064,-0.00038,-9e-05,3e-05,4
48970,5e-05,0.00013,0.00027,-0.00014,-0.00064,-0.00038,-9e-05,3e-05,4
48971,5e-05,0.00013,0.00027,-0.00014,-0.00064,-0.00038,-9e-05,3e-05,4
48972,5e-05,0.00013,0.00027,-0.00014,-0.00064,-0.00038,-9e-05,3e-05,4
48973,5e-05,0.00013,0.00027,-0.00014,-0.00064,-0.00038,-9e-05,3e-05,4
48974,5e-05,0.00013,0.00027,-0.00014,-0.00064,-0.00038,-9e-05,3e-05,4
48976,5e-05,0.00013,0.00027,-0.00014,-0.00064,-0.00038,-9e-05,3e-05,4
48977,5e-05,0.00013,0.00027,-0.00014,-0.00064,-0.00038,-9e-05,3e-05,4
48978,-7e-05,-8e-05,-0.00016,-9e-05,-7e-05,-0.00043,-4e-05,-7e-05,4
48979,-7e-05,-8e-05,-0.00016,-9e-05,-7e-05,-0.00043,-4e-05,-7e-05,4
48980,-7e-05,-8e-05,-0.00016,-9e-05,-7e-05,-0.00043,-4e-05,-7e-05,4
48981,-7e-05,-8e-05,-0.00016,-9e-05,-7e-05,-0.00043,-4e-05,-7e-05,4
48982,-7e-05,-8e-05,-0.00016,-9e-05,-7e-05,-0.00043,-4e-05,-7e-05,4
48983,-7e-05,-8e-05,-0.00016,-9e-05,-7e-05,-0.00043,-4e-05,-7e-05,4
48984,-7e-05,-8e-05,-0.00016,-9e-05,-7e-05,-0.00043,-4e-05,-7e-05,4
48985,-7e-05,-8e-05,-0.00016,-9e-05,-7e-05,-0.00043,-4e-05,-7e-05,4
48986,-7e-05,-8e-05,-0.00016,-9e-05,-7e-05,-0.00043,-4e-05,-7e-05,4
48988,-7e-05,-8e-05,-0.00016,-9e-05,-7e-05,-0.00043,-4e-05,-7e-05,4
48989,-7e-05,-8e-05,-0.00016,-9e-05,-7e-05,-0.00043,-4e-05,-7e-05,4
48990,-7e-05,-8e-05,-0.00016,-9e-05,-7e-05,-0.00043,-4e-05,-7e-05,4
48991,-7e-05,-8e-05,-0.00016,-9e-05,-7e-05,-0.00043,-4e-05,-7e-05,4
48992,-6e-05,-5e-05,0.0,-0.00025,-0.00043,-0.00081,-8e-05,-3e-05,4
48993,-6e-05,-5e-05,0.0,-0.00025,-0.00043,-0.00081,-8e-05,-3e-05,4
48994,-6e-05,-5e-05,0.0,-0.00025,-0.00043,-0.00081,-8e-05,-3e-05,4
48995,-6e-05,-5e-05,0.0,-0.00025,-0.00043,-0.00081,-8e-05,-3e-05,4
48996,-6e-05,-5e-05,0.0,-0.00025,-0.00043,-0.00081,-8e-05,-3e-05,4
48997,-6e-05,-5e-05,0.0,-0.00025,-0.00043,-0.00081,-8e-05,-3e-05,4
48998,-6e-05,-5e-05,0.0,-0.00025,-0.00043,-0.00081,-8e-05,-3e-05,4
48999,-6e-05,-5e-05,0.0,-0.00025,-0.00043,-0.00081,-8e-05,-3e-05,4
49000,7e-05,9e-05,9e-05,-0.00016,-0.00015,0.00022,0.00025,0.00011,4
49001,1e-05,2e-05,4e-05,0.00044,0.00106,0.00017,-7e-05,-6e-05,4
49002,-3e-05,-3e-05,1e-05,0.00018,0.00043,-0.00024,-2e-05,-3e-05,4
49003,-3e-05,-3e-05,1e-05,0.00018,0.00043,-0.00024,-2e-05,-3e-05,4
49004,-3e-05,-3e-05,1e-05,0.00018,0.00043,-0.00024,-2e-05,-3e-05,4
49005,-3e-05,-3e-05,1e-05,0.00018,0.00043,-0.00024,-2e-05,-3e-05,4
49006,-3e-05,-3e-05,1e-05,0.00018,0.00043,-0.00024,-2e-05,-3e-05,4
49007,-3e-05,-3e-05,1e-05,0.00018,0.00043,-0.00024,-2e-05,-3e-05,4
49008,-3e-05,-3e-05,1e-05,0.00018,0.00043,-0.00024,-2e-05,-3e-05,4
49009,-3e-05,-3e-05,1e-05,0.00018,0.00043,-0.00024,-2e-05,-3e-05,4
49010,-3e-05,-3e-05,1e-05,0.00018,0.00043,-0.00024,-2e-05,-3e-05,4
49011,-3e-05,-3e-05,1e-05,0.00018,0.00043,-0.00024,-2e-05,-3e-05,4
49012,-3e-05,-3e-05,1e-05,0.00018,0.00043,-0.00024,-2e-05,-3e-05,4
49013,-3e-05,-3e-05,1e-05,0.00018,0.00043,-0.00024,-2e-05,-3e-05,4
49014,-3e-05,-3e-05,1e-05,0.00018,0.00043,-0.00024,-2e-05,-3e-05,4
49015,-3e-05,-3e-05,1e-05,0.00018,0.00043,-0.00024,-2e-05,-3e-05,4
49016,-3e-05,-3e-05,1e-05,0.00018,0.00043,-0.00024,-2e-05,-3e-05,4
49017,-3e-05,-3e-05,1e-05,0.00018,0.00043,-0.00024,-2e-05,-3e-05,4
49018,-3e-05,-3e-05,1e-05,0.00018,0.00043,-0.00024,-2e-05,-3e-05,4
49019,-3e-05,-3e-05,1e-05,0.00018,0.00043,-0.00024,-2e-05,-3e-05,4
49020,-3e-05,-3e-05,1e-05,0.00018,0.00043,-0.00024,-2e-05,-3e-05,4
49021,-3e-05,-3e-05,1e-05,0.00018,0.00043,-0.00024,-2e-05,-3e-05,4
49022,-3e-05,-3e-05,1e-05,0.00018,0.00043,-0.00024,-2e-05,-3e-05,4
49023,0.00015,0.00026,0.00042,0.00092,0.00106,0.00063,0.0003,0.00016,4
49024,0.00015,0.00026,0.00042,0.00092,0.00106,0.00063,0.0003,0.00016,4
49025,-0.00012,-0.00018,-0.00034,-0.00043,-0.001,-0.00014,-0.00028,-0.00014,4
49026,-0.00012,-0.00018,-0.00034,-0.00043,-0.001,-0.00014,-0.00028,-0.00014,4
49027,-0.00012,-0.00018,-0.00034,-0.00043,-0.001,-0.00014,-0.00028,-0.00014,4
49028,-0.00012,-0.00018,-0.00034,-0.00043,-0.001,-0.00014,-0.00028,-0.00014,4
49029,-0.00012,-0.00018,-0.00034,-0.00043,-0.001,-0.00014,-0.00028,-0.00014,4
49030,-0.00012,-0.00018,-0.00034,-0.00043,-0.001,-0.00014,-0.00028,-0.00014,4
49031,-0.00012,-0.00018,-0.00034,-0.00043,-0.001,-0.00014,-0.00028,-0.00014,4
49032,-0.00012,-0.00018,-0.00034,-0.00043,-0.001,-0.00014,-0.00028,-0.00014,4
49033,-0.00012,-0.00018,-0.00034,-0.00043,-0.001,-0.00014,-0.00028,-0.00014,4
49034,-0.00012,-0.00018,-0.00034,-0.00043,-0.001,-0.00014,-0.00028,-0.00014,4
49035,-0.00012,-0.00018,-0.00034,-0.00043,-0.001,-0.00014,-0.00028,-0.00014,4
49036,-0.00012,-0.00018,-0.00034,-0.00043,-0.001,-0.00014,-0.00028,-0.00014,4
49038,2e-05,2e-05,-8e-05,0.00034,0.00031,0.00011,8e-05,5e-05,4
49039,-4e-05,-9e-05,-7e-05,0.00018,0.00065,0.0006,-2e-05,-1e-05,4
49040,0.0001,0.00017,0.00035,0.00017,-0.00036,0.00051,0.0002,0.00013,4
49041,0.0001,0.00017,0.00035,0.00017,-0.00036,0.00051,0.0002,0.00013,4
49042,0.0001,0.00017,0.00035,0.00017,-0.00036,0.00051,0.0002,0.00013,4
49043,0.0001,0.00017,0.00035,0.00017,-0.00036,0.00051,0.0002,0.00013,4
49044,0.0001,0.00017,0.00035,0.00017,-0.00036,0.00051,0.0002,0.00013,4
49045,0.0001,0.00017,0.00035,0.00017,-0.00036,0.00051,0.0002,0.00013,4
49046,0.0001,0.00017,0.00035,0.00017,-0.00036,0.00051,0.0002,0.00013,4
49047,0.0001,0.00017,0.00035,0.00017,-0.00036,0.00051,0.0002,0.00013,4
49048,0.0001,0.00017,0.00035,0.00017,-0.00036,0.00051,0.0002,0.00013,4
49049,0.0001,0.00017,0.00035,0.00017,-0.00036,0.00051,0.0002,0.00013,4
49050,0.0001,0.00017,0.00035,0.00017,-0.00036,0.00051,0.0002,0.00013,4
49051,0.0001,0.00017,0.00035,0.00017,-0.00036,0.00051,0.0002,0.00013,4
49052,0.0001,0.00017,0.00035,0.00017,-0.00036,0.00051,0.0002,0.00013,4
49053,0.0001,0.00017,0.00035,0.00017,-0.00036,0.00051,0.0002,0.00013,4
49054,0.0001,0.00017,0.00035,0.00017,-0.00036,0.00051,0.0002,0.00013,4
49055,0.0001,0.00017,0.00035,0.00017,-0.00036,0.00051,0.0002,0.00013,4
49056,0.0001,0.00017,0.00035,0.00017,-0.00036,0.00051,0.0002,0.00013,4
49057,0.0001,0.00017,0.00035,0.00017,-0.00036,0.00051,0.0002,0.00013,4
49058,0.0001,0.00017,0.00035,0.00017,-0.00036,0.00051,0.0002,0.00013,4
49059,0.0001,0.00017,0.00035,0.00017,-0.00036,0.00051,0.0002,0.00013,4
49060,0.0001,0.00017,0.00035,0.00017,-0.00036,0.00051,0.0002,0.00013,4
49061,-5e-05,-8e-05,-9e-05,-0.00056,-6e-05,-0.00027,-3e-05,-2e-05,4
49062,1e-05,-4e-05,-4e-05,0.00017,0.00035,0.00018,1e-05,0.0,4
49063,-0.00011,-0.00019,-0.00034,-0.0004,0.00076,-0.00046,-0.00016,-0.00011,4
49064,-0.00011,-0.00019,-0.00034,-0.0004,0.00076,-0.00046,-0.00016,-0.00011,4
49065,-0.00011,-0.00019,-0.00034,-0.0004,0.00076,-0.00046,-0.00016,-0.00011,4
49066,-0.00011,-0.00019,-0.00034,-0.0004,0.00076,-0.00046,-0.00016,-0.00011,4
49067,-0.00011,-0.00019,-0.00034,-0.0004,0.00076,-0.00046,-0.00016,-0.00011,4
49068,-0.00011,-0.00019,-0.00034,-0.0004,0.00076,-0.00046,-0.00016,-0.00011,4
49069,-0.00011,-0.00019,-0.00034,-0.0004,0.00076,-0.00046,-0.00016,-0.00011,4
49070,-0.00011,-0.00019,-0.00034,-0.0004,0.00076,-0.00046,-0.00016,-0.00011,4
49071,-0.00011,-0.00019,-0.00034,-0.0004,0.00076,-0.00046,-0.00016,-0.00011,4
49072,-0.00011,-0.00019,-0.00034,-0.0004,0.00076,-0.00046,-0.00016,-0.00011,4
49073,-0.00011,-0.00019,-0.00034,-0.0004,0.00076,-0.00046,-0.00016,-0.00011,4
49074,-0.00011,-0.00019,-0.00034,-0.0004,0.00076,-0.00046,-0.00016,-0.00011,4
49075,-0.00011,-0.00019,-0.00034,-0.0004,0.00076,-0.00046,-0.00016,-0.00011,4
49076,-0.00011,-0.00019,-0.00034,-0.0004,0.00076,-0.00046,-0.00016,-0.00011,4
49077,-0.00011,-0.00019,-0.00034,-0.0004,0.00076,-0.00046,-0.00016,-0.00011,4
49078,-0.00011,-0.00019,-0.00034,-0.0004,0.00076,-0.00046,-0.00016,-0.00011,4
49079,-0.00011,-0.00019,-0.00034,-0.0004,0.00076,-0.00046,-0.00016,-0.00011,4
49080,-0.00011,-0.00019,-0.00034,-0.0004,0.00076,-0.00046,-0.00016,-0.00011,4
49081,-0.00011,-0.00019,-0.00034,-0.0004,0.00076,-0.00046,-0.00016,-0.00011,4
49082,-0.00011,-0.00019,-0.00034,-0.0004,0.00076,-0.00046,-0.00016,-0.00011,4
49083,5e-05,9e-05,0.00011,0.00039,0.00026,-0.00018,0.00012,7e-05,4
49084,5e-05,9e-05,0.00011,0.00039,0.00026,-0.00018,0.00012,7e-05,4
49085,-5e-05,-0.0001,-0.00012,7e-05,0.00044,-0.00042,0.0,-6e-05,4
49086,-5e-05,-0.0001,-0.00012,7e-05,0.00044,-0.00042,0.0,-6e-05,4
49088,-5e-05,-0.0001,-0.00012,7e-05,0.00044,-0.00042,0.0,-6e-05,4
49089,-5e-05,-0.0001,-0.00012,7e-05,0.00044,-0.00042,0.0,-6e-05,4
49090,-5e-05,-0.0001,-0.00012,7e-05,0.00044,-0.00042,0.0,-6e-05,4
49091,-5e-05,-0.0001,-0.00012,7e-05,0.00044,-0.00042,0.0,-6e-05,4
49092,-5e-05,-0.0001,-0.00012,7e-05,0.00044,-0.00042,0.0,-6e-05,4
49093,-5e-05,-0.0001,-0.00012,7e-05,0.00044,-0.00042,0.0,-6e-05,4
49094,-5e-05,-0.0001,-0.00012,7e-05,0.00044,-0.00042,0.0,-6e-05,4
49095,-5e-05,-0.0001,-0.00012,7e-05,0.00044,-0.00042,0.0,-6e-05,4
49096,-5e-05,-0.0001,-0.00012,7e-05,0.00044,-0.00042,0.0,-6e-05,4
49097,-5e-05,-0.0001,-0.00012,7e-05,0.00044,-0.00042,0.0,-6e-05,4
49098,-3e-05,-6e-05,-0.00012,-0.00038,-0.00117,0.00033,0.0,-3e-05,4
49099,-3e-05,-6e-05,-0.00012,-0.00038,-0.00117,0.00033,0.0,-3e-05,4
49100,-3e-05,-6e-05,-0.00012,-0.00038,-0.00117,0.00033,0.0,-3e-05,4
49101,-3e-05,-6e-05,-0.00012,-0.00038,-0.00117,0.00033,0.0,-3e-05,4
49102,-3e-05,-6e-05,-0.00012,-0.00038,-0.00117,0.00033,0.0,-3e-05,4
49103,-3e-05,-6e-05,-0.00012,-0.00038,-0.00117,0.00033,0.0,-3e-05,4
49104,-3e-05,-6e-05,-0.00012,-0.00038,-0.00117,0.00033,0.0,-3e-05,4
49105,-3e-05,-6e-05,-0.00012,-0.00038,-0.00117,0.00033,0.0,-3e-05,4
49106,-3e-05,-6e-05,-0.00012,-0.00038,-0.00117,0.00033,0.0,-3e-05,4
49107,-3e-05,-6e-05,-0.00012,-0.00038,-0.00117,0.00033,0.0,-3e-05,4
49108,-3e-05,-6e-05,-0.00012,-0.00038,-0.00117,0.00033,0.0,-3e-05,4
49109,-3e-05,-6e-05,-0.00012,-0.00038,-0.00117,0.00033,0.0,-3e-05,4
49110,-3e-05,-6e-05,-0.00012,-0.00038,-0.00117,0.00033,0.0,-3e-05,4
49111,-3e-05,-6e-05,-0.00012,-0.00038,-0.00117,0.00033,0.0,-3e-05,4
49112,5e-05,6e-05,7e-05,6e-05,0.00013,0.00065,8e-05,5e-05,4
49113,5e-05,6e-05,7e-05,6e-05,0.00013,0.00065,8e-05,5e-05,4
49114,5e-05,6e-05,7e-05,6e-05,0.00013,0.00065,8e-05,5e-05,4
49115,5e-05,6e-05,7e-05,6e-05,0.00013,0.00065,8e-05,5e-05,4
49116,5e-05,6e-05,7e-05,6e-05,0.00013,0.00065,8e-05,5e-05,4
49117,5e-05,6e-05,7e-05,6e-05,0.00013,0.00065,8e-05,5e-05,4
49118,5e-05,6e-05,7e-05,6e-05,0.00013,0.00065,8e-05,5e-05,4
49119,5e-05,6e-05,7e-05,6e-05,0.00013,0.00065,8e-05,5e-05,4
49120,5e-05,6e-05,7e-05,6e-05,0.00013,0.00065,8e-05,5e-05,4
49121,-5e-05,-0.0001,-0.00014,-0.00024,-0.00031,3e-05,-0.00011,-8e-05,4
49122,4e-05,7e-05,0.00017,7e-05,0.00046,-0.00018,-1e-05,0.0,4
49123,4e-05,7e-05,0.00017,7e-05,0.00046,-0.00018,-1e-05,0.0,4
49124,4e-05,7e-05,0.00017,7e-05,0.00046,-0.00018,-1e-05,0.0,4
49125,4e-05,7e-05,0.00017,7e-05,0.00046,-0.00018,-1e-05,0.0,4
49126,4e-05,7e-05,0.00017,7e-05,0.00046,-0.00018,-1e-05,0.0,4
49127,4e-05,7e-05,0.00017,7e-05,0.00046,-0.00018,-1e-05,0.0,4
49128,4e-05,7e-05,0.00017,7e-05,0.00046,-0.00018,-1e-05,0.0,4
49129,4e-05,7e-05,0.00017,7e-05,0.00046,-0.00018,-1e-05,0.0,4
49130,4e-05,7e-05,0.00017,7e-05,0.00046,-0.00018,-1e-05,0.0,4
49131,4e-05,7e-05,0.00017,7e-05,0.00046,-0.00018,-1e-05,0.0,4
49132,4e-05,7e-05,0.00017,7e-05,0.00046,-0.00018,-1e-05,0.0,4
49133,4e-05,7e-05,0.00017,7e-05,0.00046,-0.00018,-1e-05,0.0,4
49134,4e-05,7e-05,0.00017,7e-05,0.00046,-0.00018,-1e-05,0.0,4
49135,4e-05,7e-05,0.00017,7e-05,0.00046,-0.00018,-1e-05,0.0,4
49136,4e-05,7e-05,0.00017,7e-05,0.00046,-0.00018,-1e-05,0.0,4
49138,4e-05,7e-05,0.00017,7e-05,0.00046,-0.00018,-1e-05,0.0,4
49139,4e-05,7e-05,0.00017,7e-05,0.00046,-0.00018,-1e-05,0.0,4
49140,4e-05,7e-05,0.00017,7e-05,0.00046,-0.00018,-1e-05,0.0,4
49141,4e-05,7e-05,0.00017,7e-05,0.00046,-0.00018,-1e-05,0.0,4
49142,4e-05,7e-05,0.00017,7e-05,0.00046,-0.00018,-1e-05,0.0,4
49143,4e-05,7e-05,0.00017,7e-05,0.00046,-0.00018,-1e-05,0.0,4
49144,-7e-05,-0.00013,-0.00024,3e-05,0.00077,0.0006,-5e-05,-4e-05,4
49145,0.0002,0.00032,0.00061,0.00109,0.00051,0.00059,0.00023,0.0002,4
49146,0.0002,0.00032,0.00061,0.00109,0.00051,0.00059,0.00023,0.0002,4
49147,0.0002,0.00032,0.00061,0.00109,0.00051,0.00059,0.00023,0.0002,4
49148,0.0002,0.00032,0.00061,0.00109,0.00051,0.00059,0.00023,0.0002,4
49149,0.0002,0.00032,0.00061,0.00109,0.00051,0.00059,0.00023,0.0002,4
49150,0.0002,0.00032,0.00061,0.00109,0.00051,0.00059,0.00023,0.0002,4
49151,0.0002,0.00032,0.00061,0.00109,0.00051,0.00059,0.00023,0.0002,4
49152,0.0002,0.00032,0.00061,0.00109,0.00051,0.00059,0.00023,0.0002,4
49153,0.0002,0.00032,0.00061,0.00109,0.00051,0.00059,0.00023,0.0002,4
49154,0.0002,0.00032,0.00061,0.00109,0.00051,0.00059,0.00023,0.0002,4
49155,0.0002,0.00032,0.00061,0.00109,0.00051,0.00059,0.00023,0.0002,4
49156,0.0002,0.00032,0.00061,0.00109,0.00051,0.00059,0.00023,0.0002,4
49157,-4e-05,-7e-05,-0.00016,0.00036,0.00061,0.00028,0.00013,0.0,4
49158,-3e-05,-3e-05,-3e-05,-0.0001,-0.00126,-0.0009,-0.00026,-5e-05,4
49159,-3e-05,-3e-05,-3e-05,-0.0001,-0.00126,-0.0009,-0.00026,-5e-05,4
49160,-3e-05,-3e-05,-3e-05,-0.0001,-0.00126,-0.0009,-0.00026,-5e-05,4
49161,-3e-05,-3e-05,-3e-05,-0.0001,-0.00126,-0.0009,-0.00026,-5e-05,4
49162,-3e-05,-3e-05,-3e-05,-0.0001,-0.00126,-0.0009,-0.00026,-5e-05,4
49163,-3e-05,-3e-05,-3e-05,-0.0001,-0.00126,-0.0009,-0.00026,-5e-05,4
49164,3e-05,2e-05,-0.00019,0.00012,-0.00107,0.00087,0.00034,6e-05,4
49165,3e-05,2e-05,-0.00019,0.00012,-0.00107,0.00087,0.00034,6e-05,4
49166,3e-05,2e-05,-0.00019,0.00012,-0.00107,0.00087,0.00034,6e-05,4
49167,3e-05,2e-05,-0.00019,0.00012,-0.00107,0.00087,0.00034,6e-05,4
49168,3e-05,2e-05,-0.00019,0.00012,-0.00107,0.00087,0.00034,6e-05,4
49169,3e-05,2e-05,-0.00019,0.00012,-0.00107,0.00087,0.00034,6e-05,4
49170,3e-05,2e-05,-0.00019,0.00012,-0.00107,0.00087,0.00034,6e-05,4
49171,3e-05,2e-05,-0.00019,0.00012,-0.00107,0.00087,0.00034,6e-05,4
49172,3e-05,2e-05,-0.00019,0.00012,-0.00107,0.00087,0.00034,6e-05,4
49173,3e-05,2e-05,-0.00019,0.00012,-0.00107,0.00087,0.00034,6e-05,4
49174,3e-05,2e-05,-0.00019,0.00012,-0.00107,0.00087,0.00034,6e-05,4
49175,3e-05,2e-05,-0.00019,0.00012,-0.00107,0.00087,0.00034,6e-05,4
49176,3e-05,2e-05,-0.00019,0.00012,-0.00107,0.00087,0.00034,6e-05,4
49177,3e-05,2e-05,-0.00019,0.00012,-0.00107,0.00087,0.00034,6e-05,4
49178,3e-05,2e-05,-0.00019,0.00012,-0.00107,0.00087,0.00034,6e-05,4
49179,3e-05,2e-05,-0.00019,0.00012,-0.00107,0.00087,0.00034,6e-05,4
49180,3e-05,2e-05,-0.00019,0.00012,-0.00107,0.00087,0.00034,6e-05,4
49181,0.0001,0.00022,0.00044,0.00018,6e-05,0.00013,0.00013,0.0001,4
49182,0.0001,0.00022,0.00044,0.00018,6e-05,0.00013,0.00013,0.0001,4
49183,-7e-05,-0.0001,-0.00022,-0.00085,-0.00109,-0.00123,-0.00029,-0.00012,4
49184,-7e-05,-0.0001,-0.00022,-0.00085,-0.00109,-0.00123,-0.00029,-0.00012,4
49185,-7e-05,-0.0001,-0.00022,-0.00085,-0.00109,-0.00123,-0.00029,-0.00012,4
49186,-7e-05,-0.0001,-0.00022,-0.00085,-0.00109,-0.00123,-0.00029,-0.00012,4
49188,-7e-05,-0.0001,-0.00022,-0.00085,-0.00109,-0.00123,-0.00029,-0.00012,4
49189,-7e-05,-0.0001,-0.00022,-0.00085,-0.00109,-0.00123,-0.00029,-0.00012,4
49190,-7e-05,-0.0001,-0.00022,-0.00085,-0.00109,-0.00123,-0.00029,-0.00012,4
49191,-7e-05,-0.0001,-0.00022,-0.00085,-0.00109,-0.00123,-0.00029,-0.00012,4
49192,-7e-05,-0.0001,-0.00022,-0.00085,-0.00109,-0.00123,-0.00029,-0.00012,4
49193,-7e-05,-0.0001,-0.00022,-0.00085,-0.00109,-0.00123,-0.00029,-0.00012,4
49194,-7e-05,-0.0001,-0.00022,-0.00085,-0.00109,-0.00123,-0.00029,-0.00012,4
49195,-7e-05,-0.0001,-0.00022,-0.00085,-0.00109,-0.00123,-0.00029,-0.00012,4
49196,-7e-05,-0.0001,-0.00022,-0.00085,-0.00109,-0.00123,-0.00029,-0.00012,4
49197,-7e-05,-0.0001,-0.00022,-0.00085,-0.00109,-0.00123,-0.00029,-0.00012,4
49198,-7e-05,-0.0001,-0.00022,-0.00085,-0.00109,-0.00123,-0.00029,-0.00012,4
49199,-7e-05,-0.0001,-0.00022,-0.00085,-0.00109,-0.00123,-0.00029,-0.00012,4
49200,-7e-05,-0.0001,-0.00022,-0.00085,-0.00109,-0.00123,-0.00029,-0.00012,4
49201,-7e-05,-0.0001,-0.00022,-0.00085,-0.00109,-0.00123,-0.00029,-0.00012,4
49202,-7e-05,-0.0001,-0.00022,-0.00085,-0.00109,-0.00123,-0.00029,-0.00012,4
49203,3e-05,8e-05,0.00023,0.00029,9e-05,-0.00025,-6e-05,0.0,4
49204,3e-05,8e-05,0.00023,0.00029,9e-05,-0.00025,-6e-05,0.0,4
49205,-0.00011,-0.00017,-0.00019,-0.00042,-0.00114,2e-05,-0.00016,-0.00012,4
49206,-0.00011,-0.00017,-0.00019,-0.00042,-0.00114,2e-05,-0.00016,-0.00012,4
49207,-0.00011,-0.00017,-0.00019,-0.00042,-0.00114,2e-05,-0.00016,-0.00012,4
49208,-0.00011,-0.00017,-0.00019,-0.00042,-0.00114,2e-05,-0.00016,-0.00012,4
49209,-0.00011,-0.00017,-0.00019,-0.00042,-0.00114,2e-05,-0.00016,-0.00012,4
49210,-0.00011,-0.00017,-0.00019,-0.00042,-0.00114,2e-05,-0.00016,-0.00012,4
49211,-0.00011,-0.00017,-0.00019,-0.00042,-0.00114,2e-05,-0.00016,-0.00012,4
49212,-0.00011,-0.00017,-0.00019,-0.00042,-0.00114,2e-05,-0.00016,-0.00012,4
49213,-0.00011,-0.00017,-0.00019,-0.00042,-0.00114,2e-05,-0.00016,-0.00012,4
49214,-0.00011,-0.00017,-0.00019,-0.00042,-0.00114,2e-05,-0.00016,-0.00012,4
49215,-0.00011,-0.00017,-0.00019,-0.00042,-0.00114,2e-05,-0.00016,-0.00012,4
49216,-0.00011,-0.00017,-0.00019,-0.00042,-0.00114,2e-05,-0.00016,-0.00012,4
49217,-5e-05,-0.00013,-0.00018,0.00022,0.0008,-0.00041,-7e-05,-4e-05,4
49218,-5e-05,-0.00013,-0.00018,0.00022,0.0008,-0.00041,-7e-05,-4e-05,4
49219,-5e-05,-0.00013,-0.00018,0.00022,0.0008,-0.00041,-7e-05,-4e-05,4
49220,-5e-05,-0.00013,-0.00018,0.00022,0.0008,-0.00041,-7e-05,-4e-05,4
49221,-5e-05,-0.00013,-0.00018,0.00022,0.0008,-0.00041,-7e-05,-4e-05,4
49222,-5e-05,-0.00013,-0.00018,0.00022,0.0008,-0.00041,-7e-05,-4e-05,4
49223,-5e-05,-0.00013,-0.00018,0.00022,0.0008,-0.00041,-7e-05,-4e-05,4
49224,-5e-05,-0.00013,-0.00018,0.00022,0.0008,-0.00041,-7e-05,-4e-05,4
49225,-5e-05,-0.00013,-0.00018,0.00022,0.0008,-0.00041,-7e-05,-4e-05,4
49226,-5e-05,-0.00013,-0.00018,0.00022,0.0008,-0.00041,-7e-05,-4e-05,4
49227,-5e-05,-0.00013,-0.00018,0.00022,0.0008,-0.00041,-7e-05,-4e-05,4
49228,-5e-05,-0.00013,-0.00018,0.00022,0.0008,-0.00041,-7e-05,-4e-05,4
49229,-5e-05,-0.00013,-0.00018,0.00022,0.0008,-0.00041,-7e-05,-4e-05,4
49230,-5e-05,-0.00013,-0.00018,0.00022,0.0008,-0.00041,-7e-05,-4e-05,4
49231,-5e-05,-0.00013,-0.00018,0.00022,0.0008,-0.00041,-7e-05,-4e-05,4
49232,0.00011,0.00018,0.00032,0.00092,0.00118,0.00099,0.00024,0.00013,4
49233,0.00011,0.00018,0.00032,0.00092,0.00118,0.00099,0.00024,0.00013,4
49234,0.00011,0.00018,0.00032,0.00092,0.00118,0.00099,0.00024,0.00013,4
49235,0.00011,0.00018,0.00032,0.00092,0.00118,0.00099,0.00024,0.00013,4
49236,0.00011,0.00018,0.00032,0.00092,0.00118,0.00099,0.00024,0.00013,4
49238,0.00011,0.00018,0.00032,0.00092,0.00118,0.00099,0.00024,0.00013,4
49239,0.00011,0.00018,0.00032,0.00092,0.00118,0.00099,0.00024,0.00013,4
49240,0.00011,0.00018,0.00032,0.00092,0.00118,0.00099,0.00024,0.00013,4
49241,-7e-05,-0.00013,-0.00021,-0.00082,-0.00109,-0.00088,-0.00026,-0.00013,4
49242,-0.0001,-0.00011,-0.00023,-0.00126,-0.00116,0.0002,-0.00031,-0.00011,4
49243,-0.0001,-0.00011,-0.00023,-0.00126,-0.00116,0.0002,-0.00031,-0.00011,4
49244,-0.0001,-0.00011,-0.00023,-0.00126,-0.00116,0.0002,-0.00031,-0.00011,4
49245,-0.0001,-0.00011,-0.00023,-0.00126,-0.00116,0.0002,-0.00031,-0.00011,4
49246,-0.0001,-0.00011,-0.00023,-0.00126,-0.00116,0.0002,-0.00031,-0.00011,4
49247,-0.0001,-0.00011,-0.00023,-0.00126,-0.00116,0.0002,-0.00031,-0.00011,4
49248,-0.0001,-0.00011,-0.00023,-0.00126,-0.00116,0.0002,-0.00031,-0.00011,4
49249,-0.0001,-0.00011,-0.00023,-0.00126,-0.00116,0.0002,-0.00031,-0.00011,4
49250,-0.0001,-0.00011,-0.00023,-0.00126,-0.00116,0.0002,-0.00031,-0.00011,4
49251,-0.0001,-0.00011,-0.00023,-0.00126,-0.00116,0.0002,-0.00031,-0.00011,4
49252,-0.0001,-0.00011,-0.00023,-0.00126,-0.00116,0.0002,-0.00031,-0.00011,4
49253,-0.0001,-0.00011,-0.00023,-0.00126,-0.00116,0.0002,-0.00031,-0.00011,4
49254,-0.0001,-0.00011,-0.00023,-0.00126,-0.00116,0.0002,-0.00031,-0.00011,4
49255,-0.0001,-0.00011,-0.00023,-0.00126,-0.00116,0.0002,-0.00031,-0.00011,4
49256,-0.0001,-0.00011,-0.00023,-0.00126,-0.00116,0.0002,-0.00031,-0.00011,4
49257,-0.0001,-0.00011,-0.00023,-0.00126,-0.00116,0.0002,-0.00031,-0.00011,4
49258,-0.0001,-0.00011,-0.00023,-0.00126,-0.00116,0.0002,-0.00031,-0.00011,4
49259,-0.0001,-0.00011,-0.00023,-0.00126,-0.00116,0.0002,-0.00031,-0.00011,4
49260,-0.0001,-0.00011,-0.00023,-0.00126,-0.00116,0.0002,-0.00031,-0.00011,4
49261,-0.0001,-0.00011,-0.00023,-0.00126,-0.00116,0.0002,-0.00031,-0.00011,4
49262,-0.0001,-0.00011,-0.00023,-0.00126,-0.00116,0.0002,-0.00031,-0.00011,4
49263,-3e-05,1e-05,3e-05,-0.00025,-0.00076,-0.00026,-0.00019,-3e-05,4
49264,-3e-05,1e-05,3e-05,-0.00025,-0.00076,-0.00026,-0.00019,-3e-05,4
49265,0.00014,0.00021,0.0003,-0.00023,-0.00043,3e-05,0.00017,0.00013,4
49266,0.00014,0.00021,0.0003,-0.00023,-0.00043,3e-05,0.00017,0.00013,4
49267,0.00014,0.00021,0.0003,-0.00023,-0.00043,3e-05,0.00017,0.00013,4
49268,0.00014,0.00021,0.0003,-0.00023,-0.00043,3e-05,0.00017,0.00013,4
49269,0.00014,0.00021,0.0003,-0.00023,-0.00043,3e-05,0.00017,0.00013,4
49270,0.00014,0.00021,0.0003,-0.00023,-0.00043,3e-05,0.00017,0.00013,4
49271,0.00014,0.00021,0.0003,-0.00023,-0.00043,3e-05,0.00017,0.00013,4
49272,0.00014,0.00021,0.0003,-0.00023,-0.00043,3e-05,0.00017,0.00013,4
49273,0.00014,0.00021,0.0003,-0.00023,-0.00043,3e-05,0.00017,0.00013,4
49274,0.00014,0.00021,0.0003,-0.00023,-0.00043,3e-05,0.00017,0.00013,4
49275,0.00014,0.00021,0.0003,-0.00023,-0.00043,3e-05,0.00017,0.00013,4
49276,0.00014,0.00021,0.0003,-0.00023,-0.00043,3e-05,0.00017,0.00013,4
49277,-2e-05,-2e-05,7e-05,-0.0003,-0.00022,0.0007,8e-05,-3e-05,4
49278,-2e-05,-2e-05,7e-05,-0.0003,-0.00022,0.0007,8e-05,-3e-05,4
49279,-2e-05,-2e-05,7e-05,-0.0003,-0.00022,0.0007,8e-05,-3e-05,4
49280,-2e-05,-2e-05,7e-05,-0.0003,-0.00022,0.0007,8e-05,-3e-05,4
49281,-2e-05,-2e-05,7e-05,-0.0003,-0.00022,0.0007,8e-05,-3e-05,4
49282,-2e-05,-2e-05,7e-05,-0.0003,-0.00022,0.0007,8e-05,-3e-05,4
49283,-2e-05,-2e-05,7e-05,-0.0003,-0.00022,0.0007,8e-05,-3e-05,4
49284,-1e-05,-3e-05,-1e-05,0.00016,9e-05,0.00011,0.0,-1e-05,4
49285,-1e-05,-3e-05,-1e-05,0.00016,9e-05,0.00011,0.0,-1e-05,4
49286,-1e-05,-3e-05,-1e-05,0.00016,9e-05,0.00011,0.0,-1e-05,4
49288,-1e-05,-3e-05,-1e-05,0.00016,9e-05,0.00011,0.0,-1e-05,4
49289,-1e-05,-3e-05,-1e-05,0.00016,9e-05,0.00011,0.0,-1e-05,4
49290,-1e-05,-3e-05,-1e-05,0.00016,9e-05,0.00011,0.0,-1e-05,4
49291,-1e-05,-3e-05,-1e-05,0.00016,9e-05,0.00011,0.0,-1e-05,4
49292,-1e-05,-3e-05,-1e-05,0.00016,9e-05,0.00011,0.0,-1e-05,4
49293,-1e-05,-3e-05,-1e-05,0.00016,9e-05,0.00011,0.0,-1e-05,4
49294,-1e-05,-3e-05,-1e-05,0.00016,9e-05,0.00011,0.0,-1e-05,4
49295,-1e-05,-3e-05,-1e-05,0.00016,9e-05,0.00011,0.0,-1e-05,4
49296,-1e-05,-3e-05,-1e-05,0.00016,9e-05,0.00011,0.0,-1e-05,4
49297,-1e-05,-3e-05,-1e-05,0.00016,9e-05,0.00011,0.0,-1e-05,4
49298,-1e-05,-3e-05,-1e-05,0.00016,9e-05,0.00011,0.0,-1e-05,4
49299,-1e-05,-3e-05,-1e-05,0.00016,9e-05,0.00011,0.0,-1e-05,4
49300,-9e-05,-0.00017,-0.00029,-0.00034,0.00069,-0.0003,-0.00017,-0.00012,4
49301,6e-05,3e-05,-8e-05,-0.00058,4e-05,0.00032,0.00028,9e-05,4
49302,-7e-05,-0.00014,-0.00019,7e-05,0.00078,0.00034,-8e-05,-9e-05,4
49303,-7e-05,-0.00014,-0.00019,7e-05,0.00078,0.00034,-8e-05,-9e-05,4
49304,-7e-05,-0.00014,-0.00019,7e-05,0.00078,0.00034,-8e-05,-9e-05,4
49305,-7e-05,-0.00014,-0.00019,7e-05,0.00078,0.00034,-8e-05,-9e-05,4
49306,-7e-05,-0.00014,-0.00019,7e-05,0.00078,0.00034,-8e-05,-9e-05,4
49307,-7e-05,-0.00014,-0.00019,7e-05,0.00078,0.00034,-8e-05,-9e-05,4
49308,-7e-05,-0.00014,-0.00019,7e-05,0.00078,0.00034,-8e-05,-9e-05,4
49309,-7e-05,-0.00014,-0.00019,7e-05,0.00078,0.00034,-8e-05,-9e-05,4
49310,-7e-05,-0.00014,-0.00019,7e-05,0.00078,0.00034,-8e-05,-9e-05,4
49311,-7e-05,-0.00014,-0.00019,7e-05,0.00078,0.00034,-8e-05,-9e-05,4
49312,-7e-05,-0.00014,-0.00019,7e-05,0.00078,0.00034,-8e-05,-9e-05,4
49313,-7e-05,-0.00014,-0.00019,7e-05,0.00078,0.00034,-8e-05,-9e-05,4
49314,-7e-05,-0.00014,-0.00019,7e-05,0.00078,0.00034,-8e-05,-9e-05,4
49315,-7e-05,-0.00014,-0.00019,7e-05,0.00078,0.00034,-8e-05,-9e-05,4
49316,-7e-05,-0.00014,-0.00019,7e-05,0.00078,0.00034,-8e-05,-9e-05,4
49317,-7e-05,-0.00014,-0.00019,7e-05,0.00078,0.00034,-8e-05,-9e-05,4
49318,-7e-05,-0.00014,-0.00019,7e-05,0.00078,0.00034,-8e-05,-9e-05,4
49319,-7e-05,-0.00014,-0.00019,7e-05,0.00078,0.00034,-8e-05,-9e-05,4
49320,-7e-05,-0.00014,-0.00019,7e-05,0.00078,0.00034,-8e-05,-9e-05,4
49321,-7e-05,-0.00014,-0.00019,7e-05,0.00078,0.00034,-8e-05,-9e-05,4
49322,-7e-05,-0.00014,-0.00019,7e-05,0.00078,0.00034,-8e-05,-9e-05,4
49323,-4e-05,-3e-05,-6e-05,1e-05,0.00053,0.0002,-2e-05,-3e-05,4
49324,-4e-05,-3e-05,-6e-05,1e-05,0.00053,0.0002,-2e-05,-3e-05,4
49325,-2e-05,-3e-05,-2e-05,0.0,-0.00084,-0.00042,-0.0001,-3e-05,4
49326,-2e-05,-3e-05,-2e-05,0.0,-0.00084,-0.00042,-0.0001,-3e-05,4
49327,-2e-05,-3e-05,-2e-05,0.0,-0.00084,-0.00042,-0.0001,-3e-05,4
49328,-2e-05,-3e-05,-2e-05,0.0,-0.00084,-0.00042,-0.0001,-3e-05,4
49329,-2e-05,-3e-05,-2e-05,0.0,-0.00084,-0.00042,-0.0001,-3e-05,4
49330,-2e-05,-3e-05,-2e-05,0.0,-0.00084,-0.00042,-0.0001,-3e-05,4
49331,-2e-05,-3e-05,-2e-05,0.0,-0.00084,-0.00042,-0.0001,-3e-05,4
49332,-2e-05,-3e-05,-2e-05,0.0,-0.00084,-0.00042,-0.0001,-3e-05,4
49333,-2e-05,-3e-05,-2e-05,0.0,-0.00084,-0.00042,-0.0001,-3e-05,4
49334,-2e-05,-3e-05,-2e-05,0.0,-0.00084,-0.00042,-0.0001,-3e-05,4
49335,-2e-05,-3e-05,-2e-05,0.0,-0.00084,-0.00042,-0.0001,-3e-05,4
49336,-2e-05,-3e-05,-2e-05,0.0,-0.00084,-0.00042,-0.0001,-3e-05,4
49339,3e-05,6e-05,0.00012,0.0004,-0.00044,8e-05,9e-05,4e-05,4
49340,3e-05,6e-05,0.00012,0.0004,-0.00044,8e-05,9e-05,4e-05,4
49341,3e-05,6e-05,0.00012,0.0004,-0.00044,8e-05,9e-05,4e-05,4
49342,3e-05,6e-05,0.00012,0.0004,-0.00044,8e-05,9e-05,4e-05,4
49343,3e-05,6e-05,0.00012,0.0004,-0.00044,8e-05,9e-05,4e-05,4
49344,-9e-05,-0.00013,-0.00025,-0.0004,-0.00098,-0.00019,-0.00013,-8e-05,4
49345,-9e-05,-0.00013,-0.00025,-0.0004,-0.00098,-0.00019,-0.00013,-8e-05,4
49346,-9e-05,-0.00013,-0.00025,-0.0004,-0.00098,-0.00019,-0.00013,-8e-05,4
49347,-9e-05,-0.00013,-0.00025,-0.0004,-0.00098,-0.00019,-0.00013,-8e-05,4
49348,-9e-05,-0.00013,-0.00025,-0.0004,-0.00098,-0.00019,-0.00013,-8e-05,4
49349,-9e-05,-0.00013,-0.00025,-0.0004,-0.00098,-0.00019,-0.00013,-8e-05,4
49350,-9e-05,-0.00013,-0.00025,-0.0004,-0.00098,-0.00019,-0.00013,-8e-05,4
49351,-9e-05,-0.00013,-0.00025,-0.0004,-0.00098,-0.00019,-0.00013,-8e-05,4
49352,-9e-05,-0.00013,-0.00025,-0.0004,-0.00098,-0.00019,-0.00013,-8e-05,4
49353,-9e-05,-0.00013,-0.00025,-0.0004,-0.00098,-0.00019,-0.00013,-8e-05,4
49354,-9e-05,-0.00013,-0.00025,-0.0004,-0.00098,-0.00019,-0.00013,-8e-05,4
49355,-9e-05,-0.00013,-0.00025,-0.0004,-0.00098,-0.00019,-0.00013,-8e-05,4
49356,-9e-05,-0.00013,-0.00025,-0.0004,-0.00098,-0.00019,-0.00013,-8e-05,4
49357,-9e-05,-0.00013,-0.00025,-0.0004,-0.00098,-0.00019,-0.00013,-8e-05,4
49358,-9e-05,-0.00013,-0.00025,-0.0004,-0.00098,-0.00019,-0.00013,-8e-05,4
49359,-9e-05,-0.00013,-0.00025,-0.0004,-0.00098,-0.00019,-0.00013,-8e-05,4
49360,-9e-05,-0.00013,-0.00025,-0.0004,-0.00098,-0.00019,-0.00013,-8e-05,4
49361,4e-05,7e-05,-4e-05,0.0,-0.0003,-0.00019,8e-05,2e-05,4
49362,-1e-05,-1e-05,0.0,0.00054,0.00014,-0.00023,-3e-05,-1e-05,4
49363,-1e-05,-1e-05,0.0,0.00054,0.00014,-0.00023,-3e-05,-1e-05,4
49364,-1e-05,-1e-05,0.0,0.00054,0.00014,-0.00023,-3e-05,-1e-05,4
49365,-1e-05,-1e-05,0.0,0.00054,0.00014,-0.00023,-3e-05,-1e-05,4
49366,-1e-05,-1e-05,0.0,0.00054,0.00014,-0.00023,-3e-05,-1e-05,4
49367,-1e-05,-1e-05,0.0,0.00054,0.00014,-0.00023,-3e-05,-1e-05,4
49368,-1e-05,-1e-05,0.0,0.00054,0.00014,-0.00023,-3e-05,-1e-05,4
49369,-1e-05,-1e-05,0.0,0.00054,0.00014,-0.00023,-3e-05,-1e-05,4
49370,-1e-05,-1e-05,0.0,0.00054,0.00014,-0.00023,-3e-05,-1e-05,4
49371,-1e-05,-1e-05,0.0,0.00054,0.00014,-0.00023,-3e-05,-1e-05,4
49372,-1e-05,-1e-05,0.0,0.00054,0.00014,-0.00023,-3e-05,-1e-05,4
49373,-1e-05,-1e-05,0.0,0.00054,0.00014,-0.00023,-3e-05,-1e-05,4
49374,-1e-05,-1e-05,0.0,0.00054,0.00014,-0.00023,-3e-05,-1e-05,4
49375,-1e-05,-1e-05,0.0,0.00054,0.00014,-0.00023,-3e-05,-1e-05,4
49376,-1e-05,-1e-05,0.0,0.00054,0.00014,-0.00023,-3e-05,-1e-05,4
49377,-1e-05,-1e-05,0.0,0.00054,0.00014,-0.00023,-3e-05,-1e-05,4
49378,-1e-05,-1e-05,0.0,0.00054,0.00014,-0.00023,-3e-05,-1e-05,4
49379,-1e-05,-1e-05,0.0,0.00054,0.00014,-0.00023,-3e-05,-1e-05,4
49380,-1e-05,-1e-05,0.0,0.00054,0.00014,-0.00023,-3e-05,-1e-05,4
49381,-1e-05,-1e-05,0.0,0.00054,0.00014,-0.00023,-3e-05,-1e-05,4
49382,-1e-05,-1e-05,0.0,0.00054,0.00014,-0.00023,-3e-05,-1e-05,4
49383,-1e-05,-1e-05,0.0,0.00054,0.00014,-0.00023,-3e-05,-1e-05,4
49384,-9e-05,-0.00014,-0.0002,-0.00029,-0.00052,-7e-05,-0.00016,-8e-05,4
49385,-2e-05,0.0,1e-05,-7e-05,0.00077,-0.00023,-5e-05,-4e-05,4
49386,-2e-05,0.0,1e-05,-7e-05,0.00077,-0.00023,-5e-05,-4e-05,4
49389,-2e-05,0.0,1e-05,-7e-05,0.00077,-0.00023,-5e-05,-4e-05,4
49390,-2e-05,0.0,1e-05,-7e-05,0.00077,-0.00023,-5e-05,-4e-05,4
49391,-2e-05,0.0,1e-05,-7e-05,0.00077,-0.00023,-5e-05,-4e-05,4
49392,-2e-05,0.0,1e-05,-7e-05,0.00077,-0.00023,-5e-05,-4e-05,4
49393,-2e-05,0.0,1e-05,-7e-05,0.00077,-0.00023,-5e-05,-4e-05,4
49394,-2e-05,0.0,1e-05,-7e-05,0.00077,-0.00023,-5e-05,-4e-05,4
49395,-2e-05,0.0,1e-05,-7e-05,0.00077,-0.00023,-5e-05,-4e-05,4
49396,-2e-05,0.0,1e-05,-7e-05,0.00077,-0.00023,-5e-05,-4e-05,4
49397,-4e-05,-2e-05,-7e-05,0.00032,0.00077,-0.00018,-0.00011,-4e-05,4
49398,-9e-05,-0.00014,-0.00021,-0.00027,-0.00069,-0.0005,-0.00018,-0.00014,4
49399,-9e-05,-0.00014,-0.00021,-0.00027,-0.00069,-0.0005,-0.00018,-0.00014,4
49400,-9e-05,-0.00014,-0.00021,-0.00027,-0.00069,-0.0005,-0.00018,-0.00014,4
49401,-9e-05,-0.00014,-0.00021,-0.00027,-0.00069,-0.0005,-0.00018,-0.00014,4
49402,-9e-05,-0.00014,-0.00021,-0.00027,-0.00069,-0.0005,-0.00018,-0.00014,4
49403,-9e-05,-0.00014,-0.00021,-0.00027,-0.00069,-0.0005,-0.00018,-0.00014,4
49404,2e-05,7e-05,0.00016,0.0,-0.0004,-0.00058,0.0,2e-05,4
49405,2e-05,7e-05,0.00016,0.0,-0.0004,-0.00058,0.0,2e-05,4
49406,2e-05,7e-05,0.00016,0.0,-0.0004,-0.00058,0.0,2e-05,4
49407,2e-05,7e-05,0.00016,0.0,-0.0004,-0.00058,0.0,2e-05,4
49408,2e-05,7e-05,0.00016,0.0,-0.0004,-0.00058,0.0,2e-05,4
49409,2e-05,7e-05,0.00016,0.0,-0.0004,-0.00058,0.0,2e-05,4
49410,2e-05,7e-05,0.00016,0.0,-0.0004,-0.00058,0.0,2e-05,4
49411,2e-05,7e-05,0.00016,0.0,-0.0004,-0.00058,0.0,2e-05,4
49412,2e-05,7e-05,0.00016,0.0,-0.0004,-0.00058,0.0,2e-05,4
49413,2e-05,7e-05,0.00016,0.0,-0.0004,-0.00058,0.0,2e-05,4
49414,2e-05,7e-05,0.00016,0.0,-0.0004,-0.00058,0.0,2e-05,4
49415,2e-05,7e-05,0.00016,0.0,-0.0004,-0.00058,0.0,2e-05,4
49416,2e-05,7e-05,0.00016,0.0,-0.0004,-0.00058,0.0,2e-05,4
49417,2e-05,7e-05,0.00016,0.0,-0.0004,-0.00058,0.0,2e-05,4
49418,2e-05,7e-05,0.00016,0.0,-0.0004,-0.00058,0.0,2e-05,4
49419,2e-05,7e-05,0.00016,0.0,-0.0004,-0.00058,0.0,2e-05,4
49420,2e-05,7e-05,0.00016,0.0,-0.0004,-0.00058,0.0,2e-05,4
49421,2e-05,4e-05,9e-05,-0.00014,-0.0008,-3e-05,0.0001,4e-05,4
49422,-7e-05,-0.00015,-0.00022,-0.00044,-0.00055,-0.00068,-0.00018,-7e-05,4
49423,-7e-05,-0.00015,-0.00022,-0.00044,-0.00055,-0.00068,-0.00018,-7e-05,4
49424,-7e-05,-0.00015,-0.00022,-0.00044,-0.00055,-0.00068,-0.00018,-7e-05,4
49425,-7e-05,-0.00015,-0.00022,-0.00044,-0.00055,-0.00068,-0.00018,-7e-05,4
49426,-7e-05,-0.00015,-0.00022,-0.00044,-0.00055,-0.00068,-0.00018,-7e-05,4
49427,-7e-05,-0.00015,-0.00022,-0.00044,-0.00055,-0.00068,-0.00018,-7e-05,4
49428,-7e-05,-0.00015,-0.00022,-0.00044,-0.00055,-0.00068,-0.00018,-7e-05,4
49429,-7e-05,-0.00015,-0.00022,-0.00044,-0.00055,-0.00068,-0.00018,-7e-05,4
49430,-7e-05,-0.00015,-0.00022,-0.00044,-0.00055,-0.00068,-0.00018,-7e-05,4
49431,-7e-05,-0.00015,-0.00022,-0.00044,-0.00055,-0.00068,-0.00018,-7e-05,4
49432,-7e-05,-0.00015,-0.00022,-0.00044,-0.00055,-0.00068,-0.00018,-7e-05,4
49433,-7e-05,-0.00015,-0.00022,-0.00044,-0.00055,-0.00068,-0.00018,-7e-05,4
49434,-7e-05,-0.00015,-0.00022,-0.00044,-0.00055,-0.00068,-0.00018,-7e-05,4
49435,-7e-05,-0.00015,-0.00022,-0.00044,-0.00055,-0.00068,-0.00018,-7e-05,4
49436,-7e-05,-0.00015,-0.00022,-0.00044,-0.00055,-0.00068,-0.00018,-7e-05,4
49438,-7e-05,-0.00015,-0.00022,-0.00044,-0.00055,-0.00068,-0.00018,-7e-05,4
49439,-7e-05,-0.00015,-0.00022,-0.00044,-0.00055,-0.00068,-0.00018,-7e-05,4
49440,-7e-05,-0.00015,-0.00022,-0.00044,-0.00055,-0.00068,-0.00018,-7e-05,4
49441,-7e-05,-0.00015,-0.00022,-0.00044,-0.00055,-0.00068,-0.00018,-7e-05,4
49442,-7e-05,-0.00015,-0.00022,-0.00044,-0.00055,-0.00068,-0.00018,-7e-05,4
49443,0.0,4e-05,6e-05,4e-05,-0.00119,3e-05,2e-05,0.0,4
49444,6e-05,9e-05,0.00025,0.00096,0.00124,-0.00017,0.00015,7e-05,4
49445,0.0,0.0,0.0,0.00022,0.00027,0.0006,0.00016,5e-05,4
49446,0.0,0.0,0.0,0.00022,0.00027,0.0006,0.00016,5e-05,4
49447,0.0,0.0,0.0,0.00022,0.00027,0.0006,0.00016,5e-05,4
49448,0.0,0.0,0.0,0.00022,0.00027,0.0006,0.00016,5e-05,4
49449,0.0,0.0,0.0,0.00022,0.00027,0.0006,0.00016,5e-05,4
49450,0.0,0.0,0.0,0.00022,0.00027,0.0006,0.00016,5e-05,4
49451,0.0,0.0,0.0,0.00022,0.00027,0.0006,0.00016,5e-05,4
49452,0.0,0.0,0.0,0.00022,0.00027,0.0006,0.00016,5e-05,4
49453,0.0,0.0,0.0,0.00022,0.00027,0.0006,0.00016,5e-05,4
49454,0.0,0.0,0.0,0.00022,0.00027,0.0006,0.00016,5e-05,4
49455,0.0,0.0,0.0,0.00022,0.00027,0.0006,0.00016,5e-05,4
49456,0.0,0.0,0.0,0.00022,0.00027,0.0006,0.00016,5e-05,4
49457,-9e-05,-0.00011,-0.00015,-0.0006,-0.00066,0.00042,-1e-05,-6e-05,4
49458,-9e-05,-0.00011,-0.00015,-0.0006,-0.00066,0.00042,-1e-05,-6e-05,4
49459,-9e-05,-0.00011,-0.00015,-0.0006,-0.00066,0.00042,-1e-05,-6e-05,4
49460,-9e-05,-0.00011,-0.00015,-0.0006,-0.00066,0.00042,-1e-05,-6e-05,4
49461,-9e-05,-0.00011,-0.00015,-0.0006,-0.00066,0.00042,-1e-05,-6e-05,4
49462,-9e-05,-0.00011,-0.00015,-0.0006,-0.00066,0.00042,-1e-05,-6e-05,4
49463,-9e-05,-0.00011,-0.00015,-0.0006,-0.00066,0.00042,-1e-05,-6e-05,4
49464,-9e-05,-0.00011,-0.00015,-0.0006,-0.00066,0.00042,-1e-05,-6e-05,4
49465,-9e-05,-0.00011,-0.00015,-0.0006,-0.00066,0.00042,-1e-05,-6e-05,4
49466,-0.00011,-0.00017,-0.00027,-0.00048,-0.00073,-0.00064,-0.00033,-0.00016,4
49467,-0.00011,-0.00017,-0.00027,-0.00048,-0.00073,-0.00064,-0.00033,-0.00016,4
49468,-0.00011,-0.00017,-0.00027,-0.00048,-0.00073,-0.00064,-0.00033,-0.00016,4
49469,-0.00011,-0.00017,-0.00027,-0.00048,-0.00073,-0.00064,-0.00033,-0.00016,4
49470,-0.00011,-0.00017,-0.00027,-0.00048,-0.00073,-0.00064,-0.00033,-0.00016,4
49471,-0.00011,-0.00017,-0.00027,-0.00048,-0.00073,-0.00064,-0.00033,-0.00016,4
49472,-0.00011,-0.00017,-0.00027,-0.00048,-0.00073,-0.00064,-0.00033,-0.00016,4
49473,-0.00011,-0.00017,-0.00027,-0.00048,-0.00073,-0.00064,-0.00033,-0.00016,4
49474,-0.00011,-0.00017,-0.00027,-0.00048,-0.00073,-0.00064,-0.00033,-0.00016,4
49475,-0.00011,-0.00017,-0.00027,-0.00048,-0.00073,-0.00064,-0.00033,-0.00016,4
49476,-0.00011,-0.00017,-0.00027,-0.00048,-0.00073,-0.00064,-0.00033,-0.00016,4
49477,-0.00011,-0.00017,-0.00027,-0.00048,-0.00073,-0.00064,-0.00033,-0.00016,4
49478,-0.00011,-0.00017,-0.00027,-0.00048,-0.00073,-0.00064,-0.00033,-0.00016,4
49479,-0.00011,-0.00017,-0.00027,-0.00048,-0.00073,-0.00064,-0.00033,-0.00016,4
49480,-3e-05,-2e-05,1e-05,-4e-05,0.00053,0.0002,-0.0001,-7e-05,4
49481,4e-05,4e-05,5e-05,2e-05,0.00023,6e-05,8e-05,4e-05,4
49482,-1e-05,3e-05,0.0,-8e-05,-0.00019,-0.00031,-4e-05,0.0,4
49483,-1e-05,3e-05,0.0,-8e-05,-0.00019,-0.00031,-4e-05,0.0,4
49484,-1e-05,3e-05,0.0,-8e-05,-0.00019,-0.00031,-4e-05,0.0,4
49485,-1e-05,3e-05,0.0,-8e-05,-0.00019,-0.00031,-4e-05,0.0,4
49486,-1e-05,3e-05,0.0,-8e-05,-0.00019,-0.00031,-4e-05,0.0,4
49488,-1e-05,3e-05,0.0,-8e-05,-0.00019,-0.00031,-4e-05,0.0,4
49489,-1e-05,3e-05,0.0,-8e-05,-0.00019,-0.00031,-4e-05,0.0,4
49490,-1e-05,3e-05,0.0,-8e-05,-0.00019,-0.00031,-4e-05,0.0,4
49491,-1e-05,3e-05,0.0,-8e-05,-0.00019,-0.00031,-4e-05,0.0,4
49492,-1e-05,3e-05,0.0,-8e-05,-0.00019,-0.00031,-4e-05,0.0,4
49493,-1e-05,3e-05,0.0,-8e-05,-0.00019,-0.00031,-4e-05,0.0,4
49494,-1e-05,3e-05,0.0,-8e-05,-0.00019,-0.00031,-4e-05,0.0,4
49495,-1e-05,3e-05,0.0,-8e-05,-0.00019,-0.00031,-4e-05,0.0,4
49496,-1e-05,3e-05,0.0,-8e-05,-0.00019,-0.00031,-4e-05,0.0,4
49497,-1e-05,3e-05,0.0,-8e-05,-0.00019,-0.00031,-4e-05,0.0,4
49498,-1e-05,3e-05,0.0,-8e-05,-0.00019,-0.00031,-4e-05,0.0,4
49499,-1e-05,3e-05,0.0,-8e-05,-0.00019,-0.00031,-4e-05,0.0,4
49500,-1e-05,3e-05,0.0,-8e-05,-0.00019,-0.00031,-4e-05,0.0,4
49501,-1e-05,3e-05,0.0,-8e-05,-0.00019,-0.00031,-4e-05,0.0,4
49502,-3e-05,-3e-05,-3e-05,-0.00018,-0.00019,-0.00017,-9e-05,-5e-05,4
49503,4e-05,7e-05,0.00019,0.00116,0.00107,-0.00029,7e-05,4e-05,4
49504,4e-05,7e-05,0.00019,0.00116,0.00107,-0.00029,7e-05,4e-05,4
49505,4e-05,7e-05,0.00019,0.00116,0.00107,-0.00029,7e-05,4e-05,4
49506,4e-05,7e-05,0.00019,0.00116,0.00107,-0.00029,7e-05,4e-05,4
49507,4e-05,7e-05,0.00019,0.00116,0.00107,-0.00029,7e-05,4e-05,4
49508,4e-05,7e-05,0.00019,0.00116,0.00107,-0.00029,7e-05,4e-05,4
49509,4e-05,7e-05,0.00019,0.00116,0.00107,-0.00029,7e-05,4e-05,4
49510,4e-05,7e-05,0.00019,0.00116,0.00107,-0.00029,7e-05,4e-05,4
49511,4e-05,7e-05,0.00019,0.00116,0.00107,-0.00029,7e-05,4e-05,4
49512,4e-05,7e-05,0.00019,0.00116,0.00107,-0.00029,7e-05,4e-05,4
49513,4e-05,7e-05,0.00019,0.00116,0.00107,-0.00029,7e-05,4e-05,4
49514,4e-05,7e-05,0.00019,0.00116,0.00107,-0.00029,7e-05,4e-05,4
49515,4e-05,7e-05,0.00019,0.00116,0.00107,-0.00029,7e-05,4e-05,4
49516,4e-05,7e-05,0.00019,0.00116,0.00107,-0.00029,7e-05,4e-05,4
49517,4e-05,7e-05,0.00019,0.00116,0.00107,-0.00029,7e-05,4e-05,4
49518,4e-05,7e-05,0.00019,0.00116,0.00107,-0.00029,7e-05,4e-05,4
49519,4e-05,7e-05,0.00019,0.00116,0.00107,-0.00029,7e-05,4e-05,4
49520,4e-05,7e-05,0.00019,0.00116,0.00107,-0.00029,7e-05,4e-05,4
49521,4e-05,7e-05,0.00019,0.00116,0.00107,-0.00029,7e-05,4e-05,4
49522,4e-05,7e-05,0.00019,0.00116,0.00107,-0.00029,7e-05,4e-05,4
49523,4e-05,7e-05,0.00019,0.00116,0.00107,-0.00029,7e-05,4e-05,4
49524,4e-05,7e-05,0.00019,0.00116,0.00107,-0.00029,7e-05,4e-05,4
49525,5e-05,0.00012,0.0001,-0.00066,-0.0005,0.00042,0.00021,7e-05,4
49526,5e-05,3e-05,-2e-05,-0.00037,-0.00039,0.00091,0.00033,9e-05,4
49527,5e-05,3e-05,-2e-05,-0.00037,-0.00039,0.00091,0.00033,9e-05,4
49528,5e-05,3e-05,-2e-05,-0.00037,-0.00039,0.00091,0.00033,9e-05,4
49529,5e-05,3e-05,-2e-05,-0.00037,-0.00039,0.00091,0.00033,9e-05,4
49530,5e-05,3e-05,-2e-05,-0.00037,-0.00039,0.00091,0.00033,9e-05,4
49531,5e-05,3e-05,-2e-05,-0.00037,-0.00039,0.00091,0.00033,9e-05,4
49532,5e-05,3e-05,-2e-05,-0.00037,-0.00039,0.00091,0.00033,9e-05,4
49533,5e-05,3e-05,-2e-05,-0.00037,-0.00039,0.00091,0.00033,9e-05,4
49534,5e-05,3e-05,-2e-05,-0.00037,-0.00039,0.00091,0.00033,9e-05,4
49535,5e-05,3e-05,-2e-05,-0.00037,-0.00039,0.00091,0.00033,9e-05,4
49536,5e-05,3e-05,-2e-05,-0.00037,-0.00039,0.00091,0.00033,9e-05,4
49538,5e-05,3e-05,-2e-05,-0.00037,-0.00039,0.00091,0.00033,9e-05,4
49539,5e-05,3e-05,-2e-05,-0.00037,-0.00039,0.00091,0.00033,9e-05,4
49540,5e-05,3e-05,-2e-05,-0.00037,-0.00039,0.00091,0.00033,9e-05,4
49541,5e-05,3e-05,-2e-05,-0.00037,-0.00039,0.00091,0.00033,9e-05,4
49542,5e-05,3e-05,-2e-05,-0.00037,-0.00039,0.00091,0.00033,9e-05,4
49543,5e-05,3e-05,-2e-05,-0.00037,-0.00039,0.00091,0.00033,9e-05,4
49544,5e-05,3e-05,-2e-05,-0.00037,-0.00039,0.00091,0.00033,9e-05,4
49545,5e-05,3e-05,-2e-05,-0.00037,-0.00039,0.00091,0.00033,9e-05,4
49546,5e-05,3e-05,-2e-05,-0.00037,-0.00039,0.00091,0.00033,9e-05,4
49547,5e-05,3e-05,-2e-05,-0.00037,-0.00039,0.00091,0.00033,9e-05,4
49548,-8e-05,-0.00013,-0.00027,-0.00044,-5e-05,-0.00045,-0.00016,-0.0001,4
49549,-2e-05,-2e-05,-2e-05,5e-05,0.00019,0.00026,0.0001,-2e-05,4
49550,-2e-05,-2e-05,-2e-05,5e-05,0.00019,0.00026,0.0001,-2e-05,4
49551,-2e-05,-2e-05,-2e-05,5e-05,0.00019,0.00026,0.0001,-2e-05,4
49552,-2e-05,-2e-05,-2e-05,5e-05,0.00019,0.00026,0.0001,-2e-05,4
49553,-2e-05,-2e-05,-2e-05,5e-05,0.00019,0.00026,0.0001,-2e-05,4
49554,-2e-05,-2e-05,-2e-05,5e-05,0.00019,0.00026,0.0001,-2e-05,4
49555,-2e-05,-2e-05,-2e-05,5e-05,0.00019,0.00026,0.0001,-2e-05,4
49556,-2e-05,-2e-05,-2e-05,5e-05,0.00019,0.00026,0.0001,-2e-05,4
49557,-2e-05,-2e-05,-2e-05,5e-05,0.00019,0.00026,0.0001,-2e-05,4
49558,-2e-05,-2e-05,-2e-05,5e-05,0.00019,0.00026,0.0001,-2e-05,4
49559,-2e-05,-2e-05,-2e-05,5e-05,0.00019,0.00026,0.0001,-2e-05,4
49560,-2e-05,-2e-05,-2e-05,5e-05,0.00019,0.00026,0.0001,-2e-05,4
49561,-2e-05,-2e-05,-2e-05,5e-05,0.00019,0.00026,0.0001,-2e-05,4
49562,7e-05,6e-05,4e-05,0.00053,0.00044,0.00042,4e-05,6e-05,4
49563,-6e-05,-6e-05,-0.00011,-0.00046,-0.00075,-5e-05,-0.00015,-7e-05,4
49564,-6e-05,-6e-05,-0.00011,-0.00046,-0.00075,-5e-05,-0.00015,-7e-05,4
49565,-6e-05,-6e-05,-0.00011,-0.00046,-0.00075,-5e-05,-0.00015,-7e-05,4
49566,-6e-05,-6e-05,-0.00011,-0.00046,-0.00075,-5e-05,-0.00015,-7e-05,4
49567,-6e-05,-6e-05,-0.00011,-0.00046,-0.00075,-5e-05,-0.00015,-7e-05,4
49568,-6e-05,-6e-05,-0.00011,-0.00046,-0.00075,-5e-05,-0.00015,-7e-05,4
49569,-6e-05,-6e-05,-0.00011,-0.00046,-0.00075,-5e-05,-0.00015,-7e-05,4
49570,-6e-05,-6e-05,-0.00011,-0.00046,-0.00075,-5e-05,-0.00015,-7e-05,4
49571,-6e-05,-6e-05,-0.00011,-0.00046,-0.00075,-5e-05,-0.00015,-7e-05,4
49572,-6e-05,-6e-05,-0.00011,-0.00046,-0.00075,-5e-05,-0.00015,-7e-05,4
49573,-6e-05,-6e-05,-0.00011,-0.00046,-0.00075,-5e-05,-0.00015,-7e-05,4
49574,-6e-05,-6e-05,-0.00011,-0.00046,-0.00075,-5e-05,-0.00015,-7e-05,4
49575,-6e-05,-6e-05,-0.00011,-0.00046,-0.00075,-5e-05,-0.00015,-7e-05,4
49576,-6e-05,-6e-05,-0.00011,-0.00046,-0.00075,-5e-05,-0.00015,-7e-05,4
49577,-6e-05,-6e-05,-0.00011,-0.00046,-0.00075,-5e-05,-0.00015,-7e-05,4
49578,-6e-05,-6e-05,-0.00011,-0.00046,-0.00075,-5e-05,-0.00015,-7e-05,4
49579,-6e-05,-6e-05,-0.00011,-0.00046,-0.00075,-5e-05,-0.00015,-7e-05,4
49580,-6e-05,-6e-05,-0.00011,-0.00046,-0.00075,-5e-05,-0.00015,-7e-05,4
49581,-6e-05,-6e-05,-0.00011,-0.00046,-0.00075,-5e-05,-0.00015,-7e-05,4
49582,-6e-05,-6e-05,-0.00011,-0.00046,-0.00075,-5e-05,-0.00015,-7e-05,4
49583,-6e-05,-6e-05,-0.00011,-0.00046,-0.00075,-5e-05,-0.00015,-7e-05,4
49584,-6e-05,-6e-05,-0.00011,-0.00046,-0.00075,-5e-05,-0.00015,-7e-05,4
49585,-0.0001,-0.00016,-0.0003,-0.00071,-0.00071,2e-05,-0.00021,-0.00014,4
49586,1e-05,4e-05,9e-05,-5e-05,-0.00034,-0.00026,2e-05,1e-05,4
49589,1e-05,4e-05,9e-05,-5e-05,-0.00034,-0.00026,2e-05,1e-05,4
49590,1e-05,4e-05,9e-05,-5e-05,-0.00034,-0.00026,2e-05,1e-05,4
49591,1e-05,4e-05,9e-05,-5e-05,-0.00034,-0.00026,2e-05,1e-05,4
49592,1e-05,4e-05,9e-05,-5e-05,-0.00034,-0.00026,2e-05,1e-05,4
49593,1e-05,4e-05,9e-05,-5e-05,-0.00034,-0.00026,2e-05,1e-05,4
49594,1e-05,4e-05,9e-05,-5e-05,-0.00034,-0.00026,2e-05,1e-05,4
49595,1e-05,4e-05,9e-05,-5e-05,-0.00034,-0.00026,2e-05,1e-05,4
49596,1e-05,4e-05,9e-05,-5e-05,-0.00034,-0.00026,2e-05,1e-05,4
49597,1e-05,4e-05,9e-05,-5e-05,-0.00034,-0.00026,2e-05,1e-05,4
49598,1e-05,4e-05,9e-05,-5e-05,-0.00034,-0.00026,2e-05,1e-05,4
49599,1e-05,4e-05,9e-05,-5e-05,-0.00034,-0.00026,2e-05,1e-05,4
49600,4e-05,4e-05,7e-05,-0.00045,-0.0002,0.00064,0.00021,7e-05,4
49601,-8e-05,-0.00014,-0.00018,-0.0005,-0.00062,-0.00095,-0.00017,-7e-05,4
49602,-8e-05,-0.00014,-0.00018,-0.0005,-0.00062,-0.00095,-0.00017,-7e-05,4
49603,-8e-05,-0.00014,-0.00018,-0.0005,-0.00062,-0.00095,-0.00017,-7e-05,4
49604,-8e-05,-0.00014,-0.00018,-0.0005,-0.00062,-0.00095,-0.00017,-7e-05,4
49605,-8e-05,-0.00014,-0.00018,-0.0005,-0.00062,-0.00095,-0.00017,-7e-05,4
49606,-8e-05,-0.00014,-0.00018,-0.0005,-0.00062,-0.00095,-0.00017,-7e-05,4
49607,-8e-05,-0.00014,-0.00018,-0.0005,-0.00062,-0.00095,-0.00017,-7e-05,4
49608,-8e-05,-0.00014,-0.00018,-0.0005,-0.00062,-0.00095,-0.00017,-7e-05,4
49609,-8e-05,-0.00014,-0.00018,-0.0005,-0.00062,-0.00095,-0.00017,-7e-05,4
49610,-8e-05,-0.00014,-0.00018,-0.0005,-0.00062,-0.00095,-0.00017,-7e-05,4
49611,-8e-05,-0.00014,-0.00018,-0.0005,-0.00062,-0.00095,-0.00017,-7e-05,4
49612,-8e-05,-0.00014,-0.00018,-0.0005,-0.00062,-0.00095,-0.00017,-7e-05,4
49613,-8e-05,-0.00014,-0.00018,-0.0005,-0.00062,-0.00095,-0.00017,-7e-05,4
49614,-8e-05,-0.00014,-0.00018,-0.0005,-0.00062,-0.00095,-0.00017,-7e-05,4
49615,-8e-05,-0.00014,-0.00018,-0.0005,-0.00062,-0.00095,-0.00017,-7e-05,4
49616,-8e-05,-0.00014,-0.00018,-0.0005,-0.00062,-0.00095,-0.00017,-7e-05,4
49617,-8e-05,-0.00014,-0.00018,-0.0005,-0.00062,-0.00095,-0.00017,-7e-05,4
49618,-8e-05,-0.00014,-0.00018,-0.0005,-0.00062,-0.00095,-0.00017,-7e-05,4
49619,-8e-05,-0.00014,-0.00018,-0.0005,-0.00062,-0.00095,-0.00017,-7e-05,4
49620,-8e-05,-0.00014,-0.00018,-0.0005,-0.00062,-0.00095,-0.00017,-7e-05,4
49621,-8e-05,-0.00014,-0.00018,-0.0005,-0.00062,-0.00095,-0.00017,-7e-05,4
49622,-5e-05,-7e-05,-9e-05,-0.00029,-0.00127,-0.00042,-0.00017,-5e-05,4
49623,-5e-05,-0.00014,-0.00026,-0.00065,-0.00052,-0.0003,-1e-05,-3e-05,4
49624,-5e-05,-0.00014,-0.00026,-0.00065,-0.00052,-0.0003,-1e-05,-3e-05,4
49625,-5e-05,-0.00014,-0.00026,-0.00065,-0.00052,-0.0003,-1e-05,-3e-05,4
49626,-5e-05,-0.00014,-0.00026,-0.00065,-0.00052,-0.0003,-1e-05,-3e-05,4
49627,-5e-05,-0.00014,-0.00026,-0.00065,-0.00052,-0.0003,-1e-05,-3e-05,4
49628,-5e-05,-0.00014,-0.00026,-0.00065,-0.00052,-0.0003,-1e-05,-3e-05,4
49629,-5e-05,-0.00014,-0.00026,-0.00065,-0.00052,-0.0003,-1e-05,-3e-05,4
49630,-5e-05,-0.00014,-0.00026,-0.00065,-0.00052,-0.0003,-1e-05,-3e-05,4
49631,-5e-05,-0.00014,-0.00026,-0.00065,-0.00052,-0.0003,-1e-05,-3e-05,4
49632,-5e-05,-0.00014,-0.00026,-0.00065,-0.00052,-0.0003,-1e-05,-3e-05,4
49633,-5e-05,-0.00014,-0.00026,-0.00065,-0.00052,-0.0003,-1e-05,-3e-05,4
49634,-5e-05,-0.00014,-0.00026,-0.00065,-0.00052,-0.0003,-1e-05,-3e-05,4
49635,-5e-05,-0.00014,-0.00026,-0.00065,-0.00052,-0.0003,-1e-05,-3e-05,4
49636,-5e-05,-0.00014,-0.00026,-0.00065,-0.00052,-0.0003,-1e-05,-3e-05,4
49638,-5e-05,-0.00014,-0.00026,-0.00065,-0.00052,-0.0003,-1e-05,-3e-05,4
49639,-5e-05,-0.00014,-0.00026,-0.00065,-0.00052,-0.0003,-1e-05,-3e-05,4
49640,-5e-05,-0.00014,-0.00026,-0.00065,-0.00052,-0.0003,-1e-05,-3e-05,4
49641,-5e-05,-0.00014,-0.00026,-0.00065,-0.00052,-0.0003,-1e-05,-3e-05,4
49642,-5e-05,-0.00014,-0.00026,-0.00065,-0.00052,-0.0003,-1e-05,-3e-05,4
49643,-5e-05,-0.00014,-0.00026,-0.00065,-0.00052,-0.0003,-1e-05,-3e-05,4
49644,-5e-05,-0.00014,-0.00026,-0.00065,-0.00052,-0.0003,-1e-05,-3e-05,4
49645,1e-05,1e-05,0.0,0.00021,8e-05,-0.0008,-0.00011,-3e-05,4
49646,1e-05,1e-05,0.0,0.00021,8e-05,-0.0008,-0.00011,-3e-05,4
49647,1e-05,1e-05,0.0,0.00021,8e-05,-0.0008,-0.00011,-3e-05,4
49648,1e-05,1e-05,0.0,0.00021,8e-05,-0.0008,-0.00011,-3e-05,4
49649,1e-05,1e-05,0.0,0.00021,8e-05,-0.0008,-0.00011,-3e-05,4
49650,1e-05,1e-05,0.0,0.00021,8e-05,-0.0008,-0.00011,-3e-05,4
49651,1e-05,1e-05,0.0,0.00021,8e-05,-0.0008,-0.00011,-3e-05,4
49652,-1e-05,-5e-05,-0.00011,6e-05,0.00034,0.0001,1e-05,-2e-05,4
49653,-6e-05,-2e-05,1e-05,-0.00048,-0.00046,-0.00016,-0.00025,-0.00011,4
49654,-6e-05,-2e-05,1e-05,-0.00048,-0.00046,-0.00016,-0.00025,-0.00011,4
49655,-6e-05,-2e-05,1e-05,-0.00048,-0.00046,-0.00016,-0.00025,-0.00011,4
49656,-6e-05,-2e-05,1e-05,-0.00048,-0.00046,-0.00016,-0.00025,-0.00011,4
49657,-6e-05,-2e-05,1e-05,-0.00048,-0.00046,-0.00016,-0.00025,-0.00011,4
49658,-6e-05,-2e-05,1e-05,-0.00048,-0.00046,-0.00016,-0.00025,-0.00011,4
49659,-6e-05,-2e-05,1e-05,-0.00048,-0.00046,-0.00016,-0.00025,-0.00011,4
49660,-6e-05,-2e-05,1e-05,-0.00048,-0.00046,-0.00016,-0.00025,-0.00011,4
49661,-6e-05,-2e-05,1e-05,-0.00048,-0.00046,-0.00016,-0.00025,-0.00011,4
49662,-6e-05,-2e-05,1e-05,-0.00048,-0.00046,-0.00016,-0.00025,-0.00011,4
49663,-6e-05,-2e-05,1e-05,-0.00048,-0.00046,-0.00016,-0.00025,-0.00011,4
49664,-6e-05,-2e-05,1e-05,-0.00048,-0.00046,-0.00016,-0.00025,-0.00011,4
49665,-6e-05,-2e-05,1e-05,-0.00048,-0.00046,-0.00016,-0.00025,-0.00011,4
49666,-6e-05,-2e-05,1e-05,-0.00048,-0.00046,-0.00016,-0.00025,-0.00011,4
49667,-6e-05,-2e-05,1e-05,-0.00048,-0.00046,-0.00016,-0.00025,-0.00011,4
49668,4e-05,3e-05,0.0,9e-05,0.00061,0.00046,5e-05,2e-05,4
49669,-3e-05,-5e-05,-0.0001,-0.00038,-0.00048,0.00018,-5e-05,-7e-05,4
49670,-3e-05,-5e-05,-0.0001,-0.00038,-0.00048,0.00018,-5e-05,-7e-05,4
49671,-3e-05,-5e-05,-0.0001,-0.00038,-0.00048,0.00018,-5e-05,-7e-05,4
49672,-3e-05,-5e-05,-0.0001,-0.00038,-0.00048,0.00018,-5e-05,-7e-05,4
49673,-3e-05,-5e-05,-0.0001,-0.00038,-0.00048,0.00018,-5e-05,-7e-05,4
49674,-3e-05,-5e-05,-0.0001,-0.00038,-0.00048,0.00018,-5e-05,-7e-05,4
49675,-3e-05,-5e-05,-0.0001,-0.00038,-0.00048,0.00018,-5e-05,-7e-05,4
49676,-3e-05,-5e-05,-0.0001,-0.00038,-0.00048,0.00018,-5e-05,-7e-05,4
49677,-3e-05,-5e-05,-0.0001,-0.00038,-0.00048,0.00018,-5e-05,-7e-05,4
49678,-3e-05,-5e-05,-0.0001,-0.00038,-0.00048,0.00018,-5e-05,-7e-05,4
49679,-3e-05,-5e-05,-0.0001,-0.00038,-0.00048,0.00018,-5e-05,-7e-05,4
49680,-3e-05,-5e-05,-0.0001,-0.00038,-0.00048,0.00018,-5e-05,-7e-05,4
49681,-3e-05,-5e-05,-0.0001,-0.00038,-0.00048,0.00018,-5e-05,-7e-05,4
49682,-3e-05,-5e-05,-0.0001,-0.00038,-0.00048,0.00018,-5e-05,-7e-05,4
49683,-3e-05,-5e-05,-0.0001,-0.00038,-0.00048,0.00018,-5e-05,-7e-05,4
49684,-3e-05,-5e-05,-0.0001,-0.00038,-0.00048,0.00018,-5e-05,-7e-05,4
49685,-3e-05,-5e-05,-0.0001,-0.00038,-0.00048,0.00018,-5e-05,-7e-05,4
49686,-3e-05,-5e-05,-0.0001,-0.00038,-0.00048,0.00018,-5e-05,-7e-05,4
49688,-3e-05,-5e-05,-0.0001,-0.00038,-0.00048,0.00018,-5e-05,-7e-05,4
49689,-3e-05,-5e-05,-0.0001,-0.00038,-0.00048,0.00018,-5e-05,-7e-05,4
49690,-3e-05,-5e-05,-0.0001,-0.00038,-0.00048,0.00018,-5e-05,-7e-05,4
49691,-5e-05,-6e-05,-0.00015,-0.00067,-0.00058,-0.00045,-0.0001,-6e-05,4
49692,2e-05,5e-05,0.00021,0.00029,0.00031,-0.00019,-5e-05,2e-05,4
49693,2e-05,5e-05,0.00021,0.00029,0.00031,-0.00019,-5e-05,2e-05,4
49694,2e-05,5e-05,0.00021,0.00029,0.00031,-0.00019,-5e-05,2e-05,4
49695,2e-05,5e-05,0.00021,0.00029,0.00031,-0.00019,-5e-05,2e-05,4
49696,2e-05,5e-05,0.00021,0.00029,0.00031,-0.00019,-5e-05,2e-05,4
49697,2e-05,5e-05,0.00021,0.00029,0.00031,-0.00019,-5e-05,2e-05,4
49698,2e-05,5e-05,0.00021,0.00029,0.00031,-0.00019,-5e-05,2e-05,4
49699,2e-05,5e-05,0.00021,0.00029,0.00031,-0.00019,-5e-05,2e-05,4
49700,2e-05,5e-05,0.00021,0.00029,0.00031,-0.00019,-5e-05,2e-05,4
49701,2e-05,5e-05,0.00021,0.00029,0.00031,-0.00019,-5e-05,2e-05,4
49702,2e-05,5e-05,0.00021,0.00029,0.00031,-0.00019,-5e-05,2e-05,4
49703,2e-05,5e-05,0.00021,0.00029,0.00031,-0.00019,-5e-05,2e-05,4
49704,2e-05,5e-05,0.00021,0.00029,0.00031,-0.00019,-5e-05,2e-05,4
49705,2e-05,5e-05,0.00021,0.00029,0.00031,-0.00019,-5e-05,2e-05,4
49706,4e-05,5e-05,0.00011,-0.0003,-0.00093,-0.00015,-1e-05,1e-05,4
49707,2e-05,8e-05,0.00013,0.00025,0.00065,0.00063,0.0001,2e-05,4
49708,2e-05,8e-05,0.00013,0.00025,0.00065,0.00063,0.0001,2e-05,4
49709,2e-05,8e-05,0.00013,0.00025,0.00065,0.00063,0.0001,2e-05,4
49710,2e-05,8e-05,0.00013,0.00025,0.00065,0.00063,0.0001,2e-05,4
49711,2e-05,8e-05,0.00013,0.00025,0.00065,0.00063,0.0001,2e-05,4
49712,2e-05,8e-05,0.00013,0.00025,0.00065,0.00063,0.0001,2e-05,4
49713,2e-05,8e-05,0.00013,0.00025,0.00065,0.00063,0.0001,2e-05,4
49714,2e-05,8e-05,0.00013,0.00025,0.00065,0.00063,0.0001,2e-05,4
49715,2e-05,8e-05,0.00013,0.00025,0.00065,0.00063,0.0001,2e-05,4
49716,2e-05,8e-05,0.00013,0.00025,0.00065,0.00063,0.0001,2e-05,4
49717,2e-05,8e-05,0.00013,0.00025,0.00065,0.00063,0.0001,2e-05,4
49718,2e-05,8e-05,0.00013,0.00025,0.00065,0.00063,0.0001,2e-05,4
49719,2e-05,8e-05,0.00013,0.00025,0.00065,0.00063,0.0001,2e-05,4
49720,2e-05,8e-05,0.00013,0.00025,0.00065,0.00063,0.0001,2e-05,4
49721,2e-05,8e-05,0.00013,0.00025,0.00065,0.00063,0.0001,2e-05,4
49722,2e-05,8e-05,0.00013,0.00025,0.00065,0.00063,0.0001,2e-05,4
49723,2e-05,8e-05,0.00013,0.00025,0.00065,0.00063,0.0001,2e-05,4
49724,2e-05,8e-05,0.00013,0.00025,0.00065,0.00063,0.0001,2e-05,4
49725,2e-05,8e-05,0.00013,0.00025,0.00065,0.00063,0.0001,2e-05,4
49726,2e-05,8e-05,0.00013,0.00025,0.00065,0.00063,0.0001,2e-05,4
49727,1e-05,2e-05,4e-05,-0.00027,0.00027,-0.00086,-0.00011,-3e-05,4
49728,1e-05,2e-05,4e-05,-0.00027,0.00027,-0.00086,-0.00011,-3e-05,4
49729,1e-05,2e-05,4e-05,-0.00027,0.00027,-0.00086,-0.00011,-3e-05,4
49730,1e-05,2e-05,4e-05,-0.00027,0.00027,-0.00086,-0.00011,-3e-05,4
49731,1e-05,2e-05,4e-05,-0.00027,0.00027,-0.00086,-0.00011,-3e-05,4
49732,1e-05,2e-05,4e-05,-0.00027,0.00027,-0.00086,-0.00011,-3e-05,4
49733,1e-05,2e-05,4e-05,-0.00027,0.00027,-0.00086,-0.00011,-3e-05,4
49734,1e-05,2e-05,4e-05,-0.00027,0.00027,-0.00086,-0.00011,-3e-05,4
49735,-1e-05,2e-05,5e-05,-0.00013,-0.00034,-0.00037,-5e-05,-2e-05,4
49736,-1e-05,2e-05,5e-05,-0.00013,-0.00034,-0.00037,-5e-05,-2e-05,4
49738,-1e-05,2e-05,5e-05,-0.00013,-0.00034,-0.00037,-5e-05,-2e-05,4
49739,-1e-05,2e-05,5e-05,-0.00013,-0.00034,-0.00037,-5e-05,-2e-05,4
49740,-1e-05,2e-05,5e-05,-0.00013,-0.00034,-0.00037,-5e-05,-2e-05,4
49741,-1e-05,2e-05,5e-05,-0.00013,-0.00034,-0.00037,-5e-05,-2e-05,4
49742,-5e-05,-7e-05,6e-05,0.00017,0.00056,-0.00068,-0.00023,-0.0001,4
49743,9e-05,0.0001,9e-05,0.00099,0.00026,9e-05,0.00026,0.00013,4
49744,9e-05,0.0001,9e-05,0.00099,0.00026,9e-05,0.00026,0.00013,4
49745,9e-05,0.0001,9e-05,0.00099,0.00026,9e-05,0.00026,0.00013,4
49746,9e-05,0.0001,9e-05,0.00099,0.00026,9e-05,0.00026,0.00013,4
49747,9e-05,0.0001,9e-05,0.00099,0.00026,9e-05,0.00026,0.00013,4
49748,9e-05,0.0001,9e-05,0.00099,0.00026,9e-05,0.00026,0.00013,4
49749,9e-05,0.0001,9e-05,0.00099,0.00026,9e-05,0.00026,0.00013,4
49750,9e-05,0.0001,9e-05,0.00099,0.00026,9e-05,0.00026,0.00013,4
49751,9e-05,0.0001,9e-05,0.00099,0.00026,9e-05,0.00026,0.00013,4
49752,9e-05,0.0001,9e-05,0.00099,0.00026,9e-05,0.00026,0.00013,4
49753,9e-05,0.0001,9e-05,0.00099,0.00026,9e-05,0.00026,0.00013,4
49754,9e-05,0.0001,9e-05,0.00099,0.00026,9e-05,0.00026,0.00013,4
49755,9e-05,0.0001,9e-05,0.00099,0.00026,9e-05,0.00026,0.00013,4
49756,9e-05,0.0001,9e-05,0.00099,0.00026,9e-05,0.00026,0.00013,4
49757,9e-05,0.0001,9e-05,0.00099,0.00026,9e-05,0.00026,0.00013,4
49758,9e-05,0.0001,9e-05,0.00099,0.00026,9e-05,0.00026,0.00013,4
49759,9e-05,0.0001,9e-05,0.00099,0.00026,9e-05,0.00026,0.00013,4
49760,9e-05,0.0001,9e-05,0.00099,0.00026,9e-05,0.00026,0.00013,4
49761,9e-05,0.0001,9e-05,0.00099,0.00026,9e-05,0.00026,0.00013,4
49762,9e-05,0.0001,9e-05,0.00099,0.00026,9e-05,0.00026,0.00013,4
49763,9e-05,0.0001,9e-05,0.00099,0.00026,9e-05,0.00026,0.00013,4
49764,9e-05,0.0001,9e-05,0.00099,0.00026,9e-05,0.00026,0.00013,4
49765,9e-05,0.0001,9e-05,0.00099,0.00026,9e-05,0.00026,0.00013,4
49766,9e-05,0.0001,9e-05,0.00099,0.00026,9e-05,0.00026,0.00013,4
49767,9e-05,0.0001,9e-05,0.00099,0.00026,9e-05,0.00026,0.00013,4
49768,9e-05,0.0001,9e-05,0.00099,0.00026,9e-05,0.00026,0.00013,4
49769,9e-05,0.0001,9e-05,0.00099,0.00026,9e-05,0.00026,0.00013,4
49770,9e-05,0.0001,9e-05,0.00099,0.00026,9e-05,0.00026,0.00013,4
49771,9e-05,0.0001,9e-05,0.00099,0.00026,9e-05,0.00026,0.00013,4
49772,9e-05,0.0001,9e-05,0.00099,0.00026,9e-05,0.00026,0.00013,4
49773,-1e-05,0.0,2e-05,-0.00037,-0.00094,-0.00013,-6e-05,-1e-05,4
49774,2e-05,2e-05,-4e-05,-0.00026,-0.00045,0.00034,3e-05,2e-05,4
49775,2e-05,2e-05,-4e-05,-0.00026,-0.00045,0.00034,3e-05,2e-05,4
49776,2e-05,2e-05,-4e-05,-0.00026,-0.00045,0.00034,3e-05,2e-05,4
49777,2e-05,2e-05,-4e-05,-0.00026,-0.00045,0.00034,3e-05,2e-05,4
49778,2e-05,2e-05,-4e-05,-0.00026,-0.00045,0.00034,3e-05,2e-05,4
49779,2e-05,2e-05,-4e-05,-0.00026,-0.00045,0.00034,3e-05,2e-05,4
49780,4e-05,7e-05,0.00018,0.00054,4e-05,0.00079,0.00011,7e-05,4
49781,4e-05,7e-05,0.00018,0.00054,4e-05,0.00079,0.00011,7e-05,4
49782,4e-05,7e-05,0.00018,0.00054,4e-05,0.00079,0.00011,7e-05,4
49783,4e-05,7e-05,0.00018,0.00054,4e-05,0.00079,0.00011,7e-05,4
49784,4e-05,7e-05,0.00018,0.00054,4e-05,0.00079,0.00011,7e-05,4
49785,4e-05,7e-05,0.00018,0.00054,4e-05,0.00079,0.00011,7e-05,4
49786,4e-05,7e-05,0.00018,0.00054,4e-05,0.00079,0.00011,7e-05,4
49789,7e-05,9e-05,0.00015,0.00052,0.00073,0.00042,0.00014,0.00011,4
49790,7e-05,9e-05,0.00015,0.00052,0.00073,0.00042,0.00014,0.00011,4
49791,7e-05,9e-05,0.00015,0.00052,0.00073,0.00042,0.00014,0.00011,4
49792,7e-05,9e-05,0.00015,0.00052,0.00073,0.00042,0.00014,0.00011,4
49793,7e-05,9e-05,0.00015,0.00052,0.00073,0.00042,0.00014,0.00011,4
49794,7e-05,9e-05,0.00015,0.00052,0.00073,0.00042,0.00014,0.00011,4
49795,7e-05,9e-05,0.00015,0.00052,0.00073,0.00042,0.00014,0.00011,4
49796,7e-05,9e-05,0.00015,0.00052,0.00073,0.00042,0.00014,0.00011,4
49797,7e-05,9e-05,0.00015,0.00052,0.00073,0.00042,0.00014,0.00011,4
49798,7e-05,9e-05,0.00015,0.00052,0.00073,0.00042,0.00014,0.00011,4
49799,7e-05,9e-05,0.00015,0.00052,0.00073,0.00042,0.00014,0.00011,4
49800,7e-05,9e-05,0.00015,0.00052,0.00073,0.00042,0.00014,0.00011,4
49801,7e-05,9e-05,0.00015,0.00052,0.00073,0.00042,0.00014,0.00011,4
49802,7e-05,9e-05,0.00015,0.00052,0.00073,0.00042,0.00014,0.00011,4
49803,7e-05,9e-05,0.00015,0.00052,0.00073,0.00042,0.00014,0.00011,4
49804,7e-05,9e-05,0.00015,0.00052,0.00073,0.00042,0.00014,0.00011,4
49805,7e-05,9e-05,0.00015,0.00052,0.00073,0.00042,0.00014,0.00011,4
49806,7e-05,9e-05,0.00015,0.00052,0.00073,0.00042,0.00014,0.00011,4
49807,7e-05,9e-05,0.00015,0.00052,0.00073,0.00042,0.00014,0.00011,4
49808,7e-05,9e-05,0.00015,0.00052,0.00073,0.00042,0.00014,0.00011,4
49809,7e-05,9e-05,0.00015,0.00052,0.00073,0.00042,0.00014,0.00011,4
49810,7e-05,9e-05,0.00015,0.00052,0.00073,0.00042,0.00014,0.00011,4
49811,-5e-05,-7e-05,-0.00014,-4e-05,-0.0008,-0.00024,4e-05,-6e-05,4
49812,-2e-05,-1e-05,-8e-05,0.00051,0.00035,0.00037,3e-05,0.0,4
49813,-2e-05,-1e-05,-8e-05,0.00051,0.00035,0.00037,3e-05,0.0,4
49814,-2e-05,-1e-05,-8e-05,0.00051,0.00035,0.00037,3e-05,0.0,4
49815,-2e-05,-1e-05,-8e-05,0.00051,0.00035,0.00037,3e-05,0.0,4
49816,-2e-05,-1e-05,-8e-05,0.00051,0.00035,0.00037,3e-05,0.0,4
49817,-2e-05,-1e-05,-8e-05,0.00051,0.00035,0.00037,3e-05,0.0,4
49818,-2e-05,-1e-05,-8e-05,0.00051,0.00035,0.00037,3e-05,0.0,4
49819,-2e-05,-1e-05,-8e-05,0.00051,0.00035,0.00037,3e-05,0.0,4
49820,-2e-05,-1e-05,-8e-05,0.00051,0.00035,0.00037,3e-05,0.0,4
49821,-2e-05,-1e-05,-8e-05,0.00051,0.00035,0.00037,3e-05,0.0,4
49822,-2e-05,-1e-05,-8e-05,0.00051,0.00035,0.00037,3e-05,0.0,4
49823,-2e-05,-1e-05,-8e-05,0.00051,0.00035,0.00037,3e-05,0.0,4
49824,-2e-05,-1e-05,-8e-05,0.00051,0.00035,0.00037,3e-05,0.0,4
49825,9e-05,0.00011,0.00017,0.00017,-8e-05,-0.00062,9e-05,0.00011,4
49826,-2e-05,1e-05,0.00011,-0.00027,-0.00024,8e-05,4e-05,-3e-05,4
49827,-2e-05,1e-05,0.00011,-0.00027,-0.00024,8e-05,4e-05,-3e-05,4
49829,-2e-05,1e-05,0.00011,-0.00027,-0.00024,8e-05,4e-05,-3e-05,4
49830,-2e-05,1e-05,0.00011,-0.00027,-0.00024,8e-05,4e-05,-3e-05,4
49831,-2e-05,1e-05,0.00011,-0.00027,-0.00024,8e-05,4e-05,-3e-05,4
49832,-2e-05,1e-05,0.00011,-0.00027,-0.00024,8e-05,4e-05,-3e-05,4
49833,-2e-05,1e-05,0.00011,-0.00027,-0.00024,8e-05,4e-05,-3e-05,4
49834,-2e-05,1e-05,0.00011,-0.00027,-0.00024,8e-05,4e-05,-3e-05,4
49835,-2e-05,1e-05,0.00011,-0.00027,-0.00024,8e-05,4e-05,-3e-05,4
49836,-2e-05,1e-05,0.00011,-0.00027,-0.00024,8e-05,4e-05,-3e-05,4
49838,-2e-05,1e-05,0.00011,-0.00027,-0.00024,8e-05,4e-05,-3e-05,4
49839,-2e-05,1e-05,0.00011,-0.00027,-0.00024,8e-05,4e-05,-3e-05,4
49840,-2e-05,1e-05,0.00011,-0.00027,-0.00024,8e-05,4e-05,-3e-05,4
49841,-2e-05,1e-05,0.00011,-0.00027,-0.00024,8e-05,4e-05,-3e-05,4
49842,-2e-05,1e-05,0.00011,-0.00027,-0.00024,8e-05,4e-05,-3e-05,4
49843,-2e-05,1e-05,0.00011,-0.00027,-0.00024,8e-05,4e-05,-3e-05,4
49844,-2e-05,1e-05,0.00011,-0.00027,-0.00024,8e-05,4e-05,-3e-05,4
49845,-2e-05,1e-05,0.00011,-0.00027,-0.00024,8e-05,4e-05,-3e-05,4
49846,-2e-05,1e-05,0.00011,-0.00027,-0.00024,8e-05,4e-05,-3e-05,4
49847,-2e-05,1e-05,0.00011,-0.00027,-0.00024,8e-05,4e-05,-3e-05,4
49848,5e-05,6e-05,0.00027,0.00076,6e-05,0.00051,0.0001,5e-05,4
49849,2e-05,4e-05,9e-05,9e-05,-0.00128,-0.00026,-3e-05,2e-05,4
49850,2e-05,4e-05,9e-05,9e-05,-0.00128,-0.00026,-3e-05,2e-05,4
49851,2e-05,4e-05,9e-05,9e-05,-0.00128,-0.00026,-3e-05,2e-05,4
49852,2e-05,4e-05,9e-05,9e-05,-0.00128,-0.00026,-3e-05,2e-05,4
49853,2e-05,4e-05,9e-05,9e-05,-0.00128,-0.00026,-3e-05,2e-05,4
49854,2e-05,4e-05,9e-05,9e-05,-0.00128,-0.00026,-3e-05,2e-05,4
49855,2e-05,4e-05,9e-05,9e-05,-0.00128,-0.00026,-3e-05,2e-05,4
49856,2e-05,4e-05,9e-05,9e-05,-0.00128,-0.00026,-3e-05,2e-05,4
49857,2e-05,4e-05,9e-05,9e-05,-0.00128,-0.00026,-3e-05,2e-05,4
49858,2e-05,4e-05,9e-05,9e-05,-0.00128,-0.00026,-3e-05,2e-05,4
49859,2e-05,4e-05,9e-05,9e-05,-0.00128,-0.00026,-3e-05,2e-05,4
49860,2e-05,4e-05,9e-05,9e-05,-0.00128,-0.00026,-3e-05,2e-05,4
49861,2e-05,4e-05,9e-05,9e-05,-0.00128,-0.00026,-3e-05,2e-05,4
49862,-3e-05,-5e-05,-6e-05,-0.00055,-0.00087,-0.00039,-0.00023,-7e-05,4
49863,1e-05,3e-05,5e-05,-9e-05,0.00046,0.00045,9e-05,5e-05,4
49864,1e-05,3e-05,5e-05,-9e-05,0.00046,0.00045,9e-05,5e-05,4
49865,1e-05,3e-05,5e-05,-9e-05,0.00046,0.00045,9e-05,5e-05,4
49866,1e-05,3e-05,5e-05,-9e-05,0.00046,0.00045,9e-05,5e-05,4
49867,1e-05,3e-05,5e-05,-9e-05,0.00046,0.00045,9e-05,5e-05,4
49868,1e-05,3e-05,5e-05,-9e-05,0.00046,0.00045,9e-05,5e-05,4
49869,1e-05,3e-05,5e-05,-9e-05,0.00046,0.00045,9e-05,5e-05,4
49870,1e-05,3e-05,5e-05,-9e-05,0.00046,0.00045,9e-05,5e-05,4
49871,1e-05,3e-05,5e-05,-9e-05,0.00046,0.00045,9e-05,5e-05,4
49872,1e-05,3e-05,5e-05,-9e-05,0.00046,0.00045,9e-05,5e-05,4
49873,1e-05,3e-05,5e-05,-9e-05,0.00046,0.00045,9e-05,5e-05,4
49874,1e-05,3e-05,5e-05,-9e-05,0.00046,0.00045,9e-05,5e-05,4
49875,1e-05,3e-05,5e-05,-9e-05,0.00046,0.00045,9e-05,5e-05,4
49876,1e-05,3e-05,5e-05,-9e-05,0.00046,0.00045,9e-05,5e-05,4
49877,1e-05,3e-05,5e-05,-9e-05,0.00046,0.00045,9e-05,5e-05,0
49878,1e-05,3e-05,5e-05,-9e-05,0.00046,0.00045,9e-05,5e-05,0
49879,1e-05,3e-05,5e-05,-9e-05,0.00046,0.00045,9e-05,5e-05,0
49880,1e-05,3e-05,5e-05,-9e-05,0.00046,0.00045,9e-05,5e-05,0
49881,1e-05,3e-05,5e-05,-9e-05,0.00046,0.00045,9e-05,5e-05,0
49882,1e-05,3e-05,5e-05,-9e-05,0.00046,0.00045,9e-05,5e-05,0
49883,1e-05,3e-05,5e-05,-9e-05,0.00046,0.00045,9e-05,5e-05,0
49884,1e-05,3e-05,5e-05,-9e-05,0.00046,0.00045,9e-05,5e-05,0
49885,3e-05,6e-05,8e-05,4e-05,0.00051,0.0005,0.00013,5e-05,0
49886,3e-05,6e-05,8e-05,4e-05,0.00051,0.0005,0.00013,5e-05,0
49888,3e-05,6e-05,8e-05,4e-05,0.00051,0.0005,0.00013,5e-05,0
49889,3e-05,6e-05,8e-05,4e-05,0.00051,0.0005,0.00013,5e-05,0
49890,3e-05,6e-05,8e-05,4e-05,0.00051,0.0005,0.00013,5e-05,0
49891,3e-05,6e-05,8e-05,4e-05,0.00051,0.0005,0.00013,5e-05,0
49892,3e-05,6e-05,8e-05,4e-05,0.00051,0.0005,0.00013,5e-05,0
49893,-0.00019,-0.00032,-0.00045,-0.00051,-0.00075,-0.00076,-0.00028,-0.00016,0
49894,-0.00019,-0.00032,-0.00045,-0.00051,-0.00075,-0.00076,-0.00028,-0.00016,0
49895,-0.00019,-0.00032,-0.00045,-0.00051,-0.00075,-0.00076,-0.00028,-0.00016,0
49896,-0.00019,-0.00032,-0.00045,-0.00051,-0.00075,-0.00076,-0.00028,-0.00016,0
49897,-0.00019,-0.00032,-0.00045,-0.00051,-0.00075,-0.00076,-0.00028,-0.00016,0
49898,-0.00019,-0.00032,-0.00045,-0.00051,-0.00075,-0.00076,-0.00028,-0.00016,0
49899,-0.00019,-0.00032,-0.00045,-0.00051,-0.00075,-0.00076,-0.00028,-0.00016,0
49900,-0.00019,-0.00032,-0.00045,-0.00051,-0.00075,-0.00076,-0.00028,-0.00016,0
49901,8e-05,9e-05,-5e-05,-0.00056,-0.00075,0.00047,0.00014,6e-05,0
49902,2e-05,5e-05,4e-05,-0.00022,0.00054,0.0,-4e-05,-1e-05,0
49904,2e-05,5e-05,4e-05,-0.00022,0.00054,0.0,-4e-05,-1e-05,0
49905,2e-05,5e-05,4e-05,-0.00022,0.00054,0.0,-4e-05,-1e-05,0
49906,2e-05,5e-05,4e-05,-0.00022,0.00054,0.0,-4e-05,-1e-05,0
49907,2e-05,5e-05,4e-05,-0.00022,0.00054,0.0,-4e-05,-1e-05,0
49908,2e-05,5e-05,4e-05,-0.00022,0.00054,0.0,-4e-05,-1e-05,0
49909,2e-05,5e-05,4e-05,-0.00022,0.00054,0.0,-4e-05,-1e-05,0
49910,2e-05,5e-05,4e-05,-0.00022,0.00054,0.0,-4e-05,-1e-05,0
49911,2e-05,5e-05,4e-05,-0.00022,0.00054,0.0,-4e-05,-1e-05,0
49912,2e-05,5e-05,4e-05,-0.00022,0.00054,0.0,-4e-05,-1e-05,0
49913,2e-05,5e-05,4e-05,-0.00022,0.00054,0.0,-4e-05,-1e-05,0
49914,2e-05,5e-05,4e-05,-0.00022,0.00054,0.0,-4e-05,-1e-05,0
49915,2e-05,5e-05,4e-05,-0.00022,0.00054,0.0,-4e-05,-1e-05,0
49916,2e-05,5e-05,4e-05,-0.00022,0.00054,0.0,-4e-05,-1e-05,0
49917,2e-05,5e-05,4e-05,-0.00022,0.00054,0.0,-4e-05,-1e-05,0
49918,2e-05,5e-05,4e-05,-0.00022,0.00054,0.0,-4e-05,-1e-05,0
49919,2e-05,5e-05,4e-05,-0.00022,0.00054,0.0,-4e-05,-1e-05,0
49920,2e-05,5e-05,4e-05,-0.00022,0.00054,0.0,-4e-05,-1e-05,0
49921,2e-05,5e-05,4e-05,-0.00022,0.00054,0.0,-4e-05,-1e-05,0
49922,2e-05,5e-05,4e-05,-0.00022,0.00054,0.0,-4e-05,-1e-05,0
49923,2e-05,5e-05,4e-05,-0.00022,0.00054,0.0,-4e-05,-1e-05,0
49924,2e-05,5e-05,4e-05,-0.00022,0.00054,0.0,-4e-05,-1e-05,0
49925,2e-05,5e-05,4e-05,-0.00022,0.00054,0.0,-4e-05,-1e-05,0
49926,2e-05,5e-05,4e-05,-0.00022,0.00054,0.0,-4e-05,-1e-05,0
49927,2e-05,5e-05,4e-05,-0.00022,0.00054,0.0,-4e-05,-1e-05,0
49928,2e-05,5e-05,4e-05,-0.00022,0.00054,0.0,-4e-05,-1e-05,0
49929,2e-05,5e-05,4e-05,-0.00022,0.00054,0.0,-4e-05,-1e-05,0
49930,2e-05,5e-05,4e-05,-0.00022,0.00054,0.0,-4e-05,-1e-05,0
49931,0.0,-8e-05,-0.00025,0.00086,-3e-05,0.00021,8e-05,-3e-05,0
49932,0.0,-8e-05,-0.00025,0.00086,-3e-05,0.00021,8e-05,-3e-05,0
49933,0.0,-8e-05,-0.00025,0.00086,-3e-05,0.00021,8e-05,-3e-05,0
49934,0.0,-8e-05,-0.00025,0.00086,-3e-05,0.00021,8e-05,-3e-05,0
49935,0.0,-8e-05,-0.00025,0.00086,-3e-05,0.00021,8e-05,-3e-05,0
49936,0.0,-8e-05,-0.00025,0.00086,-3e-05,0.00021,8e-05,-3e-05,0
49938,0.0,-8e-05,-0.00025,0.00086,-3e-05,0.00021,8e-05,-3e-05,0
49939,0.0,-8e-05,-0.00025,0.00086,-3e-05,0.00021,8e-05,-3e-05,0
49940,0.0,-8e-05,-0.00025,0.00086,-3e-05,0.00021,8e-05,-3e-05,0
49941,0.0,-8e-05,-0.00025,0.00086,-3e-05,0.00021,8e-05,-3e-05,0
49942,0.0,-8e-05,-0.00025,0.00086,-3e-05,0.00021,8e-05,-3e-05,0
49943,0.0,-8e-05,-0.00025,0.00086,-3e-05,0.00021,8e-05,-3e-05,0
49944,0.0,-8e-05,-0.00025,0.00086,-3e-05,0.00021,8e-05,-3e-05,0
49945,0.0,-8e-05,-0.00025,0.00086,-3e-05,0.00021,8e-05,-3e-05,0
49946,-5e-05,-7e-05,1e-05,-0.0003,-7e-05,-0.00078,-0.00023,-9e-05,0
49947,-5e-05,-7e-05,1e-05,-0.0003,-7e-05,-0.00078,-0.00023,-9e-05,0
49948,-5e-05,-7e-05,1e-05,-0.0003,-7e-05,-0.00078,-0.00023,-9e-05,0
49949,-5e-05,-7e-05,1e-05,-0.0003,-7e-05,-0.00078,-0.00023,-9e-05,0
49951,-5e-05,-7e-05,1e-05,-0.0003,-7e-05,-0.00078,-0.00023,-9e-05,0
49952,-5e-05,-7e-05,1e-05,-0.0003,-7e-05,-0.00078,-0.00023,-9e-05,0
49953,-5e-05,-7e-05,1e-05,-0.0003,-7e-05,-0.00078,-0.00023,-9e-05,0
49954,-5e-05,-7e-05,1e-05,-0.0003,-7e-05,-0.00078,-0.00023,-9e-05,0
49955,-5e-05,-7e-05,1e-05,-0.0003,-7e-05,-0.00078,-0.00023,-9e-05,0
49956,-5e-05,-7e-05,1e-05,-0.0003,-7e-05,-0.00078,-0.00023,-9e-05,0
49957,-5e-05,-7e-05,1e-05,-0.0003,-7e-05,-0.00078,-0.00023,-9e-05,0
49958,-5e-05,-7e-05,1e-05,-0.0003,-7e-05,-0.00078,-0.00023,-9e-05,0
49959,-5e-05,-7e-05,1e-05,-0.0003,-7e-05,-0.00078,-0.00023,-9e-05,0
49960,-5e-05,-7e-05,1e-05,-0.0003,-7e-05,-0.00078,-0.00023,-9e-05,0
49961,-5e-05,-7e-05,1e-05,-0.0003,-7e-05,-0.00078,-0.00023,-9e-05,0
49962,-5e-05,-7e-05,1e-05,-0.0003,-7e-05,-0.00078,-0.00023,-9e-05,0
49963,-5e-05,-7e-05,1e-05,-0.0003,-7e-05,-0.00078,-0.00023,-9e-05,0
49964,-5e-05,-7e-05,1e-05,-0.0003,-7e-05,-0.00078,-0.00023,-9e-05,0
49965,-5e-05,-7e-05,1e-05,-0.0003,-7e-05,-0.00078,-0.00023,-9e-05,0
49966,-5e-05,-7e-05,1e-05,-0.0003,-7e-05,-0.00078,-0.00023,-9e-05,0
49967,-5e-05,-7e-05,1e-05,-0.0003,-7e-05,-0.00078,-0.00023,-9e-05,0
49968,5e-05,1e-05,-0.00011,-3e-05,-0.00085,0.00087,0.00028,9e-05,0
49969,1e-05,1e-05,8e-05,0.00012,-0.00084,-0.00013,-1e-05,-3e-05,0
49970,1e-05,1e-05,8e-05,0.00012,-0.00084,-0.00013,-1e-05,-3e-05,0
49971,1e-05,1e-05,8e-05,0.00012,-0.00084,-0.00013,-1e-05,-3e-05,0
49972,1e-05,1e-05,8e-05,0.00012,-0.00084,-0.00013,-1e-05,-3e-05,0
49973,1e-05,1e-05,8e-05,0.00012,-0.00084,-0.00013,-1e-05,-3e-05,0
49974,1e-05,1e-05,8e-05,0.00012,-0.00084,-0.00013,-1e-05,-3e-05,0
49975,1e-05,1e-05,8e-05,0.00012,-0.00084,-0.00013,-1e-05,-3e-05,0
49976,1e-05,1e-05,8e-05,0.00012,-0.00084,-0.00013,-1e-05,-3e-05,0
49977,1e-05,1e-05,8e-05,0.00012,-0.00084,-0.00013,-1e-05,-3e-05,0
49978,1e-05,1e-05,8e-05,0.00012,-0.00084,-0.00013,-1e-05,-3e-05,0
49979,1e-05,1e-05,8e-05,0.00012,-0.00084,-0.00013,-1e-05,-3e-05,0
49980,1e-05,1e-05,8e-05,0.00012,-0.00084,-0.00013,-1e-05,-3e-05,0
49981,1e-05,1e-05,8e-05,0.00012,-0.00084,-0.00013,-1e-05,-3e-05,0
49982,1e-05,1e-05,8e-05,0.00012,-0.00084,-0.00013,-1e-05,-3e-05,0
49983,-0.00012,-0.00021,-0.0003,0.00034,0.00058,-0.00034,-0.00011,-0.00013,0
49984,0.0001,0.00017,0.00025,-0.0002,0.00041,0.00066,0.00016,0.0001,0
49985,0.0001,0.00017,0.00025,-0.0002,0.00041,0.00066,0.00016,0.0001,0
49986,0.0001,0.00017,0.00025,-0.0002,0.00041,0.00066,0.00016,0.0001,0
49988,0.0001,0.00017,0.00025,-0.0002,0.00041,0.00066,0.00016,0.0001,0
49989,0.0001,0.00017,0.00025,-0.0002,0.00041,0.00066,0.00016,0.0001,0
49990,0.0001,0.00017,0.00025,-0.0002,0.00041,0.00066,0.00016,0.0001,0
49991,0.0001,0.00017,0.00025,-0.0002,0.00041,0.00066,0.00016,0.0001,0
49992,0.0001,0.00017,0.00025,-0.0002,0.00041,0.00066,0.00016,0.0001,0
49993,0.0001,0.00017,0.00025,-0.0002,0.00041,0.00066,0.00016,0.0001,0
49994,0.0001,0.00017,0.00025,-0.0002,0.00041,0.00066,0.00016,0.0001,0
49995,0.0001,0.00017,0.00025,-0.0002,0.00041,0.00066,0.00016,0.0001,0
49996,0.0001,0.00017,0.00025,-0.0002,0.00041,0.00066,0.00016,0.0001,0
49997,0.0001,0.00017,0.00025,-0.0002,0.00041,0.00066,0.00016,0.0001,0
49998,0.0001,0.00017,0.00025,-0.0002,0.00041,0.00066,0.00016,0.0001,0
49999,0.0001,0.00017,0.00025,-0.0002,0.00041,0.00066,0.00016,0.0001,0
50000,0.0001,0.00017,0.00025,-0.0002,0.00041,0.00066,0.00016,0.0001,0
50001,0.0001,0.00017,0.00025,-0.0002,0.00041,0.00066,0.00016,0.0001,0
50002,0.0001,0.00017,0.00025,-0.0002,0.00041,0.00066,0.00016,0.0001,0
50003,0.0001,0.00017,0.00025,-0.0002,0.00041,0.00066,0.00016,0.0001,0
50004,0.0001,0.00017,0.00025,-0.0002,0.00041,0.00066,0.00016,0.0001,0
50005,0.0001,0.00017,0.00025,-0.0002,0.00041,0.00066,0.00016,0.0001,0
50006,5e-05,0.00013,0.00027,0.00094,-0.00048,9e-05,-2e-05,2e-05,0
50007,0.00012,0.00019,0.00034,0.00036,0.00045,0.00062,0.00017,9e-05,0
50008,0.00012,0.00019,0.00034,0.00036,0.00045,0.00062,0.00017,9e-05,0
50009,0.00012,0.00019,0.00034,0.00036,0.00045,0.00062,0.00017,9e-05,0
50010,0.00012,0.00019,0.00034,0.00036,0.00045,0.00062,0.00017,9e-05,0
50011,0.00012,0.00019,0.00034,0.00036,0.00045,0.00062,0.00017,9e-05,0
50012,0.00012,0.00019,0.00034,0.00036,0.00045,0.00062,0.00017,9e-05,0
50013,0.00012,0.00019,0.00034,0.00036,0.00045,0.00062,0.00017,9e-05,0
50014,0.00012,0.00019,0.00034,0.00036,0.00045,0.00062,0.00017,9e-05,0
50015,0.00012,0.00019,0.00034,0.00036,0.00045,0.00062,0.00017,9e-05,0
50016,0.00012,0.00019,0.00034,0.00036,0.00045,0.00062,0.00017,9e-05,0
50017,0.00012,0.00019,0.00034,0.00036,0.00045,0.00062,0.00017,9e-05,0
50018,0.00012,0.00019,0.00034,0.00036,0.00045,0.00062,0.00017,9e-05,0
50019,0.00012,0.00019,0.00034,0.00036,0.00045,0.00062,0.00017,9e-05,0
50020,0.00012,0.00019,0.00034,0.00036,0.00045,0.00062,0.00017,9e-05,0
50021,0.00011,0.00021,0.00037,0.00101,0.00038,0.00087,0.00032,0.00014,0
50022,-8e-05,-0.00017,-0.00019,-0.00033,0.00053,-0.00076,-0.00017,-6e-05,0
50023,-8e-05,-0.00017,-0.00019,-0.00033,0.00053,-0.00076,-0.00017,-6e-05,0
50024,-8e-05,-0.00017,-0.00019,-0.00033,0.00053,-0.00076,-0.00017,-6e-05,0
50025,-8e-05,-0.00017,-0.00019,-0.00033,0.00053,-0.00076,-0.00017,-6e-05,0
50026,-8e-05,-0.00017,-0.00019,-0.00033,0.00053,-0.00076,-0.00017,-6e-05,0
50027,-8e-05,-0.00017,-0.00019,-0.00033,0.00053,-0.00076,-0.00017,-6e-05,0
50028,-8e-05,-0.00017,-0.00019,-0.00033,0.00053,-0.00076,-0.00017,-6e-05,0
50029,-8e-05,-0.00017,-0.00019,-0.00033,0.00053,-0.00076,-0.00017,-6e-05,0
50030,-8e-05,-0.00017,-0.00019,-0.00033,0.00053,-0.00076,-0.00017,-6e-05,0
50031,-8e-05,-0.00017,-0.00019,-0.00033,0.00053,-0.00076,-0.00017,-6e-05,0
50033,-8e-05,-0.00017,-0.00019,-0.00033,0.00053,-0.00076,-0.00017,-6e-05,0
50034,-8e-05,-0.00017,-0.00019,-0.00033,0.00053,-0.00076,-0.00017,-6e-05,0
50035,-8e-05,-0.00017,-0.00019,-0.00033,0.00053,-0.00076,-0.00017,-6e-05,0
50043,-8e-05,-0.00017,-0.00019,-0.00033,0.00053,-0.00076,-0.00017,-6e-05,0
50044,-8e-05,-0.00017,-0.00019,-0.00033,0.00053,-0.00076,-0.00017,-6e-05,0
50045,-8e-05,-0.00017,-0.00019,-0.00033,0.00053,-0.00076,-0.00017,-6e-05,0
50046,-8e-05,-0.00017,-0.00019,-0.00033,0.00053,-0.00076,-0.00017,-6e-05,0
50047,-8e-05,-0.00017,-0.00019,-0.00033,0.00053,-0.00076,-0.00017,-6e-05,0
50048,-8e-05,-0.00017,-0.00019,-0.00033,0.00053,-0.00076,-0.00017,-6e-05,0
50049,-8e-05,-0.00017,-0.00019,-0.00033,0.00053,-0.00076,-0.00017,-6e-05,0
50050,-3e-05,-4e-05,-5e-05,0.00029,1e-05,0.00062,9e-05,-1e-05,0
50051,9e-05,0.00015,0.00023,0.00049,0.00022,0.00044,0.00021,0.00011,0
50052,9e-05,0.00015,0.00023,0.00049,0.00022,0.00044,0.00021,0.00011,0
50053,9e-05,0.00015,0.00023,0.00049,0.00022,0.00044,0.00021,0.00011,0
50054,9e-05,0.00015,0.00023,0.00049,0.00022,0.00044,0.00021,0.00011,0
50055,9e-05,0.00015,0.00023,0.00049,0.00022,0.00044,0.00021,0.00011,0
50056,9e-05,0.00015,0.00023,0.00049,0.00022,0.00044,0.00021,0.00011,0
50057,9e-05,0.00015,0.00023,0.00049,0.00022,0.00044,0.00021,0.00011,0
50058,9e-05,0.00015,0.00023,0.00049,0.00022,0.00044,0.00021,0.00011,0
50059,9e-05,0.00015,0.00023,0.00049,0.00022,0.00044,0.00021,0.00011,0
50060,9e-05,0.00015,0.00023,0.00049,0.00022,0.00044,0.00021,0.00011,0
50061,9e-05,0.00015,0.00023,0.00049,0.00022,0.00044,0.00021,0.00011,0
50062,9e-05,0.00015,0.00023,0.00049,0.00022,0.00044,0.00021,0.00011,0
50063,9e-05,0.00015,0.00023,0.00049,0.00022,0.00044,0.00021,0.00011,0
50064,9e-05,0.00015,0.00023,0.00049,0.00022,0.00044,0.00021,0.00011,0
50065,9e-05,0.00015,0.00023,0.00049,0.00022,0.00044,0.00021,0.00011,0
50066,-0.00011,-0.00016,-0.00022,-0.00116,-0.00075,-0.00065,-0.00025,-0.00013,0
50067,-0.00011,-0.00016,-0.00022,-0.00116,-0.00075,-0.00065,-0.00025,-0.00013,0
50068,-0.00011,-0.00016,-0.00022,-0.00116,-0.00075,-0.00065,-0.00025,-0.00013,0
50069,-0.00011,-0.00016,-0.00022,-0.00116,-0.00075,-0.00065,-0.00025,-0.00013,0
50070,-0.00011,-0.00016,-0.00022,-0.00116,-0.00075,-0.00065,-0.00025,-0.00013,0
50071,-0.00011,-0.00016,-0.00022,-0.00116,-0.00075,-0.00065,-0.00025,-0.00013,0
50072,-0.00011,-0.00016,-0.00022,-0.00116,-0.00075,-0.00065,-0.00025,-0.00013,0
50073,-0.00011,-0.00016,-0.00022,-0.00116,-0.00075,-0.00065,-0.00025,-0.00013,0
50075,-0.00011,-0.00016,-0.00022,-0.00116,-0.00075,-0.00065,-0.00025,-0.00013,0
50076,-0.00011,-0.00016,-0.00022,-0.00116,-0.00075,-0.00065,-0.00025,-0.00013,0
50077,-0.00011,-0.00016,-0.00022,-0.00116,-0.00075,-0.00065,-0.00025,-0.00013,0
50078,-0.00011,-0.00016,-0.00022,-0.00116,-0.00075,-0.00065,-0.00025,-0.00013,0
50079,-0.00011,-0.00016,-0.00022,-0.00116,-0.00075,-0.00065,-0.00025,-0.00013,0
50080,-0.00011,-0.00016,-0.00022,-0.00116,-0.00075,-0.00065,-0.00025,-0.00013,0
50081,-0.00011,-0.00016,-0.00022,-0.00116,-0.00075,-0.00065,-0.00025,-0.00013,0
50082,-0.00011,-0.00016,-0.00022,-0.00116,-0.00075,-0.00065,-0.00025,-0.00013,0
50083,-0.00011,-0.00016,-0.00022,-0.00116,-0.00075,-0.00065,-0.00025,-0.00013,0
50084,-0.00011,-0.00016,-0.00022,-0.00116,-0.00075,-0.00065,-0.00025,-0.00013,0
50085,-0.00011,-0.00016,-0.00022,-0.00116,-0.00075,-0.00065,-0.00025,-0.00013,0
50086,-0.00011,-0.00016,-0.00022,-0.00116,-0.00075,-0.00065,-0.00025,-0.00013,0
50088,0.0001,0.00016,0.00031,-0.00021,-0.00056,0.00088,0.00031,0.00012,0
50089,-6e-05,-7e-05,-0.00014,-0.0001,-0.00025,-0.00052,-0.00011,-4e-05,0
50090,-6e-05,-7e-05,-0.00014,-0.0001,-0.00025,-0.00052,-0.00011,-4e-05,0
50091,-6e-05,-7e-05,-0.00014,-0.0001,-0.00025,-0.00052,-0.00011,-4e-05,0
50092,-6e-05,-7e-05,-0.00014,-0.0001,-0.00025,-0.00052,-0.00011,-4e-05,0
50093,-6e-05,-7e-05,-0.00014,-0.0001,-0.00025,-0.00052,-0.00011,-4e-05,0
50094,-6e-05,-7e-05,-0.00014,-0.0001,-0.00025,-0.00052,-0.00011,-4e-05,0
50095,-6e-05,-7e-05,-0.00014,-0.0001,-0.00025,-0.00052,-0.00011,-4e-05,0
50096,-6e-05,-7e-05,-0.00014,-0.0001,-0.00025,-0.00052,-0.00011,-4e-05,0
50097,-6e-05,-7e-05,-0.00014,-0.0001,-0.00025,-0.00052,-0.00011,-4e-05,0
50098,-6e-05,-7e-05,-0.00014,-0.0001,-0.00025,-0.00052,-0.00011,-4e-05,0
50099,-6e-05,-7e-05,-0.00014,-0.0001,-0.00025,-0.00052,-0.00011,-4e-05,0
50100,-6e-05,-7e-05,-0.00014,-0.0001,-0.00025,-0.00052,-0.00011,-4e-05,0
50101,-6e-05,-7e-05,-0.00014,-0.0001,-0.00025,-0.00052,-0.00011,-4e-05,0
50102,-6e-05,-7e-05,-0.00014,-0.0001,-0.00025,-0.00052,-0.00011,-4e-05,0
50103,7e-05,0.00012,0.00019,0.00033,-0.00078,0.00023,-2e-05,5e-05,0
50104,-3e-05,-1e-05,3e-05,-0.00014,-0.00112,-0.00054,4e-05,0.0,0
50105,-3e-05,-1e-05,3e-05,-0.00014,-0.00112,-0.00054,4e-05,0.0,0
50106,-3e-05,-1e-05,3e-05,-0.00014,-0.00112,-0.00054,4e-05,0.0,0
50107,-3e-05,-1e-05,3e-05,-0.00014,-0.00112,-0.00054,4e-05,0.0,0
50108,-3e-05,-1e-05,3e-05,-0.00014,-0.00112,-0.00054,4e-05,0.0,0
50109,-3e-05,-1e-05,3e-05,-0.00014,-0.00112,-0.00054,4e-05,0.0,0
50110,-3e-05,-1e-05,3e-05,-0.00014,-0.00112,-0.00054,4e-05,0.0,0
50111,-3e-05,-1e-05,3e-05,-0.00014,-0.00112,-0.00054,4e-05,0.0,0
50112,-3e-05,-1e-05,3e-05,-0.00014,-0.00112,-0.00054,4e-05,0.0,0
50113,-3e-05,-1e-05,3e-05,-0.00014,-0.00112,-0.00054,4e-05,0.0,0
50114,-3e-05,-1e-05,3e-05,-0.00014,-0.00112,-0.00054,4e-05,0.0,0
50115,-3e-05,-1e-05,3e-05,-0.00014,-0.00112,-0.00054,4e-05,0.0,0
50116,-3e-05,-1e-05,3e-05,-0.00014,-0.00112,-0.00054,4e-05,0.0,0
50117,-3e-05,-1e-05,3e-05,-0.00014,-0.00112,-0.00054,4e-05,0.0,0
50118,-3e-05,-1e-05,3e-05,-0.00014,-0.00112,-0.00054,4e-05,0.0,0
50119,-3e-05,-1e-05,3e-05,-0.00014,-0.00112,-0.00054,4e-05,0.0,0
50120,-3e-05,-1e-05,3e-05,-0.00014,-0.00112,-0.00054,4e-05,0.0,0
50121,-3e-05,-1e-05,3e-05,-0.00014,-0.00112,-0.00054,4e-05,0.0,0
50122,-3e-05,-1e-05,3e-05,-0.00014,-0.00112,-0.00054,4e-05,0.0,0
50123,-3e-05,-1e-05,3e-05,-0.00014,-0.00112,-0.00054,4e-05,0.0,0
50124,-3e-05,-1e-05,3e-05,-0.00014,-0.00112,-0.00054,4e-05,0.0,0
50125,-3e-05,-1e-05,3e-05,-0.00014,-0.00112,-0.00054,4e-05,0.0,0
50126,-7e-05,-0.00011,-0.00013,4e-05,-0.00075,-0.00012,-6e-05,-4e-05,0
50127,-3e-05,-7e-05,-0.00016,2e-05,0.0003,-0.00017,-3e-05,-5e-05,0
50128,-3e-05,-7e-05,-0.00016,2e-05,0.0003,-0.00017,-3e-05,-5e-05,0
50129,-3e-05,-7e-05,-0.00016,2e-05,0.0003,-0.00017,-3e-05,-5e-05,0
50130,-3e-05,-7e-05,-0.00016,2e-05,0.0003,-0.00017,-3e-05,-5e-05,0
50131,-3e-05,-7e-05,-0.00016,2e-05,0.0003,-0.00017,-3e-05,-5e-05,0
50132,-3e-05,-7e-05,-0.00016,2e-05,0.0003,-0.00017,-3e-05,-5e-05,0
50133,-3e-05,-7e-05,-0.00016,2e-05,0.0003,-0.00017,-3e-05,-5e-05,0
50134,-3e-05,-7e-05,-0.00016,2e-05,0.0003,-0.00017,-3e-05,-5e-05,0
50135,-3e-05,-7e-05,-0.00016,2e-05,0.0003,-0.00017,-3e-05,-5e-05,0
50136,-3e-05,-7e-05,-0.00016,2e-05,0.0003,-0.00017,-3e-05,-5e-05,0
50138,-3e-05,-7e-05,-0.00016,2e-05,0.0003,-0.00017,-3e-05,-5e-05,0
50139,-3e-05,-7e-05,-0.00016,2e-05,0.0003,-0.00017,-3e-05,-5e-05,0
50140,3e-05,4e-05,6e-05,0.00019,0.00059,0.00027,4e-05,1e-05,0
50141,-3e-05,-4e-05,-7e-05,-3e-05,-0.00011,-9e-05,5e-05,-4e-05,0
50142,-3e-05,-4e-05,-7e-05,-3e-05,-0.00011,-9e-05,5e-05,-4e-05,0
50143,-3e-05,-4e-05,-7e-05,-3e-05,-0.00011,-9e-05,5e-05,-4e-05,0
50144,-3e-05,-4e-05,-7e-05,-3e-05,-0.00011,-9e-05,5e-05,-4e-05,0
50145,-3e-05,-4e-05,-7e-05,-3e-05,-0.00011,-9e-05,5e-05,-4e-05,0
50146,-3e-05,-4e-05,-7e-05,-3e-05,-0.00011,-9e-05,5e-05,-4e-05,0
50147,-3e-05,-4e-05,-7e-05,-3e-05,-0.00011,-9e-05,5e-05,-4e-05,0
50148,-3e-05,-4e-05,-7e-05,-3e-05,-0.00011,-9e-05,5e-05,-4e-05,0
50149,-3e-05,-4e-05,-7e-05,-3e-05,-0.00011,-9e-05,5e-05,-4e-05,0
50150,-3e-05,-4e-05,-7e-05,-3e-05,-0.00011,-9e-05,5e-05,-4e-05,0
50151,-3e-05,-4e-05,-7e-05,-3e-05,-0.00011,-9e-05,5e-05,-4e-05,0
50152,-3e-05,-4e-05,-7e-05,-3e-05,-0.00011,-9e-05,5e-05,-4e-05,0
50153,-3e-05,-4e-05,-7e-05,-3e-05,-0.00011,-9e-05,5e-05,-4e-05,0
50154,-3e-05,-4e-05,-7e-05,-3e-05,-0.00011,-9e-05,5e-05,-4e-05,0
50155,-3e-05,-4e-05,-7e-05,-3e-05,-0.00011,-9e-05,5e-05,-4e-05,0
50156,-3e-05,-4e-05,-7e-05,-3e-05,-0.00011,-9e-05,5e-05,-4e-05,0
50157,-3e-05,-4e-05,-7e-05,-3e-05,-0.00011,-9e-05,5e-05,-4e-05,0
50158,-3e-05,-4e-05,-7e-05,-3e-05,-0.00011,-9e-05,5e-05,-4e-05,0
50159,-3e-05,-4e-05,-7e-05,-3e-05,-0.00011,-9e-05,5e-05,-4e-05,0
50160,-3e-05,-4e-05,-7e-05,-3e-05,-0.00011,-9e-05,5e-05,-4e-05,0
50161,-3e-05,-4e-05,-7e-05,-3e-05,-0.00011,-9e-05,5e-05,-4e-05,0
50162,0.0,3e-05,6e-05,3e-05,0.00035,0.00022,8e-05,0.0,0
50163,-3e-05,-3e-05,-9e-05,-1e-05,0.00044,4e-05,-7e-05,-4e-05,0
50164,-3e-05,-3e-05,-9e-05,-1e-05,0.00044,4e-05,-7e-05,-4e-05,0
50165,-3e-05,-3e-05,-9e-05,-1e-05,0.00044,4e-05,-7e-05,-4e-05,0
50166,-3e-05,-3e-05,-9e-05,-1e-05,0.00044,4e-05,-7e-05,-4e-05,0
50167,-3e-05,-3e-05,-9e-05,-1e-05,0.00044,4e-05,-7e-05,-4e-05,0
50168,-3e-05,-3e-05,-9e-05,-1e-05,0.00044,4e-05,-7e-05,-4e-05,0
50169,-3e-05,-3e-05,-9e-05,-1e-05,0.00044,4e-05,-7e-05,-4e-05,0
50170,-3e-05,-3e-05,-9e-05,-1e-05,0.00044,4e-05,-7e-05,-4e-05,0
50171,-3e-05,-3e-05,-9e-05,-1e-05,0.00044,4e-05,-7e-05,-4e-05,0
50172,-3e-05,-3e-05,-9e-05,-1e-05,0.00044,4e-05,-7e-05,-4e-05,0
50173,-3e-05,-3e-05,-9e-05,-1e-05,0.00044,4e-05,-7e-05,-4e-05,0
50174,-3e-05,-3e-05,-9e-05,-1e-05,0.00044,4e-05,-7e-05,-4e-05,0
50175,-3e-05,-3e-05,-9e-05,-1e-05,0.00044,4e-05,-7e-05,-4e-05,0
50176,-3e-05,-3e-05,-9e-05,-1e-05,0.00044,4e-05,-7e-05,-4e-05,0
50177,-3e-05,-3e-05,-9e-05,-1e-05,0.00044,4e-05,-7e-05,-4e-05,0
50178,-3e-05,-3e-05,-9e-05,-1e-05,0.00044,4e-05,-7e-05,-4e-05,0
50179,-3e-05,-3e-05,-9e-05,-1e-05,0.00044,4e-05,-7e-05,-4e-05,0
50180,-3e-05,-3e-05,-9e-05,-1e-05,0.00044,4e-05,-7e-05,-4e-05,0
50181,-3e-05,-3e-05,-9e-05,-1e-05,0.00044,4e-05,-7e-05,-4e-05,0
50182,-3e-05,-3e-05,-9e-05,-1e-05,0.00044,4e-05,-7e-05,-4e-05,0
50183,-3e-05,-3e-05,-9e-05,-1e-05,0.00044,4e-05,-7e-05,-4e-05,0
50184,-3e-05,-3e-05,-9e-05,-1e-05,0.00044,4e-05,-7e-05,-4e-05,0
50185,1e-05,1e-05,0.00014,3e-05,-0.00039,-0.00039,-5e-05,-2e-05,0
50186,-4e-05,-7e-05,-0.0001,-0.00025,-0.00078,-0.00012,-0.0001,-7e-05,0
50188,-4e-05,-7e-05,-0.0001,-0.00025,-0.00078,-0.00012,-0.0001,-7e-05,0
50189,-4e-05,-7e-05,-0.0001,-0.00025,-0.00078,-0.00012,-0.0001,-7e-05,0
50190,-4e-05,-7e-05,-0.0001,-0.00025,-0.00078,-0.00012,-0.0001,-7e-05,0
50191,-4e-05,-7e-05,-0.0001,-0.00025,-0.00078,-0.00012,-0.0001,-7e-05,0
50192,-4e-05,-7e-05,-0.0001,-0.00025,-0.00078,-0.00012,-0.0001,-7e-05,0
50193,-4e-05,-7e-05,-0.0001,-0.00025,-0.00078,-0.00012,-0.0001,-7e-05,0
50194,-4e-05,-7e-05,-0.0001,-0.00025,-0.00078,-0.00012,-0.0001,-7e-05,0
50195,-4e-05,-7e-05,-0.0001,-0.00025,-0.00078,-0.00012,-0.0001,-7e-05,0
50196,-4e-05,-7e-05,-0.0001,-0.00025,-0.00078,-0.00012,-0.0001,-7e-05,0
50197,-4e-05,-7e-05,-0.0001,-0.00025,-0.00078,-0.00012,-0.0001,-7e-05,0
50198,-4e-05,-7e-05,-0.0001,-0.00025,-0.00078,-0.00012,-0.0001,-7e-05,0
50199,-4e-05,-7e-05,-0.0001,-0.00025,-0.00078,-0.00012,-0.0001,-7e-05,0
50200,-4e-05,-7e-05,-0.0001,-0.00025,-0.00078,-0.00012,-0.0001,-7e-05,0
50201,-4e-05,-7e-05,-0.0001,-0.00025,-0.00078,-0.00012,-0.0001,-7e-05,0
50202,-4e-05,-7e-05,-0.0001,-0.00025,-0.00078,-0.00012,-0.0001,-7e-05,0
50203,-4e-05,-7e-05,-0.0001,-0.00025,-0.00078,-0.00012,-0.0001,-7e-05,0
50204,-4e-05,-7e-05,-0.0001,-0.00025,-0.00078,-0.00012,-0.0001,-7e-05,0
50205,-4e-05,-7e-05,-0.0001,-0.00025,-0.00078,-0.00012,-0.0001,-7e-05,0
50206,-4e-05,-7e-05,-0.0001,-0.00025,-0.00078,-0.00012,-0.0001,-7e-05,0
50207,-4e-05,-7e-05,-0.0001,-0.00025,-0.00078,-0.00012,-0.0001,-7e-05,0
50208,-3e-05,-1e-05,-4e-05,-7e-05,0.00019,0.0002,-5e-05,-7e-05,0
50209,-1e-05,-1e-05,-1e-05,6e-05,0.00032,0.00012,-7e-05,-1e-05,0
50210,-1e-05,-1e-05,-1e-05,6e-05,0.00032,0.00012,-7e-05,-1e-05,0
50211,-1e-05,-1e-05,-1e-05,6e-05,0.00032,0.00012,-7e-05,-1e-05,0
50212,-1e-05,-1e-05,-1e-05,6e-05,0.00032,0.00012,-7e-05,-1e-05,0
50213,-1e-05,-1e-05,-1e-05,6e-05,0.00032,0.00012,-7e-05,-1e-05,0
50214,-1e-05,-1e-05,-1e-05,6e-05,0.00032,0.00012,-7e-05,-1e-05,0
50215,-1e-05,-1e-05,-1e-05,6e-05,0.00032,0.00012,-7e-05,-1e-05,0
50216,-1e-05,-1e-05,-1e-05,6e-05,0.00032,0.00012,-7e-05,-1e-05,0
50217,-1e-05,-1e-05,-1e-05,6e-05,0.00032,0.00012,-7e-05,-1e-05,0
50218,-1e-05,-1e-05,-1e-05,6e-05,0.00032,0.00012,-7e-05,-1e-05,0
50219,-1e-05,-1e-05,-1e-05,6e-05,0.00032,0.00012,-7e-05,-1e-05,0
50220,-1e-05,-1e-05,-1e-05,6e-05,0.00032,0.00012,-7e-05,-1e-05,0
50221,-1e-05,-1e-05,-1e-05,6e-05,0.00032,0.00012,-7e-05,-1e-05,0
50222,-3e-05,-4e-05,-7e-05,-0.00014,0.00019,-0.00026,1e-05,-2e-05,0
50223,-1e-05,1e-05,-2e-05,0.0007,0.00023,0.0,2e-05,1e-05,0
50224,-1e-05,1e-05,-2e-05,0.0007,0.00023,0.0,2e-05,1e-05,0
50225,-1e-05,1e-05,-2e-05,0.0007,0.00023,0.0,2e-05,1e-05,0
50226,-1e-05,1e-05,-2e-05,0.0007,0.00023,0.0,2e-05,1e-05,0
50227,-1e-05,1e-05,-2e-05,0.0007,0.00023,0.0,2e-05,1e-05,0
50228,-1e-05,1e-05,-2e-05,0.0007,0.00023,0.0,2e-05,1e-05,0
50229,-1e-05,1e-05,-2e-05,0.0007,0.00023,0.0,2e-05,1e-05,0
50230,-1e-05,1e-05,-2e-05,0.0007,0.00023,0.0,2e-05,1e-05,0
50231,-1e-05,1e-05,-2e-05,0.0007,0.00023,0.0,2e-05,1e-05,0
50232,-1e-05,1e-05,-2e-05,0.0007,0.00023,0.0,2e-05,1e-05,0
50233,-1e-05,1e-05,-2e-05,0.0007,0.00023,0.0,2e-05,1e-05,0
50234,-1e-05,1e-05,-2e-05,0.0007,0.00023,0.0,2e-05,1e-05,0
50235,-1e-05,1e-05,-2e-05,0.0007,0.00023,0.0,2e-05,1e-05,0
50236,-1e-05,1e-05,-2e-05,0.0007,0.00023,0.0,2e-05,1e-05,0
50238,-1e-05,1e-05,-2e-05,0.0007,0.00023,0.0,2e-05,1e-05,0
50239,-1e-05,1e-05,-2e-05,0.0007,0.00023,0.0,2e-05,1e-05,0
50240,-1e-05,1e-05,-2e-05,0.0007,0.00023,0.0,2e-05,1e-05,0
50241,-1e-05,1e-05,-2e-05,0.0007,0.00023,0.0,2e-05,1e-05,0
50242,-1e-05,1e-05,-2e-05,0.0007,0.00023,0.0,2e-05,1e-05,0
50243,-1e-05,1e-05,-2e-05,0.0007,0.00023,0.0,2e-05,1e-05,0
50244,-1e-05,1e-05,-2e-05,0.0007,0.00023,0.0,2e-05,1e-05,0
50245,-1e-05,1e-05,-2e-05,0.0007,0.00023,0.0,2e-05,1e-05,0
50246,1e-05,-1e-05,-1e-05,-7e-05,3e-05,-8e-05,3e-05,0.0,0
50247,3e-05,4e-05,0.00012,-1e-05,-0.00022,6e-05,1e-05,2e-05,0
50248,3e-05,4e-05,0.00012,-1e-05,-0.00022,6e-05,1e-05,2e-05,0
50249,3e-05,4e-05,0.00012,-1e-05,-0.00022,6e-05,1e-05,2e-05,0
50250,3e-05,4e-05,0.00012,-1e-05,-0.00022,6e-05,1e-05,2e-05,0
50251,3e-05,4e-05,0.00012,-1e-05,-0.00022,6e-05,1e-05,2e-05,0
50252,3e-05,4e-05,0.00012,-1e-05,-0.00022,6e-05,1e-05,2e-05,0
50253,3e-05,4e-05,0.00012,-1e-05,-0.00022,6e-05,1e-05,2e-05,0
50254,3e-05,4e-05,0.00012,-1e-05,-0.00022,6e-05,1e-05,2e-05,0
50255,3e-05,4e-05,0.00012,-1e-05,-0.00022,6e-05,1e-05,2e-05,0
50256,3e-05,4e-05,0.00012,-1e-05,-0.00022,6e-05,1e-05,2e-05,0
50257,3e-05,4e-05,0.00012,-1e-05,-0.00022,6e-05,1e-05,2e-05,0
50258,3e-05,4e-05,0.00012,-1e-05,-0.00022,6e-05,1e-05,2e-05,0
50259,3e-05,4e-05,0.00012,-1e-05,-0.00022,6e-05,1e-05,2e-05,0
50260,-2e-05,-6e-05,2e-05,-3e-05,-0.00028,-4e-05,-1e-05,-1e-05,0
50261,-2e-05,-2e-05,4e-05,0.00013,0.00042,0.00023,4e-05,-2e-05,0
50262,-2e-05,-2e-05,4e-05,0.00013,0.00042,0.00023,4e-05,-2e-05,0
50263,-2e-05,-2e-05,4e-05,0.00013,0.00042,0.00023,4e-05,-2e-05,0
50264,-2e-05,-2e-05,4e-05,0.00013,0.00042,0.00023,4e-05,-2e-05,0
50265,-2e-05,-2e-05,4e-05,0.00013,0.00042,0.00023,4e-05,-2e-05,0
50266,-2e-05,-2e-05,4e-05,0.00013,0.00042,0.00023,4e-05,-2e-05,0
50267,-2e-05,-2e-05,4e-05,0.00013,0.00042,0.00023,4e-05,-2e-05,0
50268,-2e-05,-2e-05,4e-05,0.00013,0.00042,0.00023,4e-05,-2e-05,0
50269,-2e-05,-2e-05,4e-05,0.00013,0.00042,0.00023,4e-05,-2e-05,0
50270,-2e-05,-2e-05,4e-05,0.00013,0.00042,0.00023,4e-05,-2e-05,0
50271,-2e-05,-2e-05,4e-05,0.00013,0.00042,0.00023,4e-05,-2e-05,0
50272,-2e-05,-2e-05,4e-05,0.00013,0.00042,0.00023,4e-05,-2e-05,0
50273,-2e-05,-2e-05,4e-05,0.00013,0.00042,0.00023,4e-05,-2e-05,0
50274,-2e-05,-2e-05,4e-05,0.00013,0.00042,0.00023,4e-05,-2e-05,0
50275,-2e-05,-2e-05,4e-05,0.00013,0.00042,0.00023,4e-05,-2e-05,0
50276,-2e-05,-2e-05,4e-05,0.00013,0.00042,0.00023,4e-05,-2e-05,0
50277,-2e-05,-2e-05,4e-05,0.00013,0.00042,0.00023,4e-05,-2e-05,0
50278,-2e-05,-2e-05,4e-05,0.00013,0.00042,0.00023,4e-05,-2e-05,0
50279,-2e-05,-2e-05,4e-05,0.00013,0.00042,0.00023,4e-05,-2e-05,0
50280,-2e-05,-2e-05,4e-05,0.00013,0.00042,0.00023,4e-05,-2e-05,0
50281,-2e-05,-2e-05,4e-05,0.00013,0.00042,0.00023,4e-05,-2e-05,0
50282,-7e-05,-0.00011,-0.00015,-0.0002,-0.0001,-0.00018,-5e-05,-3e-05,0
50283,-6e-05,-8e-05,-0.0001,-1e-05,0.00018,0.00019,-2e-05,-2e-05,0
50284,-6e-05,-8e-05,-0.0001,-1e-05,0.00018,0.00019,-2e-05,-2e-05,0
50285,-6e-05,-8e-05,-0.0001,-1e-05,0.00018,0.00019,-2e-05,-2e-05,0
50286,-6e-05,-8e-05,-0.0001,-1e-05,0.00018,0.00019,-2e-05,-2e-05,0
50288,-6e-05,-8e-05,-0.0001,-1e-05,0.00018,0.00019,-2e-05,-2e-05,0
50289,-6e-05,-8e-05,-0.0001,-1e-05,0.00018,0.00019,-2e-05,-2e-05,0
50290,-6e-05,-8e-05,-0.0001,-1e-05,0.00018,0.00019,-2e-05,-2e-05,0
50291,-6e-05,-8e-05,-0.0001,-1e-05,0.00018,0.00019,-2e-05,-2e-05,0
50292,-6e-05,-8e-05,-0.0001,-1e-05,0.00018,0.00019,-2e-05,-2e-05,0
50293,-6e-05,-8e-05,-0.0001,-1e-05,0.00018,0.00019,-2e-05,-2e-05,0
50294,-6e-05,-8e-05,-0.0001,-1e-05,0.00018,0.00019,-2e-05,-2e-05,0
50295,-6e-05,-8e-05,-0.0001,-1e-05,0.00018,0.00019,-2e-05,-2e-05,0
50296,-6e-05,-8e-05,-0.0001,-1e-05,0.00018,0.00019,-2e-05,-2e-05,0
50297,-6e-05,-8e-05,-0.0001,-1e-05,0.00018,0.00019,-2e-05,-2e-05,0
50298,-6e-05,-8e-05,-0.0001,-1e-05,0.00018,0.00019,-2e-05,-2e-05,0
50299,-6e-05,-8e-05,-0.0001,-1e-05,0.00018,0.00019,-2e-05,-2e-05,0
50300,-6e-05,-8e-05,-0.0001,-1e-05,0.00018,0.00019,-2e-05,-2e-05,0
50301,-6e-05,-8e-05,-0.0001,-1e-05,0.00018,0.00019,-2e-05,-2e-05,0
50302,-6e-05,-8e-05,-0.0001,-1e-05,0.00018,0.00019,-2e-05,-2e-05,0
50303,-6e-05,-8e-05,-0.0001,-1e-05,0.00018,0.00019,-2e-05,-2e-05,0
50304,-6e-05,-8e-05,-0.0001,-1e-05,0.00018,0.00019,-2e-05,-2e-05,0
50305,-2e-05,-5e-05,-0.0001,6e-05,-6e-05,0.00011,2e-05,-1e-05,0
50306,1e-05,3e-05,1e-05,-2e-05,1e-05,-5e-05,0.0,0.0,0
50307,1e-05,3e-05,1e-05,-2e-05,1e-05,-5e-05,0.0,0.0,0
50308,1e-05,3e-05,1e-05,-2e-05,1e-05,-5e-05,0.0,0.0,0
50309,1e-05,3e-05,1e-05,-2e-05,1e-05,-5e-05,0.0,0.0,0
50310,1e-05,3e-05,1e-05,-2e-05,1e-05,-5e-05,0.0,0.0,0
50311,1e-05,3e-05,1e-05,-2e-05,1e-05,-5e-05,0.0,0.0,0
50312,1e-05,3e-05,1e-05,-2e-05,1e-05,-5e-05,0.0,0.0,0
50313,1e-05,3e-05,1e-05,-2e-05,1e-05,-5e-05,0.0,0.0,0
50314,1e-05,3e-05,1e-05,-2e-05,1e-05,-5e-05,0.0,0.0,0
50315,1e-05,3e-05,1e-05,-2e-05,1e-05,-5e-05,0.0,0.0,0
50316,1e-05,3e-05,1e-05,-2e-05,1e-05,-5e-05,0.0,0.0,0
50317,1e-05,3e-05,1e-05,-2e-05,1e-05,-5e-05,0.0,0.0,0
50318,1e-05,3e-05,1e-05,-2e-05,1e-05,-5e-05,0.0,0.0,0
50319,1e-05,3e-05,1e-05,-2e-05,1e-05,-5e-05,0.0,0.0,0
50320,1e-05,5e-05,2e-05,6e-05,6e-05,0.00011,-5e-05,-6e-05,0
50321,-2e-05,-3e-05,-1e-05,-9e-05,-7e-05,-2e-05,-2e-05,-1e-05,0
50322,-2e-05,-3e-05,-1e-05,-9e-05,-7e-05,-2e-05,-2e-05,-1e-05,0
50323,-2e-05,-3e-05,-1e-05,-9e-05,-7e-05,-2e-05,-2e-05,-1e-05,0
50324,-2e-05,-3e-05,-1e-05,-9e-05,-7e-05,-2e-05,-2e-05,-1e-05,0
50325,-2e-05,-3e-05,-1e-05,-9e-05,-7e-05,-2e-05,-2e-05,-1e-05,0
50326,-2e-05,-3e-05,-1e-05,-9e-05,-7e-05,-2e-05,-2e-05,-1e-05,0
50327,-2e-05,-3e-05,-1e-05,-9e-05,-7e-05,-2e-05,-2e-05,-1e-05,0
50328,-2e-05,-3e-05,-1e-05,-9e-05,-7e-05,-2e-05,-2e-05,-1e-05,0
50329,-2e-05,-3e-05,-1e-05,-9e-05,-7e-05,-2e-05,-2e-05,-1e-05,0
50330,-2e-05,-3e-05,-1e-05,-9e-05,-7e-05,-2e-05,-2e-05,-1e-05,0
50331,-2e-05,-3e-05,-1e-05,-9e-05,-7e-05,-2e-05,-2e-05,-1e-05,0
50332,-2e-05,-3e-05,-1e-05,-9e-05,-7e-05,-2e-05,-2e-05,-1e-05,0
50333,-2e-05,-3e-05,-1e-05,-9e-05,-7e-05,-2e-05,-2e-05,-1e-05,0
50334,-2e-05,-3e-05,-1e-05,-9e-05,-7e-05,-2e-05,-2e-05,-1e-05,0
50335,-2e-05,-3e-05,-1e-05,-9e-05,-7e-05,-2e-05,-2e-05,-1e-05,0
50336,-2e-05,-3e-05,-1e-05,-9e-05,-7e-05,-2e-05,-2e-05,-1e-05,0
50338,-2e-05,-3e-05,-1e-05,-9e-05,-7e-05,-2e-05,-2e-05,-1e-05,0
50339,-2e-05,-3e-05,-1e-05,-9e-05,-7e-05,-2e-05,-2e-05,-1e-05,0
50340,-2e-05,-3e-05,-1e-05,-9e-05,-7e-05,-2e-05,-2e-05,-1e-05,0
50341,-2e-05,-3e-05,-1e-05,-9e-05,-7e-05,-2e-05,-2e-05,-1e-05,0
50342,-2e-05,-1e-05,2e-05,-3e-05,0.0,3e-05,-2e-05,0.0,0
50343,-2e-05,-6e-05,-8e-05,-7e-05,-0.00018,-2e-05,-1e-05,1e-05,0
50344,-2e-05,-6e-05,-8e-05,-7e-05,-0.00018,-2e-05,-1e-05,1e-05,0
50345,-2e-05,-6e-05,-8e-05,-7e-05,-0.00018,-2e-05,-1e-05,1e-05,0
50346,-2e-05,-6e-05,-8e-05,-7e-05,-0.00018,-2e-05,-1e-05,1e-05,0
50347,-2e-05,-6e-05,-8e-05,-7e-05,-0.00018,-2e-05,-1e-05,1e-05,0
50348,-2e-05,-6e-05,-8e-05,-7e-05,-0.00018,-2e-05,-1e-05,1e-05,0
50349,-2e-05,-6e-05,-8e-05,-7e-05,-0.00018,-2e-05,-1e-05,1e-05,0
50350,-2e-05,-6e-05,-8e-05,-7e-05,-0.00018,-2e-05,-1e-05,1e-05,0
50351,-2e-05,-6e-05,-8e-05,-7e-05,-0.00018,-2e-05,-1e-05,1e-05,0
50352,-2e-05,-6e-05,-8e-05,-7e-05,-0.00018,-2e-05,-1e-05,1e-05,0
50353,-2e-05,-6e-05,-8e-05,-7e-05,-0.00018,-2e-05,-1e-05,1e-05,0
50354,-2e-05,-6e-05,-8e-05,-7e-05,-0.00018,-2e-05,-1e-05,1e-05,0
50355,-2e-05,-6e-05,-8e-05,-7e-05,-0.00018,-2e-05,-1e-05,1e-05,0
50356,-2e-05,-6e-05,-8e-05,-7e-05,-0.00018,-2e-05,-1e-05,1e-05,0
50357,-2e-05,-6e-05,-8e-05,-7e-05,-0.00018,-2e-05,-1e-05,1e-05,0
50358,-2e-05,-6e-05,-8e-05,-7e-05,-0.00018,-2e-05,-1e-05,1e-05,0
50359,-2e-05,-6e-05,-8e-05,-7e-05,-0.00018,-2e-05,-1e-05,1e-05,0
50360,-2e-05,-6e-05,-8e-05,-7e-05,-0.00018,-2e-05,-1e-05,1e-05,0
50361,-2e-05,-6e-05,-8e-05,-7e-05,-0.00018,-2e-05,-1e-05,1e-05,0
50362,-2e-05,-6e-05,-8e-05,-7e-05,-0.00018,-2e-05,-1e-05,1e-05,0
50363,-2e-05,-6e-05,-8e-05,-7e-05,-0.00018,-2e-05,-1e-05,1e-05,0
50364,-2e-05,-6e-05,-8e-05,-7e-05,-0.00018,-2e-05,-1e-05,1e-05,0
50365,-2e-05,-6e-05,-8e-05,-7e-05,-0.00018,-2e-05,-1e-05,1e-05,0
50366,3e-05,5e-05,7e-05,0.00015,0.00025,1e-05,0.0,0.0,0
50367,-4e-05,-6e-05,-9e-05,-7e-05,8e-05,0.0,1e-05,1e-05,0
50368,-4e-05,-6e-05,-9e-05,-7e-05,8e-05,0.0,1e-05,1e-05,0
50369,-4e-05,-6e-05,-9e-05,-7e-05,8e-05,0.0,1e-05,1e-05,0
50370,-4e-05,-6e-05,-9e-05,-7e-05,8e-05,0.0,1e-05,1e-05,0
50371,-4e-05,-6e-05,-9e-05,-7e-05,8e-05,0.0,1e-05,1e-05,0
50372,-4e-05,-6e-05,-9e-05,-7e-05,8e-05,0.0,1e-05,1e-05,0
50373,-4e-05,-6e-05,-9e-05,-7e-05,8e-05,0.0,1e-05,1e-05,0
50374,-4e-05,-6e-05,-9e-05,-7e-05,8e-05,0.0,1e-05,1e-05,0
50375,-4e-05,-6e-05,-9e-05,-7e-05,8e-05,0.0,1e-05,1e-05,0
50376,-4e-05,-6e-05,-9e-05,-7e-05,8e-05,0.0,1e-05,1e-05,0
50377,-4e-05,-6e-05,-9e-05,-7e-05,8e-05,0.0,1e-05,1e-05,0
50378,-4e-05,-6e-05,-9e-05,-7e-05,8e-05,0.0,1e-05,1e-05,0
50379,-4e-05,-6e-05,-9e-05,-7e-05,8e-05,0.0,1e-05,1e-05,0
50380,0.0,0.0,0.0,7e-05,-3e-05,1e-05,-2e-05,-1e-05,0
50381,3e-05,7e-05,0.00011,8e-05,0.0002,7e-05,5e-05,2e-05,0
50382,3e-05,7e-05,0.00011,8e-05,0.0002,7e-05,5e-05,2e-05,0
50383,3e-05,7e-05,0.00011,8e-05,0.0002,7e-05,5e-05,2e-05,0
50384,3e-05,7e-05,0.00011,8e-05,0.0002,7e-05,5e-05,2e-05,0
50385,3e-05,7e-05,0.00011,8e-05,0.0002,7e-05,5e-05,2e-05,0
50386,3e-05,7e-05,0.00011,8e-05,0.0002,7e-05,5e-05,2e-05,0
50388,3e-05,7e-05,0.00011,8e-05,0.0002,7e-05,5e-05,2e-05,0
50390,3e-05,7e-05,0.00011,8e-05,0.0002,7e-05,5e-05,2e-05,0
50391,3e-05,7e-05,0.00011,8e-05,0.0002,7e-05,5e-05,2e-05,0
50392,3e-05,7e-05,0.00011,8e-05,0.0002,7e-05,5e-05,2e-05,0
50393,3e-05,7e-05,0.00011,8e-05,0.0002,7e-05,5e-05,2e-05,0
50394,3e-05,7e-05,0.00011,8e-05,0.0002,7e-05,5e-05,2e-05,0
50395,3e-05,7e-05,0.00011,8e-05,0.0002,7e-05,5e-05,2e-05,0
50396,3e-05,7e-05,0.00011,8e-05,0.0002,7e-05,5e-05,2e-05,0
50397,3e-05,7e-05,0.00011,8e-05,0.0002,7e-05,5e-05,2e-05,0
50398,3e-05,7e-05,0.00011,8e-05,0.0002,7e-05,5e-05,2e-05,0
50399,3e-05,7e-05,0.00011,8e-05,0.0002,7e-05,5e-05,2e-05,0
50400,3e-05,7e-05,0.00011,8e-05,0.0002,7e-05,5e-05,2e-05,0
50401,3e-05,7e-05,0.00011,8e-05,0.0002,7e-05,5e-05,2e-05,0
50402,3e-05,7e-05,0.00011,8e-05,0.0002,7e-05,5e-05,2e-05,0
50403,3e-05,7e-05,0.00011,8e-05,0.0002,7e-05,5e-05,2e-05,0
50404,-3e-05,-2e-05,-4e-05,-1e-05,5e-05,0.0,-1e-05,-1e-05,0
50405,-3e-05,-1e-05,-5e-05,9e-05,-5e-05,-2e-05,-2e-05,-1e-05,0
50406,-3e-05,-1e-05,-5e-05,9e-05,-5e-05,-2e-05,-2e-05,-1e-05,0
50407,-3e-05,-1e-05,-5e-05,9e-05,-5e-05,-2e-05,-2e-05,-1e-05,0
50408,-3e-05,-1e-05,-5e-05,9e-05,-5e-05,-2e-05,-2e-05,-1e-05,0
50409,-3e-05,-1e-05,-5e-05,9e-05,-5e-05,-2e-05,-2e-05,-1e-05,0
50410,-3e-05,-1e-05,-5e-05,9e-05,-5e-05,-2e-05,-2e-05,-1e-05,0
50411,-3e-05,-1e-05,-5e-05,9e-05,-5e-05,-2e-05,-2e-05,-1e-05,0
50412,-3e-05,-1e-05,-5e-05,9e-05,-5e-05,-2e-05,-2e-05,-1e-05,0
50413,-3e-05,-1e-05,-5e-05,9e-05,-5e-05,-2e-05,-2e-05,-1e-05,0
50414,-3e-05,-1e-05,-5e-05,9e-05,-5e-05,-2e-05,-2e-05,-1e-05,0
50415,-3e-05,-1e-05,-5e-05,9e-05,-5e-05,-2e-05,-2e-05,-1e-05,0
50416,-3e-05,-1e-05,-5e-05,9e-05,-5e-05,-2e-05,-2e-05,-1e-05,0
50417,-3e-05,-1e-05,-5e-05,9e-05,-5e-05,-2e-05,-2e-05,-1e-05,0
50418,-3e-05,-1e-05,-5e-05,9e-05,-5e-05,-2e-05,-2e-05,-1e-05,0
50419,-3e-05,-1e-05,-5e-05,9e-05,-5e-05,-2e-05,-2e-05,-1e-05,0
50420,-3e-05,-1e-05,-5e-05,9e-05,-5e-05,-2e-05,-2e-05,-1e-05,0
50421,-3e-05,-1e-05,-5e-05,9e-05,-5e-05,-2e-05,-2e-05,-1e-05,0
50422,-3e-05,-1e-05,-5e-05,9e-05,-5e-05,-2e-05,-2e-05,-1e-05,0
50423,-3e-05,-1e-05,-5e-05,9e-05,-5e-05,-2e-05,-2e-05,-1e-05,0
50424,-3e-05,-1e-05,-5e-05,9e-05,-5e-05,-2e-05,-2e-05,-1e-05,0
50425,-1e-05,5e-05,3e-05,-4e-05,-5e-05,0.0,0.0,-2e-05,0
50426,1e-05,1e-05,2e-05,-0.00013,-0.00013,0.0,1e-05,-2e-05,0
50427,1e-05,1e-05,2e-05,-0.00013,-0.00013,0.0,1e-05,-2e-05,0
50428,1e-05,1e-05,2e-05,-0.00013,-0.00013,0.0,1e-05,-2e-05,0
50429,1e-05,1e-05,2e-05,-0.00013,-0.00013,0.0,1e-05,-2e-05,0
50430,1e-05,1e-05,2e-05,-0.00013,-0.00013,0.0,1e-05,-2e-05,0
50431,1e-05,1e-05,2e-05,-0.00013,-0.00013,0.0,1e-05,-2e-05,0
50432,1e-05,1e-05,2e-05,-0.00013,-0.00013,0.0,1e-05,-2e-05,0
50433,1e-05,1e-05,2e-05,-0.00013,-0.00013,0.0,1e-05,-2e-05,0
50434,1e-05,1e-05,2e-05,-0.00013,-0.00013,0.0,1e-05,-2e-05,0
50435,1e-05,1e-05,2e-05,-0.00013,-0.00013,0.0,1e-05,-2e-05,0
50436,1e-05,1e-05,2e-05,-0.00013,-0.00013,0.0,1e-05,-2e-05,0
50440,0.0,1e-05,1e-05,-3e-05,-8e-05,0.0,-2e-05,-1e-05,0
50441,0.0,1e-05,1e-05,-3e-05,-8e-05,0.0,-2e-05,-1e-05,0
50442,0.0,1e-05,1e-05,-3e-05,-8e-05,0.0,-2e-05,-1e-05,0
50443,0.0,1e-05,1e-05,-3e-05,-8e-05,0.0,-2e-05,-1e-05,0
50444,0.0,1e-05,1e-05,-3e-05,-8e-05,0.0,-2e-05,-1e-05,0
50445,0.0,1e-05,1e-05,-3e-05,-8e-05,0.0,-2e-05,-1e-05,0
50446,0.0,1e-05,1e-05,-3e-05,-8e-05,0.0,-2e-05,-1e-05,0
50447,0.0,-3e-05,-2e-05,-4e-05,-0.00012,-2e-05,-2e-05,-2e-05,0
50448,0.0,-3e-05,-2e-05,-4e-05,-0.00012,-2e-05,-2e-05,-2e-05,0
50449,0.0,-3e-05,-2e-05,-4e-05,-0.00012,-2e-05,-2e-05,-2e-05,0
50450,0.0,-3e-05,-2e-05,-4e-05,-0.00012,-2e-05,-2e-05,-2e-05,0
50451,0.0,-3e-05,-2e-05,-4e-05,-0.00012,-2e-05,-2e-05,-2e-05,0
50452,0.0,-3e-05,-2e-05,-4e-05,-0.00012,-2e-05,-2e-05,-2e-05,0
50453,0.0,-3e-05,-2e-05,-4e-05,-0.00012,-2e-05,-2e-05,-2e-05,0
50454,0.0,-3e-05,-2e-05,-4e-05,-0.00012,-2e-05,-2e-05,-2e-05,0
50455,0.0,-3e-05,-2e-05,-4e-05,-0.00012,-2e-05,-2e-05,-2e-05,0
50456,0.0,-3e-05,-2e-05,-4e-05,-0.00012,-2e-05,-2e-05,-2e-05,0
50457,0.0,-3e-05,-2e-05,-4e-05,-0.00012,-2e-05,-2e-05,-2e-05,0
50458,0.0,-3e-05,-2e-05,-4e-05,-0.00012,-2e-05,-2e-05,-2e-05,0
50459,0.0,-3e-05,-2e-05,-4e-05,-0.00012,-2e-05,-2e-05,-2e-05,0
50460,0.0,-3e-05,-2e-05,-4e-05,-0.00012,-2e-05,-2e-05,-2e-05,0
50461,0.0,-3e-05,-2e-05,-4e-05,-0.00012,-2e-05,-2e-05,-2e-05,0
50462,-2e-05,2e-05,4e-05,1e-05,8e-05,-2e-05,-1e-05,-2e-05,0
50463,-1e-05,-2e-05,-5e-05,-5e-05,0.00014,-2e-05,-2e-05,-2e-05,0
50464,-1e-05,-2e-05,-5e-05,-5e-05,0.00014,-2e-05,-2e-05,-2e-05,0
50465,-1e-05,-2e-05,-5e-05,-5e-05,0.00014,-2e-05,-2e-05,-2e-05,0
50466,-1e-05,-2e-05,-5e-05,-5e-05,0.00014,-2e-05,-2e-05,-2e-05,0
50467,-1e-05,-2e-05,-5e-05,-5e-05,0.00014,-2e-05,-2e-05,-2e-05,0
50468,-1e-05,-2e-05,-5e-05,-5e-05,0.00014,-2e-05,-2e-05,-2e-05,0
50469,-1e-05,-2e-05,-5e-05,-5e-05,0.00014,-2e-05,-2e-05,-2e-05,0
50470,-1e-05,-2e-05,-5e-05,-5e-05,0.00014,-2e-05,-2e-05,-2e-05,0
50471,-1e-05,-2e-05,-5e-05,-5e-05,0.00014,-2e-05,-2e-05,-2e-05,0
50472,-1e-05,-2e-05,-5e-05,-5e-05,0.00014,-2e-05,-2e-05,-2e-05,0
50473,-1e-05,-2e-05,-5e-05,-5e-05,0.00014,-2e-05,-2e-05,-2e-05,0
50474,-1e-05,-2e-05,-5e-05,-5e-05,0.00014,-2e-05,-2e-05,-2e-05,0
50475,-1e-05,-2e-05,-5e-05,-5e-05,0.00014,-2e-05,-2e-05,-2e-05,0
50476,-1e-05,-2e-05,-5e-05,-5e-05,0.00014,-2e-05,-2e-05,-2e-05,0
50477,-1e-05,-2e-05,-5e-05,-5e-05,0.00014,-2e-05,-2e-05,-2e-05,0
50478,-1e-05,-2e-05,-5e-05,-5e-05,0.00014,-2e-05,-2e-05,-2e-05,0
50479,-1e-05,-2e-05,-5e-05,-5e-05,0.00014,-2e-05,-2e-05,-2e-05,0
50480,-1e-05,-2e-05,-5e-05,-5e-05,0.00014,-2e-05,-2e-05,-2e-05,0
50481,-1e-05,-2e-05,-5e-05,-5e-05,0.00014,-2e-05,-2e-05,-2e-05,0
50482,-1e-05,-2e-05,-5e-05,-5e-05,0.00014,-2e-05,-2e-05,-2e-05,0
50483,-1e-05,-2e-05,-5e-05,-5e-05,0.00014,-2e-05,-2e-05,-2e-05,0
50484,-1e-05,-2e-05,-5e-05,-5e-05,0.00014,-2e-05,-2e-05,-2e-05,0
50485,-1e-05,-2e-05,-5e-05,-5e-05,0.00014,-2e-05,-2e-05,-2e-05,0
50489,1e-05,2e-05,2e-05,3e-05,-4e-05,-1e-05,-2e-05,0.0,0
50490,1e-05,2e-05,2e-05,3e-05,-4e-05,-1e-05,-2e-05,0.0,0
50491,1e-05,2e-05,2e-05,3e-05,-4e-05,-1e-05,-2e-05,0.0,0
50492,1e-05,2e-05,2e-05,3e-05,-4e-05,-1e-05,-2e-05,0.0,0
50493,1e-05,2e-05,2e-05,3e-05,-4e-05,-1e-05,-2e-05,0.0,0
50494,1e-05,2e-05,2e-05,3e-05,-4e-05,-1e-05,-2e-05,0.0,0
50495,1e-05,2e-05,2e-05,3e-05,-4e-05,-1e-05,-2e-05,0.0,0
50496,1e-05,2e-05,2e-05,3e-05,-4e-05,-1e-05,-2e-05,0.0,0
50497,1e-05,2e-05,2e-05,3e-05,-4e-05,-1e-05,-2e-05,0.0,0
50498,1e-05,2e-05,2e-05,3e-05,-4e-05,-1e-05,-2e-05,0.0,0
50499,-4e-05,-4e-05,-2e-05,-3e-05,-0.00014,0.0,-2e-05,-1e-05,0
50500,-4e-05,-4e-05,-2e-05,-3e-05,-0.00014,0.0,-2e-05,-1e-05,0
50501,-4e-05,-4e-05,-2e-05,-3e-05,-0.00014,0.0,-2e-05,-1e-05,0
50502,-4e-05,-4e-05,-2e-05,-3e-05,-0.00014,0.0,-2e-05,-1e-05,0
50503,-4e-05,-4e-05,-2e-05,-3e-05,-0.00014,0.0,-2e-05,-1e-05,0
50504,-4e-05,-4e-05,-2e-05,-3e-05,-0.00014,0.0,-2e-05,-1e-05,0
50505,-4e-05,-4e-05,-2e-05,-3e-05,-0.00014,0.0,-2e-05,-1e-05,0
50506,-4e-05,-4e-05,-2e-05,-3e-05,-0.00014,0.0,-2e-05,-1e-05,0
50507,-1e-05,-2e-05,0.0,-2e-05,-4e-05,-1e-05,-1e-05,2e-05,0
50508,-1e-05,-2e-05,0.0,-1e-05,-4e-05,1e-05,0.0,-1e-05,0
50509,-1e-05,-2e-05,0.0,-1e-05,-4e-05,1e-05,0.0,-1e-05,0
50510,-1e-05,-2e-05,0.0,-1e-05,-4e-05,1e-05,0.0,-1e-05,0
50511,-1e-05,-2e-05,0.0,-1e-05,-4e-05,1e-05,0.0,-1e-05,0
50512,-1e-05,-2e-05,0.0,-1e-05,-4e-05,1e-05,0.0,-1e-05,0
50513,-1e-05,-2e-05,0.0,-1e-05,-4e-05,1e-05,0.0,-1e-05,0
50514,-1e-05,-2e-05,0.0,-1e-05,-4e-05,1e-05,0.0,-1e-05,0
50515,-1e-05,-2e-05,0.0,-1e-05,-4e-05,1e-05,0.0,-1e-05,0
50516,-1e-05,-2e-05,0.0,-1e-05,-4e-05,1e-05,0.0,-1e-05,0
50517,-1e-05,-2e-05,0.0,-1e-05,-4e-05,1e-05,0.0,-1e-05,0
50518,-1e-05,-2e-05,0.0,-1e-05,-4e-05,1e-05,0.0,-1e-05,0
50519,-1e-05,-2e-05,0.0,-1e-05,-4e-05,1e-05,0.0,-1e-05,0
50520,-1e-05,-2e-05,0.0,-1e-05,-4e-05,1e-05,0.0,-1e-05,0
50521,-1e-05,-2e-05,0.0,-1e-05,-4e-05,1e-05,0.0,-1e-05,0
50522,-3e-05,-6e-05,-6e-05,-8e-05,-0.00012,1e-05,0.0,0.0,0
50523,-1e-05,1e-05,1e-05,-9e-05,-0.00014,-2e-05,-1e-05,-1e-05,0
50524,-1e-05,1e-05,1e-05,-9e-05,-0.00014,-2e-05,-1e-05,-1e-05,0
50525,-1e-05,1e-05,1e-05,-9e-05,-0.00014,-2e-05,-1e-05,-1e-05,0
50526,-1e-05,1e-05,1e-05,-9e-05,-0.00014,-2e-05,-1e-05,-1e-05,0
50527,-1e-05,1e-05,1e-05,-9e-05,-0.00014,-2e-05,-1e-05,-1e-05,0
50528,-1e-05,1e-05,1e-05,-9e-05,-0.00014,-2e-05,-1e-05,-1e-05,0
50529,-1e-05,1e-05,1e-05,-9e-05,-0.00014,-2e-05,-1e-05,-1e-05,0
50530,-1e-05,1e-05,1e-05,-9e-05,-0.00014,-2e-05,-1e-05,-1e-05,0
50531,-1e-05,1e-05,1e-05,-9e-05,-0.00014,-2e-05,-1e-05,-1e-05,0
50532,-1e-05,1e-05,1e-05,-9e-05,-0.00014,-2e-05,-1e-05,-1e-05,0
50533,-1e-05,1e-05,1e-05,-9e-05,-0.00014,-2e-05,-1e-05,-1e-05,0
50534,-1e-05,1e-05,1e-05,-9e-05,-0.00014,-2e-05,-1e-05,-1e-05,0
50535,-1e-05,1e-05,1e-05,-9e-05,-0.00014,-2e-05,-1e-05,-1e-05,0
50536,-1e-05,1e-05,1e-05,-9e-05,-0.00014,-2e-05,-1e-05,-1e-05,0
50538,-1e-05,1e-05,1e-05,-9e-05,-0.00014,-2e-05,-1e-05,-1e-05,0
50539,-1e-05,1e-05,1e-05,-9e-05,-0.00014,-2e-05,-1e-05,-1e-05,0
50540,-1e-05,1e-05,1e-05,-9e-05,-0.00014,-2e-05,-1e-05,-1e-05,0
50541,-1e-05,1e-05,1e-05,-9e-05,-0.00014,-2e-05,-1e-05,-1e-05,0
50542,-1e-05,1e-05,1e-05,-9e-05,-0.00014,-2e-05,-1e-05,-1e-05,0
50543,-1e-05,1e-05,1e-05,-9e-05,-0.00014,-2e-05,-1e-05,-1e-05,0
50544,-1e-05,1e-05,1e-05,-9e-05,-0.00014,-2e-05,-1e-05,-1e-05,0
50545,-2e-05,1e-05,-3e-05,3e-05,6e-05,0.0,-1e-05,-1e-05,0
50546,1e-05,3e-05,3e-05,-1e-05,2e-05,-1e-05,1e-05,-1e-05,0
50547,1e-05,3e-05,3e-05,-1e-05,2e-05,-1e-05,1e-05,-1e-05,0
50548,1e-05,3e-05,3e-05,-1e-05,2e-05,-1e-05,1e-05,-1e-05,0
50549,1e-05,3e-05,3e-05,-1e-05,2e-05,-1e-05,1e-05,-1e-05,0
50550,1e-05,3e-05,3e-05,-1e-05,2e-05,-1e-05,1e-05,-1e-05,0
50551,1e-05,3e-05,3e-05,-1e-05,2e-05,-1e-05,1e-05,-1e-05,0
50552,1e-05,3e-05,3e-05,-1e-05,2e-05,-1e-05,1e-05,-1e-05,0
50553,1e-05,3e-05,3e-05,-1e-05,2e-05,-1e-05,1e-05,-1e-05,0
50554,1e-05,3e-05,3e-05,-1e-05,2e-05,-1e-05,1e-05,-1e-05,0
50555,1e-05,3e-05,3e-05,-1e-05,2e-05,-1e-05,1e-05,-1e-05,0
50556,1e-05,3e-05,3e-05,-1e-05,2e-05,-1e-05,1e-05,-1e-05,0
50557,1e-05,3e-05,3e-05,-1e-05,2e-05,-1e-05,1e-05,-1e-05,0
50558,1e-05,3e-05,3e-05,-1e-05,2e-05,-1e-05,1e-05,-1e-05,0
50559,0.0,-1e-05,0.0,3e-05,-8e-05,-1e-05,-2e-05,-1e-05,0
50560,0.0,-1e-05,0.0,3e-05,-8e-05,-1e-05,-2e-05,-1e-05,0
50561,0.0,-1e-05,0.0,3e-05,-8e-05,-1e-05,-2e-05,-1e-05,0
50562,0.0,-1e-05,0.0,3e-05,-8e-05,-1e-05,-2e-05,-1e-05,0
50563,0.0,-1e-05,0.0,3e-05,-8e-05,-1e-05,-2e-05,-1e-05,0
50564,0.0,-1e-05,0.0,3e-05,-8e-05,-1e-05,-2e-05,-1e-05,0
50565,0.0,-1e-05,0.0,3e-05,-8e-05,-1e-05,-2e-05,-1e-05,0
50566,0.0,-1e-05,0.0,3e-05,-8e-05,-1e-05,-2e-05,-1e-05,0
50567,0.0,-1e-05,0.0,3e-05,-8e-05,-1e-05,-2e-05,-1e-05,0
50568,-2e-05,-1e-05,1e-05,3e-05,-1e-05,0.0,0.0,-2e-05,0
50569,-2e-05,-1e-05,1e-05,3e-05,-1e-05,0.0,0.0,-2e-05,0
50570,-2e-05,-1e-05,1e-05,3e-05,-1e-05,0.0,0.0,-2e-05,0
50571,-2e-05,-1e-05,1e-05,3e-05,-1e-05,0.0,0.0,-2e-05,0
50572,-2e-05,-1e-05,1e-05,3e-05,-1e-05,0.0,0.0,-2e-05,0
50573,-2e-05,-1e-05,1e-05,3e-05,-1e-05,0.0,0.0,-2e-05,0
50574,-2e-05,-1e-05,1e-05,3e-05,-1e-05,0.0,0.0,-2e-05,0
50575,-2e-05,-1e-05,1e-05,3e-05,-1e-05,0.0,0.0,-2e-05,0
50576,-2e-05,-1e-05,1e-05,3e-05,-1e-05,0.0,0.0,-2e-05,0
50577,-2e-05,-1e-05,1e-05,3e-05,-1e-05,0.0,0.0,-2e-05,0
50578,-2e-05,-1e-05,1e-05,3e-05,-1e-05,0.0,0.0,-2e-05,0
50579,-2e-05,-1e-05,1e-05,3e-05,-1e-05,0.0,0.0,-2e-05,0
50580,-2e-05,-1e-05,1e-05,3e-05,-1e-05,0.0,0.0,-2e-05,0
50581,-2e-05,-1e-05,1e-05,3e-05,-1e-05,0.0,0.0,-2e-05,0
50582,-2e-05,-4e-05,-7e-05,-6e-05,4e-05,-1e-05,1e-05,-1e-05,0
50583,-2e-05,-2e-05,-4e-05,-2e-05,-3e-05,-4e-05,-2e-05,-3e-05,0
50584,-2e-05,-2e-05,-4e-05,-2e-05,-3e-05,-4e-05,-2e-05,-3e-05,0
50585,-2e-05,-2e-05,-4e-05,-2e-05,-3e-05,-4e-05,-2e-05,-3e-05,0
50586,-2e-05,-2e-05,-4e-05,-2e-05,-3e-05,-4e-05,-2e-05,-3e-05,0
50589,-2e-05,-2e-05,-4e-05,-2e-05,-3e-05,-4e-05,-2e-05,-3e-05,0
50590,-2e-05,-2e-05,-4e-05,-2e-05,-3e-05,-4e-05,-2e-05,-3e-05,0
50591,-2e-05,-2e-05,-4e-05,-2e-05,-3e-05,-4e-05,-2e-05,-3e-05,0
50592,-2e-05,-2e-05,-4e-05,-2e-05,-3e-05,-4e-05,-2e-05,-3e-05,0
50593,-2e-05,-2e-05,-4e-05,-2e-05,-3e-05,-4e-05,-2e-05,-3e-05,0
50594,-2e-05,-2e-05,-4e-05,-2e-05,-3e-05,-4e-05,-2e-05,-3e-05,0
50595,-2e-05,-2e-05,-4e-05,-2e-05,-3e-05,-4e-05,-2e-05,-3e-05,0
50596,-2e-05,-2e-05,-4e-05,-2e-05,-3e-05,-4e-05,-2e-05,-3e-05,0
50597,-2e-05,-2e-05,-4e-05,-2e-05,-3e-05,-4e-05,-2e-05,-3e-05,0
50598,-2e-05,-2e-05,-4e-05,-2e-05,-3e-05,-4e-05,-2e-05,-3e-05,0
50599,-2e-05,-2e-05,-4e-05,-2e-05,-3e-05,-4e-05,-2e-05,-3e-05,0
50600,-2e-05,-2e-05,-4e-05,-2e-05,-3e-05,-4e-05,-2e-05,-3e-05,0
50601,-2e-05,-2e-05,-4e-05,-2e-05,-3e-05,-4e-05,-2e-05,-3e-05,0
50602,-2e-05,-2e-05,-4e-05,-2e-05,-3e-05,-4e-05,-2e-05,-3e-05,0
50604,-2e-05,-2e-05,-4e-05,-2e-05,-3e-05,-4e-05,-2e-05,-3e-05,0
50605,-4e-05,-6e-05,-6e-05,-3e-05,-4e-05,-1e-05,0.0,-1e-05,0
50606,-2e-05,1e-05,-1e-05,0.0,-1e-05,1e-05,-2e-05,0.0,0
50607,-2e-05,1e-05,-1e-05,0.0,-1e-05,1e-05,-2e-05,0.0,0
50608,-2e-05,1e-05,-1e-05,0.0,-1e-05,1e-05,-2e-05,0.0,0
50609,-2e-05,1e-05,-1e-05,0.0,-1e-05,1e-05,-2e-05,0.0,0
50610,-2e-05,1e-05,-1e-05,0.0,-1e-05,1e-05,-2e-05,0.0,0
50611,-2e-05,1e-05,-1e-05,0.0,-1e-05,1e-05,-2e-05,0.0,0
50612,-2e-05,1e-05,-1e-05,0.0,-1e-05,1e-05,-2e-05,0.0,0
50613,-2e-05,1e-05,-1e-05,0.0,-1e-05,1e-05,-2e-05,0.0,0
50614,-2e-05,1e-05,-1e-05,0.0,-1e-05,1e-05,-2e-05,0.0,0
50615,-2e-05,1e-05,-1e-05,0.0,-1e-05,1e-05,-2e-05,0.0,0
50616,-2e-05,1e-05,-1e-05,0.0,-1e-05,1e-05,-2e-05,0.0,0
50617,-2e-05,1e-05,-1e-05,0.0,-1e-05,1e-05,-2e-05,0.0,0
50618,-2e-05,1e-05,-1e-05,0.0,-1e-05,1e-05,-2e-05,0.0,0
50619,0.0,0.0,4e-05,1e-05,-5e-05,-1e-05,0.0,0.0,0
50620,0.0,0.0,4e-05,1e-05,-5e-05,-1e-05,0.0,0.0,0
50621,0.0,0.0,4e-05,1e-05,-5e-05,-1e-05,0.0,0.0,0
50622,0.0,0.0,4e-05,1e-05,-5e-05,-1e-05,0.0,0.0,0
50623,0.0,0.0,4e-05,1e-05,-5e-05,-1e-05,0.0,0.0,0
50624,0.0,0.0,4e-05,1e-05,-5e-05,-1e-05,0.0,0.0,0
50625,0.0,0.0,4e-05,1e-05,-5e-05,-1e-05,0.0,0.0,0
50626,0.0,0.0,4e-05,1e-05,-5e-05,-1e-05,0.0,0.0,0
50627,3e-05,0.0,1e-05,1e-05,-3e-05,-1e-05,-1e-05,1e-05,0
50628,3e-05,0.0,1e-05,1e-05,-3e-05,-1e-05,-1e-05,1e-05,0
50629,3e-05,0.0,1e-05,1e-05,-3e-05,-1e-05,-1e-05,1e-05,0
50630,3e-05,0.0,1e-05,1e-05,-3e-05,-1e-05,-1e-05,1e-05,0
50631,3e-05,0.0,1e-05,1e-05,-3e-05,-1e-05,-1e-05,1e-05,0
50632,3e-05,0.0,1e-05,1e-05,-3e-05,-1e-05,-1e-05,1e-05,0
50633,3e-05,0.0,1e-05,1e-05,-3e-05,-1e-05,-1e-05,1e-05,0
50634,3e-05,0.0,1e-05,1e-05,-3e-05,-1e-05,-1e-05,1e-05,0
50635,3e-05,0.0,1e-05,1e-05,-3e-05,-1e-05,-1e-05,1e-05,0
50637,3e-05,0.0,1e-05,1e-05,-3e-05,-1e-05,-1e-05,1e-05,0
50639,3e-05,0.0,1e-05,1e-05,-3e-05,-1e-05,-1e-05,1e-05,0
50640,3e-05,0.0,1e-05,1e-05,-3e-05,-1e-05,-1e-05,1e-05,0
50641,3e-05,0.0,1e-05,1e-05,-3e-05,-1e-05,-1e-05,1e-05,0
50642,1e-05,-2e-05,-1e-05,2e-05,-1e-05,-1e-05,-2e-05,-2e-05,0
50643,-3e-05,-6e-05,-9e-05,-7e-05,-1e-05,-3e-05,1e-05,-1e-05,0
50644,-3e-05,-6e-05,-9e-05,-7e-05,-1e-05,-3e-05,1e-05,-1e-05,0
50645,-3e-05,-6e-05,-9e-05,-7e-05,-1e-05,-3e-05,1e-05,-1e-05,0
50646,-3e-05,-6e-05,-9e-05,-7e-05,-1e-05,-3e-05,1e-05,-1e-05,0
50647,-3e-05,-6e-05,-9e-05,-7e-05,-1e-05,-3e-05,1e-05,-1e-05,0
50648,-3e-05,-6e-05,-9e-05,-7e-05,-1e-05,-3e-05,1e-05,-1e-05,0
50649,-3e-05,-6e-05,-9e-05,-7e-05,-1e-05,-3e-05,1e-05,-1e-05,0
50650,-3e-05,-6e-05,-9e-05,-7e-05,-1e-05,-3e-05,1e-05,-1e-05,0
50651,-3e-05,-6e-05,-9e-05,-7e-05,-1e-05,-3e-05,1e-05,-1e-05,0
50652,-3e-05,-6e-05,-9e-05,-7e-05,-1e-05,-3e-05,1e-05,-1e-05,0
50654,-3e-05,-6e-05,-9e-05,-7e-05,-1e-05,-3e-05,1e-05,-1e-05,0
50655,-3e-05,-6e-05,-9e-05,-7e-05,-1e-05,-3e-05,1e-05,-1e-05,0
50656,-3e-05,-6e-05,-9e-05,-7e-05,-1e-05,-3e-05,1e-05,-1e-05,0
50657,-3e-05,-6e-05,-9e-05,-7e-05,-1e-05,-3e-05,1e-05,-1e-05,0
50658,-3e-05,-6e-05,-9e-05,-7e-05,-1e-05,-3e-05,1e-05,-1e-05,0
50659,-3e-05,-6e-05,-9e-05,-7e-05,-1e-05,-3e-05,1e-05,-1e-05,0
50660,-3e-05,-6e-05,-9e-05,-7e-05,-1e-05,-3e-05,1e-05,-1e-05,0
50661,-3e-05,-6e-05,-9e-05,-7e-05,-1e-05,-3e-05,1e-05,-1e-05,0
50662,-3e-05,-6e-05,-9e-05,-7e-05,-1e-05,-3e-05,1e-05,-1e-05,0
50663,-3e-05,-6e-05,-9e-05,-7e-05,-1e-05,-3e-05,1e-05,-1e-05,0
50664,-3e-05,-6e-05,-9e-05,-7e-05,-1e-05,-3e-05,1e-05,-1e-05,0
50665,1e-05,3e-05,6e-05,0.00016,1e-05,-2e-05,-2e-05,-1e-05,0
50666,0.0,3e-05,1e-05,0.0,0.0,0.0,-4e-05,-2e-05,0
50667,0.0,3e-05,1e-05,0.0,0.0,0.0,-4e-05,-2e-05,0
50668,0.0,3e-05,1e-05,0.0,0.0,0.0,-4e-05,-2e-05,0
50669,0.0,3e-05,1e-05,0.0,0.0,0.0,-4e-05,-2e-05,0
50670,0.0,3e-05,1e-05,0.0,0.0,0.0,-4e-05,-2e-05,0
50671,0.0,3e-05,1e-05,0.0,0.0,0.0,-4e-05,-2e-05,0
50672,0.0,3e-05,1e-05,0.0,0.0,0.0,-4e-05,-2e-05,0
50673,0.0,3e-05,1e-05,0.0,0.0,0.0,-4e-05,-2e-05,0
50674,0.0,3e-05,1e-05,0.0,0.0,0.0,-4e-05,-2e-05,0
50675,0.0,3e-05,1e-05,0.0,0.0,0.0,-4e-05,-2e-05,0
50676,0.0,3e-05,1e-05,0.0,0.0,0.0,-4e-05,-2e-05,0
50677,0.0,3e-05,1e-05,0.0,0.0,0.0,-4e-05,-2e-05,0
50678,0.0,3e-05,1e-05,0.0,0.0,0.0,-4e-05,-2e-05,0
50679,0.0,0.0,-3e-05,-1e-05,-4e-05,0.0,-2e-05,-2e-05,0
50680,0.0,0.0,-3e-05,-1e-05,-4e-05,0.0,-2e-05,-2e-05,0
50681,0.0,0.0,-3e-05,-1e-05,-4e-05,0.0,-2e-05,-2e-05,0
50682,0.0,0.0,-3e-05,-1e-05,-4e-05,0.0,-2e-05,-2e-05,0
50683,0.0,0.0,-3e-05,-1e-05,-4e-05,0.0,-2e-05,-2e-05,0
50684,0.0,0.0,-3e-05,-1e-05,-4e-05,0.0,-2e-05,-2e-05,0
50685,0.0,0.0,-3e-05,-1e-05,-4e-05,0.0,-2e-05,-2e-05,0
50686,0.0,0.0,-3e-05,-1e-05,-4e-05,0.0,-2e-05,-2e-05,0
50689,-1e-05,1e-05,0.0,0.0,-1e-05,-1e-05,-2e-05,-1e-05,0
50690,-1e-05,1e-05,0.0,0.0,-1e-05,-1e-05,-2e-05,-1e-05,0
50691,-1e-05,1e-05,0.0,0.0,-1e-05,-1e-05,-2e-05,-1e-05,0
50692,-1e-05,1e-05,0.0,0.0,-1e-05,-1e-05,-2e-05,-1e-05,0
50693,-1e-05,1e-05,0.0,0.0,-1e-05,-1e-05,-2e-05,-1e-05,0
50694,-1e-05,1e-05,0.0,0.0,-1e-05,-1e-05,-2e-05,-1e-05,0
50695,-1e-05,1e-05,0.0,0.0,-1e-05,-1e-05,-2e-05,-1e-05,0
50696,-1e-05,1e-05,0.0,0.0,-1e-05,-1e-05,-2e-05,-1e-05,0
50697,-1e-05,1e-05,0.0,0.0,-1e-05,-1e-05,-2e-05,-1e-05,0
50698,-1e-05,1e-05,0.0,0.0,-1e-05,-1e-05,-2e-05,-1e-05,0
50699,-1e-05,1e-05,0.0,0.0,-1e-05,-1e-05,-2e-05,-1e-05,0
50700,-1e-05,1e-05,0.0,0.0,-1e-05,-1e-05,-2e-05,-1e-05,0
50701,-1e-05,1e-05,0.0,0.0,-1e-05,-1e-05,-2e-05,-1e-05,0
50702,-3e-05,-3e-05,-3e-05,0.0,-1e-05,-2e-05,-2e-05,-2e-05,0
50704,0.0,0.0,0.0,-2e-05,-2e-05,-1e-05,1e-05,0.0,0
50705,0.0,0.0,0.0,-2e-05,-2e-05,-1e-05,1e-05,0.0,0
50706,0.0,0.0,0.0,-2e-05,-2e-05,-1e-05,1e-05,0.0,0
50707,0.0,0.0,0.0,-2e-05,-2e-05,-1e-05,1e-05,0.0,0
50708,0.0,0.0,0.0,-2e-05,-2e-05,-1e-05,1e-05,0.0,0
50709,0.0,0.0,0.0,-2e-05,-2e-05,-1e-05,1e-05,0.0,0
50710,0.0,0.0,0.0,-2e-05,-2e-05,-1e-05,1e-05,0.0,0
50711,0.0,0.0,0.0,-2e-05,-2e-05,-1e-05,1e-05,0.0,0
50712,0.0,0.0,0.0,-2e-05,-2e-05,-1e-05,1e-05,0.0,0
50713,0.0,0.0,0.0,-2e-05,-2e-05,-1e-05,1e-05,0.0,0
50714,0.0,0.0,0.0,-2e-05,-2e-05,-1e-05,1e-05,0.0,0
50715,0.0,0.0,0.0,-2e-05,-2e-05,-1e-05,1e-05,0.0,0
50716,0.0,0.0,0.0,-2e-05,-2e-05,-1e-05,1e-05,0.0,0
50717,0.0,0.0,0.0,-2e-05,-2e-05,-1e-05,1e-05,0.0,0
50718,0.0,0.0,0.0,-2e-05,-2e-05,-1e-05,1e-05,0.0,0
50719,0.0,0.0,0.0,-2e-05,-2e-05,-1e-05,1e-05,0.0,0
50720,0.0,0.0,0.0,-2e-05,-2e-05,-1e-05,1e-05,0.0,0
50721,0.0,0.0,0.0,-2e-05,-2e-05,-1e-05,1e-05,0.0,0
50722,0.0,0.0,0.0,-2e-05,-2e-05,-1e-05,1e-05,0.0,0
50723,0.0,0.0,0.0,-2e-05,-2e-05,-1e-05,1e-05,0.0,0
50724,0.0,0.0,0.0,-2e-05,-2e-05,-1e-05,1e-05,0.0,0
50725,1e-05,1e-05,2e-05,-2e-05,-1e-05,-1e-05,0.0,-1e-05,0
50726,-2e-05,-1e-05,1e-05,1e-05,0.0,-1e-05,-2e-05,1e-05,0
50727,0.0,2e-05,2e-05,4e-05,0.0,-2e-05,-1e-05,0.0,0
50728,0.0,2e-05,2e-05,4e-05,0.0,-2e-05,-1e-05,0.0,0
50729,0.0,2e-05,2e-05,4e-05,0.0,-2e-05,-1e-05,0.0,0
50730,0.0,2e-05,2e-05,4e-05,0.0,-2e-05,-1e-05,0.0,0
50731,0.0,2e-05,2e-05,4e-05,0.0,-2e-05,-1e-05,0.0,0
50732,0.0,2e-05,2e-05,4e-05,0.0,-2e-05,-1e-05,0.0,0
50733,0.0,2e-05,2e-05,4e-05,0.0,-2e-05,-1e-05,0.0,0
50734,0.0,2e-05,2e-05,4e-05,0.0,-2e-05,-1e-05,0.0,0
50735,0.0,2e-05,2e-05,4e-05,0.0,-2e-05,-1e-05,0.0,0
50736,0.0,2e-05,2e-05,4e-05,0.0,-2e-05,-1e-05,0.0,0
50738,0.0,2e-05,2e-05,4e-05,0.0,-2e-05,-1e-05,0.0,0
50739,-1e-05,-3e-05,-2e-05,-1e-05,-2e-05,-1e-05,-1e-05,0.0,0
50740,-1e-05,-3e-05,-2e-05,-1e-05,-2e-05,-1e-05,-1e-05,0.0,0
50741,-1e-05,-3e-05,-2e-05,-1e-05,-2e-05,-1e-05,-1e-05,0.0,0
50742,-1e-05,-3e-05,-2e-05,-1e-05,-2e-05,-1e-05,-1e-05,0.0,0
50743,-1e-05,-3e-05,-2e-05,-1e-05,-2e-05,-1e-05,-1e-05,0.0,0
50744,-1e-05,-3e-05,-2e-05,-1e-05,-2e-05,-1e-05,-1e-05,0.0,0
50745,-1e-05,-3e-05,-2e-05,-1e-05,-2e-05,-1e-05,-1e-05,0.0,0
50746,-1e-05,-3e-05,-2e-05,-1e-05,-2e-05,-1e-05,-1e-05,0.0,0
50747,-1e-05,-3e-05,-2e-05,-1e-05,-2e-05,-1e-05,-1e-05,0.0,0
50748,-1e-05,-3e-05,-2e-05,-1e-05,-2e-05,-1e-05,-1e-05,0.0,0
50749,-1e-05,-3e-05,-4e-05,-3e-05,0.0,-1e-05,-1e-05,-3e-05,0
50750,-1e-05,-3e-05,-4e-05,-3e-05,0.0,-1e-05,-1e-05,-3e-05,0
50751,-1e-05,-3e-05,-4e-05,-3e-05,0.0,-1e-05,-1e-05,-3e-05,0
50752,-1e-05,-3e-05,-4e-05,-3e-05,0.0,-1e-05,-1e-05,-3e-05,0
50754,-1e-05,-3e-05,-4e-05,-3e-05,0.0,-1e-05,-1e-05,-3e-05,0
50755,-1e-05,-3e-05,-4e-05,-3e-05,0.0,-1e-05,-1e-05,-3e-05,0
50756,-1e-05,-3e-05,-4e-05,-3e-05,0.0,-1e-05,-1e-05,-3e-05,0
50757,-1e-05,-3e-05,-4e-05,-3e-05,0.0,-1e-05,-1e-05,-3e-05,0
50758,-1e-05,-3e-05,-4e-05,-3e-05,0.0,-1e-05,-1e-05,-3e-05,0
50759,-1e-05,-3e-05,-4e-05,-3e-05,0.0,-1e-05,-1e-05,-3e-05,0
50760,-1e-05,-3e-05,-4e-05,-3e-05,0.0,-1e-05,-1e-05,-3e-05,0
50761,-1e-05,-3e-05,-4e-05,-3e-05,0.0,-1e-05,-1e-05,-3e-05,0
50762,1e-05,0.0,3e-05,5e-05,1e-05,0.0,0.0,-1e-05,0
50763,-4e-05,-7e-05,-7e-05,-5e-05,-5e-05,-1e-05,0.0,-3e-05,0
50764,-4e-05,-7e-05,-7e-05,-5e-05,-5e-05,-1e-05,0.0,-3e-05,0
50765,-4e-05,-7e-05,-7e-05,-5e-05,-5e-05,-1e-05,0.0,-3e-05,0
50766,-4e-05,-7e-05,-7e-05,-5e-05,-5e-05,-1e-05,0.0,-3e-05,0
50767,-4e-05,-7e-05,-7e-05,-5e-05,-5e-05,-1e-05,0.0,-3e-05,0
50768,-4e-05,-7e-05,-7e-05,-5e-05,-5e-05,-1e-05,0.0,-3e-05,0
50769,-4e-05,-7e-05,-7e-05,-5e-05,-5e-05,-1e-05,0.0,-3e-05,0
50770,-4e-05,-7e-05,-7e-05,-5e-05,-5e-05,-1e-05,0.0,-3e-05,0
50771,-4e-05,-7e-05,-7e-05,-5e-05,-5e-05,-1e-05,0.0,-3e-05,0
50772,-4e-05,-7e-05,-7e-05,-5e-05,-5e-05,-1e-05,0.0,-3e-05,0
50773,-4e-05,-7e-05,-7e-05,-5e-05,-5e-05,-1e-05,0.0,-3e-05,0
50774,-4e-05,-7e-05,-7e-05,-5e-05,-5e-05,-1e-05,0.0,-3e-05,0
50775,-4e-05,-7e-05,-7e-05,-5e-05,-5e-05,-1e-05,0.0,-3e-05,0
50776,-4e-05,-7e-05,-7e-05,-5e-05,-5e-05,-1e-05,0.0,-3e-05,0
50777,-4e-05,-7e-05,-7e-05,-5e-05,-5e-05,-1e-05,0.0,-3e-05,0
50778,-4e-05,-7e-05,-7e-05,-5e-05,-5e-05,-1e-05,0.0,-3e-05,0
50779,-4e-05,-7e-05,-7e-05,-5e-05,-5e-05,-1e-05,0.0,-3e-05,0
50780,-4e-05,-7e-05,-7e-05,-5e-05,-5e-05,-1e-05,0.0,-3e-05,0
50781,-4e-05,-7e-05,-7e-05,-5e-05,-5e-05,-1e-05,0.0,-3e-05,0
50782,-4e-05,-7e-05,-7e-05,-5e-05,-5e-05,-1e-05,0.0,-3e-05,0
50783,-4e-05,-7e-05,-7e-05,-5e-05,-5e-05,-1e-05,0.0,-3e-05,0
50784,-4e-05,-7e-05,-7e-05,-5e-05,-5e-05,-1e-05,0.0,-3e-05,0
50785,-3e-05,-2e-05,-2e-05,-2e-05,-4e-05,-1e-05,0.0,-1e-05,0
50786,-1e-05,-2e-05,-1e-05,1e-05,0.0,-1e-05,-1e-05,0.0,0
50789,-1e-05,-2e-05,-1e-05,1e-05,0.0,-1e-05,-1e-05,0.0,0
50790,-1e-05,-2e-05,-1e-05,1e-05,0.0,-1e-05,-1e-05,0.0,0
50791,-1e-05,-2e-05,-1e-05,1e-05,0.0,-1e-05,-1e-05,0.0,0
50792,-1e-05,-2e-05,-1e-05,1e-05,0.0,-1e-05,-1e-05,0.0,0
50793,-1e-05,-2e-05,-1e-05,1e-05,0.0,-1e-05,-1e-05,0.0,0
50794,-1e-05,-2e-05,-1e-05,1e-05,0.0,-1e-05,-1e-05,0.0,0
50795,-1e-05,-2e-05,-1e-05,1e-05,0.0,-1e-05,-1e-05,0.0,0
50796,-1e-05,-2e-05,-1e-05,1e-05,0.0,-1e-05,-1e-05,0.0,0
50797,-1e-05,-2e-05,-1e-05,1e-05,0.0,-1e-05,-1e-05,0.0,0
50798,-1e-05,-2e-05,-1e-05,1e-05,0.0,-1e-05,-1e-05,0.0,0
50799,-2e-05,-2e-05,-3e-05,0.0,-2e-05,1e-05,-1e-05,-2e-05,0
50800,-2e-05,-2e-05,-3e-05,0.0,-2e-05,1e-05,-1e-05,-2e-05,0
50801,-2e-05,-2e-05,-3e-05,0.0,-2e-05,1e-05,-1e-05,-2e-05,0
50802,-2e-05,-2e-05,-3e-05,0.0,-2e-05,1e-05,-1e-05,-2e-05,0
50804,-2e-05,-2e-05,-3e-05,0.0,-2e-05,1e-05,-1e-05,-2e-05,0
50805,-2e-05,-2e-05,-3e-05,0.0,-2e-05,1e-05,-1e-05,-2e-05,0
50806,-2e-05,-2e-05,-3e-05,0.0,-2e-05,1e-05,-1e-05,-2e-05,0
50807,-2e-05,-2e-05,-3e-05,0.0,-2e-05,1e-05,-1e-05,-2e-05,0
50808,-2e-05,-2e-05,-3e-05,0.0,-2e-05,1e-05,-1e-05,-2e-05,0
50809,-2e-05,-2e-05,-3e-05,0.0,-2e-05,1e-05,-1e-05,-2e-05,0
50810,-2e-05,-2e-05,-3e-05,0.0,-2e-05,1e-05,-1e-05,-2e-05,0
50811,-2e-05,-2e-05,-3e-05,0.0,-2e-05,1e-05,-1e-05,-2e-05,0
50812,-2e-05,-2e-05,-3e-05,0.0,-2e-05,1e-05,-1e-05,-2e-05,0
50813,-2e-05,-2e-05,-3e-05,0.0,-2e-05,1e-05,-1e-05,-2e-05,0
50814,-2e-05,-2e-05,-3e-05,0.0,-2e-05,1e-05,-1e-05,-2e-05,0
50815,0.0,3e-05,-1e-05,-2e-05,1e-05,0.0,-2e-05,0.0,0
50816,-1e-05,-3e-05,-2e-05,1e-05,0.0,0.0,-2e-05,-2e-05,0
50817,-1e-05,-3e-05,-2e-05,1e-05,0.0,0.0,-2e-05,-2e-05,0
50818,-1e-05,-3e-05,-2e-05,1e-05,0.0,0.0,-2e-05,-2e-05,0
50819,-1e-05,-3e-05,-2e-05,1e-05,0.0,0.0,-2e-05,-2e-05,0
50820,-1e-05,-3e-05,-2e-05,1e-05,0.0,0.0,-2e-05,-2e-05,0
50821,-1e-05,-3e-05,-2e-05,1e-05,0.0,0.0,-2e-05,-2e-05,0
50822,2e-05,4e-05,7e-05,3e-05,3e-05,-1e-05,-1e-05,-2e-05,0
50823,-6e-05,-0.00012,-0.00012,0.0,-3e-05,0.0,1e-05,-3e-05,0
50824,-6e-05,-0.00012,-0.00012,0.0,-3e-05,0.0,1e-05,-3e-05,0
50825,-6e-05,-0.00012,-0.00012,0.0,-3e-05,0.0,1e-05,-3e-05,0
50826,-6e-05,-0.00012,-0.00012,0.0,-3e-05,0.0,1e-05,-3e-05,0
50827,-6e-05,-0.00012,-0.00012,0.0,-3e-05,0.0,1e-05,-3e-05,0
50828,-6e-05,-0.00012,-0.00012,0.0,-3e-05,0.0,1e-05,-3e-05,0
50829,-6e-05,-0.00012,-0.00012,0.0,-3e-05,0.0,1e-05,-3e-05,0
50830,-6e-05,-0.00012,-0.00012,0.0,-3e-05,0.0,1e-05,-3e-05,0
50831,-6e-05,-0.00012,-0.00012,0.0,-3e-05,0.0,1e-05,-3e-05,0
50832,-6e-05,-0.00012,-0.00012,0.0,-3e-05,0.0,1e-05,-3e-05,0
50833,-6e-05,-0.00012,-0.00012,0.0,-3e-05,0.0,1e-05,-3e-05,0
50834,-6e-05,-0.00012,-0.00012,0.0,-3e-05,0.0,1e-05,-3e-05,0
50835,-6e-05,-0.00012,-0.00012,0.0,-3e-05,0.0,1e-05,-3e-05,0
50836,-6e-05,-0.00012,-0.00012,0.0,-3e-05,0.0,1e-05,-3e-05,0
50838,-6e-05,-0.00012,-0.00012,0.0,-3e-05,0.0,1e-05,-3e-05,0
50839,-6e-05,-0.00012,-0.00012,0.0,-3e-05,0.0,1e-05,-3e-05,0
50840,-6e-05,-0.00012,-0.00012,0.0,-3e-05,0.0,1e-05,-3e-05,0
50841,-6e-05,-0.00012,-0.00012,0.0,-3e-05,0.0,1e-05,-3e-05,0
50842,-6e-05,-0.00012,-0.00012,0.0,-3e-05,0.0,1e-05,-3e-05,0
50843,-6e-05,-0.00012,-0.00012,0.0,-3e-05,0.0,1e-05,-3e-05,0
50844,-6e-05,-0.00012,-0.00012,0.0,-3e-05,0.0,1e-05,-3e-05,0
50845,1e-05,2e-05,-1e-05,0.0,0.0,1e-05,-1e-05,-2e-05,0
50846,2e-05,4e-05,4e-05,5e-05,-1e-05,-1e-05,-1e-05,-1e-05,0
50847,1e-05,2e-05,3e-05,3e-05,0.0,-2e-05,-1e-05,2e-05,0
50848,1e-05,2e-05,3e-05,3e-05,0.0,-2e-05,-1e-05,2e-05,0
50849,1e-05,2e-05,3e-05,3e-05,0.0,-2e-05,-1e-05,2e-05,0
50850,1e-05,2e-05,3e-05,3e-05,0.0,-2e-05,-1e-05,2e-05,0
50851,1e-05,2e-05,3e-05,3e-05,0.0,-2e-05,-1e-05,2e-05,0
50852,1e-05,2e-05,3e-05,3e-05,0.0,-2e-05,-1e-05,2e-05,0
50854,1e-05,2e-05,3e-05,3e-05,0.0,-2e-05,-1e-05,2e-05,0
50855,1e-05,2e-05,3e-05,3e-05,0.0,-2e-05,-1e-05,2e-05,0
50856,1e-05,2e-05,3e-05,3e-05,0.0,-2e-05,-1e-05,2e-05,0
50857,1e-05,2e-05,3e-05,3e-05,0.0,-2e-05,-1e-05,2e-05,0
50858,1e-05,2e-05,3e-05,3e-05,0.0,-2e-05,-1e-05,2e-05,0
50859,1e-05,2e-05,3e-05,3e-05,0.0,-2e-05,-1e-05,2e-05,0
50860,1e-05,2e-05,3e-05,3e-05,0.0,-2e-05,-1e-05,2e-05,0
50861,1e-05,2e-05,3e-05,3e-05,0.0,-2e-05,-1e-05,2e-05,0
50862,1e-05,2e-05,3e-05,3e-05,0.0,-2e-05,-1e-05,2e-05,0
50863,1e-05,2e-05,3e-05,3e-05,0.0,-2e-05,-1e-05,2e-05,0
50864,1e-05,2e-05,3e-05,3e-05,0.0,-2e-05,-1e-05,2e-05,0
50865,1e-05,2e-05,3e-05,3e-05,0.0,-2e-05,-1e-05,2e-05,0
50866,1e-05,2e-05,3e-05,3e-05,0.0,-2e-05,-1e-05,2e-05,0
50867,1e-05,2e-05,3e-05,3e-05,0.0,-2e-05,-1e-05,2e-05,0
50868,1e-05,-4e-05,1e-05,2e-05,-1e-05,1e-05,0.0,-1e-05,0
50869,1e-05,-4e-05,1e-05,2e-05,-1e-05,1e-05,0.0,-1e-05,0
50870,-1e-05,0.0,0.0,-4e-05,-1e-05,-2e-05,1e-05,1e-05,0
50871,-1e-05,0.0,0.0,-4e-05,-1e-05,-2e-05,1e-05,1e-05,0
50872,-1e-05,0.0,0.0,-4e-05,-1e-05,-2e-05,1e-05,1e-05,0
50873,-1e-05,0.0,0.0,-4e-05,-1e-05,-2e-05,1e-05,1e-05,0
50874,-1e-05,0.0,0.0,-4e-05,-1e-05,-2e-05,1e-05,1e-05,0
50875,-1e-05,0.0,0.0,-4e-05,-1e-05,-2e-05,1e-05,1e-05,0
50876,-1e-05,0.0,0.0,-4e-05,-1e-05,-2e-05,1e-05,1e-05,0
50877,-1e-05,0.0,0.0,-4e-05,-1e-05,-2e-05,1e-05,1e-05,0
50878,-1e-05,0.0,0.0,-4e-05,-1e-05,-2e-05,1e-05,1e-05,0
50879,-1e-05,0.0,0.0,-4e-05,-1e-05,-2e-05,1e-05,1e-05,0
50880,-1e-05,0.0,0.0,-4e-05,-1e-05,-2e-05,1e-05,1e-05,0
50881,-1e-05,0.0,0.0,-4e-05,-1e-05,-2e-05,1e-05,1e-05,0
50882,0.0,2e-05,2e-05,1e-05,-1e-05,-3e-05,-2e-05,-1e-05,0
50883,1e-05,2e-05,1e-05,1e-05,0.0,-1e-05,-3e-05,0.0,0
50884,1e-05,2e-05,1e-05,1e-05,0.0,-1e-05,-3e-05,0.0,0
50885,1e-05,2e-05,1e-05,1e-05,0.0,-1e-05,-3e-05,0.0,0
50886,1e-05,2e-05,1e-05,1e-05,0.0,-1e-05,-3e-05,0.0,0
50888,1e-05,2e-05,1e-05,1e-05,0.0,-1e-05,-3e-05,0.0,0
50889,1e-05,2e-05,1e-05,1e-05,0.0,-1e-05,-3e-05,0.0,0
50890,1e-05,2e-05,1e-05,1e-05,0.0,-1e-05,-3e-05,0.0,0
50891,1e-05,2e-05,1e-05,1e-05,0.0,-1e-05,-3e-05,0.0,0
50892,1e-05,2e-05,1e-05,1e-05,0.0,-1e-05,-3e-05,0.0,0
50893,1e-05,2e-05,1e-05,1e-05,0.0,-1e-05,-3e-05,0.0,0
50894,1e-05,2e-05,1e-05,1e-05,0.0,-1e-05,-3e-05,0.0,0
50895,1e-05,2e-05,1e-05,1e-05,0.0,-1e-05,-3e-05,0.0,0
50896,1e-05,2e-05,1e-05,1e-05,0.0,-1e-05,-3e-05,0.0,0
50897,1e-05,2e-05,1e-05,1e-05,0.0,-1e-05,-3e-05,0.0,0
50898,1e-05,2e-05,1e-05,1e-05,0.0,-1e-05,-3e-05,0.0,0
50899,1e-05,2e-05,1e-05,1e-05,0.0,-1e-05,-3e-05,0.0,0
50900,1e-05,2e-05,1e-05,1e-05,0.0,-1e-05,-3e-05,0.0,0
50901,1e-05,2e-05,1e-05,1e-05,0.0,-1e-05,-3e-05,0.0,0
50902,1e-05,2e-05,1e-05,1e-05,0.0,-1e-05,-3e-05,0.0,0
50904,1e-05,2e-05,1e-05,1e-05,0.0,-1e-05,-3e-05,0.0,0
50905,-1e-05,1e-05,6e-05,2e-05,-1e-05,-1e-05,-1e-05,0.0,0
50906,2e-05,2e-05,3e-05,3e-05,-1e-05,-2e-05,-1e-05,0.0,0
50907,2e-05,2e-05,3e-05,3e-05,-1e-05,-2e-05,-1e-05,0.0,0
50908,2e-05,2e-05,3e-05,3e-05,-1e-05,-2e-05,-1e-05,0.0,0
50909,2e-05,2e-05,3e-05,3e-05,-1e-05,-2e-05,-1e-05,0.0,0
50910,2e-05,2e-05,3e-05,3e-05,-1e-05,-2e-05,-1e-05,0.0,0
50911,2e-05,2e-05,3e-05,3e-05,-1e-05,-2e-05,-1e-05,0.0,0
50912,2e-05,2e-05,3e-05,3e-05,-1e-05,-2e-05,-1e-05,0.0,0
50913,2e-05,2e-05,3e-05,3e-05,-1e-05,-2e-05,-1e-05,0.0,0
50914,2e-05,2e-05,3e-05,3e-05,-1e-05,-2e-05,-1e-05,0.0,0
50915,2e-05,2e-05,3e-05,3e-05,-1e-05,-2e-05,-1e-05,0.0,0
50916,2e-05,2e-05,3e-05,3e-05,-1e-05,-2e-05,-1e-05,0.0,0
50917,2e-05,2e-05,3e-05,3e-05,-1e-05,-2e-05,-1e-05,0.0,0
50918,2e-05,2e-05,3e-05,3e-05,-1e-05,-2e-05,-1e-05,0.0,0
50919,2e-05,2e-05,3e-05,3e-05,-1e-05,-2e-05,-1e-05,0.0,0
50920,2e-05,2e-05,3e-05,3e-05,-1e-05,-2e-05,-1e-05,0.0,0
50921,2e-05,2e-05,3e-05,3e-05,-1e-05,-2e-05,-1e-05,0.0,0
50922,2e-05,2e-05,3e-05,3e-05,-1e-05,-2e-05,-1e-05,0.0,0
50923,2e-05,2e-05,3e-05,3e-05,-1e-05,-2e-05,-1e-05,0.0,0
50924,2e-05,2e-05,3e-05,3e-05,-1e-05,-2e-05,-1e-05,0.0,0
50925,2e-05,2e-05,3e-05,3e-05,-1e-05,-2e-05,-1e-05,0.0,0
50926,2e-05,2e-05,3e-05,3e-05,-1e-05,-2e-05,-1e-05,0.0,0
50927,2e-05,2e-05,3e-05,3e-05,-1e-05,-2e-05,-1e-05,0.0,0
50928,2e-05,2e-05,3e-05,3e-05,-1e-05,-2e-05,-1e-05,0.0,0
50929,2e-05,2e-05,3e-05,3e-05,-1e-05,-2e-05,-1e-05,0.0,0
50930,2e-05,2e-05,3e-05,3e-05,-1e-05,-2e-05,-1e-05,0.0,0
50931,2e-05,2e-05,3e-05,3e-05,-1e-05,-2e-05,-1e-05,0.0,0
50932,2e-05,2e-05,3e-05,3e-05,-1e-05,-2e-05,-1e-05,0.0,0
50933,2e-05,2e-05,3e-05,3e-05,-1e-05,-2e-05,-1e-05,0.0,0
50934,2e-05,2e-05,3e-05,3e-05,-1e-05,-2e-05,-1e-05,0.0,0
50935,0.0,0.0,1e-05,-1e-05,1e-05,-1e-05,-1e-05,1e-05,0
50936,-1e-05,1e-05,1e-05,-1e-05,-2e-05,0.0,-1e-05,0.0,0
50938,1e-05,1e-05,-1e-05,-4e-05,-2e-05,-1e-05,-2e-05,0.0,0
50939,1e-05,1e-05,-1e-05,-4e-05,-2e-05,-1e-05,-2e-05,0.0,0
50940,1e-05,1e-05,-1e-05,-4e-05,-2e-05,-1e-05,-2e-05,0.0,0
50941,1e-05,1e-05,-1e-05,-4e-05,-2e-05,-1e-05,-2e-05,0.0,0
50942,-1e-05,-2e-05,-1e-05,2e-05,0.0,-3e-05,-1e-05,-2e-05,0
50943,-3e-05,-1e-05,-2e-05,-1e-05,0.0,-1e-05,-1e-05,-1e-05,0
50944,-3e-05,-1e-05,-2e-05,-1e-05,0.0,-1e-05,-1e-05,-1e-05,0
50945,-3e-05,-1e-05,-2e-05,-1e-05,0.0,-1e-05,-1e-05,-1e-05,0
50946,-3e-05,-1e-05,-2e-05,-1e-05,0.0,-1e-05,-1e-05,-1e-05,0
50947,-3e-05,-1e-05,-2e-05,-1e-05,0.0,-1e-05,-1e-05,-1e-05,0
50948,-3e-05,-1e-05,-2e-05,-1e-05,0.0,-1e-05,-1e-05,-1e-05,0
50949,-3e-05,-1e-05,-2e-05,-1e-05,0.0,-1e-05,-1e-05,-1e-05,0
50950,-3e-05,-1e-05,-2e-05,-1e-05,0.0,-1e-05,-1e-05,-1e-05,0
50951,-3e-05,-1e-05,-2e-05,-1e-05,0.0,-1e-05,-1e-05,-1e-05,0
50952,-3e-05,-1e-05,-2e-05,-1e-05,0.0,-1e-05,-1e-05,-1e-05,0
50954,-3e-05,-1e-05,-2e-05,-1e-05,0.0,-1e-05,-1e-05,-1e-05,0
50955,-3e-05,-1e-05,-2e-05,-1e-05,0.0,-1e-05,-1e-05,-1e-05,0
50956,-3e-05,-1e-05,-2e-05,-1e-05,0.0,-1e-05,-1e-05,-1e-05,0
50957,-3e-05,-1e-05,-2e-05,-1e-05,0.0,-1e-05,-1e-05,-1e-05,0
50958,-3e-05,-1e-05,-2e-05,-1e-05,0.0,-1e-05,-1e-05,-1e-05,0
50959,-3e-05,-1e-05,-2e-05,-1e-05,0.0,-1e-05,-1e-05,-1e-05,0
50960,-3e-05,-1e-05,-2e-05,-1e-05,0.0,-1e-05,-1e-05,-1e-05,0
50961,-3e-05,-1e-05,-2e-05,-1e-05,0.0,-1e-05,-1e-05,-1e-05,0
50962,-3e-05,-1e-05,-2e-05,-1e-05,0.0,-1e-05,-1e-05,-1e-05,0
50963,-3e-05,-1e-05,-2e-05,-1e-05,0.0,-1e-05,-1e-05,-1e-05,0
50964,-3e-05,-1e-05,-2e-05,-1e-05,0.0,-1e-05,-1e-05,-1e-05,0
50965,-3e-05,-1e-05,-2e-05,-1e-05,0.0,-1e-05,-1e-05,-1e-05,0
50966,-3e-05,-1e-05,-2e-05,-1e-05,0.0,-1e-05,-1e-05,-1e-05,0
50967,-3e-05,-1e-05,-2e-05,-1e-05,0.0,-1e-05,-1e-05,-1e-05,0
50968,-3e-05,-1e-05,-2e-05,-1e-05,0.0,-1e-05,-1e-05,-1e-05,0
50969,-3e-05,-1e-05,-2e-05,-1e-05,0.0,-1e-05,-1e-05,-1e-05,0
50970,-3e-05,-1e-05,-2e-05,-1e-05,0.0,-1e-05,-1e-05,-1e-05,0
50971,-3e-05,-1e-05,-2e-05,-1e-05,0.0,-1e-05,-1e-05,-1e-05,0
50972,-3e-05,-1e-05,-2e-05,-1e-05,0.0,-1e-05,-1e-05,-1e-05,0
50973,0.0,2e-05,4e-05,3e-05,0.0,-1e-05,-1e-05,-1e-05,0
50974,-3e-05,-9e-05,-0.0001,-5e-05,-3e-05,0.0,0.0,-1e-05,0
50975,-3e-05,-9e-05,-0.0001,-5e-05,-3e-05,0.0,0.0,-1e-05,0
50976,-3e-05,-9e-05,-0.0001,-5e-05,-3e-05,0.0,0.0,-1e-05,0
50977,-3e-05,-9e-05,-0.0001,-5e-05,-3e-05,0.0,0.0,-1e-05,0
50978,-3e-05,-9e-05,-0.0001,-5e-05,-3e-05,0.0,0.0,-1e-05,0
50979,-3e-05,-9e-05,-0.0001,-5e-05,-3e-05,0.0,0.0,-1e-05,0
50980,-3e-05,-9e-05,-0.0001,-5e-05,-3e-05,0.0,0.0,-1e-05,0
50981,-3e-05,-9e-05,-0.0001,-5e-05,-3e-05,0.0,0.0,-1e-05,0
50982,-3e-05,-9e-05,-0.0001,-5e-05,-3e-05,0.0,0.0,-1e-05,0
50983,-3e-05,-9e-05,-0.0001,-5e-05,-3e-05,0.0,0.0,-1e-05,0
50984,-3e-05,-9e-05,-0.0001,-5e-05,-3e-05,0.0,0.0,-1e-05,0
50985,-3e-05,-9e-05,-0.0001,-5e-05,-3e-05,0.0,0.0,-1e-05,0
50986,-3e-05,-9e-05,-0.0001,-5e-05,-3e-05,0.0,0.0,-1e-05,0
50989,1e-05,2e-05,4e-05,3e-05,1e-05,-1e-05,-2e-05,-3e-05,0
50990,1e-05,2e-05,4e-05,3e-05,1e-05,-1e-05,-2e-05,-3e-05,0
50991,1e-05,2e-05,4e-05,3e-05,1e-05,-1e-05,-2e-05,-3e-05,0
50992,1e-05,2e-05,4e-05,3e-05,1e-05,-1e-05,-2e-05,-3e-05,0
50993,1e-05,2e-05,4e-05,3e-05,1e-05,-1e-05,-2e-05,-3e-05,0
50994,1e-05,2e-05,4e-05,3e-05,1e-05,-1e-05,-2e-05,-3e-05,0
50995,1e-05,2e-05,4e-05,3e-05,1e-05,-1e-05,-2e-05,-3e-05,0
50996,1e-05,2e-05,4e-05,3e-05,1e-05,-1e-05,-2e-05,-3e-05,0
50997,1e-05,2e-05,4e-05,3e-05,1e-05,-1e-05,-2e-05,-3e-05,0
50998,1e-05,2e-05,4e-05,3e-05,1e-05,-1e-05,-2e-05,-3e-05,0
50999,1e-05,2e-05,4e-05,3e-05,1e-05,-1e-05,-2e-05,-3e-05,0
51000,1e-05,2e-05,4e-05,3e-05,1e-05,-1e-05,-2e-05,-3e-05,0
51001,1e-05,2e-05,4e-05,3e-05,1e-05,-1e-05,-2e-05,-3e-05,0
51002,0.0,1e-05,1e-05,1e-05,2e-05,-2e-05,-1e-05,-3e-05,0
51004,0.0,3e-05,3e-05,1e-05,-1e-05,0.0,-1e-05,-1e-05,0
51005,0.0,3e-05,3e-05,1e-05,-1e-05,0.0,-1e-05,-1e-05,0
51006,0.0,3e-05,3e-05,1e-05,-1e-05,0.0,-1e-05,-1e-05,0
51007,0.0,3e-05,3e-05,1e-05,-1e-05,0.0,-1e-05,-1e-05,0
51008,0.0,3e-05,3e-05,1e-05,-1e-05,0.0,-1e-05,-1e-05,0
51009,0.0,3e-05,3e-05,1e-05,-1e-05,0.0,-1e-05,-1e-05,0
51010,0.0,3e-05,3e-05,1e-05,-1e-05,0.0,-1e-05,-1e-05,0
51011,0.0,3e-05,3e-05,1e-05,-1e-05,0.0,-1e-05,-1e-05,0
51012,0.0,3e-05,3e-05,1e-05,-1e-05,0.0,-1e-05,-1e-05,0
51013,0.0,3e-05,3e-05,1e-05,-1e-05,0.0,-1e-05,-1e-05,0
51014,0.0,3e-05,3e-05,1e-05,-1e-05,0.0,-1e-05,-1e-05,0
51015,0.0,3e-05,3e-05,1e-05,-1e-05,0.0,-1e-05,-1e-05,0
51016,0.0,3e-05,3e-05,1e-05,-1e-05,0.0,-1e-05,-1e-05,0
51017,0.0,3e-05,3e-05,1e-05,-1e-05,0.0,-1e-05,-1e-05,0
51018,0.0,3e-05,3e-05,1e-05,-1e-05,0.0,-1e-05,-1e-05,0
51019,0.0,3e-05,3e-05,1e-05,-1e-05,0.0,-1e-05,-1e-05,0
51020,0.0,3e-05,3e-05,1e-05,-1e-05,0.0,-1e-05,-1e-05,0
51021,0.0,3e-05,3e-05,1e-05,-1e-05,0.0,-1e-05,-1e-05,0
51022,0.0,3e-05,3e-05,1e-05,-1e-05,0.0,-1e-05,-1e-05,0
51023,0.0,3e-05,3e-05,1e-05,-1e-05,0.0,-1e-05,-1e-05,0
51024,0.0,3e-05,3e-05,1e-05,-1e-05,0.0,-1e-05,-1e-05,0
51025,-2e-05,-6e-05,-7e-05,-5e-05,-1e-05,-1e-05,-1e-05,1e-05,0
51026,3e-05,7e-05,8e-05,1e-05,2e-05,-2e-05,-1e-05,0.0,0
51027,3e-05,7e-05,8e-05,1e-05,2e-05,-2e-05,-1e-05,0.0,0
51028,3e-05,7e-05,8e-05,1e-05,2e-05,-2e-05,-1e-05,0.0,0
51029,3e-05,7e-05,8e-05,1e-05,2e-05,-2e-05,-1e-05,0.0,0
51030,3e-05,7e-05,8e-05,1e-05,2e-05,-2e-05,-1e-05,0.0,0
51031,3e-05,7e-05,8e-05,1e-05,2e-05,-2e-05,-1e-05,0.0,0
51032,3e-05,7e-05,8e-05,1e-05,2e-05,-2e-05,-1e-05,0.0,0
51033,3e-05,7e-05,8e-05,1e-05,2e-05,-2e-05,-1e-05,0.0,0
51034,3e-05,7e-05,8e-05,1e-05,2e-05,-2e-05,-1e-05,0.0,0
51035,3e-05,7e-05,8e-05,1e-05,2e-05,-2e-05,-1e-05,0.0,0
51036,3e-05,7e-05,8e-05,1e-05,2e-05,-2e-05,-1e-05,0.0,0
51038,3e-05,7e-05,8e-05,1e-05,2e-05,-2e-05,-1e-05,0.0,0
51039,3e-05,7e-05,8e-05,1e-05,2e-05,-2e-05,-1e-05,0.0,0
51040,3e-05,7e-05,8e-05,1e-05,2e-05,-2e-05,-1e-05,0.0,0
51041,3e-05,7e-05,8e-05,1e-05,2e-05,-2e-05,-1e-05,0.0,0
51042,3e-05,7e-05,8e-05,1e-05,2e-05,-2e-05,-1e-05,0.0,0
51043,3e-05,7e-05,8e-05,1e-05,2e-05,-2e-05,-1e-05,0.0,0
51044,3e-05,7e-05,8e-05,1e-05,2e-05,-2e-05,-1e-05,0.0,0
51045,3e-05,7e-05,8e-05,1e-05,2e-05,-2e-05,-1e-05,0.0,0
51046,3e-05,7e-05,8e-05,1e-05,2e-05,-2e-05,-1e-05,0.0,0
51047,3e-05,7e-05,8e-05,1e-05,2e-05,-2e-05,-1e-05,0.0,0
51048,3e-05,7e-05,8e-05,1e-05,2e-05,-2e-05,-1e-05,0.0,0
51049,3e-05,7e-05,8e-05,1e-05,2e-05,-2e-05,-1e-05,0.0,0
51050,3e-05,7e-05,8e-05,1e-05,2e-05,-2e-05,-1e-05,0.0,0
51051,3e-05,7e-05,8e-05,1e-05,2e-05,-2e-05,-1e-05,0.0,0
51052,3e-05,7e-05,8e-05,1e-05,2e-05,-2e-05,-1e-05,0.0,0
51054,3e-05,7e-05,8e-05,1e-05,2e-05,-2e-05,-1e-05,0.0,0
51055,-6e-05,-6e-05,-7e-05,-6e-05,-4e-05,-2e-05,-1e-05,-1e-05,0
51056,1e-05,1e-05,4e-05,4e-05,0.0,-3e-05,0.0,-1e-05,0
51057,1e-05,1e-05,4e-05,4e-05,0.0,-3e-05,0.0,-1e-05,0
51058,1e-05,1e-05,4e-05,4e-05,0.0,-3e-05,0.0,-1e-05,0
51059,1e-05,1e-05,4e-05,4e-05,0.0,-3e-05,0.0,-1e-05,0
51060,1e-05,1e-05,4e-05,4e-05,0.0,-3e-05,0.0,-1e-05,0
51061,1e-05,1e-05,4e-05,4e-05,0.0,-3e-05,0.0,-1e-05,0
51062,0.0,-2e-05,-3e-05,-3e-05,-1e-05,0.0,-1e-05,2e-05,0
51063,1e-05,1e-05,1e-05,-4e-05,-1e-05,0.0,-1e-05,1e-05,0
51064,1e-05,1e-05,1e-05,-4e-05,-1e-05,0.0,-1e-05,1e-05,0
51065,1e-05,1e-05,1e-05,-4e-05,-1e-05,0.0,-1e-05,1e-05,0
51066,1e-05,1e-05,1e-05,-4e-05,-1e-05,0.0,-1e-05,1e-05,0
51067,1e-05,1e-05,1e-05,-4e-05,-1e-05,0.0,-1e-05,1e-05,0
51068,1e-05,1e-05,1e-05,-4e-05,-1e-05,0.0,-1e-05,1e-05,0
51069,1e-05,1e-05,1e-05,-4e-05,-1e-05,0.0,-1e-05,1e-05,0
51070,1e-05,1e-05,1e-05,-4e-05,-1e-05,0.0,-1e-05,1e-05,0
51071,1e-05,1e-05,1e-05,-4e-05,-1e-05,0.0,-1e-05,1e-05,0
51072,1e-05,1e-05,1e-05,-4e-05,-1e-05,0.0,-1e-05,1e-05,0
51073,1e-05,1e-05,1e-05,-4e-05,-1e-05,0.0,-1e-05,1e-05,0
51074,1e-05,1e-05,1e-05,-4e-05,-1e-05,0.0,-1e-05,1e-05,0
51075,1e-05,1e-05,1e-05,-4e-05,-1e-05,0.0,-1e-05,1e-05,0
51076,1e-05,1e-05,1e-05,-4e-05,-1e-05,0.0,-1e-05,1e-05,0
51077,1e-05,1e-05,1e-05,-4e-05,-1e-05,0.0,-1e-05,1e-05,0
51078,1e-05,1e-05,1e-05,-4e-05,-1e-05,0.0,-1e-05,1e-05,0
51079,1e-05,1e-05,1e-05,-4e-05,-1e-05,0.0,-1e-05,1e-05,0
51080,1e-05,1e-05,1e-05,-4e-05,-1e-05,0.0,-1e-05,1e-05,0
51081,1e-05,1e-05,1e-05,-4e-05,-1e-05,0.0,-1e-05,1e-05,0
51082,1e-05,1e-05,1e-05,-4e-05,-1e-05,0.0,-1e-05,1e-05,0
51083,1e-05,1e-05,1e-05,-4e-05,-1e-05,0.0,-1e-05,1e-05,0
51084,1e-05,1e-05,1e-05,-4e-05,-1e-05,0.0,-1e-05,1e-05,0
51085,1e-05,1e-05,1e-05,-4e-05,-1e-05,0.0,-1e-05,1e-05,0
51086,1e-05,1e-05,1e-05,-4e-05,-1e-05,0.0,-1e-05,1e-05,0
51088,1e-05,1e-05,1e-05,-4e-05,-1e-05,0.0,-1e-05,1e-05,0
51089,1e-05,1e-05,1e-05,-4e-05,-1e-05,0.0,-1e-05,1e-05,0
51090,1e-05,1e-05,1e-05,-4e-05,-1e-05,0.0,-1e-05,1e-05,0
51091,1e-05,1e-05,1e-05,-4e-05,-1e-05,0.0,-1e-05,1e-05,0
51092,1e-05,1e-05,1e-05,-4e-05,-1e-05,0.0,-1e-05,1e-05,0
51093,0.0,3e-05,6e-05,0.0,-3e-05,-1e-05,-1e-05,-2e-05,0
51094,-2e-05,-4e-05,-7e-05,-4e-05,-3e-05,0.0,-2e-05,-2e-05,0
51095,-2e-05,-4e-05,-7e-05,-4e-05,-3e-05,0.0,-2e-05,-2e-05,0
51096,-2e-05,-4e-05,-7e-05,-4e-05,-3e-05,0.0,-2e-05,-2e-05,0
51097,-2e-05,-4e-05,-7e-05,-4e-05,-3e-05,0.0,-2e-05,-2e-05,0
51098,-2e-05,-4e-05,-7e-05,-4e-05,-3e-05,0.0,-2e-05,-2e-05,0
51099,-2e-05,-4e-05,-7e-05,-4e-05,-3e-05,0.0,-2e-05,-2e-05,0
51100,-2e-05,-4e-05,-7e-05,-4e-05,-3e-05,0.0,-2e-05,-2e-05,0
51101,-2e-05,-4e-05,-7e-05,-4e-05,-3e-05,0.0,-2e-05,-2e-05,0
51102,-2e-05,-4e-05,-7e-05,-4e-05,-3e-05,0.0,-2e-05,-2e-05,0
51104,-2e-05,-4e-05,-7e-05,-4e-05,-3e-05,0.0,-2e-05,-2e-05,0
51105,-2e-05,-4e-05,-7e-05,-4e-05,-3e-05,0.0,-2e-05,-2e-05,0
51106,-2e-05,-4e-05,-7e-05,-4e-05,-3e-05,0.0,-2e-05,-2e-05,0
51107,-2e-05,-4e-05,-7e-05,-4e-05,-3e-05,0.0,-2e-05,-2e-05,0
51108,-2e-05,-4e-05,-7e-05,-4e-05,-3e-05,0.0,-2e-05,-2e-05,0
51109,-2e-05,-4e-05,-7e-05,-4e-05,-3e-05,0.0,-2e-05,-2e-05,0
51110,-2e-05,-4e-05,-7e-05,-4e-05,-3e-05,0.0,-2e-05,-2e-05,0
51111,-2e-05,-4e-05,-7e-05,-4e-05,-3e-05,0.0,-2e-05,-2e-05,0
51112,-2e-05,-4e-05,-7e-05,-4e-05,-3e-05,0.0,-2e-05,-2e-05,0
51113,-2e-05,-4e-05,-7e-05,-4e-05,-3e-05,0.0,-2e-05,-2e-05,0
51114,-2e-05,-4e-05,-7e-05,-4e-05,-3e-05,0.0,-2e-05,-2e-05,0
51115,-2e-05,-4e-05,-7e-05,-4e-05,-3e-05,0.0,-2e-05,-2e-05,0
51116,-2e-05,-4e-05,-7e-05,-4e-05,-3e-05,0.0,-2e-05,-2e-05,0
51117,-2e-05,-3e-05,-2e-05,1e-05,-1e-05,-2e-05,-2e-05,0.0,0
51118,-2e-05,-3e-05,-2e-05,1e-05,-1e-05,-2e-05,-2e-05,0.0,0
51119,-2e-05,-3e-05,-2e-05,1e-05,-1e-05,-2e-05,-2e-05,0.0,0
51120,-2e-05,-3e-05,-2e-05,1e-05,-1e-05,-2e-05,-2e-05,0.0,0
51121,-2e-05,-3e-05,-2e-05,1e-05,-1e-05,-2e-05,-2e-05,0.0,0
51122,3e-05,7e-05,0.0001,7e-05,1e-05,-2e-05,-1e-05,0.0,0
51123,-8e-05,-0.00011,-0.00014,-0.00021,-4e-05,-2e-05,0.0,-1e-05,0
51124,-8e-05,-0.00011,-0.00014,-0.00021,-4e-05,-2e-05,0.0,-1e-05,0
51125,-8e-05,-0.00011,-0.00014,-0.00021,-4e-05,-2e-05,0.0,-1e-05,0
51126,-8e-05,-0.00011,-0.00014,-0.00021,-4e-05,-2e-05,0.0,-1e-05,0
51127,-8e-05,-0.00011,-0.00014,-0.00021,-4e-05,-2e-05,0.0,-1e-05,0
51128,-8e-05,-0.00011,-0.00014,-0.00021,-4e-05,-2e-05,0.0,-1e-05,0
51129,-8e-05,-0.00011,-0.00014,-0.00021,-4e-05,-2e-05,0.0,-1e-05,0
51130,-8e-05,-0.00011,-0.00014,-0.00021,-4e-05,-2e-05,0.0,-1e-05,0
51131,-8e-05,-0.00011,-0.00014,-0.00021,-4e-05,-2e-05,0.0,-1e-05,0
51132,-8e-05,-0.00011,-0.00014,-0.00021,-4e-05,-2e-05,0.0,-1e-05,0
51133,-8e-05,-0.00011,-0.00014,-0.00021,-4e-05,-2e-05,0.0,-1e-05,0
51134,-8e-05,-0.00011,-0.00014,-0.00021,-4e-05,-2e-05,0.0,-1e-05,0
51135,-8e-05,-0.00011,-0.00014,-0.00021,-4e-05,-2e-05,0.0,-1e-05,0
51136,-8e-05,-0.00011,-0.00014,-0.00021,-4e-05,-2e-05,0.0,-1e-05,0
51138,-8e-05,-0.00011,-0.00014,-0.00021,-4e-05,-2e-05,0.0,-1e-05,0
51139,-8e-05,-0.00011,-0.00014,-0.00021,-4e-05,-2e-05,0.0,-1e-05,0
51140,-8e-05,-0.00011,-0.00014,-0.00021,-4e-05,-2e-05,0.0,-1e-05,0
51141,-8e-05,-0.00011,-0.00014,-0.00021,-4e-05,-2e-05,0.0,-1e-05,0
51142,-8e-05,-0.00011,-0.00014,-0.00021,-4e-05,-2e-05,0.0,-1e-05,0
51143,-8e-05,-0.00011,-0.00014,-0.00021,-4e-05,-2e-05,0.0,-1e-05,0
51144,-8e-05,-0.00011,-0.00014,-0.00021,-4e-05,-2e-05,0.0,-1e-05,0
51145,1e-05,0.0,-2e-05,0.0,-4e-05,0.0,0.0,0.0,0
51146,0.0,3e-05,4e-05,8e-05,0.0,-1e-05,0.0,-1e-05,0
51147,0.0,3e-05,4e-05,8e-05,0.0,-1e-05,0.0,-1e-05,0
51148,0.0,3e-05,4e-05,8e-05,0.0,-1e-05,0.0,-1e-05,0
51149,0.0,3e-05,4e-05,8e-05,0.0,-1e-05,0.0,-1e-05,0
51150,0.0,3e-05,4e-05,8e-05,0.0,-1e-05,0.0,-1e-05,0
51151,0.0,3e-05,4e-05,8e-05,0.0,-1e-05,0.0,-1e-05,0
51152,0.0,3e-05,4e-05,8e-05,0.0,-1e-05,0.0,-1e-05,0
51154,0.0,3e-05,4e-05,8e-05,0.0,-1e-05,0.0,-1e-05,0
51155,0.0,3e-05,4e-05,8e-05,0.0,-1e-05,0.0,-1e-05,0
51156,0.0,3e-05,4e-05,8e-05,0.0,-1e-05,0.0,-1e-05,0
51157,0.0,3e-05,4e-05,8e-05,0.0,-1e-05,0.0,-1e-05,0
51158,0.0,3e-05,4e-05,8e-05,0.0,-1e-05,0.0,-1e-05,0
51159,0.0,3e-05,4e-05,8e-05,0.0,-1e-05,0.0,-1e-05,0
51160,0.0,3e-05,4e-05,8e-05,0.0,-1e-05,0.0,-1e-05,0
51161,0.0,3e-05,4e-05,8e-05,0.0,-1e-05,0.0,-1e-05,0
51162,0.0,3e-05,4e-05,8e-05,0.0,-1e-05,0.0,-1e-05,0
51163,0.0,3e-05,4e-05,8e-05,0.0,-1e-05,0.0,-1e-05,0
51164,0.0,3e-05,4e-05,8e-05,0.0,-1e-05,0.0,-1e-05,0
51165,0.0,3e-05,4e-05,8e-05,0.0,-1e-05,0.0,-1e-05,0
51166,0.0,3e-05,4e-05,8e-05,0.0,-1e-05,0.0,-1e-05,0
51167,0.0,3e-05,4e-05,8e-05,0.0,-1e-05,0.0,-1e-05,0
51168,-1e-05,4e-05,0.0,-1e-05,1e-05,-3e-05,-1e-05,-2e-05,0
51169,-5e-05,-6e-05,-6e-05,-1e-05,-2e-05,-1e-05,-1e-05,-2e-05,0
51170,-5e-05,-6e-05,-6e-05,-1e-05,-2e-05,-1e-05,-1e-05,-2e-05,0
51171,-5e-05,-6e-05,-6e-05,-1e-05,-2e-05,-1e-05,-1e-05,-2e-05,0
51172,-5e-05,-6e-05,-6e-05,-1e-05,-2e-05,-1e-05,-1e-05,-2e-05,0
51173,-5e-05,-6e-05,-6e-05,-1e-05,-2e-05,-1e-05,-1e-05,-2e-05,0
51174,-5e-05,-6e-05,-6e-05,-1e-05,-2e-05,-1e-05,-1e-05,-2e-05,0
51175,-5e-05,-6e-05,-6e-05,-1e-05,-2e-05,-1e-05,-1e-05,-2e-05,0
51176,-5e-05,-6e-05,-6e-05,-1e-05,-2e-05,-1e-05,-1e-05,-2e-05,0
51177,-5e-05,-6e-05,-6e-05,-1e-05,-2e-05,-1e-05,-1e-05,-2e-05,0
51178,-5e-05,-6e-05,-6e-05,-1e-05,-2e-05,-1e-05,-1e-05,-2e-05,0
51179,-5e-05,-6e-05,-6e-05,-1e-05,-2e-05,-1e-05,-1e-05,-2e-05,0
51180,-5e-05,-6e-05,-6e-05,-1e-05,-2e-05,-1e-05,-1e-05,-2e-05,0
51181,-5e-05,-6e-05,-6e-05,-1e-05,-2e-05,-1e-05,-1e-05,-2e-05,0
51182,-5e-05,-6e-05,-6e-05,-1e-05,-2e-05,-1e-05,-1e-05,-2e-05,0
51183,3e-05,1e-05,4e-05,4e-05,-1e-05,-2e-05,-2e-05,-1e-05,0
51185,3e-05,1e-05,4e-05,4e-05,-1e-05,-2e-05,-2e-05,-1e-05,0
51186,3e-05,1e-05,4e-05,4e-05,-1e-05,-2e-05,-2e-05,-1e-05,0
51188,3e-05,1e-05,4e-05,4e-05,-1e-05,-2e-05,-2e-05,-1e-05,0
51189,3e-05,1e-05,4e-05,4e-05,-1e-05,-2e-05,-2e-05,-1e-05,0
51190,3e-05,1e-05,4e-05,4e-05,-1e-05,-2e-05,-2e-05,-1e-05,0
51191,3e-05,1e-05,4e-05,4e-05,-1e-05,-2e-05,-2e-05,-1e-05,0
51192,3e-05,1e-05,4e-05,4e-05,-1e-05,-2e-05,-2e-05,-1e-05,0
51193,3e-05,1e-05,4e-05,4e-05,-1e-05,-2e-05,-2e-05,-1e-05,0
51194,3e-05,1e-05,4e-05,4e-05,-1e-05,-2e-05,-2e-05,-1e-05,0
51195,3e-05,1e-05,4e-05,4e-05,-1e-05,-2e-05,-2e-05,-1e-05,0
51196,3e-05,1e-05,4e-05,4e-05,-1e-05,-2e-05,-2e-05,-1e-05,0
51197,3e-05,1e-05,4e-05,4e-05,-1e-05,-2e-05,-2e-05,-1e-05,0
51198,3e-05,1e-05,4e-05,4e-05,-1e-05,-2e-05,-2e-05,-1e-05,0
51199,3e-05,1e-05,4e-05,4e-05,-1e-05,-2e-05,-2e-05,-1e-05,0
51200,3e-05,1e-05,4e-05,4e-05,-1e-05,-2e-05,-2e-05,-1e-05,0
51201,3e-05,1e-05,4e-05,4e-05,-1e-05,-2e-05,-2e-05,-1e-05,0
51202,3e-05,1e-05,4e-05,4e-05,-1e-05,-2e-05,-2e-05,-1e-05,0
51204,3e-05,1e-05,4e-05,4e-05,-1e-05,-2e-05,-2e-05,-1e-05,0
51205,3e-05,1e-05,4e-05,4e-05,-1e-05,-2e-05,-2e-05,-1e-05,0
51206,3e-05,1e-05,4e-05,4e-05,-1e-05,-2e-05,-2e-05,-1e-05,0
51207,3e-05,1e-05,4e-05,4e-05,-1e-05,-2e-05,-2e-05,-1e-05,0
51208,3e-05,1e-05,4e-05,4e-05,-1e-05,-2e-05,-2e-05,-1e-05,0
51209,3e-05,1e-05,4e-05,4e-05,-1e-05,-2e-05,-2e-05,-1e-05,0
51210,3e-05,1e-05,4e-05,4e-05,-1e-05,-2e-05,-2e-05,-1e-05,0
51211,3e-05,1e-05,4e-05,4e-05,-1e-05,-2e-05,-2e-05,-1e-05,0
51212,3e-05,1e-05,4e-05,4e-05,-1e-05,-2e-05,-2e-05,-1e-05,0
51213,-1e-05,-2e-05,-3e-05,-1e-05,1e-05,0.0,0.0,0.0,0
51214,-1e-05,-2e-05,-3e-05,-1e-05,1e-05,0.0,0.0,0.0,0
51215,-1e-05,-1e-05,-2e-05,-5e-05,-3e-05,-1e-05,-1e-05,0.0,0
51216,-1e-05,-1e-05,-2e-05,-5e-05,-3e-05,-1e-05,-1e-05,0.0,0
51217,-1e-05,-1e-05,-2e-05,-5e-05,-3e-05,-1e-05,-1e-05,0.0,0
51218,-1e-05,-1e-05,-2e-05,-5e-05,-3e-05,-1e-05,-1e-05,0.0,0
51219,-1e-05,-1e-05,-2e-05,-5e-05,-3e-05,-1e-05,-1e-05,0.0,0
51220,-1e-05,-1e-05,-2e-05,-5e-05,-3e-05,-1e-05,-1e-05,0.0,0
51221,-1e-05,-1e-05,-2e-05,-5e-05,-3e-05,-1e-05,-1e-05,0.0,0
51222,-1e-05,-1e-05,-2e-05,-5e-05,-3e-05,-1e-05,-1e-05,0.0,0
51223,-1e-05,-1e-05,-2e-05,-5e-05,-3e-05,-1e-05,-1e-05,0.0,0
51224,-1e-05,-1e-05,-2e-05,-5e-05,-3e-05,-1e-05,-1e-05,0.0,0
51225,-1e-05,-1e-05,-2e-05,-5e-05,-3e-05,-1e-05,-1e-05,0.0,0
51226,-1e-05,-1e-05,-2e-05,-5e-05,-3e-05,-1e-05,-1e-05,0.0,0
51227,-1e-05,-1e-05,-2e-05,-5e-05,-3e-05,-1e-05,-1e-05,0.0,0
51228,-1e-05,-1e-05,-2e-05,-5e-05,-3e-05,-1e-05,-1e-05,0.0,0
51229,-1e-05,-1e-05,-2e-05,-5e-05,-3e-05,-1e-05,-1e-05,0.0,0
51230,-1e-05,-1e-05,-2e-05,-5e-05,-3e-05,-1e-05,-1e-05,0.0,0
51231,-1e-05,-1e-05,-2e-05,-5e-05,-3e-05,-1e-05,-1e-05,0.0,0
51232,-1e-05,-1e-05,-2e-05,-5e-05,-3e-05,-1e-05,-1e-05,0.0,0
51233,-1e-05,-1e-05,-2e-05,-5e-05,-3e-05,-1e-05,-1e-05,0.0,0
51234,-1e-05,-1e-05,-2e-05,-5e-05,-3e-05,-1e-05,-1e-05,0.0,0
51235,-2e-05,-3e-05,-2e-05,0.0,0.0,-4e-05,-1e-05,-1e-05,0
51236,-1e-05,-4e-05,-2e-05,5e-05,1e-05,-1e-05,-1e-05,0.0,0
51238,1e-05,3e-05,5e-05,6e-05,2e-05,1e-05,-1e-05,0.0,0
51239,1e-05,3e-05,5e-05,6e-05,2e-05,1e-05,-1e-05,0.0,0
51240,1e-05,3e-05,5e-05,6e-05,2e-05,1e-05,-1e-05,0.0,0
51241,1e-05,3e-05,5e-05,6e-05,2e-05,1e-05,-1e-05,0.0,0
51242,1e-05,3e-05,5e-05,6e-05,2e-05,1e-05,-1e-05,0.0,0
51243,1e-05,3e-05,5e-05,6e-05,2e-05,1e-05,-1e-05,0.0,0
51244,1e-05,3e-05,5e-05,6e-05,2e-05,1e-05,-1e-05,0.0,0
51245,1e-05,3e-05,5e-05,6e-05,2e-05,1e-05,-1e-05,0.0,0
51246,1e-05,3e-05,5e-05,6e-05,2e-05,1e-05,-1e-05,0.0,0
51247,1e-05,3e-05,5e-05,6e-05,2e-05,1e-05,-1e-05,0.0,0
51248,1e-05,3e-05,5e-05,6e-05,2e-05,1e-05,-1e-05,0.0,0
51249,1e-05,3e-05,5e-05,6e-05,2e-05,1e-05,-1e-05,0.0,0
51250,-2e-05,-2e-05,-1e-05,-6e-05,-4e-05,-2e-05,-3e-05,-3e-05,0
51251,-2e-05,-4e-05,-3e-05,0.0,-2e-05,-1e-05,-1e-05,1e-05,0
51252,0.0,2e-05,-2e-05,4e-05,2e-05,0.0,0.0,-2e-05,0
51254,0.0,2e-05,-2e-05,4e-05,2e-05,0.0,0.0,-2e-05,0
51255,0.0,2e-05,-2e-05,4e-05,2e-05,0.0,0.0,-2e-05,0
51256,0.0,2e-05,-2e-05,4e-05,2e-05,0.0,0.0,-2e-05,0
51257,0.0,2e-05,-2e-05,4e-05,2e-05,0.0,0.0,-2e-05,0
51258,0.0,2e-05,-2e-05,4e-05,2e-05,0.0,0.0,-2e-05,0
51259,0.0,2e-05,-2e-05,4e-05,2e-05,0.0,0.0,-2e-05,0
51260,0.0,2e-05,-2e-05,4e-05,2e-05,0.0,0.0,-2e-05,0
51261,0.0,2e-05,-2e-05,4e-05,2e-05,0.0,0.0,-2e-05,0
51262,0.0,2e-05,-2e-05,4e-05,2e-05,0.0,0.0,-2e-05,0
51263,0.0,2e-05,-2e-05,4e-05,2e-05,0.0,0.0,-2e-05,0
51264,0.0,2e-05,-2e-05,4e-05,2e-05,0.0,0.0,-2e-05,0
51265,0.0,0.0,-3e-05,-2e-05,-2e-05,-1e-05,0.0,0.0,0
51266,-1e-05,-2e-05,-2e-05,-5e-05,-1e-05,-2e-05,-1e-05,-1e-05,0
51267,1e-05,2e-05,1e-05,7e-05,1e-05,-1e-05,-2e-05,-2e-05,0
51268,0.0,0.0,0.0,-5e-05,-2e-05,0.0,-1e-05,0.0,0
51269,0.0,0.0,0.0,-5e-05,-2e-05,0.0,-1e-05,0.0,0
51270,0.0,0.0,0.0,-5e-05,-2e-05,0.0,-1e-05,0.0,0
51271,0.0,0.0,0.0,-5e-05,-2e-05,0.0,-1e-05,0.0,0
51272,0.0,0.0,0.0,-5e-05,-2e-05,0.0,-1e-05,0.0,0
51273,0.0,0.0,0.0,-5e-05,-2e-05,0.0,-1e-05,0.0,0
51274,0.0,0.0,0.0,-5e-05,-2e-05,0.0,-1e-05,0.0,0
51275,0.0,0.0,0.0,-5e-05,-2e-05,0.0,-1e-05,0.0,0
51276,0.0,0.0,0.0,-5e-05,-2e-05,0.0,-1e-05,0.0,0
51277,0.0,0.0,0.0,-5e-05,-2e-05,0.0,-1e-05,0.0,0
51278,0.0,0.0,0.0,-5e-05,-2e-05,0.0,-1e-05,0.0,0
51279,0.0,0.0,0.0,-5e-05,-2e-05,0.0,-1e-05,0.0,0
51280,0.0,0.0,0.0,-5e-05,-2e-05,0.0,-1e-05,0.0,0
51281,0.0,0.0,0.0,-5e-05,-2e-05,0.0,-1e-05,0.0,0
51282,0.0,0.0,0.0,-5e-05,-2e-05,0.0,-1e-05,0.0,0
51283,0.0,0.0,0.0,-5e-05,-2e-05,0.0,-1e-05,0.0,0
51284,0.0,0.0,0.0,-5e-05,-2e-05,0.0,-1e-05,0.0,0
51285,0.0,0.0,0.0,-5e-05,-2e-05,0.0,-1e-05,0.0,0
51286,0.0,0.0,0.0,-5e-05,-2e-05,0.0,-1e-05,0.0,0
51288,-1e-05,-1e-05,-2e-05,-2e-05,-1e-05,-1e-05,-1e-05,-1e-05,0
51289,-1e-05,-1e-05,-2e-05,-2e-05,-1e-05,-1e-05,-1e-05,-1e-05,0
51290,2e-05,4e-05,4e-05,0.0,0.0,-1e-05,0.0,1e-05,0
51291,2e-05,4e-05,4e-05,0.0,0.0,-1e-05,0.0,1e-05,0
51292,2e-05,4e-05,4e-05,0.0,0.0,-1e-05,0.0,1e-05,0
51293,2e-05,4e-05,4e-05,0.0,0.0,-1e-05,0.0,1e-05,0
51294,2e-05,4e-05,4e-05,0.0,0.0,-1e-05,0.0,1e-05,0
51295,2e-05,4e-05,4e-05,0.0,0.0,-1e-05,0.0,1e-05,0
51296,2e-05,4e-05,4e-05,0.0,0.0,-1e-05,0.0,1e-05,0
51297,2e-05,4e-05,4e-05,0.0,0.0,-1e-05,0.0,1e-05,0
51298,2e-05,4e-05,4e-05,0.0,0.0,-1e-05,0.0,1e-05,0
51299,2e-05,4e-05,4e-05,0.0,0.0,-1e-05,0.0,1e-05,0
51300,2e-05,4e-05,4e-05,0.0,0.0,-1e-05,0.0,1e-05,0
51301,2e-05,4e-05,4e-05,0.0,0.0,-1e-05,0.0,1e-05,0
51302,-1e-05,0.0,-4e-05,-2e-05,-3e-05,-1e-05,-1e-05,0.0,0
51304,-1e-05,0.0,-4e-05,-2e-05,-3e-05,-1e-05,-1e-05,0.0,0
51305,-1e-05,0.0,-4e-05,-2e-05,-3e-05,-1e-05,-1e-05,0.0,0
51306,-1e-05,0.0,-4e-05,-2e-05,-3e-05,-1e-05,-1e-05,0.0,0
51307,-1e-05,0.0,-4e-05,-2e-05,-3e-05,-1e-05,-1e-05,0.0,0
51308,-1e-05,0.0,-4e-05,-2e-05,-3e-05,-1e-05,-1e-05,0.0,0
51309,-1e-05,0.0,-4e-05,-2e-05,-3e-05,-1e-05,-1e-05,0.0,0
51310,-1e-05,0.0,-4e-05,-2e-05,-3e-05,-1e-05,-1e-05,0.0,0
51311,-1e-05,0.0,-4e-05,-2e-05,-3e-05,-1e-05,-1e-05,0.0,0
51312,-1e-05,0.0,-4e-05,-2e-05,-3e-05,-1e-05,-1e-05,0.0,0
51313,-1e-05,0.0,-4e-05,-2e-05,-3e-05,-1e-05,-1e-05,0.0,0
51314,-1e-05,0.0,-4e-05,-2e-05,-3e-05,-1e-05,-1e-05,0.0,0
51315,-1e-05,0.0,-4e-05,-2e-05,-3e-05,-1e-05,-1e-05,0.0,0
51316,-1e-05,0.0,-4e-05,-2e-05,-3e-05,-1e-05,-1e-05,0.0,0
51317,-1e-05,0.0,-4e-05,-2e-05,-3e-05,-1e-05,-1e-05,0.0,0
51318,0.0,0.0,3e-05,6e-05,-2e-05,-1e-05,-1e-05,-1e-05,0
51319,0.0,0.0,3e-05,6e-05,-2e-05,-1e-05,-1e-05,-1e-05,0
51320,0.0,0.0,3e-05,6e-05,-2e-05,-1e-05,-1e-05,-1e-05,0
51321,0.0,0.0,3e-05,6e-05,-2e-05,-1e-05,-1e-05,-1e-05,0
51322,0.0,0.0,3e-05,6e-05,-2e-05,-1e-05,-1e-05,-1e-05,0
51323,0.0,0.0,3e-05,6e-05,-2e-05,-1e-05,-1e-05,-1e-05,0
51324,0.0,0.0,3e-05,6e-05,-2e-05,-1e-05,-1e-05,-1e-05,0
51325,0.0,0.0,3e-05,6e-05,-2e-05,-1e-05,-1e-05,-1e-05,0
51326,0.0,0.0,3e-05,6e-05,-2e-05,-1e-05,-1e-05,-1e-05,0
51327,0.0,0.0,3e-05,6e-05,-2e-05,-1e-05,-1e-05,-1e-05,0
51328,0.0,0.0,3e-05,6e-05,-2e-05,-1e-05,-1e-05,-1e-05,0
51329,0.0,0.0,3e-05,6e-05,-2e-05,-1e-05,-1e-05,-1e-05,0
51330,0.0,0.0,3e-05,6e-05,-2e-05,-1e-05,-1e-05,-1e-05,0
51331,0.0,0.0,3e-05,6e-05,-2e-05,-1e-05,-1e-05,-1e-05,0
51332,0.0,0.0,3e-05,6e-05,-2e-05,-1e-05,-1e-05,-1e-05,0
51333,-1e-05,-1e-05,0.0,-1e-05,0.0,-1e-05,-1e-05,0.0,0
51334,-1e-05,-1e-05,0.0,-1e-05,0.0,-1e-05,-1e-05,0.0,0
51335,-3e-05,-5e-05,-8e-05,-9e-05,-4e-05,0.0,-1e-05,0.0,0
51336,-3e-05,-5e-05,-8e-05,-9e-05,-4e-05,0.0,-1e-05,0.0,0
51339,-3e-05,-5e-05,-8e-05,-9e-05,-4e-05,0.0,-1e-05,0.0,0
51340,-3e-05,-5e-05,-8e-05,-9e-05,-4e-05,0.0,-1e-05,0.0,0
51341,-3e-05,-5e-05,-8e-05,-9e-05,-4e-05,0.0,-1e-05,0.0,0
51342,-3e-05,-5e-05,-8e-05,-9e-05,-4e-05,0.0,-1e-05,0.0,0
51343,-3e-05,-5e-05,-8e-05,-9e-05,-4e-05,0.0,-1e-05,0.0,0
51344,-3e-05,-5e-05,-8e-05,-9e-05,-4e-05,0.0,-1e-05,0.0,0
51345,-3e-05,-5e-05,-8e-05,-9e-05,-4e-05,0.0,-1e-05,0.0,0
51346,-3e-05,-5e-05,-8e-05,-9e-05,-4e-05,0.0,-1e-05,0.0,0
51347,-3e-05,-5e-05,-8e-05,-9e-05,-4e-05,0.0,-1e-05,0.0,0
51348,-3e-05,-5e-05,-8e-05,-9e-05,-4e-05,0.0,-1e-05,0.0,0
51349,-3e-05,-5e-05,-8e-05,-9e-05,-4e-05,0.0,-1e-05,0.0,0
51350,-3e-05,-5e-05,-8e-05,-9e-05,-4e-05,0.0,-1e-05,0.0,0
51351,-3e-05,-5e-05,-8e-05,-9e-05,-4e-05,0.0,-1e-05,0.0,0
51352,-3e-05,-5e-05,-8e-05,-9e-05,-4e-05,0.0,-1e-05,0.0,0
51353,-3e-05,-5e-05,-8e-05,-9e-05,-4e-05,0.0,-1e-05,0.0,0
51354,-3e-05,-5e-05,-8e-05,-9e-05,-4e-05,0.0,-1e-05,0.0,0
51355,0.0,0.0,-1e-05,1e-05,-1e-05,-2e-05,-2e-05,0.0,0
51356,-2e-05,0.0,3e-05,2e-05,1e-05,0.0,-1e-05,-1e-05,0
51357,-1e-05,-4e-05,-3e-05,-1e-05,-1e-05,-1e-05,0.0,0.0,0
51358,-1e-05,-4e-05,-3e-05,-1e-05,-1e-05,-1e-05,0.0,0.0,0
51359,-1e-05,-4e-05,-3e-05,-1e-05,-1e-05,-1e-05,0.0,0.0,0
51360,-1e-05,-4e-05,-3e-05,-1e-05,-1e-05,-1e-05,0.0,0.0,0
51361,-1e-05,-4e-05,-3e-05,-1e-05,-1e-05,-1e-05,0.0,0.0,0
51362,-1e-05,-4e-05,-3e-05,-1e-05,-1e-05,-1e-05,0.0,0.0,0
51363,-1e-05,-4e-05,-3e-05,-1e-05,-1e-05,-1e-05,0.0,0.0,0
51364,-1e-05,-4e-05,-3e-05,-1e-05,-1e-05,-1e-05,0.0,0.0,0
51365,-1e-05,-4e-05,-3e-05,-1e-05,-1e-05,-1e-05,0.0,0.0,0
51366,-1e-05,-4e-05,-3e-05,-1e-05,-1e-05,-1e-05,0.0,0.0,0
51367,-1e-05,-4e-05,-3e-05,-1e-05,-1e-05,-1e-05,0.0,0.0,0
51368,-1e-05,-4e-05,-3e-05,-1e-05,-1e-05,-1e-05,0.0,0.0,0
51369,-1e-05,-4e-05,-3e-05,-1e-05,-1e-05,-1e-05,0.0,0.0,0
51370,-2e-05,-3e-05,-1e-05,-4e-05,-2e-05,-2e-05,-1e-05,-2e-05,0
51371,2e-05,0.0,-1e-05,2e-05,0.0,0.0,-1e-05,-2e-05,0
51372,0.0,0.0,-1e-05,-2e-05,0.0,-1e-05,0.0,-2e-05,0
51373,0.0,0.0,-1e-05,-2e-05,0.0,-1e-05,0.0,-2e-05,0
51374,0.0,0.0,-1e-05,-2e-05,0.0,-1e-05,0.0,-2e-05,0
51375,0.0,0.0,-1e-05,-2e-05,0.0,-1e-05,0.0,-2e-05,0
51376,0.0,0.0,-1e-05,-2e-05,0.0,-1e-05,0.0,-2e-05,0
51377,0.0,0.0,-1e-05,-2e-05,0.0,-1e-05,0.0,-2e-05,0
51378,0.0,0.0,-1e-05,-2e-05,0.0,-1e-05,0.0,-2e-05,0
51379,0.0,0.0,-1e-05,-2e-05,0.0,-1e-05,0.0,-2e-05,0
51380,0.0,0.0,-1e-05,-2e-05,0.0,-1e-05,0.0,-2e-05,0
51381,0.0,0.0,-1e-05,-2e-05,0.0,-1e-05,0.0,-2e-05,0
51382,0.0,0.0,-1e-05,-2e-05,0.0,-1e-05,0.0,-2e-05,0
51383,0.0,0.0,-1e-05,-2e-05,0.0,-1e-05,0.0,-2e-05,0
51384,0.0,0.0,-1e-05,-2e-05,0.0,-1e-05,0.0,-2e-05,0
51385,0.0,0.0,-1e-05,-2e-05,0.0,-1e-05,0.0,-2e-05,0
51386,-1e-05,-2e-05,-5e-05,-5e-05,-2e-05,0.0,0.0,-1e-05,0
51389,-1e-05,-1e-05,-1e-05,0.0,0.0,-1e-05,-2e-05,-1e-05,0
51390,-1e-05,-1e-05,-1e-05,0.0,0.0,-1e-05,-2e-05,-1e-05,0
51391,-1e-05,-1e-05,-1e-05,0.0,0.0,-1e-05,-2e-05,-1e-05,0
51392,-1e-05,-1e-05,-1e-05,0.0,0.0,-1e-05,-2e-05,-1e-05,0
51393,-1e-05,-1e-05,-1e-05,0.0,0.0,-1e-05,-2e-05,-1e-05,0
51394,-1e-05,-1e-05,-1e-05,0.0,0.0,-1e-05,-2e-05,-1e-05,0
51395,-1e-05,-1e-05,-1e-05,0.0,0.0,-1e-05,-2e-05,-1e-05,0
51396,-1e-05,-1e-05,-1e-05,0.0,0.0,-1e-05,-2e-05,-1e-05,0
51397,-1e-05,-1e-05,-1e-05,0.0,0.0,-1e-05,-2e-05,-1e-05,0
51398,-1e-05,-1e-05,-1e-05,0.0,0.0,-1e-05,-2e-05,-1e-05,0
51399,-1e-05,-1e-05,-1e-05,0.0,0.0,-1e-05,-2e-05,-1e-05,0
51400,-1e-05,-1e-05,-1e-05,0.0,0.0,-1e-05,-2e-05,-1e-05,0
51401,-1e-05,-1e-05,-1e-05,0.0,0.0,-1e-05,-2e-05,-1e-05,0
51402,-1e-05,-1e-05,-1e-05,0.0,0.0,-1e-05,-2e-05,-1e-05,0
51403,-1e-05,-1e-05,-1e-05,0.0,0.0,-1e-05,-2e-05,-1e-05,0
51404,-1e-05,-1e-05,-1e-05,0.0,0.0,-1e-05,-2e-05,-1e-05,0
51405,-1e-05,-1e-05,-1e-05,0.0,0.0,-1e-05,-2e-05,-1e-05,0
51406,-1e-05,-1e-05,-1e-05,0.0,0.0,-1e-05,-2e-05,-1e-05,0
51407,-1e-05,-1e-05,-1e-05,0.0,0.0,-1e-05,-2e-05,-1e-05,0
51408,1e-05,-1e-05,-1e-05,-0.00011,-1e-05,-1e-05,-2e-05,0.0,0
51409,1e-05,-1e-05,-1e-05,-0.00011,-1e-05,-1e-05,-2e-05,0.0,0
51410,0.0,-1e-05,-3e-05,4e-05,-1e-05,-2e-05,0.0,0.0,0
51411,0.0,-1e-05,-3e-05,4e-05,-1e-05,-2e-05,0.0,0.0,0
51412,0.0,-1e-05,-3e-05,4e-05,-1e-05,-2e-05,0.0,0.0,0
51413,0.0,-1e-05,-3e-05,4e-05,-1e-05,-2e-05,0.0,0.0,0
51414,0.0,-1e-05,-3e-05,4e-05,-1e-05,-2e-05,0.0,0.0,0
51415,0.0,-1e-05,-3e-05,4e-05,-1e-05,-2e-05,0.0,0.0,0
51416,0.0,-1e-05,-3e-05,4e-05,-1e-05,-2e-05,0.0,0.0,0
51417,0.0,-1e-05,-3e-05,4e-05,-1e-05,-2e-05,0.0,0.0,0
51418,0.0,-1e-05,-3e-05,4e-05,-1e-05,-2e-05,0.0,0.0,0
51419,0.0,-1e-05,-3e-05,4e-05,-1e-05,-2e-05,0.0,0.0,0
51420,0.0,-1e-05,-3e-05,4e-05,-1e-05,-2e-05,0.0,0.0,0
51421,0.0,-1e-05,-3e-05,4e-05,-1e-05,-2e-05,0.0,0.0,0
51422,0.0,1e-05,2e-05,1e-05,0.0,-1e-05,-1e-05,0.0,0
51423,0.0,1e-05,2e-05,1e-05,0.0,-1e-05,-1e-05,0.0,0
51424,0.0,1e-05,2e-05,1e-05,0.0,-1e-05,-1e-05,0.0,0
51425,0.0,1e-05,2e-05,1e-05,0.0,-1e-05,-1e-05,0.0,0
51426,0.0,1e-05,2e-05,1e-05,0.0,-1e-05,-1e-05,0.0,0
51427,0.0,1e-05,2e-05,1e-05,0.0,-1e-05,-1e-05,0.0,0
51428,0.0,1e-05,2e-05,1e-05,0.0,-1e-05,-1e-05,0.0,0
51429,0.0,1e-05,2e-05,1e-05,0.0,-1e-05,-1e-05,0.0,0
51430,0.0,1e-05,2e-05,1e-05,0.0,-1e-05,-1e-05,0.0,0
51431,-1e-05,0.0,2e-05,2e-05,1e-05,0.0,-1e-05,0.0,0
51432,-1e-05,0.0,2e-05,2e-05,1e-05,0.0,-1e-05,0.0,0
51433,-1e-05,0.0,2e-05,2e-05,1e-05,0.0,-1e-05,0.0,0
51434,-1e-05,0.0,2e-05,2e-05,1e-05,0.0,-1e-05,0.0,0
51435,-1e-05,0.0,2e-05,2e-05,1e-05,0.0,-1e-05,0.0,0
51436,-1e-05,0.0,2e-05,2e-05,1e-05,0.0,-1e-05,0.0,0
51439,-1e-05,0.0,2e-05,2e-05,1e-05,0.0,-1e-05,0.0,0
51440,-1e-05,0.0,2e-05,2e-05,1e-05,0.0,-1e-05,0.0,0
51441,-1e-05,0.0,2e-05,2e-05,1e-05,0.0,-1e-05,0.0,0
51442,-1e-05,0.0,2e-05,2e-05,1e-05,0.0,-1e-05,0.0,0
51443,-1e-05,0.0,2e-05,2e-05,1e-05,0.0,-1e-05,0.0,0
51444,-1e-05,0.0,2e-05,2e-05,1e-05,0.0,-1e-05,0.0,0
51445,2e-05,0.0,-5e-05,-6e-05,-2e-05,-1e-05,-1e-05,0.0,0
51446,-2e-05,-1e-05,-3e-05,0.0,-2e-05,-2e-05,-1e-05,-1e-05,0
51447,1e-05,0.0,4e-05,2e-05,1e-05,-1e-05,0.0,-3e-05,0
51448,1e-05,0.0,4e-05,2e-05,1e-05,-1e-05,0.0,-3e-05,0
51449,1e-05,0.0,4e-05,2e-05,1e-05,-1e-05,0.0,-3e-05,0
51450,1e-05,0.0,4e-05,2e-05,1e-05,-1e-05,0.0,-3e-05,0
51451,1e-05,0.0,4e-05,2e-05,1e-05,-1e-05,0.0,-3e-05,0
51452,1e-05,0.0,4e-05,2e-05,1e-05,-1e-05,0.0,-3e-05,0
51453,1e-05,0.0,4e-05,2e-05,1e-05,-1e-05,0.0,-3e-05,0
51454,1e-05,0.0,4e-05,2e-05,1e-05,-1e-05,0.0,-3e-05,0
51455,1e-05,0.0,4e-05,2e-05,1e-05,-1e-05,0.0,-3e-05,0
51456,1e-05,0.0,4e-05,2e-05,1e-05,-1e-05,0.0,-3e-05,0
51457,1e-05,0.0,4e-05,2e-05,1e-05,-1e-05,0.0,-3e-05,0
51458,1e-05,0.0,4e-05,2e-05,1e-05,-1e-05,0.0,-3e-05,0
51459,1e-05,0.0,4e-05,2e-05,1e-05,-1e-05,0.0,-3e-05,0
51460,1e-05,0.0,4e-05,2e-05,1e-05,-1e-05,0.0,-3e-05,0
51461,1e-05,0.0,4e-05,2e-05,1e-05,-1e-05,0.0,-3e-05,0
51462,1e-05,0.0,4e-05,2e-05,1e-05,-1e-05,0.0,-3e-05,0
51463,1e-05,0.0,4e-05,2e-05,1e-05,-1e-05,0.0,-3e-05,0
51464,1e-05,0.0,4e-05,2e-05,1e-05,-1e-05,0.0,-3e-05,0
51465,1e-05,0.0,4e-05,2e-05,1e-05,-1e-05,0.0,-3e-05,0
51466,1e-05,0.0,4e-05,2e-05,1e-05,-1e-05,0.0,-3e-05,0
51467,1e-05,0.0,4e-05,2e-05,1e-05,-1e-05,0.0,-3e-05,0
51468,1e-05,0.0,4e-05,2e-05,1e-05,-1e-05,0.0,-3e-05,0
51469,-5e-05,-6e-05,-7e-05,-5e-05,-2e-05,0.0,0.0,-1e-05,0
51470,-5e-05,-6e-05,-7e-05,-5e-05,-2e-05,0.0,0.0,-1e-05,0
51471,-5e-05,-6e-05,-7e-05,-5e-05,-2e-05,0.0,0.0,-1e-05,0
51472,-5e-05,-6e-05,-7e-05,-5e-05,-2e-05,0.0,0.0,-1e-05,0
51473,-5e-05,-6e-05,-7e-05,-5e-05,-2e-05,0.0,0.0,-1e-05,0
51474,-1e-05,1e-05,-2e-05,-9e-05,-3e-05,-2e-05,-3e-05,-2e-05,0
51475,-1e-05,1e-05,-2e-05,-9e-05,-3e-05,-2e-05,-3e-05,-2e-05,0
51476,-1e-05,1e-05,-2e-05,-9e-05,-3e-05,-2e-05,-3e-05,-2e-05,0
51477,-1e-05,1e-05,-2e-05,-9e-05,-3e-05,-2e-05,-3e-05,-2e-05,0
51478,-1e-05,1e-05,-2e-05,-9e-05,-3e-05,-2e-05,-3e-05,-2e-05,0
51479,-1e-05,1e-05,-2e-05,-9e-05,-3e-05,-2e-05,-3e-05,-2e-05,0
51480,-1e-05,1e-05,-2e-05,-9e-05,-3e-05,-2e-05,-3e-05,-2e-05,0
51481,-1e-05,1e-05,-2e-05,-9e-05,-3e-05,-2e-05,-3e-05,-2e-05,0
51482,-1e-05,1e-05,-2e-05,-9e-05,-3e-05,-2e-05,-3e-05,-2e-05,0
51483,-1e-05,1e-05,-2e-05,-9e-05,-3e-05,-2e-05,-3e-05,-2e-05,0
51484,-1e-05,1e-05,-2e-05,-9e-05,-3e-05,-2e-05,-3e-05,-2e-05,0
51485,-1e-05,1e-05,-2e-05,-9e-05,-3e-05,-2e-05,-3e-05,-2e-05,0
51486,-1e-05,1e-05,-2e-05,-9e-05,-3e-05,-2e-05,-3e-05,-2e-05,0
51488,-1e-05,1e-05,-2e-05,-9e-05,-3e-05,-2e-05,-3e-05,-2e-05,0
51489,-1e-05,1e-05,-2e-05,-9e-05,-3e-05,-2e-05,-3e-05,-2e-05,0
51490,-2e-05,0.0,2e-05,3e-05,1e-05,-1e-05,0.0,0.0,0
51491,-1e-05,-1e-05,-2e-05,2e-05,-2e-05,-1e-05,0.0,-1e-05,0
51492,-1e-05,0.0,1e-05,-3e-05,-1e-05,0.0,0.0,-2e-05,0
51493,-1e-05,0.0,1e-05,-3e-05,-1e-05,0.0,0.0,-2e-05,0
51494,-1e-05,0.0,1e-05,-3e-05,-1e-05,0.0,0.0,-2e-05,0
51495,-1e-05,0.0,1e-05,-3e-05,-1e-05,0.0,0.0,-2e-05,0
51496,-1e-05,0.0,1e-05,-3e-05,-1e-05,0.0,0.0,-2e-05,0
51497,-1e-05,0.0,1e-05,-3e-05,-1e-05,0.0,0.0,-2e-05,0
51498,-1e-05,0.0,1e-05,-3e-05,-1e-05,0.0,0.0,-2e-05,0
51499,-1e-05,0.0,1e-05,-3e-05,-1e-05,0.0,0.0,-2e-05,0
51500,-1e-05,0.0,1e-05,-3e-05,-1e-05,0.0,0.0,-2e-05,0
51501,-1e-05,0.0,1e-05,-3e-05,-1e-05,0.0,0.0,-2e-05,0
51502,-1e-05,0.0,1e-05,-3e-05,-1e-05,0.0,0.0,-2e-05,0
51503,-1e-05,0.0,1e-05,-3e-05,-1e-05,0.0,0.0,-2e-05,0
51504,-1e-05,0.0,1e-05,-3e-05,-1e-05,0.0,0.0,-2e-05,0
51505,-1e-05,0.0,1e-05,-3e-05,-1e-05,0.0,0.0,-2e-05,0
51506,-3e-05,-7e-05,-5e-05,-2e-05,-2e-05,-1e-05,-1e-05,1e-05,0
51507,-3e-05,-7e-05,-5e-05,-2e-05,-2e-05,-1e-05,-1e-05,1e-05,0
51508,1e-05,2e-05,1e-05,4e-05,0.0,0.0,1e-05,1e-05,0
51509,1e-05,2e-05,1e-05,4e-05,0.0,0.0,1e-05,1e-05,0
51510,1e-05,2e-05,1e-05,4e-05,0.0,0.0,1e-05,1e-05,0
51511,1e-05,2e-05,1e-05,4e-05,0.0,0.0,1e-05,1e-05,0
51512,1e-05,2e-05,1e-05,4e-05,0.0,0.0,1e-05,1e-05,0
51513,1e-05,2e-05,1e-05,4e-05,0.0,0.0,1e-05,1e-05,0
51514,1e-05,2e-05,1e-05,4e-05,0.0,0.0,1e-05,1e-05,0
51515,1e-05,2e-05,1e-05,4e-05,0.0,0.0,1e-05,1e-05,0
51516,1e-05,2e-05,1e-05,4e-05,0.0,0.0,1e-05,1e-05,0
51517,1e-05,2e-05,1e-05,4e-05,0.0,0.0,1e-05,1e-05,0
51518,1e-05,2e-05,1e-05,4e-05,0.0,0.0,1e-05,1e-05,0
51519,1e-05,2e-05,1e-05,4e-05,0.0,0.0,1e-05,1e-05,0
51520,1e-05,2e-05,1e-05,4e-05,0.0,0.0,1e-05,1e-05,0
51521,1e-05,2e-05,1e-05,4e-05,0.0,0.0,1e-05,1e-05,0
51522,1e-05,2e-05,1e-05,4e-05,0.0,0.0,1e-05,1e-05,0
51523,1e-05,2e-05,1e-05,4e-05,0.0,0.0,1e-05,1e-05,0
51524,1e-05,2e-05,1e-05,4e-05,0.0,0.0,1e-05,1e-05,0
51525,1e-05,2e-05,1e-05,4e-05,0.0,0.0,1e-05,1e-05,0
51526,1e-05,2e-05,1e-05,4e-05,0.0,0.0,1e-05,1e-05,0
51527,1e-05,2e-05,1e-05,4e-05,0.0,0.0,1e-05,1e-05,0
51528,0.0,-2e-05,0.0,-4e-05,0.0,0.0,0.0,-1e-05,0
51529,2e-05,5e-05,7e-05,4e-05,1e-05,0.0,-1e-05,-1e-05,0
51530,0.0,-2e-05,-3e-05,-2e-05,-3e-05,-1e-05,-1e-05,-2e-05,0
51531,0.0,-2e-05,-3e-05,-2e-05,-3e-05,-1e-05,-1e-05,-2e-05,0
51532,0.0,-2e-05,-3e-05,-2e-05,-3e-05,-1e-05,-1e-05,-2e-05,0
51533,0.0,-2e-05,-3e-05,-2e-05,-3e-05,-1e-05,-1e-05,-2e-05,0
51534,0.0,-2e-05,-3e-05,-2e-05,-3e-05,-1e-05,-1e-05,-2e-05,0
51535,0.0,-2e-05,-3e-05,-2e-05,-3e-05,-1e-05,-1e-05,-2e-05,0
51536,0.0,-2e-05,-3e-05,-2e-05,-3e-05,-1e-05,-1e-05,-2e-05,0
51538,0.0,-2e-05,-3e-05,-2e-05,-3e-05,-1e-05,-1e-05,-2e-05,0
51539,0.0,-2e-05,-3e-05,-2e-05,-3e-05,-1e-05,-1e-05,-2e-05,0
51540,0.0,-2e-05,-3e-05,-2e-05,-3e-05,-1e-05,-1e-05,-2e-05,0
51541,0.0,-2e-05,-3e-05,-2e-05,-3e-05,-1e-05,-1e-05,-2e-05,0
51542,-1e-05,-3e-05,-4e-05,-1e-05,-2e-05,-1e-05,-1e-05,-2e-05,0
51543,-1e-05,-3e-05,-4e-05,-1e-05,-2e-05,-1e-05,-1e-05,-2e-05,0
51544,-1e-05,-3e-05,-4e-05,-1e-05,-2e-05,-1e-05,-1e-05,-2e-05,0
51545,-1e-05,-3e-05,-4e-05,-1e-05,-2e-05,-1e-05,-1e-05,-2e-05,0
51546,-1e-05,-3e-05,-4e-05,-1e-05,-2e-05,-1e-05,-1e-05,-2e-05,0
51547,-1e-05,-3e-05,-4e-05,-1e-05,-2e-05,-1e-05,-1e-05,-2e-05,0
51548,-1e-05,-3e-05,-4e-05,-1e-05,-2e-05,-1e-05,-1e-05,-2e-05,0
51549,-1e-05,-3e-05,-4e-05,-1e-05,-2e-05,-1e-05,-1e-05,-2e-05,0
51550,-1e-05,-3e-05,-4e-05,-1e-05,-2e-05,-1e-05,-1e-05,-2e-05,0
51551,1e-05,1e-05,-2e-05,-1e-05,1e-05,-2e-05,-1e-05,1e-05,0
51552,1e-05,1e-05,-2e-05,-1e-05,1e-05,-2e-05,-1e-05,1e-05,0
51553,1e-05,1e-05,-2e-05,-1e-05,1e-05,-2e-05,-1e-05,1e-05,0
51554,1e-05,1e-05,-2e-05,-1e-05,1e-05,-2e-05,-1e-05,1e-05,0
51555,1e-05,1e-05,-2e-05,-1e-05,1e-05,-2e-05,-1e-05,1e-05,0
51556,1e-05,1e-05,-2e-05,-1e-05,1e-05,-2e-05,-1e-05,1e-05,0
51557,1e-05,1e-05,-2e-05,-1e-05,1e-05,-2e-05,-1e-05,1e-05,0
51558,1e-05,1e-05,-2e-05,-1e-05,1e-05,-2e-05,-1e-05,1e-05,0
51559,1e-05,1e-05,-2e-05,-1e-05,1e-05,-2e-05,-1e-05,1e-05,0
51560,1e-05,1e-05,-2e-05,-1e-05,1e-05,-2e-05,-1e-05,1e-05,0
51561,1e-05,1e-05,-2e-05,-1e-05,1e-05,-2e-05,-1e-05,1e-05,0
51562,1e-05,1e-05,-2e-05,-1e-05,1e-05,-2e-05,-1e-05,1e-05,0
51563,1e-05,1e-05,-2e-05,-1e-05,1e-05,-2e-05,-1e-05,1e-05,0
51564,1e-05,1e-05,-2e-05,-1e-05,1e-05,-2e-05,-1e-05,1e-05,0
51565,-4e-05,-5e-05,-4e-05,-5e-05,-2e-05,-1e-05,0.0,0.0,0
51566,-2e-05,1e-05,1e-05,0.0,-1e-05,-1e-05,-3e-05,-3e-05,0
51567,2e-05,3e-05,3e-05,2e-05,-2e-05,-1e-05,-1e-05,1e-05,0
51568,0.0,1e-05,2e-05,0.0,1e-05,-1e-05,-3e-05,-1e-05,0
51569,0.0,1e-05,2e-05,0.0,1e-05,-1e-05,-3e-05,-1e-05,0
51570,0.0,1e-05,2e-05,0.0,1e-05,-1e-05,-3e-05,-1e-05,0
51571,0.0,1e-05,2e-05,0.0,1e-05,-1e-05,-3e-05,-1e-05,0
51572,0.0,1e-05,2e-05,0.0,1e-05,-1e-05,-3e-05,-1e-05,0
51573,0.0,1e-05,2e-05,0.0,1e-05,-1e-05,-3e-05,-1e-05,0
51574,0.0,1e-05,2e-05,0.0,1e-05,-1e-05,-3e-05,-1e-05,0
51575,0.0,1e-05,2e-05,0.0,1e-05,-1e-05,-3e-05,-1e-05,0
51576,0.0,1e-05,2e-05,0.0,1e-05,-1e-05,-3e-05,-1e-05,0
51577,0.0,1e-05,2e-05,0.0,1e-05,-1e-05,-3e-05,-1e-05,0
51578,0.0,1e-05,2e-05,0.0,1e-05,-1e-05,-3e-05,-1e-05,0
51579,0.0,1e-05,2e-05,0.0,1e-05,-1e-05,-3e-05,-1e-05,0
51580,0.0,1e-05,2e-05,0.0,1e-05,-1e-05,-3e-05,-1e-05,0
51581,0.0,1e-05,2e-05,0.0,1e-05,-1e-05,-3e-05,-1e-05,0
51582,0.0,1e-05,2e-05,0.0,1e-05,-1e-05,-3e-05,-1e-05,0
51583,0.0,1e-05,2e-05,0.0,1e-05,-1e-05,-3e-05,-1e-05,0
51584,0.0,1e-05,2e-05,0.0,1e-05,-1e-05,-3e-05,-1e-05,0
51585,0.0,1e-05,2e-05,0.0,1e-05,-1e-05,-3e-05,-1e-05,0
51586,0.0,1e-05,2e-05,0.0,1e-05,-1e-05,-3e-05,-1e-05,0
51589,-8e-05,-0.00014,-0.00011,-7e-05,-4e-05,-1e-05,0.0,-1e-05,0
51590,-1e-05,-2e-05,0.0,-3e-05,-5e-05,-2e-05,-1e-05,-1e-05,0
51591,-1e-05,-2e-05,0.0,-3e-05,-5e-05,-2e-05,-1e-05,-1e-05,0
51592,-1e-05,-2e-05,0.0,-3e-05,-5e-05,-2e-05,-1e-05,-1e-05,0
51593,-1e-05,-2e-05,0.0,-3e-05,-5e-05,-2e-05,-1e-05,-1e-05,0
51594,-1e-05,-2e-05,0.0,-3e-05,-5e-05,-2e-05,-1e-05,-1e-05,0
51595,-1e-05,-2e-05,0.0,-3e-05,-5e-05,-2e-05,-1e-05,-1e-05,0
51596,-1e-05,-2e-05,0.0,-3e-05,-5e-05,-2e-05,-1e-05,-1e-05,0
51597,-1e-05,-2e-05,0.0,-3e-05,-5e-05,-2e-05,-1e-05,-1e-05,0
51598,-1e-05,-2e-05,0.0,-3e-05,-5e-05,-2e-05,-1e-05,-1e-05,0
51599,-1e-05,-2e-05,0.0,-3e-05,-5e-05,-2e-05,-1e-05,-1e-05,0
51600,-1e-05,-2e-05,0.0,-3e-05,-5e-05,-2e-05,-1e-05,-1e-05,0
51601,-1e-05,-2e-05,0.0,-3e-05,-5e-05,-2e-05,-1e-05,-1e-05,0
51602,-1e-05,-2e-05,0.0,-3e-05,-5e-05,-2e-05,-1e-05,-1e-05,0
51603,-1e-05,-2e-05,0.0,-3e-05,-5e-05,-2e-05,-1e-05,-1e-05,0
51604,-1e-05,-2e-05,0.0,-3e-05,-5e-05,-2e-05,-1e-05,-1e-05,0
51605,-1e-05,-2e-05,0.0,-3e-05,-5e-05,-2e-05,-1e-05,-1e-05,0
51606,-1e-05,-2e-05,0.0,-3e-05,-5e-05,-2e-05,-1e-05,-1e-05,0
51607,-1e-05,-2e-05,0.0,-3e-05,-5e-05,-2e-05,-1e-05,-1e-05,0
51608,-1e-05,-2e-05,0.0,-3e-05,-5e-05,-2e-05,-1e-05,-1e-05,0
51609,-1e-05,-2e-05,0.0,-3e-05,-5e-05,-2e-05,-1e-05,-1e-05,0
51610,-2e-05,-3e-05,-5e-05,-3e-05,-1e-05,-1e-05,1e-05,0.0,0
51611,1e-05,6e-05,6e-05,6e-05,1e-05,-2e-05,-2e-05,-1e-05,0
51612,-2e-05,-2e-05,-2e-05,-2e-05,-2e-05,-2e-05,-1e-05,-2e-05,0
51613,-2e-05,-2e-05,-2e-05,-2e-05,-2e-05,-2e-05,-1e-05,-2e-05,0
51614,-2e-05,-2e-05,-2e-05,-2e-05,-2e-05,-2e-05,-1e-05,-2e-05,0
51615,-2e-05,-2e-05,-2e-05,-2e-05,-2e-05,-2e-05,-1e-05,-2e-05,0
51616,-2e-05,-2e-05,-2e-05,-2e-05,-2e-05,-2e-05,-1e-05,-2e-05,0
51617,-2e-05,-2e-05,-2e-05,-2e-05,-2e-05,-2e-05,-1e-05,-2e-05,0
51618,-2e-05,-2e-05,-2e-05,-2e-05,-2e-05,-2e-05,-1e-05,-2e-05,0
51619,-2e-05,-2e-05,-2e-05,-2e-05,-2e-05,-2e-05,-1e-05,-2e-05,0
51620,-2e-05,-2e-05,-2e-05,-2e-05,-2e-05,-2e-05,-1e-05,-2e-05,0
51621,-2e-05,-2e-05,-2e-05,-2e-05,-2e-05,-2e-05,-1e-05,-2e-05,0
51622,-2e-05,-2e-05,-2e-05,-2e-05,-2e-05,-2e-05,-1e-05,-2e-05,0
51623,-2e-05,-2e-05,-2e-05,-2e-05,-2e-05,-2e-05,-1e-05,-2e-05,0
51624,-2e-05,-2e-05,-2e-05,-2e-05,-2e-05,-2e-05,-1e-05,-2e-05,0
51625,-2e-05,-2e-05,-2e-05,-2e-05,-2e-05,-2e-05,-1e-05,-2e-05,0
51626,0.0,0.0,-1e-05,-2e-05,-2e-05,0.0,-2e-05,1e-05,0
51627,0.0,0.0,-1e-05,-2e-05,-2e-05,0.0,-2e-05,1e-05,0
51628,0.0,0.0,-1e-05,-2e-05,-2e-05,0.0,-2e-05,1e-05,0
51629,0.0,0.0,-1e-05,-2e-05,-2e-05,0.0,-2e-05,1e-05,0
51630,0.0,0.0,-1e-05,-2e-05,-2e-05,0.0,-2e-05,1e-05,0
51631,0.0,0.0,-1e-05,-2e-05,-2e-05,0.0,-2e-05,1e-05,0
51632,0.0,2e-05,0.0,-3e-05,0.0,-3e-05,-3e-05,0.0,0
51633,0.0,2e-05,0.0,-3e-05,0.0,-3e-05,-3e-05,0.0,0
51634,0.0,2e-05,0.0,-3e-05,0.0,-3e-05,-3e-05,0.0,0
51635,0.0,2e-05,0.0,-3e-05,0.0,-3e-05,-3e-05,0.0,0
51636,0.0,2e-05,0.0,-3e-05,0.0,-3e-05,-3e-05,0.0,0
51638,0.0,2e-05,0.0,-3e-05,0.0,-3e-05,-3e-05,0.0,0
51639,0.0,2e-05,0.0,-3e-05,0.0,-3e-05,-3e-05,0.0,0
51640,0.0,2e-05,0.0,-3e-05,0.0,-3e-05,-3e-05,0.0,0
51641,0.0,2e-05,0.0,-3e-05,0.0,-3e-05,-3e-05,0.0,0
51642,0.0,2e-05,0.0,-3e-05,0.0,-3e-05,-3e-05,0.0,0
51643,0.0,2e-05,0.0,-3e-05,0.0,-3e-05,-3e-05,0.0,0
51644,0.0,2e-05,0.0,-3e-05,0.0,-3e-05,-3e-05,0.0,0
51645,0.0,2e-05,0.0,-3e-05,0.0,-3e-05,-3e-05,0.0,0
51646,0.0,2e-05,0.0,-3e-05,0.0,-3e-05,-3e-05,0.0,0
51647,0.0,2e-05,0.0,-3e-05,0.0,-3e-05,-3e-05,0.0,0
51648,-3e-05,-4e-05,-4e-05,-7e-05,0.0,3e-05,0.0,-4e-05,0
51649,-3e-05,-4e-05,-4e-05,-7e-05,0.0,3e-05,0.0,-4e-05,0
51650,-1e-05,0.0,2e-05,-2e-05,-2e-05,0.0,-1e-05,-2e-05,0
51651,-1e-05,0.0,2e-05,-2e-05,-2e-05,0.0,-1e-05,-2e-05,0
51652,-1e-05,0.0,2e-05,-2e-05,-2e-05,0.0,-1e-05,-2e-05,0
51653,-1e-05,0.0,2e-05,-2e-05,-2e-05,0.0,-1e-05,-2e-05,0
51654,-1e-05,0.0,2e-05,-2e-05,-2e-05,0.0,-1e-05,-2e-05,0
51655,-1e-05,0.0,2e-05,-2e-05,-2e-05,0.0,-1e-05,-2e-05,0
51656,-1e-05,0.0,2e-05,-2e-05,-2e-05,0.0,-1e-05,-2e-05,0
51657,-1e-05,0.0,2e-05,-2e-05,-2e-05,0.0,-1e-05,-2e-05,0
51658,-1e-05,0.0,2e-05,-2e-05,-2e-05,0.0,-1e-05,-2e-05,0
51659,-1e-05,0.0,2e-05,-2e-05,-2e-05,0.0,-1e-05,-2e-05,0
51660,-1e-05,0.0,2e-05,-2e-05,-2e-05,0.0,-1e-05,-2e-05,0
51661,-1e-05,0.0,2e-05,-2e-05,-2e-05,0.0,-1e-05,-2e-05,0
51662,-3e-05,1e-05,-2e-05,-1e-05,-2e-05,0.0,-3e-05,0.0,0
51663,-3e-05,1e-05,-2e-05,-1e-05,-2e-05,0.0,-3e-05,0.0,0
51664,-3e-05,1e-05,-2e-05,-1e-05,-2e-05,0.0,-3e-05,0.0,0
51665,-3e-05,1e-05,-2e-05,-1e-05,-2e-05,0.0,-3e-05,0.0,0
51666,-3e-05,1e-05,-2e-05,-1e-05,-2e-05,0.0,-3e-05,0.0,0
51667,-3e-05,1e-05,-2e-05,-1e-05,-2e-05,0.0,-3e-05,0.0,0
51668,-3e-05,1e-05,-2e-05,-1e-05,-2e-05,0.0,-3e-05,0.0,0
51669,-3e-05,1e-05,-2e-05,-1e-05,-2e-05,0.0,-3e-05,0.0,0
51670,0.0,2e-05,2e-05,1e-05,-2e-05,0.0,-1e-05,-1e-05,0
51671,-2e-05,-1e-05,-2e-05,0.0,-2e-05,1e-05,0.0,-2e-05,0
51672,-2e-05,-1e-05,-2e-05,0.0,-2e-05,1e-05,0.0,-2e-05,0
51673,-2e-05,-1e-05,-2e-05,0.0,-2e-05,1e-05,0.0,-2e-05,0
51674,-2e-05,-1e-05,-2e-05,0.0,-2e-05,1e-05,0.0,-2e-05,0
51675,-2e-05,-1e-05,-2e-05,0.0,-2e-05,1e-05,0.0,-2e-05,0
51676,-2e-05,-1e-05,-2e-05,0.0,-2e-05,1e-05,0.0,-2e-05,0
51677,-2e-05,-1e-05,-2e-05,0.0,-2e-05,1e-05,0.0,-2e-05,0
51678,-2e-05,-1e-05,-2e-05,0.0,-2e-05,1e-05,0.0,-2e-05,0
51679,-2e-05,-1e-05,-2e-05,0.0,-2e-05,1e-05,0.0,-2e-05,0
51680,-2e-05,-1e-05,-2e-05,0.0,-2e-05,1e-05,0.0,-2e-05,0
51681,-2e-05,-1e-05,-2e-05,0.0,-2e-05,1e-05,0.0,-2e-05,0
51682,-2e-05,-1e-05,-2e-05,0.0,-2e-05,1e-05,0.0,-2e-05,0
51683,-2e-05,-1e-05,-2e-05,0.0,-2e-05,1e-05,0.0,-2e-05,0
51684,-2e-05,-1e-05,-2e-05,0.0,-2e-05,1e-05,0.0,-2e-05,0
51685,-1e-05,-3e-05,-1e-05,-5e-05,0.0,-2e-05,-1e-05,-1e-05,0
51686,-2e-05,-4e-05,-3e-05,-1e-05,-1e-05,0.0,1e-05,-1e-05,0
51688,-2e-05,-5e-05,-5e-05,-0.00011,-4e-05,-1e-05,-1e-05,-1e-05,0
51689,-2e-05,-5e-05,-5e-05,-0.00011,-4e-05,-1e-05,-1e-05,-1e-05,0
51690,-2e-05,-5e-05,-5e-05,-0.00011,-4e-05,-1e-05,-1e-05,-1e-05,0
51691,-2e-05,-5e-05,-5e-05,-0.00011,-4e-05,-1e-05,-1e-05,-1e-05,0
51692,-2e-05,-5e-05,-5e-05,-0.00011,-4e-05,-1e-05,-1e-05,-1e-05,0
51693,-2e-05,-5e-05,-5e-05,-0.00011,-4e-05,-1e-05,-1e-05,-1e-05,0
51694,-2e-05,-5e-05,-5e-05,-0.00011,-4e-05,-1e-05,-1e-05,-1e-05,0
51695,-2e-05,-5e-05,-5e-05,-0.00011,-4e-05,-1e-05,-1e-05,-1e-05,0
51696,-2e-05,-5e-05,-5e-05,-0.00011,-4e-05,-1e-05,-1e-05,-1e-05,0
51697,-2e-05,-5e-05,-5e-05,-0.00011,-4e-05,-1e-05,-1e-05,-1e-05,0
51698,-2e-05,-5e-05,-5e-05,-0.00011,-4e-05,-1e-05,-1e-05,-1e-05,0
51699,-2e-05,-5e-05,-5e-05,-0.00011,-4e-05,-1e-05,-1e-05,-1e-05,0
51700,-2e-05,-5e-05,-5e-05,-0.00011,-4e-05,-1e-05,-1e-05,-1e-05,0
51701,-2e-05,-5e-05,-5e-05,-0.00011,-4e-05,-1e-05,-1e-05,-1e-05,0
51702,-2e-05,-5e-05,-5e-05,-0.00011,-4e-05,-1e-05,-1e-05,-1e-05,0
51703,-2e-05,-5e-05,-5e-05,-0.00011,-4e-05,-1e-05,-1e-05,-1e-05,0
51704,-2e-05,-5e-05,-5e-05,-0.00011,-4e-05,-1e-05,-1e-05,-1e-05,0
51705,-2e-05,-5e-05,-5e-05,-0.00011,-4e-05,-1e-05,-1e-05,-1e-05,0
51706,-2e-05,-5e-05,-5e-05,-0.00011,-4e-05,-1e-05,-1e-05,-1e-05,0
51707,-2e-05,-5e-05,-5e-05,-0.00011,-4e-05,-1e-05,-1e-05,-1e-05,0
51708,3e-05,4e-05,7e-05,5e-05,2e-05,-1e-05,-1e-05,0.0,0
51709,3e-05,4e-05,7e-05,5e-05,2e-05,-1e-05,-1e-05,0.0,0
51710,1e-05,0.0,4e-05,5e-05,1e-05,-1e-05,-1e-05,1e-05,0
51711,1e-05,0.0,4e-05,5e-05,1e-05,-1e-05,-1e-05,1e-05,0
51712,1e-05,0.0,4e-05,5e-05,1e-05,-1e-05,-1e-05,1e-05,0
51713,1e-05,0.0,4e-05,5e-05,1e-05,-1e-05,-1e-05,1e-05,0
51714,1e-05,0.0,4e-05,5e-05,1e-05,-1e-05,-1e-05,1e-05,0
51715,1e-05,0.0,4e-05,5e-05,1e-05,-1e-05,-1e-05,1e-05,0
51716,1e-05,0.0,4e-05,5e-05,1e-05,-1e-05,-1e-05,1e-05,0
51717,1e-05,0.0,4e-05,5e-05,1e-05,-1e-05,-1e-05,1e-05,0
51718,1e-05,0.0,4e-05,5e-05,1e-05,-1e-05,-1e-05,1e-05,0
51719,1e-05,0.0,4e-05,5e-05,1e-05,-1e-05,-1e-05,1e-05,0
51720,1e-05,0.0,4e-05,5e-05,1e-05,-1e-05,-1e-05,1e-05,0
51721,1e-05,0.0,4e-05,5e-05,1e-05,-1e-05,-1e-05,1e-05,0
51722,-3e-05,-6e-05,-0.0001,-0.0001,-4e-05,-2e-05,0.0,-2e-05,0
51723,-3e-05,-6e-05,-0.0001,-0.0001,-4e-05,-2e-05,0.0,-2e-05,0
51724,-3e-05,-6e-05,-0.0001,-0.0001,-4e-05,-2e-05,0.0,-2e-05,0
51725,-3e-05,-6e-05,-0.0001,-0.0001,-4e-05,-2e-05,0.0,-2e-05,0
51726,-3e-05,-6e-05,-0.0001,-0.0001,-4e-05,-2e-05,0.0,-2e-05,0
51727,-3e-05,-6e-05,-0.0001,-0.0001,-4e-05,-2e-05,0.0,-2e-05,0
51728,-3e-05,-6e-05,-0.0001,-0.0001,-4e-05,-2e-05,0.0,-2e-05,0
51729,-3e-05,-6e-05,-0.0001,-0.0001,-4e-05,-2e-05,0.0,-2e-05,0
51730,1e-05,-2e-05,0.0,6e-05,1e-05,-1e-05,-1e-05,-1e-05,0
51731,-1e-05,0.0,-4e-05,-5e-05,1e-05,-1e-05,1e-05,-3e-05,0
51732,-1e-05,0.0,-4e-05,-5e-05,1e-05,-1e-05,1e-05,-3e-05,0
51733,-1e-05,0.0,-4e-05,-5e-05,1e-05,-1e-05,1e-05,-3e-05,0
51734,-1e-05,0.0,-4e-05,-5e-05,1e-05,-1e-05,1e-05,-3e-05,0
51735,-1e-05,0.0,-4e-05,-5e-05,1e-05,-1e-05,1e-05,-3e-05,0
51736,-1e-05,0.0,-4e-05,-5e-05,1e-05,-1e-05,1e-05,-3e-05,0
51738,-1e-05,0.0,-4e-05,-5e-05,1e-05,-1e-05,1e-05,-3e-05,0
51739,-1e-05,0.0,-4e-05,-5e-05,1e-05,-1e-05,1e-05,-3e-05,0
51740,-1e-05,0.0,-4e-05,-5e-05,1e-05,-1e-05,1e-05,-3e-05,0
51741,-1e-05,0.0,-4e-05,-5e-05,1e-05,-1e-05,1e-05,-3e-05,0
51742,-1e-05,0.0,-4e-05,-5e-05,1e-05,-1e-05,1e-05,-3e-05,0
51743,-1e-05,0.0,-4e-05,-5e-05,1e-05,-1e-05,1e-05,-3e-05,0
51744,-1e-05,0.0,-4e-05,-5e-05,1e-05,-1e-05,1e-05,-3e-05,0
51745,-1e-05,0.0,-4e-05,-5e-05,1e-05,-1e-05,1e-05,-3e-05,0
51746,1e-05,2e-05,1e-05,-1e-05,-1e-05,0.0,-2e-05,0.0,0
51747,1e-05,2e-05,1e-05,-1e-05,-1e-05,0.0,-2e-05,0.0,0
51748,1e-05,2e-05,1e-05,-1e-05,-1e-05,0.0,-2e-05,0.0,0
51749,1e-05,2e-05,1e-05,-1e-05,-1e-05,0.0,-2e-05,0.0,0
51750,1e-05,2e-05,1e-05,-1e-05,-1e-05,0.0,-2e-05,0.0,0
51751,1e-05,2e-05,1e-05,-1e-05,-1e-05,0.0,-2e-05,0.0,0
51752,-3e-05,-2e-05,-1e-05,4e-05,0.0,1e-05,-2e-05,-2e-05,0
51753,-3e-05,-2e-05,-1e-05,4e-05,0.0,1e-05,-2e-05,-2e-05,0
51754,-3e-05,-2e-05,-1e-05,4e-05,0.0,1e-05,-2e-05,-2e-05,0
51755,-3e-05,-2e-05,-1e-05,4e-05,0.0,1e-05,-2e-05,-2e-05,0
51756,-3e-05,-2e-05,-1e-05,4e-05,0.0,1e-05,-2e-05,-2e-05,0
51757,-3e-05,-2e-05,-1e-05,4e-05,0.0,1e-05,-2e-05,-2e-05,0
51758,-3e-05,-2e-05,-1e-05,4e-05,0.0,1e-05,-2e-05,-2e-05,0
51759,-3e-05,-2e-05,-1e-05,4e-05,0.0,1e-05,-2e-05,-2e-05,0
51760,-3e-05,-2e-05,-1e-05,4e-05,0.0,1e-05,-2e-05,-2e-05,0
51761,-3e-05,-2e-05,-1e-05,4e-05,0.0,1e-05,-2e-05,-2e-05,0
51762,-3e-05,-2e-05,-1e-05,4e-05,0.0,1e-05,-2e-05,-2e-05,0
51763,-3e-05,-2e-05,-1e-05,4e-05,0.0,1e-05,-2e-05,-2e-05,0
51764,-3e-05,-2e-05,-1e-05,4e-05,0.0,1e-05,-2e-05,-2e-05,0
51765,-3e-05,-2e-05,-1e-05,4e-05,0.0,1e-05,-2e-05,-2e-05,0
51766,-3e-05,-2e-05,-1e-05,4e-05,0.0,1e-05,-2e-05,-2e-05,0
51767,-3e-05,-2e-05,-1e-05,4e-05,0.0,1e-05,-2e-05,-2e-05,0
51768,-3e-05,-2e-05,-1e-05,4e-05,0.0,1e-05,-2e-05,-2e-05,0
51769,0.0,2e-05,3e-05,3e-05,1e-05,-1e-05,0.0,0.0,0
51770,-8e-05,-0.00014,-0.00013,-8e-05,-5e-05,-2e-05,1e-05,1e-05,0
51771,-8e-05,-0.00014,-0.00013,-8e-05,-5e-05,-2e-05,1e-05,1e-05,0
51772,-8e-05,-0.00014,-0.00013,-8e-05,-5e-05,-2e-05,1e-05,1e-05,0
51773,-8e-05,-0.00014,-0.00013,-8e-05,-5e-05,-2e-05,1e-05,1e-05,0
51774,-8e-05,-0.00014,-0.00013,-8e-05,-5e-05,-2e-05,1e-05,1e-05,0
51775,-8e-05,-0.00014,-0.00013,-8e-05,-5e-05,-2e-05,1e-05,1e-05,0
51776,-8e-05,-0.00014,-0.00013,-8e-05,-5e-05,-2e-05,1e-05,1e-05,0
51777,-8e-05,-0.00014,-0.00013,-8e-05,-5e-05,-2e-05,1e-05,1e-05,0
51778,-8e-05,-0.00014,-0.00013,-8e-05,-5e-05,-2e-05,1e-05,1e-05,0
51779,-8e-05,-0.00014,-0.00013,-8e-05,-5e-05,-2e-05,1e-05,1e-05,0
51780,-8e-05,-0.00014,-0.00013,-8e-05,-5e-05,-2e-05,1e-05,1e-05,0
51781,-8e-05,-0.00014,-0.00013,-8e-05,-5e-05,-2e-05,1e-05,1e-05,0
51782,-8e-05,-0.00014,-0.00013,-8e-05,-5e-05,-2e-05,1e-05,1e-05,0
51783,-8e-05,-0.00014,-0.00013,-8e-05,-5e-05,-2e-05,1e-05,1e-05,0
51784,-8e-05,-0.00014,-0.00013,-8e-05,-5e-05,-2e-05,1e-05,1e-05,0
51785,-8e-05,-0.00014,-0.00013,-8e-05,-5e-05,-2e-05,1e-05,1e-05,0
51786,-8e-05,-0.00014,-0.00013,-8e-05,-5e-05,-2e-05,1e-05,1e-05,0
51788,-8e-05,-0.00014,-0.00013,-8e-05,-5e-05,-2e-05,1e-05,1e-05,0
51789,-8e-05,-0.00014,-0.00013,-8e-05,-5e-05,-2e-05,1e-05,1e-05,0
51790,1e-05,3e-05,3e-05,0.00014,1e-05,0.0,-2e-05,-2e-05,0
51791,1e-05,3e-05,3e-05,0.00014,1e-05,0.0,-2e-05,-2e-05,0
51792,1e-05,3e-05,3e-05,0.00014,1e-05,0.0,-2e-05,-2e-05,0
51793,1e-05,3e-05,3e-05,0.00014,1e-05,0.0,-2e-05,-2e-05,0
51794,1e-05,3e-05,3e-05,0.00014,1e-05,0.0,-2e-05,-2e-05,0
51795,1e-05,3e-05,3e-05,0.00014,1e-05,0.0,-2e-05,-2e-05,0
51796,1e-05,3e-05,3e-05,0.00014,1e-05,0.0,-2e-05,-2e-05,0
51797,1e-05,3e-05,3e-05,0.00014,1e-05,0.0,-2e-05,-2e-05,0
51798,1e-05,4e-05,5e-05,7e-05,0.0,-2e-05,-1e-05,-1e-05,0
51799,1e-05,4e-05,5e-05,7e-05,0.0,-2e-05,-1e-05,-1e-05,0
51800,1e-05,4e-05,5e-05,7e-05,0.0,-2e-05,-1e-05,-1e-05,0
51801,1e-05,4e-05,5e-05,7e-05,0.0,-2e-05,-1e-05,-1e-05,0
51802,1e-05,4e-05,5e-05,7e-05,0.0,-2e-05,-1e-05,-1e-05,0
51803,1e-05,4e-05,5e-05,7e-05,0.0,-2e-05,-1e-05,-1e-05,0
51804,1e-05,4e-05,5e-05,7e-05,0.0,-2e-05,-1e-05,-1e-05,0
51805,0.0,3e-05,4e-05,1e-05,1e-05,-1e-05,-1e-05,-4e-05,0
51806,0.0,3e-05,4e-05,1e-05,1e-05,-1e-05,-1e-05,-4e-05,0
51807,0.0,3e-05,4e-05,1e-05,1e-05,-1e-05,-1e-05,-4e-05,0
51808,0.0,3e-05,4e-05,1e-05,1e-05,-1e-05,-1e-05,-4e-05,0
51809,0.0,3e-05,4e-05,1e-05,1e-05,-1e-05,-1e-05,-4e-05,0
51810,0.0,3e-05,4e-05,1e-05,1e-05,-1e-05,-1e-05,-4e-05,0
51811,2e-05,2e-05,3e-05,3e-05,-1e-05,-1e-05,-2e-05,-2e-05,0
51812,-8e-05,-0.00012,-0.00013,-7e-05,-4e-05,-2e-05,-1e-05,-1e-05,0
51813,-8e-05,-0.00012,-0.00013,-7e-05,-4e-05,-2e-05,-1e-05,-1e-05,0
51814,-8e-05,-0.00012,-0.00013,-7e-05,-4e-05,-2e-05,-1e-05,-1e-05,0
51815,-8e-05,-0.00012,-0.00013,-7e-05,-4e-05,-2e-05,-1e-05,-1e-05,0
51816,-8e-05,-0.00012,-0.00013,-7e-05,-4e-05,-2e-05,-1e-05,-1e-05,0
51817,-8e-05,-0.00012,-0.00013,-7e-05,-4e-05,-2e-05,-1e-05,-1e-05,0
51818,-8e-05,-0.00012,-0.00013,-7e-05,-4e-05,-2e-05,-1e-05,-1e-05,0
51819,-8e-05,-0.00012,-0.00013,-7e-05,-4e-05,-2e-05,-1e-05,-1e-05,0
51820,-8e-05,-0.00012,-0.00013,-7e-05,-4e-05,-2e-05,-1e-05,-1e-05,0
51821,-8e-05,-0.00012,-0.00013,-7e-05,-4e-05,-2e-05,-1e-05,-1e-05,0
51822,-8e-05,-0.00012,-0.00013,-7e-05,-4e-05,-2e-05,-1e-05,-1e-05,0
51823,-8e-05,-0.00012,-0.00013,-7e-05,-4e-05,-2e-05,-1e-05,-1e-05,0
51824,-8e-05,-0.00012,-0.00013,-7e-05,-4e-05,-2e-05,-1e-05,-1e-05,0
51825,-8e-05,-0.00012,-0.00013,-7e-05,-4e-05,-2e-05,-1e-05,-1e-05,0
51826,-8e-05,-0.00012,-0.00013,-7e-05,-4e-05,-2e-05,-1e-05,-1e-05,0
51827,-8e-05,-0.00012,-0.00013,-7e-05,-4e-05,-2e-05,-1e-05,-1e-05,0
51828,1e-05,1e-05,-3e-05,-3e-05,0.0,0.0,0.0,1e-05,0
51829,0.0,2e-05,3e-05,2e-05,1e-05,-2e-05,-1e-05,-1e-05,0
51830,2e-05,2e-05,1e-05,2e-05,1e-05,0.0,-1e-05,-2e-05,0
51831,2e-05,2e-05,1e-05,2e-05,1e-05,0.0,-1e-05,-2e-05,0
51832,2e-05,2e-05,1e-05,2e-05,1e-05,0.0,-1e-05,-2e-05,0
51833,2e-05,2e-05,1e-05,2e-05,1e-05,0.0,-1e-05,-2e-05,0
51834,2e-05,2e-05,1e-05,2e-05,1e-05,0.0,-1e-05,-2e-05,0
51835,2e-05,2e-05,1e-05,2e-05,1e-05,0.0,-1e-05,-2e-05,0
51836,2e-05,2e-05,1e-05,2e-05,1e-05,0.0,-1e-05,-2e-05,0
51838,2e-05,2e-05,1e-05,2e-05,1e-05,0.0,-1e-05,-2e-05,0
51839,2e-05,2e-05,1e-05,2e-05,1e-05,0.0,-1e-05,-2e-05,0
51840,2e-05,2e-05,1e-05,2e-05,1e-05,0.0,-1e-05,-2e-05,0
51841,2e-05,2e-05,1e-05,2e-05,1e-05,0.0,-1e-05,-2e-05,0
51842,2e-05,2e-05,1e-05,2e-05,1e-05,0.0,-1e-05,-2e-05,0
51843,2e-05,2e-05,1e-05,2e-05,1e-05,0.0,-1e-05,-2e-05,0
51844,2e-05,2e-05,1e-05,2e-05,1e-05,0.0,-1e-05,-2e-05,0
51845,2e-05,2e-05,1e-05,2e-05,1e-05,0.0,-1e-05,-2e-05,0
51846,2e-05,2e-05,1e-05,2e-05,1e-05,0.0,-1e-05,-2e-05,0
51847,2e-05,2e-05,1e-05,2e-05,1e-05,0.0,-1e-05,-2e-05,0
51848,2e-05,2e-05,1e-05,2e-05,1e-05,0.0,-1e-05,-2e-05,0
51849,2e-05,2e-05,1e-05,2e-05,1e-05,0.0,-1e-05,-2e-05,0
51850,1e-05,-1e-05,2e-05,4e-05,0.0,0.0,-1e-05,0.0,0
51851,-1e-05,1e-05,2e-05,-2e-05,-1e-05,-1e-05,-2e-05,-1e-05,0
51852,-1e-05,-2e-05,-1e-05,-3e-05,-1e-05,-3e-05,1e-05,2e-05,0
51853,-1e-05,-2e-05,-1e-05,-3e-05,-1e-05,-3e-05,1e-05,2e-05,0
51854,-1e-05,-2e-05,-1e-05,-3e-05,-1e-05,-3e-05,1e-05,2e-05,0
51855,-1e-05,-2e-05,-1e-05,-3e-05,-1e-05,-3e-05,1e-05,2e-05,0
51856,-1e-05,-2e-05,-1e-05,-3e-05,-1e-05,-3e-05,1e-05,2e-05,0
51857,-1e-05,-2e-05,-1e-05,-3e-05,-1e-05,-3e-05,1e-05,2e-05,0
51858,-1e-05,-2e-05,-1e-05,-3e-05,-1e-05,-3e-05,1e-05,2e-05,0
51859,-1e-05,-2e-05,-1e-05,-3e-05,-1e-05,-3e-05,1e-05,2e-05,0
51860,-1e-05,-2e-05,-1e-05,-3e-05,-1e-05,-3e-05,1e-05,2e-05,0
51861,-1e-05,-2e-05,-1e-05,-3e-05,-1e-05,-3e-05,1e-05,2e-05,0
51862,-1e-05,-2e-05,-1e-05,-3e-05,-1e-05,-3e-05,1e-05,2e-05,0
51863,-1e-05,-2e-05,-1e-05,-3e-05,-1e-05,-3e-05,1e-05,2e-05,0
51864,-1e-05,-2e-05,-1e-05,-3e-05,-1e-05,-3e-05,1e-05,2e-05,0
51865,-1e-05,-2e-05,-1e-05,-3e-05,-1e-05,-3e-05,1e-05,2e-05,0
51866,-1e-05,-2e-05,-1e-05,-3e-05,-1e-05,-3e-05,1e-05,2e-05,0
51867,-1e-05,-2e-05,-1e-05,-3e-05,-1e-05,-3e-05,1e-05,2e-05,0
51868,-1e-05,-2e-05,-1e-05,-3e-05,-1e-05,-3e-05,1e-05,2e-05,0
51869,-1e-05,-2e-05,-1e-05,-3e-05,-1e-05,-3e-05,1e-05,2e-05,0
51870,-1e-05,-2e-05,-1e-05,-3e-05,-1e-05,-3e-05,1e-05,2e-05,0
51871,-1e-05,-2e-05,-1e-05,-3e-05,-1e-05,-3e-05,1e-05,2e-05,0
51872,-1e-05,-2e-05,-1e-05,-3e-05,-1e-05,-3e-05,1e-05,2e-05,0
51873,0.0,-2e-05,-4e-05,-0.0001,-2e-05,2e-05,0.0,-1e-05,0
51874,-2e-05,-4e-05,-4e-05,-2e-05,-1e-05,0.0,1e-05,0.0,0
51875,3e-05,6e-05,8e-05,6e-05,3e-05,0.0,0.0,0.0,0
51876,3e-05,6e-05,8e-05,6e-05,3e-05,0.0,0.0,0.0,0
51877,3e-05,6e-05,8e-05,6e-05,3e-05,0.0,0.0,0.0,0
51878,3e-05,6e-05,8e-05,6e-05,3e-05,0.0,0.0,0.0,0
51879,3e-05,6e-05,8e-05,6e-05,3e-05,0.0,0.0,0.0,0
51880,3e-05,6e-05,8e-05,6e-05,3e-05,0.0,0.0,0.0,0
51881,3e-05,6e-05,8e-05,6e-05,3e-05,0.0,0.0,0.0,0
51882,3e-05,6e-05,8e-05,6e-05,3e-05,0.0,0.0,0.0,0
51883,3e-05,6e-05,8e-05,6e-05,3e-05,0.0,0.0,0.0,0
51884,3e-05,6e-05,8e-05,6e-05,3e-05,0.0,0.0,0.0,0
51885,3e-05,6e-05,8e-05,6e-05,3e-05,0.0,0.0,0.0,0
51886,3e-05,6e-05,8e-05,6e-05,3e-05,0.0,0.0,0.0,0
51888,-2e-05,-5e-05,-4e-05,-2e-05,-2e-05,0.0,-2e-05,0.0,0
51889,-2e-05,0.0,2e-05,0.0,-3e-05,-2e-05,-3e-05,-1e-05,0
51890,1e-05,0.0,1e-05,-1e-05,-2e-05,0.0,-1e-05,0.0,0
51891,1e-05,0.0,1e-05,-1e-05,-2e-05,0.0,-1e-05,0.0,0
51892,1e-05,0.0,1e-05,-1e-05,-2e-05,0.0,-1e-05,0.0,0
51893,1e-05,0.0,1e-05,-1e-05,-2e-05,0.0,-1e-05,0.0,0
51894,1e-05,0.0,1e-05,-1e-05,-2e-05,0.0,-1e-05,0.0,0
51895,1e-05,0.0,1e-05,-1e-05,-2e-05,0.0,-1e-05,0.0,0
51896,1e-05,0.0,1e-05,-1e-05,-2e-05,0.0,-1e-05,0.0,0
51897,1e-05,0.0,1e-05,-1e-05,-2e-05,0.0,-1e-05,0.0,0
51898,1e-05,0.0,1e-05,-1e-05,-2e-05,0.0,-1e-05,0.0,0
51899,1e-05,0.0,1e-05,-1e-05,-2e-05,0.0,-1e-05,0.0,0
51900,1e-05,0.0,1e-05,-1e-05,-2e-05,0.0,-1e-05,0.0,0
51901,1e-05,0.0,1e-05,-1e-05,-2e-05,0.0,-1e-05,0.0,0
51902,1e-05,0.0,1e-05,-1e-05,-2e-05,0.0,-1e-05,0.0,0
51903,1e-05,0.0,1e-05,-1e-05,-2e-05,0.0,-1e-05,0.0,0
51904,1e-05,0.0,1e-05,-1e-05,-2e-05,0.0,-1e-05,0.0,0
51905,1e-05,0.0,1e-05,-1e-05,-2e-05,0.0,-1e-05,0.0,0
51906,1e-05,0.0,1e-05,-1e-05,-2e-05,0.0,-1e-05,0.0,0
51907,1e-05,0.0,1e-05,-1e-05,-2e-05,0.0,-1e-05,0.0,0
51908,1e-05,0.0,1e-05,-1e-05,-2e-05,0.0,-1e-05,0.0,0
51909,1e-05,0.0,1e-05,-1e-05,-2e-05,0.0,-1e-05,0.0,0
51910,1e-05,0.0,1e-05,-1e-05,-2e-05,0.0,-1e-05,0.0,0
51911,-2e-05,-3e-05,-5e-05,-1e-05,-1e-05,0.0,0.0,-1e-05,0
51912,2e-05,2e-05,2e-05,2e-05,-2e-05,-1e-05,0.0,-2e-05,0
51913,2e-05,2e-05,2e-05,2e-05,-2e-05,-1e-05,0.0,-2e-05,0
51914,2e-05,2e-05,2e-05,2e-05,-2e-05,-1e-05,0.0,-2e-05,0
51915,2e-05,2e-05,2e-05,2e-05,-2e-05,-1e-05,0.0,-2e-05,0
51916,2e-05,2e-05,2e-05,2e-05,-2e-05,-1e-05,0.0,-2e-05,0
51917,2e-05,2e-05,2e-05,2e-05,-2e-05,-1e-05,0.0,-2e-05,0
51918,2e-05,2e-05,2e-05,2e-05,-2e-05,-1e-05,0.0,-2e-05,0
51919,2e-05,2e-05,2e-05,2e-05,-2e-05,-1e-05,0.0,-2e-05,0
51920,2e-05,2e-05,2e-05,2e-05,-2e-05,-1e-05,0.0,-2e-05,0
51921,2e-05,2e-05,2e-05,2e-05,-2e-05,-1e-05,0.0,-2e-05,0
51922,2e-05,2e-05,2e-05,2e-05,-2e-05,-1e-05,0.0,-2e-05,0
51923,2e-05,2e-05,2e-05,2e-05,-2e-05,-1e-05,0.0,-2e-05,0
51924,2e-05,2e-05,2e-05,2e-05,-2e-05,-1e-05,0.0,-2e-05,0
51925,-1e-05,1e-05,1e-05,-3e-05,0.0,-1e-05,0.0,0.0,0
51926,-1e-05,1e-05,1e-05,-3e-05,0.0,-1e-05,0.0,0.0,0
51927,-1e-05,1e-05,1e-05,-3e-05,0.0,-1e-05,0.0,0.0,0
51928,-1e-05,1e-05,1e-05,-3e-05,0.0,-1e-05,0.0,0.0,0
51929,-1e-05,1e-05,1e-05,-3e-05,0.0,-1e-05,0.0,0.0,0
51930,-1e-05,1e-05,1e-05,-3e-05,0.0,-1e-05,0.0,0.0,0
51931,-3e-05,-1e-05,-3e-05,6e-05,-2e-05,0.0,0.0,0.0,0
51932,1e-05,7e-05,6e-05,1e-05,2e-05,-1e-05,-2e-05,-2e-05,0
51933,1e-05,7e-05,6e-05,1e-05,2e-05,-1e-05,-2e-05,-2e-05,0
51934,1e-05,7e-05,6e-05,1e-05,2e-05,-1e-05,-2e-05,-2e-05,0
51935,1e-05,7e-05,6e-05,1e-05,2e-05,-1e-05,-2e-05,-2e-05,0
51936,1e-05,7e-05,6e-05,1e-05,2e-05,-1e-05,-2e-05,-2e-05,0
51938,1e-05,7e-05,6e-05,1e-05,2e-05,-1e-05,-2e-05,-2e-05,0
51939,1e-05,7e-05,6e-05,1e-05,2e-05,-1e-05,-2e-05,-2e-05,0
51940,1e-05,7e-05,6e-05,1e-05,2e-05,-1e-05,-2e-05,-2e-05,0
51941,1e-05,7e-05,6e-05,1e-05,2e-05,-1e-05,-2e-05,-2e-05,0
51942,1e-05,7e-05,6e-05,1e-05,2e-05,-1e-05,-2e-05,-2e-05,0
51943,1e-05,7e-05,6e-05,1e-05,2e-05,-1e-05,-2e-05,-2e-05,0
51944,1e-05,7e-05,6e-05,1e-05,2e-05,-1e-05,-2e-05,-2e-05,0
51945,1e-05,7e-05,6e-05,1e-05,2e-05,-1e-05,-2e-05,-2e-05,0
51946,1e-05,7e-05,6e-05,1e-05,2e-05,-1e-05,-2e-05,-2e-05,0
51947,1e-05,7e-05,6e-05,1e-05,2e-05,-1e-05,-2e-05,-2e-05,0
51948,-9e-05,-0.0001,-0.00013,-0.0001,-6e-05,-1e-05,-2e-05,-3e-05,0
51949,-4e-05,-6e-05,-5e-05,-7e-05,-1e-05,0.0,0.0,-1e-05,0
51950,-1e-05,-2e-05,-3e-05,-1e-05,-1e-05,0.0,-2e-05,-1e-05,0
51951,-1e-05,-2e-05,-3e-05,-1e-05,-1e-05,0.0,-2e-05,-1e-05,0
51952,-1e-05,-2e-05,-3e-05,-1e-05,-1e-05,0.0,-2e-05,-1e-05,0
51953,-1e-05,-2e-05,-3e-05,-1e-05,-1e-05,0.0,-2e-05,-1e-05,0
51954,-1e-05,-2e-05,-3e-05,-1e-05,-1e-05,0.0,-2e-05,-1e-05,0
51955,-1e-05,-2e-05,-3e-05,-1e-05,-1e-05,0.0,-2e-05,-1e-05,0
51956,-1e-05,-2e-05,-3e-05,-1e-05,-1e-05,0.0,-2e-05,-1e-05,0
51957,-1e-05,-2e-05,-3e-05,-1e-05,-1e-05,0.0,-2e-05,-1e-05,0
51958,-1e-05,-2e-05,-3e-05,-1e-05,-1e-05,0.0,-2e-05,-1e-05,0
51959,-1e-05,-2e-05,-3e-05,-1e-05,-1e-05,0.0,-2e-05,-1e-05,0
51960,-1e-05,-2e-05,-3e-05,-1e-05,-1e-05,0.0,-2e-05,-1e-05,0
51961,-1e-05,-2e-05,-3e-05,-1e-05,-1e-05,0.0,-2e-05,-1e-05,0
51962,-1e-05,-2e-05,-3e-05,-1e-05,-1e-05,0.0,-2e-05,-1e-05,0
51963,-1e-05,-2e-05,-3e-05,-1e-05,-1e-05,0.0,-2e-05,-1e-05,0
51964,-1e-05,-2e-05,-3e-05,-1e-05,-1e-05,0.0,-2e-05,-1e-05,0
51965,-1e-05,-2e-05,-3e-05,-1e-05,-1e-05,0.0,-2e-05,-1e-05,0
51966,-1e-05,-2e-05,-3e-05,-1e-05,-1e-05,0.0,-2e-05,-1e-05,0
51967,-1e-05,-2e-05,-3e-05,-1e-05,-1e-05,0.0,-2e-05,-1e-05,0
51968,-1e-05,-2e-05,-3e-05,-1e-05,-1e-05,0.0,-2e-05,-1e-05,0
51969,-1e-05,-2e-05,-3e-05,-1e-05,-1e-05,0.0,-2e-05,-1e-05,0
51970,3e-05,8e-05,9e-05,8e-05,3e-05,0.0,-2e-05,-1e-05,0
51971,1e-05,4e-05,7e-05,5e-05,0.0,-2e-05,-2e-05,1e-05,0
51972,-4e-05,-4e-05,-4e-05,-2e-05,-2e-05,-1e-05,-3e-05,-3e-05,0
51973,-4e-05,-4e-05,-4e-05,-2e-05,-2e-05,-1e-05,-3e-05,-3e-05,0
51974,-4e-05,-4e-05,-4e-05,-2e-05,-2e-05,-1e-05,-3e-05,-3e-05,0
51975,-4e-05,-4e-05,-4e-05,-2e-05,-2e-05,-1e-05,-3e-05,-3e-05,0
51976,-4e-05,-4e-05,-4e-05,-2e-05,-2e-05,-1e-05,-3e-05,-3e-05,0
51977,-4e-05,-4e-05,-4e-05,-2e-05,-2e-05,-1e-05,-3e-05,-3e-05,0
51978,-4e-05,-4e-05,-4e-05,-2e-05,-2e-05,-1e-05,-3e-05,-3e-05,0
51979,-4e-05,-4e-05,-4e-05,-2e-05,-2e-05,-1e-05,-3e-05,-3e-05,0
51980,-4e-05,-4e-05,-4e-05,-2e-05,-2e-05,-1e-05,-3e-05,-3e-05,0
51981,-4e-05,-4e-05,-4e-05,-2e-05,-2e-05,-1e-05,-3e-05,-3e-05,0
51982,-4e-05,-4e-05,-4e-05,-2e-05,-2e-05,-1e-05,-3e-05,-3e-05,0
51983,-4e-05,-4e-05,-4e-05,-2e-05,-2e-05,-1e-05,-3e-05,-3e-05,0
51984,-4e-05,-4e-05,-4e-05,-2e-05,-2e-05,-1e-05,-3e-05,-3e-05,0
51985,-2e-05,-4e-05,-2e-05,-5e-05,0.0,-2e-05,0.0,-1e-05,0
51986,-2e-05,-4e-05,-2e-05,-5e-05,0.0,-2e-05,0.0,-1e-05,0
51988,-2e-05,-4e-05,-2e-05,-5e-05,0.0,-2e-05,0.0,-1e-05,0
51989,-2e-05,-4e-05,-2e-05,-5e-05,0.0,-2e-05,0.0,-1e-05,0
51990,-2e-05,-4e-05,-2e-05,-5e-05,0.0,-2e-05,0.0,-1e-05,0
51991,-2e-05,-4e-05,-2e-05,-5e-05,0.0,-2e-05,0.0,-1e-05,0
51992,0.0,-1e-05,-2e-05,-3e-05,1e-05,1e-05,-2e-05,-2e-05,0
51993,0.0,-1e-05,-2e-05,-3e-05,1e-05,1e-05,-2e-05,-2e-05,0
51994,0.0,-1e-05,-2e-05,-3e-05,1e-05,1e-05,-2e-05,-2e-05,0
51995,0.0,-1e-05,-2e-05,-3e-05,1e-05,1e-05,-2e-05,-2e-05,0
51996,0.0,-1e-05,-2e-05,-3e-05,1e-05,1e-05,-2e-05,-2e-05,0
51997,0.0,-1e-05,-2e-05,-3e-05,1e-05,1e-05,-2e-05,-2e-05,0
51998,0.0,-1e-05,-2e-05,-3e-05,1e-05,1e-05,-2e-05,-2e-05,0
51999,0.0,-1e-05,-2e-05,-3e-05,1e-05,1e-05,-2e-05,-2e-05,0
52000,0.0,-1e-05,-2e-05,-3e-05,1e-05,1e-05,-2e-05,-2e-05,0
52001,0.0,-1e-05,-2e-05,-3e-05,1e-05,1e-05,-2e-05,-2e-05,0
52002,0.0,-1e-05,-2e-05,-3e-05,1e-05,1e-05,-2e-05,-2e-05,0
52003,0.0,-1e-05,-2e-05,-3e-05,1e-05,1e-05,-2e-05,-2e-05,0
52004,0.0,-1e-05,-2e-05,-3e-05,1e-05,1e-05,-2e-05,-2e-05,0
52005,0.0,-1e-05,-2e-05,-3e-05,1e-05,1e-05,-2e-05,-2e-05,0
52006,0.0,-1e-05,-2e-05,-3e-05,1e-05,1e-05,-2e-05,-2e-05,0
52007,0.0,-1e-05,-2e-05,-3e-05,1e-05,1e-05,-2e-05,-2e-05,0
52008,-1e-05,1e-05,3e-05,4e-05,1e-05,-1e-05,0.0,-1e-05,0
52009,-1e-05,-6e-05,-2e-05,-4e-05,-2e-05,-1e-05,0.0,2e-05,0
52010,-4e-05,-5e-05,-7e-05,-3e-05,-2e-05,-2e-05,0.0,-1e-05,0
52011,-4e-05,-5e-05,-7e-05,-3e-05,-2e-05,-2e-05,0.0,-1e-05,0
52012,-4e-05,-5e-05,-7e-05,-3e-05,-2e-05,-2e-05,0.0,-1e-05,0
52013,-4e-05,-5e-05,-7e-05,-3e-05,-2e-05,-2e-05,0.0,-1e-05,0
52014,-4e-05,-5e-05,-7e-05,-3e-05,-2e-05,-2e-05,0.0,-1e-05,0
52015,-4e-05,-5e-05,-7e-05,-3e-05,-2e-05,-2e-05,0.0,-1e-05,0
52016,-4e-05,-5e-05,-7e-05,-3e-05,-2e-05,-2e-05,0.0,-1e-05,0
52017,-4e-05,-5e-05,-7e-05,-3e-05,-2e-05,-2e-05,0.0,-1e-05,0
52018,-4e-05,-5e-05,-7e-05,-3e-05,-2e-05,-2e-05,0.0,-1e-05,0
52019,-4e-05,-5e-05,-7e-05,-3e-05,-2e-05,-2e-05,0.0,-1e-05,0
52020,-4e-05,-5e-05,-7e-05,-3e-05,-2e-05,-2e-05,0.0,-1e-05,0
52021,-4e-05,-5e-05,-7e-05,-3e-05,-2e-05,-2e-05,0.0,-1e-05,0
52022,-4e-05,-5e-05,-7e-05,-3e-05,-2e-05,-2e-05,0.0,-1e-05,0
52023,-4e-05,-5e-05,-7e-05,-3e-05,-2e-05,-2e-05,0.0,-1e-05,0
52024,-4e-05,-5e-05,-7e-05,-3e-05,-2e-05,-2e-05,0.0,-1e-05,0
52025,-4e-05,-5e-05,-7e-05,-3e-05,-2e-05,-2e-05,0.0,-1e-05,0
52026,-4e-05,-5e-05,-7e-05,-3e-05,-2e-05,-2e-05,0.0,-1e-05,0
52027,-4e-05,-5e-05,-7e-05,-3e-05,-2e-05,-2e-05,0.0,-1e-05,0
52028,-4e-05,-5e-05,-7e-05,-3e-05,-2e-05,-2e-05,0.0,-1e-05,0
52029,-4e-05,-5e-05,-7e-05,-3e-05,-2e-05,-2e-05,0.0,-1e-05,0
52030,0.0,-1e-05,0.0,2e-05,-1e-05,-2e-05,-2e-05,-1e-05,0
52031,0.0,1e-05,-3e-05,-1e-05,1e-05,0.0,-1e-05,0.0,0
52032,0.0,-1e-05,-3e-05,1e-05,-3e-05,-2e-05,-1e-05,0.0,0
52033,0.0,-1e-05,-3e-05,1e-05,-3e-05,-2e-05,-1e-05,0.0,0
52034,0.0,-1e-05,-3e-05,1e-05,-3e-05,-2e-05,-1e-05,0.0,0
52035,0.0,-1e-05,-3e-05,1e-05,-3e-05,-2e-05,-1e-05,0.0,0
52036,0.0,-1e-05,-3e-05,1e-05,-3e-05,-2e-05,-1e-05,0.0,0
52038,0.0,-1e-05,-3e-05,1e-05,-3e-05,-2e-05,-1e-05,0.0,0
52039,0.0,-1e-05,-3e-05,1e-05,-3e-05,-2e-05,-1e-05,0.0,0
52040,0.0,-1e-05,-3e-05,1e-05,-3e-05,-2e-05,-1e-05,0.0,0
52041,0.0,-1e-05,-3e-05,1e-05,-3e-05,-2e-05,-1e-05,0.0,0
52042,0.0,-1e-05,-3e-05,1e-05,-3e-05,-2e-05,-1e-05,0.0,0
52043,0.0,-1e-05,-3e-05,1e-05,-3e-05,-2e-05,-1e-05,0.0,0
52044,0.0,-1e-05,-3e-05,1e-05,-3e-05,-2e-05,-1e-05,0.0,0
52045,3e-05,3e-05,3e-05,4e-05,1e-05,0.0,-2e-05,1e-05,0
52046,3e-05,3e-05,3e-05,4e-05,1e-05,0.0,-2e-05,1e-05,0
52047,3e-05,3e-05,3e-05,4e-05,1e-05,0.0,-2e-05,1e-05,0
52048,3e-05,3e-05,3e-05,4e-05,1e-05,0.0,-2e-05,1e-05,0
52049,3e-05,3e-05,3e-05,4e-05,1e-05,0.0,-2e-05,1e-05,0
52050,3e-05,3e-05,3e-05,4e-05,1e-05,0.0,-2e-05,1e-05,0
52051,-0.0001,-0.00015,-0.0002,-0.00017,-7e-05,-2e-05,-1e-05,-3e-05,0
52052,-1e-05,-4e-05,-8e-05,-3e-05,-3e-05,0.0,-1e-05,0.0,0
52053,-1e-05,-4e-05,-8e-05,-3e-05,-3e-05,0.0,-1e-05,0.0,0
52054,-1e-05,-4e-05,-8e-05,-3e-05,-3e-05,0.0,-1e-05,0.0,0
52055,-1e-05,-4e-05,-8e-05,-3e-05,-3e-05,0.0,-1e-05,0.0,0
52056,-1e-05,-4e-05,-8e-05,-3e-05,-3e-05,0.0,-1e-05,0.0,0
52057,-1e-05,-4e-05,-8e-05,-3e-05,-3e-05,0.0,-1e-05,0.0,0
52058,-1e-05,-4e-05,-8e-05,-3e-05,-3e-05,0.0,-1e-05,0.0,0
52059,-1e-05,-4e-05,-8e-05,-3e-05,-3e-05,0.0,-1e-05,0.0,0
52060,-1e-05,-4e-05,-8e-05,-3e-05,-3e-05,0.0,-1e-05,0.0,0
52061,-1e-05,-4e-05,-8e-05,-3e-05,-3e-05,0.0,-1e-05,0.0,0
52062,-1e-05,-4e-05,-8e-05,-3e-05,-3e-05,0.0,-1e-05,0.0,0
52063,-1e-05,-4e-05,-8e-05,-3e-05,-3e-05,0.0,-1e-05,0.0,0
52064,-1e-05,-4e-05,-8e-05,-3e-05,-3e-05,0.0,-1e-05,0.0,0
52065,-1e-05,-4e-05,-8e-05,-3e-05,-3e-05,0.0,-1e-05,0.0,0
52066,-1e-05,-4e-05,-8e-05,-3e-05,-3e-05,0.0,-1e-05,0.0,0
52067,-1e-05,-4e-05,-8e-05,-3e-05,-3e-05,0.0,-1e-05,0.0,0
52068,0.0,1e-05,4e-05,3e-05,2e-05,-1e-05,-2e-05,-1e-05,0
52069,0.0,1e-05,4e-05,3e-05,2e-05,-1e-05,-2e-05,-1e-05,0
52070,-1e-05,-2e-05,2e-05,-1e-05,0.0,-2e-05,-1e-05,0.0,0
52071,-1e-05,-2e-05,2e-05,-1e-05,0.0,-2e-05,-1e-05,0.0,0
52072,-1e-05,-2e-05,2e-05,-1e-05,0.0,-2e-05,-1e-05,0.0,0
52073,-1e-05,-2e-05,2e-05,-1e-05,0.0,-2e-05,-1e-05,0.0,0
52074,-1e-05,-2e-05,2e-05,-1e-05,0.0,-2e-05,-1e-05,0.0,0
52075,-1e-05,-2e-05,2e-05,-1e-05,0.0,-2e-05,-1e-05,0.0,0
52076,-1e-05,-2e-05,2e-05,-1e-05,0.0,-2e-05,-1e-05,0.0,0
52077,-1e-05,-2e-05,2e-05,-1e-05,0.0,-2e-05,-1e-05,0.0,0
52078,-1e-05,-2e-05,2e-05,-1e-05,0.0,-2e-05,-1e-05,0.0,0
52079,-1e-05,-2e-05,2e-05,-1e-05,0.0,-2e-05,-1e-05,0.0,0
52080,-1e-05,-2e-05,2e-05,-1e-05,0.0,-2e-05,-1e-05,0.0,0
52081,-1e-05,-2e-05,2e-05,-1e-05,0.0,-2e-05,-1e-05,0.0,0
52082,-1e-05,-2e-05,2e-05,-1e-05,0.0,-2e-05,-1e-05,0.0,0
52083,-1e-05,-2e-05,2e-05,-1e-05,0.0,-2e-05,-1e-05,0.0,0
52084,-1e-05,-2e-05,2e-05,-1e-05,0.0,-2e-05,-1e-05,0.0,0
52085,-1e-05,-2e-05,2e-05,-1e-05,0.0,-2e-05,-1e-05,0.0,0
52086,-1e-05,-2e-05,2e-05,-1e-05,0.0,-2e-05,-1e-05,0.0,0
52088,-1e-05,-2e-05,2e-05,-1e-05,0.0,-2e-05,-1e-05,0.0,0
52089,-1e-05,-2e-05,2e-05,-1e-05,0.0,-2e-05,-1e-05,0.0,0
52090,0.0,4e-05,5e-05,1e-05,-1e-05,-1e-05,0.0,-4e-05,0
52091,-6e-05,-8e-05,-0.00011,4e-05,-3e-05,-2e-05,-2e-05,-4e-05,0
52092,1e-05,1e-05,2e-05,-0.00015,-1e-05,1e-05,0.0,1e-05,0
52093,1e-05,1e-05,2e-05,-0.00015,-1e-05,1e-05,0.0,1e-05,0
52094,1e-05,1e-05,2e-05,-0.00015,-1e-05,1e-05,0.0,1e-05,0
52095,1e-05,1e-05,2e-05,-0.00015,-1e-05,1e-05,0.0,1e-05,0
52096,1e-05,1e-05,2e-05,-0.00015,-1e-05,1e-05,0.0,1e-05,0
52097,1e-05,1e-05,2e-05,-0.00015,-1e-05,1e-05,0.0,1e-05,0
52098,1e-05,1e-05,2e-05,-0.00015,-1e-05,1e-05,0.0,1e-05,0
52099,1e-05,1e-05,2e-05,-0.00015,-1e-05,1e-05,0.0,1e-05,0
52100,1e-05,1e-05,2e-05,-0.00015,-1e-05,1e-05,0.0,1e-05,0
52101,1e-05,1e-05,2e-05,-0.00015,-1e-05,1e-05,0.0,1e-05,0
52102,1e-05,1e-05,2e-05,-0.00015,-1e-05,1e-05,0.0,1e-05,0
52103,1e-05,1e-05,2e-05,-0.00015,-1e-05,1e-05,0.0,1e-05,0
52104,1e-05,1e-05,2e-05,-0.00015,-1e-05,1e-05,0.0,1e-05,0
52105,0.0,2e-05,4e-05,1e-05,0.0,-1e-05,1e-05,-1e-05,0
52106,0.0,2e-05,4e-05,1e-05,0.0,-1e-05,1e-05,-1e-05,0
52107,0.0,2e-05,4e-05,1e-05,0.0,-1e-05,1e-05,-1e-05,0
52108,0.0,2e-05,4e-05,1e-05,0.0,-1e-05,1e-05,-1e-05,0
52109,0.0,2e-05,4e-05,1e-05,0.0,-1e-05,1e-05,-1e-05,0
52110,0.0,2e-05,4e-05,1e-05,0.0,-1e-05,1e-05,-1e-05,0
52111,4e-05,2e-05,3e-05,-1e-05,0.0,0.0,-3e-05,-2e-05,0
52112,-2e-05,-1e-05,2e-05,6e-05,-1e-05,-1e-05,-2e-05,-1e-05,0
52113,-2e-05,-1e-05,2e-05,6e-05,-1e-05,-1e-05,-2e-05,-1e-05,0
52114,-2e-05,-1e-05,2e-05,6e-05,-1e-05,-1e-05,-2e-05,-1e-05,0
52115,-2e-05,-1e-05,2e-05,6e-05,-1e-05,-1e-05,-2e-05,-1e-05,0
52116,-2e-05,-1e-05,2e-05,6e-05,-1e-05,-1e-05,-2e-05,-1e-05,0
52117,-2e-05,-1e-05,2e-05,6e-05,-1e-05,-1e-05,-2e-05,-1e-05,0
52118,-2e-05,-1e-05,2e-05,6e-05,-1e-05,-1e-05,-2e-05,-1e-05,0
52119,-2e-05,-1e-05,2e-05,6e-05,-1e-05,-1e-05,-2e-05,-1e-05,0
52120,-2e-05,-1e-05,2e-05,6e-05,-1e-05,-1e-05,-2e-05,-1e-05,0
52121,-2e-05,-1e-05,2e-05,6e-05,-1e-05,-1e-05,-2e-05,-1e-05,0
52122,-2e-05,-1e-05,2e-05,6e-05,-1e-05,-1e-05,-2e-05,-1e-05,0
52123,-2e-05,-1e-05,2e-05,6e-05,-1e-05,-1e-05,-2e-05,-1e-05,0
52124,-2e-05,-1e-05,2e-05,6e-05,-1e-05,-1e-05,-2e-05,-1e-05,0
52125,-2e-05,-1e-05,2e-05,6e-05,-1e-05,-1e-05,-2e-05,-1e-05,0
52126,-2e-05,-1e-05,2e-05,6e-05,-1e-05,-1e-05,-2e-05,-1e-05,0
52127,-2e-05,-1e-05,2e-05,6e-05,-1e-05,-1e-05,-2e-05,-1e-05,0
52128,0.0,3e-05,3e-05,0.0,0.0,-1e-05,-3e-05,-2e-05,0
52129,1e-05,-2e-05,-3e-05,2e-05,0.0,-1e-05,-1e-05,2e-05,0
52130,-8e-05,-9e-05,-9e-05,-0.00012,-4e-05,-2e-05,-2e-05,-2e-05,0
52131,-8e-05,-9e-05,-9e-05,-0.00012,-4e-05,-2e-05,-2e-05,-2e-05,0
52132,-8e-05,-9e-05,-9e-05,-0.00012,-4e-05,-2e-05,-2e-05,-2e-05,0
52133,-8e-05,-9e-05,-9e-05,-0.00012,-4e-05,-2e-05,-2e-05,-2e-05,0
52134,-8e-05,-9e-05,-9e-05,-0.00012,-4e-05,-2e-05,-2e-05,-2e-05,0
52135,-8e-05,-9e-05,-9e-05,-0.00012,-4e-05,-2e-05,-2e-05,-2e-05,0
52136,-8e-05,-9e-05,-9e-05,-0.00012,-4e-05,-2e-05,-2e-05,-2e-05,0
52138,-8e-05,-9e-05,-9e-05,-0.00012,-4e-05,-2e-05,-2e-05,-2e-05,0
52139,-8e-05,-9e-05,-9e-05,-0.00012,-4e-05,-2e-05,-2e-05,-2e-05,0
52140,-8e-05,-9e-05,-9e-05,-0.00012,-4e-05,-2e-05,-2e-05,-2e-05,0
52141,-8e-05,-9e-05,-9e-05,-0.00012,-4e-05,-2e-05,-2e-05,-2e-05,0
52142,-8e-05,-9e-05,-9e-05,-0.00012,-4e-05,-2e-05,-2e-05,-2e-05,0
52143,-8e-05,-9e-05,-9e-05,-0.00012,-4e-05,-2e-05,-2e-05,-2e-05,0
52144,-8e-05,-9e-05,-9e-05,-0.00012,-4e-05,-2e-05,-2e-05,-2e-05,0
52145,-8e-05,-9e-05,-9e-05,-0.00012,-4e-05,-2e-05,-2e-05,-2e-05,0
52146,-8e-05,-9e-05,-9e-05,-0.00012,-4e-05,-2e-05,-2e-05,-2e-05,0
52147,-8e-05,-9e-05,-9e-05,-0.00012,-4e-05,-2e-05,-2e-05,-2e-05,0
52148,-8e-05,-9e-05,-9e-05,-0.00012,-4e-05,-2e-05,-2e-05,-2e-05,0
52149,-8e-05,-9e-05,-9e-05,-0.00012,-4e-05,-2e-05,-2e-05,-2e-05,0
52150,-1e-05,-3e-05,-8e-05,-6e-05,-4e-05,0.0,-2e-05,-2e-05,0
52151,2e-05,6e-05,5e-05,6e-05,1e-05,-2e-05,-1e-05,0.0,0
52152,2e-05,6e-05,5e-05,6e-05,1e-05,-2e-05,-1e-05,0.0,0
52153,1e-05,4e-05,5e-05,9e-05,2e-05,-1e-05,1e-05,0.0,0
52154,1e-05,4e-05,5e-05,9e-05,2e-05,-1e-05,1e-05,0.0,0
52155,1e-05,4e-05,5e-05,9e-05,2e-05,-1e-05,1e-05,0.0,0
52156,1e-05,4e-05,5e-05,9e-05,2e-05,-1e-05,1e-05,0.0,0
52157,1e-05,4e-05,5e-05,9e-05,2e-05,-1e-05,1e-05,0.0,0
52158,1e-05,4e-05,5e-05,9e-05,2e-05,-1e-05,1e-05,0.0,0
52159,1e-05,4e-05,5e-05,9e-05,2e-05,-1e-05,1e-05,0.0,0
52160,1e-05,4e-05,5e-05,9e-05,2e-05,-1e-05,1e-05,0.0,0
52161,1e-05,4e-05,5e-05,9e-05,2e-05,-1e-05,1e-05,0.0,0
52162,1e-05,4e-05,5e-05,9e-05,2e-05,-1e-05,1e-05,0.0,0
52163,1e-05,4e-05,5e-05,9e-05,2e-05,-1e-05,1e-05,0.0,0
52164,1e-05,4e-05,5e-05,9e-05,2e-05,-1e-05,1e-05,0.0,0
52165,-3e-05,-3e-05,0.0,-3e-05,-1e-05,1e-05,0.0,-3e-05,0
52166,-3e-05,-3e-05,0.0,-3e-05,-1e-05,1e-05,0.0,-3e-05,0
52167,-3e-05,-3e-05,0.0,-3e-05,-1e-05,1e-05,0.0,-3e-05,0
52168,-3e-05,-3e-05,0.0,-3e-05,-1e-05,1e-05,0.0,-3e-05,0
52169,-3e-05,-3e-05,0.0,-3e-05,-1e-05,1e-05,0.0,-3e-05,0
52170,-3e-05,-3e-05,0.0,-3e-05,-1e-05,1e-05,0.0,-3e-05,0
52171,2e-05,6e-05,7e-05,0.0,1e-05,-3e-05,0.0,-3e-05,0
52172,2e-05,0.0,1e-05,3e-05,0.0,-1e-05,1e-05,1e-05,0
52173,2e-05,0.0,1e-05,3e-05,0.0,-1e-05,1e-05,1e-05,0
52174,2e-05,0.0,1e-05,3e-05,0.0,-1e-05,1e-05,1e-05,0
52175,2e-05,0.0,1e-05,3e-05,0.0,-1e-05,1e-05,1e-05,0
52176,2e-05,0.0,1e-05,3e-05,0.0,-1e-05,1e-05,1e-05,0
52177,2e-05,0.0,1e-05,3e-05,0.0,-1e-05,1e-05,1e-05,0
52178,2e-05,0.0,1e-05,3e-05,0.0,-1e-05,1e-05,1e-05,0
52179,2e-05,0.0,1e-05,3e-05,0.0,-1e-05,1e-05,1e-05,0
52180,2e-05,0.0,1e-05,3e-05,0.0,-1e-05,1e-05,1e-05,0
52181,2e-05,0.0,1e-05,3e-05,0.0,-1e-05,1e-05,1e-05,0
52182,2e-05,0.0,1e-05,3e-05,0.0,-1e-05,1e-05,1e-05,0
52183,2e-05,0.0,1e-05,3e-05,0.0,-1e-05,1e-05,1e-05,0
52184,2e-05,0.0,1e-05,3e-05,0.0,-1e-05,1e-05,1e-05,0
52185,2e-05,0.0,1e-05,3e-05,0.0,-1e-05,1e-05,1e-05,0
52186,2e-05,0.0,1e-05,3e-05,0.0,-1e-05,1e-05,1e-05,0
52189,-1e-05,1e-05,0.0,-2e-05,-3e-05,0.0,1e-05,1e-05,0
52190,1e-05,4e-05,4e-05,5e-05,1e-05,-1e-05,-2e-05,-1e-05,0
52191,1e-05,4e-05,4e-05,5e-05,1e-05,-1e-05,-2e-05,-1e-05,0
52192,1e-05,4e-05,4e-05,5e-05,1e-05,-1e-05,-2e-05,-1e-05,0
52193,1e-05,4e-05,4e-05,5e-05,1e-05,-1e-05,-2e-05,-1e-05,0
52194,1e-05,4e-05,4e-05,5e-05,1e-05,-1e-05,-2e-05,-1e-05,0
52195,1e-05,4e-05,4e-05,5e-05,1e-05,-1e-05,-2e-05,-1e-05,0
52196,1e-05,4e-05,4e-05,5e-05,1e-05,-1e-05,-2e-05,-1e-05,0
52197,1e-05,4e-05,4e-05,5e-05,1e-05,-1e-05,-2e-05,-1e-05,0
52198,1e-05,4e-05,4e-05,5e-05,1e-05,-1e-05,-2e-05,-1e-05,0
52199,1e-05,4e-05,4e-05,5e-05,1e-05,-1e-05,-2e-05,-1e-05,0
52200,1e-05,4e-05,4e-05,5e-05,1e-05,-1e-05,-2e-05,-1e-05,0
52201,1e-05,4e-05,4e-05,5e-05,1e-05,-1e-05,-2e-05,-1e-05,0
52202,1e-05,4e-05,4e-05,5e-05,1e-05,-1e-05,-2e-05,-1e-05,0
52203,1e-05,4e-05,4e-05,5e-05,1e-05,-1e-05,-2e-05,-1e-05,0
52204,1e-05,4e-05,4e-05,5e-05,1e-05,-1e-05,-2e-05,-1e-05,0
52205,1e-05,4e-05,4e-05,5e-05,1e-05,-1e-05,-2e-05,-1e-05,0
52206,1e-05,4e-05,4e-05,5e-05,1e-05,-1e-05,-2e-05,-1e-05,0
52207,1e-05,4e-05,4e-05,5e-05,1e-05,-1e-05,-2e-05,-1e-05,0
52208,1e-05,4e-05,4e-05,5e-05,1e-05,-1e-05,-2e-05,-1e-05,0
52209,1e-05,4e-05,4e-05,5e-05,1e-05,-1e-05,-2e-05,-1e-05,0
52210,4e-05,5e-05,8e-05,5e-05,2e-05,-1e-05,-1e-05,0.0,0
52211,-3e-05,-2e-05,0.0,-1e-05,-1e-05,-1e-05,-1e-05,-2e-05,0
52212,-2e-05,-2e-05,0.0,-3e-05,-1e-05,-2e-05,1e-05,0.0,0
52213,-2e-05,-2e-05,0.0,-3e-05,-1e-05,-2e-05,1e-05,0.0,0
52214,-2e-05,-2e-05,0.0,-3e-05,-1e-05,-2e-05,1e-05,0.0,0
52215,-2e-05,-2e-05,0.0,-3e-05,-1e-05,-2e-05,1e-05,0.0,0
52216,-2e-05,-2e-05,0.0,-3e-05,-1e-05,-2e-05,1e-05,0.0,0
52217,-2e-05,-2e-05,0.0,-3e-05,-1e-05,-2e-05,1e-05,0.0,0
52218,-2e-05,-2e-05,0.0,-3e-05,-1e-05,-2e-05,1e-05,0.0,0
52219,-2e-05,-2e-05,0.0,-3e-05,-1e-05,-2e-05,1e-05,0.0,0
52220,-2e-05,-2e-05,0.0,-3e-05,-1e-05,-2e-05,1e-05,0.0,0
52221,-2e-05,-2e-05,0.0,-3e-05,-1e-05,-2e-05,1e-05,0.0,0
52222,-2e-05,-2e-05,0.0,-3e-05,-1e-05,-2e-05,1e-05,0.0,0
52223,-2e-05,-2e-05,0.0,-3e-05,-1e-05,-2e-05,1e-05,0.0,0
52224,-2e-05,-2e-05,0.0,-3e-05,-1e-05,-2e-05,1e-05,0.0,0
52225,-2e-05,-2e-05,-3e-05,0.0,-1e-05,0.0,0.0,-1e-05,0
52226,-2e-05,-2e-05,-3e-05,0.0,-1e-05,0.0,0.0,-1e-05,0
52227,-2e-05,-2e-05,-3e-05,0.0,-1e-05,0.0,0.0,-1e-05,0
52228,-2e-05,-2e-05,-3e-05,0.0,-1e-05,0.0,0.0,-1e-05,0
52229,-2e-05,-2e-05,-3e-05,0.0,-1e-05,0.0,0.0,-1e-05,0
52230,-2e-05,-2e-05,-3e-05,0.0,-1e-05,0.0,0.0,-1e-05,0
52231,1e-05,2e-05,2e-05,-3e-05,0.0,0.0,1e-05,-1e-05,0
52232,0.0,2e-05,1e-05,8e-05,-1e-05,-2e-05,-3e-05,-1e-05,0
52233,0.0,2e-05,1e-05,8e-05,-1e-05,-2e-05,-3e-05,-1e-05,0
52234,0.0,2e-05,1e-05,8e-05,-1e-05,-2e-05,-3e-05,-1e-05,0
52235,0.0,2e-05,1e-05,8e-05,-1e-05,-2e-05,-3e-05,-1e-05,0
52236,0.0,2e-05,1e-05,8e-05,-1e-05,-2e-05,-3e-05,-1e-05,0
52238,0.0,2e-05,1e-05,8e-05,-1e-05,-2e-05,-3e-05,-1e-05,0
52239,0.0,2e-05,1e-05,8e-05,-1e-05,-2e-05,-3e-05,-1e-05,0
52240,0.0,2e-05,1e-05,8e-05,-1e-05,-2e-05,-3e-05,-1e-05,0
52241,0.0,2e-05,1e-05,8e-05,-1e-05,-2e-05,-3e-05,-1e-05,0
52242,0.0,2e-05,1e-05,8e-05,-1e-05,-2e-05,-3e-05,-1e-05,0
52243,0.0,2e-05,1e-05,8e-05,-1e-05,-2e-05,-3e-05,-1e-05,0
52244,0.0,2e-05,1e-05,8e-05,-1e-05,-2e-05,-3e-05,-1e-05,0
52245,0.0,2e-05,1e-05,8e-05,-1e-05,-2e-05,-3e-05,-1e-05,0
52246,0.0,2e-05,1e-05,8e-05,-1e-05,-2e-05,-3e-05,-1e-05,0
52247,0.0,2e-05,1e-05,8e-05,-1e-05,-2e-05,-3e-05,-1e-05,0
52248,1e-05,1e-05,0.0,-1e-05,-1e-05,0.0,-2e-05,-1e-05,0
52249,1e-05,-1e-05,1e-05,0.0,-1e-05,0.0,-1e-05,0.0,0
52250,-6e-05,-0.00011,-0.00013,-8e-05,-4e-05,-1e-05,1e-05,-2e-05,0
52251,-6e-05,-0.00011,-0.00013,-8e-05,-4e-05,-1e-05,1e-05,-2e-05,0
52252,-6e-05,-0.00011,-0.00013,-8e-05,-4e-05,-1e-05,1e-05,-2e-05,0
52253,-6e-05,-0.00011,-0.00013,-8e-05,-4e-05,-1e-05,1e-05,-2e-05,0
52254,-6e-05,-0.00011,-0.00013,-8e-05,-4e-05,-1e-05,1e-05,-2e-05,0
52255,-6e-05,-0.00011,-0.00013,-8e-05,-4e-05,-1e-05,1e-05,-2e-05,0
52256,-6e-05,-0.00011,-0.00013,-8e-05,-4e-05,-1e-05,1e-05,-2e-05,0
52257,-6e-05,-0.00011,-0.00013,-8e-05,-4e-05,-1e-05,1e-05,-2e-05,0
52258,-6e-05,-0.00011,-0.00013,-8e-05,-4e-05,-1e-05,1e-05,-2e-05,0
52259,-6e-05,-0.00011,-0.00013,-8e-05,-4e-05,-1e-05,1e-05,-2e-05,0
52260,-6e-05,-0.00011,-0.00013,-8e-05,-4e-05,-1e-05,1e-05,-2e-05,0
52261,-6e-05,-0.00011,-0.00013,-8e-05,-4e-05,-1e-05,1e-05,-2e-05,0
52262,-6e-05,-0.00011,-0.00013,-8e-05,-4e-05,-1e-05,1e-05,-2e-05,0
52263,-6e-05,-0.00011,-0.00013,-8e-05,-4e-05,-1e-05,1e-05,-2e-05,0
52264,-6e-05,-0.00011,-0.00013,-8e-05,-4e-05,-1e-05,1e-05,-2e-05,0
52265,-6e-05,-0.00011,-0.00013,-8e-05,-4e-05,-1e-05,1e-05,-2e-05,0
52266,-6e-05,-0.00011,-0.00013,-8e-05,-4e-05,-1e-05,1e-05,-2e-05,0
52267,-6e-05,-0.00011,-0.00013,-8e-05,-4e-05,-1e-05,1e-05,-2e-05,0
52268,-6e-05,-0.00011,-0.00013,-8e-05,-4e-05,-1e-05,1e-05,-2e-05,0
52269,-6e-05,-0.00011,-0.00013,-8e-05,-4e-05,-1e-05,1e-05,-2e-05,0
52270,0.0,1e-05,2e-05,3e-05,0.0,0.0,-3e-05,-1e-05,0
52271,2e-05,5e-05,4e-05,-1e-05,0.0,-1e-05,-1e-05,0.0,0
52272,-1e-05,0.0,0.0,-3e-05,-1e-05,-1e-05,-1e-05,-1e-05,0
52273,-1e-05,0.0,0.0,-3e-05,-1e-05,-1e-05,-1e-05,-1e-05,0
52274,-1e-05,0.0,0.0,-3e-05,-1e-05,-1e-05,-1e-05,-1e-05,0
52275,-1e-05,0.0,0.0,-3e-05,-1e-05,-1e-05,-1e-05,-1e-05,0
52276,-1e-05,0.0,0.0,-3e-05,-1e-05,-1e-05,-1e-05,-1e-05,0
52277,-1e-05,0.0,0.0,-3e-05,-1e-05,-1e-05,-1e-05,-1e-05,0
52278,-1e-05,0.0,0.0,-3e-05,-1e-05,-1e-05,-1e-05,-1e-05,0
52279,-1e-05,0.0,0.0,-3e-05,-1e-05,-1e-05,-1e-05,-1e-05,0
52280,-1e-05,0.0,0.0,-3e-05,-1e-05,-1e-05,-1e-05,-1e-05,0
52281,-1e-05,0.0,0.0,-3e-05,-1e-05,-1e-05,-1e-05,-1e-05,0
52282,-1e-05,0.0,0.0,-3e-05,-1e-05,-1e-05,-1e-05,-1e-05,0
52283,-1e-05,0.0,0.0,-3e-05,-1e-05,-1e-05,-1e-05,-1e-05,0
52284,2e-05,0.0,1e-05,3e-05,-1e-05,1e-05,-1e-05,0.0,0
52285,1e-05,2e-05,4e-05,1e-05,0.0,0.0,-1e-05,-2e-05,0
52287,1e-05,2e-05,4e-05,1e-05,0.0,0.0,-1e-05,-2e-05,0
52289,1e-05,2e-05,4e-05,1e-05,0.0,0.0,-1e-05,-2e-05,0
52290,1e-05,2e-05,4e-05,1e-05,0.0,0.0,-1e-05,-2e-05,0
52291,1e-05,2e-05,4e-05,1e-05,0.0,0.0,-1e-05,-2e-05,0
52292,1e-05,2e-05,4e-05,1e-05,0.0,0.0,-1e-05,-2e-05,0
52293,-3e-05,-7e-05,-8e-05,-4e-05,-3e-05,-1e-05,-2e-05,0.0,0
52294,-3e-05,-7e-05,-8e-05,-4e-05,-3e-05,-1e-05,-2e-05,0.0,0
52295,-3e-05,-7e-05,-8e-05,-4e-05,-3e-05,-1e-05,-2e-05,0.0,0
52296,-3e-05,-7e-05,-8e-05,-4e-05,-3e-05,-1e-05,-2e-05,0.0,0
52297,-3e-05,-7e-05,-8e-05,-4e-05,-3e-05,-1e-05,-2e-05,0.0,0
52298,-3e-05,-7e-05,-8e-05,-4e-05,-3e-05,-1e-05,-2e-05,0.0,0
52299,-3e-05,-7e-05,-8e-05,-4e-05,-3e-05,-1e-05,-2e-05,0.0,0
52300,-3e-05,-7e-05,-8e-05,-4e-05,-3e-05,-1e-05,-2e-05,0.0,0
52301,-3e-05,-7e-05,-8e-05,-4e-05,-3e-05,-1e-05,-2e-05,0.0,0
52302,-3e-05,-7e-05,-8e-05,-4e-05,-3e-05,-1e-05,-2e-05,0.0,0
52303,-3e-05,-7e-05,-8e-05,-4e-05,-3e-05,-1e-05,-2e-05,0.0,0
52304,-3e-05,-7e-05,-8e-05,-4e-05,-3e-05,-1e-05,-2e-05,0.0,0
52305,-3e-05,-7e-05,-8e-05,-4e-05,-3e-05,-1e-05,-2e-05,0.0,0
52306,-3e-05,-7e-05,-8e-05,-4e-05,-3e-05,-1e-05,-2e-05,0.0,0
52307,-3e-05,-7e-05,-8e-05,-4e-05,-3e-05,-1e-05,-2e-05,0.0,0
52308,-3e-05,-3e-05,-4e-05,-1e-05,-2e-05,-2e-05,-1e-05,0.0,0
52309,-2e-05,0.0,-1e-05,-3e-05,0.0,1e-05,1e-05,-3e-05,0
52310,-1e-05,2e-05,0.0,0.0,-1e-05,0.0,-1e-05,-2e-05,0
52311,-1e-05,2e-05,0.0,0.0,-1e-05,0.0,-1e-05,-2e-05,0
52312,-1e-05,2e-05,0.0,0.0,-1e-05,0.0,-1e-05,-2e-05,0
52313,-1e-05,2e-05,0.0,0.0,-1e-05,0.0,-1e-05,-2e-05,0
52314,-1e-05,2e-05,0.0,0.0,-1e-05,0.0,-1e-05,-2e-05,0
52315,-1e-05,2e-05,0.0,0.0,-1e-05,0.0,-1e-05,-2e-05,0
52316,-1e-05,2e-05,0.0,0.0,-1e-05,0.0,-1e-05,-2e-05,0
52317,-1e-05,2e-05,0.0,0.0,-1e-05,0.0,-1e-05,-2e-05,0
52318,-1e-05,2e-05,0.0,0.0,-1e-05,0.0,-1e-05,-2e-05,0
52319,-1e-05,2e-05,0.0,0.0,-1e-05,0.0,-1e-05,-2e-05,0
52320,-1e-05,2e-05,0.0,0.0,-1e-05,0.0,-1e-05,-2e-05,0
52321,-1e-05,2e-05,0.0,0.0,-1e-05,0.0,-1e-05,-2e-05,0
52322,-1e-05,2e-05,0.0,0.0,-1e-05,0.0,-1e-05,-2e-05,0
52323,-1e-05,2e-05,0.0,0.0,-1e-05,0.0,-1e-05,-2e-05,0
52324,-1e-05,2e-05,0.0,0.0,-1e-05,0.0,-1e-05,-2e-05,0
52325,-1e-05,2e-05,0.0,0.0,-1e-05,0.0,-1e-05,-2e-05,0
52326,-1e-05,2e-05,0.0,0.0,-1e-05,0.0,-1e-05,-2e-05,0
52327,-1e-05,2e-05,0.0,0.0,-1e-05,0.0,-1e-05,-2e-05,0
52328,-1e-05,2e-05,0.0,0.0,-1e-05,0.0,-1e-05,-2e-05,0
52329,-1e-05,2e-05,0.0,0.0,-1e-05,0.0,-1e-05,-2e-05,0
52330,2e-05,4e-05,5e-05,3e-05,0.0,-1e-05,-1e-05,1e-05,0
52331,-3e-05,-7e-05,-7e-05,-4e-05,-4e-05,1e-05,0.0,-2e-05,0
52332,1e-05,1e-05,4e-05,4e-05,0.0,0.0,-3e-05,-2e-05,0
52333,1e-05,1e-05,4e-05,4e-05,0.0,0.0,-3e-05,-2e-05,0
52334,1e-05,1e-05,4e-05,4e-05,0.0,0.0,-3e-05,-2e-05,0
52335,1e-05,1e-05,4e-05,4e-05,0.0,0.0,-3e-05,-2e-05,0
52336,1e-05,1e-05,4e-05,4e-05,0.0,0.0,-3e-05,-2e-05,0
52339,1e-05,1e-05,4e-05,4e-05,0.0,0.0,-3e-05,-2e-05,0
52340,1e-05,1e-05,4e-05,4e-05,0.0,0.0,-3e-05,-2e-05,0
52341,1e-05,1e-05,4e-05,4e-05,0.0,0.0,-3e-05,-2e-05,0
52342,1e-05,1e-05,4e-05,4e-05,0.0,0.0,-3e-05,-2e-05,0
52343,1e-05,1e-05,4e-05,4e-05,0.0,0.0,-3e-05,-2e-05,0
52344,-2e-05,-4e-05,-5e-05,-3e-05,-1e-05,1e-05,-1e-05,1e-05,0
52345,-2e-05,-4e-05,-5e-05,-3e-05,-1e-05,1e-05,-1e-05,1e-05,0
52346,-2e-05,-4e-05,-5e-05,-3e-05,-1e-05,1e-05,-1e-05,1e-05,0
52347,-2e-05,-4e-05,-5e-05,-3e-05,-1e-05,1e-05,-1e-05,1e-05,0
52348,-2e-05,-4e-05,-5e-05,-3e-05,-1e-05,1e-05,-1e-05,1e-05,0
52349,-2e-05,-4e-05,-5e-05,-3e-05,-1e-05,1e-05,-1e-05,1e-05,0
52350,-2e-05,-4e-05,-5e-05,-3e-05,-1e-05,1e-05,-1e-05,1e-05,0
52351,-2e-05,-4e-05,-5e-05,-3e-05,-1e-05,1e-05,-1e-05,1e-05,0
52352,-2e-05,-4e-05,-5e-05,-3e-05,-1e-05,1e-05,-1e-05,1e-05,0
52353,1e-05,4e-05,3e-05,2e-05,-2e-05,-1e-05,1e-05,-2e-05,0
52354,1e-05,4e-05,3e-05,2e-05,-2e-05,-1e-05,1e-05,-2e-05,0
52355,1e-05,4e-05,3e-05,2e-05,-2e-05,-1e-05,1e-05,-2e-05,0
52356,1e-05,4e-05,3e-05,2e-05,-2e-05,-1e-05,1e-05,-2e-05,0
52357,1e-05,4e-05,3e-05,2e-05,-2e-05,-1e-05,1e-05,-2e-05,0
52358,1e-05,4e-05,3e-05,2e-05,-2e-05,-1e-05,1e-05,-2e-05,0
52359,1e-05,4e-05,3e-05,2e-05,-2e-05,-1e-05,1e-05,-2e-05,0
52360,1e-05,4e-05,3e-05,2e-05,-2e-05,-1e-05,1e-05,-2e-05,0
52361,1e-05,4e-05,3e-05,2e-05,-2e-05,-1e-05,1e-05,-2e-05,0
52362,1e-05,4e-05,3e-05,2e-05,-2e-05,-1e-05,1e-05,-2e-05,0
52363,1e-05,4e-05,3e-05,2e-05,-2e-05,-1e-05,1e-05,-2e-05,0
52364,1e-05,4e-05,3e-05,2e-05,-2e-05,-1e-05,1e-05,-2e-05,0
52365,1e-05,4e-05,3e-05,2e-05,-2e-05,-1e-05,1e-05,-2e-05,0
52366,1e-05,4e-05,3e-05,2e-05,-2e-05,-1e-05,1e-05,-2e-05,0
52367,1e-05,4e-05,3e-05,2e-05,-2e-05,-1e-05,1e-05,-2e-05,0
52368,-1e-05,1e-05,2e-05,4e-05,3e-05,-1e-05,-1e-05,-2e-05,0
52369,-4e-05,-9e-05,-0.00013,-7e-05,-3e-05,-2e-05,-2e-05,-1e-05,0
52370,-4e-05,-9e-05,-0.00013,-7e-05,-3e-05,-2e-05,-2e-05,-1e-05,0
52371,-4e-05,-9e-05,-0.00013,-7e-05,-3e-05,-2e-05,-2e-05,-1e-05,0
52372,-4e-05,-9e-05,-0.00013,-7e-05,-3e-05,-2e-05,-2e-05,-1e-05,0
52373,-4e-05,-9e-05,-0.00013,-7e-05,-3e-05,-2e-05,-2e-05,-1e-05,0
52374,-4e-05,-9e-05,-0.00013,-7e-05,-3e-05,-2e-05,-2e-05,-1e-05,0
52375,-4e-05,-9e-05,-0.00013,-7e-05,-3e-05,-2e-05,-2e-05,-1e-05,0
52376,-4e-05,-9e-05,-0.00013,-7e-05,-3e-05,-2e-05,-2e-05,-1e-05,0
52377,-4e-05,-9e-05,-0.00013,-7e-05,-3e-05,-2e-05,-2e-05,-1e-05,0
52378,-4e-05,-9e-05,-0.00013,-7e-05,-3e-05,-2e-05,-2e-05,-1e-05,0
52379,-4e-05,-9e-05,-0.00013,-7e-05,-3e-05,-2e-05,-2e-05,-1e-05,0
52380,-4e-05,-9e-05,-0.00013,-7e-05,-3e-05,-2e-05,-2e-05,-1e-05,0
52381,-4e-05,-9e-05,-0.00013,-7e-05,-3e-05,-2e-05,-2e-05,-1e-05,0
52382,-4e-05,-9e-05,-0.00013,-7e-05,-3e-05,-2e-05,-2e-05,-1e-05,0
52383,-4e-05,-9e-05,-0.00013,-7e-05,-3e-05,-2e-05,-2e-05,-1e-05,0
52384,-4e-05,-9e-05,-0.00013,-7e-05,-3e-05,-2e-05,-2e-05,-1e-05,0
52385,-4e-05,-9e-05,-0.00013,-7e-05,-3e-05,-2e-05,-2e-05,-1e-05,0
52386,-4e-05,-9e-05,-0.00013,-7e-05,-3e-05,-2e-05,-2e-05,-1e-05,0
52389,-4e-05,-9e-05,-0.00013,-7e-05,-3e-05,-2e-05,-2e-05,-1e-05,0
52390,1e-05,0.0,0.0,-2e-05,0.0,0.0,-1e-05,0.0,0
52391,1e-05,0.0,0.0,-2e-05,0.0,0.0,-1e-05,0.0,0
52392,-2e-05,-3e-05,-4e-05,-4e-05,-2e-05,-2e-05,0.0,-2e-05,0
52393,-2e-05,-3e-05,-4e-05,-4e-05,-2e-05,-2e-05,0.0,-2e-05,0
52394,-2e-05,-3e-05,-4e-05,-4e-05,-2e-05,-2e-05,0.0,-2e-05,0
52395,-2e-05,-3e-05,-4e-05,-4e-05,-2e-05,-2e-05,0.0,-2e-05,0
52396,-2e-05,-3e-05,-4e-05,-4e-05,-2e-05,-2e-05,0.0,-2e-05,0
52397,-2e-05,-3e-05,-4e-05,-4e-05,-2e-05,-2e-05,0.0,-2e-05,0
52398,-2e-05,-3e-05,-4e-05,-4e-05,-2e-05,-2e-05,0.0,-2e-05,0
52399,-2e-05,-3e-05,-4e-05,-4e-05,-2e-05,-2e-05,0.0,-2e-05,0
52400,-2e-05,-3e-05,-4e-05,-4e-05,-2e-05,-2e-05,0.0,-2e-05,0
52401,-2e-05,-3e-05,-4e-05,-4e-05,-2e-05,-2e-05,0.0,-2e-05,0
52402,-2e-05,-3e-05,-4e-05,-4e-05,-2e-05,-2e-05,0.0,-2e-05,0
52403,-2e-05,-3e-05,-4e-05,-4e-05,-2e-05,-2e-05,0.0,-2e-05,0
52404,-3e-05,-2e-05,2e-05,-1e-05,-2e-05,-1e-05,-2e-05,0.0,0
52405,-3e-05,-2e-05,2e-05,-1e-05,-2e-05,-1e-05,-2e-05,0.0,0
52406,-3e-05,-2e-05,2e-05,-1e-05,-2e-05,-1e-05,-2e-05,0.0,0
52407,-3e-05,-2e-05,2e-05,-1e-05,-2e-05,-1e-05,-2e-05,0.0,0
52408,-3e-05,-2e-05,2e-05,-1e-05,-2e-05,-1e-05,-2e-05,0.0,0
52409,-3e-05,-2e-05,2e-05,-1e-05,-2e-05,-1e-05,-2e-05,0.0,0
52410,-3e-05,-2e-05,2e-05,-1e-05,-2e-05,-1e-05,-2e-05,0.0,0
52411,-3e-05,-2e-05,2e-05,-1e-05,-2e-05,-1e-05,-2e-05,0.0,0
52412,-3e-05,-2e-05,2e-05,-1e-05,-2e-05,-1e-05,-2e-05,0.0,0
52413,3e-05,6e-05,8e-05,4e-05,5e-05,0.0,-1e-05,2e-05,0
52414,3e-05,6e-05,8e-05,4e-05,5e-05,0.0,-1e-05,2e-05,0
52415,3e-05,6e-05,8e-05,4e-05,5e-05,0.0,-1e-05,2e-05,0
52416,3e-05,6e-05,8e-05,4e-05,5e-05,0.0,-1e-05,2e-05,0
52417,3e-05,6e-05,8e-05,4e-05,5e-05,0.0,-1e-05,2e-05,0
52418,3e-05,6e-05,8e-05,4e-05,5e-05,0.0,-1e-05,2e-05,0
52419,3e-05,6e-05,8e-05,4e-05,5e-05,0.0,-1e-05,2e-05,0
52420,3e-05,6e-05,8e-05,4e-05,5e-05,0.0,-1e-05,2e-05,0
52421,3e-05,6e-05,8e-05,4e-05,5e-05,0.0,-1e-05,2e-05,0
52422,3e-05,6e-05,8e-05,4e-05,5e-05,0.0,-1e-05,2e-05,0
52423,3e-05,6e-05,8e-05,4e-05,5e-05,0.0,-1e-05,2e-05,0
52424,3e-05,6e-05,8e-05,4e-05,5e-05,0.0,-1e-05,2e-05,0
52425,3e-05,6e-05,8e-05,4e-05,5e-05,0.0,-1e-05,2e-05,0
52426,3e-05,6e-05,8e-05,4e-05,5e-05,0.0,-1e-05,2e-05,0
52427,3e-05,6e-05,8e-05,4e-05,5e-05,0.0,-1e-05,2e-05,0
52428,-3e-05,-5e-05,-6e-05,-3e-05,1e-05,0.0,-1e-05,-1e-05,0
52429,-2e-05,1e-05,1e-05,-2e-05,-1e-05,-3e-05,0.0,-2e-05,0
52430,-1e-05,-3e-05,-4e-05,0.0,-1e-05,-1e-05,-2e-05,-2e-05,0
52431,-1e-05,-3e-05,-4e-05,0.0,-1e-05,-1e-05,-2e-05,-2e-05,0
52432,-1e-05,-3e-05,-4e-05,0.0,-1e-05,-1e-05,-2e-05,-2e-05,0
52433,-1e-05,-3e-05,-4e-05,0.0,-1e-05,-1e-05,-2e-05,-2e-05,0
52434,-1e-05,-3e-05,-4e-05,0.0,-1e-05,-1e-05,-2e-05,-2e-05,0
52435,-1e-05,-3e-05,-4e-05,0.0,-1e-05,-1e-05,-2e-05,-2e-05,0
52436,-1e-05,-3e-05,-4e-05,0.0,-1e-05,-1e-05,-2e-05,-2e-05,0
52438,-1e-05,-3e-05,-4e-05,0.0,-1e-05,-1e-05,-2e-05,-2e-05,0
52439,-1e-05,-3e-05,-4e-05,0.0,-1e-05,-1e-05,-2e-05,-2e-05,0
52440,-1e-05,-3e-05,-4e-05,0.0,-1e-05,-1e-05,-2e-05,-2e-05,0
52441,-1e-05,-3e-05,-4e-05,0.0,-1e-05,-1e-05,-2e-05,-2e-05,0
52442,-1e-05,-3e-05,-4e-05,0.0,-1e-05,-1e-05,-2e-05,-2e-05,0
52443,-1e-05,-3e-05,-4e-05,0.0,-1e-05,-1e-05,-2e-05,-2e-05,0
52444,-1e-05,-3e-05,-4e-05,0.0,-1e-05,-1e-05,-2e-05,-2e-05,0
52445,-1e-05,-3e-05,-4e-05,0.0,-1e-05,-1e-05,-2e-05,-2e-05,0
52447,-1e-05,-3e-05,-4e-05,0.0,-1e-05,-1e-05,-2e-05,-2e-05,0
52448,-1e-05,-3e-05,-4e-05,0.0,-1e-05,-1e-05,-2e-05,-2e-05,0
52449,-1e-05,-3e-05,-4e-05,0.0,-1e-05,-1e-05,-2e-05,-2e-05,0
52450,-1e-05,0.0,1e-05,1e-05,-1e-05,0.0,-2e-05,-1e-05,0
52451,0.0,-1e-05,3e-05,-5e-05,-2e-05,2e-05,1e-05,0.0,0
52452,-1e-05,1e-05,1e-05,1e-05,2e-05,1e-05,-1e-05,0.0,0
52453,-1e-05,1e-05,1e-05,1e-05,2e-05,1e-05,-1e-05,0.0,0
52454,-1e-05,1e-05,1e-05,1e-05,2e-05,1e-05,-1e-05,0.0,0
52455,-1e-05,1e-05,1e-05,1e-05,2e-05,1e-05,-1e-05,0.0,0
52456,-1e-05,1e-05,1e-05,1e-05,2e-05,1e-05,-1e-05,0.0,0
52457,-1e-05,1e-05,1e-05,1e-05,2e-05,1e-05,-1e-05,0.0,0
52458,-1e-05,1e-05,1e-05,1e-05,2e-05,1e-05,-1e-05,0.0,0
52459,-1e-05,1e-05,1e-05,1e-05,2e-05,1e-05,-1e-05,0.0,0
52460,-1e-05,1e-05,1e-05,1e-05,2e-05,1e-05,-1e-05,0.0,0
52461,-1e-05,1e-05,1e-05,1e-05,2e-05,1e-05,-1e-05,0.0,0
52462,-1e-05,1e-05,1e-05,1e-05,2e-05,1e-05,-1e-05,0.0,0
52463,-1e-05,1e-05,1e-05,1e-05,2e-05,1e-05,-1e-05,0.0,0
52464,1e-05,2e-05,2e-05,-6e-05,-4e-05,-2e-05,-1e-05,0.0,0
52465,1e-05,2e-05,2e-05,-6e-05,-4e-05,-2e-05,-1e-05,0.0,0
52466,1e-05,2e-05,2e-05,-6e-05,-4e-05,-2e-05,-1e-05,0.0,0
52467,1e-05,2e-05,2e-05,-6e-05,-4e-05,-2e-05,-1e-05,0.0,0
52468,1e-05,2e-05,2e-05,-6e-05,-4e-05,-2e-05,-1e-05,0.0,0
52469,1e-05,2e-05,2e-05,-6e-05,-4e-05,-2e-05,-1e-05,0.0,0
52470,1e-05,2e-05,2e-05,-6e-05,-4e-05,-2e-05,-1e-05,0.0,0
52471,1e-05,2e-05,2e-05,-6e-05,-4e-05,-2e-05,-1e-05,0.0,0
52472,1e-05,2e-05,2e-05,-6e-05,-4e-05,-2e-05,-1e-05,0.0,0
52473,2e-05,-1e-05,0.0,-4e-05,1e-05,-1e-05,-2e-05,-1e-05,0
52474,2e-05,-1e-05,0.0,-4e-05,1e-05,-1e-05,-2e-05,-1e-05,0
52475,2e-05,-1e-05,0.0,-4e-05,1e-05,-1e-05,-2e-05,-1e-05,0
52476,2e-05,-1e-05,0.0,-4e-05,1e-05,-1e-05,-2e-05,-1e-05,0
52477,2e-05,-1e-05,0.0,-4e-05,1e-05,-1e-05,-2e-05,-1e-05,0
52478,2e-05,-1e-05,0.0,-4e-05,1e-05,-1e-05,-2e-05,-1e-05,0
52479,2e-05,-1e-05,0.0,-4e-05,1e-05,-1e-05,-2e-05,-1e-05,0
52480,2e-05,-1e-05,0.0,-4e-05,1e-05,-1e-05,-2e-05,-1e-05,0
52481,2e-05,-1e-05,0.0,-4e-05,1e-05,-1e-05,-2e-05,-1e-05,0
52482,2e-05,-1e-05,0.0,-4e-05,1e-05,-1e-05,-2e-05,-1e-05,0
52483,2e-05,-1e-05,0.0,-4e-05,1e-05,-1e-05,-2e-05,-1e-05,0
52484,2e-05,-1e-05,0.0,-4e-05,1e-05,-1e-05,-2e-05,-1e-05,0
52485,2e-05,-1e-05,0.0,-4e-05,1e-05,-1e-05,-2e-05,-1e-05,0
52486,2e-05,-1e-05,0.0,-4e-05,1e-05,-1e-05,-2e-05,-1e-05,0
52489,-1e-05,3e-05,4e-05,3e-05,2e-05,0.0,-1e-05,-1e-05,0
52490,0.0,4e-05,0.0,-2e-05,-4e-05,-1e-05,-1e-05,-3e-05,0
52491,0.0,4e-05,0.0,-2e-05,-4e-05,-1e-05,-1e-05,-3e-05,0
52492,0.0,4e-05,0.0,-2e-05,-4e-05,-1e-05,-1e-05,-3e-05,0
52493,0.0,4e-05,0.0,-2e-05,-4e-05,-1e-05,-1e-05,-3e-05,0
52494,0.0,4e-05,0.0,-2e-05,-4e-05,-1e-05,-1e-05,-3e-05,0
52495,0.0,4e-05,0.0,-2e-05,-4e-05,-1e-05,-1e-05,-3e-05,0
52496,0.0,4e-05,0.0,-2e-05,-4e-05,-1e-05,-1e-05,-3e-05,0
52497,0.0,4e-05,0.0,-2e-05,-4e-05,-1e-05,-1e-05,-3e-05,0
52498,0.0,4e-05,0.0,-2e-05,-4e-05,-1e-05,-1e-05,-3e-05,0
52499,0.0,4e-05,0.0,-2e-05,-4e-05,-1e-05,-1e-05,-3e-05,0
52500,0.0,4e-05,0.0,-2e-05,-4e-05,-1e-05,-1e-05,-3e-05,0
52501,0.0,4e-05,0.0,-2e-05,-4e-05,-1e-05,-1e-05,-3e-05,0
52502,0.0,4e-05,0.0,-2e-05,-4e-05,-1e-05,-1e-05,-3e-05,0
52503,0.0,4e-05,0.0,-2e-05,-4e-05,-1e-05,-1e-05,-3e-05,0
52504,0.0,4e-05,0.0,-2e-05,-4e-05,-1e-05,-1e-05,-3e-05,0
52505,0.0,4e-05,0.0,-2e-05,-4e-05,-1e-05,-1e-05,-3e-05,0
52506,0.0,4e-05,0.0,-2e-05,-4e-05,-1e-05,-1e-05,-3e-05,0
52507,0.0,4e-05,0.0,-2e-05,-4e-05,-1e-05,-1e-05,-3e-05,0
52508,0.0,4e-05,0.0,-2e-05,-4e-05,-1e-05,-1e-05,-3e-05,0
52509,0.0,4e-05,0.0,-2e-05,-4e-05,-1e-05,-1e-05,-3e-05,0
52510,-2e-05,-4e-05,-6e-05,-1e-05,-1e-05,-1e-05,-1e-05,-1e-05,0
52511,-2e-05,-4e-05,-6e-05,-1e-05,-1e-05,-1e-05,-1e-05,-1e-05,0
52512,0.0,1e-05,4e-05,0.0,-4e-05,0.0,0.0,-1e-05,0
52513,0.0,1e-05,4e-05,0.0,-4e-05,0.0,0.0,-1e-05,0
52514,0.0,1e-05,4e-05,0.0,-4e-05,0.0,0.0,-1e-05,0
52515,0.0,1e-05,4e-05,0.0,-4e-05,0.0,0.0,-1e-05,0
52516,0.0,1e-05,4e-05,0.0,-4e-05,0.0,0.0,-1e-05,0
52517,0.0,1e-05,4e-05,0.0,-4e-05,0.0,0.0,-1e-05,0
52518,0.0,1e-05,4e-05,0.0,-4e-05,0.0,0.0,-1e-05,0
52519,0.0,1e-05,4e-05,0.0,-4e-05,0.0,0.0,-1e-05,0
52520,0.0,1e-05,4e-05,0.0,-4e-05,0.0,0.0,-1e-05,0
52521,0.0,1e-05,4e-05,0.0,-4e-05,0.0,0.0,-1e-05,0
52522,0.0,1e-05,4e-05,0.0,-4e-05,0.0,0.0,-1e-05,0
52523,0.0,1e-05,4e-05,0.0,-4e-05,0.0,0.0,-1e-05,0
52524,-1e-05,0.0,0.0,0.0,-5e-05,0.0,-1e-05,0.0,0
52525,-1e-05,0.0,0.0,0.0,-5e-05,0.0,-1e-05,0.0,0
52526,-1e-05,0.0,0.0,0.0,-5e-05,0.0,-1e-05,0.0,0
52527,-1e-05,0.0,0.0,0.0,-5e-05,0.0,-1e-05,0.0,0
52528,-1e-05,0.0,0.0,0.0,-5e-05,0.0,-1e-05,0.0,0
52529,-1e-05,0.0,0.0,0.0,-5e-05,0.0,-1e-05,0.0,0
52530,-1e-05,0.0,0.0,0.0,-5e-05,0.0,-1e-05,0.0,0
52531,-1e-05,0.0,0.0,0.0,-5e-05,0.0,-1e-05,0.0,0
52532,-1e-05,0.0,0.0,0.0,-5e-05,0.0,-1e-05,0.0,0
52533,-2e-05,-2e-05,0.0,-7e-05,-5e-05,-1e-05,1e-05,0.0,0
52534,-2e-05,-2e-05,0.0,-7e-05,-5e-05,-1e-05,1e-05,0.0,0
52535,-2e-05,-2e-05,0.0,-7e-05,-5e-05,-1e-05,1e-05,0.0,0
52536,-2e-05,-2e-05,0.0,-7e-05,-5e-05,-1e-05,1e-05,0.0,0
52538,-2e-05,-2e-05,0.0,-7e-05,-5e-05,-1e-05,1e-05,0.0,0
52539,-2e-05,-2e-05,0.0,-7e-05,-5e-05,-1e-05,1e-05,0.0,0
52540,-2e-05,-2e-05,0.0,-7e-05,-5e-05,-1e-05,1e-05,0.0,0
52541,-2e-05,-2e-05,0.0,-7e-05,-5e-05,-1e-05,1e-05,0.0,0
52542,-2e-05,-2e-05,0.0,-7e-05,-5e-05,-1e-05,1e-05,0.0,0
52543,-2e-05,-2e-05,0.0,-7e-05,-5e-05,-1e-05,1e-05,0.0,0
52544,-2e-05,-2e-05,0.0,-7e-05,-5e-05,-1e-05,1e-05,0.0,0
52545,-2e-05,-2e-05,0.0,-7e-05,-5e-05,-1e-05,1e-05,0.0,0
52546,-2e-05,-2e-05,0.0,-7e-05,-5e-05,-1e-05,1e-05,0.0,0
52547,-2e-05,-2e-05,0.0,-7e-05,-5e-05,-1e-05,1e-05,0.0,0
52548,0.0,0.0,3e-05,1e-05,-2e-05,-1e-05,-1e-05,0.0,0
52549,0.0,0.0,1e-05,5e-05,1e-05,-1e-05,-2e-05,-3e-05,0
52550,-1e-05,0.0,0.0,-2e-05,0.0,-1e-05,0.0,0.0,0
52551,-1e-05,0.0,0.0,-2e-05,0.0,-1e-05,0.0,0.0,0
52552,-1e-05,0.0,0.0,-2e-05,0.0,-1e-05,0.0,0.0,0
52553,-1e-05,0.0,0.0,-2e-05,0.0,-1e-05,0.0,0.0,0
52554,-1e-05,0.0,0.0,-2e-05,0.0,-1e-05,0.0,0.0,0
52555,-1e-05,0.0,0.0,-2e-05,0.0,-1e-05,0.0,0.0,0
52556,-1e-05,0.0,0.0,-2e-05,0.0,-1e-05,0.0,0.0,0
52557,-1e-05,0.0,0.0,-2e-05,0.0,-1e-05,0.0,0.0,0
52558,-1e-05,0.0,0.0,-2e-05,0.0,-1e-05,0.0,0.0,0
52559,-1e-05,0.0,0.0,-2e-05,0.0,-1e-05,0.0,0.0,0
52560,-1e-05,0.0,0.0,-2e-05,0.0,-1e-05,0.0,0.0,0
52561,-1e-05,0.0,0.0,-2e-05,0.0,-1e-05,0.0,0.0,0
52562,-1e-05,0.0,0.0,-2e-05,0.0,-1e-05,0.0,0.0,0
52563,-1e-05,0.0,0.0,-2e-05,0.0,-1e-05,0.0,0.0,0
52564,-1e-05,0.0,0.0,-2e-05,0.0,-1e-05,0.0,0.0,0
52565,-1e-05,0.0,0.0,-2e-05,0.0,-1e-05,0.0,0.0,0
52566,-1e-05,0.0,0.0,-2e-05,0.0,-1e-05,0.0,0.0,0
52567,-1e-05,0.0,0.0,-2e-05,0.0,-1e-05,0.0,0.0,0
52568,-1e-05,0.0,0.0,-2e-05,0.0,-1e-05,0.0,0.0,0
52569,-1e-05,0.0,0.0,-2e-05,0.0,-1e-05,0.0,0.0,0
52570,-1e-05,0.0,0.0,-2e-05,0.0,-1e-05,0.0,0.0,0
52571,-4e-05,-3e-05,-4e-05,6e-05,3e-05,-1e-05,-2e-05,-3e-05,0
52572,1e-05,1e-05,0.0,3e-05,-1e-05,-1e-05,-1e-05,-2e-05,0
52573,1e-05,1e-05,0.0,3e-05,-1e-05,-1e-05,-1e-05,-2e-05,0
52574,1e-05,1e-05,0.0,3e-05,-1e-05,-1e-05,-1e-05,-2e-05,0
52575,1e-05,1e-05,0.0,3e-05,-1e-05,-1e-05,-1e-05,-2e-05,0
52576,1e-05,1e-05,0.0,3e-05,-1e-05,-1e-05,-1e-05,-2e-05,0
52577,1e-05,1e-05,0.0,3e-05,-1e-05,-1e-05,-1e-05,-2e-05,0
52578,1e-05,1e-05,0.0,3e-05,-1e-05,-1e-05,-1e-05,-2e-05,0
52579,1e-05,1e-05,0.0,3e-05,-1e-05,-1e-05,-1e-05,-2e-05,0
52580,1e-05,1e-05,0.0,3e-05,-1e-05,-1e-05,-1e-05,-2e-05,0
52581,1e-05,1e-05,0.0,3e-05,-1e-05,-1e-05,-1e-05,-2e-05,0
52582,1e-05,1e-05,0.0,3e-05,-1e-05,-1e-05,-1e-05,-2e-05,0
52583,1e-05,1e-05,0.0,3e-05,-1e-05,-1e-05,-1e-05,-2e-05,0
52584,0.0,2e-05,1e-05,6e-05,-2e-05,-2e-05,0.0,0.0,0
52585,0.0,2e-05,1e-05,6e-05,-2e-05,-2e-05,0.0,0.0,0
52586,0.0,2e-05,1e-05,6e-05,-2e-05,-2e-05,0.0,0.0,0
52589,0.0,2e-05,1e-05,6e-05,-2e-05,-2e-05,0.0,0.0,0
52590,0.0,2e-05,1e-05,6e-05,-2e-05,-2e-05,0.0,0.0,0
52591,0.0,2e-05,1e-05,6e-05,-2e-05,-2e-05,0.0,0.0,0
52592,0.0,2e-05,1e-05,6e-05,-2e-05,-2e-05,0.0,0.0,0
52593,0.0,2e-05,1e-05,6e-05,-2e-05,-2e-05,0.0,0.0,0
52594,0.0,2e-05,1e-05,6e-05,-2e-05,-2e-05,0.0,0.0,0
52595,0.0,2e-05,1e-05,6e-05,-2e-05,-2e-05,0.0,0.0,0
52596,0.0,2e-05,1e-05,6e-05,-2e-05,-2e-05,0.0,0.0,0
52597,0.0,2e-05,1e-05,6e-05,-2e-05,-2e-05,0.0,0.0,0
52598,0.0,2e-05,1e-05,6e-05,-2e-05,-2e-05,0.0,0.0,0
52599,0.0,2e-05,1e-05,6e-05,-2e-05,-2e-05,0.0,0.0,0
52600,-1e-05,-4e-05,0.0,-2e-05,1e-05,-1e-05,-1e-05,2e-05,0
52601,-1e-05,-2e-05,-4e-05,-1e-05,0.0,-2e-05,-2e-05,-3e-05,0
52602,-1e-05,-2e-05,-4e-05,-1e-05,0.0,-2e-05,-2e-05,-3e-05,0
52603,-1e-05,-2e-05,-4e-05,-1e-05,0.0,-2e-05,-2e-05,-3e-05,0
52604,-1e-05,-2e-05,-4e-05,-1e-05,0.0,-2e-05,-2e-05,-3e-05,0
52605,-1e-05,-2e-05,-4e-05,-1e-05,0.0,-2e-05,-2e-05,-3e-05,0
52606,-1e-05,-2e-05,-4e-05,-1e-05,0.0,-2e-05,-2e-05,-3e-05,0
52607,-1e-05,-2e-05,-4e-05,-1e-05,0.0,-2e-05,-2e-05,-3e-05,0
52608,-1e-05,3e-05,2e-05,0.0,-1e-05,-1e-05,-1e-05,-1e-05,0
52609,1e-05,-3e-05,-9e-05,-8e-05,-5e-05,-1e-05,1e-05,1e-05,0
52610,0.0,1e-05,2e-05,1e-05,2e-05,-1e-05,-1e-05,1e-05,0
52611,0.0,1e-05,2e-05,1e-05,2e-05,-1e-05,-1e-05,1e-05,0
52612,0.0,1e-05,2e-05,1e-05,2e-05,-1e-05,-1e-05,1e-05,0
52613,0.0,1e-05,2e-05,1e-05,2e-05,-1e-05,-1e-05,1e-05,0
52614,0.0,1e-05,2e-05,1e-05,2e-05,-1e-05,-1e-05,1e-05,0
52615,0.0,1e-05,2e-05,1e-05,2e-05,-1e-05,-1e-05,1e-05,0
52616,0.0,1e-05,2e-05,1e-05,2e-05,-1e-05,-1e-05,1e-05,0
52617,0.0,1e-05,2e-05,1e-05,2e-05,-1e-05,-1e-05,1e-05,0
52618,0.0,1e-05,2e-05,1e-05,2e-05,-1e-05,-1e-05,1e-05,0
52619,0.0,1e-05,2e-05,1e-05,2e-05,-1e-05,-1e-05,1e-05,0
52620,0.0,1e-05,2e-05,1e-05,2e-05,-1e-05,-1e-05,1e-05,0
52621,0.0,1e-05,2e-05,1e-05,2e-05,-1e-05,-1e-05,1e-05,0
52622,0.0,1e-05,2e-05,1e-05,2e-05,-1e-05,-1e-05,1e-05,0
52623,0.0,1e-05,2e-05,1e-05,2e-05,-1e-05,-1e-05,1e-05,0
52624,0.0,1e-05,2e-05,1e-05,2e-05,-1e-05,-1e-05,1e-05,0
52625,0.0,1e-05,2e-05,1e-05,2e-05,-1e-05,-1e-05,1e-05,0
52626,0.0,1e-05,2e-05,1e-05,2e-05,-1e-05,-1e-05,1e-05,0
52627,0.0,1e-05,2e-05,1e-05,2e-05,-1e-05,-1e-05,1e-05,0
52628,0.0,1e-05,2e-05,1e-05,2e-05,-1e-05,-1e-05,1e-05,0
52629,0.0,1e-05,2e-05,1e-05,2e-05,-1e-05,-1e-05,1e-05,0
52630,0.0,-1e-05,1e-05,-2e-05,2e-05,0.0,-2e-05,-2e-05,0
52631,0.0,-1e-05,1e-05,-2e-05,2e-05,0.0,-2e-05,-2e-05,0
52632,-2e-05,-2e-05,3e-05,0.00015,2e-05,-2e-05,0.0,0.0,0
52633,-2e-05,-2e-05,3e-05,0.00015,2e-05,-2e-05,0.0,0.0,0
52634,-2e-05,-2e-05,3e-05,0.00015,2e-05,-2e-05,0.0,0.0,0
52635,-2e-05,-2e-05,3e-05,0.00015,2e-05,-2e-05,0.0,0.0,0
52636,-2e-05,-2e-05,3e-05,0.00015,2e-05,-2e-05,0.0,0.0,0
52639,-2e-05,-2e-05,3e-05,0.00015,2e-05,-2e-05,0.0,0.0,0
52640,-2e-05,-2e-05,3e-05,0.00015,2e-05,-2e-05,0.0,0.0,0
52641,-2e-05,-2e-05,3e-05,0.00015,2e-05,-2e-05,0.0,0.0,0
52642,-2e-05,-2e-05,3e-05,0.00015,2e-05,-2e-05,0.0,0.0,0
52643,-2e-05,-2e-05,3e-05,0.00015,2e-05,-2e-05,0.0,0.0,0
52644,-1e-05,-4e-05,-3e-05,-1e-05,0.0,1e-05,1e-05,0.0,0
52645,-1e-05,-4e-05,-3e-05,-1e-05,0.0,1e-05,1e-05,0.0,0
52646,-1e-05,-4e-05,-3e-05,-1e-05,0.0,1e-05,1e-05,0.0,0
52647,-1e-05,-4e-05,-3e-05,-1e-05,0.0,1e-05,1e-05,0.0,0
52648,-1e-05,-4e-05,-3e-05,-1e-05,0.0,1e-05,1e-05,0.0,0
52649,-1e-05,-4e-05,-3e-05,-1e-05,0.0,1e-05,1e-05,0.0,0
52650,-1e-05,-4e-05,-3e-05,-1e-05,0.0,1e-05,1e-05,0.0,0
52651,-1e-05,-4e-05,-3e-05,-1e-05,0.0,1e-05,1e-05,0.0,0
52652,-1e-05,-4e-05,-3e-05,-1e-05,0.0,1e-05,1e-05,0.0,0
52653,1e-05,0.0,0.0,1e-05,1e-05,0.0,0.0,0.0,0
52654,1e-05,0.0,0.0,1e-05,1e-05,0.0,0.0,0.0,0
52655,1e-05,0.0,0.0,1e-05,1e-05,0.0,0.0,0.0,0
52656,1e-05,0.0,0.0,1e-05,1e-05,0.0,0.0,0.0,0
52657,1e-05,0.0,0.0,1e-05,1e-05,0.0,0.0,0.0,0
52658,1e-05,0.0,0.0,1e-05,1e-05,0.0,0.0,0.0,0
52659,1e-05,0.0,0.0,1e-05,1e-05,0.0,0.0,0.0,0
52660,1e-05,0.0,0.0,1e-05,1e-05,0.0,0.0,0.0,0
52661,1e-05,0.0,0.0,1e-05,1e-05,0.0,0.0,0.0,0
52662,1e-05,0.0,0.0,1e-05,1e-05,0.0,0.0,0.0,0
52663,1e-05,0.0,0.0,1e-05,1e-05,0.0,0.0,0.0,0
52664,1e-05,0.0,0.0,1e-05,1e-05,0.0,0.0,0.0,0
52665,1e-05,0.0,0.0,1e-05,1e-05,0.0,0.0,0.0,0
52666,1e-05,0.0,0.0,1e-05,1e-05,0.0,0.0,0.0,0
52667,1e-05,0.0,0.0,1e-05,1e-05,0.0,0.0,0.0,0
52668,-1e-05,-2e-05,-3e-05,-4e-05,0.0,-1e-05,-2e-05,1e-05,0
52669,2e-05,2e-05,5e-05,4e-05,0.0,-1e-05,-2e-05,0.0,0
52670,2e-05,2e-05,5e-05,4e-05,0.0,-1e-05,-2e-05,0.0,0
52671,2e-05,2e-05,5e-05,4e-05,0.0,-1e-05,-2e-05,0.0,0
52672,2e-05,2e-05,5e-05,4e-05,0.0,-1e-05,-2e-05,0.0,0
52673,2e-05,2e-05,5e-05,4e-05,0.0,-1e-05,-2e-05,0.0,0
52674,2e-05,2e-05,5e-05,4e-05,0.0,-1e-05,-2e-05,0.0,0
52675,2e-05,2e-05,5e-05,4e-05,0.0,-1e-05,-2e-05,0.0,0
52676,2e-05,2e-05,5e-05,4e-05,0.0,-1e-05,-2e-05,0.0,0
52677,2e-05,2e-05,5e-05,4e-05,0.0,-1e-05,-2e-05,0.0,0
52678,2e-05,2e-05,5e-05,4e-05,0.0,-1e-05,-2e-05,0.0,0
52679,2e-05,2e-05,5e-05,4e-05,0.0,-1e-05,-2e-05,0.0,0
52680,2e-05,2e-05,5e-05,4e-05,0.0,-1e-05,-2e-05,0.0,0
52681,2e-05,2e-05,5e-05,4e-05,0.0,-1e-05,-2e-05,0.0,0
52682,2e-05,2e-05,5e-05,4e-05,0.0,-1e-05,-2e-05,0.0,0
52683,2e-05,2e-05,5e-05,4e-05,0.0,-1e-05,-2e-05,0.0,0
52684,2e-05,2e-05,5e-05,4e-05,0.0,-1e-05,-2e-05,0.0,0
52685,2e-05,2e-05,5e-05,4e-05,0.0,-1e-05,-2e-05,0.0,0
52686,2e-05,2e-05,5e-05,4e-05,0.0,-1e-05,-2e-05,0.0,0
52688,2e-05,2e-05,5e-05,4e-05,0.0,-1e-05,-2e-05,0.0,0
52689,2e-05,2e-05,5e-05,4e-05,0.0,-1e-05,-2e-05,0.0,0
52690,-2e-05,-5e-05,-8e-05,-0.00013,-5e-05,-2e-05,-2e-05,-1e-05,0
52691,-2e-05,-5e-05,-0.0001,1e-05,0.0,1e-05,0.0,-2e-05,0
52692,-1e-05,1e-05,1e-05,-2e-05,-2e-05,-2e-05,0.0,-1e-05,0
52693,-1e-05,1e-05,1e-05,-2e-05,-2e-05,-2e-05,0.0,-1e-05,0
52694,-1e-05,1e-05,1e-05,-2e-05,-2e-05,-2e-05,0.0,-1e-05,0
52695,-1e-05,1e-05,1e-05,-2e-05,-2e-05,-2e-05,0.0,-1e-05,0
52696,-1e-05,1e-05,1e-05,-2e-05,-2e-05,-2e-05,0.0,-1e-05,0
52697,-1e-05,1e-05,1e-05,-2e-05,-2e-05,-2e-05,0.0,-1e-05,0
52698,-1e-05,1e-05,1e-05,-2e-05,-2e-05,-2e-05,0.0,-1e-05,0
52699,-1e-05,1e-05,1e-05,-2e-05,-2e-05,-2e-05,0.0,-1e-05,0
52700,-1e-05,1e-05,1e-05,-2e-05,-2e-05,-2e-05,0.0,-1e-05,0
52701,-1e-05,1e-05,1e-05,-2e-05,-2e-05,-2e-05,0.0,-1e-05,0
52702,-1e-05,1e-05,1e-05,-2e-05,-2e-05,-2e-05,0.0,-1e-05,0
52703,-1e-05,1e-05,1e-05,-2e-05,-2e-05,-2e-05,0.0,-1e-05,0
52704,-1e-05,1e-05,1e-05,-2e-05,-2e-05,-2e-05,0.0,-1e-05,0
52705,-1e-05,1e-05,1e-05,-2e-05,-2e-05,-2e-05,0.0,-1e-05,0
52706,-1e-05,1e-05,1e-05,-2e-05,-2e-05,-2e-05,0.0,-1e-05,0
52707,-1e-05,1e-05,1e-05,-2e-05,-2e-05,-2e-05,0.0,-1e-05,0
52708,-1e-05,1e-05,1e-05,-2e-05,-2e-05,-2e-05,0.0,-1e-05,0
52709,-1e-05,1e-05,1e-05,-2e-05,-2e-05,-2e-05,0.0,-1e-05,0
52710,-1e-05,1e-05,1e-05,-2e-05,-2e-05,-2e-05,0.0,-1e-05,0
52711,-1e-05,1e-05,1e-05,-2e-05,-2e-05,-2e-05,0.0,-1e-05,0
52712,-1e-05,1e-05,1e-05,-2e-05,-2e-05,-2e-05,0.0,-1e-05,0
52713,-1e-05,1e-05,1e-05,-2e-05,-2e-05,-2e-05,0.0,-1e-05,0
52714,-1e-05,1e-05,1e-05,-2e-05,-2e-05,-2e-05,0.0,-1e-05,0
52715,-1e-05,1e-05,1e-05,-2e-05,-2e-05,-2e-05,0.0,-1e-05,0
52716,-1e-05,1e-05,1e-05,-2e-05,-2e-05,-2e-05,0.0,-1e-05,0
52717,-1e-05,1e-05,1e-05,-2e-05,-2e-05,-2e-05,0.0,-1e-05,0
52718,-1e-05,1e-05,1e-05,-2e-05,-2e-05,-2e-05,0.0,-1e-05,0
52719,-1e-05,1e-05,1e-05,-2e-05,-2e-05,-2e-05,0.0,-1e-05,0
52720,-1e-05,-2e-05,-4e-05,-1e-05,1e-05,-2e-05,-2e-05,1e-05,0
52721,-1e-05,-2e-05,-4e-05,-1e-05,1e-05,-2e-05,-2e-05,1e-05,0
52722,-1e-05,-5e-05,-6e-05,-5e-05,0.0,1e-05,-2e-05,0.0,0
52723,-1e-05,-5e-05,-6e-05,-5e-05,0.0,1e-05,-2e-05,0.0,0
52724,-1e-05,-5e-05,-6e-05,-5e-05,0.0,1e-05,-2e-05,0.0,0
52725,-1e-05,-5e-05,-6e-05,-5e-05,0.0,1e-05,-2e-05,0.0,0
52726,-1e-05,-5e-05,-6e-05,-5e-05,0.0,1e-05,-2e-05,0.0,0
52727,1e-05,3e-05,3e-05,-2e-05,2e-05,1e-05,-1e-05,-1e-05,0
52728,1e-05,3e-05,3e-05,-2e-05,2e-05,1e-05,-1e-05,-1e-05,0
52729,1e-05,3e-05,3e-05,-2e-05,2e-05,1e-05,-1e-05,-1e-05,0
52730,-2e-05,-2e-05,-3e-05,-6e-05,-2e-05,-3e-05,0.0,-3e-05,0
52731,-2e-05,-2e-05,-3e-05,-6e-05,-2e-05,-3e-05,0.0,-3e-05,0
52732,-2e-05,-2e-05,-3e-05,-6e-05,-2e-05,-3e-05,0.0,-3e-05,0
52733,-2e-05,-2e-05,-3e-05,-6e-05,-2e-05,-3e-05,0.0,-3e-05,0
52734,-2e-05,-2e-05,-3e-05,-6e-05,-2e-05,-3e-05,0.0,-3e-05,0
52735,-2e-05,-2e-05,-3e-05,-6e-05,-2e-05,-3e-05,0.0,-3e-05,0
52736,-2e-05,-2e-05,-3e-05,-6e-05,-2e-05,-3e-05,0.0,-3e-05,0
52738,-2e-05,-2e-05,-3e-05,-6e-05,-2e-05,-3e-05,0.0,-3e-05,0
52739,-2e-05,-2e-05,-3e-05,-6e-05,-2e-05,-3e-05,0.0,-3e-05,0
52740,-2e-05,-2e-05,-3e-05,-6e-05,-2e-05,-3e-05,0.0,-3e-05,0
52741,-2e-05,-2e-05,-3e-05,-6e-05,-2e-05,-3e-05,0.0,-3e-05,0
52742,-2e-05,-2e-05,-3e-05,-6e-05,-2e-05,-3e-05,0.0,-3e-05,0
52743,-2e-05,-2e-05,-3e-05,-6e-05,-2e-05,-3e-05,0.0,-3e-05,0
52744,-2e-05,-2e-05,-3e-05,-6e-05,-2e-05,-3e-05,0.0,-3e-05,0
52745,-2e-05,-2e-05,-3e-05,-6e-05,-2e-05,-3e-05,0.0,-3e-05,0
52746,-2e-05,-2e-05,-3e-05,-6e-05,-2e-05,-3e-05,0.0,-3e-05,0
52747,-2e-05,-2e-05,-3e-05,-6e-05,-2e-05,-3e-05,0.0,-3e-05,0
52748,-2e-05,-2e-05,-3e-05,-6e-05,-2e-05,-3e-05,0.0,-3e-05,0
52749,-2e-05,-2e-05,-3e-05,-6e-05,-2e-05,-3e-05,0.0,-3e-05,0
52750,-2e-05,-2e-05,-3e-05,-6e-05,-2e-05,-3e-05,0.0,-3e-05,0
52751,-2e-05,-2e-05,-3e-05,-6e-05,-2e-05,-3e-05,0.0,-3e-05,0
52752,-2e-05,-2e-05,-3e-05,-6e-05,-2e-05,-3e-05,0.0,-3e-05,0
52753,-2e-05,-2e-05,-3e-05,-6e-05,-2e-05,-3e-05,0.0,-3e-05,0
52754,-2e-05,-2e-05,-3e-05,-6e-05,-2e-05,-3e-05,0.0,-3e-05,0
52755,-2e-05,-2e-05,-3e-05,-6e-05,-2e-05,-3e-05,0.0,-3e-05,0
52756,-2e-05,-2e-05,-3e-05,-6e-05,-2e-05,-3e-05,0.0,-3e-05,0
52757,-2e-05,-2e-05,-3e-05,-6e-05,-2e-05,-3e-05,0.0,-3e-05,0
52758,2e-05,4e-05,5e-05,7e-05,0.0,2e-05,2e-05,-1e-05,0
52759,3e-05,5e-05,5e-05,-6e-05,-2e-05,0.0,-1e-05,-2e-05,0
52760,-4e-05,-5e-05,-5e-05,4e-05,-3e-05,0.0,-1e-05,-1e-05,0
52761,-4e-05,-5e-05,-5e-05,4e-05,-3e-05,0.0,-1e-05,-1e-05,0
52762,-4e-05,-5e-05,-5e-05,4e-05,-3e-05,0.0,-1e-05,-1e-05,0
52763,-4e-05,-5e-05,-5e-05,4e-05,-3e-05,0.0,-1e-05,-1e-05,0
52764,-4e-05,-5e-05,-5e-05,4e-05,-3e-05,0.0,-1e-05,-1e-05,0
52765,-4e-05,-5e-05,-5e-05,4e-05,-3e-05,0.0,-1e-05,-1e-05,0
52766,-4e-05,-5e-05,-5e-05,4e-05,-3e-05,0.0,-1e-05,-1e-05,0
52767,-4e-05,-5e-05,-5e-05,4e-05,-3e-05,0.0,-1e-05,-1e-05,0
52768,-4e-05,-5e-05,-5e-05,4e-05,-3e-05,0.0,-1e-05,-1e-05,0
52769,-4e-05,-5e-05,-5e-05,4e-05,-3e-05,0.0,-1e-05,-1e-05,0
52770,-4e-05,-5e-05,-5e-05,4e-05,-3e-05,0.0,-1e-05,-1e-05,0
52771,-4e-05,-5e-05,-5e-05,4e-05,-3e-05,0.0,-1e-05,-1e-05,0
52772,-4e-05,-5e-05,-5e-05,4e-05,-3e-05,0.0,-1e-05,-1e-05,0
52773,0.0,1e-05,1e-05,0.0,-1e-05,-2e-05,0.0,0.0,0
52774,-5e-05,-9e-05,-9e-05,-0.0001,-4e-05,-3e-05,-2e-05,1e-05,0
52775,-5e-05,-9e-05,-9e-05,-0.0001,-4e-05,-3e-05,-2e-05,1e-05,0
52776,-5e-05,-9e-05,-9e-05,-0.0001,-4e-05,-3e-05,-2e-05,1e-05,0
52777,-5e-05,-9e-05,-9e-05,-0.0001,-4e-05,-3e-05,-2e-05,1e-05,0
52778,-5e-05,-9e-05,-9e-05,-0.0001,-4e-05,-3e-05,-2e-05,1e-05,0
52779,-5e-05,-9e-05,-9e-05,-0.0001,-4e-05,-3e-05,-2e-05,1e-05,0
52780,-5e-05,-9e-05,-9e-05,-0.0001,-4e-05,-3e-05,-2e-05,1e-05,0
52781,-5e-05,-9e-05,-9e-05,-0.0001,-4e-05,-3e-05,-2e-05,1e-05,0
52782,-5e-05,-9e-05,-9e-05,-0.0001,-4e-05,-3e-05,-2e-05,1e-05,0
52783,-5e-05,-9e-05,-9e-05,-0.0001,-4e-05,-3e-05,-2e-05,1e-05,0
52784,-5e-05,-9e-05,-9e-05,-0.0001,-4e-05,-3e-05,-2e-05,1e-05,0
52785,-5e-05,-9e-05,-9e-05,-0.0001,-4e-05,-3e-05,-2e-05,1e-05,0
52786,-5e-05,-9e-05,-9e-05,-0.0001,-4e-05,-3e-05,-2e-05,1e-05,0
52789,0.0,-3e-05,-3e-05,-4e-05,0.0,-1e-05,-1e-05,-2e-05,0
52790,3e-05,4e-05,5e-05,-1e-05,5e-05,-1e-05,1e-05,-1e-05,0
52791,3e-05,4e-05,5e-05,-1e-05,5e-05,-1e-05,1e-05,-1e-05,0
52792,3e-05,4e-05,5e-05,-1e-05,5e-05,-1e-05,1e-05,-1e-05,0
52793,3e-05,4e-05,5e-05,-1e-05,5e-05,-1e-05,1e-05,-1e-05,0
52794,3e-05,4e-05,5e-05,-1e-05,5e-05,-1e-05,1e-05,-1e-05,0
52795,3e-05,4e-05,5e-05,-1e-05,5e-05,-1e-05,1e-05,-1e-05,0
52796,3e-05,4e-05,5e-05,-1e-05,5e-05,-1e-05,1e-05,-1e-05,0
52797,3e-05,4e-05,5e-05,-1e-05,5e-05,-1e-05,1e-05,-1e-05,0
52798,3e-05,4e-05,5e-05,-1e-05,5e-05,-1e-05,1e-05,-1e-05,0
52799,3e-05,4e-05,5e-05,-1e-05,5e-05,-1e-05,1e-05,-1e-05,0
52800,3e-05,4e-05,5e-05,-1e-05,5e-05,-1e-05,1e-05,-1e-05,0
52801,3e-05,4e-05,5e-05,-1e-05,5e-05,-1e-05,1e-05,-1e-05,0
52802,3e-05,4e-05,5e-05,-1e-05,5e-05,-1e-05,1e-05,-1e-05,0
52803,3e-05,4e-05,5e-05,-1e-05,5e-05,-1e-05,1e-05,-1e-05,0
52804,3e-05,4e-05,5e-05,-1e-05,5e-05,-1e-05,1e-05,-1e-05,0
52805,3e-05,4e-05,5e-05,-1e-05,5e-05,-1e-05,1e-05,-1e-05,0
52806,3e-05,4e-05,5e-05,-1e-05,5e-05,-1e-05,1e-05,-1e-05,0
52807,3e-05,4e-05,5e-05,-1e-05,5e-05,-1e-05,1e-05,-1e-05,0
52808,3e-05,4e-05,5e-05,-1e-05,5e-05,-1e-05,1e-05,-1e-05,0
52809,3e-05,4e-05,5e-05,-1e-05,5e-05,-1e-05,1e-05,-1e-05,0
52810,-1e-05,-1e-05,2e-05,2e-05,3e-05,0.0,-1e-05,1e-05,0
52811,0.0,-1e-05,4e-05,-7e-05,-1e-05,0.0,-3e-05,-3e-05,0
52812,-1e-05,0.0,-1e-05,-4e-05,-4e-05,0.0,-3e-05,-2e-05,0
52813,-1e-05,0.0,-1e-05,-4e-05,-4e-05,0.0,-3e-05,-2e-05,0
52814,-1e-05,0.0,-1e-05,-4e-05,-4e-05,0.0,-3e-05,-2e-05,0
52815,-1e-05,0.0,-1e-05,-4e-05,-4e-05,0.0,-3e-05,-2e-05,0
52816,-1e-05,0.0,-1e-05,-4e-05,-4e-05,0.0,-3e-05,-2e-05,0
52817,-1e-05,0.0,-1e-05,-4e-05,-4e-05,0.0,-3e-05,-2e-05,0
52818,-1e-05,0.0,-1e-05,-4e-05,-4e-05,0.0,-3e-05,-2e-05,0
52819,-1e-05,0.0,-1e-05,-4e-05,-4e-05,0.0,-3e-05,-2e-05,0
52820,-1e-05,0.0,-1e-05,-4e-05,-4e-05,0.0,-3e-05,-2e-05,0
52821,-1e-05,0.0,-1e-05,-4e-05,-4e-05,0.0,-3e-05,-2e-05,0
52822,-1e-05,0.0,-1e-05,-4e-05,-4e-05,0.0,-3e-05,-2e-05,0
52823,-1e-05,0.0,-1e-05,-4e-05,-4e-05,0.0,-3e-05,-2e-05,0
52824,-1e-05,0.0,-1e-05,-4e-05,-4e-05,0.0,-3e-05,-2e-05,0
52825,-1e-05,0.0,-1e-05,-4e-05,-4e-05,0.0,-3e-05,-2e-05,0
52826,-1e-05,0.0,-1e-05,-4e-05,-4e-05,0.0,-3e-05,-2e-05,0
52827,-1e-05,0.0,-1e-05,-4e-05,-4e-05,0.0,-3e-05,-2e-05,0
52828,-1e-05,0.0,-1e-05,-4e-05,-4e-05,0.0,-3e-05,-2e-05,0
52829,-1e-05,0.0,-1e-05,-4e-05,-4e-05,0.0,-3e-05,-2e-05,0
52830,-1e-05,0.0,-1e-05,-4e-05,-4e-05,0.0,-3e-05,-2e-05,0
52831,-1e-05,0.0,-1e-05,-4e-05,-4e-05,0.0,-3e-05,-2e-05,0
52832,-1e-05,0.0,-1e-05,-4e-05,-4e-05,0.0,-3e-05,-2e-05,0
52833,-1e-05,0.0,-1e-05,-4e-05,-4e-05,0.0,-3e-05,-2e-05,0
52834,-1e-05,0.0,-1e-05,-4e-05,-4e-05,0.0,-3e-05,-2e-05,0
52835,-1e-05,0.0,-1e-05,-4e-05,-4e-05,0.0,-3e-05,-2e-05,0
52836,-1e-05,0.0,-1e-05,-4e-05,-4e-05,0.0,-3e-05,-2e-05,0
52838,-1e-05,0.0,-1e-05,-4e-05,-4e-05,0.0,-3e-05,-2e-05,0
52839,-1e-05,0.0,-1e-05,-4e-05,-4e-05,0.0,-3e-05,-2e-05,0
52840,1e-05,0.0,1e-05,2e-05,0.0,-1e-05,-1e-05,-1e-05,0
52841,-5e-05,-0.00011,-0.0001,-7e-05,-4e-05,-1e-05,0.0,1e-05,0
52842,-3e-05,-2e-05,-6e-05,-5e-05,0.0,-1e-05,-1e-05,-1e-05,0
52843,-3e-05,-2e-05,-6e-05,-5e-05,0.0,-1e-05,-1e-05,-1e-05,0
52844,-3e-05,-2e-05,-6e-05,-5e-05,0.0,-1e-05,-1e-05,-1e-05,0
52845,-3e-05,-2e-05,-6e-05,-5e-05,0.0,-1e-05,-1e-05,-1e-05,0
52846,-3e-05,-2e-05,-6e-05,-5e-05,0.0,-1e-05,-1e-05,-1e-05,0
52847,2e-05,6e-05,7e-05,-5e-05,0.0,1e-05,0.0,-1e-05,0
52848,2e-05,6e-05,7e-05,-5e-05,0.0,1e-05,0.0,-1e-05,0
52849,2e-05,6e-05,7e-05,-5e-05,0.0,1e-05,0.0,-1e-05,0
52850,2e-05,6e-05,7e-05,-5e-05,0.0,1e-05,0.0,-1e-05,0
52851,2e-05,6e-05,7e-05,-5e-05,0.0,1e-05,0.0,-1e-05,0
52852,2e-05,6e-05,7e-05,-5e-05,0.0,1e-05,0.0,-1e-05,0
52853,2e-05,6e-05,7e-05,-5e-05,0.0,1e-05,0.0,-1e-05,0
52854,-2e-05,0.0,-1e-05,-3e-05,-2e-05,-2e-05,0.0,0.0,0
52855,-2e-05,0.0,-1e-05,-3e-05,-2e-05,-2e-05,0.0,0.0,0
52856,-2e-05,0.0,-1e-05,-3e-05,-2e-05,-2e-05,0.0,0.0,0
52857,-2e-05,0.0,-1e-05,-3e-05,-2e-05,-2e-05,0.0,0.0,0
52858,-2e-05,0.0,-1e-05,-3e-05,-2e-05,-2e-05,0.0,0.0,0
52859,-2e-05,0.0,-1e-05,-3e-05,-2e-05,-2e-05,0.0,0.0,0
52860,-2e-05,0.0,-1e-05,-3e-05,-2e-05,-2e-05,0.0,0.0,0
52861,-2e-05,0.0,-1e-05,-3e-05,-2e-05,-2e-05,0.0,0.0,0
52862,-2e-05,0.0,-1e-05,-3e-05,-2e-05,-2e-05,0.0,0.0,0
52863,-2e-05,0.0,-1e-05,-3e-05,-2e-05,-2e-05,0.0,0.0,0
52864,-2e-05,0.0,-1e-05,-3e-05,-2e-05,-2e-05,0.0,0.0,0
52865,-2e-05,0.0,-1e-05,-3e-05,-2e-05,-2e-05,0.0,0.0,0
52866,-2e-05,0.0,-1e-05,-3e-05,-2e-05,-2e-05,0.0,0.0,0
52867,-2e-05,0.0,-1e-05,-3e-05,-2e-05,-2e-05,0.0,0.0,0
52869,-2e-05,0.0,-1e-05,-3e-05,-2e-05,-2e-05,0.0,0.0,0
52870,-5e-05,-4e-05,-3e-05,-6e-05,-1e-05,0.0,-2e-05,-3e-05,0
52871,-5e-05,-4e-05,-3e-05,-6e-05,-1e-05,0.0,-2e-05,-3e-05,0
52872,-5e-05,-4e-05,-3e-05,-6e-05,-1e-05,0.0,-2e-05,-3e-05,0
52873,-5e-05,-4e-05,-3e-05,-6e-05,-1e-05,0.0,-2e-05,-3e-05,0
52874,-5e-05,-4e-05,-3e-05,-6e-05,-1e-05,0.0,-2e-05,-3e-05,0
52875,-5e-05,-4e-05,-3e-05,-6e-05,-1e-05,0.0,-2e-05,-3e-05,0
52876,-5e-05,-4e-05,-3e-05,-6e-05,-1e-05,0.0,-2e-05,-3e-05,0
52877,-5e-05,-4e-05,-3e-05,-6e-05,-1e-05,0.0,-2e-05,-3e-05,0
52878,-3e-05,-4e-05,-6e-05,-5e-05,-2e-05,-1e-05,-2e-05,-1e-05,0
52879,-3e-05,-4e-05,-6e-05,-5e-05,-2e-05,-1e-05,-2e-05,-1e-05,0
52880,-3e-05,-4e-05,-6e-05,-5e-05,-2e-05,-1e-05,-2e-05,-1e-05,0
52881,-3e-05,-4e-05,-6e-05,-5e-05,-2e-05,-1e-05,-2e-05,-1e-05,0
52882,-3e-05,-4e-05,-6e-05,-5e-05,-2e-05,-1e-05,-2e-05,-1e-05,0
52883,-3e-05,-4e-05,-6e-05,-5e-05,-2e-05,-1e-05,-2e-05,-1e-05,0
52884,-3e-05,-4e-05,-6e-05,-5e-05,-2e-05,-1e-05,-2e-05,-1e-05,0
52885,-3e-05,-4e-05,-6e-05,-5e-05,-2e-05,-1e-05,-2e-05,-1e-05,0
52886,-3e-05,-4e-05,-6e-05,-5e-05,-2e-05,-1e-05,-2e-05,-1e-05,0
52888,-3e-05,-4e-05,-6e-05,-5e-05,-2e-05,-1e-05,-2e-05,-1e-05,0
52889,-3e-05,-4e-05,-6e-05,-5e-05,-2e-05,-1e-05,-2e-05,-1e-05,0
52890,-3e-05,-4e-05,-6e-05,-5e-05,-2e-05,-1e-05,-2e-05,-1e-05,0
52891,-3e-05,-4e-05,-6e-05,-5e-05,-2e-05,-1e-05,-2e-05,-1e-05,0
52892,-3e-05,-4e-05,-6e-05,-5e-05,-2e-05,-1e-05,-2e-05,-1e-05,0
52893,-3e-05,-4e-05,-6e-05,-5e-05,-2e-05,-1e-05,-2e-05,-1e-05,0
52894,-3e-05,-4e-05,-6e-05,-5e-05,-2e-05,-1e-05,-2e-05,-1e-05,0
52895,-3e-05,-4e-05,-6e-05,-5e-05,-2e-05,-1e-05,-2e-05,-1e-05,0
52896,-3e-05,-4e-05,-6e-05,-5e-05,-2e-05,-1e-05,-2e-05,-1e-05,0
52897,-3e-05,-4e-05,-6e-05,-5e-05,-2e-05,-1e-05,-2e-05,-1e-05,0
52898,-3e-05,-4e-05,-6e-05,-5e-05,-2e-05,-1e-05,-2e-05,-1e-05,0
52899,-3e-05,-4e-05,-6e-05,-5e-05,-2e-05,-1e-05,-2e-05,-1e-05,0
52900,-1e-05,-1e-05,1e-05,-1e-05,-3e-05,-2e-05,-1e-05,-1e-05,0
52901,0.0,3e-05,0.0,1e-05,4e-05,-2e-05,-2e-05,-1e-05,0
52902,1e-05,1e-05,3e-05,4e-05,-2e-05,-2e-05,-1e-05,0.0,0
52903,1e-05,1e-05,3e-05,4e-05,-2e-05,-2e-05,-1e-05,0.0,0
52904,1e-05,1e-05,3e-05,4e-05,-2e-05,-2e-05,-1e-05,0.0,0
52905,1e-05,1e-05,3e-05,4e-05,-2e-05,-2e-05,-1e-05,0.0,0
52906,1e-05,1e-05,3e-05,4e-05,-2e-05,-2e-05,-1e-05,0.0,0
52907,1e-05,4e-05,5e-05,6e-05,0.0,-1e-05,-1e-05,-3e-05,0
52908,1e-05,4e-05,5e-05,6e-05,0.0,-1e-05,-1e-05,-3e-05,0
52909,1e-05,4e-05,5e-05,6e-05,0.0,-1e-05,-1e-05,-3e-05,0
52910,1e-05,4e-05,5e-05,6e-05,0.0,-1e-05,-1e-05,-3e-05,0
52911,1e-05,4e-05,5e-05,6e-05,0.0,-1e-05,-1e-05,-3e-05,0
52912,1e-05,4e-05,5e-05,6e-05,0.0,-1e-05,-1e-05,-3e-05,0
52913,1e-05,4e-05,5e-05,6e-05,0.0,-1e-05,-1e-05,-3e-05,0
52914,-2e-05,-5e-05,-5e-05,7e-05,-1e-05,-3e-05,-2e-05,-2e-05,0
52915,-2e-05,-5e-05,-5e-05,7e-05,-1e-05,-3e-05,-2e-05,-2e-05,0
52916,-2e-05,-5e-05,-5e-05,7e-05,-1e-05,-3e-05,-2e-05,-2e-05,0
52917,-2e-05,-5e-05,-5e-05,7e-05,-1e-05,-3e-05,-2e-05,-2e-05,0
52918,-2e-05,-5e-05,-5e-05,7e-05,-1e-05,-3e-05,-2e-05,-2e-05,0
52919,-2e-05,-5e-05,-5e-05,7e-05,-1e-05,-3e-05,-2e-05,-2e-05,0
52920,-2e-05,-5e-05,-5e-05,7e-05,-1e-05,-3e-05,-2e-05,-2e-05,0
52921,-2e-05,-5e-05,-5e-05,7e-05,-1e-05,-3e-05,-2e-05,-2e-05,0
52922,-2e-05,-5e-05,-5e-05,7e-05,-1e-05,-3e-05,-2e-05,-2e-05,0
52923,-2e-05,-5e-05,-5e-05,7e-05,-1e-05,-3e-05,-2e-05,-2e-05,0
52924,-2e-05,-5e-05,-5e-05,7e-05,-1e-05,-3e-05,-2e-05,-2e-05,0
52925,-2e-05,-5e-05,-5e-05,7e-05,-1e-05,-3e-05,-2e-05,-2e-05,0
52926,-2e-05,-5e-05,-5e-05,7e-05,-1e-05,-3e-05,-2e-05,-2e-05,0
52927,-2e-05,-5e-05,-5e-05,7e-05,-1e-05,-3e-05,-2e-05,-2e-05,0
52928,-2e-05,-5e-05,-5e-05,7e-05,-1e-05,-3e-05,-2e-05,-2e-05,0
52929,-2e-05,-5e-05,-5e-05,7e-05,-1e-05,-3e-05,-2e-05,-2e-05,0
52930,0.0,3e-05,5e-05,0.00012,3e-05,0.0,0.0,-1e-05,0
52931,0.0,3e-05,5e-05,0.00012,3e-05,0.0,0.0,-1e-05,0
52932,-3e-05,-3e-05,-1e-05,-2e-05,5e-05,-2e-05,-1e-05,-2e-05,0
52933,-3e-05,-3e-05,-1e-05,-2e-05,5e-05,-2e-05,-1e-05,-2e-05,0
52934,-3e-05,-3e-05,-1e-05,-2e-05,5e-05,-2e-05,-1e-05,-2e-05,0
52935,-3e-05,-3e-05,-1e-05,-2e-05,5e-05,-2e-05,-1e-05,-2e-05,0
52936,-3e-05,-3e-05,-1e-05,-2e-05,5e-05,-2e-05,-1e-05,-2e-05,0
52938,-3e-05,-3e-05,-1e-05,-2e-05,5e-05,-2e-05,-1e-05,-2e-05,0
52939,-3e-05,-3e-05,-1e-05,-2e-05,5e-05,-2e-05,-1e-05,-2e-05,0
52940,-3e-05,-3e-05,-1e-05,-2e-05,5e-05,-2e-05,-1e-05,-2e-05,0
52941,-3e-05,-3e-05,-1e-05,-2e-05,5e-05,-2e-05,-1e-05,-2e-05,0
52942,-3e-05,-3e-05,-1e-05,-2e-05,5e-05,-2e-05,-1e-05,-2e-05,0
52943,-3e-05,-3e-05,-1e-05,-2e-05,5e-05,-2e-05,-1e-05,-2e-05,0
52944,-3e-05,-3e-05,-1e-05,-2e-05,5e-05,-2e-05,-1e-05,-2e-05,0
52945,-3e-05,-3e-05,-1e-05,-2e-05,5e-05,-2e-05,-1e-05,-2e-05,0
52946,-3e-05,-3e-05,-1e-05,-2e-05,5e-05,-2e-05,-1e-05,-2e-05,0
52947,-3e-05,-3e-05,-1e-05,-2e-05,5e-05,-2e-05,-1e-05,-2e-05,0
52948,-3e-05,-3e-05,-1e-05,-2e-05,5e-05,-2e-05,-1e-05,-2e-05,0
52949,-3e-05,-3e-05,-1e-05,-2e-05,5e-05,-2e-05,-1e-05,-2e-05,0
52950,-3e-05,-3e-05,-1e-05,-2e-05,5e-05,-2e-05,-1e-05,-2e-05,0
52951,-3e-05,-3e-05,-1e-05,-2e-05,5e-05,-2e-05,-1e-05,-2e-05,0
52952,-3e-05,-3e-05,-1e-05,-2e-05,5e-05,-2e-05,-1e-05,-2e-05,0
52953,-3e-05,-3e-05,-1e-05,-2e-05,5e-05,-2e-05,-1e-05,-2e-05,0
52954,-3e-05,-3e-05,-1e-05,-2e-05,5e-05,-2e-05,-1e-05,-2e-05,0
52955,-3e-05,-3e-05,-1e-05,-2e-05,5e-05,-2e-05,-1e-05,-2e-05,0
52956,-3e-05,-3e-05,-1e-05,-2e-05,5e-05,-2e-05,-1e-05,-2e-05,0
52957,-3e-05,-3e-05,-1e-05,-2e-05,5e-05,-2e-05,-1e-05,-2e-05,0
52958,-3e-05,-3e-05,-1e-05,-2e-05,5e-05,-2e-05,-1e-05,-2e-05,0
52959,-3e-05,-3e-05,-1e-05,-2e-05,5e-05,-2e-05,-1e-05,-2e-05,0
52960,-1e-05,1e-05,2e-05,3e-05,-5e-05,1e-05,0.0,0.0,0
52961,-6e-05,-1e-05,0.0,-3e-05,-2e-05,-1e-05,-1e-05,-1e-05,0
52962,-1e-05,-1e-05,-7e-05,-0.00015,-2e-05,-2e-05,0.0,-2e-05,0
52963,-1e-05,-1e-05,-7e-05,-0.00015,-2e-05,-2e-05,0.0,-2e-05,0
52964,-1e-05,-1e-05,-7e-05,-0.00015,-2e-05,-2e-05,0.0,-2e-05,0
52965,-1e-05,-1e-05,-7e-05,-0.00015,-2e-05,-2e-05,0.0,-2e-05,0
52966,-1e-05,-1e-05,-7e-05,-0.00015,-2e-05,-2e-05,0.0,-2e-05,0
52967,0.0,0.0,-1e-05,-3e-05,-8e-05,1e-05,0.0,0.0,0
52968,0.0,0.0,-1e-05,-3e-05,-8e-05,1e-05,0.0,0.0,0
52969,0.0,0.0,-1e-05,-3e-05,-8e-05,1e-05,0.0,0.0,0
52970,0.0,0.0,-1e-05,-3e-05,-8e-05,1e-05,0.0,0.0,0
52971,0.0,0.0,-1e-05,-3e-05,-8e-05,1e-05,0.0,0.0,0
52972,0.0,0.0,-1e-05,-3e-05,-8e-05,1e-05,0.0,0.0,0
52973,0.0,0.0,-1e-05,-3e-05,-8e-05,1e-05,0.0,0.0,0
52974,0.0,0.0,-1e-05,-3e-05,-8e-05,1e-05,0.0,0.0,0
52975,0.0,0.0,-1e-05,-3e-05,-8e-05,1e-05,0.0,0.0,0
52976,0.0,0.0,-1e-05,-3e-05,-8e-05,1e-05,0.0,0.0,0
52977,0.0,0.0,-1e-05,-3e-05,-8e-05,1e-05,0.0,0.0,0
52978,0.0,0.0,-1e-05,-3e-05,-8e-05,1e-05,0.0,0.0,0
52979,0.0,0.0,-1e-05,-3e-05,-8e-05,1e-05,0.0,0.0,0
52980,0.0,0.0,-1e-05,-3e-05,-8e-05,1e-05,0.0,0.0,0
52981,-4e-05,-2e-05,1e-05,4e-05,-4e-05,-1e-05,-1e-05,0.0,0
52982,-1e-05,-1e-05,-1e-05,-3e-05,-2e-05,-3e-05,-2e-05,0.0,0
52983,-1e-05,-1e-05,-1e-05,-3e-05,-2e-05,-3e-05,-2e-05,0.0,0
52984,-1e-05,-1e-05,-1e-05,-3e-05,-2e-05,-3e-05,-2e-05,0.0,0
52985,-1e-05,-1e-05,-1e-05,-3e-05,-2e-05,-3e-05,-2e-05,0.0,0
52986,-1e-05,-1e-05,-1e-05,-3e-05,-2e-05,-3e-05,-2e-05,0.0,0
52989,-1e-05,-1e-05,-1e-05,-3e-05,-2e-05,-3e-05,-2e-05,0.0,0
52990,-1e-05,-1e-05,-1e-05,-3e-05,-2e-05,-3e-05,-2e-05,0.0,0
52991,-1e-05,-1e-05,-1e-05,-3e-05,-2e-05,-3e-05,-2e-05,0.0,0
52992,-1e-05,-1e-05,-1e-05,-3e-05,-2e-05,-3e-05,-2e-05,0.0,0
52993,-1e-05,-1e-05,-1e-05,-3e-05,-2e-05,-3e-05,-2e-05,0.0,0
52994,-1e-05,-1e-05,-1e-05,-3e-05,-2e-05,-3e-05,-2e-05,0.0,0
52995,-1e-05,-1e-05,-1e-05,-3e-05,-2e-05,-3e-05,-2e-05,0.0,0
52996,-1e-05,-1e-05,-1e-05,-3e-05,-2e-05,-3e-05,-2e-05,0.0,0
52997,-1e-05,-1e-05,-1e-05,-3e-05,-2e-05,-3e-05,-2e-05,0.0,0
52998,-1e-05,-3e-05,-1e-05,1e-05,2e-05,-2e-05,0.0,-2e-05,0
52999,0.0001,4e-05,4e-05,-7e-05,-1e-05,-2e-05,-1e-05,1e-05,0
53000,0.0001,4e-05,4e-05,-7e-05,-1e-05,-2e-05,-1e-05,1e-05,0
53001,0.0001,4e-05,4e-05,-7e-05,-1e-05,-2e-05,-1e-05,1e-05,0
53002,0.0001,4e-05,4e-05,-7e-05,-1e-05,-2e-05,-1e-05,1e-05,0
53003,0.0001,4e-05,4e-05,-7e-05,-1e-05,-2e-05,-1e-05,1e-05,0
53004,0.0001,4e-05,4e-05,-7e-05,-1e-05,-2e-05,-1e-05,1e-05,0
53005,0.0001,4e-05,4e-05,-7e-05,-1e-05,-2e-05,-1e-05,1e-05,0
53006,0.0001,4e-05,4e-05,-7e-05,-1e-05,-2e-05,-1e-05,1e-05,0
53007,0.0001,4e-05,4e-05,-7e-05,-1e-05,-2e-05,-1e-05,1e-05,0
53008,0.0001,4e-05,4e-05,-7e-05,-1e-05,-2e-05,-1e-05,1e-05,0
53009,0.0001,4e-05,4e-05,-7e-05,-1e-05,-2e-05,-1e-05,1e-05,0
53010,0.0001,4e-05,4e-05,-7e-05,-1e-05,-2e-05,-1e-05,1e-05,0
53011,0.0001,4e-05,4e-05,-7e-05,-1e-05,-2e-05,-1e-05,1e-05,0
53012,0.0001,4e-05,4e-05,-7e-05,-1e-05,-2e-05,-1e-05,1e-05,0
53013,0.0,-5e-05,-4e-05,-5e-05,-0.00017,-4e-05,0.0,1e-05,0
53014,0.00013,4e-05,3e-05,4e-05,4e-05,-3e-05,-2e-05,-1e-05,0
53015,-7e-05,-4e-05,0.0,4e-05,0.00013,5e-05,1e-05,0.0,0
53016,-7e-05,-4e-05,0.0,4e-05,0.00013,5e-05,1e-05,0.0,0
53017,-7e-05,-4e-05,0.0,4e-05,0.00013,5e-05,1e-05,0.0,0
53018,-7e-05,-4e-05,0.0,4e-05,0.00013,5e-05,1e-05,0.0,0
53019,-7e-05,-4e-05,0.0,4e-05,0.00013,5e-05,1e-05,0.0,0
53020,-7e-05,-4e-05,0.0,4e-05,0.00013,5e-05,1e-05,0.0,0
53021,-7e-05,-4e-05,0.0,4e-05,0.00013,5e-05,1e-05,0.0,0
53022,-7e-05,-4e-05,0.0,4e-05,0.00013,5e-05,1e-05,0.0,0
53023,-7e-05,-4e-05,0.0,4e-05,0.00013,5e-05,1e-05,0.0,0
53024,-7e-05,-4e-05,0.0,4e-05,0.00013,5e-05,1e-05,0.0,0
53025,-7e-05,-4e-05,0.0,4e-05,0.00013,5e-05,1e-05,0.0,0
53026,-7e-05,-4e-05,0.0,4e-05,0.00013,5e-05,1e-05,0.0,0
53027,-0.00011,2e-05,-1e-05,-1e-05,-3e-05,0.0,0.0,-2e-05,0
53028,-0.00011,2e-05,-1e-05,-1e-05,-3e-05,0.0,0.0,-2e-05,0
53029,-0.00011,2e-05,-1e-05,-1e-05,-3e-05,0.0,0.0,-2e-05,0
53030,-0.00011,2e-05,-1e-05,-1e-05,-3e-05,0.0,0.0,-2e-05,0
53031,-0.00011,2e-05,-1e-05,-1e-05,-3e-05,0.0,0.0,-2e-05,0
53032,-0.00011,2e-05,-1e-05,-1e-05,-3e-05,0.0,0.0,-2e-05,0
53033,-0.00011,2e-05,-1e-05,-1e-05,-3e-05,0.0,0.0,-2e-05,0
53034,-9e-05,-4e-05,-5e-05,-1e-05,-9e-05,0.0,-1e-05,0.0,0
53035,-9e-05,-4e-05,-5e-05,-1e-05,-9e-05,0.0,-1e-05,0.0,0
53036,-9e-05,-4e-05,-5e-05,-1e-05,-9e-05,0.0,-1e-05,0.0,0
53038,-9e-05,-4e-05,-5e-05,-1e-05,-9e-05,0.0,-1e-05,0.0,0
53039,-9e-05,-4e-05,-5e-05,-1e-05,-9e-05,0.0,-1e-05,0.0,0
53040,-9e-05,-4e-05,-5e-05,-1e-05,-9e-05,0.0,-1e-05,0.0,0
53041,-9e-05,-4e-05,-5e-05,-1e-05,-9e-05,0.0,-1e-05,0.0,0
53042,-9e-05,-4e-05,-5e-05,-1e-05,-9e-05,0.0,-1e-05,0.0,0
53043,-9e-05,-4e-05,-5e-05,-1e-05,-9e-05,0.0,-1e-05,0.0,0
53044,-9e-05,-4e-05,-5e-05,-1e-05,-9e-05,0.0,-1e-05,0.0,0
53045,-9e-05,-4e-05,-5e-05,-1e-05,-9e-05,0.0,-1e-05,0.0,0
53046,-9e-05,-4e-05,-5e-05,-1e-05,-9e-05,0.0,-1e-05,0.0,0
53047,-9e-05,-4e-05,-5e-05,-1e-05,-9e-05,0.0,-1e-05,0.0,0
53048,-9e-05,-4e-05,-5e-05,-1e-05,-9e-05,0.0,-1e-05,0.0,0
53049,-9e-05,-4e-05,-5e-05,-1e-05,-9e-05,0.0,-1e-05,0.0,0
53050,0.0,0.0,0.0,3e-05,9e-05,-1e-05,-1e-05,-1e-05,0
53051,4e-05,-3e-05,5e-05,0.00017,1e-05,-1e-05,-2e-05,0.0,0
53052,0.0,0.0,2e-05,2e-05,-5e-05,-3e-05,0.0,-1e-05,0
53053,0.0,0.0,2e-05,2e-05,-5e-05,-3e-05,0.0,-1e-05,0
53054,0.0,0.0,2e-05,2e-05,-5e-05,-3e-05,0.0,-1e-05,0
53055,0.0,0.0,2e-05,2e-05,-5e-05,-3e-05,0.0,-1e-05,0
53056,0.0,0.0,2e-05,2e-05,-5e-05,-3e-05,0.0,-1e-05,0
53057,0.0,0.0,2e-05,2e-05,-5e-05,-3e-05,0.0,-1e-05,0
53058,0.0,0.0,2e-05,2e-05,-5e-05,-3e-05,0.0,-1e-05,0
53059,0.0,0.0,2e-05,2e-05,-5e-05,-3e-05,0.0,-1e-05,0
53060,0.0,0.0,2e-05,2e-05,-5e-05,-3e-05,0.0,-1e-05,0
53061,0.0,0.0,2e-05,2e-05,-5e-05,-3e-05,0.0,-1e-05,0
53062,0.0,0.0,2e-05,2e-05,-5e-05,-3e-05,0.0,-1e-05,0
53063,0.0,0.0,2e-05,2e-05,-5e-05,-3e-05,0.0,-1e-05,0
53064,0.0,0.0,2e-05,2e-05,-5e-05,-3e-05,0.0,-1e-05,0
53065,0.0,0.0,2e-05,2e-05,-5e-05,-3e-05,0.0,-1e-05,0
53066,0.0,0.0,2e-05,2e-05,-5e-05,-3e-05,0.0,-1e-05,0
53067,0.0,0.0,2e-05,2e-05,-5e-05,-3e-05,0.0,-1e-05,0
53068,0.0,0.0,2e-05,2e-05,-5e-05,-3e-05,0.0,-1e-05,0
53069,0.0,0.0,2e-05,2e-05,-5e-05,-3e-05,0.0,-1e-05,0
53070,0.0,0.0,2e-05,2e-05,-5e-05,-3e-05,0.0,-1e-05,0
53071,0.0,0.0,2e-05,2e-05,-5e-05,-3e-05,0.0,-1e-05,0
53072,0.0,0.0,2e-05,2e-05,-5e-05,-3e-05,0.0,-1e-05,0
53073,2e-05,-4e-05,-0.00011,-0.00011,-0.00016,-2e-05,-3e-05,-1e-05,0
53074,-5e-05,0.0,5e-05,0.00027,0.00037,2e-05,2e-05,-1e-05,0
53075,2e-05,3e-05,6e-05,3e-05,-3e-05,1e-05,0.0,-1e-05,0
53076,2e-05,3e-05,6e-05,3e-05,-3e-05,1e-05,0.0,-1e-05,0
53077,2e-05,3e-05,6e-05,3e-05,-3e-05,1e-05,0.0,-1e-05,0
53078,2e-05,3e-05,6e-05,3e-05,-3e-05,1e-05,0.0,-1e-05,0
53079,2e-05,3e-05,6e-05,3e-05,-3e-05,1e-05,0.0,-1e-05,0
53080,2e-05,3e-05,6e-05,3e-05,-3e-05,1e-05,0.0,-1e-05,0
53081,2e-05,3e-05,6e-05,3e-05,-3e-05,1e-05,0.0,-1e-05,0
53082,2e-05,3e-05,6e-05,3e-05,-3e-05,1e-05,0.0,-1e-05,0
53083,2e-05,3e-05,6e-05,3e-05,-3e-05,1e-05,0.0,-1e-05,0
53084,2e-05,3e-05,6e-05,3e-05,-3e-05,1e-05,0.0,-1e-05,0
53085,2e-05,3e-05,6e-05,3e-05,-3e-05,1e-05,0.0,-1e-05,0
53086,1e-05,-2e-05,-3e-05,-0.0001,-0.00035,-5e-05,0.0,-2e-05,0
53088,-3e-05,2e-05,5e-05,9e-05,0.00018,1e-05,0.0,1e-05,0
53089,-3e-05,2e-05,5e-05,9e-05,0.00018,1e-05,0.0,1e-05,0
53090,-3e-05,2e-05,5e-05,9e-05,0.00018,1e-05,0.0,1e-05,0
53091,-3e-05,2e-05,5e-05,9e-05,0.00018,1e-05,0.0,1e-05,0
53092,-3e-05,2e-05,5e-05,9e-05,0.00018,1e-05,0.0,1e-05,0
53093,-3e-05,2e-05,5e-05,9e-05,0.00018,1e-05,0.0,1e-05,0
53094,-3e-05,2e-05,5e-05,9e-05,0.00018,1e-05,0.0,1e-05,0
53095,1e-05,4e-05,-1e-05,1e-05,-7e-05,-5e-05,-2e-05,-2e-05,0
53096,1e-05,4e-05,-1e-05,1e-05,-7e-05,-5e-05,-2e-05,-2e-05,0
53097,1e-05,4e-05,-1e-05,1e-05,-7e-05,-5e-05,-2e-05,-2e-05,0
53098,1e-05,4e-05,-1e-05,1e-05,-7e-05,-5e-05,-2e-05,-2e-05,0
53099,1e-05,4e-05,-1e-05,1e-05,-7e-05,-5e-05,-2e-05,-2e-05,0
53100,1e-05,4e-05,-1e-05,1e-05,-7e-05,-5e-05,-2e-05,-2e-05,0
53101,1e-05,4e-05,-1e-05,1e-05,-7e-05,-5e-05,-2e-05,-2e-05,0
53102,1e-05,4e-05,-1e-05,1e-05,-7e-05,-5e-05,-2e-05,-2e-05,0
53103,1e-05,4e-05,-1e-05,1e-05,-7e-05,-5e-05,-2e-05,-2e-05,0
53104,1e-05,4e-05,-1e-05,1e-05,-7e-05,-5e-05,-2e-05,-2e-05,0
53105,1e-05,4e-05,-1e-05,1e-05,-7e-05,-5e-05,-2e-05,-2e-05,0
53106,1e-05,4e-05,-1e-05,1e-05,-7e-05,-5e-05,-2e-05,-2e-05,0
53107,1e-05,4e-05,-1e-05,1e-05,-7e-05,-5e-05,-2e-05,-2e-05,0
53108,1e-05,4e-05,-1e-05,1e-05,-7e-05,-5e-05,-2e-05,-2e-05,0
53109,1e-05,4e-05,-1e-05,1e-05,-7e-05,-5e-05,-2e-05,-2e-05,0
53110,1e-05,4e-05,-1e-05,1e-05,-7e-05,-5e-05,-2e-05,-2e-05,0
53111,1e-05,4e-05,-1e-05,1e-05,-7e-05,-5e-05,-2e-05,-2e-05,0
53112,1e-05,4e-05,-1e-05,1e-05,-7e-05,-5e-05,-2e-05,-2e-05,0
53113,1e-05,4e-05,-1e-05,1e-05,-7e-05,-5e-05,-2e-05,-2e-05,0
53114,1e-05,4e-05,-1e-05,1e-05,-7e-05,-5e-05,-2e-05,-2e-05,0
53115,1e-05,4e-05,-1e-05,1e-05,-7e-05,-5e-05,-2e-05,-2e-05,0
53116,1e-05,4e-05,-1e-05,1e-05,-7e-05,-5e-05,-2e-05,-2e-05,0
53117,1e-05,4e-05,-1e-05,1e-05,-7e-05,-5e-05,-2e-05,-2e-05,0
53118,-2e-05,-2e-05,-4e-05,-0.00019,-0.00021,-1e-05,-3e-05,-2e-05,0
53119,-3e-05,-3e-05,-8e-05,-1e-05,1e-05,0.0,0.0,-1e-05,0
53120,-7e-05,-6e-05,-6e-05,-6e-05,0.0002,-6e-05,-3e-05,-3e-05,0
53121,-7e-05,-6e-05,-6e-05,-6e-05,0.0002,-6e-05,-3e-05,-3e-05,0
53122,-7e-05,-6e-05,-6e-05,-6e-05,0.0002,-6e-05,-3e-05,-3e-05,0
53123,-7e-05,-6e-05,-6e-05,-6e-05,0.0002,-6e-05,-3e-05,-3e-05,0
53124,-7e-05,-6e-05,-6e-05,-6e-05,0.0002,-6e-05,-3e-05,-3e-05,0
53125,-7e-05,-6e-05,-6e-05,-6e-05,0.0002,-6e-05,-3e-05,-3e-05,0
53126,-7e-05,-6e-05,-6e-05,-6e-05,0.0002,-6e-05,-3e-05,-3e-05,0
53127,-7e-05,-6e-05,-6e-05,-6e-05,0.0002,-6e-05,-3e-05,-3e-05,0
53128,-7e-05,-6e-05,-6e-05,-6e-05,0.0002,-6e-05,-3e-05,-3e-05,0
53129,-7e-05,-6e-05,-6e-05,-6e-05,0.0002,-6e-05,-3e-05,-3e-05,0
53130,-7e-05,-6e-05,-6e-05,-6e-05,0.0002,-6e-05,-3e-05,-3e-05,0
53131,-7e-05,-6e-05,-6e-05,-6e-05,0.0002,-6e-05,-3e-05,-3e-05,0
53132,-7e-05,-6e-05,-6e-05,-6e-05,0.0002,-6e-05,-3e-05,-3e-05,0
53133,2e-05,3e-05,-8e-05,-9e-05,0.00014,1e-05,0.0,-2e-05,0
53134,2e-05,3e-05,-8e-05,-9e-05,0.00014,1e-05,0.0,-2e-05,0
53135,2e-05,3e-05,-8e-05,-9e-05,0.00014,1e-05,0.0,-2e-05,0
53136,2e-05,3e-05,-8e-05,-9e-05,0.00014,1e-05,0.0,-2e-05,0
53138,2e-05,3e-05,-8e-05,-9e-05,0.00014,1e-05,0.0,-2e-05,0
53139,-0.00011,-0.0001,0.0,-2e-05,-0.00033,-9e-05,-5e-05,-4e-05,0
53140,-4e-05,5e-05,0.0,2e-05,4e-05,2e-05,0.0,0.0,0
53141,-4e-05,5e-05,0.0,2e-05,4e-05,2e-05,0.0,0.0,0
53142,-4e-05,5e-05,0.0,2e-05,4e-05,2e-05,0.0,0.0,0
53143,-4e-05,5e-05,0.0,2e-05,4e-05,2e-05,0.0,0.0,0
53144,-4e-05,5e-05,0.0,2e-05,4e-05,2e-05,0.0,0.0,0
53145,-4e-05,5e-05,0.0,2e-05,4e-05,2e-05,0.0,0.0,0
53146,-4e-05,5e-05,0.0,2e-05,4e-05,2e-05,0.0,0.0,0
53147,-4e-05,5e-05,0.0,2e-05,4e-05,2e-05,0.0,0.0,0
53148,-4e-05,5e-05,0.0,2e-05,4e-05,2e-05,0.0,0.0,0
53149,-4e-05,5e-05,0.0,2e-05,4e-05,2e-05,0.0,0.0,0
53150,-4e-05,5e-05,0.0,2e-05,4e-05,2e-05,0.0,0.0,0
53151,-4e-05,5e-05,0.0,2e-05,4e-05,2e-05,0.0,0.0,0
53152,-4e-05,5e-05,0.0,2e-05,4e-05,2e-05,0.0,0.0,0
53153,-4e-05,5e-05,0.0,2e-05,4e-05,2e-05,0.0,0.0,0
53154,-4e-05,5e-05,0.0,2e-05,4e-05,2e-05,0.0,0.0,0
53155,4e-05,0.0,3e-05,0.00017,0.00014,0.0,2e-05,0.0,0
53156,9e-05,0.0,-5e-05,-0.00029,0.0002,-2e-05,-2e-05,1e-05,0
53157,-4e-05,-1e-05,5e-05,7e-05,-0.00059,6e-05,4e-05,1e-05,0
53158,-4e-05,-1e-05,5e-05,7e-05,-0.00059,6e-05,4e-05,1e-05,0
53159,-4e-05,-1e-05,5e-05,7e-05,-0.00059,6e-05,4e-05,1e-05,0
53160,-4e-05,-1e-05,5e-05,7e-05,-0.00059,6e-05,4e-05,1e-05,0
53161,-4e-05,-1e-05,5e-05,7e-05,-0.00059,6e-05,4e-05,1e-05,0
53162,-4e-05,-1e-05,5e-05,7e-05,-0.00059,6e-05,4e-05,1e-05,0
53163,-4e-05,-1e-05,5e-05,7e-05,-0.00059,6e-05,4e-05,1e-05,0
53164,-4e-05,-1e-05,5e-05,7e-05,-0.00059,6e-05,4e-05,1e-05,0
53165,-4e-05,-1e-05,5e-05,7e-05,-0.00059,6e-05,4e-05,1e-05,0
53166,-4e-05,-1e-05,5e-05,7e-05,-0.00059,6e-05,4e-05,1e-05,0
53167,-4e-05,-1e-05,5e-05,7e-05,-0.00059,6e-05,4e-05,1e-05,0
53168,-4e-05,-1e-05,5e-05,7e-05,-0.00059,6e-05,4e-05,1e-05,0
53169,-4e-05,-1e-05,5e-05,7e-05,-0.00059,6e-05,4e-05,1e-05,0
53170,-0.00019,-5e-05,2e-05,0.00019,-2e-05,5e-05,1e-05,-1e-05,0
53171,-0.00019,-5e-05,2e-05,0.00019,-2e-05,5e-05,1e-05,-1e-05,0
53172,-4e-05,-8e-05,-6e-05,-0.00021,-0.00061,-9e-05,-4e-05,-2e-05,0
53173,-4e-05,-8e-05,-6e-05,-0.00021,-0.00061,-9e-05,-4e-05,-2e-05,0
53174,-4e-05,-8e-05,-6e-05,-0.00021,-0.00061,-9e-05,-4e-05,-2e-05,0
53175,-4e-05,-8e-05,-6e-05,-0.00021,-0.00061,-9e-05,-4e-05,-2e-05,0
53176,-4e-05,-8e-05,-6e-05,-0.00021,-0.00061,-9e-05,-4e-05,-2e-05,0
53177,-4e-05,-8e-05,-6e-05,-0.00021,-0.00061,-9e-05,-4e-05,-2e-05,0
53178,-4e-05,-8e-05,-6e-05,-0.00021,-0.00061,-9e-05,-4e-05,-2e-05,0
53179,-4e-05,-8e-05,-6e-05,-0.00021,-0.00061,-9e-05,-4e-05,-2e-05,0
53180,-4e-05,-8e-05,-6e-05,-0.00021,-0.00061,-9e-05,-4e-05,-2e-05,0
53181,-4e-05,-8e-05,-6e-05,-0.00021,-0.00061,-9e-05,-4e-05,-2e-05,0
53182,-4e-05,-8e-05,-6e-05,-0.00021,-0.00061,-9e-05,-4e-05,-2e-05,0
53183,-4e-05,-8e-05,-6e-05,-0.00021,-0.00061,-9e-05,-4e-05,-2e-05,0
53184,-4e-05,-8e-05,-6e-05,-0.00021,-0.00061,-9e-05,-4e-05,-2e-05,0
53185,-4e-05,-8e-05,-6e-05,-0.00021,-0.00061,-9e-05,-4e-05,-2e-05,0
53186,-4e-05,-8e-05,-6e-05,-0.00021,-0.00061,-9e-05,-4e-05,-2e-05,0
53188,-4e-05,-8e-05,-6e-05,-0.00021,-0.00061,-9e-05,-4e-05,-2e-05,0
53189,-4e-05,-8e-05,-6e-05,-0.00021,-0.00061,-9e-05,-4e-05,-2e-05,0
53190,-4e-05,-8e-05,-6e-05,-0.00021,-0.00061,-9e-05,-4e-05,-2e-05,0
53191,-4e-05,-8e-05,-6e-05,-0.00021,-0.00061,-9e-05,-4e-05,-2e-05,0
53192,-4e-05,-8e-05,-6e-05,-0.00021,-0.00061,-9e-05,-4e-05,-2e-05,0
53193,-0.00012,0.0,-3e-05,-0.00013,0.00034,-0.00012,-6e-05,-5e-05,0
53194,-0.00012,0.0,-3e-05,-0.00013,0.00034,-0.00012,-6e-05,-5e-05,0
53195,0.00013,-8e-05,3e-05,-3e-05,0.00057,7e-05,-2e-05,-3e-05,0
53196,0.00013,-8e-05,3e-05,-3e-05,0.00057,7e-05,-2e-05,-3e-05,0
53197,0.00013,-8e-05,3e-05,-3e-05,0.00057,7e-05,-2e-05,-3e-05,0
53198,0.00013,-8e-05,3e-05,-3e-05,0.00057,7e-05,-2e-05,-3e-05,0
53199,0.00013,-8e-05,3e-05,-3e-05,0.00057,7e-05,-2e-05,-3e-05,0
53200,0.00013,-8e-05,3e-05,-3e-05,0.00057,7e-05,-2e-05,-3e-05,0
53201,0.00013,-8e-05,3e-05,-3e-05,0.00057,7e-05,-2e-05,-3e-05,0
53202,0.00013,-8e-05,3e-05,-3e-05,0.00057,7e-05,-2e-05,-3e-05,0
53204,0.00013,-8e-05,3e-05,-3e-05,0.00057,7e-05,-2e-05,-3e-05,0
53205,0.00013,-8e-05,3e-05,-3e-05,0.00057,7e-05,-2e-05,-3e-05,0
53206,0.00013,-8e-05,3e-05,-3e-05,0.00057,7e-05,-2e-05,-3e-05,0
53207,-2e-05,-5e-05,-3e-05,-0.00033,-0.00047,5e-05,5e-05,2e-05,0
53208,-2e-05,-5e-05,-3e-05,-0.00033,-0.00047,5e-05,5e-05,2e-05,0
53209,-2e-05,-5e-05,-3e-05,-0.00033,-0.00047,5e-05,5e-05,2e-05,0
53210,-2e-05,-5e-05,-3e-05,-0.00033,-0.00047,5e-05,5e-05,2e-05,0
53211,-2e-05,-5e-05,-3e-05,-0.00033,-0.00047,5e-05,5e-05,2e-05,0
53212,-2e-05,-5e-05,-3e-05,-0.00033,-0.00047,5e-05,5e-05,2e-05,0
53213,-2e-05,-5e-05,-3e-05,-0.00033,-0.00047,5e-05,5e-05,2e-05,0
53214,-2e-05,-5e-05,-3e-05,-0.00033,-0.00047,5e-05,5e-05,2e-05,0
53215,-2e-05,-5e-05,-3e-05,-0.00033,-0.00047,5e-05,5e-05,2e-05,0
53216,0.0002,0.00013,1e-05,-0.00018,-9e-05,-0.00014,-3e-05,1e-05,0
53217,0.0002,0.00013,1e-05,-0.00018,-9e-05,-0.00014,-3e-05,1e-05,0
53218,0.0002,0.00013,1e-05,-0.00018,-9e-05,-0.00014,-3e-05,1e-05,0
53219,0.0002,0.00013,1e-05,-0.00018,-9e-05,-0.00014,-3e-05,1e-05,0
53220,0.0002,0.00013,1e-05,-0.00018,-9e-05,-0.00014,-3e-05,1e-05,0
53221,0.0002,0.00013,1e-05,-0.00018,-9e-05,-0.00014,-3e-05,1e-05,0
53222,0.0002,0.00013,1e-05,-0.00018,-9e-05,-0.00014,-3e-05,1e-05,0
53223,0.0002,0.00013,1e-05,-0.00018,-9e-05,-0.00014,-3e-05,1e-05,0
53224,0.0002,0.00013,1e-05,-0.00018,-9e-05,-0.00014,-3e-05,1e-05,0
53225,0.0002,0.00013,1e-05,-0.00018,-9e-05,-0.00014,-3e-05,1e-05,0
53226,0.0002,0.00013,1e-05,-0.00018,-9e-05,-0.00014,-3e-05,1e-05,0
53227,0.0002,0.00013,1e-05,-0.00018,-9e-05,-0.00014,-3e-05,1e-05,0
53228,0.0002,0.00013,1e-05,-0.00018,-9e-05,-0.00014,-3e-05,1e-05,0
53229,0.0002,0.00013,1e-05,-0.00018,-9e-05,-0.00014,-3e-05,1e-05,0
53230,-9e-05,-1e-05,9e-05,0.00018,0.0005,3e-05,-1e-05,-2e-05,0
53231,-9e-05,-1e-05,9e-05,0.00018,0.0005,3e-05,-1e-05,-2e-05,0
53232,0.00018,0.0001,0.00018,0.00028,-0.00051,1e-05,9e-05,0.0001,0
53233,0.00018,0.0001,0.00018,0.00028,-0.00051,1e-05,9e-05,0.0001,0
53234,0.00018,0.0001,0.00018,0.00028,-0.00051,1e-05,9e-05,0.0001,0
53235,0.00018,0.0001,0.00018,0.00028,-0.00051,1e-05,9e-05,0.0001,0
53236,0.00018,0.0001,0.00018,0.00028,-0.00051,1e-05,9e-05,0.0001,0
53238,0.00018,0.0001,0.00018,0.00028,-0.00051,1e-05,9e-05,0.0001,0
53239,0.00018,0.0001,0.00018,0.00028,-0.00051,1e-05,9e-05,0.0001,0
53240,0.00018,0.0001,0.00018,0.00028,-0.00051,1e-05,9e-05,0.0001,0
53241,0.00018,0.0001,0.00018,0.00028,-0.00051,1e-05,9e-05,0.0001,0
53242,0.00018,0.0001,0.00018,0.00028,-0.00051,1e-05,9e-05,0.0001,0
53243,0.00018,0.0001,0.00018,0.00028,-0.00051,1e-05,9e-05,0.0001,0
53244,0.00018,0.0001,0.00018,0.00028,-0.00051,1e-05,9e-05,0.0001,0
53245,0.00018,0.0001,0.00018,0.00028,-0.00051,1e-05,9e-05,0.0001,0
53246,0.00018,0.0001,0.00018,0.00028,-0.00051,1e-05,9e-05,0.0001,0
53247,0.00018,0.0001,0.00018,0.00028,-0.00051,1e-05,9e-05,0.0001,0
53248,0.00018,0.0001,0.00018,0.00028,-0.00051,1e-05,9e-05,0.0001,0
53249,0.00018,0.0001,0.00018,0.00028,-0.00051,1e-05,9e-05,0.0001,0
53250,0.00018,0.0001,0.00018,0.00028,-0.00051,1e-05,9e-05,0.0001,0
53251,0.00018,0.0001,0.00018,0.00028,-0.00051,1e-05,9e-05,0.0001,0
53252,0.00018,0.0001,0.00018,0.00028,-0.00051,1e-05,9e-05,0.0001,0
53254,0.00035,3e-05,-4e-05,0.0,-0.00064,-7e-05,7e-05,4e-05,0
53255,0.00035,3e-05,-4e-05,0.0,-0.00064,-7e-05,7e-05,4e-05,0
53256,0.00035,3e-05,-4e-05,0.0,-0.00064,-7e-05,7e-05,4e-05,0
53257,0.00035,3e-05,-4e-05,0.0,-0.00064,-7e-05,7e-05,4e-05,0
53258,0.00035,3e-05,-4e-05,0.0,-0.00064,-7e-05,7e-05,4e-05,0
53259,-8e-05,-1e-05,8e-05,-2e-05,-0.00066,3e-05,-2e-05,-5e-05,0
53260,-8e-05,-1e-05,8e-05,-2e-05,-0.00066,3e-05,-2e-05,-5e-05,0
53261,-8e-05,-1e-05,8e-05,-2e-05,-0.00066,3e-05,-2e-05,-5e-05,0
53262,-8e-05,-1e-05,8e-05,-2e-05,-0.00066,3e-05,-2e-05,-5e-05,0
53263,-8e-05,-1e-05,8e-05,-2e-05,-0.00066,3e-05,-2e-05,-5e-05,0
53264,-8e-05,-1e-05,8e-05,-2e-05,-0.00066,3e-05,-2e-05,-5e-05,0
53265,-8e-05,-1e-05,8e-05,-2e-05,-0.00066,3e-05,-2e-05,-5e-05,0
53266,-8e-05,-1e-05,8e-05,-2e-05,-0.00066,3e-05,-2e-05,-5e-05,0
53267,-8e-05,-1e-05,8e-05,-2e-05,-0.00066,3e-05,-2e-05,-5e-05,0
53268,-8e-05,-1e-05,8e-05,-2e-05,-0.00066,3e-05,-2e-05,-5e-05,0
53269,-8e-05,-1e-05,8e-05,-2e-05,-0.00066,3e-05,-2e-05,-5e-05,0
53270,-8e-05,-1e-05,8e-05,-2e-05,-0.00066,3e-05,-2e-05,-5e-05,0
53271,-8e-05,-1e-05,8e-05,-2e-05,-0.00066,3e-05,-2e-05,-5e-05,0
53272,-8e-05,-1e-05,8e-05,-2e-05,-0.00066,3e-05,-2e-05,-5e-05,0
53273,-8e-05,-1e-05,8e-05,-2e-05,-0.00066,3e-05,-2e-05,-5e-05,0
53274,-8e-05,-1e-05,8e-05,-2e-05,-0.00066,3e-05,-2e-05,-5e-05,0
53275,-0.00012,-2e-05,-0.00015,-0.00049,-0.0009,-0.00029,-0.0001,-5e-05,0
53276,7e-05,2e-05,0.00011,0.00058,0.00059,0.00023,7e-05,6e-05,0
53277,5e-05,2e-05,7e-05,-0.00011,-0.00044,0.00031,3e-05,2e-05,0
53278,5e-05,2e-05,7e-05,-0.00011,-0.00044,0.00031,3e-05,2e-05,0
53279,5e-05,2e-05,7e-05,-0.00011,-0.00044,0.00031,3e-05,2e-05,0
53280,5e-05,2e-05,7e-05,-0.00011,-0.00044,0.00031,3e-05,2e-05,0
53281,5e-05,2e-05,7e-05,-0.00011,-0.00044,0.00031,3e-05,2e-05,0
53282,5e-05,2e-05,7e-05,-0.00011,-0.00044,0.00031,3e-05,2e-05,0
53283,5e-05,2e-05,7e-05,-0.00011,-0.00044,0.00031,3e-05,2e-05,0
53284,5e-05,2e-05,7e-05,-0.00011,-0.00044,0.00031,3e-05,2e-05,0
53285,5e-05,2e-05,7e-05,-0.00011,-0.00044,0.00031,3e-05,2e-05,0
53286,5e-05,2e-05,7e-05,-0.00011,-0.00044,0.00031,3e-05,2e-05,0
53289,5e-05,2e-05,7e-05,-0.00011,-0.00044,0.00031,3e-05,2e-05,0
53290,5e-05,2e-05,7e-05,-0.00011,-0.00044,0.00031,3e-05,2e-05,0
53291,5e-05,2e-05,7e-05,-0.00011,-0.00044,0.00031,3e-05,2e-05,0
53292,5e-05,2e-05,7e-05,-0.00011,-0.00044,0.00031,3e-05,2e-05,0
53293,5e-05,2e-05,7e-05,-0.00011,-0.00044,0.00031,3e-05,2e-05,0
53294,5e-05,2e-05,7e-05,-0.00011,-0.00044,0.00031,3e-05,2e-05,0
53295,5e-05,2e-05,7e-05,-0.00011,-0.00044,0.00031,3e-05,2e-05,0
53296,5e-05,2e-05,7e-05,-0.00011,-0.00044,0.00031,3e-05,2e-05,0
53297,5e-05,2e-05,7e-05,-0.00011,-0.00044,0.00031,3e-05,2e-05,0
53298,-8e-05,-0.00013,-0.00013,-0.0002,-0.00052,-0.00012,-5e-05,-5e-05,0
53299,0.00028,0.00011,0.0002,0.00067,-0.00064,-6e-05,8e-05,6e-05,0
53300,-0.00016,-0.00024,-0.00034,-0.00063,-7e-05,-0.00016,-0.00014,-4e-05,0
53301,-0.00016,-0.00024,-0.00034,-0.00063,-7e-05,-0.00016,-0.00014,-4e-05,0
53302,-0.00016,-0.00024,-0.00034,-0.00063,-7e-05,-0.00016,-0.00014,-4e-05,0
53304,-0.00016,-0.00024,-0.00034,-0.00063,-7e-05,-0.00016,-0.00014,-4e-05,0
53305,-0.00016,-0.00024,-0.00034,-0.00063,-7e-05,-0.00016,-0.00014,-4e-05,0
53306,-0.00016,-0.00024,-0.00034,-0.00063,-7e-05,-0.00016,-0.00014,-4e-05,0
53308,-0.00016,-0.00024,-0.00034,-0.00063,-7e-05,-0.00016,-0.00014,-4e-05,0
53309,-0.00016,-0.00024,-0.00034,-0.00063,-7e-05,-0.00016,-0.00014,-4e-05,0
53310,-0.00016,-0.00024,-0.00034,-0.00063,-7e-05,-0.00016,-0.00014,-4e-05,0
53311,-0.00016,-0.00024,-0.00034,-0.00063,-7e-05,-0.00016,-0.00014,-4e-05,0
53312,-0.00016,-0.00024,-0.00034,-0.00063,-7e-05,-0.00016,-0.00014,-4e-05,0
53313,0.0,5e-05,8e-05,-0.00077,0.00049,0.0001,-2e-05,1e-05,0
53314,-0.00011,-8e-05,-0.00016,-0.00019,-0.00039,0.00072,-0.00015,-6e-05,0
53315,-6e-05,-6e-05,-0.00013,0.00014,0.00052,-0.00013,9e-05,-2e-05,0
53316,-6e-05,-6e-05,-0.00013,0.00014,0.00052,-0.00013,9e-05,-2e-05,0
53317,-6e-05,-6e-05,-0.00013,0.00014,0.00052,-0.00013,9e-05,-2e-05,0
53318,-6e-05,-6e-05,-0.00013,0.00014,0.00052,-0.00013,9e-05,-2e-05,0
53319,-6e-05,-6e-05,-0.00013,0.00014,0.00052,-0.00013,9e-05,-2e-05,0
53320,-6e-05,-6e-05,-0.00013,0.00014,0.00052,-0.00013,9e-05,-2e-05,0
53321,-6e-05,-6e-05,-0.00013,0.00014,0.00052,-0.00013,9e-05,-2e-05,0
53322,-6e-05,-6e-05,-0.00013,0.00014,0.00052,-0.00013,9e-05,-2e-05,0
53323,-6e-05,-6e-05,-0.00013,0.00014,0.00052,-0.00013,9e-05,-2e-05,0
53324,-6e-05,-6e-05,-0.00013,0.00014,0.00052,-0.00013,9e-05,-2e-05,0
53325,-6e-05,-6e-05,-0.00013,0.00014,0.00052,-0.00013,9e-05,-2e-05,0
53326,1e-05,-3e-05,8e-05,5e-05,0.00026,6e-05,1e-05,1e-05,0
53327,-0.00036,-7e-05,-1e-05,9e-05,-0.00052,-0.00026,-6e-05,-6e-05,0
53328,-0.00036,-7e-05,-1e-05,9e-05,-0.00052,-0.00026,-6e-05,-6e-05,0
53329,-0.00036,-7e-05,-1e-05,9e-05,-0.00052,-0.00026,-6e-05,-6e-05,0
53330,-0.00036,-7e-05,-1e-05,9e-05,-0.00052,-0.00026,-6e-05,-6e-05,0
53331,-0.00036,-7e-05,-1e-05,9e-05,-0.00052,-0.00026,-6e-05,-6e-05,0
53332,-0.00036,-7e-05,-1e-05,9e-05,-0.00052,-0.00026,-6e-05,-6e-05,0
53333,-0.00036,-7e-05,-1e-05,9e-05,-0.00052,-0.00026,-6e-05,-6e-05,0
53334,-0.00036,-7e-05,-1e-05,9e-05,-0.00052,-0.00026,-6e-05,-6e-05,0
53335,-0.00036,-7e-05,-1e-05,9e-05,-0.00052,-0.00026,-6e-05,-6e-05,0
53336,-0.00012,-5e-05,-2e-05,-0.00047,-0.0003,-0.00023,-0.00011,-7e-05,0
53338,-0.00012,-5e-05,-2e-05,-0.00047,-0.0003,-0.00023,-0.00011,-7e-05,0
53339,-0.00012,-5e-05,-2e-05,-0.00047,-0.0003,-0.00023,-0.00011,-7e-05,0
53340,-0.00012,-5e-05,-2e-05,-0.00047,-0.0003,-0.00023,-0.00011,-7e-05,0
53341,-0.00012,-5e-05,-2e-05,-0.00047,-0.0003,-0.00023,-0.00011,-7e-05,0
53342,-0.00012,-5e-05,-2e-05,-0.00047,-0.0003,-0.00023,-0.00011,-7e-05,0
53343,-0.00012,-5e-05,-2e-05,-0.00047,-0.0003,-0.00023,-0.00011,-7e-05,0
53344,-0.00012,-5e-05,-2e-05,-0.00047,-0.0003,-0.00023,-0.00011,-7e-05,0
53345,-0.00012,-5e-05,-2e-05,-0.00047,-0.0003,-0.00023,-0.00011,-7e-05,0
53346,-0.00012,-5e-05,-2e-05,-0.00047,-0.0003,-0.00023,-0.00011,-7e-05,0
53347,-0.00012,-5e-05,-2e-05,-0.00047,-0.0003,-0.00023,-0.00011,-7e-05,0
53348,-0.00012,-5e-05,-2e-05,-0.00047,-0.0003,-0.00023,-0.00011,-7e-05,0
53349,-0.00012,-5e-05,-2e-05,-0.00047,-0.0003,-0.00023,-0.00011,-7e-05,0
53350,1e-05,-3e-05,-6e-05,5e-05,-0.00036,0.00014,4e-05,0.0,0
53351,1e-05,-3e-05,-6e-05,5e-05,-0.00036,0.00014,4e-05,0.0,0
53352,-6e-05,0.00016,0.00026,0.00094,-0.00054,0.00012,0.00011,7e-05,0
53354,-6e-05,0.00016,0.00026,0.00094,-0.00054,0.00012,0.00011,7e-05,0
53355,-6e-05,0.00016,0.00026,0.00094,-0.00054,0.00012,0.00011,7e-05,0
53356,-6e-05,0.00016,0.00026,0.00094,-0.00054,0.00012,0.00011,7e-05,0
53357,-6e-05,0.00016,0.00026,0.00094,-0.00054,0.00012,0.00011,7e-05,0
53358,-6e-05,0.00016,0.00026,0.00094,-0.00054,0.00012,0.00011,7e-05,0
53359,-6e-05,0.00016,0.00026,0.00094,-0.00054,0.00012,0.00011,7e-05,0
53360,-6e-05,0.00016,0.00026,0.00094,-0.00054,0.00012,0.00011,7e-05,0
53361,-6e-05,0.00016,0.00026,0.00094,-0.00054,0.00012,0.00011,7e-05,0
53362,-6e-05,0.00016,0.00026,0.00094,-0.00054,0.00012,0.00011,7e-05,0
53363,-6e-05,0.00016,0.00026,0.00094,-0.00054,0.00012,0.00011,7e-05,0
53364,-6e-05,0.00016,0.00026,0.00094,-0.00054,0.00012,0.00011,7e-05,0
53365,-6e-05,0.00016,0.00026,0.00094,-0.00054,0.00012,0.00011,7e-05,0
53366,-6e-05,0.00016,0.00026,0.00094,-0.00054,0.00012,0.00011,7e-05,0
53367,-6e-05,0.00016,0.00026,0.00094,-0.00054,0.00012,0.00011,7e-05,0
53368,-6e-05,0.00016,0.00026,0.00094,-0.00054,0.00012,0.00011,7e-05,0
53369,-6e-05,0.00016,0.00026,0.00094,-0.00054,0.00012,0.00011,7e-05,0
53370,-6e-05,0.00016,0.00026,0.00094,-0.00054,0.00012,0.00011,7e-05,0
53371,-6e-05,0.00016,0.00026,0.00094,-0.00054,0.00012,0.00011,7e-05,0
53372,-6e-05,0.00016,0.00026,0.00094,-0.00054,0.00012,0.00011,7e-05,0
53373,5e-05,-0.00017,-0.00018,0.00026,0.00024,-0.00017,-4e-05,-5e-05,0
53374,-8e-05,-6e-05,0.00012,-5e-05,0.00025,-0.00027,-7e-05,-4e-05,0
53375,5e-05,-4e-05,-0.00019,-0.0001,0.00099,-1e-05,-1e-05,-2e-05,0
53376,5e-05,-4e-05,-0.00019,-0.0001,0.00099,-1e-05,-1e-05,-2e-05,0
53377,5e-05,-4e-05,-0.00019,-0.0001,0.00099,-1e-05,-1e-05,-2e-05,0
53378,5e-05,-4e-05,-0.00019,-0.0001,0.00099,-1e-05,-1e-05,-2e-05,0
53379,5e-05,-4e-05,-0.00019,-0.0001,0.00099,-1e-05,-1e-05,-2e-05,0
53380,5e-05,-4e-05,-0.00019,-0.0001,0.00099,-1e-05,-1e-05,-2e-05,0
53381,5e-05,-4e-05,-0.00019,-0.0001,0.00099,-1e-05,-1e-05,-2e-05,0
53382,5e-05,-4e-05,-0.00019,-0.0001,0.00099,-1e-05,-1e-05,-2e-05,0
53383,5e-05,-4e-05,-0.00019,-0.0001,0.00099,-1e-05,-1e-05,-2e-05,0
53384,5e-05,-4e-05,-0.00019,-0.0001,0.00099,-1e-05,-1e-05,-2e-05,0
53385,5e-05,-4e-05,-0.00019,-0.0001,0.00099,-1e-05,-1e-05,-2e-05,0
53386,2e-05,4e-05,4e-05,-0.00013,-0.0008,9e-05,2e-05,3e-05,0
53388,7e-05,4e-05,9e-05,0.00038,0.0007,-0.00034,-0.00012,-2e-05,0
53389,7e-05,4e-05,9e-05,0.00038,0.0007,-0.00034,-0.00012,-2e-05,0
53390,7e-05,4e-05,9e-05,0.00038,0.0007,-0.00034,-0.00012,-2e-05,0
53391,7e-05,4e-05,9e-05,0.00038,0.0007,-0.00034,-0.00012,-2e-05,0
53392,7e-05,4e-05,9e-05,0.00038,0.0007,-0.00034,-0.00012,-2e-05,0
53393,7e-05,4e-05,9e-05,0.00038,0.0007,-0.00034,-0.00012,-2e-05,0
53394,7e-05,4e-05,9e-05,0.00038,0.0007,-0.00034,-0.00012,-2e-05,0
53395,-3e-05,-6e-05,-0.00014,-0.00019,-0.00022,-0.00048,-9e-05,-7e-05,0
53396,5e-05,3e-05,-2e-05,-0.00013,-0.00021,-0.00014,-6e-05,2e-05,0
53397,5e-05,3e-05,-2e-05,-0.00013,-0.00021,-0.00014,-6e-05,2e-05,0
53398,5e-05,3e-05,-2e-05,-0.00013,-0.00021,-0.00014,-6e-05,2e-05,0
53399,5e-05,3e-05,-2e-05,-0.00013,-0.00021,-0.00014,-6e-05,2e-05,0
53400,5e-05,3e-05,-2e-05,-0.00013,-0.00021,-0.00014,-6e-05,2e-05,0
53401,5e-05,3e-05,-2e-05,-0.00013,-0.00021,-0.00014,-6e-05,2e-05,0
53402,5e-05,3e-05,-2e-05,-0.00013,-0.00021,-0.00014,-6e-05,2e-05,0
53404,5e-05,3e-05,-2e-05,-0.00013,-0.00021,-0.00014,-6e-05,2e-05,0
53405,5e-05,3e-05,-2e-05,-0.00013,-0.00021,-0.00014,-6e-05,2e-05,0
53406,5e-05,3e-05,-2e-05,-0.00013,-0.00021,-0.00014,-6e-05,2e-05,0
53407,5e-05,3e-05,-2e-05,-0.00013,-0.00021,-0.00014,-6e-05,2e-05,0
53408,5e-05,3e-05,-2e-05,-0.00013,-0.00021,-0.00014,-6e-05,2e-05,0
53409,5e-05,3e-05,-2e-05,-0.00013,-0.00021,-0.00014,-6e-05,2e-05,0
53410,6e-05,-5e-05,1e-05,0.00012,-0.00051,-0.00013,-3e-05,3e-05,0
53411,6e-05,-5e-05,1e-05,0.00012,-0.00051,-0.00013,-3e-05,3e-05,0
53412,0.00029,-2e-05,5e-05,0.00025,-0.00044,-0.00019,-0.00011,-4e-05,0
53413,0.00029,-2e-05,5e-05,0.00025,-0.00044,-0.00019,-0.00011,-4e-05,0
53414,0.00029,-2e-05,5e-05,0.00025,-0.00044,-0.00019,-0.00011,-4e-05,0
53415,0.00029,-2e-05,5e-05,0.00025,-0.00044,-0.00019,-0.00011,-4e-05,0
53416,0.00029,-2e-05,5e-05,0.00025,-0.00044,-0.00019,-0.00011,-4e-05,0
53417,0.00029,-2e-05,5e-05,0.00025,-0.00044,-0.00019,-0.00011,-4e-05,0
53418,0.00029,-2e-05,5e-05,0.00025,-0.00044,-0.00019,-0.00011,-4e-05,0
53419,0.00029,-2e-05,5e-05,0.00025,-0.00044,-0.00019,-0.00011,-4e-05,0
53420,0.00029,-2e-05,5e-05,0.00025,-0.00044,-0.00019,-0.00011,-4e-05,0
53421,0.00029,-2e-05,5e-05,0.00025,-0.00044,-0.00019,-0.00011,-4e-05,0
53422,0.00029,-2e-05,5e-05,0.00025,-0.00044,-0.00019,-0.00011,-4e-05,0
53423,0.00029,-2e-05,5e-05,0.00025,-0.00044,-0.00019,-0.00011,-4e-05,0
53424,0.00029,-2e-05,5e-05,0.00025,-0.00044,-0.00019,-0.00011,-4e-05,0
53425,0.00029,-2e-05,5e-05,0.00025,-0.00044,-0.00019,-0.00011,-4e-05,0
53426,0.00029,-2e-05,5e-05,0.00025,-0.00044,-0.00019,-0.00011,-4e-05,0
53427,0.00029,-2e-05,5e-05,0.00025,-0.00044,-0.00019,-0.00011,-4e-05,0
53428,0.00029,-2e-05,5e-05,0.00025,-0.00044,-0.00019,-0.00011,-4e-05,0
53429,0.00029,-2e-05,5e-05,0.00025,-0.00044,-0.00019,-0.00011,-4e-05,0
53430,0.00029,-2e-05,5e-05,0.00025,-0.00044,-0.00019,-0.00011,-4e-05,0
53431,0.00029,-2e-05,5e-05,0.00025,-0.00044,-0.00019,-0.00011,-4e-05,0
53432,0.00029,-2e-05,5e-05,0.00025,-0.00044,-0.00019,-0.00011,-4e-05,0
53433,0.00029,-2e-05,5e-05,0.00025,-0.00044,-0.00019,-0.00011,-4e-05,0
53434,-0.00012,-0.00013,-5e-05,1e-05,-0.00028,-7e-05,-3e-05,1e-05,0
53435,-0.00012,-0.00013,-5e-05,1e-05,-0.00028,-7e-05,-3e-05,1e-05,0
53436,-0.00022,-7e-05,-1e-05,-0.00047,0.00011,0.0003,4e-05,-2e-05,0
53438,-0.00022,-7e-05,-1e-05,-0.00047,0.00011,0.0003,4e-05,-2e-05,0
53439,-0.00022,-7e-05,-1e-05,-0.00047,0.00011,0.0003,4e-05,-2e-05,0
53440,-0.00022,-7e-05,-1e-05,-0.00047,0.00011,0.0003,4e-05,-2e-05,0
53441,-0.00022,-7e-05,-1e-05,-0.00047,0.00011,0.0003,4e-05,-2e-05,0
53442,-0.00022,-7e-05,-1e-05,-0.00047,0.00011,0.0003,4e-05,-2e-05,0
53443,-0.00022,-7e-05,-1e-05,-0.00047,0.00011,0.0003,4e-05,-2e-05,0
53444,-0.00022,-7e-05,-1e-05,-0.00047,0.00011,0.0003,4e-05,-2e-05,0
53445,-0.00022,-7e-05,-1e-05,-0.00047,0.00011,0.0003,4e-05,-2e-05,0
53446,4e-05,9e-05,0.00015,0.00097,0.00036,0.0002,4e-05,5e-05,0
53447,0.00016,2e-05,-0.00013,0.00017,0.0002,0.00013,-1e-05,-1e-05,0
53448,0.00016,2e-05,-0.00013,0.00017,0.0002,0.00013,-1e-05,-1e-05,0
53449,0.00016,2e-05,-0.00013,0.00017,0.0002,0.00013,-1e-05,-1e-05,0
53450,0.00016,2e-05,-0.00013,0.00017,0.0002,0.00013,-1e-05,-1e-05,0
53451,0.00016,2e-05,-0.00013,0.00017,0.0002,0.00013,-1e-05,-1e-05,0
53452,0.00016,2e-05,-0.00013,0.00017,0.0002,0.00013,-1e-05,-1e-05,0
53454,0.00016,2e-05,-0.00013,0.00017,0.0002,0.00013,-1e-05,-1e-05,0
53455,0.00016,2e-05,-0.00013,0.00017,0.0002,0.00013,-1e-05,-1e-05,0
53456,-0.00013,-0.0001,-9e-05,0.0009,0.00091,0.00021,-3e-05,0.0,0
53457,-0.00013,-0.0001,-9e-05,0.0009,0.00091,0.00021,-3e-05,0.0,0
53458,-0.00013,-0.0001,-9e-05,0.0009,0.00091,0.00021,-3e-05,0.0,0
53459,-0.00013,-0.0001,-9e-05,0.0009,0.00091,0.00021,-3e-05,0.0,0
53460,-0.00013,-0.0001,-9e-05,0.0009,0.00091,0.00021,-3e-05,0.0,0
53461,-0.00013,-0.0001,-9e-05,0.0009,0.00091,0.00021,-3e-05,0.0,0
53462,-0.00013,-0.0001,-9e-05,0.0009,0.00091,0.00021,-3e-05,0.0,0
53463,-0.00013,-0.0001,-9e-05,0.0009,0.00091,0.00021,-3e-05,0.0,0
53464,-0.00013,-0.0001,-9e-05,0.0009,0.00091,0.00021,-3e-05,0.0,0
53465,-0.00013,-0.0001,-9e-05,0.0009,0.00091,0.00021,-3e-05,0.0,0
53466,-0.00013,-0.0001,-9e-05,0.0009,0.00091,0.00021,-3e-05,0.0,0
53467,-0.00013,-0.0001,-9e-05,0.0009,0.00091,0.00021,-3e-05,0.0,0
53468,-0.00013,-0.0001,-9e-05,0.0009,0.00091,0.00021,-3e-05,0.0,0
53469,-0.00013,-0.0001,-9e-05,0.0009,0.00091,0.00021,-3e-05,0.0,0
53470,-0.00018,-0.00017,-0.00044,0.00056,0.00105,-6e-05,-0.00015,-9e-05,0
53471,-0.00018,-0.00017,-0.00044,0.00056,0.00105,-6e-05,-0.00015,-9e-05,0
53472,-0.00061,-1e-05,3e-05,0.0002,0.00106,-0.00012,0.0,-0.0002,0
53473,-0.00061,-1e-05,3e-05,0.0002,0.00106,-0.00012,0.0,-0.0002,0
53474,-0.00061,-1e-05,3e-05,0.0002,0.00106,-0.00012,0.0,-0.0002,0
53475,-0.00061,-1e-05,3e-05,0.0002,0.00106,-0.00012,0.0,-0.0002,0
53476,-0.00061,-1e-05,3e-05,0.0002,0.00106,-0.00012,0.0,-0.0002,0
53477,-0.00061,-1e-05,3e-05,0.0002,0.00106,-0.00012,0.0,-0.0002,0
53478,-0.00061,-1e-05,3e-05,0.0002,0.00106,-0.00012,0.0,-0.0002,0
53479,-0.00061,-1e-05,3e-05,0.0002,0.00106,-0.00012,0.0,-0.0002,0
53480,-0.00061,-1e-05,3e-05,0.0002,0.00106,-0.00012,0.0,-0.0002,0
53481,-0.00061,-1e-05,3e-05,0.0002,0.00106,-0.00012,0.0,-0.0002,0
53482,-0.00061,-1e-05,3e-05,0.0002,0.00106,-0.00012,0.0,-0.0002,0
53483,-0.00061,-1e-05,3e-05,0.0002,0.00106,-0.00012,0.0,-0.0002,0
53484,-0.00061,-1e-05,3e-05,0.0002,0.00106,-0.00012,0.0,-0.0002,0
53485,-0.00061,-1e-05,3e-05,0.0002,0.00106,-0.00012,0.0,-0.0002,0
53486,-0.00061,-1e-05,3e-05,0.0002,0.00106,-0.00012,0.0,-0.0002,0
53488,-0.00061,-1e-05,3e-05,0.0002,0.00106,-0.00012,0.0,-0.0002,0
53489,-0.00061,-1e-05,3e-05,0.0002,0.00106,-0.00012,0.0,-0.0002,0
53490,-0.00061,-1e-05,3e-05,0.0002,0.00106,-0.00012,0.0,-0.0002,0
53491,-0.00061,-1e-05,3e-05,0.0002,0.00106,-0.00012,0.0,-0.0002,0
53492,-0.00061,-1e-05,3e-05,0.0002,0.00106,-0.00012,0.0,-0.0002,0
53493,-0.00039,-2e-05,8e-05,-0.00067,-0.00083,-0.00018,-7e-05,-0.00013,0
53494,6e-05,0.00014,0.0002,-0.00081,-0.00065,0.00015,0.00018,0.00012,0
53495,6e-05,0.00014,0.0002,-0.00081,-0.00065,0.00015,0.00018,0.00012,0
53496,6e-05,0.00014,0.0002,-0.00081,-0.00065,0.00015,0.00018,0.00012,0
53497,6e-05,0.00014,0.0002,-0.00081,-0.00065,0.00015,0.00018,0.00012,0
53498,6e-05,0.00014,0.0002,-0.00081,-0.00065,0.00015,0.00018,0.00012,0
53499,6e-05,0.00014,0.0002,-0.00081,-0.00065,0.00015,0.00018,0.00012,0
53500,6e-05,0.00014,0.0002,-0.00081,-0.00065,0.00015,0.00018,0.00012,0
53501,6e-05,0.00014,0.0002,-0.00081,-0.00065,0.00015,0.00018,0.00012,0
53502,6e-05,0.00014,0.0002,-0.00081,-0.00065,0.00015,0.00018,0.00012,0
53504,6e-05,0.00014,0.0002,-0.00081,-0.00065,0.00015,0.00018,0.00012,0
53505,6e-05,0.00014,0.0002,-0.00081,-0.00065,0.00015,0.00018,0.00012,0
53506,-0.00026,-5e-05,3e-05,0.00052,-2e-05,-0.00015,-5e-05,-1e-05,0
53507,-1e-05,5e-05,4e-05,-0.0001,0.00065,0.0001,-1e-05,-5e-05,0
53508,-1e-05,5e-05,4e-05,-0.0001,0.00065,0.0001,-1e-05,-5e-05,0
53509,-1e-05,5e-05,4e-05,-0.0001,0.00065,0.0001,-1e-05,-5e-05,0
53510,-1e-05,5e-05,4e-05,-0.0001,0.00065,0.0001,-1e-05,-5e-05,0
53511,-1e-05,5e-05,4e-05,-0.0001,0.00065,0.0001,-1e-05,-5e-05,0
53512,-1e-05,5e-05,4e-05,-0.0001,0.00065,0.0001,-1e-05,-5e-05,0
53513,-1e-05,5e-05,4e-05,-0.0001,0.00065,0.0001,-1e-05,-5e-05,0
53514,-1e-05,5e-05,4e-05,-0.0001,0.00065,0.0001,-1e-05,-5e-05,0
53515,-0.00011,-6e-05,-0.00013,-0.0005,-0.00037,0.00036,-0.0001,-5e-05,0
53516,-0.00013,-0.00014,-0.00012,-0.00035,-0.00099,-0.00046,2e-05,0.0,0
53517,-0.00013,-0.00014,-0.00012,-0.00035,-0.00099,-0.00046,2e-05,0.0,0
53518,-0.00013,-0.00014,-0.00012,-0.00035,-0.00099,-0.00046,2e-05,0.0,0
53519,-0.00013,-0.00014,-0.00012,-0.00035,-0.00099,-0.00046,2e-05,0.0,0
53520,-0.00013,-0.00014,-0.00012,-0.00035,-0.00099,-0.00046,2e-05,0.0,0
53521,-0.00013,-0.00014,-0.00012,-0.00035,-0.00099,-0.00046,2e-05,0.0,0
53522,-0.00013,-0.00014,-0.00012,-0.00035,-0.00099,-0.00046,2e-05,0.0,0
53523,-0.00013,-0.00014,-0.00012,-0.00035,-0.00099,-0.00046,2e-05,0.0,0
53524,-0.00013,-0.00014,-0.00012,-0.00035,-0.00099,-0.00046,2e-05,0.0,0
53525,-0.00013,-0.00014,-0.00012,-0.00035,-0.00099,-0.00046,2e-05,0.0,0
53526,-0.00013,-0.00014,-0.00012,-0.00035,-0.00099,-0.00046,2e-05,0.0,0
53527,-0.00013,-0.00014,-0.00012,-0.00035,-0.00099,-0.00046,2e-05,0.0,0
53528,-0.00013,-0.00014,-0.00012,-0.00035,-0.00099,-0.00046,2e-05,0.0,0
53529,-0.00013,-0.00014,-0.00012,-0.00035,-0.00099,-0.00046,2e-05,0.0,0
53530,1e-05,3e-05,-0.00013,0.00016,-0.0006,-5e-05,-0.00012,-9e-05,0
53531,0.00032,0.00014,0.00016,-0.00041,0.00034,7e-05,6e-05,0.00014,0
53532,-3e-05,-3e-05,-5e-05,-0.00015,8e-05,6e-05,-8e-05,-1e-05,0
53533,-3e-05,-3e-05,-5e-05,-0.00015,8e-05,6e-05,-8e-05,-1e-05,0
53534,-3e-05,-3e-05,-5e-05,-0.00015,8e-05,6e-05,-8e-05,-1e-05,0
53535,-3e-05,-3e-05,-5e-05,-0.00015,8e-05,6e-05,-8e-05,-1e-05,0
53536,-3e-05,-3e-05,-5e-05,-0.00015,8e-05,6e-05,-8e-05,-1e-05,0
53538,-3e-05,-3e-05,-5e-05,-0.00015,8e-05,6e-05,-8e-05,-1e-05,0
53539,-3e-05,-3e-05,-5e-05,-0.00015,8e-05,6e-05,-8e-05,-1e-05,0
53540,-3e-05,-3e-05,-5e-05,-0.00015,8e-05,6e-05,-8e-05,-1e-05,0
53541,-3e-05,-3e-05,-5e-05,-0.00015,8e-05,6e-05,-8e-05,-1e-05,0
53542,-3e-05,-3e-05,-5e-05,-0.00015,8e-05,6e-05,-8e-05,-1e-05,0
53543,-3e-05,-3e-05,-5e-05,-0.00015,8e-05,6e-05,-8e-05,-1e-05,0
53544,-3e-05,-3e-05,-5e-05,-0.00015,8e-05,6e-05,-8e-05,-1e-05,0
53545,-3e-05,-3e-05,-5e-05,-0.00015,8e-05,6e-05,-8e-05,-1e-05,0
53546,-3e-05,-3e-05,-5e-05,-0.00015,8e-05,6e-05,-8e-05,-1e-05,0
53547,-3e-05,-3e-05,-5e-05,-0.00015,8e-05,6e-05,-8e-05,-1e-05,0
53548,-3e-05,-3e-05,-5e-05,-0.00015,8e-05,6e-05,-8e-05,-1e-05,0
53549,-3e-05,-3e-05,-5e-05,-0.00015,8e-05,6e-05,-8e-05,-1e-05,0
53550,-3e-05,-3e-05,-5e-05,-0.00015,8e-05,6e-05,-8e-05,-1e-05,0
53551,-3e-05,-3e-05,-5e-05,-0.00015,8e-05,6e-05,-8e-05,-1e-05,0
53552,-3e-05,-3e-05,-5e-05,-0.00015,8e-05,6e-05,-8e-05,-1e-05,0
53553,0.00022,-3e-05,-0.00021,0.00012,-0.00022,-7e-05,0.0,-1e-05,0
53554,0.00011,2e-05,0.00012,0.0,-0.00016,-7e-05,2e-05,7e-05,0
53555,0.00013,-2e-05,-0.00016,0.00036,0.00016,-2e-05,-6e-05,2e-05,0
53556,0.00013,-2e-05,-0.00016,0.00036,0.00016,-2e-05,-6e-05,2e-05,0
53557,0.00013,-2e-05,-0.00016,0.00036,0.00016,-2e-05,-6e-05,2e-05,0
53558,0.00013,-2e-05,-0.00016,0.00036,0.00016,-2e-05,-6e-05,2e-05,0
53559,0.00013,-2e-05,-0.00016,0.00036,0.00016,-2e-05,-6e-05,2e-05,0
53560,0.00013,-2e-05,-0.00016,0.00036,0.00016,-2e-05,-6e-05,2e-05,0
53561,0.00013,-2e-05,-0.00016,0.00036,0.00016,-2e-05,-6e-05,2e-05,0
53562,0.00013,-2e-05,-0.00016,0.00036,0.00016,-2e-05,-6e-05,2e-05,0
53563,0.00013,-2e-05,-0.00016,0.00036,0.00016,-2e-05,-6e-05,2e-05,0
53564,0.00013,-2e-05,-0.00016,0.00036,0.00016,-2e-05,-6e-05,2e-05,0
53565,0.00013,-2e-05,-0.00016,0.00036,0.00016,-2e-05,-6e-05,2e-05,0
53566,-0.00054,-0.00021,-0.00018,-0.00017,0.00022,-0.00025,-0.00011,-0.00017,0
53567,-8e-05,6e-05,0.00014,-0.00046,-0.00077,0.0,7e-05,-1e-05,0
53568,-8e-05,6e-05,0.00014,-0.00046,-0.00077,0.0,7e-05,-1e-05,0
53569,-8e-05,6e-05,0.00014,-0.00046,-0.00077,0.0,7e-05,-1e-05,0
53570,-8e-05,6e-05,0.00014,-0.00046,-0.00077,0.0,7e-05,-1e-05,0
53571,-8e-05,6e-05,0.00014,-0.00046,-0.00077,0.0,7e-05,-1e-05,0
53572,-8e-05,6e-05,0.00014,-0.00046,-0.00077,0.0,7e-05,-1e-05,0
53573,-8e-05,6e-05,0.00014,-0.00046,-0.00077,0.0,7e-05,-1e-05,0
53574,-8e-05,6e-05,0.00014,-0.00046,-0.00077,0.0,7e-05,-1e-05,0
53575,-0.00048,-4e-05,0.00017,0.00036,0.00038,-0.00011,-3e-05,-7e-05,0
53576,0.00065,8e-05,-0.00023,-0.00015,1e-05,-0.00013,-6e-05,4e-05,0
53577,0.00065,8e-05,-0.00023,-0.00015,1e-05,-0.00013,-6e-05,4e-05,0
53578,0.00065,8e-05,-0.00023,-0.00015,1e-05,-0.00013,-6e-05,4e-05,0
53579,0.00065,8e-05,-0.00023,-0.00015,1e-05,-0.00013,-6e-05,4e-05,0
53580,0.00065,8e-05,-0.00023,-0.00015,1e-05,-0.00013,-6e-05,4e-05,0
53581,0.00065,8e-05,-0.00023,-0.00015,1e-05,-0.00013,-6e-05,4e-05,0
53582,0.00065,8e-05,-0.00023,-0.00015,1e-05,-0.00013,-6e-05,4e-05,0
53583,0.00065,8e-05,-0.00023,-0.00015,1e-05,-0.00013,-6e-05,4e-05,0
53584,0.00065,8e-05,-0.00023,-0.00015,1e-05,-0.00013,-6e-05,4e-05,0
53585,0.00065,8e-05,-0.00023,-0.00015,1e-05,-0.00013,-6e-05,4e-05,0
53586,0.00065,8e-05,-0.00023,-0.00015,1e-05,-0.00013,-6e-05,4e-05,0
53588,0.00065,8e-05,-0.00023,-0.00015,1e-05,-0.00013,-6e-05,4e-05,0
53589,0.00065,8e-05,-0.00023,-0.00015,1e-05,-0.00013,-6e-05,4e-05,0
53590,0.00065,8e-05,-0.00023,-0.00015,1e-05,-0.00013,-6e-05,4e-05,0
53592,-0.00011,-0.00018,-0.00033,0.00011,0.00045,-0.00036,6e-05,2e-05,0
53593,-0.00011,-0.00018,-0.00033,0.00011,0.00045,-0.00036,6e-05,2e-05,0
53594,0.00045,7e-05,0.00026,0.00029,0.00106,-2e-05,1e-05,0.00011,0
53595,0.00045,7e-05,0.00026,0.00029,0.00106,-2e-05,1e-05,0.00011,0
53596,0.00045,7e-05,0.00026,0.00029,0.00106,-2e-05,1e-05,0.00011,0
53597,0.00045,7e-05,0.00026,0.00029,0.00106,-2e-05,1e-05,0.00011,0
53598,0.00045,7e-05,0.00026,0.00029,0.00106,-2e-05,1e-05,0.00011,0
53599,0.00045,7e-05,0.00026,0.00029,0.00106,-2e-05,1e-05,0.00011,0
53600,0.00045,7e-05,0.00026,0.00029,0.00106,-2e-05,1e-05,0.00011,0
53601,0.00045,7e-05,0.00026,0.00029,0.00106,-2e-05,1e-05,0.00011,0
53602,0.00045,7e-05,0.00026,0.00029,0.00106,-2e-05,1e-05,0.00011,0
53603,0.00045,7e-05,0.00026,0.00029,0.00106,-2e-05,1e-05,0.00011,0
53604,0.00045,7e-05,0.00026,0.00029,0.00106,-2e-05,1e-05,0.00011,0
53605,0.00045,7e-05,0.00026,0.00029,0.00106,-2e-05,1e-05,0.00011,0
53606,0.00045,7e-05,0.00026,0.00029,0.00106,-2e-05,1e-05,0.00011,0
53607,0.00045,7e-05,0.00026,0.00029,0.00106,-2e-05,1e-05,0.00011,0
53608,0.00045,7e-05,0.00026,0.00029,0.00106,-2e-05,1e-05,0.00011,0
53609,0.00045,7e-05,0.00026,0.00029,0.00106,-2e-05,1e-05,0.00011,0
53610,0.00045,7e-05,0.00026,0.00029,0.00106,-2e-05,1e-05,0.00011,0
53611,0.00045,7e-05,0.00026,0.00029,0.00106,-2e-05,1e-05,0.00011,0
53612,0.00045,7e-05,0.00026,0.00029,0.00106,-2e-05,1e-05,0.00011,0
53613,0.00064,0.00024,0.00059,0.0005,-0.00023,0.0005,0.0,0.00015,0
53614,-0.00055,-2e-05,0.00012,0.00025,0.00036,0.0001,-2e-05,-0.00011,0
53615,-0.00055,-2e-05,0.00012,0.00025,0.00036,0.0001,-2e-05,-0.00011,0
53616,-0.00055,-2e-05,0.00012,0.00025,0.00036,0.0001,-2e-05,-0.00011,0
53617,-0.00055,-2e-05,0.00012,0.00025,0.00036,0.0001,-2e-05,-0.00011,0
53618,-0.00055,-2e-05,0.00012,0.00025,0.00036,0.0001,-2e-05,-0.00011,0
53619,-0.00055,-2e-05,0.00012,0.00025,0.00036,0.0001,-2e-05,-0.00011,0
53620,-0.00055,-2e-05,0.00012,0.00025,0.00036,0.0001,-2e-05,-0.00011,0
53621,-0.00055,-2e-05,0.00012,0.00025,0.00036,0.0001,-2e-05,-0.00011,0
53622,-0.00055,-2e-05,0.00012,0.00025,0.00036,0.0001,-2e-05,-0.00011,0
53623,-0.00055,-2e-05,0.00012,0.00025,0.00036,0.0001,-2e-05,-0.00011,0
53624,-0.00055,-2e-05,0.00012,0.00025,0.00036,0.0001,-2e-05,-0.00011,0
53625,-0.00055,-2e-05,0.00012,0.00025,0.00036,0.0001,-2e-05,-0.00011,0
53626,0.00029,0.00014,-0.00017,-0.00054,-0.00127,2e-05,2e-05,0.0001,0
53627,6e-05,-0.0001,4e-05,0.00022,0.00097,0.0001,-7e-05,-5e-05,0
53628,6e-05,-0.0001,4e-05,0.00022,0.00097,0.0001,-7e-05,-5e-05,0
53629,6e-05,-0.0001,4e-05,0.00022,0.00097,0.0001,-7e-05,-5e-05,0
53630,6e-05,-0.0001,4e-05,0.00022,0.00097,0.0001,-7e-05,-5e-05,0
53631,6e-05,-0.0001,4e-05,0.00022,0.00097,0.0001,-7e-05,-5e-05,0
53632,6e-05,-0.0001,4e-05,0.00022,0.00097,0.0001,-7e-05,-5e-05,0
53633,6e-05,-0.0001,4e-05,0.00022,0.00097,0.0001,-7e-05,-5e-05,0
53634,6e-05,-0.0001,4e-05,0.00022,0.00097,0.0001,-7e-05,-5e-05,0
53635,0.0,-0.00022,-0.00018,-1e-05,-6e-05,3e-05,-1e-05,-5e-05,0
53636,0.0,-0.00022,-0.00018,-1e-05,-6e-05,3e-05,-1e-05,-5e-05,0
53638,0.0,-0.00022,-0.00018,-1e-05,-6e-05,3e-05,-1e-05,-5e-05,0
53640,0.0,-0.00022,-0.00018,-1e-05,-6e-05,3e-05,-1e-05,-5e-05,0
53641,0.0,-0.00022,-0.00018,-1e-05,-6e-05,3e-05,-1e-05,-5e-05,0
53642,0.0,-0.00022,-0.00018,-1e-05,-6e-05,3e-05,-1e-05,-5e-05,0
53643,0.0,-0.00022,-0.00018,-1e-05,-6e-05,3e-05,-1e-05,-5e-05,0
53644,0.0,-0.00022,-0.00018,-1e-05,-6e-05,3e-05,-1e-05,-5e-05,0
53645,0.0,-0.00022,-0.00018,-1e-05,-6e-05,3e-05,-1e-05,-5e-05,0
53646,0.0,-0.00022,-0.00018,-1e-05,-6e-05,3e-05,-1e-05,-5e-05,0
53647,0.0,-0.00022,-0.00018,-1e-05,-6e-05,3e-05,-1e-05,-5e-05,0
53648,0.0,-0.00022,-0.00018,-1e-05,-6e-05,3e-05,-1e-05,-5e-05,0
53649,0.0,-0.00022,-0.00018,-1e-05,-6e-05,3e-05,-1e-05,-5e-05,0
53650,-7e-05,-0.00011,-0.00018,-0.0002,0.00036,-3e-05,-5e-05,-6e-05,0
53651,5e-05,-5e-05,-0.00011,-0.0009,-0.00105,-0.00027,0.0,2e-05,0
53652,-0.00016,-0.00011,-0.00017,-0.00042,-0.00075,-0.00012,-9e-05,-5e-05,0
53653,-0.00016,-0.00011,-0.00017,-0.00042,-0.00075,-0.00012,-9e-05,-5e-05,0
53654,-0.00016,-0.00011,-0.00017,-0.00042,-0.00075,-0.00012,-9e-05,-5e-05,0
53655,-0.00016,-0.00011,-0.00017,-0.00042,-0.00075,-0.00012,-9e-05,-5e-05,0
53656,-0.00016,-0.00011,-0.00017,-0.00042,-0.00075,-0.00012,-9e-05,-5e-05,0
53657,-0.00016,-0.00011,-0.00017,-0.00042,-0.00075,-0.00012,-9e-05,-5e-05,0
53658,-0.00016,-0.00011,-0.00017,-0.00042,-0.00075,-0.00012,-9e-05,-5e-05,0
53659,-0.00016,-0.00011,-0.00017,-0.00042,-0.00075,-0.00012,-9e-05,-5e-05,0
53660,-0.00016,-0.00011,-0.00017,-0.00042,-0.00075,-0.00012,-9e-05,-5e-05,0
53661,-0.00016,-0.00011,-0.00017,-0.00042,-0.00075,-0.00012,-9e-05,-5e-05,0
53662,-0.00016,-0.00011,-0.00017,-0.00042,-0.00075,-0.00012,-9e-05,-5e-05,0
53663,-0.00016,-0.00011,-0.00017,-0.00042,-0.00075,-0.00012,-9e-05,-5e-05,0
53664,-0.00016,-0.00011,-0.00017,-0.00042,-0.00075,-0.00012,-9e-05,-5e-05,0
53665,-0.00016,-0.00011,-0.00017,-0.00042,-0.00075,-0.00012,-9e-05,-5e-05,0
53666,-0.00016,-0.00011,-0.00017,-0.00042,-0.00075,-0.00012,-9e-05,-5e-05,0
53667,-0.00016,-0.00011,-0.00017,-0.00042,-0.00075,-0.00012,-9e-05,-5e-05,0
53668,-0.00016,-0.00011,-0.00017,-0.00042,-0.00075,-0.00012,-9e-05,-5e-05,0
53669,-0.00016,-0.00011,-0.00017,-0.00042,-0.00075,-0.00012,-9e-05,-5e-05,0
53670,-0.00016,-0.00011,-0.00017,-0.00042,-0.00075,-0.00012,-9e-05,-5e-05,0
53671,-0.00016,-0.00011,-0.00017,-0.00042,-0.00075,-0.00012,-9e-05,-5e-05,0
53672,-0.00016,-0.00011,-0.00017,-0.00042,-0.00075,-0.00012,-9e-05,-5e-05,0
53673,-0.00038,-0.00011,-0.00025,0.00016,-0.00043,-5e-05,8e-05,-1e-05,0
53674,-0.00038,-0.00011,-0.00025,0.00016,-0.00043,-5e-05,8e-05,-1e-05,0
53675,-0.00019,5e-05,1e-05,8e-05,-0.00035,-8e-05,-6e-05,-0.0001,0
53676,-0.00019,5e-05,1e-05,8e-05,-0.00035,-8e-05,-6e-05,-0.0001,0
53677,-0.00019,5e-05,1e-05,8e-05,-0.00035,-8e-05,-6e-05,-0.0001,0
53678,-0.00019,5e-05,1e-05,8e-05,-0.00035,-8e-05,-6e-05,-0.0001,0
53679,-0.00019,5e-05,1e-05,8e-05,-0.00035,-8e-05,-6e-05,-0.0001,0
53680,-0.00019,5e-05,1e-05,8e-05,-0.00035,-8e-05,-6e-05,-0.0001,0
53681,-0.00019,5e-05,1e-05,8e-05,-0.00035,-8e-05,-6e-05,-0.0001,0
53682,-0.00019,5e-05,1e-05,8e-05,-0.00035,-8e-05,-6e-05,-0.0001,0
53683,-0.00019,5e-05,1e-05,8e-05,-0.00035,-8e-05,-6e-05,-0.0001,0
53684,-0.00019,5e-05,1e-05,8e-05,-0.00035,-8e-05,-6e-05,-0.0001,0
53685,-0.00019,5e-05,1e-05,8e-05,-0.00035,-8e-05,-6e-05,-0.0001,0
53686,-0.00019,5e-05,1e-05,8e-05,-0.00035,-8e-05,-6e-05,-0.0001,0
53688,-0.00019,5e-05,1e-05,8e-05,-0.00035,-8e-05,-6e-05,-0.0001,0
53689,-0.00019,5e-05,1e-05,8e-05,-0.00035,-8e-05,-6e-05,-0.0001,0
53690,-0.00019,5e-05,1e-05,8e-05,-0.00035,-8e-05,-6e-05,-0.0001,0
53691,-0.00019,5e-05,1e-05,8e-05,-0.00035,-8e-05,-6e-05,-0.0001,0
53692,-0.00019,5e-05,1e-05,8e-05,-0.00035,-8e-05,-6e-05,-0.0001,0
53693,-0.00019,5e-05,1e-05,8e-05,-0.00035,-8e-05,-6e-05,-0.0001,0
53694,-0.00019,5e-05,1e-05,8e-05,-0.00035,-8e-05,-6e-05,-0.0001,0
53695,-0.00043,-2e-05,-0.00026,-0.00013,-1e-05,-0.00011,-0.00018,-0.00021,0
53696,-0.00043,-2e-05,-0.00026,-0.00013,-1e-05,-0.00011,-0.00018,-0.00021,0
53697,0.00033,0.00021,0.00021,0.00052,0.00075,-0.00037,-5e-05,4e-05,0
53698,0.00033,0.00021,0.00021,0.00052,0.00075,-0.00037,-5e-05,4e-05,0
53699,0.00033,0.00021,0.00021,0.00052,0.00075,-0.00037,-5e-05,4e-05,0
53700,0.00033,0.00021,0.00021,0.00052,0.00075,-0.00037,-5e-05,4e-05,0
53701,0.00033,0.00021,0.00021,0.00052,0.00075,-0.00037,-5e-05,4e-05,0
53702,0.00033,0.00021,0.00021,0.00052,0.00075,-0.00037,-5e-05,4e-05,0
53703,0.00033,0.00021,0.00021,0.00052,0.00075,-0.00037,-5e-05,4e-05,0
53704,0.00033,0.00021,0.00021,0.00052,0.00075,-0.00037,-5e-05,4e-05,0
53705,0.00033,0.00021,0.00021,0.00052,0.00075,-0.00037,-5e-05,4e-05,0
53706,0.00033,0.00021,0.00021,0.00052,0.00075,-0.00037,-5e-05,4e-05,0
53707,0.00033,0.00021,0.00021,0.00052,0.00075,-0.00037,-5e-05,4e-05,0
53708,0.00033,0.00021,0.00021,0.00052,0.00075,-0.00037,-5e-05,4e-05,0
53709,0.00033,0.00021,0.00021,0.00052,0.00075,-0.00037,-5e-05,4e-05,0
53710,-2e-05,-6e-05,3e-05,0.00023,-0.00017,-0.00012,-3e-05,-2e-05,0
53711,-2e-05,-6e-05,3e-05,0.00023,-0.00017,-0.00012,-3e-05,-2e-05,0
53712,3e-05,3e-05,-0.00016,-0.00031,-0.00025,0.00019,0.0,-3e-05,0
53713,3e-05,3e-05,-0.00016,-0.00031,-0.00025,0.00019,0.0,-3e-05,0
53714,3e-05,3e-05,-0.00016,-0.00031,-0.00025,0.00019,0.0,-3e-05,0
53715,3e-05,3e-05,-0.00016,-0.00031,-0.00025,0.00019,0.0,-3e-05,0
53716,3e-05,3e-05,-0.00016,-0.00031,-0.00025,0.00019,0.0,-3e-05,0
53717,3e-05,3e-05,-0.00016,-0.00031,-0.00025,0.00019,0.0,-3e-05,0
53719,3e-05,3e-05,-0.00016,-0.00031,-0.00025,0.00019,0.0,-3e-05,0
53720,3e-05,3e-05,-0.00016,-0.00031,-0.00025,0.00019,0.0,-3e-05,0
53721,3e-05,3e-05,-0.00016,-0.00031,-0.00025,0.00019,0.0,-3e-05,0
53722,3e-05,3e-05,-0.00016,-0.00031,-0.00025,0.00019,0.0,-3e-05,0
53723,3e-05,3e-05,-0.00016,-0.00031,-0.00025,0.00019,0.0,-3e-05,0
53724,3e-05,3e-05,-0.00016,-0.00031,-0.00025,0.00019,0.0,-3e-05,0
53725,3e-05,3e-05,-0.00016,-0.00031,-0.00025,0.00019,0.0,-3e-05,0
53726,3e-05,3e-05,-0.00016,-0.00031,-0.00025,0.00019,0.0,-3e-05,0
53727,3e-05,3e-05,-0.00016,-0.00031,-0.00025,0.00019,0.0,-3e-05,0
53728,3e-05,3e-05,-0.00016,-0.00031,-0.00025,0.00019,0.0,-3e-05,0
53729,3e-05,3e-05,-0.00016,-0.00031,-0.00025,0.00019,0.0,-3e-05,0
53730,3e-05,3e-05,-0.00016,-0.00031,-0.00025,0.00019,0.0,-3e-05,0
53731,3e-05,3e-05,-0.00016,-0.00031,-0.00025,0.00019,0.0,-3e-05,0
53732,3e-05,3e-05,-0.00016,-0.00031,-0.00025,0.00019,0.0,-3e-05,0
53733,1e-05,-3e-05,-2e-05,0.00034,0.00057,-3e-05,-7e-05,-5e-05,0
53734,9e-05,0.00013,3e-05,-0.00021,-0.00044,-1e-05,2e-05,2e-05,0
53735,-0.00021,-4e-05,0.00011,-0.00046,-0.00033,-5e-05,-3e-05,0.0,0
53736,-0.00021,-4e-05,0.00011,-0.00046,-0.00033,-5e-05,-3e-05,0.0,0
53738,-0.00021,-4e-05,0.00011,-0.00046,-0.00033,-5e-05,-3e-05,0.0,0
53739,-0.00021,-4e-05,0.00011,-0.00046,-0.00033,-5e-05,-3e-05,0.0,0
53740,-0.00021,-4e-05,0.00011,-0.00046,-0.00033,-5e-05,-3e-05,0.0,0
53741,-0.00021,-4e-05,0.00011,-0.00046,-0.00033,-5e-05,-3e-05,0.0,0
53742,-0.00021,-4e-05,0.00011,-0.00046,-0.00033,-5e-05,-3e-05,0.0,0
53743,-0.00021,-4e-05,0.00011,-0.00046,-0.00033,-5e-05,-3e-05,0.0,0
53744,-0.00021,-4e-05,0.00011,-0.00046,-0.00033,-5e-05,-3e-05,0.0,0
53745,-0.00021,-4e-05,0.00011,-0.00046,-0.00033,-5e-05,-3e-05,0.0,0
53746,-0.00021,-4e-05,0.00011,-0.00046,-0.00033,-5e-05,-3e-05,0.0,0
53747,-0.00021,-4e-05,0.00011,-0.00046,-0.00033,-5e-05,-3e-05,0.0,0
53748,-0.00021,-4e-05,0.00011,-0.00046,-0.00033,-5e-05,-3e-05,0.0,0
53749,-0.00021,-4e-05,0.00011,-0.00046,-0.00033,-5e-05,-3e-05,0.0,0
53750,-0.00021,-4e-05,0.00011,-0.00046,-0.00033,-5e-05,-3e-05,0.0,0
53751,-0.00021,-4e-05,0.00011,-0.00046,-0.00033,-5e-05,-3e-05,0.0,0
53752,-0.00021,-4e-05,0.00011,-0.00046,-0.00033,-5e-05,-3e-05,0.0,0
53753,-0.00021,-4e-05,0.00011,-0.00046,-0.00033,-5e-05,-3e-05,0.0,0
53754,-0.00021,-4e-05,0.00011,-0.00046,-0.00033,-5e-05,-3e-05,0.0,0
53755,9e-05,-8e-05,-7e-05,-0.00024,-7e-05,3e-05,4e-05,-1e-05,0
53756,0.0003,8e-05,-0.00012,7e-05,0.00019,0.00018,2e-05,4e-05,0
53758,-9e-05,-6e-05,-0.00016,-0.00037,-0.00029,0.00027,0.0,-5e-05,5
53759,-9e-05,-6e-05,-0.00016,-0.00037,-0.00029,0.00027,0.0,-5e-05,5
53760,-9e-05,-6e-05,-0.00016,-0.00037,-0.00029,0.00027,0.0,-5e-05,5
53761,-9e-05,-6e-05,-0.00016,-0.00037,-0.00029,0.00027,0.0,-5e-05,5
53762,-9e-05,-6e-05,-0.00016,-0.00037,-0.00029,0.00027,0.0,-5e-05,5
53763,-9e-05,-6e-05,-0.00016,-0.00037,-0.00029,0.00027,0.0,-5e-05,5
53764,-9e-05,-6e-05,-0.00016,-0.00037,-0.00029,0.00027,0.0,-5e-05,5
53765,-9e-05,-6e-05,-0.00016,-0.00037,-0.00029,0.00027,0.0,-5e-05,5
53766,-9e-05,-6e-05,-0.00016,-0.00037,-0.00029,0.00027,0.0,-5e-05,5
53767,-9e-05,-6e-05,-0.00016,-0.00037,-0.00029,0.00027,0.0,-5e-05,5
53768,-9e-05,-6e-05,-0.00016,-0.00037,-0.00029,0.00027,0.0,-5e-05,5
53769,-6e-05,1e-05,9e-05,-0.00057,-0.00054,-7e-05,0.0,1e-05,5
53770,0.00014,-6e-05,6e-05,8e-05,0.00042,3e-05,-8e-05,-2e-05,5
53771,0.00014,-6e-05,6e-05,8e-05,0.00042,3e-05,-8e-05,-2e-05,5
53772,0.00014,-6e-05,6e-05,8e-05,0.00042,3e-05,-8e-05,-2e-05,5
53773,0.00014,-6e-05,6e-05,8e-05,0.00042,3e-05,-8e-05,-2e-05,5
53774,0.00014,-6e-05,6e-05,8e-05,0.00042,3e-05,-8e-05,-2e-05,5
53775,0.00014,-6e-05,6e-05,8e-05,0.00042,3e-05,-8e-05,-2e-05,5
53776,0.00014,-6e-05,6e-05,8e-05,0.00042,3e-05,-8e-05,-2e-05,5
53777,0.00014,-6e-05,6e-05,8e-05,0.00042,3e-05,-8e-05,-2e-05,5
53778,-0.00012,-4e-05,0.00021,0.001,0.00043,4e-05,-8e-05,-4e-05,5
53779,-0.00012,-4e-05,0.00021,0.001,0.00043,4e-05,-8e-05,-4e-05,5
53780,-0.00012,-4e-05,0.00021,0.001,0.00043,4e-05,-8e-05,-4e-05,5
53781,-0.00012,-4e-05,0.00021,0.001,0.00043,4e-05,-8e-05,-4e-05,5
53782,-0.00012,-4e-05,0.00021,0.001,0.00043,4e-05,-8e-05,-4e-05,5
53783,-0.00012,-4e-05,0.00021,0.001,0.00043,4e-05,-8e-05,-4e-05,5
53784,-0.00012,-4e-05,0.00021,0.001,0.00043,4e-05,-8e-05,-4e-05,5
53785,-0.00012,-4e-05,0.00021,0.001,0.00043,4e-05,-8e-05,-4e-05,5
53786,-0.00012,-4e-05,0.00021,0.001,0.00043,4e-05,-8e-05,-4e-05,5
53788,-0.00012,-4e-05,0.00021,0.001,0.00043,4e-05,-8e-05,-4e-05,5
53789,-0.00012,-4e-05,0.00021,0.001,0.00043,4e-05,-8e-05,-4e-05,5
53790,-0.00012,-4e-05,0.00021,0.001,0.00043,4e-05,-8e-05,-4e-05,5
53791,-0.00012,-4e-05,0.00021,0.001,0.00043,4e-05,-8e-05,-4e-05,5
53792,-0.00012,-4e-05,0.00021,0.001,0.00043,4e-05,-8e-05,-4e-05,5
53793,-0.00012,5e-05,0.00022,-7e-05,-0.00029,-2e-05,1e-05,-9e-05,5
53794,-5e-05,-0.00012,-0.00014,-0.00021,0.00034,9e-05,-9e-05,-4e-05,5
53795,-0.00022,2e-05,-7e-05,9e-05,-0.00048,7e-05,-1e-05,-3e-05,5
53796,-0.00022,2e-05,-7e-05,9e-05,-0.00048,7e-05,-1e-05,-3e-05,5
53797,-0.00022,2e-05,-7e-05,9e-05,-0.00048,7e-05,-1e-05,-3e-05,5
53798,-0.00022,2e-05,-7e-05,9e-05,-0.00048,7e-05,-1e-05,-3e-05,5
53799,-0.00022,2e-05,-7e-05,9e-05,-0.00048,7e-05,-1e-05,-3e-05,5
53800,-0.00022,2e-05,-7e-05,9e-05,-0.00048,7e-05,-1e-05,-3e-05,5
53801,-0.00022,2e-05,-7e-05,9e-05,-0.00048,7e-05,-1e-05,-3e-05,5
53802,-0.00022,2e-05,-7e-05,9e-05,-0.00048,7e-05,-1e-05,-3e-05,5
53803,-0.00022,2e-05,-7e-05,9e-05,-0.00048,7e-05,-1e-05,-3e-05,5
53804,-0.00022,2e-05,-7e-05,9e-05,-0.00048,7e-05,-1e-05,-3e-05,5
53805,-0.00022,2e-05,-7e-05,9e-05,-0.00048,7e-05,-1e-05,-3e-05,5
53806,-0.00022,2e-05,-7e-05,9e-05,-0.00048,7e-05,-1e-05,-3e-05,5
53807,-0.00022,2e-05,-7e-05,9e-05,-0.00048,7e-05,-1e-05,-3e-05,5
53808,-0.00022,2e-05,-7e-05,9e-05,-0.00048,7e-05,-1e-05,-3e-05,5
53809,-0.00022,2e-05,-7e-05,9e-05,-0.00048,7e-05,-1e-05,-3e-05,5
53810,-0.00022,2e-05,-7e-05,9e-05,-0.00048,7e-05,-1e-05,-3e-05,5
53811,-0.00022,2e-05,-7e-05,9e-05,-0.00048,7e-05,-1e-05,-3e-05,5
53812,-0.00022,2e-05,-7e-05,9e-05,-0.00048,7e-05,-1e-05,-3e-05,5
53813,-0.00022,2e-05,-7e-05,9e-05,-0.00048,7e-05,-1e-05,-3e-05,5
53814,-0.00022,2e-05,-7e-05,9e-05,-0.00048,7e-05,-1e-05,-3e-05,5
53815,-2e-05,8e-05,0.00036,0.00043,0.00037,-3e-05,-2e-05,-1e-05,5
53816,-2e-05,8e-05,0.00036,0.00043,0.00037,-3e-05,-2e-05,-1e-05,5
53817,-0.00013,-2e-05,-0.00018,0.00034,0.0005,0.0001,5e-05,-5e-05,5
53818,-0.00013,-2e-05,-0.00018,0.00034,0.0005,0.0001,5e-05,-5e-05,5
53819,-0.00013,-2e-05,-0.00018,0.00034,0.0005,0.0001,5e-05,-5e-05,5
53820,-0.00013,-2e-05,-0.00018,0.00034,0.0005,0.0001,5e-05,-5e-05,5
53821,-0.00013,-2e-05,-0.00018,0.00034,0.0005,0.0001,5e-05,-5e-05,5
53822,-0.00013,-2e-05,-0.00018,0.00034,0.0005,0.0001,5e-05,-5e-05,5
53823,-0.00013,-2e-05,-0.00018,0.00034,0.0005,0.0001,5e-05,-5e-05,5
53824,-0.00013,-2e-05,-0.00018,0.00034,0.0005,0.0001,5e-05,-5e-05,5
53825,-0.00013,-2e-05,-0.00018,0.00034,0.0005,0.0001,5e-05,-5e-05,5
53826,-0.00013,-2e-05,-0.00018,0.00034,0.0005,0.0001,5e-05,-5e-05,5
53827,-0.00013,-2e-05,-0.00018,0.00034,0.0005,0.0001,5e-05,-5e-05,5
53828,-0.00013,-2e-05,-0.00018,0.00034,0.0005,0.0001,5e-05,-5e-05,5
53829,-0.00013,-2e-05,-0.00018,0.00034,0.0005,0.0001,5e-05,-5e-05,5
53830,-9e-05,-5e-05,-0.00015,0.0,0.00061,-3e-05,-2e-05,-1e-05,5
53831,-9e-05,-5e-05,-0.00015,0.0,0.00061,-3e-05,-2e-05,-1e-05,5
53832,-9e-05,-5e-05,-0.00015,0.0,0.00061,-3e-05,-2e-05,-1e-05,5
53833,-9e-05,-5e-05,-0.00015,0.0,0.00061,-3e-05,-2e-05,-1e-05,5
53834,-9e-05,-5e-05,-0.00015,0.0,0.00061,-3e-05,-2e-05,-1e-05,5
53835,-9e-05,-5e-05,-0.00015,0.0,0.00061,-3e-05,-2e-05,-1e-05,5
53836,-0.00013,-2e-05,2e-05,-0.00018,-0.0005,9e-05,3e-05,-3e-05,5
53838,0.00026,-0.00019,-9e-05,-0.00041,-3e-05,-3e-05,-3e-05,5e-05,5
53839,0.00026,-0.00019,-9e-05,-0.00041,-3e-05,-3e-05,-3e-05,5e-05,5
53840,0.00026,-0.00019,-9e-05,-0.00041,-3e-05,-3e-05,-3e-05,5e-05,5
53841,0.00026,-0.00019,-9e-05,-0.00041,-3e-05,-3e-05,-3e-05,5e-05,5
53842,0.00026,-0.00019,-9e-05,-0.00041,-3e-05,-3e-05,-3e-05,5e-05,5
53843,0.00026,-0.00019,-9e-05,-0.00041,-3e-05,-3e-05,-3e-05,5e-05,5
53844,0.00026,-0.00019,-9e-05,-0.00041,-3e-05,-3e-05,-3e-05,5e-05,5
53845,0.00026,-0.00019,-9e-05,-0.00041,-3e-05,-3e-05,-3e-05,5e-05,5
53846,0.00026,-0.00019,-9e-05,-0.00041,-3e-05,-3e-05,-3e-05,5e-05,5
53847,0.00026,-0.00019,-9e-05,-0.00041,-3e-05,-3e-05,-3e-05,5e-05,5
53848,0.00026,-0.00019,-9e-05,-0.00041,-3e-05,-3e-05,-3e-05,5e-05,5
53849,0.00026,-0.00019,-9e-05,-0.00041,-3e-05,-3e-05,-3e-05,5e-05,5
53850,0.00026,-0.00019,-9e-05,-0.00041,-3e-05,-3e-05,-3e-05,5e-05,5
53851,0.00026,-0.00019,-9e-05,-0.00041,-3e-05,-3e-05,-3e-05,5e-05,5
53852,0.00026,-0.00019,-9e-05,-0.00041,-3e-05,-3e-05,-3e-05,5e-05,5
53853,0.00021,0.0001,-1e-05,0.00058,1e-05,1e-05,3e-05,4e-05,5
53854,-0.00035,-0.00033,-0.00025,-0.00013,-0.00053,-0.00014,-7e-05,-9e-05,5
53855,0.0002,0.00016,9e-05,-3e-05,-0.0002,0.00016,8e-05,7e-05,5
53856,0.0002,0.00016,9e-05,-3e-05,-0.0002,0.00016,8e-05,7e-05,5
53857,0.0002,0.00016,9e-05,-3e-05,-0.0002,0.00016,8e-05,7e-05,5
53858,0.0002,0.00016,9e-05,-3e-05,-0.0002,0.00016,8e-05,7e-05,5
53859,0.0002,0.00016,9e-05,-3e-05,-0.0002,0.00016,8e-05,7e-05,5
53860,0.0002,0.00016,9e-05,-3e-05,-0.0002,0.00016,8e-05,7e-05,5
53861,0.0002,0.00016,9e-05,-3e-05,-0.0002,0.00016,8e-05,7e-05,5
53862,0.0002,0.00016,9e-05,-3e-05,-0.0002,0.00016,8e-05,7e-05,5
53863,0.0002,0.00016,9e-05,-3e-05,-0.0002,0.00016,8e-05,7e-05,5
53864,0.0002,0.00016,9e-05,-3e-05,-0.0002,0.00016,8e-05,7e-05,5
53865,0.0002,0.00016,9e-05,-3e-05,-0.0002,0.00016,8e-05,7e-05,5
53866,0.0002,0.00016,9e-05,-3e-05,-0.0002,0.00016,8e-05,7e-05,5
53867,0.0002,0.00016,9e-05,-3e-05,-0.0002,0.00016,8e-05,7e-05,5
53868,0.0002,0.00016,9e-05,-3e-05,-0.0002,0.00016,8e-05,7e-05,5
53869,0.0002,0.00016,9e-05,-3e-05,-0.0002,0.00016,8e-05,7e-05,5
53870,0.0002,0.00016,9e-05,-3e-05,-0.0002,0.00016,8e-05,7e-05,5
53871,0.0002,0.00016,9e-05,-3e-05,-0.0002,0.00016,8e-05,7e-05,5
53872,0.0002,0.00016,9e-05,-3e-05,-0.0002,0.00016,8e-05,7e-05,5
53873,0.0002,0.00016,9e-05,-3e-05,-0.0002,0.00016,8e-05,7e-05,5
53874,0.0002,0.00016,9e-05,-3e-05,-0.0002,0.00016,8e-05,7e-05,5
53875,-0.00032,-0.00011,-4e-05,0.00021,1e-05,-0.00012,-0.0001,-8e-05,5
53876,-5e-05,6e-05,0.00023,-0.00093,-0.00087,0.0,3e-05,4e-05,5
53877,-0.00049,2e-05,-2e-05,0.00021,0.00049,-0.00012,1e-05,-3e-05,5
53878,-0.00049,2e-05,-2e-05,0.00021,0.00049,-0.00012,1e-05,-3e-05,5
53879,-0.00049,2e-05,-2e-05,0.00021,0.00049,-0.00012,1e-05,-3e-05,5
53880,-0.00049,2e-05,-2e-05,0.00021,0.00049,-0.00012,1e-05,-3e-05,5
53881,-0.00049,2e-05,-2e-05,0.00021,0.00049,-0.00012,1e-05,-3e-05,5
53882,-0.00049,2e-05,-2e-05,0.00021,0.00049,-0.00012,1e-05,-3e-05,5
53883,-0.00049,2e-05,-2e-05,0.00021,0.00049,-0.00012,1e-05,-3e-05,5
53884,-0.00049,2e-05,-2e-05,0.00021,0.00049,-0.00012,1e-05,-3e-05,5
53885,-0.00049,2e-05,-2e-05,0.00021,0.00049,-0.00012,1e-05,-3e-05,5
53886,-0.00049,2e-05,-2e-05,0.00021,0.00049,-0.00012,1e-05,-3e-05,5
53888,-0.00049,2e-05,-2e-05,0.00021,0.00049,-0.00012,1e-05,-3e-05,5
53889,-0.00049,2e-05,-2e-05,0.00021,0.00049,-0.00012,1e-05,-3e-05,5
53890,-0.0002,-7e-05,-4e-05,0.00015,-0.00015,5e-05,2e-05,1e-05,5
53891,-0.0002,-7e-05,-4e-05,0.00015,-0.00015,5e-05,2e-05,1e-05,5
53892,-0.0002,-7e-05,-4e-05,0.00015,-0.00015,5e-05,2e-05,1e-05,5
53893,-0.0002,-7e-05,-4e-05,0.00015,-0.00015,5e-05,2e-05,1e-05,5
53894,-0.0002,-7e-05,-4e-05,0.00015,-0.00015,5e-05,2e-05,1e-05,5
53895,-0.0002,-7e-05,-4e-05,0.00015,-0.00015,5e-05,2e-05,1e-05,5
53896,-0.00016,-1e-05,-0.00017,-0.0005,0.0008,-0.00011,-5e-05,-8e-05,5
53897,-0.00012,0.00024,0.00036,0.0002,0.00027,-8e-05,0.0001,5e-05,5
53898,-0.00012,0.00024,0.00036,0.0002,0.00027,-8e-05,0.0001,5e-05,5
53899,-0.00012,0.00024,0.00036,0.0002,0.00027,-8e-05,0.0001,5e-05,5
53900,-0.00012,0.00024,0.00036,0.0002,0.00027,-8e-05,0.0001,5e-05,5
53901,-0.00012,0.00024,0.00036,0.0002,0.00027,-8e-05,0.0001,5e-05,5
53902,-0.00012,0.00024,0.00036,0.0002,0.00027,-8e-05,0.0001,5e-05,5
53903,-0.00012,0.00024,0.00036,0.0002,0.00027,-8e-05,0.0001,5e-05,5
53904,-0.00012,0.00024,0.00036,0.0002,0.00027,-8e-05,0.0001,5e-05,5
53905,-0.00012,0.00024,0.00036,0.0002,0.00027,-8e-05,0.0001,5e-05,5
53906,-0.00012,0.00024,0.00036,0.0002,0.00027,-8e-05,0.0001,5e-05,5
53907,-0.00012,0.00024,0.00036,0.0002,0.00027,-8e-05,0.0001,5e-05,5
53908,-0.00012,0.00024,0.00036,0.0002,0.00027,-8e-05,0.0001,5e-05,5
53909,-0.00012,0.00024,0.00036,0.0002,0.00027,-8e-05,0.0001,5e-05,5
53910,-0.00012,0.00024,0.00036,0.0002,0.00027,-8e-05,0.0001,5e-05,5
53911,-0.00012,0.00024,0.00036,0.0002,0.00027,-8e-05,0.0001,5e-05,5
53912,-0.00012,0.00024,0.00036,0.0002,0.00027,-8e-05,0.0001,5e-05,5
53913,-0.00035,-0.0001,-0.0003,-0.00044,-0.00026,-5e-05,1e-05,-9e-05,5
53914,0.00073,0.00022,0.0002,0.00021,5e-05,0.00016,-3e-05,0.0001,5
53915,-0.00037,-0.00039,-0.00024,-7e-05,-0.00032,-6e-05,0.0001,-5e-05,5
53916,-0.00037,-0.00039,-0.00024,-7e-05,-0.00032,-6e-05,0.0001,-5e-05,5
53917,-0.00037,-0.00039,-0.00024,-7e-05,-0.00032,-6e-05,0.0001,-5e-05,5
53918,-0.00037,-0.00039,-0.00024,-7e-05,-0.00032,-6e-05,0.0001,-5e-05,5
53919,-0.00037,-0.00039,-0.00024,-7e-05,-0.00032,-6e-05,0.0001,-5e-05,5
53920,-0.00037,-0.00039,-0.00024,-7e-05,-0.00032,-6e-05,0.0001,-5e-05,5
53921,-0.00037,-0.00039,-0.00024,-7e-05,-0.00032,-6e-05,0.0001,-5e-05,5
53922,-0.00037,-0.00039,-0.00024,-7e-05,-0.00032,-6e-05,0.0001,-5e-05,5
53923,-0.00037,-0.00039,-0.00024,-7e-05,-0.00032,-6e-05,0.0001,-5e-05,5
53924,-0.00037,-0.00039,-0.00024,-7e-05,-0.00032,-6e-05,0.0001,-5e-05,5
53925,-0.00037,-0.00039,-0.00024,-7e-05,-0.00032,-6e-05,0.0001,-5e-05,5
53926,-0.00037,-0.00039,-0.00024,-7e-05,-0.00032,-6e-05,0.0001,-5e-05,5
53927,-0.00037,-0.00039,-0.00024,-7e-05,-0.00032,-6e-05,0.0001,-5e-05,5
53928,-0.00037,-0.00039,-0.00024,-7e-05,-0.00032,-6e-05,0.0001,-5e-05,5
53929,-0.00037,-0.00039,-0.00024,-7e-05,-0.00032,-6e-05,0.0001,-5e-05,5
53930,-0.00037,-0.00039,-0.00024,-7e-05,-0.00032,-6e-05,0.0001,-5e-05,5
53931,-0.00037,-0.00039,-0.00024,-7e-05,-0.00032,-6e-05,0.0001,-5e-05,5
53932,-0.00037,-0.00039,-0.00024,-7e-05,-0.00032,-6e-05,0.0001,-5e-05,5
53933,-0.00037,-0.00039,-0.00024,-7e-05,-0.00032,-6e-05,0.0001,-5e-05,5
53934,-0.00037,-0.00039,-0.00024,-7e-05,-0.00032,-6e-05,0.0001,-5e-05,5
53935,-0.00035,-8e-05,-7e-05,0.00017,0.0,0.0001,-2e-05,-7e-05,5
53936,-0.00035,-8e-05,-7e-05,0.00017,0.0,0.0001,-2e-05,-7e-05,5
53938,0.00042,-4e-05,-0.00011,-0.0001,0.00051,-0.00025,-0.00017,-3e-05,5
53939,0.00042,-4e-05,-0.00011,-0.0001,0.00051,-0.00025,-0.00017,-3e-05,5
53940,0.00042,-4e-05,-0.00011,-0.0001,0.00051,-0.00025,-0.00017,-3e-05,5
53941,0.00042,-4e-05,-0.00011,-0.0001,0.00051,-0.00025,-0.00017,-3e-05,5
53942,0.00042,-4e-05,-0.00011,-0.0001,0.00051,-0.00025,-0.00017,-3e-05,5
53943,0.00042,-4e-05,-0.00011,-0.0001,0.00051,-0.00025,-0.00017,-3e-05,5
53944,0.00042,-4e-05,-0.00011,-0.0001,0.00051,-0.00025,-0.00017,-3e-05,5
53945,0.00042,-4e-05,-0.00011,-0.0001,0.00051,-0.00025,-0.00017,-3e-05,5
53946,0.00042,-4e-05,-0.00011,-0.0001,0.00051,-0.00025,-0.00017,-3e-05,5
53947,0.00042,-4e-05,-0.00011,-0.0001,0.00051,-0.00025,-0.00017,-3e-05,5
53948,0.00042,-4e-05,-0.00011,-0.0001,0.00051,-0.00025,-0.00017,-3e-05,5
53949,0.00042,-4e-05,-0.00011,-0.0001,0.00051,-0.00025,-0.00017,-3e-05,5
53950,0.0,-0.00015,-0.00035,0.00026,0.00035,-7e-05,5e-05,6e-05,5
53951,0.0,-0.00015,-0.00035,0.00026,0.00035,-7e-05,5e-05,6e-05,5
53952,0.0,-0.00015,-0.00035,0.00026,0.00035,-7e-05,5e-05,6e-05,5
53953,0.0,-0.00015,-0.00035,0.00026,0.00035,-7e-05,5e-05,6e-05,5
53954,0.0,-0.00015,-0.00035,0.00026,0.00035,-7e-05,5e-05,6e-05,5
53955,0.0,-0.00015,-0.00035,0.00026,0.00035,-7e-05,5e-05,6e-05,5
53956,-0.0003,7e-05,-2e-05,-0.00069,0.00014,-0.0002,-8e-05,-0.00026,5
53957,0.00031,0.0001,0.00025,0.00027,-0.00086,0.00029,6e-05,7e-05,5
53958,0.00031,0.0001,0.00025,0.00027,-0.00086,0.00029,6e-05,7e-05,5
53959,0.00031,0.0001,0.00025,0.00027,-0.00086,0.00029,6e-05,7e-05,5
53960,0.00031,0.0001,0.00025,0.00027,-0.00086,0.00029,6e-05,7e-05,5
53961,0.00031,0.0001,0.00025,0.00027,-0.00086,0.00029,6e-05,7e-05,5
53962,0.00031,0.0001,0.00025,0.00027,-0.00086,0.00029,6e-05,7e-05,5
53963,0.00031,0.0001,0.00025,0.00027,-0.00086,0.00029,6e-05,7e-05,5
53964,0.00031,0.0001,0.00025,0.00027,-0.00086,0.00029,6e-05,7e-05,5
53965,0.00031,0.0001,0.00025,0.00027,-0.00086,0.00029,6e-05,7e-05,5
53966,0.00031,0.0001,0.00025,0.00027,-0.00086,0.00029,6e-05,7e-05,5
53967,0.00031,0.0001,0.00025,0.00027,-0.00086,0.00029,6e-05,7e-05,5
53968,0.00031,0.0001,0.00025,0.00027,-0.00086,0.00029,6e-05,7e-05,5
53969,0.00031,0.0001,0.00025,0.00027,-0.00086,0.00029,6e-05,7e-05,5
53970,0.00031,0.0001,0.00025,0.00027,-0.00086,0.00029,6e-05,7e-05,5
53971,0.00031,0.0001,0.00025,0.00027,-0.00086,0.00029,6e-05,7e-05,5
53972,0.00031,0.0001,0.00025,0.00027,-0.00086,0.00029,6e-05,7e-05,5
53973,-0.00011,5e-05,2e-05,0.00019,0.00094,-0.00014,-5e-05,-2e-05,5
53974,2e-05,2e-05,-0.00012,-0.00017,-3e-05,0.00042,5e-05,7e-05,5
53975,0.00084,5e-05,-3e-05,0.00011,-0.00048,-0.00018,-2e-05,6e-05,5
53976,0.00084,5e-05,-3e-05,0.00011,-0.00048,-0.00018,-2e-05,6e-05,5
53977,0.00084,5e-05,-3e-05,0.00011,-0.00048,-0.00018,-2e-05,6e-05,5
53978,0.00084,5e-05,-3e-05,0.00011,-0.00048,-0.00018,-2e-05,6e-05,5
53979,0.00084,5e-05,-3e-05,0.00011,-0.00048,-0.00018,-2e-05,6e-05,5
53980,0.00084,5e-05,-3e-05,0.00011,-0.00048,-0.00018,-2e-05,6e-05,5
53981,0.00084,5e-05,-3e-05,0.00011,-0.00048,-0.00018,-2e-05,6e-05,5
53982,0.00084,5e-05,-3e-05,0.00011,-0.00048,-0.00018,-2e-05,6e-05,5
53983,0.00084,5e-05,-3e-05,0.00011,-0.00048,-0.00018,-2e-05,6e-05,5
53984,0.00084,5e-05,-3e-05,0.00011,-0.00048,-0.00018,-2e-05,6e-05,5
53985,0.00084,5e-05,-3e-05,0.00011,-0.00048,-0.00018,-2e-05,6e-05,5
53986,0.00084,5e-05,-3e-05,0.00011,-0.00048,-0.00018,-2e-05,6e-05,5
53988,0.00084,5e-05,-3e-05,0.00011,-0.00048,-0.00018,-2e-05,6e-05,5
53989,0.00084,5e-05,-3e-05,0.00011,-0.00048,-0.00018,-2e-05,6e-05,5
53990,0.00084,5e-05,-3e-05,0.00011,-0.00048,-0.00018,-2e-05,6e-05,5
53991,0.00084,5e-05,-3e-05,0.00011,-0.00048,-0.00018,-2e-05,6e-05,5
53992,0.00084,5e-05,-3e-05,0.00011,-0.00048,-0.00018,-2e-05,6e-05,5
53993,0.00084,5e-05,-3e-05,0.00011,-0.00048,-0.00018,-2e-05,6e-05,5
53994,0.00084,5e-05,-3e-05,0.00011,-0.00048,-0.00018,-2e-05,6e-05,5
53995,-0.00109,-5e-05,8e-05,-2e-05,0.00036,0.0001,-1e-05,-0.00012,5
53996,0.0003,1e-05,-5e-05,-0.00031,-0.00068,-0.0001,0.0,4e-05,5
53997,-0.00027,-8e-05,-4e-05,0.00019,0.00117,0.00014,-1e-05,-4e-05,5
53998,-0.00027,-8e-05,-4e-05,0.00019,0.00117,0.00014,-1e-05,-4e-05,5
53999,-0.00027,-8e-05,-4e-05,0.00019,0.00117,0.00014,-1e-05,-4e-05,5
54000,-0.00027,-8e-05,-4e-05,0.00019,0.00117,0.00014,-1e-05,-4e-05,5
54001,-0.00027,-8e-05,-4e-05,0.00019,0.00117,0.00014,-1e-05,-4e-05,5
54002,-0.00027,-8e-05,-4e-05,0.00019,0.00117,0.00014,-1e-05,-4e-05,5
54003,-0.00027,-8e-05,-4e-05,0.00019,0.00117,0.00014,-1e-05,-4e-05,5
54004,-0.00027,-8e-05,-4e-05,0.00019,0.00117,0.00014,-1e-05,-4e-05,5
54005,-0.00027,-8e-05,-4e-05,0.00019,0.00117,0.00014,-1e-05,-4e-05,5
54006,-0.00027,-8e-05,-4e-05,0.00019,0.00117,0.00014,-1e-05,-4e-05,5
54007,-0.00027,-8e-05,-4e-05,0.00019,0.00117,0.00014,-1e-05,-4e-05,5
54008,-0.00027,-8e-05,-4e-05,0.00019,0.00117,0.00014,-1e-05,-4e-05,5
54009,-0.00027,-8e-05,-4e-05,0.00019,0.00117,0.00014,-1e-05,-4e-05,5
54010,-3e-05,-0.0001,0.00024,-6e-05,-2e-05,-5e-05,-4e-05,1e-05,5
54011,-3e-05,-0.0001,0.00024,-6e-05,-2e-05,-5e-05,-4e-05,1e-05,5
54012,-3e-05,-0.0001,0.00024,-6e-05,-2e-05,-5e-05,-4e-05,1e-05,5
54013,-3e-05,-0.0001,0.00024,-6e-05,-2e-05,-5e-05,-4e-05,1e-05,5
54014,-3e-05,-0.0001,0.00024,-6e-05,-2e-05,-5e-05,-4e-05,1e-05,5
54015,-3e-05,-0.0001,0.00024,-6e-05,-2e-05,-5e-05,-4e-05,1e-05,5
54016,5e-05,0.00012,-0.00015,0.0004,0.00014,5e-05,0.0,-2e-05,5
54017,-0.00019,-8e-05,-7e-05,-0.00061,0.00025,0.00011,3e-05,2e-05,5
54018,-0.00019,-8e-05,-7e-05,-0.00061,0.00025,0.00011,3e-05,2e-05,5
54019,-0.00019,-8e-05,-7e-05,-0.00061,0.00025,0.00011,3e-05,2e-05,5
54020,-0.00019,-8e-05,-7e-05,-0.00061,0.00025,0.00011,3e-05,2e-05,5
54021,-0.00019,-8e-05,-7e-05,-0.00061,0.00025,0.00011,3e-05,2e-05,5
54022,-0.00019,-8e-05,-7e-05,-0.00061,0.00025,0.00011,3e-05,2e-05,5
54023,-0.00019,-8e-05,-7e-05,-0.00061,0.00025,0.00011,3e-05,2e-05,5
54024,-0.00019,-8e-05,-7e-05,-0.00061,0.00025,0.00011,3e-05,2e-05,5
54025,-0.00019,-8e-05,-7e-05,-0.00061,0.00025,0.00011,3e-05,2e-05,5
54026,-0.00019,-8e-05,-7e-05,-0.00061,0.00025,0.00011,3e-05,2e-05,5
54027,-0.00019,-8e-05,-7e-05,-0.00061,0.00025,0.00011,3e-05,2e-05,5
54028,-0.00019,-8e-05,-7e-05,-0.00061,0.00025,0.00011,3e-05,2e-05,5
54029,-0.00019,-8e-05,-7e-05,-0.00061,0.00025,0.00011,3e-05,2e-05,5
54030,-0.00019,-8e-05,-7e-05,-0.00061,0.00025,0.00011,3e-05,2e-05,5
54031,-0.00019,-8e-05,-7e-05,-0.00061,0.00025,0.00011,3e-05,2e-05,5
54032,-0.00019,-8e-05,-7e-05,-0.00061,0.00025,0.00011,3e-05,2e-05,5
54033,0.00041,0.00024,0.00024,6e-05,-0.0005,-9e-05,0.0,4e-05,5
54034,-0.0002,-0.00011,-0.0001,-0.00059,-0.00072,1e-05,-3e-05,-6e-05,5
54035,-0.0002,-0.00011,-0.0001,-0.00059,-0.00072,1e-05,-3e-05,-6e-05,5
54036,-0.0002,-0.00011,-0.0001,-0.00059,-0.00072,1e-05,-3e-05,-6e-05,5
54039,-0.0002,-0.00011,-0.0001,-0.00059,-0.00072,1e-05,-3e-05,-6e-05,5
54040,-0.0002,-0.00011,-0.0001,-0.00059,-0.00072,1e-05,-3e-05,-6e-05,5
54041,-0.0002,-0.00011,-0.0001,-0.00059,-0.00072,1e-05,-3e-05,-6e-05,5
54042,-0.0002,-0.00011,-0.0001,-0.00059,-0.00072,1e-05,-3e-05,-6e-05,5
54043,-0.0002,-0.00011,-0.0001,-0.00059,-0.00072,1e-05,-3e-05,-6e-05,5
54044,-0.0002,-0.00011,-0.0001,-0.00059,-0.00072,1e-05,-3e-05,-6e-05,5
54045,-0.0002,-0.00011,-0.0001,-0.00059,-0.00072,1e-05,-3e-05,-6e-05,5
54046,-0.0002,-0.00011,-0.0001,-0.00059,-0.00072,1e-05,-3e-05,-6e-05,5
54047,-0.0002,-0.00011,-0.0001,-0.00059,-0.00072,1e-05,-3e-05,-6e-05,5
54048,-0.0002,-0.00011,-0.0001,-0.00059,-0.00072,1e-05,-3e-05,-6e-05,5
54049,-0.0002,-0.00011,-0.0001,-0.00059,-0.00072,1e-05,-3e-05,-6e-05,5
54050,-0.0002,-0.00011,-0.0001,-0.00059,-0.00072,1e-05,-3e-05,-6e-05,5
54051,-0.0002,-0.00011,-0.0001,-0.00059,-0.00072,1e-05,-3e-05,-6e-05,5
54052,-0.0002,-0.00011,-0.0001,-0.00059,-0.00072,1e-05,-3e-05,-6e-05,5
54053,-0.0002,-0.00011,-0.0001,-0.00059,-0.00072,1e-05,-3e-05,-6e-05,5
54054,-0.0002,-0.00011,-0.0001,-0.00059,-0.00072,1e-05,-3e-05,-6e-05,5
54055,0.00034,0.00013,0.00031,0.00023,0.00029,8e-05,8e-05,7e-05,5
54056,0.00034,0.00013,0.00031,0.00023,0.00029,8e-05,8e-05,7e-05,5
54057,-0.00031,7e-05,-3e-05,-0.0003,0.00021,-0.00028,-0.00014,-0.00014,5
54058,-0.00031,7e-05,-3e-05,-0.0003,0.00021,-0.00028,-0.00014,-0.00014,5
54059,-0.00031,7e-05,-3e-05,-0.0003,0.00021,-0.00028,-0.00014,-0.00014,5
54060,-0.00031,7e-05,-3e-05,-0.0003,0.00021,-0.00028,-0.00014,-0.00014,5
54061,-0.00031,7e-05,-3e-05,-0.0003,0.00021,-0.00028,-0.00014,-0.00014,5
54062,-0.00031,7e-05,-3e-05,-0.0003,0.00021,-0.00028,-0.00014,-0.00014,5
54063,-0.00031,7e-05,-3e-05,-0.0003,0.00021,-0.00028,-0.00014,-0.00014,5
54064,-0.00031,7e-05,-3e-05,-0.0003,0.00021,-0.00028,-0.00014,-0.00014,5
54065,-0.00031,7e-05,-3e-05,-0.0003,0.00021,-0.00028,-0.00014,-0.00014,5
54066,-0.00031,7e-05,-3e-05,-0.0003,0.00021,-0.00028,-0.00014,-0.00014,5
54067,-0.00031,7e-05,-3e-05,-0.0003,0.00021,-0.00028,-0.00014,-0.00014,5
54068,-0.00031,7e-05,-3e-05,-0.0003,0.00021,-0.00028,-0.00014,-0.00014,5
54069,-0.00031,7e-05,-3e-05,-0.0003,0.00021,-0.00028,-0.00014,-0.00014,5
54070,1e-05,-5e-05,-0.00011,-0.0003,0.00034,-2e-05,-6e-05,-1e-05,5
54071,1e-05,-5e-05,-0.00011,-0.0003,0.00034,-2e-05,-6e-05,-1e-05,5
54072,1e-05,-5e-05,-0.00011,-0.0003,0.00034,-2e-05,-6e-05,-1e-05,5
54073,1e-05,-5e-05,-0.00011,-0.0003,0.00034,-2e-05,-6e-05,-1e-05,5
54074,1e-05,-5e-05,-0.00011,-0.0003,0.00034,-2e-05,-6e-05,-1e-05,5
54075,1e-05,-5e-05,-0.00011,-0.0003,0.00034,-2e-05,-6e-05,-1e-05,5
54076,1e-05,-5e-05,-0.00011,-0.0003,0.00034,-2e-05,-6e-05,-1e-05,5
54077,-2e-05,2e-05,0.00011,-0.00016,-0.00058,-6e-05,-2e-05,1e-05,5
54078,-2e-05,2e-05,0.00011,-0.00016,-0.00058,-6e-05,-2e-05,1e-05,5
54079,-2e-05,2e-05,0.00011,-0.00016,-0.00058,-6e-05,-2e-05,1e-05,5
54080,-2e-05,2e-05,0.00011,-0.00016,-0.00058,-6e-05,-2e-05,1e-05,5
54081,-2e-05,2e-05,0.00011,-0.00016,-0.00058,-6e-05,-2e-05,1e-05,5
54082,-2e-05,2e-05,0.00011,-0.00016,-0.00058,-6e-05,-2e-05,1e-05,5
54083,-2e-05,2e-05,0.00011,-0.00016,-0.00058,-6e-05,-2e-05,1e-05,5
54084,-2e-05,2e-05,0.00011,-0.00016,-0.00058,-6e-05,-2e-05,1e-05,5
54085,-2e-05,2e-05,0.00011,-0.00016,-0.00058,-6e-05,-2e-05,1e-05,5
54086,-2e-05,2e-05,0.00011,-0.00016,-0.00058,-6e-05,-2e-05,1e-05,5
54088,-2e-05,2e-05,0.00011,-0.00016,-0.00058,-6e-05,-2e-05,1e-05,5
54089,-2e-05,2e-05,0.00011,-0.00016,-0.00058,-6e-05,-2e-05,1e-05,5
54090,-2e-05,2e-05,0.00011,-0.00016,-0.00058,-6e-05,-2e-05,1e-05,5
54091,-2e-05,2e-05,0.00011,-0.00016,-0.00058,-6e-05,-2e-05,1e-05,5
54092,-2e-05,2e-05,0.00011,-0.00016,-0.00058,-6e-05,-2e-05,1e-05,5
54093,-0.0001,-0.00014,-0.00026,0.00025,-0.00012,-7e-05,-2e-05,-6e-05,5
54094,-0.00017,1e-05,0.0,-0.00037,-0.00064,-0.00012,3e-05,0.00013,5
54095,-0.00013,2e-05,0.00012,0.00041,0.00065,-5e-05,-5e-05,-0.00014,5
54096,-0.00013,2e-05,0.00012,0.00041,0.00065,-5e-05,-5e-05,-0.00014,5
54097,-0.00013,2e-05,0.00012,0.00041,0.00065,-5e-05,-5e-05,-0.00014,5
54098,-0.00013,2e-05,0.00012,0.00041,0.00065,-5e-05,-5e-05,-0.00014,5
54099,-0.00013,2e-05,0.00012,0.00041,0.00065,-5e-05,-5e-05,-0.00014,5
54100,-0.00013,2e-05,0.00012,0.00041,0.00065,-5e-05,-5e-05,-0.00014,5
54101,-0.00013,2e-05,0.00012,0.00041,0.00065,-5e-05,-5e-05,-0.00014,5
54102,-0.00013,2e-05,0.00012,0.00041,0.00065,-5e-05,-5e-05,-0.00014,5
54103,-0.00013,2e-05,0.00012,0.00041,0.00065,-5e-05,-5e-05,-0.00014,5
54104,-0.00013,2e-05,0.00012,0.00041,0.00065,-5e-05,-5e-05,-0.00014,5
54105,-0.00013,2e-05,0.00012,0.00041,0.00065,-5e-05,-5e-05,-0.00014,5
54106,-0.00013,2e-05,0.00012,0.00041,0.00065,-5e-05,-5e-05,-0.00014,5
54107,-0.00013,2e-05,0.00012,0.00041,0.00065,-5e-05,-5e-05,-0.00014,5
54108,-0.00013,2e-05,0.00012,0.00041,0.00065,-5e-05,-5e-05,-0.00014,5
54109,-0.00013,2e-05,0.00012,0.00041,0.00065,-5e-05,-5e-05,-0.00014,5
54110,-0.00013,2e-05,0.00012,0.00041,0.00065,-5e-05,-5e-05,-0.00014,5
54111,-0.00013,2e-05,0.00012,0.00041,0.00065,-5e-05,-5e-05,-0.00014,5
54112,-0.00013,2e-05,0.00012,0.00041,0.00065,-5e-05,-5e-05,-0.00014,5
54113,-0.00013,2e-05,0.00012,0.00041,0.00065,-5e-05,-5e-05,-0.00014,5
54114,-0.00013,2e-05,0.00012,0.00041,0.00065,-5e-05,-5e-05,-0.00014,5
54115,0.00031,7e-05,-0.00022,0.0005,-0.00042,0.0,2e-05,-1e-05,5
54116,0.00031,7e-05,-0.00022,0.0005,-0.00042,0.0,2e-05,-1e-05,5
54117,6e-05,-3e-05,-0.00032,-0.00023,-0.00075,0.00019,8e-05,5e-05,5
54118,6e-05,-3e-05,-0.00032,-0.00023,-0.00075,0.00019,8e-05,5e-05,5
54119,6e-05,-3e-05,-0.00032,-0.00023,-0.00075,0.00019,8e-05,5e-05,5
54120,6e-05,-3e-05,-0.00032,-0.00023,-0.00075,0.00019,8e-05,5e-05,5
54121,6e-05,-3e-05,-0.00032,-0.00023,-0.00075,0.00019,8e-05,5e-05,5
54122,6e-05,-3e-05,-0.00032,-0.00023,-0.00075,0.00019,8e-05,5e-05,5
54123,6e-05,-3e-05,-0.00032,-0.00023,-0.00075,0.00019,8e-05,5e-05,5
54124,6e-05,-3e-05,-0.00032,-0.00023,-0.00075,0.00019,8e-05,5e-05,5
54125,6e-05,-3e-05,-0.00032,-0.00023,-0.00075,0.00019,8e-05,5e-05,5
54126,6e-05,-3e-05,-0.00032,-0.00023,-0.00075,0.00019,8e-05,5e-05,5
54127,6e-05,-3e-05,-0.00032,-0.00023,-0.00075,0.00019,8e-05,5e-05,5
54128,6e-05,-3e-05,-0.00032,-0.00023,-0.00075,0.00019,8e-05,5e-05,5
54129,6e-05,-3e-05,-0.00032,-0.00023,-0.00075,0.00019,8e-05,5e-05,5
54130,-0.00044,-2e-05,0.00016,-8e-05,-0.0006,-4e-05,-3e-05,-0.00014,5
54131,-0.00044,-2e-05,0.00016,-8e-05,-0.0006,-4e-05,-3e-05,-0.00014,5
54132,-0.00044,-2e-05,0.00016,-8e-05,-0.0006,-4e-05,-3e-05,-0.00014,5
54133,-0.00044,-2e-05,0.00016,-8e-05,-0.0006,-4e-05,-3e-05,-0.00014,5
54134,-0.00044,-2e-05,0.00016,-8e-05,-0.0006,-4e-05,-3e-05,-0.00014,5
54135,-0.00044,-2e-05,0.00016,-8e-05,-0.0006,-4e-05,-3e-05,-0.00014,5
54136,6e-05,0.0,-5e-05,0.00028,-8e-05,-7e-05,7e-05,0.0,5
54138,0.00029,0.00013,0.00011,-0.00046,-9e-05,-0.00012,-2e-05,6e-05,5
54139,0.00029,0.00013,0.00011,-0.00046,-9e-05,-0.00012,-2e-05,6e-05,5
54140,0.00029,0.00013,0.00011,-0.00046,-9e-05,-0.00012,-2e-05,6e-05,5
54141,0.00029,0.00013,0.00011,-0.00046,-9e-05,-0.00012,-2e-05,6e-05,5
54142,0.00029,0.00013,0.00011,-0.00046,-9e-05,-0.00012,-2e-05,6e-05,5
54143,0.00029,0.00013,0.00011,-0.00046,-9e-05,-0.00012,-2e-05,6e-05,5
54144,0.00029,0.00013,0.00011,-0.00046,-9e-05,-0.00012,-2e-05,6e-05,5
54145,0.00029,0.00013,0.00011,-0.00046,-9e-05,-0.00012,-2e-05,6e-05,5
54146,0.00029,0.00013,0.00011,-0.00046,-9e-05,-0.00012,-2e-05,6e-05,5
54147,0.00029,0.00013,0.00011,-0.00046,-9e-05,-0.00012,-2e-05,6e-05,5
54148,0.00029,0.00013,0.00011,-0.00046,-9e-05,-0.00012,-2e-05,6e-05,5
54149,0.00029,0.00013,0.00011,-0.00046,-9e-05,-0.00012,-2e-05,6e-05,5
54150,0.00029,0.00013,0.00011,-0.00046,-9e-05,-0.00012,-2e-05,6e-05,5
54151,0.00029,0.00013,0.00011,-0.00046,-9e-05,-0.00012,-2e-05,6e-05,5
54152,0.00029,0.00013,0.00011,-0.00046,-9e-05,-0.00012,-2e-05,6e-05,5
54153,-0.00069,1e-05,-0.0002,-2e-05,-0.00073,-1e-05,5e-05,0.0,5
54154,0.00073,6e-05,0.00018,-0.00033,2e-05,-5e-05,-4e-05,8e-05,5
54155,-0.00047,2e-05,0.00015,0.00074,7e-05,4e-05,3e-05,-4e-05,5
54156,-0.00047,2e-05,0.00015,0.00074,7e-05,4e-05,3e-05,-4e-05,5
54157,-0.00047,2e-05,0.00015,0.00074,7e-05,4e-05,3e-05,-4e-05,5
54158,-0.00047,2e-05,0.00015,0.00074,7e-05,4e-05,3e-05,-4e-05,5
54159,-0.00047,2e-05,0.00015,0.00074,7e-05,4e-05,3e-05,-4e-05,5
54160,-0.00047,2e-05,0.00015,0.00074,7e-05,4e-05,3e-05,-4e-05,5
54161,-0.00047,2e-05,0.00015,0.00074,7e-05,4e-05,3e-05,-4e-05,5
54162,-0.00047,2e-05,0.00015,0.00074,7e-05,4e-05,3e-05,-4e-05,5
54163,-0.00047,2e-05,0.00015,0.00074,7e-05,4e-05,3e-05,-4e-05,5
54164,-0.00047,2e-05,0.00015,0.00074,7e-05,4e-05,3e-05,-4e-05,5
54165,-0.00047,2e-05,0.00015,0.00074,7e-05,4e-05,3e-05,-4e-05,5
54166,-0.00047,2e-05,0.00015,0.00074,7e-05,4e-05,3e-05,-4e-05,5
54167,-0.00047,2e-05,0.00015,0.00074,7e-05,4e-05,3e-05,-4e-05,5
54168,-0.00047,2e-05,0.00015,0.00074,7e-05,4e-05,3e-05,-4e-05,5
54169,-0.00047,2e-05,0.00015,0.00074,7e-05,4e-05,3e-05,-4e-05,5
54170,-0.00047,2e-05,0.00015,0.00074,7e-05,4e-05,3e-05,-4e-05,5
54171,-0.00047,2e-05,0.00015,0.00074,7e-05,4e-05,3e-05,-4e-05,5
54172,-0.00047,2e-05,0.00015,0.00074,7e-05,4e-05,3e-05,-4e-05,5
54173,-0.00047,2e-05,0.00015,0.00074,7e-05,4e-05,3e-05,-4e-05,5
54174,-0.00047,2e-05,0.00015,0.00074,7e-05,4e-05,3e-05,-4e-05,5
54175,0.00014,8e-05,0.00012,6e-05,0.00016,0.0003,-5e-05,2e-05,5
54176,0.00014,8e-05,0.00012,6e-05,0.00016,0.0003,-5e-05,2e-05,5
54177,-0.00022,-0.00013,-0.00012,-0.00063,-0.0001,-7e-05,6e-05,-5e-05,5
54178,-0.00022,-0.00013,-0.00012,-0.00063,-0.0001,-7e-05,6e-05,-5e-05,5
54179,-0.00022,-0.00013,-0.00012,-0.00063,-0.0001,-7e-05,6e-05,-5e-05,5
54180,-0.00022,-0.00013,-0.00012,-0.00063,-0.0001,-7e-05,6e-05,-5e-05,5
54181,-0.00022,-0.00013,-0.00012,-0.00063,-0.0001,-7e-05,6e-05,-5e-05,5
54182,-0.00022,-0.00013,-0.00012,-0.00063,-0.0001,-7e-05,6e-05,-5e-05,5
54183,-0.00022,-0.00013,-0.00012,-0.00063,-0.0001,-7e-05,6e-05,-5e-05,5
54184,-0.00022,-0.00013,-0.00012,-0.00063,-0.0001,-7e-05,6e-05,-5e-05,5
54185,-0.00022,-0.00013,-0.00012,-0.00063,-0.0001,-7e-05,6e-05,-5e-05,5
54186,-0.00022,-0.00013,-0.00012,-0.00063,-0.0001,-7e-05,6e-05,-5e-05,5
54188,-0.00022,-0.00013,-0.00012,-0.00063,-0.0001,-7e-05,6e-05,-5e-05,5
54189,0.00011,-4e-05,5e-05,-0.00012,0.00037,4e-05,4e-05,-3e-05,5
54190,0.00011,-4e-05,5e-05,-0.00012,0.00037,4e-05,4e-05,-3e-05,5
54191,0.00011,-4e-05,5e-05,-0.00012,0.00037,4e-05,4e-05,-3e-05,5
54192,0.00011,-4e-05,5e-05,-0.00012,0.00037,4e-05,4e-05,-3e-05,5
54193,0.00011,-4e-05,5e-05,-0.00012,0.00037,4e-05,4e-05,-3e-05,5
54194,0.00011,-4e-05,5e-05,-0.00012,0.00037,4e-05,4e-05,-3e-05,5
54195,0.00011,-4e-05,5e-05,-0.00012,0.00037,4e-05,4e-05,-3e-05,5
54196,0.00011,-4e-05,5e-05,-0.00012,0.00037,4e-05,4e-05,-3e-05,5
54197,0.00011,-4e-05,5e-05,-0.00012,0.00037,4e-05,4e-05,-3e-05,5
54198,-0.00022,2e-05,4e-05,0.0,-0.00018,-0.00012,-3e-05,-8e-05,5
54199,-0.00022,2e-05,4e-05,0.0,-0.00018,-0.00012,-3e-05,-8e-05,5
54200,-0.00022,2e-05,4e-05,0.0,-0.00018,-0.00012,-3e-05,-8e-05,5
54201,-0.00022,2e-05,4e-05,0.0,-0.00018,-0.00012,-3e-05,-8e-05,5
54202,-0.00022,2e-05,4e-05,0.0,-0.00018,-0.00012,-3e-05,-8e-05,5
54203,-0.00022,2e-05,4e-05,0.0,-0.00018,-0.00012,-3e-05,-8e-05,5
54204,-0.00022,2e-05,4e-05,0.0,-0.00018,-0.00012,-3e-05,-8e-05,5
54205,-0.00022,2e-05,4e-05,0.0,-0.00018,-0.00012,-3e-05,-8e-05,5
54206,-0.00022,2e-05,4e-05,0.0,-0.00018,-0.00012,-3e-05,-8e-05,5
54207,-0.00022,2e-05,4e-05,0.0,-0.00018,-0.00012,-3e-05,-8e-05,5
54208,-0.00022,2e-05,4e-05,0.0,-0.00018,-0.00012,-3e-05,-8e-05,5
54209,-0.00022,2e-05,4e-05,0.0,-0.00018,-0.00012,-3e-05,-8e-05,5
54210,-0.00022,2e-05,4e-05,0.0,-0.00018,-0.00012,-3e-05,-8e-05,5
54211,-0.00022,2e-05,4e-05,0.0,-0.00018,-0.00012,-3e-05,-8e-05,5
54212,-0.00022,2e-05,4e-05,0.0,-0.00018,-0.00012,-3e-05,-8e-05,5
54213,9e-05,-1e-05,7e-05,-0.00037,5e-05,5e-05,-4e-05,0.0,5
54214,-0.00027,-0.00014,-0.00027,-0.00039,-0.0001,1e-05,-3e-05,-4e-05,5
54215,0.00031,0.0,5e-05,0.0004,0.00018,-0.0001,-7e-05,0.0,5
54216,0.00031,0.0,5e-05,0.0004,0.00018,-0.0001,-7e-05,0.0,5
54217,0.00031,0.0,5e-05,0.0004,0.00018,-0.0001,-7e-05,0.0,5
54218,0.00031,0.0,5e-05,0.0004,0.00018,-0.0001,-7e-05,0.0,5
54219,0.00031,0.0,5e-05,0.0004,0.00018,-0.0001,-7e-05,0.0,5
54220,0.00031,0.0,5e-05,0.0004,0.00018,-0.0001,-7e-05,0.0,5
54221,0.00031,0.0,5e-05,0.0004,0.00018,-0.0001,-7e-05,0.0,5
54222,0.00031,0.0,5e-05,0.0004,0.00018,-0.0001,-7e-05,0.0,5
54223,0.00031,0.0,5e-05,0.0004,0.00018,-0.0001,-7e-05,0.0,5
54224,0.00031,0.0,5e-05,0.0004,0.00018,-0.0001,-7e-05,0.0,5
54225,0.00031,0.0,5e-05,0.0004,0.00018,-0.0001,-7e-05,0.0,5
54226,0.00031,0.0,5e-05,0.0004,0.00018,-0.0001,-7e-05,0.0,5
54227,0.00031,0.0,5e-05,0.0004,0.00018,-0.0001,-7e-05,0.0,5
54228,0.00031,0.0,5e-05,0.0004,0.00018,-0.0001,-7e-05,0.0,5
54229,0.00031,0.0,5e-05,0.0004,0.00018,-0.0001,-7e-05,0.0,5
54230,0.00031,0.0,5e-05,0.0004,0.00018,-0.0001,-7e-05,0.0,5
54231,0.00031,0.0,5e-05,0.0004,0.00018,-0.0001,-7e-05,0.0,5
54232,0.00031,0.0,5e-05,0.0004,0.00018,-0.0001,-7e-05,0.0,5
54233,0.00031,0.0,5e-05,0.0004,0.00018,-0.0001,-7e-05,0.0,5
54234,0.00031,0.0,5e-05,0.0004,0.00018,-0.0001,-7e-05,0.0,5
54235,5e-05,-6e-05,-0.0002,5e-05,0.00052,-3e-05,-1e-05,-2e-05,5
54236,5e-05,-6e-05,-0.0002,5e-05,0.00052,-3e-05,-1e-05,-2e-05,5
54238,0.00028,4e-05,-0.00018,-0.00031,-0.00015,7e-05,1e-05,6e-05,5
54239,0.00028,4e-05,-0.00018,-0.00031,-0.00015,7e-05,1e-05,6e-05,5
54240,0.00028,4e-05,-0.00018,-0.00031,-0.00015,7e-05,1e-05,6e-05,5
54241,0.00028,4e-05,-0.00018,-0.00031,-0.00015,7e-05,1e-05,6e-05,5
54242,0.00028,4e-05,-0.00018,-0.00031,-0.00015,7e-05,1e-05,6e-05,5
54243,0.00028,4e-05,-0.00018,-0.00031,-0.00015,7e-05,1e-05,6e-05,5
54244,0.00028,4e-05,-0.00018,-0.00031,-0.00015,7e-05,1e-05,6e-05,5
54245,0.00028,4e-05,-0.00018,-0.00031,-0.00015,7e-05,1e-05,6e-05,5
54246,0.00028,4e-05,-0.00018,-0.00031,-0.00015,7e-05,1e-05,6e-05,5
54247,0.00028,4e-05,-0.00018,-0.00031,-0.00015,7e-05,1e-05,6e-05,5
54248,0.00028,4e-05,-0.00018,-0.00031,-0.00015,7e-05,1e-05,6e-05,5
54249,0.00013,-6e-05,1e-05,-0.00043,-0.00026,5e-05,2e-05,0.0,5
54250,0.00013,-6e-05,1e-05,-0.00043,-0.00026,5e-05,2e-05,0.0,5
54251,0.00013,-6e-05,1e-05,-0.00043,-0.00026,5e-05,2e-05,0.0,5
54252,0.00013,-6e-05,1e-05,-0.00043,-0.00026,5e-05,2e-05,0.0,5
54253,0.00013,-6e-05,1e-05,-0.00043,-0.00026,5e-05,2e-05,0.0,5
54254,0.00013,-6e-05,1e-05,-0.00043,-0.00026,5e-05,2e-05,0.0,5
54255,0.00013,-6e-05,1e-05,-0.00043,-0.00026,5e-05,2e-05,0.0,5
54256,0.00013,-6e-05,1e-05,-0.00043,-0.00026,5e-05,2e-05,0.0,5
54257,0.00013,-6e-05,1e-05,-0.00043,-0.00026,5e-05,2e-05,0.0,5
54258,0.00047,1e-05,-0.00028,0.0005,1e-05,9e-05,1e-05,0.0,5
54259,0.00047,1e-05,-0.00028,0.0005,1e-05,9e-05,1e-05,0.0,5
54260,0.00047,1e-05,-0.00028,0.0005,1e-05,9e-05,1e-05,0.0,5
54261,0.00047,1e-05,-0.00028,0.0005,1e-05,9e-05,1e-05,0.0,5
54262,0.00047,1e-05,-0.00028,0.0005,1e-05,9e-05,1e-05,0.0,5
54263,0.00047,1e-05,-0.00028,0.0005,1e-05,9e-05,1e-05,0.0,5
54264,0.00047,1e-05,-0.00028,0.0005,1e-05,9e-05,1e-05,0.0,5
54265,0.00047,1e-05,-0.00028,0.0005,1e-05,9e-05,1e-05,0.0,5
54266,0.00047,1e-05,-0.00028,0.0005,1e-05,9e-05,1e-05,0.0,5
54267,0.00047,1e-05,-0.00028,0.0005,1e-05,9e-05,1e-05,0.0,5
54268,0.00047,1e-05,-0.00028,0.0005,1e-05,9e-05,1e-05,0.0,5
54269,0.00047,1e-05,-0.00028,0.0005,1e-05,9e-05,1e-05,0.0,5
54270,0.00047,1e-05,-0.00028,0.0005,1e-05,9e-05,1e-05,0.0,5
54271,0.00047,1e-05,-0.00028,0.0005,1e-05,9e-05,1e-05,0.0,5
54272,0.00047,1e-05,-0.00028,0.0005,1e-05,9e-05,1e-05,0.0,5
54273,-0.00036,-0.00018,-1e-05,9e-05,-0.00026,-3e-05,-3e-05,-8e-05,5
54274,2e-05,-2e-05,0.00013,0.00059,0.00027,-0.00025,5e-05,2e-05,5
54275,2e-05,-2e-05,0.00013,0.00059,0.00027,-0.00025,5e-05,2e-05,5
54276,2e-05,-2e-05,0.00013,0.00059,0.00027,-0.00025,5e-05,2e-05,5
54277,2e-05,-2e-05,0.00013,0.00059,0.00027,-0.00025,5e-05,2e-05,5
54278,2e-05,-2e-05,0.00013,0.00059,0.00027,-0.00025,5e-05,2e-05,5
54279,2e-05,-2e-05,0.00013,0.00059,0.00027,-0.00025,5e-05,2e-05,5
54280,2e-05,-2e-05,0.00013,0.00059,0.00027,-0.00025,5e-05,2e-05,5
54281,2e-05,-2e-05,0.00013,0.00059,0.00027,-0.00025,5e-05,2e-05,5
54282,2e-05,-2e-05,0.00013,0.00059,0.00027,-0.00025,5e-05,2e-05,5
54283,2e-05,-2e-05,0.00013,0.00059,0.00027,-0.00025,5e-05,2e-05,5
54284,2e-05,-2e-05,0.00013,0.00059,0.00027,-0.00025,5e-05,2e-05,5
54285,2e-05,-2e-05,0.00013,0.00059,0.00027,-0.00025,5e-05,2e-05,5
54286,2e-05,-2e-05,0.00013,0.00059,0.00027,-0.00025,5e-05,2e-05,5
54288,2e-05,-2e-05,0.00013,0.00059,0.00027,-0.00025,5e-05,2e-05,5
54289,2e-05,-2e-05,0.00013,0.00059,0.00027,-0.00025,5e-05,2e-05,5
54290,2e-05,-2e-05,0.00013,0.00059,0.00027,-0.00025,5e-05,2e-05,5
54291,2e-05,-2e-05,0.00013,0.00059,0.00027,-0.00025,5e-05,2e-05,5
54292,2e-05,-2e-05,0.00013,0.00059,0.00027,-0.00025,5e-05,2e-05,5
54293,2e-05,-2e-05,0.00013,0.00059,0.00027,-0.00025,5e-05,2e-05,5
54294,2e-05,-2e-05,0.00013,0.00059,0.00027,-0.00025,5e-05,2e-05,5
54295,0.00024,-1e-05,-8e-05,5e-05,-0.00045,-0.00037,-0.00011,-1e-05,5
54296,0.00024,-1e-05,-8e-05,5e-05,-0.00045,-0.00037,-0.00011,-1e-05,5
54297,-0.00038,-7e-05,0.00031,-4e-05,0.00035,0.0001,-1e-05,1e-05,5
54298,-0.00038,-7e-05,0.00031,-4e-05,0.00035,0.0001,-1e-05,1e-05,5
54299,-0.00038,-7e-05,0.00031,-4e-05,0.00035,0.0001,-1e-05,1e-05,5
54300,-0.00038,-7e-05,0.00031,-4e-05,0.00035,0.0001,-1e-05,1e-05,5
54301,-0.00038,-7e-05,0.00031,-4e-05,0.00035,0.0001,-1e-05,1e-05,5
54302,-0.00038,-7e-05,0.00031,-4e-05,0.00035,0.0001,-1e-05,1e-05,5
54303,-0.00038,-7e-05,0.00031,-4e-05,0.00035,0.0001,-1e-05,1e-05,5
54304,-0.00038,-7e-05,0.00031,-4e-05,0.00035,0.0001,-1e-05,1e-05,5
54305,-0.00038,-7e-05,0.00031,-4e-05,0.00035,0.0001,-1e-05,1e-05,5
54306,-0.00038,-7e-05,0.00031,-4e-05,0.00035,0.0001,-1e-05,1e-05,5
54307,-0.00038,-7e-05,0.00031,-4e-05,0.00035,0.0001,-1e-05,1e-05,5
54308,-0.00038,-7e-05,0.00031,-4e-05,0.00035,0.0001,-1e-05,1e-05,5
54309,-0.00035,-3e-05,5e-05,-0.00028,0.00035,0.00033,-2e-05,-5e-05,5
54310,-0.00035,-3e-05,5e-05,-0.00028,0.00035,0.00033,-2e-05,-5e-05,5
54311,-0.00035,-3e-05,5e-05,-0.00028,0.00035,0.00033,-2e-05,-5e-05,5
54312,-0.00035,-3e-05,5e-05,-0.00028,0.00035,0.00033,-2e-05,-5e-05,5
54313,-0.00035,-3e-05,5e-05,-0.00028,0.00035,0.00033,-2e-05,-5e-05,5
54314,-0.00035,-3e-05,5e-05,-0.00028,0.00035,0.00033,-2e-05,-5e-05,5
54315,-0.00035,-3e-05,5e-05,-0.00028,0.00035,0.00033,-2e-05,-5e-05,5
54316,-0.00035,-3e-05,5e-05,-0.00028,0.00035,0.00033,-2e-05,-5e-05,5
54317,-0.00035,-3e-05,5e-05,-0.00028,0.00035,0.00033,-2e-05,-5e-05,5
54318,0.00028,2e-05,2e-05,-0.00011,-1e-05,-0.00023,-0.0001,0.0001,5
54319,0.00028,2e-05,2e-05,-0.00011,-1e-05,-0.00023,-0.0001,0.0001,5
54320,0.00028,2e-05,2e-05,-0.00011,-1e-05,-0.00023,-0.0001,0.0001,5
54321,0.00028,2e-05,2e-05,-0.00011,-1e-05,-0.00023,-0.0001,0.0001,5
54322,0.00028,2e-05,2e-05,-0.00011,-1e-05,-0.00023,-0.0001,0.0001,5
54323,0.00028,2e-05,2e-05,-0.00011,-1e-05,-0.00023,-0.0001,0.0001,5
54324,0.00028,2e-05,2e-05,-0.00011,-1e-05,-0.00023,-0.0001,0.0001,5
54325,0.00028,2e-05,2e-05,-0.00011,-1e-05,-0.00023,-0.0001,0.0001,5
54326,0.00028,2e-05,2e-05,-0.00011,-1e-05,-0.00023,-0.0001,0.0001,5
54327,0.00028,2e-05,2e-05,-0.00011,-1e-05,-0.00023,-0.0001,0.0001,5
54328,0.00028,2e-05,2e-05,-0.00011,-1e-05,-0.00023,-0.0001,0.0001,5
54329,0.00028,2e-05,2e-05,-0.00011,-1e-05,-0.00023,-0.0001,0.0001,5
54330,0.00028,2e-05,2e-05,-0.00011,-1e-05,-0.00023,-0.0001,0.0001,5
54331,0.00028,2e-05,2e-05,-0.00011,-1e-05,-0.00023,-0.0001,0.0001,5
54332,0.00028,2e-05,2e-05,-0.00011,-1e-05,-0.00023,-0.0001,0.0001,5
54333,0.00019,-3e-05,-1e-05,-7e-05,0.00017,0.00017,2e-05,8e-05,5
54334,8e-05,-3e-05,5e-05,0.0002,4e-05,0.00019,4e-05,2e-05,5
54335,8e-05,-3e-05,5e-05,0.0002,4e-05,0.00019,4e-05,2e-05,5
54336,8e-05,-3e-05,5e-05,0.0002,4e-05,0.00019,4e-05,2e-05,5
54338,8e-05,-3e-05,5e-05,0.0002,4e-05,0.00019,4e-05,2e-05,5
54339,8e-05,-3e-05,5e-05,0.0002,4e-05,0.00019,4e-05,2e-05,5
54340,8e-05,-3e-05,5e-05,0.0002,4e-05,0.00019,4e-05,2e-05,5
54341,8e-05,-3e-05,5e-05,0.0002,4e-05,0.00019,4e-05,2e-05,5
54342,8e-05,-3e-05,5e-05,0.0002,4e-05,0.00019,4e-05,2e-05,5
54343,8e-05,-3e-05,5e-05,0.0002,4e-05,0.00019,4e-05,2e-05,5
54344,8e-05,-3e-05,5e-05,0.0002,4e-05,0.00019,4e-05,2e-05,5
54345,8e-05,-3e-05,5e-05,0.0002,4e-05,0.00019,4e-05,2e-05,5
54346,8e-05,-3e-05,5e-05,0.0002,4e-05,0.00019,4e-05,2e-05,5
54347,8e-05,-3e-05,5e-05,0.0002,4e-05,0.00019,4e-05,2e-05,5
54348,8e-05,-3e-05,5e-05,0.0002,4e-05,0.00019,4e-05,2e-05,5
54349,8e-05,-3e-05,5e-05,0.0002,4e-05,0.00019,4e-05,2e-05,5
54350,8e-05,-3e-05,5e-05,0.0002,4e-05,0.00019,4e-05,2e-05,5
54351,8e-05,-3e-05,5e-05,0.0002,4e-05,0.00019,4e-05,2e-05,5
54352,8e-05,-3e-05,5e-05,0.0002,4e-05,0.00019,4e-05,2e-05,5
54353,8e-05,-3e-05,5e-05,0.0002,4e-05,0.00019,4e-05,2e-05,5
54354,8e-05,-3e-05,5e-05,0.0002,4e-05,0.00019,4e-05,2e-05,5
54355,0.00017,-5e-05,-9e-05,0.00089,0.00066,-0.00023,8e-05,2e-05,5
54356,0.00017,-5e-05,-9e-05,0.00089,0.00066,-0.00023,8e-05,2e-05,5
54357,0.00016,0.00011,-0.0001,-0.0002,-5e-05,-3e-05,-3e-05,0.0,5
54358,0.00016,0.00011,-0.0001,-0.0002,-5e-05,-3e-05,-3e-05,0.0,5
54359,0.00016,0.00011,-0.0001,-0.0002,-5e-05,-3e-05,-3e-05,0.0,5
54360,0.00016,0.00011,-0.0001,-0.0002,-5e-05,-3e-05,-3e-05,0.0,5
54361,0.00016,0.00011,-0.0001,-0.0002,-5e-05,-3e-05,-3e-05,0.0,5
54362,0.00016,0.00011,-0.0001,-0.0002,-5e-05,-3e-05,-3e-05,0.0,5
54363,0.00016,0.00011,-0.0001,-0.0002,-5e-05,-3e-05,-3e-05,0.0,5
54364,0.00016,0.00011,-0.0001,-0.0002,-5e-05,-3e-05,-3e-05,0.0,5
54365,0.00016,0.00011,-0.0001,-0.0002,-5e-05,-3e-05,-3e-05,0.0,5
54366,0.00016,0.00011,-0.0001,-0.0002,-5e-05,-3e-05,-3e-05,0.0,5
54367,0.00016,0.00011,-0.0001,-0.0002,-5e-05,-3e-05,-3e-05,0.0,5
54368,0.00016,0.00011,-0.0001,-0.0002,-5e-05,-3e-05,-3e-05,0.0,5
54369,-4e-05,-3e-05,-0.00014,-0.0006,-0.00071,-0.00012,5e-05,-3e-05,5
54370,-4e-05,-3e-05,-0.00014,-0.0006,-0.00071,-0.00012,5e-05,-3e-05,5
54371,-4e-05,-3e-05,-0.00014,-0.0006,-0.00071,-0.00012,5e-05,-3e-05,5
54372,-4e-05,-3e-05,-0.00014,-0.0006,-0.00071,-0.00012,5e-05,-3e-05,5
54373,-4e-05,-3e-05,-0.00014,-0.0006,-0.00071,-0.00012,5e-05,-3e-05,5
54374,-4e-05,-3e-05,-0.00014,-0.0006,-0.00071,-0.00012,5e-05,-3e-05,5
54375,-4e-05,-3e-05,-0.00014,-0.0006,-0.00071,-0.00012,5e-05,-3e-05,5
54376,-4e-05,-3e-05,-0.00014,-0.0006,-0.00071,-0.00012,5e-05,-3e-05,5
54377,-4e-05,-3e-05,-0.00014,-0.0006,-0.00071,-0.00012,5e-05,-3e-05,5
54378,0.00011,-4e-05,-0.00012,0.00015,0.00076,9e-05,4e-05,0.0,5
54379,0.00011,-4e-05,-0.00012,0.00015,0.00076,9e-05,4e-05,0.0,5
54380,0.00011,-4e-05,-0.00012,0.00015,0.00076,9e-05,4e-05,0.0,5
54381,0.00011,-4e-05,-0.00012,0.00015,0.00076,9e-05,4e-05,0.0,5
54382,0.00011,-4e-05,-0.00012,0.00015,0.00076,9e-05,4e-05,0.0,5
54383,0.00011,-4e-05,-0.00012,0.00015,0.00076,9e-05,4e-05,0.0,5
54384,0.00011,-4e-05,-0.00012,0.00015,0.00076,9e-05,4e-05,0.0,5
54385,0.00011,-4e-05,-0.00012,0.00015,0.00076,9e-05,4e-05,0.0,5
54386,0.00011,-4e-05,-0.00012,0.00015,0.00076,9e-05,4e-05,0.0,5
54388,0.00011,-4e-05,-0.00012,0.00015,0.00076,9e-05,4e-05,0.0,5
54389,0.00011,-4e-05,-0.00012,0.00015,0.00076,9e-05,4e-05,0.0,5
54390,0.00011,-4e-05,-0.00012,0.00015,0.00076,9e-05,4e-05,0.0,5
54391,0.00011,-4e-05,-0.00012,0.00015,0.00076,9e-05,4e-05,0.0,5
54392,0.00011,-4e-05,-0.00012,0.00015,0.00076,9e-05,4e-05,0.0,5
54393,0.00017,9e-05,1e-05,-0.00039,-0.00014,1e-05,-1e-05,3e-05,5
54394,0.00017,9e-05,1e-05,-0.00039,-0.00014,1e-05,-1e-05,3e-05,5
54395,1e-05,8e-05,2e-05,0.00015,0.00029,0.00017,-0.0001,-5e-05,5
54396,1e-05,8e-05,2e-05,0.00015,0.00029,0.00017,-0.0001,-5e-05,5
54397,1e-05,8e-05,2e-05,0.00015,0.00029,0.00017,-0.0001,-5e-05,5
54398,1e-05,8e-05,2e-05,0.00015,0.00029,0.00017,-0.0001,-5e-05,5
54399,1e-05,8e-05,2e-05,0.00015,0.00029,0.00017,-0.0001,-5e-05,5
54400,1e-05,8e-05,2e-05,0.00015,0.00029,0.00017,-0.0001,-5e-05,5
54401,1e-05,8e-05,2e-05,0.00015,0.00029,0.00017,-0.0001,-5e-05,5
54402,1e-05,8e-05,2e-05,0.00015,0.00029,0.00017,-0.0001,-5e-05,5
54403,1e-05,8e-05,2e-05,0.00015,0.00029,0.00017,-0.0001,-5e-05,5
54404,1e-05,8e-05,2e-05,0.00015,0.00029,0.00017,-0.0001,-5e-05,5
54405,1e-05,8e-05,2e-05,0.00015,0.00029,0.00017,-0.0001,-5e-05,5
54406,1e-05,8e-05,2e-05,0.00015,0.00029,0.00017,-0.0001,-5e-05,5
54407,1e-05,8e-05,2e-05,0.00015,0.00029,0.00017,-0.0001,-5e-05,5
54408,1e-05,8e-05,2e-05,0.00015,0.00029,0.00017,-0.0001,-5e-05,5
54409,1e-05,8e-05,2e-05,0.00015,0.00029,0.00017,-0.0001,-5e-05,5
54410,1e-05,8e-05,2e-05,0.00015,0.00029,0.00017,-0.0001,-5e-05,5
54411,1e-05,8e-05,2e-05,0.00015,0.00029,0.00017,-0.0001,-5e-05,5
54412,1e-05,8e-05,2e-05,0.00015,0.00029,0.00017,-0.0001,-5e-05,5
54413,1e-05,8e-05,2e-05,0.00015,0.00029,0.00017,-0.0001,-5e-05,5
54414,1e-05,8e-05,2e-05,0.00015,0.00029,0.00017,-0.0001,-5e-05,5
54415,-0.00022,-0.00011,-9e-05,0.00084,0.00039,-0.00021,-4e-05,-6e-05,5
54416,0.00018,0.00017,0.00011,-0.00029,-0.00018,3e-05,3e-05,-3e-05,5
54417,-0.00011,-2e-05,-9e-05,-0.00044,-0.00055,-0.00013,-4e-05,0.0,5
54418,-0.00011,-2e-05,-9e-05,-0.00044,-0.00055,-0.00013,-4e-05,0.0,5
54419,-0.00011,-2e-05,-9e-05,-0.00044,-0.00055,-0.00013,-4e-05,0.0,5
54420,-0.00011,-2e-05,-9e-05,-0.00044,-0.00055,-0.00013,-4e-05,0.0,5
54421,-0.00011,-2e-05,-9e-05,-0.00044,-0.00055,-0.00013,-4e-05,0.0,5
54422,-0.00011,-2e-05,-9e-05,-0.00044,-0.00055,-0.00013,-4e-05,0.0,5
54423,-0.00011,-2e-05,-9e-05,-0.00044,-0.00055,-0.00013,-4e-05,0.0,5
54424,-0.00011,-2e-05,-9e-05,-0.00044,-0.00055,-0.00013,-4e-05,0.0,5
54425,-0.00011,-2e-05,-9e-05,-0.00044,-0.00055,-0.00013,-4e-05,0.0,5
54426,-0.00011,-2e-05,-9e-05,-0.00044,-0.00055,-0.00013,-4e-05,0.0,5
54427,-0.00011,-2e-05,-9e-05,-0.00044,-0.00055,-0.00013,-4e-05,0.0,5
54428,-0.00011,-2e-05,-9e-05,-0.00044,-0.00055,-0.00013,-4e-05,0.0,5
54429,0.00021,0.00012,5e-05,-1e-05,0.00022,0.00022,-2e-05,5e-05,5
54430,0.00021,0.00012,5e-05,-1e-05,0.00022,0.00022,-2e-05,5e-05,5
54431,0.00021,0.00012,5e-05,-1e-05,0.00022,0.00022,-2e-05,5e-05,5
54432,0.00021,0.00012,5e-05,-1e-05,0.00022,0.00022,-2e-05,5e-05,5
54433,0.00021,0.00012,5e-05,-1e-05,0.00022,0.00022,-2e-05,5e-05,5
54434,0.00021,0.00012,5e-05,-1e-05,0.00022,0.00022,-2e-05,5e-05,5
54435,0.00021,0.00012,5e-05,-1e-05,0.00022,0.00022,-2e-05,5e-05,5
54436,0.00021,0.00012,5e-05,-1e-05,0.00022,0.00022,-2e-05,5e-05,5
54439,0.00029,-0.00015,-0.00017,-0.00077,-0.00097,-8e-05,-9e-05,0.0,5
54440,0.00029,-0.00015,-0.00017,-0.00077,-0.00097,-8e-05,-9e-05,0.0,5
54441,0.00029,-0.00015,-0.00017,-0.00077,-0.00097,-8e-05,-9e-05,0.0,5
54442,0.00029,-0.00015,-0.00017,-0.00077,-0.00097,-8e-05,-9e-05,0.0,5
54443,0.00029,-0.00015,-0.00017,-0.00077,-0.00097,-8e-05,-9e-05,0.0,5
54444,0.00029,-0.00015,-0.00017,-0.00077,-0.00097,-8e-05,-9e-05,0.0,5
54445,0.00029,-0.00015,-0.00017,-0.00077,-0.00097,-8e-05,-9e-05,0.0,5
54446,0.00029,-0.00015,-0.00017,-0.00077,-0.00097,-8e-05,-9e-05,0.0,5
54447,0.00029,-0.00015,-0.00017,-0.00077,-0.00097,-8e-05,-9e-05,0.0,5
54448,0.00029,-0.00015,-0.00017,-0.00077,-0.00097,-8e-05,-9e-05,0.0,5
54449,0.00029,-0.00015,-0.00017,-0.00077,-0.00097,-8e-05,-9e-05,0.0,5
54450,0.00029,-0.00015,-0.00017,-0.00077,-0.00097,-8e-05,-9e-05,0.0,5
54451,0.00029,-0.00015,-0.00017,-0.00077,-0.00097,-8e-05,-9e-05,0.0,5
54452,0.00029,-0.00015,-0.00017,-0.00077,-0.00097,-8e-05,-9e-05,0.0,5
54453,-7e-05,-7e-05,-0.00011,-0.00017,0.00023,-0.00013,-6e-05,-3e-05,5
54454,2e-05,2e-05,0.0001,0.00017,4e-05,0.00023,5e-05,0.00013,5
54455,2e-05,2e-05,0.0001,0.00017,4e-05,0.00023,5e-05,0.00013,5
54456,2e-05,2e-05,0.0001,0.00017,4e-05,0.00023,5e-05,0.00013,5
54457,2e-05,2e-05,0.0001,0.00017,4e-05,0.00023,5e-05,0.00013,5
54458,2e-05,2e-05,0.0001,0.00017,4e-05,0.00023,5e-05,0.00013,5
54459,2e-05,2e-05,0.0001,0.00017,4e-05,0.00023,5e-05,0.00013,5
54460,2e-05,2e-05,0.0001,0.00017,4e-05,0.00023,5e-05,0.00013,5
54461,2e-05,2e-05,0.0001,0.00017,4e-05,0.00023,5e-05,0.00013,5
54462,2e-05,2e-05,0.0001,0.00017,4e-05,0.00023,5e-05,0.00013,5
54463,2e-05,2e-05,0.0001,0.00017,4e-05,0.00023,5e-05,0.00013,5
54464,2e-05,2e-05,0.0001,0.00017,4e-05,0.00023,5e-05,0.00013,5
54465,2e-05,2e-05,0.0001,0.00017,4e-05,0.00023,5e-05,0.00013,5
54466,2e-05,2e-05,0.0001,0.00017,4e-05,0.00023,5e-05,0.00013,5
54467,2e-05,2e-05,0.0001,0.00017,4e-05,0.00023,5e-05,0.00013,5
54468,2e-05,2e-05,0.0001,0.00017,4e-05,0.00023,5e-05,0.00013,5
54469,2e-05,2e-05,0.0001,0.00017,4e-05,0.00023,5e-05,0.00013,5
54470,2e-05,2e-05,0.0001,0.00017,4e-05,0.00023,5e-05,0.00013,5
54471,2e-05,2e-05,0.0001,0.00017,4e-05,0.00023,5e-05,0.00013,5
54472,2e-05,2e-05,0.0001,0.00017,4e-05,0.00023,5e-05,0.00013,5
54473,2e-05,2e-05,0.0001,0.00017,4e-05,0.00023,5e-05,0.00013,5
54474,2e-05,2e-05,0.0001,0.00017,4e-05,0.00023,5e-05,0.00013,5
54475,-0.00019,0.00011,7e-05,-0.00022,-0.00016,-6e-05,-7e-05,-0.00015,5
54476,-0.00019,0.00011,7e-05,-0.00022,-0.00016,-6e-05,-7e-05,-0.00015,5
54477,0.00011,-6e-05,-0.00016,0.00036,0.00025,-0.00014,-2e-05,0.0,5
54478,0.00011,-6e-05,-0.00016,0.00036,0.00025,-0.00014,-2e-05,0.0,5
54479,0.00011,-6e-05,-0.00016,0.00036,0.00025,-0.00014,-2e-05,0.0,5
54480,0.00011,-6e-05,-0.00016,0.00036,0.00025,-0.00014,-2e-05,0.0,5
54481,0.00011,-6e-05,-0.00016,0.00036,0.00025,-0.00014,-2e-05,0.0,5
54482,0.00011,-6e-05,-0.00016,0.00036,0.00025,-0.00014,-2e-05,0.0,5
54483,0.00011,-6e-05,-0.00016,0.00036,0.00025,-0.00014,-2e-05,0.0,5
54484,0.00011,-6e-05,-0.00016,0.00036,0.00025,-0.00014,-2e-05,0.0,5
54485,0.00011,-6e-05,-0.00016,0.00036,0.00025,-0.00014,-2e-05,0.0,5
54486,0.00011,-6e-05,-0.00016,0.00036,0.00025,-0.00014,-2e-05,0.0,5
54488,0.00011,-6e-05,-0.00016,0.00036,0.00025,-0.00014,-2e-05,0.0,5
54489,0.00035,0.00011,0.0002,0.00038,9e-05,3e-05,5e-05,0.00011,5
54490,0.00035,0.00011,0.0002,0.00038,9e-05,3e-05,5e-05,0.00011,5
54491,0.00035,0.00011,0.0002,0.00038,9e-05,3e-05,5e-05,0.00011,5
54492,0.00035,0.00011,0.0002,0.00038,9e-05,3e-05,5e-05,0.00011,5
54493,0.00035,0.00011,0.0002,0.00038,9e-05,3e-05,5e-05,0.00011,5
54494,0.00035,0.00011,0.0002,0.00038,9e-05,3e-05,5e-05,0.00011,5
54495,0.00035,0.00011,0.0002,0.00038,9e-05,3e-05,5e-05,0.00011,5
54496,0.00035,0.00011,0.0002,0.00038,9e-05,3e-05,5e-05,0.00011,5
54497,0.00035,0.00011,0.0002,0.00038,9e-05,3e-05,5e-05,0.00011,5
54498,0.00035,0.00011,0.0002,0.00038,9e-05,3e-05,5e-05,0.00011,5
54499,0.00035,0.00011,0.0002,0.00038,9e-05,3e-05,5e-05,0.00011,5
54500,0.00035,0.00011,0.0002,0.00038,9e-05,3e-05,5e-05,0.00011,5
54501,0.00035,0.00011,0.0002,0.00038,9e-05,3e-05,5e-05,0.00011,5
54502,0.00035,0.00011,0.0002,0.00038,9e-05,3e-05,5e-05,0.00011,5
54503,0.00035,0.00011,0.0002,0.00038,9e-05,3e-05,5e-05,0.00011,5
54504,0.00035,0.00011,0.0002,0.00038,9e-05,3e-05,5e-05,0.00011,5
54505,-0.00019,5e-05,0.00016,-2e-05,-0.00013,-7e-05,1e-05,-8e-05,5
54506,-0.00019,5e-05,0.00016,-2e-05,-0.00013,-7e-05,1e-05,-8e-05,5
54507,-0.00019,5e-05,0.00016,-2e-05,-0.00013,-7e-05,1e-05,-8e-05,5
54508,-0.00019,5e-05,0.00016,-2e-05,-0.00013,-7e-05,1e-05,-8e-05,5
54509,-0.00019,5e-05,0.00016,-2e-05,-0.00013,-7e-05,1e-05,-8e-05,5
54510,-0.00019,5e-05,0.00016,-2e-05,-0.00013,-7e-05,1e-05,-8e-05,5
54511,-0.00019,5e-05,0.00016,-2e-05,-0.00013,-7e-05,1e-05,-8e-05,5
54512,-0.00019,5e-05,0.00016,-2e-05,-0.00013,-7e-05,1e-05,-8e-05,5
54513,-0.00021,-4e-05,0.0001,-0.00018,-0.00025,-5e-05,-2e-05,-6e-05,5
54514,-0.0001,-3e-05,8e-05,-0.00039,-0.00064,-5e-05,-4e-05,-3e-05,5
54515,-0.0001,-3e-05,8e-05,-0.00039,-0.00064,-5e-05,-4e-05,-3e-05,5
54516,-0.0001,-3e-05,8e-05,-0.00039,-0.00064,-5e-05,-4e-05,-3e-05,5
54517,-0.0001,-3e-05,8e-05,-0.00039,-0.00064,-5e-05,-4e-05,-3e-05,5
54518,-0.0001,-3e-05,8e-05,-0.00039,-0.00064,-5e-05,-4e-05,-3e-05,5
54519,-0.0001,-3e-05,8e-05,-0.00039,-0.00064,-5e-05,-4e-05,-3e-05,5
54520,-0.0001,-3e-05,8e-05,-0.00039,-0.00064,-5e-05,-4e-05,-3e-05,5
54521,-0.0001,-3e-05,8e-05,-0.00039,-0.00064,-5e-05,-4e-05,-3e-05,5
54522,-0.0001,-3e-05,8e-05,-0.00039,-0.00064,-5e-05,-4e-05,-3e-05,5
54523,-0.0001,-3e-05,8e-05,-0.00039,-0.00064,-5e-05,-4e-05,-3e-05,5
54524,-0.0001,-3e-05,8e-05,-0.00039,-0.00064,-5e-05,-4e-05,-3e-05,5
54525,-0.0001,-3e-05,8e-05,-0.00039,-0.00064,-5e-05,-4e-05,-3e-05,5
54526,-0.0001,-3e-05,8e-05,-0.00039,-0.00064,-5e-05,-4e-05,-3e-05,5
54527,-0.0001,-3e-05,8e-05,-0.00039,-0.00064,-5e-05,-4e-05,-3e-05,5
54528,-0.0001,-3e-05,8e-05,-0.00039,-0.00064,-5e-05,-4e-05,-3e-05,5
54529,-0.0001,-3e-05,8e-05,-0.00039,-0.00064,-5e-05,-4e-05,-3e-05,5
54530,-0.0001,-3e-05,8e-05,-0.00039,-0.00064,-5e-05,-4e-05,-3e-05,5
54531,-0.0001,-3e-05,8e-05,-0.00039,-0.00064,-5e-05,-4e-05,-3e-05,5
54532,-0.0001,-3e-05,8e-05,-0.00039,-0.00064,-5e-05,-4e-05,-3e-05,5
54533,-0.0001,-3e-05,8e-05,-0.00039,-0.00064,-5e-05,-4e-05,-3e-05,5
54534,-0.0001,-3e-05,8e-05,-0.00039,-0.00064,-5e-05,-4e-05,-3e-05,5
54535,-2e-05,4e-05,3e-05,8e-05,0.0002,1e-05,0.0,3e-05,5
54536,-2e-05,4e-05,3e-05,8e-05,0.0002,1e-05,0.0,3e-05,5
54538,-0.00029,-8e-05,-0.00026,-0.00012,0.00019,-0.00017,-6e-05,-0.00012,5
54539,-0.00029,-8e-05,-0.00026,-0.00012,0.00019,-0.00017,-6e-05,-0.00012,5
54540,-0.00029,-8e-05,-0.00026,-0.00012,0.00019,-0.00017,-6e-05,-0.00012,5
54541,-0.00029,-8e-05,-0.00026,-0.00012,0.00019,-0.00017,-6e-05,-0.00012,5
54542,-0.00029,-8e-05,-0.00026,-0.00012,0.00019,-0.00017,-6e-05,-0.00012,5
54543,-0.00029,-8e-05,-0.00026,-0.00012,0.00019,-0.00017,-6e-05,-0.00012,5
54544,-0.00029,-8e-05,-0.00026,-0.00012,0.00019,-0.00017,-6e-05,-0.00012,5
54545,-0.00029,-8e-05,-0.00026,-0.00012,0.00019,-0.00017,-6e-05,-0.00012,5
54546,-0.00029,-8e-05,-0.00026,-0.00012,0.00019,-0.00017,-6e-05,-0.00012,5
54547,-0.00029,-8e-05,-0.00026,-0.00012,0.00019,-0.00017,-6e-05,-0.00012,5
54548,-0.00029,-8e-05,-0.00026,-0.00012,0.00019,-0.00017,-6e-05,-0.00012,5
54549,-2e-05,-2e-05,-7e-05,-0.0004,-0.00052,-4e-05,-2e-05,5e-05,5
54550,-2e-05,-2e-05,-7e-05,-0.0004,-0.00052,-4e-05,-2e-05,5e-05,5
54551,-2e-05,-2e-05,-7e-05,-0.0004,-0.00052,-4e-05,-2e-05,5e-05,5
54552,-2e-05,-2e-05,-7e-05,-0.0004,-0.00052,-4e-05,-2e-05,5e-05,5
54553,-2e-05,-2e-05,-7e-05,-0.0004,-0.00052,-4e-05,-2e-05,5e-05,5
54554,-2e-05,-2e-05,-7e-05,-0.0004,-0.00052,-4e-05,-2e-05,5e-05,5
54555,-2e-05,-2e-05,-7e-05,-0.0004,-0.00052,-4e-05,-2e-05,5e-05,5
54556,-2e-05,-2e-05,-7e-05,-0.0004,-0.00052,-4e-05,-2e-05,5e-05,5
54557,-2e-05,-2e-05,-7e-05,-0.0004,-0.00052,-4e-05,-2e-05,5e-05,5
54558,0.00022,-5e-05,-1e-05,0.00023,0.00026,0.0001,-1e-05,6e-05,5
54559,0.00022,-5e-05,-1e-05,0.00023,0.00026,0.0001,-1e-05,6e-05,5
54560,0.00022,-5e-05,-1e-05,0.00023,0.00026,0.0001,-1e-05,6e-05,5
54561,0.00022,-5e-05,-1e-05,0.00023,0.00026,0.0001,-1e-05,6e-05,5
54562,0.00022,-5e-05,-1e-05,0.00023,0.00026,0.0001,-1e-05,6e-05,5
54563,0.00022,-5e-05,-1e-05,0.00023,0.00026,0.0001,-1e-05,6e-05,5
54564,0.00022,-5e-05,-1e-05,0.00023,0.00026,0.0001,-1e-05,6e-05,5
54565,0.00022,-5e-05,-1e-05,0.00023,0.00026,0.0001,-1e-05,6e-05,5
54567,0.00022,-5e-05,-1e-05,0.00023,0.00026,0.0001,-1e-05,6e-05,5
54568,0.00022,-5e-05,-1e-05,0.00023,0.00026,0.0001,-1e-05,6e-05,5
54569,0.00022,-5e-05,-1e-05,0.00023,0.00026,0.0001,-1e-05,6e-05,5
54570,0.00022,-5e-05,-1e-05,0.00023,0.00026,0.0001,-1e-05,6e-05,5
54571,0.00022,-5e-05,-1e-05,0.00023,0.00026,0.0001,-1e-05,6e-05,5
54572,0.00022,-5e-05,-1e-05,0.00023,0.00026,0.0001,-1e-05,6e-05,5
54573,-2e-05,6e-05,-7e-05,-1e-05,0.00046,-0.00035,0.00015,0.0,5
54574,0.00018,-7e-05,-0.00015,-0.00057,0.00024,-0.00018,-8e-05,-3e-05,5
54576,0.00018,-7e-05,-0.00015,-0.00057,0.00024,-0.00018,-8e-05,-3e-05,5
54577,0.00018,-7e-05,-0.00015,-0.00057,0.00024,-0.00018,-8e-05,-3e-05,5
54578,0.00018,-7e-05,-0.00015,-0.00057,0.00024,-0.00018,-8e-05,-3e-05,5
54579,0.00018,-7e-05,-0.00015,-0.00057,0.00024,-0.00018,-8e-05,-3e-05,5
54580,0.00018,-7e-05,-0.00015,-0.00057,0.00024,-0.00018,-8e-05,-3e-05,5
54581,0.00018,-7e-05,-0.00015,-0.00057,0.00024,-0.00018,-8e-05,-3e-05,5
54582,0.00018,-7e-05,-0.00015,-0.00057,0.00024,-0.00018,-8e-05,-3e-05,5
54583,0.00018,-7e-05,-0.00015,-0.00057,0.00024,-0.00018,-8e-05,-3e-05,5
54584,0.00018,-7e-05,-0.00015,-0.00057,0.00024,-0.00018,-8e-05,-3e-05,5
54585,0.00018,-7e-05,-0.00015,-0.00057,0.00024,-0.00018,-8e-05,-3e-05,5
54586,0.00018,-7e-05,-0.00015,-0.00057,0.00024,-0.00018,-8e-05,-3e-05,5
54588,0.00018,-7e-05,-0.00015,-0.00057,0.00024,-0.00018,-8e-05,-3e-05,5
54589,0.00018,-7e-05,-0.00015,-0.00057,0.00024,-0.00018,-8e-05,-3e-05,5
54590,0.00018,-7e-05,-0.00015,-0.00057,0.00024,-0.00018,-8e-05,-3e-05,5
54591,0.00018,-7e-05,-0.00015,-0.00057,0.00024,-0.00018,-8e-05,-3e-05,5
54592,0.00018,-7e-05,-0.00015,-0.00057,0.00024,-0.00018,-8e-05,-3e-05,5
54593,0.00018,-7e-05,-0.00015,-0.00057,0.00024,-0.00018,-8e-05,-3e-05,5
54594,0.00018,-7e-05,-0.00015,-0.00057,0.00024,-0.00018,-8e-05,-3e-05,5
54595,-0.00021,-9e-05,-0.00018,0.00011,-5e-05,0.00012,-5e-05,0.0,5
54596,-0.00021,-9e-05,-0.00018,0.00011,-5e-05,0.00012,-5e-05,0.0,5
54597,-0.00025,0.00019,0.00035,0.00044,-0.00013,5e-05,4e-05,2e-05,5
54598,-0.00025,0.00019,0.00035,0.00044,-0.00013,5e-05,4e-05,2e-05,5
54599,-0.00025,0.00019,0.00035,0.00044,-0.00013,5e-05,4e-05,2e-05,5
54600,-0.00025,0.00019,0.00035,0.00044,-0.00013,5e-05,4e-05,2e-05,5
54601,-0.00025,0.00019,0.00035,0.00044,-0.00013,5e-05,4e-05,2e-05,5
54602,-0.00025,0.00019,0.00035,0.00044,-0.00013,5e-05,4e-05,2e-05,5
54603,-0.00025,0.00019,0.00035,0.00044,-0.00013,5e-05,4e-05,2e-05,5
54604,-0.00025,0.00019,0.00035,0.00044,-0.00013,5e-05,4e-05,2e-05,5
54605,-0.00025,0.00019,0.00035,0.00044,-0.00013,5e-05,4e-05,2e-05,5
54606,-0.00025,0.00019,0.00035,0.00044,-0.00013,5e-05,4e-05,2e-05,5
54607,-0.00025,0.00019,0.00035,0.00044,-0.00013,5e-05,4e-05,2e-05,5
54608,-0.00025,0.00019,0.00035,0.00044,-0.00013,5e-05,4e-05,2e-05,5
54609,-0.00013,-0.00011,-7e-05,6e-05,0.00019,-0.00031,-0.00014,-7e-05,5
54610,-0.00013,-0.00011,-7e-05,6e-05,0.00019,-0.00031,-0.00014,-7e-05,5
54611,-0.00013,-0.00011,-7e-05,6e-05,0.00019,-0.00031,-0.00014,-7e-05,5
54612,-0.00013,-0.00011,-7e-05,6e-05,0.00019,-0.00031,-0.00014,-7e-05,5
54613,-0.00013,-0.00011,-7e-05,6e-05,0.00019,-0.00031,-0.00014,-7e-05,5
54614,-0.00013,-0.00011,-7e-05,6e-05,0.00019,-0.00031,-0.00014,-7e-05,5
54615,-0.00013,-0.00011,-7e-05,6e-05,0.00019,-0.00031,-0.00014,-7e-05,5
54616,-0.00013,-0.00011,-7e-05,6e-05,0.00019,-0.00031,-0.00014,-7e-05,5
54617,-0.00013,-0.00011,-7e-05,6e-05,0.00019,-0.00031,-0.00014,-7e-05,5
54618,-0.00031,-0.00016,-0.00014,0.00085,0.00078,0.00014,-2e-05,-9e-05,5
54619,-0.00031,-0.00016,-0.00014,0.00085,0.00078,0.00014,-2e-05,-9e-05,5
54620,-0.00031,-0.00016,-0.00014,0.00085,0.00078,0.00014,-2e-05,-9e-05,5
54621,-0.00031,-0.00016,-0.00014,0.00085,0.00078,0.00014,-2e-05,-9e-05,5
54622,-0.00031,-0.00016,-0.00014,0.00085,0.00078,0.00014,-2e-05,-9e-05,5
54623,-0.00031,-0.00016,-0.00014,0.00085,0.00078,0.00014,-2e-05,-9e-05,5
54624,-0.00031,-0.00016,-0.00014,0.00085,0.00078,0.00014,-2e-05,-9e-05,5
54625,-0.00031,-0.00016,-0.00014,0.00085,0.00078,0.00014,-2e-05,-9e-05,5
54626,-0.00031,-0.00016,-0.00014,0.00085,0.00078,0.00014,-2e-05,-9e-05,5
54627,-0.00031,-0.00016,-0.00014,0.00085,0.00078,0.00014,-2e-05,-9e-05,5
54628,-0.00031,-0.00016,-0.00014,0.00085,0.00078,0.00014,-2e-05,-9e-05,5
54629,-0.00031,-0.00016,-0.00014,0.00085,0.00078,0.00014,-2e-05,-9e-05,5
54630,-0.00031,-0.00016,-0.00014,0.00085,0.00078,0.00014,-2e-05,-9e-05,5
54631,-0.00031,-0.00016,-0.00014,0.00085,0.00078,0.00014,-2e-05,-9e-05,5
54632,0.00013,-9e-05,0.0001,-0.00035,-0.00095,3e-05,-5e-05,0.0,5
54633,0.00013,-9e-05,0.0001,-0.00035,-0.00095,3e-05,-5e-05,0.0,5
54634,0.00013,-9e-05,0.0001,-0.00035,-0.00095,3e-05,-5e-05,0.0,5
54635,0.00013,-9e-05,0.0001,-0.00035,-0.00095,3e-05,-5e-05,0.0,5
54636,0.00013,-9e-05,0.0001,-0.00035,-0.00095,3e-05,-5e-05,0.0,5
54638,0.00013,-9e-05,0.0001,-0.00035,-0.00095,3e-05,-5e-05,0.0,5
54639,-0.00028,7e-05,5e-05,-0.00041,5e-05,4e-05,1e-05,-2e-05,5
54640,-0.00028,7e-05,5e-05,-0.00041,5e-05,4e-05,1e-05,-2e-05,5
54641,-0.00028,7e-05,5e-05,-0.00041,5e-05,4e-05,1e-05,-2e-05,5
54642,-0.00028,7e-05,5e-05,-0.00041,5e-05,4e-05,1e-05,-2e-05,5
54643,-0.00028,7e-05,5e-05,-0.00041,5e-05,4e-05,1e-05,-2e-05,5
54644,-0.00028,7e-05,5e-05,-0.00041,5e-05,4e-05,1e-05,-2e-05,5
54645,-0.00028,7e-05,5e-05,-0.00041,5e-05,4e-05,1e-05,-2e-05,5
54646,-0.00028,7e-05,5e-05,-0.00041,5e-05,4e-05,1e-05,-2e-05,5
54647,-0.00028,7e-05,5e-05,-0.00041,5e-05,4e-05,1e-05,-2e-05,5
54648,-0.00028,7e-05,5e-05,-0.00041,5e-05,4e-05,1e-05,-2e-05,5
54649,-0.00028,7e-05,5e-05,-0.00041,5e-05,4e-05,1e-05,-2e-05,5
54650,-0.00028,7e-05,5e-05,-0.00041,5e-05,4e-05,1e-05,-2e-05,5
54651,-0.00028,7e-05,5e-05,-0.00041,5e-05,4e-05,1e-05,-2e-05,5
54652,-0.00028,7e-05,5e-05,-0.00041,5e-05,4e-05,1e-05,-2e-05,5
54653,-0.00028,7e-05,5e-05,-0.00041,5e-05,4e-05,1e-05,-2e-05,5
54654,-0.00028,7e-05,5e-05,-0.00041,5e-05,4e-05,1e-05,-2e-05,5
54655,0.00016,9e-05,2e-05,0.00022,-0.00018,0.00025,0.00011,5e-05,5
54656,0.00016,9e-05,2e-05,0.00022,-0.00018,0.00025,0.00011,5e-05,5
54657,0.00017,-6e-05,-4e-05,0.0002,-0.00019,3e-05,4e-05,6e-05,5
54658,0.00017,-6e-05,-4e-05,0.0002,-0.00019,3e-05,4e-05,6e-05,5
54659,0.00017,-6e-05,-4e-05,0.0002,-0.00019,3e-05,4e-05,6e-05,5
54660,0.00017,-6e-05,-4e-05,0.0002,-0.00019,3e-05,4e-05,6e-05,5
54661,0.00017,-6e-05,-4e-05,0.0002,-0.00019,3e-05,4e-05,6e-05,5
54662,0.00017,-6e-05,-4e-05,0.0002,-0.00019,3e-05,4e-05,6e-05,5
54663,0.00017,-6e-05,-4e-05,0.0002,-0.00019,3e-05,4e-05,6e-05,5
54664,0.00017,-6e-05,-4e-05,0.0002,-0.00019,3e-05,4e-05,6e-05,5
54665,0.00017,-6e-05,-4e-05,0.0002,-0.00019,3e-05,4e-05,6e-05,5
54666,0.00017,-6e-05,-4e-05,0.0002,-0.00019,3e-05,4e-05,6e-05,5
54667,0.00017,-6e-05,-4e-05,0.0002,-0.00019,3e-05,4e-05,6e-05,5
54668,0.00017,-6e-05,-4e-05,0.0002,-0.00019,3e-05,4e-05,6e-05,5
54669,0.00017,-6e-05,-4e-05,0.0002,-0.00019,3e-05,4e-05,6e-05,5
54670,0.00017,-6e-05,-4e-05,0.0002,-0.00019,3e-05,4e-05,6e-05,5
54671,0.00017,-6e-05,-4e-05,0.0002,-0.00019,3e-05,4e-05,6e-05,5
54672,0.00017,-6e-05,-4e-05,0.0002,-0.00019,3e-05,4e-05,6e-05,5
54673,0.00017,-6e-05,-4e-05,0.0002,-0.00019,3e-05,4e-05,6e-05,5
54674,0.00017,-6e-05,-4e-05,0.0002,-0.00019,3e-05,4e-05,6e-05,5
54675,0.00017,-6e-05,-4e-05,0.0002,-0.00019,3e-05,4e-05,6e-05,5
54676,0.00017,-6e-05,-4e-05,0.0002,-0.00019,3e-05,4e-05,6e-05,5
54677,0.00017,-6e-05,-4e-05,0.0002,-0.00019,3e-05,4e-05,6e-05,5
54678,0.00017,-6e-05,-4e-05,0.0002,-0.00019,3e-05,4e-05,6e-05,5
54679,0.00024,5e-05,8e-05,-0.00027,-0.00014,9e-05,1e-05,0.0,5
54680,0.00024,5e-05,8e-05,-0.00027,-0.00014,9e-05,1e-05,0.0,5
54681,0.00024,5e-05,8e-05,-0.00027,-0.00014,9e-05,1e-05,0.0,5
54682,0.00024,5e-05,8e-05,-0.00027,-0.00014,9e-05,1e-05,0.0,5
54683,0.00024,5e-05,8e-05,-0.00027,-0.00014,9e-05,1e-05,0.0,5
54684,0.00024,5e-05,8e-05,-0.00027,-0.00014,9e-05,1e-05,0.0,5
54685,0.00024,5e-05,8e-05,-0.00027,-0.00014,9e-05,1e-05,0.0,5
54686,0.00024,5e-05,8e-05,-0.00027,-0.00014,9e-05,1e-05,0.0,5
54688,0.00024,5e-05,8e-05,-0.00027,-0.00014,9e-05,1e-05,0.0,5
54689,0.00024,5e-05,8e-05,-0.00027,-0.00014,9e-05,1e-05,0.0,5
54690,0.00024,5e-05,8e-05,-0.00027,-0.00014,9e-05,1e-05,0.0,5
54691,0.00024,5e-05,8e-05,-0.00027,-0.00014,9e-05,1e-05,0.0,5
54692,0.00024,5e-05,8e-05,-0.00027,-0.00014,9e-05,1e-05,0.0,5
54693,-1e-05,-0.00014,-0.00011,0.00081,-2e-05,-6e-05,-8e-05,-0.00012,5
54694,-1e-05,-0.00014,-0.00011,0.00081,-2e-05,-6e-05,-8e-05,-0.00012,5
54695,-9e-05,0.0,-0.00018,-0.00083,-0.00027,3e-05,-7e-05,-8e-05,5
54696,-9e-05,0.0,-0.00018,-0.00083,-0.00027,3e-05,-7e-05,-8e-05,5
54697,-9e-05,0.0,-0.00018,-0.00083,-0.00027,3e-05,-7e-05,-8e-05,5
54698,-9e-05,0.0,-0.00018,-0.00083,-0.00027,3e-05,-7e-05,-8e-05,5
54699,-9e-05,0.0,-0.00018,-0.00083,-0.00027,3e-05,-7e-05,-8e-05,5
54700,-9e-05,0.0,-0.00018,-0.00083,-0.00027,3e-05,-7e-05,-8e-05,5
54701,-9e-05,0.0,-0.00018,-0.00083,-0.00027,3e-05,-7e-05,-8e-05,5
54702,-9e-05,0.0,-0.00018,-0.00083,-0.00027,3e-05,-7e-05,-8e-05,5
54703,-9e-05,0.0,-0.00018,-0.00083,-0.00027,3e-05,-7e-05,-8e-05,5
54704,-9e-05,0.0,-0.00018,-0.00083,-0.00027,3e-05,-7e-05,-8e-05,5
54705,-9e-05,0.0,-0.00018,-0.00083,-0.00027,3e-05,-7e-05,-8e-05,5
54706,-9e-05,0.0,-0.00018,-0.00083,-0.00027,3e-05,-7e-05,-8e-05,5
54707,-9e-05,0.0,-0.00018,-0.00083,-0.00027,3e-05,-7e-05,-8e-05,5
54708,-9e-05,0.0,-0.00018,-0.00083,-0.00027,3e-05,-7e-05,-8e-05,5
54709,-9e-05,0.0,-0.00018,-0.00083,-0.00027,3e-05,-7e-05,-8e-05,5
54710,-9e-05,0.0,-0.00018,-0.00083,-0.00027,3e-05,-7e-05,-8e-05,5
54711,-9e-05,0.0,-0.00018,-0.00083,-0.00027,3e-05,-7e-05,-8e-05,5
54712,-9e-05,0.0,-0.00018,-0.00083,-0.00027,3e-05,-7e-05,-8e-05,5
54713,-9e-05,0.0,-0.00018,-0.00083,-0.00027,3e-05,-7e-05,-8e-05,5
54714,-9e-05,0.0,-0.00018,-0.00083,-0.00027,3e-05,-7e-05,-8e-05,5
54715,-0.00041,7e-05,4e-05,0.00015,0.00088,0.00015,6e-05,-5e-05,5
54716,-0.00041,7e-05,4e-05,0.00015,0.00088,0.00015,6e-05,-5e-05,5
54717,0.00014,8e-05,0.00014,0.00063,0.00066,0.00012,4e-05,-2e-05,5
54718,0.00014,8e-05,0.00014,0.00063,0.00066,0.00012,4e-05,-2e-05,5
54719,0.00014,8e-05,0.00014,0.00063,0.00066,0.00012,4e-05,-2e-05,5
54720,0.00014,8e-05,0.00014,0.00063,0.00066,0.00012,4e-05,-2e-05,5
54721,0.00014,8e-05,0.00014,0.00063,0.00066,0.00012,4e-05,-2e-05,5
54722,0.00014,8e-05,0.00014,0.00063,0.00066,0.00012,4e-05,-2e-05,5
54723,0.00014,8e-05,0.00014,0.00063,0.00066,0.00012,4e-05,-2e-05,5
54724,0.00014,8e-05,0.00014,0.00063,0.00066,0.00012,4e-05,-2e-05,5
54725,0.00014,8e-05,0.00014,0.00063,0.00066,0.00012,4e-05,-2e-05,5
54726,0.00014,8e-05,0.00014,0.00063,0.00066,0.00012,4e-05,-2e-05,5
54727,0.00014,8e-05,0.00014,0.00063,0.00066,0.00012,4e-05,-2e-05,5
54728,0.00014,8e-05,0.00014,0.00063,0.00066,0.00012,4e-05,-2e-05,5
54729,0.00014,8e-05,0.00014,0.00063,0.00066,0.00012,4e-05,-2e-05,5
54730,0.00014,8e-05,0.00014,0.00063,0.00066,0.00012,4e-05,-2e-05,5
54731,0.00014,8e-05,0.00014,0.00063,0.00066,0.00012,4e-05,-2e-05,5
54732,0.00014,8e-05,0.00014,0.00063,0.00066,0.00012,4e-05,-2e-05,5
54733,0.00014,8e-05,0.00014,0.00063,0.00066,0.00012,4e-05,-2e-05,5
54734,0.00014,8e-05,0.00014,0.00063,0.00066,0.00012,4e-05,-2e-05,5
54735,0.00014,8e-05,0.00014,0.00063,0.00066,0.00012,4e-05,-2e-05,5
54736,0.00014,8e-05,0.00014,0.00063,0.00066,0.00012,4e-05,-2e-05,5
54739,0.00014,8e-05,0.00014,0.00063,0.00066,0.00012,4e-05,-2e-05,5
54740,0.00019,-4e-05,8e-05,-0.00025,-0.00019,-0.0002,-1e-05,-1e-05,5
54741,0.00019,-4e-05,8e-05,-0.00025,-0.00019,-0.0002,-1e-05,-1e-05,5
54742,0.00019,-4e-05,8e-05,-0.00025,-0.00019,-0.0002,-1e-05,-1e-05,5
54743,0.00019,-4e-05,8e-05,-0.00025,-0.00019,-0.0002,-1e-05,-1e-05,5
54744,0.00019,-4e-05,8e-05,-0.00025,-0.00019,-0.0002,-1e-05,-1e-05,5
54745,0.00019,-4e-05,8e-05,-0.00025,-0.00019,-0.0002,-1e-05,-1e-05,5
54746,0.00019,-4e-05,8e-05,-0.00025,-0.00019,-0.0002,-1e-05,-1e-05,5
54747,0.00019,-4e-05,8e-05,-0.00025,-0.00019,-0.0002,-1e-05,-1e-05,5
54748,0.00019,-4e-05,8e-05,-0.00025,-0.00019,-0.0002,-1e-05,-1e-05,5
54749,0.00019,-4e-05,8e-05,-0.00025,-0.00019,-0.0002,-1e-05,-1e-05,5
54750,0.00019,-4e-05,8e-05,-0.00025,-0.00019,-0.0002,-1e-05,-1e-05,5
54751,0.00019,-4e-05,8e-05,-0.00025,-0.00019,-0.0002,-1e-05,-1e-05,5
54752,0.00019,-4e-05,8e-05,-0.00025,-0.00019,-0.0002,-1e-05,-1e-05,5
54753,-9e-05,-8e-05,-0.00014,-0.00035,0.00015,3e-05,1e-05,-2e-05,5
54754,-2e-05,4e-05,2e-05,0.0002,-0.00014,7e-05,0.0,0.0,5
54755,-2e-05,4e-05,2e-05,0.0002,-0.00014,7e-05,0.0,0.0,5
54756,-2e-05,4e-05,2e-05,0.0002,-0.00014,7e-05,0.0,0.0,5
54757,-2e-05,4e-05,2e-05,0.0002,-0.00014,7e-05,0.0,0.0,5
54758,-2e-05,4e-05,2e-05,0.0002,-0.00014,7e-05,0.0,0.0,5
54759,-2e-05,4e-05,2e-05,0.0002,-0.00014,7e-05,0.0,0.0,5
54760,-2e-05,4e-05,2e-05,0.0002,-0.00014,7e-05,0.0,0.0,5
54761,-2e-05,4e-05,2e-05,0.0002,-0.00014,7e-05,0.0,0.0,5
54762,-2e-05,4e-05,2e-05,0.0002,-0.00014,7e-05,0.0,0.0,5
54763,-2e-05,4e-05,2e-05,0.0002,-0.00014,7e-05,0.0,0.0,5
54764,-2e-05,4e-05,2e-05,0.0002,-0.00014,7e-05,0.0,0.0,5
54765,-2e-05,4e-05,2e-05,0.0002,-0.00014,7e-05,0.0,0.0,5
54766,-2e-05,4e-05,2e-05,0.0002,-0.00014,7e-05,0.0,0.0,5
54767,-2e-05,4e-05,2e-05,0.0002,-0.00014,7e-05,0.0,0.0,5
54768,-2e-05,4e-05,2e-05,0.0002,-0.00014,7e-05,0.0,0.0,5
54769,-2e-05,4e-05,2e-05,0.0002,-0.00014,7e-05,0.0,0.0,5
54770,-2e-05,4e-05,2e-05,0.0002,-0.00014,7e-05,0.0,0.0,5
54771,-2e-05,4e-05,2e-05,0.0002,-0.00014,7e-05,0.0,0.0,5
54772,-2e-05,4e-05,2e-05,0.0002,-0.00014,7e-05,0.0,0.0,5
54773,-2e-05,4e-05,2e-05,0.0002,-0.00014,7e-05,0.0,0.0,5
54774,-2e-05,4e-05,2e-05,0.0002,-0.00014,7e-05,0.0,0.0,5
54775,0.00024,5e-05,0.0001,-0.00011,-0.00027,-0.00011,-6e-05,-2e-05,5
54776,0.00024,5e-05,0.0001,-0.00011,-0.00027,-0.00011,-6e-05,-2e-05,5
54777,-0.00013,-5e-05,-7e-05,-0.00017,0.00031,5e-05,2e-05,0.0,5
54778,-0.00013,-5e-05,-7e-05,-0.00017,0.00031,5e-05,2e-05,0.0,5
54779,-0.00013,-5e-05,-7e-05,-0.00017,0.00031,5e-05,2e-05,0.0,5
54780,-0.00013,-5e-05,-7e-05,-0.00017,0.00031,5e-05,2e-05,0.0,5
54781,-0.00013,-5e-05,-7e-05,-0.00017,0.00031,5e-05,2e-05,0.0,5
54782,-0.00013,-5e-05,-7e-05,-0.00017,0.00031,5e-05,2e-05,0.0,5
54783,-0.00013,-5e-05,-7e-05,-0.00017,0.00031,5e-05,2e-05,0.0,5
54784,-0.00013,-5e-05,-7e-05,-0.00017,0.00031,5e-05,2e-05,0.0,5
54785,-0.00013,-5e-05,-7e-05,-0.00017,0.00031,5e-05,2e-05,0.0,5
54786,-0.00013,-5e-05,-7e-05,-0.00017,0.00031,5e-05,2e-05,0.0,5
54788,-0.00013,-5e-05,-7e-05,-0.00017,0.00031,5e-05,2e-05,0.0,5
54789,-0.00013,-5e-05,-7e-05,-0.00017,0.00031,5e-05,2e-05,0.0,5
54790,-0.00013,-5e-05,-7e-05,-0.00017,0.00031,5e-05,2e-05,0.0,5
54791,-0.00013,-5e-05,-7e-05,-0.00017,0.00031,5e-05,2e-05,0.0,5
54792,-0.00013,-5e-05,-7e-05,-0.00017,0.00031,5e-05,2e-05,0.0,5
54793,-0.00013,-5e-05,-7e-05,-0.00017,0.00031,5e-05,2e-05,0.0,5
54794,-0.00013,-5e-05,-7e-05,-0.00017,0.00031,5e-05,2e-05,0.0,5
54795,-0.00013,-5e-05,-7e-05,-0.00017,0.00031,5e-05,2e-05,0.0,5
54796,-0.00013,-5e-05,-7e-05,-0.00017,0.00031,5e-05,2e-05,0.0,5
54797,9e-05,6e-05,8e-05,-0.00047,0.00032,0.0,2e-05,4e-05,5
54798,0.00048,4e-05,-8e-05,5e-05,-0.00027,-0.00021,2e-05,0.0001,5
54799,0.00048,4e-05,-8e-05,5e-05,-0.00027,-0.00021,2e-05,0.0001,5
54800,0.00048,4e-05,-8e-05,5e-05,-0.00027,-0.00021,2e-05,0.0001,5
54801,0.00048,4e-05,-8e-05,5e-05,-0.00027,-0.00021,2e-05,0.0001,5
54802,0.00048,4e-05,-8e-05,5e-05,-0.00027,-0.00021,2e-05,0.0001,5
54803,0.00048,4e-05,-8e-05,5e-05,-0.00027,-0.00021,2e-05,0.0001,5
54804,0.00048,4e-05,-8e-05,5e-05,-0.00027,-0.00021,2e-05,0.0001,5
54805,0.00048,4e-05,-8e-05,5e-05,-0.00027,-0.00021,2e-05,0.0001,5
54806,0.00048,4e-05,-8e-05,5e-05,-0.00027,-0.00021,2e-05,0.0001,5
54807,0.00048,4e-05,-8e-05,5e-05,-0.00027,-0.00021,2e-05,0.0001,5
54808,0.00048,4e-05,-8e-05,5e-05,-0.00027,-0.00021,2e-05,0.0001,5
54809,0.00048,4e-05,-8e-05,5e-05,-0.00027,-0.00021,2e-05,0.0001,5
54810,0.00048,4e-05,-8e-05,5e-05,-0.00027,-0.00021,2e-05,0.0001,5
54811,0.00048,4e-05,-8e-05,5e-05,-0.00027,-0.00021,2e-05,0.0001,5
54812,-0.00016,-9e-05,-4e-05,6e-05,0.0003,3e-05,-5e-05,-7e-05,5
54813,-0.00016,-9e-05,-4e-05,6e-05,0.0003,3e-05,-5e-05,-7e-05,5
54814,-0.00016,-9e-05,-4e-05,6e-05,0.0003,3e-05,-5e-05,-7e-05,5
54815,-0.00016,-9e-05,-4e-05,6e-05,0.0003,3e-05,-5e-05,-7e-05,5
54816,-0.00016,-9e-05,-4e-05,6e-05,0.0003,3e-05,-5e-05,-7e-05,5
54817,-0.00016,-9e-05,-4e-05,6e-05,0.0003,3e-05,-5e-05,-7e-05,5
54818,-0.00016,-9e-05,-4e-05,6e-05,0.0003,3e-05,-5e-05,-7e-05,5
54819,-0.00016,-9e-05,-4e-05,6e-05,0.0003,3e-05,-5e-05,-7e-05,5
54820,-7e-05,-2e-05,-2e-05,0.00015,-1e-05,2e-05,-2e-05,-5e-05,5
54821,-7e-05,-2e-05,-2e-05,0.00015,-1e-05,2e-05,-2e-05,-5e-05,5
54822,-7e-05,-2e-05,-2e-05,0.00015,-1e-05,2e-05,-2e-05,-5e-05,5
54823,-7e-05,-2e-05,-2e-05,0.00015,-1e-05,2e-05,-2e-05,-5e-05,5
54824,-7e-05,-2e-05,-2e-05,0.00015,-1e-05,2e-05,-2e-05,-5e-05,5
54825,-7e-05,-2e-05,-2e-05,0.00015,-1e-05,2e-05,-2e-05,-5e-05,5
54826,-7e-05,-2e-05,-2e-05,0.00015,-1e-05,2e-05,-2e-05,-5e-05,5
54827,-7e-05,-2e-05,-2e-05,0.00015,-1e-05,2e-05,-2e-05,-5e-05,5
54828,-7e-05,-2e-05,-2e-05,0.00015,-1e-05,2e-05,-2e-05,-5e-05,5
54829,-7e-05,-2e-05,-2e-05,0.00015,-1e-05,2e-05,-2e-05,-5e-05,5
54830,-7e-05,-2e-05,-2e-05,0.00015,-1e-05,2e-05,-2e-05,-5e-05,5
54831,-7e-05,-2e-05,-2e-05,0.00015,-1e-05,2e-05,-2e-05,-5e-05,5
54832,-7e-05,-2e-05,-2e-05,0.00015,-1e-05,2e-05,-2e-05,-5e-05,5
54833,-7e-05,-2e-05,-2e-05,0.00015,-1e-05,2e-05,-2e-05,-5e-05,5
54834,-9e-05,0.0001,9e-05,-0.00019,0.00031,-0.0001,2e-05,4e-05,5
54835,-8e-05,-7e-05,7e-05,0.00039,-0.00045,3e-05,2e-05,-4e-05,5
54836,-8e-05,-7e-05,7e-05,0.00039,-0.00045,3e-05,2e-05,-4e-05,5
54838,-8e-05,-7e-05,7e-05,0.00039,-0.00045,3e-05,2e-05,-4e-05,5
54839,-8e-05,-7e-05,7e-05,0.00039,-0.00045,3e-05,2e-05,-4e-05,5
54840,-8e-05,-7e-05,7e-05,0.00039,-0.00045,3e-05,2e-05,-4e-05,5
54841,-8e-05,-7e-05,7e-05,0.00039,-0.00045,3e-05,2e-05,-4e-05,5
54842,-8e-05,-7e-05,7e-05,0.00039,-0.00045,3e-05,2e-05,-4e-05,5
54843,-8e-05,-7e-05,7e-05,0.00039,-0.00045,3e-05,2e-05,-4e-05,5
54844,-8e-05,-7e-05,7e-05,0.00039,-0.00045,3e-05,2e-05,-4e-05,5
54845,-8e-05,-7e-05,7e-05,0.00039,-0.00045,3e-05,2e-05,-4e-05,5
54846,-8e-05,-7e-05,7e-05,0.00039,-0.00045,3e-05,2e-05,-4e-05,5
54847,-8e-05,-7e-05,7e-05,0.00039,-0.00045,3e-05,2e-05,-4e-05,5
54848,-8e-05,-7e-05,7e-05,0.00039,-0.00045,3e-05,2e-05,-4e-05,5
54849,-8e-05,-7e-05,7e-05,0.00039,-0.00045,3e-05,2e-05,-4e-05,5
54850,-8e-05,-7e-05,7e-05,0.00039,-0.00045,3e-05,2e-05,-4e-05,5
54851,-8e-05,-7e-05,7e-05,0.00039,-0.00045,3e-05,2e-05,-4e-05,5
54852,-8e-05,-7e-05,7e-05,0.00039,-0.00045,3e-05,2e-05,-4e-05,5
54853,-8e-05,-7e-05,7e-05,0.00039,-0.00045,3e-05,2e-05,-4e-05,5
54854,-8e-05,-7e-05,7e-05,0.00039,-0.00045,3e-05,2e-05,-4e-05,5
54855,-8e-05,-7e-05,7e-05,0.00039,-0.00045,3e-05,2e-05,-4e-05,5
54856,-8e-05,-7e-05,7e-05,0.00039,-0.00045,3e-05,2e-05,-4e-05,5
54857,-8e-05,-4e-05,7e-05,9e-05,-0.00022,3e-05,-2e-05,4e-05,5
54858,-0.00037,-0.00026,-0.00019,-0.00062,3e-05,-0.00025,7e-05,-6e-05,5
54859,-0.00037,-0.00026,-0.00019,-0.00062,3e-05,-0.00025,7e-05,-6e-05,5
54860,-0.00037,-0.00026,-0.00019,-0.00062,3e-05,-0.00025,7e-05,-6e-05,5
54861,-0.00037,-0.00026,-0.00019,-0.00062,3e-05,-0.00025,7e-05,-6e-05,5
54862,-0.00037,-0.00026,-0.00019,-0.00062,3e-05,-0.00025,7e-05,-6e-05,5
54863,-0.00037,-0.00026,-0.00019,-0.00062,3e-05,-0.00025,7e-05,-6e-05,5
54864,-0.00037,-0.00026,-0.00019,-0.00062,3e-05,-0.00025,7e-05,-6e-05,5
54865,-0.00037,-0.00026,-0.00019,-0.00062,3e-05,-0.00025,7e-05,-6e-05,5
54866,-0.00037,-0.00026,-0.00019,-0.00062,3e-05,-0.00025,7e-05,-6e-05,5
54867,-0.00037,-0.00026,-0.00019,-0.00062,3e-05,-0.00025,7e-05,-6e-05,5
54868,-0.00037,-0.00026,-0.00019,-0.00062,3e-05,-0.00025,7e-05,-6e-05,5
54869,-0.00037,-0.00026,-0.00019,-0.00062,3e-05,-0.00025,7e-05,-6e-05,5
54870,-0.00037,-0.00026,-0.00019,-0.00062,3e-05,-0.00025,7e-05,-6e-05,5
54871,-0.00037,-0.00026,-0.00019,-0.00062,3e-05,-0.00025,7e-05,-6e-05,5
54872,0.0003,0.0001,-3e-05,8e-05,-0.00029,-6e-05,-3e-05,-2e-05,5
54873,-5e-05,-1e-05,-0.00012,-0.0003,-0.00017,-4e-05,-6e-05,-1e-05,5
54874,-5e-05,-1e-05,-0.00012,-0.0003,-0.00017,-4e-05,-6e-05,-1e-05,5
54875,-5e-05,-1e-05,-0.00012,-0.0003,-0.00017,-4e-05,-6e-05,-1e-05,5
54876,-5e-05,-1e-05,-0.00012,-0.0003,-0.00017,-4e-05,-6e-05,-1e-05,5
54877,-5e-05,-1e-05,-0.00012,-0.0003,-0.00017,-4e-05,-6e-05,-1e-05,5
54878,-5e-05,-1e-05,-0.00012,-0.0003,-0.00017,-4e-05,-6e-05,-1e-05,5
54879,-5e-05,-1e-05,-0.00012,-0.0003,-0.00017,-4e-05,-6e-05,-1e-05,5
54880,-5e-05,-1e-05,-0.00012,-0.0003,-0.00017,-4e-05,-6e-05,-1e-05,5
54881,-5e-05,-1e-05,-0.00012,-0.0003,-0.00017,-4e-05,-6e-05,-1e-05,5
54882,-5e-05,-1e-05,-0.00012,-0.0003,-0.00017,-4e-05,-6e-05,-1e-05,5
54883,-5e-05,-1e-05,-0.00012,-0.0003,-0.00017,-4e-05,-6e-05,-1e-05,5
54884,-5e-05,-1e-05,-0.00012,-0.0003,-0.00017,-4e-05,-6e-05,-1e-05,5
54885,-5e-05,-1e-05,-0.00012,-0.0003,-0.00017,-4e-05,-6e-05,-1e-05,5
54886,-5e-05,-1e-05,-0.00012,-0.0003,-0.00017,-4e-05,-6e-05,-1e-05,5
54888,-5e-05,-1e-05,-0.00012,-0.0003,-0.00017,-4e-05,-6e-05,-1e-05,5
54889,-5e-05,-1e-05,-0.00012,-0.0003,-0.00017,-4e-05,-6e-05,-1e-05,5
54890,-5e-05,-1e-05,-0.00012,-0.0003,-0.00017,-4e-05,-6e-05,-1e-05,5
54891,-5e-05,-1e-05,-0.00012,-0.0003,-0.00017,-4e-05,-6e-05,-1e-05,5
54892,-5e-05,-1e-05,-0.00012,-0.0003,-0.00017,-4e-05,-6e-05,-1e-05,5
54893,-5e-05,-1e-05,-0.00012,-0.0003,-0.00017,-4e-05,-6e-05,-1e-05,5
54894,-5e-05,-1e-05,-0.00012,-0.0003,-0.00017,-4e-05,-6e-05,-1e-05,5
54895,2e-05,2e-05,2e-05,-0.00028,-0.00025,-7e-05,-2e-05,5e-05,5
54896,-0.0003,3e-05,6e-05,0.00041,4e-05,5e-05,-0.00011,-0.00011,5
54897,-0.0003,3e-05,6e-05,0.00041,4e-05,5e-05,-0.00011,-0.00011,5
54898,-0.0003,3e-05,6e-05,0.00041,4e-05,5e-05,-0.00011,-0.00011,5
54899,-0.0003,3e-05,6e-05,0.00041,4e-05,5e-05,-0.00011,-0.00011,5
54900,-0.0003,3e-05,6e-05,0.00041,4e-05,5e-05,-0.00011,-0.00011,5
54901,-0.0003,3e-05,6e-05,0.00041,4e-05,5e-05,-0.00011,-0.00011,5
54902,-0.0003,3e-05,6e-05,0.00041,4e-05,5e-05,-0.00011,-0.00011,5
54903,-0.0003,3e-05,6e-05,0.00041,4e-05,5e-05,-0.00011,-0.00011,5
54904,-0.0003,3e-05,6e-05,0.00041,4e-05,5e-05,-0.00011,-0.00011,5
54905,-0.0003,3e-05,6e-05,0.00041,4e-05,5e-05,-0.00011,-0.00011,5
54906,-0.0003,3e-05,6e-05,0.00041,4e-05,5e-05,-0.00011,-0.00011,5
54907,-0.0003,3e-05,6e-05,0.00041,4e-05,5e-05,-0.00011,-0.00011,5
54908,-0.0003,3e-05,6e-05,0.00041,4e-05,5e-05,-0.00011,-0.00011,5
54909,-0.0003,3e-05,6e-05,0.00041,4e-05,5e-05,-0.00011,-0.00011,5
54910,-0.0003,3e-05,6e-05,0.00041,4e-05,5e-05,-0.00011,-0.00011,5
54911,-0.0003,3e-05,6e-05,0.00041,4e-05,5e-05,-0.00011,-0.00011,5
54912,-0.0003,3e-05,6e-05,0.00041,4e-05,5e-05,-0.00011,-0.00011,5
54914,-0.0003,3e-05,6e-05,0.00041,4e-05,5e-05,-0.00011,-0.00011,5
54915,-0.0003,3e-05,6e-05,0.00041,4e-05,5e-05,-0.00011,-0.00011,5
54916,-0.0003,3e-05,6e-05,0.00041,4e-05,5e-05,-0.00011,-0.00011,5
54917,4e-05,1e-05,8e-05,0.00024,0.00036,0.0,-1e-05,4e-05,5
54918,-0.00012,-4e-05,-9e-05,-0.00026,0.00016,-7e-05,-3e-05,-4e-05,5
54919,-0.00012,-4e-05,-9e-05,-0.00026,0.00016,-7e-05,-3e-05,-4e-05,5
54920,-0.00012,-4e-05,-9e-05,-0.00026,0.00016,-7e-05,-3e-05,-4e-05,5
54921,-0.00012,-4e-05,-9e-05,-0.00026,0.00016,-7e-05,-3e-05,-4e-05,5
54922,-0.00012,-4e-05,-9e-05,-0.00026,0.00016,-7e-05,-3e-05,-4e-05,5
54923,-0.00012,-4e-05,-9e-05,-0.00026,0.00016,-7e-05,-3e-05,-4e-05,5
54924,-0.00012,-4e-05,-9e-05,-0.00026,0.00016,-7e-05,-3e-05,-4e-05,5
54925,-0.00012,-4e-05,-9e-05,-0.00026,0.00016,-7e-05,-3e-05,-4e-05,5
54927,-0.00012,-4e-05,-9e-05,-0.00026,0.00016,-7e-05,-3e-05,-4e-05,5
54928,-0.00012,-4e-05,-9e-05,-0.00026,0.00016,-7e-05,-3e-05,-4e-05,5
54929,-0.00012,-4e-05,-9e-05,-0.00026,0.00016,-7e-05,-3e-05,-4e-05,5
54930,-0.00012,-4e-05,-9e-05,-0.00026,0.00016,-7e-05,-3e-05,-4e-05,5
54931,-0.00012,-4e-05,-9e-05,-0.00026,0.00016,-7e-05,-3e-05,-4e-05,5
54932,0.00068,0.00011,-0.00015,6e-05,0.00035,-0.00023,-1e-05,9e-05,5
54933,-7e-05,1e-05,-1e-05,0.00019,-3e-05,6e-05,4e-05,-1e-05,5
54934,-7e-05,1e-05,-1e-05,0.00019,-3e-05,6e-05,4e-05,-1e-05,5
54935,-7e-05,1e-05,-1e-05,0.00019,-3e-05,6e-05,4e-05,-1e-05,5
54936,-7e-05,1e-05,-1e-05,0.00019,-3e-05,6e-05,4e-05,-1e-05,5
54938,-7e-05,1e-05,-1e-05,0.00019,-3e-05,6e-05,4e-05,-1e-05,5
54939,-7e-05,1e-05,-1e-05,0.00019,-3e-05,6e-05,4e-05,-1e-05,5
54940,-7e-05,1e-05,-1e-05,0.00019,-3e-05,6e-05,4e-05,-1e-05,5
54941,-7e-05,1e-05,-1e-05,0.00019,-3e-05,6e-05,4e-05,-1e-05,5
54942,-7e-05,1e-05,-1e-05,0.00019,-3e-05,6e-05,4e-05,-1e-05,5
54943,-7e-05,1e-05,-1e-05,0.00019,-3e-05,6e-05,4e-05,-1e-05,5
54944,-7e-05,1e-05,-1e-05,0.00019,-3e-05,6e-05,4e-05,-1e-05,5
54945,-7e-05,1e-05,-1e-05,0.00019,-3e-05,6e-05,4e-05,-1e-05,5
54946,-7e-05,1e-05,-1e-05,0.00019,-3e-05,6e-05,4e-05,-1e-05,5
54947,-7e-05,1e-05,-1e-05,0.00019,-3e-05,6e-05,4e-05,-1e-05,5
54948,-7e-05,1e-05,-1e-05,0.00019,-3e-05,6e-05,4e-05,-1e-05,5
54949,-7e-05,1e-05,-1e-05,0.00019,-3e-05,6e-05,4e-05,-1e-05,5
54950,-7e-05,1e-05,-1e-05,0.00019,-3e-05,6e-05,4e-05,-1e-05,5
54951,-7e-05,1e-05,-1e-05,0.00019,-3e-05,6e-05,4e-05,-1e-05,5
54952,-7e-05,1e-05,-1e-05,0.00019,-3e-05,6e-05,4e-05,-1e-05,5
54953,-7e-05,1e-05,-1e-05,0.00019,-3e-05,6e-05,4e-05,-1e-05,5
54954,-7e-05,1e-05,-1e-05,0.00019,-3e-05,6e-05,4e-05,-1e-05,5
54955,1e-05,3e-05,4e-05,0.0,-0.00029,-0.00016,-9e-05,-9e-05,5
54956,1e-05,3e-05,4e-05,0.0,-0.00029,-0.00016,-9e-05,-9e-05,5
54957,1e-05,3e-05,4e-05,0.0,-0.00029,-0.00016,-9e-05,-9e-05,5
54958,1e-05,3e-05,4e-05,0.0,-0.00029,-0.00016,-9e-05,-9e-05,5
54959,1e-05,3e-05,4e-05,0.0,-0.00029,-0.00016,-9e-05,-9e-05,5
54960,1e-05,3e-05,4e-05,0.0,-0.00029,-0.00016,-9e-05,-9e-05,5
54961,1e-05,3e-05,4e-05,0.0,-0.00029,-0.00016,-9e-05,-9e-05,5
54962,1e-05,3e-05,4e-05,0.0,-0.00029,-0.00016,-9e-05,-9e-05,5
54963,1e-05,3e-05,4e-05,0.0,-0.00029,-0.00016,-9e-05,-9e-05,5
54964,1e-05,3e-05,4e-05,0.0,-0.00029,-0.00016,-9e-05,-9e-05,5
54965,1e-05,3e-05,4e-05,0.0,-0.00029,-0.00016,-9e-05,-9e-05,5
54966,1e-05,3e-05,4e-05,0.0,-0.00029,-0.00016,-9e-05,-9e-05,5
54967,1e-05,3e-05,4e-05,0.0,-0.00029,-0.00016,-9e-05,-9e-05,5
54968,1e-05,3e-05,4e-05,0.0,-0.00029,-0.00016,-9e-05,-9e-05,5
54969,1e-05,3e-05,4e-05,0.0,-0.00029,-0.00016,-9e-05,-9e-05,5
54970,1e-05,3e-05,4e-05,0.0,-0.00029,-0.00016,-9e-05,-9e-05,5
54971,1e-05,3e-05,4e-05,0.0,-0.00029,-0.00016,-9e-05,-9e-05,5
54972,1e-05,3e-05,4e-05,0.0,-0.00029,-0.00016,-9e-05,-9e-05,5
54973,1e-05,3e-05,4e-05,0.0,-0.00029,-0.00016,-9e-05,-9e-05,5
54974,1e-05,3e-05,4e-05,0.0,-0.00029,-0.00016,-9e-05,-9e-05,5
54975,1e-05,3e-05,4e-05,0.0,-0.00029,-0.00016,-9e-05,-9e-05,5
54976,1e-05,3e-05,4e-05,0.0,-0.00029,-0.00016,-9e-05,-9e-05,5
54977,-0.00067,-0.00014,4e-05,-0.00022,-0.00035,-9e-05,-1e-05,-9e-05,5
54978,-0.00018,0.00012,0.00014,0.00031,0.00025,-0.00019,-8e-05,-5e-05,5
54979,-0.00018,0.00012,0.00014,0.00031,0.00025,-0.00019,-8e-05,-5e-05,5
54980,-0.00018,0.00012,0.00014,0.00031,0.00025,-0.00019,-8e-05,-5e-05,5
54981,-0.00018,0.00012,0.00014,0.00031,0.00025,-0.00019,-8e-05,-5e-05,5
54982,-0.00018,0.00012,0.00014,0.00031,0.00025,-0.00019,-8e-05,-5e-05,5
54983,-0.00018,0.00012,0.00014,0.00031,0.00025,-0.00019,-8e-05,-5e-05,5
54984,-0.00018,0.00012,0.00014,0.00031,0.00025,-0.00019,-8e-05,-5e-05,5
54985,-0.00018,0.00012,0.00014,0.00031,0.00025,-0.00019,-8e-05,-5e-05,5
54986,-0.00018,0.00012,0.00014,0.00031,0.00025,-0.00019,-8e-05,-5e-05,5
54988,-0.00018,0.00012,0.00014,0.00031,0.00025,-0.00019,-8e-05,-5e-05,5
54989,-0.00018,0.00012,0.00014,0.00031,0.00025,-0.00019,-8e-05,-5e-05,5
54990,-0.00018,0.00012,0.00014,0.00031,0.00025,-0.00019,-8e-05,-5e-05,5
54991,-0.00018,0.00012,0.00014,0.00031,0.00025,-0.00019,-8e-05,-5e-05,5
54992,-1e-05,-8e-05,-0.00013,-5e-05,-0.00013,-4e-05,0.0,-5e-05,5
54993,-2e-05,-0.00016,-0.00011,-0.00054,-0.00029,-6e-05,-4e-05,-3e-05,5
54994,-2e-05,-0.00016,-0.00011,-0.00054,-0.00029,-6e-05,-4e-05,-3e-05,5
54995,-2e-05,-0.00016,-0.00011,-0.00054,-0.00029,-6e-05,-4e-05,-3e-05,5
54996,-2e-05,-0.00016,-0.00011,-0.00054,-0.00029,-6e-05,-4e-05,-3e-05,5
54997,-2e-05,-0.00016,-0.00011,-0.00054,-0.00029,-6e-05,-4e-05,-3e-05,5
54998,-2e-05,-0.00016,-0.00011,-0.00054,-0.00029,-6e-05,-4e-05,-3e-05,5
54999,-2e-05,-0.00016,-0.00011,-0.00054,-0.00029,-6e-05,-4e-05,-3e-05,5
55000,-2e-05,-0.00016,-0.00011,-0.00054,-0.00029,-6e-05,-4e-05,-3e-05,5
55001,-2e-05,-0.00016,-0.00011,-0.00054,-0.00029,-6e-05,-4e-05,-3e-05,5
55002,-2e-05,-0.00016,-0.00011,-0.00054,-0.00029,-6e-05,-4e-05,-3e-05,5
55003,-2e-05,-0.00016,-0.00011,-0.00054,-0.00029,-6e-05,-4e-05,-3e-05,5
55004,-2e-05,-0.00016,-0.00011,-0.00054,-0.00029,-6e-05,-4e-05,-3e-05,5
55005,-2e-05,-0.00016,-0.00011,-0.00054,-0.00029,-6e-05,-4e-05,-3e-05,5
55006,-2e-05,-0.00016,-0.00011,-0.00054,-0.00029,-6e-05,-4e-05,-3e-05,5
55007,-2e-05,-0.00016,-0.00011,-0.00054,-0.00029,-6e-05,-4e-05,-3e-05,5
55008,-2e-05,-0.00016,-0.00011,-0.00054,-0.00029,-6e-05,-4e-05,-3e-05,5
55009,-2e-05,-0.00016,-0.00011,-0.00054,-0.00029,-6e-05,-4e-05,-3e-05,5
55010,-2e-05,-0.00016,-0.00011,-0.00054,-0.00029,-6e-05,-4e-05,-3e-05,5
55011,-2e-05,-0.00016,-0.00011,-0.00054,-0.00029,-6e-05,-4e-05,-3e-05,5
55012,-2e-05,-0.00016,-0.00011,-0.00054,-0.00029,-6e-05,-4e-05,-3e-05,5
55013,-2e-05,-0.00016,-0.00011,-0.00054,-0.00029,-6e-05,-4e-05,-3e-05,5
55014,-2e-05,-0.00016,-0.00011,-0.00054,-0.00029,-6e-05,-4e-05,-3e-05,5
55015,0.00046,6e-05,0.0001,0.00107,0.00066,0.00026,6e-05,0.00013,5
55016,0.00046,6e-05,0.0001,0.00107,0.00066,0.00026,6e-05,0.00013,5
55017,0.00046,6e-05,0.0001,0.00107,0.00066,0.00026,6e-05,0.00013,5
55018,0.00046,6e-05,0.0001,0.00107,0.00066,0.00026,6e-05,0.00013,5
55019,0.00046,6e-05,0.0001,0.00107,0.00066,0.00026,6e-05,0.00013,5
55020,0.00046,6e-05,0.0001,0.00107,0.00066,0.00026,6e-05,0.00013,5
55021,0.00046,6e-05,0.0001,0.00107,0.00066,0.00026,6e-05,0.00013,5
55022,0.00046,6e-05,0.0001,0.00107,0.00066,0.00026,6e-05,0.00013,5
55023,0.00046,6e-05,0.0001,0.00107,0.00066,0.00026,6e-05,0.00013,5
55024,0.00046,6e-05,0.0001,0.00107,0.00066,0.00026,6e-05,0.00013,5
55025,0.00046,6e-05,0.0001,0.00107,0.00066,0.00026,6e-05,0.00013,5
55026,0.00046,6e-05,0.0001,0.00107,0.00066,0.00026,6e-05,0.00013,5
55027,0.00046,6e-05,0.0001,0.00107,0.00066,0.00026,6e-05,0.00013,5
55028,0.00046,6e-05,0.0001,0.00107,0.00066,0.00026,6e-05,0.00013,5
55029,0.00046,6e-05,0.0001,0.00107,0.00066,0.00026,6e-05,0.00013,5
55030,0.00046,6e-05,0.0001,0.00107,0.00066,0.00026,6e-05,0.00013,5
55031,0.00046,6e-05,0.0001,0.00107,0.00066,0.00026,6e-05,0.00013,5
55033,0.00046,6e-05,0.0001,0.00107,0.00066,0.00026,6e-05,0.00013,5
55034,0.00046,6e-05,0.0001,0.00107,0.00066,0.00026,6e-05,0.00013,5
55035,0.00046,6e-05,0.0001,0.00107,0.00066,0.00026,6e-05,0.00013,5
55036,0.00046,6e-05,0.0001,0.00107,0.00066,0.00026,6e-05,0.00013,5
55039,5e-05,5e-05,1e-05,-0.00032,0.0001,4e-05,2e-05,4e-05,5
55040,5e-05,5e-05,1e-05,-0.00032,0.0001,4e-05,2e-05,4e-05,5
55041,5e-05,5e-05,1e-05,-0.00032,0.0001,4e-05,2e-05,4e-05,5
55042,5e-05,5e-05,1e-05,-0.00032,0.0001,4e-05,2e-05,4e-05,5
55043,5e-05,5e-05,1e-05,-0.00032,0.0001,4e-05,2e-05,4e-05,5
55044,5e-05,5e-05,1e-05,-0.00032,0.0001,4e-05,2e-05,4e-05,5
55045,5e-05,5e-05,1e-05,-0.00032,0.0001,4e-05,2e-05,4e-05,5
55046,5e-05,5e-05,1e-05,-0.00032,0.0001,4e-05,2e-05,4e-05,5
55047,5e-05,5e-05,1e-05,-0.00032,0.0001,4e-05,2e-05,4e-05,5
55048,5e-05,5e-05,1e-05,-0.00032,0.0001,4e-05,2e-05,4e-05,5
55049,5e-05,5e-05,1e-05,-0.00032,0.0001,4e-05,2e-05,4e-05,5
55050,5e-05,5e-05,1e-05,-0.00032,0.0001,4e-05,2e-05,4e-05,5
55051,5e-05,5e-05,1e-05,-0.00032,0.0001,4e-05,2e-05,4e-05,5
55052,5e-05,5e-05,1e-05,-0.00032,0.0001,4e-05,2e-05,4e-05,5
55053,5e-05,5e-05,1e-05,-0.00032,0.0001,4e-05,2e-05,4e-05,5
55054,5e-05,5e-05,1e-05,-0.00032,0.0001,4e-05,2e-05,4e-05,5
55055,5e-05,5e-05,1e-05,-0.00032,0.0001,4e-05,2e-05,4e-05,5
55056,5e-05,5e-05,1e-05,-0.00032,0.0001,4e-05,2e-05,4e-05,5
55057,5e-05,5e-05,1e-05,-0.00032,0.0001,4e-05,2e-05,4e-05,5
55058,5e-05,5e-05,1e-05,-0.00032,0.0001,4e-05,2e-05,4e-05,5
55059,5e-05,5e-05,1e-05,-0.00032,0.0001,4e-05,2e-05,4e-05,5
55060,0.00041,4e-05,1e-05,-1e-05,-0.00015,-7e-05,-1e-05,5e-05,5
55061,-0.00012,-8e-05,-0.00017,-6e-05,-0.00019,7e-05,-2e-05,-3e-05,5
55062,-0.00012,-8e-05,-0.00017,-6e-05,-0.00019,7e-05,-2e-05,-3e-05,5
55063,-0.00012,-8e-05,-0.00017,-6e-05,-0.00019,7e-05,-2e-05,-3e-05,5
55064,-0.00012,-8e-05,-0.00017,-6e-05,-0.00019,7e-05,-2e-05,-3e-05,5
55065,-0.00012,-8e-05,-0.00017,-6e-05,-0.00019,7e-05,-2e-05,-3e-05,5
55066,-0.00012,-8e-05,-0.00017,-6e-05,-0.00019,7e-05,-2e-05,-3e-05,5
55067,-0.00012,-8e-05,-0.00017,-6e-05,-0.00019,7e-05,-2e-05,-3e-05,5
55068,-0.00012,-8e-05,-0.00017,-6e-05,-0.00019,7e-05,-2e-05,-3e-05,5
55069,-0.00012,-8e-05,-0.00017,-6e-05,-0.00019,7e-05,-2e-05,-3e-05,5
55070,-0.00012,-8e-05,-0.00017,-6e-05,-0.00019,7e-05,-2e-05,-3e-05,5
55071,-0.00012,-8e-05,-0.00017,-6e-05,-0.00019,7e-05,-2e-05,-3e-05,5
55072,-0.00012,-8e-05,-0.00017,-6e-05,-0.00019,7e-05,-2e-05,-3e-05,5
55073,-0.00012,-8e-05,-0.00017,-6e-05,-0.00019,7e-05,-2e-05,-3e-05,5
55074,-0.00012,-8e-05,-0.00017,-6e-05,-0.00019,7e-05,-2e-05,-3e-05,5
55075,-0.00013,-4e-05,8e-05,-0.00021,-0.00049,8e-05,4e-05,1e-05,5
55076,-0.00013,-4e-05,8e-05,-0.00021,-0.00049,8e-05,4e-05,1e-05,5
55077,-0.00013,-4e-05,8e-05,-0.00021,-0.00049,8e-05,4e-05,1e-05,5
55078,-0.00013,-4e-05,8e-05,-0.00021,-0.00049,8e-05,4e-05,1e-05,5
55079,-0.00013,-4e-05,8e-05,-0.00021,-0.00049,8e-05,4e-05,1e-05,5
55080,-0.00013,-4e-05,8e-05,-0.00021,-0.00049,8e-05,4e-05,1e-05,5
55081,-0.00013,-4e-05,8e-05,-0.00021,-0.00049,8e-05,4e-05,1e-05,5
55082,-0.00013,-4e-05,8e-05,-0.00021,-0.00049,8e-05,4e-05,1e-05,5
55083,-0.00013,-4e-05,8e-05,-0.00021,-0.00049,8e-05,4e-05,1e-05,5
55084,-0.00013,-4e-05,8e-05,-0.00021,-0.00049,8e-05,4e-05,1e-05,5
55085,-0.00013,-4e-05,8e-05,-0.00021,-0.00049,8e-05,4e-05,1e-05,5
55086,-0.00013,-4e-05,8e-05,-0.00021,-0.00049,8e-05,4e-05,1e-05,5
55088,-0.00013,-4e-05,8e-05,-0.00021,-0.00049,8e-05,4e-05,1e-05,5
55089,-0.00013,-4e-05,8e-05,-0.00021,-0.00049,8e-05,4e-05,1e-05,5
55090,-0.00013,-4e-05,8e-05,-0.00021,-0.00049,8e-05,4e-05,1e-05,5
55091,-0.00013,-4e-05,8e-05,-0.00021,-0.00049,8e-05,4e-05,1e-05,5
55092,-0.00013,-4e-05,8e-05,-0.00021,-0.00049,8e-05,4e-05,1e-05,5
55093,-0.00013,-4e-05,8e-05,-0.00021,-0.00049,8e-05,4e-05,1e-05,5
55094,-0.00013,-4e-05,8e-05,-0.00021,-0.00049,8e-05,4e-05,1e-05,5
55095,-0.00013,-4e-05,8e-05,-0.00021,-0.00049,8e-05,4e-05,1e-05,5
55096,-0.00013,-4e-05,8e-05,-0.00021,-0.00049,8e-05,4e-05,1e-05,5
55097,-0.00013,-4e-05,8e-05,-0.00021,-0.00049,8e-05,4e-05,1e-05,5
55098,8e-05,0.00011,0.00015,-0.00017,0.0,-1e-05,6e-05,5e-05,5
55099,8e-05,0.00011,0.00015,-0.00017,0.0,-1e-05,6e-05,5e-05,5
55100,8e-05,0.00011,0.00015,-0.00017,0.0,-1e-05,6e-05,5e-05,5
55101,8e-05,0.00011,0.00015,-0.00017,0.0,-1e-05,6e-05,5e-05,5
55102,8e-05,0.00011,0.00015,-0.00017,0.0,-1e-05,6e-05,5e-05,5
55103,8e-05,0.00011,0.00015,-0.00017,0.0,-1e-05,6e-05,5e-05,5
55104,8e-05,0.00011,0.00015,-0.00017,0.0,-1e-05,6e-05,5e-05,5
55105,8e-05,0.00011,0.00015,-0.00017,0.0,-1e-05,6e-05,5e-05,5
55106,8e-05,0.00011,0.00015,-0.00017,0.0,-1e-05,6e-05,5e-05,5
55107,8e-05,0.00011,0.00015,-0.00017,0.0,-1e-05,6e-05,5e-05,5
55108,8e-05,0.00011,0.00015,-0.00017,0.0,-1e-05,6e-05,5e-05,5
55109,8e-05,0.00011,0.00015,-0.00017,0.0,-1e-05,6e-05,5e-05,5
55110,8e-05,0.00011,0.00015,-0.00017,0.0,-1e-05,6e-05,5e-05,5
55111,8e-05,0.00011,0.00015,-0.00017,0.0,-1e-05,6e-05,5e-05,5
55112,5e-05,4e-05,5e-05,-0.00013,-0.00013,0.0,5e-05,-1e-05,5
55114,-0.00012,-1e-05,-0.00012,-4e-05,0.0,-7e-05,-2e-05,-4e-05,5
55115,-0.00012,-1e-05,-0.00012,-4e-05,0.0,-7e-05,-2e-05,-4e-05,5
55116,-0.00012,-1e-05,-0.00012,-4e-05,0.0,-7e-05,-2e-05,-4e-05,5
55117,-0.00012,-1e-05,-0.00012,-4e-05,0.0,-7e-05,-2e-05,-4e-05,5
55118,-0.00012,-1e-05,-0.00012,-4e-05,0.0,-7e-05,-2e-05,-4e-05,5
55119,-0.00012,-1e-05,-0.00012,-4e-05,0.0,-7e-05,-2e-05,-4e-05,5
55120,-0.00012,-1e-05,-0.00012,-4e-05,0.0,-7e-05,-2e-05,-4e-05,5
55121,-0.00012,-1e-05,-0.00012,-4e-05,0.0,-7e-05,-2e-05,-4e-05,5
55122,-0.00012,-1e-05,-0.00012,-4e-05,0.0,-7e-05,-2e-05,-4e-05,5
55123,-0.00012,-1e-05,-0.00012,-4e-05,0.0,-7e-05,-2e-05,-4e-05,5
55124,-0.00012,-1e-05,-0.00012,-4e-05,0.0,-7e-05,-2e-05,-4e-05,5
55125,-0.00012,-1e-05,-0.00012,-4e-05,0.0,-7e-05,-2e-05,-4e-05,5
55126,-0.00012,-1e-05,-0.00012,-4e-05,0.0,-7e-05,-2e-05,-4e-05,5
55127,-0.00012,-1e-05,-0.00012,-4e-05,0.0,-7e-05,-2e-05,-4e-05,5
55128,-0.00012,-1e-05,-0.00012,-4e-05,0.0,-7e-05,-2e-05,-4e-05,5
55129,-0.00012,-1e-05,-0.00012,-4e-05,0.0,-7e-05,-2e-05,-4e-05,5
55130,-0.00012,-1e-05,-0.00012,-4e-05,0.0,-7e-05,-2e-05,-4e-05,5
55131,-0.00012,-1e-05,-0.00012,-4e-05,0.0,-7e-05,-2e-05,-4e-05,5
55132,-0.00012,-1e-05,-0.00012,-4e-05,0.0,-7e-05,-2e-05,-4e-05,5
55133,-0.00012,-1e-05,-0.00012,-4e-05,0.0,-7e-05,-2e-05,-4e-05,5
55134,-0.00012,-1e-05,-0.00012,-4e-05,0.0,-7e-05,-2e-05,-4e-05,5
55135,4e-05,-4e-05,2e-05,-0.0002,-0.00027,-5e-05,1e-05,2e-05,5
55136,4e-05,-4e-05,2e-05,-0.0002,-0.00027,-5e-05,1e-05,2e-05,5
55138,4e-05,-4e-05,2e-05,-0.0002,-0.00027,-5e-05,1e-05,2e-05,5
55139,4e-05,-4e-05,2e-05,-0.0002,-0.00027,-5e-05,1e-05,2e-05,5
55140,4e-05,-4e-05,2e-05,-0.0002,-0.00027,-5e-05,1e-05,2e-05,5
55141,4e-05,-4e-05,2e-05,-0.0002,-0.00027,-5e-05,1e-05,2e-05,5
55142,4e-05,-4e-05,2e-05,-0.0002,-0.00027,-5e-05,1e-05,2e-05,5
55143,4e-05,-4e-05,2e-05,-0.0002,-0.00027,-5e-05,1e-05,2e-05,5
55144,4e-05,-4e-05,2e-05,-0.0002,-0.00027,-5e-05,1e-05,2e-05,5
55145,4e-05,-4e-05,2e-05,-0.0002,-0.00027,-5e-05,1e-05,2e-05,5
55146,4e-05,-4e-05,2e-05,-0.0002,-0.00027,-5e-05,1e-05,2e-05,5
55147,4e-05,-4e-05,2e-05,-0.0002,-0.00027,-5e-05,1e-05,2e-05,5
55148,4e-05,-4e-05,2e-05,-0.0002,-0.00027,-5e-05,1e-05,2e-05,5
55149,4e-05,-4e-05,2e-05,-0.0002,-0.00027,-5e-05,1e-05,2e-05,5
55150,4e-05,-4e-05,2e-05,-0.0002,-0.00027,-5e-05,1e-05,2e-05,5
55151,4e-05,-4e-05,2e-05,-0.0002,-0.00027,-5e-05,1e-05,2e-05,5
55152,4e-05,-4e-05,2e-05,-0.0002,-0.00027,-5e-05,1e-05,2e-05,5
55153,4e-05,-4e-05,2e-05,-0.0002,-0.00027,-5e-05,1e-05,2e-05,5
55154,4e-05,-4e-05,2e-05,-0.0002,-0.00027,-5e-05,1e-05,2e-05,5
55155,4e-05,-4e-05,2e-05,-0.0002,-0.00027,-5e-05,1e-05,2e-05,5
55156,4e-05,-4e-05,2e-05,-0.0002,-0.00027,-5e-05,1e-05,2e-05,5
55157,-0.0001,-8e-05,4e-05,0.00024,-0.00035,-5e-05,-4e-05,-3e-05,5
55158,-1e-05,3e-05,3e-05,0.00087,0.00026,8e-05,4e-05,1e-05,5
55159,-1e-05,3e-05,3e-05,0.00087,0.00026,8e-05,4e-05,1e-05,5
55160,-1e-05,3e-05,3e-05,0.00087,0.00026,8e-05,4e-05,1e-05,5
55161,-1e-05,3e-05,3e-05,0.00087,0.00026,8e-05,4e-05,1e-05,5
55162,-1e-05,3e-05,3e-05,0.00087,0.00026,8e-05,4e-05,1e-05,5
55163,-1e-05,3e-05,3e-05,0.00087,0.00026,8e-05,4e-05,1e-05,5
55164,-1e-05,3e-05,3e-05,0.00087,0.00026,8e-05,4e-05,1e-05,5
55165,-1e-05,3e-05,3e-05,0.00087,0.00026,8e-05,4e-05,1e-05,5
55166,-1e-05,3e-05,3e-05,0.00087,0.00026,8e-05,4e-05,1e-05,5
55167,-1e-05,3e-05,3e-05,0.00087,0.00026,8e-05,4e-05,1e-05,5
55168,-1e-05,3e-05,3e-05,0.00087,0.00026,8e-05,4e-05,1e-05,5
55169,-1e-05,3e-05,3e-05,0.00087,0.00026,8e-05,4e-05,1e-05,5
55170,-1e-05,3e-05,3e-05,0.00087,0.00026,8e-05,4e-05,1e-05,5
55171,-1e-05,3e-05,3e-05,0.00087,0.00026,8e-05,4e-05,1e-05,5
55172,-0.00032,-0.0001,-9e-05,-0.00023,-3e-05,-0.00015,-1e-05,-1e-05,5
55173,-7e-05,0.0,-2e-05,0.00018,0.00019,5e-05,4e-05,-2e-05,5
55174,-7e-05,0.0,-2e-05,0.00018,0.00019,5e-05,4e-05,-2e-05,5
55175,-7e-05,0.0,-2e-05,0.00018,0.00019,5e-05,4e-05,-2e-05,5
55176,-7e-05,0.0,-2e-05,0.00018,0.00019,5e-05,4e-05,-2e-05,5
55177,-7e-05,0.0,-2e-05,0.00018,0.00019,5e-05,4e-05,-2e-05,5
55178,-7e-05,0.0,-2e-05,0.00018,0.00019,5e-05,4e-05,-2e-05,5
55179,-7e-05,0.0,-2e-05,0.00018,0.00019,5e-05,4e-05,-2e-05,5
55180,-7e-05,0.0,-2e-05,0.00018,0.00019,5e-05,4e-05,-2e-05,5
55181,-7e-05,0.0,-2e-05,0.00018,0.00019,5e-05,4e-05,-2e-05,5
55182,-7e-05,0.0,-2e-05,0.00018,0.00019,5e-05,4e-05,-2e-05,5
55183,-7e-05,0.0,-2e-05,0.00018,0.00019,5e-05,4e-05,-2e-05,5
55184,-7e-05,0.0,-2e-05,0.00018,0.00019,5e-05,4e-05,-2e-05,5
55185,-7e-05,0.0,-2e-05,0.00018,0.00019,5e-05,4e-05,-2e-05,5
55186,-7e-05,0.0,-2e-05,0.00018,0.00019,5e-05,4e-05,-2e-05,5
55188,-7e-05,0.0,-2e-05,0.00018,0.00019,5e-05,4e-05,-2e-05,5
55189,-7e-05,0.0,-2e-05,0.00018,0.00019,5e-05,4e-05,-2e-05,5
55190,-7e-05,0.0,-2e-05,0.00018,0.00019,5e-05,4e-05,-2e-05,5
55191,-7e-05,0.0,-2e-05,0.00018,0.00019,5e-05,4e-05,-2e-05,5
55192,-7e-05,0.0,-2e-05,0.00018,0.00019,5e-05,4e-05,-2e-05,5
55193,-7e-05,0.0,-2e-05,0.00018,0.00019,5e-05,4e-05,-2e-05,5
55194,-7e-05,0.0,-2e-05,0.00018,0.00019,5e-05,4e-05,-2e-05,5
55195,-0.00021,0.0,-1e-05,-0.00019,-0.00012,-0.00035,-8e-05,-0.00012,5
55196,-0.00021,0.0,-1e-05,-0.00019,-0.00012,-0.00035,-8e-05,-0.00012,5
55197,-0.00021,0.0,-1e-05,-0.00019,-0.00012,-0.00035,-8e-05,-0.00012,5
55198,-0.00021,0.0,-1e-05,-0.00019,-0.00012,-0.00035,-8e-05,-0.00012,5
55199,-0.00021,0.0,-1e-05,-0.00019,-0.00012,-0.00035,-8e-05,-0.00012,5
55200,-0.00021,0.0,-1e-05,-0.00019,-0.00012,-0.00035,-8e-05,-0.00012,5
55201,-0.00021,0.0,-1e-05,-0.00019,-0.00012,-0.00035,-8e-05,-0.00012,5
55202,-0.00021,0.0,-1e-05,-0.00019,-0.00012,-0.00035,-8e-05,-0.00012,5
55203,-0.00021,0.0,-1e-05,-0.00019,-0.00012,-0.00035,-8e-05,-0.00012,5
55204,-0.00021,0.0,-1e-05,-0.00019,-0.00012,-0.00035,-8e-05,-0.00012,5
55205,-0.00021,0.0,-1e-05,-0.00019,-0.00012,-0.00035,-8e-05,-0.00012,5
55206,-0.00021,0.0,-1e-05,-0.00019,-0.00012,-0.00035,-8e-05,-0.00012,5
55207,-0.00021,0.0,-1e-05,-0.00019,-0.00012,-0.00035,-8e-05,-0.00012,5
55208,-0.00021,0.0,-1e-05,-0.00019,-0.00012,-0.00035,-8e-05,-0.00012,5
55209,-0.00021,0.0,-1e-05,-0.00019,-0.00012,-0.00035,-8e-05,-0.00012,5
55210,-0.00021,0.0,-1e-05,-0.00019,-0.00012,-0.00035,-8e-05,-0.00012,5
55211,-0.00021,0.0,-1e-05,-0.00019,-0.00012,-0.00035,-8e-05,-0.00012,5
55212,-0.00021,0.0,-1e-05,-0.00019,-0.00012,-0.00035,-8e-05,-0.00012,5
55213,-0.00021,0.0,-1e-05,-0.00019,-0.00012,-0.00035,-8e-05,-0.00012,5
55214,-0.00021,0.0,-1e-05,-0.00019,-0.00012,-0.00035,-8e-05,-0.00012,5
55215,-0.00021,0.0,-1e-05,-0.00019,-0.00012,-0.00035,-8e-05,-0.00012,5
55216,-0.00021,0.0,-1e-05,-0.00019,-0.00012,-0.00035,-8e-05,-0.00012,5
55217,0.00011,3e-05,4e-05,-0.00025,-0.00039,-0.00019,8e-05,2e-05,5
55218,0.00019,1e-05,-5e-05,-0.00017,-3e-05,7e-05,-4e-05,3e-05,5
55219,0.00019,1e-05,-5e-05,-0.00017,-3e-05,7e-05,-4e-05,3e-05,5
55220,0.00019,1e-05,-5e-05,-0.00017,-3e-05,7e-05,-4e-05,3e-05,5
55221,0.00019,1e-05,-5e-05,-0.00017,-3e-05,7e-05,-4e-05,3e-05,5
55222,0.00019,1e-05,-5e-05,-0.00017,-3e-05,7e-05,-4e-05,3e-05,5
55223,0.00019,1e-05,-5e-05,-0.00017,-3e-05,7e-05,-4e-05,3e-05,5
55224,0.00019,1e-05,-5e-05,-0.00017,-3e-05,7e-05,-4e-05,3e-05,5
55225,0.00019,1e-05,-5e-05,-0.00017,-3e-05,7e-05,-4e-05,3e-05,5
55226,0.00019,1e-05,-5e-05,-0.00017,-3e-05,7e-05,-4e-05,3e-05,5
55227,0.00019,1e-05,-5e-05,-0.00017,-3e-05,7e-05,-4e-05,3e-05,5
55228,0.00019,1e-05,-5e-05,-0.00017,-3e-05,7e-05,-4e-05,3e-05,5
55229,0.00019,1e-05,-5e-05,-0.00017,-3e-05,7e-05,-4e-05,3e-05,5
55230,0.00019,1e-05,-5e-05,-0.00017,-3e-05,7e-05,-4e-05,3e-05,5
55231,-0.00019,-6e-05,8e-05,0.00017,-0.00023,6e-05,-4e-05,-9e-05,5
55232,-0.00019,-6e-05,8e-05,0.00017,-0.00023,6e-05,-4e-05,-9e-05,5
55233,-0.00019,-6e-05,8e-05,0.00017,-0.00023,6e-05,-4e-05,-9e-05,5
55234,-0.00019,-6e-05,8e-05,0.00017,-0.00023,6e-05,-4e-05,-9e-05,5
55235,-0.00019,-6e-05,8e-05,0.00017,-0.00023,6e-05,-4e-05,-9e-05,5
55236,-0.00019,-6e-05,8e-05,0.00017,-0.00023,6e-05,-4e-05,-9e-05,5
55239,-0.00019,-6e-05,8e-05,0.00017,-0.00023,6e-05,-4e-05,-9e-05,5
55240,0.00017,5e-05,-7e-05,-0.00022,0.00011,9e-05,1e-05,7e-05,5
55241,0.0001,1e-05,-4e-05,0.0002,0.00046,2e-05,0.00012,1e-05,5
55242,0.0001,1e-05,-4e-05,0.0002,0.00046,2e-05,0.00012,1e-05,5
55243,0.0001,1e-05,-4e-05,0.0002,0.00046,2e-05,0.00012,1e-05,5
55244,0.0001,1e-05,-4e-05,0.0002,0.00046,2e-05,0.00012,1e-05,5
55245,0.0001,1e-05,-4e-05,0.0002,0.00046,2e-05,0.00012,1e-05,5
55246,0.0001,1e-05,-4e-05,0.0002,0.00046,2e-05,0.00012,1e-05,5
55247,0.0001,1e-05,-4e-05,0.0002,0.00046,2e-05,0.00012,1e-05,5
55248,0.0001,1e-05,-4e-05,0.0002,0.00046,2e-05,0.00012,1e-05,5
55249,0.0001,1e-05,-4e-05,0.0002,0.00046,2e-05,0.00012,1e-05,5
55250,0.0001,1e-05,-4e-05,0.0002,0.00046,2e-05,0.00012,1e-05,5
55251,0.0001,1e-05,-4e-05,0.0002,0.00046,2e-05,0.00012,1e-05,5
55252,0.0001,1e-05,-4e-05,0.0002,0.00046,2e-05,0.00012,1e-05,5
55253,0.0001,1e-05,-4e-05,0.0002,0.00046,2e-05,0.00012,1e-05,5
55254,0.0001,1e-05,-4e-05,0.0002,0.00046,2e-05,0.00012,1e-05,5
55255,0.0004,-5e-05,-0.00023,-0.00015,-3e-05,-0.00025,-1e-05,4e-05,5
55256,0.0004,-5e-05,-0.00023,-0.00015,-3e-05,-0.00025,-1e-05,4e-05,5
55257,0.0004,-5e-05,-0.00023,-0.00015,-3e-05,-0.00025,-1e-05,4e-05,5
55258,0.0004,-5e-05,-0.00023,-0.00015,-3e-05,-0.00025,-1e-05,4e-05,5
55259,0.0004,-5e-05,-0.00023,-0.00015,-3e-05,-0.00025,-1e-05,4e-05,5
55260,0.0004,-5e-05,-0.00023,-0.00015,-3e-05,-0.00025,-1e-05,4e-05,5
55261,0.0004,-5e-05,-0.00023,-0.00015,-3e-05,-0.00025,-1e-05,4e-05,5
55262,0.0004,-5e-05,-0.00023,-0.00015,-3e-05,-0.00025,-1e-05,4e-05,5
55263,0.0004,-5e-05,-0.00023,-0.00015,-3e-05,-0.00025,-1e-05,4e-05,5
55264,0.0004,-5e-05,-0.00023,-0.00015,-3e-05,-0.00025,-1e-05,4e-05,5
55265,0.0004,-5e-05,-0.00023,-0.00015,-3e-05,-0.00025,-1e-05,4e-05,5
55266,0.0004,-5e-05,-0.00023,-0.00015,-3e-05,-0.00025,-1e-05,4e-05,5
55267,0.0004,-5e-05,-0.00023,-0.00015,-3e-05,-0.00025,-1e-05,4e-05,5
55268,0.0004,-5e-05,-0.00023,-0.00015,-3e-05,-0.00025,-1e-05,4e-05,5
55269,0.0004,-5e-05,-0.00023,-0.00015,-3e-05,-0.00025,-1e-05,4e-05,5
55270,0.0004,-5e-05,-0.00023,-0.00015,-3e-05,-0.00025,-1e-05,4e-05,5
55271,0.0004,-5e-05,-0.00023,-0.00015,-3e-05,-0.00025,-1e-05,4e-05,5
55272,0.0004,-5e-05,-0.00023,-0.00015,-3e-05,-0.00025,-1e-05,4e-05,5
55273,0.0004,-5e-05,-0.00023,-0.00015,-3e-05,-0.00025,-1e-05,4e-05,5
55274,0.0004,-5e-05,-0.00023,-0.00015,-3e-05,-0.00025,-1e-05,4e-05,5
55275,0.0004,-5e-05,-0.00023,-0.00015,-3e-05,-0.00025,-1e-05,4e-05,5
55276,0.0004,-5e-05,-0.00023,-0.00015,-3e-05,-0.00025,-1e-05,4e-05,5
55277,0.00023,3e-05,-2e-05,-0.00015,-0.00015,2e-05,-3e-05,0.0,5
55278,0.0002,-5e-05,-4e-05,-0.00031,-0.00036,9e-05,-6e-05,0.0,5
55279,0.0002,-5e-05,-4e-05,-0.00031,-0.00036,9e-05,-6e-05,0.0,5
55280,0.0002,-5e-05,-4e-05,-0.00031,-0.00036,9e-05,-6e-05,0.0,5
55281,0.0002,-5e-05,-4e-05,-0.00031,-0.00036,9e-05,-6e-05,0.0,5
55282,0.0002,-5e-05,-4e-05,-0.00031,-0.00036,9e-05,-6e-05,0.0,5
55283,0.0002,-5e-05,-4e-05,-0.00031,-0.00036,9e-05,-6e-05,0.0,5
55284,0.0002,-5e-05,-4e-05,-0.00031,-0.00036,9e-05,-6e-05,0.0,5
55285,0.0002,-5e-05,-4e-05,-0.00031,-0.00036,9e-05,-6e-05,0.0,5
55286,0.0002,-5e-05,-4e-05,-0.00031,-0.00036,9e-05,-6e-05,0.0,5
55288,0.0002,-5e-05,-4e-05,-0.00031,-0.00036,9e-05,-6e-05,0.0,5
55289,0.0002,-5e-05,-4e-05,-0.00031,-0.00036,9e-05,-6e-05,0.0,5
55290,0.0002,-5e-05,-4e-05,-0.00031,-0.00036,9e-05,-6e-05,0.0,5
55291,-0.00011,-8e-05,-0.00016,9e-05,-0.00037,-9e-05,0.0,-2e-05,5
55292,-8e-05,7e-05,2e-05,2e-05,0.00011,4e-05,-1e-05,-2e-05,5
55293,-8e-05,7e-05,2e-05,2e-05,0.00011,4e-05,-1e-05,-2e-05,5
55294,-8e-05,7e-05,2e-05,2e-05,0.00011,4e-05,-1e-05,-2e-05,5
55295,-8e-05,7e-05,2e-05,2e-05,0.00011,4e-05,-1e-05,-2e-05,5
55296,-8e-05,7e-05,2e-05,2e-05,0.00011,4e-05,-1e-05,-2e-05,5
55297,-8e-05,7e-05,2e-05,2e-05,0.00011,4e-05,-1e-05,-2e-05,5
55298,-8e-05,7e-05,2e-05,2e-05,0.00011,4e-05,-1e-05,-2e-05,5
55299,-8e-05,7e-05,2e-05,2e-05,0.00011,4e-05,-1e-05,-2e-05,5
55300,-1e-05,-6e-05,-9e-05,-5e-05,-0.00011,0.00013,-1e-05,-1e-05,5
55301,-1e-05,-6e-05,-9e-05,-5e-05,-0.00011,0.00013,-1e-05,-1e-05,5
55302,-1e-05,-6e-05,-9e-05,-5e-05,-0.00011,0.00013,-1e-05,-1e-05,5
55303,-1e-05,-6e-05,-9e-05,-5e-05,-0.00011,0.00013,-1e-05,-1e-05,5
55304,-1e-05,-6e-05,-9e-05,-5e-05,-0.00011,0.00013,-1e-05,-1e-05,5
55305,-1e-05,-6e-05,-9e-05,-5e-05,-0.00011,0.00013,-1e-05,-1e-05,5
55306,-1e-05,-6e-05,-9e-05,-5e-05,-0.00011,0.00013,-1e-05,-1e-05,5
55307,-1e-05,-6e-05,-9e-05,-5e-05,-0.00011,0.00013,-1e-05,-1e-05,5
55308,-1e-05,-6e-05,-9e-05,-5e-05,-0.00011,0.00013,-1e-05,-1e-05,5
55309,-1e-05,-6e-05,-9e-05,-5e-05,-0.00011,0.00013,-1e-05,-1e-05,5
55310,-1e-05,-6e-05,-9e-05,-5e-05,-0.00011,0.00013,-1e-05,-1e-05,5
55311,-1e-05,-6e-05,-9e-05,-5e-05,-0.00011,0.00013,-1e-05,-1e-05,5
55312,-1e-05,-6e-05,-9e-05,-5e-05,-0.00011,0.00013,-1e-05,-1e-05,5
55313,-1e-05,-6e-05,-9e-05,-5e-05,-0.00011,0.00013,-1e-05,-1e-05,5
55314,-1e-05,-6e-05,-9e-05,-5e-05,-0.00011,0.00013,-1e-05,-1e-05,5
55315,-0.00015,-5e-05,2e-05,-7e-05,-0.00032,0.0,-1e-05,-4e-05,5
55316,-0.00015,-5e-05,2e-05,-7e-05,-0.00032,0.0,-1e-05,-4e-05,5
55317,-0.00015,-5e-05,2e-05,-7e-05,-0.00032,0.0,-1e-05,-4e-05,5
55318,-0.00015,-5e-05,2e-05,-7e-05,-0.00032,0.0,-1e-05,-4e-05,5
55319,-0.00015,-5e-05,2e-05,-7e-05,-0.00032,0.0,-1e-05,-4e-05,5
55320,-0.00015,-5e-05,2e-05,-7e-05,-0.00032,0.0,-1e-05,-4e-05,5
55321,-0.00015,-5e-05,2e-05,-7e-05,-0.00032,0.0,-1e-05,-4e-05,5
55322,-0.00015,-5e-05,2e-05,-7e-05,-0.00032,0.0,-1e-05,-4e-05,5
55323,-0.00015,-5e-05,2e-05,-7e-05,-0.00032,0.0,-1e-05,-4e-05,5
55324,-0.00015,-5e-05,2e-05,-7e-05,-0.00032,0.0,-1e-05,-4e-05,5
55325,-0.00015,-5e-05,2e-05,-7e-05,-0.00032,0.0,-1e-05,-4e-05,5
55326,-0.00015,-5e-05,2e-05,-7e-05,-0.00032,0.0,-1e-05,-4e-05,5
55327,-0.00015,-5e-05,2e-05,-7e-05,-0.00032,0.0,-1e-05,-4e-05,5
55328,-0.00015,-5e-05,2e-05,-7e-05,-0.00032,0.0,-1e-05,-4e-05,5
55329,-0.00015,-5e-05,2e-05,-7e-05,-0.00032,0.0,-1e-05,-4e-05,5
55330,-0.00015,-5e-05,2e-05,-7e-05,-0.00032,0.0,-1e-05,-4e-05,5
55331,-0.00015,-5e-05,2e-05,-7e-05,-0.00032,0.0,-1e-05,-4e-05,5
55332,-0.00015,-5e-05,2e-05,-7e-05,-0.00032,0.0,-1e-05,-4e-05,5
55333,-0.00015,-5e-05,2e-05,-7e-05,-0.00032,0.0,-1e-05,-4e-05,5
55334,-0.00015,-5e-05,2e-05,-7e-05,-0.00032,0.0,-1e-05,-4e-05,5
55335,-0.00015,-5e-05,2e-05,-7e-05,-0.00032,0.0,-1e-05,-4e-05,5
55336,-0.00015,-5e-05,2e-05,-7e-05,-0.00032,0.0,-1e-05,-4e-05,5
55339,-4e-05,1e-05,0.00012,-0.00012,-0.00014,-3e-05,1e-05,1e-05,5
55340,-4e-05,1e-05,0.00012,-0.00012,-0.00014,-3e-05,1e-05,1e-05,5
55341,-4e-05,1e-05,0.00012,-0.00012,-0.00014,-3e-05,1e-05,1e-05,5
55342,-4e-05,1e-05,0.00012,-0.00012,-0.00014,-3e-05,1e-05,1e-05,5
55343,-4e-05,1e-05,0.00012,-0.00012,-0.00014,-3e-05,1e-05,1e-05,5
55344,-4e-05,1e-05,0.00012,-0.00012,-0.00014,-3e-05,1e-05,1e-05,5
55345,-4e-05,1e-05,0.00012,-0.00012,-0.00014,-3e-05,1e-05,1e-05,5
55346,-4e-05,1e-05,0.00012,-0.00012,-0.00014,-3e-05,1e-05,1e-05,5
55347,-4e-05,1e-05,0.00012,-0.00012,-0.00014,-3e-05,1e-05,1e-05,5
55348,-4e-05,1e-05,0.00012,-0.00012,-0.00014,-3e-05,1e-05,1e-05,5
55349,-4e-05,1e-05,0.00012,-0.00012,-0.00014,-3e-05,1e-05,1e-05,5
55350,-4e-05,1e-05,0.00012,-0.00012,-0.00014,-3e-05,1e-05,1e-05,5
55351,-0.0002,0.0,-0.0002,-5e-05,8e-05,1e-05,-2e-05,-6e-05,5
55352,0.00039,-4e-05,0.0001,9e-05,-0.0001,-0.00011,4e-05,4e-05,5
55353,0.00039,-4e-05,0.0001,9e-05,-0.0001,-0.00011,4e-05,4e-05,5
55354,0.00039,-4e-05,0.0001,9e-05,-0.0001,-0.00011,4e-05,4e-05,5
55355,0.00039,-4e-05,0.0001,9e-05,-0.0001,-0.00011,4e-05,4e-05,5
55356,0.00039,-4e-05,0.0001,9e-05,-0.0001,-0.00011,4e-05,4e-05,5
55357,0.00039,-4e-05,0.0001,9e-05,-0.0001,-0.00011,4e-05,4e-05,5
55358,0.00039,-4e-05,0.0001,9e-05,-0.0001,-0.00011,4e-05,4e-05,5
55359,0.00039,-4e-05,0.0001,9e-05,-0.0001,-0.00011,4e-05,4e-05,5
55360,-0.00015,-3e-05,-3e-05,-5e-05,0.00019,-0.00018,-9e-05,-1e-05,5
55361,-0.00015,-3e-05,-3e-05,-5e-05,0.00019,-0.00018,-9e-05,-1e-05,5
55362,-0.00015,-3e-05,-3e-05,-5e-05,0.00019,-0.00018,-9e-05,-1e-05,5
55363,-0.00015,-3e-05,-3e-05,-5e-05,0.00019,-0.00018,-9e-05,-1e-05,5
55364,-0.00015,-3e-05,-3e-05,-5e-05,0.00019,-0.00018,-9e-05,-1e-05,5
55365,-0.00015,-3e-05,-3e-05,-5e-05,0.00019,-0.00018,-9e-05,-1e-05,5
55366,-0.00015,-3e-05,-3e-05,-5e-05,0.00019,-0.00018,-9e-05,-1e-05,5
55367,-0.00015,-3e-05,-3e-05,-5e-05,0.00019,-0.00018,-9e-05,-1e-05,5
55368,-0.00015,-3e-05,-3e-05,-5e-05,0.00019,-0.00018,-9e-05,-1e-05,5
55369,-0.00015,-3e-05,-3e-05,-5e-05,0.00019,-0.00018,-9e-05,-1e-05,5
55370,-0.00015,-3e-05,-3e-05,-5e-05,0.00019,-0.00018,-9e-05,-1e-05,5
55371,-0.00015,-3e-05,-3e-05,-5e-05,0.00019,-0.00018,-9e-05,-1e-05,5
55372,-0.00015,-3e-05,-3e-05,-5e-05,0.00019,-0.00018,-9e-05,-1e-05,5
55373,-0.00015,-3e-05,-3e-05,-5e-05,0.00019,-0.00018,-9e-05,-1e-05,5
55374,-0.00015,-3e-05,-3e-05,-5e-05,0.00019,-0.00018,-9e-05,-1e-05,5
55375,-0.00018,0.0,3e-05,-0.00045,-0.00015,1e-05,-5e-05,-7e-05,5
55376,-0.00018,0.0,3e-05,-0.00045,-0.00015,1e-05,-5e-05,-7e-05,5
55377,-0.00018,0.0,3e-05,-0.00045,-0.00015,1e-05,-5e-05,-7e-05,5
55378,-0.00018,0.0,3e-05,-0.00045,-0.00015,1e-05,-5e-05,-7e-05,5
55379,-0.00018,0.0,3e-05,-0.00045,-0.00015,1e-05,-5e-05,-7e-05,5
55380,-0.00018,0.0,3e-05,-0.00045,-0.00015,1e-05,-5e-05,-7e-05,5
55381,-0.00018,0.0,3e-05,-0.00045,-0.00015,1e-05,-5e-05,-7e-05,5
55382,-0.00018,0.0,3e-05,-0.00045,-0.00015,1e-05,-5e-05,-7e-05,5
55383,-0.00018,0.0,3e-05,-0.00045,-0.00015,1e-05,-5e-05,-7e-05,5
55384,-0.00018,0.0,3e-05,-0.00045,-0.00015,1e-05,-5e-05,-7e-05,5
55385,-0.00018,0.0,3e-05,-0.00045,-0.00015,1e-05,-5e-05,-7e-05,5
55386,-0.00018,0.0,3e-05,-0.00045,-0.00015,1e-05,-5e-05,-7e-05,5
55388,-0.00018,0.0,3e-05,-0.00045,-0.00015,1e-05,-5e-05,-7e-05,5
55389,-0.00018,0.0,3e-05,-0.00045,-0.00015,1e-05,-5e-05,-7e-05,5
55390,-0.00018,0.0,3e-05,-0.00045,-0.00015,1e-05,-5e-05,-7e-05,5
55391,-0.00018,0.0,3e-05,-0.00045,-0.00015,1e-05,-5e-05,-7e-05,5
55392,-0.00018,0.0,3e-05,-0.00045,-0.00015,1e-05,-5e-05,-7e-05,5
55393,-0.00018,0.0,3e-05,-0.00045,-0.00015,1e-05,-5e-05,-7e-05,5
55394,-0.00018,0.0,3e-05,-0.00045,-0.00015,1e-05,-5e-05,-7e-05,5
55395,-0.00018,0.0,3e-05,-0.00045,-0.00015,1e-05,-5e-05,-7e-05,5
55396,-0.00018,0.0,3e-05,-0.00045,-0.00015,1e-05,-5e-05,-7e-05,5
55397,-0.00025,-0.00014,-1e-05,0.00021,-1e-05,0.00017,-3e-05,-8e-05,5
55398,4e-05,2e-05,0.0,-4e-05,-0.00015,6e-05,-1e-05,2e-05,5
55399,4e-05,2e-05,0.0,-4e-05,-0.00015,6e-05,-1e-05,2e-05,5
55400,4e-05,2e-05,0.0,-4e-05,-0.00015,6e-05,-1e-05,2e-05,5
55401,4e-05,2e-05,0.0,-4e-05,-0.00015,6e-05,-1e-05,2e-05,5
55402,4e-05,2e-05,0.0,-4e-05,-0.00015,6e-05,-1e-05,2e-05,5
55403,4e-05,2e-05,0.0,-4e-05,-0.00015,6e-05,-1e-05,2e-05,5
55404,4e-05,2e-05,0.0,-4e-05,-0.00015,6e-05,-1e-05,2e-05,5
55405,4e-05,2e-05,0.0,-4e-05,-0.00015,6e-05,-1e-05,2e-05,5
55406,4e-05,2e-05,0.0,-4e-05,-0.00015,6e-05,-1e-05,2e-05,5
55407,4e-05,2e-05,0.0,-4e-05,-0.00015,6e-05,-1e-05,2e-05,5
55408,4e-05,2e-05,0.0,-4e-05,-0.00015,6e-05,-1e-05,2e-05,5
55409,4e-05,2e-05,0.0,-4e-05,-0.00015,6e-05,-1e-05,2e-05,5
55410,4e-05,2e-05,0.0,-4e-05,-0.00015,6e-05,-1e-05,2e-05,5
55411,5e-05,0.0,4e-05,-0.00017,-0.00035,-4e-05,-6e-05,-2e-05,5
55412,-0.00036,-0.00012,-0.00011,-7e-05,0.0003,0.00013,0.0,-7e-05,5
55413,-0.00036,-0.00012,-0.00011,-7e-05,0.0003,0.00013,0.0,-7e-05,5
55414,-0.00036,-0.00012,-0.00011,-7e-05,0.0003,0.00013,0.0,-7e-05,5
55415,-0.00036,-0.00012,-0.00011,-7e-05,0.0003,0.00013,0.0,-7e-05,5
55416,-0.00036,-0.00012,-0.00011,-7e-05,0.0003,0.00013,0.0,-7e-05,5
55417,-0.00036,-0.00012,-0.00011,-7e-05,0.0003,0.00013,0.0,-7e-05,5
55418,-0.00036,-0.00012,-0.00011,-7e-05,0.0003,0.00013,0.0,-7e-05,5
55419,-0.00036,-0.00012,-0.00011,-7e-05,0.0003,0.00013,0.0,-7e-05,5
55420,-3e-05,0.0,-0.0001,2e-05,-9e-05,4e-05,-2e-05,2e-05,5
55421,-3e-05,0.0,-0.0001,2e-05,-9e-05,4e-05,-2e-05,2e-05,5
55422,-3e-05,0.0,-0.0001,2e-05,-9e-05,4e-05,-2e-05,2e-05,5
55423,-3e-05,0.0,-0.0001,2e-05,-9e-05,4e-05,-2e-05,2e-05,5
55424,-3e-05,0.0,-0.0001,2e-05,-9e-05,4e-05,-2e-05,2e-05,5
55425,-3e-05,0.0,-0.0001,2e-05,-9e-05,4e-05,-2e-05,2e-05,5
55426,-3e-05,0.0,-0.0001,2e-05,-9e-05,4e-05,-2e-05,2e-05,5
55427,-3e-05,0.0,-0.0001,2e-05,-9e-05,4e-05,-2e-05,2e-05,5
55428,-3e-05,0.0,-0.0001,2e-05,-9e-05,4e-05,-2e-05,2e-05,5
55429,-3e-05,0.0,-0.0001,2e-05,-9e-05,4e-05,-2e-05,2e-05,5
55430,-3e-05,0.0,-0.0001,2e-05,-9e-05,4e-05,-2e-05,2e-05,5
55431,-3e-05,0.0,-0.0001,2e-05,-9e-05,4e-05,-2e-05,2e-05,5
55432,-3e-05,0.0,-0.0001,2e-05,-9e-05,4e-05,-2e-05,2e-05,5
55433,-3e-05,0.0,-0.0001,2e-05,-9e-05,4e-05,-2e-05,2e-05,5
55434,-3e-05,0.0,-0.0001,2e-05,-9e-05,4e-05,-2e-05,2e-05,5
55435,-7e-05,-6e-05,-9e-05,-0.00018,0.00016,0.0001,0.0,0.0,5
55436,-7e-05,-6e-05,-9e-05,-0.00018,0.00016,0.0001,0.0,0.0,5
55438,-7e-05,-6e-05,-9e-05,-0.00018,0.00016,0.0001,0.0,0.0,5
55439,-7e-05,-6e-05,-9e-05,-0.00018,0.00016,0.0001,0.0,0.0,5
55440,-7e-05,-6e-05,-9e-05,-0.00018,0.00016,0.0001,0.0,0.0,5
55441,-7e-05,-6e-05,-9e-05,-0.00018,0.00016,0.0001,0.0,0.0,5
55442,-7e-05,-6e-05,-9e-05,-0.00018,0.00016,0.0001,0.0,0.0,5
55443,-7e-05,-6e-05,-9e-05,-0.00018,0.00016,0.0001,0.0,0.0,5
55444,-7e-05,-6e-05,-9e-05,-0.00018,0.00016,0.0001,0.0,0.0,5
55445,-7e-05,-6e-05,-9e-05,-0.00018,0.00016,0.0001,0.0,0.0,5
55446,-7e-05,-6e-05,-9e-05,-0.00018,0.00016,0.0001,0.0,0.0,5
55447,-7e-05,-6e-05,-9e-05,-0.00018,0.00016,0.0001,0.0,0.0,5
55448,-7e-05,-6e-05,-9e-05,-0.00018,0.00016,0.0001,0.0,0.0,5
55449,-7e-05,-6e-05,-9e-05,-0.00018,0.00016,0.0001,0.0,0.0,5
55450,-7e-05,-6e-05,-9e-05,-0.00018,0.00016,0.0001,0.0,0.0,5
55451,-7e-05,-6e-05,-9e-05,-0.00018,0.00016,0.0001,0.0,0.0,5
55452,-7e-05,-6e-05,-9e-05,-0.00018,0.00016,0.0001,0.0,0.0,5
55453,-7e-05,-6e-05,-9e-05,-0.00018,0.00016,0.0001,0.0,0.0,5
55454,-7e-05,-6e-05,-9e-05,-0.00018,0.00016,0.0001,0.0,0.0,5
55455,-7e-05,-6e-05,-9e-05,-0.00018,0.00016,0.0001,0.0,0.0,5
55456,-7e-05,-6e-05,-9e-05,-0.00018,0.00016,0.0001,0.0,0.0,5
55457,-2e-05,-1e-05,8e-05,-0.00024,-0.00027,4e-05,4e-05,3e-05,5
55458,-9e-05,0.0,0.00012,-0.00016,-8e-05,-0.00016,6e-05,-6e-05,5
55459,-9e-05,0.0,0.00012,-0.00016,-8e-05,-0.00016,6e-05,-6e-05,5
55460,-9e-05,0.0,0.00012,-0.00016,-8e-05,-0.00016,6e-05,-6e-05,5
55461,-9e-05,0.0,0.00012,-0.00016,-8e-05,-0.00016,6e-05,-6e-05,5
55462,-9e-05,0.0,0.00012,-0.00016,-8e-05,-0.00016,6e-05,-6e-05,5
55463,-9e-05,0.0,0.00012,-0.00016,-8e-05,-0.00016,6e-05,-6e-05,5
55464,-9e-05,0.0,0.00012,-0.00016,-8e-05,-0.00016,6e-05,-6e-05,5
55465,-9e-05,0.0,0.00012,-0.00016,-8e-05,-0.00016,6e-05,-6e-05,5
55466,-9e-05,0.0,0.00012,-0.00016,-8e-05,-0.00016,6e-05,-6e-05,5
55467,-9e-05,0.0,0.00012,-0.00016,-8e-05,-0.00016,6e-05,-6e-05,5
55468,-9e-05,0.0,0.00012,-0.00016,-8e-05,-0.00016,6e-05,-6e-05,5
55469,-9e-05,0.0,0.00012,-0.00016,-8e-05,-0.00016,6e-05,-6e-05,5
55470,-9e-05,0.0,0.00012,-0.00016,-8e-05,-0.00016,6e-05,-6e-05,5
55471,-0.00013,-2e-05,-0.00011,-0.00019,-1e-05,0.0,-5e-05,-4e-05,5
55472,0.00033,-7e-05,-0.00021,0.00038,-2e-05,-6e-05,-4e-05,-3e-05,5
55473,0.00033,-7e-05,-0.00021,0.00038,-2e-05,-6e-05,-4e-05,-3e-05,5
55474,0.00033,-7e-05,-0.00021,0.00038,-2e-05,-6e-05,-4e-05,-3e-05,5
55475,0.00033,-7e-05,-0.00021,0.00038,-2e-05,-6e-05,-4e-05,-3e-05,5
55476,0.00033,-7e-05,-0.00021,0.00038,-2e-05,-6e-05,-4e-05,-3e-05,5
55477,0.00033,-7e-05,-0.00021,0.00038,-2e-05,-6e-05,-4e-05,-3e-05,5
55478,0.00033,-7e-05,-0.00021,0.00038,-2e-05,-6e-05,-4e-05,-3e-05,5
55479,0.00033,-7e-05,-0.00021,0.00038,-2e-05,-6e-05,-4e-05,-3e-05,5
55480,6e-05,0.0,1e-05,9e-05,0.00016,9e-05,-3e-05,5e-05,5
55481,6e-05,0.0,1e-05,9e-05,0.00016,9e-05,-3e-05,5e-05,5
55482,6e-05,0.0,1e-05,9e-05,0.00016,9e-05,-3e-05,5e-05,5
55483,6e-05,0.0,1e-05,9e-05,0.00016,9e-05,-3e-05,5e-05,5
55484,6e-05,0.0,1e-05,9e-05,0.00016,9e-05,-3e-05,5e-05,5
55485,6e-05,0.0,1e-05,9e-05,0.00016,9e-05,-3e-05,5e-05,5
55486,6e-05,0.0,1e-05,9e-05,0.00016,9e-05,-3e-05,5e-05,5
55489,6e-05,0.0,1e-05,9e-05,0.00016,9e-05,-3e-05,5e-05,5
55490,6e-05,0.0,1e-05,9e-05,0.00016,9e-05,-3e-05,5e-05,5
55491,6e-05,0.0,1e-05,9e-05,0.00016,9e-05,-3e-05,5e-05,5
55492,6e-05,0.0,1e-05,9e-05,0.00016,9e-05,-3e-05,5e-05,5
55493,6e-05,0.0,1e-05,9e-05,0.00016,9e-05,-3e-05,5e-05,5
55494,6e-05,0.0,1e-05,9e-05,0.00016,9e-05,-3e-05,5e-05,5
55495,-0.00032,-9e-05,-9e-05,-7e-05,0.00021,-7e-05,1e-05,-8e-05,5
55496,-0.00032,-9e-05,-9e-05,-7e-05,0.00021,-7e-05,1e-05,-8e-05,5
55497,-0.00032,-9e-05,-9e-05,-7e-05,0.00021,-7e-05,1e-05,-8e-05,5
55498,-0.00032,-9e-05,-9e-05,-7e-05,0.00021,-7e-05,1e-05,-8e-05,5
55499,-0.00032,-9e-05,-9e-05,-7e-05,0.00021,-7e-05,1e-05,-8e-05,5
55500,-0.00032,-9e-05,-9e-05,-7e-05,0.00021,-7e-05,1e-05,-8e-05,5
55501,-0.00032,-9e-05,-9e-05,-7e-05,0.00021,-7e-05,1e-05,-8e-05,5
55502,-0.00032,-9e-05,-9e-05,-7e-05,0.00021,-7e-05,1e-05,-8e-05,5
55503,-0.00032,-9e-05,-9e-05,-7e-05,0.00021,-7e-05,1e-05,-8e-05,5
55504,-0.00032,-9e-05,-9e-05,-7e-05,0.00021,-7e-05,1e-05,-8e-05,5
55505,-0.00032,-9e-05,-9e-05,-7e-05,0.00021,-7e-05,1e-05,-8e-05,5
55506,-0.00032,-9e-05,-9e-05,-7e-05,0.00021,-7e-05,1e-05,-8e-05,5
55507,-0.00032,-9e-05,-9e-05,-7e-05,0.00021,-7e-05,1e-05,-8e-05,5
55508,-0.00032,-9e-05,-9e-05,-7e-05,0.00021,-7e-05,1e-05,-8e-05,5
55509,-0.00032,-9e-05,-9e-05,-7e-05,0.00021,-7e-05,1e-05,-8e-05,5
55510,-0.00032,-9e-05,-9e-05,-7e-05,0.00021,-7e-05,1e-05,-8e-05,5
55511,-0.00032,-9e-05,-9e-05,-7e-05,0.00021,-7e-05,1e-05,-8e-05,5
55512,-0.00032,-9e-05,-9e-05,-7e-05,0.00021,-7e-05,1e-05,-8e-05,5
55513,-0.00032,-9e-05,-9e-05,-7e-05,0.00021,-7e-05,1e-05,-8e-05,5
55514,-0.00032,-9e-05,-9e-05,-7e-05,0.00021,-7e-05,1e-05,-8e-05,5
55515,-0.00032,-9e-05,-9e-05,-7e-05,0.00021,-7e-05,1e-05,-8e-05,5
55516,-0.00032,-9e-05,-9e-05,-7e-05,0.00021,-7e-05,1e-05,-8e-05,5
55517,0.00027,-2e-05,-5e-05,-4e-05,0.00031,1e-05,-2e-05,3e-05,5
55518,0.00025,0.0,-1e-05,0.00028,0.00029,-7e-05,-8e-05,1e-05,5
55519,0.00025,0.0,-1e-05,0.00028,0.00029,-7e-05,-8e-05,1e-05,5
55520,0.00025,0.0,-1e-05,0.00028,0.00029,-7e-05,-8e-05,1e-05,5
55521,0.00025,0.0,-1e-05,0.00028,0.00029,-7e-05,-8e-05,1e-05,5
55522,0.00025,0.0,-1e-05,0.00028,0.00029,-7e-05,-8e-05,1e-05,5
55523,0.00025,0.0,-1e-05,0.00028,0.00029,-7e-05,-8e-05,1e-05,5
55524,0.00025,0.0,-1e-05,0.00028,0.00029,-7e-05,-8e-05,1e-05,5
55525,0.00025,0.0,-1e-05,0.00028,0.00029,-7e-05,-8e-05,1e-05,5
55526,0.00025,0.0,-1e-05,0.00028,0.00029,-7e-05,-8e-05,1e-05,5
55527,0.00025,0.0,-1e-05,0.00028,0.00029,-7e-05,-8e-05,1e-05,5
55528,0.00025,0.0,-1e-05,0.00028,0.00029,-7e-05,-8e-05,1e-05,5
55529,0.00025,0.0,-1e-05,0.00028,0.00029,-7e-05,-8e-05,1e-05,5
55530,0.00025,0.0,-1e-05,0.00028,0.00029,-7e-05,-8e-05,1e-05,5
55531,7e-05,-4e-05,-1e-05,-0.00011,8e-05,-0.00011,2e-05,-2e-05,5
55532,7e-05,-4e-05,-1e-05,-0.00011,8e-05,-0.00011,2e-05,-2e-05,5
55533,7e-05,-4e-05,-1e-05,-0.00011,8e-05,-0.00011,2e-05,-2e-05,5
55534,7e-05,-4e-05,-1e-05,-0.00011,8e-05,-0.00011,2e-05,-2e-05,5
55535,7e-05,-4e-05,-1e-05,-0.00011,8e-05,-0.00011,2e-05,-2e-05,5
55536,7e-05,-4e-05,-1e-05,-0.00011,8e-05,-0.00011,2e-05,-2e-05,5
55538,7e-05,-4e-05,-1e-05,-0.00011,8e-05,-0.00011,2e-05,-2e-05,5
55539,7e-05,-4e-05,-1e-05,-0.00011,8e-05,-0.00011,2e-05,-2e-05,5
55540,-3e-05,5e-05,-4e-05,0.00038,-8e-05,0.00015,3e-05,3e-05,5
55541,-3e-05,5e-05,-4e-05,0.00038,-8e-05,0.00015,3e-05,3e-05,5
55542,-3e-05,5e-05,-4e-05,0.00038,-8e-05,0.00015,3e-05,3e-05,5
55543,-3e-05,5e-05,-4e-05,0.00038,-8e-05,0.00015,3e-05,3e-05,5
55544,-3e-05,5e-05,-4e-05,0.00038,-8e-05,0.00015,3e-05,3e-05,5
55545,-3e-05,5e-05,-4e-05,0.00038,-8e-05,0.00015,3e-05,3e-05,5
55546,-3e-05,5e-05,-4e-05,0.00038,-8e-05,0.00015,3e-05,3e-05,5
55547,-3e-05,5e-05,-4e-05,0.00038,-8e-05,0.00015,3e-05,3e-05,5
55548,-3e-05,5e-05,-4e-05,0.00038,-8e-05,0.00015,3e-05,3e-05,5
55549,-3e-05,5e-05,-4e-05,0.00038,-8e-05,0.00015,3e-05,3e-05,5
55550,-3e-05,5e-05,-4e-05,0.00038,-8e-05,0.00015,3e-05,3e-05,5
55551,-3e-05,5e-05,-4e-05,0.00038,-8e-05,0.00015,3e-05,3e-05,5
55552,-3e-05,5e-05,-4e-05,0.00038,-8e-05,0.00015,3e-05,3e-05,5
55553,-3e-05,5e-05,-4e-05,0.00038,-8e-05,0.00015,3e-05,3e-05,5
55554,-3e-05,5e-05,-4e-05,0.00038,-8e-05,0.00015,3e-05,3e-05,5
55555,-0.00013,4e-05,9e-05,-9e-05,-0.00052,-0.00017,0.0,-2e-05,5
55556,-0.00013,4e-05,9e-05,-9e-05,-0.00052,-0.00017,0.0,-2e-05,5
55557,-0.00013,4e-05,9e-05,-9e-05,-0.00052,-0.00017,0.0,-2e-05,5
55558,-0.00013,4e-05,9e-05,-9e-05,-0.00052,-0.00017,0.0,-2e-05,5
55559,-0.00013,4e-05,9e-05,-9e-05,-0.00052,-0.00017,0.0,-2e-05,5
55560,-0.00013,4e-05,9e-05,-9e-05,-0.00052,-0.00017,0.0,-2e-05,5
55561,-0.00013,4e-05,9e-05,-9e-05,-0.00052,-0.00017,0.0,-2e-05,5
55562,-0.00013,4e-05,9e-05,-9e-05,-0.00052,-0.00017,0.0,-2e-05,5
55563,-0.00013,4e-05,9e-05,-9e-05,-0.00052,-0.00017,0.0,-2e-05,5
55564,-0.00013,4e-05,9e-05,-9e-05,-0.00052,-0.00017,0.0,-2e-05,5
55566,-0.00013,4e-05,9e-05,-9e-05,-0.00052,-0.00017,0.0,-2e-05,0
55567,-0.00013,4e-05,9e-05,-9e-05,-0.00052,-0.00017,0.0,-2e-05,0
55568,-0.00013,4e-05,9e-05,-9e-05,-0.00052,-0.00017,0.0,-2e-05,0
55569,-0.00013,4e-05,9e-05,-9e-05,-0.00052,-0.00017,0.0,-2e-05,0
55570,-0.00013,4e-05,9e-05,-9e-05,-0.00052,-0.00017,0.0,-2e-05,0
55571,-0.00013,4e-05,9e-05,-9e-05,-0.00052,-0.00017,0.0,-2e-05,0
55572,-0.00013,4e-05,9e-05,-9e-05,-0.00052,-0.00017,0.0,-2e-05,0
55573,-0.00013,4e-05,9e-05,-9e-05,-0.00052,-0.00017,0.0,-2e-05,0
55574,-0.00013,4e-05,9e-05,-9e-05,-0.00052,-0.00017,0.0,-2e-05,0
55575,-0.00013,4e-05,9e-05,-9e-05,-0.00052,-0.00017,0.0,-2e-05,0
55576,-0.00013,4e-05,9e-05,-9e-05,-0.00052,-0.00017,0.0,-2e-05,0
55577,0.00014,-2e-05,0.0,-0.00042,-0.00026,-5e-05,-4e-05,1e-05,0
55578,-2e-05,2e-05,0.00013,0.00013,-0.00025,7e-05,-4e-05,2e-05,0
55579,-2e-05,2e-05,0.00013,0.00013,-0.00025,7e-05,-4e-05,2e-05,0
55580,-2e-05,2e-05,0.00013,0.00013,-0.00025,7e-05,-4e-05,2e-05,0
55581,-2e-05,2e-05,0.00013,0.00013,-0.00025,7e-05,-4e-05,2e-05,0
55582,-2e-05,2e-05,0.00013,0.00013,-0.00025,7e-05,-4e-05,2e-05,0
55583,-2e-05,2e-05,0.00013,0.00013,-0.00025,7e-05,-4e-05,2e-05,0
55584,-2e-05,2e-05,0.00013,0.00013,-0.00025,7e-05,-4e-05,2e-05,0
55585,-2e-05,2e-05,0.00013,0.00013,-0.00025,7e-05,-4e-05,2e-05,0
55586,-2e-05,2e-05,0.00013,0.00013,-0.00025,7e-05,-4e-05,2e-05,0
55588,-2e-05,2e-05,0.00013,0.00013,-0.00025,7e-05,-4e-05,2e-05,0
55589,-2e-05,2e-05,0.00013,0.00013,-0.00025,7e-05,-4e-05,2e-05,0
55590,-2e-05,2e-05,0.00013,0.00013,-0.00025,7e-05,-4e-05,2e-05,0
55591,-2e-05,2e-05,0.00013,0.00013,-0.00025,7e-05,-4e-05,2e-05,0
55592,-2e-05,2e-05,0.00013,0.00013,-0.00025,7e-05,-4e-05,2e-05,0
55593,-2e-05,2e-05,0.00013,0.00013,-0.00025,7e-05,-4e-05,2e-05,0
55594,-2e-05,2e-05,0.00013,0.00013,-0.00025,7e-05,-4e-05,2e-05,0
55595,-2e-05,2e-05,0.00013,0.00013,-0.00025,7e-05,-4e-05,2e-05,0
55596,-2e-05,2e-05,0.00013,0.00013,-0.00025,7e-05,-4e-05,2e-05,0
55597,-2e-05,2e-05,0.00013,0.00013,-0.00025,7e-05,-4e-05,2e-05,0
55598,-2e-05,2e-05,0.00013,0.00013,-0.00025,7e-05,-4e-05,2e-05,0
55599,-2e-05,2e-05,0.00013,0.00013,-0.00025,7e-05,-4e-05,2e-05,0
55600,0.00017,3e-05,-2e-05,-3e-05,-0.00011,-7e-05,-1e-05,4e-05,0
55601,0.00021,0.0,-1e-05,-9e-05,0.00019,0.00019,2e-05,4e-05,0
55602,0.00021,0.0,-1e-05,-9e-05,0.00019,0.00019,2e-05,4e-05,0
55603,0.00021,0.0,-1e-05,-9e-05,0.00019,0.00019,2e-05,4e-05,0
55604,0.00021,0.0,-1e-05,-9e-05,0.00019,0.00019,2e-05,4e-05,0
55605,0.00021,0.0,-1e-05,-9e-05,0.00019,0.00019,2e-05,4e-05,0
55606,0.00021,0.0,-1e-05,-9e-05,0.00019,0.00019,2e-05,4e-05,0
55607,0.00021,0.0,-1e-05,-9e-05,0.00019,0.00019,2e-05,4e-05,0
55608,0.00021,0.0,-1e-05,-9e-05,0.00019,0.00019,2e-05,4e-05,0
55609,0.00021,0.0,-1e-05,-9e-05,0.00019,0.00019,2e-05,4e-05,0
55610,0.00021,0.0,-1e-05,-9e-05,0.00019,0.00019,2e-05,4e-05,0
55611,0.00021,0.0,-1e-05,-9e-05,0.00019,0.00019,2e-05,4e-05,0
55612,0.00021,0.0,-1e-05,-9e-05,0.00019,0.00019,2e-05,4e-05,0
55613,0.00021,0.0,-1e-05,-9e-05,0.00019,0.00019,2e-05,4e-05,0
55614,0.00021,0.0,-1e-05,-9e-05,0.00019,0.00019,2e-05,4e-05,0
55615,-4e-05,-7e-05,-0.00017,-3e-05,-0.00021,4e-05,-5e-05,2e-05,0
55616,-3e-05,-0.00011,-2e-05,-9e-05,0.00014,0.00016,-4e-05,2e-05,0
55617,-3e-05,-0.00011,-2e-05,-9e-05,0.00014,0.00016,-4e-05,2e-05,0
55618,-3e-05,-0.00011,-2e-05,-9e-05,0.00014,0.00016,-4e-05,2e-05,0
55619,-3e-05,-0.00011,-2e-05,-9e-05,0.00014,0.00016,-4e-05,2e-05,0
55620,-3e-05,-0.00011,-2e-05,-9e-05,0.00014,0.00016,-4e-05,2e-05,0
55621,-3e-05,-0.00011,-2e-05,-9e-05,0.00014,0.00016,-4e-05,2e-05,0
55622,-3e-05,-0.00011,-2e-05,-9e-05,0.00014,0.00016,-4e-05,2e-05,0
55623,-3e-05,-0.00011,-2e-05,-9e-05,0.00014,0.00016,-4e-05,2e-05,0
55624,-3e-05,-0.00011,-2e-05,-9e-05,0.00014,0.00016,-4e-05,2e-05,0
55625,-3e-05,-0.00011,-2e-05,-9e-05,0.00014,0.00016,-4e-05,2e-05,0
55626,-3e-05,-0.00011,-2e-05,-9e-05,0.00014,0.00016,-4e-05,2e-05,0
55627,-3e-05,-0.00011,-2e-05,-9e-05,0.00014,0.00016,-4e-05,2e-05,0
55628,-3e-05,-0.00011,-2e-05,-9e-05,0.00014,0.00016,-4e-05,2e-05,0
55629,-3e-05,-0.00011,-2e-05,-9e-05,0.00014,0.00016,-4e-05,2e-05,0
55630,-3e-05,-0.00011,-2e-05,-9e-05,0.00014,0.00016,-4e-05,2e-05,0
55631,-3e-05,-0.00011,-2e-05,-9e-05,0.00014,0.00016,-4e-05,2e-05,0
55632,-3e-05,-0.00011,-2e-05,-9e-05,0.00014,0.00016,-4e-05,2e-05,0
55633,-3e-05,-0.00011,-2e-05,-9e-05,0.00014,0.00016,-4e-05,2e-05,0
55634,-3e-05,-0.00011,-2e-05,-9e-05,0.00014,0.00016,-4e-05,2e-05,0
55635,-3e-05,-0.00011,-2e-05,-9e-05,0.00014,0.00016,-4e-05,2e-05,0
55636,-3e-05,-0.00011,-2e-05,-9e-05,0.00014,0.00016,-4e-05,2e-05,0
55638,-8e-05,-7e-05,-0.00011,8e-05,0.00033,5e-05,-6e-05,1e-05,0
55639,-0.00013,-9e-05,-3e-05,1e-05,-0.00072,-8e-05,-5e-05,-8e-05,0
55640,-0.00013,-9e-05,-3e-05,1e-05,-0.00072,-8e-05,-5e-05,-8e-05,0
55641,-0.00013,-9e-05,-3e-05,1e-05,-0.00072,-8e-05,-5e-05,-8e-05,0
55642,-0.00013,-9e-05,-3e-05,1e-05,-0.00072,-8e-05,-5e-05,-8e-05,0
55643,-0.00013,-9e-05,-3e-05,1e-05,-0.00072,-8e-05,-5e-05,-8e-05,0
55644,-0.00013,-9e-05,-3e-05,1e-05,-0.00072,-8e-05,-5e-05,-8e-05,0
55645,-0.00013,-9e-05,-3e-05,1e-05,-0.00072,-8e-05,-5e-05,-8e-05,0
55646,-0.00013,-9e-05,-3e-05,1e-05,-0.00072,-8e-05,-5e-05,-8e-05,0
55647,-0.00013,-9e-05,-3e-05,1e-05,-0.00072,-8e-05,-5e-05,-8e-05,0
55648,-0.00013,-9e-05,-3e-05,1e-05,-0.00072,-8e-05,-5e-05,-8e-05,0
55649,-0.00013,-9e-05,-3e-05,1e-05,-0.00072,-8e-05,-5e-05,-8e-05,0
55650,-0.00013,-9e-05,-3e-05,1e-05,-0.00072,-8e-05,-5e-05,-8e-05,0
55651,-0.00013,-9e-05,-3e-05,1e-05,-0.00072,-8e-05,-5e-05,-8e-05,0
55652,-0.00013,-9e-05,-3e-05,1e-05,-0.00072,-8e-05,-5e-05,-8e-05,0
55653,-0.00013,-9e-05,-3e-05,1e-05,-0.00072,-8e-05,-5e-05,-8e-05,0
55654,-0.00013,-9e-05,-3e-05,1e-05,-0.00072,-8e-05,-5e-05,-8e-05,0
55655,-0.00013,-9e-05,-3e-05,1e-05,-0.00072,-8e-05,-5e-05,-8e-05,0
55656,-0.00013,-9e-05,-3e-05,1e-05,-0.00072,-8e-05,-5e-05,-8e-05,0
55657,-0.00013,-9e-05,-3e-05,1e-05,-0.00072,-8e-05,-5e-05,-8e-05,0
55658,-0.00013,-9e-05,-3e-05,1e-05,-0.00072,-8e-05,-5e-05,-8e-05,0
55659,-0.00013,-9e-05,-3e-05,1e-05,-0.00072,-8e-05,-5e-05,-8e-05,0
55660,0.00013,6e-05,4e-05,0.00041,0.00018,-1e-05,1e-05,1e-05,0
55661,0.00018,0.00014,8e-05,0.00027,3e-05,-0.0001,-8e-05,-5e-05,0
55662,0.00018,0.00014,8e-05,0.00027,3e-05,-0.0001,-8e-05,-5e-05,0
55663,0.00018,0.00014,8e-05,0.00027,3e-05,-0.0001,-8e-05,-5e-05,0
55664,0.00018,0.00014,8e-05,0.00027,3e-05,-0.0001,-8e-05,-5e-05,0
55665,0.00018,0.00014,8e-05,0.00027,3e-05,-0.0001,-8e-05,-5e-05,0
55666,0.00018,0.00014,8e-05,0.00027,3e-05,-0.0001,-8e-05,-5e-05,0
55667,0.00018,0.00014,8e-05,0.00027,3e-05,-0.0001,-8e-05,-5e-05,0
55668,0.00018,0.00014,8e-05,0.00027,3e-05,-0.0001,-8e-05,-5e-05,0
55669,0.00018,0.00014,8e-05,0.00027,3e-05,-0.0001,-8e-05,-5e-05,0
55670,0.00018,0.00014,8e-05,0.00027,3e-05,-0.0001,-8e-05,-5e-05,0
55671,0.00018,0.00014,8e-05,0.00027,3e-05,-0.0001,-8e-05,-5e-05,0
55672,0.00018,0.00014,8e-05,0.00027,3e-05,-0.0001,-8e-05,-5e-05,0
55673,0.00018,0.00014,8e-05,0.00027,3e-05,-0.0001,-8e-05,-5e-05,0
55674,0.00013,-3e-05,-8e-05,0.00054,0.00052,-0.00013,-3e-05,6e-05,0
55675,0.00013,-3e-05,-8e-05,0.00054,0.00052,-0.00013,-3e-05,6e-05,0
55676,-0.00019,2e-05,0.0,-2e-05,8e-05,-3e-05,0.0,-2e-05,0
55677,-0.00019,2e-05,0.0,-2e-05,8e-05,-3e-05,0.0,-2e-05,0
55678,-0.00019,2e-05,0.0,-2e-05,8e-05,-3e-05,0.0,-2e-05,0
55679,-0.00019,2e-05,0.0,-2e-05,8e-05,-3e-05,0.0,-2e-05,0
55680,-0.00019,2e-05,0.0,-2e-05,8e-05,-3e-05,0.0,-2e-05,0
55681,-0.00019,2e-05,0.0,-2e-05,8e-05,-3e-05,0.0,-2e-05,0
55682,-0.00019,2e-05,0.0,-2e-05,8e-05,-3e-05,0.0,-2e-05,0
55683,-0.00019,2e-05,0.0,-2e-05,8e-05,-3e-05,0.0,-2e-05,0
55684,-0.00019,2e-05,0.0,-2e-05,8e-05,-3e-05,0.0,-2e-05,0
55685,-0.00019,2e-05,0.0,-2e-05,8e-05,-3e-05,0.0,-2e-05,0
55686,-0.00019,2e-05,0.0,-2e-05,8e-05,-3e-05,0.0,-2e-05,0
55688,-0.00019,2e-05,0.0,-2e-05,8e-05,-3e-05,0.0,-2e-05,0
55689,-0.00019,2e-05,0.0,-2e-05,8e-05,-3e-05,0.0,-2e-05,0
55690,-0.00019,2e-05,0.0,-2e-05,8e-05,-3e-05,0.0,-2e-05,0
55691,-0.00019,2e-05,0.0,-2e-05,8e-05,-3e-05,0.0,-2e-05,0
55692,-0.00019,2e-05,0.0,-2e-05,8e-05,-3e-05,0.0,-2e-05,0
55693,-0.00019,2e-05,0.0,-2e-05,8e-05,-3e-05,0.0,-2e-05,0
55694,-0.00019,2e-05,0.0,-2e-05,8e-05,-3e-05,0.0,-2e-05,0
55695,-0.00019,2e-05,0.0,-2e-05,8e-05,-3e-05,0.0,-2e-05,0
55696,-0.00019,2e-05,0.0,-2e-05,8e-05,-3e-05,0.0,-2e-05,0
55697,-5e-05,4e-05,0.0001,0.00011,0.00012,8e-05,3e-05,-2e-05,0
55698,-0.00019,-4e-05,-5e-05,-9e-05,0.00028,3e-05,1e-05,-4e-05,0
55699,-0.00019,-4e-05,-5e-05,-9e-05,0.00028,3e-05,1e-05,-4e-05,0
55700,-0.00019,-4e-05,-5e-05,-9e-05,0.00028,3e-05,1e-05,-4e-05,0
55701,-0.00019,-4e-05,-5e-05,-9e-05,0.00028,3e-05,1e-05,-4e-05,0
55702,-0.00019,-4e-05,-5e-05,-9e-05,0.00028,3e-05,1e-05,-4e-05,0
55703,-0.00019,-4e-05,-5e-05,-9e-05,0.00028,3e-05,1e-05,-4e-05,0
55704,-0.00019,-4e-05,-5e-05,-9e-05,0.00028,3e-05,1e-05,-4e-05,0
55705,-0.00019,-4e-05,-5e-05,-9e-05,0.00028,3e-05,1e-05,-4e-05,0
55706,-0.00019,-4e-05,-5e-05,-9e-05,0.00028,3e-05,1e-05,-4e-05,0
55707,-0.00019,-4e-05,-5e-05,-9e-05,0.00028,3e-05,1e-05,-4e-05,0
55708,-0.00019,-4e-05,-5e-05,-9e-05,0.00028,3e-05,1e-05,-4e-05,0
55709,-0.00019,-4e-05,-5e-05,-9e-05,0.00028,3e-05,1e-05,-4e-05,0
55710,-0.00019,-4e-05,-5e-05,-9e-05,0.00028,3e-05,1e-05,-4e-05,0
55711,-0.00019,-4e-05,-5e-05,-9e-05,0.00028,3e-05,1e-05,-4e-05,0
55712,-0.00019,-4e-05,-5e-05,-9e-05,0.00028,3e-05,1e-05,-4e-05,0
55713,-0.00019,-4e-05,-5e-05,-9e-05,0.00028,3e-05,1e-05,-4e-05,0
55714,-0.00019,-4e-05,-5e-05,-9e-05,0.00028,3e-05,1e-05,-4e-05,0
55715,-0.00019,-4e-05,-5e-05,-9e-05,0.00028,3e-05,1e-05,-4e-05,0
55716,-0.00019,-4e-05,-5e-05,-9e-05,0.00028,3e-05,1e-05,-4e-05,0
55717,-0.00019,-4e-05,-5e-05,-9e-05,0.00028,3e-05,1e-05,-4e-05,0
55718,-0.00019,-4e-05,-5e-05,-9e-05,0.00028,3e-05,1e-05,-4e-05,0
55719,-0.00019,-4e-05,-5e-05,-9e-05,0.00028,3e-05,1e-05,-4e-05,0
55720,-0.00015,-6e-05,3e-05,-0.00017,-5e-05,0.00012,-2e-05,-3e-05,0
55721,0.00017,3e-05,-1e-05,0.00035,-0.00012,-3e-05,4e-05,6e-05,0
55722,0.00017,3e-05,-1e-05,0.00035,-0.00012,-3e-05,4e-05,6e-05,0
55723,0.00017,3e-05,-1e-05,0.00035,-0.00012,-3e-05,4e-05,6e-05,0
55724,0.00017,3e-05,-1e-05,0.00035,-0.00012,-3e-05,4e-05,6e-05,0
55725,0.00017,3e-05,-1e-05,0.00035,-0.00012,-3e-05,4e-05,6e-05,0
55726,0.00017,3e-05,-1e-05,0.00035,-0.00012,-3e-05,4e-05,6e-05,0
55727,0.00017,3e-05,-1e-05,0.00035,-0.00012,-3e-05,4e-05,6e-05,0
55728,0.00017,3e-05,-1e-05,0.00035,-0.00012,-3e-05,4e-05,6e-05,0
55729,0.00017,3e-05,-1e-05,0.00035,-0.00012,-3e-05,4e-05,6e-05,0
55730,0.00017,3e-05,-1e-05,0.00035,-0.00012,-3e-05,4e-05,6e-05,0
55731,0.00017,3e-05,-1e-05,0.00035,-0.00012,-3e-05,4e-05,6e-05,0
55732,0.00017,3e-05,-1e-05,0.00035,-0.00012,-3e-05,4e-05,6e-05,0
55733,0.00017,3e-05,-1e-05,0.00035,-0.00012,-3e-05,4e-05,6e-05,0
55734,0.00017,3e-05,-1e-05,0.00035,-0.00012,-3e-05,4e-05,6e-05,0
55735,-2e-05,0.0,0.0001,5e-05,0.00013,2e-05,-4e-05,0.0,0
55736,-2e-05,0.0,0.0001,5e-05,0.00013,2e-05,-4e-05,0.0,0
55738,-2e-05,0.0,0.0001,5e-05,0.00013,2e-05,-4e-05,0.0,0
55739,-2e-05,0.0,0.0001,5e-05,0.00013,2e-05,-4e-05,0.0,0
55740,-2e-05,0.0,0.0001,5e-05,0.00013,2e-05,-4e-05,0.0,0
55741,-2e-05,0.0,0.0001,5e-05,0.00013,2e-05,-4e-05,0.0,0
55742,-2e-05,0.0,0.0001,5e-05,0.00013,2e-05,-4e-05,0.0,0
55743,-2e-05,0.0,0.0001,5e-05,0.00013,2e-05,-4e-05,0.0,0
55744,-2e-05,0.0,0.0001,5e-05,0.00013,2e-05,-4e-05,0.0,0
55745,-2e-05,0.0,0.0001,5e-05,0.00013,2e-05,-4e-05,0.0,0
55746,-2e-05,0.0,0.0001,5e-05,0.00013,2e-05,-4e-05,0.0,0
55747,-2e-05,0.0,0.0001,5e-05,0.00013,2e-05,-4e-05,0.0,0
55748,-2e-05,0.0,0.0001,5e-05,0.00013,2e-05,-4e-05,0.0,0
55749,-2e-05,0.0,0.0001,5e-05,0.00013,2e-05,-4e-05,0.0,0
55750,-2e-05,0.0,0.0001,5e-05,0.00013,2e-05,-4e-05,0.0,0
55751,-2e-05,0.0,0.0001,5e-05,0.00013,2e-05,-4e-05,0.0,0
55752,-2e-05,0.0,0.0001,5e-05,0.00013,2e-05,-4e-05,0.0,0
55754,-2e-05,0.0,0.0001,5e-05,0.00013,2e-05,-4e-05,0.0,0
55755,-2e-05,0.0,0.0001,5e-05,0.00013,2e-05,-4e-05,0.0,0
55756,-2e-05,0.0,0.0001,5e-05,0.00013,2e-05,-4e-05,0.0,0
55757,-0.00013,5e-05,1e-05,4e-05,-0.00031,0.00011,-1e-05,0.0,0
55758,-0.00038,-8e-05,-0.00019,-0.00033,-0.00021,-3e-05,-5e-05,-0.0001,0
55759,-0.00038,-8e-05,-0.00019,-0.00033,-0.00021,-3e-05,-5e-05,-0.0001,0
55760,-0.00038,-8e-05,-0.00019,-0.00033,-0.00021,-3e-05,-5e-05,-0.0001,0
55761,-0.00038,-8e-05,-0.00019,-0.00033,-0.00021,-3e-05,-5e-05,-0.0001,0
55762,-0.00038,-8e-05,-0.00019,-0.00033,-0.00021,-3e-05,-5e-05,-0.0001,0
55763,-0.00038,-8e-05,-0.00019,-0.00033,-0.00021,-3e-05,-5e-05,-0.0001,0
55764,-0.00038,-8e-05,-0.00019,-0.00033,-0.00021,-3e-05,-5e-05,-0.0001,0
55765,-0.00038,-8e-05,-0.00019,-0.00033,-0.00021,-3e-05,-5e-05,-0.0001,0
55766,-0.00038,-8e-05,-0.00019,-0.00033,-0.00021,-3e-05,-5e-05,-0.0001,0
55767,-0.00038,-8e-05,-0.00019,-0.00033,-0.00021,-3e-05,-5e-05,-0.0001,0
55769,-0.00038,-8e-05,-0.00019,-0.00033,-0.00021,-3e-05,-5e-05,-0.0001,0
55770,-0.00038,-8e-05,-0.00019,-0.00033,-0.00021,-3e-05,-5e-05,-0.0001,0
55771,-0.00038,-8e-05,-0.00019,-0.00033,-0.00021,-3e-05,-5e-05,-0.0001,0
55772,-0.00038,-8e-05,-0.00019,-0.00033,-0.00021,-3e-05,-5e-05,-0.0001,0
55773,-0.00038,-8e-05,-0.00019,-0.00033,-0.00021,-3e-05,-5e-05,-0.0001,0
55774,-0.00038,-8e-05,-0.00019,-0.00033,-0.00021,-3e-05,-5e-05,-0.0001,0
55775,-0.00038,-8e-05,-0.00019,-0.00033,-0.00021,-3e-05,-5e-05,-0.0001,0
55776,-0.00038,-8e-05,-0.00019,-0.00033,-0.00021,-3e-05,-5e-05,-0.0001,0
55777,-0.00038,-8e-05,-0.00019,-0.00033,-0.00021,-3e-05,-5e-05,-0.0001,0
55778,-0.00038,-8e-05,-0.00019,-0.00033,-0.00021,-3e-05,-5e-05,-0.0001,0
55779,-0.00038,-8e-05,-0.00019,-0.00033,-0.00021,-3e-05,-5e-05,-0.0001,0
55780,0.00019,5e-05,-0.00013,-0.00038,-0.00016,-8e-05,0.0,-2e-05,0
55781,0.00022,2e-05,5e-05,-0.00032,-0.0004,-0.00027,-4e-05,-1e-05,0
55782,0.00022,2e-05,5e-05,-0.00032,-0.0004,-0.00027,-4e-05,-1e-05,0
55783,0.00022,2e-05,5e-05,-0.00032,-0.0004,-0.00027,-4e-05,-1e-05,0
55784,0.00022,2e-05,5e-05,-0.00032,-0.0004,-0.00027,-4e-05,-1e-05,0
55785,0.00022,2e-05,5e-05,-0.00032,-0.0004,-0.00027,-4e-05,-1e-05,0
55786,0.00022,2e-05,5e-05,-0.00032,-0.0004,-0.00027,-4e-05,-1e-05,0
55788,0.00022,2e-05,5e-05,-0.00032,-0.0004,-0.00027,-4e-05,-1e-05,0
55789,0.00022,2e-05,5e-05,-0.00032,-0.0004,-0.00027,-4e-05,-1e-05,0
55790,0.00022,2e-05,5e-05,-0.00032,-0.0004,-0.00027,-4e-05,-1e-05,0
55791,0.00022,2e-05,5e-05,-0.00032,-0.0004,-0.00027,-4e-05,-1e-05,0
55792,0.00022,2e-05,5e-05,-0.00032,-0.0004,-0.00027,-4e-05,-1e-05,0
55793,0.00022,2e-05,5e-05,-0.00032,-0.0004,-0.00027,-4e-05,-1e-05,0
55794,0.00022,2e-05,5e-05,-0.00032,-0.0004,-0.00027,-4e-05,-1e-05,0
55795,2e-05,3e-05,-2e-05,-4e-05,0.00014,0.00014,0.0,-4e-05,0
55796,2e-05,3e-05,-2e-05,-4e-05,0.00014,0.00014,0.0,-4e-05,0
55797,2e-05,3e-05,-2e-05,-4e-05,0.00014,0.00014,0.0,-4e-05,0
55798,2e-05,3e-05,-2e-05,-4e-05,0.00014,0.00014,0.0,-4e-05,0
55799,2e-05,3e-05,-2e-05,-4e-05,0.00014,0.00014,0.0,-4e-05,0
55800,2e-05,3e-05,-2e-05,-4e-05,0.00014,0.00014,0.0,-4e-05,0
55801,2e-05,3e-05,-2e-05,-4e-05,0.00014,0.00014,0.0,-4e-05,0
55802,2e-05,3e-05,-2e-05,-4e-05,0.00014,0.00014,0.0,-4e-05,0
55804,2e-05,3e-05,-2e-05,-4e-05,0.00014,0.00014,0.0,-4e-05,0
55805,2e-05,3e-05,-2e-05,-4e-05,0.00014,0.00014,0.0,-4e-05,0
55806,2e-05,3e-05,-2e-05,-4e-05,0.00014,0.00014,0.0,-4e-05,0
55807,2e-05,3e-05,-2e-05,-4e-05,0.00014,0.00014,0.0,-4e-05,0
55808,2e-05,3e-05,-2e-05,-4e-05,0.00014,0.00014,0.0,-4e-05,0
55809,2e-05,3e-05,-2e-05,-4e-05,0.00014,0.00014,0.0,-4e-05,0
55810,2e-05,3e-05,-2e-05,-4e-05,0.00014,0.00014,0.0,-4e-05,0
55811,2e-05,3e-05,-2e-05,-4e-05,0.00014,0.00014,0.0,-4e-05,0
55812,2e-05,3e-05,-2e-05,-4e-05,0.00014,0.00014,0.0,-4e-05,0
55813,2e-05,3e-05,-2e-05,-4e-05,0.00014,0.00014,0.0,-4e-05,0
55814,2e-05,3e-05,-2e-05,-4e-05,0.00014,0.00014,0.0,-4e-05,0
55816,2e-05,3e-05,-2e-05,-4e-05,0.00014,0.00014,0.0,-4e-05,0
55817,-4e-05,-4e-05,2e-05,5e-05,-1e-05,-6e-05,-3e-05,-1e-05,0
55818,7e-05,1e-05,-5e-05,-0.0001,0.00019,3e-05,2e-05,2e-05,0
55819,7e-05,1e-05,-5e-05,-0.0001,0.00019,3e-05,2e-05,2e-05,0
55820,7e-05,1e-05,-5e-05,-0.0001,0.00019,3e-05,2e-05,2e-05,0
55821,7e-05,1e-05,-5e-05,-0.0001,0.00019,3e-05,2e-05,2e-05,0
55822,7e-05,1e-05,-5e-05,-0.0001,0.00019,3e-05,2e-05,2e-05,0
55823,7e-05,1e-05,-5e-05,-0.0001,0.00019,3e-05,2e-05,2e-05,0
55824,7e-05,1e-05,-5e-05,-0.0001,0.00019,3e-05,2e-05,2e-05,0
55825,7e-05,1e-05,-5e-05,-0.0001,0.00019,3e-05,2e-05,2e-05,0
55826,7e-05,1e-05,-5e-05,-0.0001,0.00019,3e-05,2e-05,2e-05,0
55827,7e-05,1e-05,-5e-05,-0.0001,0.00019,3e-05,2e-05,2e-05,0
55828,7e-05,1e-05,-5e-05,-0.0001,0.00019,3e-05,2e-05,2e-05,0
55829,7e-05,1e-05,-5e-05,-0.0001,0.00019,3e-05,2e-05,2e-05,0
55830,7e-05,1e-05,-5e-05,-0.0001,0.00019,3e-05,2e-05,2e-05,0
55831,7e-05,1e-05,-5e-05,-0.0001,0.00019,3e-05,2e-05,2e-05,0
55832,7e-05,1e-05,-5e-05,-0.0001,0.00019,3e-05,2e-05,2e-05,0
55833,7e-05,1e-05,-5e-05,-0.0001,0.00019,3e-05,2e-05,2e-05,0
55834,7e-05,1e-05,-5e-05,-0.0001,0.00019,3e-05,2e-05,2e-05,0
55835,7e-05,1e-05,-5e-05,-0.0001,0.00019,3e-05,2e-05,2e-05,0
55836,7e-05,1e-05,-5e-05,-0.0001,0.00019,3e-05,2e-05,2e-05,0
55838,7e-05,1e-05,-5e-05,-0.0001,0.00019,3e-05,2e-05,2e-05,0
55839,7e-05,1e-05,-5e-05,-0.0001,0.00019,3e-05,2e-05,2e-05,0
55840,-9e-05,-1e-05,2e-05,-3e-05,-0.00015,-5e-05,0.0,-9e-05,0
55841,9e-05,3e-05,3e-05,0.00018,0.00038,4e-05,-2e-05,0.0,0
55842,9e-05,3e-05,3e-05,0.00018,0.00038,4e-05,-2e-05,0.0,0
55843,9e-05,3e-05,3e-05,0.00018,0.00038,4e-05,-2e-05,0.0,0
55844,9e-05,3e-05,3e-05,0.00018,0.00038,4e-05,-2e-05,0.0,0
55845,9e-05,3e-05,3e-05,0.00018,0.00038,4e-05,-2e-05,0.0,0
55846,9e-05,3e-05,3e-05,0.00018,0.00038,4e-05,-2e-05,0.0,0
55847,9e-05,3e-05,3e-05,0.00018,0.00038,4e-05,-2e-05,0.0,0
55848,9e-05,3e-05,3e-05,0.00018,0.00038,4e-05,-2e-05,0.0,0
55849,9e-05,3e-05,3e-05,0.00018,0.00038,4e-05,-2e-05,0.0,0
55850,9e-05,3e-05,3e-05,0.00018,0.00038,4e-05,-2e-05,0.0,0
55851,9e-05,3e-05,3e-05,0.00018,0.00038,4e-05,-2e-05,0.0,0
55852,9e-05,3e-05,3e-05,0.00018,0.00038,4e-05,-2e-05,0.0,0
55854,9e-05,3e-05,3e-05,0.00018,0.00038,4e-05,-2e-05,0.0,0
55855,1e-05,-3e-05,-1e-05,-6e-05,9e-05,5e-05,-1e-05,-3e-05,0
55857,1e-05,-3e-05,-1e-05,-6e-05,9e-05,5e-05,-1e-05,-3e-05,0
55858,1e-05,-3e-05,-1e-05,-6e-05,9e-05,5e-05,-1e-05,-3e-05,0
55859,1e-05,-3e-05,-1e-05,-6e-05,9e-05,5e-05,-1e-05,-3e-05,0
55860,1e-05,-3e-05,-1e-05,-6e-05,9e-05,5e-05,-1e-05,-3e-05,0
55861,1e-05,-3e-05,-1e-05,-6e-05,9e-05,5e-05,-1e-05,-3e-05,0
55862,1e-05,-3e-05,-1e-05,-6e-05,9e-05,5e-05,-1e-05,-3e-05,0
55863,1e-05,-3e-05,-1e-05,-6e-05,9e-05,5e-05,-1e-05,-3e-05,0
55864,1e-05,-3e-05,-1e-05,-6e-05,9e-05,5e-05,-1e-05,-3e-05,0
55865,1e-05,-3e-05,-1e-05,-6e-05,9e-05,5e-05,-1e-05,-3e-05,0
55866,1e-05,-3e-05,-1e-05,-6e-05,9e-05,5e-05,-1e-05,-3e-05,0
55867,1e-05,-3e-05,-1e-05,-6e-05,9e-05,5e-05,-1e-05,-3e-05,0
55868,1e-05,-3e-05,-1e-05,-6e-05,9e-05,5e-05,-1e-05,-3e-05,0
55869,1e-05,-3e-05,-1e-05,-6e-05,9e-05,5e-05,-1e-05,-3e-05,0
55870,1e-05,-3e-05,-1e-05,-6e-05,9e-05,5e-05,-1e-05,-3e-05,0
55871,1e-05,-3e-05,-1e-05,-6e-05,9e-05,5e-05,-1e-05,-3e-05,0
55872,1e-05,-3e-05,-1e-05,-6e-05,9e-05,5e-05,-1e-05,-3e-05,0
55873,1e-05,-3e-05,-1e-05,-6e-05,9e-05,5e-05,-1e-05,-3e-05,0
55874,1e-05,-3e-05,-1e-05,-6e-05,9e-05,5e-05,-1e-05,-3e-05,0
55875,1e-05,-3e-05,-1e-05,-6e-05,9e-05,5e-05,-1e-05,-3e-05,0
55876,1e-05,-3e-05,-1e-05,-6e-05,9e-05,5e-05,-1e-05,-3e-05,0
55877,-3e-05,-3e-05,2e-05,-9e-05,-0.00014,-3e-05,-1e-05,1e-05,0
55878,-1e-05,-6e-05,-4e-05,-8e-05,6e-05,-0.00024,2e-05,0.0,0
55879,-1e-05,-6e-05,-4e-05,-8e-05,6e-05,-0.00024,2e-05,0.0,0
55880,-1e-05,-6e-05,-4e-05,-8e-05,6e-05,-0.00024,2e-05,0.0,0
55881,-1e-05,-6e-05,-4e-05,-8e-05,6e-05,-0.00024,2e-05,0.0,0
55882,-1e-05,-6e-05,-4e-05,-8e-05,6e-05,-0.00024,2e-05,0.0,0
55883,-1e-05,-6e-05,-4e-05,-8e-05,6e-05,-0.00024,2e-05,0.0,0
55884,-1e-05,-6e-05,-4e-05,-8e-05,6e-05,-0.00024,2e-05,0.0,0
55885,-1e-05,-6e-05,-4e-05,-8e-05,6e-05,-0.00024,2e-05,0.0,0
55886,-1e-05,-6e-05,-4e-05,-8e-05,6e-05,-0.00024,2e-05,0.0,0
55888,-1e-05,-6e-05,-4e-05,-8e-05,6e-05,-0.00024,2e-05,0.0,0
55889,-1e-05,-6e-05,-4e-05,-8e-05,6e-05,-0.00024,2e-05,0.0,0
55890,-1e-05,-6e-05,-4e-05,-8e-05,6e-05,-0.00024,2e-05,0.0,0
55891,-1e-05,-6e-05,-4e-05,-8e-05,6e-05,-0.00024,2e-05,0.0,0
55892,-1e-05,-6e-05,-4e-05,-8e-05,6e-05,-0.00024,2e-05,0.0,0
55893,-1e-05,-6e-05,-4e-05,-8e-05,6e-05,-0.00024,2e-05,0.0,0
55894,-1e-05,-6e-05,-4e-05,-8e-05,6e-05,-0.00024,2e-05,0.0,0
55895,-1e-05,-6e-05,-4e-05,-8e-05,6e-05,-0.00024,2e-05,0.0,0
55896,-1e-05,-6e-05,-4e-05,-8e-05,6e-05,-0.00024,2e-05,0.0,0
55897,-1e-05,-6e-05,-4e-05,-8e-05,6e-05,-0.00024,2e-05,0.0,0
55898,-1e-05,-6e-05,-4e-05,-8e-05,6e-05,-0.00024,2e-05,0.0,0
55899,-1e-05,-6e-05,-4e-05,-8e-05,6e-05,-0.00024,2e-05,0.0,0
55900,1e-05,-3e-05,-0.0001,-0.0001,-6e-05,0.00011,-7e-05,1e-05,0
55901,-2e-05,-3e-05,-5e-05,-6e-05,-6e-05,2e-05,-2e-05,1e-05,0
55902,-2e-05,-3e-05,-5e-05,-6e-05,-6e-05,2e-05,-2e-05,1e-05,0
55904,-2e-05,-3e-05,-5e-05,-6e-05,-6e-05,2e-05,-2e-05,1e-05,0
55905,-2e-05,-3e-05,-5e-05,-6e-05,-6e-05,2e-05,-2e-05,1e-05,0
55906,-2e-05,-3e-05,-5e-05,-6e-05,-6e-05,2e-05,-2e-05,1e-05,0
55907,-2e-05,-3e-05,-5e-05,-6e-05,-6e-05,2e-05,-2e-05,1e-05,0
55908,-2e-05,-3e-05,-5e-05,-6e-05,-6e-05,2e-05,-2e-05,1e-05,0
55909,-2e-05,-3e-05,-5e-05,-6e-05,-6e-05,2e-05,-2e-05,1e-05,0
55910,-2e-05,-3e-05,-5e-05,-6e-05,-6e-05,2e-05,-2e-05,1e-05,0
55911,-2e-05,-3e-05,-5e-05,-6e-05,-6e-05,2e-05,-2e-05,1e-05,0
55912,-2e-05,-3e-05,-5e-05,-6e-05,-6e-05,2e-05,-2e-05,1e-05,0
55913,-2e-05,-3e-05,-5e-05,-6e-05,-6e-05,2e-05,-2e-05,1e-05,0
55914,-2e-05,-3e-05,-5e-05,-6e-05,-6e-05,2e-05,-2e-05,1e-05,0
55915,-1e-05,1e-05,1e-05,0.00011,4e-05,8e-05,-1e-05,0.0,0
55917,1e-05,-1e-05,2e-05,3e-05,2e-05,-1e-05,-7e-05,-2e-05,0
55918,3e-05,1e-05,6e-05,4e-05,3e-05,0.00015,1e-05,1e-05,0
55919,3e-05,1e-05,6e-05,4e-05,3e-05,0.00015,1e-05,1e-05,0
55920,3e-05,1e-05,6e-05,4e-05,3e-05,0.00015,1e-05,1e-05,0
55921,3e-05,1e-05,6e-05,4e-05,3e-05,0.00015,1e-05,1e-05,0
55922,3e-05,1e-05,6e-05,4e-05,3e-05,0.00015,1e-05,1e-05,0
55923,3e-05,1e-05,6e-05,4e-05,3e-05,0.00015,1e-05,1e-05,0
55924,3e-05,1e-05,6e-05,4e-05,3e-05,0.00015,1e-05,1e-05,0
55925,3e-05,1e-05,6e-05,4e-05,3e-05,0.00015,1e-05,1e-05,0
55926,3e-05,1e-05,6e-05,4e-05,3e-05,0.00015,1e-05,1e-05,0
55927,3e-05,1e-05,6e-05,4e-05,3e-05,0.00015,1e-05,1e-05,0
55928,3e-05,1e-05,6e-05,4e-05,3e-05,0.00015,1e-05,1e-05,0
55929,3e-05,1e-05,6e-05,4e-05,3e-05,0.00015,1e-05,1e-05,0
55930,3e-05,1e-05,6e-05,4e-05,3e-05,0.00015,1e-05,1e-05,0
55931,3e-05,1e-05,6e-05,4e-05,3e-05,0.00015,1e-05,1e-05,0
55932,3e-05,1e-05,6e-05,4e-05,3e-05,0.00015,1e-05,1e-05,0
55933,3e-05,1e-05,6e-05,4e-05,3e-05,0.00015,1e-05,1e-05,0
55934,3e-05,1e-05,6e-05,4e-05,3e-05,0.00015,1e-05,1e-05,0
55935,3e-05,1e-05,6e-05,4e-05,3e-05,0.00015,1e-05,1e-05,0
55936,3e-05,1e-05,6e-05,4e-05,3e-05,0.00015,1e-05,1e-05,0
55939,-2e-05,2e-05,3e-05,-2e-05,2e-05,-1e-05,0.0,-2e-05,0
55940,-2e-05,2e-05,3e-05,-2e-05,2e-05,-1e-05,0.0,-2e-05,0
55941,-2e-05,2e-05,3e-05,-2e-05,2e-05,-1e-05,0.0,-2e-05,0
55942,-2e-05,2e-05,3e-05,-2e-05,2e-05,-1e-05,0.0,-2e-05,0
55943,-2e-05,2e-05,3e-05,-2e-05,2e-05,-1e-05,0.0,-2e-05,0
55944,-2e-05,2e-05,3e-05,-2e-05,2e-05,-1e-05,0.0,-2e-05,0
55945,-2e-05,2e-05,3e-05,-2e-05,2e-05,-1e-05,0.0,-2e-05,0
55946,-2e-05,2e-05,3e-05,-2e-05,2e-05,-1e-05,0.0,-2e-05,0
55947,-2e-05,2e-05,3e-05,-2e-05,2e-05,-1e-05,0.0,-2e-05,0
55948,-2e-05,2e-05,3e-05,-2e-05,2e-05,-1e-05,0.0,-2e-05,0
55949,-2e-05,2e-05,3e-05,-2e-05,2e-05,-1e-05,0.0,-2e-05,0
55950,-2e-05,2e-05,3e-05,-2e-05,2e-05,-1e-05,0.0,-2e-05,0
55951,-2e-05,2e-05,3e-05,-2e-05,2e-05,-1e-05,0.0,-2e-05,0
55952,-2e-05,2e-05,3e-05,-2e-05,2e-05,-1e-05,0.0,-2e-05,0
55954,-2e-05,2e-05,3e-05,-2e-05,2e-05,-1e-05,0.0,-2e-05,0
55955,-2e-05,2e-05,3e-05,-2e-05,2e-05,-1e-05,0.0,-2e-05,0
55956,-2e-05,2e-05,3e-05,-2e-05,2e-05,-1e-05,0.0,-2e-05,0
55957,-2e-05,2e-05,3e-05,-2e-05,2e-05,-1e-05,0.0,-2e-05,0
55958,-2e-05,2e-05,3e-05,-2e-05,2e-05,-1e-05,0.0,-2e-05,0
55959,-2e-05,2e-05,3e-05,-2e-05,2e-05,-1e-05,0.0,-2e-05,0
55960,-5e-05,-7e-05,-0.00013,-8e-05,-0.00018,-0.00018,-2e-05,-4e-05,0
55961,1e-05,-1e-05,1e-05,2e-05,0.00028,3e-05,-1e-05,-1e-05,0
55962,1e-05,-1e-05,1e-05,2e-05,0.00028,3e-05,-1e-05,-1e-05,0
55963,1e-05,-1e-05,1e-05,2e-05,0.00028,3e-05,-1e-05,-1e-05,0
55964,1e-05,-1e-05,1e-05,2e-05,0.00028,3e-05,-1e-05,-1e-05,0
55965,1e-05,-1e-05,1e-05,2e-05,0.00028,3e-05,-1e-05,-1e-05,0
55966,1e-05,-1e-05,1e-05,2e-05,0.00028,3e-05,-1e-05,-1e-05,0
55967,1e-05,-1e-05,1e-05,2e-05,0.00028,3e-05,-1e-05,-1e-05,0
55968,1e-05,-1e-05,1e-05,2e-05,0.00028,3e-05,-1e-05,-1e-05,0
55969,1e-05,-1e-05,1e-05,2e-05,0.00028,3e-05,-1e-05,-1e-05,0
55970,1e-05,-1e-05,1e-05,2e-05,0.00028,3e-05,-1e-05,-1e-05,0
55971,1e-05,-1e-05,1e-05,2e-05,0.00028,3e-05,-1e-05,-1e-05,0
55972,1e-05,-1e-05,1e-05,2e-05,0.00028,3e-05,-1e-05,-1e-05,0
55973,1e-05,-1e-05,1e-05,2e-05,0.00028,3e-05,-1e-05,-1e-05,0
55974,1e-05,-1e-05,1e-05,2e-05,0.00028,3e-05,-1e-05,-1e-05,0
55975,2e-05,4e-05,4e-05,3e-05,-3e-05,0.0,0.0,-2e-05,0
55976,2e-05,4e-05,4e-05,3e-05,-3e-05,0.0,0.0,-2e-05,0
55977,2e-05,4e-05,4e-05,3e-05,-3e-05,0.0,0.0,-2e-05,0
55978,2e-05,4e-05,4e-05,3e-05,-3e-05,0.0,0.0,-2e-05,0
55979,2e-05,4e-05,4e-05,3e-05,-3e-05,0.0,0.0,-2e-05,0
55980,2e-05,4e-05,4e-05,3e-05,-3e-05,0.0,0.0,-2e-05,0
55981,2e-05,4e-05,4e-05,3e-05,-3e-05,0.0,0.0,-2e-05,0
55982,-2e-05,-4e-05,-7e-05,-5e-05,-7e-05,6e-05,-1e-05,-1e-05,0
55984,-2e-05,-4e-05,-7e-05,-5e-05,-7e-05,6e-05,-1e-05,-1e-05,0
55985,-2e-05,-4e-05,-7e-05,-5e-05,-7e-05,6e-05,-1e-05,-1e-05,0
55986,-2e-05,-4e-05,-7e-05,-5e-05,-7e-05,6e-05,-1e-05,-1e-05,0
55988,-2e-05,-4e-05,-7e-05,-5e-05,-7e-05,6e-05,-1e-05,-1e-05,0
55989,-2e-05,-4e-05,-7e-05,-5e-05,-7e-05,6e-05,-1e-05,-1e-05,0
55990,-2e-05,-4e-05,-7e-05,-5e-05,-7e-05,6e-05,-1e-05,-1e-05,0
55991,-2e-05,-4e-05,-7e-05,-5e-05,-7e-05,6e-05,-1e-05,-1e-05,0
55992,-2e-05,-4e-05,-7e-05,-5e-05,-7e-05,6e-05,-1e-05,-1e-05,0
55993,-2e-05,-4e-05,-7e-05,-5e-05,-7e-05,6e-05,-1e-05,-1e-05,0
55994,-2e-05,-4e-05,-7e-05,-5e-05,-7e-05,6e-05,-1e-05,-1e-05,0
55995,-2e-05,-4e-05,-7e-05,-5e-05,-7e-05,6e-05,-1e-05,-1e-05,0
55996,-2e-05,-4e-05,-7e-05,-5e-05,-7e-05,6e-05,-1e-05,-1e-05,0
55997,0.0,1e-05,1e-05,9e-05,-2e-05,-0.0001,0.0,-1e-05,0
55998,-1e-05,1e-05,2e-05,-2e-05,-1e-05,1e-05,-3e-05,-3e-05,0
55999,-1e-05,1e-05,2e-05,-2e-05,-1e-05,1e-05,-3e-05,-3e-05,0
56000,-1e-05,1e-05,2e-05,-2e-05,-1e-05,1e-05,-3e-05,-3e-05,0
56001,-1e-05,1e-05,2e-05,-2e-05,-1e-05,1e-05,-3e-05,-3e-05,0
56002,-1e-05,1e-05,2e-05,-2e-05,-1e-05,1e-05,-3e-05,-3e-05,0
56004,-1e-05,1e-05,2e-05,-2e-05,-1e-05,1e-05,-3e-05,-3e-05,0
56005,-1e-05,1e-05,2e-05,-2e-05,-1e-05,1e-05,-3e-05,-3e-05,0
56006,-1e-05,1e-05,2e-05,-2e-05,-1e-05,1e-05,-3e-05,-3e-05,0
56007,-1e-05,1e-05,2e-05,-2e-05,-1e-05,1e-05,-3e-05,-3e-05,0
56008,-1e-05,1e-05,2e-05,-2e-05,-1e-05,1e-05,-3e-05,-3e-05,0
56009,-1e-05,1e-05,2e-05,-2e-05,-1e-05,1e-05,-3e-05,-3e-05,0
56010,-1e-05,1e-05,2e-05,-2e-05,-1e-05,1e-05,-3e-05,-3e-05,0
56011,-1e-05,1e-05,2e-05,-2e-05,-1e-05,1e-05,-3e-05,-3e-05,0
56012,-1e-05,1e-05,2e-05,-2e-05,-1e-05,1e-05,-3e-05,-3e-05,0
56013,-1e-05,1e-05,2e-05,-2e-05,-1e-05,1e-05,-3e-05,-3e-05,0
56014,-1e-05,1e-05,2e-05,-2e-05,-1e-05,1e-05,-3e-05,-3e-05,0
56015,-1e-05,1e-05,2e-05,-2e-05,-1e-05,1e-05,-3e-05,-3e-05,0
56016,-1e-05,1e-05,2e-05,-2e-05,-1e-05,1e-05,-3e-05,-3e-05,0
56017,-1e-05,1e-05,2e-05,-2e-05,-1e-05,1e-05,-3e-05,-3e-05,0
56018,-1e-05,1e-05,2e-05,-2e-05,-1e-05,1e-05,-3e-05,-3e-05,0
56019,-1e-05,1e-05,2e-05,-2e-05,-1e-05,1e-05,-3e-05,-3e-05,0
56020,-4e-05,-1e-05,-5e-05,-8e-05,0.0,-5e-05,0.0,0.0,0
56021,0.0,1e-05,1e-05,-3e-05,-7e-05,0.0,0.0,-1e-05,0
56022,0.0,1e-05,1e-05,-3e-05,-7e-05,0.0,0.0,-1e-05,0
56023,0.0,1e-05,1e-05,-3e-05,-7e-05,0.0,0.0,-1e-05,0
56024,0.0,1e-05,1e-05,-3e-05,-7e-05,0.0,0.0,-1e-05,0
56025,0.0,1e-05,1e-05,-3e-05,-7e-05,0.0,0.0,-1e-05,0
56026,0.0,1e-05,1e-05,-3e-05,-7e-05,0.0,0.0,-1e-05,0
56027,0.0,1e-05,1e-05,-3e-05,-7e-05,0.0,0.0,-1e-05,0
56028,0.0,1e-05,1e-05,-3e-05,-7e-05,0.0,0.0,-1e-05,0
56029,0.0,1e-05,1e-05,-3e-05,-7e-05,0.0,0.0,-1e-05,0
56030,0.0,1e-05,1e-05,-3e-05,-7e-05,0.0,0.0,-1e-05,0
56031,0.0,1e-05,1e-05,-3e-05,-7e-05,0.0,0.0,-1e-05,0
56032,0.0,1e-05,1e-05,-3e-05,-7e-05,0.0,0.0,-1e-05,0
56033,0.0,1e-05,1e-05,-3e-05,-7e-05,0.0,0.0,-1e-05,0
56034,0.0,1e-05,1e-05,-3e-05,-7e-05,0.0,0.0,-1e-05,0
56035,-1e-05,0.0,-2e-05,-5e-05,-2e-05,0.00012,-5e-05,0.0,0
56036,-1e-05,0.0,-2e-05,-5e-05,-2e-05,0.00012,-5e-05,0.0,0
56038,-1e-05,0.0,-2e-05,-5e-05,-2e-05,0.00012,-5e-05,0.0,0
56039,-1e-05,0.0,-2e-05,-5e-05,-2e-05,0.00012,-5e-05,0.0,0
56040,-1e-05,0.0,-2e-05,-5e-05,-2e-05,0.00012,-5e-05,0.0,0
56041,-1e-05,0.0,-2e-05,-5e-05,-2e-05,0.00012,-5e-05,0.0,0
56042,-1e-05,0.0,-2e-05,-5e-05,-2e-05,0.00012,-5e-05,0.0,0
56043,-1e-05,0.0,-2e-05,-5e-05,-2e-05,0.00012,-5e-05,0.0,0
56044,-1e-05,0.0,-2e-05,-5e-05,-2e-05,0.00012,-5e-05,0.0,0
56045,-1e-05,0.0,-2e-05,-5e-05,-2e-05,0.00012,-5e-05,0.0,0
56046,-1e-05,0.0,-2e-05,-5e-05,-2e-05,0.00012,-5e-05,0.0,0
56047,-1e-05,0.0,-2e-05,-5e-05,-2e-05,0.00012,-5e-05,0.0,0
56048,-1e-05,0.0,-2e-05,-5e-05,-2e-05,0.00012,-5e-05,0.0,0
56049,-1e-05,0.0,-2e-05,-5e-05,-2e-05,0.00012,-5e-05,0.0,0
56050,-1e-05,0.0,-2e-05,-5e-05,-2e-05,0.00012,-5e-05,0.0,0
56051,-1e-05,0.0,-2e-05,-5e-05,-2e-05,0.00012,-5e-05,0.0,0
56052,-1e-05,0.0,-2e-05,-5e-05,-2e-05,0.00012,-5e-05,0.0,0
56054,-1e-05,0.0,-2e-05,-5e-05,-2e-05,0.00012,-5e-05,0.0,0
56055,-1e-05,0.0,-2e-05,-5e-05,-2e-05,0.00012,-5e-05,0.0,0
56056,-1e-05,0.0,-2e-05,-5e-05,-2e-05,0.00012,-5e-05,0.0,0
56057,-2e-05,-1e-05,0.0,-6e-05,0.00011,-1e-05,0.0,0.0,0
56058,1e-05,-3e-05,-4e-05,2e-05,0.0,-1e-05,-2e-05,-1e-05,0
56059,1e-05,-3e-05,-4e-05,2e-05,0.0,-1e-05,-2e-05,-1e-05,0
56060,1e-05,-3e-05,-4e-05,2e-05,0.0,-1e-05,-2e-05,-1e-05,0
56061,1e-05,-3e-05,-4e-05,2e-05,0.0,-1e-05,-2e-05,-1e-05,0
56062,1e-05,-3e-05,-4e-05,2e-05,0.0,-1e-05,-2e-05,-1e-05,0
56063,1e-05,-3e-05,-4e-05,2e-05,0.0,-1e-05,-2e-05,-1e-05,0
56064,1e-05,-3e-05,-4e-05,2e-05,0.0,-1e-05,-2e-05,-1e-05,0
56065,1e-05,-3e-05,-4e-05,2e-05,0.0,-1e-05,-2e-05,-1e-05,0
56066,1e-05,-3e-05,-4e-05,2e-05,0.0,-1e-05,-2e-05,-1e-05,0
56067,1e-05,-3e-05,-4e-05,2e-05,0.0,-1e-05,-2e-05,-1e-05,0
56068,1e-05,-3e-05,-4e-05,2e-05,0.0,-1e-05,-2e-05,-1e-05,0
56069,1e-05,-3e-05,-4e-05,2e-05,0.0,-1e-05,-2e-05,-1e-05,0
56070,1e-05,-3e-05,-4e-05,2e-05,0.0,-1e-05,-2e-05,-1e-05,0
56071,1e-05,-3e-05,-4e-05,2e-05,0.0,-1e-05,-2e-05,-1e-05,0
56072,1e-05,-3e-05,-4e-05,2e-05,0.0,-1e-05,-2e-05,-1e-05,0
56073,1e-05,-3e-05,-4e-05,2e-05,0.0,-1e-05,-2e-05,-1e-05,0
56074,1e-05,-3e-05,-4e-05,2e-05,0.0,-1e-05,-2e-05,-1e-05,0
56075,1e-05,-3e-05,-4e-05,2e-05,0.0,-1e-05,-2e-05,-1e-05,0
56076,1e-05,-3e-05,-4e-05,2e-05,0.0,-1e-05,-2e-05,-1e-05,0
56077,1e-05,-3e-05,-4e-05,2e-05,0.0,-1e-05,-2e-05,-1e-05,0
56078,1e-05,-3e-05,-4e-05,2e-05,0.0,-1e-05,-2e-05,-1e-05,0
56079,1e-05,-3e-05,-4e-05,2e-05,0.0,-1e-05,-2e-05,-1e-05,0
56080,-3e-05,-1e-05,2e-05,5e-05,0.0001,0.0,1e-05,0.0,0
56081,-3e-05,-4e-05,-6e-05,-7e-05,-0.0001,-2e-05,-1e-05,-2e-05,0
56082,-3e-05,-4e-05,-6e-05,-7e-05,-0.0001,-2e-05,-1e-05,-2e-05,0
56083,-3e-05,-4e-05,-6e-05,-7e-05,-0.0001,-2e-05,-1e-05,-2e-05,0
56084,-3e-05,-4e-05,-6e-05,-7e-05,-0.0001,-2e-05,-1e-05,-2e-05,0
56085,-3e-05,-4e-05,-6e-05,-7e-05,-0.0001,-2e-05,-1e-05,-2e-05,0
56086,-3e-05,-4e-05,-6e-05,-7e-05,-0.0001,-2e-05,-1e-05,-2e-05,0
56088,-3e-05,-4e-05,-6e-05,-7e-05,-0.0001,-2e-05,-1e-05,-2e-05,0
56089,-3e-05,-4e-05,-6e-05,-7e-05,-0.0001,-2e-05,-1e-05,-2e-05,0
56090,-3e-05,-4e-05,-6e-05,-7e-05,-0.0001,-2e-05,-1e-05,-2e-05,0
56091,-3e-05,-4e-05,-6e-05,-7e-05,-0.0001,-2e-05,-1e-05,-2e-05,0
56092,-3e-05,-4e-05,-6e-05,-7e-05,-0.0001,-2e-05,-1e-05,-2e-05,0
56093,-3e-05,-4e-05,-6e-05,-7e-05,-0.0001,-2e-05,-1e-05,-2e-05,0
56094,-3e-05,-4e-05,-6e-05,-7e-05,-0.0001,-2e-05,-1e-05,-2e-05,0
56095,0.0,2e-05,3e-05,2e-05,-4e-05,1e-05,2e-05,0.0,0
56096,0.0,2e-05,3e-05,2e-05,-4e-05,1e-05,2e-05,0.0,0
56097,0.0,2e-05,3e-05,2e-05,-4e-05,1e-05,2e-05,0.0,0
56098,0.0,2e-05,3e-05,2e-05,-4e-05,1e-05,2e-05,0.0,0
56099,0.0,2e-05,3e-05,2e-05,-4e-05,1e-05,2e-05,0.0,0
56100,0.0,2e-05,3e-05,2e-05,-4e-05,1e-05,2e-05,0.0,0
56101,0.0,2e-05,3e-05,2e-05,-4e-05,1e-05,2e-05,0.0,0
56102,0.0,2e-05,3e-05,2e-05,-4e-05,1e-05,2e-05,0.0,0
56104,0.0,2e-05,3e-05,2e-05,-4e-05,1e-05,2e-05,0.0,0
56105,0.0,2e-05,3e-05,2e-05,-4e-05,1e-05,2e-05,0.0,0
56106,0.0,2e-05,3e-05,2e-05,-4e-05,1e-05,2e-05,0.0,0
56107,0.0,2e-05,3e-05,2e-05,-4e-05,1e-05,2e-05,0.0,0
56108,0.0,2e-05,3e-05,2e-05,-4e-05,1e-05,2e-05,0.0,0
56109,0.0,2e-05,3e-05,2e-05,-4e-05,1e-05,2e-05,0.0,0
56110,0.0,2e-05,3e-05,2e-05,-4e-05,1e-05,2e-05,0.0,0
56111,0.0,2e-05,3e-05,2e-05,-4e-05,1e-05,2e-05,0.0,0
56112,0.0,2e-05,3e-05,2e-05,-4e-05,1e-05,2e-05,0.0,0
56113,0.0,2e-05,3e-05,2e-05,-4e-05,1e-05,2e-05,0.0,0
56114,0.0,2e-05,3e-05,2e-05,-4e-05,1e-05,2e-05,0.0,0
56115,0.0,2e-05,3e-05,2e-05,-4e-05,1e-05,2e-05,0.0,0
56116,0.0,2e-05,3e-05,2e-05,-4e-05,1e-05,2e-05,0.0,0
56117,-3e-05,-3e-05,-2e-05,-4e-05,-6e-05,-4e-05,-2e-05,0.0,0
56118,-4e-05,-6e-05,-9e-05,-0.00016,-0.00019,-8e-05,0.0,-2e-05,0
56119,-4e-05,-6e-05,-9e-05,-0.00016,-0.00019,-8e-05,0.0,-2e-05,0
56120,-4e-05,-6e-05,-9e-05,-0.00016,-0.00019,-8e-05,0.0,-2e-05,0
56121,-4e-05,-6e-05,-9e-05,-0.00016,-0.00019,-8e-05,0.0,-2e-05,0
56122,-4e-05,-6e-05,-9e-05,-0.00016,-0.00019,-8e-05,0.0,-2e-05,0
56123,-4e-05,-6e-05,-9e-05,-0.00016,-0.00019,-8e-05,0.0,-2e-05,0
56124,-4e-05,-6e-05,-9e-05,-0.00016,-0.00019,-8e-05,0.0,-2e-05,0
56125,-4e-05,-6e-05,-9e-05,-0.00016,-0.00019,-8e-05,0.0,-2e-05,0
56126,-4e-05,-6e-05,-9e-05,-0.00016,-0.00019,-8e-05,0.0,-2e-05,0
56127,-4e-05,-6e-05,-9e-05,-0.00016,-0.00019,-8e-05,0.0,-2e-05,0
56128,-4e-05,-6e-05,-9e-05,-0.00016,-0.00019,-8e-05,0.0,-2e-05,0
56129,-4e-05,-6e-05,-9e-05,-0.00016,-0.00019,-8e-05,0.0,-2e-05,0
56130,-4e-05,-6e-05,-9e-05,-0.00016,-0.00019,-8e-05,0.0,-2e-05,0
56131,-4e-05,-6e-05,-9e-05,-0.00016,-0.00019,-8e-05,0.0,-2e-05,0
56132,-4e-05,-6e-05,-9e-05,-0.00016,-0.00019,-8e-05,0.0,-2e-05,0
56133,-4e-05,-6e-05,-9e-05,-0.00016,-0.00019,-8e-05,0.0,-2e-05,0
56134,-4e-05,-6e-05,-9e-05,-0.00016,-0.00019,-8e-05,0.0,-2e-05,0
56135,-4e-05,-6e-05,-9e-05,-0.00016,-0.00019,-8e-05,0.0,-2e-05,0
56136,-4e-05,-6e-05,-9e-05,-0.00016,-0.00019,-8e-05,0.0,-2e-05,0
56138,-4e-05,-6e-05,-9e-05,-0.00016,-0.00019,-8e-05,0.0,-2e-05,0
56139,-4e-05,-6e-05,-9e-05,-0.00016,-0.00019,-8e-05,0.0,-2e-05,0
56140,-1e-05,-2e-05,4e-05,1e-05,5e-05,-1e-05,-1e-05,0.0,0
56141,-2e-05,-1e-05,1e-05,0.00012,9e-05,-5e-05,1e-05,-1e-05,0
56143,-2e-05,-1e-05,1e-05,0.00012,9e-05,-5e-05,1e-05,-1e-05,0
56144,-2e-05,-1e-05,1e-05,0.00012,9e-05,-5e-05,1e-05,-1e-05,0
56145,-2e-05,-1e-05,1e-05,0.00012,9e-05,-5e-05,1e-05,-1e-05,0
56146,-2e-05,-1e-05,1e-05,0.00012,9e-05,-5e-05,1e-05,-1e-05,0
56147,-2e-05,-1e-05,1e-05,0.00012,9e-05,-5e-05,1e-05,-1e-05,0
56148,-2e-05,-1e-05,1e-05,0.00012,9e-05,-5e-05,1e-05,-1e-05,0
56149,-2e-05,-1e-05,1e-05,0.00012,9e-05,-5e-05,1e-05,-1e-05,0
56150,-2e-05,-1e-05,1e-05,0.00012,9e-05,-5e-05,1e-05,-1e-05,0
56151,-2e-05,-1e-05,1e-05,0.00012,9e-05,-5e-05,1e-05,-1e-05,0
56152,-2e-05,-1e-05,1e-05,0.00012,9e-05,-5e-05,1e-05,-1e-05,0
56154,-2e-05,-1e-05,1e-05,0.00012,9e-05,-5e-05,1e-05,-1e-05,0
56155,0.0,-4e-05,-5e-05,-0.00014,-4e-05,2e-05,0.0,0.0,0
56156,0.0,-4e-05,-5e-05,-0.00014,-4e-05,2e-05,0.0,0.0,0
56157,0.0,-4e-05,-5e-05,-0.00014,-4e-05,2e-05,0.0,0.0,0
56158,0.0,-4e-05,-5e-05,-0.00014,-4e-05,2e-05,0.0,0.0,0
56159,0.0,-4e-05,-5e-05,-0.00014,-4e-05,2e-05,0.0,0.0,0
56160,0.0,-4e-05,-5e-05,-0.00014,-4e-05,2e-05,0.0,0.0,0
56161,0.0,-4e-05,-5e-05,-0.00014,-4e-05,2e-05,0.0,0.0,0
56162,0.0,-4e-05,-5e-05,-0.00014,-4e-05,2e-05,0.0,0.0,0
56163,0.0,-4e-05,-5e-05,-0.00014,-4e-05,2e-05,0.0,0.0,0
56164,0.0,-4e-05,-5e-05,-0.00014,-4e-05,2e-05,0.0,0.0,0
56165,0.0,-4e-05,-5e-05,-0.00014,-4e-05,2e-05,0.0,0.0,0
56166,0.0,-4e-05,-5e-05,-0.00014,-4e-05,2e-05,0.0,0.0,0
56167,0.0,-4e-05,-5e-05,-0.00014,-4e-05,2e-05,0.0,0.0,0
56168,0.0,-4e-05,-5e-05,-0.00014,-4e-05,2e-05,0.0,0.0,0
56169,0.0,-4e-05,-5e-05,-0.00014,-4e-05,2e-05,0.0,0.0,0
56170,0.0,-4e-05,-5e-05,-0.00014,-4e-05,2e-05,0.0,0.0,0
56171,0.0,-4e-05,-5e-05,-0.00014,-4e-05,2e-05,0.0,0.0,0
56172,0.0,-4e-05,-5e-05,-0.00014,-4e-05,2e-05,0.0,0.0,0
56173,0.0,-4e-05,-5e-05,-0.00014,-4e-05,2e-05,0.0,0.0,0
56174,0.0,-4e-05,-5e-05,-0.00014,-4e-05,2e-05,0.0,0.0,0
56175,0.0,-4e-05,-5e-05,-0.00014,-4e-05,2e-05,0.0,0.0,0
56176,0.0,-4e-05,-5e-05,-0.00014,-4e-05,2e-05,0.0,0.0,0
56177,0.0,-2e-05,-6e-05,-0.00014,-4e-05,-2e-05,0.0,-2e-05,0
56178,0.0,0.0,5e-05,6e-05,-5e-05,2e-05,-1e-05,-1e-05,0
56179,0.0,0.0,5e-05,6e-05,-5e-05,2e-05,-1e-05,-1e-05,0
56180,0.0,0.0,5e-05,6e-05,-5e-05,2e-05,-1e-05,-1e-05,0
56181,0.0,0.0,5e-05,6e-05,-5e-05,2e-05,-1e-05,-1e-05,0
56182,0.0,0.0,5e-05,6e-05,-5e-05,2e-05,-1e-05,-1e-05,0
56183,0.0,0.0,5e-05,6e-05,-5e-05,2e-05,-1e-05,-1e-05,0
56184,0.0,0.0,5e-05,6e-05,-5e-05,2e-05,-1e-05,-1e-05,0
56185,0.0,0.0,5e-05,6e-05,-5e-05,2e-05,-1e-05,-1e-05,0
56186,0.0,0.0,5e-05,6e-05,-5e-05,2e-05,-1e-05,-1e-05,0
56189,0.0,0.0,5e-05,6e-05,-5e-05,2e-05,-1e-05,-1e-05,0
56190,0.0,0.0,5e-05,6e-05,-5e-05,2e-05,-1e-05,-1e-05,0
56191,0.0,0.0,5e-05,6e-05,-5e-05,2e-05,-1e-05,-1e-05,0
56192,0.0,0.0,5e-05,6e-05,-5e-05,2e-05,-1e-05,-1e-05,0
56193,0.0,0.0,5e-05,6e-05,-5e-05,2e-05,-1e-05,-1e-05,0
56194,0.0,0.0,5e-05,6e-05,-5e-05,2e-05,-1e-05,-1e-05,0
56195,0.0,0.0,5e-05,6e-05,-5e-05,2e-05,-1e-05,-1e-05,0
56196,0.0,0.0,5e-05,6e-05,-5e-05,2e-05,-1e-05,-1e-05,0
56197,0.0,0.0,5e-05,6e-05,-5e-05,2e-05,-1e-05,-1e-05,0
56198,0.0,0.0,5e-05,6e-05,-5e-05,2e-05,-1e-05,-1e-05,0
56199,0.0,0.0,5e-05,6e-05,-5e-05,2e-05,-1e-05,-1e-05,0
56200,-3e-05,-6e-05,-0.00012,-3e-05,-0.00012,5e-05,-1e-05,-1e-05,0
56201,0.0,1e-05,3e-05,0.00011,0.00043,3e-05,-1e-05,-1e-05,0
56202,0.0,1e-05,3e-05,0.00011,0.00043,3e-05,-1e-05,-1e-05,0
56204,0.0,1e-05,3e-05,0.00011,0.00043,3e-05,-1e-05,-1e-05,0
56205,0.0,1e-05,3e-05,0.00011,0.00043,3e-05,-1e-05,-1e-05,0
56206,0.0,1e-05,3e-05,0.00011,0.00043,3e-05,-1e-05,-1e-05,0
56207,0.0,1e-05,3e-05,0.00011,0.00043,3e-05,-1e-05,-1e-05,0
56208,0.0,1e-05,3e-05,0.00011,0.00043,3e-05,-1e-05,-1e-05,0
56209,0.0,1e-05,3e-05,0.00011,0.00043,3e-05,-1e-05,-1e-05,0
56210,0.0,1e-05,3e-05,0.00011,0.00043,3e-05,-1e-05,-1e-05,0
56211,0.0,1e-05,3e-05,0.00011,0.00043,3e-05,-1e-05,-1e-05,0
56212,0.0,1e-05,3e-05,0.00011,0.00043,3e-05,-1e-05,-1e-05,0
56213,0.0,1e-05,3e-05,0.00011,0.00043,3e-05,-1e-05,-1e-05,0
56214,1e-05,3e-05,5e-05,-3e-05,-0.00032,3e-05,0.0,0.0,0
56215,1e-05,3e-05,5e-05,-3e-05,-0.00032,3e-05,0.0,0.0,0
56216,1e-05,3e-05,5e-05,-3e-05,-0.00032,3e-05,0.0,0.0,0
56217,1e-05,3e-05,5e-05,-3e-05,-0.00032,3e-05,0.0,0.0,0
56218,1e-05,3e-05,5e-05,-3e-05,-0.00032,3e-05,0.0,0.0,0
56219,1e-05,3e-05,5e-05,-3e-05,-0.00032,3e-05,0.0,0.0,0
56220,1e-05,3e-05,5e-05,-3e-05,-0.00032,3e-05,0.0,0.0,0
56221,1e-05,3e-05,5e-05,-3e-05,-0.00032,3e-05,0.0,0.0,0
56222,1e-05,3e-05,5e-05,-3e-05,-0.00032,3e-05,0.0,0.0,0
56223,1e-05,3e-05,5e-05,-3e-05,-0.00032,3e-05,0.0,0.0,0
56224,1e-05,3e-05,5e-05,-3e-05,-0.00032,3e-05,0.0,0.0,0
56225,1e-05,3e-05,5e-05,-3e-05,-0.00032,3e-05,0.0,0.0,0
56226,1e-05,3e-05,5e-05,-3e-05,-0.00032,3e-05,0.0,0.0,0
56227,1e-05,3e-05,5e-05,-3e-05,-0.00032,3e-05,0.0,0.0,0
56228,1e-05,3e-05,5e-05,-3e-05,-0.00032,3e-05,0.0,0.0,0
56229,1e-05,3e-05,5e-05,-3e-05,-0.00032,3e-05,0.0,0.0,0
56230,0.0,-2e-05,-2e-05,-2e-05,-8e-05,-2e-05,-2e-05,-1e-05,0
56231,0.0,-2e-05,-2e-05,-2e-05,-8e-05,-2e-05,-2e-05,-1e-05,0
56232,0.0,-2e-05,-2e-05,-2e-05,-8e-05,-2e-05,-2e-05,-1e-05,0
56233,0.0,-2e-05,-2e-05,-2e-05,-8e-05,-2e-05,-2e-05,-1e-05,0
56234,0.0,-2e-05,-2e-05,-2e-05,-8e-05,-2e-05,-2e-05,-1e-05,0
56235,0.0,-2e-05,-2e-05,-2e-05,-8e-05,-2e-05,-2e-05,-1e-05,0
56236,0.0,-2e-05,-2e-05,-2e-05,-8e-05,-2e-05,-2e-05,-1e-05,0
56239,2e-05,2e-05,2e-05,3e-05,-4e-05,6e-05,-2e-05,0.0,0
56240,2e-05,2e-05,2e-05,3e-05,-4e-05,6e-05,-2e-05,0.0,0
56241,2e-05,2e-05,2e-05,3e-05,-4e-05,6e-05,-2e-05,0.0,0
56242,2e-05,2e-05,2e-05,3e-05,-4e-05,6e-05,-2e-05,0.0,0
56243,2e-05,2e-05,2e-05,3e-05,-4e-05,6e-05,-2e-05,0.0,0
56244,2e-05,2e-05,2e-05,3e-05,-4e-05,6e-05,-2e-05,0.0,0
56245,2e-05,2e-05,2e-05,3e-05,-4e-05,6e-05,-2e-05,0.0,0
56246,2e-05,2e-05,2e-05,3e-05,-4e-05,6e-05,-2e-05,0.0,0
56247,2e-05,2e-05,2e-05,3e-05,-4e-05,6e-05,-2e-05,0.0,0
56248,2e-05,2e-05,2e-05,3e-05,-4e-05,6e-05,-2e-05,0.0,0
56249,2e-05,2e-05,2e-05,3e-05,-4e-05,6e-05,-2e-05,0.0,0
56250,2e-05,2e-05,2e-05,3e-05,-4e-05,6e-05,-2e-05,0.0,0
56251,2e-05,2e-05,2e-05,3e-05,-4e-05,6e-05,-2e-05,0.0,0
56252,2e-05,2e-05,2e-05,3e-05,-4e-05,6e-05,-2e-05,0.0,0
56254,2e-05,2e-05,2e-05,3e-05,-4e-05,6e-05,-2e-05,0.0,0
56255,2e-05,2e-05,2e-05,3e-05,-4e-05,6e-05,-2e-05,0.0,0
56256,2e-05,2e-05,2e-05,3e-05,-4e-05,6e-05,-2e-05,0.0,0
56257,2e-05,2e-05,2e-05,3e-05,-4e-05,6e-05,-2e-05,0.0,0
56258,2e-05,2e-05,2e-05,3e-05,-4e-05,6e-05,-2e-05,0.0,0
56259,2e-05,2e-05,2e-05,3e-05,-4e-05,6e-05,-2e-05,0.0,0
56260,-2e-05,-5e-05,-6e-05,-8e-05,-8e-05,-2e-05,-2e-05,-2e-05,0
56261,-4e-05,-2e-05,0.0,-3e-05,-1e-05,-4e-05,-1e-05,-1e-05,0
56262,-4e-05,-2e-05,0.0,-3e-05,-1e-05,-4e-05,-1e-05,-1e-05,0
56263,-4e-05,-2e-05,0.0,-3e-05,-1e-05,-4e-05,-1e-05,-1e-05,0
56264,-4e-05,-2e-05,0.0,-3e-05,-1e-05,-4e-05,-1e-05,-1e-05,0
56265,-4e-05,-2e-05,0.0,-3e-05,-1e-05,-4e-05,-1e-05,-1e-05,0
56266,-4e-05,-2e-05,0.0,-3e-05,-1e-05,-4e-05,-1e-05,-1e-05,0
56267,-4e-05,-2e-05,0.0,-3e-05,-1e-05,-4e-05,-1e-05,-1e-05,0
56268,-4e-05,-2e-05,0.0,-3e-05,-1e-05,-4e-05,-1e-05,-1e-05,0
56269,-4e-05,-2e-05,0.0,-3e-05,-1e-05,-4e-05,-1e-05,-1e-05,0
56270,-4e-05,-2e-05,0.0,-3e-05,-1e-05,-4e-05,-1e-05,-1e-05,0
56271,-4e-05,-2e-05,0.0,-3e-05,-1e-05,-4e-05,-1e-05,-1e-05,0
56272,-4e-05,-2e-05,0.0,-3e-05,-1e-05,-4e-05,-1e-05,-1e-05,0
56273,-4e-05,-2e-05,0.0,-3e-05,-1e-05,-4e-05,-1e-05,-1e-05,0
56274,2e-05,0.0,-1e-05,8e-05,0.00019,0.0,1e-05,-1e-05,0
56275,2e-05,0.0,-1e-05,8e-05,0.00019,0.0,1e-05,-1e-05,0
56276,2e-05,0.0,-1e-05,8e-05,0.00019,0.0,1e-05,-1e-05,0
56277,2e-05,0.0,-1e-05,8e-05,0.00019,0.0,1e-05,-1e-05,0
56278,2e-05,0.0,-1e-05,8e-05,0.00019,0.0,1e-05,-1e-05,0
56279,2e-05,0.0,-1e-05,8e-05,0.00019,0.0,1e-05,-1e-05,0
56280,2e-05,0.0,-1e-05,8e-05,0.00019,0.0,1e-05,-1e-05,0
56281,2e-05,0.0,-1e-05,8e-05,0.00019,0.0,1e-05,-1e-05,0
56282,1e-05,2e-05,1e-05,-3e-05,-2e-05,-5e-05,-2e-05,-3e-05,0
56283,1e-05,2e-05,1e-05,-3e-05,-2e-05,-5e-05,-2e-05,-3e-05,0
56285,1e-05,2e-05,1e-05,-3e-05,-2e-05,-5e-05,-2e-05,-3e-05,0
56286,1e-05,2e-05,1e-05,-3e-05,-2e-05,-5e-05,-2e-05,-3e-05,0
56288,1e-05,2e-05,1e-05,-3e-05,-2e-05,-5e-05,-2e-05,-3e-05,0
56289,1e-05,2e-05,1e-05,-3e-05,-2e-05,-5e-05,-2e-05,-3e-05,0
56290,1e-05,2e-05,1e-05,-3e-05,-2e-05,-5e-05,-2e-05,-3e-05,0
56291,1e-05,2e-05,1e-05,-3e-05,-2e-05,-5e-05,-2e-05,-3e-05,0
56292,1e-05,2e-05,1e-05,-3e-05,-2e-05,-5e-05,-2e-05,-3e-05,0
56293,1e-05,2e-05,1e-05,-3e-05,-2e-05,-5e-05,-2e-05,-3e-05,0
56294,1e-05,2e-05,1e-05,-3e-05,-2e-05,-5e-05,-2e-05,-3e-05,0
56295,1e-05,2e-05,1e-05,-3e-05,-2e-05,-5e-05,-2e-05,-3e-05,0
56296,1e-05,2e-05,1e-05,-3e-05,-2e-05,-5e-05,-2e-05,-3e-05,0
56297,-1e-05,0.0,2e-05,-1e-05,-3e-05,-2e-05,-2e-05,-2e-05,0
56298,-4e-05,-5e-05,-6e-05,-9e-05,-2e-05,4e-05,0.0,-2e-05,0
56299,-4e-05,-5e-05,-6e-05,-9e-05,-2e-05,4e-05,0.0,-2e-05,0
56300,-4e-05,-5e-05,-6e-05,-9e-05,-2e-05,4e-05,0.0,-2e-05,0
56301,-4e-05,-5e-05,-6e-05,-9e-05,-2e-05,4e-05,0.0,-2e-05,0
56302,-4e-05,-5e-05,-6e-05,-9e-05,-2e-05,4e-05,0.0,-2e-05,0
56304,-4e-05,-5e-05,-6e-05,-9e-05,-2e-05,4e-05,0.0,-2e-05,0
56305,-4e-05,-5e-05,-6e-05,-9e-05,-2e-05,4e-05,0.0,-2e-05,0
56306,-4e-05,-5e-05,-6e-05,-9e-05,-2e-05,4e-05,0.0,-2e-05,0
56307,-4e-05,-5e-05,-6e-05,-9e-05,-2e-05,4e-05,0.0,-2e-05,0
56308,-4e-05,-5e-05,-6e-05,-9e-05,-2e-05,4e-05,0.0,-2e-05,0
56309,-4e-05,-5e-05,-6e-05,-9e-05,-2e-05,4e-05,0.0,-2e-05,0
56310,-4e-05,-5e-05,-6e-05,-9e-05,-2e-05,4e-05,0.0,-2e-05,0
56311,-4e-05,-5e-05,-6e-05,-9e-05,-2e-05,4e-05,0.0,-2e-05,0
56312,-4e-05,-5e-05,-6e-05,-9e-05,-2e-05,4e-05,0.0,-2e-05,0
56313,-4e-05,-5e-05,-6e-05,-9e-05,-2e-05,4e-05,0.0,-2e-05,0
56314,-4e-05,-5e-05,-6e-05,-9e-05,-2e-05,4e-05,0.0,-2e-05,0
56315,-4e-05,-5e-05,-6e-05,-9e-05,-2e-05,4e-05,0.0,-2e-05,0
56316,-4e-05,-5e-05,-6e-05,-9e-05,-2e-05,4e-05,0.0,-2e-05,0
56317,-4e-05,-5e-05,-6e-05,-9e-05,-2e-05,4e-05,0.0,-2e-05,0
56318,-4e-05,-5e-05,-6e-05,-9e-05,-2e-05,4e-05,0.0,-2e-05,0
56319,-4e-05,-5e-05,-6e-05,-9e-05,-2e-05,4e-05,0.0,-2e-05,0
56320,-2e-05,0.0,-1e-05,-1e-05,-0.00029,-3e-05,-3e-05,-1e-05,0
56321,-3e-05,-5e-05,-4e-05,0.0,0.00016,2e-05,0.0,2e-05,0
56322,-3e-05,-5e-05,-4e-05,0.0,0.00016,2e-05,0.0,2e-05,0
56323,-3e-05,-5e-05,-4e-05,0.0,0.00016,2e-05,0.0,2e-05,0
56324,-3e-05,-5e-05,-4e-05,0.0,0.00016,2e-05,0.0,2e-05,0
56325,-3e-05,-5e-05,-4e-05,0.0,0.00016,2e-05,0.0,2e-05,0
56326,-3e-05,-5e-05,-4e-05,0.0,0.00016,2e-05,0.0,2e-05,0
56327,-3e-05,-5e-05,-4e-05,0.0,0.00016,2e-05,0.0,2e-05,0
56328,-3e-05,-5e-05,-4e-05,0.0,0.00016,2e-05,0.0,2e-05,0
56329,-3e-05,-5e-05,-4e-05,0.0,0.00016,2e-05,0.0,2e-05,0
56330,-3e-05,-5e-05,-4e-05,0.0,0.00016,2e-05,0.0,2e-05,0
56331,-3e-05,-5e-05,-4e-05,0.0,0.00016,2e-05,0.0,2e-05,0
56332,-3e-05,-5e-05,-4e-05,0.0,0.00016,2e-05,0.0,2e-05,0
56333,-3e-05,-5e-05,-4e-05,0.0,0.00016,2e-05,0.0,2e-05,0
56334,-2e-05,-2e-05,-4e-05,1e-05,5e-05,-4e-05,-2e-05,-3e-05,0
56335,-2e-05,-2e-05,-4e-05,1e-05,5e-05,-4e-05,-2e-05,-3e-05,0
56336,-2e-05,-2e-05,-4e-05,1e-05,5e-05,-4e-05,-2e-05,-3e-05,0
56338,-2e-05,-2e-05,-4e-05,1e-05,5e-05,-4e-05,-2e-05,-3e-05,0
56339,-2e-05,-2e-05,-4e-05,1e-05,5e-05,-4e-05,-2e-05,-3e-05,0
56340,-2e-05,-2e-05,-4e-05,1e-05,5e-05,-4e-05,-2e-05,-3e-05,0
56341,-2e-05,-2e-05,-4e-05,1e-05,5e-05,-4e-05,-2e-05,-3e-05,0
56342,-2e-05,-2e-05,-4e-05,1e-05,5e-05,-4e-05,-2e-05,-3e-05,0
56343,-2e-05,-2e-05,-4e-05,1e-05,5e-05,-4e-05,-2e-05,-3e-05,0
56344,-2e-05,-2e-05,-4e-05,1e-05,5e-05,-4e-05,-2e-05,-3e-05,0
56345,-2e-05,-2e-05,-4e-05,1e-05,5e-05,-4e-05,-2e-05,-3e-05,0
56346,-2e-05,-2e-05,-4e-05,1e-05,5e-05,-4e-05,-2e-05,-3e-05,0
56347,-2e-05,-2e-05,-4e-05,1e-05,5e-05,-4e-05,-2e-05,-3e-05,0
56348,-2e-05,-2e-05,-4e-05,1e-05,5e-05,-4e-05,-2e-05,-3e-05,0
56349,-2e-05,-2e-05,-4e-05,1e-05,5e-05,-4e-05,-2e-05,-3e-05,0
56350,-1e-05,0.0,5e-05,1e-05,-3e-05,-1e-05,-3e-05,-2e-05,0
56351,-1e-05,1e-05,2e-05,-4e-05,-6e-05,-4e-05,0.0,0.0,0
56352,-1e-05,1e-05,2e-05,-4e-05,-6e-05,-4e-05,0.0,0.0,0
56354,-1e-05,1e-05,2e-05,-4e-05,-6e-05,-4e-05,0.0,0.0,0
56355,-1e-05,1e-05,2e-05,-4e-05,-6e-05,-4e-05,0.0,0.0,0
56356,-1e-05,1e-05,2e-05,-4e-05,-6e-05,-4e-05,0.0,0.0,0
56357,0.0,-1e-05,-3e-05,-3e-05,-3e-05,3e-05,0.0,0.0,0
56358,1e-05,2e-05,4e-05,2e-05,-3e-05,-1e-05,0.0,-1e-05,0
56359,1e-05,2e-05,4e-05,2e-05,-3e-05,-1e-05,0.0,-1e-05,0
56360,1e-05,2e-05,4e-05,2e-05,-3e-05,-1e-05,0.0,-1e-05,0
56361,1e-05,2e-05,4e-05,2e-05,-3e-05,-1e-05,0.0,-1e-05,0
56362,1e-05,2e-05,4e-05,2e-05,-3e-05,-1e-05,0.0,-1e-05,0
56363,1e-05,2e-05,4e-05,2e-05,-3e-05,-1e-05,0.0,-1e-05,0
56364,1e-05,2e-05,4e-05,2e-05,-3e-05,-1e-05,0.0,-1e-05,0
56365,1e-05,2e-05,4e-05,2e-05,-3e-05,-1e-05,0.0,-1e-05,0
56366,1e-05,2e-05,4e-05,2e-05,-3e-05,-1e-05,0.0,-1e-05,0
56367,1e-05,2e-05,4e-05,2e-05,-3e-05,-1e-05,0.0,-1e-05,0
56368,1e-05,2e-05,4e-05,2e-05,-3e-05,-1e-05,0.0,-1e-05,0
56369,1e-05,2e-05,4e-05,2e-05,-3e-05,-1e-05,0.0,-1e-05,0
56370,1e-05,2e-05,4e-05,2e-05,-3e-05,-1e-05,0.0,-1e-05,0
56371,1e-05,2e-05,4e-05,2e-05,-3e-05,-1e-05,0.0,-1e-05,0
56372,1e-05,2e-05,4e-05,2e-05,-3e-05,-1e-05,0.0,-1e-05,0
56373,1e-05,2e-05,4e-05,2e-05,-3e-05,-1e-05,0.0,-1e-05,0
56374,1e-05,2e-05,4e-05,2e-05,-3e-05,-1e-05,0.0,-1e-05,0
56375,1e-05,2e-05,4e-05,2e-05,-3e-05,-1e-05,0.0,-1e-05,0
56376,1e-05,2e-05,4e-05,2e-05,-3e-05,-1e-05,0.0,-1e-05,0
56378,1e-05,2e-05,4e-05,2e-05,-3e-05,-1e-05,0.0,-1e-05,0
56379,1e-05,2e-05,4e-05,2e-05,-3e-05,-1e-05,0.0,-1e-05,0
56380,-2e-05,-4e-05,-6e-05,-3e-05,-2e-05,0.0,1e-05,-2e-05,0
56381,0.0,-2e-05,-1e-05,-2e-05,-3e-05,1e-05,0.0,0.0,0
56382,0.0,-2e-05,-1e-05,-2e-05,-3e-05,1e-05,0.0,0.0,0
56383,0.0,-2e-05,-1e-05,-2e-05,-3e-05,1e-05,0.0,0.0,0
56384,0.0,-2e-05,-1e-05,-2e-05,-3e-05,1e-05,0.0,0.0,0
56385,0.0,-2e-05,-1e-05,-2e-05,-3e-05,1e-05,0.0,0.0,0
56386,0.0,-2e-05,-1e-05,-2e-05,-3e-05,1e-05,0.0,0.0,0
56388,0.0,-2e-05,-1e-05,-2e-05,-3e-05,1e-05,0.0,0.0,0
56389,0.0,-2e-05,-1e-05,-2e-05,-3e-05,1e-05,0.0,0.0,0
56390,0.0,-2e-05,-1e-05,-2e-05,-3e-05,1e-05,0.0,0.0,0
56391,0.0,-2e-05,-1e-05,-2e-05,-3e-05,1e-05,0.0,0.0,0
56392,0.0,-2e-05,-1e-05,-2e-05,-3e-05,1e-05,0.0,0.0,0
56393,0.0,-2e-05,-1e-05,-2e-05,-3e-05,1e-05,0.0,0.0,0
56394,-1e-05,0.0,0.0,-1e-05,1e-05,-2e-05,-1e-05,-1e-05,0
56395,-1e-05,0.0,0.0,-1e-05,1e-05,-2e-05,-1e-05,-1e-05,0
56396,-1e-05,0.0,0.0,-1e-05,1e-05,-2e-05,-1e-05,-1e-05,0
56397,-1e-05,0.0,0.0,-1e-05,1e-05,-2e-05,-1e-05,-1e-05,0
56398,-1e-05,0.0,0.0,-1e-05,1e-05,-2e-05,-1e-05,-1e-05,0
56399,-1e-05,0.0,0.0,-1e-05,1e-05,-2e-05,-1e-05,-1e-05,0
56400,-1e-05,0.0,0.0,-1e-05,1e-05,-2e-05,-1e-05,-1e-05,0
56401,-1e-05,0.0,0.0,-1e-05,1e-05,-2e-05,-1e-05,-1e-05,0
56403,0.0,2e-05,5e-05,-4e-05,-6e-05,-2e-05,0.0,0.0,0
56404,0.0,2e-05,5e-05,-4e-05,-6e-05,-2e-05,0.0,0.0,0
56405,0.0,2e-05,5e-05,-4e-05,-6e-05,-2e-05,0.0,0.0,0
56406,0.0,2e-05,5e-05,-4e-05,-6e-05,-2e-05,0.0,0.0,0
56407,0.0,2e-05,5e-05,-4e-05,-6e-05,-2e-05,0.0,0.0,0
56408,0.0,2e-05,5e-05,-4e-05,-6e-05,-2e-05,0.0,0.0,0
56409,0.0,2e-05,5e-05,-4e-05,-6e-05,-2e-05,0.0,0.0,0
56410,0.0,2e-05,5e-05,-4e-05,-6e-05,-2e-05,0.0,0.0,0
56411,0.0,2e-05,5e-05,-4e-05,-6e-05,-2e-05,0.0,0.0,0
56412,0.0,2e-05,5e-05,-4e-05,-6e-05,-2e-05,0.0,0.0,0
56413,0.0,2e-05,5e-05,-4e-05,-6e-05,-2e-05,0.0,0.0,0
56414,0.0,2e-05,5e-05,-4e-05,-6e-05,-2e-05,0.0,0.0,0
56415,0.0,2e-05,5e-05,-4e-05,-6e-05,-2e-05,0.0,0.0,0
56416,0.0,2e-05,5e-05,-4e-05,-6e-05,-2e-05,0.0,0.0,0
56417,0.0,2e-05,5e-05,-4e-05,-6e-05,-2e-05,0.0,0.0,0
56418,-2e-05,1e-05,3e-05,2e-05,-3e-05,-1e-05,-1e-05,-1e-05,0
56419,-2e-05,1e-05,3e-05,2e-05,-3e-05,-1e-05,-1e-05,-1e-05,0
56420,-2e-05,1e-05,3e-05,2e-05,-3e-05,-1e-05,-1e-05,-1e-05,0
56421,-2e-05,1e-05,3e-05,2e-05,-3e-05,-1e-05,-1e-05,-1e-05,0
56422,-2e-05,1e-05,3e-05,2e-05,-3e-05,-1e-05,-1e-05,-1e-05,0
56423,-2e-05,1e-05,3e-05,2e-05,-3e-05,-1e-05,-1e-05,-1e-05,0
56424,-2e-05,1e-05,3e-05,2e-05,-3e-05,-1e-05,-1e-05,-1e-05,0
56425,-2e-05,1e-05,3e-05,2e-05,-3e-05,-1e-05,-1e-05,-1e-05,0
56426,-2e-05,1e-05,3e-05,2e-05,-3e-05,-1e-05,-1e-05,-1e-05,0
56427,-2e-05,1e-05,3e-05,2e-05,-3e-05,-1e-05,-1e-05,-1e-05,0
56428,-2e-05,1e-05,3e-05,2e-05,-3e-05,-1e-05,-1e-05,-1e-05,0
56429,-2e-05,1e-05,3e-05,2e-05,-3e-05,-1e-05,-1e-05,-1e-05,0
56430,-2e-05,1e-05,3e-05,2e-05,-3e-05,-1e-05,-1e-05,-1e-05,0
56431,-2e-05,1e-05,3e-05,2e-05,-3e-05,-1e-05,-1e-05,-1e-05,0
56432,-2e-05,1e-05,3e-05,2e-05,-3e-05,-1e-05,-1e-05,-1e-05,0
56433,-2e-05,1e-05,3e-05,2e-05,-3e-05,-1e-05,-1e-05,-1e-05,0
56434,-2e-05,1e-05,3e-05,2e-05,-3e-05,-1e-05,-1e-05,-1e-05,0
56435,-2e-05,1e-05,3e-05,2e-05,-3e-05,-1e-05,-1e-05,-1e-05,0
56436,-2e-05,1e-05,3e-05,2e-05,-3e-05,-1e-05,-1e-05,-1e-05,0
56438,-2e-05,1e-05,3e-05,2e-05,-3e-05,-1e-05,-1e-05,-1e-05,0
56439,-2e-05,1e-05,3e-05,2e-05,-3e-05,-1e-05,-1e-05,-1e-05,0
56440,-3e-05,-3e-05,-4e-05,-7e-05,-0.0001,-8e-05,-1e-05,0.0,0
56441,-2e-05,-4e-05,-2e-05,0.00016,3e-05,3e-05,1e-05,-2e-05,0
56442,-2e-05,-4e-05,-2e-05,0.00016,3e-05,3e-05,1e-05,-2e-05,0
56443,-2e-05,-4e-05,-2e-05,0.00016,3e-05,3e-05,1e-05,-2e-05,0
56444,-2e-05,-4e-05,-2e-05,0.00016,3e-05,3e-05,1e-05,-2e-05,0
56445,-2e-05,-4e-05,-2e-05,0.00016,3e-05,3e-05,1e-05,-2e-05,0
56446,-2e-05,-4e-05,-2e-05,0.00016,3e-05,3e-05,1e-05,-2e-05,0
56447,-2e-05,-4e-05,-2e-05,0.00016,3e-05,3e-05,1e-05,-2e-05,0
56448,-2e-05,-4e-05,-2e-05,0.00016,3e-05,3e-05,1e-05,-2e-05,0
56449,-2e-05,-4e-05,-2e-05,0.00016,3e-05,3e-05,1e-05,-2e-05,0
56450,-2e-05,-4e-05,-2e-05,0.00016,3e-05,3e-05,1e-05,-2e-05,0
56451,-2e-05,-4e-05,-2e-05,0.00016,3e-05,3e-05,1e-05,-2e-05,0
56452,-2e-05,-4e-05,-2e-05,0.00016,3e-05,3e-05,1e-05,-2e-05,0
56454,1e-05,3e-05,4e-05,-5e-05,-5e-05,-2e-05,-1e-05,0.0,0
56455,1e-05,3e-05,4e-05,-5e-05,-5e-05,-2e-05,-1e-05,0.0,0
56456,1e-05,3e-05,4e-05,-5e-05,-5e-05,-2e-05,-1e-05,0.0,0
56457,1e-05,3e-05,4e-05,-5e-05,-5e-05,-2e-05,-1e-05,0.0,0
56458,1e-05,3e-05,4e-05,-5e-05,-5e-05,-2e-05,-1e-05,0.0,0
56459,1e-05,3e-05,4e-05,-5e-05,-5e-05,-2e-05,-1e-05,0.0,0
56460,1e-05,3e-05,4e-05,-5e-05,-5e-05,-2e-05,-1e-05,0.0,0
56461,1e-05,3e-05,4e-05,-5e-05,-5e-05,-2e-05,-1e-05,0.0,0
56462,1e-05,3e-05,4e-05,-5e-05,-5e-05,-2e-05,-1e-05,0.0,0
56463,1e-05,3e-05,4e-05,-5e-05,-5e-05,-2e-05,-1e-05,0.0,0
56464,1e-05,3e-05,4e-05,-5e-05,-5e-05,-2e-05,-1e-05,0.0,0
56465,1e-05,3e-05,4e-05,-5e-05,-5e-05,-2e-05,-1e-05,0.0,0
56466,1e-05,3e-05,4e-05,-5e-05,-5e-05,-2e-05,-1e-05,0.0,0
56467,1e-05,3e-05,4e-05,-5e-05,-5e-05,-2e-05,-1e-05,0.0,0
56468,1e-05,3e-05,4e-05,-5e-05,-5e-05,-2e-05,-1e-05,0.0,0
56469,-2e-05,-2e-05,-3e-05,-0.00015,-0.00015,-5e-05,-3e-05,-1e-05,0
56470,-4e-05,-8e-05,-0.00013,-0.00014,-1e-05,-1e-05,-2e-05,-3e-05,0
56471,-4e-05,-8e-05,-0.00013,-0.00014,-1e-05,-1e-05,-2e-05,-3e-05,0
56472,-4e-05,-8e-05,-0.00013,-0.00014,-1e-05,-1e-05,-2e-05,-3e-05,0
56473,-4e-05,-8e-05,-0.00013,-0.00014,-1e-05,-1e-05,-2e-05,-3e-05,0
56474,-4e-05,-8e-05,-0.00013,-0.00014,-1e-05,-1e-05,-2e-05,-3e-05,0
56475,-4e-05,-8e-05,-0.00013,-0.00014,-1e-05,-1e-05,-2e-05,-3e-05,0
56476,-4e-05,-8e-05,-0.00013,-0.00014,-1e-05,-1e-05,-2e-05,-3e-05,0
56477,-4e-05,-8e-05,-0.00013,-0.00014,-1e-05,-1e-05,-2e-05,-3e-05,0
56478,0.0,0.0,0.0,-1e-05,1e-05,-2e-05,2e-05,-1e-05,0
56479,3e-05,2e-05,3e-05,4e-05,2e-05,-4e-05,-1e-05,0.0,0
56481,3e-05,2e-05,3e-05,4e-05,2e-05,-4e-05,-1e-05,0.0,0
56482,3e-05,2e-05,3e-05,4e-05,2e-05,-4e-05,-1e-05,0.0,0
56483,3e-05,2e-05,3e-05,4e-05,2e-05,-4e-05,-1e-05,0.0,0
56484,3e-05,2e-05,3e-05,4e-05,2e-05,-4e-05,-1e-05,0.0,0
56485,3e-05,2e-05,3e-05,4e-05,2e-05,-4e-05,-1e-05,0.0,0
56486,3e-05,2e-05,3e-05,4e-05,2e-05,-4e-05,-1e-05,0.0,0
56488,3e-05,2e-05,3e-05,4e-05,2e-05,-4e-05,-1e-05,0.0,0
56489,3e-05,2e-05,3e-05,4e-05,2e-05,-4e-05,-1e-05,0.0,0
56490,3e-05,2e-05,3e-05,4e-05,2e-05,-4e-05,-1e-05,0.0,0
56491,3e-05,2e-05,3e-05,4e-05,2e-05,-4e-05,-1e-05,0.0,0
56492,3e-05,2e-05,3e-05,4e-05,2e-05,-4e-05,-1e-05,0.0,0
56493,3e-05,2e-05,3e-05,4e-05,2e-05,-4e-05,-1e-05,0.0,0
56494,3e-05,2e-05,3e-05,4e-05,2e-05,-4e-05,-1e-05,0.0,0
56495,3e-05,2e-05,3e-05,4e-05,2e-05,-4e-05,-1e-05,0.0,0
56496,3e-05,2e-05,3e-05,4e-05,2e-05,-4e-05,-1e-05,0.0,0
56497,3e-05,2e-05,3e-05,4e-05,2e-05,-4e-05,-1e-05,0.0,0
56498,3e-05,2e-05,3e-05,4e-05,2e-05,-4e-05,-1e-05,0.0,0
56499,3e-05,2e-05,3e-05,4e-05,2e-05,-4e-05,-1e-05,0.0,0
56500,-5e-05,-7e-05,-5e-05,-7e-05,-7e-05,-3e-05,0.0,0.0,0
56501,-5e-05,-7e-05,-5e-05,-7e-05,-7e-05,-3e-05,0.0,0.0,0
56503,0.0,3e-05,1e-05,-5e-05,-3e-05,-4e-05,-4e-05,-3e-05,0
56504,0.0,3e-05,1e-05,-5e-05,-3e-05,-4e-05,-4e-05,-3e-05,0
56505,0.0,3e-05,1e-05,-5e-05,-3e-05,-4e-05,-4e-05,-3e-05,0
56506,0.0,3e-05,1e-05,-5e-05,-3e-05,-4e-05,-4e-05,-3e-05,0
56507,0.0,3e-05,1e-05,-5e-05,-3e-05,-4e-05,-4e-05,-3e-05,0
56508,0.0,3e-05,1e-05,-5e-05,-3e-05,-4e-05,-4e-05,-3e-05,0
56509,0.0,3e-05,1e-05,-5e-05,-3e-05,-4e-05,-4e-05,-3e-05,0
56510,0.0,3e-05,1e-05,-5e-05,-3e-05,-4e-05,-4e-05,-3e-05,0
56511,0.0,3e-05,1e-05,-5e-05,-3e-05,-4e-05,-4e-05,-3e-05,0
56512,0.0,3e-05,1e-05,-5e-05,-3e-05,-4e-05,-4e-05,-3e-05,0
56513,0.0,3e-05,1e-05,-5e-05,-3e-05,-4e-05,-4e-05,-3e-05,0
56514,0.0,3e-05,1e-05,-5e-05,-3e-05,-4e-05,-4e-05,-3e-05,0
56515,0.0,3e-05,1e-05,-5e-05,-3e-05,-4e-05,-4e-05,-3e-05,0
56516,0.0,3e-05,1e-05,-5e-05,-3e-05,-4e-05,-4e-05,-3e-05,0
56517,0.0,3e-05,1e-05,-5e-05,-3e-05,-4e-05,-4e-05,-3e-05,0
56518,0.0,3e-05,1e-05,-5e-05,-3e-05,-4e-05,-4e-05,-3e-05,0
56519,0.0,3e-05,1e-05,-5e-05,-3e-05,-4e-05,-4e-05,-3e-05,0
56520,0.0,3e-05,1e-05,-5e-05,-3e-05,-4e-05,-4e-05,-3e-05,0
56521,0.0,3e-05,1e-05,-5e-05,-3e-05,-4e-05,-4e-05,-3e-05,0
56522,0.0,3e-05,1e-05,-5e-05,-3e-05,-4e-05,-4e-05,-3e-05,0
56523,-1e-05,-2e-05,-1e-05,3e-05,2e-05,-1e-05,-2e-05,-1e-05,0
56524,-3e-05,-1e-05,-2e-05,0.00013,-0.0001,0.0,-1e-05,0.0,0
56525,-3e-05,-1e-05,-2e-05,0.00013,-0.0001,0.0,-1e-05,0.0,0
56526,-3e-05,-1e-05,-2e-05,0.00013,-0.0001,0.0,-1e-05,0.0,0
56527,-3e-05,-1e-05,-2e-05,0.00013,-0.0001,0.0,-1e-05,0.0,0
56528,-3e-05,-1e-05,-2e-05,0.00013,-0.0001,0.0,-1e-05,0.0,0
56529,-3e-05,-1e-05,-2e-05,0.00013,-0.0001,0.0,-1e-05,0.0,0
56530,-3e-05,-1e-05,-2e-05,0.00013,-0.0001,0.0,-1e-05,0.0,0
56531,-3e-05,-1e-05,-2e-05,0.00013,-0.0001,0.0,-1e-05,0.0,0
56532,-3e-05,-1e-05,-2e-05,0.00013,-0.0001,0.0,-1e-05,0.0,0
56533,-3e-05,-1e-05,-2e-05,0.00013,-0.0001,0.0,-1e-05,0.0,0
56534,-3e-05,-1e-05,-2e-05,0.00013,-0.0001,0.0,-1e-05,0.0,0
56535,-3e-05,-1e-05,-2e-05,0.00013,-0.0001,0.0,-1e-05,0.0,0
56536,0.0,0.0,-1e-05,-0.00022,-6e-05,-1e-05,-3e-05,-2e-05,0
56538,0.0,-1e-05,2e-05,0.00029,9e-05,4e-05,0.0,1e-05,0
56539,0.0,-1e-05,2e-05,0.00029,9e-05,4e-05,0.0,1e-05,0
56540,0.0,-1e-05,2e-05,0.00029,9e-05,4e-05,0.0,1e-05,0
56541,0.0,-1e-05,2e-05,0.00029,9e-05,4e-05,0.0,1e-05,0
56542,0.0,-1e-05,2e-05,0.00029,9e-05,4e-05,0.0,1e-05,0
56543,0.0,-1e-05,2e-05,0.00029,9e-05,4e-05,0.0,1e-05,0
56544,0.0,-1e-05,2e-05,0.00029,9e-05,4e-05,0.0,1e-05,0
56545,-2e-05,-2e-05,-1e-05,0.0,7e-05,-3e-05,-3e-05,-3e-05,0
56546,0.0,-1e-05,-2e-05,-5e-05,-2e-05,-1e-05,0.0,0.0,0
56547,0.0,-1e-05,-2e-05,-5e-05,-2e-05,-1e-05,0.0,0.0,0
56548,0.0,-1e-05,-2e-05,-5e-05,-2e-05,-1e-05,0.0,0.0,0
56549,0.0,-1e-05,-2e-05,-5e-05,-2e-05,-1e-05,0.0,0.0,0
56550,0.0,-1e-05,-2e-05,-5e-05,-2e-05,-1e-05,0.0,0.0,0
56551,0.0,-1e-05,-2e-05,-5e-05,-2e-05,-1e-05,0.0,0.0,0
56552,0.0,-1e-05,-2e-05,-5e-05,-2e-05,-1e-05,0.0,0.0,0
56554,0.0,-1e-05,-2e-05,-5e-05,-2e-05,-1e-05,0.0,0.0,0
56555,0.0,-1e-05,-2e-05,-5e-05,-2e-05,-1e-05,0.0,0.0,0
56556,0.0,-1e-05,-2e-05,-5e-05,-2e-05,-1e-05,0.0,0.0,0
56557,0.0,-1e-05,-2e-05,-5e-05,-2e-05,-1e-05,0.0,0.0,0
56558,0.0,-1e-05,-2e-05,-5e-05,-2e-05,-1e-05,0.0,0.0,0
56559,0.0,-1e-05,-2e-05,-5e-05,-2e-05,-1e-05,0.0,0.0,0
56560,0.0,-1e-05,-2e-05,-5e-05,-2e-05,-1e-05,0.0,0.0,0
56561,0.0,-1e-05,-2e-05,-5e-05,-2e-05,-1e-05,0.0,0.0,0
56562,0.0,-1e-05,-2e-05,-5e-05,-2e-05,-1e-05,0.0,0.0,0
56563,0.0,-1e-05,-2e-05,-5e-05,-2e-05,-1e-05,0.0,0.0,0
56564,0.0,-1e-05,-2e-05,-5e-05,-2e-05,-1e-05,0.0,0.0,0
56565,0.0,-1e-05,-2e-05,-5e-05,-2e-05,-1e-05,0.0,0.0,0
56566,0.0,-1e-05,-2e-05,-5e-05,-2e-05,-1e-05,0.0,0.0,0
56567,0.0,-1e-05,-2e-05,-5e-05,-2e-05,-1e-05,0.0,0.0,0
56568,0.0,-1e-05,-2e-05,-5e-05,-2e-05,-1e-05,0.0,0.0,0
56569,-3e-05,-6e-05,-6e-05,-3e-05,-0.00011,1e-05,-1e-05,-2e-05,0
56570,0.0,1e-05,2e-05,1e-05,7e-05,0.0,-2e-05,0.0,0
56571,0.0,1e-05,2e-05,1e-05,7e-05,0.0,-2e-05,0.0,0
56572,0.0,1e-05,2e-05,1e-05,7e-05,0.0,-2e-05,0.0,0
56573,0.0,1e-05,2e-05,1e-05,7e-05,0.0,-2e-05,0.0,0
56574,0.0,1e-05,2e-05,1e-05,7e-05,0.0,-2e-05,0.0,0
56575,0.0,1e-05,2e-05,1e-05,7e-05,0.0,-2e-05,0.0,0
56576,0.0,1e-05,2e-05,1e-05,7e-05,0.0,-2e-05,0.0,0
56577,0.0,1e-05,2e-05,1e-05,7e-05,0.0,-2e-05,0.0,0
56578,0.0,1e-05,2e-05,1e-05,7e-05,0.0,-2e-05,0.0,0
56579,0.0,1e-05,2e-05,1e-05,7e-05,0.0,-2e-05,0.0,0
56580,0.0,1e-05,2e-05,1e-05,7e-05,0.0,-2e-05,0.0,0
56581,0.0,1e-05,2e-05,1e-05,7e-05,0.0,-2e-05,0.0,0
56582,0.0,1e-05,2e-05,1e-05,7e-05,0.0,-2e-05,0.0,0
56583,-2e-05,-2e-05,-2e-05,-0.00011,0.0,-3e-05,-2e-05,-1e-05,0
56584,-2e-05,-2e-05,-2e-05,-0.00011,0.0,-3e-05,-2e-05,-1e-05,0
56585,-2e-05,-2e-05,-4e-05,-8e-05,-4e-05,2e-05,0.0,0.0,0
56586,-2e-05,-2e-05,-4e-05,-8e-05,-4e-05,2e-05,0.0,0.0,0
56588,-2e-05,-2e-05,-4e-05,-8e-05,-4e-05,2e-05,0.0,0.0,0
56589,-2e-05,-2e-05,-4e-05,-8e-05,-4e-05,2e-05,0.0,0.0,0
56590,-2e-05,-2e-05,-4e-05,-8e-05,-4e-05,2e-05,0.0,0.0,0
56591,-2e-05,-2e-05,-4e-05,-8e-05,-4e-05,2e-05,0.0,0.0,0
56592,-2e-05,-2e-05,-4e-05,-8e-05,-4e-05,2e-05,0.0,0.0,0
56593,-2e-05,-2e-05,-4e-05,-8e-05,-4e-05,2e-05,0.0,0.0,0
56594,-2e-05,-2e-05,-4e-05,-8e-05,-4e-05,2e-05,0.0,0.0,0
56595,-2e-05,-2e-05,-4e-05,-8e-05,-4e-05,2e-05,0.0,0.0,0
56596,-2e-05,-2e-05,-4e-05,-8e-05,-4e-05,2e-05,0.0,0.0,0
56597,1e-05,3e-05,0.0,2e-05,-5e-05,0.0,-1e-05,-2e-05,0
56598,1e-05,3e-05,0.0,2e-05,-5e-05,0.0,-1e-05,-2e-05,0
56599,1e-05,3e-05,0.0,2e-05,-5e-05,0.0,-1e-05,-2e-05,0
56600,1e-05,3e-05,0.0,2e-05,-5e-05,0.0,-1e-05,-2e-05,0
56601,1e-05,3e-05,0.0,2e-05,-5e-05,0.0,-1e-05,-2e-05,0
56602,1e-05,3e-05,0.0,2e-05,-5e-05,0.0,-1e-05,-2e-05,0
56604,3e-05,2e-05,2e-05,4e-05,1e-05,2e-05,0.0,-1e-05,0
56605,3e-05,2e-05,2e-05,4e-05,1e-05,2e-05,0.0,-1e-05,0
56606,3e-05,2e-05,2e-05,4e-05,1e-05,2e-05,0.0,-1e-05,0
56607,3e-05,2e-05,2e-05,4e-05,1e-05,2e-05,0.0,-1e-05,0
56608,3e-05,2e-05,2e-05,4e-05,1e-05,2e-05,0.0,-1e-05,0
56609,3e-05,2e-05,2e-05,4e-05,1e-05,2e-05,0.0,-1e-05,0
56610,3e-05,2e-05,2e-05,4e-05,1e-05,2e-05,0.0,-1e-05,0
56611,3e-05,2e-05,2e-05,4e-05,1e-05,2e-05,0.0,-1e-05,0
56612,3e-05,2e-05,2e-05,4e-05,1e-05,2e-05,0.0,-1e-05,0
56613,3e-05,2e-05,2e-05,4e-05,1e-05,2e-05,0.0,-1e-05,0
56614,3e-05,2e-05,2e-05,4e-05,1e-05,2e-05,0.0,-1e-05,0
56615,3e-05,2e-05,2e-05,4e-05,1e-05,2e-05,0.0,-1e-05,0
56616,3e-05,2e-05,2e-05,4e-05,1e-05,2e-05,0.0,-1e-05,0
56617,3e-05,2e-05,2e-05,4e-05,1e-05,2e-05,0.0,-1e-05,0
56618,3e-05,2e-05,2e-05,4e-05,1e-05,2e-05,0.0,-1e-05,0
56619,3e-05,2e-05,2e-05,4e-05,1e-05,2e-05,0.0,-1e-05,0
56620,-2e-05,-5e-05,-7e-05,-6e-05,1e-05,-8e-05,1e-05,-1e-05,0
56621,-2e-05,-5e-05,-7e-05,-6e-05,1e-05,-8e-05,1e-05,-1e-05,0
56622,0.0,1e-05,2e-05,-7e-05,0.0,-4e-05,-2e-05,0.0,0
56623,0.0,1e-05,2e-05,-7e-05,0.0,-4e-05,-2e-05,0.0,0
56624,0.0,1e-05,2e-05,-7e-05,0.0,-4e-05,-2e-05,0.0,0
56625,0.0,1e-05,2e-05,-7e-05,0.0,-4e-05,-2e-05,0.0,0
56626,0.0,1e-05,2e-05,-7e-05,0.0,-4e-05,-2e-05,0.0,0
56627,0.0,1e-05,2e-05,-7e-05,0.0,-4e-05,-2e-05,0.0,0
56628,0.0,1e-05,2e-05,-7e-05,0.0,-4e-05,-2e-05,0.0,0
56629,0.0,1e-05,2e-05,-7e-05,0.0,-4e-05,-2e-05,0.0,0
56630,0.0,1e-05,2e-05,-7e-05,0.0,-4e-05,-2e-05,0.0,0
56631,0.0,1e-05,2e-05,-7e-05,0.0,-4e-05,-2e-05,0.0,0
56632,0.0,1e-05,2e-05,-7e-05,0.0,-4e-05,-2e-05,0.0,0
56633,0.0,1e-05,2e-05,-7e-05,0.0,-4e-05,-2e-05,0.0,0
56634,0.0,1e-05,2e-05,-7e-05,0.0,-4e-05,-2e-05,0.0,0
56635,0.0,1e-05,2e-05,-7e-05,0.0,-4e-05,-2e-05,0.0,0
56636,0.0,1e-05,2e-05,-7e-05,0.0,-4e-05,-2e-05,0.0,0
56638,0.0,1e-05,2e-05,-7e-05,0.0,-4e-05,-2e-05,0.0,0
56639,0.0,1e-05,2e-05,-7e-05,0.0,-4e-05,-2e-05,0.0,0
56640,0.0,1e-05,2e-05,-7e-05,0.0,-4e-05,-2e-05,0.0,0
56641,0.0,1e-05,2e-05,-7e-05,0.0,-4e-05,-2e-05,0.0,0
56642,0.0,1e-05,2e-05,-7e-05,0.0,-4e-05,-2e-05,0.0,0
56643,0.0,0.0,2e-05,-4e-05,3e-05,2e-05,-2e-05,-1e-05,0
56644,-3e-05,-4e-05,-6e-05,-3e-05,-7e-05,3e-05,-2e-05,-2e-05,0
56645,-3e-05,-4e-05,-6e-05,-3e-05,-7e-05,3e-05,-2e-05,-2e-05,0
56646,-3e-05,-4e-05,-6e-05,-3e-05,-7e-05,3e-05,-2e-05,-2e-05,0
56647,-3e-05,-4e-05,-6e-05,-3e-05,-7e-05,3e-05,-2e-05,-2e-05,0
56648,-3e-05,-4e-05,-6e-05,-3e-05,-7e-05,3e-05,-2e-05,-2e-05,0
56649,-3e-05,-4e-05,-6e-05,-3e-05,-7e-05,3e-05,-2e-05,-2e-05,0
56650,-3e-05,-4e-05,-6e-05,-3e-05,-7e-05,3e-05,-2e-05,-2e-05,0
56651,-3e-05,-4e-05,-6e-05,-3e-05,-7e-05,3e-05,-2e-05,-2e-05,0
56652,-3e-05,-4e-05,-6e-05,-3e-05,-7e-05,3e-05,-2e-05,-2e-05,0
56654,-3e-05,-4e-05,-6e-05,-3e-05,-7e-05,3e-05,-2e-05,-2e-05,0
56655,-3e-05,-4e-05,-6e-05,-3e-05,-7e-05,3e-05,-2e-05,-2e-05,0
56656,-3e-05,-4e-05,-6e-05,-3e-05,-7e-05,3e-05,-2e-05,-2e-05,0
56657,-3e-05,-4e-05,-6e-05,-3e-05,-7e-05,3e-05,-2e-05,-2e-05,0
56658,-3e-05,-4e-05,-6e-05,-3e-05,-7e-05,3e-05,-2e-05,-2e-05,0
56659,-1e-05,-1e-05,1e-05,0.00037,0.00021,3e-05,1e-05,-1e-05,0
56660,-3e-05,-3e-05,-1e-05,-0.00011,-9e-05,1e-05,-1e-05,1e-05,0
56661,-3e-05,-3e-05,-1e-05,-0.00011,-9e-05,1e-05,-1e-05,1e-05,0
56662,-3e-05,-3e-05,-1e-05,-0.00011,-9e-05,1e-05,-1e-05,1e-05,0
56663,-3e-05,-3e-05,-1e-05,-0.00011,-9e-05,1e-05,-1e-05,1e-05,0
56664,-3e-05,-3e-05,-1e-05,-0.00011,-9e-05,1e-05,-1e-05,1e-05,0
56665,-3e-05,-3e-05,-1e-05,-0.00011,-9e-05,1e-05,-1e-05,1e-05,0
56666,-3e-05,-3e-05,-1e-05,-0.00011,-9e-05,1e-05,-1e-05,1e-05,0
56667,-3e-05,-3e-05,-1e-05,-0.00011,-9e-05,1e-05,-1e-05,1e-05,0
56668,-3e-05,-3e-05,-1e-05,-0.00011,-9e-05,1e-05,-1e-05,1e-05,0
56669,-3e-05,-3e-05,-1e-05,-0.00011,-9e-05,1e-05,-1e-05,1e-05,0
56670,-3e-05,-3e-05,-1e-05,-0.00011,-9e-05,1e-05,-1e-05,1e-05,0
56671,-3e-05,-3e-05,-1e-05,-0.00011,-9e-05,1e-05,-1e-05,1e-05,0
56672,-3e-05,-3e-05,-1e-05,-0.00011,-9e-05,1e-05,-1e-05,1e-05,0
56673,-3e-05,-3e-05,-1e-05,-0.00011,-9e-05,1e-05,-1e-05,1e-05,0
56674,-3e-05,-3e-05,-1e-05,-0.00011,-9e-05,1e-05,-1e-05,1e-05,0
56675,-3e-05,-3e-05,-1e-05,-0.00011,-9e-05,1e-05,-1e-05,1e-05,0
56676,-3e-05,-3e-05,-1e-05,-0.00011,-9e-05,1e-05,-1e-05,1e-05,0
56677,-3e-05,-3e-05,-1e-05,-0.00011,-9e-05,1e-05,-1e-05,1e-05,0
56678,-3e-05,-3e-05,-1e-05,-0.00011,-9e-05,1e-05,-1e-05,1e-05,0
56679,-3e-05,-3e-05,-1e-05,-0.00011,-9e-05,1e-05,-1e-05,1e-05,0
56680,-4e-05,-5e-05,-8e-05,-0.0001,-8e-05,0.0,-1e-05,0.0,0
56681,-4e-05,-5e-05,-8e-05,-0.0001,-8e-05,0.0,-1e-05,0.0,0
56682,1e-05,1e-05,-2e-05,0.0,1e-05,0.0,-1e-05,0.0,0
56683,1e-05,1e-05,-2e-05,0.0,1e-05,0.0,-1e-05,0.0,0
56684,1e-05,1e-05,-2e-05,0.0,1e-05,0.0,-1e-05,0.0,0
56685,1e-05,1e-05,-2e-05,0.0,1e-05,0.0,-1e-05,0.0,0
56686,1e-05,1e-05,-2e-05,0.0,1e-05,0.0,-1e-05,0.0,0
56688,1e-05,1e-05,-2e-05,0.0,1e-05,0.0,-1e-05,0.0,0
56689,1e-05,1e-05,-2e-05,0.0,1e-05,0.0,-1e-05,0.0,0
56690,1e-05,1e-05,-2e-05,0.0,1e-05,0.0,-1e-05,0.0,0
56691,1e-05,1e-05,-2e-05,0.0,1e-05,0.0,-1e-05,0.0,0
56692,1e-05,1e-05,-2e-05,0.0,1e-05,0.0,-1e-05,0.0,0
56693,1e-05,1e-05,-2e-05,0.0,1e-05,0.0,-1e-05,0.0,0
56694,1e-05,1e-05,-2e-05,0.0,1e-05,0.0,-1e-05,0.0,0
56695,1e-05,1e-05,-2e-05,0.0,1e-05,0.0,-1e-05,0.0,0
56696,1e-05,1e-05,-2e-05,0.0,1e-05,0.0,-1e-05,0.0,0
56697,1e-05,1e-05,-2e-05,0.0,1e-05,0.0,-1e-05,0.0,0
56698,1e-05,1e-05,-2e-05,0.0,1e-05,0.0,-1e-05,0.0,0
56699,1e-05,1e-05,-2e-05,0.0,1e-05,0.0,-1e-05,0.0,0
56700,1e-05,1e-05,-2e-05,0.0,1e-05,0.0,-1e-05,0.0,0
56701,1e-05,1e-05,-2e-05,0.0,1e-05,0.0,-1e-05,0.0,0
56702,1e-05,1e-05,-2e-05,0.0,1e-05,0.0,-1e-05,0.0,0
56704,1e-05,1e-05,-4e-05,2e-05,4e-05,-1e-05,-1e-05,-1e-05,0
56705,-2e-05,-2e-05,2e-05,6e-05,0.0001,-2e-05,1e-05,-1e-05,0
56706,-2e-05,-2e-05,2e-05,6e-05,0.0001,-2e-05,1e-05,-1e-05,0
56707,-2e-05,-2e-05,2e-05,6e-05,0.0001,-2e-05,1e-05,-1e-05,0
56708,-2e-05,-2e-05,2e-05,6e-05,0.0001,-2e-05,1e-05,-1e-05,0
56709,-2e-05,-2e-05,2e-05,6e-05,0.0001,-2e-05,1e-05,-1e-05,0
56710,-2e-05,-2e-05,2e-05,6e-05,0.0001,-2e-05,1e-05,-1e-05,0
56711,-2e-05,-2e-05,2e-05,6e-05,0.0001,-2e-05,1e-05,-1e-05,0
56712,-2e-05,-2e-05,2e-05,6e-05,0.0001,-2e-05,1e-05,-1e-05,0
56713,-2e-05,-2e-05,2e-05,6e-05,0.0001,-2e-05,1e-05,-1e-05,0
56714,-2e-05,-2e-05,2e-05,6e-05,0.0001,-2e-05,1e-05,-1e-05,0
56715,-2e-05,-2e-05,2e-05,6e-05,0.0001,-2e-05,1e-05,-1e-05,0
56716,-2e-05,-2e-05,2e-05,6e-05,0.0001,-2e-05,1e-05,-1e-05,0
56717,-2e-05,-2e-05,2e-05,6e-05,0.0001,-2e-05,1e-05,-1e-05,0
56718,-2e-05,-2e-05,2e-05,6e-05,0.0001,-2e-05,1e-05,-1e-05,0
56719,-2e-05,-2e-05,2e-05,6e-05,0.0001,-2e-05,1e-05,-1e-05,0
56720,-2e-05,-2e-05,2e-05,6e-05,0.0001,-2e-05,1e-05,-1e-05,0
56721,-2e-05,-2e-05,2e-05,6e-05,0.0001,-2e-05,1e-05,-1e-05,0
56722,-2e-05,-2e-05,2e-05,6e-05,0.0001,-2e-05,1e-05,-1e-05,0
56723,-2e-05,-2e-05,2e-05,6e-05,0.0001,-2e-05,1e-05,-1e-05,0
56724,-2e-05,-2e-05,2e-05,6e-05,0.0001,-2e-05,1e-05,-1e-05,0
56725,-1e-05,-1e-05,0.0,4e-05,0.0,-1e-05,-1e-05,-2e-05,0
56726,-1e-05,-1e-05,0.0,4e-05,0.0,-1e-05,-1e-05,-2e-05,0
56727,1e-05,0.0,2e-05,-2e-05,-9e-05,-1e-05,-2e-05,0.0,0
56728,1e-05,0.0,2e-05,-2e-05,-9e-05,-1e-05,-2e-05,0.0,0
56729,1e-05,0.0,2e-05,-2e-05,-9e-05,-1e-05,-2e-05,0.0,0
56730,1e-05,0.0,2e-05,-2e-05,-9e-05,-1e-05,-2e-05,0.0,0
56731,1e-05,0.0,2e-05,-2e-05,-9e-05,-1e-05,-2e-05,0.0,0
56732,1e-05,0.0,2e-05,-2e-05,-9e-05,-1e-05,-2e-05,0.0,0
56733,1e-05,0.0,2e-05,-2e-05,-9e-05,-1e-05,-2e-05,0.0,0
56734,1e-05,0.0,2e-05,-2e-05,-9e-05,-1e-05,-2e-05,0.0,0
56735,1e-05,0.0,2e-05,-2e-05,-9e-05,-1e-05,-2e-05,0.0,0
56736,1e-05,0.0,2e-05,-2e-05,-9e-05,-1e-05,-2e-05,0.0,0
56738,1e-05,0.0,2e-05,-2e-05,-9e-05,-1e-05,-2e-05,0.0,0
56739,1e-05,0.0,2e-05,-2e-05,-9e-05,-1e-05,-2e-05,0.0,0
56740,1e-05,0.0,2e-05,-2e-05,-9e-05,-1e-05,-2e-05,0.0,0
56741,1e-05,0.0,2e-05,-2e-05,-9e-05,-1e-05,-2e-05,0.0,0
56742,1e-05,0.0,2e-05,-2e-05,-9e-05,-1e-05,-2e-05,0.0,0
56743,1e-05,0.0,2e-05,-2e-05,-9e-05,-1e-05,-2e-05,0.0,0
56744,1e-05,0.0,2e-05,-2e-05,-9e-05,-1e-05,-2e-05,0.0,0
56745,1e-05,0.0,2e-05,-2e-05,-9e-05,-1e-05,-2e-05,0.0,0
56746,1e-05,0.0,2e-05,-2e-05,-9e-05,-1e-05,-2e-05,0.0,0
56747,1e-05,0.0,2e-05,-2e-05,-9e-05,-1e-05,-2e-05,0.0,0
56748,-1e-05,-1e-05,0.0,0.00013,-2e-05,0.0,0.0,-1e-05,0
56749,-5e-05,-5e-05,-4e-05,-8e-05,-4e-05,-1e-05,-1e-05,-1e-05,0
56750,-5e-05,-5e-05,-4e-05,-8e-05,-4e-05,-1e-05,-1e-05,-1e-05,0
56751,-5e-05,-5e-05,-4e-05,-8e-05,-4e-05,-1e-05,-1e-05,-1e-05,0
56752,-5e-05,-5e-05,-4e-05,-8e-05,-4e-05,-1e-05,-1e-05,-1e-05,0
56754,-5e-05,-5e-05,-4e-05,-8e-05,-4e-05,-1e-05,-1e-05,-1e-05,0
56755,-5e-05,-5e-05,-4e-05,-8e-05,-4e-05,-1e-05,-1e-05,-1e-05,0
56756,-5e-05,-5e-05,-4e-05,-8e-05,-4e-05,-1e-05,-1e-05,-1e-05,0
56757,-5e-05,-5e-05,-4e-05,-8e-05,-4e-05,-1e-05,-1e-05,-1e-05,0
56758,-5e-05,-5e-05,-4e-05,-8e-05,-4e-05,-1e-05,-1e-05,-1e-05,0
56759,-5e-05,-5e-05,-4e-05,-8e-05,-4e-05,-1e-05,-1e-05,-1e-05,0
56760,-5e-05,-5e-05,-4e-05,-8e-05,-4e-05,-1e-05,-1e-05,-1e-05,0
56761,-5e-05,-5e-05,-4e-05,-8e-05,-4e-05,-1e-05,-1e-05,-1e-05,0
56762,-5e-05,-5e-05,-4e-05,-8e-05,-4e-05,-1e-05,-1e-05,-1e-05,0
56763,-1e-05,0.0,0.0,3e-05,-9e-05,-1e-05,0.0,1e-05,0
56764,1e-05,2e-05,-1e-05,6e-05,3e-05,0.0,-2e-05,0.0,0
56765,1e-05,2e-05,-1e-05,6e-05,3e-05,0.0,-2e-05,0.0,0
56766,1e-05,2e-05,-1e-05,6e-05,3e-05,0.0,-2e-05,0.0,0
56767,1e-05,2e-05,-1e-05,6e-05,3e-05,0.0,-2e-05,0.0,0
56768,1e-05,2e-05,-1e-05,6e-05,3e-05,0.0,-2e-05,0.0,0
56769,1e-05,2e-05,-1e-05,6e-05,3e-05,0.0,-2e-05,0.0,0
56770,1e-05,2e-05,-1e-05,6e-05,3e-05,0.0,-2e-05,0.0,0
56771,1e-05,2e-05,-1e-05,6e-05,3e-05,0.0,-2e-05,0.0,0
56772,1e-05,2e-05,-1e-05,6e-05,3e-05,0.0,-2e-05,0.0,0
56773,1e-05,2e-05,-1e-05,6e-05,3e-05,0.0,-2e-05,0.0,0
56774,1e-05,2e-05,-1e-05,6e-05,3e-05,0.0,-2e-05,0.0,0
56775,1e-05,2e-05,-1e-05,6e-05,3e-05,0.0,-2e-05,0.0,0
56776,1e-05,2e-05,-1e-05,6e-05,3e-05,0.0,-2e-05,0.0,0
56777,2e-05,1e-05,4e-05,2e-05,0.0,-1e-05,-1e-05,0.0,0
56778,2e-05,1e-05,4e-05,2e-05,0.0,-1e-05,-1e-05,0.0,0
56779,2e-05,1e-05,4e-05,2e-05,0.0,-1e-05,-1e-05,0.0,0
56780,2e-05,1e-05,4e-05,2e-05,0.0,-1e-05,-1e-05,0.0,0
56781,2e-05,1e-05,4e-05,2e-05,0.0,-1e-05,-1e-05,0.0,0
56782,2e-05,1e-05,4e-05,2e-05,0.0,-1e-05,-1e-05,0.0,0
56783,2e-05,1e-05,4e-05,2e-05,0.0,-1e-05,-1e-05,0.0,0
56784,-4e-05,-5e-05,-6e-05,-0.00022,-0.00012,-5e-05,0.0,-3e-05,0
56785,-4e-05,-5e-05,-6e-05,-0.00022,-0.00012,-5e-05,0.0,-3e-05,0
56786,-4e-05,-5e-05,-6e-05,-0.00022,-0.00012,-5e-05,0.0,-3e-05,0
56788,-4e-05,-5e-05,-6e-05,-0.00022,-0.00012,-5e-05,0.0,-3e-05,0
56789,-4e-05,-5e-05,-6e-05,-0.00022,-0.00012,-5e-05,0.0,-3e-05,0
56790,-4e-05,-5e-05,-6e-05,-0.00022,-0.00012,-5e-05,0.0,-3e-05,0
56791,-4e-05,-5e-05,-6e-05,-0.00022,-0.00012,-5e-05,0.0,-3e-05,0
56792,-4e-05,-5e-05,-6e-05,-0.00022,-0.00012,-5e-05,0.0,-3e-05,0
56793,-4e-05,-5e-05,-6e-05,-0.00022,-0.00012,-5e-05,0.0,-3e-05,0
56794,-4e-05,-5e-05,-6e-05,-0.00022,-0.00012,-5e-05,0.0,-3e-05,0
56795,-4e-05,-5e-05,-6e-05,-0.00022,-0.00012,-5e-05,0.0,-3e-05,0
56796,-4e-05,-5e-05,-6e-05,-0.00022,-0.00012,-5e-05,0.0,-3e-05,0
56797,-4e-05,-5e-05,-6e-05,-0.00022,-0.00012,-5e-05,0.0,-3e-05,0
56798,-4e-05,-5e-05,-6e-05,-0.00022,-0.00012,-5e-05,0.0,-3e-05,0
56799,-4e-05,-5e-05,-6e-05,-0.00022,-0.00012,-5e-05,0.0,-3e-05,0
56800,0.0,-2e-05,-1e-05,-6e-05,-3e-05,2e-05,-1e-05,-3e-05,0
56801,0.0,-2e-05,-1e-05,-6e-05,-3e-05,2e-05,-1e-05,-3e-05,0
56802,-1e-05,-4e-05,-3e-05,-8e-05,0.0,0.0,0.0,0.0,0
56803,-1e-05,-4e-05,-3e-05,-8e-05,0.0,0.0,0.0,0.0,0
56804,-1e-05,-4e-05,-3e-05,-8e-05,0.0,0.0,0.0,0.0,0
56805,-1e-05,-4e-05,-3e-05,-8e-05,0.0,0.0,0.0,0.0,0
56806,-1e-05,-4e-05,-3e-05,-8e-05,0.0,0.0,0.0,0.0,0
56807,-1e-05,-4e-05,-3e-05,-8e-05,0.0,0.0,0.0,0.0,0
56808,-1e-05,-4e-05,-3e-05,-8e-05,0.0,0.0,0.0,0.0,0
56809,-1e-05,-4e-05,-3e-05,-8e-05,0.0,0.0,0.0,0.0,0
56810,-1e-05,-4e-05,-3e-05,-8e-05,0.0,0.0,0.0,0.0,0
56811,-1e-05,-4e-05,-3e-05,-8e-05,0.0,0.0,0.0,0.0,0
56812,-1e-05,-4e-05,-3e-05,-8e-05,0.0,0.0,0.0,0.0,0
56813,-1e-05,-4e-05,-3e-05,-8e-05,0.0,0.0,0.0,0.0,0
56814,-1e-05,-4e-05,-3e-05,-8e-05,0.0,0.0,0.0,0.0,0
56815,-1e-05,-4e-05,-3e-05,-8e-05,0.0,0.0,0.0,0.0,0
56816,-1e-05,-4e-05,-3e-05,-8e-05,0.0,0.0,0.0,0.0,0
56817,-1e-05,-4e-05,-3e-05,-8e-05,0.0,0.0,0.0,0.0,0
56818,-1e-05,-4e-05,-3e-05,-8e-05,0.0,0.0,0.0,0.0,0
56819,-1e-05,-4e-05,-3e-05,-8e-05,0.0,0.0,0.0,0.0,0
56820,-1e-05,-4e-05,-3e-05,-8e-05,0.0,0.0,0.0,0.0,0
56821,-1e-05,-4e-05,-3e-05,-8e-05,0.0,0.0,0.0,0.0,0
56822,-1e-05,-4e-05,-3e-05,-8e-05,0.0,0.0,0.0,0.0,0
56823,1e-05,6e-05,0.0001,0.00012,5e-05,-2e-05,-1e-05,-1e-05,0
56824,-8e-05,-0.00014,-0.00018,-4e-05,-5e-05,-2e-05,0.0,-3e-05,0
56825,-8e-05,-0.00014,-0.00018,-4e-05,-5e-05,-2e-05,0.0,-3e-05,0
56826,-8e-05,-0.00014,-0.00018,-4e-05,-5e-05,-2e-05,0.0,-3e-05,0
56827,-8e-05,-0.00014,-0.00018,-4e-05,-5e-05,-2e-05,0.0,-3e-05,0
56828,-8e-05,-0.00014,-0.00018,-4e-05,-5e-05,-2e-05,0.0,-3e-05,0
56829,-8e-05,-0.00014,-0.00018,-4e-05,-5e-05,-2e-05,0.0,-3e-05,0
56830,-8e-05,-0.00014,-0.00018,-4e-05,-5e-05,-2e-05,0.0,-3e-05,0
56831,-8e-05,-0.00014,-0.00018,-4e-05,-5e-05,-2e-05,0.0,-3e-05,0
56832,-8e-05,-0.00014,-0.00018,-4e-05,-5e-05,-2e-05,0.0,-3e-05,0
56833,-8e-05,-0.00014,-0.00018,-4e-05,-5e-05,-2e-05,0.0,-3e-05,0
56834,-8e-05,-0.00014,-0.00018,-4e-05,-5e-05,-2e-05,0.0,-3e-05,0
56835,-8e-05,-0.00014,-0.00018,-4e-05,-5e-05,-2e-05,0.0,-3e-05,0
56836,-8e-05,-0.00014,-0.00018,-4e-05,-5e-05,-2e-05,0.0,-3e-05,0
56839,-1e-05,0.0,-2e-05,0.0,-7e-05,2e-05,-1e-05,0.0,0
56840,-1e-05,0.0,-2e-05,0.0,-7e-05,2e-05,-1e-05,0.0,0
56841,-1e-05,0.0,-2e-05,0.0,-7e-05,2e-05,-1e-05,0.0,0
56842,-1e-05,0.0,-2e-05,0.0,-7e-05,2e-05,-1e-05,0.0,0
56843,-1e-05,0.0,-2e-05,0.0,-7e-05,2e-05,-1e-05,0.0,0
56844,3e-05,5e-05,0.0001,2e-05,0.0,-2e-05,-1e-05,1e-05,0
56845,3e-05,5e-05,0.0001,2e-05,0.0,-2e-05,-1e-05,1e-05,0
56846,3e-05,5e-05,0.0001,2e-05,0.0,-2e-05,-1e-05,1e-05,0
56847,3e-05,5e-05,0.0001,2e-05,0.0,-2e-05,-1e-05,1e-05,0
56848,3e-05,5e-05,0.0001,2e-05,0.0,-2e-05,-1e-05,1e-05,0
56849,3e-05,5e-05,0.0001,2e-05,0.0,-2e-05,-1e-05,1e-05,0
56850,3e-05,5e-05,0.0001,2e-05,0.0,-2e-05,-1e-05,1e-05,0
56851,3e-05,5e-05,0.0001,2e-05,0.0,-2e-05,-1e-05,1e-05,0
56852,3e-05,5e-05,0.0001,2e-05,0.0,-2e-05,-1e-05,1e-05,0
56853,3e-05,5e-05,0.0001,2e-05,0.0,-2e-05,-1e-05,1e-05,0
56854,3e-05,5e-05,0.0001,2e-05,0.0,-2e-05,-1e-05,1e-05,0
56855,3e-05,5e-05,0.0001,2e-05,0.0,-2e-05,-1e-05,1e-05,0
56856,3e-05,5e-05,0.0001,2e-05,0.0,-2e-05,-1e-05,1e-05,0
56857,3e-05,5e-05,0.0001,2e-05,0.0,-2e-05,-1e-05,1e-05,0
56858,3e-05,5e-05,0.0001,2e-05,0.0,-2e-05,-1e-05,1e-05,0
56859,3e-05,5e-05,0.0001,2e-05,0.0,-2e-05,-1e-05,1e-05,0
56860,-2e-05,-4e-05,-7e-05,-8e-05,4e-05,-2e-05,-3e-05,-1e-05,0
56861,-2e-05,-4e-05,-7e-05,-8e-05,4e-05,-2e-05,-3e-05,-1e-05,0
56862,-1e-05,-1e-05,-4e-05,1e-05,-1e-05,1e-05,-1e-05,0.0,0
56863,-1e-05,-1e-05,-4e-05,1e-05,-1e-05,1e-05,-1e-05,0.0,0
56864,-1e-05,-1e-05,-4e-05,1e-05,-1e-05,1e-05,-1e-05,0.0,0
56865,-1e-05,-1e-05,-4e-05,1e-05,-1e-05,1e-05,-1e-05,0.0,0
56866,-1e-05,-1e-05,-4e-05,1e-05,-1e-05,1e-05,-1e-05,0.0,0
56867,-1e-05,-1e-05,-4e-05,1e-05,-1e-05,1e-05,-1e-05,0.0,0
56868,-1e-05,-1e-05,-4e-05,1e-05,-1e-05,1e-05,-1e-05,0.0,0
56869,-1e-05,-1e-05,-4e-05,1e-05,-1e-05,1e-05,-1e-05,0.0,0
56870,-1e-05,-1e-05,-4e-05,1e-05,-1e-05,1e-05,-1e-05,0.0,0
56871,-1e-05,-1e-05,-4e-05,1e-05,-1e-05,1e-05,-1e-05,0.0,0
56872,-1e-05,-1e-05,-4e-05,1e-05,-1e-05,1e-05,-1e-05,0.0,0
56873,-1e-05,-1e-05,-4e-05,1e-05,-1e-05,1e-05,-1e-05,0.0,0
56874,-1e-05,-1e-05,-4e-05,1e-05,-1e-05,1e-05,-1e-05,0.0,0
56875,-1e-05,-1e-05,-4e-05,1e-05,-1e-05,1e-05,-1e-05,0.0,0
56876,-1e-05,-1e-05,-4e-05,1e-05,-1e-05,1e-05,-1e-05,0.0,0
56877,-1e-05,-1e-05,-4e-05,1e-05,-1e-05,1e-05,-1e-05,0.0,0
56878,-1e-05,-1e-05,-4e-05,1e-05,-1e-05,1e-05,-1e-05,0.0,0
56879,-1e-05,-1e-05,-4e-05,1e-05,-1e-05,1e-05,-1e-05,0.0,0
56880,-1e-05,-1e-05,-4e-05,1e-05,-1e-05,1e-05,-1e-05,0.0,0
56881,-1e-05,-1e-05,-4e-05,1e-05,-1e-05,1e-05,-1e-05,0.0,0
56882,-1e-05,-1e-05,-4e-05,1e-05,-1e-05,1e-05,-1e-05,0.0,0
56883,-2e-05,0.0,-4e-05,1e-05,-3e-05,-2e-05,-2e-05,-2e-05,0
56884,2e-05,4e-05,6e-05,0.00023,8e-05,6e-05,-1e-05,1e-05,0
56885,2e-05,4e-05,6e-05,0.00023,8e-05,6e-05,-1e-05,1e-05,0
56886,2e-05,4e-05,6e-05,0.00023,8e-05,6e-05,-1e-05,1e-05,0
56888,2e-05,4e-05,6e-05,0.00023,8e-05,6e-05,-1e-05,1e-05,0
56889,2e-05,4e-05,6e-05,0.00023,8e-05,6e-05,-1e-05,1e-05,0
56890,2e-05,4e-05,6e-05,0.00023,8e-05,6e-05,-1e-05,1e-05,0
56891,2e-05,4e-05,6e-05,0.00023,8e-05,6e-05,-1e-05,1e-05,0
56892,2e-05,4e-05,6e-05,0.00023,8e-05,6e-05,-1e-05,1e-05,0
56893,2e-05,4e-05,6e-05,0.00023,8e-05,6e-05,-1e-05,1e-05,0
56894,2e-05,4e-05,6e-05,0.00023,8e-05,6e-05,-1e-05,1e-05,0
56895,2e-05,4e-05,6e-05,0.00023,8e-05,6e-05,-1e-05,1e-05,0
56896,2e-05,4e-05,6e-05,0.00023,8e-05,6e-05,-1e-05,1e-05,0
56897,2e-05,4e-05,6e-05,0.00023,8e-05,6e-05,-1e-05,1e-05,0
56898,2e-05,4e-05,6e-05,0.00023,8e-05,6e-05,-1e-05,1e-05,0
56899,2e-05,4e-05,6e-05,0.00023,8e-05,6e-05,-1e-05,1e-05,0
56900,2e-05,4e-05,6e-05,0.00023,8e-05,6e-05,-1e-05,1e-05,0
56901,2e-05,4e-05,6e-05,0.00023,8e-05,6e-05,-1e-05,1e-05,0
56902,2e-05,4e-05,6e-05,0.00023,8e-05,6e-05,-1e-05,1e-05,0
56904,2e-05,4e-05,6e-05,0.00023,8e-05,6e-05,-1e-05,1e-05,0
56905,-2e-05,-3e-05,-4e-05,-3e-05,1e-05,-1e-05,1e-05,1e-05,0
56906,-2e-05,-3e-05,-4e-05,-3e-05,1e-05,-1e-05,1e-05,1e-05,0
56907,5e-05,8e-05,9e-05,4e-05,5e-05,-2e-05,-2e-05,-1e-05,0
56908,5e-05,8e-05,9e-05,4e-05,5e-05,-2e-05,-2e-05,-1e-05,0
56909,5e-05,8e-05,9e-05,4e-05,5e-05,-2e-05,-2e-05,-1e-05,0
56910,5e-05,8e-05,9e-05,4e-05,5e-05,-2e-05,-2e-05,-1e-05,0
56911,5e-05,8e-05,9e-05,4e-05,5e-05,-2e-05,-2e-05,-1e-05,0
56912,5e-05,8e-05,9e-05,4e-05,5e-05,-2e-05,-2e-05,-1e-05,0
56913,5e-05,8e-05,9e-05,4e-05,5e-05,-2e-05,-2e-05,-1e-05,0
56914,5e-05,8e-05,9e-05,4e-05,5e-05,-2e-05,-2e-05,-1e-05,0
56915,5e-05,8e-05,9e-05,4e-05,5e-05,-2e-05,-2e-05,-1e-05,0
56916,5e-05,8e-05,9e-05,4e-05,5e-05,-2e-05,-2e-05,-1e-05,0
56917,5e-05,8e-05,9e-05,4e-05,5e-05,-2e-05,-2e-05,-1e-05,0
56918,5e-05,8e-05,9e-05,4e-05,5e-05,-2e-05,-2e-05,-1e-05,0
56920,-9e-05,-0.00015,-0.00017,-0.00021,-0.00025,0.0,0.0,-3e-05,0
56921,-9e-05,-0.00015,-0.00017,-0.00021,-0.00025,0.0,0.0,-3e-05,0
56922,2e-05,1e-05,5e-05,3e-05,0.0002,1e-05,-1e-05,0.0,0
56923,2e-05,1e-05,5e-05,3e-05,0.0002,1e-05,-1e-05,0.0,0
56924,2e-05,1e-05,5e-05,3e-05,0.0002,1e-05,-1e-05,0.0,0
56925,2e-05,1e-05,5e-05,3e-05,0.0002,1e-05,-1e-05,0.0,0
56926,2e-05,1e-05,5e-05,3e-05,0.0002,1e-05,-1e-05,0.0,0
56927,2e-05,1e-05,5e-05,3e-05,0.0002,1e-05,-1e-05,0.0,0
56928,2e-05,1e-05,5e-05,3e-05,0.0002,1e-05,-1e-05,0.0,0
56929,2e-05,1e-05,5e-05,3e-05,0.0002,1e-05,-1e-05,0.0,0
56930,2e-05,1e-05,5e-05,3e-05,0.0002,1e-05,-1e-05,0.0,0
56931,2e-05,1e-05,5e-05,3e-05,0.0002,1e-05,-1e-05,0.0,0
56932,2e-05,1e-05,5e-05,3e-05,0.0002,1e-05,-1e-05,0.0,0
56933,2e-05,1e-05,5e-05,3e-05,0.0002,1e-05,-1e-05,0.0,0
56934,2e-05,1e-05,5e-05,3e-05,0.0002,1e-05,-1e-05,0.0,0
56935,2e-05,1e-05,5e-05,3e-05,0.0002,1e-05,-1e-05,0.0,0
56937,2e-05,1e-05,5e-05,3e-05,0.0002,1e-05,-1e-05,0.0,0
56939,2e-05,1e-05,5e-05,3e-05,0.0002,1e-05,-1e-05,0.0,0
56940,2e-05,1e-05,5e-05,3e-05,0.0002,1e-05,-1e-05,0.0,0
56941,2e-05,1e-05,5e-05,3e-05,0.0002,1e-05,-1e-05,0.0,0
56942,2e-05,1e-05,5e-05,3e-05,0.0002,1e-05,-1e-05,0.0,0
56943,1e-05,2e-05,3e-05,7e-05,3e-05,0.0,0.0,2e-05,0
56944,-1e-05,0.0,-1e-05,-7e-05,-6e-05,-3e-05,-1e-05,-1e-05,0
56945,-1e-05,0.0,-1e-05,-7e-05,-6e-05,-3e-05,-1e-05,-1e-05,0
56946,-1e-05,0.0,-1e-05,-7e-05,-6e-05,-3e-05,-1e-05,-1e-05,0
56947,-1e-05,0.0,-1e-05,-7e-05,-6e-05,-3e-05,-1e-05,-1e-05,0
56948,-1e-05,0.0,-1e-05,-7e-05,-6e-05,-3e-05,-1e-05,-1e-05,0
56949,-1e-05,0.0,-1e-05,-7e-05,-6e-05,-3e-05,-1e-05,-1e-05,0
56950,-1e-05,0.0,-1e-05,-7e-05,-6e-05,-3e-05,-1e-05,-1e-05,0
56951,-1e-05,0.0,-1e-05,-7e-05,-6e-05,-3e-05,-1e-05,-1e-05,0
56952,-1e-05,0.0,-1e-05,-7e-05,-6e-05,-3e-05,-1e-05,-1e-05,0
56954,-1e-05,0.0,-1e-05,-7e-05,-6e-05,-3e-05,-1e-05,-1e-05,0
56955,-1e-05,0.0,-1e-05,-7e-05,-6e-05,-3e-05,-1e-05,-1e-05,0
56956,-1e-05,0.0,-1e-05,-7e-05,-6e-05,-3e-05,-1e-05,-1e-05,0
56957,-3e-05,-5e-05,-7e-05,-5e-05,5e-05,-1e-05,-2e-05,-1e-05,0
56958,-3e-05,-5e-05,-7e-05,-5e-05,5e-05,-1e-05,-2e-05,-1e-05,0
56959,-3e-05,-5e-05,-7e-05,-5e-05,5e-05,-1e-05,-2e-05,-1e-05,0
56960,-3e-05,-5e-05,-7e-05,-5e-05,5e-05,-1e-05,-2e-05,-1e-05,0
56961,-3e-05,-5e-05,-7e-05,-5e-05,5e-05,-1e-05,-2e-05,-1e-05,0
56962,-3e-05,-5e-05,-7e-05,-5e-05,5e-05,-1e-05,-2e-05,-1e-05,0
56963,-3e-05,-5e-05,-7e-05,-5e-05,5e-05,-1e-05,-2e-05,-1e-05,0
56964,-3e-05,-1e-05,-5e-05,-0.00018,-4e-05,-3e-05,-1e-05,-3e-05,0
56965,-3e-05,-1e-05,-5e-05,-0.00018,-4e-05,-3e-05,-1e-05,-3e-05,0
56966,-3e-05,-1e-05,-5e-05,-0.00018,-4e-05,-3e-05,-1e-05,-3e-05,0
56967,-3e-05,-1e-05,-5e-05,-0.00018,-4e-05,-3e-05,-1e-05,-3e-05,0
56968,-3e-05,-1e-05,-5e-05,-0.00018,-4e-05,-3e-05,-1e-05,-3e-05,0
56969,-3e-05,-1e-05,-5e-05,-0.00018,-4e-05,-3e-05,-1e-05,-3e-05,0
56970,-3e-05,-1e-05,-5e-05,-0.00018,-4e-05,-3e-05,-1e-05,-3e-05,0
56971,-3e-05,-1e-05,-5e-05,-0.00018,-4e-05,-3e-05,-1e-05,-3e-05,0
56972,-3e-05,-1e-05,-5e-05,-0.00018,-4e-05,-3e-05,-1e-05,-3e-05,0
56973,-3e-05,-1e-05,-5e-05,-0.00018,-4e-05,-3e-05,-1e-05,-3e-05,0
56974,-3e-05,-1e-05,-5e-05,-0.00018,-4e-05,-3e-05,-1e-05,-3e-05,0
56975,-3e-05,-1e-05,-5e-05,-0.00018,-4e-05,-3e-05,-1e-05,-3e-05,0
56976,-3e-05,-1e-05,-5e-05,-0.00018,-4e-05,-3e-05,-1e-05,-3e-05,0
56977,-3e-05,-1e-05,-5e-05,-0.00018,-4e-05,-3e-05,-1e-05,-3e-05,0
56978,-3e-05,-1e-05,-5e-05,-0.00018,-4e-05,-3e-05,-1e-05,-3e-05,0
56979,-3e-05,-1e-05,-5e-05,-0.00018,-4e-05,-3e-05,-1e-05,-3e-05,0
56980,3e-05,4e-05,4e-05,1e-05,0.00011,3e-05,0.0,0.0,0
56981,3e-05,4e-05,4e-05,1e-05,0.00011,3e-05,0.0,0.0,0
56982,0.0,-2e-05,0.0,-5e-05,-4e-05,1e-05,-1e-05,0.0,0
56983,0.0,-2e-05,0.0,-5e-05,-4e-05,1e-05,-1e-05,0.0,0
56984,0.0,-2e-05,0.0,-5e-05,-4e-05,1e-05,-1e-05,0.0,0
56985,0.0,-2e-05,0.0,-5e-05,-4e-05,1e-05,-1e-05,0.0,0
56987,0.0,-2e-05,0.0,-5e-05,-4e-05,1e-05,-1e-05,0.0,0
56989,0.0,-2e-05,0.0,-5e-05,-4e-05,1e-05,-1e-05,0.0,0
56990,0.0,-2e-05,0.0,-5e-05,-4e-05,1e-05,-1e-05,0.0,0
56991,0.0,-2e-05,0.0,-5e-05,-4e-05,1e-05,-1e-05,0.0,0
56992,0.0,-2e-05,0.0,-5e-05,-4e-05,1e-05,-1e-05,0.0,0
56993,0.0,-2e-05,0.0,-5e-05,-4e-05,1e-05,-1e-05,0.0,0
56994,0.0,-2e-05,0.0,-5e-05,-4e-05,1e-05,-1e-05,0.0,0
56995,0.0,-2e-05,0.0,-5e-05,-4e-05,1e-05,-1e-05,0.0,0
56996,0.0,-2e-05,0.0,-5e-05,-4e-05,1e-05,-1e-05,0.0,0
56997,0.0,-2e-05,0.0,-5e-05,-4e-05,1e-05,-1e-05,0.0,0
56998,0.0,-2e-05,0.0,-5e-05,-4e-05,1e-05,-1e-05,0.0,0
56999,0.0,-2e-05,0.0,-5e-05,-4e-05,1e-05,-1e-05,0.0,0
57000,0.0,-2e-05,0.0,-5e-05,-4e-05,1e-05,-1e-05,0.0,0
57001,0.0,-2e-05,0.0,-5e-05,-4e-05,1e-05,-1e-05,0.0,0
57002,0.0,-2e-05,0.0,-5e-05,-4e-05,1e-05,-1e-05,0.0,0
57004,1e-05,1e-05,0.0,3e-05,-2e-05,-4e-05,-1e-05,-2e-05,0
57005,3e-05,1e-05,2e-05,4e-05,-2e-05,0.0,0.0,-1e-05,0
57006,3e-05,1e-05,2e-05,4e-05,-2e-05,0.0,0.0,-1e-05,0
57007,3e-05,1e-05,2e-05,4e-05,-2e-05,0.0,0.0,-1e-05,0
57008,3e-05,1e-05,2e-05,4e-05,-2e-05,0.0,0.0,-1e-05,0
57009,3e-05,1e-05,2e-05,4e-05,-2e-05,0.0,0.0,-1e-05,0
57010,3e-05,1e-05,2e-05,4e-05,-2e-05,0.0,0.0,-1e-05,0
57011,3e-05,1e-05,2e-05,4e-05,-2e-05,0.0,0.0,-1e-05,0
57012,3e-05,1e-05,2e-05,4e-05,-2e-05,0.0,0.0,-1e-05,0
57013,3e-05,1e-05,2e-05,4e-05,-2e-05,0.0,0.0,-1e-05,0
57014,3e-05,1e-05,2e-05,4e-05,-2e-05,0.0,0.0,-1e-05,0
57015,3e-05,1e-05,2e-05,4e-05,-2e-05,0.0,0.0,-1e-05,0
57016,-0.0001,-0.00016,-0.00022,-0.00023,-7e-05,-2e-05,0.0,-4e-05,0
57017,-4e-05,-4e-05,-4e-05,-2e-05,1e-05,-1e-05,-1e-05,-1e-05,0
57018,-4e-05,-4e-05,-4e-05,-2e-05,1e-05,-1e-05,-1e-05,-1e-05,0
57019,-4e-05,-4e-05,-4e-05,-2e-05,1e-05,-1e-05,-1e-05,-1e-05,0
57020,-4e-05,-4e-05,-4e-05,-2e-05,1e-05,-1e-05,-1e-05,-1e-05,0
57021,-4e-05,-4e-05,-4e-05,-2e-05,1e-05,-1e-05,-1e-05,-1e-05,0
57022,-4e-05,-4e-05,-4e-05,-2e-05,1e-05,-1e-05,-1e-05,-1e-05,0
57023,-4e-05,-4e-05,-4e-05,-2e-05,1e-05,-1e-05,-1e-05,-1e-05,0
57024,-4e-05,-4e-05,-4e-05,-2e-05,1e-05,-1e-05,-1e-05,-1e-05,0
57025,1e-05,3e-05,6e-05,0.00013,-2e-05,1e-05,-2e-05,-1e-05,0
57026,1e-05,3e-05,6e-05,0.00013,-2e-05,1e-05,-2e-05,-1e-05,0
57027,1e-05,3e-05,6e-05,0.00013,-2e-05,1e-05,-2e-05,-1e-05,0
57028,1e-05,3e-05,6e-05,0.00013,-2e-05,1e-05,-2e-05,-1e-05,0
57029,1e-05,3e-05,6e-05,0.00013,-2e-05,1e-05,-2e-05,-1e-05,0
57030,1e-05,3e-05,6e-05,0.00013,-2e-05,1e-05,-2e-05,-1e-05,0
57031,1e-05,3e-05,6e-05,0.00013,-2e-05,1e-05,-2e-05,-1e-05,0
57032,1e-05,3e-05,6e-05,0.00013,-2e-05,1e-05,-2e-05,-1e-05,0
57033,1e-05,3e-05,6e-05,0.00013,-2e-05,1e-05,-2e-05,-1e-05,0
57034,1e-05,3e-05,6e-05,0.00013,-2e-05,1e-05,-2e-05,-1e-05,0
57035,1e-05,3e-05,6e-05,0.00013,-2e-05,1e-05,-2e-05,-1e-05,0
57036,1e-05,3e-05,6e-05,0.00013,-2e-05,1e-05,-2e-05,-1e-05,0
57039,1e-05,3e-05,6e-05,0.00013,-2e-05,1e-05,-2e-05,-1e-05,0
57040,0.0,0.0,-3e-05,-7e-05,4e-05,2e-05,-3e-05,0.0,0
57041,0.0,0.0,-3e-05,-7e-05,4e-05,2e-05,-3e-05,0.0,0
57042,-1e-05,2e-05,4e-05,0.00025,0.00018,1e-05,-1e-05,-3e-05,0
57043,-1e-05,2e-05,4e-05,0.00025,0.00018,1e-05,-1e-05,-3e-05,0
57044,-1e-05,2e-05,4e-05,0.00025,0.00018,1e-05,-1e-05,-3e-05,0
57045,-1e-05,2e-05,4e-05,0.00025,0.00018,1e-05,-1e-05,-3e-05,0
57046,-1e-05,2e-05,4e-05,0.00025,0.00018,1e-05,-1e-05,-3e-05,0
57047,-1e-05,2e-05,4e-05,0.00025,0.00018,1e-05,-1e-05,-3e-05,0
57048,-1e-05,2e-05,4e-05,0.00025,0.00018,1e-05,-1e-05,-3e-05,0
57049,-1e-05,2e-05,4e-05,0.00025,0.00018,1e-05,-1e-05,-3e-05,0
57050,-1e-05,2e-05,4e-05,0.00025,0.00018,1e-05,-1e-05,-3e-05,0
57051,-1e-05,2e-05,4e-05,0.00025,0.00018,1e-05,-1e-05,-3e-05,0
57052,-1e-05,2e-05,4e-05,0.00025,0.00018,1e-05,-1e-05,-3e-05,0
57053,-1e-05,2e-05,4e-05,0.00025,0.00018,1e-05,-1e-05,-3e-05,0
57054,-1e-05,2e-05,4e-05,0.00025,0.00018,1e-05,-1e-05,-3e-05,0
57055,-1e-05,2e-05,4e-05,0.00025,0.00018,1e-05,-1e-05,-3e-05,0
57056,-1e-05,2e-05,4e-05,0.00025,0.00018,1e-05,-1e-05,-3e-05,0
57057,-1e-05,2e-05,4e-05,0.00025,0.00018,1e-05,-1e-05,-3e-05,0
57058,-1e-05,2e-05,4e-05,0.00025,0.00018,1e-05,-1e-05,-3e-05,0
57059,-1e-05,2e-05,4e-05,0.00025,0.00018,1e-05,-1e-05,-3e-05,0
57060,-1e-05,2e-05,4e-05,0.00025,0.00018,1e-05,-1e-05,-3e-05,0
57061,-1e-05,2e-05,4e-05,0.00025,0.00018,1e-05,-1e-05,-3e-05,0
57062,-1e-05,2e-05,4e-05,0.00025,0.00018,1e-05,-1e-05,-3e-05,0
57063,-7e-05,-0.00014,-0.00016,-0.0002,-7e-05,-4e-05,0.0,-1e-05,0
57064,-7e-05,-0.00014,-0.00016,-0.0002,-7e-05,-4e-05,0.0,-1e-05,0
57065,-1e-05,-4e-05,-4e-05,-3e-05,-5e-05,0.0,-1e-05,0.0,0
57066,-1e-05,-4e-05,-4e-05,-3e-05,-5e-05,0.0,-1e-05,0.0,0
57067,-1e-05,-4e-05,-4e-05,-3e-05,-5e-05,0.0,-1e-05,0.0,0
57068,-1e-05,-4e-05,-4e-05,-3e-05,-5e-05,0.0,-1e-05,0.0,0
57069,-1e-05,-4e-05,-4e-05,-3e-05,-5e-05,0.0,-1e-05,0.0,0
57070,-1e-05,-4e-05,-4e-05,-3e-05,-5e-05,0.0,-1e-05,0.0,0
57071,-1e-05,-4e-05,-4e-05,-3e-05,-5e-05,0.0,-1e-05,0.0,0
57072,-1e-05,-4e-05,-4e-05,-3e-05,-5e-05,0.0,-1e-05,0.0,0
57073,-1e-05,-4e-05,-4e-05,-3e-05,-5e-05,0.0,-1e-05,0.0,0
57074,-1e-05,-4e-05,-4e-05,-3e-05,-5e-05,0.0,-1e-05,0.0,0
57075,-1e-05,-4e-05,-4e-05,-3e-05,-5e-05,0.0,-1e-05,0.0,0
57076,2e-05,2e-05,-2e-05,-0.00014,-4e-05,-4e-05,-2e-05,0.0,0
57077,3e-05,7e-05,0.0001,0.00019,6e-05,-2e-05,-1e-05,-2e-05,0
57078,3e-05,7e-05,0.0001,0.00019,6e-05,-2e-05,-1e-05,-2e-05,0
57079,3e-05,7e-05,0.0001,0.00019,6e-05,-2e-05,-1e-05,-2e-05,0
57080,3e-05,7e-05,0.0001,0.00019,6e-05,-2e-05,-1e-05,-2e-05,0
57081,3e-05,7e-05,0.0001,0.00019,6e-05,-2e-05,-1e-05,-2e-05,0
57082,3e-05,7e-05,0.0001,0.00019,6e-05,-2e-05,-1e-05,-2e-05,0
57083,3e-05,7e-05,0.0001,0.00019,6e-05,-2e-05,-1e-05,-2e-05,0
57084,3e-05,7e-05,0.0001,0.00019,6e-05,-2e-05,-1e-05,-2e-05,0
57085,-5e-05,-8e-05,-0.00012,-0.00012,-0.0001,-2e-05,-2e-05,-2e-05,0
57087,-5e-05,-8e-05,-0.00012,-0.00012,-0.0001,-2e-05,-2e-05,-2e-05,0
57089,-5e-05,-8e-05,-0.00012,-0.00012,-0.0001,-2e-05,-2e-05,-2e-05,0
57090,-5e-05,-8e-05,-0.00012,-0.00012,-0.0001,-2e-05,-2e-05,-2e-05,0
57091,-5e-05,-8e-05,-0.00012,-0.00012,-0.0001,-2e-05,-2e-05,-2e-05,0
57092,-5e-05,-8e-05,-0.00012,-0.00012,-0.0001,-2e-05,-2e-05,-2e-05,0
57093,-5e-05,-8e-05,-0.00012,-0.00012,-0.0001,-2e-05,-2e-05,-2e-05,0
57094,-5e-05,-8e-05,-0.00012,-0.00012,-0.0001,-2e-05,-2e-05,-2e-05,0
57095,-5e-05,-8e-05,-0.00012,-0.00012,-0.0001,-2e-05,-2e-05,-2e-05,0
57096,-5e-05,-8e-05,-0.00012,-0.00012,-0.0001,-2e-05,-2e-05,-2e-05,0
57097,-5e-05,-8e-05,-0.00012,-0.00012,-0.0001,-2e-05,-2e-05,-2e-05,0
57098,-5e-05,-8e-05,-0.00012,-0.00012,-0.0001,-2e-05,-2e-05,-2e-05,0
57099,-5e-05,-8e-05,-0.00012,-0.00012,-0.0001,-2e-05,-2e-05,-2e-05,0
57100,0.0,3e-05,2e-05,-1e-05,-7e-05,0.0,-1e-05,0.0,0
57101,0.0,3e-05,2e-05,-1e-05,-7e-05,0.0,-1e-05,0.0,0
57102,0.0,1e-05,3e-05,-4e-05,2e-05,1e-05,-1e-05,0.0,0
57104,0.0,1e-05,3e-05,-4e-05,2e-05,1e-05,-1e-05,0.0,0
57105,0.0,1e-05,3e-05,-4e-05,2e-05,1e-05,-1e-05,0.0,0
57106,0.0,1e-05,3e-05,-4e-05,2e-05,1e-05,-1e-05,0.0,0
57107,0.0,1e-05,3e-05,-4e-05,2e-05,1e-05,-1e-05,0.0,0
57108,0.0,1e-05,3e-05,-4e-05,2e-05,1e-05,-1e-05,0.0,0
57109,0.0,1e-05,3e-05,-4e-05,2e-05,1e-05,-1e-05,0.0,0
57110,0.0,1e-05,3e-05,-4e-05,2e-05,1e-05,-1e-05,0.0,0
57111,0.0,1e-05,3e-05,-4e-05,2e-05,1e-05,-1e-05,0.0,0
57112,0.0,1e-05,3e-05,-4e-05,2e-05,1e-05,-1e-05,0.0,0
57113,0.0,1e-05,3e-05,-4e-05,2e-05,1e-05,-1e-05,0.0,0
57114,0.0,1e-05,3e-05,-4e-05,2e-05,1e-05,-1e-05,0.0,0
57115,0.0,1e-05,3e-05,-4e-05,2e-05,1e-05,-1e-05,0.0,0
57116,0.0,1e-05,3e-05,-4e-05,2e-05,1e-05,-1e-05,0.0,0
57117,0.0,1e-05,3e-05,-4e-05,2e-05,1e-05,-1e-05,0.0,0
57118,0.0,1e-05,3e-05,-4e-05,2e-05,1e-05,-1e-05,0.0,0
57119,0.0,1e-05,3e-05,-4e-05,2e-05,1e-05,-1e-05,0.0,0
57120,0.0,1e-05,3e-05,-4e-05,2e-05,1e-05,-1e-05,0.0,0
57121,0.0,1e-05,3e-05,-4e-05,2e-05,1e-05,-1e-05,0.0,0
57122,0.0,1e-05,3e-05,-4e-05,2e-05,1e-05,-1e-05,0.0,0
57123,0.0,0.0,3e-05,3e-05,7e-05,0.0,-1e-05,-1e-05,0
57124,0.0,0.0,3e-05,3e-05,7e-05,0.0,-1e-05,-1e-05,0
57125,-1e-05,0.0,-1e-05,-2e-05,-1e-05,-1e-05,-1e-05,0.0,0
57126,-1e-05,0.0,-1e-05,-2e-05,-1e-05,-1e-05,-1e-05,0.0,0
57127,-1e-05,0.0,-1e-05,-2e-05,-1e-05,-1e-05,-1e-05,0.0,0
57128,-1e-05,0.0,-1e-05,-2e-05,-1e-05,-1e-05,-1e-05,0.0,0
57129,-1e-05,0.0,-1e-05,-2e-05,-1e-05,-1e-05,-1e-05,0.0,0
57130,-1e-05,0.0,-1e-05,-2e-05,-1e-05,-1e-05,-1e-05,0.0,0
57131,-1e-05,0.0,-1e-05,-2e-05,-1e-05,-1e-05,-1e-05,0.0,0
57132,-1e-05,0.0,-1e-05,-2e-05,-1e-05,-1e-05,-1e-05,0.0,0
57133,-1e-05,0.0,-1e-05,-2e-05,-1e-05,-1e-05,-1e-05,0.0,0
57134,-1e-05,0.0,-1e-05,-2e-05,-1e-05,-1e-05,-1e-05,0.0,0
57135,-1e-05,0.0,-1e-05,-2e-05,-1e-05,-1e-05,-1e-05,0.0,0
57136,-1e-05,0.0,-1e-05,-2e-05,-1e-05,-1e-05,-1e-05,0.0,0
57139,-3e-05,-5e-05,-2e-05,-3e-05,-2e-05,-3e-05,-1e-05,-1e-05,0
57140,-3e-05,-5e-05,-2e-05,-3e-05,-2e-05,-3e-05,-1e-05,-1e-05,0
57141,-3e-05,-5e-05,-2e-05,-3e-05,-2e-05,-3e-05,-1e-05,-1e-05,0
57142,-3e-05,-5e-05,-2e-05,-3e-05,-2e-05,-3e-05,-1e-05,-1e-05,0
57143,-3e-05,-5e-05,-2e-05,-3e-05,-2e-05,-3e-05,-1e-05,-1e-05,0
57144,-3e-05,-5e-05,-2e-05,-3e-05,-2e-05,-3e-05,-1e-05,-1e-05,0
57145,0.0,0.0,7e-05,0.00041,3e-05,0.0,-2e-05,-2e-05,0
57146,0.0,0.0,7e-05,0.00041,3e-05,0.0,-2e-05,-2e-05,0
57147,0.0,0.0,7e-05,0.00041,3e-05,0.0,-2e-05,-2e-05,0
57148,0.0,0.0,7e-05,0.00041,3e-05,0.0,-2e-05,-2e-05,0
57149,0.0,0.0,7e-05,0.00041,3e-05,0.0,-2e-05,-2e-05,0
57150,0.0,0.0,7e-05,0.00041,3e-05,0.0,-2e-05,-2e-05,0
57151,0.0,0.0,7e-05,0.00041,3e-05,0.0,-2e-05,-2e-05,0
57152,0.0,0.0,7e-05,0.00041,3e-05,0.0,-2e-05,-2e-05,0
57154,0.0,0.0,7e-05,0.00041,3e-05,0.0,-2e-05,-2e-05,0
57155,0.0,0.0,7e-05,0.00041,3e-05,0.0,-2e-05,-2e-05,0
57156,0.0,0.0,7e-05,0.00041,3e-05,0.0,-2e-05,-2e-05,0
57157,0.0,0.0,7e-05,0.00041,3e-05,0.0,-2e-05,-2e-05,0
57158,0.0,0.0,7e-05,0.00041,3e-05,0.0,-2e-05,-2e-05,0
57159,0.0,0.0,7e-05,0.00041,3e-05,0.0,-2e-05,-2e-05,0
57160,5e-05,7e-05,9e-05,0.00015,0.00011,0.0,-2e-05,-3e-05,0
57161,5e-05,7e-05,9e-05,0.00015,0.00011,0.0,-2e-05,-3e-05,0
57162,-1e-05,-5e-05,-8e-05,-0.00014,-0.00011,-1e-05,1e-05,-2e-05,0
57163,-1e-05,-5e-05,-8e-05,-0.00014,-0.00011,-1e-05,1e-05,-2e-05,0
57164,-1e-05,-5e-05,-8e-05,-0.00014,-0.00011,-1e-05,1e-05,-2e-05,0
57165,-1e-05,-5e-05,-8e-05,-0.00014,-0.00011,-1e-05,1e-05,-2e-05,0
57166,-1e-05,-5e-05,-8e-05,-0.00014,-0.00011,-1e-05,1e-05,-2e-05,0
57167,-1e-05,-5e-05,-8e-05,-0.00014,-0.00011,-1e-05,1e-05,-2e-05,0
57168,-1e-05,-5e-05,-8e-05,-0.00014,-0.00011,-1e-05,1e-05,-2e-05,0
57169,-1e-05,-5e-05,-8e-05,-0.00014,-0.00011,-1e-05,1e-05,-2e-05,0
57170,-1e-05,-5e-05,-8e-05,-0.00014,-0.00011,-1e-05,1e-05,-2e-05,0
57171,-1e-05,-5e-05,-8e-05,-0.00014,-0.00011,-1e-05,1e-05,-2e-05,0
57172,-1e-05,-5e-05,-8e-05,-0.00014,-0.00011,-1e-05,1e-05,-2e-05,0
57173,-1e-05,-5e-05,-8e-05,-0.00014,-0.00011,-1e-05,1e-05,-2e-05,0
57174,-1e-05,-5e-05,-8e-05,-0.00014,-0.00011,-1e-05,1e-05,-2e-05,0
57175,-1e-05,-5e-05,-8e-05,-0.00014,-0.00011,-1e-05,1e-05,-2e-05,0
57176,-1e-05,-5e-05,-8e-05,-0.00014,-0.00011,-1e-05,1e-05,-2e-05,0
57177,-1e-05,-5e-05,-8e-05,-0.00014,-0.00011,-1e-05,1e-05,-2e-05,0
57178,-1e-05,-5e-05,-8e-05,-0.00014,-0.00011,-1e-05,1e-05,-2e-05,0
57179,-1e-05,-5e-05,-8e-05,-0.00014,-0.00011,-1e-05,1e-05,-2e-05,0
57180,-1e-05,-5e-05,-8e-05,-0.00014,-0.00011,-1e-05,1e-05,-2e-05,0
57181,-1e-05,-5e-05,-8e-05,-0.00014,-0.00011,-1e-05,1e-05,-2e-05,0
57182,-1e-05,-5e-05,-8e-05,-0.00014,-0.00011,-1e-05,1e-05,-2e-05,0
57183,-3e-05,-9e-05,-8e-05,-0.00013,-8e-05,-4e-05,1e-05,0.0,0
57184,-3e-05,1e-05,-1e-05,-3e-05,0.0,0.0,-1e-05,-1e-05,0
57185,-3e-05,1e-05,-1e-05,-3e-05,0.0,0.0,-1e-05,-1e-05,0
57186,-3e-05,1e-05,-1e-05,-3e-05,0.0,0.0,-1e-05,-1e-05,0
57189,-3e-05,1e-05,-1e-05,-3e-05,0.0,0.0,-1e-05,-1e-05,0
57190,-3e-05,1e-05,-1e-05,-3e-05,0.0,0.0,-1e-05,-1e-05,0
57191,-3e-05,1e-05,-1e-05,-3e-05,0.0,0.0,-1e-05,-1e-05,0
57192,-3e-05,1e-05,-1e-05,-3e-05,0.0,0.0,-1e-05,-1e-05,0
57193,-3e-05,1e-05,-1e-05,-3e-05,0.0,0.0,-1e-05,-1e-05,0
57194,-3e-05,1e-05,-1e-05,-3e-05,0.0,0.0,-1e-05,-1e-05,0
57195,-3e-05,1e-05,-1e-05,-3e-05,0.0,0.0,-1e-05,-1e-05,0
57196,-3e-05,1e-05,-1e-05,-3e-05,0.0,0.0,-1e-05,-1e-05,0
57197,1e-05,0.0,0.0,-5e-05,-0.00014,-3e-05,-1e-05,0.0,0
57198,1e-05,0.0,0.0,-5e-05,-0.00014,-3e-05,-1e-05,0.0,0
57199,1e-05,0.0,0.0,-5e-05,-0.00014,-3e-05,-1e-05,0.0,0
57200,1e-05,0.0,0.0,-5e-05,-0.00014,-3e-05,-1e-05,0.0,0
57201,1e-05,0.0,0.0,-5e-05,-0.00014,-3e-05,-1e-05,0.0,0
57202,1e-05,0.0,0.0,-5e-05,-0.00014,-3e-05,-1e-05,0.0,0
57204,1e-05,0.0,0.0,-5e-05,-0.00014,-3e-05,-1e-05,0.0,0
57205,-3e-05,-2e-05,-6e-05,-0.00016,-9e-05,-1e-05,-1e-05,1e-05,0
57206,-3e-05,-2e-05,-6e-05,-0.00016,-9e-05,-1e-05,-1e-05,1e-05,0
57207,-3e-05,-2e-05,-6e-05,-0.00016,-9e-05,-1e-05,-1e-05,1e-05,0
57208,-3e-05,-2e-05,-6e-05,-0.00016,-9e-05,-1e-05,-1e-05,1e-05,0
57209,-3e-05,-2e-05,-6e-05,-0.00016,-9e-05,-1e-05,-1e-05,1e-05,0
57210,-3e-05,-2e-05,-6e-05,-0.00016,-9e-05,-1e-05,-1e-05,1e-05,0
57211,-3e-05,-2e-05,-6e-05,-0.00016,-9e-05,-1e-05,-1e-05,1e-05,0
57212,-3e-05,-2e-05,-6e-05,-0.00016,-9e-05,-1e-05,-1e-05,1e-05,0
57213,-3e-05,-2e-05,-6e-05,-0.00016,-9e-05,-1e-05,-1e-05,1e-05,0
57214,-3e-05,-2e-05,-6e-05,-0.00016,-9e-05,-1e-05,-1e-05,1e-05,0
57215,-3e-05,-2e-05,-6e-05,-0.00016,-9e-05,-1e-05,-1e-05,1e-05,0
57216,-3e-05,-2e-05,-6e-05,-0.00016,-9e-05,-1e-05,-1e-05,1e-05,0
57217,-3e-05,-2e-05,-6e-05,-0.00016,-9e-05,-1e-05,-1e-05,1e-05,0
57218,-3e-05,-2e-05,-6e-05,-0.00016,-9e-05,-1e-05,-1e-05,1e-05,0
57219,-3e-05,-2e-05,-6e-05,-0.00016,-9e-05,-1e-05,-1e-05,1e-05,0
57220,-3e-05,-2e-05,-6e-05,-0.00016,-9e-05,-1e-05,-1e-05,1e-05,0
57221,-2e-05,2e-05,3e-05,3e-05,2e-05,1e-05,-3e-05,0.0,0
57222,-1e-05,-3e-05,-1e-05,-1e-05,0.00012,1e-05,-1e-05,1e-05,0
57223,-1e-05,-3e-05,-1e-05,-1e-05,0.00012,1e-05,-1e-05,1e-05,0
57224,-1e-05,-3e-05,-1e-05,-1e-05,0.00012,1e-05,-1e-05,1e-05,0
57225,-1e-05,-3e-05,-1e-05,-1e-05,0.00012,1e-05,-1e-05,1e-05,0
57226,-1e-05,-3e-05,-1e-05,-1e-05,0.00012,1e-05,-1e-05,1e-05,0
57227,-1e-05,-3e-05,-1e-05,-1e-05,0.00012,1e-05,-1e-05,1e-05,0
57228,-1e-05,-3e-05,-1e-05,-1e-05,0.00012,1e-05,-1e-05,1e-05,0
57229,-1e-05,-3e-05,-1e-05,-1e-05,0.00012,1e-05,-1e-05,1e-05,0
57230,-1e-05,-3e-05,-1e-05,-1e-05,0.00012,1e-05,-1e-05,1e-05,0
57231,-1e-05,-3e-05,-1e-05,-1e-05,0.00012,1e-05,-1e-05,1e-05,0
57232,-1e-05,-3e-05,-1e-05,-1e-05,0.00012,1e-05,-1e-05,1e-05,0
57233,-1e-05,-3e-05,-1e-05,-1e-05,0.00012,1e-05,-1e-05,1e-05,0
57234,-1e-05,-3e-05,-1e-05,-1e-05,0.00012,1e-05,-1e-05,1e-05,0
57235,-1e-05,-3e-05,-1e-05,-1e-05,0.00012,1e-05,-1e-05,1e-05,0
57236,-1e-05,-3e-05,-1e-05,-1e-05,0.00012,1e-05,-1e-05,1e-05,0
57239,-1e-05,-3e-05,-1e-05,-1e-05,0.00012,1e-05,-1e-05,1e-05,0
57240,-1e-05,-3e-05,-1e-05,-1e-05,0.00012,1e-05,-1e-05,1e-05,0
57241,-1e-05,-3e-05,-1e-05,-1e-05,0.00012,1e-05,-1e-05,1e-05,0
57242,-1e-05,-3e-05,-1e-05,-1e-05,0.00012,1e-05,-1e-05,1e-05,0
57243,-1e-05,-3e-05,-2e-05,2e-05,-4e-05,-1e-05,-1e-05,-1e-05,0
57244,1e-05,-1e-05,-1e-05,-7e-05,-7e-05,-1e-05,-1e-05,0.0,0
57245,1e-05,-1e-05,-1e-05,-7e-05,-7e-05,-1e-05,-1e-05,0.0,0
57246,1e-05,-1e-05,-1e-05,-7e-05,-7e-05,-1e-05,-1e-05,0.0,0
57247,1e-05,-1e-05,-1e-05,-7e-05,-7e-05,-1e-05,-1e-05,0.0,0
57248,1e-05,-1e-05,-1e-05,-7e-05,-7e-05,-1e-05,-1e-05,0.0,0
57249,1e-05,-1e-05,-1e-05,-7e-05,-7e-05,-1e-05,-1e-05,0.0,0
57250,1e-05,-1e-05,-1e-05,-7e-05,-7e-05,-1e-05,-1e-05,0.0,0
57251,1e-05,-1e-05,-1e-05,-7e-05,-7e-05,-1e-05,-1e-05,0.0,0
57252,1e-05,-1e-05,-1e-05,-7e-05,-7e-05,-1e-05,-1e-05,0.0,0
57254,1e-05,-1e-05,-1e-05,-7e-05,-7e-05,-1e-05,-1e-05,0.0,0
57255,1e-05,-1e-05,-1e-05,-7e-05,-7e-05,-1e-05,-1e-05,0.0,0
57256,-2e-05,-2e-05,-4e-05,-3e-05,-4e-05,-5e-05,1e-05,0.0,0
57257,-2e-05,-2e-05,-4e-05,-3e-05,-4e-05,-5e-05,1e-05,0.0,0
57258,-2e-05,-2e-05,-4e-05,-3e-05,-4e-05,-5e-05,1e-05,0.0,0
57259,-2e-05,-2e-05,-4e-05,-3e-05,-4e-05,-5e-05,1e-05,0.0,0
57260,-2e-05,-2e-05,-4e-05,-3e-05,-4e-05,-5e-05,1e-05,0.0,0
57261,-2e-05,-2e-05,-4e-05,-3e-05,-4e-05,-5e-05,1e-05,0.0,0
57262,-2e-05,-2e-05,-4e-05,-3e-05,-4e-05,-5e-05,1e-05,0.0,0
57263,-2e-05,-2e-05,-4e-05,-3e-05,-4e-05,-5e-05,1e-05,0.0,0
57264,-2e-05,-2e-05,-4e-05,-3e-05,-4e-05,-5e-05,1e-05,0.0,0
57265,-1e-05,-3e-05,-1e-05,-1e-05,1e-05,0.0,0.0,-1e-05,0
57266,-3e-05,-3e-05,-7e-05,-0.00011,-2e-05,-3e-05,-1e-05,-2e-05,0
57267,-3e-05,-3e-05,-7e-05,-0.00011,-2e-05,-3e-05,-1e-05,-2e-05,0
57268,-3e-05,-3e-05,-7e-05,-0.00011,-2e-05,-3e-05,-1e-05,-2e-05,0
57269,-3e-05,-3e-05,-7e-05,-0.00011,-2e-05,-3e-05,-1e-05,-2e-05,0
57270,-3e-05,-3e-05,-7e-05,-0.00011,-2e-05,-3e-05,-1e-05,-2e-05,0
57271,-3e-05,-3e-05,-7e-05,-0.00011,-2e-05,-3e-05,-1e-05,-2e-05,0
57272,-3e-05,-3e-05,-7e-05,-0.00011,-2e-05,-3e-05,-1e-05,-2e-05,0
57273,-3e-05,-3e-05,-7e-05,-0.00011,-2e-05,-3e-05,-1e-05,-2e-05,0
57274,-3e-05,-3e-05,-7e-05,-0.00011,-2e-05,-3e-05,-1e-05,-2e-05,0
57275,-3e-05,-3e-05,-7e-05,-0.00011,-2e-05,-3e-05,-1e-05,-2e-05,0
57276,-3e-05,-3e-05,-7e-05,-0.00011,-2e-05,-3e-05,-1e-05,-2e-05,0
57277,-3e-05,-3e-05,-7e-05,-0.00011,-2e-05,-3e-05,-1e-05,-2e-05,0
57278,-3e-05,-3e-05,-7e-05,-0.00011,-2e-05,-3e-05,-1e-05,-2e-05,0
57279,-3e-05,-3e-05,-7e-05,-0.00011,-2e-05,-3e-05,-1e-05,-2e-05,0
57280,1e-05,3e-05,3e-05,4e-05,3e-05,0.0,-2e-05,-2e-05,0
57281,1e-05,3e-05,3e-05,4e-05,3e-05,0.0,-2e-05,-2e-05,0
57282,-1e-05,-1e-05,-2e-05,1e-05,-2e-05,-2e-05,-2e-05,-1e-05,0
57283,-1e-05,-1e-05,-2e-05,1e-05,-2e-05,-2e-05,-2e-05,-1e-05,0
57284,-1e-05,-1e-05,-2e-05,1e-05,-2e-05,-2e-05,-2e-05,-1e-05,0
57285,-1e-05,-1e-05,-2e-05,1e-05,-2e-05,-2e-05,-2e-05,-1e-05,0
57286,-1e-05,-1e-05,-2e-05,1e-05,-2e-05,-2e-05,-2e-05,-1e-05,0
57289,-1e-05,-1e-05,-2e-05,1e-05,-2e-05,-2e-05,-2e-05,-1e-05,0
57290,-1e-05,-1e-05,-2e-05,1e-05,-2e-05,-2e-05,-2e-05,-1e-05,0
57291,-1e-05,-1e-05,-2e-05,1e-05,-2e-05,-2e-05,-2e-05,-1e-05,0
57292,-1e-05,-1e-05,-2e-05,1e-05,-2e-05,-2e-05,-2e-05,-1e-05,0
57293,-1e-05,-1e-05,-2e-05,1e-05,-2e-05,-2e-05,-2e-05,-1e-05,0
57294,-1e-05,-1e-05,-2e-05,1e-05,-2e-05,-2e-05,-2e-05,-1e-05,0
57295,-1e-05,-1e-05,-2e-05,1e-05,-2e-05,-2e-05,-2e-05,-1e-05,0
57296,-1e-05,-1e-05,-2e-05,1e-05,-2e-05,-2e-05,-2e-05,-1e-05,0
57297,-1e-05,-1e-05,-2e-05,1e-05,-2e-05,-2e-05,-2e-05,-1e-05,0
57298,-1e-05,-1e-05,-2e-05,1e-05,-2e-05,-2e-05,-2e-05,-1e-05,0
57299,-1e-05,-1e-05,-2e-05,1e-05,-2e-05,-2e-05,-2e-05,-1e-05,0
57300,-1e-05,-1e-05,-2e-05,1e-05,-2e-05,-2e-05,-2e-05,-1e-05,0
57301,-1e-05,-1e-05,-2e-05,1e-05,-2e-05,-2e-05,-2e-05,-1e-05,0
57302,-1e-05,-1e-05,-2e-05,1e-05,-2e-05,-2e-05,-2e-05,-1e-05,0
57304,1e-05,-2e-05,-5e-05,0.0,-9e-05,-1e-05,0.0,0.0,0
57305,0.0,0.0,2e-05,0.00014,0.00014,4e-05,-1e-05,-2e-05,0
57306,0.0,0.0,2e-05,0.00014,0.00014,4e-05,-1e-05,-2e-05,0
57307,0.0,0.0,2e-05,0.00014,0.00014,4e-05,-1e-05,-2e-05,0
57308,0.0,0.0,2e-05,0.00014,0.00014,4e-05,-1e-05,-2e-05,0
57309,0.0,0.0,2e-05,0.00014,0.00014,4e-05,-1e-05,-2e-05,0
57310,0.0,0.0,2e-05,0.00014,0.00014,4e-05,-1e-05,-2e-05,0
57311,0.0,0.0,2e-05,0.00014,0.00014,4e-05,-1e-05,-2e-05,0
57312,0.0,0.0,2e-05,0.00014,0.00014,4e-05,-1e-05,-2e-05,0
57313,0.0,0.0,2e-05,0.00014,0.00014,4e-05,-1e-05,-2e-05,0
57314,0.0,0.0,2e-05,0.00014,0.00014,4e-05,-1e-05,-2e-05,0
57315,0.0,0.0,2e-05,0.00014,0.00014,4e-05,-1e-05,-2e-05,0
57316,-1e-05,-1e-05,1e-05,0.00016,-4e-05,-4e-05,1e-05,0.0,0
57317,1e-05,3e-05,6e-05,5e-05,-2e-05,1e-05,-1e-05,-1e-05,0
57318,1e-05,3e-05,6e-05,5e-05,-2e-05,1e-05,-1e-05,-1e-05,0
57319,1e-05,3e-05,6e-05,5e-05,-2e-05,1e-05,-1e-05,-1e-05,0
57320,1e-05,3e-05,6e-05,5e-05,-2e-05,1e-05,-1e-05,-1e-05,0
57321,1e-05,3e-05,6e-05,5e-05,-2e-05,1e-05,-1e-05,-1e-05,0
57322,1e-05,3e-05,6e-05,5e-05,-2e-05,1e-05,-1e-05,-1e-05,0
57323,1e-05,3e-05,6e-05,5e-05,-2e-05,1e-05,-1e-05,-1e-05,0
57324,1e-05,3e-05,6e-05,5e-05,-2e-05,1e-05,-1e-05,-1e-05,0
57325,-2e-05,-1e-05,-2e-05,-0.00013,-0.00011,-2e-05,0.0,0.0,0
57326,-2e-05,-1e-05,-2e-05,-0.00013,-0.00011,-2e-05,0.0,0.0,0
57327,-2e-05,-1e-05,-2e-05,-0.00013,-0.00011,-2e-05,0.0,0.0,0
57328,-2e-05,-1e-05,-2e-05,-0.00013,-0.00011,-2e-05,0.0,0.0,0
57329,-2e-05,-1e-05,-2e-05,-0.00013,-0.00011,-2e-05,0.0,0.0,0
57330,-2e-05,-1e-05,-2e-05,-0.00013,-0.00011,-2e-05,0.0,0.0,0
57331,-2e-05,-1e-05,-2e-05,-0.00013,-0.00011,-2e-05,0.0,0.0,0
57332,-2e-05,-1e-05,-2e-05,-0.00013,-0.00011,-2e-05,0.0,0.0,0
57333,-2e-05,-1e-05,-2e-05,-0.00013,-0.00011,-2e-05,0.0,0.0,0
57334,-2e-05,-1e-05,-2e-05,-0.00013,-0.00011,-2e-05,0.0,0.0,0
57335,-2e-05,-1e-05,-2e-05,-0.00013,-0.00011,-2e-05,0.0,0.0,0
57336,-2e-05,-1e-05,-2e-05,-0.00013,-0.00011,-2e-05,0.0,0.0,0
57339,-2e-05,-1e-05,-2e-05,-0.00013,-0.00011,-2e-05,0.0,0.0,0
57340,1e-05,4e-05,2e-05,2e-05,3e-05,-3e-05,-2e-05,-1e-05,0
57341,1e-05,4e-05,2e-05,2e-05,3e-05,-3e-05,-2e-05,-1e-05,0
57342,1e-05,4e-05,2e-05,2e-05,3e-05,-3e-05,-2e-05,-1e-05,0
57343,1e-05,4e-05,2e-05,2e-05,3e-05,-3e-05,-2e-05,-1e-05,0
57344,1e-05,4e-05,2e-05,2e-05,3e-05,-3e-05,-2e-05,-1e-05,0
57346,-9e-05,-9e-05,-0.00011,-6e-05,8e-05,-3e-05,-1e-05,-2e-05,0
57347,-9e-05,-9e-05,-0.00011,-6e-05,8e-05,-3e-05,-1e-05,-2e-05,0
57348,-9e-05,-9e-05,-0.00011,-6e-05,8e-05,-3e-05,-1e-05,-2e-05,0
57349,-9e-05,-9e-05,-0.00011,-6e-05,8e-05,-3e-05,-1e-05,-2e-05,0
57350,-9e-05,-9e-05,-0.00011,-6e-05,8e-05,-3e-05,-1e-05,-2e-05,0
57351,-9e-05,-9e-05,-0.00011,-6e-05,8e-05,-3e-05,-1e-05,-2e-05,0
57352,-9e-05,-9e-05,-0.00011,-6e-05,8e-05,-3e-05,-1e-05,-2e-05,0
57353,-9e-05,-9e-05,-0.00011,-6e-05,8e-05,-3e-05,-1e-05,-2e-05,0
57354,-9e-05,-9e-05,-0.00011,-6e-05,8e-05,-3e-05,-1e-05,-2e-05,0
57355,-9e-05,-9e-05,-0.00011,-6e-05,8e-05,-3e-05,-1e-05,-2e-05,0
57356,-9e-05,-9e-05,-0.00011,-6e-05,8e-05,-3e-05,-1e-05,-2e-05,0
57357,-9e-05,-9e-05,-0.00011,-6e-05,8e-05,-3e-05,-1e-05,-2e-05,0
57358,-9e-05,-9e-05,-0.00011,-6e-05,8e-05,-3e-05,-1e-05,-2e-05,0
57359,-9e-05,-9e-05,-0.00011,-6e-05,8e-05,-3e-05,-1e-05,-2e-05,0
57360,-9e-05,-9e-05,-0.00011,-6e-05,8e-05,-3e-05,-1e-05,-2e-05,0
57361,-9e-05,-9e-05,-0.00011,-6e-05,8e-05,-3e-05,-1e-05,-2e-05,0
57362,-9e-05,-9e-05,-0.00011,-6e-05,8e-05,-3e-05,-1e-05,-2e-05,0
57363,0.0,-1e-05,-2e-05,7e-05,-8e-05,-1e-05,1e-05,-1e-05,0
57364,2e-05,2e-05,3e-05,-1e-05,-7e-05,0.0,-1e-05,-2e-05,0
57365,2e-05,2e-05,3e-05,-1e-05,-7e-05,0.0,-1e-05,-2e-05,0
57366,2e-05,2e-05,3e-05,-1e-05,-7e-05,0.0,-1e-05,-2e-05,0
57367,2e-05,2e-05,3e-05,-1e-05,-7e-05,0.0,-1e-05,-2e-05,0
57368,2e-05,2e-05,3e-05,-1e-05,-7e-05,0.0,-1e-05,-2e-05,0
57369,2e-05,2e-05,3e-05,-1e-05,-7e-05,0.0,-1e-05,-2e-05,0
57370,2e-05,2e-05,3e-05,-1e-05,-7e-05,0.0,-1e-05,-2e-05,0
57371,2e-05,2e-05,3e-05,-1e-05,-7e-05,0.0,-1e-05,-2e-05,0
57372,2e-05,2e-05,3e-05,-1e-05,-7e-05,0.0,-1e-05,-2e-05,0
57373,2e-05,2e-05,3e-05,-1e-05,-7e-05,0.0,-1e-05,-2e-05,0
57374,2e-05,2e-05,3e-05,-1e-05,-7e-05,0.0,-1e-05,-2e-05,0
57375,2e-05,2e-05,3e-05,-1e-05,-7e-05,0.0,-1e-05,-2e-05,0
57376,-3e-05,-2e-05,-5e-05,-0.00018,-5e-05,-3e-05,-3e-05,-2e-05,0
57377,-3e-05,-2e-05,-5e-05,-0.00018,-5e-05,-3e-05,-3e-05,-2e-05,0
57378,-3e-05,-2e-05,-5e-05,-0.00018,-5e-05,-3e-05,-3e-05,-2e-05,0
57379,-3e-05,-2e-05,-5e-05,-0.00018,-5e-05,-3e-05,-3e-05,-2e-05,0
57380,-3e-05,-2e-05,-5e-05,-0.00018,-5e-05,-3e-05,-3e-05,-2e-05,0
57381,-3e-05,-2e-05,-5e-05,-0.00018,-5e-05,-3e-05,-3e-05,-2e-05,0
57382,-3e-05,-2e-05,-5e-05,-0.00018,-5e-05,-3e-05,-3e-05,-2e-05,0
57383,-3e-05,-2e-05,-5e-05,-0.00018,-5e-05,-3e-05,-3e-05,-2e-05,0
57384,-3e-05,-2e-05,-5e-05,-0.00018,-5e-05,-3e-05,-3e-05,-2e-05,0
57385,5e-05,8e-05,0.00011,9e-05,0.0,-2e-05,-1e-05,-1e-05,0
57386,5e-05,8e-05,0.00011,9e-05,0.0,-2e-05,-1e-05,-1e-05,0
57388,5e-05,8e-05,0.00011,9e-05,0.0,-2e-05,-1e-05,-1e-05,0
57389,5e-05,8e-05,0.00011,9e-05,0.0,-2e-05,-1e-05,-1e-05,0
57390,5e-05,8e-05,0.00011,9e-05,0.0,-2e-05,-1e-05,-1e-05,0
57391,5e-05,8e-05,0.00011,9e-05,0.0,-2e-05,-1e-05,-1e-05,0
57392,5e-05,8e-05,0.00011,9e-05,0.0,-2e-05,-1e-05,-1e-05,0
57393,5e-05,8e-05,0.00011,9e-05,0.0,-2e-05,-1e-05,-1e-05,0
57394,5e-05,8e-05,0.00011,9e-05,0.0,-2e-05,-1e-05,-1e-05,0
57395,5e-05,8e-05,0.00011,9e-05,0.0,-2e-05,-1e-05,-1e-05,0
57396,5e-05,8e-05,0.00011,9e-05,0.0,-2e-05,-1e-05,-1e-05,0
57397,5e-05,8e-05,0.00011,9e-05,0.0,-2e-05,-1e-05,-1e-05,0
57398,5e-05,8e-05,0.00011,9e-05,0.0,-2e-05,-1e-05,-1e-05,0
57399,5e-05,8e-05,0.00011,9e-05,0.0,-2e-05,-1e-05,-1e-05,0
57400,-8e-05,-0.00013,-0.00016,-0.00015,-0.00014,-3e-05,-1e-05,-6e-05,0
57401,-8e-05,-0.00013,-0.00016,-0.00015,-0.00014,-3e-05,-1e-05,-6e-05,0
57402,0.0,1e-05,4e-05,3e-05,-1e-05,2e-05,1e-05,-1e-05,0
57404,0.0,1e-05,4e-05,3e-05,-1e-05,2e-05,1e-05,-1e-05,0
57405,0.0,1e-05,4e-05,3e-05,-1e-05,2e-05,1e-05,-1e-05,0
57406,0.0,1e-05,4e-05,3e-05,-1e-05,2e-05,1e-05,-1e-05,0
57407,0.0,1e-05,4e-05,3e-05,-1e-05,2e-05,1e-05,-1e-05,0
57408,0.0,1e-05,4e-05,3e-05,-1e-05,2e-05,1e-05,-1e-05,0
57409,0.0,1e-05,4e-05,3e-05,-1e-05,2e-05,1e-05,-1e-05,0
57410,0.0,1e-05,4e-05,3e-05,-1e-05,2e-05,1e-05,-1e-05,0
57411,0.0,1e-05,4e-05,3e-05,-1e-05,2e-05,1e-05,-1e-05,0
57412,0.0,1e-05,4e-05,3e-05,-1e-05,2e-05,1e-05,-1e-05,0
57413,0.0,1e-05,4e-05,3e-05,-1e-05,2e-05,1e-05,-1e-05,0
57414,0.0,1e-05,4e-05,3e-05,-1e-05,2e-05,1e-05,-1e-05,0
57415,0.0,1e-05,4e-05,3e-05,-1e-05,2e-05,1e-05,-1e-05,0
57416,0.0,1e-05,4e-05,3e-05,-1e-05,2e-05,1e-05,-1e-05,0
57417,0.0,1e-05,4e-05,3e-05,-1e-05,2e-05,1e-05,-1e-05,0
57418,0.0,1e-05,4e-05,3e-05,-1e-05,2e-05,1e-05,-1e-05,0
57419,0.0,1e-05,4e-05,3e-05,-1e-05,2e-05,1e-05,-1e-05,0
57420,0.0,1e-05,4e-05,3e-05,-1e-05,2e-05,1e-05,-1e-05,0
57421,0.0,1e-05,4e-05,3e-05,-1e-05,2e-05,1e-05,-1e-05,0
57422,0.0,1e-05,4e-05,3e-05,-1e-05,2e-05,1e-05,-1e-05,0
57423,0.0,1e-05,3e-05,5e-05,6e-05,-1e-05,-1e-05,0.0,0
57424,-2e-05,-1e-05,-4e-05,-0.00013,-8e-05,-2e-05,0.0,0.0,0
57425,-2e-05,-1e-05,-4e-05,-0.00013,-8e-05,-2e-05,0.0,0.0,0
57426,-2e-05,-1e-05,-4e-05,-0.00013,-8e-05,-2e-05,0.0,0.0,0
57427,-2e-05,-1e-05,-4e-05,-0.00013,-8e-05,-2e-05,0.0,0.0,0
57428,-2e-05,-1e-05,-4e-05,-0.00013,-8e-05,-2e-05,0.0,0.0,0
57429,-2e-05,-1e-05,-4e-05,-0.00013,-8e-05,-2e-05,0.0,0.0,0
57430,-2e-05,-1e-05,-4e-05,-0.00013,-8e-05,-2e-05,0.0,0.0,0
57431,-2e-05,-1e-05,-4e-05,-0.00013,-8e-05,-2e-05,0.0,0.0,0
57432,-2e-05,-1e-05,-4e-05,-0.00013,-8e-05,-2e-05,0.0,0.0,0
57433,-2e-05,-1e-05,-4e-05,-0.00013,-8e-05,-2e-05,0.0,0.0,0
57434,-2e-05,-1e-05,-4e-05,-0.00013,-8e-05,-2e-05,0.0,0.0,0
57435,-2e-05,-1e-05,-4e-05,-0.00013,-8e-05,-2e-05,0.0,0.0,0
57436,-2e-05,-1e-05,-4e-05,-0.00013,-8e-05,-2e-05,0.0,0.0,0
57439,-2e-05,-1e-05,-4e-05,-0.00013,-8e-05,-2e-05,0.0,0.0,0
57440,-2e-05,-1e-05,-4e-05,-0.00013,-8e-05,-2e-05,0.0,0.0,0
57441,-2e-05,-1e-05,-4e-05,-0.00013,-8e-05,-2e-05,0.0,0.0,0
57442,-2e-05,-1e-05,-4e-05,-0.00013,-8e-05,-2e-05,0.0,0.0,0
57443,-2e-05,-1e-05,-4e-05,-0.00013,-8e-05,-2e-05,0.0,0.0,0
57444,-2e-05,-1e-05,-4e-05,-0.00013,-8e-05,-2e-05,0.0,0.0,0
57445,0.0,2e-05,4e-05,7e-05,0.00015,0.0,-1e-05,1e-05,0
57446,0.0,2e-05,4e-05,7e-05,0.00015,0.0,-1e-05,1e-05,0
57447,-2e-05,-5e-05,-6e-05,-6e-05,-6e-05,0.0,-2e-05,-2e-05,0
57448,-2e-05,-5e-05,-6e-05,-6e-05,-6e-05,0.0,-2e-05,-2e-05,0
57449,-2e-05,-5e-05,-6e-05,-6e-05,-6e-05,0.0,-2e-05,-2e-05,0
57450,-2e-05,-5e-05,-6e-05,-6e-05,-6e-05,0.0,-2e-05,-2e-05,0
57451,-2e-05,-5e-05,-6e-05,-6e-05,-6e-05,0.0,-2e-05,-2e-05,0
57452,-2e-05,-5e-05,-6e-05,-6e-05,-6e-05,0.0,-2e-05,-2e-05,0
57454,-2e-05,-5e-05,-6e-05,-6e-05,-6e-05,0.0,-2e-05,-2e-05,0
57455,-2e-05,-5e-05,-6e-05,-6e-05,-6e-05,0.0,-2e-05,-2e-05,0
57456,-2e-05,-5e-05,-6e-05,-6e-05,-6e-05,0.0,-2e-05,-2e-05,0
57457,-2e-05,-5e-05,-6e-05,-6e-05,-6e-05,0.0,-2e-05,-2e-05,0
57458,-2e-05,-5e-05,-6e-05,-6e-05,-6e-05,0.0,-2e-05,-2e-05,0
57459,-2e-05,-5e-05,-6e-05,-6e-05,-6e-05,0.0,-2e-05,-2e-05,0
57460,-4e-05,-1e-05,0.0,0.00022,0.00025,0.0,-1e-05,-2e-05,0
57461,-4e-05,-1e-05,0.0,0.00022,0.00025,0.0,-1e-05,-2e-05,0
57462,2e-05,-1e-05,0.0,7e-05,-4e-05,1e-05,0.0,1e-05,0
57463,2e-05,-1e-05,0.0,7e-05,-4e-05,1e-05,0.0,1e-05,0
57464,2e-05,-1e-05,0.0,7e-05,-4e-05,1e-05,0.0,1e-05,0
57465,2e-05,-1e-05,0.0,7e-05,-4e-05,1e-05,0.0,1e-05,0
57466,2e-05,-1e-05,0.0,7e-05,-4e-05,1e-05,0.0,1e-05,0
57467,2e-05,-1e-05,0.0,7e-05,-4e-05,1e-05,0.0,1e-05,0
57468,2e-05,-1e-05,0.0,7e-05,-4e-05,1e-05,0.0,1e-05,0
57469,2e-05,-1e-05,0.0,7e-05,-4e-05,1e-05,0.0,1e-05,0
57470,2e-05,-1e-05,0.0,7e-05,-4e-05,1e-05,0.0,1e-05,0
57471,2e-05,-1e-05,0.0,7e-05,-4e-05,1e-05,0.0,1e-05,0
57472,2e-05,-1e-05,0.0,7e-05,-4e-05,1e-05,0.0,1e-05,0
57473,2e-05,-1e-05,0.0,7e-05,-4e-05,1e-05,0.0,1e-05,0
57474,2e-05,-1e-05,0.0,7e-05,-4e-05,1e-05,0.0,1e-05,0
57475,2e-05,-1e-05,0.0,7e-05,-4e-05,1e-05,0.0,1e-05,0
57476,2e-05,-1e-05,0.0,7e-05,-4e-05,1e-05,0.0,1e-05,0
57477,2e-05,-1e-05,0.0,7e-05,-4e-05,1e-05,0.0,1e-05,0
57478,2e-05,-1e-05,0.0,7e-05,-4e-05,1e-05,0.0,1e-05,0
57479,2e-05,-1e-05,0.0,7e-05,-4e-05,1e-05,0.0,1e-05,0
57480,2e-05,-1e-05,0.0,7e-05,-4e-05,1e-05,0.0,1e-05,0
57481,2e-05,-1e-05,0.0,7e-05,-4e-05,1e-05,0.0,1e-05,0
57482,2e-05,-1e-05,0.0,7e-05,-4e-05,1e-05,0.0,1e-05,0
57483,2e-05,2e-05,3e-05,-1e-05,-8e-05,-1e-05,-1e-05,0.0,0
57484,-2e-05,-5e-05,-4e-05,5e-05,2e-05,0.0,0.0,1e-05,0
57485,-2e-05,-5e-05,-4e-05,5e-05,2e-05,0.0,0.0,1e-05,0
57486,-2e-05,-5e-05,-4e-05,5e-05,2e-05,0.0,0.0,1e-05,0
57489,-2e-05,-5e-05,-4e-05,5e-05,2e-05,0.0,0.0,1e-05,0
57490,-2e-05,-5e-05,-4e-05,5e-05,2e-05,0.0,0.0,1e-05,0
57491,-2e-05,-5e-05,-4e-05,5e-05,2e-05,0.0,0.0,1e-05,0
57492,-2e-05,-5e-05,-4e-05,5e-05,2e-05,0.0,0.0,1e-05,0
57493,-2e-05,-5e-05,-4e-05,5e-05,2e-05,0.0,0.0,1e-05,0
57494,-2e-05,-5e-05,-4e-05,5e-05,2e-05,0.0,0.0,1e-05,0
57495,-2e-05,-5e-05,-4e-05,5e-05,2e-05,0.0,0.0,1e-05,0
57496,-2e-05,-5e-05,-4e-05,5e-05,2e-05,0.0,0.0,1e-05,0
57497,-2e-05,-5e-05,-4e-05,5e-05,2e-05,0.0,0.0,1e-05,0
57498,-2e-05,-5e-05,-4e-05,5e-05,2e-05,0.0,0.0,1e-05,0
57499,-2e-05,-5e-05,-4e-05,5e-05,2e-05,0.0,0.0,1e-05,0
57500,-2e-05,-5e-05,-4e-05,5e-05,2e-05,0.0,0.0,1e-05,0
57501,-2e-05,-5e-05,-4e-05,5e-05,2e-05,0.0,0.0,1e-05,0
57502,-2e-05,-5e-05,-4e-05,5e-05,2e-05,0.0,0.0,1e-05,0
57503,-2e-05,-5e-05,-4e-05,5e-05,2e-05,0.0,0.0,1e-05,0
57504,-2e-05,-5e-05,-4e-05,5e-05,2e-05,0.0,0.0,1e-05,0
57505,0.0,-1e-05,-3e-05,-4e-05,0.0,0.0,0.0,0.0,0
57506,0.0,-1e-05,-3e-05,-4e-05,0.0,0.0,0.0,0.0,0
57507,0.0,0.0,-2e-05,-1e-05,7e-05,0.0,-2e-05,-1e-05,0
57508,0.0,0.0,-2e-05,-1e-05,7e-05,0.0,-2e-05,-1e-05,0
57509,0.0,0.0,-2e-05,-1e-05,7e-05,0.0,-2e-05,-1e-05,0
57510,0.0,0.0,-2e-05,-1e-05,7e-05,0.0,-2e-05,-1e-05,0
57511,0.0,0.0,-2e-05,-1e-05,7e-05,0.0,-2e-05,-1e-05,0
57512,0.0,0.0,-2e-05,-1e-05,7e-05,0.0,-2e-05,-1e-05,0
57513,0.0,0.0,-2e-05,-1e-05,7e-05,0.0,-2e-05,-1e-05,0
57514,0.0,0.0,-2e-05,-1e-05,7e-05,0.0,-2e-05,-1e-05,0
57515,0.0,0.0,-2e-05,-1e-05,7e-05,0.0,-2e-05,-1e-05,0
57516,0.0,0.0,-2e-05,-1e-05,7e-05,0.0,-2e-05,-1e-05,0
57517,0.0,0.0,-2e-05,-1e-05,7e-05,0.0,-2e-05,-1e-05,0
57518,0.0,0.0,-2e-05,-1e-05,7e-05,0.0,-2e-05,-1e-05,0
57519,0.0,0.0,-2e-05,-1e-05,7e-05,0.0,-2e-05,-1e-05,0
57520,0.0,0.0,0.0,-6e-05,-7e-05,-2e-05,0.0,2e-05,0
57521,0.0,0.0,0.0,-6e-05,-7e-05,-2e-05,0.0,2e-05,0
57522,-4e-05,-5e-05,-5e-05,-0.0001,-6e-05,-3e-05,-2e-05,-2e-05,0
57523,-4e-05,-5e-05,-5e-05,-0.0001,-6e-05,-3e-05,-2e-05,-2e-05,0
57524,-4e-05,-5e-05,-5e-05,-0.0001,-6e-05,-3e-05,-2e-05,-2e-05,0
57525,-4e-05,-5e-05,-5e-05,-0.0001,-6e-05,-3e-05,-2e-05,-2e-05,0
57526,-4e-05,-5e-05,-5e-05,-0.0001,-6e-05,-3e-05,-2e-05,-2e-05,0
57527,-4e-05,-5e-05,-5e-05,-0.0001,-6e-05,-3e-05,-2e-05,-2e-05,0
57528,-4e-05,-5e-05,-5e-05,-0.0001,-6e-05,-3e-05,-2e-05,-2e-05,0
57529,-4e-05,-5e-05,-5e-05,-0.0001,-6e-05,-3e-05,-2e-05,-2e-05,0
57530,-4e-05,-5e-05,-5e-05,-0.0001,-6e-05,-3e-05,-2e-05,-2e-05,0
57531,-4e-05,-5e-05,-5e-05,-0.0001,-6e-05,-3e-05,-2e-05,-2e-05,0
57532,-4e-05,-5e-05,-5e-05,-0.0001,-6e-05,-3e-05,-2e-05,-2e-05,0
57533,-4e-05,-5e-05,-5e-05,-0.0001,-6e-05,-3e-05,-2e-05,-2e-05,0
57534,-4e-05,-5e-05,-5e-05,-0.0001,-6e-05,-3e-05,-2e-05,-2e-05,0
57535,-4e-05,-5e-05,-5e-05,-0.0001,-6e-05,-3e-05,-2e-05,-2e-05,0
57536,-4e-05,-5e-05,-5e-05,-0.0001,-6e-05,-3e-05,-2e-05,-2e-05,0
57539,-4e-05,-5e-05,-5e-05,-0.0001,-6e-05,-3e-05,-2e-05,-2e-05,0
57540,-4e-05,-5e-05,-5e-05,-0.0001,-6e-05,-3e-05,-2e-05,-2e-05,0
57541,-4e-05,-5e-05,-5e-05,-0.0001,-6e-05,-3e-05,-2e-05,-2e-05,0
57542,-4e-05,-5e-05,-5e-05,-0.0001,-6e-05,-3e-05,-2e-05,-2e-05,0
57543,-1e-05,1e-05,1e-05,-8e-05,1e-05,-2e-05,0.0,-2e-05,0
57544,0.0,4e-05,2e-05,6e-05,6e-05,0.0,1e-05,-1e-05,0
57545,0.0,4e-05,2e-05,6e-05,6e-05,0.0,1e-05,-1e-05,0
57546,0.0,4e-05,2e-05,6e-05,6e-05,0.0,1e-05,-1e-05,0
57547,0.0,4e-05,2e-05,6e-05,6e-05,0.0,1e-05,-1e-05,0
57548,0.0,4e-05,2e-05,6e-05,6e-05,0.0,1e-05,-1e-05,0
57549,0.0,4e-05,2e-05,6e-05,6e-05,0.0,1e-05,-1e-05,0
57550,0.0,4e-05,2e-05,6e-05,6e-05,0.0,1e-05,-1e-05,0
57551,0.0,4e-05,2e-05,6e-05,6e-05,0.0,1e-05,-1e-05,0
57552,0.0,4e-05,2e-05,6e-05,6e-05,0.0,1e-05,-1e-05,0
57553,0.0,4e-05,2e-05,6e-05,6e-05,0.0,1e-05,-1e-05,0
57554,0.0,4e-05,2e-05,6e-05,6e-05,0.0,1e-05,-1e-05,0
57555,0.0,4e-05,2e-05,6e-05,6e-05,0.0,1e-05,-1e-05,0
57556,0.0,4e-05,2e-05,6e-05,6e-05,0.0,1e-05,-1e-05,0
57557,0.0,4e-05,2e-05,6e-05,6e-05,0.0,1e-05,-1e-05,0
57558,0.0,4e-05,2e-05,6e-05,6e-05,0.0,1e-05,-1e-05,0
57559,0.0,4e-05,2e-05,6e-05,6e-05,0.0,1e-05,-1e-05,0
57560,0.0,4e-05,2e-05,6e-05,6e-05,0.0,1e-05,-1e-05,0
57561,0.0,4e-05,2e-05,6e-05,6e-05,0.0,1e-05,-1e-05,0
57562,0.0,4e-05,2e-05,6e-05,6e-05,0.0,1e-05,-1e-05,0
57563,0.0,4e-05,2e-05,6e-05,6e-05,0.0,1e-05,-1e-05,0
57564,0.0,4e-05,2e-05,6e-05,6e-05,0.0,1e-05,-1e-05,0
57565,-2e-05,0.0,0.0,-2e-05,6e-05,0.0,-1e-05,0.0,0
57566,-2e-05,0.0,0.0,-2e-05,6e-05,0.0,-1e-05,0.0,0
57567,-1e-05,0.0,-2e-05,-0.0001,-5e-05,-3e-05,-2e-05,-2e-05,0
57568,-1e-05,0.0,-2e-05,-0.0001,-5e-05,-3e-05,-2e-05,-2e-05,0
57569,-1e-05,0.0,-2e-05,-0.0001,-5e-05,-3e-05,-2e-05,-2e-05,0
57570,-1e-05,0.0,-2e-05,-0.0001,-5e-05,-3e-05,-2e-05,-2e-05,0
57571,-1e-05,0.0,-2e-05,-0.0001,-5e-05,-3e-05,-2e-05,-2e-05,0
57572,-1e-05,0.0,-2e-05,-0.0001,-5e-05,-3e-05,-2e-05,-2e-05,0
57573,-1e-05,0.0,-2e-05,-0.0001,-5e-05,-3e-05,-2e-05,-2e-05,0
57574,-1e-05,0.0,-2e-05,-0.0001,-5e-05,-3e-05,-2e-05,-2e-05,0
57575,-1e-05,0.0,-2e-05,-0.0001,-5e-05,-3e-05,-2e-05,-2e-05,0
57576,-1e-05,0.0,-2e-05,-0.0001,-5e-05,-3e-05,-2e-05,-2e-05,0
57577,-1e-05,0.0,-2e-05,-0.0001,-5e-05,-3e-05,-2e-05,-2e-05,0
57578,-1e-05,0.0,-2e-05,-0.0001,-5e-05,-3e-05,-2e-05,-2e-05,0
57579,-1e-05,0.0,-2e-05,-0.0001,-5e-05,-3e-05,-2e-05,-2e-05,0
57580,0.0,2e-05,2e-05,-5e-05,-8e-05,-2e-05,-1e-05,0.0,0
57581,0.0,2e-05,2e-05,-5e-05,-8e-05,-2e-05,-1e-05,0.0,0
57582,-4e-05,-4e-05,-3e-05,-2e-05,-3e-05,1e-05,1e-05,0.0,0
57583,-4e-05,-4e-05,-3e-05,-2e-05,-3e-05,1e-05,1e-05,0.0,0
57584,-4e-05,-4e-05,-3e-05,-2e-05,-3e-05,1e-05,1e-05,0.0,0
57585,-4e-05,-4e-05,-3e-05,-2e-05,-3e-05,1e-05,1e-05,0.0,0
57586,-4e-05,-4e-05,-3e-05,-2e-05,-3e-05,1e-05,1e-05,0.0,0
57588,-4e-05,-4e-05,-3e-05,-2e-05,-3e-05,1e-05,1e-05,0.0,0
57589,-4e-05,-4e-05,-3e-05,-2e-05,-3e-05,1e-05,1e-05,0.0,0
57590,-4e-05,-4e-05,-3e-05,-2e-05,-3e-05,1e-05,1e-05,0.0,0
57591,-4e-05,-4e-05,-3e-05,-2e-05,-3e-05,1e-05,1e-05,0.0,0
57592,-4e-05,-4e-05,-3e-05,-2e-05,-3e-05,1e-05,1e-05,0.0,0
57593,-4e-05,-4e-05,-3e-05,-2e-05,-3e-05,1e-05,1e-05,0.0,0
57594,-4e-05,-4e-05,-3e-05,-2e-05,-3e-05,1e-05,1e-05,0.0,0
57595,-4e-05,-4e-05,-3e-05,-2e-05,-3e-05,1e-05,1e-05,0.0,0
57596,-4e-05,-4e-05,-3e-05,-2e-05,-3e-05,1e-05,1e-05,0.0,0
57597,-4e-05,-4e-05,-3e-05,-2e-05,-3e-05,1e-05,1e-05,0.0,0
57598,-4e-05,-4e-05,-3e-05,-2e-05,-3e-05,1e-05,1e-05,0.0,0
57599,-4e-05,-4e-05,-3e-05,-2e-05,-3e-05,1e-05,1e-05,0.0,0
57600,-4e-05,-4e-05,-3e-05,-2e-05,-3e-05,1e-05,1e-05,0.0,0
57601,-4e-05,-4e-05,-3e-05,-2e-05,-3e-05,1e-05,1e-05,0.0,0
57602,-4e-05,-4e-05,-3e-05,-2e-05,-3e-05,1e-05,1e-05,0.0,0
57603,-1e-05,-3e-05,-1e-05,1e-05,-4e-05,-3e-05,-1e-05,-1e-05,0
57604,-1e-05,-3e-05,-1e-05,1e-05,-4e-05,-3e-05,-1e-05,-1e-05,0
57605,1e-05,1e-05,-1e-05,-2e-05,4e-05,-9e-05,-1e-05,-2e-05,0
57606,1e-05,1e-05,-1e-05,-2e-05,4e-05,-9e-05,-1e-05,-2e-05,0
57607,1e-05,1e-05,-1e-05,-2e-05,4e-05,-9e-05,-1e-05,-2e-05,0
57608,1e-05,1e-05,-1e-05,-2e-05,4e-05,-9e-05,-1e-05,-2e-05,0
57609,1e-05,1e-05,-1e-05,-2e-05,4e-05,-9e-05,-1e-05,-2e-05,0
57610,1e-05,1e-05,-1e-05,-2e-05,4e-05,-9e-05,-1e-05,-2e-05,0
57611,1e-05,1e-05,-1e-05,-2e-05,4e-05,-9e-05,-1e-05,-2e-05,0
57612,1e-05,1e-05,-1e-05,-2e-05,4e-05,-9e-05,-1e-05,-2e-05,0
57613,1e-05,1e-05,-1e-05,-2e-05,4e-05,-9e-05,-1e-05,-2e-05,0
57614,1e-05,1e-05,-1e-05,-2e-05,4e-05,-9e-05,-1e-05,-2e-05,0
57615,1e-05,1e-05,-1e-05,-2e-05,4e-05,-9e-05,-1e-05,-2e-05,0
57616,1e-05,1e-05,-1e-05,-2e-05,4e-05,-9e-05,-1e-05,-2e-05,0
57617,1e-05,1e-05,-1e-05,-2e-05,4e-05,-9e-05,-1e-05,-2e-05,0
57618,1e-05,1e-05,-1e-05,-2e-05,4e-05,-9e-05,-1e-05,-2e-05,0
57619,1e-05,1e-05,-1e-05,-2e-05,4e-05,-9e-05,-1e-05,-2e-05,0
57620,1e-05,1e-05,-1e-05,-2e-05,4e-05,-9e-05,-1e-05,-2e-05,0
57621,1e-05,1e-05,-1e-05,-2e-05,4e-05,-9e-05,-1e-05,-2e-05,0
57622,1e-05,1e-05,-1e-05,-2e-05,4e-05,-9e-05,-1e-05,-2e-05,0
57623,1e-05,1e-05,-1e-05,-2e-05,4e-05,-9e-05,-1e-05,-2e-05,0
57625,0.0,0.0,-1e-05,3e-05,1e-05,-2e-05,-1e-05,1e-05,0
57626,0.0,0.0,-1e-05,3e-05,1e-05,-2e-05,-1e-05,1e-05,0
57627,-4e-05,-4e-05,-6e-05,-0.0001,-0.0001,0.0,-1e-05,-3e-05,0
57628,-4e-05,-4e-05,-6e-05,-0.0001,-0.0001,0.0,-1e-05,-3e-05,0
57629,-4e-05,-4e-05,-6e-05,-0.0001,-0.0001,0.0,-1e-05,-3e-05,0
57630,-4e-05,-4e-05,-6e-05,-0.0001,-0.0001,0.0,-1e-05,-3e-05,0
57631,-4e-05,-4e-05,-6e-05,-0.0001,-0.0001,0.0,-1e-05,-3e-05,0
57632,-4e-05,-4e-05,-6e-05,-0.0001,-0.0001,0.0,-1e-05,-3e-05,0
57633,-4e-05,-4e-05,-6e-05,-0.0001,-0.0001,0.0,-1e-05,-3e-05,0
57634,-4e-05,-4e-05,-6e-05,-0.0001,-0.0001,0.0,-1e-05,-3e-05,0
57635,-4e-05,-4e-05,-6e-05,-0.0001,-0.0001,0.0,-1e-05,-3e-05,0
57636,-4e-05,-4e-05,-6e-05,-0.0001,-0.0001,0.0,-1e-05,-3e-05,0
57638,-4e-05,-4e-05,-6e-05,-0.0001,-0.0001,0.0,-1e-05,-3e-05,0
57639,0.0,-1e-05,-1e-05,-1e-05,2e-05,0.0,1e-05,0.0,0
57640,0.0,0.0,1e-05,2e-05,1e-05,-3e-05,-1e-05,-1e-05,0
57641,0.0,0.0,1e-05,2e-05,1e-05,-3e-05,-1e-05,-1e-05,0
57642,0.0,0.0,1e-05,2e-05,1e-05,-3e-05,-1e-05,-1e-05,0
57643,0.0,0.0,1e-05,2e-05,1e-05,-3e-05,-1e-05,-1e-05,0
57644,0.0,0.0,1e-05,2e-05,1e-05,-3e-05,-1e-05,-1e-05,0
57645,0.0,0.0,1e-05,2e-05,1e-05,-3e-05,-1e-05,-1e-05,0
57646,-1e-05,-1e-05,0.0,7e-05,5e-05,0.0,-1e-05,-2e-05,0
57647,-1e-05,-1e-05,0.0,7e-05,5e-05,0.0,-1e-05,-2e-05,0
57648,-1e-05,-1e-05,0.0,7e-05,5e-05,0.0,-1e-05,-2e-05,0
57649,-1e-05,-1e-05,0.0,7e-05,5e-05,0.0,-1e-05,-2e-05,0
57650,-1e-05,-1e-05,0.0,7e-05,5e-05,0.0,-1e-05,-2e-05,0
57651,-1e-05,-1e-05,0.0,7e-05,5e-05,0.0,-1e-05,-2e-05,0
57652,-1e-05,-1e-05,0.0,7e-05,5e-05,0.0,-1e-05,-2e-05,0
57653,-1e-05,-1e-05,0.0,7e-05,5e-05,0.0,-1e-05,-2e-05,0
57654,-1e-05,-1e-05,0.0,7e-05,5e-05,0.0,-1e-05,-2e-05,0
57655,-1e-05,-1e-05,0.0,7e-05,5e-05,0.0,-1e-05,-2e-05,0
57656,-1e-05,-1e-05,0.0,7e-05,5e-05,0.0,-1e-05,-2e-05,0
57657,-1e-05,-1e-05,0.0,7e-05,5e-05,0.0,-1e-05,-2e-05,0
57658,-1e-05,-1e-05,0.0,7e-05,5e-05,0.0,-1e-05,-2e-05,0
57659,-1e-05,-1e-05,0.0,7e-05,5e-05,0.0,-1e-05,-2e-05,0
57660,-1e-05,-1e-05,0.0,7e-05,5e-05,0.0,-1e-05,-2e-05,0
57661,-1e-05,-1e-05,0.0,7e-05,5e-05,0.0,-1e-05,-2e-05,0
57662,-1e-05,-1e-05,0.0,7e-05,5e-05,0.0,-1e-05,-2e-05,0
57663,-1e-05,-3e-05,-2e-05,0.00021,-4e-05,1e-05,0.0,1e-05,0
57664,-1e-05,-5e-05,-2e-05,2e-05,-0.00012,-1e-05,0.0,-2e-05,0
57665,-1e-05,-5e-05,-2e-05,2e-05,-0.00012,-1e-05,0.0,-2e-05,0
57666,-1e-05,-5e-05,-2e-05,2e-05,-0.00012,-1e-05,0.0,-2e-05,0
57667,-1e-05,-5e-05,-2e-05,2e-05,-0.00012,-1e-05,0.0,-2e-05,0
57668,-1e-05,-5e-05,-2e-05,2e-05,-0.00012,-1e-05,0.0,-2e-05,0
57669,-1e-05,-5e-05,-2e-05,2e-05,-0.00012,-1e-05,0.0,-2e-05,0
57670,-1e-05,-5e-05,-2e-05,2e-05,-0.00012,-1e-05,0.0,-2e-05,0
57671,-1e-05,-5e-05,-2e-05,2e-05,-0.00012,-1e-05,0.0,-2e-05,0
57672,-1e-05,-5e-05,-2e-05,2e-05,-0.00012,-1e-05,0.0,-2e-05,0
57673,-1e-05,-5e-05,-2e-05,2e-05,-0.00012,-1e-05,0.0,-2e-05,0
57674,-1e-05,-5e-05,-2e-05,2e-05,-0.00012,-1e-05,0.0,-2e-05,0
57675,-1e-05,-5e-05,-2e-05,2e-05,-0.00012,-1e-05,0.0,-2e-05,0
57676,-1e-05,-5e-05,-2e-05,2e-05,-0.00012,-1e-05,0.0,-2e-05,0
57677,-1e-05,-5e-05,-2e-05,2e-05,-0.00012,-1e-05,0.0,-2e-05,0
57678,-1e-05,-5e-05,-2e-05,2e-05,-0.00012,-1e-05,0.0,-2e-05,0
57679,-1e-05,-5e-05,-2e-05,2e-05,-0.00012,-1e-05,0.0,-2e-05,0
57680,-1e-05,-5e-05,-2e-05,2e-05,-0.00012,-1e-05,0.0,-2e-05,0
57681,-1e-05,-5e-05,-2e-05,2e-05,-0.00012,-1e-05,0.0,-2e-05,0
57682,-1e-05,-5e-05,-2e-05,2e-05,-0.00012,-1e-05,0.0,-2e-05,0
57683,-1e-05,-5e-05,-2e-05,2e-05,-0.00012,-1e-05,0.0,-2e-05,0
57684,-1e-05,-5e-05,-2e-05,2e-05,-0.00012,-1e-05,0.0,-2e-05,0
57685,1e-05,0.0,-1e-05,-9e-05,5e-05,-1e-05,-2e-05,-2e-05,0
57686,1e-05,0.0,-1e-05,-9e-05,5e-05,-1e-05,-2e-05,-2e-05,0
57688,2e-05,5e-05,6e-05,0.00014,0.00013,-1e-05,0.0,1e-05,0
57689,2e-05,5e-05,6e-05,0.00014,0.00013,-1e-05,0.0,1e-05,0
57690,2e-05,5e-05,6e-05,0.00014,0.00013,-1e-05,0.0,1e-05,0
57691,2e-05,5e-05,6e-05,0.00014,0.00013,-1e-05,0.0,1e-05,0
57692,2e-05,5e-05,6e-05,0.00014,0.00013,-1e-05,0.0,1e-05,0
57693,2e-05,5e-05,6e-05,0.00014,0.00013,-1e-05,0.0,1e-05,0
57694,2e-05,5e-05,6e-05,0.00014,0.00013,-1e-05,0.0,1e-05,0
57695,2e-05,5e-05,6e-05,0.00014,0.00013,-1e-05,0.0,1e-05,0
57696,2e-05,5e-05,6e-05,0.00014,0.00013,-1e-05,0.0,1e-05,0
57697,2e-05,5e-05,6e-05,0.00014,0.00013,-1e-05,0.0,1e-05,0
57698,2e-05,5e-05,6e-05,0.00014,0.00013,-1e-05,0.0,1e-05,0
57699,-2e-05,-2e-05,-3e-05,-4e-05,-6e-05,0.0,-1e-05,-2e-05,0
57700,-5e-05,-8e-05,-7e-05,-0.00012,-7e-05,-1e-05,-1e-05,-3e-05,0
57701,-5e-05,-8e-05,-7e-05,-0.00012,-7e-05,-1e-05,-1e-05,-3e-05,0
57702,-5e-05,-8e-05,-7e-05,-0.00012,-7e-05,-1e-05,-1e-05,-3e-05,0
57703,-5e-05,-8e-05,-7e-05,-0.00012,-7e-05,-1e-05,-1e-05,-3e-05,0
57704,-5e-05,-8e-05,-7e-05,-0.00012,-7e-05,-1e-05,-1e-05,-3e-05,0
57705,-5e-05,-8e-05,-7e-05,-0.00012,-7e-05,-1e-05,-1e-05,-3e-05,0
57706,0.0,0.0,2e-05,-0.00011,-0.00014,-3e-05,-1e-05,-1e-05,0
57707,0.0,0.0,2e-05,-0.00011,-0.00014,-3e-05,-1e-05,-1e-05,0
57708,0.0,0.0,2e-05,-0.00011,-0.00014,-3e-05,-1e-05,-1e-05,0
57709,0.0,0.0,2e-05,-0.00011,-0.00014,-3e-05,-1e-05,-1e-05,0
57710,0.0,0.0,2e-05,-0.00011,-0.00014,-3e-05,-1e-05,-1e-05,0
57711,0.0,0.0,2e-05,-0.00011,-0.00014,-3e-05,-1e-05,-1e-05,0
57712,0.0,0.0,2e-05,-0.00011,-0.00014,-3e-05,-1e-05,-1e-05,0
57713,0.0,0.0,2e-05,-0.00011,-0.00014,-3e-05,-1e-05,-1e-05,0
57714,0.0,0.0,2e-05,-0.00011,-0.00014,-3e-05,-1e-05,-1e-05,0
57715,0.0,0.0,2e-05,-0.00011,-0.00014,-3e-05,-1e-05,-1e-05,0
57716,0.0,0.0,2e-05,-0.00011,-0.00014,-3e-05,-1e-05,-1e-05,0
57717,0.0,0.0,2e-05,-0.00011,-0.00014,-3e-05,-1e-05,-1e-05,0
57718,0.0,0.0,2e-05,-0.00011,-0.00014,-3e-05,-1e-05,-1e-05,0
57719,0.0,0.0,2e-05,-0.00011,-0.00014,-3e-05,-1e-05,-1e-05,0
57720,0.0,0.0,2e-05,-0.00011,-0.00014,-3e-05,-1e-05,-1e-05,0
57721,0.0,0.0,2e-05,-0.00011,-0.00014,-3e-05,-1e-05,-1e-05,0
57722,0.0,0.0,2e-05,-0.00011,-0.00014,-3e-05,-1e-05,-1e-05,0
57723,3e-05,-1e-05,1e-05,-6e-05,8e-05,-1e-05,1e-05,-1e-05,0
57724,-1e-05,-3e-05,-6e-05,-0.00012,-3e-05,1e-05,-1e-05,0.0,0
57725,-1e-05,-3e-05,-6e-05,-0.00012,-3e-05,1e-05,-1e-05,0.0,0
57726,-1e-05,-3e-05,-6e-05,-0.00012,-3e-05,1e-05,-1e-05,0.0,0
57727,-1e-05,-3e-05,-6e-05,-0.00012,-3e-05,1e-05,-1e-05,0.0,0
57728,-1e-05,-3e-05,-6e-05,-0.00012,-3e-05,1e-05,-1e-05,0.0,0
57729,-1e-05,-3e-05,-6e-05,-0.00012,-3e-05,1e-05,-1e-05,0.0,0
57730,-1e-05,-3e-05,-6e-05,-0.00012,-3e-05,1e-05,-1e-05,0.0,0
57731,-1e-05,-3e-05,-6e-05,-0.00012,-3e-05,1e-05,-1e-05,0.0,0
57732,-1e-05,-3e-05,-6e-05,-0.00012,-3e-05,1e-05,-1e-05,0.0,0
57733,-1e-05,-3e-05,-6e-05,-0.00012,-3e-05,1e-05,-1e-05,0.0,0
57734,-1e-05,-3e-05,-6e-05,-0.00012,-3e-05,1e-05,-1e-05,0.0,0
57735,-1e-05,-3e-05,-6e-05,-0.00012,-3e-05,1e-05,-1e-05,0.0,0
57736,-1e-05,-3e-05,-6e-05,-0.00012,-3e-05,1e-05,-1e-05,0.0,0
57738,-1e-05,-3e-05,-6e-05,-0.00012,-3e-05,1e-05,-1e-05,0.0,0
57739,-1e-05,-3e-05,-6e-05,-0.00012,-3e-05,1e-05,-1e-05,0.0,0
57740,-1e-05,-3e-05,-6e-05,-0.00012,-3e-05,1e-05,-1e-05,0.0,0
57741,-1e-05,-3e-05,-6e-05,-0.00012,-3e-05,1e-05,-1e-05,0.0,0
57742,-1e-05,-3e-05,-6e-05,-0.00012,-3e-05,1e-05,-1e-05,0.0,0
57743,-1e-05,-3e-05,-6e-05,-0.00012,-3e-05,1e-05,-1e-05,0.0,0
57744,-1e-05,-3e-05,-6e-05,-0.00012,-3e-05,1e-05,-1e-05,0.0,0
57745,-1e-05,-3e-05,-6e-05,-0.00012,-3e-05,1e-05,-1e-05,0.0,0
57746,-1e-05,-3e-05,-6e-05,-0.00012,-3e-05,1e-05,-1e-05,0.0,0
57747,-1e-05,-3e-05,-6e-05,-0.00012,-3e-05,1e-05,-1e-05,0.0,0
57748,-1e-05,-3e-05,-6e-05,-0.00012,-3e-05,1e-05,-1e-05,0.0,0
57749,-1e-05,-3e-05,-6e-05,-0.00012,-3e-05,1e-05,-1e-05,0.0,0
57750,-1e-05,-3e-05,-6e-05,-0.00012,-3e-05,1e-05,-1e-05,0.0,0
57751,-1e-05,-3e-05,-6e-05,-0.00012,-3e-05,1e-05,-1e-05,0.0,0
57752,-1e-05,-3e-05,-6e-05,-0.00012,-3e-05,1e-05,-1e-05,0.0,0
57753,-1e-05,-1e-05,-4e-05,-0.00013,-7e-05,0.0,-1e-05,-3e-05,0
57754,0.0,3e-05,0.0,-8e-05,1e-05,-4e-05,-1e-05,-3e-05,0
57755,1e-05,-1e-05,0.0,0.0,-8e-05,-2e-05,-1e-05,-1e-05,0
57756,1e-05,-1e-05,0.0,0.0,-8e-05,-2e-05,-1e-05,-1e-05,0
57757,1e-05,-1e-05,0.0,0.0,-8e-05,-2e-05,-1e-05,-1e-05,0
57758,1e-05,-1e-05,0.0,0.0,-8e-05,-2e-05,-1e-05,-1e-05,0
57759,1e-05,4e-05,6e-05,-7e-05,2e-05,-4e-05,-2e-05,-2e-05,0
57760,-5e-05,-6e-05,-0.00012,1e-05,-2e-05,1e-05,1e-05,-2e-05,0
57761,-5e-05,-6e-05,-0.00012,1e-05,-2e-05,1e-05,1e-05,-2e-05,0
57762,-5e-05,-6e-05,-0.00012,1e-05,-2e-05,1e-05,1e-05,-2e-05,0
57763,-5e-05,-6e-05,-0.00012,1e-05,-2e-05,1e-05,1e-05,-2e-05,0
57764,-5e-05,-6e-05,-0.00012,1e-05,-2e-05,1e-05,1e-05,-2e-05,0
57765,-5e-05,-6e-05,-0.00012,1e-05,-2e-05,1e-05,1e-05,-2e-05,0
57766,-5e-05,-8e-05,-8e-05,1e-05,0.00018,1e-05,0.0,-2e-05,0
57767,0.0,2e-05,6e-05,5e-05,1e-05,1e-05,-2e-05,-2e-05,0
57768,0.0,2e-05,6e-05,5e-05,1e-05,1e-05,-2e-05,-2e-05,0
57769,0.0,2e-05,6e-05,5e-05,1e-05,1e-05,-2e-05,-2e-05,0
57770,0.0,2e-05,6e-05,5e-05,1e-05,1e-05,-2e-05,-2e-05,0
57771,0.0,2e-05,6e-05,5e-05,1e-05,1e-05,-2e-05,-2e-05,0
57772,0.0,2e-05,6e-05,5e-05,1e-05,1e-05,-2e-05,-2e-05,0
57773,0.0,2e-05,6e-05,5e-05,1e-05,1e-05,-2e-05,-2e-05,0
57774,0.0,2e-05,6e-05,5e-05,1e-05,1e-05,-2e-05,-2e-05,0
57775,0.0,2e-05,6e-05,5e-05,1e-05,1e-05,-2e-05,-2e-05,0
57776,0.0,2e-05,6e-05,5e-05,1e-05,1e-05,-2e-05,-2e-05,0
57777,0.0,2e-05,6e-05,5e-05,1e-05,1e-05,-2e-05,-2e-05,0
57778,0.0,2e-05,6e-05,5e-05,1e-05,1e-05,-2e-05,-2e-05,0
57779,0.0,2e-05,6e-05,5e-05,1e-05,1e-05,-2e-05,-2e-05,0
57780,0.0,2e-05,6e-05,5e-05,1e-05,1e-05,-2e-05,-2e-05,0
57781,0.0,2e-05,6e-05,5e-05,1e-05,1e-05,-2e-05,-2e-05,0
57782,0.0,2e-05,6e-05,5e-05,1e-05,1e-05,-2e-05,-2e-05,0
57783,-2e-05,3e-05,7e-05,0.00013,-6e-05,-3e-05,-2e-05,-1e-05,0
57784,-2e-05,3e-05,7e-05,0.00013,-6e-05,-3e-05,-2e-05,-1e-05,0
57785,-1e-05,-2e-05,-2e-05,-6e-05,-1e-05,1e-05,0.0,-1e-05,0
57786,-1e-05,-2e-05,-2e-05,-6e-05,-1e-05,1e-05,0.0,-1e-05,0
57788,-1e-05,-2e-05,-2e-05,-6e-05,-1e-05,1e-05,0.0,-1e-05,0
57789,-1e-05,-2e-05,-2e-05,-6e-05,-1e-05,1e-05,0.0,-1e-05,0
57790,-1e-05,-2e-05,-2e-05,-6e-05,-1e-05,1e-05,0.0,-1e-05,0
57791,-1e-05,-2e-05,-2e-05,-6e-05,-1e-05,1e-05,0.0,-1e-05,0
57792,-1e-05,-2e-05,-2e-05,-6e-05,-1e-05,1e-05,0.0,-1e-05,0
57793,-1e-05,-2e-05,-2e-05,-6e-05,-1e-05,1e-05,0.0,-1e-05,0
57794,-1e-05,-2e-05,-2e-05,-6e-05,-1e-05,1e-05,0.0,-1e-05,0
57795,-1e-05,-2e-05,-2e-05,-6e-05,-1e-05,1e-05,0.0,-1e-05,0
57796,-1e-05,-2e-05,-2e-05,-6e-05,-1e-05,1e-05,0.0,-1e-05,0
57797,-1e-05,-2e-05,-2e-05,-6e-05,-1e-05,1e-05,0.0,-1e-05,0
57798,-1e-05,-2e-05,-2e-05,-6e-05,-1e-05,1e-05,0.0,-1e-05,0
57799,-1e-05,-2e-05,-2e-05,-6e-05,-1e-05,1e-05,0.0,-1e-05,0
57800,-1e-05,-2e-05,-2e-05,-6e-05,-1e-05,1e-05,0.0,-1e-05,0
57801,-1e-05,-2e-05,-2e-05,-6e-05,-1e-05,1e-05,0.0,-1e-05,0
57802,-1e-05,-2e-05,-2e-05,-6e-05,-1e-05,1e-05,0.0,-1e-05,0
57803,-1e-05,-2e-05,-2e-05,-6e-05,-1e-05,1e-05,0.0,-1e-05,0
57804,-1e-05,-2e-05,-2e-05,-6e-05,-1e-05,1e-05,0.0,-1e-05,0
57805,-1e-05,-1e-05,-3e-05,-3e-05,0.00011,0.0,-2e-05,2e-05,0
57806,0.0,0.0,1e-05,2e-05,-0.00011,-1e-05,-1e-05,-1e-05,0
57807,-1e-05,2e-05,1e-05,6e-05,-2e-05,0.0,-1e-05,-1e-05,0
57808,-1e-05,2e-05,1e-05,6e-05,-2e-05,0.0,-1e-05,-1e-05,0
57809,-1e-05,2e-05,1e-05,6e-05,-2e-05,0.0,-1e-05,-1e-05,0
57810,-1e-05,2e-05,1e-05,6e-05,-2e-05,0.0,-1e-05,-1e-05,0
57811,-1e-05,2e-05,1e-05,6e-05,-2e-05,0.0,-1e-05,-1e-05,0
57812,-1e-05,2e-05,1e-05,6e-05,-2e-05,0.0,-1e-05,-1e-05,0
57813,-1e-05,2e-05,1e-05,6e-05,-2e-05,0.0,-1e-05,-1e-05,0
57814,-1e-05,2e-05,1e-05,6e-05,-2e-05,0.0,-1e-05,-1e-05,0
57815,-1e-05,2e-05,1e-05,6e-05,-2e-05,0.0,-1e-05,-1e-05,0
57816,-1e-05,2e-05,1e-05,6e-05,-2e-05,0.0,-1e-05,-1e-05,0
57817,-1e-05,2e-05,1e-05,6e-05,-2e-05,0.0,-1e-05,-1e-05,0
57818,-1e-05,2e-05,1e-05,6e-05,-2e-05,0.0,-1e-05,-1e-05,0
57819,-1e-05,1e-05,4e-05,1e-05,-3e-05,3e-05,0.0,-1e-05,0
57820,-3e-05,-3e-05,-4e-05,-7e-05,-1e-05,-3e-05,-1e-05,0.0,0
57821,-3e-05,-3e-05,-4e-05,-7e-05,-1e-05,-3e-05,-1e-05,0.0,0
57822,-3e-05,-3e-05,-4e-05,-7e-05,-1e-05,-3e-05,-1e-05,0.0,0
57823,-3e-05,-3e-05,-4e-05,-7e-05,-1e-05,-3e-05,-1e-05,0.0,0
57824,-3e-05,-3e-05,-4e-05,-7e-05,-1e-05,-3e-05,-1e-05,0.0,0
57825,-3e-05,-3e-05,-4e-05,-7e-05,-1e-05,-3e-05,-1e-05,0.0,0
57826,0.0,-2e-05,-2e-05,-0.00011,-2e-05,-2e-05,-3e-05,-2e-05,0
57827,0.0,-2e-05,-2e-05,-0.00011,-2e-05,-2e-05,-3e-05,-2e-05,0
57828,0.0,-2e-05,-2e-05,-0.00011,-2e-05,-2e-05,-3e-05,-2e-05,0
57829,0.0,-2e-05,-2e-05,-0.00011,-2e-05,-2e-05,-3e-05,-2e-05,0
57830,0.0,-2e-05,-2e-05,-0.00011,-2e-05,-2e-05,-3e-05,-2e-05,0
57831,0.0,-2e-05,-2e-05,-0.00011,-2e-05,-2e-05,-3e-05,-2e-05,0
57832,0.0,-2e-05,-2e-05,-0.00011,-2e-05,-2e-05,-3e-05,-2e-05,0
57833,0.0,-2e-05,-2e-05,-0.00011,-2e-05,-2e-05,-3e-05,-2e-05,0
57834,0.0,-2e-05,-2e-05,-0.00011,-2e-05,-2e-05,-3e-05,-2e-05,0
57835,0.0,-2e-05,-2e-05,-0.00011,-2e-05,-2e-05,-3e-05,-2e-05,0
57836,0.0,-2e-05,-2e-05,-0.00011,-2e-05,-2e-05,-3e-05,-2e-05,0
57838,0.0,-2e-05,-2e-05,-0.00011,-2e-05,-2e-05,-3e-05,-2e-05,0
57839,0.0,-2e-05,-2e-05,-0.00011,-2e-05,-2e-05,-3e-05,-2e-05,0
57840,0.0,-2e-05,-2e-05,-0.00011,-2e-05,-2e-05,-3e-05,-2e-05,0
57841,0.0,-2e-05,-2e-05,-0.00011,-2e-05,-2e-05,-3e-05,-2e-05,0
57842,0.0,-2e-05,-2e-05,-0.00011,-2e-05,-2e-05,-3e-05,-2e-05,0
57843,-1e-05,-2e-05,-2e-05,0.0,0.0,0.0,-1e-05,-2e-05,0
57844,-3e-05,-5e-05,-6e-05,-7e-05,0.0,-3e-05,0.0,0.0,0
57845,-3e-05,-5e-05,-6e-05,-7e-05,0.0,-3e-05,0.0,0.0,0
57846,-3e-05,-5e-05,-6e-05,-7e-05,0.0,-3e-05,0.0,0.0,0
57847,-3e-05,-5e-05,-6e-05,-7e-05,0.0,-3e-05,0.0,0.0,0
57848,-3e-05,-5e-05,-6e-05,-7e-05,0.0,-3e-05,0.0,0.0,0
57849,-3e-05,-5e-05,-6e-05,-7e-05,0.0,-3e-05,0.0,0.0,0
57850,-3e-05,-5e-05,-6e-05,-7e-05,0.0,-3e-05,0.0,0.0,0
57851,-3e-05,-5e-05,-6e-05,-7e-05,0.0,-3e-05,0.0,0.0,0
57852,-3e-05,-5e-05,-6e-05,-7e-05,0.0,-3e-05,0.0,0.0,0
57853,-3e-05,-5e-05,-6e-05,-7e-05,0.0,-3e-05,0.0,0.0,0
57854,-3e-05,-5e-05,-6e-05,-7e-05,0.0,-3e-05,0.0,0.0,0
57855,-3e-05,-5e-05,-6e-05,-7e-05,0.0,-3e-05,0.0,0.0,0
57856,-3e-05,-5e-05,-6e-05,-7e-05,0.0,-3e-05,0.0,0.0,0
57857,-3e-05,-5e-05,-6e-05,-7e-05,0.0,-3e-05,0.0,0.0,0
57858,-3e-05,-5e-05,-6e-05,-7e-05,0.0,-3e-05,0.0,0.0,0
57859,-3e-05,-5e-05,-6e-05,-7e-05,0.0,-3e-05,0.0,0.0,0
57860,-3e-05,-5e-05,-6e-05,-7e-05,0.0,-3e-05,0.0,0.0,0
57861,-3e-05,-5e-05,-6e-05,-7e-05,0.0,-3e-05,0.0,0.0,0
57862,-3e-05,-5e-05,-6e-05,-7e-05,0.0,-3e-05,0.0,0.0,0
57863,-3e-05,-5e-05,-6e-05,-7e-05,0.0,-3e-05,0.0,0.0,0
57864,-3e-05,-5e-05,-6e-05,-7e-05,0.0,-3e-05,0.0,0.0,0
57865,-2e-05,-1e-05,-3e-05,-7e-05,2e-05,0.0,-1e-05,-1e-05,0
57866,-2e-05,-1e-05,-3e-05,-7e-05,2e-05,0.0,-1e-05,-1e-05,0
57867,0.0,1e-05,-1e-05,0.00015,0.0,-2e-05,0.0,-2e-05,0
57868,0.0,1e-05,-1e-05,0.00015,0.0,-2e-05,0.0,-2e-05,0
57869,0.0,1e-05,-1e-05,0.00015,0.0,-2e-05,0.0,-2e-05,0
57870,0.0,1e-05,-1e-05,0.00015,0.0,-2e-05,0.0,-2e-05,0
57871,0.0,1e-05,-1e-05,0.00015,0.0,-2e-05,0.0,-2e-05,0
57872,0.0,1e-05,-1e-05,0.00015,0.0,-2e-05,0.0,-2e-05,0
57873,0.0,1e-05,-1e-05,0.00015,0.0,-2e-05,0.0,-2e-05,0
57874,0.0,1e-05,-1e-05,0.00015,0.0,-2e-05,0.0,-2e-05,0
57875,0.0,1e-05,-1e-05,0.00015,0.0,-2e-05,0.0,-2e-05,0
57876,0.0,1e-05,-1e-05,0.00015,0.0,-2e-05,0.0,-2e-05,0
57877,0.0,1e-05,-1e-05,0.00015,0.0,-2e-05,0.0,-2e-05,0
57878,0.0,1e-05,-1e-05,0.00015,0.0,-2e-05,0.0,-2e-05,0
57879,-3e-05,-1e-05,-2e-05,-2e-05,-8e-05,-1e-05,-2e-05,-1e-05,0
57880,2e-05,-1e-05,1e-05,-4e-05,2e-05,-3e-05,1e-05,0.0,0
57881,2e-05,-1e-05,1e-05,-4e-05,2e-05,-3e-05,1e-05,0.0,0
57882,2e-05,-1e-05,1e-05,-4e-05,2e-05,-3e-05,1e-05,0.0,0
57883,2e-05,-1e-05,1e-05,-4e-05,2e-05,-3e-05,1e-05,0.0,0
57884,2e-05,-1e-05,1e-05,-4e-05,2e-05,-3e-05,1e-05,0.0,0
57885,2e-05,-1e-05,1e-05,-4e-05,2e-05,-3e-05,1e-05,0.0,0
57886,0.0,2e-05,-2e-05,-7e-05,2e-05,-2e-05,-1e-05,0.0,0
57888,0.0,2e-05,-2e-05,-7e-05,2e-05,-2e-05,-1e-05,0.0,0
57889,0.0,2e-05,-2e-05,-7e-05,2e-05,-2e-05,-1e-05,0.0,0
57890,0.0,2e-05,-2e-05,-7e-05,2e-05,-2e-05,-1e-05,0.0,0
57891,0.0,2e-05,-2e-05,-7e-05,2e-05,-2e-05,-1e-05,0.0,0
57892,0.0,2e-05,-2e-05,-7e-05,2e-05,-2e-05,-1e-05,0.0,0
57893,0.0,2e-05,-2e-05,-7e-05,2e-05,-2e-05,-1e-05,0.0,0
57894,0.0,2e-05,-2e-05,-7e-05,2e-05,-2e-05,-1e-05,0.0,0
57895,0.0,2e-05,-2e-05,-7e-05,2e-05,-2e-05,-1e-05,0.0,0
57896,0.0,2e-05,-2e-05,-7e-05,2e-05,-2e-05,-1e-05,0.0,0
57897,0.0,2e-05,-2e-05,-7e-05,2e-05,-2e-05,-1e-05,0.0,0
57898,0.0,2e-05,-2e-05,-7e-05,2e-05,-2e-05,-1e-05,0.0,0
57899,0.0,2e-05,-2e-05,-7e-05,2e-05,-2e-05,-1e-05,0.0,0
57900,0.0,2e-05,-2e-05,-7e-05,2e-05,-2e-05,-1e-05,0.0,0
57901,0.0,2e-05,-2e-05,-7e-05,2e-05,-2e-05,-1e-05,0.0,0
57902,0.0,-2e-05,-4e-05,-7e-05,-6e-05,-3e-05,0.0,-2e-05,0
57903,-1e-05,0.0,1e-05,5e-05,1e-05,-3e-05,-2e-05,-2e-05,0
57904,-1e-05,0.0,1e-05,5e-05,1e-05,-3e-05,-2e-05,-2e-05,0
57905,-1e-05,0.0,1e-05,5e-05,1e-05,-3e-05,-2e-05,-2e-05,0
57906,-1e-05,0.0,1e-05,5e-05,1e-05,-3e-05,-2e-05,-2e-05,0
57907,-1e-05,0.0,1e-05,5e-05,1e-05,-3e-05,-2e-05,-2e-05,0
57908,-1e-05,0.0,1e-05,5e-05,1e-05,-3e-05,-2e-05,-2e-05,0
57909,-1e-05,-2e-05,2e-05,1e-05,2e-05,0.0,1e-05,-1e-05,0
57910,-1e-05,-2e-05,2e-05,1e-05,2e-05,0.0,1e-05,-1e-05,0
57911,-1e-05,-2e-05,2e-05,1e-05,2e-05,0.0,1e-05,-1e-05,0
57912,-1e-05,-2e-05,2e-05,1e-05,2e-05,0.0,1e-05,-1e-05,0
57913,-1e-05,-2e-05,2e-05,1e-05,2e-05,0.0,1e-05,-1e-05,0
57914,-1e-05,-2e-05,2e-05,1e-05,2e-05,0.0,1e-05,-1e-05,0
57915,-1e-05,-2e-05,2e-05,1e-05,2e-05,0.0,1e-05,-1e-05,0
57916,-1e-05,-2e-05,2e-05,1e-05,2e-05,0.0,1e-05,-1e-05,0
57917,-1e-05,-2e-05,2e-05,1e-05,2e-05,0.0,1e-05,-1e-05,0
57918,-1e-05,-2e-05,2e-05,1e-05,2e-05,0.0,1e-05,-1e-05,0
57919,-1e-05,-2e-05,2e-05,1e-05,2e-05,0.0,1e-05,-1e-05,0
57920,-1e-05,-2e-05,2e-05,1e-05,2e-05,0.0,1e-05,-1e-05,0
57921,-1e-05,-2e-05,2e-05,1e-05,2e-05,0.0,1e-05,-1e-05,0
57922,-1e-05,-2e-05,2e-05,1e-05,2e-05,0.0,1e-05,-1e-05,0
57923,-1e-05,-2e-05,2e-05,1e-05,2e-05,0.0,1e-05,-1e-05,0
57924,-1e-05,-2e-05,2e-05,1e-05,2e-05,0.0,1e-05,-1e-05,0
57925,-1e-05,0.0,-4e-05,-9e-05,-0.00012,-4e-05,-1e-05,0.0,0
57926,-1e-05,0.0,-4e-05,-9e-05,-0.00012,-4e-05,-1e-05,0.0,0
57927,-1e-05,-1e-05,-1e-05,2e-05,0.00012,-1e-05,1e-05,1e-05,0
57928,-1e-05,-1e-05,-1e-05,2e-05,0.00012,-1e-05,1e-05,1e-05,0
57929,-1e-05,-1e-05,-1e-05,2e-05,0.00012,-1e-05,1e-05,1e-05,0
57930,-1e-05,-1e-05,-1e-05,2e-05,0.00012,-1e-05,1e-05,1e-05,0
57931,-1e-05,-1e-05,-1e-05,2e-05,0.00012,-1e-05,1e-05,1e-05,0
57932,-1e-05,-1e-05,-1e-05,2e-05,0.00012,-1e-05,1e-05,1e-05,0
57933,-1e-05,-1e-05,-1e-05,2e-05,0.00012,-1e-05,1e-05,1e-05,0
57934,-1e-05,-1e-05,-1e-05,2e-05,0.00012,-1e-05,1e-05,1e-05,0
57935,-1e-05,-1e-05,-1e-05,2e-05,0.00012,-1e-05,1e-05,1e-05,0
57936,-1e-05,-1e-05,-1e-05,2e-05,0.00012,-1e-05,1e-05,1e-05,0
57938,-1e-05,-1e-05,-1e-05,2e-05,0.00012,-1e-05,1e-05,1e-05,0
57939,-4e-05,-5e-05,-6e-05,-8e-05,-9e-05,-2e-05,0.0,-2e-05,0
57940,-2e-05,-2e-05,-2e-05,-2e-05,1e-05,1e-05,-1e-05,-1e-05,0
57941,-2e-05,-2e-05,-2e-05,-2e-05,1e-05,1e-05,-1e-05,-1e-05,0
57942,-2e-05,-2e-05,-2e-05,-2e-05,1e-05,1e-05,-1e-05,-1e-05,0
57943,-2e-05,-2e-05,-2e-05,-2e-05,1e-05,1e-05,-1e-05,-1e-05,0
57944,-2e-05,-2e-05,-2e-05,-2e-05,1e-05,1e-05,-1e-05,-1e-05,0
57945,-2e-05,-2e-05,-2e-05,-2e-05,1e-05,1e-05,-1e-05,-1e-05,0
57946,-2e-05,-2e-05,-2e-05,-2e-05,1e-05,1e-05,-1e-05,-1e-05,0
57947,-2e-05,-2e-05,-2e-05,-2e-05,1e-05,1e-05,-1e-05,-1e-05,0
57948,1e-05,2e-05,5e-05,0.0,-0.00014,-1e-05,0.0,-1e-05,0
57949,1e-05,2e-05,5e-05,0.0,-0.00014,-1e-05,0.0,-1e-05,0
57950,1e-05,2e-05,5e-05,0.0,-0.00014,-1e-05,0.0,-1e-05,0
57951,1e-05,2e-05,5e-05,0.0,-0.00014,-1e-05,0.0,-1e-05,0
57952,1e-05,2e-05,5e-05,0.0,-0.00014,-1e-05,0.0,-1e-05,0
57953,1e-05,2e-05,5e-05,0.0,-0.00014,-1e-05,0.0,-1e-05,0
57954,1e-05,2e-05,5e-05,0.0,-0.00014,-1e-05,0.0,-1e-05,0
57955,1e-05,2e-05,5e-05,0.0,-0.00014,-1e-05,0.0,-1e-05,0
57956,1e-05,2e-05,5e-05,0.0,-0.00014,-1e-05,0.0,-1e-05,0
57957,1e-05,2e-05,5e-05,0.0,-0.00014,-1e-05,0.0,-1e-05,0
57958,1e-05,2e-05,5e-05,0.0,-0.00014,-1e-05,0.0,-1e-05,0
57959,1e-05,2e-05,5e-05,0.0,-0.00014,-1e-05,0.0,-1e-05,0
57960,1e-05,2e-05,5e-05,0.0,-0.00014,-1e-05,0.0,-1e-05,0
57961,1e-05,2e-05,5e-05,0.0,-0.00014,-1e-05,0.0,-1e-05,0
57962,1e-05,2e-05,5e-05,0.0,-0.00014,-1e-05,0.0,-1e-05,0
57963,1e-05,-2e-05,-5e-05,-2e-05,3e-05,-3e-05,-2e-05,-1e-05,0
57964,-1e-05,0.0,-2e-05,-6e-05,-3e-05,0.0,-2e-05,0.0,0
57965,-1e-05,0.0,-2e-05,-6e-05,-3e-05,0.0,-2e-05,0.0,0
57966,-1e-05,0.0,-2e-05,-6e-05,-3e-05,0.0,-2e-05,0.0,0
57967,-1e-05,0.0,-2e-05,-6e-05,-3e-05,0.0,-2e-05,0.0,0
57968,-1e-05,0.0,-2e-05,-6e-05,-3e-05,0.0,-2e-05,0.0,0
57969,-1e-05,0.0,-2e-05,-6e-05,-3e-05,0.0,-2e-05,0.0,0
57970,-1e-05,0.0,-2e-05,-6e-05,-3e-05,0.0,-2e-05,0.0,0
57971,-1e-05,0.0,-2e-05,-6e-05,-3e-05,0.0,-2e-05,0.0,0
57972,-1e-05,0.0,-2e-05,-6e-05,-3e-05,0.0,-2e-05,0.0,0
57973,-1e-05,0.0,-2e-05,-6e-05,-3e-05,0.0,-2e-05,0.0,0
57974,-1e-05,0.0,-2e-05,-6e-05,-3e-05,0.0,-2e-05,0.0,0
57975,-1e-05,0.0,-2e-05,-6e-05,-3e-05,0.0,-2e-05,0.0,0
57976,-1e-05,0.0,-2e-05,-6e-05,-3e-05,0.0,-2e-05,0.0,0
57977,-1e-05,0.0,-2e-05,-6e-05,-3e-05,0.0,-2e-05,0.0,0
57978,-1e-05,0.0,-2e-05,-6e-05,-3e-05,0.0,-2e-05,0.0,0
57979,-1e-05,0.0,-2e-05,-6e-05,-3e-05,0.0,-2e-05,0.0,0
57980,-1e-05,0.0,-2e-05,-6e-05,-3e-05,0.0,-2e-05,0.0,0
57981,-1e-05,0.0,-2e-05,-6e-05,-3e-05,0.0,-2e-05,0.0,0
57982,-1e-05,0.0,-2e-05,-6e-05,-3e-05,0.0,-2e-05,0.0,0
57983,-1e-05,0.0,-2e-05,-6e-05,-3e-05,0.0,-2e-05,0.0,0
57984,-1e-05,0.0,-2e-05,-6e-05,-3e-05,0.0,-2e-05,0.0,0
57985,0.0,0.0,2e-05,-2e-05,-5e-05,0.0,1e-05,0.0,0
57986,0.0,0.0,2e-05,-2e-05,-5e-05,0.0,1e-05,0.0,0
57988,-1e-05,-3e-05,-2e-05,-2e-05,0.0,0.0,-2e-05,-2e-05,0
57989,-1e-05,-3e-05,-2e-05,-2e-05,0.0,0.0,-2e-05,-2e-05,0
57990,-1e-05,-3e-05,-2e-05,-2e-05,0.0,0.0,-2e-05,-2e-05,0
57991,-1e-05,-3e-05,-2e-05,-2e-05,0.0,0.0,-2e-05,-2e-05,0
57992,-1e-05,-3e-05,-2e-05,-2e-05,0.0,0.0,-2e-05,-2e-05,0
57993,-1e-05,-3e-05,-2e-05,-2e-05,0.0,0.0,-2e-05,-2e-05,0
57994,-1e-05,-3e-05,-2e-05,-2e-05,0.0,0.0,-2e-05,-2e-05,0
57995,-1e-05,-3e-05,-2e-05,-2e-05,0.0,0.0,-2e-05,-2e-05,0
57996,-1e-05,-3e-05,-2e-05,-2e-05,0.0,0.0,-2e-05,-2e-05,0
57997,-1e-05,-3e-05,-2e-05,-2e-05,0.0,0.0,-2e-05,-2e-05,0
57998,-1e-05,-3e-05,-2e-05,-2e-05,0.0,0.0,-2e-05,-2e-05,0
57999,0.0,1e-05,3e-05,4e-05,0.0,-2e-05,-1e-05,0.0,0
58000,0.0,1e-05,3e-05,4e-05,0.0,-2e-05,-1e-05,0.0,0
58001,0.0,1e-05,3e-05,4e-05,0.0,-2e-05,-1e-05,0.0,0
58002,0.0,1e-05,3e-05,4e-05,0.0,-2e-05,-1e-05,0.0,0
58003,0.0,1e-05,3e-05,4e-05,0.0,-2e-05,-1e-05,0.0,0
58004,0.0,1e-05,3e-05,4e-05,0.0,-2e-05,-1e-05,0.0,0
58005,0.0,1e-05,3e-05,4e-05,0.0,-2e-05,-1e-05,0.0,0
58006,0.0,1e-05,3e-05,4e-05,0.0,-2e-05,-1e-05,0.0,0
58007,0.0,1e-05,3e-05,4e-05,0.0,-2e-05,-1e-05,0.0,0
58008,-2e-05,-4e-05,-2e-05,2e-05,4e-05,3e-05,-2e-05,-3e-05,0
58009,-2e-05,-4e-05,-2e-05,2e-05,4e-05,3e-05,-2e-05,-3e-05,0
58010,-2e-05,-4e-05,-2e-05,2e-05,4e-05,3e-05,-2e-05,-3e-05,0
58011,-2e-05,-4e-05,-2e-05,2e-05,4e-05,3e-05,-2e-05,-3e-05,0
58012,-2e-05,-4e-05,-2e-05,2e-05,4e-05,3e-05,-2e-05,-3e-05,0
58013,-2e-05,-4e-05,-2e-05,2e-05,4e-05,3e-05,-2e-05,-3e-05,0
58014,-2e-05,-4e-05,-2e-05,2e-05,4e-05,3e-05,-2e-05,-3e-05,0
58015,-2e-05,-4e-05,-2e-05,2e-05,4e-05,3e-05,-2e-05,-3e-05,0
58016,-2e-05,-4e-05,-2e-05,2e-05,4e-05,3e-05,-2e-05,-3e-05,0
58017,-2e-05,-4e-05,-2e-05,2e-05,4e-05,3e-05,-2e-05,-3e-05,0
58018,-2e-05,-4e-05,-2e-05,2e-05,4e-05,3e-05,-2e-05,-3e-05,0
58019,-2e-05,-4e-05,-2e-05,2e-05,4e-05,3e-05,-2e-05,-3e-05,0
58020,-2e-05,-4e-05,-2e-05,2e-05,4e-05,3e-05,-2e-05,-3e-05,0
58021,-2e-05,-4e-05,-2e-05,2e-05,4e-05,3e-05,-2e-05,-3e-05,0
58022,-2e-05,-4e-05,-2e-05,2e-05,4e-05,3e-05,-2e-05,-3e-05,0
58023,-2e-05,-4e-05,-7e-05,-6e-05,-7e-05,-1e-05,0.0,-2e-05,0
58024,0.0,-1e-05,-2e-05,-3e-05,-2e-05,2e-05,-1e-05,-2e-05,0
58025,0.0,-1e-05,-2e-05,-3e-05,-2e-05,2e-05,-1e-05,-2e-05,0
58026,0.0,-1e-05,-2e-05,-3e-05,-2e-05,2e-05,-1e-05,-2e-05,0
58027,0.0,-1e-05,-2e-05,-3e-05,-2e-05,2e-05,-1e-05,-2e-05,0
58028,0.0,-1e-05,-2e-05,-3e-05,-2e-05,2e-05,-1e-05,-2e-05,0
58029,0.0,-1e-05,-2e-05,-3e-05,-2e-05,2e-05,-1e-05,-2e-05,0
58030,0.0,-1e-05,-2e-05,-3e-05,-2e-05,2e-05,-1e-05,-2e-05,0
58031,0.0,-1e-05,-2e-05,-3e-05,-2e-05,2e-05,-1e-05,-2e-05,0
58032,0.0,-1e-05,-2e-05,-3e-05,-2e-05,2e-05,-1e-05,-2e-05,0
58033,0.0,-1e-05,-2e-05,-3e-05,-2e-05,2e-05,-1e-05,-2e-05,0
58034,0.0,-1e-05,-2e-05,-3e-05,-2e-05,2e-05,-1e-05,-2e-05,0
58036,0.0,-1e-05,-2e-05,-3e-05,-2e-05,2e-05,-1e-05,-2e-05,0
58037,0.0,-1e-05,-2e-05,-3e-05,-2e-05,2e-05,-1e-05,-2e-05,0
58038,0.0,-1e-05,-2e-05,-3e-05,-2e-05,2e-05,-1e-05,-2e-05,0
58039,0.0,-1e-05,-2e-05,-3e-05,-2e-05,2e-05,-1e-05,-2e-05,0
58040,0.0,-1e-05,-2e-05,-3e-05,-2e-05,2e-05,-1e-05,-2e-05,0
58041,0.0,-1e-05,-2e-05,-3e-05,-2e-05,2e-05,-1e-05,-2e-05,0
58042,0.0,-1e-05,-2e-05,-3e-05,-2e-05,2e-05,-1e-05,-2e-05,0
58043,0.0,-1e-05,-2e-05,-3e-05,-2e-05,2e-05,-1e-05,-2e-05,0
58044,0.0,-1e-05,-2e-05,-3e-05,-2e-05,2e-05,-1e-05,-2e-05,0
58045,-1e-05,-1e-05,-1e-05,1e-05,-1e-05,0.0,0.0,1e-05,0
58046,-3e-05,-5e-05,-7e-05,-9e-05,-8e-05,-3e-05,0.0,1e-05,0
58048,-3e-05,-5e-05,-7e-05,-9e-05,-8e-05,-3e-05,0.0,1e-05,0
58049,-3e-05,-5e-05,-7e-05,-9e-05,-8e-05,-3e-05,0.0,1e-05,0
58050,-3e-05,-5e-05,-7e-05,-9e-05,-8e-05,-3e-05,0.0,1e-05,0
58051,-3e-05,-5e-05,-7e-05,-9e-05,-8e-05,-3e-05,0.0,1e-05,0
58052,-3e-05,-5e-05,-7e-05,-9e-05,-8e-05,-3e-05,0.0,1e-05,0
58053,-3e-05,-5e-05,-7e-05,-9e-05,-8e-05,-3e-05,0.0,1e-05,0
58054,-3e-05,-5e-05,-7e-05,-9e-05,-8e-05,-3e-05,0.0,1e-05,0
58055,-3e-05,-5e-05,-7e-05,-9e-05,-8e-05,-3e-05,0.0,1e-05,0
58056,-3e-05,-5e-05,-7e-05,-9e-05,-8e-05,-3e-05,0.0,1e-05,0
58057,-3e-05,-5e-05,-7e-05,-9e-05,-8e-05,-3e-05,0.0,1e-05,0
58058,-3e-05,-5e-05,-7e-05,-9e-05,-8e-05,-3e-05,0.0,1e-05,0
58059,1e-05,1e-05,4e-05,3e-05,-5e-05,1e-05,1e-05,-2e-05,0
58060,1e-05,1e-05,4e-05,3e-05,-5e-05,1e-05,1e-05,-2e-05,0
58061,1e-05,1e-05,4e-05,3e-05,-5e-05,1e-05,1e-05,-2e-05,0
58062,1e-05,1e-05,4e-05,3e-05,-5e-05,1e-05,1e-05,-2e-05,0
58063,1e-05,1e-05,4e-05,3e-05,-5e-05,1e-05,1e-05,-2e-05,0
58064,1e-05,1e-05,4e-05,3e-05,-5e-05,1e-05,1e-05,-2e-05,0
58065,1e-05,1e-05,4e-05,3e-05,-5e-05,1e-05,1e-05,-2e-05,0
58066,1e-05,1e-05,4e-05,3e-05,-5e-05,1e-05,1e-05,-2e-05,0
58067,1e-05,1e-05,4e-05,3e-05,-5e-05,1e-05,1e-05,-2e-05,0
58068,-2e-05,2e-05,-1e-05,-8e-05,6e-05,1e-05,-2e-05,-2e-05,0
58069,0.0,1e-05,2e-05,1e-05,-2e-05,-2e-05,0.0,1e-05,0
58070,0.0,1e-05,2e-05,1e-05,-2e-05,-2e-05,0.0,1e-05,0
58071,0.0,1e-05,2e-05,1e-05,-2e-05,-2e-05,0.0,1e-05,0
58072,0.0,1e-05,2e-05,1e-05,-2e-05,-2e-05,0.0,1e-05,0
58073,0.0,1e-05,2e-05,1e-05,-2e-05,-2e-05,0.0,1e-05,0
58074,0.0,1e-05,2e-05,1e-05,-2e-05,-2e-05,0.0,1e-05,0
58075,0.0,1e-05,2e-05,1e-05,-2e-05,-2e-05,0.0,1e-05,0
58076,0.0,1e-05,2e-05,1e-05,-2e-05,-2e-05,0.0,1e-05,0
58077,0.0,1e-05,2e-05,1e-05,-2e-05,-2e-05,0.0,1e-05,0
58078,0.0,1e-05,2e-05,1e-05,-2e-05,-2e-05,0.0,1e-05,0
58079,0.0,1e-05,2e-05,1e-05,-2e-05,-2e-05,0.0,1e-05,0
58080,0.0,1e-05,2e-05,1e-05,-2e-05,-2e-05,0.0,1e-05,0
58081,0.0,1e-05,2e-05,1e-05,-2e-05,-2e-05,0.0,1e-05,0
58082,0.0,1e-05,2e-05,1e-05,-2e-05,-2e-05,0.0,1e-05,0
58083,-3e-05,-5e-05,-7e-05,-0.00012,-3e-05,-4e-05,-2e-05,-1e-05,0
58084,0.0,0.0,1e-05,-0.00015,-6e-05,-2e-05,-1e-05,-1e-05,0
58086,0.0,0.0,1e-05,-0.00015,-6e-05,-2e-05,-1e-05,-1e-05,0
58087,0.0,0.0,1e-05,-0.00015,-6e-05,-2e-05,-1e-05,-1e-05,0
58088,0.0,0.0,1e-05,-0.00015,-6e-05,-2e-05,-1e-05,-1e-05,0
58089,0.0,0.0,1e-05,-0.00015,-6e-05,-2e-05,-1e-05,-1e-05,0
58090,0.0,0.0,1e-05,-0.00015,-6e-05,-2e-05,-1e-05,-1e-05,0
58091,0.0,0.0,1e-05,-0.00015,-6e-05,-2e-05,-1e-05,-1e-05,0
58092,0.0,0.0,1e-05,-0.00015,-6e-05,-2e-05,-1e-05,-1e-05,0
58093,0.0,0.0,1e-05,-0.00015,-6e-05,-2e-05,-1e-05,-1e-05,0
58094,0.0,0.0,1e-05,-0.00015,-6e-05,-2e-05,-1e-05,-1e-05,0
58095,0.0,0.0,1e-05,-0.00015,-6e-05,-2e-05,-1e-05,-1e-05,0
58096,0.0,0.0,1e-05,-0.00015,-6e-05,-2e-05,-1e-05,-1e-05,0
58097,0.0,0.0,1e-05,-0.00015,-6e-05,-2e-05,-1e-05,-1e-05,0
58098,0.0,0.0,1e-05,-0.00015,-6e-05,-2e-05,-1e-05,-1e-05,0
58099,0.0,0.0,1e-05,-0.00015,-6e-05,-2e-05,-1e-05,-1e-05,0
58100,0.0,0.0,1e-05,-0.00015,-6e-05,-2e-05,-1e-05,-1e-05,0
58101,0.0,0.0,1e-05,-0.00015,-6e-05,-2e-05,-1e-05,-1e-05,0
58102,0.0,0.0,1e-05,-0.00015,-6e-05,-2e-05,-1e-05,-1e-05,0
58103,0.0,0.0,1e-05,-0.00015,-6e-05,-2e-05,-1e-05,-1e-05,0
58104,0.0,0.0,1e-05,-0.00015,-6e-05,-2e-05,-1e-05,-1e-05,0
58105,0.0,0.0,0.0,5e-05,1e-05,0.0,0.0,0.0,0
58106,0.0,0.0,0.0,5e-05,1e-05,0.0,0.0,0.0,0
58107,0.0,1e-05,1e-05,0.00011,0.00015,-1e-05,-3e-05,-1e-05,0
58108,0.0,1e-05,1e-05,0.00011,0.00015,-1e-05,-3e-05,-1e-05,0
58109,0.0,1e-05,1e-05,0.00011,0.00015,-1e-05,-3e-05,-1e-05,0
58110,0.0,1e-05,1e-05,0.00011,0.00015,-1e-05,-3e-05,-1e-05,0
58111,0.0,1e-05,1e-05,0.00011,0.00015,-1e-05,-3e-05,-1e-05,0
58112,0.0,1e-05,1e-05,0.00011,0.00015,-1e-05,-3e-05,-1e-05,0
58113,0.0,1e-05,1e-05,0.00011,0.00015,-1e-05,-3e-05,-1e-05,0
58114,0.0,1e-05,1e-05,0.00011,0.00015,-1e-05,-3e-05,-1e-05,0
58115,0.0,1e-05,1e-05,0.00011,0.00015,-1e-05,-3e-05,-1e-05,0
58116,0.0,1e-05,1e-05,0.00011,0.00015,-1e-05,-3e-05,-1e-05,0
58117,0.0,1e-05,1e-05,0.00011,0.00015,-1e-05,-3e-05,-1e-05,0
58118,0.0,1e-05,1e-05,0.00011,0.00015,-1e-05,-3e-05,-1e-05,0
58119,-2e-05,-2e-05,-6e-05,0.0,1e-05,0.0,-2e-05,-1e-05,0
58120,-2e-05,-2e-05,-6e-05,0.0,1e-05,0.0,-2e-05,-1e-05,0
58121,-2e-05,-2e-05,-6e-05,0.0,1e-05,0.0,-2e-05,-1e-05,0
58122,-2e-05,-2e-05,-6e-05,0.0,1e-05,0.0,-2e-05,-1e-05,0
58123,-2e-05,-2e-05,-6e-05,0.0,1e-05,0.0,-2e-05,-1e-05,0
58124,-2e-05,-2e-05,-6e-05,0.0,1e-05,0.0,-2e-05,-1e-05,0
58125,-2e-05,-2e-05,-6e-05,0.0,1e-05,0.0,-2e-05,-1e-05,0
58126,-2e-05,-2e-05,-6e-05,0.0,1e-05,0.0,-2e-05,-1e-05,0
58127,-2e-05,-2e-05,-6e-05,0.0,1e-05,0.0,-2e-05,-1e-05,0
58128,-3e-05,-1e-05,-1e-05,3e-05,-1e-05,-2e-05,0.0,-2e-05,0
58129,-3e-05,-1e-05,-1e-05,3e-05,-1e-05,-2e-05,0.0,-2e-05,0
58130,-3e-05,-1e-05,-1e-05,3e-05,-1e-05,-2e-05,0.0,-2e-05,0
58131,-3e-05,-1e-05,-1e-05,3e-05,-1e-05,-2e-05,0.0,-2e-05,0
58132,-3e-05,-1e-05,-1e-05,3e-05,-1e-05,-2e-05,0.0,-2e-05,0
58133,-3e-05,-1e-05,-1e-05,3e-05,-1e-05,-2e-05,0.0,-2e-05,0
58134,-3e-05,-1e-05,-1e-05,3e-05,-1e-05,-2e-05,0.0,-2e-05,0
58135,-3e-05,-1e-05,-1e-05,3e-05,-1e-05,-2e-05,0.0,-2e-05,0
58136,-3e-05,-1e-05,-1e-05,3e-05,-1e-05,-2e-05,0.0,-2e-05,0
58138,-3e-05,-1e-05,-1e-05,3e-05,-1e-05,-2e-05,0.0,-2e-05,0
58139,-3e-05,-1e-05,-1e-05,3e-05,-1e-05,-2e-05,0.0,-2e-05,0
58140,-3e-05,-1e-05,-1e-05,3e-05,-1e-05,-2e-05,0.0,-2e-05,0
58141,-3e-05,-1e-05,-1e-05,3e-05,-1e-05,-2e-05,0.0,-2e-05,0
58142,-3e-05,-1e-05,-1e-05,3e-05,-1e-05,-2e-05,0.0,-2e-05,0
58143,-3e-05,-1e-05,-1e-05,3e-05,-1e-05,-2e-05,0.0,-2e-05,0
58144,-3e-05,-1e-05,-1e-05,3e-05,-1e-05,-2e-05,0.0,-2e-05,0
58145,-3e-05,-1e-05,-1e-05,3e-05,-1e-05,-2e-05,0.0,-2e-05,0
58146,-3e-05,-1e-05,-1e-05,3e-05,-1e-05,-2e-05,0.0,-2e-05,0
58147,-3e-05,-1e-05,-1e-05,3e-05,-1e-05,-2e-05,0.0,-2e-05,0
58148,-3e-05,-1e-05,-1e-05,3e-05,-1e-05,-2e-05,0.0,-2e-05,0
58149,-3e-05,-1e-05,-1e-05,3e-05,-1e-05,-2e-05,0.0,-2e-05,0
58150,1e-05,3e-05,2e-05,-0.0001,-0.00011,-0.0001,-1e-05,0.0,0
58151,1e-05,3e-05,2e-05,-0.0001,-0.00011,-0.0001,-1e-05,0.0,0
58152,2e-05,0.0,3e-05,0.00037,0.00043,3e-05,0.0,1e-05,0
58153,2e-05,0.0,3e-05,0.00037,0.00043,3e-05,0.0,1e-05,0
58154,2e-05,0.0,3e-05,0.00037,0.00043,3e-05,0.0,1e-05,0
58155,2e-05,0.0,3e-05,0.00037,0.00043,3e-05,0.0,1e-05,0
58156,2e-05,0.0,3e-05,0.00037,0.00043,3e-05,0.0,1e-05,0
58157,2e-05,0.0,3e-05,0.00037,0.00043,3e-05,0.0,1e-05,0
58158,2e-05,0.0,3e-05,0.00037,0.00043,3e-05,0.0,1e-05,0
58159,2e-05,0.0,3e-05,0.00037,0.00043,3e-05,0.0,1e-05,0
58160,2e-05,0.0,3e-05,0.00037,0.00043,3e-05,0.0,1e-05,0
58161,2e-05,0.0,3e-05,0.00037,0.00043,3e-05,0.0,1e-05,0
58162,2e-05,0.0,3e-05,0.00037,0.00043,3e-05,0.0,1e-05,0
58163,2e-05,0.0,3e-05,0.00037,0.00043,3e-05,0.0,1e-05,0
58164,2e-05,0.0,3e-05,0.00037,0.00043,3e-05,0.0,1e-05,0
58165,-2e-05,-3e-05,-5e-05,1e-05,-1e-05,2e-05,-2e-05,-1e-05,0
58166,-2e-05,-3e-05,-5e-05,1e-05,-1e-05,2e-05,-2e-05,-1e-05,0
58167,-3e-05,0.0,-1e-05,-9e-05,-0.00019,-3e-05,-3e-05,0.0,0
58168,-3e-05,0.0,-1e-05,-9e-05,-0.00019,-3e-05,-3e-05,0.0,0
58169,-3e-05,0.0,-1e-05,-9e-05,-0.00019,-3e-05,-3e-05,0.0,0
58170,-3e-05,0.0,-1e-05,-9e-05,-0.00019,-3e-05,-3e-05,0.0,0
58171,-3e-05,0.0,-1e-05,-9e-05,-0.00019,-3e-05,-3e-05,0.0,0
58172,-3e-05,0.0,-1e-05,-9e-05,-0.00019,-3e-05,-3e-05,0.0,0
58173,-3e-05,0.0,-1e-05,-9e-05,-0.00019,-3e-05,-3e-05,0.0,0
58174,-3e-05,0.0,-1e-05,-9e-05,-0.00019,-3e-05,-3e-05,0.0,0
58175,-3e-05,0.0,-1e-05,-9e-05,-0.00019,-3e-05,-3e-05,0.0,0
58176,-3e-05,0.0,-1e-05,-9e-05,-0.00019,-3e-05,-3e-05,0.0,0
58177,-3e-05,0.0,-1e-05,-9e-05,-0.00019,-3e-05,-3e-05,0.0,0
58178,-3e-05,0.0,-1e-05,-9e-05,-0.00019,-3e-05,-3e-05,0.0,0
58179,-2e-05,-4e-05,-2e-05,-0.0001,4e-05,0.0,-2e-05,-1e-05,0
58180,-2e-05,-4e-05,-2e-05,-0.0001,4e-05,0.0,-2e-05,-1e-05,0
58181,-2e-05,-4e-05,-2e-05,-0.0001,4e-05,0.0,-2e-05,-1e-05,0
58182,-2e-05,-4e-05,-2e-05,-0.0001,4e-05,0.0,-2e-05,-1e-05,0
58183,-2e-05,-4e-05,-2e-05,-0.0001,4e-05,0.0,-2e-05,-1e-05,0
58184,-2e-05,-4e-05,-2e-05,-0.0001,4e-05,0.0,-2e-05,-1e-05,0
58185,-2e-05,-4e-05,-2e-05,-0.0001,4e-05,0.0,-2e-05,-1e-05,0
58186,-2e-05,-4e-05,-2e-05,-0.0001,4e-05,0.0,-2e-05,-1e-05,0
58189,-3e-05,-2e-05,-3e-05,-0.00026,-9e-05,-1e-05,-1e-05,-1e-05,0
58190,-3e-05,-2e-05,-3e-05,-0.00026,-9e-05,-1e-05,-1e-05,-1e-05,0
58191,-3e-05,-2e-05,-3e-05,-0.00026,-9e-05,-1e-05,-1e-05,-1e-05,0
58192,-3e-05,-2e-05,-3e-05,-0.00026,-9e-05,-1e-05,-1e-05,-1e-05,0
58193,-3e-05,-2e-05,-3e-05,-0.00026,-9e-05,-1e-05,-1e-05,-1e-05,0
58194,-3e-05,-2e-05,-3e-05,-0.00026,-9e-05,-1e-05,-1e-05,-1e-05,0
58195,-3e-05,-2e-05,-3e-05,-0.00026,-9e-05,-1e-05,-1e-05,-1e-05,0
58196,-3e-05,-2e-05,-3e-05,-0.00026,-9e-05,-1e-05,-1e-05,-1e-05,0
58197,-3e-05,-2e-05,-3e-05,-0.00026,-9e-05,-1e-05,-1e-05,-1e-05,0
58198,-3e-05,-2e-05,-3e-05,-0.00026,-9e-05,-1e-05,-1e-05,-1e-05,0
58199,-3e-05,-2e-05,-3e-05,-0.00026,-9e-05,-1e-05,-1e-05,-1e-05,0
58200,-3e-05,-2e-05,-3e-05,-0.00026,-9e-05,-1e-05,-1e-05,-1e-05,0
58201,-3e-05,-2e-05,-3e-05,-0.00026,-9e-05,-1e-05,-1e-05,-1e-05,0
58202,-3e-05,-2e-05,-3e-05,-0.00026,-9e-05,-1e-05,-1e-05,-1e-05,0
58203,0.0,2e-05,2e-05,-7e-05,-3e-05,1e-05,-2e-05,-2e-05,0
58204,0.0,0.0,1e-05,6e-05,0.0001,0.0,2e-05,1e-05,0
58205,0.0,0.0,1e-05,6e-05,0.0001,0.0,2e-05,1e-05,0
58206,0.0,0.0,1e-05,6e-05,0.0001,0.0,2e-05,1e-05,0
58207,0.0,0.0,1e-05,6e-05,0.0001,0.0,2e-05,1e-05,0
58208,0.0,0.0,1e-05,6e-05,0.0001,0.0,2e-05,1e-05,0
58209,0.0,0.0,1e-05,6e-05,0.0001,0.0,2e-05,1e-05,0
58210,0.0,0.0,1e-05,6e-05,0.0001,0.0,2e-05,1e-05,0
58211,0.0,0.0,1e-05,6e-05,0.0001,0.0,2e-05,1e-05,0
58212,0.0,0.0,1e-05,6e-05,0.0001,0.0,2e-05,1e-05,0
58213,0.0,0.0,1e-05,6e-05,0.0001,0.0,2e-05,1e-05,0
58214,0.0,0.0,1e-05,6e-05,0.0001,0.0,2e-05,1e-05,0
58215,0.0,0.0,1e-05,6e-05,0.0001,0.0,2e-05,1e-05,0
58216,0.0,0.0,1e-05,6e-05,0.0001,0.0,2e-05,1e-05,0
58217,0.0,0.0,1e-05,6e-05,0.0001,0.0,2e-05,1e-05,0
58218,0.0,0.0,1e-05,6e-05,0.0001,0.0,2e-05,1e-05,0
58219,0.0,0.0,1e-05,6e-05,0.0001,0.0,2e-05,1e-05,0
58220,0.0,0.0,1e-05,6e-05,0.0001,0.0,2e-05,1e-05,0
58221,0.0,0.0,1e-05,6e-05,0.0001,0.0,2e-05,1e-05,0
58222,0.0,0.0,1e-05,6e-05,0.0001,0.0,2e-05,1e-05,0
58223,0.0,0.0,1e-05,6e-05,0.0001,0.0,2e-05,1e-05,0
58224,0.0,0.0,1e-05,6e-05,0.0001,0.0,2e-05,1e-05,0
58225,-5e-05,-6e-05,-6e-05,0.0,-4e-05,0.0,1e-05,0.0,0
58226,-5e-05,-6e-05,-6e-05,0.0,-4e-05,0.0,1e-05,0.0,0
58227,-1e-05,-2e-05,-3e-05,-9e-05,-0.00014,-1e-05,-1e-05,-2e-05,0
58228,-1e-05,-2e-05,-3e-05,-9e-05,-0.00014,-1e-05,-1e-05,-2e-05,0
58229,-1e-05,-2e-05,-3e-05,-9e-05,-0.00014,-1e-05,-1e-05,-2e-05,0
58230,-1e-05,-2e-05,-3e-05,-9e-05,-0.00014,-1e-05,-1e-05,-2e-05,0
58231,-1e-05,-2e-05,-3e-05,-9e-05,-0.00014,-1e-05,-1e-05,-2e-05,0
58232,-1e-05,-2e-05,-3e-05,-9e-05,-0.00014,-1e-05,-1e-05,-2e-05,0
58233,-1e-05,-2e-05,-3e-05,-9e-05,-0.00014,-1e-05,-1e-05,-2e-05,0
58234,-1e-05,-2e-05,-3e-05,-9e-05,-0.00014,-1e-05,-1e-05,-2e-05,0
58235,-1e-05,-2e-05,-3e-05,-9e-05,-0.00014,-1e-05,-1e-05,-2e-05,0
58236,-1e-05,-2e-05,-3e-05,-9e-05,-0.00014,-1e-05,-1e-05,-2e-05,0
58239,1e-05,2e-05,4e-05,0.00015,7e-05,0.0,-1e-05,0.0,0
58240,1e-05,2e-05,4e-05,0.00015,7e-05,0.0,-1e-05,0.0,0
58241,1e-05,2e-05,4e-05,0.00015,7e-05,0.0,-1e-05,0.0,0
58242,1e-05,2e-05,4e-05,0.00015,7e-05,0.0,-1e-05,0.0,0
58243,1e-05,2e-05,4e-05,0.00015,7e-05,0.0,-1e-05,0.0,0
58244,1e-05,2e-05,4e-05,0.00015,7e-05,0.0,-1e-05,0.0,0
58245,1e-05,2e-05,4e-05,0.00015,7e-05,0.0,-1e-05,0.0,0
58246,1e-05,2e-05,4e-05,0.00015,7e-05,0.0,-1e-05,0.0,0
58247,1e-05,2e-05,4e-05,0.00015,7e-05,0.0,-1e-05,0.0,0
58248,-3e-05,-5e-05,-5e-05,-5e-05,-0.00011,1e-05,0.0,-1e-05,0
58249,-3e-05,-5e-05,-5e-05,-5e-05,-0.00011,1e-05,0.0,-1e-05,0
58250,-3e-05,-5e-05,-5e-05,-5e-05,-0.00011,1e-05,0.0,-1e-05,0
58251,-3e-05,-5e-05,-5e-05,-5e-05,-0.00011,1e-05,0.0,-1e-05,0
58252,-3e-05,-5e-05,-5e-05,-5e-05,-0.00011,1e-05,0.0,-1e-05,0
58253,-3e-05,-5e-05,-5e-05,-5e-05,-0.00011,1e-05,0.0,-1e-05,0
58254,-3e-05,-5e-05,-5e-05,-5e-05,-0.00011,1e-05,0.0,-1e-05,0
58255,-3e-05,-5e-05,-5e-05,-5e-05,-0.00011,1e-05,0.0,-1e-05,0
58256,-3e-05,-5e-05,-5e-05,-5e-05,-0.00011,1e-05,0.0,-1e-05,0
58257,-3e-05,-5e-05,-5e-05,-5e-05,-0.00011,1e-05,0.0,-1e-05,0
58258,-3e-05,-5e-05,-5e-05,-5e-05,-0.00011,1e-05,0.0,-1e-05,0
58259,-3e-05,-5e-05,-5e-05,-5e-05,-0.00011,1e-05,0.0,-1e-05,0
58260,-3e-05,-5e-05,-5e-05,-5e-05,-0.00011,1e-05,0.0,-1e-05,0
58261,-3e-05,-5e-05,-5e-05,-5e-05,-0.00011,1e-05,0.0,-1e-05,0
58262,-3e-05,-5e-05,-5e-05,-5e-05,-0.00011,1e-05,0.0,-1e-05,0
58263,-1e-05,-3e-05,-2e-05,0.00017,1e-05,4e-05,2e-05,-1e-05,0
58264,0.0,2e-05,3e-05,3e-05,-3e-05,-3e-05,0.0,-2e-05,0
58265,0.0,2e-05,3e-05,3e-05,-3e-05,-3e-05,0.0,-2e-05,0
58266,0.0,2e-05,3e-05,3e-05,-3e-05,-3e-05,0.0,-2e-05,0
58267,0.0,2e-05,3e-05,3e-05,-3e-05,-3e-05,0.0,-2e-05,0
58268,0.0,2e-05,3e-05,3e-05,-3e-05,-3e-05,0.0,-2e-05,0
58269,0.0,2e-05,3e-05,3e-05,-3e-05,-3e-05,0.0,-2e-05,0
58270,0.0,2e-05,3e-05,3e-05,-3e-05,-3e-05,0.0,-2e-05,0
58271,0.0,2e-05,3e-05,3e-05,-3e-05,-3e-05,0.0,-2e-05,0
58272,0.0,2e-05,3e-05,3e-05,-3e-05,-3e-05,0.0,-2e-05,0
58273,0.0,2e-05,3e-05,3e-05,-3e-05,-3e-05,0.0,-2e-05,0
58274,0.0,2e-05,3e-05,3e-05,-3e-05,-3e-05,0.0,-2e-05,0
58275,0.0,2e-05,3e-05,3e-05,-3e-05,-3e-05,0.0,-2e-05,0
58276,0.0,2e-05,3e-05,3e-05,-3e-05,-3e-05,0.0,-2e-05,0
58277,0.0,2e-05,3e-05,3e-05,-3e-05,-3e-05,0.0,-2e-05,0
58278,0.0,2e-05,3e-05,3e-05,-3e-05,-3e-05,0.0,-2e-05,0
58279,0.0,2e-05,3e-05,3e-05,-3e-05,-3e-05,0.0,-2e-05,0
58280,0.0,2e-05,3e-05,3e-05,-3e-05,-3e-05,0.0,-2e-05,0
58281,0.0,2e-05,3e-05,3e-05,-3e-05,-3e-05,0.0,-2e-05,0
58282,0.0,2e-05,3e-05,3e-05,-3e-05,-3e-05,0.0,-2e-05,0
58283,0.0,2e-05,3e-05,3e-05,-3e-05,-3e-05,0.0,-2e-05,0
58284,0.0,2e-05,3e-05,3e-05,-3e-05,-3e-05,0.0,-2e-05,0
58285,1e-05,0.0,0.0,-0.00011,-5e-05,-3e-05,-3e-05,0.0,0
58286,1e-05,0.0,0.0,-0.00011,-5e-05,-3e-05,-3e-05,0.0,0
58288,-3e-05,-4e-05,-8e-05,-2e-05,-1e-05,-2e-05,-1e-05,-1e-05,0
58289,-3e-05,-4e-05,-8e-05,-2e-05,-1e-05,-2e-05,-1e-05,-1e-05,0
58290,-3e-05,-4e-05,-8e-05,-2e-05,-1e-05,-2e-05,-1e-05,-1e-05,0
58291,-3e-05,-4e-05,-8e-05,-2e-05,-1e-05,-2e-05,-1e-05,-1e-05,0
58292,-3e-05,-4e-05,-8e-05,-2e-05,-1e-05,-2e-05,-1e-05,-1e-05,0
58293,-3e-05,-4e-05,-8e-05,-2e-05,-1e-05,-2e-05,-1e-05,-1e-05,0
58294,-3e-05,-4e-05,-8e-05,-2e-05,-1e-05,-2e-05,-1e-05,-1e-05,0
58295,-3e-05,-4e-05,-8e-05,-2e-05,-1e-05,-2e-05,-1e-05,-1e-05,0
58296,-3e-05,-4e-05,-8e-05,-2e-05,-1e-05,-2e-05,-1e-05,-1e-05,0
58297,-3e-05,-4e-05,-8e-05,-2e-05,-1e-05,-2e-05,-1e-05,-1e-05,0
58298,-3e-05,-4e-05,-8e-05,-2e-05,-1e-05,-2e-05,-1e-05,-1e-05,0
58299,1e-05,-1e-05,3e-05,5e-05,3e-05,-1e-05,-1e-05,-1e-05,0
58300,1e-05,-1e-05,3e-05,5e-05,3e-05,-1e-05,-1e-05,-1e-05,0
58301,1e-05,-1e-05,3e-05,5e-05,3e-05,-1e-05,-1e-05,-1e-05,0
58302,1e-05,-1e-05,3e-05,5e-05,3e-05,-1e-05,-1e-05,-1e-05,0
58303,1e-05,-1e-05,3e-05,5e-05,3e-05,-1e-05,-1e-05,-1e-05,0
58304,1e-05,-1e-05,3e-05,5e-05,3e-05,-1e-05,-1e-05,-1e-05,0
58305,1e-05,-1e-05,3e-05,5e-05,3e-05,-1e-05,-1e-05,-1e-05,0
58306,1e-05,-1e-05,3e-05,5e-05,3e-05,-1e-05,-1e-05,-1e-05,0
58307,1e-05,-1e-05,3e-05,5e-05,3e-05,-1e-05,-1e-05,-1e-05,0
58308,1e-05,2e-05,3e-05,-2e-05,-7e-05,4e-05,-2e-05,0.0,0
58309,1e-05,2e-05,3e-05,-2e-05,-7e-05,4e-05,-2e-05,0.0,0
58310,1e-05,2e-05,3e-05,-2e-05,-7e-05,4e-05,-2e-05,0.0,0
58311,1e-05,2e-05,3e-05,-2e-05,-7e-05,4e-05,-2e-05,0.0,0
58312,1e-05,2e-05,3e-05,-2e-05,-7e-05,4e-05,-2e-05,0.0,0
58313,1e-05,2e-05,3e-05,-2e-05,-7e-05,4e-05,-2e-05,0.0,0
58314,1e-05,2e-05,3e-05,-2e-05,-7e-05,4e-05,-2e-05,0.0,0
58315,1e-05,2e-05,3e-05,-2e-05,-7e-05,4e-05,-2e-05,0.0,0
58316,1e-05,2e-05,3e-05,-2e-05,-7e-05,4e-05,-2e-05,0.0,0
58317,1e-05,2e-05,3e-05,-2e-05,-7e-05,4e-05,-2e-05,0.0,0
58318,1e-05,2e-05,3e-05,-2e-05,-7e-05,4e-05,-2e-05,0.0,0
58319,1e-05,2e-05,3e-05,-2e-05,-7e-05,4e-05,-2e-05,0.0,0
58320,1e-05,2e-05,3e-05,-2e-05,-7e-05,4e-05,-2e-05,0.0,0
58321,1e-05,2e-05,3e-05,-2e-05,-7e-05,4e-05,-2e-05,0.0,0
58322,0.0,2e-05,1e-05,-2e-05,-2e-05,-9e-05,-1e-05,-1e-05,0
58323,-1e-05,-2e-05,-4e-05,-4e-05,2e-05,-1e-05,-1e-05,-1e-05,0
58324,-1e-05,-3e-05,0.0,0.00011,-0.00012,-1e-05,-2e-05,-1e-05,0
58325,-1e-05,-3e-05,0.0,0.00011,-0.00012,-1e-05,-2e-05,-1e-05,0
58326,-1e-05,-3e-05,0.0,0.00011,-0.00012,-1e-05,-2e-05,-1e-05,0
58327,-1e-05,-3e-05,0.0,0.00011,-0.00012,-1e-05,-2e-05,-1e-05,0
58328,-1e-05,-3e-05,0.0,0.00011,-0.00012,-1e-05,-2e-05,-1e-05,0
58329,-1e-05,-3e-05,0.0,0.00011,-0.00012,-1e-05,-2e-05,-1e-05,0
58330,-1e-05,-3e-05,0.0,0.00011,-0.00012,-1e-05,-2e-05,-1e-05,0
58331,-1e-05,-3e-05,0.0,0.00011,-0.00012,-1e-05,-2e-05,-1e-05,0
58332,-1e-05,-3e-05,0.0,0.00011,-0.00012,-1e-05,-2e-05,-1e-05,0
58333,-1e-05,-3e-05,0.0,0.00011,-0.00012,-1e-05,-2e-05,-1e-05,0
58334,-1e-05,-3e-05,0.0,0.00011,-0.00012,-1e-05,-2e-05,-1e-05,0
58335,-1e-05,-3e-05,0.0,0.00011,-0.00012,-1e-05,-2e-05,-1e-05,0
58336,-1e-05,-3e-05,0.0,0.00011,-0.00012,-1e-05,-2e-05,-1e-05,0
58338,-1e-05,-3e-05,0.0,0.00011,-0.00012,-1e-05,-2e-05,-1e-05,0
58340,-1e-05,-3e-05,0.0,0.00011,-0.00012,-1e-05,-2e-05,-1e-05,0
58341,-1e-05,-3e-05,0.0,0.00011,-0.00012,-1e-05,-2e-05,-1e-05,0
58342,-1e-05,-3e-05,0.0,0.00011,-0.00012,-1e-05,-2e-05,-1e-05,0
58343,-1e-05,-3e-05,0.0,0.00011,-0.00012,-1e-05,-2e-05,-1e-05,0
58344,-1e-05,-3e-05,0.0,0.00011,-0.00012,-1e-05,-2e-05,-1e-05,0
58345,0.0,0.0,-1e-05,-1e-05,-5e-05,-1e-05,-1e-05,-1e-05,0
58346,0.0,0.0,-1e-05,-1e-05,-5e-05,-1e-05,-1e-05,-1e-05,0
58347,-1e-05,-2e-05,-1e-05,-4e-05,-6e-05,-1e-05,0.0,0.0,0
58348,-1e-05,-2e-05,-1e-05,-4e-05,-6e-05,-1e-05,0.0,0.0,0
58349,-1e-05,-2e-05,-1e-05,-4e-05,-6e-05,-1e-05,0.0,0.0,0
58350,-1e-05,-2e-05,-1e-05,-4e-05,-6e-05,-1e-05,0.0,0.0,0
58351,-1e-05,-2e-05,-1e-05,-4e-05,-6e-05,-1e-05,0.0,0.0,0
58352,-1e-05,-2e-05,-1e-05,-4e-05,-6e-05,-1e-05,0.0,0.0,0
58353,-1e-05,-2e-05,-1e-05,-4e-05,-6e-05,-1e-05,0.0,0.0,0
58354,-1e-05,-2e-05,-1e-05,-4e-05,-6e-05,-1e-05,0.0,0.0,0
58355,-1e-05,-2e-05,-1e-05,-4e-05,-6e-05,-1e-05,0.0,0.0,0
58356,-1e-05,-2e-05,-1e-05,-4e-05,-6e-05,-1e-05,0.0,0.0,0
58357,-1e-05,-2e-05,-1e-05,-4e-05,-6e-05,-1e-05,0.0,0.0,0
58358,-1e-05,-2e-05,-1e-05,-4e-05,-6e-05,-1e-05,0.0,0.0,0
58359,0.0,1e-05,4e-05,2e-05,8e-05,-2e-05,0.0,-1e-05,0
58360,0.0,1e-05,4e-05,2e-05,8e-05,-2e-05,0.0,-1e-05,0
58361,0.0,1e-05,4e-05,2e-05,8e-05,-2e-05,0.0,-1e-05,0
58362,0.0,1e-05,4e-05,2e-05,8e-05,-2e-05,0.0,-1e-05,0
58363,0.0,1e-05,4e-05,2e-05,8e-05,-2e-05,0.0,-1e-05,0
58364,0.0,1e-05,4e-05,2e-05,8e-05,-2e-05,0.0,-1e-05,0
58365,0.0,1e-05,4e-05,2e-05,8e-05,-2e-05,0.0,-1e-05,0
58366,0.0,1e-05,4e-05,2e-05,8e-05,-2e-05,0.0,-1e-05,0
58367,0.0,1e-05,4e-05,2e-05,8e-05,-2e-05,0.0,-1e-05,0
58368,-1e-05,-5e-05,-4e-05,0.00017,3e-05,-5e-05,-2e-05,-2e-05,0
58369,-1e-05,-5e-05,-4e-05,0.00017,3e-05,-5e-05,-2e-05,-2e-05,0
58370,-1e-05,-5e-05,-4e-05,0.00017,3e-05,-5e-05,-2e-05,-2e-05,0
58371,-1e-05,-5e-05,-4e-05,0.00017,3e-05,-5e-05,-2e-05,-2e-05,0
58372,-1e-05,-5e-05,-4e-05,0.00017,3e-05,-5e-05,-2e-05,-2e-05,0
58373,-1e-05,-5e-05,-4e-05,0.00017,3e-05,-5e-05,-2e-05,-2e-05,0
58374,-1e-05,-5e-05,-4e-05,0.00017,3e-05,-5e-05,-2e-05,-2e-05,0
58375,-1e-05,-5e-05,-4e-05,0.00017,3e-05,-5e-05,-2e-05,-2e-05,0
58376,-1e-05,-5e-05,-4e-05,0.00017,3e-05,-5e-05,-2e-05,-2e-05,0
58377,-1e-05,-5e-05,-4e-05,0.00017,3e-05,-5e-05,-2e-05,-2e-05,0
58378,-1e-05,-5e-05,-4e-05,0.00017,3e-05,-5e-05,-2e-05,-2e-05,0
58379,-1e-05,-5e-05,-4e-05,0.00017,3e-05,-5e-05,-2e-05,-2e-05,0
58380,-1e-05,-5e-05,-4e-05,0.00017,3e-05,-5e-05,-2e-05,-2e-05,0
58381,-1e-05,-5e-05,-4e-05,0.00017,3e-05,-5e-05,-2e-05,-2e-05,0
58382,-1e-05,-5e-05,-4e-05,0.00017,3e-05,-5e-05,-2e-05,-2e-05,0
58383,-1e-05,-5e-05,-4e-05,0.00017,3e-05,-5e-05,-2e-05,-2e-05,0
58384,-1e-05,-5e-05,-4e-05,0.00017,3e-05,-5e-05,-2e-05,-2e-05,0
58385,-1e-05,-5e-05,-4e-05,0.00017,3e-05,-5e-05,-2e-05,-2e-05,0
58386,-1e-05,-5e-05,-4e-05,0.00017,3e-05,-5e-05,-2e-05,-2e-05,0
58388,-1e-05,-5e-05,-4e-05,0.00017,3e-05,-5e-05,-2e-05,-2e-05,0
58389,-1e-05,-5e-05,-4e-05,0.00017,3e-05,-5e-05,-2e-05,-2e-05,0
58390,-1e-05,-5e-05,-4e-05,0.00017,3e-05,-5e-05,-2e-05,-2e-05,0
58391,0.0,0.0,-1e-05,-4e-05,-8e-05,-1e-05,-1e-05,-1e-05,0
58392,-3e-05,-7e-05,-8e-05,0.0,0.00022,-3e-05,0.0,-2e-05,0
58393,-3e-05,-7e-05,-8e-05,0.0,0.00022,-3e-05,0.0,-2e-05,0
58394,-3e-05,-7e-05,-8e-05,0.0,0.00022,-3e-05,0.0,-2e-05,0
58395,-3e-05,-7e-05,-8e-05,0.0,0.00022,-3e-05,0.0,-2e-05,0
58396,-3e-05,-7e-05,-8e-05,0.0,0.00022,-3e-05,0.0,-2e-05,0
58397,-3e-05,-7e-05,-8e-05,0.0,0.00022,-3e-05,0.0,-2e-05,0
58398,-3e-05,-7e-05,-8e-05,0.0,0.00022,-3e-05,0.0,-2e-05,0
58399,-3e-05,-7e-05,-8e-05,0.0,0.00022,-3e-05,0.0,-2e-05,0
58400,-3e-05,-7e-05,-8e-05,0.0,0.00022,-3e-05,0.0,-2e-05,0
58401,-3e-05,-7e-05,-8e-05,0.0,0.00022,-3e-05,0.0,-2e-05,0
58402,-3e-05,-7e-05,-8e-05,0.0,0.00022,-3e-05,0.0,-2e-05,0
58403,-3e-05,-7e-05,-8e-05,0.0,0.00022,-3e-05,0.0,-2e-05,0
58404,-3e-05,-7e-05,-8e-05,0.0,0.00022,-3e-05,0.0,-2e-05,0
58405,-1e-05,0.0,-3e-05,-2e-05,-3e-05,-6e-05,-3e-05,2e-05,0
58406,-1e-05,0.0,-3e-05,-2e-05,-3e-05,-6e-05,-3e-05,2e-05,0
58407,0.0,1e-05,-2e-05,-0.00019,-0.00016,-1e-05,-1e-05,1e-05,0
58408,0.0,1e-05,-2e-05,-0.00019,-0.00016,-1e-05,-1e-05,1e-05,0
58409,0.0,1e-05,-2e-05,-0.00019,-0.00016,-1e-05,-1e-05,1e-05,0
58410,0.0,1e-05,-2e-05,-0.00019,-0.00016,-1e-05,-1e-05,1e-05,0
58411,0.0,1e-05,-2e-05,-0.00019,-0.00016,-1e-05,-1e-05,1e-05,0
58412,0.0,1e-05,-2e-05,-0.00019,-0.00016,-1e-05,-1e-05,1e-05,0
58413,0.0,1e-05,-2e-05,-0.00019,-0.00016,-1e-05,-1e-05,1e-05,0
58414,0.0,1e-05,-2e-05,-0.00019,-0.00016,-1e-05,-1e-05,1e-05,0
58415,0.0,1e-05,-2e-05,-0.00019,-0.00016,-1e-05,-1e-05,1e-05,0
58416,0.0,1e-05,-2e-05,-0.00019,-0.00016,-1e-05,-1e-05,1e-05,0
58417,0.0,1e-05,-2e-05,-0.00019,-0.00016,-1e-05,-1e-05,1e-05,0
58418,0.0,1e-05,-2e-05,-0.00019,-0.00016,-1e-05,-1e-05,1e-05,0
58419,0.0,1e-05,-2e-05,-0.00019,-0.00016,-1e-05,-1e-05,1e-05,0
58420,0.0,1e-05,-2e-05,-0.00019,-0.00016,-1e-05,-1e-05,1e-05,0
58421,0.0,1e-05,-2e-05,-0.00019,-0.00016,-1e-05,-1e-05,1e-05,0
58422,0.0,1e-05,-2e-05,-0.00019,-0.00016,-1e-05,-1e-05,1e-05,0
58423,0.0,1e-05,-2e-05,-0.00019,-0.00016,-1e-05,-1e-05,1e-05,0
58424,0.0,1e-05,-2e-05,-0.00019,-0.00016,-1e-05,-1e-05,1e-05,0
58425,0.0,1e-05,-2e-05,-0.00019,-0.00016,-1e-05,-1e-05,1e-05,0
58426,0.0,1e-05,-2e-05,-0.00019,-0.00016,-1e-05,-1e-05,1e-05,0
58427,0.0,1e-05,-2e-05,-0.00019,-0.00016,-1e-05,-1e-05,1e-05,0
58428,1e-05,1e-05,4e-05,0.00034,0.00017,6e-05,2e-05,-2e-05,0
58429,-3e-05,-7e-05,-5e-05,-5e-05,-2e-05,-2e-05,-1e-05,-2e-05,0
58430,-3e-05,-7e-05,-5e-05,-5e-05,-2e-05,-2e-05,-1e-05,-2e-05,0
58431,-3e-05,-7e-05,-5e-05,-5e-05,-2e-05,-2e-05,-1e-05,-2e-05,0
58432,-3e-05,-7e-05,-5e-05,-5e-05,-2e-05,-2e-05,-1e-05,-2e-05,0
58433,-3e-05,-7e-05,-5e-05,-5e-05,-2e-05,-2e-05,-1e-05,-2e-05,0
58434,-3e-05,-7e-05,-5e-05,-5e-05,-2e-05,-2e-05,-1e-05,-2e-05,0
58435,-3e-05,-7e-05,-5e-05,-5e-05,-2e-05,-2e-05,-1e-05,-2e-05,0
58436,-3e-05,-7e-05,-5e-05,-5e-05,-2e-05,-2e-05,-1e-05,-2e-05,0
58438,-3e-05,-7e-05,-5e-05,-5e-05,-2e-05,-2e-05,-1e-05,-2e-05,0
58440,-3e-05,-7e-05,-5e-05,-5e-05,-2e-05,-2e-05,-1e-05,-2e-05,0
58441,-3e-05,-7e-05,-5e-05,-5e-05,-2e-05,-2e-05,-1e-05,-2e-05,0
58442,-3e-05,-7e-05,-5e-05,-5e-05,-2e-05,-2e-05,-1e-05,-2e-05,0
58443,1e-05,3e-05,4e-05,-3e-05,5e-05,1e-05,-1e-05,-1e-05,0
58444,-5e-05,-6e-05,-7e-05,-8e-05,-2e-05,-2e-05,-1e-05,-3e-05,0
58445,-5e-05,-6e-05,-7e-05,-8e-05,-2e-05,-2e-05,-1e-05,-3e-05,0
58446,-5e-05,-6e-05,-7e-05,-8e-05,-2e-05,-2e-05,-1e-05,-3e-05,0
58447,-5e-05,-6e-05,-7e-05,-8e-05,-2e-05,-2e-05,-1e-05,-3e-05,0
58448,-5e-05,-6e-05,-7e-05,-8e-05,-2e-05,-2e-05,-1e-05,-3e-05,0
58449,-5e-05,-6e-05,-7e-05,-8e-05,-2e-05,-2e-05,-1e-05,-3e-05,0
58450,-5e-05,-6e-05,-7e-05,-8e-05,-2e-05,-2e-05,-1e-05,-3e-05,0
58451,-5e-05,-6e-05,-7e-05,-8e-05,-2e-05,-2e-05,-1e-05,-3e-05,0
58452,-5e-05,-6e-05,-7e-05,-8e-05,-2e-05,-2e-05,-1e-05,-3e-05,0
58453,-5e-05,-6e-05,-7e-05,-8e-05,-2e-05,-2e-05,-1e-05,-3e-05,0
58454,-5e-05,-6e-05,-7e-05,-8e-05,-2e-05,-2e-05,-1e-05,-3e-05,0
58455,-5e-05,-6e-05,-7e-05,-8e-05,-2e-05,-2e-05,-1e-05,-3e-05,0
58456,-5e-05,-6e-05,-7e-05,-8e-05,-2e-05,-2e-05,-1e-05,-3e-05,0
58457,-5e-05,-6e-05,-7e-05,-8e-05,-2e-05,-2e-05,-1e-05,-3e-05,0
58458,-5e-05,-6e-05,-7e-05,-8e-05,-2e-05,-2e-05,-1e-05,-3e-05,0
58459,-5e-05,-6e-05,-7e-05,-8e-05,-2e-05,-2e-05,-1e-05,-3e-05,0
58460,-5e-05,-6e-05,-7e-05,-8e-05,-2e-05,-2e-05,-1e-05,-3e-05,0
58461,-5e-05,-6e-05,-7e-05,-8e-05,-2e-05,-2e-05,-1e-05,-3e-05,0
58462,-5e-05,-6e-05,-7e-05,-8e-05,-2e-05,-2e-05,-1e-05,-3e-05,0
58463,-5e-05,-6e-05,-7e-05,-8e-05,-2e-05,-2e-05,-1e-05,-3e-05,0
58464,-5e-05,-6e-05,-7e-05,-8e-05,-2e-05,-2e-05,-1e-05,-3e-05,0
58465,-2e-05,-2e-05,-2e-05,-8e-05,-0.00011,-1e-05,-1e-05,1e-05,0
58466,-2e-05,-2e-05,-2e-05,-8e-05,-0.00011,-1e-05,-1e-05,1e-05,0
58467,1e-05,-2e-05,-1e-05,-6e-05,-6e-05,-2e-05,0.0,1e-05,0
58468,1e-05,-2e-05,-1e-05,-6e-05,-6e-05,-2e-05,0.0,1e-05,0
58469,1e-05,-2e-05,-1e-05,-6e-05,-6e-05,-2e-05,0.0,1e-05,0
58470,1e-05,-2e-05,-1e-05,-6e-05,-6e-05,-2e-05,0.0,1e-05,0
58471,1e-05,-2e-05,-1e-05,-6e-05,-6e-05,-2e-05,0.0,1e-05,0
58472,1e-05,-2e-05,-1e-05,-6e-05,-6e-05,-2e-05,0.0,1e-05,0
58473,1e-05,-2e-05,-1e-05,-6e-05,-6e-05,-2e-05,0.0,1e-05,0
58474,1e-05,-2e-05,-1e-05,-6e-05,-6e-05,-2e-05,0.0,1e-05,0
58475,1e-05,-2e-05,-1e-05,-6e-05,-6e-05,-2e-05,0.0,1e-05,0
58476,1e-05,-2e-05,-1e-05,-6e-05,-6e-05,-2e-05,0.0,1e-05,0
58477,1e-05,-2e-05,-1e-05,-6e-05,-6e-05,-2e-05,0.0,1e-05,0
58478,1e-05,-2e-05,-1e-05,-6e-05,-6e-05,-2e-05,0.0,1e-05,0
58479,1e-05,-2e-05,-1e-05,-6e-05,-6e-05,-2e-05,0.0,1e-05,0
58480,1e-05,-2e-05,-1e-05,-6e-05,-6e-05,-2e-05,0.0,1e-05,0
58481,1e-05,-2e-05,-1e-05,-6e-05,-6e-05,-2e-05,0.0,1e-05,0
58482,1e-05,-2e-05,-1e-05,-6e-05,-6e-05,-2e-05,0.0,1e-05,0
58483,1e-05,-2e-05,-1e-05,-6e-05,-6e-05,-2e-05,0.0,1e-05,0
58484,1e-05,-2e-05,-1e-05,-6e-05,-6e-05,-2e-05,0.0,1e-05,0
58485,1e-05,-2e-05,-1e-05,-6e-05,-6e-05,-2e-05,0.0,1e-05,0
58486,1e-05,-2e-05,-1e-05,-6e-05,-6e-05,-2e-05,0.0,1e-05,0
58489,1e-05,4e-05,6e-05,0.00011,0.00015,-1e-05,-2e-05,0.0,0
58490,1e-05,4e-05,6e-05,0.00011,0.00015,-1e-05,-2e-05,0.0,0
58491,1e-05,4e-05,6e-05,0.00011,0.00015,-1e-05,-2e-05,0.0,0
58492,1e-05,4e-05,6e-05,0.00011,0.00015,-1e-05,-2e-05,0.0,0
58493,1e-05,4e-05,6e-05,0.00011,0.00015,-1e-05,-2e-05,0.0,0
58494,1e-05,4e-05,6e-05,0.00011,0.00015,-1e-05,-2e-05,0.0,0
58495,1e-05,4e-05,6e-05,0.00011,0.00015,-1e-05,-2e-05,0.0,0
58496,1e-05,4e-05,6e-05,0.00011,0.00015,-1e-05,-2e-05,0.0,0
58497,1e-05,4e-05,6e-05,0.00011,0.00015,-1e-05,-2e-05,0.0,0
58498,1e-05,4e-05,6e-05,0.00011,0.00015,-1e-05,-2e-05,0.0,0
58499,1e-05,4e-05,6e-05,0.00011,0.00015,-1e-05,-2e-05,0.0,0
58500,1e-05,4e-05,6e-05,0.00011,0.00015,-1e-05,-2e-05,0.0,0
58501,1e-05,4e-05,6e-05,0.00011,0.00015,-1e-05,-2e-05,0.0,0
58502,1e-05,4e-05,6e-05,0.00011,0.00015,-1e-05,-2e-05,0.0,0
58503,-1e-05,-3e-05,-2e-05,-4e-05,-4e-05,1e-05,2e-05,-1e-05,0
58504,0.0,-1e-05,-1e-05,2e-05,-4e-05,4e-05,0.0,3e-05,0
58505,0.0,-1e-05,-1e-05,2e-05,-4e-05,4e-05,0.0,3e-05,0
58506,0.0,-1e-05,-1e-05,2e-05,-4e-05,4e-05,0.0,3e-05,0
58507,0.0,-1e-05,-1e-05,2e-05,-4e-05,4e-05,0.0,3e-05,0
58508,0.0,-1e-05,-1e-05,2e-05,-4e-05,4e-05,0.0,3e-05,0
58509,0.0,-1e-05,-1e-05,2e-05,-4e-05,4e-05,0.0,3e-05,0
58510,0.0,-1e-05,-1e-05,2e-05,-4e-05,4e-05,0.0,3e-05,0
58511,0.0,-1e-05,-1e-05,2e-05,-4e-05,4e-05,0.0,3e-05,0
58512,0.0,-1e-05,-1e-05,2e-05,-4e-05,4e-05,0.0,3e-05,0
58513,0.0,-1e-05,-1e-05,2e-05,-4e-05,4e-05,0.0,3e-05,0
58514,0.0,-1e-05,-1e-05,2e-05,-4e-05,4e-05,0.0,3e-05,0
58515,0.0,-1e-05,-1e-05,2e-05,-4e-05,4e-05,0.0,3e-05,0
58516,0.0,-1e-05,-1e-05,2e-05,-4e-05,4e-05,0.0,3e-05,0
58517,0.0,-1e-05,-1e-05,2e-05,-4e-05,4e-05,0.0,3e-05,0
58518,0.0,-1e-05,-1e-05,2e-05,-4e-05,4e-05,0.0,3e-05,0
58519,0.0,-1e-05,-1e-05,2e-05,-4e-05,4e-05,0.0,3e-05,0
58520,0.0,-1e-05,-1e-05,2e-05,-4e-05,4e-05,0.0,3e-05,0
58521,0.0,-1e-05,-1e-05,2e-05,-4e-05,4e-05,0.0,3e-05,0
58522,0.0,-1e-05,-1e-05,2e-05,-4e-05,4e-05,0.0,3e-05,0
58523,0.0,-1e-05,-1e-05,2e-05,-4e-05,4e-05,0.0,3e-05,0
58524,0.0,-1e-05,-1e-05,2e-05,-4e-05,4e-05,0.0,3e-05,0
58525,1e-05,1e-05,-2e-05,-0.00012,-0.00033,-3e-05,-1e-05,8e-05,0
58526,1e-05,1e-05,-2e-05,-0.00012,-0.00033,-3e-05,-1e-05,8e-05,0
58527,0.0,-1e-05,-1e-05,3e-05,-0.0001,0.00013,2e-05,2e-05,0
58528,0.0,-1e-05,-1e-05,3e-05,-0.0001,0.00013,2e-05,2e-05,0
58529,0.0,-1e-05,-1e-05,3e-05,-0.0001,0.00013,2e-05,2e-05,0
58530,0.0,-1e-05,-1e-05,3e-05,-0.0001,0.00013,2e-05,2e-05,0
58531,0.0,-1e-05,-1e-05,3e-05,-0.0001,0.00013,2e-05,2e-05,0
58532,0.0,-1e-05,-1e-05,3e-05,-0.0001,0.00013,2e-05,2e-05,0
58533,0.0,-1e-05,-1e-05,3e-05,-0.0001,0.00013,2e-05,2e-05,0
58534,0.0,-1e-05,-1e-05,3e-05,-0.0001,0.00013,2e-05,2e-05,0
58535,0.0,-1e-05,-1e-05,3e-05,-0.0001,0.00013,2e-05,2e-05,0
58536,0.0,-1e-05,-1e-05,3e-05,-0.0001,0.00013,2e-05,2e-05,0
58538,0.0,-1e-05,-1e-05,3e-05,-0.0001,0.00013,2e-05,2e-05,0
58539,0.0,-1e-05,-1e-05,3e-05,-0.0001,0.00013,2e-05,2e-05,0
58540,0.0,-1e-05,-1e-05,3e-05,-0.0001,0.00013,2e-05,2e-05,0
58541,0.0,-1e-05,-1e-05,3e-05,-0.0001,0.00013,2e-05,2e-05,0
58542,0.0,-1e-05,-1e-05,3e-05,-0.0001,0.00013,2e-05,2e-05,0
58543,0.0,-1e-05,-1e-05,3e-05,-0.0001,0.00013,2e-05,2e-05,0
58544,0.0,-1e-05,-1e-05,3e-05,-0.0001,0.00013,2e-05,2e-05,0
58545,0.0,-1e-05,-1e-05,3e-05,-0.0001,0.00013,2e-05,2e-05,0
58546,0.0,-1e-05,-1e-05,3e-05,-0.0001,0.00013,2e-05,2e-05,0
58547,0.0,-1e-05,-1e-05,3e-05,-0.0001,0.00013,2e-05,2e-05,0
58548,0.0,-1e-05,-1e-05,-9e-05,-3e-05,-9e-05,-5e-05,4e-05,0
58549,-4e-05,-3e-05,-4e-05,-4e-05,-6e-05,-9e-05,-2e-05,-2e-05,0
58550,-4e-05,-3e-05,-4e-05,-4e-05,-6e-05,-9e-05,-2e-05,-2e-05,0
58551,-4e-05,-3e-05,-4e-05,-4e-05,-6e-05,-9e-05,-2e-05,-2e-05,0
58552,-4e-05,-3e-05,-4e-05,-4e-05,-6e-05,-9e-05,-2e-05,-2e-05,0
58553,-4e-05,-3e-05,-4e-05,-4e-05,-6e-05,-9e-05,-2e-05,-2e-05,0
58554,-4e-05,-3e-05,-4e-05,-4e-05,-6e-05,-9e-05,-2e-05,-2e-05,0
58555,-4e-05,-3e-05,-4e-05,-4e-05,-6e-05,-9e-05,-2e-05,-2e-05,0
58556,-4e-05,-3e-05,-4e-05,-4e-05,-6e-05,-9e-05,-2e-05,-2e-05,0
58557,-4e-05,-3e-05,-4e-05,-4e-05,-6e-05,-9e-05,-2e-05,-2e-05,0
58558,-4e-05,-3e-05,-4e-05,-4e-05,-6e-05,-9e-05,-2e-05,-2e-05,0
58559,-4e-05,-3e-05,-4e-05,-4e-05,-6e-05,-9e-05,-2e-05,-2e-05,0
58560,-4e-05,-3e-05,-4e-05,-4e-05,-6e-05,-9e-05,-2e-05,-2e-05,0
58561,-4e-05,-3e-05,-4e-05,-4e-05,-6e-05,-9e-05,-2e-05,-2e-05,0
58562,-4e-05,-3e-05,-4e-05,-4e-05,-6e-05,-9e-05,-2e-05,-2e-05,0
58563,-4e-05,-4e-05,-4e-05,-7e-05,-0.00022,-0.00012,-2e-05,0.0,0
58564,-2e-05,0.0,1e-05,-3e-05,-0.00011,-7e-05,3e-05,-0.00015,0
58565,-2e-05,0.0,1e-05,-3e-05,-0.00011,-7e-05,3e-05,-0.00015,0
58566,-2e-05,0.0,1e-05,-3e-05,-0.00011,-7e-05,3e-05,-0.00015,0
58567,-2e-05,0.0,1e-05,-3e-05,-0.00011,-7e-05,3e-05,-0.00015,0
58568,-2e-05,0.0,1e-05,-3e-05,-0.00011,-7e-05,3e-05,-0.00015,0
58569,-2e-05,0.0,1e-05,-3e-05,-0.00011,-7e-05,3e-05,-0.00015,0
58570,-2e-05,0.0,1e-05,-3e-05,-0.00011,-7e-05,3e-05,-0.00015,0
58571,-2e-05,0.0,1e-05,-3e-05,-0.00011,-7e-05,3e-05,-0.00015,0
58572,-2e-05,0.0,1e-05,-3e-05,-0.00011,-7e-05,3e-05,-0.00015,0
58573,-2e-05,0.0,1e-05,-3e-05,-0.00011,-7e-05,3e-05,-0.00015,0
58574,-2e-05,0.0,1e-05,-3e-05,-0.00011,-7e-05,3e-05,-0.00015,0
58575,-2e-05,0.0,1e-05,-3e-05,-0.00011,-7e-05,3e-05,-0.00015,0
58576,-2e-05,0.0,1e-05,-3e-05,-0.00011,-7e-05,3e-05,-0.00015,0
58577,-2e-05,0.0,1e-05,-3e-05,-0.00011,-7e-05,3e-05,-0.00015,0
58578,-2e-05,0.0,1e-05,-3e-05,-0.00011,-7e-05,3e-05,-0.00015,0
58579,-2e-05,0.0,1e-05,-3e-05,-0.00011,-7e-05,3e-05,-0.00015,0
58580,-2e-05,0.0,1e-05,-3e-05,-0.00011,-7e-05,3e-05,-0.00015,0
58581,-2e-05,0.0,1e-05,-3e-05,-0.00011,-7e-05,3e-05,-0.00015,0
58582,-2e-05,0.0,1e-05,-3e-05,-0.00011,-7e-05,3e-05,-0.00015,0
58583,-2e-05,0.0,1e-05,-3e-05,-0.00011,-7e-05,3e-05,-0.00015,0
58584,-2e-05,0.0,1e-05,-3e-05,-0.00011,-7e-05,3e-05,-0.00015,0
58585,-1e-05,-1e-05,1e-05,6e-05,4e-05,7e-05,0.00014,0.00017,0
58586,-1e-05,-1e-05,1e-05,6e-05,4e-05,7e-05,0.00014,0.00017,0
58588,5e-05,2e-05,3e-05,-9e-05,-0.00033,-6e-05,-1e-05,0.00016,0
58589,5e-05,2e-05,3e-05,-9e-05,-0.00033,-6e-05,-1e-05,0.00016,0
58590,5e-05,2e-05,3e-05,-9e-05,-0.00033,-6e-05,-1e-05,0.00016,0
58592,5e-05,2e-05,3e-05,-9e-05,-0.00033,-6e-05,-1e-05,0.00016,0
58593,5e-05,2e-05,3e-05,-9e-05,-0.00033,-6e-05,-1e-05,0.00016,0
58594,5e-05,2e-05,3e-05,-9e-05,-0.00033,-6e-05,-1e-05,0.00016,0
58595,5e-05,2e-05,3e-05,-9e-05,-0.00033,-6e-05,-1e-05,0.00016,0
58596,5e-05,2e-05,3e-05,-9e-05,-0.00033,-6e-05,-1e-05,0.00016,0
58597,5e-05,2e-05,3e-05,-9e-05,-0.00033,-6e-05,-1e-05,0.00016,0
58598,5e-05,2e-05,3e-05,-9e-05,-0.00033,-6e-05,-1e-05,0.00016,0
58599,5e-05,2e-05,3e-05,-9e-05,-0.00033,-6e-05,-1e-05,0.00016,0
58600,5e-05,2e-05,3e-05,-9e-05,-0.00033,-6e-05,-1e-05,0.00016,0
58601,5e-05,2e-05,3e-05,-9e-05,-0.00033,-6e-05,-1e-05,0.00016,0
58602,5e-05,2e-05,3e-05,-9e-05,-0.00033,-6e-05,-1e-05,0.00016,0
58604,5e-05,2e-05,3e-05,-9e-05,-0.00033,-6e-05,-1e-05,0.00016,0
58605,5e-05,2e-05,3e-05,-9e-05,-0.00033,-6e-05,-1e-05,0.00016,0
58606,5e-05,2e-05,3e-05,-9e-05,-0.00033,-6e-05,-1e-05,0.00016,0
58607,5e-05,2e-05,3e-05,-9e-05,-0.00033,-6e-05,-1e-05,0.00016,0
58608,5e-05,2e-05,3e-05,-9e-05,-0.00033,-6e-05,-1e-05,0.00016,0
58609,5e-05,2e-05,3e-05,-9e-05,-0.00033,-6e-05,-1e-05,0.00016,0
58610,-5e-05,-2e-05,-3e-05,-2e-05,3e-05,-8e-05,8e-05,0.00015,0
58611,-5e-05,-2e-05,-3e-05,-2e-05,3e-05,-8e-05,8e-05,0.00015,0
58612,-5e-05,-2e-05,-3e-05,-2e-05,3e-05,-8e-05,8e-05,0.00015,0
58613,-5e-05,-2e-05,-3e-05,-2e-05,3e-05,-8e-05,8e-05,0.00015,0
58614,-5e-05,-2e-05,-3e-05,-2e-05,3e-05,-8e-05,8e-05,0.00015,0
58615,-5e-05,-2e-05,-3e-05,-2e-05,3e-05,-8e-05,8e-05,0.00015,0
58616,-5e-05,-2e-05,-3e-05,-2e-05,3e-05,-8e-05,8e-05,0.00015,0
58617,-5e-05,-2e-05,-3e-05,-2e-05,3e-05,-8e-05,8e-05,0.00015,0
58618,-5e-05,-2e-05,-3e-05,-2e-05,3e-05,-8e-05,8e-05,0.00015,0
58619,-5e-05,-2e-05,-3e-05,-2e-05,3e-05,-8e-05,8e-05,0.00015,0
58620,-5e-05,-2e-05,-3e-05,-2e-05,3e-05,-8e-05,8e-05,0.00015,0
58621,-5e-05,-2e-05,-3e-05,-2e-05,3e-05,-8e-05,8e-05,0.00015,0
58622,-5e-05,-2e-05,-3e-05,-2e-05,3e-05,-8e-05,8e-05,0.00015,0
58623,-0.0001,-7e-05,-9e-05,-0.00013,-2e-05,-0.00036,-0.00018,-0.0001,0
58624,-0.0001,-7e-05,-9e-05,-0.00013,-2e-05,-0.00036,-0.00018,-0.0001,0
58625,-0.0001,-7e-05,-9e-05,-0.00013,-2e-05,-0.00036,-0.00018,-0.0001,0
58626,-0.0001,-7e-05,-9e-05,-0.00013,-2e-05,-0.00036,-0.00018,-0.0001,0
58627,-0.0001,-7e-05,-9e-05,-0.00013,-2e-05,-0.00036,-0.00018,-0.0001,0
58628,-0.0001,-7e-05,-9e-05,-0.00013,-2e-05,-0.00036,-0.00018,-0.0001,0
58629,-0.0001,-7e-05,-9e-05,-0.00013,-2e-05,-0.00036,-0.00018,-0.0001,0
58630,0.0,3e-05,2e-05,-2e-05,-0.00037,-0.00022,0.00027,0.00057,0
58631,0.0,3e-05,2e-05,-2e-05,-0.00037,-0.00022,0.00027,0.00057,0
58632,0.0,3e-05,2e-05,-2e-05,-0.00037,-0.00022,0.00027,0.00057,0
58633,0.0,3e-05,2e-05,-2e-05,-0.00037,-0.00022,0.00027,0.00057,0
58634,0.0,3e-05,2e-05,-2e-05,-0.00037,-0.00022,0.00027,0.00057,0
58635,0.0,3e-05,2e-05,-2e-05,-0.00037,-0.00022,0.00027,0.00057,0
58636,0.0,3e-05,2e-05,-2e-05,-0.00037,-0.00022,0.00027,0.00057,0
58638,0.0,3e-05,2e-05,-2e-05,-0.00037,-0.00022,0.00027,0.00057,0
58639,0.0,3e-05,2e-05,-2e-05,-0.00037,-0.00022,0.00027,0.00057,0
58640,0.0,3e-05,2e-05,-2e-05,-0.00037,-0.00022,0.00027,0.00057,0
58641,0.0,3e-05,2e-05,-2e-05,-0.00037,-0.00022,0.00027,0.00057,0
58642,0.0,3e-05,2e-05,-2e-05,-0.00037,-0.00022,0.00027,0.00057,0
58643,0.0,3e-05,2e-05,-2e-05,-0.00037,-0.00022,0.00027,0.00057,0
58644,0.0,3e-05,2e-05,-2e-05,-0.00037,-0.00022,0.00027,0.00057,0
58645,0.0,3e-05,2e-05,-2e-05,-0.00037,-0.00022,0.00027,0.00057,0
58646,0.0,2e-05,2e-05,-3e-05,-0.00021,8e-05,-8e-05,-0.00012,0
58647,0.0,2e-05,2e-05,-3e-05,-0.00021,8e-05,-8e-05,-0.00012,0
58648,3e-05,1e-05,0.0,8e-05,0.00025,0.00017,8e-05,0.00033,0
58649,3e-05,1e-05,0.0,8e-05,0.00025,0.00017,8e-05,0.00033,0
58650,3e-05,1e-05,0.0,8e-05,0.00025,0.00017,8e-05,0.00033,0
58651,3e-05,1e-05,0.0,8e-05,0.00025,0.00017,8e-05,0.00033,0
58652,3e-05,1e-05,0.0,8e-05,0.00025,0.00017,8e-05,0.00033,0
58654,3e-05,1e-05,0.0,8e-05,0.00025,0.00017,8e-05,0.00033,0
58655,3e-05,1e-05,0.0,8e-05,0.00025,0.00017,8e-05,0.00033,0
58656,3e-05,1e-05,0.0,8e-05,0.00025,0.00017,8e-05,0.00033,0
58657,3e-05,1e-05,0.0,8e-05,0.00025,0.00017,8e-05,0.00033,0
58658,3e-05,1e-05,0.0,8e-05,0.00025,0.00017,8e-05,0.00033,0
58659,3e-05,1e-05,0.0,8e-05,0.00025,0.00017,8e-05,0.00033,0
58660,3e-05,1e-05,0.0,8e-05,0.00025,0.00017,8e-05,0.00033,0
58661,3e-05,1e-05,0.0,8e-05,0.00025,0.00017,8e-05,0.00033,0
58662,3e-05,1e-05,0.0,8e-05,0.00025,0.00017,8e-05,0.00033,0
58663,3e-05,1e-05,0.0,8e-05,0.00025,0.00017,8e-05,0.00033,0
58664,3e-05,1e-05,0.0,8e-05,0.00025,0.00017,8e-05,0.00033,0
58665,3e-05,1e-05,0.0,8e-05,0.00025,0.00017,8e-05,0.00033,0
58666,3e-05,1e-05,0.0,8e-05,0.00025,0.00017,8e-05,0.00033,0
58667,3e-05,1e-05,0.0,8e-05,0.00025,0.00017,8e-05,0.00033,0
58668,3e-05,1e-05,0.0,8e-05,0.00025,0.00017,8e-05,0.00033,0
58669,-1e-05,-4e-05,-6e-05,-4e-05,8e-05,-0.0002,-5e-05,-0.00019,0
58670,-1e-05,-4e-05,-6e-05,-4e-05,8e-05,-0.0002,-5e-05,-0.00019,0
58671,-1e-05,-3e-05,-6e-05,-3e-05,0.00019,-0.00011,-0.00017,-0.00039,0
58672,-1e-05,-3e-05,-6e-05,-3e-05,0.00019,-0.00011,-0.00017,-0.00039,0
58673,-1e-05,-3e-05,-6e-05,-3e-05,0.00019,-0.00011,-0.00017,-0.00039,0
58674,-1e-05,-3e-05,-6e-05,-3e-05,0.00019,-0.00011,-0.00017,-0.00039,0
58675,-1e-05,-3e-05,-6e-05,-3e-05,0.00019,-0.00011,-0.00017,-0.00039,0
58676,-1e-05,-3e-05,-6e-05,-3e-05,0.00019,-0.00011,-0.00017,-0.00039,0
58677,-1e-05,-3e-05,-6e-05,-3e-05,0.00019,-0.00011,-0.00017,-0.00039,0
58678,-1e-05,-3e-05,-6e-05,-3e-05,0.00019,-0.00011,-0.00017,-0.00039,0
58679,-1e-05,-3e-05,-6e-05,-3e-05,0.00019,-0.00011,-0.00017,-0.00039,0
58680,-1e-05,-3e-05,-6e-05,-3e-05,0.00019,-0.00011,-0.00017,-0.00039,0
58681,-1e-05,-3e-05,-6e-05,-3e-05,0.00019,-0.00011,-0.00017,-0.00039,0
58682,-1e-05,-3e-05,-6e-05,-3e-05,0.00019,-0.00011,-0.00017,-0.00039,0
58683,-7e-05,-5e-05,-2e-05,-8e-05,-0.0005,8e-05,5e-05,0.00023,0
58684,-7e-05,-5e-05,-2e-05,-8e-05,-0.0005,8e-05,5e-05,0.00023,0
58685,-7e-05,-5e-05,-2e-05,-8e-05,-0.0005,8e-05,5e-05,0.00023,0
58686,-7e-05,-5e-05,-2e-05,-8e-05,-0.0005,8e-05,5e-05,0.00023,0
58688,-7e-05,-5e-05,-2e-05,-8e-05,-0.0005,8e-05,5e-05,0.00023,0
58689,-7e-05,-5e-05,-2e-05,-8e-05,-0.0005,8e-05,5e-05,0.00023,0
58690,-8e-05,-1e-05,-1e-05,-9e-05,-0.00059,-0.00049,-0.00044,-0.00062,0
58691,-8e-05,-1e-05,-1e-05,-9e-05,-0.00059,-0.00049,-0.00044,-0.00062,0
58692,-8e-05,-1e-05,-1e-05,-9e-05,-0.00059,-0.00049,-0.00044,-0.00062,0
58693,-8e-05,-1e-05,-1e-05,-9e-05,-0.00059,-0.00049,-0.00044,-0.00062,0
58694,-8e-05,-1e-05,-1e-05,-9e-05,-0.00059,-0.00049,-0.00044,-0.00062,0
58695,-8e-05,-1e-05,-1e-05,-9e-05,-0.00059,-0.00049,-0.00044,-0.00062,0
58696,-8e-05,-1e-05,-1e-05,-9e-05,-0.00059,-0.00049,-0.00044,-0.00062,0
58697,-8e-05,-1e-05,-1e-05,-9e-05,-0.00059,-0.00049,-0.00044,-0.00062,0
58698,-8e-05,-1e-05,-1e-05,-9e-05,-0.00059,-0.00049,-0.00044,-0.00062,0
58699,-8e-05,-1e-05,-1e-05,-9e-05,-0.00059,-0.00049,-0.00044,-0.00062,0
58700,-8e-05,-1e-05,-1e-05,-9e-05,-0.00059,-0.00049,-0.00044,-0.00062,0
58701,-8e-05,-1e-05,-1e-05,-9e-05,-0.00059,-0.00049,-0.00044,-0.00062,0
58702,-8e-05,-1e-05,-1e-05,-9e-05,-0.00059,-0.00049,-0.00044,-0.00062,0
58704,-8e-05,-1e-05,-1e-05,-9e-05,-0.00059,-0.00049,-0.00044,-0.00062,0
58705,-8e-05,-1e-05,-1e-05,-9e-05,-0.00059,-0.00049,-0.00044,-0.00062,0
58706,7e-05,3e-05,1e-05,3e-05,0.00049,-0.00021,0.00042,0.00065,0
58707,7e-05,3e-05,1e-05,3e-05,0.00049,-0.00021,0.00042,0.00065,0
58708,-2e-05,-7e-05,-7e-05,1e-05,0.00025,0.00012,0.00011,0.00026,0
58709,-2e-05,-7e-05,-7e-05,1e-05,0.00025,0.00012,0.00011,0.00026,0
58710,-2e-05,-7e-05,-7e-05,1e-05,0.00025,0.00012,0.00011,0.00026,0
58711,-2e-05,-7e-05,-7e-05,1e-05,0.00025,0.00012,0.00011,0.00026,0
58712,-2e-05,-7e-05,-7e-05,1e-05,0.00025,0.00012,0.00011,0.00026,0
58713,-2e-05,-7e-05,-7e-05,1e-05,0.00025,0.00012,0.00011,0.00026,0
58714,-2e-05,-7e-05,-7e-05,1e-05,0.00025,0.00012,0.00011,0.00026,0
58715,-2e-05,-7e-05,-7e-05,1e-05,0.00025,0.00012,0.00011,0.00026,0
58716,-2e-05,-7e-05,-7e-05,1e-05,0.00025,0.00012,0.00011,0.00026,0
58717,-2e-05,-7e-05,-7e-05,1e-05,0.00025,0.00012,0.00011,0.00026,0
58718,-2e-05,-7e-05,-7e-05,1e-05,0.00025,0.00012,0.00011,0.00026,0
58719,-2e-05,-7e-05,-7e-05,1e-05,0.00025,0.00012,0.00011,0.00026,0
58720,-2e-05,-7e-05,-7e-05,1e-05,0.00025,0.00012,0.00011,0.00026,0
58721,-2e-05,-7e-05,-7e-05,1e-05,0.00025,0.00012,0.00011,0.00026,0
58722,-2e-05,-7e-05,-7e-05,1e-05,0.00025,0.00012,0.00011,0.00026,0
58723,-2e-05,-7e-05,-7e-05,1e-05,0.00025,0.00012,0.00011,0.00026,0
58724,-2e-05,-7e-05,-7e-05,1e-05,0.00025,0.00012,0.00011,0.00026,0
58725,-2e-05,-7e-05,-7e-05,1e-05,0.00025,0.00012,0.00011,0.00026,0
58726,-2e-05,-7e-05,-7e-05,1e-05,0.00025,0.00012,0.00011,0.00026,0
58727,-2e-05,-7e-05,-7e-05,1e-05,0.00025,0.00012,0.00011,0.00026,0
58728,-2e-05,-7e-05,-7e-05,1e-05,0.00025,0.00012,0.00011,0.00026,0
58729,2e-05,6e-05,8e-05,0.00014,0.0004,0.00065,-0.00014,-0.00037,0
58730,2e-05,6e-05,8e-05,0.00014,0.0004,0.00065,-0.00014,-0.00037,0
58731,3e-05,6e-05,6e-05,-2e-05,-0.00019,0.0,-1e-05,-0.00013,0
58732,3e-05,6e-05,6e-05,-2e-05,-0.00019,0.0,-1e-05,-0.00013,0
58733,3e-05,6e-05,6e-05,-2e-05,-0.00019,0.0,-1e-05,-0.00013,0
58734,3e-05,6e-05,6e-05,-2e-05,-0.00019,0.0,-1e-05,-0.00013,0
58735,3e-05,6e-05,6e-05,-2e-05,-0.00019,0.0,-1e-05,-0.00013,0
58736,3e-05,6e-05,6e-05,-2e-05,-0.00019,0.0,-1e-05,-0.00013,0
58738,3e-05,6e-05,6e-05,-2e-05,-0.00019,0.0,-1e-05,-0.00013,0
58739,3e-05,6e-05,6e-05,-2e-05,-0.00019,0.0,-1e-05,-0.00013,0
58740,3e-05,6e-05,6e-05,-2e-05,-0.00019,0.0,-1e-05,-0.00013,0
58741,3e-05,6e-05,6e-05,-2e-05,-0.00019,0.0,-1e-05,-0.00013,0
58742,-0.00012,-7e-05,-7e-05,-5e-05,0.0002,-0.00064,-7e-05,4e-05,0
58743,3e-05,4e-05,6e-05,7e-05,-0.00028,-0.00014,0.00013,-0.00117,0
58744,3e-05,4e-05,6e-05,7e-05,-0.00028,-0.00014,0.00013,-0.00117,0
58745,3e-05,4e-05,6e-05,7e-05,-0.00028,-0.00014,0.00013,-0.00117,0
58746,3e-05,4e-05,6e-05,7e-05,-0.00028,-0.00014,0.00013,-0.00117,0
58747,3e-05,4e-05,6e-05,7e-05,-0.00028,-0.00014,0.00013,-0.00117,0
58748,3e-05,4e-05,6e-05,7e-05,-0.00028,-0.00014,0.00013,-0.00117,0
58749,3e-05,4e-05,6e-05,7e-05,-0.00028,-0.00014,0.00013,-0.00117,0
58750,3e-05,4e-05,6e-05,7e-05,-0.00028,-0.00014,0.00013,-0.00117,0
58751,-0.00017,-2e-05,-2e-05,0.0,8e-05,-0.00036,-0.00022,-0.00055,0
58752,-0.00017,-2e-05,-2e-05,0.0,8e-05,-0.00036,-0.00022,-0.00055,0
58754,-0.00017,-2e-05,-2e-05,0.0,8e-05,-0.00036,-0.00022,-0.00055,0
58755,-0.00017,-2e-05,-2e-05,0.0,8e-05,-0.00036,-0.00022,-0.00055,0
58756,-0.00017,-2e-05,-2e-05,0.0,8e-05,-0.00036,-0.00022,-0.00055,0
58757,-0.00017,-2e-05,-2e-05,0.0,8e-05,-0.00036,-0.00022,-0.00055,0
58758,-0.00017,-2e-05,-2e-05,0.0,8e-05,-0.00036,-0.00022,-0.00055,0
58759,-0.00017,-2e-05,-2e-05,0.0,8e-05,-0.00036,-0.00022,-0.00055,0
58760,-0.00017,-2e-05,-2e-05,0.0,8e-05,-0.00036,-0.00022,-0.00055,0
58761,-0.00017,-2e-05,-2e-05,0.0,8e-05,-0.00036,-0.00022,-0.00055,0
58762,-0.00017,-2e-05,-2e-05,0.0,8e-05,-0.00036,-0.00022,-0.00055,0
58763,-0.00017,-2e-05,-2e-05,0.0,8e-05,-0.00036,-0.00022,-0.00055,0
58764,-0.00017,-2e-05,-2e-05,0.0,8e-05,-0.00036,-0.00022,-0.00055,0
58765,-0.00017,-2e-05,-2e-05,0.0,8e-05,-0.00036,-0.00022,-0.00055,0
58766,8e-05,-6e-05,-7e-05,-7e-05,0.0,-0.00051,-8e-05,0.00011,0
58767,8e-05,-6e-05,-7e-05,-7e-05,0.0,-0.00051,-8e-05,0.00011,0
58768,2e-05,7e-05,0.0001,0.00024,0.00068,0.00045,0.00023,-0.00073,0
58769,2e-05,7e-05,0.0001,0.00024,0.00068,0.00045,0.00023,-0.00073,0
58770,2e-05,7e-05,0.0001,0.00024,0.00068,0.00045,0.00023,-0.00073,0
58771,2e-05,7e-05,0.0001,0.00024,0.00068,0.00045,0.00023,-0.00073,0
58772,2e-05,7e-05,0.0001,0.00024,0.00068,0.00045,0.00023,-0.00073,0
58773,2e-05,7e-05,0.0001,0.00024,0.00068,0.00045,0.00023,-0.00073,0
58774,2e-05,7e-05,0.0001,0.00024,0.00068,0.00045,0.00023,-0.00073,0
58775,2e-05,7e-05,0.0001,0.00024,0.00068,0.00045,0.00023,-0.00073,0
58776,2e-05,7e-05,0.0001,0.00024,0.00068,0.00045,0.00023,-0.00073,0
58777,2e-05,7e-05,0.0001,0.00024,0.00068,0.00045,0.00023,-0.00073,0
58778,2e-05,7e-05,0.0001,0.00024,0.00068,0.00045,0.00023,-0.00073,0
58779,2e-05,7e-05,0.0001,0.00024,0.00068,0.00045,0.00023,-0.00073,0
58780,2e-05,7e-05,0.0001,0.00024,0.00068,0.00045,0.00023,-0.00073,0
58781,2e-05,7e-05,0.0001,0.00024,0.00068,0.00045,0.00023,-0.00073,0
58782,2e-05,7e-05,0.0001,0.00024,0.00068,0.00045,0.00023,-0.00073,0
58783,2e-05,7e-05,0.0001,0.00024,0.00068,0.00045,0.00023,-0.00073,0
58784,2e-05,7e-05,0.0001,0.00024,0.00068,0.00045,0.00023,-0.00073,0
58785,2e-05,7e-05,0.0001,0.00024,0.00068,0.00045,0.00023,-0.00073,0
58786,2e-05,7e-05,0.0001,0.00024,0.00068,0.00045,0.00023,-0.00073,0
58788,2e-05,7e-05,0.0001,0.00024,0.00068,0.00045,0.00023,-0.00073,0
58789,8e-05,0.0001,0.00014,0.00028,9e-05,0.00019,0.00024,0.00051,0
58790,0.0001,0.0,-5e-05,-0.00013,-0.00079,-0.0008,-6e-05,-0.0001,0
58791,2e-05,-4e-05,-3e-05,-3e-05,-4e-05,-0.0002,-0.00018,0.00106,0
58792,2e-05,-4e-05,-3e-05,-3e-05,-4e-05,-0.0002,-0.00018,0.00106,0
58793,2e-05,-4e-05,-3e-05,-3e-05,-4e-05,-0.0002,-0.00018,0.00106,0
58794,2e-05,-4e-05,-3e-05,-3e-05,-4e-05,-0.0002,-0.00018,0.00106,0
58795,2e-05,-4e-05,-3e-05,-3e-05,-4e-05,-0.0002,-0.00018,0.00106,0
58796,2e-05,-4e-05,-3e-05,-3e-05,-4e-05,-0.0002,-0.00018,0.00106,0
58797,2e-05,-4e-05,-3e-05,-3e-05,-4e-05,-0.0002,-0.00018,0.00106,0
58798,2e-05,-4e-05,-3e-05,-3e-05,-4e-05,-0.0002,-0.00018,0.00106,0
58799,2e-05,-4e-05,-3e-05,-3e-05,-4e-05,-0.0002,-0.00018,0.00106,0
58800,2e-05,-4e-05,-3e-05,-3e-05,-4e-05,-0.0002,-0.00018,0.00106,0
58801,2e-05,-4e-05,-3e-05,-3e-05,-4e-05,-0.0002,-0.00018,0.00106,0
58802,2e-05,6e-05,7e-05,0.00014,-0.00018,-0.00017,-5e-05,0.00014,0
58805,2e-05,6e-05,7e-05,0.00014,-0.00018,-0.00017,-5e-05,0.00014,0
58806,2e-05,6e-05,7e-05,0.00014,-0.00018,-0.00017,-5e-05,0.00014,0
58807,2e-05,6e-05,7e-05,0.00014,-0.00018,-0.00017,-5e-05,0.00014,0
58808,2e-05,6e-05,7e-05,0.00014,-0.00018,-0.00017,-5e-05,0.00014,0
58809,2e-05,6e-05,7e-05,0.00014,-0.00018,-0.00017,-5e-05,0.00014,0
58810,2e-05,6e-05,7e-05,0.00014,-0.00018,-0.00017,-5e-05,0.00014,0
58811,2e-05,6e-05,7e-05,0.00014,-0.00018,-0.00017,-5e-05,0.00014,0
58813,5e-05,2e-05,4e-05,1e-05,8e-05,0.00025,0.00015,0.0001,0
58814,5e-05,2e-05,4e-05,1e-05,8e-05,0.00025,0.00015,0.0001,0
58815,5e-05,2e-05,4e-05,1e-05,8e-05,0.00025,0.00015,0.0001,0
58816,5e-05,2e-05,4e-05,1e-05,8e-05,0.00025,0.00015,0.0001,0
58817,5e-05,2e-05,4e-05,1e-05,8e-05,0.00025,0.00015,0.0001,0
58818,5e-05,2e-05,4e-05,1e-05,8e-05,0.00025,0.00015,0.0001,0
58819,5e-05,2e-05,4e-05,1e-05,8e-05,0.00025,0.00015,0.0001,0
58820,5e-05,2e-05,4e-05,1e-05,8e-05,0.00025,0.00015,0.0001,0
58821,5e-05,2e-05,4e-05,1e-05,8e-05,0.00025,0.00015,0.0001,0
58822,5e-05,2e-05,4e-05,1e-05,8e-05,0.00025,0.00015,0.0001,0
58823,5e-05,2e-05,4e-05,1e-05,8e-05,0.00025,0.00015,0.0001,0
58824,5e-05,2e-05,4e-05,1e-05,8e-05,0.00025,0.00015,0.0001,0
58825,5e-05,2e-05,4e-05,1e-05,8e-05,0.00025,0.00015,0.0001,0
58826,5e-05,2e-05,4e-05,1e-05,8e-05,0.00025,0.00015,0.0001,0
58827,-8e-05,-0.00013,-0.00017,-0.00025,0.00017,-5e-05,-0.00017,8e-05,0
58828,-5e-05,-0.00013,-0.00015,-0.00028,-0.00039,-0.00066,-0.00019,0.00053,0
58829,-5e-05,-0.00013,-0.00015,-0.00028,-0.00039,-0.00066,-0.00019,0.00053,0
58830,-5e-05,-0.00013,-0.00015,-0.00028,-0.00039,-0.00066,-0.00019,0.00053,0
58831,-5e-05,-0.00013,-0.00015,-0.00028,-0.00039,-0.00066,-0.00019,0.00053,0
58832,-5e-05,-0.00013,-0.00015,-0.00028,-0.00039,-0.00066,-0.00019,0.00053,0
58833,-5e-05,-0.00013,-0.00015,-0.00028,-0.00039,-0.00066,-0.00019,0.00053,0
58834,-5e-05,-0.00013,-0.00015,-0.00028,-0.00039,-0.00066,-0.00019,0.00053,0
58835,-5e-05,-0.00013,-0.00015,-0.00028,-0.00039,-0.00066,-0.00019,0.00053,0
58836,-5e-05,-0.00013,-0.00015,-0.00028,-0.00039,-0.00066,-0.00019,0.00053,0
58838,-5e-05,-0.00013,-0.00015,-0.00028,-0.00039,-0.00066,-0.00019,0.00053,0
58839,-5e-05,-0.00013,-0.00015,-0.00028,-0.00039,-0.00066,-0.00019,0.00053,0
58840,-5e-05,-0.00013,-0.00015,-0.00028,-0.00039,-0.00066,-0.00019,0.00053,0
58841,-5e-05,-0.00013,-0.00015,-0.00028,-0.00039,-0.00066,-0.00019,0.00053,0
58842,-5e-05,-0.00013,-0.00015,-0.00028,-0.00039,-0.00066,-0.00019,0.00053,0
58843,-5e-05,-0.00013,-0.00015,-0.00028,-0.00039,-0.00066,-0.00019,0.00053,0
58844,-5e-05,-0.00013,-0.00015,-0.00028,-0.00039,-0.00066,-0.00019,0.00053,0
58845,-5e-05,-0.00013,-0.00015,-0.00028,-0.00039,-0.00066,-0.00019,0.00053,0
58846,-5e-05,-0.00013,-0.00015,-0.00028,-0.00039,-0.00066,-0.00019,0.00053,0
58847,-5e-05,-0.00013,-0.00015,-0.00028,-0.00039,-0.00066,-0.00019,0.00053,0
58848,-5e-05,-0.00013,-0.00015,-0.00028,-0.00039,-0.00066,-0.00019,0.00053,0
58849,1e-05,-1e-05,0.0,-1e-05,-7e-05,0.00026,-0.00018,1e-05,0
58850,-3e-05,-0.00011,-0.00016,-0.0002,-0.00028,0.0,-7e-05,-0.00062,0
58851,-3e-05,-0.00011,-0.00016,-0.0002,-0.00028,0.0,-7e-05,-0.00062,0
58852,-3e-05,-0.00011,-0.00016,-0.0002,-0.00028,0.0,-7e-05,-0.00062,0
58854,-3e-05,-0.00011,-0.00016,-0.0002,-0.00028,0.0,-7e-05,-0.00062,0
58855,-3e-05,-0.00011,-0.00016,-0.0002,-0.00028,0.0,-7e-05,-0.00062,0
58856,-3e-05,-0.00011,-0.00016,-0.0002,-0.00028,0.0,-7e-05,-0.00062,0
58857,-3e-05,-0.00011,-0.00016,-0.0002,-0.00028,0.0,-7e-05,-0.00062,0
58858,-3e-05,-0.00011,-0.00016,-0.0002,-0.00028,0.0,-7e-05,-0.00062,0
58859,-3e-05,-0.00011,-0.00016,-0.0002,-0.00028,0.0,-7e-05,-0.00062,0
58860,-3e-05,-0.00011,-0.00016,-0.0002,-0.00028,0.0,-7e-05,-0.00062,0
58861,-3e-05,-0.00011,-0.00016,-0.0002,-0.00028,0.0,-7e-05,-0.00062,0
58862,-3e-05,-4e-05,-4e-05,-5e-05,0.00066,-0.0003,-0.00029,-0.00038,0
58863,-3e-05,-4e-05,-4e-05,-5e-05,0.00066,-0.0003,-0.00029,-0.00038,0
58864,-3e-05,-4e-05,-4e-05,-5e-05,0.00066,-0.0003,-0.00029,-0.00038,0
58865,-3e-05,-4e-05,-4e-05,-5e-05,0.00066,-0.0003,-0.00029,-0.00038,0
58866,-3e-05,-4e-05,-4e-05,-5e-05,0.00066,-0.0003,-0.00029,-0.00038,0
58867,-3e-05,-4e-05,-4e-05,-5e-05,0.00066,-0.0003,-0.00029,-0.00038,0
58868,-3e-05,-4e-05,-4e-05,-5e-05,0.00066,-0.0003,-0.00029,-0.00038,0
58869,-3e-05,-4e-05,-4e-05,-5e-05,0.00066,-0.0003,-0.00029,-0.00038,0
58870,-3e-05,-4e-05,-4e-05,-5e-05,0.00066,-0.0003,-0.00029,-0.00038,0
58871,-8e-05,2e-05,1e-05,0.00014,0.00048,0.00018,0.00014,-0.00065,0
58872,-8e-05,2e-05,1e-05,0.00014,0.00048,0.00018,0.00014,-0.00065,0
58873,-8e-05,2e-05,1e-05,0.00014,0.00048,0.00018,0.00014,-0.00065,0
58874,-8e-05,2e-05,1e-05,0.00014,0.00048,0.00018,0.00014,-0.00065,0
58875,-8e-05,2e-05,1e-05,0.00014,0.00048,0.00018,0.00014,-0.00065,0
58876,-8e-05,2e-05,1e-05,0.00014,0.00048,0.00018,0.00014,-0.00065,0
58877,-8e-05,2e-05,1e-05,0.00014,0.00048,0.00018,0.00014,-0.00065,0
58878,-8e-05,2e-05,1e-05,0.00014,0.00048,0.00018,0.00014,-0.00065,0
58879,-8e-05,2e-05,1e-05,0.00014,0.00048,0.00018,0.00014,-0.00065,0
58880,-8e-05,2e-05,1e-05,0.00014,0.00048,0.00018,0.00014,-0.00065,0
58881,-8e-05,2e-05,1e-05,0.00014,0.00048,0.00018,0.00014,-0.00065,0
58882,-8e-05,2e-05,1e-05,0.00014,0.00048,0.00018,0.00014,-0.00065,0
58883,-8e-05,2e-05,1e-05,0.00014,0.00048,0.00018,0.00014,-0.00065,0
58884,-8e-05,2e-05,1e-05,0.00014,0.00048,0.00018,0.00014,-0.00065,0
58885,-8e-05,2e-05,1e-05,0.00014,0.00048,0.00018,0.00014,-0.00065,0
58886,-8e-05,2e-05,1e-05,0.00014,0.00048,0.00018,0.00014,-0.00065,0
58888,-0.0001,-5e-05,-6e-05,-5e-05,0.00019,0.00036,3e-05,-0.00063,0
58889,0.0,-1e-05,-5e-05,-0.0001,-0.00037,-0.00063,-4e-05,-9e-05,0
58890,0.0,-1e-05,-5e-05,-0.0001,-0.00037,-0.00063,-4e-05,-9e-05,0
58891,0.0,-1e-05,-5e-05,-0.0001,-0.00037,-0.00063,-4e-05,-9e-05,0
58892,0.0,-1e-05,-5e-05,-0.0001,-0.00037,-0.00063,-4e-05,-9e-05,0
58893,0.0,-1e-05,-5e-05,-0.0001,-0.00037,-0.00063,-4e-05,-9e-05,0
58894,0.0,-1e-05,-5e-05,-0.0001,-0.00037,-0.00063,-4e-05,-9e-05,0
58895,0.0,-1e-05,-5e-05,-0.0001,-0.00037,-0.00063,-4e-05,-9e-05,0
58896,0.0,-1e-05,-5e-05,-0.0001,-0.00037,-0.00063,-4e-05,-9e-05,0
58897,0.0,-1e-05,-5e-05,-0.0001,-0.00037,-0.00063,-4e-05,-9e-05,0
58898,0.0,-1e-05,-5e-05,-0.0001,-0.00037,-0.00063,-4e-05,-9e-05,0
58899,0.0,-1e-05,-5e-05,-0.0001,-0.00037,-0.00063,-4e-05,-9e-05,0
58900,0.0,-1e-05,-5e-05,-0.0001,-0.00037,-0.00063,-4e-05,-9e-05,0
58901,0.0,-1e-05,-5e-05,-0.0001,-0.00037,-0.00063,-4e-05,-9e-05,0
58902,0.0,-1e-05,-5e-05,-0.0001,-0.00037,-0.00063,-4e-05,-9e-05,0
58903,0.0,-1e-05,-5e-05,-0.0001,-0.00037,-0.00063,-4e-05,-9e-05,0
58904,0.0,-1e-05,-5e-05,-0.0001,-0.00037,-0.00063,-4e-05,-9e-05,0
58905,0.0,-1e-05,-5e-05,-0.0001,-0.00037,-0.00063,-4e-05,-9e-05,0
58906,0.0,-1e-05,-5e-05,-0.0001,-0.00037,-0.00063,-4e-05,-9e-05,0
58907,0.0,-1e-05,-5e-05,-0.0001,-0.00037,-0.00063,-4e-05,-9e-05,0
58908,0.0,-1e-05,-5e-05,-0.0001,-0.00037,-0.00063,-4e-05,-9e-05,0
58909,7e-05,6e-05,0.0001,0.00034,0.00049,0.00023,0.00013,0.00027,0
58910,-5e-05,-0.0001,-0.0001,-0.00023,-0.00065,-0.00108,-0.00047,-0.00055,0
58911,0.0,-5e-05,-8e-05,-0.00027,-0.00068,-0.00034,-0.0001,0.00013,0
58912,0.0,-5e-05,-8e-05,-0.00027,-0.00068,-0.00034,-0.0001,0.00013,0
58913,0.0,-5e-05,-8e-05,-0.00027,-0.00068,-0.00034,-0.0001,0.00013,0
58914,0.0,-5e-05,-8e-05,-0.00027,-0.00068,-0.00034,-0.0001,0.00013,0
58915,0.0,-5e-05,-8e-05,-0.00027,-0.00068,-0.00034,-0.0001,0.00013,0
58916,0.0,-5e-05,-8e-05,-0.00027,-0.00068,-0.00034,-0.0001,0.00013,0
58917,0.0,-5e-05,-8e-05,-0.00027,-0.00068,-0.00034,-0.0001,0.00013,0
58918,0.0,-5e-05,-8e-05,-0.00027,-0.00068,-0.00034,-0.0001,0.00013,0
58919,0.0,-5e-05,-8e-05,-0.00027,-0.00068,-0.00034,-0.0001,0.00013,0
58920,0.0,-5e-05,-8e-05,-0.00027,-0.00068,-0.00034,-0.0001,0.00013,0
58921,0.0,-5e-05,-8e-05,-0.00027,-0.00068,-0.00034,-0.0001,0.00013,0
58922,0.0,-5e-05,-8e-05,-0.00027,-0.00068,-0.00034,-0.0001,0.00013,0
58923,0.0,-5e-05,-8e-05,-0.00027,-0.00068,-0.00034,-0.0001,0.00013,0
58924,0.0,-5e-05,-8e-05,-0.00027,-0.00068,-0.00034,-0.0001,0.00013,0
58925,0.0,-5e-05,-8e-05,-0.00027,-0.00068,-0.00034,-0.0001,0.00013,0
58926,0.0,-5e-05,-8e-05,-0.00027,-0.00068,-0.00034,-0.0001,0.00013,0
58927,0.0,-5e-05,-8e-05,-0.00027,-0.00068,-0.00034,-0.0001,0.00013,0
58928,0.0,-5e-05,-8e-05,-0.00027,-0.00068,-0.00034,-0.0001,0.00013,0
58929,0.0,-5e-05,-8e-05,-0.00027,-0.00068,-0.00034,-0.0001,0.00013,0
58930,0.0,-5e-05,-8e-05,-0.00027,-0.00068,-0.00034,-0.0001,0.00013,0
58931,-5e-05,-8e-05,-9e-05,-0.00027,-0.00124,-0.00116,-0.00022,0.00033,0
58932,-5e-05,-8e-05,-9e-05,-0.00027,-0.00124,-0.00116,-0.00022,0.00033,0
58933,3e-05,0.0,0.0,-8e-05,0.00016,0.00012,-0.00015,-0.00054,0
58934,3e-05,0.0,0.0,-8e-05,0.00016,0.00012,-0.00015,-0.00054,0
58935,3e-05,0.0,0.0,-8e-05,0.00016,0.00012,-0.00015,-0.00054,0
58936,3e-05,0.0,0.0,-8e-05,0.00016,0.00012,-0.00015,-0.00054,0
58938,3e-05,0.0,0.0,-8e-05,0.00016,0.00012,-0.00015,-0.00054,0
58939,3e-05,0.0,0.0,-8e-05,0.00016,0.00012,-0.00015,-0.00054,0
58940,3e-05,0.0,0.0,-8e-05,0.00016,0.00012,-0.00015,-0.00054,0
58941,3e-05,0.0,0.0,-8e-05,0.00016,0.00012,-0.00015,-0.00054,0
58942,3e-05,0.0,0.0,-8e-05,0.00016,0.00012,-0.00015,-0.00054,0
58943,3e-05,0.0,0.0,-8e-05,0.00016,0.00012,-0.00015,-0.00054,0
58944,3e-05,0.0,0.0,-8e-05,0.00016,0.00012,-0.00015,-0.00054,0
58945,3e-05,0.0,0.0,-8e-05,0.00016,0.00012,-0.00015,-0.00054,0
58946,2e-05,8e-05,0.0001,0.0002,0.00055,0.00073,9e-05,-0.00012,0
58947,2e-05,8e-05,0.0001,0.0002,0.00055,0.00073,9e-05,-0.00012,0
58948,-6e-05,1e-05,5e-05,0.00012,0.00028,0.0006,-5e-05,0.00049,0
58949,-6e-05,1e-05,5e-05,0.00012,0.00028,0.0006,-5e-05,0.00049,0
58950,-6e-05,1e-05,5e-05,0.00012,0.00028,0.0006,-5e-05,0.00049,0
58951,-6e-05,1e-05,5e-05,0.00012,0.00028,0.0006,-5e-05,0.00049,0
58952,-6e-05,1e-05,5e-05,0.00012,0.00028,0.0006,-5e-05,0.00049,0
58953,-6e-05,1e-05,5e-05,0.00012,0.00028,0.0006,-5e-05,0.00049,0
58954,-6e-05,1e-05,5e-05,0.00012,0.00028,0.0006,-5e-05,0.00049,0
58955,-6e-05,1e-05,5e-05,0.00012,0.00028,0.0006,-5e-05,0.00049,0
58956,-6e-05,1e-05,5e-05,0.00012,0.00028,0.0006,-5e-05,0.00049,0
58957,-6e-05,1e-05,5e-05,0.00012,0.00028,0.0006,-5e-05,0.00049,0
58958,-6e-05,1e-05,5e-05,0.00012,0.00028,0.0006,-5e-05,0.00049,0
58959,-6e-05,1e-05,5e-05,0.00012,0.00028,0.0006,-5e-05,0.00049,0
58960,-6e-05,1e-05,5e-05,0.00012,0.00028,0.0006,-5e-05,0.00049,0
58961,-6e-05,1e-05,5e-05,0.00012,0.00028,0.0006,-5e-05,0.00049,0
58962,-6e-05,1e-05,5e-05,0.00012,0.00028,0.0006,-5e-05,0.00049,0
58963,-6e-05,1e-05,5e-05,0.00012,0.00028,0.0006,-5e-05,0.00049,0
58964,-6e-05,1e-05,5e-05,0.00012,0.00028,0.0006,-5e-05,0.00049,0
58965,-6e-05,1e-05,5e-05,0.00012,0.00028,0.0006,-5e-05,0.00049,0
58966,-6e-05,1e-05,5e-05,0.00012,0.00028,0.0006,-5e-05,0.00049,0
58967,-6e-05,1e-05,5e-05,0.00012,0.00028,0.0006,-5e-05,0.00049,0
58968,-6e-05,1e-05,5e-05,0.00012,0.00028,0.0006,-5e-05,0.00049,0
58969,-9e-05,-6e-05,-7e-05,-0.00015,-0.0003,-0.0004,-8e-05,-0.00029,0
58970,-9e-05,-6e-05,-7e-05,-0.00015,-0.0003,-0.0004,-8e-05,-0.00029,0
58971,4e-05,-1e-05,-3e-05,-7e-05,0.0,0.00069,0.0,-4e-05,0
58972,4e-05,-1e-05,-3e-05,-7e-05,0.0,0.00069,0.0,-4e-05,0
58973,4e-05,-1e-05,-3e-05,-7e-05,0.0,0.00069,0.0,-4e-05,0
58974,4e-05,-1e-05,-3e-05,-7e-05,0.0,0.00069,0.0,-4e-05,0
58975,4e-05,-1e-05,-3e-05,-7e-05,0.0,0.00069,0.0,-4e-05,0
58976,4e-05,-1e-05,-3e-05,-7e-05,0.0,0.00069,0.0,-4e-05,0
58977,4e-05,-1e-05,-3e-05,-7e-05,0.0,0.00069,0.0,-4e-05,0
58978,4e-05,-1e-05,-3e-05,-7e-05,0.0,0.00069,0.0,-4e-05,0
58979,4e-05,-1e-05,-3e-05,-7e-05,0.0,0.00069,0.0,-4e-05,0
58980,4e-05,-1e-05,-3e-05,-7e-05,0.0,0.00069,0.0,-4e-05,0
58981,4e-05,-1e-05,-3e-05,-7e-05,0.0,0.00069,0.0,-4e-05,0
58982,-7e-05,0.0,-1e-05,4e-05,0.00016,0.00056,0.00015,-0.0003,0
58983,0.0,-4e-05,-5e-05,-8e-05,-0.00017,-0.00074,-0.00038,-0.00072,0
58984,0.0,-4e-05,-5e-05,-8e-05,-0.00017,-0.00074,-0.00038,-0.00072,0
58985,0.0,-4e-05,-5e-05,-8e-05,-0.00017,-0.00074,-0.00038,-0.00072,0
58986,0.0,-4e-05,-5e-05,-8e-05,-0.00017,-0.00074,-0.00038,-0.00072,0
58988,0.0,-4e-05,-5e-05,-8e-05,-0.00017,-0.00074,-0.00038,-0.00072,0
58989,0.0,-4e-05,-5e-05,-8e-05,-0.00017,-0.00074,-0.00038,-0.00072,0
58990,0.0,-4e-05,-5e-05,-8e-05,-0.00017,-0.00074,-0.00038,-0.00072,0
58991,1e-05,0.0,2e-05,0.00018,0.0008,0.00054,0.00048,0.00074,0
58992,1e-05,0.0,2e-05,0.00018,0.0008,0.00054,0.00048,0.00074,0
58993,1e-05,0.0,2e-05,0.00018,0.0008,0.00054,0.00048,0.00074,0
58994,1e-05,0.0,2e-05,0.00018,0.0008,0.00054,0.00048,0.00074,0
58995,1e-05,0.0,2e-05,0.00018,0.0008,0.00054,0.00048,0.00074,0
58996,1e-05,0.0,2e-05,0.00018,0.0008,0.00054,0.00048,0.00074,0
58997,1e-05,0.0,2e-05,0.00018,0.0008,0.00054,0.00048,0.00074,0
58998,1e-05,0.0,2e-05,0.00018,0.0008,0.00054,0.00048,0.00074,0
58999,1e-05,0.0,2e-05,0.00018,0.0008,0.00054,0.00048,0.00074,0
59000,1e-05,0.0,2e-05,0.00018,0.0008,0.00054,0.00048,0.00074,0
59001,1e-05,0.0,2e-05,0.00018,0.0008,0.00054,0.00048,0.00074,0
59002,1e-05,0.0,2e-05,0.00018,0.0008,0.00054,0.00048,0.00074,0
59003,1e-05,0.0,2e-05,0.00018,0.0008,0.00054,0.00048,0.00074,0
59004,1e-05,0.0,2e-05,0.00018,0.0008,0.00054,0.00048,0.00074,0
59005,1e-05,0.0,2e-05,0.00018,0.0008,0.00054,0.00048,0.00074,0
59006,-7e-05,-8e-05,-9e-05,-0.00013,-1e-05,-9e-05,-4e-05,0.00019,0
59007,-7e-05,-8e-05,-9e-05,-0.00013,-1e-05,-9e-05,-4e-05,0.00019,0
59008,-1e-05,2e-05,2e-05,-0.0001,-0.00079,-0.00023,-0.00011,0.0002,0
59009,-1e-05,2e-05,2e-05,-0.0001,-0.00079,-0.00023,-0.00011,0.0002,0
59010,-1e-05,2e-05,2e-05,-0.0001,-0.00079,-0.00023,-0.00011,0.0002,0
59011,-1e-05,2e-05,2e-05,-0.0001,-0.00079,-0.00023,-0.00011,0.0002,0
59012,-1e-05,2e-05,2e-05,-0.0001,-0.00079,-0.00023,-0.00011,0.0002,0
59013,-1e-05,2e-05,2e-05,-0.0001,-0.00079,-0.00023,-0.00011,0.0002,0
59014,-1e-05,2e-05,2e-05,-0.0001,-0.00079,-0.00023,-0.00011,0.0002,0
59015,-1e-05,2e-05,2e-05,-0.0001,-0.00079,-0.00023,-0.00011,0.0002,0
59016,-1e-05,2e-05,2e-05,-0.0001,-0.00079,-0.00023,-0.00011,0.0002,0
59017,-1e-05,2e-05,2e-05,-0.0001,-0.00079,-0.00023,-0.00011,0.0002,0
59018,-1e-05,2e-05,2e-05,-0.0001,-0.00079,-0.00023,-0.00011,0.0002,0
59019,-1e-05,2e-05,2e-05,-0.0001,-0.00079,-0.00023,-0.00011,0.0002,0
59020,-1e-05,2e-05,2e-05,-0.0001,-0.00079,-0.00023,-0.00011,0.0002,0
59021,-1e-05,2e-05,2e-05,-0.0001,-0.00079,-0.00023,-0.00011,0.0002,0
59022,-1e-05,2e-05,2e-05,-0.0001,-0.00079,-0.00023,-0.00011,0.0002,0
59023,-1e-05,2e-05,2e-05,-0.0001,-0.00079,-0.00023,-0.00011,0.0002,0
59024,-1e-05,2e-05,2e-05,-0.0001,-0.00079,-0.00023,-0.00011,0.0002,0
59025,-1e-05,2e-05,2e-05,-0.0001,-0.00079,-0.00023,-0.00011,0.0002,0
59026,-1e-05,2e-05,2e-05,-0.0001,-0.00079,-0.00023,-0.00011,0.0002,0
59027,-1e-05,2e-05,2e-05,-0.0001,-0.00079,-0.00023,-0.00011,0.0002,0
59028,0.0,8e-05,0.00018,0.00049,0.00077,9e-05,0.00047,-5e-05,0
59029,-1e-05,-4e-05,-3e-05,-0.00015,-0.00062,0.00011,8e-05,0.00066,0
59030,0.0001,-8e-05,-0.00016,-0.00015,-0.00052,-0.00087,-0.0004,0.00015,0
59031,-0.0001,-3e-05,2e-05,0.00012,0.00039,0.00027,-6e-05,0.00054,0
59032,-0.0001,-3e-05,2e-05,0.00012,0.00039,0.00027,-6e-05,0.00054,0
59033,-0.0001,-3e-05,2e-05,0.00012,0.00039,0.00027,-6e-05,0.00054,0
59034,-0.0001,-3e-05,2e-05,0.00012,0.00039,0.00027,-6e-05,0.00054,0
59035,-0.0001,-3e-05,2e-05,0.00012,0.00039,0.00027,-6e-05,0.00054,0
59036,-0.0001,-3e-05,2e-05,0.00012,0.00039,0.00027,-6e-05,0.00054,0
59038,-0.0001,-3e-05,2e-05,0.00012,0.00039,0.00027,-6e-05,0.00054,0
59039,-0.0001,-3e-05,2e-05,0.00012,0.00039,0.00027,-6e-05,0.00054,0
59040,-0.0001,-3e-05,2e-05,0.00012,0.00039,0.00027,-6e-05,0.00054,0
59041,-0.0001,-3e-05,2e-05,0.00012,0.00039,0.00027,-6e-05,0.00054,0
59042,2e-05,-2e-05,-4e-05,-0.00016,-0.00018,-0.0003,-0.00023,-0.00033,0
59043,2e-05,2e-05,2e-05,-2e-05,-0.0005,-0.00067,0.00065,0.00075,0
59044,2e-05,2e-05,2e-05,-2e-05,-0.0005,-0.00067,0.00065,0.00075,0
59045,2e-05,2e-05,2e-05,-2e-05,-0.0005,-0.00067,0.00065,0.00075,0
59046,2e-05,2e-05,2e-05,-2e-05,-0.0005,-0.00067,0.00065,0.00075,0
59047,2e-05,2e-05,2e-05,-2e-05,-0.0005,-0.00067,0.00065,0.00075,0
59048,2e-05,2e-05,2e-05,-2e-05,-0.0005,-0.00067,0.00065,0.00075,0
59049,2e-05,2e-05,2e-05,-2e-05,-0.0005,-0.00067,0.00065,0.00075,0
59050,2e-05,2e-05,2e-05,-2e-05,-0.0005,-0.00067,0.00065,0.00075,0
59051,0.00016,2e-05,-2e-05,-5e-05,-0.00019,3e-05,-0.00016,9e-05,0
59052,0.00016,2e-05,-2e-05,-5e-05,-0.00019,3e-05,-0.00016,9e-05,0
59053,0.00016,2e-05,-2e-05,-5e-05,-0.00019,3e-05,-0.00016,9e-05,0
59054,0.00016,2e-05,-2e-05,-5e-05,-0.00019,3e-05,-0.00016,9e-05,0
59055,0.00016,2e-05,-2e-05,-5e-05,-0.00019,3e-05,-0.00016,9e-05,0
59056,0.00016,2e-05,-2e-05,-5e-05,-0.00019,3e-05,-0.00016,9e-05,0
59057,0.00016,2e-05,-2e-05,-5e-05,-0.00019,3e-05,-0.00016,9e-05,0
59058,0.00016,2e-05,-2e-05,-5e-05,-0.00019,3e-05,-0.00016,9e-05,0
59059,0.00016,2e-05,-2e-05,-5e-05,-0.00019,3e-05,-0.00016,9e-05,0
59060,0.00016,2e-05,-2e-05,-5e-05,-0.00019,3e-05,-0.00016,9e-05,0
59061,0.00016,2e-05,-2e-05,-5e-05,-0.00019,3e-05,-0.00016,9e-05,0
59062,0.00016,2e-05,-2e-05,-5e-05,-0.00019,3e-05,-0.00016,9e-05,0
59063,0.00016,2e-05,-2e-05,-5e-05,-0.00019,3e-05,-0.00016,9e-05,0
59064,0.00016,2e-05,-2e-05,-5e-05,-0.00019,3e-05,-0.00016,9e-05,0
59065,0.00016,2e-05,-2e-05,-5e-05,-0.00019,3e-05,-0.00016,9e-05,0
59066,-3e-05,-2e-05,0.0,0.0001,-0.00014,-1e-05,-5e-05,0.00022,0
59067,-9e-05,-0.0001,-0.00015,-0.00028,-5e-05,-0.00062,-0.00026,-0.00022,0
59068,-4e-05,1e-05,6e-05,4e-05,0.00011,-0.00062,-4e-05,-0.00057,0
59069,-4e-05,1e-05,6e-05,4e-05,0.00011,-0.00062,-4e-05,-0.00057,0
59070,-4e-05,1e-05,6e-05,4e-05,0.00011,-0.00062,-4e-05,-0.00057,0
59071,-4e-05,1e-05,6e-05,4e-05,0.00011,-0.00062,-4e-05,-0.00057,0
59072,-4e-05,1e-05,6e-05,4e-05,0.00011,-0.00062,-4e-05,-0.00057,0
59073,-4e-05,1e-05,6e-05,4e-05,0.00011,-0.00062,-4e-05,-0.00057,0
59074,-4e-05,1e-05,6e-05,4e-05,0.00011,-0.00062,-4e-05,-0.00057,0
59075,-4e-05,1e-05,6e-05,4e-05,0.00011,-0.00062,-4e-05,-0.00057,0
59076,-4e-05,1e-05,6e-05,4e-05,0.00011,-0.00062,-4e-05,-0.00057,0
59077,-4e-05,1e-05,6e-05,4e-05,0.00011,-0.00062,-4e-05,-0.00057,0
59078,-4e-05,1e-05,6e-05,4e-05,0.00011,-0.00062,-4e-05,-0.00057,0
59079,-4e-05,1e-05,6e-05,4e-05,0.00011,-0.00062,-4e-05,-0.00057,0
59080,-4e-05,1e-05,6e-05,4e-05,0.00011,-0.00062,-4e-05,-0.00057,0
59081,-4e-05,1e-05,6e-05,4e-05,0.00011,-0.00062,-4e-05,-0.00057,0
59082,-4e-05,1e-05,6e-05,4e-05,0.00011,-0.00062,-4e-05,-0.00057,0
59083,-4e-05,1e-05,6e-05,4e-05,0.00011,-0.00062,-4e-05,-0.00057,0
59084,-4e-05,1e-05,6e-05,4e-05,0.00011,-0.00062,-4e-05,-0.00057,0
59085,-4e-05,1e-05,6e-05,4e-05,0.00011,-0.00062,-4e-05,-0.00057,0
59086,-4e-05,1e-05,6e-05,4e-05,0.00011,-0.00062,-4e-05,-0.00057,0
59088,-4e-05,1e-05,6e-05,4e-05,0.00011,-0.00062,-4e-05,-0.00057,0
59089,3e-05,1e-05,3e-05,-3e-05,-0.0001,0.00053,-6e-05,-0.00026,0
59090,4e-05,0.0,2e-05,0.00016,0.00025,0.00039,0.00015,-0.0002,0
59091,4e-05,0.0,2e-05,0.00016,0.00025,0.00039,0.00015,-0.0002,0
59092,4e-05,0.0,2e-05,0.00016,0.00025,0.00039,0.00015,-0.0002,0
59093,4e-05,0.0,2e-05,0.00016,0.00025,0.00039,0.00015,-0.0002,0
59094,4e-05,0.0,2e-05,0.00016,0.00025,0.00039,0.00015,-0.0002,0
59095,4e-05,0.0,2e-05,0.00016,0.00025,0.00039,0.00015,-0.0002,0
59096,4e-05,0.0,2e-05,0.00016,0.00025,0.00039,0.00015,-0.0002,0
59097,4e-05,0.0,2e-05,0.00016,0.00025,0.00039,0.00015,-0.0002,0
59098,4e-05,0.0,2e-05,0.00016,0.00025,0.00039,0.00015,-0.0002,0
59099,4e-05,0.0,2e-05,0.00016,0.00025,0.00039,0.00015,-0.0002,0
59100,4e-05,0.0,2e-05,0.00016,0.00025,0.00039,0.00015,-0.0002,0
59101,4e-05,0.0,2e-05,0.00016,0.00025,0.00039,0.00015,-0.0002,0
59102,-1e-05,3e-05,5e-05,0.0001,0.00016,0.00032,0.00012,0.00056,0
59103,-1e-05,3e-05,5e-05,0.0001,0.00016,0.00032,0.00012,0.00056,0
59104,-1e-05,3e-05,5e-05,0.0001,0.00016,0.00032,0.00012,0.00056,0
59105,-1e-05,3e-05,5e-05,0.0001,0.00016,0.00032,0.00012,0.00056,0
59106,-1e-05,3e-05,5e-05,0.0001,0.00016,0.00032,0.00012,0.00056,0
59107,-1e-05,3e-05,5e-05,0.0001,0.00016,0.00032,0.00012,0.00056,0
59108,-1e-05,3e-05,5e-05,0.0001,0.00016,0.00032,0.00012,0.00056,0
59109,-1e-05,3e-05,5e-05,0.0001,0.00016,0.00032,0.00012,0.00056,0
59110,-1e-05,3e-05,5e-05,0.0001,0.00016,0.00032,0.00012,0.00056,0
59111,-6e-05,-2e-05,1e-05,-3e-05,2e-05,-0.00028,-0.00012,-0.00062,0
59112,2e-05,2e-05,2e-05,0.0,-0.00021,-0.00018,4e-05,0.00029,0
59113,2e-05,2e-05,2e-05,0.0,-0.00021,-0.00018,4e-05,0.00029,0
59114,2e-05,2e-05,2e-05,0.0,-0.00021,-0.00018,4e-05,0.00029,0
59115,2e-05,2e-05,2e-05,0.0,-0.00021,-0.00018,4e-05,0.00029,0
59116,2e-05,2e-05,2e-05,0.0,-0.00021,-0.00018,4e-05,0.00029,0
59117,2e-05,2e-05,2e-05,0.0,-0.00021,-0.00018,4e-05,0.00029,0
59118,2e-05,2e-05,2e-05,0.0,-0.00021,-0.00018,4e-05,0.00029,0
59119,2e-05,2e-05,2e-05,0.0,-0.00021,-0.00018,4e-05,0.00029,0
59120,2e-05,2e-05,2e-05,0.0,-0.00021,-0.00018,4e-05,0.00029,0
59121,2e-05,2e-05,2e-05,0.0,-0.00021,-0.00018,4e-05,0.00029,0
59122,2e-05,2e-05,2e-05,0.0,-0.00021,-0.00018,4e-05,0.00029,0
59123,2e-05,2e-05,2e-05,0.0,-0.00021,-0.00018,4e-05,0.00029,0
59124,2e-05,2e-05,2e-05,0.0,-0.00021,-0.00018,4e-05,0.00029,0
59125,2e-05,2e-05,2e-05,0.0,-0.00021,-0.00018,4e-05,0.00029,0
59126,-8e-05,-0.00011,-0.00019,-0.00042,-0.00057,-0.00056,-0.00036,-0.00038,0
59127,-8e-05,-0.00011,-0.00019,-0.00042,-0.00057,-0.00056,-0.00036,-0.00038,0
59128,-0.00011,-3e-05,-2e-05,-0.0001,-0.00066,-0.00042,-4e-05,1e-05,0
59129,-0.00011,-3e-05,-2e-05,-0.0001,-0.00066,-0.00042,-4e-05,1e-05,0
59130,-0.00011,-3e-05,-2e-05,-0.0001,-0.00066,-0.00042,-4e-05,1e-05,0
59131,-0.00011,-3e-05,-2e-05,-0.0001,-0.00066,-0.00042,-4e-05,1e-05,0
59132,-0.00011,-3e-05,-2e-05,-0.0001,-0.00066,-0.00042,-4e-05,1e-05,0
59133,-0.00011,-3e-05,-2e-05,-0.0001,-0.00066,-0.00042,-4e-05,1e-05,0
59134,-0.00011,-3e-05,-2e-05,-0.0001,-0.00066,-0.00042,-4e-05,1e-05,0
59135,-0.00011,-3e-05,-2e-05,-0.0001,-0.00066,-0.00042,-4e-05,1e-05,0
59136,-0.00011,-3e-05,-2e-05,-0.0001,-0.00066,-0.00042,-4e-05,1e-05,0
59138,-0.00011,-3e-05,-2e-05,-0.0001,-0.00066,-0.00042,-4e-05,1e-05,0
59139,-0.00011,-3e-05,-2e-05,-0.0001,-0.00066,-0.00042,-4e-05,1e-05,0
59140,-0.00011,-3e-05,-2e-05,-0.0001,-0.00066,-0.00042,-4e-05,1e-05,0
59141,-0.00011,-3e-05,-2e-05,-0.0001,-0.00066,-0.00042,-4e-05,1e-05,0
59142,-0.00011,-3e-05,-2e-05,-0.0001,-0.00066,-0.00042,-4e-05,1e-05,0
59143,-0.00011,-3e-05,-2e-05,-0.0001,-0.00066,-0.00042,-4e-05,1e-05,0
59144,-0.00011,-3e-05,-2e-05,-0.0001,-0.00066,-0.00042,-4e-05,1e-05,0
59145,-0.00011,-3e-05,-2e-05,-0.0001,-0.00066,-0.00042,-4e-05,1e-05,0
59146,-0.00011,-3e-05,-2e-05,-0.0001,-0.00066,-0.00042,-4e-05,1e-05,0
59147,-0.00011,-3e-05,-2e-05,-0.0001,-0.00066,-0.00042,-4e-05,1e-05,0
59148,-0.00011,-3e-05,-2e-05,-0.0001,-0.00066,-0.00042,-4e-05,1e-05,0
59149,-5e-05,-5e-05,-5e-05,-0.00013,-0.00013,-0.00012,-0.00025,-0.0002,0
59150,2e-05,-1e-05,4e-05,0.00036,0.00081,0.00051,0.00014,-0.00014,0
59152,2e-05,-1e-05,4e-05,0.00036,0.00081,0.00051,0.00014,-0.00014,0
59153,2e-05,-1e-05,4e-05,0.00036,0.00081,0.00051,0.00014,-0.00014,0
59154,2e-05,-1e-05,4e-05,0.00036,0.00081,0.00051,0.00014,-0.00014,0
59155,2e-05,-1e-05,4e-05,0.00036,0.00081,0.00051,0.00014,-0.00014,0
59156,2e-05,-1e-05,4e-05,0.00036,0.00081,0.00051,0.00014,-0.00014,0
59157,2e-05,-1e-05,4e-05,0.00036,0.00081,0.00051,0.00014,-0.00014,0
59158,2e-05,-1e-05,4e-05,0.00036,0.00081,0.00051,0.00014,-0.00014,0
59159,2e-05,-1e-05,4e-05,0.00036,0.00081,0.00051,0.00014,-0.00014,0
59160,2e-05,-1e-05,4e-05,0.00036,0.00081,0.00051,0.00014,-0.00014,0
59161,2e-05,-1e-05,4e-05,0.00036,0.00081,0.00051,0.00014,-0.00014,0
59162,9e-05,6e-05,7e-05,0.0002,0.00039,0.0006,0.00012,0.00037,0
59163,9e-05,6e-05,7e-05,0.0002,0.00039,0.0006,0.00012,0.00037,0
59164,9e-05,6e-05,7e-05,0.0002,0.00039,0.0006,0.00012,0.00037,0
59165,9e-05,6e-05,7e-05,0.0002,0.00039,0.0006,0.00012,0.00037,0
59166,9e-05,6e-05,7e-05,0.0002,0.00039,0.0006,0.00012,0.00037,0
59167,9e-05,6e-05,7e-05,0.0002,0.00039,0.0006,0.00012,0.00037,0
59168,9e-05,6e-05,7e-05,0.0002,0.00039,0.0006,0.00012,0.00037,0
59169,9e-05,6e-05,7e-05,0.0002,0.00039,0.0006,0.00012,0.00037,0
59170,9e-05,6e-05,7e-05,0.0002,0.00039,0.0006,0.00012,0.00037,0
59171,6e-05,7e-05,8e-05,0.00014,0.00036,0.00029,-3e-05,-0.00028,0
59173,6e-05,7e-05,8e-05,0.00014,0.00036,0.00029,-3e-05,-0.00028,0
59174,6e-05,7e-05,8e-05,0.00014,0.00036,0.00029,-3e-05,-0.00028,0
59175,6e-05,7e-05,8e-05,0.00014,0.00036,0.00029,-3e-05,-0.00028,0
59176,6e-05,7e-05,8e-05,0.00014,0.00036,0.00029,-3e-05,-0.00028,0
59177,6e-05,7e-05,8e-05,0.00014,0.00036,0.00029,-3e-05,-0.00028,0
59178,6e-05,7e-05,8e-05,0.00014,0.00036,0.00029,-3e-05,-0.00028,0
59179,6e-05,7e-05,8e-05,0.00014,0.00036,0.00029,-3e-05,-0.00028,0
59180,6e-05,7e-05,8e-05,0.00014,0.00036,0.00029,-3e-05,-0.00028,0
59181,6e-05,7e-05,8e-05,0.00014,0.00036,0.00029,-3e-05,-0.00028,0
59182,6e-05,7e-05,8e-05,0.00014,0.00036,0.00029,-3e-05,-0.00028,0
59183,6e-05,7e-05,8e-05,0.00014,0.00036,0.00029,-3e-05,-0.00028,0
59184,6e-05,7e-05,8e-05,0.00014,0.00036,0.00029,-3e-05,-0.00028,0
59185,6e-05,7e-05,8e-05,0.00014,0.00036,0.00029,-3e-05,-0.00028,0
59186,0.0,-2e-05,-2e-05,2e-05,7e-05,0.00051,6e-05,-0.00027,0
59189,-5e-05,-7e-05,-0.00013,-0.00027,-0.00052,-0.00092,-0.00019,-0.00022,0
59190,-5e-05,-7e-05,-0.00013,-0.00027,-0.00052,-0.00092,-0.00019,-0.00022,0
59191,-5e-05,-7e-05,-0.00013,-0.00027,-0.00052,-0.00092,-0.00019,-0.00022,0
59192,-5e-05,-7e-05,-0.00013,-0.00027,-0.00052,-0.00092,-0.00019,-0.00022,0
59193,-5e-05,-7e-05,-0.00013,-0.00027,-0.00052,-0.00092,-0.00019,-0.00022,0
59194,-5e-05,-7e-05,-0.00013,-0.00027,-0.00052,-0.00092,-0.00019,-0.00022,0
59195,-5e-05,-7e-05,-0.00013,-0.00027,-0.00052,-0.00092,-0.00019,-0.00022,0
59196,-5e-05,-7e-05,-0.00013,-0.00027,-0.00052,-0.00092,-0.00019,-0.00022,0
59197,-5e-05,-7e-05,-0.00013,-0.00027,-0.00052,-0.00092,-0.00019,-0.00022,0
59198,-5e-05,-7e-05,-0.00013,-0.00027,-0.00052,-0.00092,-0.00019,-0.00022,0
59199,-5e-05,-7e-05,-0.00013,-0.00027,-0.00052,-0.00092,-0.00019,-0.00022,0
59200,-5e-05,-7e-05,-0.00013,-0.00027,-0.00052,-0.00092,-0.00019,-0.00022,0
59201,-5e-05,-7e-05,-0.00013,-0.00027,-0.00052,-0.00092,-0.00019,-0.00022,0
59202,-5e-05,-7e-05,-0.00013,-0.00027,-0.00052,-0.00092,-0.00019,-0.00022,0
59203,-5e-05,-7e-05,-0.00013,-0.00027,-0.00052,-0.00092,-0.00019,-0.00022,0
59204,-5e-05,-7e-05,-0.00013,-0.00027,-0.00052,-0.00092,-0.00019,-0.00022,0
59205,-5e-05,-7e-05,-0.00013,-0.00027,-0.00052,-0.00092,-0.00019,-0.00022,0
59206,-5e-05,-7e-05,-0.00013,-0.00027,-0.00052,-0.00092,-0.00019,-0.00022,0
59207,-5e-05,-7e-05,-0.00013,-0.00027,-0.00052,-0.00092,-0.00019,-0.00022,0
59208,-5e-05,-7e-05,-0.00013,-0.00027,-0.00052,-0.00092,-0.00019,-0.00022,0
59209,-5e-05,-7e-05,-0.00013,-0.00027,-0.00052,-0.00092,-0.00019,-0.00022,0
59210,-1e-05,3e-05,3e-05,0.00011,0.00024,0.00032,4e-05,0.00017,0
59211,-1e-05,3e-05,3e-05,0.00011,0.00024,0.00032,4e-05,0.00017,0
59212,-3e-05,-3e-05,-4e-05,-6e-05,-0.00022,-0.00043,3e-05,-1e-05,0
59213,-3e-05,-3e-05,-4e-05,-6e-05,-0.00022,-0.00043,3e-05,-1e-05,0
59214,-3e-05,-3e-05,-4e-05,-6e-05,-0.00022,-0.00043,3e-05,-1e-05,0
59215,-3e-05,-3e-05,-4e-05,-6e-05,-0.00022,-0.00043,3e-05,-1e-05,0
59216,-3e-05,-3e-05,-4e-05,-6e-05,-0.00022,-0.00043,3e-05,-1e-05,0
59217,-3e-05,-3e-05,-4e-05,-6e-05,-0.00022,-0.00043,3e-05,-1e-05,0
59218,-3e-05,-3e-05,-4e-05,-6e-05,-0.00022,-0.00043,3e-05,-1e-05,0
59219,-3e-05,-3e-05,-4e-05,-6e-05,-0.00022,-0.00043,3e-05,-1e-05,0
59220,-3e-05,-3e-05,-4e-05,-6e-05,-0.00022,-0.00043,3e-05,-1e-05,0
59221,-3e-05,-3e-05,-4e-05,-6e-05,-0.00022,-0.00043,3e-05,-1e-05,0
59222,-7e-05,-5e-05,-5e-05,3e-05,-0.00011,-0.00029,0.00018,-2e-05,0
59224,-7e-05,-5e-05,-5e-05,3e-05,-0.00011,-0.00029,0.00018,-2e-05,0
59225,-7e-05,-5e-05,-5e-05,3e-05,-0.00011,-0.00029,0.00018,-2e-05,0
59226,-7e-05,-5e-05,-5e-05,3e-05,-0.00011,-0.00029,0.00018,-2e-05,0
59227,-7e-05,-5e-05,-5e-05,3e-05,-0.00011,-0.00029,0.00018,-2e-05,0
59228,-7e-05,-5e-05,-5e-05,3e-05,-0.00011,-0.00029,0.00018,-2e-05,0
59229,-7e-05,-5e-05,-5e-05,3e-05,-0.00011,-0.00029,0.00018,-2e-05,0
59230,-7e-05,-5e-05,-5e-05,3e-05,-0.00011,-0.00029,0.00018,-2e-05,0
59231,-3e-05,-3e-05,0.0,-7e-05,-0.00037,-0.00026,-8e-05,5e-05,0
59232,-3e-05,-3e-05,0.0,-7e-05,-0.00037,-0.00026,-8e-05,5e-05,0
59233,-3e-05,-3e-05,0.0,-7e-05,-0.00037,-0.00026,-8e-05,5e-05,0
59234,-3e-05,-3e-05,0.0,-7e-05,-0.00037,-0.00026,-8e-05,5e-05,0
59235,-3e-05,-3e-05,0.0,-7e-05,-0.00037,-0.00026,-8e-05,5e-05,0
59236,-3e-05,-3e-05,0.0,-7e-05,-0.00037,-0.00026,-8e-05,5e-05,0
59238,-3e-05,-3e-05,0.0,-7e-05,-0.00037,-0.00026,-8e-05,5e-05,0
59239,-3e-05,-3e-05,0.0,-7e-05,-0.00037,-0.00026,-8e-05,5e-05,0
59240,-3e-05,-3e-05,0.0,-7e-05,-0.00037,-0.00026,-8e-05,5e-05,0
59241,-3e-05,-3e-05,0.0,-7e-05,-0.00037,-0.00026,-8e-05,5e-05,0
59242,-3e-05,-3e-05,0.0,-7e-05,-0.00037,-0.00026,-8e-05,5e-05,0
59243,-3e-05,-3e-05,0.0,-7e-05,-0.00037,-0.00026,-8e-05,5e-05,0
59244,-3e-05,-3e-05,0.0,-7e-05,-0.00037,-0.00026,-8e-05,5e-05,0
59245,-3e-05,-3e-05,0.0,-7e-05,-0.00037,-0.00026,-8e-05,5e-05,0
59246,-6e-05,3e-05,6e-05,6e-05,0.00011,-0.00034,-0.00017,-0.00036,0
59247,-6e-05,3e-05,6e-05,6e-05,0.00011,-0.00034,-0.00017,-0.00036,0
59248,-1e-05,1e-05,1e-05,-6e-05,-0.00012,-0.00019,0.0,-8e-05,0
59249,-1e-05,1e-05,1e-05,-6e-05,-0.00012,-0.00019,0.0,-8e-05,0
59250,-1e-05,1e-05,1e-05,-6e-05,-0.00012,-0.00019,0.0,-8e-05,0
59251,-1e-05,1e-05,1e-05,-6e-05,-0.00012,-0.00019,0.0,-8e-05,0
59252,-1e-05,1e-05,1e-05,-6e-05,-0.00012,-0.00019,0.0,-8e-05,0
59253,-1e-05,1e-05,1e-05,-6e-05,-0.00012,-0.00019,0.0,-8e-05,0
59254,-1e-05,1e-05,1e-05,-6e-05,-0.00012,-0.00019,0.0,-8e-05,0
59255,-1e-05,1e-05,1e-05,-6e-05,-0.00012,-0.00019,0.0,-8e-05,0
59256,-1e-05,1e-05,1e-05,-6e-05,-0.00012,-0.00019,0.0,-8e-05,0
59257,-1e-05,1e-05,1e-05,-6e-05,-0.00012,-0.00019,0.0,-8e-05,0
59258,-1e-05,1e-05,1e-05,-6e-05,-0.00012,-0.00019,0.0,-8e-05,0
59259,-1e-05,1e-05,1e-05,-6e-05,-0.00012,-0.00019,0.0,-8e-05,0
59260,-1e-05,1e-05,1e-05,-6e-05,-0.00012,-0.00019,0.0,-8e-05,0
59261,-1e-05,1e-05,1e-05,-6e-05,-0.00012,-0.00019,0.0,-8e-05,0
59262,-1e-05,1e-05,1e-05,-6e-05,-0.00012,-0.00019,0.0,-8e-05,0
59263,-1e-05,1e-05,1e-05,-6e-05,-0.00012,-0.00019,0.0,-8e-05,0
59264,-1e-05,1e-05,1e-05,-6e-05,-0.00012,-0.00019,0.0,-8e-05,0
59265,-1e-05,1e-05,1e-05,-6e-05,-0.00012,-0.00019,0.0,-8e-05,0
59266,-1e-05,1e-05,1e-05,-6e-05,-0.00012,-0.00019,0.0,-8e-05,0
59267,-1e-05,1e-05,1e-05,-6e-05,-0.00012,-0.00019,0.0,-8e-05,0
59268,-1e-05,-4e-05,-9e-05,-0.00011,-0.00016,-0.00014,-0.0003,-0.00051,0
59269,-7e-05,-3e-05,-1e-05,-3e-05,-7e-05,-0.0005,0.00033,0.00037,0
59270,4e-05,2e-05,1e-05,5e-05,0.00036,0.00041,0.00015,4e-05,0
59271,4e-05,2e-05,1e-05,5e-05,0.00036,0.00041,0.00015,4e-05,0
59272,4e-05,2e-05,1e-05,5e-05,0.00036,0.00041,0.00015,4e-05,0
59273,4e-05,2e-05,1e-05,5e-05,0.00036,0.00041,0.00015,4e-05,0
59274,4e-05,2e-05,1e-05,5e-05,0.00036,0.00041,0.00015,4e-05,0
59275,4e-05,2e-05,1e-05,5e-05,0.00036,0.00041,0.00015,4e-05,0
59276,4e-05,2e-05,1e-05,5e-05,0.00036,0.00041,0.00015,4e-05,0
59277,4e-05,2e-05,1e-05,5e-05,0.00036,0.00041,0.00015,4e-05,0
59278,4e-05,2e-05,1e-05,5e-05,0.00036,0.00041,0.00015,4e-05,0
59279,4e-05,2e-05,1e-05,5e-05,0.00036,0.00041,0.00015,4e-05,0
59280,4e-05,2e-05,1e-05,5e-05,0.00036,0.00041,0.00015,4e-05,0
59281,4e-05,2e-05,1e-05,5e-05,0.00036,0.00041,0.00015,4e-05,0
59282,2e-05,0.0,0.0,-1e-05,-0.00023,-0.00036,-0.00014,-0.00011,0
59283,2e-05,0.0,0.0,-1e-05,-0.00023,-0.00036,-0.00014,-0.00011,0
59284,2e-05,0.0,0.0,-1e-05,-0.00023,-0.00036,-0.00014,-0.00011,0
59285,2e-05,0.0,0.0,-1e-05,-0.00023,-0.00036,-0.00014,-0.00011,0
59286,2e-05,0.0,0.0,-1e-05,-0.00023,-0.00036,-0.00014,-0.00011,0
59288,2e-05,0.0,0.0,-1e-05,-0.00023,-0.00036,-0.00014,-0.00011,0
59289,2e-05,0.0,0.0,-1e-05,-0.00023,-0.00036,-0.00014,-0.00011,0
59290,2e-05,0.0,0.0,-1e-05,-0.00023,-0.00036,-0.00014,-0.00011,0
59291,0.0,-4e-05,-3e-05,-4e-05,4e-05,0.00031,8e-05,0.00012,0
59292,0.0,-4e-05,-3e-05,-4e-05,4e-05,0.00031,8e-05,0.00012,0
59293,0.0,-4e-05,-3e-05,-4e-05,4e-05,0.00031,8e-05,0.00012,0
59294,0.0,-4e-05,-3e-05,-4e-05,4e-05,0.00031,8e-05,0.00012,0
59295,0.0,-4e-05,-3e-05,-4e-05,4e-05,0.00031,8e-05,0.00012,0
59296,0.0,-4e-05,-3e-05,-4e-05,4e-05,0.00031,8e-05,0.00012,0
59297,0.0,-4e-05,-3e-05,-4e-05,4e-05,0.00031,8e-05,0.00012,0
59298,0.0,-4e-05,-3e-05,-4e-05,4e-05,0.00031,8e-05,0.00012,0
59299,0.0,-4e-05,-3e-05,-4e-05,4e-05,0.00031,8e-05,0.00012,0
59300,0.0,-4e-05,-3e-05,-4e-05,4e-05,0.00031,8e-05,0.00012,0
59301,0.0,-4e-05,-3e-05,-4e-05,4e-05,0.00031,8e-05,0.00012,0
59302,0.0,-4e-05,-3e-05,-4e-05,4e-05,0.00031,8e-05,0.00012,0
59303,0.0,-4e-05,-3e-05,-4e-05,4e-05,0.00031,8e-05,0.00012,0
59304,0.0,-4e-05,-3e-05,-4e-05,4e-05,0.00031,8e-05,0.00012,0
59305,0.0,-4e-05,-3e-05,-4e-05,4e-05,0.00031,8e-05,0.00012,0
59306,0.0,-4e-05,-5e-05,-2e-05,6e-05,0.00015,-6e-05,0.0,0
59307,0.0,-4e-05,-5e-05,-2e-05,6e-05,0.00015,-6e-05,0.0,0
59308,-6e-05,-5e-05,-8e-05,-0.00013,-0.00047,-0.00044,-0.00022,-0.00033,0
59309,-6e-05,-5e-05,-8e-05,-0.00013,-0.00047,-0.00044,-0.00022,-0.00033,0
59310,-6e-05,-5e-05,-8e-05,-0.00013,-0.00047,-0.00044,-0.00022,-0.00033,0
59311,-6e-05,-5e-05,-8e-05,-0.00013,-0.00047,-0.00044,-0.00022,-0.00033,0
59312,-6e-05,-5e-05,-8e-05,-0.00013,-0.00047,-0.00044,-0.00022,-0.00033,0
59313,-6e-05,-5e-05,-8e-05,-0.00013,-0.00047,-0.00044,-0.00022,-0.00033,0
59314,-6e-05,-5e-05,-8e-05,-0.00013,-0.00047,-0.00044,-0.00022,-0.00033,0
59315,-6e-05,-5e-05,-8e-05,-0.00013,-0.00047,-0.00044,-0.00022,-0.00033,0
59316,-6e-05,-5e-05,-8e-05,-0.00013,-0.00047,-0.00044,-0.00022,-0.00033,0
59317,-6e-05,-5e-05,-8e-05,-0.00013,-0.00047,-0.00044,-0.00022,-0.00033,0
59318,-6e-05,-5e-05,-8e-05,-0.00013,-0.00047,-0.00044,-0.00022,-0.00033,0
59319,-6e-05,-5e-05,-8e-05,-0.00013,-0.00047,-0.00044,-0.00022,-0.00033,0
59320,-6e-05,-5e-05,-8e-05,-0.00013,-0.00047,-0.00044,-0.00022,-0.00033,0
59321,-6e-05,-5e-05,-8e-05,-0.00013,-0.00047,-0.00044,-0.00022,-0.00033,0
59322,-6e-05,-5e-05,-8e-05,-0.00013,-0.00047,-0.00044,-0.00022,-0.00033,0
59323,-6e-05,-5e-05,-8e-05,-0.00013,-0.00047,-0.00044,-0.00022,-0.00033,0
59324,-6e-05,-5e-05,-8e-05,-0.00013,-0.00047,-0.00044,-0.00022,-0.00033,0
59327,-6e-05,-5e-05,-8e-05,-0.00013,-0.00047,-0.00044,-0.00022,-0.00033,6
59328,-6e-05,-5e-05,-8e-05,-0.00013,-0.00047,-0.00044,-0.00022,-0.00033,6
59329,-2e-05,1e-05,1e-05,0.00014,0.00019,-1e-05,2e-05,7e-05,6
59330,8e-05,3e-05,3e-05,0.00012,0.00061,0.00022,3e-05,0.00041,6
59331,8e-05,3e-05,3e-05,0.00012,0.00061,0.00022,3e-05,0.00041,6
59332,8e-05,3e-05,3e-05,0.00012,0.00061,0.00022,3e-05,0.00041,6
59333,8e-05,3e-05,3e-05,0.00012,0.00061,0.00022,3e-05,0.00041,6
59334,8e-05,3e-05,3e-05,0.00012,0.00061,0.00022,3e-05,0.00041,6
59335,8e-05,3e-05,3e-05,0.00012,0.00061,0.00022,3e-05,0.00041,6
59336,8e-05,3e-05,3e-05,0.00012,0.00061,0.00022,3e-05,0.00041,6
59338,8e-05,3e-05,3e-05,0.00012,0.00061,0.00022,3e-05,0.00041,6
59339,8e-05,3e-05,3e-05,0.00012,0.00061,0.00022,3e-05,0.00041,6
59340,8e-05,3e-05,3e-05,0.00012,0.00061,0.00022,3e-05,0.00041,6
59341,8e-05,3e-05,3e-05,0.00012,0.00061,0.00022,3e-05,0.00041,6
59342,8e-05,3e-05,3e-05,0.00012,0.00061,0.00022,3e-05,0.00041,6
59343,8e-05,3e-05,3e-05,0.00012,0.00061,0.00022,3e-05,0.00041,6
59344,8e-05,3e-05,3e-05,0.00012,0.00061,0.00022,3e-05,0.00041,6
59346,8e-05,3e-05,3e-05,0.00012,0.00061,0.00022,3e-05,0.00041,6
59347,8e-05,3e-05,3e-05,0.00012,0.00061,0.00022,3e-05,0.00041,6
59348,8e-05,3e-05,3e-05,0.00012,0.00061,0.00022,3e-05,0.00041,6
59349,8e-05,3e-05,3e-05,0.00012,0.00061,0.00022,3e-05,0.00041,6
59350,8e-05,3e-05,3e-05,0.00012,0.00061,0.00022,3e-05,0.00041,6
59351,-1e-05,-7e-05,-6e-05,2e-05,0.00028,0.00021,0.00016,0.0001,6
59352,-1e-05,-7e-05,-6e-05,2e-05,0.00028,0.00021,0.00016,0.0001,6
59353,4e-05,3e-05,5e-05,6e-05,0.00015,0.00029,8e-05,0.0,6
59354,4e-05,3e-05,5e-05,6e-05,0.00015,0.00029,8e-05,0.0,6
59355,4e-05,3e-05,5e-05,6e-05,0.00015,0.00029,8e-05,0.0,6
59356,4e-05,3e-05,5e-05,6e-05,0.00015,0.00029,8e-05,0.0,6
59357,4e-05,3e-05,5e-05,6e-05,0.00015,0.00029,8e-05,0.0,6
59358,4e-05,3e-05,5e-05,6e-05,0.00015,0.00029,8e-05,0.0,6
59359,4e-05,3e-05,5e-05,6e-05,0.00015,0.00029,8e-05,0.0,6
59360,4e-05,3e-05,5e-05,6e-05,0.00015,0.00029,8e-05,0.0,6
59361,4e-05,3e-05,5e-05,6e-05,0.00015,0.00029,8e-05,0.0,6
59362,4e-05,3e-05,5e-05,6e-05,0.00015,0.00029,8e-05,0.0,6
59363,4e-05,3e-05,5e-05,6e-05,0.00015,0.00029,8e-05,0.0,6
59364,4e-05,3e-05,5e-05,6e-05,0.00015,0.00029,8e-05,0.0,6
59365,4e-05,3e-05,5e-05,6e-05,0.00015,0.00029,8e-05,0.0,6
59366,6e-05,7e-05,0.00011,0.00017,0.00041,0.00072,0.0002,0.0002,6
59367,6e-05,7e-05,0.00011,0.00017,0.00041,0.00072,0.0002,0.0002,6
59368,4e-05,6e-05,0.0001,0.00033,0.00068,0.00016,-3e-05,-1e-05,6
59369,4e-05,6e-05,0.0001,0.00033,0.00068,0.00016,-3e-05,-1e-05,6
59370,4e-05,6e-05,0.0001,0.00033,0.00068,0.00016,-3e-05,-1e-05,6
59371,4e-05,6e-05,0.0001,0.00033,0.00068,0.00016,-3e-05,-1e-05,6
59372,4e-05,6e-05,0.0001,0.00033,0.00068,0.00016,-3e-05,-1e-05,6
59373,4e-05,6e-05,0.0001,0.00033,0.00068,0.00016,-3e-05,-1e-05,6
59374,4e-05,6e-05,0.0001,0.00033,0.00068,0.00016,-3e-05,-1e-05,6
59375,4e-05,6e-05,0.0001,0.00033,0.00068,0.00016,-3e-05,-1e-05,6
59376,4e-05,6e-05,0.0001,0.00033,0.00068,0.00016,-3e-05,-1e-05,6
59377,4e-05,6e-05,0.0001,0.00033,0.00068,0.00016,-3e-05,-1e-05,6
59378,4e-05,6e-05,0.0001,0.00033,0.00068,0.00016,-3e-05,-1e-05,6
59379,4e-05,6e-05,0.0001,0.00033,0.00068,0.00016,-3e-05,-1e-05,6
59380,4e-05,6e-05,0.0001,0.00033,0.00068,0.00016,-3e-05,-1e-05,6
59381,4e-05,6e-05,0.0001,0.00033,0.00068,0.00016,-3e-05,-1e-05,6
59382,4e-05,6e-05,0.0001,0.00033,0.00068,0.00016,-3e-05,-1e-05,6
59383,4e-05,6e-05,0.0001,0.00033,0.00068,0.00016,-3e-05,-1e-05,6
59384,4e-05,6e-05,0.0001,0.00033,0.00068,0.00016,-3e-05,-1e-05,6
59385,4e-05,6e-05,0.0001,0.00033,0.00068,0.00016,-3e-05,-1e-05,6
59386,4e-05,6e-05,0.0001,0.00033,0.00068,0.00016,-3e-05,-1e-05,6
59389,-7e-05,-8e-05,-0.0001,-0.0001,0.00016,0.00029,-8e-05,-7e-05,6
59390,-5e-05,-3e-05,-5e-05,-0.00021,-0.00044,-0.0004,-0.00013,-0.00017,6
59391,-5e-05,-3e-05,-5e-05,-0.00021,-0.00044,-0.0004,-0.00013,-0.00017,6
59392,-5e-05,-3e-05,-5e-05,-0.00021,-0.00044,-0.0004,-0.00013,-0.00017,6
59393,-5e-05,-3e-05,-5e-05,-0.00021,-0.00044,-0.0004,-0.00013,-0.00017,6
59394,-5e-05,-3e-05,-5e-05,-0.00021,-0.00044,-0.0004,-0.00013,-0.00017,6
59395,-5e-05,-3e-05,-5e-05,-0.00021,-0.00044,-0.0004,-0.00013,-0.00017,6
59396,-5e-05,-3e-05,-5e-05,-0.00021,-0.00044,-0.0004,-0.00013,-0.00017,6
59397,-5e-05,-3e-05,-5e-05,-0.00021,-0.00044,-0.0004,-0.00013,-0.00017,6
59398,-5e-05,-3e-05,-5e-05,-0.00021,-0.00044,-0.0004,-0.00013,-0.00017,6
59399,-5e-05,-3e-05,-5e-05,-0.00021,-0.00044,-0.0004,-0.00013,-0.00017,6
59400,-5e-05,-3e-05,-5e-05,-0.00021,-0.00044,-0.0004,-0.00013,-0.00017,6
59401,-5e-05,-3e-05,-5e-05,-0.00021,-0.00044,-0.0004,-0.00013,-0.00017,6
59402,-5e-05,-3e-05,-5e-05,-0.00021,-0.00044,-0.0004,-0.00013,-0.00017,6
59403,-5e-05,-3e-05,-5e-05,-0.00021,-0.00044,-0.0004,-0.00013,-0.00017,6
59404,-5e-05,-3e-05,-5e-05,-0.00021,-0.00044,-0.0004,-0.00013,-0.00017,6
59405,-5e-05,-3e-05,-5e-05,-0.00021,-0.00044,-0.0004,-0.00013,-0.00017,6
59406,-5e-05,-3e-05,-5e-05,-0.00021,-0.00044,-0.0004,-0.00013,-0.00017,6
59407,-5e-05,-3e-05,-5e-05,-0.00021,-0.00044,-0.0004,-0.00013,-0.00017,6
59408,-5e-05,-3e-05,-5e-05,-0.00021,-0.00044,-0.0004,-0.00013,-0.00017,6
59409,-5e-05,-3e-05,-5e-05,-0.00021,-0.00044,-0.0004,-0.00013,-0.00017,6
59410,-5e-05,-3e-05,-5e-05,-0.00021,-0.00044,-0.0004,-0.00013,-0.00017,6
59411,4e-05,4e-05,7e-05,6e-05,-0.00015,-3e-05,-0.0001,1e-05,6
59412,4e-05,4e-05,7e-05,6e-05,-0.00015,-3e-05,-0.0001,1e-05,6
59413,0.0,-5e-05,-8e-05,-9e-05,0.00011,0.00016,-0.00027,-0.00043,6
59414,0.0,-5e-05,-8e-05,-9e-05,0.00011,0.00016,-0.00027,-0.00043,6
59415,0.0,-5e-05,-8e-05,-9e-05,0.00011,0.00016,-0.00027,-0.00043,6
59416,0.0,-5e-05,-8e-05,-9e-05,0.00011,0.00016,-0.00027,-0.00043,6
59417,0.0,-5e-05,-8e-05,-9e-05,0.00011,0.00016,-0.00027,-0.00043,6
59418,0.0,-5e-05,-8e-05,-9e-05,0.00011,0.00016,-0.00027,-0.00043,6
59419,0.0,-5e-05,-8e-05,-9e-05,0.00011,0.00016,-0.00027,-0.00043,6
59420,0.0,-5e-05,-8e-05,-9e-05,0.00011,0.00016,-0.00027,-0.00043,6
59421,0.0,-5e-05,-8e-05,-9e-05,0.00011,0.00016,-0.00027,-0.00043,6
59422,0.0,-5e-05,-8e-05,-9e-05,0.00011,0.00016,-0.00027,-0.00043,6
59423,0.0,-5e-05,-8e-05,-9e-05,0.00011,0.00016,-0.00027,-0.00043,6
59424,0.0,-5e-05,-8e-05,-9e-05,0.00011,0.00016,-0.00027,-0.00043,6
59425,0.0,-5e-05,-8e-05,-9e-05,0.00011,0.00016,-0.00027,-0.00043,6
59426,-1e-05,-2e-05,-4e-05,-2e-05,-6e-05,-0.00013,-9e-05,0.00017,6
59427,-1e-05,-2e-05,-4e-05,-2e-05,-6e-05,-0.00013,-9e-05,0.00017,6
59428,-1e-05,2e-05,3e-05,4e-05,-0.00016,-0.00013,0.00015,9e-05,6
59429,-1e-05,2e-05,3e-05,4e-05,-0.00016,-0.00013,0.00015,9e-05,6
59430,-1e-05,2e-05,3e-05,4e-05,-0.00016,-0.00013,0.00015,9e-05,6
59431,-1e-05,2e-05,3e-05,4e-05,-0.00016,-0.00013,0.00015,9e-05,6
59432,-1e-05,2e-05,3e-05,4e-05,-0.00016,-0.00013,0.00015,9e-05,6
59433,-1e-05,2e-05,3e-05,4e-05,-0.00016,-0.00013,0.00015,9e-05,6
59434,-1e-05,2e-05,3e-05,4e-05,-0.00016,-0.00013,0.00015,9e-05,6
59435,-1e-05,2e-05,3e-05,4e-05,-0.00016,-0.00013,0.00015,9e-05,6
59436,-1e-05,2e-05,3e-05,4e-05,-0.00016,-0.00013,0.00015,9e-05,6
59438,-1e-05,2e-05,3e-05,4e-05,-0.00016,-0.00013,0.00015,9e-05,6
59439,-1e-05,2e-05,3e-05,4e-05,-0.00016,-0.00013,0.00015,9e-05,6
59440,-1e-05,2e-05,3e-05,4e-05,-0.00016,-0.00013,0.00015,9e-05,6
59441,-1e-05,2e-05,3e-05,4e-05,-0.00016,-0.00013,0.00015,9e-05,6
59442,-1e-05,2e-05,3e-05,4e-05,-0.00016,-0.00013,0.00015,9e-05,6
59443,-1e-05,2e-05,3e-05,4e-05,-0.00016,-0.00013,0.00015,9e-05,6
59444,-1e-05,2e-05,3e-05,4e-05,-0.00016,-0.00013,0.00015,9e-05,6
59445,-1e-05,2e-05,3e-05,4e-05,-0.00016,-0.00013,0.00015,9e-05,6
59446,-1e-05,2e-05,3e-05,4e-05,-0.00016,-0.00013,0.00015,9e-05,6
59447,-1e-05,2e-05,3e-05,4e-05,-0.00016,-0.00013,0.00015,9e-05,6
59448,0.0,0.0,2e-05,-3e-05,0.0,5e-05,7e-05,9e-05,6
59449,-3e-05,0.0,1e-05,6e-05,0.00016,-6e-05,0.00013,0.00019,6
59450,-4e-05,-3e-05,-5e-05,-0.00011,-0.00013,0.00014,-2e-05,-0.00044,6
59451,-4e-05,-3e-05,-5e-05,-0.00011,-0.00013,0.00014,-2e-05,-0.00044,6
59452,-4e-05,-3e-05,-5e-05,-0.00011,-0.00013,0.00014,-2e-05,-0.00044,6
59453,-4e-05,-3e-05,-5e-05,-0.00011,-0.00013,0.00014,-2e-05,-0.00044,6
59454,-4e-05,-3e-05,-5e-05,-0.00011,-0.00013,0.00014,-2e-05,-0.00044,6
59455,-4e-05,-3e-05,-5e-05,-0.00011,-0.00013,0.00014,-2e-05,-0.00044,6
59456,-4e-05,-3e-05,-5e-05,-0.00011,-0.00013,0.00014,-2e-05,-0.00044,6
59457,-4e-05,-3e-05,-5e-05,-0.00011,-0.00013,0.00014,-2e-05,-0.00044,6
59458,-4e-05,-3e-05,-5e-05,-0.00011,-0.00013,0.00014,-2e-05,-0.00044,6
59459,-4e-05,-3e-05,-5e-05,-0.00011,-0.00013,0.00014,-2e-05,-0.00044,6
59460,-4e-05,-3e-05,-5e-05,-0.00011,-0.00013,0.00014,-2e-05,-0.00044,6
59461,-4e-05,-3e-05,-5e-05,-0.00011,-0.00013,0.00014,-2e-05,-0.00044,6
59462,-4e-05,-3e-05,-5e-05,-0.00011,-0.00013,0.00014,-2e-05,-0.00044,6
59463,-4e-05,-3e-05,-5e-05,-0.00011,-0.00013,0.00014,-2e-05,-0.00044,6
59464,-4e-05,-3e-05,-5e-05,-0.00011,-0.00013,0.00014,-2e-05,-0.00044,6
59465,-4e-05,-3e-05,-5e-05,-0.00011,-0.00013,0.00014,-2e-05,-0.00044,6
59466,-4e-05,-3e-05,-5e-05,-0.00011,-0.00013,0.00014,-2e-05,-0.00044,6
59467,-4e-05,-3e-05,-5e-05,-0.00011,-0.00013,0.00014,-2e-05,-0.00044,6
59468,-4e-05,-3e-05,-5e-05,-0.00011,-0.00013,0.00014,-2e-05,-0.00044,6
59469,-4e-05,-3e-05,-5e-05,-0.00011,-0.00013,0.00014,-2e-05,-0.00044,6
59470,-4e-05,-3e-05,-5e-05,-0.00011,-0.00013,0.00014,-2e-05,-0.00044,6
59471,-1e-05,2e-05,1e-05,-3e-05,0.00014,-0.00012,-1e-05,-0.00031,6
59472,-1e-05,2e-05,1e-05,-3e-05,0.00014,-0.00012,-1e-05,-0.00031,6
59473,-3e-05,1e-05,3e-05,0.00015,-1e-05,-0.00028,0.00013,3e-05,6
59474,-3e-05,1e-05,3e-05,0.00015,-1e-05,-0.00028,0.00013,3e-05,6
59475,-3e-05,1e-05,3e-05,0.00015,-1e-05,-0.00028,0.00013,3e-05,6
59476,-3e-05,1e-05,3e-05,0.00015,-1e-05,-0.00028,0.00013,3e-05,6
59477,-3e-05,1e-05,3e-05,0.00015,-1e-05,-0.00028,0.00013,3e-05,6
59478,-3e-05,1e-05,3e-05,0.00015,-1e-05,-0.00028,0.00013,3e-05,6
59479,-3e-05,1e-05,3e-05,0.00015,-1e-05,-0.00028,0.00013,3e-05,6
59480,-3e-05,1e-05,3e-05,0.00015,-1e-05,-0.00028,0.00013,3e-05,6
59481,-3e-05,1e-05,3e-05,0.00015,-1e-05,-0.00028,0.00013,3e-05,6
59482,-3e-05,1e-05,3e-05,0.00015,-1e-05,-0.00028,0.00013,3e-05,6
59483,-3e-05,1e-05,3e-05,0.00015,-1e-05,-0.00028,0.00013,3e-05,6
59485,-3e-05,1e-05,3e-05,0.00015,-1e-05,-0.00028,0.00013,3e-05,6
59487,0.0,-2e-05,-1e-05,-1e-05,-0.00018,0.00028,-3e-05,0.00012,6
59489,-1e-05,1e-05,1e-05,7e-05,0.0001,-0.00018,-0.0001,0.0001,6
59490,-1e-05,1e-05,1e-05,7e-05,0.0001,-0.00018,-0.0001,0.0001,6
59491,-1e-05,1e-05,1e-05,7e-05,0.0001,-0.00018,-0.0001,0.0001,6
59492,-1e-05,1e-05,1e-05,7e-05,0.0001,-0.00018,-0.0001,0.0001,6
59493,-1e-05,1e-05,1e-05,7e-05,0.0001,-0.00018,-0.0001,0.0001,6
59494,-1e-05,1e-05,1e-05,7e-05,0.0001,-0.00018,-0.0001,0.0001,6
59495,-1e-05,1e-05,1e-05,7e-05,0.0001,-0.00018,-0.0001,0.0001,6
59496,-1e-05,1e-05,1e-05,7e-05,0.0001,-0.00018,-0.0001,0.0001,6
59497,-1e-05,1e-05,1e-05,7e-05,0.0001,-0.00018,-0.0001,0.0001,6
59498,-1e-05,1e-05,1e-05,7e-05,0.0001,-0.00018,-0.0001,0.0001,6
59499,-1e-05,1e-05,1e-05,7e-05,0.0001,-0.00018,-0.0001,0.0001,6
59500,-1e-05,1e-05,1e-05,7e-05,0.0001,-0.00018,-0.0001,0.0001,6
59501,-1e-05,1e-05,1e-05,7e-05,0.0001,-0.00018,-0.0001,0.0001,6
59502,-1e-05,1e-05,1e-05,7e-05,0.0001,-0.00018,-0.0001,0.0001,6
59503,-1e-05,1e-05,1e-05,7e-05,0.0001,-0.00018,-0.0001,0.0001,6
59504,-1e-05,1e-05,1e-05,7e-05,0.0001,-0.00018,-0.0001,0.0001,6
59505,-1e-05,1e-05,1e-05,7e-05,0.0001,-0.00018,-0.0001,0.0001,6
59506,-1e-05,1e-05,1e-05,7e-05,0.0001,-0.00018,-0.0001,0.0001,6
59507,-1e-05,1e-05,1e-05,7e-05,0.0001,-0.00018,-0.0001,0.0001,6
59508,-1e-05,1e-05,1e-05,7e-05,0.0001,-0.00018,-0.0001,0.0001,6
59509,1e-05,-1e-05,-2e-05,-2e-05,-0.00011,-0.00015,-0.00011,2e-05,6
59510,-2e-05,-2e-05,-1e-05,-1e-05,0.00013,-7e-05,0.0,-6e-05,6
59511,-2e-05,-2e-05,-1e-05,-1e-05,0.00013,-7e-05,0.0,-6e-05,6
59512,-2e-05,-2e-05,-1e-05,-1e-05,0.00013,-7e-05,0.0,-6e-05,6
59513,-2e-05,-2e-05,-1e-05,-1e-05,0.00013,-7e-05,0.0,-6e-05,6
59514,-2e-05,-2e-05,-1e-05,-1e-05,0.00013,-7e-05,0.0,-6e-05,6
59515,-2e-05,-2e-05,-1e-05,-1e-05,0.00013,-7e-05,0.0,-6e-05,6
59516,-2e-05,-2e-05,-1e-05,-1e-05,0.00013,-7e-05,0.0,-6e-05,6
59517,-2e-05,-2e-05,-1e-05,-1e-05,0.00013,-7e-05,0.0,-6e-05,6
59518,-2e-05,-2e-05,-1e-05,-1e-05,0.00013,-7e-05,0.0,-6e-05,6
59519,-2e-05,-2e-05,-1e-05,-1e-05,0.00013,-7e-05,0.0,-6e-05,6
59520,-2e-05,-2e-05,-1e-05,-1e-05,0.00013,-7e-05,0.0,-6e-05,6
59521,-2e-05,-2e-05,-1e-05,-1e-05,0.00013,-7e-05,0.0,-6e-05,6
59522,-2e-05,-2e-05,-1e-05,-1e-05,0.00013,-7e-05,0.0,-6e-05,6
59523,-2e-05,-2e-05,-1e-05,-1e-05,0.00013,-7e-05,0.0,-6e-05,6
59524,-2e-05,-2e-05,-1e-05,-1e-05,0.00013,-7e-05,0.0,-6e-05,6
59525,-2e-05,-2e-05,-1e-05,-1e-05,0.00013,-7e-05,0.0,-6e-05,6
59526,-2e-05,-2e-05,-1e-05,-1e-05,0.00013,-7e-05,0.0,-6e-05,6
59527,-2e-05,-2e-05,-1e-05,-1e-05,0.00013,-7e-05,0.0,-6e-05,6
59528,-2e-05,-2e-05,-1e-05,-1e-05,0.00013,-7e-05,0.0,-6e-05,6
59529,-2e-05,-2e-05,-1e-05,-1e-05,0.00013,-7e-05,0.0,-6e-05,6
59530,-2e-05,-2e-05,-1e-05,-1e-05,0.00013,-7e-05,0.0,-6e-05,6
59531,-0.0001,-1e-05,-1e-05,-2e-05,-6e-05,-0.00017,-1e-05,-0.00069,6
59532,-0.0001,-1e-05,-1e-05,-2e-05,-6e-05,-0.00017,-1e-05,-0.00069,6
59533,2e-05,0.0,0.0,3e-05,0.00044,0.00034,8e-05,1e-05,6
59534,2e-05,0.0,0.0,3e-05,0.00044,0.00034,8e-05,1e-05,6
59535,2e-05,0.0,0.0,3e-05,0.00044,0.00034,8e-05,1e-05,6
59536,2e-05,0.0,0.0,3e-05,0.00044,0.00034,8e-05,1e-05,6
59538,2e-05,0.0,0.0,3e-05,0.00044,0.00034,8e-05,1e-05,6
59539,2e-05,0.0,0.0,3e-05,0.00044,0.00034,8e-05,1e-05,6
59540,2e-05,0.0,0.0,3e-05,0.00044,0.00034,8e-05,1e-05,6
59541,2e-05,0.0,0.0,3e-05,0.00044,0.00034,8e-05,1e-05,6
59542,2e-05,0.0,0.0,3e-05,0.00044,0.00034,8e-05,1e-05,6
59543,2e-05,0.0,0.0,3e-05,0.00044,0.00034,8e-05,1e-05,6
59544,2e-05,0.0,0.0,3e-05,0.00044,0.00034,8e-05,1e-05,6
59545,2e-05,0.0,0.0,3e-05,0.00044,0.00034,8e-05,1e-05,6
59546,1e-05,1e-05,2e-05,7e-05,0.00042,0.00015,5e-05,4e-05,6
59547,1e-05,1e-05,2e-05,7e-05,0.00042,0.00015,5e-05,4e-05,6
59548,1e-05,1e-05,2e-05,7e-05,0.00042,0.00015,5e-05,4e-05,6
59549,1e-05,1e-05,2e-05,7e-05,0.00042,0.00015,5e-05,4e-05,6
59550,1e-05,1e-05,2e-05,7e-05,0.00042,0.00015,5e-05,4e-05,6
59551,1e-05,1e-05,2e-05,7e-05,0.00042,0.00015,5e-05,4e-05,6
59552,-2e-05,-4e-05,-4e-05,-7e-05,-0.00017,0.00018,0.00013,0.00037,6
59553,-2e-05,-4e-05,-4e-05,-7e-05,-0.00017,0.00018,0.00013,0.00037,6
59554,-2e-05,-4e-05,-4e-05,-7e-05,-0.00017,0.00018,0.00013,0.00037,6
59555,-2e-05,-4e-05,-4e-05,-7e-05,-0.00017,0.00018,0.00013,0.00037,6
59556,-2e-05,-4e-05,-4e-05,-7e-05,-0.00017,0.00018,0.00013,0.00037,6
59557,-2e-05,-4e-05,-4e-05,-7e-05,-0.00017,0.00018,0.00013,0.00037,6
59558,-2e-05,-4e-05,-4e-05,-7e-05,-0.00017,0.00018,0.00013,0.00037,6
59559,-2e-05,-4e-05,-4e-05,-7e-05,-0.00017,0.00018,0.00013,0.00037,6
59560,-2e-05,-4e-05,-4e-05,-7e-05,-0.00017,0.00018,0.00013,0.00037,6
59561,-2e-05,-4e-05,-4e-05,-7e-05,-0.00017,0.00018,0.00013,0.00037,6
59562,-2e-05,-4e-05,-4e-05,-7e-05,-0.00017,0.00018,0.00013,0.00037,6
59563,-2e-05,-4e-05,-4e-05,-7e-05,-0.00017,0.00018,0.00013,0.00037,6
59564,-2e-05,-4e-05,-4e-05,-7e-05,-0.00017,0.00018,0.00013,0.00037,6
59565,-2e-05,-4e-05,-4e-05,-7e-05,-0.00017,0.00018,0.00013,0.00037,6
59566,-2e-05,-4e-05,-4e-05,-7e-05,-0.00017,0.00018,0.00013,0.00037,6
59567,-2e-05,-4e-05,-4e-05,-7e-05,-0.00017,0.00018,0.00013,0.00037,6
59568,1e-05,-1e-05,-1e-05,1e-05,0.00027,-0.00027,4e-05,-0.00025,6
59569,0.0,1e-05,-2e-05,-1e-05,-5e-05,1e-05,-6e-05,3e-05,6
59570,5e-05,1e-05,1e-05,0.00015,0.00033,0.00031,6e-05,0.00019,6
59571,5e-05,1e-05,1e-05,0.00015,0.00033,0.00031,6e-05,0.00019,6
59572,5e-05,1e-05,1e-05,0.00015,0.00033,0.00031,6e-05,0.00019,6
59573,5e-05,1e-05,1e-05,0.00015,0.00033,0.00031,6e-05,0.00019,6
59574,5e-05,1e-05,1e-05,0.00015,0.00033,0.00031,6e-05,0.00019,6
59575,5e-05,1e-05,1e-05,0.00015,0.00033,0.00031,6e-05,0.00019,6
59576,5e-05,1e-05,1e-05,0.00015,0.00033,0.00031,6e-05,0.00019,6
59577,5e-05,1e-05,1e-05,0.00015,0.00033,0.00031,6e-05,0.00019,6
59578,5e-05,1e-05,1e-05,0.00015,0.00033,0.00031,6e-05,0.00019,6
59579,5e-05,1e-05,1e-05,0.00015,0.00033,0.00031,6e-05,0.00019,6
59580,5e-05,1e-05,1e-05,0.00015,0.00033,0.00031,6e-05,0.00019,6
59581,5e-05,1e-05,1e-05,0.00015,0.00033,0.00031,6e-05,0.00019,6
59582,5e-05,1e-05,1e-05,0.00015,0.00033,0.00031,6e-05,0.00019,6
59583,5e-05,1e-05,1e-05,0.00015,0.00033,0.00031,6e-05,0.00019,6
59584,5e-05,1e-05,1e-05,0.00015,0.00033,0.00031,6e-05,0.00019,6
59585,5e-05,1e-05,1e-05,0.00015,0.00033,0.00031,6e-05,0.00019,6
59586,5e-05,1e-05,1e-05,0.00015,0.00033,0.00031,6e-05,0.00019,6
59588,5e-05,1e-05,1e-05,0.00015,0.00033,0.00031,6e-05,0.00019,6
59589,5e-05,1e-05,1e-05,0.00015,0.00033,0.00031,6e-05,0.00019,6
59590,5e-05,1e-05,1e-05,0.00015,0.00033,0.00031,6e-05,0.00019,6
59591,2e-05,-2e-05,0.0,-0.0001,-0.00042,-0.00038,-0.00011,0.00048,6
59592,2e-05,-2e-05,0.0,-0.0001,-0.00042,-0.00038,-0.00011,0.00048,6
59593,0.0,1e-05,1e-05,-2e-05,1e-05,-9e-05,1e-05,-7e-05,6
59594,0.0,1e-05,1e-05,-2e-05,1e-05,-9e-05,1e-05,-7e-05,6
59595,0.0,1e-05,1e-05,-2e-05,1e-05,-9e-05,1e-05,-7e-05,6
59596,0.0,1e-05,1e-05,-2e-05,1e-05,-9e-05,1e-05,-7e-05,6
59597,0.0,1e-05,1e-05,-2e-05,1e-05,-9e-05,1e-05,-7e-05,6
59598,0.0,1e-05,1e-05,-2e-05,1e-05,-9e-05,1e-05,-7e-05,6
59599,0.0,1e-05,1e-05,-2e-05,1e-05,-9e-05,1e-05,-7e-05,6
59600,0.0,1e-05,1e-05,-2e-05,1e-05,-9e-05,1e-05,-7e-05,6
59601,0.0,1e-05,1e-05,-2e-05,1e-05,-9e-05,1e-05,-7e-05,6
59602,0.0,1e-05,1e-05,-2e-05,1e-05,-9e-05,1e-05,-7e-05,6
59603,0.0,1e-05,1e-05,-2e-05,1e-05,-9e-05,1e-05,-7e-05,6
59604,0.0,1e-05,1e-05,-2e-05,1e-05,-9e-05,1e-05,-7e-05,6
59605,-6e-05,-3e-05,-2e-05,-1e-05,0.00017,-0.00032,-3e-05,-0.0002,6
59606,-6e-05,-3e-05,-2e-05,-1e-05,0.00017,-0.00032,-3e-05,-0.0002,6
59607,-6e-05,-3e-05,-2e-05,-1e-05,0.00017,-0.00032,-3e-05,-0.0002,6
59608,-6e-05,-3e-05,-2e-05,-1e-05,0.00017,-0.00032,-3e-05,-0.0002,6
59609,-6e-05,-3e-05,-2e-05,-1e-05,0.00017,-0.00032,-3e-05,-0.0002,6
59610,-6e-05,-3e-05,-2e-05,-1e-05,0.00017,-0.00032,-3e-05,-0.0002,6
59611,-6e-05,-3e-05,-2e-05,-1e-05,0.00017,-0.00032,-3e-05,-0.0002,6
59612,0.0,-3e-05,-4e-05,-9e-05,-0.00025,0.0,0.0001,0.00047,6
59613,-2e-05,1e-05,2e-05,1e-05,-3e-05,-0.0003,-7e-05,-0.00016,6
59614,-2e-05,1e-05,2e-05,1e-05,-3e-05,-0.0003,-7e-05,-0.00016,6
59615,-2e-05,1e-05,2e-05,1e-05,-3e-05,-0.0003,-7e-05,-0.00016,6
59616,-2e-05,1e-05,2e-05,1e-05,-3e-05,-0.0003,-7e-05,-0.00016,6
59617,-2e-05,1e-05,2e-05,1e-05,-3e-05,-0.0003,-7e-05,-0.00016,6
59618,-2e-05,1e-05,2e-05,1e-05,-3e-05,-0.0003,-7e-05,-0.00016,6
59619,-2e-05,1e-05,2e-05,1e-05,-3e-05,-0.0003,-7e-05,-0.00016,6
59620,-2e-05,1e-05,2e-05,1e-05,-3e-05,-0.0003,-7e-05,-0.00016,6
59621,-2e-05,1e-05,2e-05,1e-05,-3e-05,-0.0003,-7e-05,-0.00016,6
59622,-2e-05,1e-05,2e-05,1e-05,-3e-05,-0.0003,-7e-05,-0.00016,6
59623,-2e-05,1e-05,2e-05,1e-05,-3e-05,-0.0003,-7e-05,-0.00016,6
59624,-2e-05,1e-05,2e-05,1e-05,-3e-05,-0.0003,-7e-05,-0.00016,6
59625,-2e-05,1e-05,2e-05,1e-05,-3e-05,-0.0003,-7e-05,-0.00016,6
59626,-2e-05,1e-05,2e-05,1e-05,-3e-05,-0.0003,-7e-05,-0.00016,6
59627,-2e-05,1e-05,2e-05,1e-05,-3e-05,-0.0003,-7e-05,-0.00016,6
59628,-2e-05,1e-05,2e-05,1e-05,-3e-05,-0.0003,-7e-05,-0.00016,6
59629,-1e-05,-3e-05,-3e-05,-8e-05,-0.00027,-2e-05,-5e-05,-0.00023,6
59630,-3e-05,-2e-05,-2e-05,-7e-05,-0.00034,0.00022,-3e-05,-8e-05,6
59631,-3e-05,-2e-05,-2e-05,-7e-05,-0.00034,0.00022,-3e-05,-8e-05,6
59632,-3e-05,-2e-05,-2e-05,-7e-05,-0.00034,0.00022,-3e-05,-8e-05,6
59633,-3e-05,-2e-05,-2e-05,-7e-05,-0.00034,0.00022,-3e-05,-8e-05,6
59634,-3e-05,-2e-05,-2e-05,-7e-05,-0.00034,0.00022,-3e-05,-8e-05,6
59635,-3e-05,-2e-05,-2e-05,-7e-05,-0.00034,0.00022,-3e-05,-8e-05,6
59636,-3e-05,-2e-05,-2e-05,-7e-05,-0.00034,0.00022,-3e-05,-8e-05,6
59638,-3e-05,-2e-05,-2e-05,-7e-05,-0.00034,0.00022,-3e-05,-8e-05,6
59639,-3e-05,-2e-05,-2e-05,-7e-05,-0.00034,0.00022,-3e-05,-8e-05,6
59640,-3e-05,-2e-05,-2e-05,-7e-05,-0.00034,0.00022,-3e-05,-8e-05,6
59641,-3e-05,-2e-05,-2e-05,-7e-05,-0.00034,0.00022,-3e-05,-8e-05,6
59642,-3e-05,-2e-05,-2e-05,-7e-05,-0.00034,0.00022,-3e-05,-8e-05,6
59643,-3e-05,-2e-05,-2e-05,-7e-05,-0.00034,0.00022,-3e-05,-8e-05,6
59644,-3e-05,-2e-05,-2e-05,-7e-05,-0.00034,0.00022,-3e-05,-8e-05,6
59645,-3e-05,-2e-05,-2e-05,-7e-05,-0.00034,0.00022,-3e-05,-8e-05,6
59646,-3e-05,-2e-05,-2e-05,-7e-05,-0.00034,0.00022,-3e-05,-8e-05,6
59647,-3e-05,-2e-05,-2e-05,-7e-05,-0.00034,0.00022,-3e-05,-8e-05,6
59648,-3e-05,-2e-05,-2e-05,-7e-05,-0.00034,0.00022,-3e-05,-8e-05,6
59649,-3e-05,-2e-05,-2e-05,-7e-05,-0.00034,0.00022,-3e-05,-8e-05,6
59650,-3e-05,-2e-05,-2e-05,-7e-05,-0.00034,0.00022,-3e-05,-8e-05,6
59651,-3e-05,-6e-05,-7e-05,0.0,0.00029,0.00044,3e-05,-5e-05,6
59652,-3e-05,-6e-05,-7e-05,0.0,0.00029,0.00044,3e-05,-5e-05,6
59653,-1e-05,-2e-05,-1e-05,-9e-05,-0.00025,7e-05,-5e-05,9e-05,6
59654,-1e-05,-2e-05,-1e-05,-9e-05,-0.00025,7e-05,-5e-05,9e-05,6
59655,-1e-05,-2e-05,-1e-05,-9e-05,-0.00025,7e-05,-5e-05,9e-05,6
59656,-1e-05,-2e-05,-1e-05,-9e-05,-0.00025,7e-05,-5e-05,9e-05,6
59657,-1e-05,-2e-05,-1e-05,-9e-05,-0.00025,7e-05,-5e-05,9e-05,6
59658,-1e-05,-2e-05,-1e-05,-9e-05,-0.00025,7e-05,-5e-05,9e-05,6
59659,-1e-05,-2e-05,-1e-05,-9e-05,-0.00025,7e-05,-5e-05,9e-05,6
59660,-1e-05,-2e-05,-1e-05,-9e-05,-0.00025,7e-05,-5e-05,9e-05,6
59661,-1e-05,-2e-05,-1e-05,-9e-05,-0.00025,7e-05,-5e-05,9e-05,6
59662,-1e-05,-2e-05,-1e-05,-9e-05,-0.00025,7e-05,-5e-05,9e-05,6
59663,-1e-05,-2e-05,-1e-05,-9e-05,-0.00025,7e-05,-5e-05,9e-05,6
59664,-1e-05,-2e-05,-1e-05,-9e-05,-0.00025,7e-05,-5e-05,9e-05,6
59665,-4e-05,0.0,1e-05,-0.00012,-0.00041,-0.0002,-2e-05,-0.0001,6
59666,0.0,-7e-05,-0.0001,9e-05,0.00038,0.0003,0.00015,-5e-05,6
59667,0.0,-7e-05,-0.0001,9e-05,0.00038,0.0003,0.00015,-5e-05,6
59668,0.0,-7e-05,-0.0001,9e-05,0.00038,0.0003,0.00015,-5e-05,6
59669,0.0,-7e-05,-0.0001,9e-05,0.00038,0.0003,0.00015,-5e-05,6
59670,0.0,-7e-05,-0.0001,9e-05,0.00038,0.0003,0.00015,-5e-05,6
59671,0.0,-7e-05,-0.0001,9e-05,0.00038,0.0003,0.00015,-5e-05,6
59672,0.0,-2e-05,-2e-05,0.0,0.00028,0.00026,2e-05,9e-05,6
59673,0.0,-2e-05,-2e-05,0.0,0.00028,0.00026,2e-05,9e-05,6
59674,0.0,-2e-05,-2e-05,0.0,0.00028,0.00026,2e-05,9e-05,6
59675,0.0,-2e-05,-2e-05,0.0,0.00028,0.00026,2e-05,9e-05,6
59676,0.0,-2e-05,-2e-05,0.0,0.00028,0.00026,2e-05,9e-05,6
59677,0.0,-2e-05,-2e-05,0.0,0.00028,0.00026,2e-05,9e-05,6
59678,0.0,-2e-05,-2e-05,0.0,0.00028,0.00026,2e-05,9e-05,6
59679,0.0,-2e-05,-2e-05,0.0,0.00028,0.00026,2e-05,9e-05,6
59680,0.0,-2e-05,-2e-05,0.0,0.00028,0.00026,2e-05,9e-05,6
59681,0.0,-2e-05,-2e-05,0.0,0.00028,0.00026,2e-05,9e-05,6
59682,0.0,-2e-05,-2e-05,0.0,0.00028,0.00026,2e-05,9e-05,6
59683,0.0,-2e-05,-2e-05,0.0,0.00028,0.00026,2e-05,9e-05,6
59684,0.0,-2e-05,-2e-05,0.0,0.00028,0.00026,2e-05,9e-05,6
59685,0.0,-2e-05,-2e-05,0.0,0.00028,0.00026,2e-05,9e-05,6
59686,0.0,-2e-05,-2e-05,0.0,0.00028,0.00026,2e-05,9e-05,6
59688,0.0,-2e-05,-2e-05,0.0,0.00028,0.00026,2e-05,9e-05,6
59689,0.0,3e-05,3e-05,-7e-05,-0.00035,-0.00022,-2e-05,0.00034,6
59690,-5e-05,-8e-05,-0.0001,-0.00013,-0.00028,-0.00015,-4e-05,-1e-05,6
59691,-5e-05,-8e-05,-0.0001,-0.00013,-0.00028,-0.00015,-4e-05,-1e-05,6
59692,-5e-05,-8e-05,-0.0001,-0.00013,-0.00028,-0.00015,-4e-05,-1e-05,6
59693,-5e-05,-8e-05,-0.0001,-0.00013,-0.00028,-0.00015,-4e-05,-1e-05,6
59694,-5e-05,-8e-05,-0.0001,-0.00013,-0.00028,-0.00015,-4e-05,-1e-05,6
59695,-5e-05,-8e-05,-0.0001,-0.00013,-0.00028,-0.00015,-4e-05,-1e-05,6
59696,-5e-05,-8e-05,-0.0001,-0.00013,-0.00028,-0.00015,-4e-05,-1e-05,6
59697,-5e-05,-8e-05,-0.0001,-0.00013,-0.00028,-0.00015,-4e-05,-1e-05,6
59698,-5e-05,-8e-05,-0.0001,-0.00013,-0.00028,-0.00015,-4e-05,-1e-05,6
59699,-5e-05,-8e-05,-0.0001,-0.00013,-0.00028,-0.00015,-4e-05,-1e-05,6
59700,-5e-05,-8e-05,-0.0001,-0.00013,-0.00028,-0.00015,-4e-05,-1e-05,6
59701,-5e-05,-8e-05,-0.0001,-0.00013,-0.00028,-0.00015,-4e-05,-1e-05,6
59702,-5e-05,-8e-05,-0.0001,-0.00013,-0.00028,-0.00015,-4e-05,-1e-05,6
59703,-5e-05,-8e-05,-0.0001,-0.00013,-0.00028,-0.00015,-4e-05,-1e-05,6
59704,-5e-05,-8e-05,-0.0001,-0.00013,-0.00028,-0.00015,-4e-05,-1e-05,6
59705,-5e-05,-8e-05,-0.0001,-0.00013,-0.00028,-0.00015,-4e-05,-1e-05,6
59706,-5e-05,-8e-05,-0.0001,-0.00013,-0.00028,-0.00015,-4e-05,-1e-05,6
59707,-5e-05,-8e-05,-0.0001,-0.00013,-0.00028,-0.00015,-4e-05,-1e-05,6
59708,-5e-05,-8e-05,-0.0001,-0.00013,-0.00028,-0.00015,-4e-05,-1e-05,6
59709,-5e-05,-8e-05,-0.0001,-0.00013,-0.00028,-0.00015,-4e-05,-1e-05,6
59710,-5e-05,-8e-05,-0.0001,-0.00013,-0.00028,-0.00015,-4e-05,-1e-05,6
59711,-5e-05,-8e-05,-0.0001,-0.00013,-0.00028,-0.00015,-4e-05,-1e-05,6
59712,-5e-05,-8e-05,-0.0001,-0.00013,-0.00028,-0.00015,-4e-05,-1e-05,6
59713,-5e-05,-8e-05,-0.0001,-0.00013,-0.00028,-0.00015,-4e-05,-1e-05,6
59714,-5e-05,-8e-05,-0.0001,-0.00013,-0.00028,-0.00015,-4e-05,-1e-05,6
59715,-5e-05,-8e-05,-0.0001,-0.00013,-0.00028,-0.00015,-4e-05,-1e-05,6
59716,-5e-05,-8e-05,-0.0001,-0.00013,-0.00028,-0.00015,-4e-05,-1e-05,6
59717,-5e-05,-8e-05,-0.0001,-0.00013,-0.00028,-0.00015,-4e-05,-1e-05,6
59718,-5e-05,-8e-05,-0.0001,-0.00013,-0.00028,-0.00015,-4e-05,-1e-05,6
59719,-1e-05,0.0,0.0,0.0,0.0002,0.00017,-4e-05,-0.00016,6
59720,-2e-05,0.0,1e-05,-6e-05,-0.0004,-0.00034,-6e-05,0.0001,6
59721,-2e-05,0.0,1e-05,-6e-05,-0.0004,-0.00034,-6e-05,0.0001,6
59722,-2e-05,0.0,1e-05,-6e-05,-0.0004,-0.00034,-6e-05,0.0001,6
59723,-2e-05,0.0,1e-05,-6e-05,-0.0004,-0.00034,-6e-05,0.0001,6
59724,-2e-05,0.0,1e-05,-6e-05,-0.0004,-0.00034,-6e-05,0.0001,6
59725,-2e-05,-1e-05,-2e-05,0.0,5e-05,5e-05,-1e-05,7e-05,6
59726,0.0,0.0,2e-05,1e-05,-7e-05,-0.00039,-4e-05,-0.00017,6
59727,0.0,0.0,2e-05,1e-05,-7e-05,-0.00039,-4e-05,-0.00017,6
59728,0.0,0.0,2e-05,1e-05,-7e-05,-0.00039,-4e-05,-0.00017,6
59729,0.0,0.0,2e-05,1e-05,-7e-05,-0.00039,-4e-05,-0.00017,6
59730,0.0,0.0,2e-05,1e-05,-7e-05,-0.00039,-4e-05,-0.00017,6
59731,0.0,0.0,2e-05,1e-05,-7e-05,-0.00039,-4e-05,-0.00017,6
59732,-4e-05,-3e-05,-3e-05,0.0,0.00011,-0.00027,-2e-05,-0.00024,6
59733,-4e-05,-3e-05,-3e-05,0.0,0.00011,-0.00027,-2e-05,-0.00024,6
59734,-4e-05,-3e-05,-3e-05,0.0,0.00011,-0.00027,-2e-05,-0.00024,6
59735,-4e-05,-3e-05,-3e-05,0.0,0.00011,-0.00027,-2e-05,-0.00024,6
59736,-4e-05,-3e-05,-3e-05,0.0,0.00011,-0.00027,-2e-05,-0.00024,6
59738,-4e-05,-3e-05,-3e-05,0.0,0.00011,-0.00027,-2e-05,-0.00024,6
59739,-4e-05,-3e-05,-3e-05,0.0,0.00011,-0.00027,-2e-05,-0.00024,6
59740,-4e-05,-3e-05,-3e-05,0.0,0.00011,-0.00027,-2e-05,-0.00024,6
59741,-4e-05,-3e-05,-3e-05,0.0,0.00011,-0.00027,-2e-05,-0.00024,6
59742,-4e-05,-3e-05,-3e-05,0.0,0.00011,-0.00027,-2e-05,-0.00024,6
59743,-4e-05,-3e-05,-3e-05,0.0,0.00011,-0.00027,-2e-05,-0.00024,6
59744,-4e-05,-3e-05,-3e-05,0.0,0.00011,-0.00027,-2e-05,-0.00024,6
59745,-4e-05,-3e-05,-3e-05,0.0,0.00011,-0.00027,-2e-05,-0.00024,6
59746,-4e-05,-3e-05,-3e-05,0.0,0.00011,-0.00027,-2e-05,-0.00024,6
59747,-4e-05,-3e-05,-3e-05,0.0,0.00011,-0.00027,-2e-05,-0.00024,6
59748,-4e-05,-3e-05,-3e-05,0.0,0.00011,-0.00027,-2e-05,-0.00024,6
59749,2e-05,5e-05,0.0001,8e-05,0.00018,-3e-05,-2e-05,-9e-05,6
59750,-1e-05,0.0,-1e-05,0.00015,0.00041,0.0001,0.0001,6e-05,6
59752,-1e-05,0.0,-1e-05,0.00015,0.00041,0.0001,0.0001,6e-05,6
59753,-1e-05,0.0,-1e-05,0.00015,0.00041,0.0001,0.0001,6e-05,6
59754,-1e-05,0.0,-1e-05,0.00015,0.00041,0.0001,0.0001,6e-05,6
59755,-1e-05,0.0,-1e-05,0.00015,0.00041,0.0001,0.0001,6e-05,6
59756,-1e-05,0.0,-1e-05,0.00015,0.00041,0.0001,0.0001,6e-05,6
59757,-1e-05,0.0,-1e-05,0.00015,0.00041,0.0001,0.0001,6e-05,6
59758,-1e-05,0.0,-1e-05,0.00015,0.00041,0.0001,0.0001,6e-05,6
59759,-1e-05,0.0,-1e-05,0.00015,0.00041,0.0001,0.0001,6e-05,6
59760,-1e-05,0.0,-1e-05,0.00015,0.00041,0.0001,0.0001,6e-05,6
59761,-1e-05,0.0,-1e-05,0.00015,0.00041,0.0001,0.0001,6e-05,6
59762,-1e-05,0.0,-1e-05,0.00015,0.00041,0.0001,0.0001,6e-05,6
59764,-1e-05,0.0,-1e-05,0.00015,0.00041,0.0001,0.0001,6e-05,6
59765,-1e-05,0.0,-1e-05,0.00015,0.00041,0.0001,0.0001,6e-05,6
59766,-1e-05,0.0,-1e-05,0.00015,0.00041,0.0001,0.0001,6e-05,6
59767,-1e-05,0.0,-1e-05,0.00015,0.00041,0.0001,0.0001,6e-05,6
59768,-1e-05,0.0,-1e-05,0.00015,0.00041,0.0001,0.0001,6e-05,6
59769,-1e-05,0.0,-1e-05,0.00015,0.00041,0.0001,0.0001,6e-05,6
59770,-1e-05,0.0,-1e-05,0.00015,0.00041,0.0001,0.0001,6e-05,6
59771,-2e-05,-3e-05,-2e-05,-3e-05,0.0001,0.00011,-3e-05,8e-05,6
59772,-2e-05,-3e-05,-2e-05,-3e-05,0.0001,0.00011,-3e-05,8e-05,6
59773,-3e-05,-3e-05,-5e-05,-0.00015,-0.00016,-0.00031,-2e-05,-6e-05,6
59774,-3e-05,-3e-05,-5e-05,-0.00015,-0.00016,-0.00031,-2e-05,-6e-05,6
59775,-3e-05,-3e-05,-5e-05,-0.00015,-0.00016,-0.00031,-2e-05,-6e-05,6
59776,-3e-05,-3e-05,-5e-05,-0.00015,-0.00016,-0.00031,-2e-05,-6e-05,6
59777,-3e-05,-3e-05,-5e-05,-0.00015,-0.00016,-0.00031,-2e-05,-6e-05,6
59778,-3e-05,-3e-05,-5e-05,-0.00015,-0.00016,-0.00031,-2e-05,-6e-05,6
59779,-3e-05,-3e-05,-5e-05,-0.00015,-0.00016,-0.00031,-2e-05,-6e-05,6
59780,-3e-05,-3e-05,-5e-05,-0.00015,-0.00016,-0.00031,-2e-05,-6e-05,6
59781,-3e-05,-3e-05,-5e-05,-0.00015,-0.00016,-0.00031,-2e-05,-6e-05,6
59782,-3e-05,-3e-05,-5e-05,-0.00015,-0.00016,-0.00031,-2e-05,-6e-05,6
59783,-3e-05,-3e-05,-5e-05,-0.00015,-0.00016,-0.00031,-2e-05,-6e-05,6
59784,-3e-05,-3e-05,-5e-05,-0.00015,-0.00016,-0.00031,-2e-05,-6e-05,6
59785,-1e-05,-1e-05,-4e-05,-0.00012,-0.00033,-0.00036,-5e-05,2e-05,6
59786,-1e-05,-1e-05,-4e-05,-0.00012,-0.00033,-0.00036,-5e-05,2e-05,6
59788,-1e-05,-1e-05,-4e-05,-0.00012,-0.00033,-0.00036,-5e-05,2e-05,6
59789,-1e-05,-1e-05,-4e-05,-0.00012,-0.00033,-0.00036,-5e-05,2e-05,6
59790,-1e-05,-1e-05,-4e-05,-0.00012,-0.00033,-0.00036,-5e-05,2e-05,6
59791,-1e-05,-1e-05,-4e-05,-0.00012,-0.00033,-0.00036,-5e-05,2e-05,6
59792,3e-05,1e-05,1e-05,-7e-05,-0.00027,-0.00013,-0.00012,-6e-05,6
59793,3e-05,1e-05,1e-05,-7e-05,-0.00027,-0.00013,-0.00012,-6e-05,6
59794,3e-05,1e-05,1e-05,-7e-05,-0.00027,-0.00013,-0.00012,-6e-05,6
59795,3e-05,1e-05,1e-05,-7e-05,-0.00027,-0.00013,-0.00012,-6e-05,6
59796,3e-05,1e-05,1e-05,-7e-05,-0.00027,-0.00013,-0.00012,-6e-05,6
59797,3e-05,1e-05,1e-05,-7e-05,-0.00027,-0.00013,-0.00012,-6e-05,6
59798,3e-05,1e-05,1e-05,-7e-05,-0.00027,-0.00013,-0.00012,-6e-05,6
59799,3e-05,1e-05,1e-05,-7e-05,-0.00027,-0.00013,-0.00012,-6e-05,6
59800,3e-05,1e-05,1e-05,-7e-05,-0.00027,-0.00013,-0.00012,-6e-05,6
59801,3e-05,1e-05,1e-05,-7e-05,-0.00027,-0.00013,-0.00012,-6e-05,6
59802,3e-05,1e-05,1e-05,-7e-05,-0.00027,-0.00013,-0.00012,-6e-05,6
59803,3e-05,1e-05,1e-05,-7e-05,-0.00027,-0.00013,-0.00012,-6e-05,6
59804,3e-05,1e-05,1e-05,-7e-05,-0.00027,-0.00013,-0.00012,-6e-05,6
59805,3e-05,1e-05,1e-05,-7e-05,-0.00027,-0.00013,-0.00012,-6e-05,6
59806,3e-05,1e-05,1e-05,-7e-05,-0.00027,-0.00013,-0.00012,-6e-05,6
59807,3e-05,1e-05,1e-05,-7e-05,-0.00027,-0.00013,-0.00012,-6e-05,6
59808,3e-05,1e-05,1e-05,-7e-05,-0.00027,-0.00013,-0.00012,-6e-05,6
59809,-2e-05,-2e-05,-2e-05,-1e-05,-0.00018,-0.00018,-2e-05,0.0,6
59810,-1e-05,-3e-05,-2e-05,-5e-05,-0.00018,-0.00031,-9e-05,0.00023,6
59811,-1e-05,-3e-05,-2e-05,-5e-05,-0.00018,-0.00031,-9e-05,0.00023,6
59812,-1e-05,-3e-05,-2e-05,-5e-05,-0.00018,-0.00031,-9e-05,0.00023,6
59813,-1e-05,-3e-05,-2e-05,-5e-05,-0.00018,-0.00031,-9e-05,0.00023,6
59814,-1e-05,-3e-05,-2e-05,-5e-05,-0.00018,-0.00031,-9e-05,0.00023,6
59815,-1e-05,-3e-05,-2e-05,-5e-05,-0.00018,-0.00031,-9e-05,0.00023,6
59816,-1e-05,-3e-05,-2e-05,-5e-05,-0.00018,-0.00031,-9e-05,0.00023,6
59817,-1e-05,-3e-05,-2e-05,-5e-05,-0.00018,-0.00031,-9e-05,0.00023,6
59818,-1e-05,-3e-05,-2e-05,-5e-05,-0.00018,-0.00031,-9e-05,0.00023,6
59819,-1e-05,-3e-05,-2e-05,-5e-05,-0.00018,-0.00031,-9e-05,0.00023,6
59820,-1e-05,-3e-05,-2e-05,-5e-05,-0.00018,-0.00031,-9e-05,0.00023,6
59821,-1e-05,-3e-05,-2e-05,-5e-05,-0.00018,-0.00031,-9e-05,0.00023,6
59822,-1e-05,-3e-05,-2e-05,-5e-05,-0.00018,-0.00031,-9e-05,0.00023,6
59823,-1e-05,-3e-05,-2e-05,-5e-05,-0.00018,-0.00031,-9e-05,0.00023,6
59824,-1e-05,-3e-05,-2e-05,-5e-05,-0.00018,-0.00031,-9e-05,0.00023,6
59825,-1e-05,-3e-05,-2e-05,-5e-05,-0.00018,-0.00031,-9e-05,0.00023,6
59826,-1e-05,-3e-05,-2e-05,-5e-05,-0.00018,-0.00031,-9e-05,0.00023,6
59827,-1e-05,-3e-05,-2e-05,-5e-05,-0.00018,-0.00031,-9e-05,0.00023,6
59828,-1e-05,-3e-05,-2e-05,-5e-05,-0.00018,-0.00031,-9e-05,0.00023,6
59829,-1e-05,-3e-05,-2e-05,-5e-05,-0.00018,-0.00031,-9e-05,0.00023,6
59830,-1e-05,-3e-05,-2e-05,-5e-05,-0.00018,-0.00031,-9e-05,0.00023,6
59831,3e-05,1e-05,2e-05,6e-05,0.00015,6e-05,2e-05,0.00028,6
59832,3e-05,1e-05,2e-05,6e-05,0.00015,6e-05,2e-05,0.00028,6
59833,-5e-05,-5e-05,-5e-05,-3e-05,-1e-05,0.00016,-1e-05,-2e-05,6
59834,-5e-05,-5e-05,-5e-05,-3e-05,-1e-05,0.00016,-1e-05,-2e-05,6
59835,-5e-05,-5e-05,-5e-05,-3e-05,-1e-05,0.00016,-1e-05,-2e-05,6
59836,-5e-05,-5e-05,-5e-05,-3e-05,-1e-05,0.00016,-1e-05,-2e-05,6
59838,-5e-05,-5e-05,-5e-05,-3e-05,-1e-05,0.00016,-1e-05,-2e-05,6
59839,-5e-05,-5e-05,-5e-05,-3e-05,-1e-05,0.00016,-1e-05,-2e-05,6
59840,-5e-05,-5e-05,-5e-05,-3e-05,-1e-05,0.00016,-1e-05,-2e-05,6
59841,-5e-05,-5e-05,-5e-05,-3e-05,-1e-05,0.00016,-1e-05,-2e-05,6
59842,-5e-05,-5e-05,-5e-05,-3e-05,-1e-05,0.00016,-1e-05,-2e-05,6
59843,-5e-05,-5e-05,-5e-05,-3e-05,-1e-05,0.00016,-1e-05,-2e-05,6
59844,-5e-05,-5e-05,-5e-05,-3e-05,-1e-05,0.00016,-1e-05,-2e-05,6
59845,-2e-05,-3e-05,-2e-05,-2e-05,0.0002,-0.00013,1e-05,0.00025,6
59846,-2e-05,1e-05,0.0,-1e-05,0.0,0.0002,6e-05,-8e-05,6
59847,-2e-05,1e-05,0.0,-1e-05,0.0,0.0002,6e-05,-8e-05,6
59848,-2e-05,1e-05,0.0,-1e-05,0.0,0.0002,6e-05,-8e-05,6
59849,-2e-05,1e-05,0.0,-1e-05,0.0,0.0002,6e-05,-8e-05,6
59850,-2e-05,1e-05,0.0,-1e-05,0.0,0.0002,6e-05,-8e-05,6
59851,-2e-05,1e-05,0.0,-1e-05,0.0,0.0002,6e-05,-8e-05,6
59852,7e-05,4e-05,5e-05,0.0001,-2e-05,0.00035,2e-05,7e-05,6
59853,7e-05,4e-05,5e-05,0.0001,-2e-05,0.00035,2e-05,7e-05,6
59854,7e-05,4e-05,5e-05,0.0001,-2e-05,0.00035,2e-05,7e-05,6
59855,7e-05,4e-05,5e-05,0.0001,-2e-05,0.00035,2e-05,7e-05,6
59856,7e-05,4e-05,5e-05,0.0001,-2e-05,0.00035,2e-05,7e-05,6
59857,7e-05,4e-05,5e-05,0.0001,-2e-05,0.00035,2e-05,7e-05,6
59858,7e-05,4e-05,5e-05,0.0001,-2e-05,0.00035,2e-05,7e-05,6
59859,7e-05,4e-05,5e-05,0.0001,-2e-05,0.00035,2e-05,7e-05,6
59860,7e-05,4e-05,5e-05,0.0001,-2e-05,0.00035,2e-05,7e-05,6
59861,7e-05,4e-05,5e-05,0.0001,-2e-05,0.00035,2e-05,7e-05,6
59862,7e-05,4e-05,5e-05,0.0001,-2e-05,0.00035,2e-05,7e-05,6
59863,7e-05,4e-05,5e-05,0.0001,-2e-05,0.00035,2e-05,7e-05,6
59864,7e-05,4e-05,5e-05,0.0001,-2e-05,0.00035,2e-05,7e-05,6
59865,7e-05,4e-05,5e-05,0.0001,-2e-05,0.00035,2e-05,7e-05,6
59866,7e-05,4e-05,5e-05,0.0001,-2e-05,0.00035,2e-05,7e-05,6
59867,7e-05,4e-05,5e-05,0.0001,-2e-05,0.00035,2e-05,7e-05,6
59868,-4e-05,0.0,-1e-05,-3e-05,-0.00015,-8e-05,-2e-05,-0.00017,6
59870,-5e-05,-7e-05,-9e-05,-9e-05,-0.0004,-0.00021,-9e-05,-7e-05,6
59871,-5e-05,-7e-05,-9e-05,-9e-05,-0.0004,-0.00021,-9e-05,-7e-05,6
59872,-5e-05,-7e-05,-9e-05,-9e-05,-0.0004,-0.00021,-9e-05,-7e-05,6
59873,-5e-05,-7e-05,-9e-05,-9e-05,-0.0004,-0.00021,-9e-05,-7e-05,6
59874,-5e-05,-7e-05,-9e-05,-9e-05,-0.0004,-0.00021,-9e-05,-7e-05,6
59875,-5e-05,-7e-05,-9e-05,-9e-05,-0.0004,-0.00021,-9e-05,-7e-05,6
59876,-5e-05,-7e-05,-9e-05,-9e-05,-0.0004,-0.00021,-9e-05,-7e-05,6
59877,-5e-05,-7e-05,-9e-05,-9e-05,-0.0004,-0.00021,-9e-05,-7e-05,6
59878,-5e-05,-7e-05,-9e-05,-9e-05,-0.0004,-0.00021,-9e-05,-7e-05,6
59879,-5e-05,-7e-05,-9e-05,-9e-05,-0.0004,-0.00021,-9e-05,-7e-05,6
59880,-5e-05,-7e-05,-9e-05,-9e-05,-0.0004,-0.00021,-9e-05,-7e-05,6
59881,-5e-05,-7e-05,-9e-05,-9e-05,-0.0004,-0.00021,-9e-05,-7e-05,6
59882,-5e-05,-7e-05,-9e-05,-9e-05,-0.0004,-0.00021,-9e-05,-7e-05,6
59883,-5e-05,-7e-05,-9e-05,-9e-05,-0.0004,-0.00021,-9e-05,-7e-05,6
59884,-5e-05,-7e-05,-9e-05,-9e-05,-0.0004,-0.00021,-9e-05,-7e-05,6
59885,-5e-05,-7e-05,-9e-05,-9e-05,-0.0004,-0.00021,-9e-05,-7e-05,6
59886,-5e-05,-7e-05,-9e-05,-9e-05,-0.0004,-0.00021,-9e-05,-7e-05,6
59888,-5e-05,-7e-05,-9e-05,-9e-05,-0.0004,-0.00021,-9e-05,-7e-05,6
59889,-5e-05,-7e-05,-9e-05,-9e-05,-0.0004,-0.00021,-9e-05,-7e-05,6
59890,-5e-05,-7e-05,-9e-05,-9e-05,-0.0004,-0.00021,-9e-05,-7e-05,6
59891,-5e-05,-7e-05,-9e-05,-9e-05,-0.0004,-0.00021,-9e-05,-7e-05,6
59892,-5e-05,-7e-05,-9e-05,-9e-05,-0.0004,-0.00021,-9e-05,-7e-05,6
59893,-5e-05,-7e-05,-9e-05,-9e-05,-0.0004,-0.00021,-9e-05,-7e-05,6
59894,-5e-05,-7e-05,-9e-05,-9e-05,-0.0004,-0.00021,-9e-05,-7e-05,6
59895,-5e-05,-7e-05,-9e-05,-9e-05,-0.0004,-0.00021,-9e-05,-7e-05,6
59896,-5e-05,-7e-05,-9e-05,-9e-05,-0.0004,-0.00021,-9e-05,-7e-05,6
59897,-5e-05,-7e-05,-9e-05,-9e-05,-0.0004,-0.00021,-9e-05,-7e-05,6
59898,-5e-05,-7e-05,-9e-05,-9e-05,-0.0004,-0.00021,-9e-05,-7e-05,6
59899,4e-05,4e-05,7e-05,0.00011,0.00027,0.00054,0.00012,5e-05,6
59900,-1e-05,0.0,-1e-05,0.0,0.00024,0.0005,0.00012,-5e-05,6
59901,-1e-05,0.0,-1e-05,0.0,0.00024,0.0005,0.00012,-5e-05,6
59902,-1e-05,0.0,-1e-05,0.0,0.00024,0.0005,0.00012,-5e-05,6
59903,-1e-05,0.0,-1e-05,0.0,0.00024,0.0005,0.00012,-5e-05,6
59904,-1e-05,0.0,-1e-05,0.0,0.00024,0.0005,0.00012,-5e-05,6
59905,2e-05,-1e-05,1e-05,7e-05,0.00044,0.00013,1e-05,-1e-05,6
59906,2e-05,-1e-05,1e-05,7e-05,0.00044,0.00013,1e-05,-1e-05,6
59907,2e-05,-1e-05,1e-05,7e-05,0.00044,0.00013,1e-05,-1e-05,6
59908,2e-05,-1e-05,1e-05,7e-05,0.00044,0.00013,1e-05,-1e-05,6
59909,2e-05,-1e-05,1e-05,7e-05,0.00044,0.00013,1e-05,-1e-05,6
59910,2e-05,-1e-05,1e-05,7e-05,0.00044,0.00013,1e-05,-1e-05,6
59911,2e-05,-1e-05,1e-05,7e-05,0.00044,0.00013,1e-05,-1e-05,6
59912,2e-05,-1e-05,1e-05,7e-05,0.00044,0.00013,1e-05,-1e-05,6
59913,2e-05,-1e-05,1e-05,7e-05,0.00044,0.00013,1e-05,-1e-05,6
59914,1e-05,1e-05,2e-05,7e-05,0.00021,0.00028,0.00012,-4e-05,6
59916,1e-05,1e-05,2e-05,7e-05,0.00021,0.00028,0.00012,-4e-05,6
59917,1e-05,1e-05,2e-05,7e-05,0.00021,0.00028,0.00012,-4e-05,6
59918,1e-05,1e-05,2e-05,7e-05,0.00021,0.00028,0.00012,-4e-05,6
59919,1e-05,1e-05,2e-05,7e-05,0.00021,0.00028,0.00012,-4e-05,6
59920,1e-05,1e-05,2e-05,7e-05,0.00021,0.00028,0.00012,-4e-05,6
59921,1e-05,1e-05,2e-05,7e-05,0.00021,0.00028,0.00012,-4e-05,6
59922,1e-05,1e-05,2e-05,7e-05,0.00021,0.00028,0.00012,-4e-05,6
59923,1e-05,1e-05,2e-05,7e-05,0.00021,0.00028,0.00012,-4e-05,6
59924,1e-05,1e-05,2e-05,7e-05,0.00021,0.00028,0.00012,-4e-05,6
59925,1e-05,1e-05,2e-05,7e-05,0.00021,0.00028,0.00012,-4e-05,6
59926,1e-05,1e-05,2e-05,7e-05,0.00021,0.00028,0.00012,-4e-05,6
59927,1e-05,1e-05,2e-05,7e-05,0.00021,0.00028,0.00012,-4e-05,6
59928,1e-05,1e-05,2e-05,7e-05,0.00021,0.00028,0.00012,-4e-05,6
59929,0.0,-1e-05,0.0,-8e-05,-0.00035,0.0002,-1e-05,2e-05,6
59930,2e-05,-1e-05,2e-05,-2e-05,-0.00017,-0.00014,-0.00017,0.00059,6
59931,2e-05,-1e-05,2e-05,-2e-05,-0.00017,-0.00014,-0.00017,0.00059,6
59932,2e-05,-1e-05,2e-05,-2e-05,-0.00017,-0.00014,-0.00017,0.00059,6
59933,2e-05,-1e-05,2e-05,-2e-05,-0.00017,-0.00014,-0.00017,0.00059,6
59934,2e-05,-1e-05,2e-05,-2e-05,-0.00017,-0.00014,-0.00017,0.00059,6
59935,2e-05,-1e-05,2e-05,-2e-05,-0.00017,-0.00014,-0.00017,0.00059,6
59936,2e-05,-1e-05,2e-05,-2e-05,-0.00017,-0.00014,-0.00017,0.00059,6
59938,2e-05,-1e-05,2e-05,-2e-05,-0.00017,-0.00014,-0.00017,0.00059,6
59939,2e-05,-1e-05,2e-05,-2e-05,-0.00017,-0.00014,-0.00017,0.00059,6
59940,2e-05,-1e-05,2e-05,-2e-05,-0.00017,-0.00014,-0.00017,0.00059,6
59941,2e-05,-1e-05,2e-05,-2e-05,-0.00017,-0.00014,-0.00017,0.00059,6
59942,2e-05,-1e-05,2e-05,-2e-05,-0.00017,-0.00014,-0.00017,0.00059,6
59943,2e-05,-1e-05,2e-05,-2e-05,-0.00017,-0.00014,-0.00017,0.00059,6
59944,2e-05,-1e-05,2e-05,-2e-05,-0.00017,-0.00014,-0.00017,0.00059,6
59945,2e-05,-1e-05,2e-05,-2e-05,-0.00017,-0.00014,-0.00017,0.00059,6
59946,2e-05,-1e-05,2e-05,-2e-05,-0.00017,-0.00014,-0.00017,0.00059,6
59947,2e-05,-1e-05,2e-05,-2e-05,-0.00017,-0.00014,-0.00017,0.00059,6
59948,2e-05,-1e-05,2e-05,-2e-05,-0.00017,-0.00014,-0.00017,0.00059,6
59949,2e-05,-1e-05,2e-05,-2e-05,-0.00017,-0.00014,-0.00017,0.00059,6
59950,2e-05,-1e-05,2e-05,-2e-05,-0.00017,-0.00014,-0.00017,0.00059,6
59951,-2e-05,-2e-05,-3e-05,1e-05,0.00026,0.00028,-4e-05,-0.0001,6
59952,-2e-05,-5e-05,-5e-05,-0.0001,-0.00027,-0.00011,-2e-05,2e-05,6
59953,-2e-05,1e-05,2e-05,0.00012,0.0004,-0.0001,6e-05,1e-05,6
59954,-2e-05,1e-05,2e-05,0.00012,0.0004,-0.0001,6e-05,1e-05,6
59955,-2e-05,1e-05,2e-05,0.00012,0.0004,-0.0001,6e-05,1e-05,6
59956,-2e-05,1e-05,2e-05,0.00012,0.0004,-0.0001,6e-05,1e-05,6
59957,-2e-05,1e-05,2e-05,0.00012,0.0004,-0.0001,6e-05,1e-05,6
59958,-2e-05,1e-05,2e-05,0.00012,0.0004,-0.0001,6e-05,1e-05,6
59959,-2e-05,1e-05,2e-05,0.00012,0.0004,-0.0001,6e-05,1e-05,6
59960,-2e-05,1e-05,2e-05,0.00012,0.0004,-0.0001,6e-05,1e-05,6
59961,-2e-05,1e-05,2e-05,0.00012,0.0004,-0.0001,6e-05,1e-05,6
59962,-2e-05,1e-05,2e-05,0.00012,0.0004,-0.0001,6e-05,1e-05,6
59963,-2e-05,1e-05,2e-05,0.00012,0.0004,-0.0001,6e-05,1e-05,6
59964,-2e-05,1e-05,2e-05,0.00012,0.0004,-0.0001,6e-05,1e-05,6
59965,-2e-05,1e-05,2e-05,0.00012,0.0004,-0.0001,6e-05,1e-05,6
59966,-2e-05,1e-05,2e-05,0.00012,0.0004,-0.0001,6e-05,1e-05,6
59967,-2e-05,1e-05,2e-05,0.00012,0.0004,-0.0001,6e-05,1e-05,6
59968,-2e-05,1e-05,2e-05,0.00012,0.0004,-0.0001,6e-05,1e-05,6
59969,-2e-05,1e-05,2e-05,0.00012,0.0004,-0.0001,6e-05,1e-05,6
59970,-2e-05,1e-05,2e-05,0.00012,0.0004,-0.0001,6e-05,1e-05,6
59971,-2e-05,1e-05,2e-05,0.00012,0.0004,-0.0001,6e-05,1e-05,6
59972,-2e-05,1e-05,2e-05,0.00012,0.0004,-0.0001,6e-05,1e-05,6
59973,-2e-05,1e-05,2e-05,0.00012,0.0004,-0.0001,6e-05,1e-05,6
59974,-5e-05,-3e-05,-2e-05,-7e-05,-6e-05,-0.00022,-0.00013,-6e-05,6
59975,-3e-05,-1e-05,0.0,-0.00013,-0.00033,-0.00015,1e-05,-0.00021,6
59976,-3e-05,-1e-05,0.0,-0.00013,-0.00033,-0.00015,1e-05,-0.00021,6
59977,-3e-05,-1e-05,0.0,-0.00013,-0.00033,-0.00015,1e-05,-0.00021,6
59978,-3e-05,-1e-05,0.0,-0.00013,-0.00033,-0.00015,1e-05,-0.00021,6
59979,-3e-05,-1e-05,0.0,-0.00013,-0.00033,-0.00015,1e-05,-0.00021,6
59980,-3e-05,-1e-05,0.0,-0.00013,-0.00033,-0.00015,1e-05,-0.00021,6
59981,-3e-05,-1e-05,0.0,-0.00013,-0.00033,-0.00015,1e-05,-0.00021,6
59982,-3e-05,-1e-05,0.0,-0.00013,-0.00033,-0.00015,1e-05,-0.00021,6
59983,-3e-05,-1e-05,0.0,-0.00013,-0.00033,-0.00015,1e-05,-0.00021,6
59984,-3e-05,-1e-05,0.0,-0.00013,-0.00033,-0.00015,1e-05,-0.00021,6
59985,-3e-05,-1e-05,0.0,-0.00013,-0.00033,-0.00015,1e-05,-0.00021,6
59986,-3e-05,-1e-05,0.0,-0.00013,-0.00033,-0.00015,1e-05,-0.00021,6
59988,-3e-05,-1e-05,0.0,-0.00013,-0.00033,-0.00015,1e-05,-0.00021,6
59989,0.0,1e-05,1e-05,3e-05,0.00015,0.00037,2e-05,-0.00012,6
59990,1e-05,1e-05,1e-05,6e-05,0.00021,0.0,-3e-05,-0.00013,6
59991,1e-05,1e-05,1e-05,6e-05,0.00021,0.0,-3e-05,-0.00013,6
59992,1e-05,1e-05,1e-05,6e-05,0.00021,0.0,-3e-05,-0.00013,6
59993,1e-05,1e-05,1e-05,6e-05,0.00021,0.0,-3e-05,-0.00013,6
59994,1e-05,1e-05,1e-05,6e-05,0.00021,0.0,-3e-05,-0.00013,6
59995,1e-05,1e-05,1e-05,6e-05,0.00021,0.0,-3e-05,-0.00013,6
59996,1e-05,1e-05,1e-05,6e-05,0.00021,0.0,-3e-05,-0.00013,6
59997,1e-05,1e-05,1e-05,6e-05,0.00021,0.0,-3e-05,-0.00013,6
59998,1e-05,1e-05,1e-05,6e-05,0.00021,0.0,-3e-05,-0.00013,6
59999,1e-05,1e-05,1e-05,6e-05,0.00021,0.0,-3e-05,-0.00013,6
60000,1e-05,1e-05,1e-05,6e-05,0.00021,0.0,-3e-05,-0.00013,6
60001,1e-05,1e-05,1e-05,6e-05,0.00021,0.0,-3e-05,-0.00013,6
60002,1e-05,1e-05,1e-05,6e-05,0.00021,0.0,-3e-05,-0.00013,6
60003,1e-05,1e-05,1e-05,6e-05,0.00021,0.0,-3e-05,-0.00013,6
60004,1e-05,1e-05,1e-05,6e-05,0.00021,0.0,-3e-05,-0.00013,6
60005,1e-05,1e-05,1e-05,6e-05,0.00021,0.0,-3e-05,-0.00013,6
60006,1e-05,1e-05,1e-05,6e-05,0.00021,0.0,-3e-05,-0.00013,6
60007,1e-05,1e-05,1e-05,6e-05,0.00021,0.0,-3e-05,-0.00013,6
60008,1e-05,1e-05,1e-05,6e-05,0.00021,0.0,-3e-05,-0.00013,6
60009,1e-05,1e-05,1e-05,6e-05,0.00021,0.0,-3e-05,-0.00013,6
60010,1e-05,1e-05,1e-05,6e-05,0.00021,0.0,-3e-05,-0.00013,6
60011,-1e-05,-5e-05,-6e-05,-2e-05,0.0,-6e-05,-0.0001,5e-05,6
60012,-1e-05,-5e-05,-6e-05,-2e-05,0.0,-6e-05,-0.0001,5e-05,6
60013,-3e-05,-2e-05,-2e-05,-6e-05,6e-05,-8e-05,-1e-05,-0.00027,6
60014,-3e-05,-2e-05,-2e-05,-6e-05,6e-05,-8e-05,-1e-05,-0.00027,6
60015,-3e-05,-2e-05,-2e-05,-6e-05,6e-05,-8e-05,-1e-05,-0.00027,6
60016,-3e-05,-2e-05,-2e-05,-6e-05,6e-05,-8e-05,-1e-05,-0.00027,6
60017,-3e-05,-2e-05,-2e-05,-6e-05,6e-05,-8e-05,-1e-05,-0.00027,6
60018,-3e-05,-2e-05,-2e-05,-6e-05,6e-05,-8e-05,-1e-05,-0.00027,6
60019,-3e-05,-2e-05,-2e-05,-6e-05,6e-05,-8e-05,-1e-05,-0.00027,6
60020,-3e-05,-2e-05,-2e-05,-6e-05,6e-05,-8e-05,-1e-05,-0.00027,6
60021,-3e-05,-2e-05,-2e-05,-6e-05,6e-05,-8e-05,-1e-05,-0.00027,6
60022,-3e-05,-2e-05,-2e-05,-6e-05,6e-05,-8e-05,-1e-05,-0.00027,6
60023,-3e-05,-2e-05,-2e-05,-6e-05,6e-05,-8e-05,-1e-05,-0.00027,6
60024,-3e-05,-2e-05,-2e-05,-6e-05,6e-05,-8e-05,-1e-05,-0.00027,6
60025,0.0,-1e-05,-4e-05,-7e-05,-0.00034,-0.00064,-0.00012,3e-05,6
60026,0.0,-1e-05,-4e-05,-7e-05,-0.00034,-0.00064,-0.00012,3e-05,6
60027,0.0,-1e-05,-4e-05,-7e-05,-0.00034,-0.00064,-0.00012,3e-05,6
60028,0.0,-1e-05,-4e-05,-7e-05,-0.00034,-0.00064,-0.00012,3e-05,6
60029,0.0,-1e-05,-4e-05,-7e-05,-0.00034,-0.00064,-0.00012,3e-05,6
60030,0.0,-1e-05,-4e-05,-7e-05,-0.00034,-0.00064,-0.00012,3e-05,6
60031,0.0,-1e-05,-4e-05,-7e-05,-0.00034,-0.00064,-0.00012,3e-05,6
60032,0.0,-1e-05,-4e-05,-7e-05,-0.00034,-0.00064,-0.00012,3e-05,6
60033,0.0,-1e-05,-4e-05,-7e-05,-0.00034,-0.00064,-0.00012,3e-05,6
60034,0.0,-3e-05,-6e-05,-8e-05,1e-05,-0.0001,4e-05,-5e-05,6
60035,0.0,-3e-05,-6e-05,-8e-05,1e-05,-0.0001,4e-05,-5e-05,6
60043,0.0,-3e-05,-6e-05,-8e-05,1e-05,-0.0001,4e-05,-5e-05,6
60044,0.0,-3e-05,-6e-05,-8e-05,1e-05,-0.0001,4e-05,-5e-05,6
60045,0.0,-3e-05,-6e-05,-8e-05,1e-05,-0.0001,4e-05,-5e-05,6
60046,0.0,-3e-05,-6e-05,-8e-05,1e-05,-0.0001,4e-05,-5e-05,6
60047,0.0,-3e-05,-6e-05,-8e-05,1e-05,-0.0001,4e-05,-5e-05,6
60048,-3e-05,0.0,0.0,3e-05,-7e-05,-0.00014,7e-05,-3e-05,6
60049,0.0,-2e-05,-2e-05,-1e-05,-0.00012,-0.00015,-7e-05,1e-05,6
60050,0.0,-2e-05,-2e-05,-1e-05,-0.00012,-0.00015,-7e-05,1e-05,6
60051,0.0,-2e-05,-2e-05,-1e-05,-0.00012,-0.00015,-7e-05,1e-05,6
60052,0.0,-2e-05,-2e-05,-1e-05,-0.00012,-0.00015,-7e-05,1e-05,6
60053,0.0,-2e-05,-2e-05,-1e-05,-0.00012,-0.00015,-7e-05,1e-05,6
60054,0.0,-2e-05,-2e-05,-1e-05,-0.00012,-0.00015,-7e-05,1e-05,6
60055,0.0,1e-05,1e-05,1e-05,-9e-05,-0.00029,3e-05,0.00025,6
60056,0.0,1e-05,1e-05,1e-05,-9e-05,-0.00029,3e-05,0.00025,6
60057,0.0,1e-05,1e-05,1e-05,-9e-05,-0.00029,3e-05,0.00025,6
60058,0.0,1e-05,1e-05,1e-05,-9e-05,-0.00029,3e-05,0.00025,6
60059,0.0,1e-05,1e-05,1e-05,-9e-05,-0.00029,3e-05,0.00025,6
60060,0.0,1e-05,1e-05,1e-05,-9e-05,-0.00029,3e-05,0.00025,6
60061,0.0,1e-05,1e-05,1e-05,-9e-05,-0.00029,3e-05,0.00025,6
60062,0.0,1e-05,1e-05,1e-05,-9e-05,-0.00029,3e-05,0.00025,6
60063,0.0,1e-05,1e-05,1e-05,-9e-05,-0.00029,3e-05,0.00025,6
60064,0.0,1e-05,1e-05,1e-05,-9e-05,-0.00029,3e-05,0.00025,6
60065,0.0,1e-05,1e-05,1e-05,-9e-05,-0.00029,3e-05,0.00025,6
60066,0.0,1e-05,1e-05,1e-05,-9e-05,-0.00029,3e-05,0.00025,6
60067,0.0,1e-05,1e-05,1e-05,-9e-05,-0.00029,3e-05,0.00025,6
60068,0.0,1e-05,1e-05,1e-05,-9e-05,-0.00029,3e-05,0.00025,6
60069,0.0,1e-05,1e-05,1e-05,-9e-05,-0.00029,3e-05,0.00025,6
60070,0.0,1e-05,1e-05,1e-05,-9e-05,-0.00029,3e-05,0.00025,6
60071,0.0,1e-05,2e-05,-2e-05,-2e-05,-5e-05,-3e-05,-3e-05,6
60072,0.0,1e-05,2e-05,-2e-05,-2e-05,-5e-05,-3e-05,-3e-05,6
60073,-2e-05,-1e-05,2e-05,-3e-05,-7e-05,3e-05,-7e-05,-0.00061,6
60074,-2e-05,-1e-05,2e-05,-3e-05,-7e-05,3e-05,-7e-05,-0.00061,6
60075,-2e-05,-1e-05,2e-05,-3e-05,-7e-05,3e-05,-7e-05,-0.00061,6
60076,-2e-05,-1e-05,2e-05,-3e-05,-7e-05,3e-05,-7e-05,-0.00061,6
60077,-2e-05,-1e-05,2e-05,-3e-05,-7e-05,3e-05,-7e-05,-0.00061,6
60078,-2e-05,-1e-05,2e-05,-3e-05,-7e-05,3e-05,-7e-05,-0.00061,6
60079,-2e-05,-1e-05,2e-05,-3e-05,-7e-05,3e-05,-7e-05,-0.00061,6
60080,-2e-05,-1e-05,2e-05,-3e-05,-7e-05,3e-05,-7e-05,-0.00061,6
60081,-2e-05,-1e-05,2e-05,-3e-05,-7e-05,3e-05,-7e-05,-0.00061,6
60082,-2e-05,-1e-05,2e-05,-3e-05,-7e-05,3e-05,-7e-05,-0.00061,6
60083,-2e-05,-1e-05,2e-05,-3e-05,-7e-05,3e-05,-7e-05,-0.00061,6
60084,-2e-05,-1e-05,2e-05,-3e-05,-7e-05,3e-05,-7e-05,-0.00061,6
60085,-2e-05,-1e-05,2e-05,-3e-05,-7e-05,3e-05,-7e-05,-0.00061,6
60086,-2e-05,-1e-05,2e-05,-3e-05,-7e-05,3e-05,-7e-05,-0.00061,6
60088,-2e-05,-1e-05,2e-05,-3e-05,-7e-05,3e-05,-7e-05,-0.00061,6
60089,-2e-05,-1e-05,2e-05,-3e-05,-7e-05,3e-05,-7e-05,-0.00061,6
60090,-2e-05,-1e-05,2e-05,-3e-05,-7e-05,3e-05,-7e-05,-0.00061,6
60091,-2e-05,-1e-05,2e-05,-3e-05,-7e-05,3e-05,-7e-05,-0.00061,6
60092,-2e-05,-1e-05,2e-05,-3e-05,-7e-05,3e-05,-7e-05,-0.00061,6
60093,-4e-05,-2e-05,-4e-05,-6e-05,9e-05,0.0001,-4e-05,-3e-05,6
60094,-1e-05,0.0,0.0,-7e-05,-0.00031,0.0001,-4e-05,5e-05,6
60095,-1e-05,0.0,0.0,-7e-05,-0.00031,0.0001,-4e-05,5e-05,6
60096,-1e-05,0.0,0.0,-7e-05,-0.00031,0.0001,-4e-05,5e-05,6
60097,-1e-05,0.0,0.0,-7e-05,-0.00031,0.0001,-4e-05,5e-05,6
60098,-1e-05,0.0,0.0,-7e-05,-0.00031,0.0001,-4e-05,5e-05,6
60099,-1e-05,0.0,0.0,-7e-05,-0.00031,0.0001,-4e-05,5e-05,6
60100,-1e-05,0.0,0.0,-7e-05,-0.00031,0.0001,-4e-05,5e-05,6
60101,-1e-05,0.0,0.0,-7e-05,-0.00031,0.0001,-4e-05,5e-05,6
60102,-1e-05,0.0,0.0,-7e-05,-0.00031,0.0001,-4e-05,5e-05,6
60104,-1e-05,0.0,0.0,-7e-05,-0.00031,0.0001,-4e-05,5e-05,6
60105,-1e-05,0.0,0.0,-7e-05,-0.00031,0.0001,-4e-05,5e-05,6
60106,-1e-05,0.0,0.0,-7e-05,-0.00031,0.0001,-4e-05,5e-05,6
60107,-1e-05,0.0,0.0,-7e-05,-0.00031,0.0001,-4e-05,5e-05,6
60108,-1e-05,-1e-05,-1e-05,-7e-05,-0.0004,-3e-05,0.0,-0.00012,6
60109,0.0,3e-05,2e-05,8e-05,-0.00011,1e-05,-3e-05,3e-05,6
60110,0.0,3e-05,2e-05,8e-05,-0.00011,1e-05,-3e-05,3e-05,6
60111,0.0,3e-05,2e-05,8e-05,-0.00011,1e-05,-3e-05,3e-05,6
60112,0.0,3e-05,2e-05,8e-05,-0.00011,1e-05,-3e-05,3e-05,6
60113,0.0,3e-05,2e-05,8e-05,-0.00011,1e-05,-3e-05,3e-05,6
60114,0.0,3e-05,2e-05,8e-05,-0.00011,1e-05,-3e-05,3e-05,6
60115,0.0,3e-05,2e-05,8e-05,-0.00011,1e-05,-3e-05,3e-05,6
60116,0.0,3e-05,2e-05,8e-05,-0.00011,1e-05,-3e-05,3e-05,6
60117,0.0,3e-05,2e-05,8e-05,-0.00011,1e-05,-3e-05,3e-05,6
60118,0.0,3e-05,2e-05,8e-05,-0.00011,1e-05,-3e-05,3e-05,6
60119,0.0,3e-05,2e-05,8e-05,-0.00011,1e-05,-3e-05,3e-05,6
60120,0.0,3e-05,2e-05,8e-05,-0.00011,1e-05,-3e-05,3e-05,6
60121,0.0,3e-05,2e-05,8e-05,-0.00011,1e-05,-3e-05,3e-05,6
60122,0.0,3e-05,2e-05,8e-05,-0.00011,1e-05,-3e-05,3e-05,6
60123,0.0,3e-05,2e-05,8e-05,-0.00011,1e-05,-3e-05,3e-05,6
60124,0.0,3e-05,2e-05,8e-05,-0.00011,1e-05,-3e-05,3e-05,6
60125,0.0,3e-05,2e-05,8e-05,-0.00011,1e-05,-3e-05,3e-05,6
60126,0.0,3e-05,2e-05,8e-05,-0.00011,1e-05,-3e-05,3e-05,6
60127,0.0,3e-05,2e-05,8e-05,-0.00011,1e-05,-3e-05,3e-05,6
60128,0.0,3e-05,2e-05,8e-05,-0.00011,1e-05,-3e-05,3e-05,6
60129,0.0,3e-05,2e-05,8e-05,-0.00011,1e-05,-3e-05,3e-05,6
60130,1e-05,0.0,1e-05,-3e-05,-9e-05,0.00027,9e-05,-2e-05,6
60131,-3e-05,-3e-05,-4e-05,-5e-05,-7e-05,1e-05,-5e-05,-0.00015,6
60132,-4e-05,-2e-05,-6e-05,-8e-05,0.0,-8e-05,3e-05,5e-05,6
60133,-4e-05,-2e-05,-6e-05,-8e-05,0.0,-8e-05,3e-05,5e-05,6
60134,-4e-05,-2e-05,-6e-05,-8e-05,0.0,-8e-05,3e-05,5e-05,6
60135,-4e-05,-2e-05,-6e-05,-8e-05,0.0,-8e-05,3e-05,5e-05,6
60136,-4e-05,-2e-05,-6e-05,-8e-05,0.0,-8e-05,3e-05,5e-05,6
60138,-4e-05,-2e-05,-6e-05,-8e-05,0.0,-8e-05,3e-05,5e-05,6
60139,-4e-05,-2e-05,-6e-05,-8e-05,0.0,-8e-05,3e-05,5e-05,6
60140,-4e-05,-2e-05,-6e-05,-8e-05,0.0,-8e-05,3e-05,5e-05,6
60141,-4e-05,-2e-05,-6e-05,-8e-05,0.0,-8e-05,3e-05,5e-05,6
60142,-4e-05,-2e-05,-6e-05,-8e-05,0.0,-8e-05,3e-05,5e-05,6
60143,-4e-05,-2e-05,-6e-05,-8e-05,0.0,-8e-05,3e-05,5e-05,6
60144,-4e-05,-2e-05,-6e-05,-8e-05,0.0,-8e-05,3e-05,5e-05,6
60145,-4e-05,-2e-05,-6e-05,-8e-05,0.0,-8e-05,3e-05,5e-05,6
60146,-4e-05,-2e-05,-6e-05,-8e-05,0.0,-8e-05,3e-05,5e-05,6
60147,-4e-05,-2e-05,-6e-05,-8e-05,0.0,-8e-05,3e-05,5e-05,6
60148,-4e-05,-2e-05,-6e-05,-8e-05,0.0,-8e-05,3e-05,5e-05,6
60149,-4e-05,-2e-05,-6e-05,-8e-05,0.0,-8e-05,3e-05,5e-05,6
60150,-4e-05,-2e-05,-6e-05,-8e-05,0.0,-8e-05,3e-05,5e-05,6
60151,-4e-05,-2e-05,-6e-05,-8e-05,0.0,-8e-05,3e-05,5e-05,6
60152,-4e-05,-2e-05,-6e-05,-8e-05,0.0,-8e-05,3e-05,5e-05,6
60154,-2e-05,-3e-05,-3e-05,-4e-05,-5e-05,-0.00013,-9e-05,-6e-05,6
60155,-2e-05,-3e-05,-3e-05,-4e-05,-5e-05,-0.00013,-9e-05,-6e-05,6
60156,-2e-05,-3e-05,-3e-05,-4e-05,-5e-05,-0.00013,-9e-05,-6e-05,6
60157,-2e-05,-3e-05,-3e-05,-4e-05,-5e-05,-0.00013,-9e-05,-6e-05,6
60158,-2e-05,-3e-05,-3e-05,-4e-05,-5e-05,-0.00013,-9e-05,-6e-05,6
60159,-2e-05,-3e-05,-3e-05,-4e-05,-5e-05,-0.00013,-9e-05,-6e-05,6
60160,-2e-05,-3e-05,-3e-05,-4e-05,-5e-05,-0.00013,-9e-05,-6e-05,6
60161,-2e-05,-3e-05,-3e-05,-4e-05,-5e-05,-0.00013,-9e-05,-6e-05,6
60162,-2e-05,-3e-05,-3e-05,-4e-05,-5e-05,-0.00013,-9e-05,-6e-05,6
60163,-2e-05,-3e-05,-3e-05,-4e-05,-5e-05,-0.00013,-9e-05,-6e-05,6
60164,-2e-05,-3e-05,-3e-05,-4e-05,-5e-05,-0.00013,-9e-05,-6e-05,6
60165,-2e-05,-3e-05,-3e-05,-4e-05,-5e-05,-0.00013,-9e-05,-6e-05,6
60166,-2e-05,-3e-05,-3e-05,-4e-05,-5e-05,-0.00013,-9e-05,-6e-05,6
60167,-2e-05,-3e-05,-3e-05,-4e-05,-5e-05,-0.00013,-9e-05,-6e-05,6
60168,-2e-05,-4e-05,-3e-05,-4e-05,1e-05,0.00039,2e-05,-5e-05,6
60169,1e-05,3e-05,2e-05,1e-05,4e-05,0.00027,1e-05,0.0001,6
60171,1e-05,3e-05,2e-05,1e-05,4e-05,0.00027,1e-05,0.0001,6
60172,1e-05,3e-05,2e-05,1e-05,4e-05,0.00027,1e-05,0.0001,6
60173,1e-05,3e-05,2e-05,1e-05,4e-05,0.00027,1e-05,0.0001,6
60174,1e-05,3e-05,2e-05,1e-05,4e-05,0.00027,1e-05,0.0001,6
60175,1e-05,3e-05,2e-05,1e-05,4e-05,0.00027,1e-05,0.0001,6
60176,1e-05,3e-05,2e-05,1e-05,4e-05,0.00027,1e-05,0.0001,6
60177,1e-05,3e-05,2e-05,1e-05,4e-05,0.00027,1e-05,0.0001,6
60178,1e-05,3e-05,2e-05,1e-05,4e-05,0.00027,1e-05,0.0001,6
60179,1e-05,3e-05,2e-05,1e-05,4e-05,0.00027,1e-05,0.0001,6
60180,1e-05,3e-05,2e-05,1e-05,4e-05,0.00027,1e-05,0.0001,6
60181,1e-05,3e-05,2e-05,1e-05,4e-05,0.00027,1e-05,0.0001,6
60182,1e-05,3e-05,2e-05,1e-05,4e-05,0.00027,1e-05,0.0001,6
60183,1e-05,3e-05,2e-05,1e-05,4e-05,0.00027,1e-05,0.0001,6
60184,1e-05,3e-05,2e-05,1e-05,4e-05,0.00027,1e-05,0.0001,6
60185,1e-05,3e-05,2e-05,1e-05,4e-05,0.00027,1e-05,0.0001,6
60186,1e-05,3e-05,2e-05,1e-05,4e-05,0.00027,1e-05,0.0001,6
60188,1e-05,3e-05,2e-05,1e-05,4e-05,0.00027,1e-05,0.0001,6
60189,1e-05,3e-05,2e-05,1e-05,4e-05,0.00027,1e-05,0.0001,6
60190,1e-05,3e-05,2e-05,1e-05,4e-05,0.00027,1e-05,0.0001,6
60191,1e-05,3e-05,2e-05,1e-05,4e-05,0.00027,1e-05,0.0001,6
60192,1e-05,3e-05,2e-05,1e-05,4e-05,0.00027,1e-05,0.0001,6
60193,1e-05,3e-05,2e-05,1e-05,4e-05,0.00027,1e-05,0.0001,6
60194,1e-05,3e-05,2e-05,1e-05,4e-05,0.00027,1e-05,0.0001,6
60195,1e-05,3e-05,2e-05,1e-05,4e-05,0.00027,1e-05,0.0001,6
60196,1e-05,3e-05,2e-05,1e-05,4e-05,0.00027,1e-05,0.0001,6
60197,1e-05,3e-05,2e-05,1e-05,4e-05,0.00027,1e-05,0.0001,6
60198,1e-05,3e-05,2e-05,1e-05,4e-05,0.00027,1e-05,0.0001,6
60199,-2e-05,0.0,1e-05,8e-05,0.00015,-8e-05,2e-05,-0.00037,6
60200,-2e-05,0.0,1e-05,8e-05,0.00015,-8e-05,2e-05,-0.00037,6
60201,-2e-05,0.0,1e-05,8e-05,0.00015,-8e-05,2e-05,-0.00037,6
60202,-2e-05,0.0,1e-05,8e-05,0.00015,-8e-05,2e-05,-0.00037,6
60204,-2e-05,0.0,1e-05,8e-05,0.00015,-8e-05,2e-05,-0.00037,6
60205,-2e-05,0.0,1e-05,8e-05,0.00015,-8e-05,2e-05,-0.00037,6
60206,-2e-05,0.0,1e-05,8e-05,0.00015,-8e-05,2e-05,-0.00037,6
60207,-2e-05,0.0,1e-05,8e-05,0.00015,-8e-05,2e-05,-0.00037,6
60208,-2e-05,0.0,1e-05,8e-05,0.00015,-8e-05,2e-05,-0.00037,6
60209,-2e-05,0.0,1e-05,8e-05,0.00015,-8e-05,2e-05,-0.00037,6
60210,-2e-05,0.0,1e-05,8e-05,0.00015,-8e-05,2e-05,-0.00037,6
60211,-2e-05,0.0,1e-05,8e-05,0.00015,-8e-05,2e-05,-0.00037,6
60212,-2e-05,0.0,1e-05,8e-05,0.00015,-8e-05,2e-05,-0.00037,6
60213,-2e-05,-4e-05,-4e-05,-1e-05,0.00022,0.00031,0.0,-0.0001,6
60214,-1e-05,-1e-05,-1e-05,-4e-05,4e-05,-0.00017,-2e-05,0.00017,6
60215,-1e-05,-1e-05,-1e-05,-4e-05,4e-05,-0.00017,-2e-05,0.00017,6
60216,-1e-05,-1e-05,-1e-05,-4e-05,4e-05,-0.00017,-2e-05,0.00017,6
60217,-1e-05,-1e-05,-1e-05,-4e-05,4e-05,-0.00017,-2e-05,0.00017,6
60218,-1e-05,-1e-05,-1e-05,-4e-05,4e-05,-0.00017,-2e-05,0.00017,6
60219,-1e-05,-1e-05,-1e-05,-4e-05,4e-05,-0.00017,-2e-05,0.00017,6
60220,-1e-05,-1e-05,-1e-05,-4e-05,4e-05,-0.00017,-2e-05,0.00017,6
60221,-1e-05,-1e-05,-1e-05,-4e-05,4e-05,-0.00017,-2e-05,0.00017,6
60222,-1e-05,-1e-05,-1e-05,-4e-05,4e-05,-0.00017,-2e-05,0.00017,6
60223,-1e-05,-1e-05,-1e-05,-4e-05,4e-05,-0.00017,-2e-05,0.00017,6
60224,-1e-05,-1e-05,-1e-05,-4e-05,4e-05,-0.00017,-2e-05,0.00017,6
60225,-1e-05,-1e-05,-1e-05,-4e-05,4e-05,-0.00017,-2e-05,0.00017,6
60226,-1e-05,-1e-05,-1e-05,-4e-05,4e-05,-0.00017,-2e-05,0.00017,6
60227,-1e-05,-1e-05,-1e-05,-4e-05,4e-05,-0.00017,-2e-05,0.00017,6
60228,-3e-05,-3e-05,-5e-05,-6e-05,-3e-05,0.00015,0.0,0.0,6
60229,0.0,-3e-05,-1e-05,-3e-05,1e-05,-0.00017,-6e-05,0.0001,6
60230,0.0,-3e-05,-1e-05,-3e-05,1e-05,-0.00017,-6e-05,0.0001,6
60231,0.0,-3e-05,-1e-05,-3e-05,1e-05,-0.00017,-6e-05,0.0001,6
60232,0.0,-3e-05,-1e-05,-3e-05,1e-05,-0.00017,-6e-05,0.0001,6
60233,0.0,-3e-05,-1e-05,-3e-05,1e-05,-0.00017,-6e-05,0.0001,6
60234,0.0,-3e-05,-1e-05,-3e-05,1e-05,-0.00017,-6e-05,0.0001,6
60235,0.0,-3e-05,-1e-05,-3e-05,1e-05,-0.00017,-6e-05,0.0001,6
60236,0.0,-3e-05,-1e-05,-3e-05,1e-05,-0.00017,-6e-05,0.0001,6
60238,0.0,-3e-05,-1e-05,-3e-05,1e-05,-0.00017,-6e-05,0.0001,6
60239,0.0,-3e-05,-1e-05,-3e-05,1e-05,-0.00017,-6e-05,0.0001,6
60240,0.0,-3e-05,-1e-05,-3e-05,1e-05,-0.00017,-6e-05,0.0001,6
60241,0.0,-3e-05,-1e-05,-3e-05,1e-05,-0.00017,-6e-05,0.0001,6
60242,0.0,-3e-05,-1e-05,-3e-05,1e-05,-0.00017,-6e-05,0.0001,6
60243,0.0,-3e-05,-1e-05,-3e-05,1e-05,-0.00017,-6e-05,0.0001,6
60244,0.0,-3e-05,-1e-05,-3e-05,1e-05,-0.00017,-6e-05,0.0001,6
60245,0.0,-3e-05,-1e-05,-3e-05,1e-05,-0.00017,-6e-05,0.0001,6
60246,0.0,-3e-05,-1e-05,-3e-05,1e-05,-0.00017,-6e-05,0.0001,6
60247,0.0,-3e-05,-1e-05,-3e-05,1e-05,-0.00017,-6e-05,0.0001,6
60248,0.0,-3e-05,-1e-05,-3e-05,1e-05,-0.00017,-6e-05,0.0001,6
60249,0.0,-3e-05,-1e-05,-3e-05,1e-05,-0.00017,-6e-05,0.0001,6
60250,-2e-05,0.0,-2e-05,-3e-05,-0.00027,0.0001,-1e-05,2e-05,6
60251,0.0,-1e-05,-1e-05,-3e-05,-0.00011,0.00013,-2e-05,-1e-05,6
60252,0.0,-1e-05,-1e-05,-3e-05,-0.00011,0.00013,-2e-05,-1e-05,6
60254,0.0,-1e-05,-1e-05,-3e-05,-0.00011,0.00013,-2e-05,-1e-05,6
60255,0.0,-1e-05,-1e-05,-3e-05,-0.00011,0.00013,-2e-05,-1e-05,6
60256,0.0,-1e-05,-1e-05,-3e-05,-0.00011,0.00013,-2e-05,-1e-05,6
60257,0.0,-1e-05,-1e-05,-3e-05,-0.00011,0.00013,-2e-05,-1e-05,6
60258,0.0,-1e-05,-1e-05,-3e-05,-0.00011,0.00013,-2e-05,-1e-05,6
60259,0.0,-1e-05,-1e-05,-3e-05,-0.00011,0.00013,-2e-05,-1e-05,6
60260,0.0,-1e-05,-1e-05,-3e-05,-0.00011,0.00013,-2e-05,-1e-05,6
60261,0.0,-1e-05,-1e-05,-3e-05,-0.00011,0.00013,-2e-05,-1e-05,6
60262,0.0,-1e-05,-1e-05,-3e-05,-0.00011,0.00013,-2e-05,-1e-05,6
60263,0.0,-1e-05,-1e-05,-3e-05,-0.00011,0.00013,-2e-05,-1e-05,6
60264,0.0,-1e-05,-1e-05,-3e-05,-0.00011,0.00013,-2e-05,-1e-05,6
60265,0.0,-1e-05,-1e-05,-3e-05,-0.00011,0.00013,-2e-05,-1e-05,6
60266,0.0,-1e-05,-1e-05,-3e-05,-0.00011,0.00013,-2e-05,-1e-05,6
60267,0.0,-1e-05,-1e-05,-3e-05,-0.00011,0.00013,-2e-05,-1e-05,6
60268,0.0,-1e-05,-1e-05,-3e-05,-0.00011,0.00013,-2e-05,-1e-05,6
60269,0.0,-1e-05,-1e-05,-3e-05,-0.00011,0.00013,-2e-05,-1e-05,6
60270,0.0,-1e-05,-1e-05,-3e-05,-0.00011,0.00013,-2e-05,-1e-05,6
60271,0.0,-1e-05,-1e-05,-3e-05,-0.00011,0.00013,-2e-05,-1e-05,6
60272,0.0,-1e-05,-1e-05,-3e-05,-0.00011,0.00013,-2e-05,-1e-05,6
60273,-1e-05,-2e-05,-1e-05,-0.00011,-0.00028,9e-05,4e-05,8e-05,6
60274,-2e-05,-1e-05,3e-05,0.0002,0.00031,0.0,-2e-05,0.00011,6
60275,-2e-05,-1e-05,3e-05,0.0002,0.00031,0.0,-2e-05,0.00011,6
60276,-2e-05,-1e-05,3e-05,0.0002,0.00031,0.0,-2e-05,0.00011,6
60277,-2e-05,-1e-05,3e-05,0.0002,0.00031,0.0,-2e-05,0.00011,6
60278,-2e-05,-1e-05,3e-05,0.0002,0.00031,0.0,-2e-05,0.00011,6
60279,-2e-05,-1e-05,3e-05,0.0002,0.00031,0.0,-2e-05,0.00011,6
60280,-2e-05,-1e-05,3e-05,0.0002,0.00031,0.0,-2e-05,0.00011,6
60281,-2e-05,-1e-05,3e-05,0.0002,0.00031,0.0,-2e-05,0.00011,6
60282,-2e-05,-1e-05,3e-05,0.0002,0.00031,0.0,-2e-05,0.00011,6
60283,-2e-05,-1e-05,3e-05,0.0002,0.00031,0.0,-2e-05,0.00011,6
60284,-2e-05,-1e-05,3e-05,0.0002,0.00031,0.0,-2e-05,0.00011,6
60285,-2e-05,-1e-05,3e-05,0.0002,0.00031,0.0,-2e-05,0.00011,6
60286,-2e-05,-1e-05,3e-05,0.0002,0.00031,0.0,-2e-05,0.00011,6
60288,-1e-05,-2e-05,-4e-05,3e-05,0.00024,4e-05,-5e-05,6e-05,6
60289,-1e-05,-1e-05,-3e-05,-9e-05,-0.00028,-7e-05,3e-05,3e-05,6
60290,-1e-05,-1e-05,-3e-05,-9e-05,-0.00028,-7e-05,3e-05,3e-05,6
60291,-1e-05,-1e-05,-3e-05,-9e-05,-0.00028,-7e-05,3e-05,3e-05,6
60292,-1e-05,-1e-05,-3e-05,-9e-05,-0.00028,-7e-05,3e-05,3e-05,6
60293,-1e-05,-1e-05,-3e-05,-9e-05,-0.00028,-7e-05,3e-05,3e-05,6
60294,-1e-05,-1e-05,-3e-05,-9e-05,-0.00028,-7e-05,3e-05,3e-05,6
60295,-1e-05,-1e-05,-3e-05,-9e-05,-0.00028,-7e-05,3e-05,3e-05,6
60296,-1e-05,-1e-05,-3e-05,-9e-05,-0.00028,-7e-05,3e-05,3e-05,6
60297,-1e-05,-1e-05,-3e-05,-9e-05,-0.00028,-7e-05,3e-05,3e-05,6
60298,-1e-05,-1e-05,-3e-05,-9e-05,-0.00028,-7e-05,3e-05,3e-05,6
60299,-1e-05,-1e-05,-3e-05,-9e-05,-0.00028,-7e-05,3e-05,3e-05,6
60300,-1e-05,-1e-05,-3e-05,-9e-05,-0.00028,-7e-05,3e-05,3e-05,6
60301,-1e-05,-1e-05,-3e-05,-9e-05,-0.00028,-7e-05,3e-05,3e-05,6
60302,-1e-05,-1e-05,-3e-05,-9e-05,-0.00028,-7e-05,3e-05,3e-05,6
60304,-1e-05,-1e-05,-3e-05,-9e-05,-0.00028,-7e-05,3e-05,3e-05,6
60305,-1e-05,-1e-05,-3e-05,-9e-05,-0.00028,-7e-05,3e-05,3e-05,6
60306,-1e-05,-1e-05,-3e-05,-9e-05,-0.00028,-7e-05,3e-05,3e-05,6
60307,-1e-05,-1e-05,-3e-05,-9e-05,-0.00028,-7e-05,3e-05,3e-05,6
60308,-1e-05,-1e-05,-3e-05,-9e-05,-0.00028,-7e-05,3e-05,3e-05,6
60309,-1e-05,-1e-05,-3e-05,-9e-05,-0.00028,-7e-05,3e-05,3e-05,6
60310,1e-05,4e-05,5e-05,0.00019,0.00044,0.0005,0.00011,2e-05,6
60311,1e-05,0.0,0.0,-7e-05,-6e-05,0.0003,2e-05,0.0,6
60312,1e-05,0.0,0.0,-7e-05,-6e-05,0.0003,2e-05,0.0,6
60313,1e-05,0.0,0.0,-7e-05,-6e-05,0.0003,2e-05,0.0,6
60314,1e-05,0.0,0.0,-7e-05,-6e-05,0.0003,2e-05,0.0,6
60315,1e-05,0.0,0.0,-7e-05,-6e-05,0.0003,2e-05,0.0,6
60316,1e-05,0.0,0.0,-7e-05,-6e-05,0.0003,2e-05,0.0,6
60317,1e-05,0.0,0.0,-7e-05,-6e-05,0.0003,2e-05,0.0,6
60318,1e-05,0.0,0.0,-7e-05,-6e-05,0.0003,2e-05,0.0,6
60319,1e-05,0.0,0.0,-7e-05,-6e-05,0.0003,2e-05,0.0,6
60320,1e-05,0.0,0.0,-7e-05,-6e-05,0.0003,2e-05,0.0,6
60321,1e-05,0.0,0.0,-7e-05,-6e-05,0.0003,2e-05,0.0,6
60322,1e-05,0.0,0.0,-7e-05,-6e-05,0.0003,2e-05,0.0,6
60323,1e-05,0.0,0.0,-7e-05,-6e-05,0.0003,2e-05,0.0,6
60324,1e-05,0.0,0.0,-7e-05,-6e-05,0.0003,2e-05,0.0,6
60325,1e-05,0.0,0.0,-7e-05,-6e-05,0.0003,2e-05,0.0,6
60326,1e-05,0.0,0.0,-7e-05,-6e-05,0.0003,2e-05,0.0,6
60327,1e-05,0.0,0.0,-7e-05,-6e-05,0.0003,2e-05,0.0,6
60328,1e-05,0.0,0.0,-7e-05,-6e-05,0.0003,2e-05,0.0,6
60329,1e-05,0.0,0.0,-7e-05,-6e-05,0.0003,2e-05,0.0,6
60330,1e-05,0.0,0.0,-7e-05,-6e-05,0.0003,2e-05,0.0,6
60331,1e-05,0.0,0.0,-7e-05,-6e-05,0.0003,2e-05,0.0,6
60332,1e-05,0.0,0.0,-7e-05,-6e-05,0.0003,2e-05,0.0,6
60333,1e-05,0.0,0.0,-7e-05,-6e-05,0.0003,2e-05,0.0,6
60334,2e-05,1e-05,-1e-05,3e-05,0.00018,8e-05,-1e-05,-2e-05,6
60335,-3e-05,-4e-05,-3e-05,-3e-05,-6e-05,-6e-05,1e-05,-0.00037,6
60336,-3e-05,-4e-05,-3e-05,-3e-05,-6e-05,-6e-05,1e-05,-0.00037,6
60338,-3e-05,-4e-05,-3e-05,-3e-05,-6e-05,-6e-05,1e-05,-0.00037,6
60339,-3e-05,-4e-05,-3e-05,-3e-05,-6e-05,-6e-05,1e-05,-0.00037,6
60340,-3e-05,-4e-05,-3e-05,-3e-05,-6e-05,-6e-05,1e-05,-0.00037,6
60341,-3e-05,-4e-05,-3e-05,-3e-05,-6e-05,-6e-05,1e-05,-0.00037,6
60342,-3e-05,-4e-05,-3e-05,-3e-05,-6e-05,-6e-05,1e-05,-0.00037,6
60343,-3e-05,-4e-05,-3e-05,-3e-05,-6e-05,-6e-05,1e-05,-0.00037,6
60344,-3e-05,-4e-05,-3e-05,-3e-05,-6e-05,-6e-05,1e-05,-0.00037,6
60345,-3e-05,-4e-05,-3e-05,-3e-05,-6e-05,-6e-05,1e-05,-0.00037,6
60346,-3e-05,-4e-05,-3e-05,-3e-05,-6e-05,-6e-05,1e-05,-0.00037,6
60347,-3e-05,-4e-05,-3e-05,-3e-05,-6e-05,-6e-05,1e-05,-0.00037,6
60348,-2e-05,-5e-05,-6e-05,-6e-05,0.00016,0.00015,-2e-05,1e-05,6
60349,-2e-05,-5e-05,-6e-05,-6e-05,0.00016,0.00015,-2e-05,1e-05,6
60350,-2e-05,-5e-05,-6e-05,-6e-05,0.00016,0.00015,-2e-05,1e-05,6
60351,-2e-05,-5e-05,-6e-05,-6e-05,0.00016,0.00015,-2e-05,1e-05,6
60352,-2e-05,-5e-05,-6e-05,-6e-05,0.00016,0.00015,-2e-05,1e-05,6
60354,-2e-05,-5e-05,-6e-05,-6e-05,0.00016,0.00015,-2e-05,1e-05,6
60355,2e-05,3e-05,2e-05,5e-05,0.00016,0.00032,2e-05,-3e-05,6
60356,1e-05,-1e-05,0.0,-1e-05,-8e-05,0.00013,5e-05,0.00012,6
60357,1e-05,-1e-05,0.0,-1e-05,-8e-05,0.00013,5e-05,0.00012,6
60358,1e-05,-1e-05,0.0,-1e-05,-8e-05,0.00013,5e-05,0.00012,6
60359,1e-05,-1e-05,0.0,-1e-05,-8e-05,0.00013,5e-05,0.00012,6
60360,1e-05,-1e-05,0.0,-1e-05,-8e-05,0.00013,5e-05,0.00012,6
60361,1e-05,-1e-05,0.0,-1e-05,-8e-05,0.00013,5e-05,0.00012,6
60362,1e-05,-1e-05,0.0,-1e-05,-8e-05,0.00013,5e-05,0.00012,6
60363,1e-05,-1e-05,0.0,-1e-05,-8e-05,0.00013,5e-05,0.00012,6
60364,1e-05,-1e-05,0.0,-1e-05,-8e-05,0.00013,5e-05,0.00012,6
60365,1e-05,-1e-05,0.0,-1e-05,-8e-05,0.00013,5e-05,0.00012,6
60366,1e-05,-1e-05,0.0,-1e-05,-8e-05,0.00013,5e-05,0.00012,6
60367,1e-05,-1e-05,0.0,-1e-05,-8e-05,0.00013,5e-05,0.00012,6
60368,1e-05,-1e-05,0.0,-1e-05,-8e-05,0.00013,5e-05,0.00012,6
60369,1e-05,-1e-05,0.0,-1e-05,-8e-05,0.00013,5e-05,0.00012,6
60370,0.0,2e-05,2e-05,6e-05,-0.0001,-0.00024,-9e-05,-0.00012,6
60371,1e-05,-2e-05,-3e-05,-1e-05,5e-05,0.00013,0.0,-2e-05,6
60372,1e-05,-2e-05,-3e-05,-1e-05,5e-05,0.00013,0.0,-2e-05,6
60373,1e-05,-2e-05,-3e-05,-1e-05,5e-05,0.00013,0.0,-2e-05,6
60374,1e-05,-2e-05,-3e-05,-1e-05,5e-05,0.00013,0.0,-2e-05,6
60375,1e-05,-2e-05,-3e-05,-1e-05,5e-05,0.00013,0.0,-2e-05,6
60376,1e-05,-2e-05,-3e-05,-1e-05,5e-05,0.00013,0.0,-2e-05,6
60377,1e-05,-2e-05,-3e-05,-1e-05,5e-05,0.00013,0.0,-2e-05,6
60378,1e-05,-2e-05,-3e-05,-1e-05,5e-05,0.00013,0.0,-2e-05,6
60379,1e-05,-2e-05,-3e-05,-1e-05,5e-05,0.00013,0.0,-2e-05,6
60380,1e-05,-2e-05,-3e-05,-1e-05,5e-05,0.00013,0.0,-2e-05,6
60381,1e-05,-2e-05,-3e-05,-1e-05,5e-05,0.00013,0.0,-2e-05,6
60382,1e-05,-2e-05,-3e-05,-1e-05,5e-05,0.00013,0.0,-2e-05,6
60383,1e-05,-2e-05,-3e-05,-1e-05,5e-05,0.00013,0.0,-2e-05,6
60384,1e-05,-2e-05,-3e-05,-1e-05,5e-05,0.00013,0.0,-2e-05,6
60385,1e-05,-2e-05,-3e-05,-1e-05,5e-05,0.00013,0.0,-2e-05,6
60386,1e-05,-2e-05,-3e-05,-1e-05,5e-05,0.00013,0.0,-2e-05,6
60388,1e-05,-2e-05,-3e-05,-1e-05,5e-05,0.00013,0.0,-2e-05,6
60389,1e-05,-2e-05,-3e-05,-1e-05,5e-05,0.00013,0.0,-2e-05,6
60390,1e-05,-2e-05,-3e-05,-1e-05,5e-05,0.00013,0.0,-2e-05,6
60391,1e-05,-2e-05,-3e-05,-1e-05,5e-05,0.00013,0.0,-2e-05,6
60392,1e-05,-2e-05,-3e-05,-1e-05,5e-05,0.00013,0.0,-2e-05,6
60393,1e-05,-2e-05,-3e-05,-1e-05,5e-05,0.00013,0.0,-2e-05,6
60394,2e-05,3e-05,3e-05,8e-05,-9e-05,0.0004,0.0001,0.00011,6
60395,2e-05,3e-05,3e-05,8e-05,-9e-05,0.0004,0.0001,0.00011,6
60396,2e-05,3e-05,3e-05,8e-05,-9e-05,0.0004,0.0001,0.00011,6
60397,2e-05,3e-05,3e-05,8e-05,-9e-05,0.0004,0.0001,0.00011,6
60398,2e-05,3e-05,3e-05,8e-05,-9e-05,0.0004,0.0001,0.00011,6
60399,2e-05,3e-05,3e-05,8e-05,-9e-05,0.0004,0.0001,0.00011,6
60400,2e-05,3e-05,3e-05,8e-05,-9e-05,0.0004,0.0001,0.00011,6
60401,2e-05,3e-05,3e-05,8e-05,-9e-05,0.0004,0.0001,0.00011,6
60402,2e-05,3e-05,3e-05,8e-05,-9e-05,0.0004,0.0001,0.00011,6
60404,2e-05,3e-05,3e-05,8e-05,-9e-05,0.0004,0.0001,0.00011,6
60405,2e-05,3e-05,3e-05,8e-05,-9e-05,0.0004,0.0001,0.00011,6
60406,2e-05,3e-05,3e-05,8e-05,-9e-05,0.0004,0.0001,0.00011,6
60407,2e-05,3e-05,3e-05,8e-05,-9e-05,0.0004,0.0001,0.00011,6
60408,4e-05,9e-05,0.00011,0.00015,-6e-05,0.00015,6e-05,2e-05,6
60409,-4e-05,-0.0001,-8e-05,-0.00013,-0.00042,-0.00022,-4e-05,0.00012,6
60410,-4e-05,-0.0001,-8e-05,-0.00013,-0.00042,-0.00022,-4e-05,0.00012,6
60411,-4e-05,-0.0001,-8e-05,-0.00013,-0.00042,-0.00022,-4e-05,0.00012,6
60412,-4e-05,-0.0001,-8e-05,-0.00013,-0.00042,-0.00022,-4e-05,0.00012,6
60413,-4e-05,-0.0001,-8e-05,-0.00013,-0.00042,-0.00022,-4e-05,0.00012,6
60414,-4e-05,-0.0001,-8e-05,-0.00013,-0.00042,-0.00022,-4e-05,0.00012,6
60415,-4e-05,-0.0001,-8e-05,-0.00013,-0.00042,-0.00022,-4e-05,0.00012,6
60416,-4e-05,-0.0001,-8e-05,-0.00013,-0.00042,-0.00022,-4e-05,0.00012,6
60418,-4e-05,-0.0001,-8e-05,-0.00013,-0.00042,-0.00022,-4e-05,0.00012,6
60419,-4e-05,-0.0001,-8e-05,-0.00013,-0.00042,-0.00022,-4e-05,0.00012,6
60420,-4e-05,-0.0001,-8e-05,-0.00013,-0.00042,-0.00022,-4e-05,0.00012,6
60421,-4e-05,-0.0001,-8e-05,-0.00013,-0.00042,-0.00022,-4e-05,0.00012,6
60422,-4e-05,-0.0001,-8e-05,-0.00013,-0.00042,-0.00022,-4e-05,0.00012,6
60423,-4e-05,-0.0001,-8e-05,-0.00013,-0.00042,-0.00022,-4e-05,0.00012,6
60424,-4e-05,-0.0001,-8e-05,-0.00013,-0.00042,-0.00022,-4e-05,0.00012,6
60425,-4e-05,-0.0001,-8e-05,-0.00013,-0.00042,-0.00022,-4e-05,0.00012,6
60426,-4e-05,-0.0001,-8e-05,-0.00013,-0.00042,-0.00022,-4e-05,0.00012,6
60427,-4e-05,-0.0001,-8e-05,-0.00013,-0.00042,-0.00022,-4e-05,0.00012,6
60428,-4e-05,-0.0001,-8e-05,-0.00013,-0.00042,-0.00022,-4e-05,0.00012,6
60429,-4e-05,-0.0001,-8e-05,-0.00013,-0.00042,-0.00022,-4e-05,0.00012,6
60430,-2e-05,-2e-05,0.0,0.0,0.00016,0.00026,0.00018,4e-05,6
60431,-3e-05,0.0,-2e-05,-0.0001,-9e-05,-0.00035,-0.0001,-4e-05,6
60432,-3e-05,0.0,-2e-05,-0.0001,-9e-05,-0.00035,-0.0001,-4e-05,6
60433,-3e-05,0.0,-2e-05,-0.0001,-9e-05,-0.00035,-0.0001,-4e-05,6
60434,-3e-05,0.0,-2e-05,-0.0001,-9e-05,-0.00035,-0.0001,-4e-05,6
60435,-3e-05,0.0,-2e-05,-0.0001,-9e-05,-0.00035,-0.0001,-4e-05,6
60436,-3e-05,0.0,-2e-05,-0.0001,-9e-05,-0.00035,-0.0001,-4e-05,6
60438,-3e-05,0.0,-2e-05,-0.0001,-9e-05,-0.00035,-0.0001,-4e-05,6
60439,-3e-05,0.0,-2e-05,-0.0001,-9e-05,-0.00035,-0.0001,-4e-05,6
60440,-3e-05,0.0,-2e-05,-0.0001,-9e-05,-0.00035,-0.0001,-4e-05,6
60441,-3e-05,0.0,-2e-05,-0.0001,-9e-05,-0.00035,-0.0001,-4e-05,6
60442,-3e-05,0.0,-2e-05,-0.0001,-9e-05,-0.00035,-0.0001,-4e-05,6
60443,-3e-05,0.0,-2e-05,-0.0001,-9e-05,-0.00035,-0.0001,-4e-05,6
60444,-3e-05,0.0,-2e-05,-0.0001,-9e-05,-0.00035,-0.0001,-4e-05,6
60445,-3e-05,0.0,-2e-05,-0.0001,-9e-05,-0.00035,-0.0001,-4e-05,6
60446,-3e-05,0.0,-2e-05,-0.0001,-9e-05,-0.00035,-0.0001,-4e-05,6
60447,-3e-05,0.0,-2e-05,-0.0001,-9e-05,-0.00035,-0.0001,-4e-05,6
60448,-3e-05,0.0,-2e-05,-0.0001,-9e-05,-0.00035,-0.0001,-4e-05,6
60449,-3e-05,0.0,-2e-05,-0.0001,-9e-05,-0.00035,-0.0001,-4e-05,6
60450,-3e-05,0.0,-2e-05,-0.0001,-9e-05,-0.00035,-0.0001,-4e-05,6
60451,-3e-05,0.0,-2e-05,-0.0001,-9e-05,-0.00035,-0.0001,-4e-05,6
60452,-3e-05,0.0,-2e-05,-0.0001,-9e-05,-0.00035,-0.0001,-4e-05,6
60454,1e-05,2e-05,3e-05,3e-05,0.00014,-6e-05,-5e-05,-3e-05,6
60455,1e-05,2e-05,3e-05,3e-05,0.00014,-6e-05,-5e-05,-3e-05,6
60456,1e-05,2e-05,3e-05,3e-05,0.00014,-6e-05,-5e-05,-3e-05,6
60457,1e-05,2e-05,3e-05,3e-05,0.00014,-6e-05,-5e-05,-3e-05,6
60458,1e-05,2e-05,3e-05,3e-05,0.00014,-6e-05,-5e-05,-3e-05,6
60459,1e-05,2e-05,3e-05,3e-05,0.00014,-6e-05,-5e-05,-3e-05,6
60460,1e-05,2e-05,3e-05,3e-05,0.00014,-6e-05,-5e-05,-3e-05,6
60461,1e-05,2e-05,3e-05,3e-05,0.00014,-6e-05,-5e-05,-3e-05,6
60462,1e-05,2e-05,3e-05,3e-05,0.00014,-6e-05,-5e-05,-3e-05,6
60463,1e-05,2e-05,3e-05,3e-05,0.00014,-6e-05,-5e-05,-3e-05,6
60464,1e-05,2e-05,3e-05,3e-05,0.00014,-6e-05,-5e-05,-3e-05,6
60465,1e-05,2e-05,3e-05,3e-05,0.00014,-6e-05,-5e-05,-3e-05,6
60466,1e-05,2e-05,3e-05,3e-05,0.00014,-6e-05,-5e-05,-3e-05,6
60467,1e-05,2e-05,3e-05,3e-05,0.00014,-6e-05,-5e-05,-3e-05,6
60468,-1e-05,-1e-05,1e-05,0.0,-8e-05,4e-05,-4e-05,-6e-05,6
60469,-1e-05,-1e-05,1e-05,0.0,-8e-05,4e-05,-4e-05,-6e-05,6
60470,-1e-05,-1e-05,1e-05,0.0,-8e-05,4e-05,-4e-05,-6e-05,6
60471,-1e-05,-1e-05,1e-05,0.0,-8e-05,4e-05,-4e-05,-6e-05,6
60472,-1e-05,-1e-05,1e-05,0.0,-8e-05,4e-05,-4e-05,-6e-05,6
60473,-1e-05,-1e-05,1e-05,0.0,-8e-05,4e-05,-4e-05,-6e-05,6
60474,-1e-05,-1e-05,1e-05,0.0,-8e-05,4e-05,-4e-05,-6e-05,6
60475,0.0,-1e-05,-1e-05,0.0,-0.00012,-0.00038,6e-05,4e-05,6
60476,1e-05,2e-05,2e-05,8e-05,0.00016,0.00013,2e-05,3e-05,6
60477,1e-05,2e-05,2e-05,8e-05,0.00016,0.00013,2e-05,3e-05,6
60478,1e-05,2e-05,2e-05,8e-05,0.00016,0.00013,2e-05,3e-05,6
60479,1e-05,2e-05,2e-05,8e-05,0.00016,0.00013,2e-05,3e-05,6
60480,1e-05,2e-05,2e-05,8e-05,0.00016,0.00013,2e-05,3e-05,6
60481,1e-05,2e-05,2e-05,8e-05,0.00016,0.00013,2e-05,3e-05,6
60482,1e-05,2e-05,2e-05,8e-05,0.00016,0.00013,2e-05,3e-05,6
60483,1e-05,2e-05,2e-05,8e-05,0.00016,0.00013,2e-05,3e-05,6
60484,1e-05,2e-05,2e-05,8e-05,0.00016,0.00013,2e-05,3e-05,6
60485,1e-05,2e-05,2e-05,8e-05,0.00016,0.00013,2e-05,3e-05,6
60486,1e-05,2e-05,2e-05,8e-05,0.00016,0.00013,2e-05,3e-05,6
60488,1e-05,2e-05,2e-05,8e-05,0.00016,0.00013,2e-05,3e-05,6
60489,1e-05,2e-05,2e-05,8e-05,0.00016,0.00013,2e-05,3e-05,6
60490,-2e-05,-2e-05,-5e-05,-8e-05,-7e-05,-0.00027,-7e-05,3e-05,6
60491,-2e-05,-4e-05,-3e-05,-5e-05,-4e-05,-0.00023,-5e-05,-5e-05,6
60492,-2e-05,-4e-05,-3e-05,-5e-05,-4e-05,-0.00023,-5e-05,-5e-05,6
60493,-2e-05,-4e-05,-3e-05,-5e-05,-4e-05,-0.00023,-5e-05,-5e-05,6
60494,-2e-05,-4e-05,-3e-05,-5e-05,-4e-05,-0.00023,-5e-05,-5e-05,6
60495,-2e-05,-4e-05,-3e-05,-5e-05,-4e-05,-0.00023,-5e-05,-5e-05,6
60496,-2e-05,-4e-05,-3e-05,-5e-05,-4e-05,-0.00023,-5e-05,-5e-05,6
60497,-2e-05,-4e-05,-3e-05,-5e-05,-4e-05,-0.00023,-5e-05,-5e-05,6
60498,-2e-05,-4e-05,-3e-05,-5e-05,-4e-05,-0.00023,-5e-05,-5e-05,6
60499,-2e-05,-4e-05,-3e-05,-5e-05,-4e-05,-0.00023,-5e-05,-5e-05,6
60500,-2e-05,-4e-05,-3e-05,-5e-05,-4e-05,-0.00023,-5e-05,-5e-05,6
60501,-2e-05,-4e-05,-3e-05,-5e-05,-4e-05,-0.00023,-5e-05,-5e-05,6
60502,-2e-05,-4e-05,-3e-05,-5e-05,-4e-05,-0.00023,-5e-05,-5e-05,6
60504,-2e-05,-4e-05,-3e-05,-5e-05,-4e-05,-0.00023,-5e-05,-5e-05,6
60505,-2e-05,-4e-05,-3e-05,-5e-05,-4e-05,-0.00023,-5e-05,-5e-05,6
60506,-2e-05,-4e-05,-3e-05,-5e-05,-4e-05,-0.00023,-5e-05,-5e-05,6
60507,-2e-05,-4e-05,-3e-05,-5e-05,-4e-05,-0.00023,-5e-05,-5e-05,6
60508,-2e-05,-4e-05,-3e-05,-5e-05,-4e-05,-0.00023,-5e-05,-5e-05,6
60509,-2e-05,-4e-05,-3e-05,-5e-05,-4e-05,-0.00023,-5e-05,-5e-05,6
60510,-2e-05,-4e-05,-3e-05,-5e-05,-4e-05,-0.00023,-5e-05,-5e-05,6
60511,-2e-05,-4e-05,-3e-05,-5e-05,-4e-05,-0.00023,-5e-05,-5e-05,6
60512,-2e-05,-4e-05,-3e-05,-5e-05,-4e-05,-0.00023,-5e-05,-5e-05,6
60513,-2e-05,-4e-05,-3e-05,-5e-05,-4e-05,-0.00023,-5e-05,-5e-05,6
60514,-3e-05,-5e-05,-8e-05,-4e-05,-1e-05,-1e-05,0.0,-2e-05,6
60515,-3e-05,-5e-05,-8e-05,-4e-05,-1e-05,-1e-05,0.0,-2e-05,6
60516,-3e-05,-5e-05,-8e-05,-4e-05,-1e-05,-1e-05,0.0,-2e-05,6
60517,-3e-05,-5e-05,-8e-05,-4e-05,-1e-05,-1e-05,0.0,-2e-05,6
60518,-3e-05,-5e-05,-8e-05,-4e-05,-1e-05,-1e-05,0.0,-2e-05,6
60519,-3e-05,-5e-05,-8e-05,-4e-05,-1e-05,-1e-05,0.0,-2e-05,6
60520,-3e-05,-5e-05,-8e-05,-4e-05,-1e-05,-1e-05,0.0,-2e-05,6
60521,-3e-05,-5e-05,-8e-05,-4e-05,-1e-05,-1e-05,0.0,-2e-05,6
60522,-3e-05,-5e-05,-8e-05,-4e-05,-1e-05,-1e-05,0.0,-2e-05,6
60523,-3e-05,-5e-05,-8e-05,-4e-05,-1e-05,-1e-05,0.0,-2e-05,6
60524,-3e-05,-5e-05,-8e-05,-4e-05,-1e-05,-1e-05,0.0,-2e-05,6
60525,-3e-05,-5e-05,-8e-05,-4e-05,-1e-05,-1e-05,0.0,-2e-05,6
60526,-3e-05,-5e-05,-8e-05,-4e-05,-1e-05,-1e-05,0.0,-2e-05,6
60527,-3e-05,-5e-05,-8e-05,-4e-05,-1e-05,-1e-05,0.0,-2e-05,6
60528,1e-05,1e-05,2e-05,1e-05,-3e-05,0.0003,4e-05,0.0,6
60529,0.0,-1e-05,0.0,-1e-05,-4e-05,-0.00014,0.00011,3e-05,6
60530,0.0,-1e-05,0.0,-1e-05,-4e-05,-0.00014,0.00011,3e-05,6
60531,0.0,-1e-05,0.0,-1e-05,-4e-05,-0.00014,0.00011,3e-05,6
60532,0.0,-1e-05,0.0,-1e-05,-4e-05,-0.00014,0.00011,3e-05,6
60533,0.0,-1e-05,0.0,-1e-05,-4e-05,-0.00014,0.00011,3e-05,6
60534,0.0,-1e-05,0.0,-1e-05,-4e-05,-0.00014,0.00011,3e-05,6
60535,0.0,-1e-05,0.0,-1e-05,-4e-05,-0.00014,0.00011,3e-05,6
60536,0.0,-1e-05,0.0,-1e-05,-4e-05,-0.00014,0.00011,3e-05,6
60538,0.0,-1e-05,0.0,-1e-05,-4e-05,-0.00014,0.00011,3e-05,6
60539,0.0,-1e-05,0.0,-1e-05,-4e-05,-0.00014,0.00011,3e-05,6
60540,0.0,-1e-05,0.0,-1e-05,-4e-05,-0.00014,0.00011,3e-05,6
60541,0.0,-1e-05,0.0,-1e-05,-4e-05,-0.00014,0.00011,3e-05,6
60542,0.0,-1e-05,0.0,-1e-05,-4e-05,-0.00014,0.00011,3e-05,6
60543,0.0,-1e-05,0.0,-1e-05,-4e-05,-0.00014,0.00011,3e-05,6
60544,0.0,-1e-05,0.0,-1e-05,-4e-05,-0.00014,0.00011,3e-05,6
60545,0.0,-1e-05,0.0,-1e-05,-4e-05,-0.00014,0.00011,3e-05,6
60546,0.0,-1e-05,0.0,-1e-05,-4e-05,-0.00014,0.00011,3e-05,6
60547,0.0,-1e-05,0.0,-1e-05,-4e-05,-0.00014,0.00011,3e-05,6
60548,0.0,-1e-05,0.0,-1e-05,-4e-05,-0.00014,0.00011,3e-05,6
60549,0.0,-1e-05,0.0,-1e-05,-4e-05,-0.00014,0.00011,3e-05,6
60550,-1e-05,-3e-05,-2e-05,0.0,4e-05,0.00015,0.0,-5e-05,6
60551,2e-05,2e-05,1e-05,9e-05,0.00022,0.00025,4e-05,5e-05,6
60552,2e-05,2e-05,1e-05,9e-05,0.00022,0.00025,4e-05,5e-05,6
60554,2e-05,2e-05,1e-05,9e-05,0.00022,0.00025,4e-05,5e-05,6
60555,2e-05,2e-05,1e-05,9e-05,0.00022,0.00025,4e-05,5e-05,6
60556,2e-05,2e-05,1e-05,9e-05,0.00022,0.00025,4e-05,5e-05,6
60557,2e-05,2e-05,1e-05,9e-05,0.00022,0.00025,4e-05,5e-05,6
60558,2e-05,2e-05,1e-05,9e-05,0.00022,0.00025,4e-05,5e-05,6
60559,2e-05,2e-05,1e-05,9e-05,0.00022,0.00025,4e-05,5e-05,6
60560,2e-05,2e-05,1e-05,9e-05,0.00022,0.00025,4e-05,5e-05,6
60561,2e-05,2e-05,1e-05,9e-05,0.00022,0.00025,4e-05,5e-05,6
60562,2e-05,2e-05,1e-05,9e-05,0.00022,0.00025,4e-05,5e-05,6
60563,2e-05,2e-05,1e-05,9e-05,0.00022,0.00025,4e-05,5e-05,6
60564,2e-05,2e-05,1e-05,9e-05,0.00022,0.00025,4e-05,5e-05,6
60565,2e-05,2e-05,1e-05,9e-05,0.00022,0.00025,4e-05,5e-05,6
60566,2e-05,2e-05,1e-05,9e-05,0.00022,0.00025,4e-05,5e-05,6
60567,2e-05,2e-05,1e-05,9e-05,0.00022,0.00025,4e-05,5e-05,6
60568,2e-05,2e-05,1e-05,9e-05,0.00022,0.00025,4e-05,5e-05,6
60569,2e-05,2e-05,1e-05,9e-05,0.00022,0.00025,4e-05,5e-05,6
60570,2e-05,2e-05,1e-05,9e-05,0.00022,0.00025,4e-05,5e-05,6
60571,2e-05,2e-05,1e-05,9e-05,0.00022,0.00025,4e-05,5e-05,6
60572,2e-05,2e-05,1e-05,9e-05,0.00022,0.00025,4e-05,5e-05,6
60573,2e-05,2e-05,1e-05,9e-05,0.00022,0.00025,4e-05,5e-05,6
60574,0.0,-2e-05,-3e-05,-3e-05,0.00015,0.0,-9e-05,4e-05,6
60575,0.0,-2e-05,-3e-05,-3e-05,0.00015,0.0,-9e-05,4e-05,6
60576,0.0,-2e-05,-3e-05,-3e-05,0.00015,0.0,-9e-05,4e-05,6
60577,0.0,-2e-05,-3e-05,-3e-05,0.00015,0.0,-9e-05,4e-05,6
60578,0.0,-2e-05,-3e-05,-3e-05,0.00015,0.0,-9e-05,4e-05,6
60579,0.0,-2e-05,-3e-05,-3e-05,0.00015,0.0,-9e-05,4e-05,6
60580,0.0,-2e-05,-3e-05,-3e-05,0.00015,0.0,-9e-05,4e-05,6
60581,0.0,-2e-05,-3e-05,-3e-05,0.00015,0.0,-9e-05,4e-05,6
60582,0.0,-2e-05,-3e-05,-3e-05,0.00015,0.0,-9e-05,4e-05,6
60583,0.0,-2e-05,-3e-05,-3e-05,0.00015,0.0,-9e-05,4e-05,6
60584,0.0,-2e-05,-3e-05,-3e-05,0.00015,0.0,-9e-05,4e-05,6
60585,0.0,-2e-05,-3e-05,-3e-05,0.00015,0.0,-9e-05,4e-05,6
60586,0.0,-2e-05,-3e-05,-3e-05,0.00015,0.0,-9e-05,4e-05,6
60589,0.0,1e-05,0.0,4e-05,-7e-05,0.00015,1e-05,9e-05,6
60590,0.0,1e-05,0.0,4e-05,-7e-05,0.00015,1e-05,9e-05,6
60591,0.0,1e-05,0.0,4e-05,-7e-05,0.00015,1e-05,9e-05,6
60592,0.0,1e-05,0.0,4e-05,-7e-05,0.00015,1e-05,9e-05,6
60593,0.0,1e-05,0.0,4e-05,-7e-05,0.00015,1e-05,9e-05,6
60594,0.0,1e-05,0.0,4e-05,-7e-05,0.00015,1e-05,9e-05,6
60595,0.0,1e-05,0.0,4e-05,-7e-05,0.00015,1e-05,9e-05,6
60596,0.0,1e-05,0.0,4e-05,-7e-05,0.00015,1e-05,9e-05,6
60597,0.0,1e-05,0.0,4e-05,-7e-05,0.00015,1e-05,9e-05,6
60598,0.0,1e-05,0.0,4e-05,-7e-05,0.00015,1e-05,9e-05,6
60599,0.0,1e-05,0.0,4e-05,-7e-05,0.00015,1e-05,9e-05,6
60600,0.0,1e-05,0.0,4e-05,-7e-05,0.00015,1e-05,9e-05,6
60601,0.0,1e-05,0.0,4e-05,-7e-05,0.00015,1e-05,9e-05,6
60602,0.0,1e-05,0.0,4e-05,-7e-05,0.00015,1e-05,9e-05,6
60603,0.0,1e-05,0.0,4e-05,-7e-05,0.00015,1e-05,9e-05,6
60604,0.0,1e-05,0.0,4e-05,-7e-05,0.00015,1e-05,9e-05,6
60605,0.0,1e-05,0.0,4e-05,-7e-05,0.00015,1e-05,9e-05,6
60606,0.0,1e-05,0.0,4e-05,-7e-05,0.00015,1e-05,9e-05,6
60607,0.0,1e-05,0.0,4e-05,-7e-05,0.00015,1e-05,9e-05,6
60608,0.0,1e-05,0.0,4e-05,-7e-05,0.00015,1e-05,9e-05,6
60609,0.0,1e-05,0.0,4e-05,-7e-05,0.00015,1e-05,9e-05,6
60610,0.0,1e-05,0.0,4e-05,-7e-05,0.00015,1e-05,9e-05,6
60611,-2e-05,-5e-05,-8e-05,0.0,8e-05,0.00021,0.0,6e-05,6
60612,-2e-05,0.0,0.0,1e-05,-5e-05,-7e-05,-1e-05,-6e-05,6
60613,-2e-05,0.0,0.0,1e-05,-5e-05,-7e-05,-1e-05,-6e-05,6
60614,-2e-05,0.0,0.0,1e-05,-5e-05,-7e-05,-1e-05,-6e-05,6
60615,-2e-05,0.0,0.0,1e-05,-5e-05,-7e-05,-1e-05,-6e-05,6
60616,-2e-05,0.0,0.0,1e-05,-5e-05,-7e-05,-1e-05,-6e-05,6
60617,-2e-05,0.0,0.0,1e-05,-5e-05,-7e-05,-1e-05,-6e-05,6
60618,-2e-05,0.0,0.0,1e-05,-5e-05,-7e-05,-1e-05,-6e-05,6
60619,-2e-05,0.0,0.0,1e-05,-5e-05,-7e-05,-1e-05,-6e-05,6
60620,-2e-05,0.0,0.0,1e-05,-5e-05,-7e-05,-1e-05,-6e-05,6
60621,-2e-05,0.0,0.0,1e-05,-5e-05,-7e-05,-1e-05,-6e-05,6
60622,-2e-05,0.0,0.0,1e-05,-5e-05,-7e-05,-1e-05,-6e-05,6
60623,-2e-05,0.0,0.0,1e-05,-5e-05,-7e-05,-1e-05,-6e-05,6
60624,-2e-05,0.0,0.0,1e-05,-5e-05,-7e-05,-1e-05,-6e-05,6
60625,-2e-05,0.0,0.0,1e-05,-5e-05,-7e-05,-1e-05,-6e-05,6
60626,-2e-05,0.0,0.0,1e-05,-5e-05,-7e-05,-1e-05,-6e-05,6
60627,-2e-05,0.0,0.0,1e-05,-5e-05,-7e-05,-1e-05,-6e-05,6
60628,-2e-05,0.0,0.0,1e-05,-5e-05,-7e-05,-1e-05,-6e-05,6
60629,-2e-05,0.0,0.0,1e-05,-5e-05,-7e-05,-1e-05,-6e-05,6
60630,-2e-05,0.0,0.0,1e-05,-5e-05,-7e-05,-1e-05,-6e-05,6
60631,-2e-05,0.0,0.0,1e-05,-5e-05,-7e-05,-1e-05,-6e-05,6
60632,-2e-05,0.0,0.0,1e-05,-5e-05,-7e-05,-1e-05,-6e-05,6
60633,-2e-05,0.0,0.0,1e-05,-5e-05,-7e-05,-1e-05,-6e-05,6
60634,0.0,3e-05,5e-05,1e-05,2e-05,6e-05,-2e-05,-2e-05,6
60635,0.0,3e-05,5e-05,1e-05,2e-05,6e-05,-2e-05,-2e-05,6
60636,0.0,3e-05,5e-05,1e-05,2e-05,6e-05,-2e-05,-2e-05,6
60638,0.0,3e-05,5e-05,1e-05,2e-05,6e-05,-2e-05,-2e-05,6
60639,0.0,3e-05,5e-05,1e-05,2e-05,6e-05,-2e-05,-2e-05,6
60640,0.0,3e-05,5e-05,1e-05,2e-05,6e-05,-2e-05,-2e-05,6
60641,0.0,3e-05,5e-05,1e-05,2e-05,6e-05,-2e-05,-2e-05,6
60642,0.0,3e-05,5e-05,1e-05,2e-05,6e-05,-2e-05,-2e-05,6
60643,0.0,3e-05,5e-05,1e-05,2e-05,6e-05,-2e-05,-2e-05,6
60644,0.0,3e-05,5e-05,1e-05,2e-05,6e-05,-2e-05,-2e-05,6
60645,0.0,3e-05,5e-05,1e-05,2e-05,6e-05,-2e-05,-2e-05,6
60646,0.0,3e-05,5e-05,1e-05,2e-05,6e-05,-2e-05,-2e-05,6
60647,0.0,3e-05,5e-05,1e-05,2e-05,6e-05,-2e-05,-2e-05,6
60648,-2e-05,-6e-05,-5e-05,-3e-05,0.00023,-5e-05,2e-05,-1e-05,6
60649,-2e-05,-4e-05,-5e-05,-0.00011,-0.00021,-0.00038,-0.0001,-8e-05,6
60650,-2e-05,-4e-05,-5e-05,-0.00011,-0.00021,-0.00038,-0.0001,-8e-05,6
60651,-2e-05,-4e-05,-5e-05,-0.00011,-0.00021,-0.00038,-0.0001,-8e-05,6
60652,-2e-05,-4e-05,-5e-05,-0.00011,-0.00021,-0.00038,-0.0001,-8e-05,6
60654,-2e-05,-4e-05,-5e-05,-0.00011,-0.00021,-0.00038,-0.0001,-8e-05,6
60655,-2e-05,-4e-05,-5e-05,-0.00011,-0.00021,-0.00038,-0.0001,-8e-05,6
60656,-2e-05,-4e-05,-5e-05,-0.00011,-0.00021,-0.00038,-0.0001,-8e-05,6
60657,-2e-05,-4e-05,-5e-05,-0.00011,-0.00021,-0.00038,-0.0001,-8e-05,6
60658,-2e-05,-4e-05,-5e-05,-0.00011,-0.00021,-0.00038,-0.0001,-8e-05,6
60659,-2e-05,-4e-05,-5e-05,-0.00011,-0.00021,-0.00038,-0.0001,-8e-05,6
60660,-2e-05,-4e-05,-5e-05,-0.00011,-0.00021,-0.00038,-0.0001,-8e-05,6
60661,-2e-05,-4e-05,-5e-05,-0.00011,-0.00021,-0.00038,-0.0001,-8e-05,6
60662,-2e-05,-4e-05,-5e-05,-0.00011,-0.00021,-0.00038,-0.0001,-8e-05,6
60663,-2e-05,-4e-05,-5e-05,-0.00011,-0.00021,-0.00038,-0.0001,-8e-05,6
60664,-2e-05,-4e-05,-5e-05,-0.00011,-0.00021,-0.00038,-0.0001,-8e-05,6
60665,-2e-05,-4e-05,-5e-05,-0.00011,-0.00021,-0.00038,-0.0001,-8e-05,6
60666,-2e-05,-4e-05,-5e-05,-0.00011,-0.00021,-0.00038,-0.0001,-8e-05,6
60667,-2e-05,-4e-05,-5e-05,-0.00011,-0.00021,-0.00038,-0.0001,-8e-05,6
60668,-2e-05,-4e-05,-5e-05,-0.00011,-0.00021,-0.00038,-0.0001,-8e-05,6
60669,-2e-05,-4e-05,-5e-05,-0.00011,-0.00021,-0.00038,-0.0001,-8e-05,6
60670,1e-05,1e-05,6e-05,3e-05,-2e-05,0.00033,2e-05,1e-05,6
60671,1e-05,-2e-05,-4e-05,-4e-05,-3e-05,4e-05,0.0,6e-05,6
60672,1e-05,-2e-05,-4e-05,-4e-05,-3e-05,4e-05,0.0,6e-05,6
60673,1e-05,-2e-05,-4e-05,-4e-05,-3e-05,4e-05,0.0,6e-05,6
60674,1e-05,-2e-05,-4e-05,-4e-05,-3e-05,4e-05,0.0,6e-05,6
60675,1e-05,-2e-05,-4e-05,-4e-05,-3e-05,4e-05,0.0,6e-05,6
60676,1e-05,-2e-05,-4e-05,-4e-05,-3e-05,4e-05,0.0,6e-05,6
60677,1e-05,-2e-05,-4e-05,-4e-05,-3e-05,4e-05,0.0,6e-05,6
60678,1e-05,-2e-05,-4e-05,-4e-05,-3e-05,4e-05,0.0,6e-05,6
60679,1e-05,-2e-05,-4e-05,-4e-05,-3e-05,4e-05,0.0,6e-05,6
60680,1e-05,-2e-05,-4e-05,-4e-05,-3e-05,4e-05,0.0,6e-05,6
60681,1e-05,-2e-05,-4e-05,-4e-05,-3e-05,4e-05,0.0,6e-05,6
60682,1e-05,-2e-05,-4e-05,-4e-05,-3e-05,4e-05,0.0,6e-05,6
60683,1e-05,-2e-05,-4e-05,-4e-05,-3e-05,4e-05,0.0,6e-05,6
60684,1e-05,-2e-05,-4e-05,-4e-05,-3e-05,4e-05,0.0,6e-05,6
60685,1e-05,-2e-05,-4e-05,-4e-05,-3e-05,4e-05,0.0,6e-05,6
60686,1e-05,-2e-05,-4e-05,-4e-05,-3e-05,4e-05,0.0,6e-05,6
60688,1e-05,-2e-05,-4e-05,-4e-05,-3e-05,4e-05,0.0,6e-05,6
60689,1e-05,-2e-05,-4e-05,-4e-05,-3e-05,4e-05,0.0,6e-05,6
60690,1e-05,-2e-05,-4e-05,-4e-05,-3e-05,4e-05,0.0,6e-05,6
60691,1e-05,-2e-05,-4e-05,-4e-05,-3e-05,4e-05,0.0,6e-05,6
60692,1e-05,-2e-05,-4e-05,-4e-05,-3e-05,4e-05,0.0,6e-05,6
60693,1e-05,-3e-05,-1e-05,5e-05,-0.00018,-0.00029,3e-05,9e-05,6
60694,-1e-05,-2e-05,-1e-05,8e-05,5e-05,3e-05,0.0,-7e-05,6
60695,-1e-05,-2e-05,-1e-05,8e-05,5e-05,3e-05,0.0,-7e-05,6
60696,-1e-05,-2e-05,-1e-05,8e-05,5e-05,3e-05,0.0,-7e-05,6
60697,-1e-05,-2e-05,-1e-05,8e-05,5e-05,3e-05,0.0,-7e-05,6
60698,-1e-05,-2e-05,-1e-05,8e-05,5e-05,3e-05,0.0,-7e-05,6
60699,-1e-05,-2e-05,-1e-05,8e-05,5e-05,3e-05,0.0,-7e-05,6
60700,-1e-05,-2e-05,-1e-05,8e-05,5e-05,3e-05,0.0,-7e-05,6
60701,-1e-05,-2e-05,-1e-05,8e-05,5e-05,3e-05,0.0,-7e-05,6
60702,-1e-05,-2e-05,-1e-05,8e-05,5e-05,3e-05,0.0,-7e-05,6
60704,-1e-05,-2e-05,-1e-05,8e-05,5e-05,3e-05,0.0,-7e-05,6
60705,-1e-05,-2e-05,-1e-05,8e-05,5e-05,3e-05,0.0,-7e-05,6
60706,-1e-05,-2e-05,-1e-05,8e-05,5e-05,3e-05,0.0,-7e-05,6
60707,-1e-05,-2e-05,-1e-05,8e-05,5e-05,3e-05,0.0,-7e-05,6
60708,-3e-05,0.0,3e-05,4e-05,0.0001,3e-05,0.0,-0.0002,6
60709,-3e-05,-2e-05,-4e-05,-6e-05,-0.0001,0.00016,3e-05,-3e-05,6
60710,-3e-05,-2e-05,-4e-05,-6e-05,-0.0001,0.00016,3e-05,-3e-05,6
60711,-3e-05,-2e-05,-4e-05,-6e-05,-0.0001,0.00016,3e-05,-3e-05,6
60712,-3e-05,-2e-05,-4e-05,-6e-05,-0.0001,0.00016,3e-05,-3e-05,6
60713,-3e-05,-2e-05,-4e-05,-6e-05,-0.0001,0.00016,3e-05,-3e-05,6
60714,-3e-05,-2e-05,-4e-05,-6e-05,-0.0001,0.00016,3e-05,-3e-05,6
60715,-3e-05,-2e-05,-4e-05,-6e-05,-0.0001,0.00016,3e-05,-3e-05,6
60716,-3e-05,-2e-05,-4e-05,-6e-05,-0.0001,0.00016,3e-05,-3e-05,6
60717,-3e-05,-2e-05,-4e-05,-6e-05,-0.0001,0.00016,3e-05,-3e-05,6
60718,-3e-05,-2e-05,-4e-05,-6e-05,-0.0001,0.00016,3e-05,-3e-05,6
60719,-3e-05,-2e-05,-4e-05,-6e-05,-0.0001,0.00016,3e-05,-3e-05,6
60720,-3e-05,-2e-05,-4e-05,-6e-05,-0.0001,0.00016,3e-05,-3e-05,6
60721,-3e-05,-2e-05,-4e-05,-6e-05,-0.0001,0.00016,3e-05,-3e-05,6
60722,-3e-05,-2e-05,-4e-05,-6e-05,-0.0001,0.00016,3e-05,-3e-05,6
60723,-3e-05,-2e-05,-4e-05,-6e-05,-0.0001,0.00016,3e-05,-3e-05,6
60724,-3e-05,-2e-05,-4e-05,-6e-05,-0.0001,0.00016,3e-05,-3e-05,6
60725,-3e-05,-2e-05,-4e-05,-6e-05,-0.0001,0.00016,3e-05,-3e-05,6
60726,-3e-05,-2e-05,-4e-05,-6e-05,-0.0001,0.00016,3e-05,-3e-05,6
60727,-3e-05,-2e-05,-4e-05,-6e-05,-0.0001,0.00016,3e-05,-3e-05,6
60728,-3e-05,-2e-05,-4e-05,-6e-05,-0.0001,0.00016,3e-05,-3e-05,6
60729,-3e-05,-2e-05,-4e-05,-6e-05,-0.0001,0.00016,3e-05,-3e-05,6
60730,0.0,0.0,1e-05,8e-05,0.00029,4e-05,-1e-05,9e-05,6
60731,-2e-05,0.0,0.0,-3e-05,0.00016,-7e-05,-2e-05,-3e-05,6
60733,-2e-05,0.0,0.0,-3e-05,0.00016,-7e-05,-2e-05,-3e-05,6
60734,-2e-05,0.0,0.0,-3e-05,0.00016,-7e-05,-2e-05,-3e-05,6
60735,-2e-05,0.0,0.0,-3e-05,0.00016,-7e-05,-2e-05,-3e-05,6
60736,-2e-05,0.0,0.0,-3e-05,0.00016,-7e-05,-2e-05,-3e-05,6
60738,-2e-05,0.0,0.0,-3e-05,0.00016,-7e-05,-2e-05,-3e-05,6
60740,-2e-05,0.0,0.0,-3e-05,0.00016,-7e-05,-2e-05,-3e-05,6
60741,-2e-05,0.0,0.0,-3e-05,0.00016,-7e-05,-2e-05,-3e-05,6
60742,-2e-05,0.0,0.0,-3e-05,0.00016,-7e-05,-2e-05,-3e-05,6
60743,-2e-05,0.0,0.0,-3e-05,0.00016,-7e-05,-2e-05,-3e-05,6
60744,-2e-05,0.0,0.0,-3e-05,0.00016,-7e-05,-2e-05,-3e-05,6
60745,-2e-05,0.0,0.0,-3e-05,0.00016,-7e-05,-2e-05,-3e-05,6
60746,-2e-05,0.0,0.0,-3e-05,0.00016,-7e-05,-2e-05,-3e-05,6
60747,-2e-05,0.0,0.0,-3e-05,0.00016,-7e-05,-2e-05,-3e-05,6
60748,-2e-05,0.0,0.0,-3e-05,0.00016,-7e-05,-2e-05,-3e-05,6
60749,-2e-05,0.0,0.0,-3e-05,0.00016,-7e-05,-2e-05,-3e-05,6
60750,-2e-05,0.0,0.0,-3e-05,0.00016,-7e-05,-2e-05,-3e-05,6
60751,-2e-05,0.0,0.0,-3e-05,0.00016,-7e-05,-2e-05,-3e-05,6
60752,-2e-05,0.0,0.0,-3e-05,0.00016,-7e-05,-2e-05,-3e-05,6
60754,1e-05,-1e-05,1e-05,2e-05,-0.00016,-4e-05,-3e-05,-3e-05,6
60755,-1e-05,0.0,1e-05,0.0,-2e-05,-2e-05,-4e-05,-5e-05,6
60756,-1e-05,0.0,1e-05,0.0,-2e-05,-2e-05,-4e-05,-5e-05,6
60757,-1e-05,0.0,1e-05,0.0,-2e-05,-2e-05,-4e-05,-5e-05,6
60758,-1e-05,0.0,1e-05,0.0,-2e-05,-2e-05,-4e-05,-5e-05,6
60759,-1e-05,0.0,1e-05,0.0,-2e-05,-2e-05,-4e-05,-5e-05,6
60760,-1e-05,0.0,1e-05,0.0,-2e-05,-2e-05,-4e-05,-5e-05,6
60761,-1e-05,0.0,1e-05,0.0,-2e-05,-2e-05,-4e-05,-5e-05,6
60762,-1e-05,0.0,1e-05,0.0,-2e-05,-2e-05,-4e-05,-5e-05,6
60763,-1e-05,0.0,1e-05,0.0,-2e-05,-2e-05,-4e-05,-5e-05,6
60764,-1e-05,0.0,1e-05,0.0,-2e-05,-2e-05,-4e-05,-5e-05,6
60765,-1e-05,0.0,1e-05,0.0,-2e-05,-2e-05,-4e-05,-5e-05,6
60766,-1e-05,0.0,1e-05,0.0,-2e-05,-2e-05,-4e-05,-5e-05,6
60767,-1e-05,0.0,1e-05,0.0,-2e-05,-2e-05,-4e-05,-5e-05,6
60768,0.0,-1e-05,-3e-05,1e-05,0.00032,0.00017,3e-05,4e-05,6
60769,0.0,3e-05,5e-05,7e-05,-4e-05,-0.0002,-3e-05,1e-05,6
60770,0.0,3e-05,5e-05,7e-05,-4e-05,-0.0002,-3e-05,1e-05,6
60771,0.0,3e-05,5e-05,7e-05,-4e-05,-0.0002,-3e-05,1e-05,6
60772,0.0,3e-05,5e-05,7e-05,-4e-05,-0.0002,-3e-05,1e-05,6
60773,0.0,3e-05,5e-05,7e-05,-4e-05,-0.0002,-3e-05,1e-05,6
60774,0.0,3e-05,5e-05,7e-05,-4e-05,-0.0002,-3e-05,1e-05,6
60775,0.0,3e-05,5e-05,7e-05,-4e-05,-0.0002,-3e-05,1e-05,6
60776,0.0,3e-05,5e-05,7e-05,-4e-05,-0.0002,-3e-05,1e-05,6
60777,0.0,3e-05,5e-05,7e-05,-4e-05,-0.0002,-3e-05,1e-05,6
60778,0.0,3e-05,5e-05,7e-05,-4e-05,-0.0002,-3e-05,1e-05,6
60779,0.0,3e-05,5e-05,7e-05,-4e-05,-0.0002,-3e-05,1e-05,6
60780,0.0,3e-05,5e-05,7e-05,-4e-05,-0.0002,-3e-05,1e-05,6
60781,0.0,3e-05,5e-05,7e-05,-4e-05,-0.0002,-3e-05,1e-05,6
60782,0.0,3e-05,5e-05,7e-05,-4e-05,-0.0002,-3e-05,1e-05,6
60783,0.0,3e-05,5e-05,7e-05,-4e-05,-0.0002,-3e-05,1e-05,6
60784,0.0,3e-05,5e-05,7e-05,-4e-05,-0.0002,-3e-05,1e-05,6
60785,0.0,3e-05,5e-05,7e-05,-4e-05,-0.0002,-3e-05,1e-05,6
60786,0.0,3e-05,5e-05,7e-05,-4e-05,-0.0002,-3e-05,1e-05,6
60788,0.0,3e-05,5e-05,7e-05,-4e-05,-0.0002,-3e-05,1e-05,6
60789,0.0,3e-05,5e-05,7e-05,-4e-05,-0.0002,-3e-05,1e-05,6
60790,-1e-05,2e-05,2e-05,7e-05,5e-05,0.0001,0.0,0.0,6
60791,-3e-05,-6e-05,-8e-05,-9e-05,9e-05,0.00034,0.0,-3e-05,6
60792,-3e-05,-6e-05,-8e-05,-9e-05,9e-05,0.00034,0.0,-3e-05,6
60793,-3e-05,-6e-05,-8e-05,-9e-05,9e-05,0.00034,0.0,-3e-05,6
60794,-3e-05,-6e-05,-8e-05,-9e-05,9e-05,0.00034,0.0,-3e-05,6
60795,-3e-05,-6e-05,-8e-05,-9e-05,9e-05,0.00034,0.0,-3e-05,6
60796,-3e-05,-6e-05,-8e-05,-9e-05,9e-05,0.00034,0.0,-3e-05,6
60797,-3e-05,-6e-05,-8e-05,-9e-05,9e-05,0.00034,0.0,-3e-05,6
60798,-3e-05,-6e-05,-8e-05,-9e-05,9e-05,0.00034,0.0,-3e-05,6
60799,-3e-05,-6e-05,-8e-05,-9e-05,9e-05,0.00034,0.0,-3e-05,6
60800,-3e-05,-6e-05,-8e-05,-9e-05,9e-05,0.00034,0.0,-3e-05,6
60801,-3e-05,-6e-05,-8e-05,-9e-05,9e-05,0.00034,0.0,-3e-05,6
60802,-3e-05,-6e-05,-8e-05,-9e-05,9e-05,0.00034,0.0,-3e-05,6
60804,-3e-05,-6e-05,-8e-05,-9e-05,9e-05,0.00034,0.0,-3e-05,6
60805,-3e-05,-6e-05,-8e-05,-9e-05,9e-05,0.00034,0.0,-3e-05,6
60806,-3e-05,-6e-05,-8e-05,-9e-05,9e-05,0.00034,0.0,-3e-05,6
60807,-3e-05,-6e-05,-8e-05,-9e-05,9e-05,0.00034,0.0,-3e-05,6
60808,-3e-05,-6e-05,-8e-05,-9e-05,9e-05,0.00034,0.0,-3e-05,6
60809,-3e-05,-6e-05,-8e-05,-9e-05,9e-05,0.00034,0.0,-3e-05,6
60810,-3e-05,-6e-05,-8e-05,-9e-05,9e-05,0.00034,0.0,-3e-05,6
60811,-3e-05,-6e-05,-8e-05,-9e-05,9e-05,0.00034,0.0,-3e-05,6
60812,-3e-05,-6e-05,-8e-05,-9e-05,9e-05,0.00034,0.0,-3e-05,6
60813,-3e-05,-6e-05,-8e-05,-9e-05,9e-05,0.00034,0.0,-3e-05,6
60814,3e-05,0.0,2e-05,-3e-05,-0.00017,-5e-05,-2e-05,0.0,6
60815,3e-05,0.0,2e-05,-3e-05,-0.00017,-5e-05,-2e-05,0.0,6
60816,3e-05,0.0,2e-05,-3e-05,-0.00017,-5e-05,-2e-05,0.0,6
60817,3e-05,0.0,2e-05,-3e-05,-0.00017,-5e-05,-2e-05,0.0,6
60818,3e-05,0.0,2e-05,-3e-05,-0.00017,-5e-05,-2e-05,0.0,6
60819,3e-05,0.0,2e-05,-3e-05,-0.00017,-5e-05,-2e-05,0.0,6
60820,3e-05,0.0,2e-05,-3e-05,-0.00017,-5e-05,-2e-05,0.0,6
60821,3e-05,0.0,2e-05,-3e-05,-0.00017,-5e-05,-2e-05,0.0,6
60822,3e-05,0.0,2e-05,-3e-05,-0.00017,-5e-05,-2e-05,0.0,6
60823,3e-05,0.0,2e-05,-3e-05,-0.00017,-5e-05,-2e-05,0.0,6
60824,3e-05,0.0,2e-05,-3e-05,-0.00017,-5e-05,-2e-05,0.0,6
60825,3e-05,0.0,2e-05,-3e-05,-0.00017,-5e-05,-2e-05,0.0,6
60826,3e-05,0.0,2e-05,-3e-05,-0.00017,-5e-05,-2e-05,0.0,6
60827,3e-05,0.0,2e-05,-3e-05,-0.00017,-5e-05,-2e-05,0.0,6
60828,-1e-05,-3e-05,-4e-05,-1e-05,6e-05,-3e-05,1e-05,1e-05,6
60829,-2e-05,-4e-05,-5e-05,-4e-05,-2e-05,-3e-05,3e-05,-2e-05,6
60830,-2e-05,-4e-05,-5e-05,-4e-05,-2e-05,-3e-05,3e-05,-2e-05,6
60831,-2e-05,-4e-05,-5e-05,-4e-05,-2e-05,-3e-05,3e-05,-2e-05,6
60832,-2e-05,-4e-05,-5e-05,-4e-05,-2e-05,-3e-05,3e-05,-2e-05,6
60833,-2e-05,-4e-05,-5e-05,-4e-05,-2e-05,-3e-05,3e-05,-2e-05,6
60834,-2e-05,-4e-05,-5e-05,-4e-05,-2e-05,-3e-05,3e-05,-2e-05,6
60835,-2e-05,-4e-05,-5e-05,-4e-05,-2e-05,-3e-05,3e-05,-2e-05,6
60836,-2e-05,-4e-05,-5e-05,-4e-05,-2e-05,-3e-05,3e-05,-2e-05,6
60838,-2e-05,-4e-05,-5e-05,-4e-05,-2e-05,-3e-05,3e-05,-2e-05,6
60839,-2e-05,-4e-05,-5e-05,-4e-05,-2e-05,-3e-05,3e-05,-2e-05,6
60840,-2e-05,-4e-05,-5e-05,-4e-05,-2e-05,-3e-05,3e-05,-2e-05,6
60841,-2e-05,-4e-05,-5e-05,-4e-05,-2e-05,-3e-05,3e-05,-2e-05,6
60842,-2e-05,-4e-05,-5e-05,-4e-05,-2e-05,-3e-05,3e-05,-2e-05,6
60843,-2e-05,-4e-05,-5e-05,-4e-05,-2e-05,-3e-05,3e-05,-2e-05,6
60844,-2e-05,-4e-05,-5e-05,-4e-05,-2e-05,-3e-05,3e-05,-2e-05,6
60845,-2e-05,-4e-05,-5e-05,-4e-05,-2e-05,-3e-05,3e-05,-2e-05,6
60846,-2e-05,-4e-05,-5e-05,-4e-05,-2e-05,-3e-05,3e-05,-2e-05,6
60847,-2e-05,-4e-05,-5e-05,-4e-05,-2e-05,-3e-05,3e-05,-2e-05,6
60848,-2e-05,-4e-05,-5e-05,-4e-05,-2e-05,-3e-05,3e-05,-2e-05,6
60849,-2e-05,-4e-05,-5e-05,-4e-05,-2e-05,-3e-05,3e-05,-2e-05,6
60850,-2e-05,-4e-05,-5e-05,-4e-05,-2e-05,-3e-05,3e-05,-2e-05,6
60851,-2e-05,-4e-05,-5e-05,-4e-05,-2e-05,-3e-05,3e-05,-2e-05,6
60852,-1e-05,5e-05,2e-05,-1e-05,-0.00024,0.0,0.0,-3e-05,6
60854,1e-05,2e-05,-1e-05,5e-05,0.00014,9e-05,3e-05,0.0,6
60855,1e-05,2e-05,-1e-05,5e-05,0.00014,9e-05,3e-05,0.0,6
60856,1e-05,2e-05,-1e-05,5e-05,0.00014,9e-05,3e-05,0.0,6
60857,1e-05,2e-05,-1e-05,5e-05,0.00014,9e-05,3e-05,0.0,6
60858,1e-05,2e-05,-1e-05,5e-05,0.00014,9e-05,3e-05,0.0,6
60859,1e-05,2e-05,-1e-05,5e-05,0.00014,9e-05,3e-05,0.0,6
60860,1e-05,2e-05,-1e-05,5e-05,0.00014,9e-05,3e-05,0.0,6
60861,1e-05,2e-05,-1e-05,5e-05,0.00014,9e-05,3e-05,0.0,6
60862,1e-05,2e-05,-1e-05,5e-05,0.00014,9e-05,3e-05,0.0,6
60863,1e-05,2e-05,-1e-05,5e-05,0.00014,9e-05,3e-05,0.0,6
60864,1e-05,2e-05,-1e-05,5e-05,0.00014,9e-05,3e-05,0.0,6
60865,1e-05,2e-05,-1e-05,5e-05,0.00014,9e-05,3e-05,0.0,6
60866,1e-05,2e-05,-1e-05,5e-05,0.00014,9e-05,3e-05,0.0,6
60867,1e-05,2e-05,-1e-05,5e-05,0.00014,9e-05,3e-05,0.0,6
60868,1e-05,2e-05,-1e-05,5e-05,0.00014,9e-05,3e-05,0.0,6
60869,1e-05,2e-05,-1e-05,5e-05,0.00014,9e-05,3e-05,0.0,6
60870,1e-05,2e-05,-1e-05,5e-05,0.00014,9e-05,3e-05,0.0,6
60871,1e-05,2e-05,-1e-05,5e-05,0.00014,9e-05,3e-05,0.0,6
60872,1e-05,2e-05,-1e-05,5e-05,0.00014,9e-05,3e-05,0.0,6
60873,1e-05,2e-05,-1e-05,5e-05,0.00014,9e-05,3e-05,0.0,6
60874,0.0,1e-05,3e-05,2e-05,-0.00017,-0.00014,-1e-05,-8e-05,6
60875,0.0,1e-05,3e-05,2e-05,-0.00017,-0.00014,-1e-05,-8e-05,6
60876,0.0,1e-05,3e-05,2e-05,-0.00017,-0.00014,-1e-05,-8e-05,6
60877,0.0,1e-05,3e-05,2e-05,-0.00017,-0.00014,-1e-05,-8e-05,6
60878,0.0,1e-05,3e-05,2e-05,-0.00017,-0.00014,-1e-05,-8e-05,6
60879,0.0,1e-05,3e-05,2e-05,-0.00017,-0.00014,-1e-05,-8e-05,6
60880,0.0,1e-05,3e-05,2e-05,-0.00017,-0.00014,-1e-05,-8e-05,6
60881,0.0,1e-05,3e-05,2e-05,-0.00017,-0.00014,-1e-05,-8e-05,6
60882,0.0,1e-05,3e-05,2e-05,-0.00017,-0.00014,-1e-05,-8e-05,6
60883,0.0,1e-05,3e-05,2e-05,-0.00017,-0.00014,-1e-05,-8e-05,6
60884,0.0,1e-05,3e-05,2e-05,-0.00017,-0.00014,-1e-05,-8e-05,6
60885,0.0,1e-05,3e-05,2e-05,-0.00017,-0.00014,-1e-05,-8e-05,6
60886,0.0,1e-05,3e-05,2e-05,-0.00017,-0.00014,-1e-05,-8e-05,6
60888,-2e-05,-3e-05,-5e-05,-0.00011,-8e-05,-0.0001,-5e-05,2e-05,6
60889,0.0,-1e-05,-1e-05,-4e-05,-0.00012,-8e-05,-7e-05,0.00016,6
60890,0.0,-1e-05,-1e-05,-4e-05,-0.00012,-8e-05,-7e-05,0.00016,6
60891,0.0,-1e-05,-1e-05,-4e-05,-0.00012,-8e-05,-7e-05,0.00016,6
60892,0.0,-1e-05,-1e-05,-4e-05,-0.00012,-8e-05,-7e-05,0.00016,6
60893,0.0,-1e-05,-1e-05,-4e-05,-0.00012,-8e-05,-7e-05,0.00016,6
60894,0.0,-1e-05,-1e-05,-4e-05,-0.00012,-8e-05,-7e-05,0.00016,6
60895,0.0,-1e-05,-1e-05,-4e-05,-0.00012,-8e-05,-7e-05,0.00016,6
60896,0.0,-1e-05,-1e-05,-4e-05,-0.00012,-8e-05,-7e-05,0.00016,6
60897,0.0,-1e-05,-1e-05,-4e-05,-0.00012,-8e-05,-7e-05,0.00016,6
60898,0.0,-1e-05,-1e-05,-4e-05,-0.00012,-8e-05,-7e-05,0.00016,6
60899,0.0,-1e-05,-1e-05,-4e-05,-0.00012,-8e-05,-7e-05,0.00016,6
60900,0.0,-1e-05,-1e-05,-4e-05,-0.00012,-8e-05,-7e-05,0.00016,6
60901,0.0,-1e-05,-1e-05,-4e-05,-0.00012,-8e-05,-7e-05,0.00016,6
60902,0.0,-1e-05,-1e-05,-4e-05,-0.00012,-8e-05,-7e-05,0.00016,6
60904,0.0,-1e-05,-1e-05,-4e-05,-0.00012,-8e-05,-7e-05,0.00016,6
60905,0.0,-1e-05,-1e-05,-4e-05,-0.00012,-8e-05,-7e-05,0.00016,6
60906,0.0,-1e-05,-1e-05,-4e-05,-0.00012,-8e-05,-7e-05,0.00016,6
60907,0.0,-1e-05,-1e-05,-4e-05,-0.00012,-8e-05,-7e-05,0.00016,6
60908,0.0,-1e-05,-1e-05,-4e-05,-0.00012,-8e-05,-7e-05,0.00016,6
60909,0.0,-1e-05,-1e-05,-4e-05,-0.00012,-8e-05,-7e-05,0.00016,6
60910,1e-05,2e-05,1e-05,4e-05,0.00018,-0.00013,0.0,0.0,6
60911,0.0,2e-05,2e-05,6e-05,0.00041,8e-05,2e-05,-8e-05,6
60912,0.0,2e-05,2e-05,6e-05,0.00041,8e-05,2e-05,-8e-05,6
60913,0.0,2e-05,2e-05,6e-05,0.00041,8e-05,2e-05,-8e-05,6
60914,0.0,2e-05,2e-05,6e-05,0.00041,8e-05,2e-05,-8e-05,6
60915,0.0,2e-05,2e-05,6e-05,0.00041,8e-05,2e-05,-8e-05,6
60916,0.0,2e-05,2e-05,6e-05,0.00041,8e-05,2e-05,-8e-05,6
60917,0.0,2e-05,2e-05,6e-05,0.00041,8e-05,2e-05,-8e-05,6
60918,0.0,2e-05,2e-05,6e-05,0.00041,8e-05,2e-05,-8e-05,6
60919,0.0,2e-05,2e-05,6e-05,0.00041,8e-05,2e-05,-8e-05,6
60920,0.0,2e-05,2e-05,6e-05,0.00041,8e-05,2e-05,-8e-05,6
60921,0.0,2e-05,2e-05,6e-05,0.00041,8e-05,2e-05,-8e-05,6
60922,0.0,2e-05,2e-05,6e-05,0.00041,8e-05,2e-05,-8e-05,6
60923,0.0,2e-05,2e-05,6e-05,0.00041,8e-05,2e-05,-8e-05,6
60924,0.0,2e-05,2e-05,6e-05,0.00041,8e-05,2e-05,-8e-05,6
60925,0.0,2e-05,2e-05,6e-05,0.00041,8e-05,2e-05,-8e-05,6
60926,0.0,2e-05,2e-05,6e-05,0.00041,8e-05,2e-05,-8e-05,6
60927,0.0,2e-05,2e-05,6e-05,0.00041,8e-05,2e-05,-8e-05,6
60928,0.0,2e-05,2e-05,6e-05,0.00041,8e-05,2e-05,-8e-05,6
60929,0.0,2e-05,2e-05,6e-05,0.00041,8e-05,2e-05,-8e-05,6
60930,0.0,2e-05,2e-05,6e-05,0.00041,8e-05,2e-05,-8e-05,6
60931,0.0,2e-05,2e-05,6e-05,0.00041,8e-05,2e-05,-8e-05,6
60932,0.0,2e-05,2e-05,6e-05,0.00041,8e-05,2e-05,-8e-05,6
60933,0.0,2e-05,2e-05,6e-05,0.00041,8e-05,2e-05,-8e-05,6
60934,-1e-05,-2e-05,-1e-05,-5e-05,-9e-05,0.00033,2e-05,9e-05,6
60935,-1e-05,-3e-05,-2e-05,3e-05,0.00028,0.00032,0.0,3e-05,6
60936,-1e-05,-3e-05,-2e-05,3e-05,0.00028,0.00032,0.0,3e-05,6
60938,-1e-05,-3e-05,-2e-05,3e-05,0.00028,0.00032,0.0,3e-05,6
60939,-1e-05,-3e-05,-2e-05,3e-05,0.00028,0.00032,0.0,3e-05,6
60940,-1e-05,-3e-05,-2e-05,3e-05,0.00028,0.00032,0.0,3e-05,6
60941,-1e-05,-3e-05,-2e-05,3e-05,0.00028,0.00032,0.0,3e-05,6
60942,-1e-05,-3e-05,-2e-05,3e-05,0.00028,0.00032,0.0,3e-05,6
60943,-1e-05,-3e-05,-2e-05,3e-05,0.00028,0.00032,0.0,3e-05,6
60944,-1e-05,-3e-05,-2e-05,3e-05,0.00028,0.00032,0.0,3e-05,6
60945,-1e-05,-3e-05,-2e-05,3e-05,0.00028,0.00032,0.0,3e-05,6
60946,-1e-05,-3e-05,-2e-05,3e-05,0.00028,0.00032,0.0,3e-05,6
60947,-2e-05,1e-05,0.0,6e-05,0.00035,0.00012,6e-05,-0.00026,6
60948,-2e-05,1e-05,0.0,6e-05,0.00035,0.00012,6e-05,-0.00026,6
60949,-2e-05,1e-05,0.0,6e-05,0.00035,0.00012,6e-05,-0.00026,6
60950,-2e-05,1e-05,0.0,6e-05,0.00035,0.00012,6e-05,-0.00026,6
60951,-2e-05,1e-05,0.0,6e-05,0.00035,0.00012,6e-05,-0.00026,6
60952,-2e-05,1e-05,0.0,6e-05,0.00035,0.00012,6e-05,-0.00026,6
60954,-2e-05,1e-05,0.0,6e-05,0.00035,0.00012,6e-05,-0.00026,6
60955,-2e-05,1e-05,0.0,6e-05,0.00035,0.00012,6e-05,-0.00026,6
60956,-2e-05,2e-05,2e-05,3e-05,0.00017,-6e-05,3e-05,-0.00044,6
60957,-2e-05,2e-05,2e-05,3e-05,0.00017,-6e-05,3e-05,-0.00044,6
60958,-2e-05,2e-05,2e-05,3e-05,0.00017,-6e-05,3e-05,-0.00044,6
60959,-2e-05,2e-05,2e-05,3e-05,0.00017,-6e-05,3e-05,-0.00044,6
60960,-2e-05,2e-05,2e-05,3e-05,0.00017,-6e-05,3e-05,-0.00044,6
60961,-2e-05,2e-05,2e-05,3e-05,0.00017,-6e-05,3e-05,-0.00044,6
60962,-2e-05,2e-05,2e-05,3e-05,0.00017,-6e-05,3e-05,-0.00044,6
60963,-2e-05,2e-05,2e-05,3e-05,0.00017,-6e-05,3e-05,-0.00044,6
60964,-2e-05,2e-05,2e-05,3e-05,0.00017,-6e-05,3e-05,-0.00044,6
60965,-2e-05,2e-05,2e-05,3e-05,0.00017,-6e-05,3e-05,-0.00044,6
60966,-2e-05,2e-05,2e-05,3e-05,0.00017,-6e-05,3e-05,-0.00044,6
60967,-2e-05,2e-05,2e-05,3e-05,0.00017,-6e-05,3e-05,-0.00044,6
60968,-2e-05,2e-05,2e-05,3e-05,0.00017,-6e-05,3e-05,-0.00044,6
60969,-2e-05,2e-05,2e-05,3e-05,0.00017,-6e-05,3e-05,-0.00044,6
60970,-2e-05,-7e-05,-5e-05,3e-05,0.0001,-0.00011,1e-05,2e-05,6
60971,-1e-05,0.0,-2e-05,-1e-05,-2e-05,-0.00031,-3e-05,-0.00019,6
60972,-1e-05,0.0,-2e-05,-1e-05,-2e-05,-0.00031,-3e-05,-0.00019,6
60973,-1e-05,0.0,-2e-05,-1e-05,-2e-05,-0.00031,-3e-05,-0.00019,6
60974,-1e-05,0.0,-2e-05,-1e-05,-2e-05,-0.00031,-3e-05,-0.00019,6
60975,-1e-05,0.0,-2e-05,-1e-05,-2e-05,-0.00031,-3e-05,-0.00019,6
60976,-1e-05,0.0,-2e-05,-1e-05,-2e-05,-0.00031,-3e-05,-0.00019,6
60977,-1e-05,0.0,-2e-05,-1e-05,-2e-05,-0.00031,-3e-05,-0.00019,6
60978,-1e-05,0.0,-2e-05,-1e-05,-2e-05,-0.00031,-3e-05,-0.00019,6
60979,-1e-05,0.0,-2e-05,-1e-05,-2e-05,-0.00031,-3e-05,-0.00019,6
60980,-1e-05,0.0,-2e-05,-1e-05,-2e-05,-0.00031,-3e-05,-0.00019,6
60981,-1e-05,0.0,-2e-05,-1e-05,-2e-05,-0.00031,-3e-05,-0.00019,6
60982,-1e-05,0.0,-2e-05,-1e-05,-2e-05,-0.00031,-3e-05,-0.00019,6
60983,-1e-05,0.0,-2e-05,-1e-05,-2e-05,-0.00031,-3e-05,-0.00019,6
60984,-1e-05,0.0,-2e-05,-1e-05,-2e-05,-0.00031,-3e-05,-0.00019,6
60985,-1e-05,0.0,-2e-05,-1e-05,-2e-05,-0.00031,-3e-05,-0.00019,6
60986,-1e-05,0.0,-2e-05,-1e-05,-2e-05,-0.00031,-3e-05,-0.00019,6
60988,-1e-05,0.0,-2e-05,-1e-05,-2e-05,-0.00031,-3e-05,-0.00019,6
60989,-1e-05,0.0,-2e-05,-1e-05,-2e-05,-0.00031,-3e-05,-0.00019,6
60990,-1e-05,0.0,-2e-05,-1e-05,-2e-05,-0.00031,-3e-05,-0.00019,6
60991,-1e-05,0.0,-2e-05,-1e-05,-2e-05,-0.00031,-3e-05,-0.00019,6
60992,-1e-05,0.0,-2e-05,-1e-05,-2e-05,-0.00031,-3e-05,-0.00019,6
60993,-1e-05,0.0,-2e-05,-1e-05,-2e-05,-0.00031,-3e-05,-0.00019,6
60994,-2e-05,-6e-05,-6e-05,-6e-05,-0.00038,-0.00034,-7e-05,3e-05,6
60995,-2e-05,-6e-05,-6e-05,-6e-05,-0.00038,-0.00034,-7e-05,3e-05,6
60996,-2e-05,-6e-05,-6e-05,-6e-05,-0.00038,-0.00034,-7e-05,3e-05,6
60997,-2e-05,-6e-05,-6e-05,-6e-05,-0.00038,-0.00034,-7e-05,3e-05,6
60998,-2e-05,-6e-05,-6e-05,-6e-05,-0.00038,-0.00034,-7e-05,3e-05,6
60999,-2e-05,-6e-05,-6e-05,-6e-05,-0.00038,-0.00034,-7e-05,3e-05,6
61000,-2e-05,-6e-05,-6e-05,-6e-05,-0.00038,-0.00034,-7e-05,3e-05,6
61001,-2e-05,-6e-05,-6e-05,-6e-05,-0.00038,-0.00034,-7e-05,3e-05,6
61002,-2e-05,-6e-05,-6e-05,-6e-05,-0.00038,-0.00034,-7e-05,3e-05,6
61004,-2e-05,-6e-05,-6e-05,-6e-05,-0.00038,-0.00034,-7e-05,3e-05,6
61005,-2e-05,-6e-05,-6e-05,-6e-05,-0.00038,-0.00034,-7e-05,3e-05,6
61006,-2e-05,-6e-05,-6e-05,-6e-05,-0.00038,-0.00034,-7e-05,3e-05,6
61007,0.0,1e-05,2e-05,6e-05,0.00022,-2e-05,-8e-05,6e-05,6
61008,0.0,1e-05,2e-05,6e-05,0.00022,-2e-05,-8e-05,6e-05,6
61009,0.0,1e-05,2e-05,6e-05,0.00022,-2e-05,-8e-05,6e-05,6
61010,0.0,1e-05,2e-05,6e-05,0.00022,-2e-05,-8e-05,6e-05,6
61011,0.0,1e-05,2e-05,6e-05,0.00022,-2e-05,-8e-05,6e-05,6
61012,0.0,1e-05,2e-05,6e-05,0.00022,-2e-05,-8e-05,6e-05,6
61013,0.0,1e-05,2e-05,6e-05,0.00022,-2e-05,-8e-05,6e-05,6
61014,0.0,1e-05,2e-05,6e-05,0.00022,-2e-05,-8e-05,6e-05,6
61015,-1e-05,0.0,-1e-05,2e-05,-0.00013,0.00011,-1e-05,0.0,6
61016,-2e-05,2e-05,2e-05,-1e-05,-0.00018,6e-05,0.0,7e-05,6
61017,-2e-05,2e-05,2e-05,-1e-05,-0.00018,6e-05,0.0,7e-05,6
61018,-2e-05,2e-05,2e-05,-1e-05,-0.00018,6e-05,0.0,7e-05,6
61019,-2e-05,2e-05,2e-05,-1e-05,-0.00018,6e-05,0.0,7e-05,6
61020,-2e-05,2e-05,2e-05,-1e-05,-0.00018,6e-05,0.0,7e-05,6
61021,-2e-05,2e-05,2e-05,-1e-05,-0.00018,6e-05,0.0,7e-05,6
61022,-2e-05,2e-05,2e-05,-1e-05,-0.00018,6e-05,0.0,7e-05,6
61023,-2e-05,2e-05,2e-05,-1e-05,-0.00018,6e-05,0.0,7e-05,6
61024,-2e-05,2e-05,2e-05,-1e-05,-0.00018,6e-05,0.0,7e-05,6
61025,-2e-05,2e-05,2e-05,-1e-05,-0.00018,6e-05,0.0,7e-05,6
61026,-2e-05,2e-05,2e-05,-1e-05,-0.00018,6e-05,0.0,7e-05,6
61027,-2e-05,2e-05,2e-05,-1e-05,-0.00018,6e-05,0.0,7e-05,6
61028,-2e-05,2e-05,2e-05,-1e-05,-0.00018,6e-05,0.0,7e-05,6
61029,-2e-05,2e-05,2e-05,-1e-05,-0.00018,6e-05,0.0,7e-05,6
61030,-1e-05,-4e-05,-2e-05,-1e-05,3e-05,-4e-05,6e-05,-1e-05,6
61031,-2e-05,-3e-05,-3e-05,-3e-05,-8e-05,0.00023,-3e-05,5e-05,6
61032,-2e-05,-3e-05,-3e-05,-3e-05,-8e-05,0.00023,-3e-05,5e-05,6
61033,-2e-05,-3e-05,-3e-05,-3e-05,-8e-05,0.00023,-3e-05,5e-05,6
61034,-2e-05,-3e-05,-3e-05,-3e-05,-8e-05,0.00023,-3e-05,5e-05,6
61035,-2e-05,-3e-05,-3e-05,-3e-05,-8e-05,0.00023,-3e-05,5e-05,6
61036,-2e-05,-3e-05,-3e-05,-3e-05,-8e-05,0.00023,-3e-05,5e-05,6
61039,-2e-05,-3e-05,-3e-05,-3e-05,-8e-05,0.00023,-3e-05,5e-05,6
61040,-2e-05,-3e-05,-3e-05,-3e-05,-8e-05,0.00023,-3e-05,5e-05,6
61041,-2e-05,-3e-05,-3e-05,-3e-05,-8e-05,0.00023,-3e-05,5e-05,6
61042,-2e-05,-3e-05,-3e-05,-3e-05,-8e-05,0.00023,-3e-05,5e-05,6
61043,-2e-05,-3e-05,-3e-05,-3e-05,-8e-05,0.00023,-3e-05,5e-05,6
61044,-2e-05,-3e-05,-3e-05,-3e-05,-8e-05,0.00023,-3e-05,5e-05,6
61045,-2e-05,-3e-05,-3e-05,-3e-05,-8e-05,0.00023,-3e-05,5e-05,6
61046,-2e-05,-3e-05,-3e-05,-3e-05,-8e-05,0.00023,-3e-05,5e-05,6
61047,-2e-05,-3e-05,-3e-05,-3e-05,-8e-05,0.00023,-3e-05,5e-05,6
61048,-2e-05,-3e-05,-3e-05,-3e-05,-8e-05,0.00023,-3e-05,5e-05,6
61049,-2e-05,-3e-05,-3e-05,-3e-05,-8e-05,0.00023,-3e-05,5e-05,6
61050,-2e-05,-3e-05,-3e-05,-3e-05,-8e-05,0.00023,-3e-05,5e-05,6
61051,-2e-05,-3e-05,-3e-05,-3e-05,-8e-05,0.00023,-3e-05,5e-05,6
61052,-2e-05,-3e-05,-3e-05,-3e-05,-8e-05,0.00023,-3e-05,5e-05,6
61054,-1e-05,2e-05,1e-05,-1e-05,-9e-05,0.00012,-3e-05,-8e-05,6
61055,2e-05,1e-05,3e-05,8e-05,0.00028,0.00027,4e-05,3e-05,6
61056,2e-05,1e-05,3e-05,8e-05,0.00028,0.00027,4e-05,3e-05,6
61057,2e-05,1e-05,3e-05,8e-05,0.00028,0.00027,4e-05,3e-05,6
61058,2e-05,1e-05,3e-05,8e-05,0.00028,0.00027,4e-05,3e-05,6
61059,2e-05,1e-05,3e-05,8e-05,0.00028,0.00027,4e-05,3e-05,6
61060,2e-05,1e-05,3e-05,8e-05,0.00028,0.00027,4e-05,3e-05,6
61061,2e-05,1e-05,3e-05,8e-05,0.00028,0.00027,4e-05,3e-05,6
61062,2e-05,1e-05,3e-05,8e-05,0.00028,0.00027,4e-05,3e-05,6
61063,2e-05,1e-05,3e-05,8e-05,0.00028,0.00027,4e-05,3e-05,6
61064,2e-05,1e-05,3e-05,8e-05,0.00028,0.00027,4e-05,3e-05,6
61065,2e-05,1e-05,3e-05,8e-05,0.00028,0.00027,4e-05,3e-05,6
61066,2e-05,1e-05,3e-05,8e-05,0.00028,0.00027,4e-05,3e-05,6
61067,1e-05,1e-05,0.0,1e-05,1e-05,9e-05,-1e-05,3e-05,6
61068,1e-05,1e-05,0.0,1e-05,1e-05,9e-05,-1e-05,3e-05,6
61069,1e-05,1e-05,0.0,1e-05,1e-05,9e-05,-1e-05,3e-05,6
61070,1e-05,1e-05,0.0,1e-05,1e-05,9e-05,-1e-05,3e-05,6
61071,1e-05,1e-05,0.0,1e-05,1e-05,9e-05,-1e-05,3e-05,6
61072,1e-05,1e-05,0.0,1e-05,1e-05,9e-05,-1e-05,3e-05,6
61073,1e-05,1e-05,0.0,1e-05,1e-05,9e-05,-1e-05,3e-05,6
61074,1e-05,1e-05,0.0,1e-05,1e-05,9e-05,-1e-05,3e-05,6
61075,-1e-05,-3e-05,-3e-05,3e-05,0.00022,-8e-05,1e-05,-0.00014,6
61076,-3e-05,-4e-05,-3e-05,-6e-05,3e-05,-0.00019,-5e-05,3e-05,6
61077,-3e-05,-4e-05,-3e-05,-6e-05,3e-05,-0.00019,-5e-05,3e-05,6
61078,-3e-05,-4e-05,-3e-05,-6e-05,3e-05,-0.00019,-5e-05,3e-05,6
61079,-3e-05,-4e-05,-3e-05,-6e-05,3e-05,-0.00019,-5e-05,3e-05,6
61080,-3e-05,-4e-05,-3e-05,-6e-05,3e-05,-0.00019,-5e-05,3e-05,6
61081,-3e-05,-4e-05,-3e-05,-6e-05,3e-05,-0.00019,-5e-05,3e-05,6
61082,-3e-05,-4e-05,-3e-05,-6e-05,3e-05,-0.00019,-5e-05,3e-05,6
61083,-3e-05,-4e-05,-3e-05,-6e-05,3e-05,-0.00019,-5e-05,3e-05,6
61084,-3e-05,-4e-05,-3e-05,-6e-05,3e-05,-0.00019,-5e-05,3e-05,6
61085,-3e-05,-4e-05,-3e-05,-6e-05,3e-05,-0.00019,-5e-05,3e-05,6
61086,-3e-05,-4e-05,-3e-05,-6e-05,3e-05,-0.00019,-5e-05,3e-05,6
61088,-3e-05,-4e-05,-3e-05,-6e-05,3e-05,-0.00019,-5e-05,3e-05,6
61089,-3e-05,-4e-05,-3e-05,-6e-05,3e-05,-0.00019,-5e-05,3e-05,6
61090,-8e-05,-1e-05,0.0,-6e-05,-0.00014,-4e-05,-7e-05,-0.0005,6
61091,-2e-05,-3e-05,-6e-05,-0.00012,-0.00029,-0.00031,-6e-05,-8e-05,6
61092,-2e-05,-3e-05,-6e-05,-0.00012,-0.00029,-0.00031,-6e-05,-8e-05,6
61093,-2e-05,-3e-05,-6e-05,-0.00012,-0.00029,-0.00031,-6e-05,-8e-05,6
61094,-2e-05,-3e-05,-6e-05,-0.00012,-0.00029,-0.00031,-6e-05,-8e-05,6
61095,-2e-05,-3e-05,-6e-05,-0.00012,-0.00029,-0.00031,-6e-05,-8e-05,6
61096,-2e-05,-3e-05,-6e-05,-0.00012,-0.00029,-0.00031,-6e-05,-8e-05,6
61097,-2e-05,-3e-05,-6e-05,-0.00012,-0.00029,-0.00031,-6e-05,-8e-05,6
61098,-2e-05,-3e-05,-6e-05,-0.00012,-0.00029,-0.00031,-6e-05,-8e-05,6
61099,-2e-05,-3e-05,-6e-05,-0.00012,-0.00029,-0.00031,-6e-05,-8e-05,6
61100,-2e-05,-3e-05,-6e-05,-0.00012,-0.00029,-0.00031,-6e-05,-8e-05,6
61101,-2e-05,-3e-05,-6e-05,-0.00012,-0.00029,-0.00031,-6e-05,-8e-05,6
61102,-2e-05,-3e-05,-6e-05,-0.00012,-0.00029,-0.00031,-6e-05,-8e-05,6
61104,-2e-05,-3e-05,-6e-05,-0.00012,-0.00029,-0.00031,-6e-05,-8e-05,6
61105,-2e-05,-3e-05,-6e-05,-0.00012,-0.00029,-0.00031,-6e-05,-8e-05,6
61106,-2e-05,-3e-05,-6e-05,-0.00012,-0.00029,-0.00031,-6e-05,-8e-05,6
61107,-2e-05,-3e-05,-6e-05,-0.00012,-0.00029,-0.00031,-6e-05,-8e-05,6
61108,-2e-05,-3e-05,-6e-05,-0.00012,-0.00029,-0.00031,-6e-05,-8e-05,6
61109,-2e-05,-3e-05,-6e-05,-0.00012,-0.00029,-0.00031,-6e-05,-8e-05,6
61110,-2e-05,-3e-05,-6e-05,-0.00012,-0.00029,-0.00031,-6e-05,-8e-05,6
61111,-2e-05,-3e-05,-6e-05,-0.00012,-0.00029,-0.00031,-6e-05,-8e-05,6
61112,-2e-05,-3e-05,-6e-05,-0.00012,-0.00029,-0.00031,-6e-05,-8e-05,6
61113,-2e-05,-3e-05,-6e-05,-0.00012,-0.00029,-0.00031,-6e-05,-8e-05,6
61114,1e-05,-1e-05,1e-05,0.00013,0.00063,0.00034,0.00012,4e-05,6
61115,1e-05,-1e-05,1e-05,0.00013,0.00063,0.00034,0.00012,4e-05,6
61116,1e-05,-1e-05,1e-05,0.00013,0.00063,0.00034,0.00012,4e-05,6
61117,1e-05,-1e-05,1e-05,0.00013,0.00063,0.00034,0.00012,4e-05,6
61118,1e-05,-1e-05,1e-05,0.00013,0.00063,0.00034,0.00012,4e-05,6
61119,1e-05,-1e-05,1e-05,0.00013,0.00063,0.00034,0.00012,4e-05,6
61120,1e-05,-1e-05,1e-05,0.00013,0.00063,0.00034,0.00012,4e-05,6
61121,1e-05,-1e-05,1e-05,0.00013,0.00063,0.00034,0.00012,4e-05,6
61122,1e-05,-1e-05,1e-05,0.00013,0.00063,0.00034,0.00012,4e-05,6
61123,1e-05,-1e-05,1e-05,0.00013,0.00063,0.00034,0.00012,4e-05,6
61124,1e-05,-1e-05,1e-05,0.00013,0.00063,0.00034,0.00012,4e-05,6
61125,1e-05,-1e-05,1e-05,0.00013,0.00063,0.00034,0.00012,4e-05,6
61126,1e-05,-1e-05,1e-05,0.00013,0.00063,0.00034,0.00012,4e-05,6
61127,-1e-05,-2e-05,-1e-05,-4e-05,-0.00013,-0.00016,1e-05,0.00011,6
61128,-1e-05,-2e-05,-1e-05,-4e-05,-0.00013,-0.00016,1e-05,0.00011,6
61129,-1e-05,-2e-05,-1e-05,-4e-05,-0.00013,-0.00016,1e-05,0.00011,6
61130,-1e-05,-2e-05,-1e-05,-4e-05,-0.00013,-0.00016,1e-05,0.00011,6
61131,-1e-05,-2e-05,-1e-05,-4e-05,-0.00013,-0.00016,1e-05,0.00011,6
61132,-1e-05,-2e-05,-1e-05,-4e-05,-0.00013,-0.00016,1e-05,0.00011,6
61133,-1e-05,-2e-05,-1e-05,-4e-05,-0.00013,-0.00016,1e-05,0.00011,6
61134,-1e-05,-2e-05,-1e-05,-4e-05,-0.00013,-0.00016,1e-05,0.00011,6
61135,-1e-05,-2e-05,-1e-05,-4e-05,-0.00013,-0.00016,1e-05,0.00011,6
61136,0.0,-3e-05,-4e-05,-6e-05,-0.00017,-0.00025,-3e-05,0.00014,6
61138,0.0,-3e-05,-4e-05,-6e-05,-0.00017,-0.00025,-3e-05,0.00014,6
61139,0.0,-3e-05,-4e-05,-6e-05,-0.00017,-0.00025,-3e-05,0.00014,6
61140,0.0,-3e-05,-4e-05,-6e-05,-0.00017,-0.00025,-3e-05,0.00014,6
61141,0.0,-3e-05,-4e-05,-6e-05,-0.00017,-0.00025,-3e-05,0.00014,6
61142,0.0,-3e-05,-4e-05,-6e-05,-0.00017,-0.00025,-3e-05,0.00014,6
61143,0.0,-3e-05,-4e-05,-6e-05,-0.00017,-0.00025,-3e-05,0.00014,6
61144,0.0,-3e-05,-4e-05,-6e-05,-0.00017,-0.00025,-3e-05,0.00014,6
61145,0.0,-3e-05,-4e-05,-6e-05,-0.00017,-0.00025,-3e-05,0.00014,6
61146,0.0,-3e-05,-4e-05,-6e-05,-0.00017,-0.00025,-3e-05,0.00014,6
61147,0.0,-3e-05,-4e-05,-6e-05,-0.00017,-0.00025,-3e-05,0.00014,6
61148,0.0,-3e-05,-4e-05,-6e-05,-0.00017,-0.00025,-3e-05,0.00014,6
61149,0.0,-3e-05,-4e-05,-6e-05,-0.00017,-0.00025,-3e-05,0.00014,6
61150,0.0,3e-05,2e-05,3e-05,-0.00028,-1e-05,3e-05,-0.00013,6
61151,0.0,3e-05,2e-05,3e-05,-0.00028,-1e-05,3e-05,-0.00013,6
61152,-4e-05,-2e-05,-2e-05,-5e-05,-0.0002,-0.00017,-4e-05,-6e-05,6
61154,-4e-05,-2e-05,-2e-05,-5e-05,-0.0002,-0.00017,-4e-05,-6e-05,6
61155,-4e-05,-2e-05,-2e-05,-5e-05,-0.0002,-0.00017,-4e-05,-6e-05,6
61156,-4e-05,-2e-05,-2e-05,-5e-05,-0.0002,-0.00017,-4e-05,-6e-05,6
61157,-4e-05,-2e-05,-2e-05,-5e-05,-0.0002,-0.00017,-4e-05,-6e-05,6
61158,-4e-05,-2e-05,-2e-05,-5e-05,-0.0002,-0.00017,-4e-05,-6e-05,6
61159,-4e-05,-2e-05,-2e-05,-5e-05,-0.0002,-0.00017,-4e-05,-6e-05,6
61160,-4e-05,-2e-05,-2e-05,-5e-05,-0.0002,-0.00017,-4e-05,-6e-05,6
61161,-4e-05,-2e-05,-2e-05,-5e-05,-0.0002,-0.00017,-4e-05,-6e-05,6
61162,-4e-05,-2e-05,-2e-05,-5e-05,-0.0002,-0.00017,-4e-05,-6e-05,6
61163,-4e-05,-2e-05,-2e-05,-5e-05,-0.0002,-0.00017,-4e-05,-6e-05,6
61164,-4e-05,-2e-05,-2e-05,-5e-05,-0.0002,-0.00017,-4e-05,-6e-05,6
61165,-4e-05,-2e-05,-2e-05,-5e-05,-0.0002,-0.00017,-4e-05,-6e-05,6
61166,-4e-05,-2e-05,-2e-05,-5e-05,-0.0002,-0.00017,-4e-05,-6e-05,6
61167,-4e-05,-2e-05,-2e-05,-5e-05,-0.0002,-0.00017,-4e-05,-6e-05,6
61168,-4e-05,-2e-05,-2e-05,-5e-05,-0.0002,-0.00017,-4e-05,-6e-05,6
61169,-4e-05,-2e-05,-2e-05,-5e-05,-0.0002,-0.00017,-4e-05,-6e-05,6
61170,-4e-05,-2e-05,-2e-05,-5e-05,-0.0002,-0.00017,-4e-05,-6e-05,6
61171,-4e-05,-2e-05,-2e-05,-5e-05,-0.0002,-0.00017,-4e-05,-6e-05,6
61172,-4e-05,-2e-05,-2e-05,-5e-05,-0.0002,-0.00017,-4e-05,-6e-05,6
61173,-4e-05,-2e-05,-2e-05,-5e-05,-0.0002,-0.00017,-4e-05,-6e-05,6
61174,3e-05,3e-05,4e-05,3e-05,-0.00013,5e-05,3e-05,0.0001,6
61175,3e-05,3e-05,4e-05,3e-05,-0.00013,5e-05,3e-05,0.0001,6
61176,3e-05,3e-05,4e-05,3e-05,-0.00013,5e-05,3e-05,0.0001,6
61177,3e-05,3e-05,4e-05,3e-05,-0.00013,5e-05,3e-05,0.0001,6
61178,3e-05,3e-05,4e-05,3e-05,-0.00013,5e-05,3e-05,0.0001,6
61179,3e-05,3e-05,4e-05,3e-05,-0.00013,5e-05,3e-05,0.0001,6
61180,3e-05,3e-05,4e-05,3e-05,-0.00013,5e-05,3e-05,0.0001,6
61181,3e-05,3e-05,4e-05,3e-05,-0.00013,5e-05,3e-05,0.0001,6
61182,3e-05,3e-05,4e-05,3e-05,-0.00013,5e-05,3e-05,0.0001,6
61183,3e-05,3e-05,4e-05,3e-05,-0.00013,5e-05,3e-05,0.0001,6
61184,3e-05,3e-05,4e-05,3e-05,-0.00013,5e-05,3e-05,0.0001,6
61185,3e-05,3e-05,4e-05,3e-05,-0.00013,5e-05,3e-05,0.0001,6
61186,3e-05,3e-05,4e-05,3e-05,-0.00013,5e-05,3e-05,0.0001,6
61188,-4e-05,-3e-05,-4e-05,-0.0001,-0.00026,-9e-05,-4e-05,-8e-05,6
61190,-4e-05,-3e-05,-4e-05,-0.0001,-0.00026,-9e-05,-4e-05,-8e-05,6
61191,-4e-05,-3e-05,-4e-05,-0.0001,-0.00026,-9e-05,-4e-05,-8e-05,6
61192,-4e-05,-3e-05,-4e-05,-0.0001,-0.00026,-9e-05,-4e-05,-8e-05,6
61193,-4e-05,-3e-05,-4e-05,-0.0001,-0.00026,-9e-05,-4e-05,-8e-05,6
61194,-4e-05,-3e-05,-4e-05,-0.0001,-0.00026,-9e-05,-4e-05,-8e-05,6
61195,1e-05,2e-05,3e-05,3e-05,8e-05,7e-05,3e-05,4e-05,6
61196,1e-05,2e-05,3e-05,3e-05,8e-05,7e-05,3e-05,4e-05,6
61197,1e-05,2e-05,3e-05,3e-05,8e-05,7e-05,3e-05,4e-05,6
61198,1e-05,2e-05,3e-05,3e-05,8e-05,7e-05,3e-05,4e-05,6
61199,1e-05,2e-05,3e-05,3e-05,8e-05,7e-05,3e-05,4e-05,6
61200,1e-05,2e-05,3e-05,3e-05,8e-05,7e-05,3e-05,4e-05,6
61201,1e-05,2e-05,3e-05,3e-05,8e-05,7e-05,3e-05,4e-05,6
61202,1e-05,2e-05,3e-05,3e-05,8e-05,7e-05,3e-05,4e-05,6
61204,1e-05,2e-05,3e-05,3e-05,8e-05,7e-05,3e-05,4e-05,6
61205,1e-05,2e-05,3e-05,3e-05,8e-05,7e-05,3e-05,4e-05,6
61206,1e-05,2e-05,3e-05,3e-05,8e-05,7e-05,3e-05,4e-05,6
61207,1e-05,2e-05,3e-05,3e-05,8e-05,7e-05,3e-05,4e-05,6
61208,1e-05,2e-05,3e-05,3e-05,8e-05,7e-05,3e-05,4e-05,6
61209,1e-05,2e-05,3e-05,3e-05,8e-05,7e-05,3e-05,4e-05,6
61210,-4e-05,-5e-05,-7e-05,-6e-05,-0.0001,-3e-05,-9e-05,-0.00039,6
61211,-2e-05,-4e-05,-4e-05,0.0,-2e-05,-4e-05,-0.00012,9e-05,6
61212,-2e-05,-4e-05,-4e-05,0.0,-2e-05,-4e-05,-0.00012,9e-05,6
61213,-2e-05,-4e-05,-4e-05,0.0,-2e-05,-4e-05,-0.00012,9e-05,6
61214,-2e-05,-4e-05,-4e-05,0.0,-2e-05,-4e-05,-0.00012,9e-05,6
61215,-2e-05,-4e-05,-4e-05,0.0,-2e-05,-4e-05,-0.00012,9e-05,6
61216,-2e-05,-4e-05,-4e-05,0.0,-2e-05,-4e-05,-0.00012,9e-05,6
61217,-2e-05,-4e-05,-4e-05,0.0,-2e-05,-4e-05,-0.00012,9e-05,6
61218,-2e-05,-4e-05,-4e-05,0.0,-2e-05,-4e-05,-0.00012,9e-05,6
61219,-2e-05,-4e-05,-4e-05,0.0,-2e-05,-4e-05,-0.00012,9e-05,6
61220,-2e-05,-4e-05,-4e-05,0.0,-2e-05,-4e-05,-0.00012,9e-05,6
61221,-2e-05,-4e-05,-4e-05,0.0,-2e-05,-4e-05,-0.00012,9e-05,6
61222,-2e-05,-4e-05,-4e-05,0.0,-2e-05,-4e-05,-0.00012,9e-05,6
61223,-2e-05,-4e-05,-4e-05,0.0,-2e-05,-4e-05,-0.00012,9e-05,6
61224,-2e-05,-4e-05,-4e-05,0.0,-2e-05,-4e-05,-0.00012,9e-05,6
61225,-2e-05,-4e-05,-4e-05,0.0,-2e-05,-4e-05,-0.00012,9e-05,6
61226,-2e-05,-4e-05,-4e-05,0.0,-2e-05,-4e-05,-0.00012,9e-05,6
61227,-2e-05,-4e-05,-4e-05,0.0,-2e-05,-4e-05,-0.00012,9e-05,6
61228,-2e-05,-4e-05,-4e-05,0.0,-2e-05,-4e-05,-0.00012,9e-05,6
61229,-2e-05,-4e-05,-4e-05,0.0,-2e-05,-4e-05,-0.00012,9e-05,6
61230,-2e-05,-4e-05,-4e-05,0.0,-2e-05,-4e-05,-0.00012,9e-05,6
61231,-2e-05,-4e-05,-4e-05,0.0,-2e-05,-4e-05,-0.00012,9e-05,6
61232,-2e-05,-4e-05,-4e-05,0.0,-2e-05,-4e-05,-0.00012,9e-05,6
61233,-4e-05,-2e-05,-1e-05,-4e-05,-0.00014,0.00016,0.00017,-0.00053,6
61234,5e-05,4e-05,6e-05,0.0001,0.00018,0.00034,6e-05,0.0003,6
61235,-3e-05,-7e-05,-8e-05,-7e-05,0.00024,0.00017,-5e-05,-7e-05,6
61236,-3e-05,-7e-05,-8e-05,-7e-05,0.00024,0.00017,-5e-05,-7e-05,6
61238,-3e-05,-7e-05,-8e-05,-7e-05,0.00024,0.00017,-5e-05,-7e-05,6
61239,-3e-05,-7e-05,-8e-05,-7e-05,0.00024,0.00017,-5e-05,-7e-05,6
61240,-3e-05,-7e-05,-8e-05,-7e-05,0.00024,0.00017,-5e-05,-7e-05,6
61241,-3e-05,-7e-05,-8e-05,-7e-05,0.00024,0.00017,-5e-05,-7e-05,6
61242,-3e-05,-7e-05,-8e-05,-7e-05,0.00024,0.00017,-5e-05,-7e-05,6
61243,-3e-05,-7e-05,-8e-05,-7e-05,0.00024,0.00017,-5e-05,-7e-05,6
61244,-3e-05,-7e-05,-8e-05,-7e-05,0.00024,0.00017,-5e-05,-7e-05,6
61245,-3e-05,-7e-05,-8e-05,-7e-05,0.00024,0.00017,-5e-05,-7e-05,6
61246,-3e-05,-7e-05,-8e-05,-7e-05,0.00024,0.00017,-5e-05,-7e-05,6
61247,-3e-05,-7e-05,-8e-05,-7e-05,0.00024,0.00017,-5e-05,-7e-05,6
61248,-3e-05,-7e-05,-8e-05,-7e-05,0.00024,0.00017,-5e-05,-7e-05,6
61249,-3e-05,-7e-05,-8e-05,-7e-05,0.00024,0.00017,-5e-05,-7e-05,6
61250,-3e-05,-7e-05,-8e-05,-7e-05,0.00024,0.00017,-5e-05,-7e-05,6
61251,-3e-05,-7e-05,-8e-05,-7e-05,0.00024,0.00017,-5e-05,-7e-05,6
61252,-3e-05,-7e-05,-8e-05,-7e-05,0.00024,0.00017,-5e-05,-7e-05,6
61254,-3e-05,-7e-05,-8e-05,-7e-05,0.00024,0.00017,-5e-05,-7e-05,6
61255,-3e-05,-7e-05,-8e-05,-7e-05,0.00024,0.00017,-5e-05,-7e-05,6
61256,-3e-05,-2e-05,-3e-05,-3e-05,-0.00025,-0.00043,-7e-05,7e-05,6
61257,2e-05,6e-05,3e-05,0.0,-0.00042,-0.00023,7e-05,8e-05,6
61258,2e-05,6e-05,3e-05,0.0,-0.00042,-0.00023,7e-05,8e-05,6
61259,2e-05,6e-05,3e-05,0.0,-0.00042,-0.00023,7e-05,8e-05,6
61260,2e-05,6e-05,3e-05,0.0,-0.00042,-0.00023,7e-05,8e-05,6
61261,2e-05,6e-05,3e-05,0.0,-0.00042,-0.00023,7e-05,8e-05,6
61262,2e-05,6e-05,3e-05,0.0,-0.00042,-0.00023,7e-05,8e-05,6
61263,2e-05,6e-05,3e-05,0.0,-0.00042,-0.00023,7e-05,8e-05,6
61264,2e-05,6e-05,3e-05,0.0,-0.00042,-0.00023,7e-05,8e-05,6
61265,2e-05,6e-05,3e-05,0.0,-0.00042,-0.00023,7e-05,8e-05,6
61266,2e-05,6e-05,3e-05,0.0,-0.00042,-0.00023,7e-05,8e-05,6
61267,2e-05,6e-05,3e-05,0.0,-0.00042,-0.00023,7e-05,8e-05,6
61268,2e-05,6e-05,3e-05,0.0,-0.00042,-0.00023,7e-05,8e-05,6
61269,2e-05,6e-05,3e-05,0.0,-0.00042,-0.00023,7e-05,8e-05,6
61270,1e-05,-4e-05,-6e-05,-1e-05,0.0002,0.00014,-0.00016,5e-05,6
61271,-3e-05,-4e-05,-3e-05,-5e-05,-0.00031,-0.00017,0.00011,0.0,6
61272,-3e-05,-4e-05,-3e-05,-5e-05,-0.00031,-0.00017,0.00011,0.0,6
61273,-3e-05,-4e-05,-3e-05,-5e-05,-0.00031,-0.00017,0.00011,0.0,6
61274,-3e-05,-4e-05,-3e-05,-5e-05,-0.00031,-0.00017,0.00011,0.0,6
61275,-3e-05,-4e-05,-3e-05,-5e-05,-0.00031,-0.00017,0.00011,0.0,6
61276,-3e-05,-4e-05,-3e-05,-5e-05,-0.00031,-0.00017,0.00011,0.0,6
61277,-3e-05,-4e-05,-3e-05,-5e-05,-0.00031,-0.00017,0.00011,0.0,6
61278,-3e-05,-4e-05,-3e-05,-5e-05,-0.00031,-0.00017,0.00011,0.0,6
61279,-3e-05,-4e-05,-3e-05,-5e-05,-0.00031,-0.00017,0.00011,0.0,6
61280,-3e-05,-4e-05,-3e-05,-5e-05,-0.00031,-0.00017,0.00011,0.0,6
61281,-3e-05,-4e-05,-3e-05,-5e-05,-0.00031,-0.00017,0.00011,0.0,6
61282,-3e-05,-4e-05,-3e-05,-5e-05,-0.00031,-0.00017,0.00011,0.0,6
61283,-3e-05,-4e-05,-3e-05,-5e-05,-0.00031,-0.00017,0.00011,0.0,6
61284,-3e-05,-4e-05,-3e-05,-5e-05,-0.00031,-0.00017,0.00011,0.0,6
61285,-3e-05,-4e-05,-3e-05,-5e-05,-0.00031,-0.00017,0.00011,0.0,6
61286,-3e-05,-4e-05,-3e-05,-5e-05,-0.00031,-0.00017,0.00011,0.0,6
61288,-3e-05,-4e-05,-3e-05,-5e-05,-0.00031,-0.00017,0.00011,0.0,6
61289,-3e-05,-4e-05,-3e-05,-5e-05,-0.00031,-0.00017,0.00011,0.0,6
61290,-3e-05,-4e-05,-3e-05,-5e-05,-0.00031,-0.00017,0.00011,0.0,6
61291,-3e-05,-4e-05,-3e-05,-5e-05,-0.00031,-0.00017,0.00011,0.0,6
61292,-3e-05,-4e-05,-3e-05,-5e-05,-0.00031,-0.00017,0.00011,0.0,6
61293,-3e-05,-4e-05,-3e-05,-5e-05,-0.00031,-0.00017,0.00011,0.0,6
61294,1e-05,2e-05,1e-05,1e-05,0.00018,0.00011,0.0,-5e-05,6
61295,1e-05,2e-05,1e-05,1e-05,0.00018,0.00011,0.0,-5e-05,6
61296,1e-05,2e-05,1e-05,1e-05,0.00018,0.00011,0.0,-5e-05,6
61297,1e-05,2e-05,1e-05,1e-05,0.00018,0.00011,0.0,-5e-05,6
61298,1e-05,2e-05,1e-05,1e-05,0.00018,0.00011,0.0,-5e-05,6
61299,1e-05,2e-05,1e-05,1e-05,0.00018,0.00011,0.0,-5e-05,6
61300,1e-05,2e-05,1e-05,1e-05,0.00018,0.00011,0.0,-5e-05,6
61301,1e-05,2e-05,1e-05,1e-05,0.00018,0.00011,0.0,-5e-05,6
61302,1e-05,2e-05,1e-05,1e-05,0.00018,0.00011,0.0,-5e-05,6
61304,1e-05,2e-05,1e-05,1e-05,0.00018,0.00011,0.0,-5e-05,6
61305,1e-05,2e-05,1e-05,1e-05,0.00018,0.00011,0.0,-5e-05,6
61306,1e-05,2e-05,1e-05,1e-05,0.00018,0.00011,0.0,-5e-05,6
61307,1e-05,2e-05,1e-05,1e-05,0.00018,0.00011,0.0,-5e-05,6
61308,1e-05,2e-05,1e-05,1e-05,0.00018,0.00011,0.0,-5e-05,6
61309,1e-05,2e-05,1e-05,1e-05,0.00018,0.00011,0.0,-5e-05,6
61310,1e-05,2e-05,1e-05,1e-05,0.00018,0.00011,0.0,-5e-05,6
61311,1e-05,2e-05,1e-05,1e-05,0.00018,0.00011,0.0,-5e-05,6
61312,1e-05,2e-05,1e-05,1e-05,0.00018,0.00011,0.0,-5e-05,6
61313,1e-05,2e-05,1e-05,1e-05,0.00018,0.00011,0.0,-5e-05,6
61314,1e-05,2e-05,1e-05,1e-05,0.00018,0.00011,0.0,-5e-05,6
61315,1e-05,2e-05,1e-05,1e-05,0.00018,0.00011,0.0,-5e-05,6
61316,0.0,-4e-05,-4e-05,-1e-05,-9e-05,0.00012,1e-05,6e-05,6
61317,-3e-05,-4e-05,-3e-05,-4e-05,0.00017,1e-05,-0.00012,-9e-05,6
61318,-3e-05,-4e-05,-3e-05,-4e-05,0.00017,1e-05,-0.00012,-9e-05,6
61319,-3e-05,-4e-05,-3e-05,-4e-05,0.00017,1e-05,-0.00012,-9e-05,6
61320,-3e-05,-4e-05,-3e-05,-4e-05,0.00017,1e-05,-0.00012,-9e-05,6
61321,-3e-05,-4e-05,-3e-05,-4e-05,0.00017,1e-05,-0.00012,-9e-05,6
61322,-3e-05,-4e-05,-3e-05,-4e-05,0.00017,1e-05,-0.00012,-9e-05,6
61323,-3e-05,-4e-05,-3e-05,-4e-05,0.00017,1e-05,-0.00012,-9e-05,6
61324,-3e-05,-4e-05,-3e-05,-4e-05,0.00017,1e-05,-0.00012,-9e-05,6
61325,-3e-05,-4e-05,-3e-05,-4e-05,0.00017,1e-05,-0.00012,-9e-05,0
61326,-3e-05,-4e-05,-3e-05,-4e-05,0.00017,1e-05,-0.00012,-9e-05,0
61327,-3e-05,-4e-05,-3e-05,-4e-05,0.00017,1e-05,-0.00012,-9e-05,0
61328,-3e-05,-4e-05,-3e-05,-4e-05,0.00017,1e-05,-0.00012,-9e-05,0
61329,-3e-05,-4e-05,-3e-05,-4e-05,0.00017,1e-05,-0.00012,-9e-05,0
61330,-2e-05,-1e-05,-3e-05,-6e-05,-0.00021,-0.00017,-3e-05,3e-05,0
61331,-3e-05,-4e-05,-4e-05,-9e-05,-0.00014,2e-05,-4e-05,-0.0007,0
61332,-3e-05,-4e-05,-4e-05,-9e-05,-0.00014,2e-05,-4e-05,-0.0007,0
61333,-3e-05,-4e-05,-4e-05,-9e-05,-0.00014,2e-05,-4e-05,-0.0007,0
61334,-3e-05,-4e-05,-4e-05,-9e-05,-0.00014,2e-05,-4e-05,-0.0007,0
61335,-3e-05,-4e-05,-4e-05,-9e-05,-0.00014,2e-05,-4e-05,-0.0007,0
61336,-3e-05,-4e-05,-4e-05,-9e-05,-0.00014,2e-05,-4e-05,-0.0007,0
61338,-3e-05,-4e-05,-4e-05,-9e-05,-0.00014,2e-05,-4e-05,-0.0007,0
61339,-3e-05,-4e-05,-4e-05,-9e-05,-0.00014,2e-05,-4e-05,-0.0007,0
61340,-3e-05,-4e-05,-4e-05,-9e-05,-0.00014,2e-05,-4e-05,-0.0007,0
61341,-3e-05,-4e-05,-4e-05,-9e-05,-0.00014,2e-05,-4e-05,-0.0007,0
61342,-3e-05,-4e-05,-4e-05,-9e-05,-0.00014,2e-05,-4e-05,-0.0007,0
61343,-3e-05,-4e-05,-4e-05,-9e-05,-0.00014,2e-05,-4e-05,-0.0007,0
61344,-3e-05,-4e-05,-4e-05,-9e-05,-0.00014,2e-05,-4e-05,-0.0007,0
61345,-3e-05,-4e-05,-4e-05,-9e-05,-0.00014,2e-05,-4e-05,-0.0007,0
61346,-3e-05,-4e-05,-4e-05,-9e-05,-0.00014,2e-05,-4e-05,-0.0007,0
61347,-3e-05,-4e-05,-4e-05,-9e-05,-0.00014,2e-05,-4e-05,-0.0007,0
61348,-3e-05,-4e-05,-4e-05,-9e-05,-0.00014,2e-05,-4e-05,-0.0007,0
61349,-3e-05,-4e-05,-4e-05,-9e-05,-0.00014,2e-05,-4e-05,-0.0007,0
61350,-3e-05,-4e-05,-4e-05,-9e-05,-0.00014,2e-05,-4e-05,-0.0007,0
61351,-3e-05,-4e-05,-4e-05,-9e-05,-0.00014,2e-05,-4e-05,-0.0007,0
61352,-3e-05,-4e-05,-4e-05,-9e-05,-0.00014,2e-05,-4e-05,-0.0007,0
61354,3e-05,1e-05,3e-05,9e-05,0.00031,0.00073,9e-05,0.00025,0
61355,3e-05,1e-05,3e-05,9e-05,0.00031,0.00073,9e-05,0.00025,0
61356,3e-05,1e-05,3e-05,9e-05,0.00031,0.00073,9e-05,0.00025,0
61357,3e-05,1e-05,3e-05,9e-05,0.00031,0.00073,9e-05,0.00025,0
61358,3e-05,1e-05,3e-05,9e-05,0.00031,0.00073,9e-05,0.00025,0
61359,3e-05,1e-05,3e-05,9e-05,0.00031,0.00073,9e-05,0.00025,0
61360,3e-05,1e-05,3e-05,9e-05,0.00031,0.00073,9e-05,0.00025,0
61361,3e-05,1e-05,3e-05,9e-05,0.00031,0.00073,9e-05,0.00025,0
61362,3e-05,1e-05,3e-05,9e-05,0.00031,0.00073,9e-05,0.00025,0
61363,3e-05,1e-05,3e-05,9e-05,0.00031,0.00073,9e-05,0.00025,0
61364,3e-05,1e-05,3e-05,9e-05,0.00031,0.00073,9e-05,0.00025,0
61365,3e-05,1e-05,3e-05,9e-05,0.00031,0.00073,9e-05,0.00025,0
61366,3e-05,1e-05,3e-05,9e-05,0.00031,0.00073,9e-05,0.00025,0
61367,3e-05,1e-05,3e-05,9e-05,0.00031,0.00073,9e-05,0.00025,0
61368,3e-05,1e-05,3e-05,9e-05,0.00031,0.00073,9e-05,0.00025,0
61369,3e-05,1e-05,3e-05,9e-05,0.00031,0.00073,9e-05,0.00025,0
61370,3e-05,1e-05,3e-05,9e-05,0.00031,0.00073,9e-05,0.00025,0
61371,3e-05,1e-05,3e-05,9e-05,0.00031,0.00073,9e-05,0.00025,0
61372,3e-05,1e-05,3e-05,9e-05,0.00031,0.00073,9e-05,0.00025,0
61373,3e-05,1e-05,3e-05,9e-05,0.00031,0.00073,9e-05,0.00025,0
61374,3e-05,1e-05,3e-05,9e-05,0.00031,0.00073,9e-05,0.00025,0
61375,3e-05,1e-05,3e-05,9e-05,0.00031,0.00073,9e-05,0.00025,0
61376,0.0,-3e-05,-3e-05,-2e-05,-0.00013,5e-05,1e-05,-4e-05,0
61377,0.0,-2e-05,1e-05,1e-05,-8e-05,-9e-05,-1e-05,9e-05,0
61378,0.0,-2e-05,1e-05,1e-05,-8e-05,-9e-05,-1e-05,9e-05,0
61379,0.0,-2e-05,1e-05,1e-05,-8e-05,-9e-05,-1e-05,9e-05,0
61380,0.0,-2e-05,1e-05,1e-05,-8e-05,-9e-05,-1e-05,9e-05,0
61381,0.0,-2e-05,1e-05,1e-05,-8e-05,-9e-05,-1e-05,9e-05,0
61382,0.0,-2e-05,1e-05,1e-05,-8e-05,-9e-05,-1e-05,9e-05,0
61383,0.0,-2e-05,1e-05,1e-05,-8e-05,-9e-05,-1e-05,9e-05,0
61384,0.0,-2e-05,1e-05,1e-05,-8e-05,-9e-05,-1e-05,9e-05,0
61385,0.0,-2e-05,1e-05,1e-05,-8e-05,-9e-05,-1e-05,9e-05,0
61386,0.0,-2e-05,1e-05,1e-05,-8e-05,-9e-05,-1e-05,9e-05,0
61388,0.0,-2e-05,1e-05,1e-05,-8e-05,-9e-05,-1e-05,9e-05,0
61389,0.0,-2e-05,1e-05,1e-05,-8e-05,-9e-05,-1e-05,9e-05,0
61390,0.0,-2e-05,1e-05,1e-05,-8e-05,-9e-05,-1e-05,9e-05,0
61391,-2e-05,-2e-05,-5e-05,-3e-05,0.0,8e-05,2e-05,-4e-05,0
61392,-1e-05,1e-05,1e-05,0.0,-0.00016,-0.00045,-8e-05,3e-05,0
61393,-1e-05,1e-05,1e-05,0.0,-0.00016,-0.00045,-8e-05,3e-05,0
61394,-1e-05,1e-05,1e-05,0.0,-0.00016,-0.00045,-8e-05,3e-05,0
61395,-1e-05,1e-05,1e-05,0.0,-0.00016,-0.00045,-8e-05,3e-05,0
61396,-1e-05,1e-05,1e-05,0.0,-0.00016,-0.00045,-8e-05,3e-05,0
61397,-1e-05,1e-05,1e-05,0.0,-0.00016,-0.00045,-8e-05,3e-05,0
61398,-1e-05,1e-05,1e-05,0.0,-0.00016,-0.00045,-8e-05,3e-05,0
61399,-1e-05,1e-05,1e-05,0.0,-0.00016,-0.00045,-8e-05,3e-05,0
61400,-1e-05,1e-05,1e-05,0.0,-0.00016,-0.00045,-8e-05,3e-05,0
61401,-1e-05,1e-05,1e-05,0.0,-0.00016,-0.00045,-8e-05,3e-05,0
61403,-1e-05,1e-05,1e-05,0.0,-0.00016,-0.00045,-8e-05,3e-05,0
61404,-1e-05,1e-05,1e-05,0.0,-0.00016,-0.00045,-8e-05,3e-05,0
61405,-1e-05,1e-05,1e-05,0.0,-0.00016,-0.00045,-8e-05,3e-05,0
61406,-1e-05,1e-05,1e-05,0.0,-0.00016,-0.00045,-8e-05,3e-05,0
61407,-1e-05,1e-05,1e-05,0.0,-0.00016,-0.00045,-8e-05,3e-05,0
61408,-1e-05,1e-05,1e-05,0.0,-0.00016,-0.00045,-8e-05,3e-05,0
61409,-1e-05,1e-05,1e-05,0.0,-0.00016,-0.00045,-8e-05,3e-05,0
61410,-1e-05,1e-05,1e-05,0.0,-0.00016,-0.00045,-8e-05,3e-05,0
61411,-1e-05,1e-05,1e-05,0.0,-0.00016,-0.00045,-8e-05,3e-05,0
61412,-1e-05,1e-05,1e-05,0.0,-0.00016,-0.00045,-8e-05,3e-05,0
61413,-1e-05,1e-05,1e-05,0.0,-0.00016,-0.00045,-8e-05,3e-05,0
61414,-1e-05,2e-05,1e-05,0.00012,0.00043,0.00012,8e-05,6e-05,0
61415,-1e-05,2e-05,1e-05,0.00012,0.00043,0.00012,8e-05,6e-05,0
61416,-1e-05,2e-05,1e-05,0.00012,0.00043,0.00012,8e-05,6e-05,0
61417,-1e-05,2e-05,1e-05,0.00012,0.00043,0.00012,8e-05,6e-05,0
61418,-1e-05,2e-05,1e-05,0.00012,0.00043,0.00012,8e-05,6e-05,0
61419,-1e-05,2e-05,1e-05,0.00012,0.00043,0.00012,8e-05,6e-05,0
61420,-1e-05,2e-05,1e-05,0.00012,0.00043,0.00012,8e-05,6e-05,0
61421,-1e-05,2e-05,1e-05,0.00012,0.00043,0.00012,8e-05,6e-05,0
61422,-1e-05,2e-05,1e-05,0.00012,0.00043,0.00012,8e-05,6e-05,0
61423,-1e-05,2e-05,1e-05,0.00012,0.00043,0.00012,8e-05,6e-05,0
61424,-1e-05,2e-05,1e-05,0.00012,0.00043,0.00012,8e-05,6e-05,0
61425,-1e-05,2e-05,1e-05,0.00012,0.00043,0.00012,8e-05,6e-05,0
61426,-1e-05,2e-05,1e-05,0.00012,0.00043,0.00012,8e-05,6e-05,0
61427,-1e-05,2e-05,1e-05,0.00012,0.00043,0.00012,8e-05,6e-05,0
61428,-1e-05,2e-05,1e-05,0.00012,0.00043,0.00012,8e-05,6e-05,0
61429,-1e-05,2e-05,1e-05,0.00012,0.00043,0.00012,8e-05,6e-05,0
61430,-1e-05,2e-05,1e-05,0.00012,0.00043,0.00012,8e-05,6e-05,0
61431,-1e-05,2e-05,1e-05,0.00012,0.00043,0.00012,8e-05,6e-05,0
61432,-1e-05,2e-05,1e-05,0.00012,0.00043,0.00012,8e-05,6e-05,0
61433,-1e-05,2e-05,1e-05,0.00012,0.00043,0.00012,8e-05,6e-05,0
61434,-1e-05,2e-05,1e-05,0.00012,0.00043,0.00012,8e-05,6e-05,0
61435,-1e-05,2e-05,1e-05,0.00012,0.00043,0.00012,8e-05,6e-05,0
61436,-1e-05,2e-05,1e-05,0.00012,0.00043,0.00012,8e-05,6e-05,0
61439,-3e-05,-5e-05,-9e-05,-0.00017,-0.00042,-0.00019,1e-05,0.0001,0
61440,-3e-05,-5e-05,-9e-05,-0.00017,-0.00042,-0.00019,1e-05,0.0001,0
61441,-3e-05,-5e-05,-9e-05,-0.00017,-0.00042,-0.00019,1e-05,0.0001,0
61442,-3e-05,-5e-05,-9e-05,-0.00017,-0.00042,-0.00019,1e-05,0.0001,0
61443,-3e-05,-5e-05,-9e-05,-0.00017,-0.00042,-0.00019,1e-05,0.0001,0
61444,-3e-05,-5e-05,-9e-05,-0.00017,-0.00042,-0.00019,1e-05,0.0001,0
61445,-3e-05,-5e-05,-9e-05,-0.00017,-0.00042,-0.00019,1e-05,0.0001,0
61446,-3e-05,-5e-05,-9e-05,-0.00017,-0.00042,-0.00019,1e-05,0.0001,0
61447,-3e-05,-5e-05,-9e-05,-0.00017,-0.00042,-0.00019,1e-05,0.0001,0
61448,-3e-05,-5e-05,-9e-05,-0.00017,-0.00042,-0.00019,1e-05,0.0001,0
61449,-3e-05,-5e-05,-9e-05,-0.00017,-0.00042,-0.00019,1e-05,0.0001,0
61450,-2e-05,0.0,1e-05,4e-05,0.00014,0.00015,2e-05,3e-05,0
61451,1e-05,1e-05,2e-05,-1e-05,0.0001,0.00023,2e-05,4e-05,0
61452,1e-05,1e-05,2e-05,-1e-05,0.0001,0.00023,2e-05,4e-05,0
61454,1e-05,1e-05,2e-05,-1e-05,0.0001,0.00023,2e-05,4e-05,0
61455,1e-05,1e-05,2e-05,-1e-05,0.0001,0.00023,2e-05,4e-05,0
61456,1e-05,1e-05,2e-05,-1e-05,0.0001,0.00023,2e-05,4e-05,0
61457,1e-05,1e-05,2e-05,-1e-05,0.0001,0.00023,2e-05,4e-05,0
61458,1e-05,1e-05,2e-05,-1e-05,0.0001,0.00023,2e-05,4e-05,0
61459,1e-05,1e-05,2e-05,-1e-05,0.0001,0.00023,2e-05,4e-05,0
61460,1e-05,1e-05,2e-05,-1e-05,0.0001,0.00023,2e-05,4e-05,0
61461,1e-05,1e-05,2e-05,-1e-05,0.0001,0.00023,2e-05,4e-05,0
61462,1e-05,1e-05,2e-05,-1e-05,0.0001,0.00023,2e-05,4e-05,0
61463,1e-05,1e-05,2e-05,-1e-05,0.0001,0.00023,2e-05,4e-05,0
61464,1e-05,1e-05,2e-05,-1e-05,0.0001,0.00023,2e-05,4e-05,0
61465,1e-05,1e-05,2e-05,-1e-05,0.0001,0.00023,2e-05,4e-05,0
61466,1e-05,1e-05,2e-05,-1e-05,0.0001,0.00023,2e-05,4e-05,0
61467,1e-05,1e-05,2e-05,-1e-05,0.0001,0.00023,2e-05,4e-05,0
61468,1e-05,1e-05,2e-05,-1e-05,0.0001,0.00023,2e-05,4e-05,0
61469,1e-05,1e-05,2e-05,-1e-05,0.0001,0.00023,2e-05,4e-05,0
61470,1e-05,1e-05,2e-05,-1e-05,0.0001,0.00023,2e-05,4e-05,0
61471,1e-05,1e-05,2e-05,-1e-05,0.0001,0.00023,2e-05,4e-05,0
61472,1e-05,1e-05,2e-05,-1e-05,0.0001,0.00023,2e-05,4e-05,0
61473,1e-05,1e-05,2e-05,-1e-05,0.0001,0.00023,2e-05,4e-05,0
61474,1e-05,-1e-05,-1e-05,-4e-05,-0.00011,5e-05,-4e-05,6e-05,0
61475,1e-05,-1e-05,-1e-05,-4e-05,-0.00011,5e-05,-4e-05,6e-05,0
61476,1e-05,-1e-05,-1e-05,-4e-05,-0.00011,5e-05,-4e-05,6e-05,0
61477,1e-05,-1e-05,-1e-05,-4e-05,-0.00011,5e-05,-4e-05,6e-05,0
61478,1e-05,-1e-05,-1e-05,-4e-05,-0.00011,5e-05,-4e-05,6e-05,0
61479,1e-05,-1e-05,-1e-05,-4e-05,-0.00011,5e-05,-4e-05,6e-05,0
61480,1e-05,-1e-05,-1e-05,-4e-05,-0.00011,5e-05,-4e-05,6e-05,0
61481,1e-05,-1e-05,-1e-05,-4e-05,-0.00011,5e-05,-4e-05,6e-05,0
61482,1e-05,-1e-05,-1e-05,-4e-05,-0.00011,5e-05,-4e-05,6e-05,0
61483,1e-05,-1e-05,-1e-05,-4e-05,-0.00011,5e-05,-4e-05,6e-05,0
61484,1e-05,-1e-05,-1e-05,-4e-05,-0.00011,5e-05,-4e-05,6e-05,0
61485,1e-05,-1e-05,-1e-05,-4e-05,-0.00011,5e-05,-4e-05,6e-05,0
61487,1e-05,-1e-05,-1e-05,-4e-05,-0.00011,5e-05,-4e-05,6e-05,0
61489,1e-05,-1e-05,-1e-05,-4e-05,-0.00011,5e-05,-4e-05,6e-05,0
61490,1e-05,-1e-05,-1e-05,-4e-05,-0.00011,5e-05,-4e-05,6e-05,0
61491,1e-05,-1e-05,-1e-05,-4e-05,-0.00011,5e-05,-4e-05,6e-05,0
61492,1e-05,-1e-05,-1e-05,-4e-05,-0.00011,5e-05,-4e-05,6e-05,0
61493,1e-05,-1e-05,-1e-05,-4e-05,-0.00011,5e-05,-4e-05,6e-05,0
61494,1e-05,-1e-05,-1e-05,-4e-05,-0.00011,5e-05,-4e-05,6e-05,0
61495,1e-05,-1e-05,-1e-05,-4e-05,-0.00011,5e-05,-4e-05,6e-05,0
61496,-2e-05,1e-05,-1e-05,4e-05,1e-05,-8e-05,-8e-05,0.0001,0
61497,-2e-05,0.0,0.0,-5e-05,-0.00017,-0.00016,-8e-05,-0.00014,0
61498,-2e-05,0.0,0.0,-5e-05,-0.00017,-0.00016,-8e-05,-0.00014,0
61499,-2e-05,0.0,0.0,-5e-05,-0.00017,-0.00016,-8e-05,-0.00014,0
61500,-2e-05,0.0,0.0,-5e-05,-0.00017,-0.00016,-8e-05,-0.00014,0
61501,-2e-05,0.0,0.0,-5e-05,-0.00017,-0.00016,-8e-05,-0.00014,0
61502,-2e-05,0.0,0.0,-5e-05,-0.00017,-0.00016,-8e-05,-0.00014,0
61504,-2e-05,0.0,0.0,-5e-05,-0.00017,-0.00016,-8e-05,-0.00014,0
61505,-2e-05,0.0,0.0,-5e-05,-0.00017,-0.00016,-8e-05,-0.00014,0
61506,-2e-05,0.0,0.0,-5e-05,-0.00017,-0.00016,-8e-05,-0.00014,0
61507,-2e-05,0.0,0.0,-5e-05,-0.00017,-0.00016,-8e-05,-0.00014,0
61508,-2e-05,0.0,0.0,-5e-05,-0.00017,-0.00016,-8e-05,-0.00014,0
61509,-2e-05,0.0,0.0,-5e-05,-0.00017,-0.00016,-8e-05,-0.00014,0
61510,-3e-05,-5e-05,-8e-05,-1e-05,0.00012,0.00025,7e-05,5e-05,0
61511,0.0,-2e-05,1e-05,4e-05,-7e-05,-0.00011,1e-05,0.00011,0
61512,0.0,-2e-05,1e-05,4e-05,-7e-05,-0.00011,1e-05,0.00011,0
61513,0.0,-2e-05,1e-05,4e-05,-7e-05,-0.00011,1e-05,0.00011,0
61514,0.0,-2e-05,1e-05,4e-05,-7e-05,-0.00011,1e-05,0.00011,0
61515,0.0,-2e-05,1e-05,4e-05,-7e-05,-0.00011,1e-05,0.00011,0
61516,0.0,-2e-05,1e-05,4e-05,-7e-05,-0.00011,1e-05,0.00011,0
61517,0.0,-2e-05,1e-05,4e-05,-7e-05,-0.00011,1e-05,0.00011,0
61518,0.0,-2e-05,1e-05,4e-05,-7e-05,-0.00011,1e-05,0.00011,0
61519,0.0,-2e-05,1e-05,4e-05,-7e-05,-0.00011,1e-05,0.00011,0
61520,0.0,-2e-05,1e-05,4e-05,-7e-05,-0.00011,1e-05,0.00011,0
61521,0.0,-2e-05,1e-05,4e-05,-7e-05,-0.00011,1e-05,0.00011,0
61522,0.0,-2e-05,1e-05,4e-05,-7e-05,-0.00011,1e-05,0.00011,0
61523,0.0,-2e-05,1e-05,4e-05,-7e-05,-0.00011,1e-05,0.00011,0
61524,0.0,-2e-05,1e-05,4e-05,-7e-05,-0.00011,1e-05,0.00011,0
61525,0.0,-2e-05,1e-05,4e-05,-7e-05,-0.00011,1e-05,0.00011,0
61526,0.0,-2e-05,1e-05,4e-05,-7e-05,-0.00011,1e-05,0.00011,0
61527,0.0,-2e-05,1e-05,4e-05,-7e-05,-0.00011,1e-05,0.00011,0
61528,0.0,-2e-05,1e-05,4e-05,-7e-05,-0.00011,1e-05,0.00011,0
61529,0.0,-2e-05,1e-05,4e-05,-7e-05,-0.00011,1e-05,0.00011,0
61530,0.0,-2e-05,1e-05,4e-05,-7e-05,-0.00011,1e-05,0.00011,0
61531,0.0,-2e-05,1e-05,4e-05,-7e-05,-0.00011,1e-05,0.00011,0
61532,0.0,-2e-05,1e-05,4e-05,-7e-05,-0.00011,1e-05,0.00011,0
61533,0.0,-2e-05,1e-05,4e-05,-7e-05,-0.00011,1e-05,0.00011,0
61534,1e-05,-2e-05,-3e-05,-4e-05,-9e-05,-0.00012,3e-05,2e-05,0
61535,-4e-05,-6e-05,-6e-05,-8e-05,-1e-05,-0.00017,-2e-05,-1e-05,0
61537,-4e-05,-6e-05,-6e-05,-8e-05,-1e-05,-0.00017,-2e-05,-1e-05,0
61539,-4e-05,-6e-05,-6e-05,-8e-05,-1e-05,-0.00017,-2e-05,-1e-05,0
61540,-4e-05,-6e-05,-6e-05,-8e-05,-1e-05,-0.00017,-2e-05,-1e-05,0
61541,-4e-05,-6e-05,-6e-05,-8e-05,-1e-05,-0.00017,-2e-05,-1e-05,0
61542,-4e-05,-6e-05,-6e-05,-8e-05,-1e-05,-0.00017,-2e-05,-1e-05,0
61543,-4e-05,-6e-05,-6e-05,-8e-05,-1e-05,-0.00017,-2e-05,-1e-05,0
61544,-4e-05,-6e-05,-6e-05,-8e-05,-1e-05,-0.00017,-2e-05,-1e-05,0
61545,-4e-05,-6e-05,-6e-05,-8e-05,-1e-05,-0.00017,-2e-05,-1e-05,0
61546,-4e-05,-6e-05,-6e-05,-8e-05,-1e-05,-0.00017,-2e-05,-1e-05,0
61547,-4e-05,-6e-05,-6e-05,-8e-05,-1e-05,-0.00017,-2e-05,-1e-05,0
61548,-4e-05,-6e-05,-6e-05,-8e-05,-1e-05,-0.00017,-2e-05,-1e-05,0
61549,-4e-05,-6e-05,-6e-05,-8e-05,-1e-05,-0.00017,-2e-05,-1e-05,0
61550,-4e-05,-6e-05,-6e-05,-8e-05,-1e-05,-0.00017,-2e-05,-1e-05,0
61551,-4e-05,-6e-05,-6e-05,-8e-05,-1e-05,-0.00017,-2e-05,-1e-05,0
61552,-4e-05,-6e-05,-6e-05,-8e-05,-1e-05,-0.00017,-2e-05,-1e-05,0
61554,-4e-05,-6e-05,-6e-05,-8e-05,-1e-05,-0.00017,-2e-05,-1e-05,0
61555,-4e-05,-6e-05,-6e-05,-8e-05,-1e-05,-0.00017,-2e-05,-1e-05,0
61556,-4e-05,-6e-05,-6e-05,-8e-05,-1e-05,-0.00017,-2e-05,-1e-05,0
61557,-4e-05,-6e-05,-6e-05,-8e-05,-1e-05,-0.00017,-2e-05,-1e-05,0
61558,-4e-05,-6e-05,-6e-05,-8e-05,-1e-05,-0.00017,-2e-05,-1e-05,0
61559,-4e-05,-6e-05,-6e-05,-8e-05,-1e-05,-0.00017,-2e-05,-1e-05,0
61560,-4e-05,-6e-05,-6e-05,-8e-05,-1e-05,-0.00017,-2e-05,-1e-05,0
61561,-4e-05,-6e-05,-6e-05,-8e-05,-1e-05,-0.00017,-2e-05,-1e-05,0
61562,-4e-05,-6e-05,-6e-05,-8e-05,-1e-05,-0.00017,-2e-05,-1e-05,0
61563,0.0,0.0,5e-05,0.0001,-8e-05,-0.00011,2e-05,-3e-05,0
61564,0.0,0.0,-6e-05,0.0,8e-05,2e-05,-1e-05,-2e-05,0
61565,0.0,0.0,-6e-05,0.0,8e-05,2e-05,-1e-05,-2e-05,0
61566,0.0,0.0,-6e-05,0.0,8e-05,2e-05,-1e-05,-2e-05,0
61567,0.0,0.0,-6e-05,0.0,8e-05,2e-05,-1e-05,-2e-05,0
61568,0.0,0.0,-6e-05,0.0,8e-05,2e-05,-1e-05,-2e-05,0
61569,0.0,0.0,-6e-05,0.0,8e-05,2e-05,-1e-05,-2e-05,0
61570,-3e-05,-5e-05,-0.00011,-3e-05,1e-05,5e-05,0.0,-6e-05,0
61571,0.0,2e-05,8e-05,0.00012,-0.00028,0.00012,0.0,2e-05,0
61572,0.0,2e-05,8e-05,0.00012,-0.00028,0.00012,0.0,2e-05,0
61573,0.0,2e-05,8e-05,0.00012,-0.00028,0.00012,0.0,2e-05,0
61574,0.0,2e-05,8e-05,0.00012,-0.00028,0.00012,0.0,2e-05,0
61575,0.0,2e-05,8e-05,0.00012,-0.00028,0.00012,0.0,2e-05,0
61576,0.0,2e-05,8e-05,0.00012,-0.00028,0.00012,0.0,2e-05,0
61577,0.0,2e-05,8e-05,0.00012,-0.00028,0.00012,0.0,2e-05,0
61578,0.0,2e-05,8e-05,0.00012,-0.00028,0.00012,0.0,2e-05,0
61579,0.0,2e-05,8e-05,0.00012,-0.00028,0.00012,0.0,2e-05,0
61580,0.0,2e-05,8e-05,0.00012,-0.00028,0.00012,0.0,2e-05,0
61581,0.0,2e-05,8e-05,0.00012,-0.00028,0.00012,0.0,2e-05,0
61582,0.0,2e-05,8e-05,0.00012,-0.00028,0.00012,0.0,2e-05,0
61583,0.0,2e-05,8e-05,0.00012,-0.00028,0.00012,0.0,2e-05,0
61584,0.0,2e-05,8e-05,0.00012,-0.00028,0.00012,0.0,2e-05,0
61585,0.0,2e-05,8e-05,0.00012,-0.00028,0.00012,0.0,2e-05,0
61587,0.0,2e-05,8e-05,0.00012,-0.00028,0.00012,0.0,2e-05,0
61589,0.0,2e-05,8e-05,0.00012,-0.00028,0.00012,0.0,2e-05,0
61590,0.0,2e-05,8e-05,0.00012,-0.00028,0.00012,0.0,2e-05,0
61591,0.0,2e-05,8e-05,0.00012,-0.00028,0.00012,0.0,2e-05,0
61592,0.0,2e-05,8e-05,0.00012,-0.00028,0.00012,0.0,2e-05,0
61593,0.0,2e-05,8e-05,0.00012,-0.00028,0.00012,0.0,2e-05,0
61594,-2e-05,-5e-05,6e-05,0.00037,-5e-05,-0.00018,-1e-05,-3e-05,0
61595,-2e-05,-5e-05,6e-05,0.00037,-5e-05,-0.00018,-1e-05,-3e-05,0
61596,-2e-05,-5e-05,6e-05,0.00037,-5e-05,-0.00018,-1e-05,-3e-05,0
61597,-2e-05,-5e-05,6e-05,0.00037,-5e-05,-0.00018,-1e-05,-3e-05,0
61598,-2e-05,-5e-05,6e-05,0.00037,-5e-05,-0.00018,-1e-05,-3e-05,0
61599,-2e-05,-5e-05,6e-05,0.00037,-5e-05,-0.00018,-1e-05,-3e-05,0
61600,-2e-05,-5e-05,6e-05,0.00037,-5e-05,-0.00018,-1e-05,-3e-05,0
61601,-2e-05,-5e-05,6e-05,0.00037,-5e-05,-0.00018,-1e-05,-3e-05,0
61602,-2e-05,-5e-05,6e-05,0.00037,-5e-05,-0.00018,-1e-05,-3e-05,0
61604,-2e-05,-5e-05,6e-05,0.00037,-5e-05,-0.00018,-1e-05,-3e-05,0
61605,-2e-05,-5e-05,6e-05,0.00037,-5e-05,-0.00018,-1e-05,-3e-05,0
61606,-2e-05,-5e-05,6e-05,0.00037,-5e-05,-0.00018,-1e-05,-3e-05,0
61607,-2e-05,-5e-05,6e-05,0.00037,-5e-05,-0.00018,-1e-05,-3e-05,0
61608,-2e-05,-5e-05,6e-05,0.00037,-5e-05,-0.00018,-1e-05,-3e-05,0
61609,-2e-05,-5e-05,6e-05,0.00037,-5e-05,-0.00018,-1e-05,-3e-05,0
61610,-2e-05,-5e-05,6e-05,0.00037,-5e-05,-0.00018,-1e-05,-3e-05,0
61611,-2e-05,-5e-05,6e-05,0.00037,-5e-05,-0.00018,-1e-05,-3e-05,0
61612,-2e-05,-5e-05,6e-05,0.00037,-5e-05,-0.00018,-1e-05,-3e-05,0
61613,-2e-05,-5e-05,6e-05,0.00037,-5e-05,-0.00018,-1e-05,-3e-05,0
61614,-2e-05,-5e-05,6e-05,0.00037,-5e-05,-0.00018,-1e-05,-3e-05,0
61615,-2e-05,-5e-05,6e-05,0.00037,-5e-05,-0.00018,-1e-05,-3e-05,0
61616,1e-05,2e-05,6e-05,-2e-05,5e-05,7e-05,2e-05,2e-05,0
61617,0.0,0.0,-4e-05,-0.00035,3e-05,-3e-05,-1e-05,2e-05,0
61618,0.0,0.0,-4e-05,-0.00035,3e-05,-3e-05,-1e-05,2e-05,0
61619,0.0,0.0,-4e-05,-0.00035,3e-05,-3e-05,-1e-05,2e-05,0
61620,0.0,0.0,-4e-05,-0.00035,3e-05,-3e-05,-1e-05,2e-05,0
61621,0.0,0.0,-4e-05,-0.00035,3e-05,-3e-05,-1e-05,2e-05,0
61622,0.0,0.0,-4e-05,-0.00035,3e-05,-3e-05,-1e-05,2e-05,0
61623,0.0,0.0,-4e-05,-0.00035,3e-05,-3e-05,-1e-05,2e-05,0
61624,0.0,0.0,-4e-05,-0.00035,3e-05,-3e-05,-1e-05,2e-05,0
61625,0.0,0.0,-4e-05,-0.00035,3e-05,-3e-05,-1e-05,2e-05,0
61626,0.0,0.0,-4e-05,-0.00035,3e-05,-3e-05,-1e-05,2e-05,0
61627,0.0,0.0,-4e-05,-0.00035,3e-05,-3e-05,-1e-05,2e-05,0
61628,0.0,0.0,-4e-05,-0.00035,3e-05,-3e-05,-1e-05,2e-05,0
61629,0.0,0.0,-4e-05,-0.00035,3e-05,-3e-05,-1e-05,2e-05,0
61630,-3e-05,-3e-05,-8e-05,-0.00017,6e-05,-9e-05,0.0,1e-05,0
61631,-1e-05,0.0,-6e-05,-0.00015,5e-05,-2e-05,-1e-05,0.0,0
61632,-1e-05,0.0,-6e-05,-0.00015,5e-05,-2e-05,-1e-05,0.0,0
61633,-1e-05,0.0,-6e-05,-0.00015,5e-05,-2e-05,-1e-05,0.0,0
61634,-1e-05,0.0,-6e-05,-0.00015,5e-05,-2e-05,-1e-05,0.0,0
61635,-1e-05,0.0,-6e-05,-0.00015,5e-05,-2e-05,-1e-05,0.0,0
61637,-1e-05,0.0,-6e-05,-0.00015,5e-05,-2e-05,-1e-05,0.0,0
61640,-1e-05,0.0,-6e-05,-0.00015,5e-05,-2e-05,-1e-05,0.0,0
61641,-1e-05,0.0,-6e-05,-0.00015,5e-05,-2e-05,-1e-05,0.0,0
61642,-1e-05,0.0,-6e-05,-0.00015,5e-05,-2e-05,-1e-05,0.0,0
61643,-1e-05,0.0,-6e-05,-0.00015,5e-05,-2e-05,-1e-05,0.0,0
61644,-1e-05,0.0,-6e-05,-0.00015,5e-05,-2e-05,-1e-05,0.0,0
61645,-1e-05,0.0,-6e-05,-0.00015,5e-05,-2e-05,-1e-05,0.0,0
61646,-1e-05,0.0,-6e-05,-0.00015,5e-05,-2e-05,-1e-05,0.0,0
61647,-1e-05,0.0,-6e-05,-0.00015,5e-05,-2e-05,-1e-05,0.0,0
61648,-1e-05,0.0,-6e-05,-0.00015,5e-05,-2e-05,-1e-05,0.0,0
61649,-1e-05,0.0,-6e-05,-0.00015,5e-05,-2e-05,-1e-05,0.0,0
61650,-1e-05,0.0,-6e-05,-0.00015,5e-05,-2e-05,-1e-05,0.0,0
61651,-1e-05,0.0,-6e-05,-0.00015,5e-05,-2e-05,-1e-05,0.0,0
61652,-1e-05,0.0,-6e-05,-0.00015,5e-05,-2e-05,-1e-05,0.0,0
61654,-1e-05,0.0,-6e-05,-0.00015,5e-05,-2e-05,-1e-05,0.0,0
61655,-3e-05,-3e-05,2e-05,-0.00028,6e-05,0.0,-1e-05,-2e-05,0
61656,-3e-05,-3e-05,2e-05,-0.00028,6e-05,0.0,-1e-05,-2e-05,0
61657,-3e-05,-3e-05,2e-05,-0.00028,6e-05,0.0,-1e-05,-2e-05,0
61658,-3e-05,-3e-05,2e-05,-0.00028,6e-05,0.0,-1e-05,-2e-05,0
61659,-3e-05,-3e-05,2e-05,-0.00028,6e-05,0.0,-1e-05,-2e-05,0
61660,-3e-05,-3e-05,2e-05,-0.00028,6e-05,0.0,-1e-05,-2e-05,0
61661,-3e-05,-3e-05,2e-05,-0.00028,6e-05,0.0,-1e-05,-2e-05,0
61662,-3e-05,-3e-05,2e-05,-0.00028,6e-05,0.0,-1e-05,-2e-05,0
61663,-3e-05,-3e-05,2e-05,-0.00028,6e-05,0.0,-1e-05,-2e-05,0
61664,-3e-05,-3e-05,2e-05,-0.00028,6e-05,0.0,-1e-05,-2e-05,0
61665,-3e-05,-3e-05,2e-05,-0.00028,6e-05,0.0,-1e-05,-2e-05,0
61666,-3e-05,-3e-05,2e-05,-0.00028,6e-05,0.0,-1e-05,-2e-05,0
61667,-3e-05,-3e-05,2e-05,-0.00028,6e-05,0.0,-1e-05,-2e-05,0
61668,-3e-05,-3e-05,2e-05,-0.00028,6e-05,0.0,-1e-05,-2e-05,0
61669,-3e-05,-3e-05,2e-05,-0.00028,6e-05,0.0,-1e-05,-2e-05,0
61670,-3e-05,-3e-05,2e-05,-0.00028,6e-05,0.0,-1e-05,-2e-05,0
61671,-3e-05,-3e-05,2e-05,-0.00028,6e-05,0.0,-1e-05,-2e-05,0
61672,-3e-05,-3e-05,2e-05,-0.00028,6e-05,0.0,-1e-05,-2e-05,0
61673,-3e-05,-3e-05,2e-05,-0.00028,6e-05,0.0,-1e-05,-2e-05,0
61674,-3e-05,-3e-05,2e-05,-0.00028,6e-05,0.0,-1e-05,-2e-05,0
61675,-3e-05,-3e-05,2e-05,-0.00028,6e-05,0.0,-1e-05,-2e-05,0
61676,-3e-05,-5e-05,-8e-05,-5e-05,3e-05,0.0,-1e-05,3e-05,0
61677,2e-05,2e-05,7e-05,0.00038,8e-05,-5e-05,-2e-05,-2e-05,0
61678,2e-05,2e-05,7e-05,0.00038,8e-05,-5e-05,-2e-05,-2e-05,0
61679,2e-05,2e-05,7e-05,0.00038,8e-05,-5e-05,-2e-05,-2e-05,0
61680,2e-05,2e-05,7e-05,0.00038,8e-05,-5e-05,-2e-05,-2e-05,0
61681,2e-05,2e-05,7e-05,0.00038,8e-05,-5e-05,-2e-05,-2e-05,0
61682,2e-05,2e-05,7e-05,0.00038,8e-05,-5e-05,-2e-05,-2e-05,0
61683,2e-05,2e-05,7e-05,0.00038,8e-05,-5e-05,-2e-05,-2e-05,0
61684,2e-05,2e-05,7e-05,0.00038,8e-05,-5e-05,-2e-05,-2e-05,0
61685,2e-05,2e-05,7e-05,0.00038,8e-05,-5e-05,-2e-05,-2e-05,0
61686,2e-05,2e-05,7e-05,0.00038,8e-05,-5e-05,-2e-05,-2e-05,0
61689,2e-05,2e-05,7e-05,0.00038,8e-05,-5e-05,-2e-05,-2e-05,0
61690,1e-05,7e-05,0.00013,-0.00011,-7e-05,4e-05,-2e-05,0.0,0
61691,-3e-05,-1e-05,-8e-05,-0.00077,-6e-05,1e-05,-2e-05,-2e-05,0
61692,-3e-05,-1e-05,-8e-05,-0.00077,-6e-05,1e-05,-2e-05,-2e-05,0
61693,-3e-05,-1e-05,-8e-05,-0.00077,-6e-05,1e-05,-2e-05,-2e-05,0
61694,-3e-05,-1e-05,-8e-05,-0.00077,-6e-05,1e-05,-2e-05,-2e-05,0
61695,-3e-05,-1e-05,-8e-05,-0.00077,-6e-05,1e-05,-2e-05,-2e-05,0
61696,-3e-05,-1e-05,-8e-05,-0.00077,-6e-05,1e-05,-2e-05,-2e-05,0
61697,-3e-05,-1e-05,-8e-05,-0.00077,-6e-05,1e-05,-2e-05,-2e-05,0
61698,-3e-05,-1e-05,-8e-05,-0.00077,-6e-05,1e-05,-2e-05,-2e-05,0
61699,-3e-05,-1e-05,-8e-05,-0.00077,-6e-05,1e-05,-2e-05,-2e-05,0
61700,-3e-05,-1e-05,-8e-05,-0.00077,-6e-05,1e-05,-2e-05,-2e-05,0
61701,-3e-05,-1e-05,-8e-05,-0.00077,-6e-05,1e-05,-2e-05,-2e-05,0
61702,-3e-05,-1e-05,-8e-05,-0.00077,-6e-05,1e-05,-2e-05,-2e-05,0
61704,-3e-05,-1e-05,-8e-05,-0.00077,-6e-05,1e-05,-2e-05,-2e-05,0
61705,-3e-05,-1e-05,-8e-05,-0.00077,-6e-05,1e-05,-2e-05,-2e-05,0
61706,-3e-05,-1e-05,-8e-05,-0.00077,-6e-05,1e-05,-2e-05,-2e-05,0
61707,-3e-05,-1e-05,-8e-05,-0.00077,-6e-05,1e-05,-2e-05,-2e-05,0
61708,-3e-05,-1e-05,-8e-05,-0.00077,-6e-05,1e-05,-2e-05,-2e-05,0
61709,-3e-05,-1e-05,-8e-05,-0.00077,-6e-05,1e-05,-2e-05,-2e-05,0
61710,-3e-05,-1e-05,-8e-05,-0.00077,-6e-05,1e-05,-2e-05,-2e-05,0
61711,-3e-05,-1e-05,-8e-05,-0.00077,-6e-05,1e-05,-2e-05,-2e-05,0
61712,-3e-05,-1e-05,-8e-05,-0.00077,-6e-05,1e-05,-2e-05,-2e-05,0
61713,-1e-05,2e-05,0.00011,-6e-05,2e-05,4e-05,-1e-05,1e-05,0
61714,-1e-05,-2e-05,-8e-05,4e-05,-3e-05,-2e-05,0.0,0.0,0
61715,-1e-05,-2e-05,-8e-05,4e-05,-3e-05,-2e-05,0.0,0.0,0
61716,-1e-05,-2e-05,-8e-05,4e-05,-3e-05,-2e-05,0.0,0.0,0
61717,-1e-05,-2e-05,-8e-05,4e-05,-3e-05,-2e-05,0.0,0.0,0
61718,-1e-05,-2e-05,-8e-05,4e-05,-3e-05,-2e-05,0.0,0.0,0
61719,-1e-05,-2e-05,-8e-05,4e-05,-3e-05,-2e-05,0.0,0.0,0
61720,-1e-05,-2e-05,-8e-05,4e-05,-3e-05,-2e-05,0.0,0.0,0
61721,-1e-05,-2e-05,-8e-05,4e-05,-3e-05,-2e-05,0.0,0.0,0
61722,-1e-05,-2e-05,-8e-05,4e-05,-3e-05,-2e-05,0.0,0.0,0
61723,-1e-05,-2e-05,-8e-05,4e-05,-3e-05,-2e-05,0.0,0.0,0
61724,-1e-05,-2e-05,-8e-05,4e-05,-3e-05,-2e-05,0.0,0.0,0
61725,-1e-05,-2e-05,-8e-05,4e-05,-3e-05,-2e-05,0.0,0.0,0
61726,-1e-05,-2e-05,-8e-05,4e-05,-3e-05,-2e-05,0.0,0.0,0
61727,-1e-05,-2e-05,-8e-05,4e-05,-3e-05,-2e-05,0.0,0.0,0
61728,-1e-05,-2e-05,-8e-05,4e-05,-3e-05,-2e-05,0.0,0.0,0
61729,-1e-05,-2e-05,-8e-05,4e-05,-3e-05,-2e-05,0.0,0.0,0
61730,-1e-05,-2e-05,-8e-05,4e-05,-3e-05,-2e-05,0.0,0.0,0
61731,-1e-05,-2e-05,-8e-05,4e-05,-3e-05,-2e-05,0.0,0.0,0
61732,-1e-05,-2e-05,-8e-05,4e-05,-3e-05,-2e-05,0.0,0.0,0
61733,-1e-05,-2e-05,-8e-05,4e-05,-3e-05,-2e-05,0.0,0.0,0
61734,-1e-05,-2e-05,-8e-05,4e-05,-3e-05,-2e-05,0.0,0.0,0
61735,-1e-05,-2e-05,-8e-05,4e-05,-3e-05,-2e-05,0.0,0.0,0
61736,-1e-05,-2e-05,-8e-05,4e-05,-3e-05,-2e-05,0.0,0.0,0
61739,-1e-05,-4e-05,-0.00012,-0.00024,-4e-05,-3e-05,-2e-05,-2e-05,0
61740,-1e-05,-4e-05,-0.00012,-0.00024,-4e-05,-3e-05,-2e-05,-2e-05,0
61741,-1e-05,-4e-05,-0.00012,-0.00024,-4e-05,-3e-05,-2e-05,-2e-05,0
61742,-1e-05,-4e-05,-0.00012,-0.00024,-4e-05,-3e-05,-2e-05,-2e-05,0
61743,-1e-05,-4e-05,-0.00012,-0.00024,-4e-05,-3e-05,-2e-05,-2e-05,0
61744,-1e-05,-4e-05,-0.00012,-0.00024,-4e-05,-3e-05,-2e-05,-2e-05,0
61745,-1e-05,-4e-05,-0.00012,-0.00024,-4e-05,-3e-05,-2e-05,-2e-05,0
61746,-1e-05,-4e-05,-0.00012,-0.00024,-4e-05,-3e-05,-2e-05,-2e-05,0
61747,-1e-05,-4e-05,-0.00012,-0.00024,-4e-05,-3e-05,-2e-05,-2e-05,0
61748,-1e-05,-4e-05,-0.00012,-0.00024,-4e-05,-3e-05,-2e-05,-2e-05,0
61749,-1e-05,-4e-05,-0.00012,-0.00024,-4e-05,-3e-05,-2e-05,-2e-05,0
61750,0.0,0.0,2e-05,2e-05,1e-05,0.0,-1e-05,-2e-05,0
61751,0.0,-6e-05,-7e-05,0.00014,-5e-05,-8e-05,-2e-05,-2e-05,0
61752,0.0,-6e-05,-7e-05,0.00014,-5e-05,-8e-05,-2e-05,-2e-05,0
61754,0.0,-6e-05,-7e-05,0.00014,-5e-05,-8e-05,-2e-05,-2e-05,0
61755,0.0,-6e-05,-7e-05,0.00014,-5e-05,-8e-05,-2e-05,-2e-05,0
61756,0.0,-6e-05,-7e-05,0.00014,-5e-05,-8e-05,-2e-05,-2e-05,0
61757,0.0,-6e-05,-7e-05,0.00014,-5e-05,-8e-05,-2e-05,-2e-05,0
61758,0.0,-6e-05,-7e-05,0.00014,-5e-05,-8e-05,-2e-05,-2e-05,0
61759,0.0,-6e-05,-7e-05,0.00014,-5e-05,-8e-05,-2e-05,-2e-05,0
61760,0.0,-6e-05,-7e-05,0.00014,-5e-05,-8e-05,-2e-05,-2e-05,0
61761,0.0,-6e-05,-7e-05,0.00014,-5e-05,-8e-05,-2e-05,-2e-05,0
61762,0.0,-6e-05,-7e-05,0.00014,-5e-05,-8e-05,-2e-05,-2e-05,0
61763,0.0,-6e-05,-7e-05,0.00014,-5e-05,-8e-05,-2e-05,-2e-05,0
61764,0.0,-6e-05,-7e-05,0.00014,-5e-05,-8e-05,-2e-05,-2e-05,0
61765,0.0,-6e-05,-7e-05,0.00014,-5e-05,-8e-05,-2e-05,-2e-05,0
61766,0.0,-6e-05,-7e-05,0.00014,-5e-05,-8e-05,-2e-05,-2e-05,0
61767,0.0,-6e-05,-7e-05,0.00014,-5e-05,-8e-05,-2e-05,-2e-05,0
61768,0.0,-6e-05,-7e-05,0.00014,-5e-05,-8e-05,-2e-05,-2e-05,0
61769,0.0,-6e-05,-7e-05,0.00014,-5e-05,-8e-05,-2e-05,-2e-05,0
61770,0.0,-6e-05,-7e-05,0.00014,-5e-05,-8e-05,-2e-05,-2e-05,0
61771,0.0,-6e-05,-7e-05,0.00014,-5e-05,-8e-05,-2e-05,-2e-05,0
61772,0.0,-6e-05,-7e-05,0.00014,-5e-05,-8e-05,-2e-05,-2e-05,0
61773,-1e-05,0.0,0.0,0.00023,-1e-05,3e-05,0.0,-1e-05,0
61774,-1e-05,-2e-05,-0.00015,-0.00016,-4e-05,1e-05,0.0,1e-05,0
61775,-1e-05,-2e-05,-0.00015,-0.00016,-4e-05,1e-05,0.0,1e-05,0
61776,-1e-05,-2e-05,-0.00015,-0.00016,-4e-05,1e-05,0.0,1e-05,0
61777,-1e-05,-2e-05,-0.00015,-0.00016,-4e-05,1e-05,0.0,1e-05,0
61778,-1e-05,-2e-05,-0.00015,-0.00016,-4e-05,1e-05,0.0,1e-05,0
61779,-1e-05,-2e-05,-0.00015,-0.00016,-4e-05,1e-05,0.0,1e-05,0
61780,-1e-05,-2e-05,-0.00015,-0.00016,-4e-05,1e-05,0.0,1e-05,0
61781,-1e-05,-2e-05,-0.00015,-0.00016,-4e-05,1e-05,0.0,1e-05,0
61782,-1e-05,-2e-05,-0.00015,-0.00016,-4e-05,1e-05,0.0,1e-05,0
61783,-1e-05,-2e-05,-0.00015,-0.00016,-4e-05,1e-05,0.0,1e-05,0
61784,-1e-05,-2e-05,-0.00015,-0.00016,-4e-05,1e-05,0.0,1e-05,0
61785,-1e-05,-2e-05,-0.00015,-0.00016,-4e-05,1e-05,0.0,1e-05,0
61786,-1e-05,-2e-05,-0.00015,-0.00016,-4e-05,1e-05,0.0,1e-05,0
61790,-1e-05,-2e-05,-0.00015,-0.00016,-4e-05,1e-05,0.0,1e-05,0
61792,-1e-05,-2e-05,-0.00015,-0.00016,-4e-05,1e-05,0.0,1e-05,0
61793,-1e-05,-2e-05,-0.00015,-0.00016,-4e-05,1e-05,0.0,1e-05,0
61794,-1e-05,-2e-05,-0.00015,-0.00016,-4e-05,1e-05,0.0,1e-05,0
61795,-1e-05,-2e-05,-0.00015,-0.00016,-4e-05,1e-05,0.0,1e-05,0
61796,-2e-05,-3e-05,-7e-05,-9e-05,-3e-05,-1e-05,0.0,-1e-05,0
61797,-2e-05,-3e-05,-7e-05,-9e-05,-3e-05,-1e-05,0.0,-1e-05,0
61798,2e-05,-1e-05,2e-05,6e-05,1e-05,-1e-05,3e-05,-1e-05,0
61799,2e-05,-1e-05,2e-05,6e-05,1e-05,-1e-05,3e-05,-1e-05,0
61800,2e-05,-1e-05,2e-05,6e-05,1e-05,-1e-05,3e-05,-1e-05,0
61801,2e-05,-1e-05,2e-05,6e-05,1e-05,-1e-05,3e-05,-1e-05,0
61802,2e-05,-1e-05,2e-05,6e-05,1e-05,-1e-05,3e-05,-1e-05,0
61804,2e-05,-1e-05,2e-05,6e-05,1e-05,-1e-05,3e-05,-1e-05,0
61805,2e-05,-1e-05,2e-05,6e-05,1e-05,-1e-05,3e-05,-1e-05,0
61807,2e-05,-1e-05,2e-05,6e-05,1e-05,-1e-05,3e-05,-1e-05,0
61808,2e-05,-1e-05,2e-05,6e-05,1e-05,-1e-05,3e-05,-1e-05,0
61809,2e-05,-1e-05,2e-05,6e-05,1e-05,-1e-05,3e-05,-1e-05,0
61810,-3e-05,-3e-05,-6e-05,8e-05,1e-05,-2e-05,0.0,0.0,0
61811,-3e-05,-3e-05,-6e-05,8e-05,1e-05,-2e-05,0.0,0.0,0
61812,-3e-05,-3e-05,-6e-05,8e-05,1e-05,-2e-05,0.0,0.0,0
61813,-3e-05,-3e-05,-6e-05,8e-05,1e-05,-2e-05,0.0,0.0,0
61814,-3e-05,-3e-05,-6e-05,8e-05,1e-05,-2e-05,0.0,0.0,0
61815,-3e-05,-3e-05,-6e-05,8e-05,1e-05,-2e-05,0.0,0.0,0
61816,-3e-05,-3e-05,-6e-05,8e-05,1e-05,-2e-05,0.0,0.0,0
61817,-3e-05,-3e-05,-6e-05,8e-05,1e-05,-2e-05,0.0,0.0,0
61818,-3e-05,-3e-05,-6e-05,8e-05,1e-05,-2e-05,0.0,0.0,0
61819,2e-05,5e-05,0.00014,0.00032,7e-05,1e-05,-1e-05,0.0,0
61820,2e-05,5e-05,0.00014,0.00032,7e-05,1e-05,-1e-05,0.0,0
61821,2e-05,5e-05,0.00014,0.00032,7e-05,1e-05,-1e-05,0.0,0
61823,2e-05,5e-05,0.00014,0.00032,7e-05,1e-05,-1e-05,0.0,0
61824,2e-05,5e-05,0.00014,0.00032,7e-05,1e-05,-1e-05,0.0,0
61825,2e-05,5e-05,0.00014,0.00032,7e-05,1e-05,-1e-05,0.0,0
61826,2e-05,5e-05,0.00014,0.00032,7e-05,1e-05,-1e-05,0.0,0
61827,2e-05,5e-05,0.00014,0.00032,7e-05,1e-05,-1e-05,0.0,0
61828,2e-05,5e-05,0.00014,0.00032,7e-05,1e-05,-1e-05,0.0,0
61829,2e-05,5e-05,0.00014,0.00032,7e-05,1e-05,-1e-05,0.0,0
61831,2e-05,5e-05,0.00014,0.00032,7e-05,1e-05,-1e-05,0.0,0
61832,2e-05,5e-05,0.00014,0.00032,7e-05,1e-05,-1e-05,0.0,0
61833,-1e-05,-5e-05,-5e-05,-0.00016,-3e-05,-3e-05,-1e-05,-1e-05,0
61834,-3e-05,-6e-05,-0.00014,-7e-05,-6e-05,-2e-05,-3e-05,-2e-05,0
61835,0.0,0.0,0.0,-2e-05,1e-05,0.0,-1e-05,-1e-05,0
61836,0.0,0.0,0.0,-2e-05,1e-05,0.0,-1e-05,-1e-05,0
61840,0.0,0.0,0.0,-2e-05,1e-05,0.0,-1e-05,-1e-05,0
61842,0.0,0.0,0.0,-2e-05,1e-05,0.0,-1e-05,-1e-05,0
61843,0.0,0.0,0.0,-2e-05,1e-05,0.0,-1e-05,-1e-05,0
61844,0.0,0.0,0.0,-2e-05,1e-05,0.0,-1e-05,-1e-05,0
61845,0.0,0.0,0.0,-2e-05,1e-05,0.0,-1e-05,-1e-05,0
61846,0.0,0.0,0.0,-2e-05,1e-05,0.0,-1e-05,-1e-05,0
61847,0.0,0.0,0.0,-2e-05,1e-05,0.0,-1e-05,-1e-05,0
61848,0.0,0.0,0.0,-2e-05,1e-05,0.0,-1e-05,-1e-05,0
61849,0.0,0.0,0.0,-2e-05,1e-05,0.0,-1e-05,-1e-05,0
61850,0.0,0.0,0.0,-2e-05,1e-05,0.0,-1e-05,-1e-05,0
61851,0.0,0.0,0.0,-2e-05,1e-05,0.0,-1e-05,-1e-05,0
61852,0.0,0.0,0.0,-2e-05,1e-05,0.0,-1e-05,-1e-05,0
61854,0.0,0.0,0.0,-2e-05,1e-05,0.0,-1e-05,-1e-05,0
61855,0.0,0.0,0.0,-2e-05,1e-05,0.0,-1e-05,-1e-05,0
61856,1e-05,1e-05,7e-05,0.00037,4e-05,-2e-05,0.0,-1e-05,0
61857,1e-05,1e-05,7e-05,0.00037,4e-05,-2e-05,0.0,-1e-05,0
61858,1e-05,1e-05,7e-05,0.00037,4e-05,-2e-05,0.0,-1e-05,0
61859,1e-05,1e-05,7e-05,0.00037,4e-05,-2e-05,0.0,-1e-05,0
61860,1e-05,1e-05,7e-05,0.00037,4e-05,-2e-05,0.0,-1e-05,0
61861,1e-05,1e-05,7e-05,0.00037,4e-05,-2e-05,0.0,-1e-05,0
61862,-6e-05,-7e-05,-5e-05,0.00042,0.00022,1e-05,0.0,-3e-05,0
61863,-6e-05,-7e-05,-5e-05,0.00042,0.00022,1e-05,0.0,-3e-05,0
61864,-6e-05,-7e-05,-5e-05,0.00042,0.00022,1e-05,0.0,-3e-05,0
61865,-6e-05,-7e-05,-5e-05,0.00042,0.00022,1e-05,0.0,-3e-05,0
61866,-6e-05,-7e-05,-5e-05,0.00042,0.00022,1e-05,0.0,-3e-05,0
61867,-6e-05,-7e-05,-5e-05,0.00042,0.00022,1e-05,0.0,-3e-05,0
61868,-6e-05,-7e-05,-5e-05,0.00042,0.00022,1e-05,0.0,-3e-05,0
61869,-6e-05,-7e-05,-5e-05,0.00042,0.00022,1e-05,0.0,-3e-05,0
61870,2e-05,0.0,-2e-05,0.00018,-3e-05,-2e-05,-2e-05,-2e-05,0
61871,2e-05,0.0,-2e-05,0.00018,-3e-05,-2e-05,-2e-05,-2e-05,0
61872,2e-05,0.0,-2e-05,0.00018,-3e-05,-2e-05,-2e-05,-2e-05,0
61873,2e-05,0.0,-2e-05,0.00018,-3e-05,-2e-05,-2e-05,-2e-05,0
61874,2e-05,0.0,-2e-05,0.00018,-3e-05,-2e-05,-2e-05,-2e-05,0
61875,2e-05,0.0,-2e-05,0.00018,-3e-05,-2e-05,-2e-05,-2e-05,0
61876,2e-05,0.0,-2e-05,0.00018,-3e-05,-2e-05,-2e-05,-2e-05,0
61877,2e-05,0.0,-2e-05,0.00018,-3e-05,-2e-05,-2e-05,-2e-05,0
61878,2e-05,0.0,-2e-05,0.00018,-3e-05,-2e-05,-2e-05,-2e-05,0
61879,0.0,1e-05,9e-05,6e-05,0.0,-2e-05,0.0,1e-05,0
61880,0.0,1e-05,9e-05,6e-05,0.0,-2e-05,0.0,1e-05,0
61881,0.0,1e-05,9e-05,6e-05,0.0,-2e-05,0.0,1e-05,0
61882,0.0,1e-05,9e-05,6e-05,0.0,-2e-05,0.0,1e-05,0
61883,0.0,1e-05,9e-05,6e-05,0.0,-2e-05,0.0,1e-05,0
61884,0.0,1e-05,9e-05,6e-05,0.0,-2e-05,0.0,1e-05,0
61885,0.0,1e-05,9e-05,6e-05,0.0,-2e-05,0.0,1e-05,0
61886,0.0,1e-05,9e-05,6e-05,0.0,-2e-05,0.0,1e-05,0
61889,0.0,1e-05,9e-05,6e-05,0.0,-2e-05,0.0,1e-05,0
61890,0.0,1e-05,9e-05,6e-05,0.0,-2e-05,0.0,1e-05,0
61891,0.0,1e-05,9e-05,6e-05,0.0,-2e-05,0.0,1e-05,0
61892,0.0,1e-05,9e-05,6e-05,0.0,-2e-05,0.0,1e-05,0
61893,0.0,1e-05,9e-05,6e-05,0.0,-2e-05,0.0,1e-05,0
61894,-3e-05,-1e-05,-4e-05,0.0,-0.00012,-3e-05,-2e-05,-2e-05,0
61895,-2e-05,-3e-05,-6e-05,-0.00017,-8e-05,-3e-05,-1e-05,0.0,0
61896,-2e-05,-3e-05,-6e-05,-0.00017,-8e-05,-3e-05,-1e-05,0.0,0
61897,-2e-05,-3e-05,-6e-05,-0.00017,-8e-05,-3e-05,-1e-05,0.0,0
61898,-2e-05,-3e-05,-6e-05,-0.00017,-8e-05,-3e-05,-1e-05,0.0,0
61899,-2e-05,-3e-05,-6e-05,-0.00017,-8e-05,-3e-05,-1e-05,0.0,0
61900,-2e-05,-3e-05,-6e-05,-0.00017,-8e-05,-3e-05,-1e-05,0.0,0
61901,-2e-05,-3e-05,-6e-05,-0.00017,-8e-05,-3e-05,-1e-05,0.0,0
61902,-2e-05,-3e-05,-6e-05,-0.00017,-8e-05,-3e-05,-1e-05,0.0,0
61904,-2e-05,-3e-05,-6e-05,-0.00017,-8e-05,-3e-05,-1e-05,0.0,0
61905,-2e-05,-3e-05,-6e-05,-0.00017,-8e-05,-3e-05,-1e-05,0.0,0
61906,-2e-05,-3e-05,-6e-05,-0.00017,-8e-05,-3e-05,-1e-05,0.0,0
61907,-2e-05,-3e-05,-6e-05,-0.00017,-8e-05,-3e-05,-1e-05,0.0,0
61908,-2e-05,-3e-05,-6e-05,-0.00017,-8e-05,-3e-05,-1e-05,0.0,0
61909,-2e-05,-3e-05,-6e-05,-0.00017,-8e-05,-3e-05,-1e-05,0.0,0
61910,-2e-05,-3e-05,-6e-05,-0.00017,-8e-05,-3e-05,-1e-05,0.0,0
61911,-2e-05,-3e-05,-6e-05,-0.00017,-8e-05,-3e-05,-1e-05,0.0,0
61912,-2e-05,-3e-05,-6e-05,-0.00017,-8e-05,-3e-05,-1e-05,0.0,0
61913,-2e-05,-3e-05,-6e-05,-0.00017,-8e-05,-3e-05,-1e-05,0.0,0
61914,-2e-05,-3e-05,-6e-05,-0.00017,-8e-05,-3e-05,-1e-05,0.0,0
61915,-2e-05,-3e-05,-6e-05,-0.00017,-8e-05,-3e-05,-1e-05,0.0,0
61916,2e-05,2e-05,5e-05,4e-05,0.00031,0.0,0.0,0.0,0
61917,2e-05,2e-05,5e-05,4e-05,0.00031,0.0,0.0,0.0,0
61918,0.0,0.0,1e-05,0.00011,-0.0001,0.0,-2e-05,0.0,0
61919,0.0,0.0,1e-05,0.00011,-0.0001,0.0,-2e-05,0.0,0
61920,0.0,0.0,1e-05,0.00011,-0.0001,0.0,-2e-05,0.0,0
61921,0.0,0.0,1e-05,0.00011,-0.0001,0.0,-2e-05,0.0,0
61922,0.0,0.0,1e-05,0.00011,-0.0001,0.0,-2e-05,0.0,0
61923,0.0,0.0,1e-05,0.00011,-0.0001,0.0,-2e-05,0.0,0
61924,0.0,0.0,1e-05,0.00011,-0.0001,0.0,-2e-05,0.0,0
61925,0.0,0.0,1e-05,0.00011,-0.0001,0.0,-2e-05,0.0,0
61926,0.0,0.0,1e-05,0.00011,-0.0001,0.0,-2e-05,0.0,0
61927,0.0,0.0,1e-05,0.00011,-0.0001,0.0,-2e-05,0.0,0
61928,0.0,0.0,1e-05,0.00011,-0.0001,0.0,-2e-05,0.0,0
61929,0.0,0.0,1e-05,0.00011,-0.0001,0.0,-2e-05,0.0,0
61930,1e-05,0.0,6e-05,-6e-05,-0.0001,-2e-05,0.0,0.0,0
61931,1e-05,0.0,6e-05,-6e-05,-0.0001,-2e-05,0.0,0.0,0
61932,1e-05,0.0,6e-05,-6e-05,-0.0001,-2e-05,0.0,0.0,0
61933,1e-05,0.0,6e-05,-6e-05,-0.0001,-2e-05,0.0,0.0,0
61934,1e-05,0.0,6e-05,-6e-05,-0.0001,-2e-05,0.0,0.0,0
61935,1e-05,0.0,6e-05,-6e-05,-0.0001,-2e-05,0.0,0.0,0
61936,1e-05,0.0,6e-05,-6e-05,-0.0001,-2e-05,0.0,0.0,0
61939,-1e-05,-2e-05,-4e-05,-5e-05,0.00015,0.0,-1e-05,1e-05,0
61940,-1e-05,-2e-05,-4e-05,-5e-05,0.00015,0.0,-1e-05,1e-05,0
61941,-1e-05,-2e-05,-4e-05,-5e-05,0.00015,0.0,-1e-05,1e-05,0
61942,-1e-05,-2e-05,-4e-05,-5e-05,0.00015,0.0,-1e-05,1e-05,0
61943,-1e-05,-2e-05,-4e-05,-5e-05,0.00015,0.0,-1e-05,1e-05,0
61944,-1e-05,-2e-05,-4e-05,-5e-05,0.00015,0.0,-1e-05,1e-05,0
61945,-1e-05,-2e-05,-4e-05,-5e-05,0.00015,0.0,-1e-05,1e-05,0
61946,-1e-05,-2e-05,-4e-05,-5e-05,0.00015,0.0,-1e-05,1e-05,0
61947,-1e-05,-2e-05,-4e-05,-5e-05,0.00015,0.0,-1e-05,1e-05,0
61948,-1e-05,-2e-05,-4e-05,-5e-05,0.00015,0.0,-1e-05,1e-05,0
61949,-1e-05,-2e-05,-4e-05,-5e-05,0.00015,0.0,-1e-05,1e-05,0
61950,-1e-05,-2e-05,-4e-05,-5e-05,0.00015,0.0,-1e-05,1e-05,0
61951,-1e-05,-2e-05,-4e-05,-5e-05,0.00015,0.0,-1e-05,1e-05,0
61952,-1e-05,-2e-05,-4e-05,-5e-05,0.00015,0.0,-1e-05,1e-05,0
61954,-1e-05,-2e-05,-4e-05,-5e-05,0.00015,0.0,-1e-05,1e-05,0
61955,-1e-05,2e-05,0.00012,0.00033,-3e-05,1e-05,-3e-05,-1e-05,0
61956,-1e-05,2e-05,0.00012,0.00033,-3e-05,1e-05,-3e-05,-1e-05,0
61957,-1e-05,2e-05,0.00012,0.00033,-3e-05,1e-05,-3e-05,-1e-05,0
61958,-1e-05,2e-05,0.00012,0.00033,-3e-05,1e-05,-3e-05,-1e-05,0
61959,-1e-05,2e-05,0.00012,0.00033,-3e-05,1e-05,-3e-05,-1e-05,0
61960,-1e-05,2e-05,0.00012,0.00033,-3e-05,1e-05,-3e-05,-1e-05,0
61961,-1e-05,2e-05,0.00012,0.00033,-3e-05,1e-05,-3e-05,-1e-05,0
61962,-1e-05,2e-05,0.00012,0.00033,-3e-05,1e-05,-3e-05,-1e-05,0
61963,-1e-05,2e-05,0.00012,0.00033,-3e-05,1e-05,-3e-05,-1e-05,0
61964,-1e-05,2e-05,0.00012,0.00033,-3e-05,1e-05,-3e-05,-1e-05,0
61965,-1e-05,2e-05,0.00012,0.00033,-3e-05,1e-05,-3e-05,-1e-05,0
61966,-1e-05,2e-05,0.00012,0.00033,-3e-05,1e-05,-3e-05,-1e-05,0
61967,-1e-05,2e-05,0.00012,0.00033,-3e-05,1e-05,-3e-05,-1e-05,0
61968,-1e-05,2e-05,0.00012,0.00033,-3e-05,1e-05,-3e-05,-1e-05,0
61969,-1e-05,2e-05,0.00012,0.00033,-3e-05,1e-05,-3e-05,-1e-05,0
61970,-1e-05,2e-05,0.00012,0.00033,-3e-05,1e-05,-3e-05,-1e-05,0
61971,-1e-05,2e-05,0.00012,0.00033,-3e-05,1e-05,-3e-05,-1e-05,0
61972,-1e-05,2e-05,0.00012,0.00033,-3e-05,1e-05,-3e-05,-1e-05,0
61973,-1e-05,2e-05,0.00012,0.00033,-3e-05,1e-05,-3e-05,-1e-05,0
61974,-1e-05,2e-05,0.00012,0.00033,-3e-05,1e-05,-3e-05,-1e-05,0
61975,-1e-05,2e-05,0.00012,0.00033,-3e-05,1e-05,-3e-05,-1e-05,0
61976,-2e-05,-4e-05,-5e-05,-7e-05,-4e-05,1e-05,1e-05,-2e-05,0
61977,-2e-05,-4e-05,-5e-05,-7e-05,-4e-05,1e-05,1e-05,-2e-05,0
61978,-1e-05,-3e-05,-1e-05,-0.00025,-9e-05,-2e-05,0.0,-1e-05,0
61979,-1e-05,-3e-05,-1e-05,-0.00025,-9e-05,-2e-05,0.0,-1e-05,0
61980,-1e-05,-3e-05,-1e-05,-0.00025,-9e-05,-2e-05,0.0,-1e-05,0
61981,-1e-05,-3e-05,-1e-05,-0.00025,-9e-05,-2e-05,0.0,-1e-05,0
61982,-1e-05,-3e-05,-1e-05,-0.00025,-9e-05,-2e-05,0.0,-1e-05,0
61983,-1e-05,-3e-05,-1e-05,-0.00025,-9e-05,-2e-05,0.0,-1e-05,0
61984,-1e-05,-3e-05,-1e-05,-0.00025,-9e-05,-2e-05,0.0,-1e-05,0
61985,-1e-05,-3e-05,-1e-05,-0.00025,-9e-05,-2e-05,0.0,-1e-05,0
61986,-1e-05,-3e-05,-1e-05,-0.00025,-9e-05,-2e-05,0.0,-1e-05,0
61989,-1e-05,-3e-05,-1e-05,-0.00025,-9e-05,-2e-05,0.0,-1e-05,0
61990,-1e-05,-3e-05,-1e-05,-0.00025,-9e-05,-2e-05,0.0,-1e-05,0
61991,-1e-05,-3e-05,-1e-05,-0.00025,-9e-05,-2e-05,0.0,-1e-05,0
61992,-1e-05,-3e-05,-1e-05,-0.00025,-9e-05,-2e-05,0.0,-1e-05,0
61993,-1e-05,-3e-05,-1e-05,-0.00025,-9e-05,-2e-05,0.0,-1e-05,0
61994,-1e-05,-3e-05,-1e-05,-0.00025,-9e-05,-2e-05,0.0,-1e-05,0
61995,-1e-05,-3e-05,-1e-05,-0.00025,-9e-05,-2e-05,0.0,-1e-05,0
61996,-1e-05,-3e-05,-1e-05,-0.00025,-9e-05,-2e-05,0.0,-1e-05,0
61997,-1e-05,-3e-05,-1e-05,-0.00025,-9e-05,-2e-05,0.0,-1e-05,0
61998,-1e-05,-3e-05,-1e-05,-0.00025,-9e-05,-2e-05,0.0,-1e-05,0
61999,-2e-05,-1e-05,-4e-05,-9e-05,-7e-05,-1e-05,0.0,-1e-05,0
62000,1e-05,3e-05,-4e-05,-0.00031,-3e-05,-1e-05,-1e-05,-1e-05,0
62001,1e-05,3e-05,-4e-05,-0.00031,-3e-05,-1e-05,-1e-05,-1e-05,0
62002,1e-05,3e-05,-4e-05,-0.00031,-3e-05,-1e-05,-1e-05,-1e-05,0
62004,1e-05,3e-05,-4e-05,-0.00031,-3e-05,-1e-05,-1e-05,-1e-05,0
62005,1e-05,3e-05,-4e-05,-0.00031,-3e-05,-1e-05,-1e-05,-1e-05,0
62006,1e-05,3e-05,-4e-05,-0.00031,-3e-05,-1e-05,-1e-05,-1e-05,0
62007,1e-05,3e-05,-4e-05,-0.00031,-3e-05,-1e-05,-1e-05,-1e-05,0
62008,1e-05,3e-05,-4e-05,-0.00031,-3e-05,-1e-05,-1e-05,-1e-05,0
62009,1e-05,3e-05,-4e-05,-0.00031,-3e-05,-1e-05,-1e-05,-1e-05,0
62010,1e-05,3e-05,-4e-05,-0.00031,-3e-05,-1e-05,-1e-05,-1e-05,0
62011,1e-05,3e-05,-4e-05,-0.00031,-3e-05,-1e-05,-1e-05,-1e-05,0
62012,1e-05,3e-05,-4e-05,-0.00031,-3e-05,-1e-05,-1e-05,-1e-05,0
62013,-2e-05,-3e-05,0.0,0.00051,-1e-05,-2e-05,-2e-05,0.0,0
62014,0.0,0.0,-3e-05,0.0001,4e-05,-1e-05,-1e-05,-1e-05,0
62015,0.0,1e-05,4e-05,1e-05,3e-05,0.0,0.0,-1e-05,0
62016,0.0,1e-05,4e-05,1e-05,3e-05,0.0,0.0,-1e-05,0
62017,0.0,1e-05,4e-05,1e-05,3e-05,0.0,0.0,-1e-05,0
62018,0.0,1e-05,4e-05,1e-05,3e-05,0.0,0.0,-1e-05,0
62019,0.0,1e-05,4e-05,1e-05,3e-05,0.0,0.0,-1e-05,0
62020,0.0,1e-05,4e-05,1e-05,3e-05,0.0,0.0,-1e-05,0
62021,0.0,1e-05,4e-05,1e-05,3e-05,0.0,0.0,-1e-05,0
62022,0.0,1e-05,4e-05,1e-05,3e-05,0.0,0.0,-1e-05,0
62023,0.0,1e-05,4e-05,1e-05,3e-05,0.0,0.0,-1e-05,0
62024,0.0,1e-05,4e-05,1e-05,3e-05,0.0,0.0,-1e-05,0
62025,0.0,1e-05,4e-05,1e-05,3e-05,0.0,0.0,-1e-05,0
62026,0.0,1e-05,4e-05,1e-05,3e-05,0.0,0.0,-1e-05,0
62027,0.0,1e-05,4e-05,1e-05,3e-05,0.0,0.0,-1e-05,0
62028,0.0,1e-05,4e-05,1e-05,3e-05,0.0,0.0,-1e-05,0
62029,0.0,1e-05,4e-05,1e-05,3e-05,0.0,0.0,-1e-05,0
62030,0.0,1e-05,4e-05,1e-05,3e-05,0.0,0.0,-1e-05,0
62031,0.0,1e-05,4e-05,1e-05,3e-05,0.0,0.0,-1e-05,0
62032,0.0,1e-05,4e-05,1e-05,3e-05,0.0,0.0,-1e-05,0
62033,0.0,1e-05,4e-05,1e-05,3e-05,0.0,0.0,-1e-05,0
62034,0.0,1e-05,4e-05,1e-05,3e-05,0.0,0.0,-1e-05,0
62035,0.0,1e-05,4e-05,1e-05,3e-05,0.0,0.0,-1e-05,0
62036,0.0,1e-05,4e-05,1e-05,3e-05,0.0,0.0,-1e-05,0
62040,0.0,1e-05,3e-05,-9e-05,-1e-05,-2e-05,-2e-05,-2e-05,0
62041,0.0,1e-05,3e-05,-9e-05,-1e-05,-2e-05,-2e-05,-2e-05,0
62042,0.0,1e-05,3e-05,-9e-05,-1e-05,-2e-05,-2e-05,-2e-05,0
62043,0.0,1e-05,3e-05,-9e-05,-1e-05,-2e-05,-2e-05,-2e-05,0
62044,0.0,1e-05,3e-05,-9e-05,-1e-05,-2e-05,-2e-05,-2e-05,0
62045,0.0,1e-05,3e-05,-9e-05,-1e-05,-2e-05,-2e-05,-2e-05,0
62046,0.0,1e-05,3e-05,-9e-05,-1e-05,-2e-05,-2e-05,-2e-05,0
62047,0.0,1e-05,3e-05,-9e-05,-1e-05,-2e-05,-2e-05,-2e-05,0
62048,0.0,1e-05,3e-05,-9e-05,-1e-05,-2e-05,-2e-05,-2e-05,0
62049,0.0,1e-05,3e-05,-9e-05,-1e-05,-2e-05,-2e-05,-2e-05,0
62050,1e-05,-2e-05,-9e-05,3e-05,-5e-05,-2e-05,1e-05,0.0,0
62051,1e-05,-2e-05,-9e-05,3e-05,-5e-05,-2e-05,1e-05,0.0,0
62052,1e-05,-2e-05,-9e-05,3e-05,-5e-05,-2e-05,1e-05,0.0,0
62054,1e-05,-2e-05,-9e-05,3e-05,-5e-05,-2e-05,1e-05,0.0,0
62055,1e-05,-2e-05,-9e-05,3e-05,-5e-05,-2e-05,1e-05,0.0,0
62056,1e-05,-2e-05,-9e-05,3e-05,-5e-05,-2e-05,1e-05,0.0,0
62057,1e-05,-2e-05,-9e-05,3e-05,-5e-05,-2e-05,1e-05,0.0,0
62058,1e-05,-2e-05,-9e-05,3e-05,-5e-05,-2e-05,1e-05,0.0,0
62059,-3e-05,-6e-05,-8e-05,-1e-05,-3e-05,-2e-05,1e-05,-1e-05,0
62060,-3e-05,-6e-05,-8e-05,-1e-05,-3e-05,-2e-05,1e-05,-1e-05,0
62061,-3e-05,-6e-05,-8e-05,-1e-05,-3e-05,-2e-05,1e-05,-1e-05,0
62062,-3e-05,-6e-05,-8e-05,-1e-05,-3e-05,-2e-05,1e-05,-1e-05,0
62063,-3e-05,-6e-05,-8e-05,-1e-05,-3e-05,-2e-05,1e-05,-1e-05,0
62064,-3e-05,-6e-05,-8e-05,-1e-05,-3e-05,-2e-05,1e-05,-1e-05,0
62065,-3e-05,-6e-05,-8e-05,-1e-05,-3e-05,-2e-05,1e-05,-1e-05,0
62066,-3e-05,-6e-05,-8e-05,-1e-05,-3e-05,-2e-05,1e-05,-1e-05,0
62067,-3e-05,-6e-05,-8e-05,-1e-05,-3e-05,-2e-05,1e-05,-1e-05,0
62068,-3e-05,-6e-05,-8e-05,-1e-05,-3e-05,-2e-05,1e-05,-1e-05,0
62069,-3e-05,-6e-05,-8e-05,-1e-05,-3e-05,-2e-05,1e-05,-1e-05,0
62070,-3e-05,-6e-05,-8e-05,-1e-05,-3e-05,-2e-05,1e-05,-1e-05,0
62073,1e-05,2e-05,1e-05,-4e-05,-1e-05,-1e-05,-2e-05,-2e-05,0
62074,-2e-05,0.0,2e-05,-0.00037,-5e-05,-1e-05,-1e-05,0.0,0
62075,0.0,1e-05,-4e-05,8e-05,-2e-05,-2e-05,-2e-05,-3e-05,0
62076,0.0,1e-05,-4e-05,8e-05,-2e-05,-2e-05,-2e-05,-3e-05,0
62077,0.0,1e-05,-4e-05,8e-05,-2e-05,-2e-05,-2e-05,-3e-05,0
62078,0.0,1e-05,-4e-05,8e-05,-2e-05,-2e-05,-2e-05,-3e-05,0
62079,0.0,1e-05,-4e-05,8e-05,-2e-05,-2e-05,-2e-05,-3e-05,0
62080,0.0,1e-05,-4e-05,8e-05,-2e-05,-2e-05,-2e-05,-3e-05,0
62081,0.0,1e-05,-4e-05,8e-05,-2e-05,-2e-05,-2e-05,-3e-05,0
62082,0.0,1e-05,-4e-05,8e-05,-2e-05,-2e-05,-2e-05,-3e-05,0
62083,0.0,1e-05,-4e-05,8e-05,-2e-05,-2e-05,-2e-05,-3e-05,0
62084,0.0,1e-05,-4e-05,8e-05,-2e-05,-2e-05,-2e-05,-3e-05,0
62085,0.0,1e-05,-4e-05,8e-05,-2e-05,-2e-05,-2e-05,-3e-05,0
62086,0.0,1e-05,-4e-05,8e-05,-2e-05,-2e-05,-2e-05,-3e-05,0
62089,0.0,1e-05,-4e-05,8e-05,-2e-05,-2e-05,-2e-05,-3e-05,0
62090,0.0,1e-05,-4e-05,8e-05,-2e-05,-2e-05,-2e-05,-3e-05,0
62091,0.0,1e-05,-4e-05,8e-05,-2e-05,-2e-05,-2e-05,-3e-05,0
62092,0.0,1e-05,-4e-05,8e-05,-2e-05,-2e-05,-2e-05,-3e-05,0
62093,0.0,1e-05,-4e-05,8e-05,-2e-05,-2e-05,-2e-05,-3e-05,0
62094,0.0,1e-05,-4e-05,8e-05,-2e-05,-2e-05,-2e-05,-3e-05,0
62095,0.0,1e-05,-4e-05,8e-05,-2e-05,-2e-05,-2e-05,-3e-05,0
62096,-1e-05,1e-05,2e-05,0.00011,-4e-05,-1e-05,-2e-05,-1e-05,0
62097,-1e-05,1e-05,2e-05,0.00011,-4e-05,-1e-05,-2e-05,-1e-05,0
62098,-3e-05,0.0,-1e-05,6e-05,-2e-05,-1e-05,0.0,-1e-05,0
62099,-3e-05,0.0,-1e-05,6e-05,-2e-05,-1e-05,0.0,-1e-05,0
62100,-3e-05,0.0,-1e-05,6e-05,-2e-05,-1e-05,0.0,-1e-05,0
62101,-3e-05,0.0,-1e-05,6e-05,-2e-05,-1e-05,0.0,-1e-05,0
62102,-3e-05,0.0,-1e-05,6e-05,-2e-05,-1e-05,0.0,-1e-05,0
62104,-3e-05,0.0,-1e-05,6e-05,-2e-05,-1e-05,0.0,-1e-05,0
62105,-3e-05,0.0,-1e-05,6e-05,-2e-05,-1e-05,0.0,-1e-05,0
62106,-3e-05,0.0,-1e-05,6e-05,-2e-05,-1e-05,0.0,-1e-05,0
62107,-3e-05,0.0,-1e-05,6e-05,-2e-05,-1e-05,0.0,-1e-05,0
62108,-3e-05,0.0,-1e-05,6e-05,-2e-05,-1e-05,0.0,-1e-05,0
62109,-3e-05,0.0,-1e-05,6e-05,-2e-05,-1e-05,0.0,-1e-05,0
62110,0.0,2e-05,3e-05,0.0,4e-05,1e-05,-1e-05,-2e-05,0
62111,0.0,2e-05,3e-05,0.0,4e-05,1e-05,-1e-05,-2e-05,0
62112,0.0,2e-05,3e-05,0.0,4e-05,1e-05,-1e-05,-2e-05,0
62113,0.0,2e-05,3e-05,0.0,4e-05,1e-05,-1e-05,-2e-05,0
62114,0.0,2e-05,3e-05,0.0,4e-05,1e-05,-1e-05,-2e-05,0
62115,0.0,2e-05,3e-05,0.0,4e-05,1e-05,-1e-05,-2e-05,0
62116,0.0,2e-05,3e-05,0.0,4e-05,1e-05,-1e-05,-2e-05,0
62117,0.0,2e-05,3e-05,0.0,4e-05,1e-05,-1e-05,-2e-05,0
62118,0.0,2e-05,3e-05,0.0,4e-05,1e-05,-1e-05,-2e-05,0
62119,-3e-05,-6e-05,-5e-05,-9e-05,-5e-05,-2e-05,0.0,-2e-05,0
62120,-3e-05,-6e-05,-5e-05,-9e-05,-5e-05,-2e-05,0.0,-2e-05,0
62121,-3e-05,-6e-05,-5e-05,-9e-05,-5e-05,-2e-05,0.0,-2e-05,0
62122,-3e-05,-6e-05,-5e-05,-9e-05,-5e-05,-2e-05,0.0,-2e-05,0
62123,-3e-05,-6e-05,-5e-05,-9e-05,-5e-05,-2e-05,0.0,-2e-05,0
62124,-3e-05,-6e-05,-5e-05,-9e-05,-5e-05,-2e-05,0.0,-2e-05,0
62125,-3e-05,-6e-05,-5e-05,-9e-05,-5e-05,-2e-05,0.0,-2e-05,0
62126,-3e-05,-6e-05,-5e-05,-9e-05,-5e-05,-2e-05,0.0,-2e-05,0
62127,-3e-05,-6e-05,-5e-05,-9e-05,-5e-05,-2e-05,0.0,-2e-05,0
62128,-3e-05,-6e-05,-5e-05,-9e-05,-5e-05,-2e-05,0.0,-2e-05,0
62129,-3e-05,-6e-05,-5e-05,-9e-05,-5e-05,-2e-05,0.0,-2e-05,0
62130,-3e-05,-6e-05,-5e-05,-9e-05,-5e-05,-2e-05,0.0,-2e-05,0
62131,-3e-05,-6e-05,-5e-05,-9e-05,-5e-05,-2e-05,0.0,-2e-05,0
62132,-3e-05,-6e-05,-5e-05,-9e-05,-5e-05,-2e-05,0.0,-2e-05,0
62133,-3e-05,-6e-05,-5e-05,-9e-05,-5e-05,-2e-05,0.0,-2e-05,0
62134,1e-05,3e-05,3e-05,0.00012,1e-05,-3e-05,-2e-05,1e-05,0
62135,1e-05,3e-05,3e-05,0.00012,1e-05,-3e-05,-2e-05,1e-05,0
62136,-1e-05,0.0,-1e-05,-9e-05,-3e-05,-1e-05,-2e-05,-2e-05,0
62139,-1e-05,0.0,-1e-05,-9e-05,-3e-05,-1e-05,-2e-05,-2e-05,0
62140,-1e-05,0.0,-1e-05,-9e-05,-3e-05,-1e-05,-2e-05,-2e-05,0
62141,-1e-05,0.0,-1e-05,-9e-05,-3e-05,-1e-05,-2e-05,-2e-05,0
62142,-1e-05,0.0,-1e-05,-9e-05,-3e-05,-1e-05,-2e-05,-2e-05,0
62143,-1e-05,0.0,-1e-05,-9e-05,-3e-05,-1e-05,-2e-05,-2e-05,0
62144,-1e-05,0.0,-1e-05,-9e-05,-3e-05,-1e-05,-2e-05,-2e-05,0
62145,-1e-05,0.0,-1e-05,-9e-05,-3e-05,-1e-05,-2e-05,-2e-05,0
62146,-1e-05,0.0,-1e-05,-9e-05,-3e-05,-1e-05,-2e-05,-2e-05,0
62147,-1e-05,0.0,-1e-05,-9e-05,-3e-05,-1e-05,-2e-05,-2e-05,0
62148,-1e-05,0.0,-1e-05,-9e-05,-3e-05,-1e-05,-2e-05,-2e-05,0
62149,-1e-05,0.0,-1e-05,-9e-05,-3e-05,-1e-05,-2e-05,-2e-05,0
62150,-1e-05,0.0,-1e-05,-9e-05,-3e-05,-1e-05,-2e-05,-2e-05,0
62151,-1e-05,0.0,-1e-05,-9e-05,-3e-05,-1e-05,-2e-05,-2e-05,0
62152,-1e-05,0.0,-1e-05,-9e-05,-3e-05,-1e-05,-2e-05,-2e-05,0
62154,-1e-05,0.0,-1e-05,-9e-05,-3e-05,-1e-05,-2e-05,-2e-05,0
62155,-1e-05,0.0,-1e-05,-9e-05,-3e-05,-1e-05,-2e-05,-2e-05,0
62156,-2e-05,-5e-05,-2e-05,0.00036,8e-05,2e-05,-1e-05,-1e-05,0
62157,-2e-05,-5e-05,-2e-05,0.00036,8e-05,2e-05,-1e-05,-1e-05,0
62158,0.0,0.0,-2e-05,5e-05,-1e-05,-1e-05,-2e-05,-2e-05,0
62159,0.0,0.0,-2e-05,5e-05,-1e-05,-1e-05,-2e-05,-2e-05,0
62160,0.0,0.0,-2e-05,5e-05,-1e-05,-1e-05,-2e-05,-2e-05,0
62161,0.0,0.0,-2e-05,5e-05,-1e-05,-1e-05,-2e-05,-2e-05,0
62162,0.0,0.0,-2e-05,5e-05,-1e-05,-1e-05,-2e-05,-2e-05,0
62163,0.0,0.0,-2e-05,5e-05,-1e-05,-1e-05,-2e-05,-2e-05,0
62164,0.0,0.0,-2e-05,5e-05,-1e-05,-1e-05,-2e-05,-2e-05,0
62165,0.0,0.0,-2e-05,5e-05,-1e-05,-1e-05,-2e-05,-2e-05,0
62167,0.0,0.0,-2e-05,5e-05,-1e-05,-1e-05,-2e-05,-2e-05,0
62168,0.0,0.0,-2e-05,5e-05,-1e-05,-1e-05,-2e-05,-2e-05,0
62169,0.0,0.0,-2e-05,5e-05,-1e-05,-1e-05,-2e-05,-2e-05,0
62170,0.0,1e-05,-4e-05,5e-05,-2e-05,-4e-05,-3e-05,-1e-05,0
62171,0.0,1e-05,-4e-05,5e-05,-2e-05,-4e-05,-3e-05,-1e-05,0
62172,0.0,1e-05,-4e-05,5e-05,-2e-05,-4e-05,-3e-05,-1e-05,0
62173,0.0,1e-05,-4e-05,5e-05,-2e-05,-4e-05,-3e-05,-1e-05,0
62174,0.0,1e-05,-4e-05,5e-05,-2e-05,-4e-05,-3e-05,-1e-05,0
62175,0.0,1e-05,-4e-05,5e-05,-2e-05,-4e-05,-3e-05,-1e-05,0
62176,0.0,1e-05,-4e-05,5e-05,-2e-05,-4e-05,-3e-05,-1e-05,0
62177,0.0,1e-05,-4e-05,5e-05,-2e-05,-4e-05,-3e-05,-1e-05,0
62178,0.0,1e-05,-4e-05,5e-05,-2e-05,-4e-05,-3e-05,-1e-05,0
62179,-3e-05,-4e-05,-2e-05,-0.0002,-2e-05,0.0,0.0,-2e-05,0
62180,-3e-05,-4e-05,-2e-05,-0.0002,-2e-05,0.0,0.0,-2e-05,0
62181,-3e-05,-4e-05,-2e-05,-0.0002,-2e-05,0.0,0.0,-2e-05,0
62182,-3e-05,-4e-05,-2e-05,-0.0002,-2e-05,0.0,0.0,-2e-05,0
62183,-3e-05,-4e-05,-2e-05,-0.0002,-2e-05,0.0,0.0,-2e-05,0
62184,-3e-05,-4e-05,-2e-05,-0.0002,-2e-05,0.0,0.0,-2e-05,0
62185,-3e-05,-4e-05,-2e-05,-0.0002,-2e-05,0.0,0.0,-2e-05,0
62186,-3e-05,-4e-05,-2e-05,-0.0002,-2e-05,0.0,0.0,-2e-05,0
62188,-3e-05,-4e-05,-2e-05,-0.0002,-2e-05,0.0,0.0,-2e-05,0
62190,-3e-05,-4e-05,-2e-05,-0.0002,-2e-05,0.0,0.0,-2e-05,0
62191,-3e-05,-4e-05,-2e-05,-0.0002,-2e-05,0.0,0.0,-2e-05,0
62192,-3e-05,-4e-05,-2e-05,-0.0002,-2e-05,0.0,0.0,-2e-05,0
62193,-2e-05,-6e-05,-9e-05,0.00025,-2e-05,1e-05,0.0,-1e-05,0
62194,0.0,-2e-05,-2e-05,-0.00015,-3e-05,-1e-05,-1e-05,-2e-05,0
62195,-1e-05,-3e-05,0.0,-2e-05,-1e-05,0.0,0.0,1e-05,0
62196,-1e-05,-3e-05,0.0,-2e-05,-1e-05,0.0,0.0,1e-05,0
62197,-1e-05,-3e-05,0.0,-2e-05,-1e-05,0.0,0.0,1e-05,0
62198,-1e-05,-3e-05,0.0,-2e-05,-1e-05,0.0,0.0,1e-05,0
62199,-1e-05,-3e-05,0.0,-2e-05,-1e-05,0.0,0.0,1e-05,0
62200,-1e-05,-3e-05,0.0,-2e-05,-1e-05,0.0,0.0,1e-05,0
62201,-1e-05,-3e-05,0.0,-2e-05,-1e-05,0.0,0.0,1e-05,0
62202,-1e-05,-3e-05,0.0,-2e-05,-1e-05,0.0,0.0,1e-05,0
62204,-1e-05,-3e-05,0.0,-2e-05,-1e-05,0.0,0.0,1e-05,0
62205,-1e-05,-3e-05,0.0,-2e-05,-1e-05,0.0,0.0,1e-05,0
62206,-1e-05,-3e-05,0.0,-2e-05,-1e-05,0.0,0.0,1e-05,0
62207,-1e-05,-3e-05,0.0,-2e-05,-1e-05,0.0,0.0,1e-05,0
62208,-1e-05,-3e-05,0.0,-2e-05,-1e-05,0.0,0.0,1e-05,0
62209,-1e-05,-3e-05,0.0,-2e-05,-1e-05,0.0,0.0,1e-05,0
62210,-1e-05,-3e-05,0.0,-2e-05,-1e-05,0.0,0.0,1e-05,0
62211,-1e-05,-3e-05,0.0,-2e-05,-1e-05,0.0,0.0,1e-05,0
62213,-1e-05,-3e-05,0.0,-2e-05,-1e-05,0.0,0.0,1e-05,0
62214,-1e-05,-3e-05,0.0,-2e-05,-1e-05,0.0,0.0,1e-05,0
62215,-1e-05,-3e-05,0.0,-2e-05,-1e-05,0.0,0.0,1e-05,0
62216,-1e-05,-1e-05,-2e-05,-6e-05,-2e-05,0.0,1e-05,0.0,0
62217,-1e-05,-1e-05,-2e-05,-6e-05,-2e-05,0.0,1e-05,0.0,0
62218,2e-05,2e-05,0.0,5e-05,3e-05,-2e-05,0.0,-1e-05,0
62219,2e-05,2e-05,0.0,5e-05,3e-05,-2e-05,0.0,-1e-05,0
62220,2e-05,2e-05,0.0,5e-05,3e-05,-2e-05,0.0,-1e-05,0
62221,2e-05,2e-05,0.0,5e-05,3e-05,-2e-05,0.0,-1e-05,0
62222,2e-05,2e-05,0.0,5e-05,3e-05,-2e-05,0.0,-1e-05,0
62223,2e-05,2e-05,0.0,5e-05,3e-05,-2e-05,0.0,-1e-05,0
62224,2e-05,2e-05,0.0,5e-05,3e-05,-2e-05,0.0,-1e-05,0
62225,2e-05,2e-05,0.0,5e-05,3e-05,-2e-05,0.0,-1e-05,0
62226,2e-05,2e-05,0.0,5e-05,3e-05,-2e-05,0.0,-1e-05,0
62227,2e-05,2e-05,0.0,5e-05,3e-05,-2e-05,0.0,-1e-05,0
62228,2e-05,2e-05,0.0,5e-05,3e-05,-2e-05,0.0,-1e-05,0
62229,2e-05,2e-05,0.0,5e-05,3e-05,-2e-05,0.0,-1e-05,0
62230,2e-05,2e-05,0.0,5e-05,3e-05,-2e-05,0.0,-1e-05,0
62231,2e-05,2e-05,0.0,5e-05,3e-05,-2e-05,0.0,-1e-05,0
62232,2e-05,2e-05,0.0,5e-05,3e-05,-2e-05,0.0,-1e-05,0
62233,2e-05,2e-05,0.0,5e-05,3e-05,-2e-05,0.0,-1e-05,0
62234,2e-05,2e-05,0.0,5e-05,3e-05,-2e-05,0.0,-1e-05,0
62235,2e-05,2e-05,0.0,5e-05,3e-05,-2e-05,0.0,-1e-05,0
62236,2e-05,2e-05,0.0,5e-05,3e-05,-2e-05,0.0,-1e-05,0
62238,2e-05,2e-05,0.0,5e-05,3e-05,-2e-05,0.0,-1e-05,0
62239,2e-05,2e-05,0.0,5e-05,3e-05,-2e-05,0.0,-1e-05,0
62240,-2e-05,-3e-05,1e-05,0.00015,-2e-05,-2e-05,-2e-05,-1e-05,0
62241,-2e-05,-3e-05,1e-05,0.00015,-2e-05,-2e-05,-2e-05,-1e-05,0
62242,-2e-05,-3e-05,1e-05,0.00015,-2e-05,-2e-05,-2e-05,-1e-05,0
62243,-2e-05,-3e-05,1e-05,0.00015,-2e-05,-2e-05,-2e-05,-1e-05,0
62244,-2e-05,-3e-05,1e-05,0.00015,-2e-05,-2e-05,-2e-05,-1e-05,0
62245,-2e-05,-3e-05,1e-05,0.00015,-2e-05,-2e-05,-2e-05,-1e-05,0
62246,-2e-05,-3e-05,1e-05,0.00015,-2e-05,-2e-05,-2e-05,-1e-05,0
62247,-2e-05,-3e-05,1e-05,0.00015,-2e-05,-2e-05,-2e-05,-1e-05,0
62248,-2e-05,-3e-05,1e-05,0.00015,-2e-05,-2e-05,-2e-05,-1e-05,0
62249,-2e-05,-3e-05,1e-05,0.00015,-2e-05,-2e-05,-2e-05,-1e-05,0
62250,-2e-05,-3e-05,1e-05,0.00015,-2e-05,-2e-05,-2e-05,-1e-05,0
62251,-2e-05,-3e-05,1e-05,0.00015,-2e-05,-2e-05,-2e-05,-1e-05,0
62252,-2e-05,-3e-05,1e-05,0.00015,-2e-05,-2e-05,-2e-05,-1e-05,0
62254,-3e-05,-3e-05,-1e-05,-0.0001,-2e-05,0.0,0.0,-3e-05,0
62255,0.0,-1e-05,0.0,0.0001,2e-05,-1e-05,-1e-05,-2e-05,0
62256,0.0,-1e-05,0.0,0.0001,2e-05,-1e-05,-1e-05,-2e-05,0
62257,0.0,-1e-05,0.0,0.0001,2e-05,-1e-05,-1e-05,-2e-05,0
62258,0.0,-1e-05,0.0,0.0001,2e-05,-1e-05,-1e-05,-2e-05,0
62260,0.0,-1e-05,0.0,0.0001,2e-05,-1e-05,-1e-05,-2e-05,0
62261,0.0,-1e-05,0.0,0.0001,2e-05,-1e-05,-1e-05,-2e-05,0
62262,0.0,-1e-05,0.0,0.0001,2e-05,-1e-05,-1e-05,-2e-05,0
62263,0.0,-1e-05,0.0,0.0001,2e-05,-1e-05,-1e-05,-2e-05,0
62264,0.0,-1e-05,0.0,0.0001,2e-05,-1e-05,-1e-05,-2e-05,0
62265,0.0,-1e-05,0.0,0.0001,2e-05,-1e-05,-1e-05,-2e-05,0
62266,0.0,-1e-05,0.0,0.0001,2e-05,-1e-05,-1e-05,-2e-05,0
62267,0.0,-1e-05,0.0,0.0001,2e-05,-1e-05,-1e-05,-2e-05,0
62268,0.0,-1e-05,0.0,0.0001,2e-05,-1e-05,-1e-05,-2e-05,0
62269,0.0,-1e-05,0.0,0.0001,2e-05,-1e-05,-1e-05,-2e-05,0
62270,0.0,-1e-05,0.0,0.0001,2e-05,-1e-05,-1e-05,-2e-05,0
62271,0.0,-1e-05,0.0,0.0001,2e-05,-1e-05,-1e-05,-2e-05,0
62272,0.0,-1e-05,0.0,0.0001,2e-05,-1e-05,-1e-05,-2e-05,0
62273,0.0,-1e-05,0.0,0.0001,2e-05,-1e-05,-1e-05,-2e-05,0
62274,0.0,-1e-05,0.0,0.0001,2e-05,-1e-05,-1e-05,-2e-05,0
62275,0.0,-1e-05,0.0,0.0001,2e-05,-1e-05,-1e-05,-2e-05,0
62276,0.0,-1e-05,0.0,7e-05,-1e-05,0.0,-1e-05,-2e-05,0
62277,0.0,-1e-05,0.0,7e-05,-1e-05,0.0,-1e-05,-2e-05,0
62278,-1e-05,3e-05,1e-05,1e-05,2e-05,-1e-05,-1e-05,-1e-05,0
62279,-1e-05,3e-05,1e-05,1e-05,2e-05,-1e-05,-1e-05,-1e-05,0
62280,-1e-05,3e-05,1e-05,1e-05,2e-05,-1e-05,-1e-05,-1e-05,0
62281,-1e-05,3e-05,1e-05,1e-05,2e-05,-1e-05,-1e-05,-1e-05,0
62282,-1e-05,3e-05,1e-05,1e-05,2e-05,-1e-05,-1e-05,-1e-05,0
62283,-1e-05,3e-05,1e-05,1e-05,2e-05,-1e-05,-1e-05,-1e-05,0
62284,-1e-05,3e-05,1e-05,1e-05,2e-05,-1e-05,-1e-05,-1e-05,0
62285,-1e-05,3e-05,1e-05,1e-05,2e-05,-1e-05,-1e-05,-1e-05,0
62286,-1e-05,3e-05,1e-05,1e-05,2e-05,-1e-05,-1e-05,-1e-05,0
62288,-1e-05,3e-05,1e-05,1e-05,2e-05,-1e-05,-1e-05,-1e-05,0
62289,-1e-05,3e-05,1e-05,1e-05,2e-05,-1e-05,-1e-05,-1e-05,0
62290,-1e-05,3e-05,1e-05,1e-05,2e-05,-1e-05,-1e-05,-1e-05,0
62291,-1e-05,3e-05,1e-05,1e-05,2e-05,-1e-05,-1e-05,-1e-05,0
62292,-1e-05,3e-05,1e-05,1e-05,2e-05,-1e-05,-1e-05,-1e-05,0
62293,-1e-05,3e-05,1e-05,1e-05,2e-05,-1e-05,-1e-05,-1e-05,0
62294,-1e-05,3e-05,1e-05,1e-05,2e-05,-1e-05,-1e-05,-1e-05,0
62295,-1e-05,3e-05,1e-05,1e-05,2e-05,-1e-05,-1e-05,-1e-05,0
62296,-1e-05,3e-05,1e-05,1e-05,2e-05,-1e-05,-1e-05,-1e-05,0
62297,-1e-05,3e-05,1e-05,1e-05,2e-05,-1e-05,-1e-05,-1e-05,0
62298,0.0,-2e-05,0.0,3e-05,2e-05,-1e-05,1e-05,-3e-05,0
62299,-1e-05,-3e-05,-4e-05,-0.0001,-3e-05,-1e-05,-1e-05,-2e-05,0
62300,0.0,0.0,-1e-05,-4e-05,-2e-05,-2e-05,-1e-05,-1e-05,0
62301,0.0,0.0,-1e-05,-4e-05,-2e-05,-2e-05,-1e-05,-1e-05,0
62302,0.0,0.0,-1e-05,-4e-05,-2e-05,-2e-05,-1e-05,-1e-05,0
62304,0.0,0.0,-1e-05,-4e-05,-2e-05,-2e-05,-1e-05,-1e-05,0
62306,0.0,0.0,-1e-05,-4e-05,-2e-05,-2e-05,-1e-05,-1e-05,0
62307,0.0,0.0,-1e-05,-4e-05,-2e-05,-2e-05,-1e-05,-1e-05,0
62308,0.0,0.0,-1e-05,-4e-05,-2e-05,-2e-05,-1e-05,-1e-05,0
62309,0.0,0.0,-1e-05,-4e-05,-2e-05,-2e-05,-1e-05,-1e-05,0
62310,0.0,0.0,-1e-05,-4e-05,-2e-05,-2e-05,-1e-05,-1e-05,0
62311,0.0,0.0,-1e-05,-4e-05,-2e-05,-2e-05,-1e-05,-1e-05,0
62312,0.0,0.0,-1e-05,-4e-05,-2e-05,-2e-05,-1e-05,-1e-05,0
62313,0.0,0.0,-1e-05,-4e-05,-2e-05,-2e-05,-1e-05,-1e-05,0
62314,0.0,0.0,4e-05,-0.00024,-4e-05,-2e-05,-1e-05,-1e-05,0
62315,0.0,0.0,4e-05,-0.00024,-4e-05,-2e-05,-1e-05,-1e-05,0
62316,-1e-05,1e-05,-3e-05,-0.00011,-3e-05,1e-05,-1e-05,-2e-05,0
62317,-1e-05,1e-05,-3e-05,-0.00011,-3e-05,1e-05,-1e-05,-2e-05,0
62318,-1e-05,1e-05,-3e-05,-0.00011,-3e-05,1e-05,-1e-05,-2e-05,0
62319,-1e-05,1e-05,-3e-05,-0.00011,-3e-05,1e-05,-1e-05,-2e-05,0
62320,-1e-05,1e-05,-3e-05,-0.00011,-3e-05,1e-05,-1e-05,-2e-05,0
62321,-1e-05,1e-05,-3e-05,-0.00011,-3e-05,1e-05,-1e-05,-2e-05,0
62322,-1e-05,1e-05,-3e-05,-0.00011,-3e-05,1e-05,-1e-05,-2e-05,0
62323,-1e-05,1e-05,-3e-05,-0.00011,-3e-05,1e-05,-1e-05,-2e-05,0
62324,-1e-05,1e-05,-3e-05,-0.00011,-3e-05,1e-05,-1e-05,-2e-05,0
62325,-1e-05,1e-05,-3e-05,-0.00011,-3e-05,1e-05,-1e-05,-2e-05,0
62326,-1e-05,1e-05,-3e-05,-0.00011,-3e-05,1e-05,-1e-05,-2e-05,0
62327,-1e-05,1e-05,-3e-05,-0.00011,-3e-05,1e-05,-1e-05,-2e-05,0
62328,-1e-05,1e-05,-3e-05,-0.00011,-3e-05,1e-05,-1e-05,-2e-05,0
62329,-1e-05,1e-05,-3e-05,-0.00011,-3e-05,1e-05,-1e-05,-2e-05,0
62330,-1e-05,1e-05,-3e-05,-0.00011,-3e-05,1e-05,-1e-05,-2e-05,0
62331,-1e-05,1e-05,-3e-05,-0.00011,-3e-05,1e-05,-1e-05,-2e-05,0
62332,-1e-05,1e-05,-3e-05,-0.00011,-3e-05,1e-05,-1e-05,-2e-05,0
62333,-1e-05,1e-05,-3e-05,-0.00011,-3e-05,1e-05,-1e-05,-2e-05,0
62334,-1e-05,1e-05,-3e-05,-0.00011,-3e-05,1e-05,-1e-05,-2e-05,0
62335,-1e-05,1e-05,-3e-05,-0.00011,-3e-05,1e-05,-1e-05,-2e-05,0
62336,-3e-05,-3e-05,-2e-05,-0.00016,-5e-05,-2e-05,0.0,-1e-05,0
62339,-3e-05,-7e-05,-8e-05,-0.00014,-4e-05,-2e-05,0.0,1e-05,0
62340,-3e-05,-7e-05,-8e-05,-0.00014,-4e-05,-2e-05,0.0,1e-05,0
62341,-3e-05,-7e-05,-8e-05,-0.00014,-4e-05,-2e-05,0.0,1e-05,0
62342,-3e-05,-7e-05,-8e-05,-0.00014,-4e-05,-2e-05,0.0,1e-05,0
62343,-3e-05,-7e-05,-8e-05,-0.00014,-4e-05,-2e-05,0.0,1e-05,0
62344,-3e-05,-7e-05,-8e-05,-0.00014,-4e-05,-2e-05,0.0,1e-05,0
62345,-3e-05,-7e-05,-8e-05,-0.00014,-4e-05,-2e-05,0.0,1e-05,0
62346,-3e-05,-7e-05,-8e-05,-0.00014,-4e-05,-2e-05,0.0,1e-05,0
62347,-3e-05,-7e-05,-8e-05,-0.00014,-4e-05,-2e-05,0.0,1e-05,0
62348,-3e-05,-7e-05,-8e-05,-0.00014,-4e-05,-2e-05,0.0,1e-05,0
62349,-3e-05,-7e-05,-8e-05,-0.00014,-4e-05,-2e-05,0.0,1e-05,0
62350,-3e-05,-7e-05,-8e-05,-0.00014,-4e-05,-2e-05,0.0,1e-05,0
62351,-3e-05,-7e-05,-8e-05,-0.00014,-4e-05,-2e-05,0.0,1e-05,0
62353,-3e-05,-7e-05,-8e-05,-0.00014,-4e-05,-2e-05,0.0,1e-05,0
62355,-3e-05,-7e-05,-8e-05,-0.00014,-4e-05,-2e-05,0.0,1e-05,0
62356,-3e-05,-7e-05,-8e-05,-0.00014,-4e-05,-2e-05,0.0,1e-05,0
62357,-3e-05,-7e-05,-8e-05,-0.00014,-4e-05,-2e-05,0.0,1e-05,0
62358,-3e-05,-7e-05,-8e-05,-0.00014,-4e-05,-2e-05,0.0,1e-05,0
62359,1e-05,2e-05,0.0,-1e-05,-4e-05,0.0,-2e-05,0.0,0
62360,1e-05,1e-05,2e-05,0.00013,2e-05,-1e-05,0.0,1e-05,0
62361,1e-05,1e-05,2e-05,0.00013,2e-05,-1e-05,0.0,1e-05,0
62362,1e-05,1e-05,2e-05,0.00013,2e-05,-1e-05,0.0,1e-05,0
62363,1e-05,1e-05,2e-05,0.00013,2e-05,-1e-05,0.0,1e-05,0
62364,1e-05,1e-05,2e-05,0.00013,2e-05,-1e-05,0.0,1e-05,0
62365,1e-05,1e-05,2e-05,0.00013,2e-05,-1e-05,0.0,1e-05,0
62366,1e-05,1e-05,2e-05,0.00013,2e-05,-1e-05,0.0,1e-05,0
62367,1e-05,1e-05,2e-05,0.00013,2e-05,-1e-05,0.0,1e-05,0
62368,1e-05,1e-05,2e-05,0.00013,2e-05,-1e-05,0.0,1e-05,0
62369,1e-05,1e-05,2e-05,0.00013,2e-05,-1e-05,0.0,1e-05,0
62370,1e-05,1e-05,2e-05,0.00013,2e-05,-1e-05,0.0,1e-05,0
62371,1e-05,1e-05,2e-05,0.00013,2e-05,-1e-05,0.0,1e-05,0
62372,1e-05,1e-05,2e-05,0.00013,2e-05,-1e-05,0.0,1e-05,0
62373,1e-05,1e-05,2e-05,0.00013,2e-05,-1e-05,0.0,1e-05,0
62374,1e-05,1e-05,2e-05,0.00013,2e-05,-1e-05,0.0,1e-05,0
62375,1e-05,1e-05,2e-05,0.00013,2e-05,-1e-05,0.0,1e-05,0
62376,1e-05,1e-05,2e-05,0.00013,2e-05,-1e-05,0.0,1e-05,0
62377,1e-05,1e-05,2e-05,0.00013,2e-05,-1e-05,0.0,1e-05,0
62378,1e-05,1e-05,2e-05,0.00013,2e-05,-1e-05,0.0,1e-05,0
62379,1e-05,1e-05,2e-05,0.00013,2e-05,-1e-05,0.0,1e-05,0
62380,1e-05,1e-05,2e-05,0.00013,2e-05,-1e-05,0.0,1e-05,0
62381,-1e-05,-1e-05,-1e-05,0.00014,1e-05,-2e-05,-1e-05,-2e-05,0
62382,-1e-05,-1e-05,-1e-05,0.00014,1e-05,-2e-05,-1e-05,-2e-05,0
62383,1e-05,2e-05,4e-05,5e-05,1e-05,-1e-05,1e-05,1e-05,0
62384,1e-05,2e-05,4e-05,5e-05,1e-05,-1e-05,1e-05,1e-05,0
62385,1e-05,2e-05,4e-05,5e-05,1e-05,-1e-05,1e-05,1e-05,0
62386,1e-05,2e-05,4e-05,5e-05,1e-05,-1e-05,1e-05,1e-05,0
62388,1e-05,2e-05,4e-05,5e-05,1e-05,-1e-05,1e-05,1e-05,0
62389,1e-05,2e-05,4e-05,5e-05,1e-05,-1e-05,1e-05,1e-05,0
62390,1e-05,2e-05,4e-05,5e-05,1e-05,-1e-05,1e-05,1e-05,0
62391,1e-05,2e-05,4e-05,5e-05,1e-05,-1e-05,1e-05,1e-05,0
62392,1e-05,2e-05,4e-05,5e-05,1e-05,-1e-05,1e-05,1e-05,0
62393,1e-05,2e-05,4e-05,5e-05,1e-05,-1e-05,1e-05,1e-05,0
62394,1e-05,2e-05,4e-05,5e-05,1e-05,-1e-05,1e-05,1e-05,0
62395,1e-05,2e-05,4e-05,5e-05,1e-05,-1e-05,1e-05,1e-05,0
62396,-1e-05,1e-05,-2e-05,7e-05,2e-05,-1e-05,-1e-05,0.0,0
62397,-1e-05,1e-05,-2e-05,7e-05,2e-05,-1e-05,-1e-05,0.0,0
62398,0.0,0.0,2e-05,1e-05,-2e-05,-2e-05,-3e-05,-4e-05,0
62400,0.0,0.0,2e-05,1e-05,-2e-05,-2e-05,-3e-05,-4e-05,0
62401,0.0,0.0,2e-05,1e-05,-2e-05,-2e-05,-3e-05,-4e-05,0
62402,0.0,0.0,2e-05,1e-05,-2e-05,-2e-05,-3e-05,-4e-05,0
62404,0.0,0.0,2e-05,1e-05,-2e-05,-2e-05,-3e-05,-4e-05,0
62405,0.0,0.0,2e-05,1e-05,-2e-05,-2e-05,-3e-05,-4e-05,0
62406,0.0,0.0,2e-05,1e-05,-2e-05,-2e-05,-3e-05,-4e-05,0
62407,0.0,0.0,2e-05,1e-05,-2e-05,-2e-05,-3e-05,-4e-05,0
62408,0.0,0.0,2e-05,1e-05,-2e-05,-2e-05,-3e-05,-4e-05,0
62409,0.0,0.0,2e-05,1e-05,-2e-05,-2e-05,-3e-05,-4e-05,0
62410,0.0,0.0,2e-05,1e-05,-2e-05,-2e-05,-3e-05,-4e-05,0
62411,0.0,0.0,2e-05,1e-05,-2e-05,-2e-05,-3e-05,-4e-05,0
62412,0.0,0.0,2e-05,1e-05,-2e-05,-2e-05,-3e-05,-4e-05,0
62413,0.0,0.0,2e-05,1e-05,-2e-05,-2e-05,-3e-05,-4e-05,0
62414,0.0,0.0,2e-05,1e-05,-2e-05,-2e-05,-3e-05,-4e-05,0
62415,0.0,0.0,2e-05,1e-05,-2e-05,-2e-05,-3e-05,-4e-05,0
62416,0.0,0.0,2e-05,1e-05,-2e-05,-2e-05,-3e-05,-4e-05,0
62417,0.0,0.0,2e-05,1e-05,-2e-05,-2e-05,-3e-05,-4e-05,0
62418,-3e-05,-7e-05,-6e-05,-0.00011,-2e-05,0.0,-1e-05,0.0,0
62419,-3e-05,-5e-05,-9e-05,-1e-05,-1e-05,-2e-05,0.0,0.0,0
62420,0.0,0.0,-1e-05,-5e-05,-2e-05,-2e-05,-2e-05,1e-05,0
62421,0.0,0.0,-1e-05,-5e-05,-2e-05,-2e-05,-2e-05,1e-05,0
62422,0.0,0.0,-1e-05,-5e-05,-2e-05,-2e-05,-2e-05,1e-05,0
62423,0.0,0.0,-1e-05,-5e-05,-2e-05,-2e-05,-2e-05,1e-05,0
62424,0.0,0.0,-1e-05,-5e-05,-2e-05,-2e-05,-2e-05,1e-05,0
62425,0.0,0.0,-1e-05,-5e-05,-2e-05,-2e-05,-2e-05,1e-05,0
62426,0.0,0.0,-1e-05,-5e-05,-2e-05,-2e-05,-2e-05,1e-05,0
62427,0.0,0.0,-1e-05,-5e-05,-2e-05,-2e-05,-2e-05,1e-05,0
62428,0.0,0.0,-1e-05,-5e-05,-2e-05,-2e-05,-2e-05,1e-05,0
62429,0.0,0.0,-1e-05,-5e-05,-2e-05,-2e-05,-2e-05,1e-05,0
62430,0.0,0.0,-1e-05,-5e-05,-2e-05,-2e-05,-2e-05,1e-05,0
62431,0.0,0.0,-1e-05,-5e-05,-2e-05,-2e-05,-2e-05,1e-05,0
62432,0.0,0.0,-1e-05,-5e-05,-2e-05,-2e-05,-2e-05,1e-05,0
62433,1e-05,0.0,0.0,5e-05,3e-05,0.0,-2e-05,0.0,0
62434,1e-05,0.0,0.0,5e-05,3e-05,0.0,-2e-05,0.0,0
62435,1e-05,0.0,0.0,5e-05,3e-05,0.0,-2e-05,0.0,0
62436,1e-05,0.0,0.0,5e-05,3e-05,0.0,-2e-05,0.0,0
62439,1e-05,0.0,0.0,5e-05,3e-05,0.0,-2e-05,0.0,0
62440,-1e-05,-3e-05,0.0,-0.00022,-4e-05,-2e-05,-3e-05,-1e-05,0
62441,-1e-05,-3e-05,0.0,-0.00022,-4e-05,-2e-05,-3e-05,-1e-05,0
62442,-1e-05,-3e-05,0.0,-0.00022,-4e-05,-2e-05,-3e-05,-1e-05,0
62443,-1e-05,-3e-05,0.0,-0.00022,-4e-05,-2e-05,-3e-05,-1e-05,0
62444,-1e-05,-3e-05,0.0,-0.00022,-4e-05,-2e-05,-3e-05,-1e-05,0
62445,-1e-05,-3e-05,0.0,-0.00022,-4e-05,-2e-05,-3e-05,-1e-05,0
62447,-1e-05,-3e-05,0.0,-0.00022,-4e-05,-2e-05,-3e-05,-1e-05,0
62448,-1e-05,-3e-05,0.0,-0.00022,-4e-05,-2e-05,-3e-05,-1e-05,0
62449,-1e-05,-3e-05,0.0,-0.00022,-4e-05,-2e-05,-3e-05,-1e-05,0
62450,-1e-05,-3e-05,0.0,-0.00022,-4e-05,-2e-05,-3e-05,-1e-05,0
62451,-1e-05,-3e-05,0.0,-0.00022,-4e-05,-2e-05,-3e-05,-1e-05,0
62452,-1e-05,-3e-05,0.0,-0.00022,-4e-05,-2e-05,-3e-05,-1e-05,0
62454,-1e-05,-3e-05,0.0,-0.00022,-4e-05,-2e-05,-3e-05,-1e-05,0
62455,-1e-05,-3e-05,0.0,-0.00022,-4e-05,-2e-05,-3e-05,-1e-05,0
62456,-1e-05,-3e-05,0.0,-0.00022,-4e-05,-2e-05,-3e-05,-1e-05,0
62457,-1e-05,-5e-05,-2e-05,-7e-05,-2e-05,1e-05,-1e-05,-3e-05,0
62458,-4e-05,-1e-05,1e-05,0.00019,4e-05,-2e-05,-1e-05,0.0,0
62459,-4e-05,-1e-05,1e-05,0.00019,4e-05,-2e-05,-1e-05,0.0,0
62460,-4e-05,-1e-05,1e-05,0.00019,4e-05,-2e-05,-1e-05,0.0,0
62461,-4e-05,-1e-05,1e-05,0.00019,4e-05,-2e-05,-1e-05,0.0,0
62462,-4e-05,-1e-05,1e-05,0.00019,4e-05,-2e-05,-1e-05,0.0,0
62463,-4e-05,-1e-05,1e-05,0.00019,4e-05,-2e-05,-1e-05,0.0,0
62464,-4e-05,-1e-05,1e-05,0.00019,4e-05,-2e-05,-1e-05,0.0,0
62465,-4e-05,-1e-05,1e-05,0.00019,4e-05,-2e-05,-1e-05,0.0,0
62466,-4e-05,-1e-05,1e-05,0.00019,4e-05,-2e-05,-1e-05,0.0,0
62467,-4e-05,-1e-05,1e-05,0.00019,4e-05,-2e-05,-1e-05,0.0,0
62468,-4e-05,-1e-05,1e-05,0.00019,4e-05,-2e-05,-1e-05,0.0,0
62469,-4e-05,-1e-05,1e-05,0.00019,4e-05,-2e-05,-1e-05,0.0,0
62470,-4e-05,-1e-05,1e-05,0.00019,4e-05,-2e-05,-1e-05,0.0,0
62471,-4e-05,-1e-05,1e-05,0.00019,4e-05,-2e-05,-1e-05,0.0,0
62472,-4e-05,-1e-05,1e-05,0.00019,4e-05,-2e-05,-1e-05,0.0,0
62473,-4e-05,-1e-05,1e-05,0.00019,4e-05,-2e-05,-1e-05,0.0,0
62474,-4e-05,-1e-05,1e-05,0.00019,4e-05,-2e-05,-1e-05,0.0,0
62475,-4e-05,-1e-05,1e-05,0.00019,4e-05,-2e-05,-1e-05,0.0,0
62476,-4e-05,-1e-05,1e-05,0.00019,4e-05,-2e-05,-1e-05,0.0,0
62477,-4e-05,-1e-05,1e-05,0.00019,4e-05,-2e-05,-1e-05,0.0,0
62478,-1e-05,-1e-05,1e-05,-0.00019,-6e-05,-1e-05,0.0,-1e-05,0
62479,2e-05,1e-05,2e-05,5e-05,0.0,-3e-05,-1e-05,-2e-05,0
62480,-3e-05,-4e-05,-2e-05,-0.0001,-3e-05,0.0,1e-05,-2e-05,0
62481,-3e-05,-4e-05,-2e-05,-0.0001,-3e-05,0.0,1e-05,-2e-05,0
62482,-3e-05,-4e-05,-2e-05,-0.0001,-3e-05,0.0,1e-05,-2e-05,0
62483,-3e-05,-4e-05,-2e-05,-0.0001,-3e-05,0.0,1e-05,-2e-05,0
62484,-3e-05,-4e-05,-2e-05,-0.0001,-3e-05,0.0,1e-05,-2e-05,0
62485,-3e-05,-4e-05,-2e-05,-0.0001,-3e-05,0.0,1e-05,-2e-05,0
62486,-3e-05,-4e-05,-2e-05,-0.0001,-3e-05,0.0,1e-05,-2e-05,0
62488,-3e-05,-4e-05,-2e-05,-0.0001,-3e-05,0.0,1e-05,-2e-05,0
62489,-3e-05,-4e-05,-2e-05,-0.0001,-3e-05,0.0,1e-05,-2e-05,0
62490,-3e-05,-4e-05,-2e-05,-0.0001,-3e-05,0.0,1e-05,-2e-05,0
62491,-3e-05,-4e-05,-2e-05,-0.0001,-3e-05,0.0,1e-05,-2e-05,0
62492,-3e-05,-4e-05,-2e-05,-0.0001,-3e-05,0.0,1e-05,-2e-05,0
62493,-2e-05,-2e-05,-1e-05,9e-05,1e-05,0.0,0.0,-1e-05,0
62494,-2e-05,-2e-05,-1e-05,9e-05,1e-05,0.0,0.0,-1e-05,0
62495,-2e-05,-2e-05,-1e-05,9e-05,1e-05,0.0,0.0,-1e-05,0
62496,-2e-05,-2e-05,-1e-05,9e-05,1e-05,0.0,0.0,-1e-05,0
62497,-2e-05,-2e-05,-1e-05,9e-05,1e-05,0.0,0.0,-1e-05,0
62498,-2e-05,-2e-05,-1e-05,9e-05,1e-05,0.0,0.0,-1e-05,0
62499,-2e-05,-2e-05,-1e-05,9e-05,1e-05,0.0,0.0,-1e-05,0
62500,0.0,-3e-05,-3e-05,6e-05,1e-05,0.0,0.0,1e-05,0
62501,0.0,-3e-05,-3e-05,6e-05,1e-05,0.0,0.0,1e-05,0
62502,0.0,-3e-05,-3e-05,6e-05,1e-05,0.0,0.0,1e-05,0
62503,0.0,-3e-05,-3e-05,6e-05,1e-05,0.0,0.0,1e-05,0
62504,0.0,-3e-05,-3e-05,6e-05,1e-05,0.0,0.0,1e-05,0
62505,0.0,-3e-05,-3e-05,6e-05,1e-05,0.0,0.0,1e-05,0
62506,0.0,-3e-05,-3e-05,6e-05,1e-05,0.0,0.0,1e-05,0
62507,0.0,-3e-05,-3e-05,6e-05,1e-05,0.0,0.0,1e-05,0
62508,0.0,-3e-05,-3e-05,6e-05,1e-05,0.0,0.0,1e-05,0
62509,0.0,-3e-05,-3e-05,6e-05,1e-05,0.0,0.0,1e-05,0
62510,0.0,-3e-05,-3e-05,6e-05,1e-05,0.0,0.0,1e-05,0
62511,0.0,-3e-05,-3e-05,6e-05,1e-05,0.0,0.0,1e-05,0
62512,0.0,-3e-05,-3e-05,6e-05,1e-05,0.0,0.0,1e-05,0
62513,0.0,-3e-05,-3e-05,6e-05,1e-05,0.0,0.0,1e-05,0
62514,0.0,-3e-05,-3e-05,6e-05,1e-05,0.0,0.0,1e-05,0
62515,0.0,-3e-05,-3e-05,6e-05,1e-05,0.0,0.0,1e-05,0
62516,-4e-05,0.0,-2e-05,4e-05,0.0,-1e-05,-1e-05,-2e-05,0
62517,-4e-05,0.0,-2e-05,4e-05,0.0,-1e-05,-1e-05,-2e-05,0
62518,1e-05,3e-05,2e-05,0.00011,2e-05,0.0,-2e-05,0.0,0
62519,1e-05,3e-05,2e-05,0.00011,2e-05,0.0,-2e-05,0.0,0
62520,1e-05,3e-05,2e-05,0.00011,2e-05,0.0,-2e-05,0.0,0
62521,1e-05,3e-05,2e-05,0.00011,2e-05,0.0,-2e-05,0.0,0
62522,1e-05,3e-05,2e-05,0.00011,2e-05,0.0,-2e-05,0.0,0
62523,1e-05,3e-05,2e-05,0.00011,2e-05,0.0,-2e-05,0.0,0
62524,1e-05,3e-05,2e-05,0.00011,2e-05,0.0,-2e-05,0.0,0
62525,1e-05,3e-05,2e-05,0.00011,2e-05,0.0,-2e-05,0.0,0
62526,1e-05,3e-05,2e-05,0.00011,2e-05,0.0,-2e-05,0.0,0
62527,1e-05,3e-05,2e-05,0.00011,2e-05,0.0,-2e-05,0.0,0
62528,1e-05,3e-05,2e-05,0.00011,2e-05,0.0,-2e-05,0.0,0
62529,1e-05,3e-05,2e-05,0.00011,2e-05,0.0,-2e-05,0.0,0
62530,1e-05,3e-05,2e-05,0.00011,2e-05,0.0,-2e-05,0.0,0
62531,1e-05,3e-05,2e-05,0.00011,2e-05,0.0,-2e-05,0.0,0
62532,1e-05,3e-05,2e-05,0.00011,2e-05,0.0,-2e-05,0.0,0
62533,1e-05,3e-05,2e-05,0.00011,2e-05,0.0,-2e-05,0.0,0
62534,1e-05,3e-05,2e-05,0.00011,2e-05,0.0,-2e-05,0.0,0
62535,1e-05,3e-05,2e-05,0.00011,2e-05,0.0,-2e-05,0.0,0
62536,1e-05,3e-05,2e-05,0.00011,2e-05,0.0,-2e-05,0.0,0
62538,1e-05,3e-05,2e-05,0.00011,2e-05,0.0,-2e-05,0.0,0
62539,1e-05,3e-05,2e-05,0.00011,2e-05,0.0,-2e-05,0.0,0
62540,-1e-05,-1e-05,-2e-05,-9e-05,-3e-05,-3e-05,0.0,0.0,0
62541,-2e-05,-2e-05,-5e-05,-2e-05,1e-05,-1e-05,-1e-05,-2e-05,0
62542,-2e-05,-2e-05,-5e-05,-2e-05,1e-05,-1e-05,-1e-05,-2e-05,0
62543,-2e-05,-2e-05,-5e-05,-2e-05,1e-05,-1e-05,-1e-05,-2e-05,0
62544,-2e-05,-2e-05,-5e-05,-2e-05,1e-05,-1e-05,-1e-05,-2e-05,0
62545,-2e-05,-2e-05,-5e-05,-2e-05,1e-05,-1e-05,-1e-05,-2e-05,0
62546,-2e-05,-2e-05,-5e-05,-2e-05,1e-05,-1e-05,-1e-05,-2e-05,0
62547,-2e-05,-2e-05,-5e-05,-2e-05,1e-05,-1e-05,-1e-05,-2e-05,0
62548,-2e-05,-2e-05,-5e-05,-2e-05,1e-05,-1e-05,-1e-05,-2e-05,0
62549,-2e-05,-2e-05,-5e-05,-2e-05,1e-05,-1e-05,-1e-05,-2e-05,0
62550,-2e-05,-2e-05,-5e-05,-2e-05,1e-05,-1e-05,-1e-05,-2e-05,0
62551,-2e-05,-2e-05,-5e-05,-2e-05,1e-05,-1e-05,-1e-05,-2e-05,0
62552,-2e-05,-2e-05,-5e-05,-2e-05,1e-05,-1e-05,-1e-05,-2e-05,0
62553,2e-05,2e-05,7e-05,-2e-05,0.0,-2e-05,-2e-05,-1e-05,0
62554,2e-05,2e-05,7e-05,-2e-05,0.0,-2e-05,-2e-05,-1e-05,0
62555,2e-05,2e-05,7e-05,-2e-05,0.0,-2e-05,-2e-05,-1e-05,0
62556,2e-05,2e-05,7e-05,-2e-05,0.0,-2e-05,-2e-05,-1e-05,0
62557,2e-05,2e-05,7e-05,-2e-05,0.0,-2e-05,-2e-05,-1e-05,0
62558,2e-05,2e-05,7e-05,-2e-05,0.0,-2e-05,-2e-05,-1e-05,0
62559,2e-05,2e-05,7e-05,-2e-05,0.0,-2e-05,-2e-05,-1e-05,0
62560,0.0,-1e-05,-1e-05,-4e-05,-5e-05,-1e-05,-2e-05,0.0,0
62561,0.0,-1e-05,-1e-05,-4e-05,-5e-05,-1e-05,-2e-05,0.0,0
62562,0.0,-1e-05,-1e-05,-4e-05,-5e-05,-1e-05,-2e-05,0.0,0
62563,0.0,-1e-05,-1e-05,-4e-05,-5e-05,-1e-05,-2e-05,0.0,0
62564,0.0,-1e-05,-1e-05,-4e-05,-5e-05,-1e-05,-2e-05,0.0,0
62565,0.0,-1e-05,-1e-05,-4e-05,-5e-05,-1e-05,-2e-05,0.0,0
62566,0.0,-1e-05,-1e-05,-4e-05,-5e-05,-1e-05,-2e-05,0.0,0
62567,0.0,-1e-05,-1e-05,-4e-05,-5e-05,-1e-05,-2e-05,0.0,0
62568,0.0,-1e-05,-1e-05,-4e-05,-5e-05,-1e-05,-2e-05,0.0,0
62569,0.0,-1e-05,-1e-05,-4e-05,-5e-05,-1e-05,-2e-05,0.0,0
62570,0.0,-1e-05,-1e-05,-4e-05,-5e-05,-1e-05,-2e-05,0.0,0
62571,0.0,-1e-05,-1e-05,-4e-05,-5e-05,-1e-05,-2e-05,0.0,0
62572,0.0,-1e-05,-1e-05,-4e-05,-5e-05,-1e-05,-2e-05,0.0,0
62573,0.0,-1e-05,-1e-05,-4e-05,-5e-05,-1e-05,-2e-05,0.0,0
62574,0.0,-1e-05,-1e-05,-4e-05,-5e-05,-1e-05,-2e-05,0.0,0
62575,0.0,-1e-05,-1e-05,-4e-05,-5e-05,-1e-05,-2e-05,0.0,0
62576,2e-05,1e-05,3e-05,4e-05,2e-05,0.0,-1e-05,-1e-05,0
62577,2e-05,1e-05,3e-05,4e-05,2e-05,0.0,-1e-05,-1e-05,0
62578,-3e-05,-4e-05,-3e-05,0.00011,-2e-05,-2e-05,0.0,0.0,0
62579,-3e-05,-4e-05,-3e-05,0.00011,-2e-05,-2e-05,0.0,0.0,0
62580,-3e-05,-4e-05,-3e-05,0.00011,-2e-05,-2e-05,0.0,0.0,0
62581,-3e-05,-4e-05,-3e-05,0.00011,-2e-05,-2e-05,0.0,0.0,0
62582,-3e-05,-4e-05,-3e-05,0.00011,-2e-05,-2e-05,0.0,0.0,0
62583,-3e-05,-4e-05,-3e-05,0.00011,-2e-05,-2e-05,0.0,0.0,0
62584,-3e-05,-4e-05,-3e-05,0.00011,-2e-05,-2e-05,0.0,0.0,0
62585,-3e-05,-4e-05,-3e-05,0.00011,-2e-05,-2e-05,0.0,0.0,0
62586,-3e-05,-4e-05,-3e-05,0.00011,-2e-05,-2e-05,0.0,0.0,0
62588,-3e-05,-4e-05,-3e-05,0.00011,-2e-05,-2e-05,0.0,0.0,0
62589,-3e-05,-4e-05,-3e-05,0.00011,-2e-05,-2e-05,0.0,0.0,0
62590,-3e-05,-4e-05,-3e-05,0.00011,-2e-05,-2e-05,0.0,0.0,0
62591,-3e-05,-4e-05,-3e-05,0.00011,-2e-05,-2e-05,0.0,0.0,0
62592,-3e-05,-4e-05,-3e-05,0.00011,-2e-05,-2e-05,0.0,0.0,0
62593,-3e-05,-4e-05,-3e-05,0.00011,-2e-05,-2e-05,0.0,0.0,0
62594,-3e-05,-4e-05,-3e-05,0.00011,-2e-05,-2e-05,0.0,0.0,0
62595,-3e-05,-4e-05,-3e-05,0.00011,-2e-05,-2e-05,0.0,0.0,0
62596,-3e-05,-4e-05,-3e-05,0.00011,-2e-05,-2e-05,0.0,0.0,0
62597,-3e-05,-4e-05,-3e-05,0.00011,-2e-05,-2e-05,0.0,0.0,0
62598,-3e-05,-4e-05,-3e-05,0.00011,-2e-05,-2e-05,0.0,0.0,0
62599,-3e-05,-6e-05,-0.00011,-7e-05,-3e-05,0.0,-1e-05,-1e-05,0
62600,-1e-05,3e-05,0.0,-4e-05,-1e-05,-3e-05,0.0,-2e-05,0
62601,-1e-05,3e-05,0.0,-4e-05,-1e-05,-3e-05,0.0,-2e-05,0
62602,-1e-05,3e-05,0.0,-4e-05,-1e-05,-3e-05,0.0,-2e-05,0
62603,-1e-05,3e-05,0.0,-4e-05,-1e-05,-3e-05,0.0,-2e-05,0
62604,-1e-05,3e-05,0.0,-4e-05,-1e-05,-3e-05,0.0,-2e-05,0
62605,-1e-05,3e-05,0.0,-4e-05,-1e-05,-3e-05,0.0,-2e-05,0
62606,-1e-05,3e-05,0.0,-4e-05,-1e-05,-3e-05,0.0,-2e-05,0
62607,-1e-05,3e-05,0.0,-4e-05,-1e-05,-3e-05,0.0,-2e-05,0
62608,-1e-05,3e-05,0.0,-4e-05,-1e-05,-3e-05,0.0,-2e-05,0
62609,-1e-05,3e-05,0.0,-4e-05,-1e-05,-3e-05,0.0,-2e-05,0
62610,-1e-05,3e-05,0.0,-4e-05,-1e-05,-3e-05,0.0,-2e-05,0
62611,-1e-05,3e-05,0.0,-4e-05,-1e-05,-3e-05,0.0,-2e-05,0
62612,-1e-05,3e-05,0.0,-4e-05,-1e-05,-3e-05,0.0,-2e-05,0
62613,-1e-05,-2e-05,-1e-05,-2e-05,1e-05,-2e-05,-1e-05,-1e-05,0
62614,-1e-05,-2e-05,-1e-05,-2e-05,1e-05,-2e-05,-1e-05,-1e-05,0
62615,-1e-05,-2e-05,-1e-05,-2e-05,1e-05,-2e-05,-1e-05,-1e-05,0
62616,-1e-05,-2e-05,-1e-05,-2e-05,1e-05,-2e-05,-1e-05,-1e-05,0
62617,-1e-05,-2e-05,-1e-05,-2e-05,1e-05,-2e-05,-1e-05,-1e-05,0
62618,-1e-05,-2e-05,-1e-05,-2e-05,1e-05,-2e-05,-1e-05,-1e-05,0
62619,-1e-05,-2e-05,-1e-05,-2e-05,1e-05,-2e-05,-1e-05,-1e-05,0
62620,-1e-05,-3e-05,-1e-05,-9e-05,-3e-05,-1e-05,-1e-05,-1e-05,0
62621,-1e-05,-3e-05,-1e-05,-9e-05,-3e-05,-1e-05,-1e-05,-1e-05,0
62622,-1e-05,-3e-05,-1e-05,-9e-05,-3e-05,-1e-05,-1e-05,-1e-05,0
62623,-1e-05,-3e-05,-1e-05,-9e-05,-3e-05,-1e-05,-1e-05,-1e-05,0
62624,-1e-05,-3e-05,-1e-05,-9e-05,-3e-05,-1e-05,-1e-05,-1e-05,0
62625,-1e-05,-3e-05,-1e-05,-9e-05,-3e-05,-1e-05,-1e-05,-1e-05,0
62626,-1e-05,-3e-05,-1e-05,-9e-05,-3e-05,-1e-05,-1e-05,-1e-05,0
62627,-1e-05,-3e-05,-1e-05,-9e-05,-3e-05,-1e-05,-1e-05,-1e-05,0
62628,-1e-05,-3e-05,-1e-05,-9e-05,-3e-05,-1e-05,-1e-05,-1e-05,0
62629,-1e-05,-3e-05,-1e-05,-9e-05,-3e-05,-1e-05,-1e-05,-1e-05,0
62630,-1e-05,-3e-05,-1e-05,-9e-05,-3e-05,-1e-05,-1e-05,-1e-05,0
62631,-1e-05,-3e-05,-1e-05,-9e-05,-3e-05,-1e-05,-1e-05,-1e-05,0
62632,-1e-05,-3e-05,-1e-05,-9e-05,-3e-05,-1e-05,-1e-05,-1e-05,0
62633,-1e-05,-3e-05,-1e-05,-9e-05,-3e-05,-1e-05,-1e-05,-1e-05,0
62634,-1e-05,-3e-05,-1e-05,-9e-05,-3e-05,-1e-05,-1e-05,-1e-05,0
62635,-1e-05,-3e-05,-1e-05,-9e-05,-3e-05,-1e-05,-1e-05,-1e-05,0
62636,-2e-05,1e-05,1e-05,2e-05,2e-05,-2e-05,-1e-05,-1e-05,0
62639,-3e-05,-3e-05,-9e-05,4e-05,-1e-05,0.0,-2e-05,-1e-05,0
62640,-3e-05,-3e-05,-9e-05,4e-05,-1e-05,0.0,-2e-05,-1e-05,0
62641,-3e-05,-3e-05,-9e-05,4e-05,-1e-05,0.0,-2e-05,-1e-05,0
62642,-3e-05,-3e-05,-9e-05,4e-05,-1e-05,0.0,-2e-05,-1e-05,0
62643,-3e-05,-3e-05,-9e-05,4e-05,-1e-05,0.0,-2e-05,-1e-05,0
62644,-3e-05,-3e-05,-9e-05,4e-05,-1e-05,0.0,-2e-05,-1e-05,0
62645,-3e-05,-3e-05,-9e-05,4e-05,-1e-05,0.0,-2e-05,-1e-05,0
62646,-3e-05,-3e-05,-9e-05,4e-05,-1e-05,0.0,-2e-05,-1e-05,0
62647,-3e-05,-3e-05,-9e-05,4e-05,-1e-05,0.0,-2e-05,-1e-05,0
62648,-3e-05,-3e-05,-9e-05,4e-05,-1e-05,0.0,-2e-05,-1e-05,0
62649,-3e-05,-3e-05,-9e-05,4e-05,-1e-05,0.0,-2e-05,-1e-05,0
62650,-3e-05,-3e-05,-9e-05,4e-05,-1e-05,0.0,-2e-05,-1e-05,0
62651,-3e-05,-3e-05,-9e-05,4e-05,-1e-05,0.0,-2e-05,-1e-05,0
62652,-3e-05,-3e-05,-9e-05,4e-05,-1e-05,0.0,-2e-05,-1e-05,0
62653,-3e-05,-3e-05,-9e-05,4e-05,-1e-05,0.0,-2e-05,-1e-05,0
62654,-3e-05,-3e-05,-9e-05,4e-05,-1e-05,0.0,-2e-05,-1e-05,0
62655,-3e-05,-3e-05,-9e-05,4e-05,-1e-05,0.0,-2e-05,-1e-05,0
62656,-3e-05,-3e-05,-9e-05,4e-05,-1e-05,0.0,-2e-05,-1e-05,0
62657,-3e-05,-3e-05,-9e-05,4e-05,-1e-05,0.0,-2e-05,-1e-05,0
62658,0.0,-2e-05,-3e-05,-5e-05,2e-05,1e-05,0.0,1e-05,0
62659,-1e-05,3e-05,3e-05,2e-05,0.0,-1e-05,1e-05,-2e-05,0
62660,1e-05,-3e-05,0.0,-9e-05,-4e-05,-4e-05,-1e-05,-2e-05,0
62661,1e-05,-3e-05,0.0,-9e-05,-4e-05,-4e-05,-1e-05,-2e-05,0
62662,1e-05,-3e-05,0.0,-9e-05,-4e-05,-4e-05,-1e-05,-2e-05,0
62663,1e-05,-3e-05,0.0,-9e-05,-4e-05,-4e-05,-1e-05,-2e-05,0
62664,1e-05,-3e-05,0.0,-9e-05,-4e-05,-4e-05,-1e-05,-2e-05,0
62665,1e-05,-3e-05,0.0,-9e-05,-4e-05,-4e-05,-1e-05,-2e-05,0
62666,1e-05,-3e-05,0.0,-9e-05,-4e-05,-4e-05,-1e-05,-2e-05,0
62667,1e-05,-3e-05,0.0,-9e-05,-4e-05,-4e-05,-1e-05,-2e-05,0
62668,1e-05,-3e-05,0.0,-9e-05,-4e-05,-4e-05,-1e-05,-2e-05,0
62669,1e-05,-3e-05,0.0,-9e-05,-4e-05,-4e-05,-1e-05,-2e-05,0
62670,1e-05,-3e-05,0.0,-9e-05,-4e-05,-4e-05,-1e-05,-2e-05,0
62671,1e-05,-3e-05,0.0,-9e-05,-4e-05,-4e-05,-1e-05,-2e-05,0
62672,1e-05,-3e-05,0.0,-9e-05,-4e-05,-4e-05,-1e-05,-2e-05,0
62673,0.0,0.0,1e-05,-1e-05,-2e-05,0.0,-1e-05,1e-05,0
62674,0.0,0.0,1e-05,-1e-05,-2e-05,0.0,-1e-05,1e-05,0
62675,0.0,0.0,1e-05,-1e-05,-2e-05,0.0,-1e-05,1e-05,0
62676,0.0,0.0,1e-05,-1e-05,-2e-05,0.0,-1e-05,1e-05,0
62677,0.0,0.0,1e-05,-1e-05,-2e-05,0.0,-1e-05,1e-05,0
62678,0.0,0.0,1e-05,-1e-05,-2e-05,0.0,-1e-05,1e-05,0
62679,0.0,0.0,1e-05,-1e-05,-2e-05,0.0,-1e-05,1e-05,0
62680,0.0,-1e-05,2e-05,-0.00012,-2e-05,0.0,0.0,-1e-05,0
62681,0.0,-1e-05,2e-05,-0.00012,-2e-05,0.0,0.0,-1e-05,0
62682,0.0,-1e-05,2e-05,-0.00012,-2e-05,0.0,0.0,-1e-05,0
62683,0.0,-1e-05,2e-05,-0.00012,-2e-05,0.0,0.0,-1e-05,0
62684,0.0,-1e-05,2e-05,-0.00012,-2e-05,0.0,0.0,-1e-05,0
62685,0.0,-1e-05,2e-05,-0.00012,-2e-05,0.0,0.0,-1e-05,0
62686,0.0,-1e-05,2e-05,-0.00012,-2e-05,0.0,0.0,-1e-05,0
62688,0.0,-1e-05,2e-05,-0.00012,-2e-05,0.0,0.0,-1e-05,0
62689,0.0,-1e-05,2e-05,-0.00012,-2e-05,0.0,0.0,-1e-05,0
62690,0.0,-1e-05,2e-05,-0.00012,-2e-05,0.0,0.0,-1e-05,0
62691,0.0,-1e-05,2e-05,-0.00012,-2e-05,0.0,0.0,-1e-05,0
62692,0.0,-1e-05,2e-05,-0.00012,-2e-05,0.0,0.0,-1e-05,0
62693,0.0,-1e-05,2e-05,-0.00012,-2e-05,0.0,0.0,-1e-05,0
62694,0.0,-1e-05,2e-05,-0.00012,-2e-05,0.0,0.0,-1e-05,0
62695,0.0,-1e-05,2e-05,-0.00012,-2e-05,0.0,0.0,-1e-05,0
62696,-1e-05,-5e-05,-4e-05,4e-05,0.0,0.0,-1e-05,-2e-05,0
62697,-1e-05,-5e-05,-4e-05,4e-05,0.0,0.0,-1e-05,-2e-05,0
62698,0.0,3e-05,5e-05,4e-05,3e-05,-1e-05,-3e-05,-1e-05,0
62699,0.0,3e-05,5e-05,4e-05,3e-05,-1e-05,-3e-05,-1e-05,0
62700,0.0,3e-05,5e-05,4e-05,3e-05,-1e-05,-3e-05,-1e-05,0
62701,0.0,3e-05,5e-05,4e-05,3e-05,-1e-05,-3e-05,-1e-05,0
62702,0.0,3e-05,5e-05,4e-05,3e-05,-1e-05,-3e-05,-1e-05,0
62703,0.0,3e-05,5e-05,4e-05,3e-05,-1e-05,-3e-05,-1e-05,0
62704,0.0,3e-05,5e-05,4e-05,3e-05,-1e-05,-3e-05,-1e-05,0
62705,0.0,3e-05,5e-05,4e-05,3e-05,-1e-05,-3e-05,-1e-05,0
62706,0.0,3e-05,5e-05,4e-05,3e-05,-1e-05,-3e-05,-1e-05,0
62707,0.0,3e-05,5e-05,4e-05,3e-05,-1e-05,-3e-05,-1e-05,0
62708,0.0,3e-05,5e-05,4e-05,3e-05,-1e-05,-3e-05,-1e-05,0
62709,0.0,3e-05,5e-05,4e-05,3e-05,-1e-05,-3e-05,-1e-05,0
62710,0.0,3e-05,5e-05,4e-05,3e-05,-1e-05,-3e-05,-1e-05,0
62711,0.0,3e-05,5e-05,4e-05,3e-05,-1e-05,-3e-05,-1e-05,0
62712,0.0,3e-05,5e-05,4e-05,3e-05,-1e-05,-3e-05,-1e-05,0
62713,0.0,3e-05,5e-05,4e-05,3e-05,-1e-05,-3e-05,-1e-05,0
62714,0.0,3e-05,5e-05,4e-05,3e-05,-1e-05,-3e-05,-1e-05,0
62715,0.0,3e-05,5e-05,4e-05,3e-05,-1e-05,-3e-05,-1e-05,0
62716,0.0,3e-05,5e-05,4e-05,3e-05,-1e-05,-3e-05,-1e-05,0
62717,0.0,3e-05,5e-05,4e-05,3e-05,-1e-05,-3e-05,-1e-05,0
62718,-1e-05,-1e-05,1e-05,2e-05,-1e-05,2e-05,0.0,-3e-05,0
62719,-4e-05,-7e-05,-0.00011,-0.00013,-5e-05,-3e-05,-1e-05,0.0,0
62720,2e-05,1e-05,5e-05,0.0001,1e-05,1e-05,0.0,0.0,0
62721,2e-05,1e-05,5e-05,0.0001,1e-05,1e-05,0.0,0.0,0
62722,2e-05,1e-05,5e-05,0.0001,1e-05,1e-05,0.0,0.0,0
62723,2e-05,1e-05,5e-05,0.0001,1e-05,1e-05,0.0,0.0,0
62724,2e-05,1e-05,5e-05,0.0001,1e-05,1e-05,0.0,0.0,0
62725,2e-05,1e-05,5e-05,0.0001,1e-05,1e-05,0.0,0.0,0
62726,2e-05,1e-05,5e-05,0.0001,1e-05,1e-05,0.0,0.0,0
62727,2e-05,1e-05,5e-05,0.0001,1e-05,1e-05,0.0,0.0,0
62728,2e-05,1e-05,5e-05,0.0001,1e-05,1e-05,0.0,0.0,0
62729,2e-05,1e-05,5e-05,0.0001,1e-05,1e-05,0.0,0.0,0
62730,2e-05,1e-05,5e-05,0.0001,1e-05,1e-05,0.0,0.0,0
62731,2e-05,1e-05,5e-05,0.0001,1e-05,1e-05,0.0,0.0,0
62732,0.0,-3e-05,-3e-05,-0.00014,-3e-05,-3e-05,-3e-05,-2e-05,0
62733,0.0,-3e-05,-3e-05,-0.00014,-3e-05,-3e-05,-3e-05,-2e-05,0
62734,0.0,-3e-05,-3e-05,-0.00014,-3e-05,-3e-05,-3e-05,-2e-05,0
62735,0.0,-3e-05,-3e-05,-0.00014,-3e-05,-3e-05,-3e-05,-2e-05,0
62736,0.0,-3e-05,-3e-05,-0.00014,-3e-05,-3e-05,-3e-05,-2e-05,0
62738,0.0,-3e-05,-3e-05,-0.00014,-3e-05,-3e-05,-3e-05,-2e-05,0
62739,0.0,-3e-05,-3e-05,-0.00014,-3e-05,-3e-05,-3e-05,-2e-05,0
62740,0.0,-3e-05,-3e-05,-0.00014,-3e-05,-3e-05,-3e-05,-2e-05,0
62741,0.0,-3e-05,-3e-05,-0.00014,-3e-05,-3e-05,-3e-05,-2e-05,0
62742,0.0,-3e-05,-3e-05,-0.00014,-3e-05,-3e-05,-3e-05,-2e-05,0
62743,0.0,-3e-05,-3e-05,-0.00014,-3e-05,-3e-05,-3e-05,-2e-05,0
62744,0.0,-3e-05,-3e-05,-0.00014,-3e-05,-3e-05,-3e-05,-2e-05,0
62745,0.0,-3e-05,-3e-05,-0.00014,-3e-05,-3e-05,-3e-05,-2e-05,0
62746,0.0,-3e-05,-3e-05,-0.00014,-3e-05,-3e-05,-3e-05,-2e-05,0
62747,0.0,-3e-05,-3e-05,-0.00014,-3e-05,-3e-05,-3e-05,-2e-05,0
62748,0.0,-3e-05,-3e-05,-0.00014,-3e-05,-3e-05,-3e-05,-2e-05,0
62749,-2e-05,3e-05,2e-05,-2e-05,-1e-05,-1e-05,1e-05,0.0,0
62750,-2e-05,3e-05,2e-05,-2e-05,-1e-05,-1e-05,1e-05,0.0,0
62751,-2e-05,3e-05,2e-05,-2e-05,-1e-05,-1e-05,1e-05,0.0,0
62752,-2e-05,3e-05,2e-05,-2e-05,-1e-05,-1e-05,1e-05,0.0,0
62753,-2e-05,3e-05,2e-05,-2e-05,-1e-05,-1e-05,1e-05,0.0,0
62754,-2e-05,3e-05,2e-05,-2e-05,-1e-05,-1e-05,1e-05,0.0,0
62755,-2e-05,3e-05,2e-05,-2e-05,-1e-05,-1e-05,1e-05,0.0,0
62756,-3e-05,-4e-05,-5e-05,-3e-05,-5e-05,-2e-05,0.0,-2e-05,0
62757,0.0,-2e-05,-2e-05,0.0,0.0,-2e-05,-1e-05,1e-05,0
62758,-3e-05,-3e-05,-2e-05,-7e-05,-2e-05,-3e-05,-3e-05,-1e-05,0
62759,-3e-05,-3e-05,-2e-05,-7e-05,-2e-05,-3e-05,-3e-05,-1e-05,0
62760,-3e-05,-3e-05,-2e-05,-7e-05,-2e-05,-3e-05,-3e-05,-1e-05,0
62761,-3e-05,-3e-05,-2e-05,-7e-05,-2e-05,-3e-05,-3e-05,-1e-05,0
62762,-3e-05,-3e-05,-2e-05,-7e-05,-2e-05,-3e-05,-3e-05,-1e-05,0
62763,-3e-05,-3e-05,-2e-05,-7e-05,-2e-05,-3e-05,-3e-05,-1e-05,0
62764,-3e-05,-3e-05,-2e-05,-7e-05,-2e-05,-3e-05,-3e-05,-1e-05,0
62765,-3e-05,-3e-05,-2e-05,-7e-05,-2e-05,-3e-05,-3e-05,-1e-05,0
62766,-3e-05,-3e-05,-2e-05,-7e-05,-2e-05,-3e-05,-3e-05,-1e-05,0
62767,-3e-05,-3e-05,-2e-05,-7e-05,-2e-05,-3e-05,-3e-05,-1e-05,0
62768,-3e-05,-3e-05,-2e-05,-7e-05,-2e-05,-3e-05,-3e-05,-1e-05,0
62769,-3e-05,-3e-05,-2e-05,-7e-05,-2e-05,-3e-05,-3e-05,-1e-05,0
62770,-3e-05,-3e-05,-2e-05,-7e-05,-2e-05,-3e-05,-3e-05,-1e-05,0
62771,-3e-05,-3e-05,-2e-05,-7e-05,-2e-05,-3e-05,-3e-05,-1e-05,0
62772,-3e-05,-3e-05,-2e-05,-7e-05,-2e-05,-3e-05,-3e-05,-1e-05,0
62773,-3e-05,-3e-05,-2e-05,-7e-05,-2e-05,-3e-05,-3e-05,-1e-05,0
62774,-3e-05,-3e-05,-2e-05,-7e-05,-2e-05,-3e-05,-3e-05,-1e-05,0
62775,-3e-05,-3e-05,-2e-05,-7e-05,-2e-05,-3e-05,-3e-05,-1e-05,0
62776,-3e-05,-3e-05,-2e-05,-7e-05,-2e-05,-3e-05,-3e-05,-1e-05,0
62777,-3e-05,-3e-05,-2e-05,-7e-05,-2e-05,-3e-05,-3e-05,-1e-05,0
62778,1e-05,1e-05,4e-05,-1e-05,0.0,0.0,-2e-05,-2e-05,0
62779,-1e-05,-5e-05,-5e-05,8e-05,-1e-05,-1e-05,0.0,0.0,0
62780,-1e-05,0.0,-2e-05,-1e-05,-1e-05,-1e-05,-1e-05,-1e-05,0
62781,-1e-05,0.0,-2e-05,-1e-05,-1e-05,-1e-05,-1e-05,-1e-05,0
62782,-1e-05,0.0,-2e-05,-1e-05,-1e-05,-1e-05,-1e-05,-1e-05,0
62783,-1e-05,0.0,-2e-05,-1e-05,-1e-05,-1e-05,-1e-05,-1e-05,0
62784,-1e-05,0.0,-2e-05,-1e-05,-1e-05,-1e-05,-1e-05,-1e-05,0
62785,-1e-05,0.0,-2e-05,-1e-05,-1e-05,-1e-05,-1e-05,-1e-05,0
62786,-1e-05,0.0,-2e-05,-1e-05,-1e-05,-1e-05,-1e-05,-1e-05,0
62788,-1e-05,0.0,-2e-05,-1e-05,-1e-05,-1e-05,-1e-05,-1e-05,0
62789,-1e-05,0.0,-2e-05,-1e-05,-1e-05,-1e-05,-1e-05,-1e-05,0
62790,-1e-05,0.0,-2e-05,-1e-05,-1e-05,-1e-05,-1e-05,-1e-05,0
62791,-1e-05,0.0,-2e-05,-1e-05,-1e-05,-1e-05,-1e-05,-1e-05,0
62792,-1e-05,-5e-05,-5e-05,3e-05,0.0,-2e-05,0.0,0.0,0
62793,-1e-05,-5e-05,-5e-05,3e-05,0.0,-2e-05,0.0,0.0,0
62794,-1e-05,-5e-05,-5e-05,3e-05,0.0,-2e-05,0.0,0.0,0
62795,-1e-05,-5e-05,-5e-05,3e-05,0.0,-2e-05,0.0,0.0,0
62796,-1e-05,-5e-05,-5e-05,3e-05,0.0,-2e-05,0.0,0.0,0
62797,-1e-05,-5e-05,-5e-05,3e-05,0.0,-2e-05,0.0,0.0,0
62798,-1e-05,-5e-05,-5e-05,3e-05,0.0,-2e-05,0.0,0.0,0
62799,-1e-05,-5e-05,-5e-05,3e-05,0.0,-2e-05,0.0,0.0,0
62800,-1e-05,-5e-05,-5e-05,3e-05,0.0,-2e-05,0.0,0.0,0
62801,-1e-05,-2e-05,0.0,3e-05,1e-05,-1e-05,0.0,-1e-05,0
62802,-1e-05,-2e-05,0.0,3e-05,1e-05,-1e-05,0.0,-1e-05,0
62803,-1e-05,-2e-05,0.0,3e-05,1e-05,-1e-05,0.0,-1e-05,0
62804,-1e-05,-2e-05,0.0,3e-05,1e-05,-1e-05,0.0,-1e-05,0
62805,-1e-05,-2e-05,0.0,3e-05,1e-05,-1e-05,0.0,-1e-05,0
62806,-1e-05,-2e-05,0.0,3e-05,1e-05,-1e-05,0.0,-1e-05,0
62807,-1e-05,-2e-05,0.0,3e-05,1e-05,-1e-05,0.0,-1e-05,0
62808,-1e-05,-2e-05,0.0,3e-05,1e-05,-1e-05,0.0,-1e-05,0
62809,-1e-05,-2e-05,0.0,3e-05,1e-05,-1e-05,0.0,-1e-05,0
62810,-1e-05,-2e-05,0.0,3e-05,1e-05,-1e-05,0.0,-1e-05,0
62811,-1e-05,-2e-05,0.0,3e-05,1e-05,-1e-05,0.0,-1e-05,0
62812,-1e-05,-2e-05,0.0,3e-05,1e-05,-1e-05,0.0,-1e-05,0
62813,-1e-05,-2e-05,0.0,3e-05,1e-05,-1e-05,0.0,-1e-05,0
62814,-1e-05,-2e-05,0.0,3e-05,1e-05,-1e-05,0.0,-1e-05,0
62815,-1e-05,-2e-05,0.0,3e-05,1e-05,-1e-05,0.0,-1e-05,0
62816,1e-05,-1e-05,2e-05,4e-05,-1e-05,-2e-05,-1e-05,2e-05,0
62817,-1e-05,3e-05,0.0,-6e-05,-1e-05,1e-05,-2e-05,-2e-05,0
62818,1e-05,3e-05,5e-05,5e-05,0.0,-1e-05,-1e-05,-1e-05,0
62820,1e-05,3e-05,5e-05,5e-05,0.0,-1e-05,-1e-05,-1e-05,0
62821,1e-05,3e-05,5e-05,5e-05,0.0,-1e-05,-1e-05,-1e-05,0
62822,1e-05,3e-05,5e-05,5e-05,0.0,-1e-05,-1e-05,-1e-05,0
62823,1e-05,3e-05,5e-05,5e-05,0.0,-1e-05,-1e-05,-1e-05,0
62824,1e-05,3e-05,5e-05,5e-05,0.0,-1e-05,-1e-05,-1e-05,0
62825,1e-05,3e-05,5e-05,5e-05,0.0,-1e-05,-1e-05,-1e-05,0
62826,1e-05,3e-05,5e-05,5e-05,0.0,-1e-05,-1e-05,-1e-05,0
62827,1e-05,3e-05,5e-05,5e-05,0.0,-1e-05,-1e-05,-1e-05,0
62828,1e-05,3e-05,5e-05,5e-05,0.0,-1e-05,-1e-05,-1e-05,0
62829,1e-05,3e-05,5e-05,5e-05,0.0,-1e-05,-1e-05,-1e-05,0
62830,1e-05,3e-05,5e-05,5e-05,0.0,-1e-05,-1e-05,-1e-05,0
62831,1e-05,3e-05,5e-05,5e-05,0.0,-1e-05,-1e-05,-1e-05,0
62832,1e-05,3e-05,5e-05,5e-05,0.0,-1e-05,-1e-05,-1e-05,0
62833,1e-05,3e-05,5e-05,5e-05,0.0,-1e-05,-1e-05,-1e-05,0
62834,1e-05,3e-05,5e-05,5e-05,0.0,-1e-05,-1e-05,-1e-05,0
62835,1e-05,3e-05,5e-05,5e-05,0.0,-1e-05,-1e-05,-1e-05,0
62836,1e-05,3e-05,5e-05,5e-05,0.0,-1e-05,-1e-05,-1e-05,0
62838,-2e-05,-7e-05,-3e-05,-4e-05,-2e-05,0.0,0.0,0.0,0
62839,-5e-05,-4e-05,-1e-05,-1e-05,-3e-05,1e-05,-1e-05,-3e-05,0
62840,-1e-05,0.0,-7e-05,1e-05,0.0,-2e-05,1e-05,-3e-05,0
62841,0.0,-2e-05,-2e-05,-6e-05,-1e-05,0.0,-1e-05,-1e-05,0
62842,0.0,-2e-05,-2e-05,-6e-05,-1e-05,0.0,-1e-05,-1e-05,0
62843,0.0,-2e-05,-2e-05,-6e-05,-1e-05,0.0,-1e-05,-1e-05,0
62844,0.0,-2e-05,-2e-05,-6e-05,-1e-05,0.0,-1e-05,-1e-05,0
62845,0.0,-2e-05,-2e-05,-6e-05,-1e-05,0.0,-1e-05,-1e-05,0
62846,0.0,-2e-05,-2e-05,-6e-05,-1e-05,0.0,-1e-05,-1e-05,0
62847,0.0,-2e-05,-2e-05,-6e-05,-1e-05,0.0,-1e-05,-1e-05,0
62848,0.0,-2e-05,-2e-05,-6e-05,-1e-05,0.0,-1e-05,-1e-05,0
62849,0.0,-2e-05,-2e-05,-6e-05,-1e-05,0.0,-1e-05,-1e-05,0
62850,0.0,-2e-05,-2e-05,-6e-05,-1e-05,0.0,-1e-05,-1e-05,0
62851,0.0,-2e-05,-2e-05,-6e-05,-1e-05,0.0,-1e-05,-1e-05,0
62852,0.0,3e-05,6e-05,5e-05,1e-05,0.0,1e-05,0.0,0
62853,0.0,3e-05,6e-05,5e-05,1e-05,0.0,1e-05,0.0,0
62854,0.0,3e-05,6e-05,5e-05,1e-05,0.0,1e-05,0.0,0
62855,0.0,3e-05,6e-05,5e-05,1e-05,0.0,1e-05,0.0,0
62856,0.0,3e-05,6e-05,5e-05,1e-05,0.0,1e-05,0.0,0
62857,0.0,3e-05,6e-05,5e-05,1e-05,0.0,1e-05,0.0,0
62858,0.0,3e-05,6e-05,5e-05,1e-05,0.0,1e-05,0.0,0
62859,0.0,3e-05,6e-05,5e-05,1e-05,0.0,1e-05,0.0,0
62860,0.0,3e-05,6e-05,5e-05,1e-05,0.0,1e-05,0.0,0
62861,0.0,3e-05,6e-05,5e-05,1e-05,0.0,1e-05,0.0,0
62862,0.0,3e-05,6e-05,5e-05,1e-05,0.0,1e-05,0.0,0
62863,0.0,3e-05,6e-05,5e-05,1e-05,0.0,1e-05,0.0,0
62864,0.0,3e-05,6e-05,5e-05,1e-05,0.0,1e-05,0.0,0
62865,0.0,3e-05,6e-05,5e-05,1e-05,0.0,1e-05,0.0,0
62866,0.0,3e-05,6e-05,5e-05,1e-05,0.0,1e-05,0.0,0
62868,0.0,3e-05,6e-05,5e-05,1e-05,0.0,1e-05,0.0,0
62869,-3e-05,-5e-05,-0.00012,-5e-05,-1e-05,1e-05,-2e-05,-2e-05,0
62870,-3e-05,-5e-05,-0.00012,-5e-05,-1e-05,1e-05,-2e-05,-2e-05,0
62871,-3e-05,-5e-05,-0.00012,-5e-05,-1e-05,1e-05,-2e-05,-2e-05,0
62872,-3e-05,-5e-05,-0.00012,-5e-05,-1e-05,1e-05,-2e-05,-2e-05,0
62873,-3e-05,-5e-05,-0.00012,-5e-05,-1e-05,1e-05,-2e-05,-2e-05,0
62874,-3e-05,-5e-05,-0.00012,-5e-05,-1e-05,1e-05,-2e-05,-2e-05,0
62875,-3e-05,-5e-05,-0.00012,-5e-05,-1e-05,1e-05,-2e-05,-2e-05,0
62876,1e-05,1e-05,-2e-05,-2e-05,-2e-05,-1e-05,0.0,-1e-05,0
62877,1e-05,1e-05,-2e-05,-2e-05,-2e-05,-1e-05,0.0,-1e-05,0
62878,-1e-05,-3e-05,-5e-05,0.0,0.0,-2e-05,0.0,0.0,0
62879,-1e-05,-3e-05,-5e-05,0.0,0.0,-2e-05,0.0,0.0,0
62880,-1e-05,-3e-05,-5e-05,0.0,0.0,-2e-05,0.0,0.0,0
62881,-1e-05,-3e-05,-5e-05,0.0,0.0,-2e-05,0.0,0.0,0
62882,-1e-05,-3e-05,-5e-05,0.0,0.0,-2e-05,0.0,0.0,0
62883,-1e-05,-3e-05,-5e-05,0.0,0.0,-2e-05,0.0,0.0,0
62884,-1e-05,-3e-05,-5e-05,0.0,0.0,-2e-05,0.0,0.0,0
62885,-1e-05,-3e-05,-5e-05,0.0,0.0,-2e-05,0.0,0.0,0
62886,-1e-05,-3e-05,-5e-05,0.0,0.0,-2e-05,0.0,0.0,0
62888,-1e-05,-3e-05,-5e-05,0.0,0.0,-2e-05,0.0,0.0,0
62889,-1e-05,-3e-05,-5e-05,0.0,0.0,-2e-05,0.0,0.0,0
62890,-1e-05,-3e-05,-5e-05,0.0,0.0,-2e-05,0.0,0.0,0
62891,-1e-05,-3e-05,-5e-05,0.0,0.0,-2e-05,0.0,0.0,0
62892,-1e-05,-3e-05,-5e-05,0.0,0.0,-2e-05,0.0,0.0,0
62893,-1e-05,-3e-05,-5e-05,0.0,0.0,-2e-05,0.0,0.0,0
62894,-1e-05,-3e-05,-5e-05,0.0,0.0,-2e-05,0.0,0.0,0
62895,-1e-05,-3e-05,-5e-05,0.0,0.0,-2e-05,0.0,0.0,0
62896,-1e-05,-3e-05,-5e-05,0.0,0.0,-2e-05,0.0,0.0,0
62897,-1e-05,-3e-05,-5e-05,0.0,0.0,-2e-05,0.0,0.0,0
62898,-1e-05,-3e-05,-5e-05,0.0,0.0,-2e-05,0.0,0.0,0
62899,-1e-05,-3e-05,-5e-05,0.0,0.0,-2e-05,0.0,0.0,0
62900,0.0,-3e-05,-3e-05,0.0001,-4e-05,-2e-05,-2e-05,-1e-05,0
62901,0.0,-3e-05,-3e-05,0.0001,-4e-05,-2e-05,-2e-05,-1e-05,0
62902,0.0,-3e-05,-3e-05,0.0001,-4e-05,-2e-05,-2e-05,-1e-05,0
62903,0.0,-3e-05,-3e-05,0.0001,-4e-05,-2e-05,-2e-05,-1e-05,0
62904,0.0,-3e-05,-3e-05,0.0001,-4e-05,-2e-05,-2e-05,-1e-05,0
62905,-1e-05,-1e-05,-2e-05,-4e-05,-1e-05,-1e-05,-2e-05,-3e-05,0
62906,-1e-05,-1e-05,-2e-05,-4e-05,-1e-05,-1e-05,-2e-05,-3e-05,0
62907,-1e-05,-1e-05,-2e-05,-4e-05,-1e-05,-1e-05,-2e-05,-3e-05,0
62908,-1e-05,-1e-05,-2e-05,-4e-05,-1e-05,-1e-05,-2e-05,-3e-05,0
62909,-1e-05,-1e-05,-2e-05,-4e-05,-1e-05,-1e-05,-2e-05,-3e-05,0
62910,-1e-05,-1e-05,-2e-05,-4e-05,-1e-05,-1e-05,-2e-05,-3e-05,0
62911,-1e-05,-1e-05,-2e-05,-4e-05,-1e-05,-1e-05,-2e-05,-3e-05,0
62912,0.0,0.0,-1e-05,-9e-05,1e-05,0.0,-1e-05,0.0,0
62913,0.0,0.0,-1e-05,-9e-05,1e-05,0.0,-1e-05,0.0,0
62914,0.0,0.0,-1e-05,-9e-05,1e-05,0.0,-1e-05,0.0,0
62915,0.0,0.0,-1e-05,-9e-05,1e-05,0.0,-1e-05,0.0,0
62916,0.0,0.0,-1e-05,-9e-05,1e-05,0.0,-1e-05,0.0,0
62917,0.0,0.0,-1e-05,-9e-05,1e-05,0.0,-1e-05,0.0,0
62918,0.0,0.0,-1e-05,-9e-05,1e-05,0.0,-1e-05,0.0,0
62919,0.0,0.0,-1e-05,-9e-05,1e-05,0.0,-1e-05,0.0,0
62920,0.0,0.0,-1e-05,-9e-05,1e-05,0.0,-1e-05,0.0,0
62921,-2e-05,-1e-05,1e-05,1e-05,-1e-05,-2e-05,0.0,2e-05,0
62922,-2e-05,-1e-05,1e-05,1e-05,-1e-05,-2e-05,0.0,2e-05,0
62923,-2e-05,-1e-05,1e-05,1e-05,-1e-05,-2e-05,0.0,2e-05,0
62924,-2e-05,-1e-05,1e-05,1e-05,-1e-05,-2e-05,0.0,2e-05,0
62925,-2e-05,-1e-05,1e-05,1e-05,-1e-05,-2e-05,0.0,2e-05,0
62926,-2e-05,-1e-05,1e-05,1e-05,-1e-05,-2e-05,0.0,2e-05,0
62927,-2e-05,-1e-05,1e-05,1e-05,-1e-05,-2e-05,0.0,2e-05,0
62928,-2e-05,-1e-05,1e-05,1e-05,-1e-05,-2e-05,0.0,2e-05,0
62929,-2e-05,-1e-05,1e-05,1e-05,-1e-05,-2e-05,0.0,2e-05,0
62930,-2e-05,-1e-05,1e-05,1e-05,-1e-05,-2e-05,0.0,2e-05,0
62931,-2e-05,-1e-05,1e-05,1e-05,-1e-05,-2e-05,0.0,2e-05,0
62932,-2e-05,-1e-05,1e-05,1e-05,-1e-05,-2e-05,0.0,2e-05,0
62933,-2e-05,-1e-05,1e-05,1e-05,-1e-05,-2e-05,0.0,2e-05,0
62934,-2e-05,-1e-05,1e-05,1e-05,-1e-05,-2e-05,0.0,2e-05,0
62935,-2e-05,-1e-05,1e-05,1e-05,-1e-05,-2e-05,0.0,2e-05,0
62936,-3e-05,-6e-05,-4e-05,0.00022,4e-05,0.0,0.0,-2e-05,0
62938,1e-05,1e-05,2e-05,0.0,-1e-05,1e-05,0.0,-3e-05,0
62939,1e-05,1e-05,2e-05,0.0,-1e-05,1e-05,0.0,-3e-05,0
62940,1e-05,1e-05,2e-05,0.0,-1e-05,1e-05,0.0,-3e-05,0
62941,1e-05,1e-05,2e-05,0.0,-1e-05,1e-05,0.0,-3e-05,0
62942,1e-05,1e-05,2e-05,0.0,-1e-05,1e-05,0.0,-3e-05,0
62943,1e-05,1e-05,2e-05,0.0,-1e-05,1e-05,0.0,-3e-05,0
62944,1e-05,1e-05,2e-05,0.0,-1e-05,1e-05,0.0,-3e-05,0
62945,1e-05,1e-05,2e-05,0.0,-1e-05,1e-05,0.0,-3e-05,0
62946,1e-05,1e-05,2e-05,0.0,-1e-05,1e-05,0.0,-3e-05,0
62947,1e-05,1e-05,2e-05,0.0,-1e-05,1e-05,0.0,-3e-05,0
62948,1e-05,1e-05,2e-05,0.0,-1e-05,1e-05,0.0,-3e-05,0
62949,1e-05,1e-05,2e-05,0.0,-1e-05,1e-05,0.0,-3e-05,0
62950,1e-05,1e-05,2e-05,0.0,-1e-05,1e-05,0.0,-3e-05,0
62951,1e-05,1e-05,2e-05,0.0,-1e-05,1e-05,0.0,-3e-05,0
62952,1e-05,1e-05,2e-05,0.0,-1e-05,1e-05,0.0,-3e-05,0
62953,1e-05,1e-05,2e-05,0.0,-1e-05,1e-05,0.0,-3e-05,0
62954,1e-05,1e-05,2e-05,0.0,-1e-05,1e-05,0.0,-3e-05,0
62955,1e-05,1e-05,2e-05,0.0,-1e-05,1e-05,0.0,-3e-05,0
62956,1e-05,1e-05,2e-05,0.0,-1e-05,1e-05,0.0,-3e-05,0
62957,1e-05,1e-05,2e-05,0.0,-1e-05,1e-05,0.0,-3e-05,0
62958,1e-05,1e-05,2e-05,0.0,-1e-05,1e-05,0.0,-3e-05,0
62959,-1e-05,-3e-05,-8e-05,-0.00015,-3e-05,-1e-05,-1e-05,-1e-05,0
62960,-2e-05,0.0,-1e-05,1e-05,-1e-05,0.0,1e-05,-1e-05,0
62961,-2e-05,0.0,-1e-05,1e-05,-1e-05,0.0,1e-05,-1e-05,0
62962,-2e-05,0.0,-1e-05,1e-05,-1e-05,0.0,1e-05,-1e-05,0
62963,-2e-05,0.0,-1e-05,1e-05,-1e-05,0.0,1e-05,-1e-05,0
62964,-2e-05,0.0,-1e-05,1e-05,-1e-05,0.0,1e-05,-1e-05,0
62965,-2e-05,0.0,-1e-05,1e-05,-1e-05,0.0,1e-05,-1e-05,0
62966,-2e-05,0.0,-1e-05,1e-05,-1e-05,0.0,1e-05,-1e-05,0
62967,-2e-05,0.0,-1e-05,1e-05,-1e-05,0.0,1e-05,-1e-05,0
62968,-2e-05,0.0,-1e-05,1e-05,-1e-05,0.0,1e-05,-1e-05,0
62969,-2e-05,0.0,-1e-05,1e-05,-1e-05,0.0,1e-05,-1e-05,0
62970,-2e-05,0.0,-1e-05,1e-05,-1e-05,0.0,1e-05,-1e-05,0
62971,-2e-05,0.0,-1e-05,1e-05,-1e-05,0.0,1e-05,-1e-05,0
62972,1e-05,2e-05,1e-05,-3e-05,-1e-05,-3e-05,-2e-05,1e-05,0
62973,1e-05,2e-05,1e-05,-3e-05,-1e-05,-3e-05,-2e-05,1e-05,0
62974,1e-05,2e-05,1e-05,-3e-05,-1e-05,-3e-05,-2e-05,1e-05,0
62975,1e-05,2e-05,1e-05,-3e-05,-1e-05,-3e-05,-2e-05,1e-05,0
62976,1e-05,2e-05,1e-05,-3e-05,-1e-05,-3e-05,-2e-05,1e-05,0
62977,1e-05,2e-05,1e-05,-3e-05,-1e-05,-3e-05,-2e-05,1e-05,0
62978,1e-05,2e-05,1e-05,-3e-05,-1e-05,-3e-05,-2e-05,1e-05,0
62979,1e-05,2e-05,1e-05,-3e-05,-1e-05,-3e-05,-2e-05,1e-05,0
62980,1e-05,2e-05,1e-05,-3e-05,-1e-05,-3e-05,-2e-05,1e-05,0
62981,1e-05,2e-05,1e-05,-3e-05,-1e-05,-3e-05,-2e-05,1e-05,0
62982,1e-05,2e-05,1e-05,-3e-05,-1e-05,-3e-05,-2e-05,1e-05,0
62983,1e-05,2e-05,1e-05,-3e-05,-1e-05,-3e-05,-2e-05,1e-05,0
62984,1e-05,2e-05,1e-05,-3e-05,-1e-05,-3e-05,-2e-05,1e-05,0
62985,1e-05,2e-05,1e-05,-3e-05,-1e-05,-3e-05,-2e-05,1e-05,0
62986,1e-05,2e-05,1e-05,-3e-05,-1e-05,-3e-05,-2e-05,1e-05,0
62989,-2e-05,-4e-05,-5e-05,-0.0001,-3e-05,-1e-05,0.0,0.0,0
62990,-2e-05,-4e-05,-5e-05,-0.0001,-3e-05,-1e-05,0.0,0.0,0
62991,-2e-05,-4e-05,-5e-05,-0.0001,-3e-05,-1e-05,0.0,0.0,0
62992,-2e-05,-4e-05,-5e-05,-0.0001,-3e-05,-1e-05,0.0,0.0,0
62993,-2e-05,-4e-05,-5e-05,-0.0001,-3e-05,-1e-05,0.0,0.0,0
62994,-2e-05,-4e-05,-5e-05,-0.0001,-3e-05,-1e-05,0.0,0.0,0
62995,-2e-05,-4e-05,-5e-05,-0.0001,-3e-05,-1e-05,0.0,0.0,0
62996,0.0,-1e-05,-5e-05,-4e-05,1e-05,0.0,-2e-05,0.0,0
62997,0.0,-1e-05,-5e-05,-4e-05,1e-05,0.0,-2e-05,0.0,0
62998,0.0,1e-05,4e-05,-2e-05,1e-05,-2e-05,-2e-05,-2e-05,0
62999,0.0,1e-05,4e-05,-2e-05,1e-05,-2e-05,-2e-05,-2e-05,0
63000,0.0,1e-05,4e-05,-2e-05,1e-05,-2e-05,-2e-05,-2e-05,0
63001,0.0,1e-05,4e-05,-2e-05,1e-05,-2e-05,-2e-05,-2e-05,0
63002,0.0,1e-05,4e-05,-2e-05,1e-05,-2e-05,-2e-05,-2e-05,0
63003,0.0,1e-05,4e-05,-2e-05,1e-05,-2e-05,-2e-05,-2e-05,0
63004,0.0,1e-05,4e-05,-2e-05,1e-05,-2e-05,-2e-05,-2e-05,0
63005,0.0,1e-05,4e-05,-2e-05,1e-05,-2e-05,-2e-05,-2e-05,0
63006,0.0,1e-05,4e-05,-2e-05,1e-05,-2e-05,-2e-05,-2e-05,0
63007,0.0,1e-05,4e-05,-2e-05,1e-05,-2e-05,-2e-05,-2e-05,0
63008,0.0,1e-05,4e-05,-2e-05,1e-05,-2e-05,-2e-05,-2e-05,0
63009,0.0,1e-05,4e-05,-2e-05,1e-05,-2e-05,-2e-05,-2e-05,0
63010,0.0,1e-05,4e-05,-2e-05,1e-05,-2e-05,-2e-05,-2e-05,0
63011,0.0,1e-05,4e-05,-2e-05,1e-05,-2e-05,-2e-05,-2e-05,0
63012,0.0,1e-05,4e-05,-2e-05,1e-05,-2e-05,-2e-05,-2e-05,0
63013,0.0,1e-05,4e-05,-2e-05,1e-05,-2e-05,-2e-05,-2e-05,0
63014,0.0,1e-05,4e-05,-2e-05,1e-05,-2e-05,-2e-05,-2e-05,0
63015,0.0,1e-05,4e-05,-2e-05,1e-05,-2e-05,-2e-05,-2e-05,0
63016,0.0,1e-05,4e-05,-2e-05,1e-05,-2e-05,-2e-05,-2e-05,0
63017,0.0,1e-05,4e-05,-2e-05,1e-05,-2e-05,-2e-05,-2e-05,0
63018,0.0,1e-05,4e-05,-2e-05,1e-05,-2e-05,-2e-05,-2e-05,0
63019,0.0,1e-05,4e-05,-2e-05,1e-05,-2e-05,-2e-05,-2e-05,0
63020,0.0,1e-05,4e-05,-2e-05,1e-05,-2e-05,-2e-05,-2e-05,0
63021,0.0,1e-05,4e-05,-2e-05,1e-05,-2e-05,-2e-05,-2e-05,0
63022,0.0,1e-05,4e-05,-2e-05,1e-05,-2e-05,-2e-05,-2e-05,0
63023,0.0,1e-05,4e-05,-2e-05,1e-05,-2e-05,-2e-05,-2e-05,0
63024,0.0,1e-05,4e-05,-2e-05,1e-05,-2e-05,-2e-05,-2e-05,0
63025,0.0,1e-05,4e-05,-2e-05,1e-05,-2e-05,-2e-05,-2e-05,0
63026,-2e-05,-2e-05,-1e-05,-4e-05,-4e-05,-1e-05,1e-05,0.0,0
63027,-2e-05,-2e-05,-1e-05,-4e-05,-4e-05,-1e-05,1e-05,0.0,0
63028,-2e-05,-4e-05,-6e-05,5e-05,-2e-05,0.0,-2e-05,-2e-05,0
63029,-2e-05,-4e-05,-6e-05,5e-05,-2e-05,0.0,-2e-05,-2e-05,0
63030,-2e-05,-4e-05,-6e-05,5e-05,-2e-05,0.0,-2e-05,-2e-05,0
63031,-2e-05,-4e-05,-6e-05,5e-05,-2e-05,0.0,-2e-05,-2e-05,0
63032,0.0,1e-05,-1e-05,-6e-05,-3e-05,-1e-05,-2e-05,-2e-05,0
63033,0.0,1e-05,-1e-05,-6e-05,-3e-05,-1e-05,-2e-05,-2e-05,0
63034,0.0,1e-05,-1e-05,-6e-05,-3e-05,-1e-05,-2e-05,-2e-05,0
63035,0.0,1e-05,-1e-05,-6e-05,-3e-05,-1e-05,-2e-05,-2e-05,0
63036,0.0,1e-05,-1e-05,-6e-05,-3e-05,-1e-05,-2e-05,-2e-05,0
63038,0.0,1e-05,-1e-05,-6e-05,-3e-05,-1e-05,-2e-05,-2e-05,0
63039,0.0,1e-05,-1e-05,-6e-05,-3e-05,-1e-05,-2e-05,-2e-05,0
63040,0.0,1e-05,-1e-05,-6e-05,-3e-05,-1e-05,-2e-05,-2e-05,0
63041,0.0,1e-05,-1e-05,-6e-05,-3e-05,-1e-05,-2e-05,-2e-05,0
63042,0.0,1e-05,-1e-05,-6e-05,-3e-05,-1e-05,-2e-05,-2e-05,0
63043,0.0,1e-05,-1e-05,-6e-05,-3e-05,-1e-05,-2e-05,-2e-05,0
63044,0.0,1e-05,-1e-05,-6e-05,-3e-05,-1e-05,-2e-05,-2e-05,0
63045,0.0,1e-05,-1e-05,-6e-05,-3e-05,-1e-05,-2e-05,-2e-05,0
63046,0.0,1e-05,-1e-05,-6e-05,-3e-05,-1e-05,-2e-05,-2e-05,0
63047,0.0,1e-05,-1e-05,-6e-05,-3e-05,-1e-05,-2e-05,-2e-05,0
63048,0.0,1e-05,-1e-05,-6e-05,-3e-05,-1e-05,-2e-05,-2e-05,0
63049,0.0,1e-05,-1e-05,-6e-05,-3e-05,-1e-05,-2e-05,-2e-05,0
63050,0.0,1e-05,-1e-05,-6e-05,-3e-05,-1e-05,-2e-05,-2e-05,0
63051,0.0,1e-05,-1e-05,-6e-05,-3e-05,-1e-05,-2e-05,-2e-05,0
63052,0.0,1e-05,-1e-05,-6e-05,-3e-05,-1e-05,-2e-05,-2e-05,0
63053,0.0,1e-05,-1e-05,-6e-05,-3e-05,-1e-05,-2e-05,-2e-05,0
63054,0.0,1e-05,-1e-05,-6e-05,-3e-05,-1e-05,-2e-05,-2e-05,0
63055,0.0,1e-05,-1e-05,-6e-05,-3e-05,-1e-05,-2e-05,-2e-05,0
63056,0.0,1e-05,-1e-05,-6e-05,-3e-05,-1e-05,-2e-05,-2e-05,0
63057,0.0,1e-05,5e-05,-1e-05,-1e-05,0.0,0.0,0.0,0
63058,-2e-05,-2e-05,2e-05,-1e-05,-4e-05,0.0,0.0,-1e-05,0
63059,-2e-05,-3e-05,-7e-05,2e-05,-1e-05,-2e-05,-1e-05,-2e-05,0
63060,-2e-05,-3e-05,-7e-05,2e-05,-1e-05,-2e-05,-1e-05,-2e-05,0
63061,-2e-05,-3e-05,-7e-05,2e-05,-1e-05,-2e-05,-1e-05,-2e-05,0
63062,-2e-05,-3e-05,-7e-05,2e-05,-1e-05,-2e-05,-1e-05,-2e-05,0
63063,-2e-05,-3e-05,-7e-05,2e-05,-1e-05,-2e-05,-1e-05,-2e-05,0
63064,-2e-05,-3e-05,-7e-05,2e-05,-1e-05,-2e-05,-1e-05,-2e-05,0
63065,-2e-05,-3e-05,-7e-05,2e-05,-1e-05,-2e-05,-1e-05,-2e-05,0
63066,-2e-05,-3e-05,-7e-05,2e-05,-1e-05,-2e-05,-1e-05,-2e-05,0
63067,-2e-05,-3e-05,-7e-05,2e-05,-1e-05,-2e-05,-1e-05,-2e-05,0
63068,-2e-05,-3e-05,-7e-05,2e-05,-1e-05,-2e-05,-1e-05,-2e-05,0
63069,-2e-05,-3e-05,-7e-05,2e-05,-1e-05,-2e-05,-1e-05,-2e-05,0
63070,-2e-05,-3e-05,-7e-05,2e-05,-1e-05,-2e-05,-1e-05,-2e-05,0
63071,-2e-05,-3e-05,-7e-05,2e-05,-1e-05,-2e-05,-1e-05,-2e-05,0
63072,-2e-05,-3e-05,-7e-05,2e-05,-1e-05,-2e-05,-1e-05,-2e-05,0
63073,-2e-05,-3e-05,-7e-05,2e-05,-1e-05,-2e-05,-1e-05,-2e-05,0
63074,-2e-05,-3e-05,-7e-05,2e-05,-1e-05,-2e-05,-1e-05,-2e-05,0
63075,-2e-05,-3e-05,-7e-05,2e-05,-1e-05,-2e-05,-1e-05,-2e-05,0
63076,-2e-05,-3e-05,-7e-05,2e-05,-1e-05,-2e-05,-1e-05,-2e-05,0
63077,-2e-05,-3e-05,-7e-05,2e-05,-1e-05,-2e-05,-1e-05,-2e-05,0
63078,-2e-05,-3e-05,-7e-05,2e-05,-1e-05,-2e-05,-1e-05,-2e-05,0
63079,-5e-05,-6e-05,-7e-05,-3e-05,-3e-05,-3e-05,-2e-05,0.0,0
63080,0.0,0.0,0.0,-6e-05,-3e-05,-1e-05,-1e-05,0.0,0
63081,0.0,0.0,0.0,-6e-05,-3e-05,-1e-05,-1e-05,0.0,0
63082,0.0,0.0,0.0,-6e-05,-3e-05,-1e-05,-1e-05,0.0,0
63083,0.0,0.0,0.0,-6e-05,-3e-05,-1e-05,-1e-05,0.0,0
63084,0.0,0.0,0.0,-6e-05,-3e-05,-1e-05,-1e-05,0.0,0
63085,0.0,0.0,0.0,-6e-05,-3e-05,-1e-05,-1e-05,0.0,0
63086,0.0,0.0,0.0,-6e-05,-3e-05,-1e-05,-1e-05,0.0,0
63088,0.0,0.0,0.0,-6e-05,-3e-05,-1e-05,-1e-05,0.0,0
63089,0.0,0.0,0.0,-6e-05,-3e-05,-1e-05,-1e-05,0.0,0
63090,0.0,0.0,0.0,-6e-05,-3e-05,-1e-05,-1e-05,0.0,0
63091,0.0,0.0,0.0,-6e-05,-3e-05,-1e-05,-1e-05,0.0,0
63092,1e-05,0.0,4e-05,8e-05,2e-05,0.0,-1e-05,2e-05,0
63093,1e-05,0.0,4e-05,8e-05,2e-05,0.0,-1e-05,2e-05,0
63094,1e-05,0.0,4e-05,8e-05,2e-05,0.0,-1e-05,2e-05,0
63095,1e-05,0.0,4e-05,8e-05,2e-05,0.0,-1e-05,2e-05,0
63096,1e-05,0.0,4e-05,8e-05,2e-05,0.0,-1e-05,2e-05,0
63097,1e-05,0.0,4e-05,8e-05,2e-05,0.0,-1e-05,2e-05,0
63098,1e-05,0.0,4e-05,8e-05,2e-05,0.0,-1e-05,2e-05,0
63099,1e-05,0.0,4e-05,8e-05,2e-05,0.0,-1e-05,2e-05,0
63100,1e-05,0.0,4e-05,8e-05,2e-05,0.0,-1e-05,2e-05,0
63101,1e-05,0.0,4e-05,8e-05,2e-05,0.0,-1e-05,2e-05,0
63102,1e-05,0.0,4e-05,8e-05,2e-05,0.0,-1e-05,2e-05,0
63103,1e-05,0.0,4e-05,8e-05,2e-05,0.0,-1e-05,2e-05,0
63104,1e-05,0.0,4e-05,8e-05,2e-05,0.0,-1e-05,2e-05,0
63105,1e-05,0.0,4e-05,8e-05,2e-05,0.0,-1e-05,2e-05,0
63106,1e-05,0.0,4e-05,8e-05,2e-05,0.0,-1e-05,2e-05,0
63107,1e-05,0.0,4e-05,8e-05,2e-05,0.0,-1e-05,2e-05,0
63108,1e-05,0.0,4e-05,8e-05,2e-05,0.0,-1e-05,2e-05,0
63109,-2e-05,-1e-05,2e-05,4e-05,2e-05,1e-05,-2e-05,-1e-05,0
63110,-2e-05,-1e-05,2e-05,4e-05,2e-05,1e-05,-2e-05,-1e-05,0
63111,-2e-05,-1e-05,2e-05,4e-05,2e-05,1e-05,-2e-05,-1e-05,0
63112,-2e-05,-1e-05,2e-05,4e-05,2e-05,1e-05,-2e-05,-1e-05,0
63113,-2e-05,-1e-05,2e-05,4e-05,2e-05,1e-05,-2e-05,-1e-05,0
63114,-2e-05,-1e-05,2e-05,4e-05,2e-05,1e-05,-2e-05,-1e-05,0
63115,-2e-05,-1e-05,2e-05,4e-05,2e-05,1e-05,-2e-05,-1e-05,0
63116,-4e-05,-5e-05,-1e-05,2e-05,-3e-05,-1e-05,-3e-05,-3e-05,0
63117,-1e-05,0.0,-6e-05,-6e-05,0.0,-1e-05,-2e-05,1e-05,0
63118,-2e-05,-2e-05,-3e-05,-6e-05,0.0,0.0,-1e-05,-1e-05,0
63119,-2e-05,-2e-05,-3e-05,-6e-05,0.0,0.0,-1e-05,-1e-05,0
63120,-2e-05,-2e-05,-3e-05,-6e-05,0.0,0.0,-1e-05,-1e-05,0
63121,-2e-05,-2e-05,-3e-05,-6e-05,0.0,0.0,-1e-05,-1e-05,0
63122,-2e-05,-2e-05,-3e-05,-6e-05,0.0,0.0,-1e-05,-1e-05,0
63123,-2e-05,-2e-05,-3e-05,-6e-05,0.0,0.0,-1e-05,-1e-05,0
63124,-2e-05,-2e-05,-3e-05,-6e-05,0.0,0.0,-1e-05,-1e-05,0
63125,-2e-05,-2e-05,-3e-05,-6e-05,0.0,0.0,-1e-05,-1e-05,0
63126,-2e-05,-2e-05,-3e-05,-6e-05,0.0,0.0,-1e-05,-1e-05,0
63127,-2e-05,-2e-05,-3e-05,-6e-05,0.0,0.0,-1e-05,-1e-05,0
63128,-2e-05,-2e-05,-3e-05,-6e-05,0.0,0.0,-1e-05,-1e-05,0
63129,-2e-05,-2e-05,-3e-05,-6e-05,0.0,0.0,-1e-05,-1e-05,0
63130,-2e-05,-2e-05,-3e-05,-6e-05,0.0,0.0,-1e-05,-1e-05,0
63131,-2e-05,-2e-05,-3e-05,-6e-05,0.0,0.0,-1e-05,-1e-05,0
63132,-2e-05,-2e-05,-3e-05,-6e-05,0.0,0.0,-1e-05,-1e-05,0
63133,-2e-05,-2e-05,-3e-05,-6e-05,0.0,0.0,-1e-05,-1e-05,0
63134,-2e-05,-2e-05,-3e-05,-6e-05,0.0,0.0,-1e-05,-1e-05,0
63135,-2e-05,-2e-05,-3e-05,-6e-05,0.0,0.0,-1e-05,-1e-05,0
63136,-2e-05,-2e-05,-3e-05,-6e-05,0.0,0.0,-1e-05,-1e-05,0
63138,-2e-05,-2e-05,-3e-05,-6e-05,0.0,0.0,-1e-05,-1e-05,0
63139,-2e-05,-2e-05,-3e-05,-6e-05,0.0,0.0,-1e-05,-1e-05,0
63140,-2e-05,-2e-05,-3e-05,-6e-05,0.0,0.0,-1e-05,-1e-05,0
63141,-2e-05,-2e-05,-3e-05,-6e-05,0.0,0.0,-1e-05,-1e-05,0
63142,-2e-05,-2e-05,-3e-05,-6e-05,0.0,0.0,-1e-05,-1e-05,0
63143,-2e-05,-2e-05,-3e-05,-6e-05,0.0,0.0,-1e-05,-1e-05,0
63144,-2e-05,-2e-05,-3e-05,-6e-05,0.0,0.0,-1e-05,-1e-05,0
63145,-2e-05,-2e-05,-3e-05,-6e-05,0.0,0.0,-1e-05,-1e-05,0
63146,-3e-05,-1e-05,-1e-05,-1e-05,0.0,-3e-05,1e-05,-1e-05,0
63147,-3e-05,-1e-05,-1e-05,-1e-05,0.0,-3e-05,1e-05,-1e-05,0
63148,-1e-05,-2e-05,-1e-05,5e-05,0.0,-2e-05,-4e-05,-1e-05,0
63149,-1e-05,-2e-05,-1e-05,5e-05,0.0,-2e-05,-4e-05,-1e-05,0
63150,-1e-05,-2e-05,-1e-05,5e-05,0.0,-2e-05,-4e-05,-1e-05,0
63151,-1e-05,-2e-05,-1e-05,5e-05,0.0,-2e-05,-4e-05,-1e-05,0
63152,-1e-05,-2e-05,-3e-05,-1e-05,1e-05,-1e-05,-1e-05,-1e-05,0
63153,-1e-05,-2e-05,-3e-05,-1e-05,1e-05,-1e-05,-1e-05,-1e-05,0
63154,-1e-05,-2e-05,-3e-05,-1e-05,1e-05,-1e-05,-1e-05,-1e-05,0
63155,-1e-05,-2e-05,-3e-05,-1e-05,1e-05,-1e-05,-1e-05,-1e-05,0
63156,-1e-05,-2e-05,-3e-05,-1e-05,1e-05,-1e-05,-1e-05,-1e-05,0
63157,-1e-05,-2e-05,-3e-05,-1e-05,1e-05,-1e-05,-1e-05,-1e-05,0
63158,-1e-05,-2e-05,-3e-05,-1e-05,1e-05,-1e-05,-1e-05,-1e-05,0
63159,-1e-05,-2e-05,-3e-05,-1e-05,1e-05,-1e-05,-1e-05,-1e-05,0
63160,-1e-05,-2e-05,-3e-05,-1e-05,1e-05,-1e-05,-1e-05,-1e-05,0
63161,-1e-05,2e-05,0.0,-1e-05,0.0,-1e-05,1e-05,-1e-05,0
63162,-1e-05,2e-05,0.0,-1e-05,0.0,-1e-05,1e-05,-1e-05,0
63163,-1e-05,2e-05,0.0,-1e-05,0.0,-1e-05,1e-05,-1e-05,0
63164,-1e-05,2e-05,0.0,-1e-05,0.0,-1e-05,1e-05,-1e-05,0
63165,-1e-05,2e-05,0.0,-1e-05,0.0,-1e-05,1e-05,-1e-05,0
63166,-1e-05,2e-05,0.0,-1e-05,0.0,-1e-05,1e-05,-1e-05,0
63167,-1e-05,2e-05,0.0,-1e-05,0.0,-1e-05,1e-05,-1e-05,0
63168,-1e-05,2e-05,0.0,-1e-05,0.0,-1e-05,1e-05,-1e-05,0
63169,-1e-05,2e-05,0.0,-1e-05,0.0,-1e-05,1e-05,-1e-05,0
63170,-1e-05,2e-05,0.0,-1e-05,0.0,-1e-05,1e-05,-1e-05,0
63171,-1e-05,2e-05,0.0,-1e-05,0.0,-1e-05,1e-05,-1e-05,0
63172,-1e-05,2e-05,0.0,-1e-05,0.0,-1e-05,1e-05,-1e-05,0
63173,-1e-05,2e-05,0.0,-1e-05,0.0,-1e-05,1e-05,-1e-05,0
63174,-1e-05,2e-05,0.0,-1e-05,0.0,-1e-05,1e-05,-1e-05,0
63175,-1e-05,2e-05,0.0,-1e-05,0.0,-1e-05,1e-05,-1e-05,0
63176,-1e-05,-3e-05,-4e-05,-9e-05,-2e-05,-2e-05,0.0,-2e-05,0
63177,-1e-05,-3e-05,-4e-05,-9e-05,-2e-05,-2e-05,0.0,-2e-05,0
63178,-1e-05,-3e-05,-4e-05,-9e-05,-2e-05,-2e-05,0.0,-2e-05,0
63179,-1e-05,-3e-05,-4e-05,-9e-05,-2e-05,-2e-05,0.0,-2e-05,0
63180,-1e-05,-3e-05,-4e-05,-9e-05,-2e-05,-2e-05,0.0,-2e-05,0
63181,-1e-05,-3e-05,-4e-05,-9e-05,-2e-05,-2e-05,0.0,-2e-05,0
63182,-1e-05,-3e-05,-4e-05,-9e-05,-2e-05,-2e-05,0.0,-2e-05,0
63183,-1e-05,-3e-05,-4e-05,-9e-05,-2e-05,-2e-05,0.0,-2e-05,0
63184,-2e-05,-1e-05,-1e-05,8e-05,-5e-05,-2e-05,0.0,0.0,0
63185,-2e-05,-1e-05,-1e-05,8e-05,-5e-05,-2e-05,0.0,0.0,0
63186,-2e-05,-1e-05,-1e-05,8e-05,-5e-05,-2e-05,0.0,0.0,0
63188,-2e-05,-1e-05,-1e-05,8e-05,-5e-05,-2e-05,0.0,0.0,0
63189,-2e-05,-1e-05,-1e-05,8e-05,-5e-05,-2e-05,0.0,0.0,0
63190,-2e-05,-1e-05,-1e-05,8e-05,-5e-05,-2e-05,0.0,0.0,0
63191,-2e-05,-1e-05,-1e-05,8e-05,-5e-05,-2e-05,0.0,0.0,0
63192,-2e-05,-1e-05,-1e-05,8e-05,-5e-05,-2e-05,0.0,0.0,0
63193,-2e-05,-1e-05,-1e-05,8e-05,-5e-05,-2e-05,0.0,0.0,0
63194,-2e-05,-1e-05,-1e-05,8e-05,-5e-05,-2e-05,0.0,0.0,0
63195,-2e-05,-1e-05,-1e-05,8e-05,-5e-05,-2e-05,0.0,0.0,0
63196,-2e-05,-1e-05,-1e-05,8e-05,-5e-05,-2e-05,0.0,0.0,0
63197,-2e-05,-1e-05,-1e-05,8e-05,-5e-05,-2e-05,0.0,0.0,0
63198,-3e-05,-2e-05,-1e-05,4e-05,5e-05,-2e-05,-1e-05,-2e-05,0
63199,0.0,-2e-05,-8e-05,-7e-05,-1e-05,0.0,0.0,-1e-05,0
63200,-1e-05,-1e-05,0.0,-3e-05,-2e-05,-2e-05,-2e-05,0.0,0
63201,-1e-05,-1e-05,0.0,-3e-05,-2e-05,-2e-05,-2e-05,0.0,0
63202,-1e-05,-1e-05,0.0,-3e-05,-2e-05,-2e-05,-2e-05,0.0,0
63203,-1e-05,-1e-05,0.0,-3e-05,-2e-05,-2e-05,-2e-05,0.0,0
63204,-1e-05,-1e-05,0.0,-3e-05,-2e-05,-2e-05,-2e-05,0.0,0
63205,-1e-05,-1e-05,0.0,-3e-05,-2e-05,-2e-05,-2e-05,0.0,0
63206,-1e-05,-1e-05,0.0,-3e-05,-2e-05,-2e-05,-2e-05,0.0,0
63207,-1e-05,-1e-05,0.0,-3e-05,-2e-05,-2e-05,-2e-05,0.0,0
63208,-1e-05,-1e-05,0.0,-3e-05,-2e-05,-2e-05,-2e-05,0.0,0
63209,-1e-05,-1e-05,0.0,-3e-05,-2e-05,-2e-05,-2e-05,0.0,0
63210,-1e-05,-1e-05,0.0,-3e-05,-2e-05,-2e-05,-2e-05,0.0,0
63211,-1e-05,-1e-05,0.0,-3e-05,-2e-05,-2e-05,-2e-05,0.0,0
63212,-1e-05,-1e-05,0.0,-3e-05,-2e-05,-2e-05,-2e-05,0.0,0
63213,-1e-05,-1e-05,0.0,-3e-05,-2e-05,-2e-05,-2e-05,0.0,0
63214,-1e-05,-1e-05,0.0,-3e-05,-2e-05,-2e-05,-2e-05,0.0,0
63215,-1e-05,-1e-05,0.0,-3e-05,-2e-05,-2e-05,-2e-05,0.0,0
63216,-1e-05,-1e-05,0.0,-3e-05,-2e-05,-2e-05,-2e-05,0.0,0
63217,-1e-05,-1e-05,0.0,-3e-05,-2e-05,-2e-05,-2e-05,0.0,0
63218,-1e-05,-1e-05,0.0,-3e-05,-2e-05,-2e-05,-2e-05,0.0,0
63219,-1e-05,-1e-05,0.0,-3e-05,-2e-05,-2e-05,-2e-05,0.0,0
63220,-1e-05,-1e-05,0.0,-3e-05,-2e-05,-2e-05,-2e-05,0.0,0
63221,-1e-05,-1e-05,0.0,-3e-05,-2e-05,-2e-05,-2e-05,0.0,0
63222,-1e-05,-1e-05,0.0,-3e-05,-2e-05,-2e-05,-2e-05,0.0,0
63223,-1e-05,-1e-05,0.0,-3e-05,-2e-05,-2e-05,-2e-05,0.0,0
63224,-1e-05,-1e-05,0.0,-3e-05,-2e-05,-2e-05,-2e-05,0.0,0
63225,-1e-05,-1e-05,0.0,-3e-05,-2e-05,-2e-05,-2e-05,0.0,0
63226,-1e-05,-1e-05,0.0,-3e-05,-2e-05,-2e-05,-2e-05,0.0,0
63227,-1e-05,-1e-05,0.0,-3e-05,-2e-05,-2e-05,-2e-05,0.0,0
63228,-2e-05,-2e-05,-2e-05,-2e-05,-3e-05,1e-05,-1e-05,-1e-05,0
63229,-2e-05,-3e-05,-4e-05,-3e-05,0.0,-2e-05,-1e-05,-1e-05,0
63230,0.0,-2e-05,0.0,-6e-05,-2e-05,-1e-05,-2e-05,-3e-05,0
63231,0.0,-2e-05,0.0,-6e-05,-2e-05,-1e-05,-2e-05,-3e-05,0
63232,0.0,-2e-05,0.0,-6e-05,-2e-05,-1e-05,-2e-05,-3e-05,0
63233,0.0,-2e-05,0.0,-6e-05,-2e-05,-1e-05,-2e-05,-3e-05,0
63234,0.0,-2e-05,0.0,-6e-05,-2e-05,-1e-05,-2e-05,-3e-05,0
63235,-1e-05,-2e-05,-1e-05,-3e-05,0.0,-1e-05,1e-05,-2e-05,0
63236,-1e-05,-2e-05,-1e-05,-3e-05,0.0,-1e-05,1e-05,-2e-05,0
63238,-1e-05,-2e-05,-1e-05,-3e-05,0.0,-1e-05,1e-05,-2e-05,0
63239,-1e-05,-2e-05,-1e-05,-3e-05,0.0,-1e-05,1e-05,-2e-05,0
63240,-1e-05,-2e-05,-1e-05,-3e-05,0.0,-1e-05,1e-05,-2e-05,0
63241,-1e-05,-2e-05,-1e-05,-3e-05,0.0,-1e-05,1e-05,-2e-05,0
63242,-1e-05,-2e-05,-1e-05,-3e-05,0.0,-1e-05,1e-05,-2e-05,0
63243,-1e-05,-2e-05,-2e-05,-1e-05,-1e-05,-1e-05,-1e-05,-2e-05,0
63244,-1e-05,-2e-05,-2e-05,-1e-05,-1e-05,-1e-05,-1e-05,-2e-05,0
63245,-1e-05,-2e-05,-2e-05,-1e-05,-1e-05,-1e-05,-1e-05,-2e-05,0
63246,-1e-05,-2e-05,-2e-05,-1e-05,-1e-05,-1e-05,-1e-05,-2e-05,0
63247,-1e-05,-2e-05,-2e-05,-1e-05,-1e-05,-1e-05,-1e-05,-2e-05,0
63248,-1e-05,-2e-05,-2e-05,-1e-05,-1e-05,-1e-05,-1e-05,-2e-05,0
63249,-1e-05,-2e-05,-2e-05,-1e-05,-1e-05,-1e-05,-1e-05,-2e-05,0
63250,-1e-05,-2e-05,-2e-05,-1e-05,-1e-05,-1e-05,-1e-05,-2e-05,0
63251,-1e-05,-2e-05,-2e-05,-1e-05,-1e-05,-1e-05,-1e-05,-2e-05,0
63252,-1e-05,-2e-05,-2e-05,-1e-05,-1e-05,-1e-05,-1e-05,-2e-05,0
63253,-1e-05,-2e-05,-2e-05,-1e-05,-1e-05,-1e-05,-1e-05,-2e-05,0
63254,-1e-05,-2e-05,-2e-05,-1e-05,-1e-05,-1e-05,-1e-05,-2e-05,0
63255,-1e-05,-2e-05,-2e-05,-1e-05,-1e-05,-1e-05,-1e-05,-2e-05,0
63256,-1e-05,-2e-05,-2e-05,-1e-05,-1e-05,-1e-05,-1e-05,-2e-05,0
63257,-1e-05,-2e-05,-2e-05,-1e-05,-1e-05,-1e-05,-1e-05,-2e-05,0
63258,-1e-05,-2e-05,-2e-05,-1e-05,-1e-05,-1e-05,-1e-05,-2e-05,0
63259,-1e-05,-2e-05,-2e-05,-1e-05,-1e-05,-1e-05,-1e-05,-2e-05,0
63260,-1e-05,-2e-05,-2e-05,-1e-05,-1e-05,-1e-05,-1e-05,-2e-05,0
63261,-1e-05,-2e-05,-2e-05,-1e-05,-1e-05,-1e-05,-1e-05,-2e-05,0
63262,-1e-05,-2e-05,-2e-05,-1e-05,-1e-05,-1e-05,-1e-05,-2e-05,0
63263,-1e-05,-2e-05,-2e-05,-1e-05,-1e-05,-1e-05,-1e-05,-2e-05,0
63264,-1e-05,-2e-05,-2e-05,-1e-05,-1e-05,-1e-05,-1e-05,-2e-05,0
63265,-1e-05,-2e-05,-2e-05,-1e-05,-1e-05,-1e-05,-1e-05,-2e-05,0
63266,1e-05,1e-05,2e-05,0.0,-4e-05,-1e-05,-1e-05,1e-05,0
63267,1e-05,1e-05,2e-05,0.0,-4e-05,-1e-05,-1e-05,1e-05,0
63268,0.0,2e-05,3e-05,1e-05,-2e-05,1e-05,-1e-05,1e-05,0
63269,0.0,2e-05,3e-05,1e-05,-2e-05,1e-05,-1e-05,1e-05,0
63270,0.0,2e-05,3e-05,1e-05,-2e-05,1e-05,-1e-05,1e-05,0
63271,0.0,2e-05,3e-05,1e-05,-2e-05,1e-05,-1e-05,1e-05,0
63272,0.0,2e-05,3e-05,1e-05,-2e-05,1e-05,-1e-05,1e-05,0
63273,0.0,2e-05,3e-05,1e-05,-2e-05,1e-05,-1e-05,1e-05,0
63274,0.0,2e-05,3e-05,1e-05,-2e-05,1e-05,-1e-05,1e-05,0
63275,0.0,2e-05,3e-05,1e-05,-2e-05,1e-05,-1e-05,1e-05,0
63276,0.0,2e-05,3e-05,1e-05,-2e-05,1e-05,-1e-05,1e-05,0
63277,0.0,2e-05,3e-05,1e-05,-2e-05,1e-05,-1e-05,1e-05,0
63278,0.0,2e-05,3e-05,1e-05,-2e-05,1e-05,-1e-05,1e-05,0
63279,0.0,2e-05,3e-05,1e-05,-2e-05,1e-05,-1e-05,1e-05,0
63280,0.0,2e-05,3e-05,1e-05,-2e-05,1e-05,-1e-05,1e-05,0
63281,0.0,2e-05,2e-05,1e-05,1e-05,0.0,-1e-05,-1e-05,0
63282,0.0,2e-05,2e-05,1e-05,1e-05,0.0,-1e-05,-1e-05,0
63283,0.0,2e-05,2e-05,1e-05,1e-05,0.0,-1e-05,-1e-05,0
63284,0.0,2e-05,2e-05,1e-05,1e-05,0.0,-1e-05,-1e-05,0
63285,0.0,2e-05,2e-05,1e-05,1e-05,0.0,-1e-05,-1e-05,0
63286,0.0,2e-05,2e-05,1e-05,1e-05,0.0,-1e-05,-1e-05,0
63289,-3e-05,-5e-05,-3e-05,-3e-05,0.0,0.0,-1e-05,1e-05,0
63290,-3e-05,-5e-05,-3e-05,-3e-05,0.0,0.0,-1e-05,1e-05,0
63291,-3e-05,-5e-05,-3e-05,-3e-05,0.0,0.0,-1e-05,1e-05,0
63292,-3e-05,-5e-05,-3e-05,-3e-05,0.0,0.0,-1e-05,1e-05,0
63293,-3e-05,-5e-05,-3e-05,-3e-05,0.0,0.0,-1e-05,1e-05,0
63294,-3e-05,-5e-05,-3e-05,-3e-05,0.0,0.0,-1e-05,1e-05,0
63295,-3e-05,-5e-05,-3e-05,-3e-05,0.0,0.0,-1e-05,1e-05,0
63296,2e-05,0.0,0.0,-3e-05,-1e-05,2e-05,-2e-05,-2e-05,0
63297,0.0,2e-05,5e-05,7e-05,0.0,-1e-05,-2e-05,0.0,0
63298,0.0,2e-05,5e-05,7e-05,0.0,-1e-05,-2e-05,0.0,0
63299,0.0,2e-05,5e-05,7e-05,0.0,-1e-05,-2e-05,0.0,0
63300,0.0,2e-05,5e-05,7e-05,0.0,-1e-05,-2e-05,0.0,0
63301,0.0,2e-05,5e-05,7e-05,0.0,-1e-05,-2e-05,0.0,0
63302,0.0,2e-05,5e-05,7e-05,0.0,-1e-05,-2e-05,0.0,0
63303,0.0,2e-05,5e-05,7e-05,0.0,-1e-05,-2e-05,0.0,0
63304,1e-05,2e-05,3e-05,7e-05,0.0,1e-05,-1e-05,-2e-05,0
63305,1e-05,2e-05,3e-05,7e-05,0.0,1e-05,-1e-05,-2e-05,0
63306,1e-05,2e-05,3e-05,7e-05,0.0,1e-05,-1e-05,-2e-05,0
63307,1e-05,2e-05,3e-05,7e-05,0.0,1e-05,-1e-05,-2e-05,0
63308,1e-05,2e-05,3e-05,7e-05,0.0,1e-05,-1e-05,-2e-05,0
63309,1e-05,2e-05,3e-05,7e-05,0.0,1e-05,-1e-05,-2e-05,0
63310,1e-05,2e-05,3e-05,7e-05,0.0,1e-05,-1e-05,-2e-05,0
63311,1e-05,2e-05,3e-05,7e-05,0.0,1e-05,-1e-05,-2e-05,0
63312,1e-05,2e-05,3e-05,7e-05,0.0,1e-05,-1e-05,-2e-05,0
63313,1e-05,2e-05,3e-05,7e-05,0.0,1e-05,-1e-05,-2e-05,0
63314,1e-05,2e-05,3e-05,7e-05,0.0,1e-05,-1e-05,-2e-05,0
63315,1e-05,2e-05,3e-05,7e-05,0.0,1e-05,-1e-05,-2e-05,0
63316,1e-05,2e-05,3e-05,7e-05,0.0,1e-05,-1e-05,-2e-05,0
63317,1e-05,2e-05,3e-05,7e-05,0.0,1e-05,-1e-05,-2e-05,0
63318,1e-05,-1e-05,0.0,-2e-05,-2e-05,0.0,0.0,1e-05,0
63319,-2e-05,-5e-05,-4e-05,-8e-05,-3e-05,-1e-05,-1e-05,-1e-05,0
63320,-2e-05,-2e-05,-9e-05,-5e-05,1e-05,-2e-05,-1e-05,-2e-05,0
63321,-2e-05,-2e-05,-9e-05,-5e-05,1e-05,-2e-05,-1e-05,-2e-05,0
63322,-2e-05,-2e-05,-9e-05,-5e-05,1e-05,-2e-05,-1e-05,-2e-05,0
63323,-2e-05,-2e-05,-9e-05,-5e-05,1e-05,-2e-05,-1e-05,-2e-05,0
63324,-2e-05,-2e-05,-9e-05,-5e-05,1e-05,-2e-05,-1e-05,-2e-05,0
63325,-2e-05,-2e-05,-9e-05,-5e-05,1e-05,-2e-05,-1e-05,-2e-05,0
63326,-2e-05,-2e-05,-9e-05,-5e-05,1e-05,-2e-05,-1e-05,-2e-05,0
63327,-2e-05,-2e-05,-9e-05,-5e-05,1e-05,-2e-05,-1e-05,-2e-05,0
63328,-2e-05,-2e-05,-9e-05,-5e-05,1e-05,-2e-05,-1e-05,-2e-05,0
63329,-2e-05,-2e-05,-9e-05,-5e-05,1e-05,-2e-05,-1e-05,-2e-05,0
63330,-2e-05,-2e-05,-9e-05,-5e-05,1e-05,-2e-05,-1e-05,-2e-05,0
63331,-2e-05,-2e-05,-9e-05,-5e-05,1e-05,-2e-05,-1e-05,-2e-05,0
63332,-2e-05,-2e-05,-9e-05,-5e-05,1e-05,-2e-05,-1e-05,-2e-05,0
63333,-2e-05,-2e-05,-9e-05,-5e-05,1e-05,-2e-05,-1e-05,-2e-05,0
63334,-2e-05,-2e-05,-9e-05,-5e-05,1e-05,-2e-05,-1e-05,-2e-05,0
63335,-2e-05,-2e-05,-9e-05,-5e-05,1e-05,-2e-05,-1e-05,-2e-05,0
63336,-2e-05,-2e-05,-9e-05,-5e-05,1e-05,-2e-05,-1e-05,-2e-05,0
63338,-2e-05,-2e-05,-9e-05,-5e-05,1e-05,-2e-05,-1e-05,-2e-05,0
63339,-2e-05,-2e-05,-9e-05,-5e-05,1e-05,-2e-05,-1e-05,-2e-05,0
63340,-2e-05,-2e-05,-9e-05,-5e-05,1e-05,-2e-05,-1e-05,-2e-05,0
63341,1e-05,0.0,-2e-05,3e-05,0.0,1e-05,-1e-05,-2e-05,0
63342,1e-05,0.0,-2e-05,3e-05,0.0,1e-05,-1e-05,-2e-05,0
63343,-1e-05,-2e-05,-5e-05,-4e-05,0.0,-2e-05,2e-05,-1e-05,0
63344,-1e-05,-2e-05,-5e-05,-4e-05,0.0,-2e-05,2e-05,-1e-05,0
63345,-1e-05,-2e-05,-5e-05,-4e-05,0.0,-2e-05,2e-05,-1e-05,0
63346,-1e-05,-2e-05,-5e-05,-4e-05,0.0,-2e-05,2e-05,-1e-05,0
63347,-1e-05,-2e-05,-5e-05,-4e-05,0.0,-2e-05,2e-05,-1e-05,0
63348,-1e-05,-2e-05,-5e-05,-4e-05,0.0,-2e-05,2e-05,-1e-05,0
63349,-1e-05,-2e-05,-5e-05,-4e-05,0.0,-2e-05,2e-05,-1e-05,0
63350,-1e-05,-2e-05,-5e-05,-4e-05,0.0,-2e-05,2e-05,-1e-05,0
63351,-1e-05,-2e-05,-5e-05,-4e-05,0.0,-2e-05,2e-05,-1e-05,0
63352,-1e-05,-2e-05,-5e-05,-4e-05,0.0,-2e-05,2e-05,-1e-05,0
63353,-1e-05,-2e-05,-5e-05,-4e-05,0.0,-2e-05,2e-05,-1e-05,0
63354,-1e-05,-2e-05,-5e-05,-4e-05,0.0,-2e-05,2e-05,-1e-05,0
63355,-1e-05,0.0,3e-05,1e-05,-2e-05,-1e-05,-1e-05,1e-05,0
63356,-1e-05,0.0,3e-05,1e-05,-2e-05,-1e-05,-1e-05,1e-05,0
63357,-1e-05,0.0,3e-05,1e-05,-2e-05,-1e-05,-1e-05,1e-05,0
63358,-1e-05,0.0,3e-05,1e-05,-2e-05,-1e-05,-1e-05,1e-05,0
63359,-1e-05,0.0,3e-05,1e-05,-2e-05,-1e-05,-1e-05,1e-05,0
63360,-1e-05,0.0,3e-05,1e-05,-2e-05,-1e-05,-1e-05,1e-05,0
63361,-1e-05,0.0,3e-05,1e-05,-2e-05,-1e-05,-1e-05,1e-05,0
63362,-1e-05,-1e-05,3e-05,2e-05,0.0,0.0,-2e-05,-1e-05,0
63363,-1e-05,-1e-05,3e-05,2e-05,0.0,0.0,-2e-05,-1e-05,0
63364,-1e-05,-1e-05,3e-05,2e-05,0.0,0.0,-2e-05,-1e-05,0
63365,-1e-05,-1e-05,3e-05,2e-05,0.0,0.0,-2e-05,-1e-05,0
63366,-1e-05,-1e-05,3e-05,2e-05,0.0,0.0,-2e-05,-1e-05,0
63367,-1e-05,-1e-05,3e-05,2e-05,0.0,0.0,-2e-05,-1e-05,0
63368,-1e-05,-1e-05,3e-05,2e-05,0.0,0.0,-2e-05,-1e-05,0
63369,-1e-05,-1e-05,3e-05,2e-05,0.0,0.0,-2e-05,-1e-05,0
63370,-1e-05,-1e-05,3e-05,2e-05,0.0,0.0,-2e-05,-1e-05,0
63371,-1e-05,-1e-05,3e-05,2e-05,0.0,0.0,-2e-05,-1e-05,0
63372,-1e-05,-1e-05,3e-05,2e-05,0.0,0.0,-2e-05,-1e-05,0
63373,-1e-05,-1e-05,3e-05,2e-05,0.0,0.0,-2e-05,-1e-05,0
63374,-1e-05,-1e-05,3e-05,2e-05,0.0,0.0,-2e-05,-1e-05,0
63375,-1e-05,-1e-05,3e-05,2e-05,0.0,0.0,-2e-05,-1e-05,0
63376,-1e-05,-1e-05,3e-05,2e-05,0.0,0.0,-2e-05,-1e-05,0
63377,-1e-05,-1e-05,3e-05,2e-05,0.0,0.0,-2e-05,-1e-05,0
63378,0.0,2e-05,4e-05,-1e-05,1e-05,-1e-05,-1e-05,0.0,0
63379,0.0,2e-05,-1e-05,4e-05,-3e-05,-1e-05,0.0,0.0,0
63380,-1e-05,-1e-05,-2e-05,-8e-05,-3e-05,0.0,0.0,0.0,0
63381,-1e-05,-1e-05,-2e-05,-8e-05,-3e-05,0.0,0.0,0.0,0
63382,-1e-05,-1e-05,-2e-05,-8e-05,-3e-05,0.0,0.0,0.0,0
63383,-1e-05,-1e-05,-2e-05,-8e-05,-3e-05,0.0,0.0,0.0,0
63384,-1e-05,-1e-05,-2e-05,-8e-05,-3e-05,0.0,0.0,0.0,0
63385,-1e-05,-1e-05,-2e-05,-8e-05,-3e-05,0.0,0.0,0.0,0
63386,-1e-05,-1e-05,-2e-05,-8e-05,-3e-05,0.0,0.0,0.0,0
63388,-1e-05,-1e-05,-2e-05,-8e-05,-3e-05,0.0,0.0,0.0,0
63389,-1e-05,-1e-05,-2e-05,-8e-05,-3e-05,0.0,0.0,0.0,0
63390,-1e-05,-1e-05,-2e-05,-8e-05,-3e-05,0.0,0.0,0.0,0
63391,-1e-05,-1e-05,-2e-05,-8e-05,-3e-05,0.0,0.0,0.0,0
63392,-1e-05,-1e-05,-2e-05,-8e-05,-3e-05,0.0,0.0,0.0,0
63393,-1e-05,-1e-05,-2e-05,-8e-05,-3e-05,0.0,0.0,0.0,0
63394,-1e-05,-1e-05,-2e-05,-8e-05,-3e-05,0.0,0.0,0.0,0
63395,-1e-05,-1e-05,-2e-05,-8e-05,-3e-05,0.0,0.0,0.0,0
63396,-1e-05,-1e-05,-2e-05,-8e-05,-3e-05,0.0,0.0,0.0,0
63398,-1e-05,-1e-05,-2e-05,-8e-05,-3e-05,0.0,0.0,0.0,0
63399,-1e-05,-1e-05,-2e-05,-8e-05,-3e-05,0.0,0.0,0.0,0
63400,-1e-05,-1e-05,-2e-05,-8e-05,-3e-05,0.0,0.0,0.0,0
63401,-2e-05,0.0,0.0,3e-05,4e-05,0.0,0.0,-1e-05,0
63402,-2e-05,0.0,0.0,3e-05,4e-05,0.0,0.0,-1e-05,0
63403,0.0,-3e-05,-6e-05,-2e-05,0.0,1e-05,-2e-05,-1e-05,0
63404,0.0,-3e-05,-6e-05,-2e-05,0.0,1e-05,-2e-05,-1e-05,0
63405,0.0,-3e-05,-6e-05,-2e-05,0.0,1e-05,-2e-05,-1e-05,0
63406,0.0,-3e-05,-6e-05,-2e-05,0.0,1e-05,-2e-05,-1e-05,0
63407,0.0,-3e-05,-6e-05,-2e-05,0.0,1e-05,-2e-05,-1e-05,0
63408,0.0,-3e-05,-6e-05,-2e-05,0.0,1e-05,-2e-05,-1e-05,0
63409,0.0,-3e-05,-6e-05,-2e-05,0.0,1e-05,-2e-05,-1e-05,0
63410,0.0,-3e-05,-6e-05,-2e-05,0.0,1e-05,-2e-05,-1e-05,0
63411,0.0,-3e-05,-6e-05,-2e-05,0.0,1e-05,-2e-05,-1e-05,0
63412,0.0,-3e-05,-6e-05,-2e-05,0.0,1e-05,-2e-05,-1e-05,0
63413,0.0,-3e-05,-6e-05,-2e-05,0.0,1e-05,-2e-05,-1e-05,0
63414,0.0,-3e-05,-6e-05,-2e-05,0.0,1e-05,-2e-05,-1e-05,0
63415,0.0,-3e-05,-6e-05,-2e-05,0.0,1e-05,-2e-05,-1e-05,0
63416,0.0,-3e-05,-6e-05,-2e-05,0.0,1e-05,-2e-05,-1e-05,0
63417,0.0,-3e-05,-6e-05,-2e-05,0.0,1e-05,-2e-05,-1e-05,0
63418,0.0,-3e-05,-6e-05,-2e-05,0.0,1e-05,-2e-05,-1e-05,0
63419,0.0,-3e-05,-6e-05,-2e-05,0.0,1e-05,-2e-05,-1e-05,0
63420,0.0,-3e-05,-6e-05,-2e-05,0.0,1e-05,-2e-05,-1e-05,0
63421,0.0,-3e-05,-6e-05,-2e-05,0.0,1e-05,-2e-05,-1e-05,0
63422,0.0,-3e-05,-6e-05,-2e-05,0.0,1e-05,-2e-05,-1e-05,0
63423,0.0,-3e-05,-4e-05,-3e-05,0.0,-1e-05,-1e-05,-1e-05,0
63424,-2e-05,-2e-05,-1e-05,2e-05,1e-05,-2e-05,-1e-05,-2e-05,0
63425,-2e-05,-4e-05,-1e-05,5e-05,-1e-05,0.0,1e-05,-1e-05,0
63426,-2e-05,-4e-05,-1e-05,5e-05,-1e-05,0.0,1e-05,-1e-05,0
63427,-2e-05,-4e-05,-1e-05,5e-05,-1e-05,0.0,1e-05,-1e-05,0
63428,-2e-05,-4e-05,-1e-05,5e-05,-1e-05,0.0,1e-05,-1e-05,0
63429,-2e-05,-4e-05,-1e-05,5e-05,-1e-05,0.0,1e-05,-1e-05,0
63430,-2e-05,-4e-05,-1e-05,5e-05,-1e-05,0.0,1e-05,-1e-05,0
63431,-2e-05,-4e-05,-1e-05,5e-05,-1e-05,0.0,1e-05,-1e-05,0
63432,-2e-05,-4e-05,-1e-05,5e-05,-1e-05,0.0,1e-05,-1e-05,0
63433,-2e-05,-4e-05,-1e-05,5e-05,-1e-05,0.0,1e-05,-1e-05,0
63434,-2e-05,-4e-05,-1e-05,5e-05,-1e-05,0.0,1e-05,-1e-05,0
63435,-2e-05,-4e-05,-1e-05,5e-05,-1e-05,0.0,1e-05,-1e-05,0
63436,-2e-05,-4e-05,-1e-05,5e-05,-1e-05,0.0,1e-05,-1e-05,0
63438,-2e-05,-2e-05,-2e-05,-0.00011,-4e-05,0.0,-1e-05,-2e-05,0
63439,1e-05,1e-05,0.0,0.0,3e-05,-1e-05,-1e-05,0.0,0
63440,-1e-05,-1e-05,-1e-05,-5e-05,-3e-05,0.0,0.0,2e-05,0
63441,-1e-05,-1e-05,-1e-05,-5e-05,-3e-05,0.0,0.0,2e-05,0
63442,-1e-05,-1e-05,-1e-05,-5e-05,-3e-05,0.0,0.0,2e-05,0
63443,-1e-05,-1e-05,-1e-05,-5e-05,-3e-05,0.0,0.0,2e-05,0
63444,-1e-05,-1e-05,-1e-05,-5e-05,-3e-05,0.0,0.0,2e-05,0
63445,-1e-05,-1e-05,-1e-05,-5e-05,-3e-05,0.0,0.0,2e-05,0
63446,-1e-05,-1e-05,-1e-05,-5e-05,-3e-05,0.0,0.0,2e-05,0
63447,-1e-05,-1e-05,-1e-05,-5e-05,-3e-05,0.0,0.0,2e-05,0
63448,-1e-05,-1e-05,-1e-05,-5e-05,-3e-05,0.0,0.0,2e-05,0
63449,-1e-05,-1e-05,-1e-05,-5e-05,-3e-05,0.0,0.0,2e-05,0
63450,-1e-05,-1e-05,-1e-05,-5e-05,-3e-05,0.0,0.0,2e-05,0
63451,-1e-05,-1e-05,-1e-05,-5e-05,-3e-05,0.0,0.0,2e-05,0
63452,-1e-05,-1e-05,-1e-05,-5e-05,-3e-05,0.0,0.0,2e-05,0
63453,-1e-05,-1e-05,-1e-05,-5e-05,-3e-05,0.0,0.0,2e-05,0
63454,-1e-05,-1e-05,-1e-05,-5e-05,-3e-05,0.0,0.0,2e-05,0
63455,-1e-05,-1e-05,-1e-05,-5e-05,-3e-05,0.0,0.0,2e-05,0
63456,-1e-05,-1e-05,-1e-05,-5e-05,-3e-05,0.0,0.0,2e-05,0
63457,-1e-05,-1e-05,-1e-05,-5e-05,-3e-05,0.0,0.0,2e-05,0
63458,-1e-05,-1e-05,-1e-05,-5e-05,-3e-05,0.0,0.0,2e-05,0
63459,-1e-05,-1e-05,-1e-05,-5e-05,-3e-05,0.0,0.0,2e-05,0
63460,-1e-05,-1e-05,-1e-05,-5e-05,-3e-05,0.0,0.0,2e-05,0
63461,-2e-05,-2e-05,-7e-05,-4e-05,-5e-05,-2e-05,-1e-05,-1e-05,0
63462,-2e-05,-2e-05,-7e-05,-4e-05,-5e-05,-2e-05,-1e-05,-1e-05,0
63463,2e-05,7e-05,8e-05,5e-05,1e-05,1e-05,0.0,-2e-05,0
63464,2e-05,7e-05,8e-05,5e-05,1e-05,1e-05,0.0,-2e-05,0
63465,2e-05,7e-05,8e-05,5e-05,1e-05,1e-05,0.0,-2e-05,0
63466,2e-05,7e-05,8e-05,5e-05,1e-05,1e-05,0.0,-2e-05,0
63467,2e-05,7e-05,8e-05,5e-05,1e-05,1e-05,0.0,-2e-05,0
63468,2e-05,7e-05,8e-05,5e-05,1e-05,1e-05,0.0,-2e-05,0
63469,2e-05,7e-05,8e-05,5e-05,1e-05,1e-05,0.0,-2e-05,0
63470,2e-05,7e-05,8e-05,5e-05,1e-05,1e-05,0.0,-2e-05,0
63471,2e-05,7e-05,8e-05,5e-05,1e-05,1e-05,0.0,-2e-05,0
63472,2e-05,7e-05,8e-05,5e-05,1e-05,1e-05,0.0,-2e-05,0
63473,2e-05,7e-05,8e-05,5e-05,1e-05,1e-05,0.0,-2e-05,0
63474,2e-05,7e-05,8e-05,5e-05,1e-05,1e-05,0.0,-2e-05,0
63475,-1e-05,-2e-05,3e-05,-9e-05,-3e-05,-2e-05,-1e-05,-2e-05,0
63476,-1e-05,-2e-05,3e-05,-9e-05,-3e-05,-2e-05,-1e-05,-2e-05,0
63477,-1e-05,-2e-05,3e-05,-9e-05,-3e-05,-2e-05,-1e-05,-2e-05,0
63478,-1e-05,-2e-05,3e-05,-9e-05,-3e-05,-2e-05,-1e-05,-2e-05,0
63479,-1e-05,-2e-05,3e-05,-9e-05,-3e-05,-2e-05,-1e-05,-2e-05,0
63480,-1e-05,-2e-05,3e-05,-9e-05,-3e-05,-2e-05,-1e-05,-2e-05,0
63481,-1e-05,-2e-05,3e-05,-9e-05,-3e-05,-2e-05,-1e-05,-2e-05,0
63482,0.0,-3e-05,-1e-05,-2e-05,0.0,0.0,-1e-05,-2e-05,0
63483,0.0,-3e-05,-1e-05,-2e-05,0.0,0.0,-1e-05,-2e-05,0
63484,0.0,-3e-05,-1e-05,-2e-05,0.0,0.0,-1e-05,-2e-05,0
63485,0.0,-3e-05,-1e-05,-2e-05,0.0,0.0,-1e-05,-2e-05,0
63486,0.0,-3e-05,-1e-05,-2e-05,0.0,0.0,-1e-05,-2e-05,0
63488,0.0,-3e-05,-1e-05,-2e-05,0.0,0.0,-1e-05,-2e-05,0
63489,0.0,-3e-05,-1e-05,-2e-05,0.0,0.0,-1e-05,-2e-05,0
63490,0.0,-3e-05,-1e-05,-2e-05,0.0,0.0,-1e-05,-2e-05,0
63491,0.0,-3e-05,-1e-05,-2e-05,0.0,0.0,-1e-05,-2e-05,0
63492,0.0,-3e-05,-1e-05,-2e-05,0.0,0.0,-1e-05,-2e-05,0
63493,0.0,-3e-05,-1e-05,-2e-05,0.0,0.0,-1e-05,-2e-05,0
63494,0.0,-3e-05,-1e-05,-2e-05,0.0,0.0,-1e-05,-2e-05,0
63495,0.0,-3e-05,-1e-05,-2e-05,0.0,0.0,-1e-05,-2e-05,0
63496,0.0,-3e-05,-1e-05,-2e-05,0.0,0.0,-1e-05,-2e-05,0
63497,0.0,-3e-05,-1e-05,-2e-05,0.0,0.0,-1e-05,-2e-05,0
63498,-2e-05,-2e-05,-6e-05,-6e-05,-2e-05,0.0,-2e-05,-1e-05,0
63499,-2e-05,3e-05,2e-05,0.00011,-1e-05,0.0,-1e-05,-1e-05,0
63500,-1e-05,0.0,2e-05,0.0,1e-05,-1e-05,-2e-05,-1e-05,0
63501,-1e-05,0.0,2e-05,0.0,1e-05,-1e-05,-2e-05,-1e-05,0
63502,-1e-05,0.0,2e-05,0.0,1e-05,-1e-05,-2e-05,-1e-05,0
63503,-1e-05,0.0,2e-05,0.0,1e-05,-1e-05,-2e-05,-1e-05,0
63504,-1e-05,0.0,2e-05,0.0,1e-05,-1e-05,-2e-05,-1e-05,0
63505,-1e-05,0.0,2e-05,0.0,1e-05,-1e-05,-2e-05,-1e-05,0
63506,-1e-05,0.0,2e-05,0.0,1e-05,-1e-05,-2e-05,-1e-05,0
63507,-1e-05,0.0,2e-05,0.0,1e-05,-1e-05,-2e-05,-1e-05,0
63508,-1e-05,0.0,2e-05,0.0,1e-05,-1e-05,-2e-05,-1e-05,0
63509,-1e-05,0.0,2e-05,0.0,1e-05,-1e-05,-2e-05,-1e-05,0
63510,-1e-05,0.0,2e-05,0.0,1e-05,-1e-05,-2e-05,-1e-05,0
63511,-1e-05,0.0,2e-05,0.0,1e-05,-1e-05,-2e-05,-1e-05,0
63512,-1e-05,0.0,2e-05,0.0,1e-05,-1e-05,-2e-05,-1e-05,0
63513,-1e-05,0.0,2e-05,0.0,1e-05,-1e-05,-2e-05,-1e-05,0
63514,-1e-05,0.0,2e-05,0.0,1e-05,-1e-05,-2e-05,-1e-05,0
63515,-1e-05,0.0,2e-05,0.0,1e-05,-1e-05,-2e-05,-1e-05,0
63516,-1e-05,0.0,2e-05,0.0,1e-05,-1e-05,-2e-05,-1e-05,0
63517,-1e-05,0.0,2e-05,0.0,1e-05,-1e-05,-2e-05,-1e-05,0
63518,-1e-05,0.0,2e-05,0.0,1e-05,-1e-05,-2e-05,-1e-05,0
63519,-1e-05,0.0,2e-05,0.0,1e-05,-1e-05,-2e-05,-1e-05,0
63520,-1e-05,0.0,2e-05,0.0,1e-05,-1e-05,-2e-05,-1e-05,0
63521,-6e-05,-0.00016,-0.00016,-0.00012,-5e-05,-2e-05,1e-05,-1e-05,0
63522,-6e-05,-0.00016,-0.00016,-0.00012,-5e-05,-2e-05,1e-05,-1e-05,0
63523,-2e-05,-1e-05,-2e-05,1e-05,0.0,-1e-05,-1e-05,-2e-05,0
63524,-2e-05,-1e-05,-2e-05,1e-05,0.0,-1e-05,-1e-05,-2e-05,0
63525,-2e-05,-1e-05,-2e-05,1e-05,0.0,-1e-05,-1e-05,-2e-05,0
63526,-2e-05,-1e-05,-2e-05,1e-05,0.0,-1e-05,-1e-05,-2e-05,0
63527,-2e-05,-1e-05,-2e-05,1e-05,0.0,-1e-05,-1e-05,-2e-05,0
63528,-2e-05,-1e-05,-2e-05,1e-05,0.0,-1e-05,-1e-05,-2e-05,0
63529,-2e-05,-1e-05,-2e-05,1e-05,0.0,-1e-05,-1e-05,-2e-05,0
63530,-2e-05,-1e-05,-2e-05,1e-05,0.0,-1e-05,-1e-05,-2e-05,0
63531,-2e-05,-1e-05,-2e-05,1e-05,0.0,-1e-05,-1e-05,-2e-05,0
63532,-2e-05,-1e-05,-2e-05,1e-05,0.0,-1e-05,-1e-05,-2e-05,0
63533,-2e-05,-1e-05,-2e-05,1e-05,0.0,-1e-05,-1e-05,-2e-05,0
63534,-2e-05,-1e-05,-2e-05,1e-05,0.0,-1e-05,-1e-05,-2e-05,0
63535,-2e-05,-1e-05,-2e-05,1e-05,0.0,-1e-05,-1e-05,-2e-05,0
63536,-2e-05,-1e-05,-2e-05,1e-05,0.0,-1e-05,-1e-05,-2e-05,0
63538,-2e-05,-1e-05,-2e-05,1e-05,0.0,-1e-05,-1e-05,-2e-05,0
63539,-2e-05,-1e-05,-2e-05,1e-05,0.0,-1e-05,-1e-05,-2e-05,0
63540,-2e-05,-1e-05,-2e-05,1e-05,0.0,-1e-05,-1e-05,-2e-05,0
63541,-2e-05,-1e-05,-2e-05,1e-05,0.0,-1e-05,-1e-05,-2e-05,0
63542,-2e-05,-1e-05,-2e-05,1e-05,0.0,-1e-05,-1e-05,-2e-05,0
63543,2e-05,1e-05,3e-05,-3e-05,2e-05,0.0,1e-05,-2e-05,0
63544,2e-05,7e-05,7e-05,5e-05,-1e-05,-1e-05,-3e-05,0.0,0
63545,1e-05,1e-05,4e-05,-2e-05,-3e-05,-3e-05,-1e-05,-1e-05,0
63546,1e-05,1e-05,4e-05,-2e-05,-3e-05,-3e-05,-1e-05,-1e-05,0
63547,1e-05,1e-05,4e-05,-2e-05,-3e-05,-3e-05,-1e-05,-1e-05,0
63548,1e-05,1e-05,4e-05,-2e-05,-3e-05,-3e-05,-1e-05,-1e-05,0
63549,1e-05,1e-05,4e-05,-2e-05,-3e-05,-3e-05,-1e-05,-1e-05,0
63550,1e-05,1e-05,4e-05,-2e-05,-3e-05,-3e-05,-1e-05,-1e-05,0
63551,1e-05,1e-05,4e-05,-2e-05,-3e-05,-3e-05,-1e-05,-1e-05,0
63552,1e-05,1e-05,4e-05,-2e-05,-3e-05,-3e-05,-1e-05,-1e-05,0
63553,1e-05,1e-05,4e-05,-2e-05,-3e-05,-3e-05,-1e-05,-1e-05,0
63554,1e-05,1e-05,4e-05,-2e-05,-3e-05,-3e-05,-1e-05,-1e-05,0
63555,1e-05,1e-05,4e-05,-2e-05,-3e-05,-3e-05,-1e-05,-1e-05,0
63556,1e-05,1e-05,4e-05,-2e-05,-3e-05,-3e-05,-1e-05,-1e-05,0
63557,1e-05,1e-05,4e-05,-2e-05,-3e-05,-3e-05,-1e-05,-1e-05,0
63558,-2e-05,-6e-05,0.0,8e-05,1e-05,1e-05,1e-05,0.0,0
63559,-2e-05,-3e-05,-0.00013,-0.0002,-2e-05,0.0,-1e-05,-3e-05,0
63560,0.0,3e-05,3e-05,2e-05,0.0,1e-05,-1e-05,-1e-05,0
63561,0.0,3e-05,3e-05,2e-05,0.0,1e-05,-1e-05,-1e-05,0
63562,0.0,3e-05,3e-05,2e-05,0.0,1e-05,-1e-05,-1e-05,0
63563,0.0,3e-05,3e-05,2e-05,0.0,1e-05,-1e-05,-1e-05,0
63564,0.0,3e-05,3e-05,2e-05,0.0,1e-05,-1e-05,-1e-05,0
63565,0.0,3e-05,3e-05,2e-05,0.0,1e-05,-1e-05,-1e-05,0
63566,0.0,3e-05,3e-05,2e-05,0.0,1e-05,-1e-05,-1e-05,0
63567,0.0,3e-05,3e-05,2e-05,0.0,1e-05,-1e-05,-1e-05,0
63568,0.0,3e-05,3e-05,2e-05,0.0,1e-05,-1e-05,-1e-05,0
63569,0.0,3e-05,3e-05,2e-05,0.0,1e-05,-1e-05,-1e-05,0
63570,0.0,3e-05,3e-05,2e-05,0.0,1e-05,-1e-05,-1e-05,0
63571,0.0,3e-05,3e-05,2e-05,0.0,1e-05,-1e-05,-1e-05,0
63572,0.0,3e-05,3e-05,2e-05,0.0,1e-05,-1e-05,-1e-05,0
63573,0.0,3e-05,3e-05,2e-05,0.0,1e-05,-1e-05,-1e-05,0
63574,0.0,3e-05,3e-05,2e-05,0.0,1e-05,-1e-05,-1e-05,0
63575,0.0,3e-05,3e-05,2e-05,0.0,1e-05,-1e-05,-1e-05,0
63576,0.0,3e-05,3e-05,2e-05,0.0,1e-05,-1e-05,-1e-05,0
63577,0.0,3e-05,3e-05,2e-05,0.0,1e-05,-1e-05,-1e-05,0
63578,0.0,3e-05,3e-05,2e-05,0.0,1e-05,-1e-05,-1e-05,0
63579,0.0,3e-05,3e-05,2e-05,0.0,1e-05,-1e-05,-1e-05,0
63580,0.0,3e-05,3e-05,2e-05,0.0,1e-05,-1e-05,-1e-05,0
63581,-1e-05,-3e-05,-4e-05,-3e-05,-5e-05,-1e-05,-1e-05,-2e-05,0
63582,-1e-05,-3e-05,-4e-05,-3e-05,-5e-05,-1e-05,-1e-05,-2e-05,0
63583,1e-05,4e-05,3e-05,2e-05,0.0,-2e-05,-2e-05,1e-05,0
63584,1e-05,4e-05,3e-05,2e-05,0.0,-2e-05,-2e-05,1e-05,0
63585,1e-05,4e-05,3e-05,2e-05,0.0,-2e-05,-2e-05,1e-05,0
63586,1e-05,4e-05,3e-05,2e-05,0.0,-2e-05,-2e-05,1e-05,0
63588,1e-05,4e-05,3e-05,2e-05,0.0,-2e-05,-2e-05,1e-05,0
63589,1e-05,4e-05,3e-05,2e-05,0.0,-2e-05,-2e-05,1e-05,0
63590,1e-05,4e-05,3e-05,2e-05,0.0,-2e-05,-2e-05,1e-05,0
63591,1e-05,4e-05,3e-05,2e-05,0.0,-2e-05,-2e-05,1e-05,0
63592,1e-05,4e-05,3e-05,2e-05,0.0,-2e-05,-2e-05,1e-05,0
63593,1e-05,4e-05,3e-05,2e-05,0.0,-2e-05,-2e-05,1e-05,0
63594,1e-05,4e-05,3e-05,2e-05,0.0,-2e-05,-2e-05,1e-05,0
63595,-4e-05,-5e-05,-7e-05,-5e-05,-1e-05,2e-05,-2e-05,-1e-05,0
63596,-4e-05,-5e-05,-7e-05,-5e-05,-1e-05,2e-05,-2e-05,-1e-05,0
63597,-4e-05,-5e-05,-7e-05,-5e-05,-1e-05,2e-05,-2e-05,-1e-05,0
63598,-4e-05,-5e-05,-7e-05,-5e-05,-1e-05,2e-05,-2e-05,-1e-05,0
63599,-4e-05,-5e-05,-7e-05,-5e-05,-1e-05,2e-05,-2e-05,-1e-05,0
63600,-4e-05,-5e-05,-7e-05,-5e-05,-1e-05,2e-05,-2e-05,-1e-05,0
63601,-4e-05,-5e-05,-7e-05,-5e-05,-1e-05,2e-05,-2e-05,-1e-05,0
63602,-1e-05,1e-05,3e-05,-3e-05,-1e-05,0.0,-2e-05,-1e-05,0
63603,-1e-05,1e-05,3e-05,-3e-05,-1e-05,0.0,-2e-05,-1e-05,0
63604,-1e-05,1e-05,3e-05,-3e-05,-1e-05,0.0,-2e-05,-1e-05,0
63605,-1e-05,1e-05,3e-05,-3e-05,-1e-05,0.0,-2e-05,-1e-05,0
63606,-1e-05,1e-05,3e-05,-3e-05,-1e-05,0.0,-2e-05,-1e-05,0
63607,-1e-05,1e-05,3e-05,-3e-05,-1e-05,0.0,-2e-05,-1e-05,0
63608,-1e-05,1e-05,3e-05,-3e-05,-1e-05,0.0,-2e-05,-1e-05,0
63609,-1e-05,1e-05,3e-05,-3e-05,-1e-05,0.0,-2e-05,-1e-05,0
63610,-1e-05,1e-05,3e-05,-3e-05,-1e-05,0.0,-2e-05,-1e-05,0
63611,-1e-05,1e-05,3e-05,-3e-05,-1e-05,0.0,-2e-05,-1e-05,0
63612,-1e-05,1e-05,3e-05,-3e-05,-1e-05,0.0,-2e-05,-1e-05,0
63613,-1e-05,1e-05,3e-05,-3e-05,-1e-05,0.0,-2e-05,-1e-05,0
63614,-1e-05,1e-05,3e-05,-3e-05,-1e-05,0.0,-2e-05,-1e-05,0
63615,-1e-05,1e-05,3e-05,-3e-05,-1e-05,0.0,-2e-05,-1e-05,0
63616,-1e-05,1e-05,3e-05,-3e-05,-1e-05,0.0,-2e-05,-1e-05,0
63617,-1e-05,1e-05,3e-05,-3e-05,-1e-05,0.0,-2e-05,-1e-05,0
63618,1e-05,4e-05,2e-05,4e-05,1e-05,-3e-05,-2e-05,-2e-05,0
63619,1e-05,4e-05,2e-05,4e-05,1e-05,-3e-05,-2e-05,-2e-05,0
63620,-3e-05,-7e-05,-0.00011,-3e-05,-2e-05,-1e-05,-1e-05,-3e-05,0
63621,-3e-05,-7e-05,-0.00011,-3e-05,-2e-05,-1e-05,-1e-05,-3e-05,0
63622,-3e-05,-7e-05,-0.00011,-3e-05,-2e-05,-1e-05,-1e-05,-3e-05,0
63623,-3e-05,-7e-05,-0.00011,-3e-05,-2e-05,-1e-05,-1e-05,-3e-05,0
63624,-3e-05,-7e-05,-0.00011,-3e-05,-2e-05,-1e-05,-1e-05,-3e-05,0
63625,-3e-05,-7e-05,-0.00011,-3e-05,-2e-05,-1e-05,-1e-05,-3e-05,0
63626,-3e-05,-7e-05,-0.00011,-3e-05,-2e-05,-1e-05,-1e-05,-3e-05,0
63627,-3e-05,-7e-05,-0.00011,-3e-05,-2e-05,-1e-05,-1e-05,-3e-05,0
63628,-3e-05,-7e-05,-0.00011,-3e-05,-2e-05,-1e-05,-1e-05,-3e-05,0
63629,-3e-05,-7e-05,-0.00011,-3e-05,-2e-05,-1e-05,-1e-05,-3e-05,0
63630,-3e-05,-7e-05,-0.00011,-3e-05,-2e-05,-1e-05,-1e-05,-3e-05,0
63631,-3e-05,-7e-05,-0.00011,-3e-05,-2e-05,-1e-05,-1e-05,-3e-05,0
63632,-3e-05,-7e-05,-0.00011,-3e-05,-2e-05,-1e-05,-1e-05,-3e-05,0
63633,-3e-05,-7e-05,-0.00011,-3e-05,-2e-05,-1e-05,-1e-05,-3e-05,0
63634,-3e-05,-7e-05,-0.00011,-3e-05,-2e-05,-1e-05,-1e-05,-3e-05,0
63635,-3e-05,-7e-05,-0.00011,-3e-05,-2e-05,-1e-05,-1e-05,-3e-05,0
63636,-3e-05,-7e-05,-0.00011,-3e-05,-2e-05,-1e-05,-1e-05,-3e-05,0
63638,-3e-05,-7e-05,-0.00011,-3e-05,-2e-05,-1e-05,-1e-05,-3e-05,0
63639,-3e-05,-7e-05,-0.00011,-3e-05,-2e-05,-1e-05,-1e-05,-3e-05,0
63640,-3e-05,-7e-05,-0.00011,-3e-05,-2e-05,-1e-05,-1e-05,-3e-05,0
63641,0.0,2e-05,5e-05,4e-05,-2e-05,-2e-05,-1e-05,0.0,0
63642,0.0,2e-05,5e-05,4e-05,-2e-05,-2e-05,-1e-05,0.0,0
63643,-2e-05,-6e-05,-3e-05,-0.00014,-2e-05,-1e-05,-1e-05,0.0,0
63644,-1e-05,-6e-05,-9e-05,-6e-05,-3e-05,-1e-05,0.0,0.0,0
63645,-1e-05,-6e-05,-9e-05,-6e-05,-3e-05,-1e-05,0.0,0.0,0
63646,-1e-05,-6e-05,-9e-05,-6e-05,-3e-05,-1e-05,0.0,0.0,0
63647,-1e-05,-6e-05,-9e-05,-6e-05,-3e-05,-1e-05,0.0,0.0,0
63648,-1e-05,-6e-05,-9e-05,-6e-05,-3e-05,-1e-05,0.0,0.0,0
63649,-1e-05,-6e-05,-9e-05,-6e-05,-3e-05,-1e-05,0.0,0.0,0
63650,-1e-05,-6e-05,-9e-05,-6e-05,-3e-05,-1e-05,0.0,0.0,0
63651,-1e-05,-6e-05,-9e-05,-6e-05,-3e-05,-1e-05,0.0,0.0,0
63652,-1e-05,-6e-05,-9e-05,-6e-05,-3e-05,-1e-05,0.0,0.0,0
63653,-1e-05,-6e-05,-9e-05,-6e-05,-3e-05,-1e-05,0.0,0.0,0
63654,-1e-05,-6e-05,-9e-05,-6e-05,-3e-05,-1e-05,0.0,0.0,0
63655,0.0,1e-05,3e-05,-3e-05,1e-05,-2e-05,-1e-05,0.0,0
63656,0.0,1e-05,3e-05,-3e-05,1e-05,-2e-05,-1e-05,0.0,0
63657,0.0,1e-05,3e-05,-3e-05,1e-05,-2e-05,-1e-05,0.0,0
63658,0.0,1e-05,3e-05,-3e-05,1e-05,-2e-05,-1e-05,0.0,0
63659,0.0,1e-05,3e-05,-3e-05,1e-05,-2e-05,-1e-05,0.0,0
63660,0.0,1e-05,3e-05,-3e-05,1e-05,-2e-05,-1e-05,0.0,0
63661,0.0,1e-05,3e-05,-3e-05,1e-05,-2e-05,-1e-05,0.0,0
63662,-1e-05,-3e-05,-6e-05,-9e-05,-1e-05,1e-05,0.0,-1e-05,0
63663,-1e-05,-3e-05,-6e-05,-9e-05,-1e-05,1e-05,0.0,-1e-05,0
63664,-1e-05,-3e-05,-6e-05,-9e-05,-1e-05,1e-05,0.0,-1e-05,0
63665,-1e-05,-3e-05,-6e-05,-9e-05,-1e-05,1e-05,0.0,-1e-05,0
63666,-1e-05,-3e-05,-6e-05,-9e-05,-1e-05,1e-05,0.0,-1e-05,0
63667,-1e-05,-3e-05,-6e-05,-9e-05,-1e-05,1e-05,0.0,-1e-05,0
63668,-1e-05,-3e-05,-6e-05,-9e-05,-1e-05,1e-05,0.0,-1e-05,0
63669,-1e-05,-3e-05,-6e-05,-9e-05,-1e-05,1e-05,0.0,-1e-05,0
63670,-1e-05,-3e-05,-6e-05,-9e-05,-1e-05,1e-05,0.0,-1e-05,0
63671,-1e-05,-3e-05,-6e-05,-9e-05,-1e-05,1e-05,0.0,-1e-05,0
63672,-1e-05,-3e-05,-6e-05,-9e-05,-1e-05,1e-05,0.0,-1e-05,0
63673,-1e-05,-3e-05,-6e-05,-9e-05,-1e-05,1e-05,0.0,-1e-05,0
63674,-1e-05,-3e-05,-6e-05,-9e-05,-1e-05,1e-05,0.0,-1e-05,0
63675,-1e-05,-3e-05,-6e-05,-9e-05,-1e-05,1e-05,0.0,-1e-05,0
63676,-1e-05,-3e-05,-6e-05,-9e-05,-1e-05,1e-05,0.0,-1e-05,0
63677,-1e-05,-3e-05,-6e-05,-9e-05,-1e-05,1e-05,0.0,-1e-05,0
63678,1e-05,2e-05,3e-05,-2e-05,-2e-05,-1e-05,0.0,-1e-05,0
63679,1e-05,2e-05,3e-05,-2e-05,-2e-05,-1e-05,0.0,-1e-05,0
63680,-1e-05,-4e-05,-3e-05,5e-05,-2e-05,-1e-05,-1e-05,-3e-05,0
63681,-1e-05,-4e-05,-3e-05,5e-05,-2e-05,-1e-05,-1e-05,-3e-05,0
63682,-1e-05,-4e-05,-3e-05,5e-05,-2e-05,-1e-05,-1e-05,-3e-05,0
63683,-1e-05,-4e-05,-3e-05,5e-05,-2e-05,-1e-05,-1e-05,-3e-05,0
63684,-1e-05,-4e-05,-3e-05,5e-05,-2e-05,-1e-05,-1e-05,-3e-05,0
63685,-1e-05,-4e-05,-3e-05,5e-05,-2e-05,-1e-05,-1e-05,-3e-05,0
63686,-1e-05,-4e-05,-3e-05,5e-05,-2e-05,-1e-05,-1e-05,-3e-05,0
63688,-1e-05,-4e-05,-3e-05,5e-05,-2e-05,-1e-05,-1e-05,-3e-05,0
63689,-1e-05,-4e-05,-3e-05,5e-05,-2e-05,-1e-05,-1e-05,-3e-05,0
63690,-1e-05,-4e-05,-3e-05,5e-05,-2e-05,-1e-05,-1e-05,-3e-05,0
63691,-1e-05,-4e-05,-3e-05,5e-05,-2e-05,-1e-05,-1e-05,-3e-05,0
63692,-1e-05,-4e-05,-3e-05,5e-05,-2e-05,-1e-05,-1e-05,-3e-05,0
63693,-1e-05,-4e-05,-3e-05,5e-05,-2e-05,-1e-05,-1e-05,-3e-05,0
63694,-1e-05,-4e-05,-3e-05,5e-05,-2e-05,-1e-05,-1e-05,-3e-05,0
63695,-1e-05,-4e-05,-3e-05,5e-05,-2e-05,-1e-05,-1e-05,-3e-05,0
63696,-1e-05,-4e-05,-3e-05,5e-05,-2e-05,-1e-05,-1e-05,-3e-05,0
63697,-1e-05,-4e-05,-3e-05,5e-05,-2e-05,-1e-05,-1e-05,-3e-05,0
63698,-1e-05,-4e-05,-3e-05,5e-05,-2e-05,-1e-05,-1e-05,-3e-05,0
63699,-1e-05,-4e-05,-3e-05,5e-05,-2e-05,-1e-05,-1e-05,-3e-05,0
63700,-1e-05,-4e-05,-3e-05,5e-05,-2e-05,-1e-05,-1e-05,-3e-05,0
63701,0.0,1e-05,0.0,2e-05,1e-05,-1e-05,-1e-05,-1e-05,0
63702,0.0,1e-05,2e-05,-1e-05,-2e-05,0.0,-1e-05,0.0,0
63703,-2e-05,-2e-05,0.0,-4e-05,1e-05,-1e-05,1e-05,-1e-05,0
63704,-2e-05,-2e-05,0.0,-4e-05,1e-05,-1e-05,1e-05,-1e-05,0
63705,-2e-05,-2e-05,0.0,-4e-05,1e-05,-1e-05,1e-05,-1e-05,0
63706,-2e-05,-2e-05,0.0,-4e-05,1e-05,-1e-05,1e-05,-1e-05,0
63707,-2e-05,-2e-05,0.0,-4e-05,1e-05,-1e-05,1e-05,-1e-05,0
63708,-2e-05,-2e-05,0.0,-4e-05,1e-05,-1e-05,1e-05,-1e-05,0
63709,-2e-05,-2e-05,0.0,-4e-05,1e-05,-1e-05,1e-05,-1e-05,0
63710,-2e-05,-2e-05,0.0,-4e-05,1e-05,-1e-05,1e-05,-1e-05,0
63711,-2e-05,-2e-05,0.0,-4e-05,1e-05,-1e-05,1e-05,-1e-05,0
63712,-2e-05,-2e-05,0.0,-4e-05,1e-05,-1e-05,1e-05,-1e-05,0
63713,-2e-05,-2e-05,0.0,-4e-05,1e-05,-1e-05,1e-05,-1e-05,0
63714,-2e-05,-2e-05,0.0,-4e-05,1e-05,-1e-05,1e-05,-1e-05,0
63715,-3e-05,-3e-05,-3e-05,3e-05,1e-05,-2e-05,-1e-05,0.0,0
63716,-3e-05,-3e-05,-3e-05,3e-05,1e-05,-2e-05,-1e-05,0.0,0
63717,-3e-05,-3e-05,-3e-05,3e-05,1e-05,-2e-05,-1e-05,0.0,0
63718,-3e-05,-3e-05,-3e-05,3e-05,1e-05,-2e-05,-1e-05,0.0,0
63719,-3e-05,-3e-05,-3e-05,3e-05,1e-05,-2e-05,-1e-05,0.0,0
63720,-3e-05,-3e-05,-3e-05,3e-05,1e-05,-2e-05,-1e-05,0.0,0
63721,-3e-05,-3e-05,-3e-05,3e-05,1e-05,-2e-05,-1e-05,0.0,0
63722,-3e-05,-3e-05,-3e-05,3e-05,1e-05,-2e-05,-1e-05,0.0,0
63723,-3e-05,-3e-05,-3e-05,3e-05,1e-05,-2e-05,-1e-05,0.0,0
63724,1e-05,0.0,3e-05,3e-05,-3e-05,0.0,-2e-05,-2e-05,0
63725,1e-05,0.0,3e-05,3e-05,-3e-05,0.0,-2e-05,-2e-05,0
63726,1e-05,0.0,3e-05,3e-05,-3e-05,0.0,-2e-05,-2e-05,0
63727,1e-05,0.0,3e-05,3e-05,-3e-05,0.0,-2e-05,-2e-05,0
63728,1e-05,0.0,3e-05,3e-05,-3e-05,0.0,-2e-05,-2e-05,0
63729,1e-05,0.0,3e-05,3e-05,-3e-05,0.0,-2e-05,-2e-05,0
63730,1e-05,0.0,3e-05,3e-05,-3e-05,0.0,-2e-05,-2e-05,0
63731,1e-05,0.0,3e-05,3e-05,-3e-05,0.0,-2e-05,-2e-05,0
63732,1e-05,0.0,3e-05,3e-05,-3e-05,0.0,-2e-05,-2e-05,0
63733,1e-05,0.0,3e-05,3e-05,-3e-05,0.0,-2e-05,-2e-05,0
63734,1e-05,0.0,3e-05,3e-05,-3e-05,0.0,-2e-05,-2e-05,0
63735,1e-05,0.0,3e-05,3e-05,-3e-05,0.0,-2e-05,-2e-05,0
63736,1e-05,0.0,3e-05,3e-05,-3e-05,0.0,-2e-05,-2e-05,0
63738,-3e-05,-2e-05,-1e-05,-5e-05,0.0,0.0,0.0,1e-05,0
63739,0.0,0.0,-5e-05,4e-05,-2e-05,0.0,0.0,-1e-05,0
63740,-4e-05,-5e-05,-7e-05,3e-05,-1e-05,-3e-05,-2e-05,-3e-05,0
63741,-4e-05,-5e-05,-7e-05,3e-05,-1e-05,-3e-05,-2e-05,-3e-05,0
63742,-4e-05,-5e-05,-7e-05,3e-05,-1e-05,-3e-05,-2e-05,-3e-05,0
63743,-4e-05,-5e-05,-7e-05,3e-05,-1e-05,-3e-05,-2e-05,-3e-05,0
63744,-4e-05,-5e-05,-7e-05,3e-05,-1e-05,-3e-05,-2e-05,-3e-05,0
63745,-4e-05,-5e-05,-7e-05,3e-05,-1e-05,-3e-05,-2e-05,-3e-05,0
63746,-4e-05,-5e-05,-7e-05,3e-05,-1e-05,-3e-05,-2e-05,-3e-05,0
63747,-4e-05,-5e-05,-7e-05,3e-05,-1e-05,-3e-05,-2e-05,-3e-05,0
63748,-4e-05,-5e-05,-7e-05,3e-05,-1e-05,-3e-05,-2e-05,-3e-05,0
63749,-4e-05,-5e-05,-7e-05,3e-05,-1e-05,-3e-05,-2e-05,-3e-05,0
63750,-4e-05,-5e-05,-7e-05,3e-05,-1e-05,-3e-05,-2e-05,-3e-05,0
63751,-4e-05,-5e-05,-7e-05,3e-05,-1e-05,-3e-05,-2e-05,-3e-05,0
63752,-4e-05,-5e-05,-7e-05,3e-05,-1e-05,-3e-05,-2e-05,-3e-05,0
63753,-4e-05,-5e-05,-7e-05,3e-05,-1e-05,-3e-05,-2e-05,-3e-05,0
63754,-4e-05,-5e-05,-7e-05,3e-05,-1e-05,-3e-05,-2e-05,-3e-05,0
63755,-4e-05,-5e-05,-7e-05,3e-05,-1e-05,-3e-05,-2e-05,-3e-05,0
63756,-4e-05,-5e-05,-7e-05,3e-05,-1e-05,-3e-05,-2e-05,-3e-05,0
63757,-4e-05,-5e-05,-7e-05,3e-05,-1e-05,-3e-05,-2e-05,-3e-05,0
63758,-4e-05,-5e-05,-7e-05,3e-05,-1e-05,-3e-05,-2e-05,-3e-05,0
63759,-4e-05,-5e-05,-7e-05,3e-05,-1e-05,-3e-05,-2e-05,-3e-05,0
63760,-4e-05,-5e-05,-7e-05,3e-05,-1e-05,-3e-05,-2e-05,-3e-05,0
63761,0.0,1e-05,4e-05,1e-05,3e-05,-1e-05,-1e-05,-1e-05,0
63762,2e-05,4e-05,6e-05,2e-05,0.0,0.0,-1e-05,-2e-05,0
63763,0.0,-7e-05,-5e-05,-7e-05,-3e-05,1e-05,1e-05,2e-05,0
63764,0.0,-7e-05,-5e-05,-7e-05,-3e-05,1e-05,1e-05,2e-05,0
63765,0.0,-7e-05,-5e-05,-7e-05,-3e-05,1e-05,1e-05,2e-05,0
63766,0.0,-7e-05,-5e-05,-7e-05,-3e-05,1e-05,1e-05,2e-05,0
63767,0.0,-7e-05,-5e-05,-7e-05,-3e-05,1e-05,1e-05,2e-05,0
63768,0.0,-7e-05,-5e-05,-7e-05,-3e-05,1e-05,1e-05,2e-05,0
63769,0.0,-7e-05,-5e-05,-7e-05,-3e-05,1e-05,1e-05,2e-05,0
63770,0.0,-7e-05,-5e-05,-7e-05,-3e-05,1e-05,1e-05,2e-05,0
63771,0.0,-7e-05,-5e-05,-7e-05,-3e-05,1e-05,1e-05,2e-05,0
63772,0.0,-7e-05,-5e-05,-7e-05,-3e-05,1e-05,1e-05,2e-05,0
63774,0.0,-7e-05,-5e-05,-7e-05,-3e-05,1e-05,1e-05,2e-05,0
63775,-1e-05,-3e-05,0.0,1e-05,-2e-05,-1e-05,0.0,0.0,0
63776,-1e-05,-3e-05,0.0,1e-05,-2e-05,-1e-05,0.0,0.0,0
63777,-1e-05,-3e-05,0.0,1e-05,-2e-05,-1e-05,0.0,0.0,0
63778,-1e-05,-3e-05,0.0,1e-05,-2e-05,-1e-05,0.0,0.0,0
63779,-1e-05,-3e-05,0.0,1e-05,-2e-05,-1e-05,0.0,0.0,0
63780,-1e-05,-3e-05,0.0,1e-05,-2e-05,-1e-05,0.0,0.0,0
63781,-1e-05,-3e-05,0.0,1e-05,-2e-05,-1e-05,0.0,0.0,0
63782,-1e-05,-3e-05,0.0,1e-05,-2e-05,-1e-05,0.0,0.0,0
63783,-1e-05,-3e-05,0.0,1e-05,-2e-05,-1e-05,0.0,0.0,0
63784,1e-05,6e-05,1e-05,-3e-05,2e-05,-1e-05,-3e-05,-1e-05,0
63785,1e-05,6e-05,1e-05,-3e-05,2e-05,-1e-05,-3e-05,-1e-05,0
63786,1e-05,6e-05,1e-05,-3e-05,2e-05,-1e-05,-3e-05,-1e-05,0
63788,1e-05,6e-05,1e-05,-3e-05,2e-05,-1e-05,-3e-05,-1e-05,0
63789,1e-05,6e-05,1e-05,-3e-05,2e-05,-1e-05,-3e-05,-1e-05,0
63790,1e-05,6e-05,1e-05,-3e-05,2e-05,-1e-05,-3e-05,-1e-05,0
63791,1e-05,6e-05,1e-05,-3e-05,2e-05,-1e-05,-3e-05,-1e-05,0
63792,1e-05,6e-05,1e-05,-3e-05,2e-05,-1e-05,-3e-05,-1e-05,0
63793,1e-05,6e-05,1e-05,-3e-05,2e-05,-1e-05,-3e-05,-1e-05,0
63794,1e-05,6e-05,1e-05,-3e-05,2e-05,-1e-05,-3e-05,-1e-05,0
63795,1e-05,6e-05,1e-05,-3e-05,2e-05,-1e-05,-3e-05,-1e-05,0
63796,1e-05,6e-05,1e-05,-3e-05,2e-05,-1e-05,-3e-05,-1e-05,0
63797,1e-05,6e-05,1e-05,-3e-05,2e-05,-1e-05,-3e-05,-1e-05,0
63798,-2e-05,-2e-05,0.0,8e-05,2e-05,-1e-05,1e-05,-2e-05,0
63799,-2e-05,-4e-05,-1e-05,-5e-05,-3e-05,-2e-05,0.0,-1e-05,0
63800,-2e-05,1e-05,0.0,1e-05,0.0,1e-05,-1e-05,1e-05,0
63801,-2e-05,1e-05,0.0,1e-05,0.0,1e-05,-1e-05,1e-05,0
63802,-2e-05,1e-05,0.0,1e-05,0.0,1e-05,-1e-05,1e-05,0
63803,-2e-05,1e-05,0.0,1e-05,0.0,1e-05,-1e-05,1e-05,0
63804,-2e-05,1e-05,0.0,1e-05,0.0,1e-05,-1e-05,1e-05,0
63805,-2e-05,1e-05,0.0,1e-05,0.0,1e-05,-1e-05,1e-05,0
63806,-2e-05,1e-05,0.0,1e-05,0.0,1e-05,-1e-05,1e-05,0
63807,-2e-05,1e-05,0.0,1e-05,0.0,1e-05,-1e-05,1e-05,0
63808,-2e-05,1e-05,0.0,1e-05,0.0,1e-05,-1e-05,1e-05,0
63809,-2e-05,1e-05,0.0,1e-05,0.0,1e-05,-1e-05,1e-05,0
63810,-2e-05,1e-05,0.0,1e-05,0.0,1e-05,-1e-05,1e-05,0
63811,-2e-05,1e-05,0.0,1e-05,0.0,1e-05,-1e-05,1e-05,0
63812,-2e-05,1e-05,0.0,1e-05,0.0,1e-05,-1e-05,1e-05,0
63813,-2e-05,1e-05,0.0,1e-05,0.0,1e-05,-1e-05,1e-05,0
63814,-2e-05,1e-05,0.0,1e-05,0.0,1e-05,-1e-05,1e-05,0
63815,-2e-05,1e-05,0.0,1e-05,0.0,1e-05,-1e-05,1e-05,0
63816,-2e-05,1e-05,0.0,1e-05,0.0,1e-05,-1e-05,1e-05,0
63817,-2e-05,1e-05,0.0,1e-05,0.0,1e-05,-1e-05,1e-05,0
63819,-2e-05,1e-05,0.0,1e-05,0.0,1e-05,-1e-05,1e-05,0
63820,-2e-05,1e-05,0.0,1e-05,0.0,1e-05,-1e-05,1e-05,0
63823,-1e-05,-2e-05,-5e-05,0.0,-1e-05,-3e-05,-1e-05,0.0,0
63824,-2e-05,-2e-05,-3e-05,-8e-05,-2e-05,-2e-05,-1e-05,-1e-05,0
63825,-2e-05,-2e-05,-3e-05,-8e-05,-2e-05,-2e-05,-1e-05,-1e-05,0
63826,-2e-05,-2e-05,-3e-05,-8e-05,-2e-05,-2e-05,-1e-05,-1e-05,0
63827,-2e-05,-2e-05,-3e-05,-8e-05,-2e-05,-2e-05,-1e-05,-1e-05,0
63828,-2e-05,-2e-05,-3e-05,-8e-05,-2e-05,-2e-05,-1e-05,-1e-05,0
63829,-2e-05,-2e-05,-3e-05,-8e-05,-2e-05,-2e-05,-1e-05,-1e-05,0
63830,-2e-05,-2e-05,-3e-05,-8e-05,-2e-05,-2e-05,-1e-05,-1e-05,0
63831,-2e-05,-2e-05,-3e-05,-8e-05,-2e-05,-2e-05,-1e-05,-1e-05,0
63832,-2e-05,-2e-05,-3e-05,-8e-05,-2e-05,-2e-05,-1e-05,-1e-05,0
63833,-2e-05,-2e-05,-3e-05,-8e-05,-2e-05,-2e-05,-1e-05,-1e-05,0
63834,-2e-05,-2e-05,-3e-05,-8e-05,-2e-05,-2e-05,-1e-05,-1e-05,0
63835,-2e-05,-2e-05,-3e-05,-8e-05,-2e-05,-2e-05,-1e-05,-1e-05,0
63836,-2e-05,-2e-05,-3e-05,-8e-05,-2e-05,-2e-05,-1e-05,-1e-05,0
63838,-2e-05,-2e-05,-3e-05,-8e-05,-2e-05,-2e-05,-1e-05,-1e-05,0
63839,-2e-05,-2e-05,-3e-05,-8e-05,-2e-05,-2e-05,-1e-05,-1e-05,0
63840,-2e-05,-2e-05,-3e-05,-8e-05,-2e-05,-2e-05,-1e-05,-1e-05,0
63841,-2e-05,-2e-05,-3e-05,-8e-05,-2e-05,-2e-05,-1e-05,-1e-05,0
63842,-2e-05,-2e-05,-3e-05,-8e-05,-2e-05,-2e-05,-1e-05,-1e-05,0
63843,-2e-05,-2e-05,-3e-05,-8e-05,-2e-05,-2e-05,-1e-05,-1e-05,0
63844,0.0,1e-05,-5e-05,-4e-05,-1e-05,-1e-05,-2e-05,-2e-05,0
63845,-1e-05,1e-05,3e-05,4e-05,-1e-05,-2e-05,1e-05,1e-05,0
63846,-1e-05,1e-05,3e-05,4e-05,-1e-05,-2e-05,1e-05,1e-05,0
63847,-1e-05,1e-05,3e-05,4e-05,-1e-05,-2e-05,1e-05,1e-05,0
63848,-1e-05,1e-05,3e-05,4e-05,-1e-05,-2e-05,1e-05,1e-05,0
63849,-1e-05,1e-05,3e-05,4e-05,-1e-05,-2e-05,1e-05,1e-05,0
63850,-1e-05,1e-05,3e-05,4e-05,-1e-05,-2e-05,1e-05,1e-05,0
63851,-1e-05,1e-05,3e-05,4e-05,-1e-05,-2e-05,1e-05,1e-05,0
63852,-1e-05,1e-05,3e-05,4e-05,-1e-05,-2e-05,1e-05,1e-05,0
63853,-1e-05,1e-05,3e-05,4e-05,-1e-05,-2e-05,1e-05,1e-05,0
63854,-1e-05,1e-05,3e-05,4e-05,-1e-05,-2e-05,1e-05,1e-05,0
63855,-1e-05,1e-05,3e-05,4e-05,-1e-05,-2e-05,1e-05,1e-05,0
63856,-1e-05,1e-05,3e-05,4e-05,-1e-05,-2e-05,1e-05,1e-05,0
63857,-1e-05,1e-05,3e-05,4e-05,-1e-05,-2e-05,1e-05,1e-05,0
63858,-4e-05,-4e-05,-5e-05,-1e-05,-2e-05,-3e-05,-1e-05,-2e-05,0
63859,-4e-05,-4e-05,-5e-05,-1e-05,-2e-05,-3e-05,-1e-05,-2e-05,0
63860,-2e-05,-3e-05,-2e-05,-3e-05,-3e-05,0.0,-3e-05,-3e-05,0
63861,-2e-05,-3e-05,-2e-05,-3e-05,-3e-05,0.0,-3e-05,-3e-05,0
63862,-2e-05,-3e-05,-2e-05,-3e-05,-3e-05,0.0,-3e-05,-3e-05,0
63863,-2e-05,-3e-05,-2e-05,-3e-05,-3e-05,0.0,-3e-05,-3e-05,0
63864,-2e-05,-3e-05,-2e-05,-3e-05,-3e-05,0.0,-3e-05,-3e-05,0
63866,-2e-05,-3e-05,-2e-05,-3e-05,-3e-05,0.0,-3e-05,-3e-05,0
63867,-2e-05,-3e-05,-2e-05,-3e-05,-3e-05,0.0,-3e-05,-3e-05,0
63868,-2e-05,-3e-05,-2e-05,-3e-05,-3e-05,0.0,-3e-05,-3e-05,0
63869,-2e-05,-3e-05,-2e-05,-3e-05,-3e-05,0.0,-3e-05,-3e-05,0
63870,-2e-05,-3e-05,-2e-05,-3e-05,-3e-05,0.0,-3e-05,-3e-05,0
63871,-2e-05,-3e-05,-2e-05,-3e-05,-3e-05,0.0,-3e-05,-3e-05,0
63872,-2e-05,-3e-05,-2e-05,-3e-05,-3e-05,0.0,-3e-05,-3e-05,0
63873,-2e-05,-3e-05,-2e-05,-3e-05,-3e-05,0.0,-3e-05,-3e-05,0
63874,-2e-05,-3e-05,-2e-05,-3e-05,-3e-05,0.0,-3e-05,-3e-05,0
63875,-2e-05,-3e-05,-2e-05,-3e-05,-3e-05,0.0,-3e-05,-3e-05,0
63876,-2e-05,-3e-05,-2e-05,-3e-05,-3e-05,0.0,-3e-05,-3e-05,0
63877,-2e-05,-3e-05,-2e-05,-3e-05,-3e-05,0.0,-3e-05,-3e-05,0
63878,-2e-05,-3e-05,-2e-05,-3e-05,-3e-05,0.0,-3e-05,-3e-05,0
63879,-2e-05,-3e-05,-2e-05,-3e-05,-3e-05,0.0,-3e-05,-3e-05,0
63880,-2e-05,-3e-05,-2e-05,-3e-05,-3e-05,0.0,-3e-05,-3e-05,0
63881,-2e-05,-2e-05,-1e-05,0.00015,1e-05,0.0,-1e-05,1e-05,0
63882,-2e-05,-2e-05,-1e-05,0.00015,1e-05,0.0,-1e-05,1e-05,0
63883,-2e-05,-1e-05,0.0,1e-05,-1e-05,-1e-05,-2e-05,0.0,0
63884,-2e-05,-1e-05,0.0,1e-05,-1e-05,-1e-05,-2e-05,0.0,0
63885,-2e-05,-1e-05,0.0,1e-05,-1e-05,-1e-05,-2e-05,0.0,0
63886,-2e-05,-1e-05,0.0,1e-05,-1e-05,-1e-05,-2e-05,0.0,0
63888,-2e-05,-1e-05,0.0,1e-05,-1e-05,-1e-05,-2e-05,0.0,0
63889,-2e-05,-1e-05,0.0,1e-05,-1e-05,-1e-05,-2e-05,0.0,0
63890,-2e-05,-1e-05,0.0,1e-05,-1e-05,-1e-05,-2e-05,0.0,0
63891,-2e-05,-1e-05,0.0,1e-05,-1e-05,-1e-05,-2e-05,0.0,0
63892,-2e-05,-1e-05,0.0,1e-05,-1e-05,-1e-05,-2e-05,0.0,0
63893,-2e-05,-1e-05,0.0,1e-05,-1e-05,-1e-05,-2e-05,0.0,0
63894,-2e-05,-1e-05,0.0,1e-05,-1e-05,-1e-05,-2e-05,0.0,0
63895,-1e-05,-2e-05,-7e-05,-0.00012,-6e-05,-2e-05,0.0,-1e-05,0
63896,-1e-05,-2e-05,-7e-05,-0.00012,-6e-05,-2e-05,0.0,-1e-05,0
63897,-1e-05,-2e-05,-7e-05,-0.00012,-6e-05,-2e-05,0.0,-1e-05,0
63898,-1e-05,-2e-05,-7e-05,-0.00012,-6e-05,-2e-05,0.0,-1e-05,0
63899,-1e-05,-2e-05,-7e-05,-0.00012,-6e-05,-2e-05,0.0,-1e-05,0
63900,-1e-05,-2e-05,-7e-05,-0.00012,-6e-05,-2e-05,0.0,-1e-05,0
63901,-1e-05,-2e-05,-7e-05,-0.00012,-6e-05,-2e-05,0.0,-1e-05,0
63902,-1e-05,-2e-05,-7e-05,-0.00012,-6e-05,-2e-05,0.0,-1e-05,0
63903,-1e-05,-2e-05,-7e-05,-0.00012,-6e-05,-2e-05,0.0,-1e-05,0
63904,0.0,-2e-05,3e-05,2e-05,1e-05,0.0,-1e-05,0.0,0
63905,0.0,-2e-05,3e-05,2e-05,1e-05,0.0,-1e-05,0.0,0
63906,0.0,-2e-05,3e-05,2e-05,1e-05,0.0,-1e-05,0.0,0
63907,0.0,-2e-05,3e-05,2e-05,1e-05,0.0,-1e-05,0.0,0
63908,0.0,-2e-05,3e-05,2e-05,1e-05,0.0,-1e-05,0.0,0
63909,0.0,-2e-05,3e-05,2e-05,1e-05,0.0,-1e-05,0.0,0
63910,0.0,-2e-05,3e-05,2e-05,1e-05,0.0,-1e-05,0.0,0
63911,0.0,-2e-05,3e-05,2e-05,1e-05,0.0,-1e-05,0.0,0
63913,0.0,-2e-05,3e-05,2e-05,1e-05,0.0,-1e-05,0.0,0
63914,0.0,-2e-05,3e-05,2e-05,1e-05,0.0,-1e-05,0.0,0
63915,0.0,-2e-05,3e-05,2e-05,1e-05,0.0,-1e-05,0.0,0
63916,0.0,-2e-05,3e-05,2e-05,1e-05,0.0,-1e-05,0.0,0
63917,0.0,-2e-05,3e-05,2e-05,1e-05,0.0,-1e-05,0.0,0
63918,0.0,-1e-05,-6e-05,-4e-05,-2e-05,-2e-05,-1e-05,-1e-05,0
63919,-1e-05,0.0,1e-05,2e-05,0.0,-3e-05,0.0,-1e-05,0
63920,0.0,2e-05,5e-05,2e-05,2e-05,0.0,-1e-05,-1e-05,0
63921,0.0,2e-05,5e-05,2e-05,2e-05,0.0,-1e-05,-1e-05,0
63922,0.0,2e-05,5e-05,2e-05,2e-05,0.0,-1e-05,-1e-05,0
63923,0.0,2e-05,5e-05,2e-05,2e-05,0.0,-1e-05,-1e-05,0
63924,0.0,2e-05,5e-05,2e-05,2e-05,0.0,-1e-05,-1e-05,0
63925,0.0,2e-05,5e-05,2e-05,2e-05,0.0,-1e-05,-1e-05,0
63926,0.0,2e-05,5e-05,2e-05,2e-05,0.0,-1e-05,-1e-05,0
63927,0.0,2e-05,5e-05,2e-05,2e-05,0.0,-1e-05,-1e-05,0
63928,0.0,2e-05,5e-05,2e-05,2e-05,0.0,-1e-05,-1e-05,0
63929,0.0,2e-05,5e-05,2e-05,2e-05,0.0,-1e-05,-1e-05,0
63931,0.0,2e-05,5e-05,2e-05,2e-05,0.0,-1e-05,-1e-05,0
63932,0.0,2e-05,5e-05,2e-05,2e-05,0.0,-1e-05,-1e-05,0
63933,0.0,2e-05,5e-05,2e-05,2e-05,0.0,-1e-05,-1e-05,0
63934,0.0,2e-05,5e-05,2e-05,2e-05,0.0,-1e-05,-1e-05,0
63935,0.0,2e-05,5e-05,2e-05,2e-05,0.0,-1e-05,-1e-05,0
63936,0.0,2e-05,5e-05,2e-05,2e-05,0.0,-1e-05,-1e-05,0
63938,0.0,2e-05,5e-05,2e-05,2e-05,0.0,-1e-05,-1e-05,0
63939,0.0,2e-05,5e-05,2e-05,2e-05,0.0,-1e-05,-1e-05,0
63940,0.0,2e-05,5e-05,2e-05,2e-05,0.0,-1e-05,-1e-05,0
63941,-2e-05,-3e-05,-5e-05,-0.0001,-3e-05,1e-05,-2e-05,0.0,0
63942,-2e-05,-3e-05,-5e-05,-0.0001,-3e-05,1e-05,-2e-05,0.0,0
63943,1e-05,1e-05,0.0,-1e-05,0.0,-1e-05,-1e-05,-1e-05,0
63944,1e-05,1e-05,0.0,-1e-05,0.0,-1e-05,-1e-05,-1e-05,0
63945,1e-05,1e-05,0.0,-1e-05,0.0,-1e-05,-1e-05,-1e-05,0
63946,1e-05,1e-05,0.0,-1e-05,0.0,-1e-05,-1e-05,-1e-05,0
63947,1e-05,1e-05,0.0,-1e-05,0.0,-1e-05,-1e-05,-1e-05,0
63948,1e-05,1e-05,0.0,-1e-05,0.0,-1e-05,-1e-05,-1e-05,0
63949,1e-05,1e-05,0.0,-1e-05,0.0,-1e-05,-1e-05,-1e-05,0
63950,1e-05,1e-05,0.0,-1e-05,0.0,-1e-05,-1e-05,-1e-05,0
63951,1e-05,1e-05,0.0,-1e-05,0.0,-1e-05,-1e-05,-1e-05,0
63952,1e-05,1e-05,0.0,-1e-05,0.0,-1e-05,-1e-05,-1e-05,0
63953,1e-05,1e-05,0.0,-1e-05,0.0,-1e-05,-1e-05,-1e-05,0
63954,1e-05,1e-05,0.0,-1e-05,0.0,-1e-05,-1e-05,-1e-05,0
63955,1e-05,2e-05,5e-05,-3e-05,-2e-05,-2e-05,-1e-05,-1e-05,0
63956,1e-05,2e-05,5e-05,-3e-05,-2e-05,-2e-05,-1e-05,-1e-05,0
